"Number","Player","Kicks","Marks","Handballs","Disposals","Goals","Behinds","Hitouts","Tackles","Rebounds50s","Inside50s","Clearances","Clangers","FreesFor","FreesAgainst","BrownlowVotes","ContestedPossessions","UncontestedPossessions","ContestedMarks","MarksInside50","OnePercenters","Bounces","GoalAssists","PercentagePlayed","PointDifference","Team","Season","Round"
4,"Ablett, Gary",16,7,10,26,2,0,0,5,2,4,2,2,1,2,3,8,19,0,1,0,0,0,88,32,"Geelong","2019",7
30,"Atkins, Tom",7,1,16,23,0,0,0,6,1,5,3,4,0,2,0,13,9,1,0,2,2,0,78,32,"Geelong","2019",7
46,"Blicavs, Mark",9,7,4,13,0,0,0,3,2,0,0,1,2,1,0,5,8,1,0,5,0,0,96,32,"Geelong","2019",7
6,"Clark, Jordan",6,4,1,7,0,1,0,5,2,0,0,1,0,1,0,0,6,0,1,0,0,0,87,32,"Geelong","2019",7
40,"Dahlhaus, Luke",9,5,13,22,1,1,0,5,0,1,2,0,0,0,0,10,12,0,3,1,0,1,80,32,"Geelong","2019",7
35,"Dangerfield, Patrick",5,4,3,8,0,1,0,1,0,2,0,2,0,0,0,1,7,1,2,2,0,0,80,32,"Geelong","2019",7
22,"Duncan, Mitch",15,10,7,22,3,0,0,4,3,2,1,1,0,1,2,3,20,0,2,4,2,2,89,32,"Geelong","2019",7
29,"Guthrie, Cameron",10,6,15,25,1,0,0,9,0,1,5,6,0,2,0,14,12,0,1,1,0,2,73,32,"Geelong","2019",7
39,"Guthrie, Zach",11,5,2,13,0,0,0,1,2,2,3,2,0,0,0,3,9,0,0,0,0,0,78,32,"Geelong","2019",7
26,"Hawkins, Tom",14,10,5,19,2,0,2,3,0,3,0,2,0,1,0,5,14,2,3,4,0,1,85,32,"Geelong","2019",7
38,"Henry, Jack",13,9,3,16,0,0,0,1,4,2,0,0,0,0,0,4,12,2,0,6,0,1,82,32,"Geelong","2019",7
11,"Kelly, Tim",19,4,11,30,2,0,0,2,3,5,10,6,2,0,1,14,16,0,2,1,1,2,92,32,"Geelong","2019",7
8,"Kolodjashnij, Jake",12,11,3,15,0,0,0,1,4,0,0,0,1,0,0,8,9,4,0,4,0,0,93,32,"Geelong","2019",7
27,"Menegola, Sam",16,8,12,28,0,0,0,3,4,5,2,1,1,0,0,10,17,3,0,2,0,1,72,32,"Geelong","2019",7
32,"Miers, Gryan",13,5,12,25,1,0,0,2,1,2,0,2,1,0,0,5,19,0,1,0,2,1,93,32,"Geelong","2019",7
42,"OConnor, Mark",5,4,8,13,0,0,0,3,3,0,0,2,0,1,0,5,8,0,0,2,0,0,88,32,"Geelong","2019",7
3,"Parfitt, Brandan",6,1,9,15,0,0,0,8,2,3,1,2,1,1,0,5,11,0,0,3,0,0,69,32,"Geelong","2019",7
17,"Ratugolea, Esava",2,1,2,4,0,0,3,2,0,0,0,1,0,0,0,2,1,1,0,0,0,0,43,32,"Geelong","2019",7
23,"Rohan, Gary",8,4,0,8,1,1,0,3,0,3,0,0,0,0,0,3,5,0,0,0,0,0,79,32,"Geelong","2019",7
1,"Stanley, Rhys",10,5,7,17,0,1,32,2,0,3,1,2,1,0,0,5,12,2,1,4,0,0,90,32,"Geelong","2019",7
44,"Stewart, Tom",21,9,4,25,0,0,0,0,8,1,0,4,3,1,0,8,12,1,0,4,0,0,80,32,"Geelong","2019",7
7,"Taylor, Harry",7,4,5,12,0,1,0,2,0,2,2,1,0,0,0,6,6,2,0,3,1,1,87,32,"Geelong","2019",7
0,"Rushed",0,0,0,0,0,2,0,0,0,0,0,0,0,0,0,0,0,0,0,0,0,0,0,32,"Geelong","2019",7
29,"Ambrose, Patrick",5,2,3,8,0,0,0,2,2,0,0,2,0,0,0,0,6,0,0,2,0,0,89,-32,"Essendon","2019",7
12,"Baguley, Mark",4,1,4,8,1,0,0,6,0,1,0,2,0,1,0,3,4,0,0,1,0,0,92,-32,"Essendon","2019",7
2,"Bellchambers, Tom",6,2,5,11,1,0,21,2,0,2,4,3,1,1,0,9,3,1,0,2,0,0,74,-32,"Essendon","2019",7
6,"Daniher, Joe",4,3,5,9,1,0,4,1,0,3,2,3,0,2,0,3,7,0,0,4,0,0,91,-32,"Essendon","2019",7
10,"Francis, Aaron",9,7,3,12,0,2,0,2,0,2,0,1,2,0,0,5,9,1,2,4,0,1,92,-32,"Essendon","2019",7
35,"Guelfi, Matt",4,4,5,9,0,0,0,3,0,2,1,1,1,1,0,7,5,1,0,3,0,1,71,-32,"Essendon","2019",7
21,"Heppell, Dyson",13,6,11,24,0,0,0,2,0,4,4,6,2,0,0,13,11,2,1,1,0,0,79,-32,"Essendon","2019",7
26,"Hooker, Cale",12,6,6,18,0,0,0,1,6,0,1,3,0,0,0,8,9,2,0,5,0,0,88,-32,"Essendon","2019",7
18,"Hurley, Michael",13,9,8,21,0,0,0,0,6,0,0,3,0,0,0,4,17,1,0,3,1,0,97,-32,"Essendon","2019",7
4,"Langford, Kyle",10,8,6,16,0,2,0,3,2,3,1,2,1,1,0,4,13,0,2,0,0,0,72,-32,"Essendon","2019",7
43,"McDonald-Tipungwuti, Anthony",3,1,6,9,0,0,0,4,0,2,1,2,1,2,0,5,3,1,0,3,0,0,80,-32,"Essendon","2019",7
1,"McGrath, Andrew",8,4,9,17,0,1,0,8,1,1,1,0,1,0,0,7,11,1,0,1,1,0,73,-32,"Essendon","2019",7
45,"McKenna, Conor",10,3,10,20,0,0,0,0,3,0,1,6,0,2,0,5,12,0,0,2,3,0,91,-32,"Essendon","2019",7
7,"Merrett, Zach",13,7,16,29,0,0,0,3,0,4,5,2,0,0,0,9,21,1,0,1,0,0,82,-32,"Essendon","2019",7
3,"Parish, Darcy",10,3,15,25,1,1,0,3,1,6,3,1,2,0,0,12,12,0,1,3,0,0,78,-32,"Essendon","2019",7
27,"Redman, Mason",7,3,5,12,0,0,0,4,1,0,1,0,0,0,0,4,9,0,0,7,0,0,78,-32,"Essendon","2019",7
14,"Ridley, Jordan",9,6,4,13,0,0,0,2,2,2,0,0,0,0,0,2,10,1,0,4,0,0,74,-32,"Essendon","2019",7
42,"Saad, Adam",9,4,10,19,0,0,0,2,1,2,0,1,0,0,0,5,13,0,0,3,2,0,83,-32,"Essendon","2019",7
9,"Shiel, Dylan",11,3,22,33,0,0,0,4,3,4,6,4,2,0,0,12,20,0,0,0,3,1,78,-32,"Essendon","2019",7
5,"Smith, Devon",18,3,6,24,0,1,0,4,2,8,4,8,0,2,0,5,19,0,0,0,4,1,78,-32,"Essendon","2019",7
25,"Stringer, Jake",12,5,6,18,3,2,0,2,1,3,1,3,0,1,0,6,12,1,2,1,0,0,88,-32,"Essendon","2019",7
11,"Zaharakis, David",9,4,7,16,0,0,0,1,2,0,1,0,0,0,0,3,15,0,0,1,0,0,74,-32,"Essendon","2019",7
0,"Rushed",0,0,0,0,0,3,0,0,0,0,0,0,0,0,0,0,0,0,0,0,0,0,0,-32,"Essendon","2019",7
