"Number","Player","Kicks","Marks","Handballs","Disposals","Goals","Behinds","Hitouts","Tackles","Rebounds50s","Inside50s","Clearances","Clangers","FreesFor","FreesAgainst","BrownlowVotes","ContestedPossessions","UncontestedPossessions","ContestedMarks","MarksInside50","OnePercenters","Bounces","GoalAssists","PercentagePlayed","PointDifference","Team","Season","Round"
21,"Buntine, Matt",9,3,4,13,0,1,0,0,3,2,2,3,1,1,0,9,5,1,0,4,0,0,87,44,"Greater Western Sydney","2019",7
18,"Cameron, Jeremy",14,11,1,15,6,1,0,0,0,3,0,4,1,2,3,9,7,6,5,0,0,0,83,44,"Greater Western Sydney","2019",7
3,"Coniglio, Stephen",16,2,6,22,1,1,0,3,0,5,4,2,0,1,0,7,15,0,1,1,0,1,87,44,"Greater Western Sydney","2019",7
35,"Corr, Aidan",3,2,3,6,0,0,0,3,2,0,0,1,0,1,0,3,3,1,0,4,0,0,66,44,"Greater Western Sydney","2019",7
13,"Cumming, Isaac",6,2,4,10,0,0,0,0,0,1,0,0,1,0,0,5,5,1,0,1,0,0,83,44,"Greater Western Sydney","2019",7
16,"Daniels, Brent",8,7,8,16,0,0,0,0,2,3,0,3,0,1,0,4,11,1,1,2,0,3,76,44,"Greater Western Sydney","2019",7
24,"de Boer, Matt",3,2,14,17,1,0,0,6,1,2,6,2,1,0,0,10,7,0,0,0,0,0,87,44,"Greater Western Sydney","2019",7
31,"Finlayson, Jeremy",7,4,1,8,2,0,0,1,0,3,0,1,0,0,0,5,4,1,1,2,0,2,88,44,"Greater Western Sydney","2019",7
4,"Greene, Toby",12,5,7,19,2,0,0,1,0,5,2,3,3,1,0,7,12,1,0,0,0,1,78,44,"Greater Western Sydney","2019",7
9,"Hately, Jackson",11,6,10,21,0,0,0,3,2,2,1,3,0,1,0,6,15,0,0,1,0,0,84,44,"Greater Western Sydney","2019",7
19,"Haynes, Nick",21,9,5,26,0,0,0,2,10,1,1,3,3,0,1,12,13,3,0,3,1,0,83,44,"Greater Western Sydney","2019",7
27,"Himmelberg, Harry",7,2,6,13,2,0,0,1,0,1,1,4,2,2,0,7,6,2,1,7,0,1,93,44,"Greater Western Sydney","2019",7
2,"Hopper, Jacob",15,4,8,23,0,1,0,5,0,2,6,3,3,0,0,16,7,0,1,1,0,1,77,44,"Greater Western Sydney","2019",7
40,"Kennedy, Adam",5,3,5,10,0,0,0,0,1,2,1,0,0,0,0,4,6,0,1,0,0,1,28,44,"Greater Western Sydney","2019",7
38,"Lloyd, Daniel",8,5,5,13,1,0,0,4,0,1,2,3,0,1,0,2,10,0,1,1,0,0,89,44,"Greater Western Sydney","2019",7
41,"Mumford, Shane",4,1,6,10,0,1,49,3,2,2,7,11,2,9,0,8,3,0,0,4,0,2,88,44,"Greater Western Sydney","2019",7
50,"Reid, Sam",17,10,7,24,1,0,0,2,3,3,1,3,1,2,0,6,16,0,0,4,0,0,96,44,"Greater Western Sydney","2019",7
23,"Shaw, Heath",16,5,2,18,0,0,0,2,10,0,0,4,0,1,0,4,10,0,0,2,6,0,91,44,"Greater Western Sydney","2019",7
14,"Taranto, Tim",19,5,9,28,1,1,0,3,1,4,5,5,2,2,0,10,17,0,0,0,0,0,84,44,"Greater Western Sydney","2019",7
15,"Taylor, Sam",4,5,8,12,0,0,0,1,2,0,0,1,0,0,0,6,8,2,0,8,0,0,83,44,"Greater Western Sydney","2019",7
20,"Tomlinson, Adam",8,7,7,15,1,0,1,5,1,0,2,0,0,0,0,4,12,1,1,6,0,0,92,44,"Greater Western Sydney","2019",7
29,"Williams, Zac",25,8,5,30,0,0,0,1,12,0,3,3,2,1,2,10,19,0,0,3,2,0,79,44,"Greater Western Sydney","2019",7
0,"Totals",238,108,131,369,18,6,50,46,52,42,44,62,22,26,6,154,211,20,13,54,9,12,0,44,"Greater Western Sydney","2019",7
8,"Acres, Blake",5,0,4,9,1,0,1,3,0,1,1,2,0,0,0,5,6,0,0,3,0,1,69,-44,"St Kilda","2019",7
26,"Battle, Josh",8,2,5,13,0,0,0,0,2,1,0,0,2,0,0,5,7,1,0,0,1,0,91,-44,"St Kilda","2019",7
15,"Billings, Jack",8,6,11,19,0,0,0,2,2,2,2,1,0,0,0,7,10,2,0,2,0,1,91,-44,"St Kilda","2019",7
27,"Bruce, Josh",5,3,2,7,0,1,2,1,0,3,1,2,1,1,0,5,4,2,0,1,0,0,87,-44,"St Kilda","2019",7
11,"Clark, Hunter",4,2,6,10,0,0,0,6,0,2,1,1,0,0,0,5,5,0,0,1,0,0,68,-44,"St Kilda","2019",7
4,"Gresham, Jade",10,2,8,18,0,0,0,1,0,5,4,8,1,4,0,12,9,0,1,1,1,0,85,-44,"St Kilda","2019",7
39,"Joyce, Darragh",6,0,5,11,0,0,0,2,2,2,1,1,1,1,0,4,5,0,0,5,0,0,89,-44,"St Kilda","2019",7
25,"Kent, Dean",12,8,4,16,2,4,0,4,0,3,0,2,1,1,0,5,12,0,5,4,0,0,79,-44,"St Kilda","2019",7
21,"Long, Ben",1,1,4,5,0,0,0,0,0,1,1,0,0,0,0,3,2,0,0,1,1,0,73,-44,"St Kilda","2019",7
43,"Marsh, Jonathon",5,3,1,6,1,1,0,1,0,3,0,0,1,0,0,6,0,3,2,0,0,0,76,-44,"St Kilda","2019",7
19,"Marshall, Rowan",15,1,7,22,2,0,27,3,0,4,9,3,6,2,0,14,8,0,0,1,0,0,81,-44,"St Kilda","2019",7
36,"McKenzie, Daniel",4,3,6,10,0,0,0,2,1,1,0,2,0,1,0,5,5,2,0,3,0,0,80,-44,"St Kilda","2019",7
28,"Membrey, Tim",7,4,3,10,1,0,0,1,0,1,0,0,0,0,0,2,8,0,1,3,0,0,90,-44,"St Kilda","2019",7
16,"Newnes, Jack",15,5,4,19,0,1,0,3,3,6,1,4,4,1,0,10,13,1,0,2,0,2,83,-44,"St Kilda","2019",7
34,"Parker, Matthew",8,2,4,12,2,1,0,2,0,3,0,2,3,1,0,8,4,0,1,0,0,0,81,-44,"St Kilda","2019",7
33,"Paton, Ben",6,2,8,14,0,0,0,0,2,1,1,0,2,0,0,5,8,0,0,2,3,0,81,-44,"St Kilda","2019",7
6,"Ross, Sebastian",15,1,11,26,0,1,0,5,2,8,9,6,1,2,0,11,15,0,0,1,4,1,88,-44,"St Kilda","2019",7
5,"Savage, Shane",12,5,7,19,0,0,0,4,3,4,0,2,0,1,0,3,12,2,0,1,3,0,90,-44,"St Kilda","2019",7
35,"Sinclair, Jack",11,5,4,15,1,0,0,2,1,5,4,3,0,1,0,7,9,1,0,3,1,0,82,-44,"St Kilda","2019",7
9,"Steele, Jack",11,3,13,24,0,0,0,3,2,3,4,5,0,3,0,8,15,0,0,0,0,1,75,-44,"St Kilda","2019",7
29,"Webster, Jimmy",6,2,3,9,0,0,0,0,2,1,0,1,1,1,0,1,11,0,0,2,0,0,63,-44,"St Kilda","2019",7
44,"Wilkie, Callum",6,1,7,13,0,0,0,0,1,2,0,3,2,2,0,10,3,1,0,3,2,0,98,-44,"St Kilda","2019",7
0,"Rushed",0,0,0,0,0,1,0,0,0,0,0,0,0,0,0,0,0,0,0,0,0,0,0,-44,"St Kilda","2019",7
