"Number","Player","Kicks","Marks","Handballs","Disposals","Goals","Behinds","Hitouts","Tackles","Rebounds50s","Inside50s","Clearances","Clangers","FreesFor","FreesAgainst","BrownlowVotes","ContestedPossessions","UncontestedPossessions","ContestedMarks","MarksInside50","OnePercenters","Bounces","GoalAssists","PercentagePlayed","PointDifference","Team","Season","Round"
10,"Ballard, Charlie",11,6,5,16,0,0,0,0,5,2,0,3,0,2,0,4,10,0,0,5,0,0,92,-27,"Gold Coast","2019",12
7,"Brodie, Will",19,9,10,29,1,0,0,9,4,4,6,4,2,2,0,10,17,0,0,2,0,0,82,-27,"Gold Coast","2019",12
29,"Burgess, Chris",2,3,6,8,0,0,0,1,3,0,0,1,0,1,0,6,2,2,0,13,0,0,77,-27,"Gold Coast","2019",12
19,"Corbett, Josh",1,3,4,5,0,1,0,0,0,0,0,2,0,2,0,2,4,1,1,0,0,0,79,-27,"Gold Coast","2019",12
8,"Fiorini, Brayden",18,6,13,31,0,0,0,2,2,2,4,2,1,0,0,8,22,0,0,1,2,0,86,-27,"Gold Coast","2019",12
5,"Harbrow, Jarrod",23,5,4,27,0,0,0,1,10,3,0,1,2,0,0,11,14,0,0,2,0,0,88,-27,"Gold Coast","2019",12
39,"Holman, Nick",7,3,8,15,0,1,0,4,0,2,2,2,2,2,0,8,7,1,2,2,0,1,85,-27,"Gold Coast","2019",12
20,"Hombsch, Jack",7,3,3,10,0,0,0,2,3,0,0,3,1,2,0,5,4,1,0,9,0,0,86,-27,"Gold Coast","2019",12
38,"Joyce, Jesse",10,5,4,14,1,0,0,2,1,0,0,3,1,2,0,3,11,1,1,4,0,0,81,-27,"Gold Coast","2019",12
34,"King, Ben",5,3,3,8,2,1,0,0,0,3,0,1,0,0,0,3,4,0,2,3,0,0,71,-27,"Gold Coast","2019",12
41,"Lukosius, Jack",11,6,1,12,1,0,0,0,2,0,0,2,0,1,0,4,9,1,1,2,0,0,74,-27,"Gold Coast","2019",12
44,"Macpherson, Darcy",15,6,6,21,0,1,0,6,1,4,0,4,1,1,0,7,15,0,0,2,0,0,84,-27,"Gold Coast","2019",12
4,"Martin, Jack",11,6,6,17,1,0,0,5,1,5,4,5,3,2,0,12,5,1,0,1,0,0,81,-27,"Gold Coast","2019",12
2,"Miles, Anthony",15,2,13,28,0,1,0,2,3,3,6,5,1,2,0,14,15,0,0,4,0,1,79,-27,"Gold Coast","2019",12
11,"Miller, Touk",1,0,3,4,1,0,0,3,0,1,0,1,1,0,0,3,1,0,0,0,0,0,73,-27,"Gold Coast","2019",12
31,"Murdoch, Jordan",7,5,2,9,0,0,0,2,3,0,0,2,1,1,0,1,8,0,0,3,0,0,55,-27,"Gold Coast","2019",12
27,"Powell, Wil",5,3,5,10,1,0,0,4,1,1,1,2,1,2,0,7,6,0,0,2,0,0,89,-27,"Gold Coast","2019",12
6,"Sexton, Alex",10,2,2,12,1,0,0,0,1,5,0,4,0,1,0,2,10,0,0,0,1,2,89,-27,"Gold Coast","2019",12
24,"Swallow, David",11,1,13,24,1,0,0,5,3,3,3,4,2,2,0,14,10,0,0,0,0,0,86,-27,"Gold Coast","2019",12
14,"Weller, Lachie",15,7,12,27,0,0,0,2,9,1,0,4,1,1,0,6,17,0,0,3,6,0,92,-27,"Gold Coast","2019",12
28,"Witts, Jarrod",8,0,6,14,0,0,47,2,2,3,4,2,1,1,0,9,6,0,0,0,0,0,88,-27,"Gold Coast","2019",12
30,"Wright, Peter",5,3,4,9,1,0,5,0,1,1,0,1,0,0,0,3,7,0,1,4,0,1,82,-27,"Gold Coast","2019",12
0,"Rushed",0,0,0,0,0,1,0,0,0,0,0,0,0,0,0,0,0,0,0,0,0,0,0,-27,"Gold Coast","2019",12
3,"Anderson, Jed",13,3,9,22,0,0,0,3,0,6,3,3,0,1,0,11,11,0,0,2,0,0,76,27,"North Melbourne","2019",12
18,"Atley, Shaun",8,3,9,17,0,0,0,2,0,4,0,6,1,3,0,6,12,0,0,2,0,0,87,27,"North Melbourne","2019",12
50,"Brown, Ben",7,4,5,12,2,3,5,0,0,1,0,1,2,0,0,7,5,1,3,0,0,0,98,27,"North Melbourne","2019",12
10,"Cunnington, Ben",14,1,17,31,0,0,0,4,1,7,14,3,2,2,1,23,8,0,0,2,0,0,81,27,"North Melbourne","2019",12
9,"Davies-Uniacke, Luke",9,3,5,14,0,0,0,0,0,2,3,2,0,1,0,5,9,0,0,1,0,1,71,27,"North Melbourne","2019",12
14,"Dumont, Trent",17,1,7,24,0,0,0,6,3,6,1,6,1,1,0,5,18,0,0,2,0,0,94,27,"North Melbourne","2019",12
24,"Durdin, Sam",4,2,2,6,0,0,0,1,3,0,0,1,0,1,0,2,5,0,0,6,0,0,74,27,"North Melbourne","2019",12
22,"Goldstein, Todd",8,2,12,20,0,1,27,1,0,4,3,5,1,2,0,8,11,0,0,3,0,1,91,27,"North Melbourne","2019",12
4,"Higgins, Shaun",0,1,3,3,0,0,0,0,0,0,0,0,0,0,0,1,2,0,0,0,0,0,3,27,"North Melbourne","2019",12
20,"Larkey, Nick",4,2,2,6,1,1,1,1,0,1,0,1,1,1,0,6,2,1,2,3,0,0,86,27,"North Melbourne","2019",12
11,"McDonald, Luke",8,6,6,14,1,0,0,1,1,1,0,0,0,0,0,3,10,0,1,5,0,0,94,27,"North Melbourne","2019",12
17,"Pittard, Jasper",10,3,5,15,0,0,0,1,5,1,0,0,1,0,0,5,7,0,0,11,0,0,83,27,"North Melbourne","2019",12
13,"Polec, Jared",22,6,6,28,1,1,0,2,5,7,3,4,1,0,2,7,19,0,1,1,1,0,92,27,"North Melbourne","2019",12
12,"Simpkin, Jy",11,4,7,18,0,3,0,6,0,6,2,1,1,1,0,6,12,0,3,1,0,1,77,27,"North Melbourne","2019",12
25,"Tarrant, Robbie",9,3,7,16,0,0,0,0,6,0,0,1,2,1,0,13,4,1,0,7,0,0,92,27,"North Melbourne","2019",12
26,"Thomas, Tarryn",9,3,3,12,2,1,0,3,0,3,2,3,3,3,0,10,5,0,1,0,0,2,80,27,"North Melbourne","2019",12
16,"Thompson, Scott",11,2,2,13,0,0,0,1,5,0,0,2,0,1,0,1,9,0,0,5,0,0,92,27,"North Melbourne","2019",12
28,"Turner, Kayne",9,3,6,15,2,1,0,8,0,3,0,1,3,0,0,6,9,1,1,0,2,2,90,27,"North Melbourne","2019",12
2,"Williams, Marley",8,0,9,17,0,0,0,1,2,2,1,4,0,1,0,6,10,0,0,4,0,0,77,27,"North Melbourne","2019",12
32,"Wood, Mason",13,6,4,17,2,1,0,3,0,5,2,1,2,0,0,7,11,2,3,1,0,2,91,27,"North Melbourne","2019",12
7,"Ziebell, Jack",22,4,6,28,2,0,0,10,1,8,8,4,3,0,3,15,14,0,1,1,0,0,81,27,"North Melbourne","2019",12
44,"Zurhaar, Cameron",8,5,6,14,1,0,0,2,0,3,0,3,3,2,0,7,8,1,2,2,0,2,89,27,"North Melbourne","2019",12
0,"Rushed",0,0,0,0,0,3,0,0,0,0,0,0,0,0,0,0,0,0,0,0,0,0,0,27,"North Melbourne","2019",12
