"Number","Player","Kicks","Marks","Handballs","Disposals","Goals","Behinds","Hitouts","Tackles","Rebounds50s","Inside50s","Clearances","Clangers","FreesFor","FreesAgainst","BrownlowVotes","ContestedPossessions","UncontestedPossessions","ContestedMarks","MarksInside50","OnePercenters","Bounces","GoalAssists","PercentagePlayed","PointDifference","Team","Season","Round"
36,"Aliir, Aliir",9,4,5,14,0,0,1,5,2,0,1,4,1,2,0,6,7,1,0,6,0,0,87,-27,"Sydney","2019",19
22,"Blakey, Nick",5,1,8,13,1,0,0,5,1,2,0,2,3,1,0,7,5,0,1,1,0,1,85,-27,"Sydney","2019",19
4,"Clarke, Ryan",4,3,7,11,0,0,0,2,0,3,0,1,0,1,0,3,8,0,1,0,0,0,76,-27,"Sydney","2019",19
34,"Dawson, Jordan",10,6,7,17,3,0,0,2,1,2,0,3,0,0,0,6,11,2,1,1,2,0,86,-27,"Sydney","2019",19
42,"Fox, Robbie",1,0,5,6,0,0,1,3,0,0,0,2,1,2,0,2,4,0,0,0,0,0,73,-27,"Sydney","2019",19
5,"Heeney, Isaac",14,6,1,15,3,1,0,6,0,2,0,4,0,0,0,3,12,0,2,1,0,0,83,-27,"Sydney","2019",19
29,"Hewett, George",10,2,17,27,0,0,0,2,1,3,7,2,1,0,0,13,15,0,0,1,0,0,84,-27,"Sydney","2019",19
10,"Jones, Zak",14,3,5,19,0,0,0,1,4,4,0,3,3,2,0,6,15,0,0,1,0,0,89,-27,"Sydney","2019",19
12,"Kennedy, Josh",12,1,16,28,1,0,0,7,1,6,6,3,1,1,0,12,16,0,0,0,0,1,78,-27,"Sydney","2019",19
44,"Lloyd, Jake",15,5,10,25,0,0,0,2,2,2,1,2,1,0,0,6,17,0,1,4,1,0,89,-27,"Sydney","2019",19
30,"McCartin, Tom",5,4,3,8,0,0,0,1,2,1,0,0,0,0,0,4,4,2,1,1,0,0,90,-27,"Sydney","2019",19
41,"McLean, Hayden",4,2,7,11,0,1,10,3,0,1,2,1,1,1,0,5,6,0,0,3,0,0,68,-27,"Sydney","2019",19
43,"Melican, Lewis",6,2,3,9,0,0,0,2,1,0,0,3,1,3,0,6,5,1,0,2,0,0,78,-27,"Sydney","2019",19
14,"Mills, Callum",19,6,7,26,0,0,0,4,9,3,0,5,0,1,0,4,14,1,1,1,0,1,88,-27,"Sydney","2019",19
38,"ORiordan, Colin",7,6,11,18,0,0,0,2,1,2,0,1,1,1,0,5,15,1,0,4,0,1,81,-27,"Sydney","2019",19
11,"Papley, Tom",3,1,1,4,1,0,0,2,1,0,0,1,0,0,0,2,3,0,1,0,0,0,83,-27,"Sydney","2019",19
26,"Parker, Luke",15,4,14,29,1,1,0,3,0,5,6,8,1,1,0,15,12,0,1,2,0,0,88,-27,"Sydney","2019",19
24,"Rampe, Dane",16,8,9,25,0,0,0,3,7,2,0,2,0,1,0,5,17,0,0,2,0,0,100,-27,"Sydney","2019",19
20,"Reid, Sam",2,0,6,8,0,1,2,2,0,1,0,2,1,1,0,9,2,0,0,2,0,0,89,-27,"Sydney","2019",19
25,"Ronke, Ben",11,5,2,13,2,4,0,4,0,5,0,0,0,0,0,5,8,1,3,0,0,2,69,-27,"Sydney","2019",19
8,"Rowbottom, James",7,1,6,13,0,0,0,7,1,3,5,4,0,1,0,8,5,0,0,0,0,1,69,-27,"Sydney","2019",19
33,"Stoddart, Ryley",3,2,2,5,0,0,0,1,0,1,0,3,0,3,0,1,6,0,0,3,0,0,68,-27,"Sydney","2019",19
0,"Totals",192,72,152,344,12,8,14,69,34,48,28,56,16,22,0,133,207,9,13,35,3,7,0,-27,"Sydney","2019",19
4,"Ablett, Gary",16,4,5,21,0,0,0,4,3,5,5,6,2,2,0,12,12,0,0,1,0,0,90,27,"Geelong","2019",19
30,"Atkins, Tom",5,2,7,12,1,0,0,2,0,2,2,1,0,0,0,7,5,0,0,0,0,0,78,27,"Geelong","2019",19
24,"Bews, Jed",5,1,2,7,0,0,0,4,2,0,1,3,0,1,0,3,4,0,0,3,0,0,83,27,"Geelong","2019",19
46,"Blicavs, Mark",7,7,7,14,0,0,3,4,1,1,0,0,1,0,0,7,8,2,0,4,0,1,89,27,"Geelong","2019",19
6,"Clark, Jordan",10,6,4,14,2,0,0,6,0,3,3,1,0,0,0,4,11,1,2,1,1,0,79,27,"Geelong","2019",19
40,"Dahlhaus, Luke",5,5,8,13,0,1,0,2,0,2,1,1,1,1,0,5,7,1,1,3,0,1,71,27,"Geelong","2019",19
35,"Dangerfield, Patrick",12,5,13,25,2,0,0,4,1,4,6,4,2,0,0,11,14,0,1,0,0,2,86,27,"Geelong","2019",19
22,"Duncan, Mitch",12,5,14,26,2,0,0,4,2,2,4,4,1,2,1,13,13,0,3,0,0,1,84,27,"Geelong","2019",19
29,"Guthrie, Cameron",11,3,3,14,0,1,0,4,2,2,3,6,2,3,0,8,7,1,0,2,0,1,68,27,"Geelong","2019",19
26,"Hawkins, Tom",12,7,5,17,5,2,0,0,0,3,0,4,2,1,2,15,4,4,5,5,0,1,95,27,"Geelong","2019",19
38,"Henry, Jack",8,5,1,9,0,1,0,1,3,1,1,0,1,0,0,6,4,2,1,9,0,0,87,27,"Geelong","2019",19
11,"Kelly, Tim",16,2,15,31,0,2,0,2,3,7,3,5,0,1,3,11,21,0,0,1,2,1,78,27,"Geelong","2019",19
8,"Kolodjashnij, Jake",11,8,4,15,0,0,0,1,4,1,0,3,2,1,0,6,10,1,0,2,0,0,91,27,"Geelong","2019",19
32,"Miers, Gryan",7,6,4,11,0,2,0,1,0,0,1,1,1,0,0,3,8,0,3,1,0,2,83,27,"Geelong","2019",19
42,"OConnor, Mark",9,4,6,15,0,0,0,3,3,1,1,1,0,1,0,4,12,0,0,5,0,0,87,27,"Geelong","2019",19
34,"Parsons, James",12,5,6,18,1,0,0,2,3,4,2,1,0,1,0,6,12,0,0,1,0,0,85,27,"Geelong","2019",19
17,"Ratugolea, Esava",6,1,4,10,1,1,9,2,0,2,1,1,5,0,0,8,2,1,0,1,0,0,75,27,"Geelong","2019",19
14,"Selwood, Joel",13,3,11,24,1,0,0,5,0,6,3,1,3,0,0,13,12,0,1,3,0,1,73,27,"Geelong","2019",19
16,"Selwood, Scott",14,6,9,23,1,0,0,3,1,2,3,3,0,1,0,4,16,0,0,0,0,0,68,27,"Geelong","2019",19
9,"Smith, Zac",3,2,9,12,0,0,35,1,0,1,5,5,0,1,0,10,4,0,0,2,0,0,77,27,"Geelong","2019",19
44,"Stewart, Tom",15,4,4,19,0,0,0,2,7,1,1,1,0,0,0,1,13,0,0,4,0,0,88,27,"Geelong","2019",19
7,"Taylor, Harry",6,7,9,15,0,0,0,0,1,1,0,2,0,0,0,5,10,1,0,3,0,0,86,27,"Geelong","2019",19
0,"Rushed",0,0,0,0,0,1,0,0,0,0,0,0,0,0,0,0,0,0,0,0,0,0,0,27,"Geelong","2019",19
