"Number","Player","Kicks","Marks","Handballs","Disposals","Goals","Behinds","Hitouts","Tackles","Rebounds50s","Inside50s","Clearances","Clangers","FreesFor","FreesAgainst","BrownlowVotes","ContestedPossessions","UncontestedPossessions","ContestedMarks","MarksInside50","OnePercenters","Bounces","GoalAssists","PercentagePlayed","PointDifference","Team","Season","Round"
36,"Aliir, Aliir",7,2,5,12,0,0,10,5,0,3,4,2,3,2,0,8,5,0,0,5,0,0,83,45,"Sydney","2019",23
22,"Blakey, Nick",8,4,4,12,1,0,0,2,2,1,0,3,1,2,0,4,8,0,0,0,0,1,84,45,"Sydney","2019",23
34,"Dawson, Jordan",19,8,6,25,0,0,0,4,6,1,0,3,1,1,0,9,13,2,0,3,1,1,85,45,"Sydney","2019",23
13,"Florent, Oliver",11,5,5,16,0,0,0,0,1,3,3,2,1,1,0,5,10,0,0,2,0,0,90,45,"Sydney","2019",23
42,"Fox, Robbie",10,6,5,15,0,0,0,4,1,1,0,4,0,2,0,4,11,0,0,1,1,0,85,45,"Sydney","2019",23
23,"Franklin, Lance",13,10,1,14,4,2,0,3,0,5,0,1,1,1,0,7,8,3,6,0,0,0,94,45,"Sydney","2019",23
5,"Heeney, Isaac",11,5,6,17,0,0,0,0,2,3,0,4,0,1,0,5,12,1,0,3,0,0,84,45,"Sydney","2019",23
29,"Hewett, George",10,3,12,22,0,0,0,2,0,4,4,3,0,0,0,11,11,0,0,1,0,1,77,45,"Sydney","2019",23
15,"Jack, Kieren",5,2,6,11,1,0,0,2,1,3,0,3,0,0,0,5,7,0,0,1,0,0,77,45,"Sydney","2019",23
12,"Kennedy, Josh",18,5,14,32,2,0,0,9,4,4,11,1,5,0,3,15,17,0,1,1,0,0,78,45,"Sydney","2019",23
44,"Lloyd, Jake",19,6,9,28,0,0,0,0,9,0,1,0,0,0,0,2,17,0,0,2,0,0,88,45,"Sydney","2019",23
30,"McCartin, Tom",9,8,2,11,3,1,0,1,1,2,0,2,0,1,0,6,5,4,2,0,0,1,71,45,"Sydney","2019",23
3,"McVeigh, Jarrad",4,5,7,11,1,0,0,1,1,1,0,4,0,2,0,2,10,0,1,2,0,1,78,45,"Sydney","2019",23
43,"Melican, Lewis",6,2,1,7,0,0,0,2,1,0,0,3,2,0,0,3,3,0,0,6,0,0,88,45,"Sydney","2019",23
2,"Menzel, Daniel",6,3,1,7,0,1,0,1,0,1,0,2,0,0,0,1,6,1,0,0,0,0,67,45,"Sydney","2019",23
14,"Mills, Callum",13,6,6,19,0,0,0,4,3,2,1,3,0,1,0,5,12,1,0,3,0,0,80,45,"Sydney","2019",23
11,"Papley, Tom",10,5,6,16,2,1,0,0,0,3,4,2,1,1,0,6,10,0,1,0,0,4,84,45,"Sydney","2019",23
26,"Parker, Luke",15,4,13,28,2,0,0,5,2,4,4,7,2,7,2,11,18,1,2,2,0,1,83,45,"Sydney","2019",23
24,"Rampe, Dane",10,3,8,18,0,0,0,2,6,1,0,2,1,0,0,2,14,0,0,4,6,0,96,45,"Sydney","2019",23
20,"Reid, Sam",7,6,7,14,0,1,9,1,0,3,1,3,1,0,0,7,6,3,1,4,0,1,87,45,"Sydney","2019",23
25,"Ronke, Ben",12,8,3,15,0,0,0,4,0,6,0,2,2,0,0,4,11,0,1,1,0,3,76,45,"Sydney","2019",23
8,"Rowbottom, James",7,3,5,12,1,0,0,2,0,0,0,0,0,0,0,5,7,0,0,1,0,0,67,45,"Sydney","2019",23
0,"Rushed",0,0,0,0,0,1,0,0,0,0,0,0,0,0,0,0,0,0,0,0,0,0,0,45,"Sydney","2019",23
8,"Acres, Blake",3,1,8,11,0,0,1,3,1,1,1,2,1,1,0,4,7,0,0,2,0,0,69,-45,"St Kilda","2019",23
26,"Battle, Josh",10,6,5,15,0,1,0,2,1,1,0,4,0,2,0,2,13,0,0,1,0,1,78,-45,"St Kilda","2019",23
15,"Billings, Jack",10,2,8,18,0,0,0,2,0,2,0,6,1,2,0,5,14,0,0,3,0,0,91,-45,"St Kilda","2019",23
22,"Brown, Nathan",5,2,3,8,0,0,0,2,6,0,1,1,1,1,0,3,4,0,0,10,0,0,91,-45,"St Kilda","2019",23
27,"Bruce, Josh",7,5,4,11,2,1,0,2,0,3,0,4,1,3,0,6,4,2,3,0,0,1,88,-45,"St Kilda","2019",23
2,"Carlisle, Jake",9,7,3,12,0,0,0,1,2,0,0,0,1,0,0,3,8,1,0,5,0,0,93,-45,"St Kilda","2019",23
11,"Clark, Hunter",16,3,6,22,0,0,0,1,5,2,0,2,1,1,0,5,16,0,0,1,0,0,83,-45,"St Kilda","2019",23
7,"Dunstan, Luke",13,5,14,27,0,2,0,2,0,3,7,1,2,0,0,15,12,0,0,1,1,0,75,-45,"St Kilda","2019",23
10,"Hannebery, Dan",14,3,14,28,0,1,0,5,3,7,7,6,2,1,1,12,16,0,0,0,0,0,77,-45,"St Kilda","2019",23
40,"Hind, Nick",5,2,2,7,0,2,0,1,0,3,0,3,0,2,0,3,7,0,0,0,0,0,73,-45,"St Kilda","2019",23
21,"Long, Ben",4,3,2,6,1,0,0,3,0,2,0,1,0,1,0,1,5,0,0,2,0,0,79,-45,"St Kilda","2019",23
13,"Lonie, Jack",9,4,3,12,0,1,0,2,0,1,0,3,3,0,0,5,7,0,1,2,0,0,85,-45,"St Kilda","2019",23
19,"Marshall, Rowan",12,5,9,21,0,0,27,1,1,5,5,8,1,3,0,14,7,1,0,0,0,0,85,-45,"St Kilda","2019",23
28,"Membrey, Tim",12,8,1,13,1,1,0,2,0,5,0,1,2,0,0,5,7,3,2,3,0,0,85,-45,"St Kilda","2019",23
16,"Newnes, Jack",5,2,4,9,0,0,0,1,0,1,0,2,0,1,0,3,5,0,1,0,1,0,84,-45,"St Kilda","2019",23
6,"Ross, Sebastian",9,4,18,27,2,0,0,4,2,2,4,1,0,0,0,8,19,0,0,0,0,0,84,-45,"St Kilda","2019",23
47,"Rowe, Sam",4,2,5,9,0,1,8,0,0,1,1,0,2,0,0,6,3,1,2,2,0,1,82,-45,"St Kilda","2019",23
5,"Savage, Shane",13,2,4,17,0,0,0,2,5,3,0,1,1,1,0,5,11,0,0,2,0,1,92,-45,"St Kilda","2019",23
35,"Sinclair, Jack",9,3,7,16,0,1,0,2,1,3,2,0,1,0,0,6,9,0,0,3,0,1,80,-45,"St Kilda","2019",23
9,"Steele, Jack",14,5,13,27,1,2,0,7,3,3,6,2,1,0,0,9,19,0,1,0,0,0,85,-45,"St Kilda","2019",23
3,"Steven, Jack",8,4,9,17,1,0,0,0,0,1,1,1,0,1,0,4,10,1,1,0,0,0,65,-45,"St Kilda","2019",23
44,"Wilkie, Callum",9,3,2,11,0,0,0,5,4,0,0,2,1,0,0,3,6,1,0,2,0,0,77,-45,"St Kilda","2019",23
0,"Rushed",0,0,0,0,0,3,0,0,0,0,0,0,0,0,0,0,0,0,0,0,0,0,0,-45,"St Kilda","2019",23
