"Number","Player","Kicks","Marks","Handballs","Disposals","Goals","Behinds","Hitouts","Tackles","Rebounds50s","Inside50s","Clearances","Clangers","FreesFor","FreesAgainst","BrownlowVotes","ContestedPossessions","UncontestedPossessions","ContestedMarks","MarksInside50","OnePercenters","Bounces","GoalAssists","PercentagePlayed","PointDifference","Team","Season","Round"
12,"Astbury, David",6,5,4,10,0,0,0,0,0,0,0,0,2,0,0,3,6,0,0,3,0,0,70,43,"Richmond","2019",6
48,"Baker, Liam",12,3,7,19,2,0,0,5,0,5,3,7,0,3,0,6,12,1,0,1,0,1,74,43,"Richmond","2019",6
38,"Balta, Noah",4,1,2,6,0,0,7,5,0,3,0,7,0,4,0,5,2,0,0,0,0,0,61,43,"Richmond","2019",6
35,"Broad, Nathan",10,5,4,14,0,0,0,0,2,0,0,2,1,0,0,4,11,0,0,5,0,0,94,43,"Richmond","2019",6
22,"Caddy, Josh",11,4,8,19,0,2,0,3,1,5,4,3,0,1,0,9,8,0,1,2,0,0,85,43,"Richmond","2019",6
11,"Castagna, Jason",8,3,3,11,3,2,0,4,0,2,0,0,1,0,0,3,8,0,2,1,0,1,84,43,"Richmond","2019",6
10,"Edwards, Shane",7,4,11,18,0,0,0,1,2,5,1,2,1,0,0,4,12,1,0,3,0,0,88,43,"Richmond","2019",6
5,"Ellis, Brandon",10,4,12,22,2,1,0,8,3,2,0,2,0,0,0,6,17,1,2,2,0,0,88,43,"Richmond","2019",6
2,"Grimes, Dylan",8,7,6,14,0,0,0,0,5,0,0,2,1,0,0,5,9,0,0,8,0,0,96,43,"Richmond","2019",6
13,"Higgins, Jack",16,3,9,25,0,0,0,6,0,3,2,6,0,1,0,10,15,0,0,1,0,0,74,43,"Richmond","2019",6
14,"Houli, Bachar",20,7,12,32,0,0,0,5,8,3,1,2,0,0,1,6,21,1,0,4,2,0,87,43,"Richmond","2019",6
23,"Lambert, Kane",13,0,16,29,0,0,0,7,0,8,7,3,2,0,2,15,14,0,0,2,0,2,89,43,"Richmond","2019",6
19,"Lynch, Tom",5,4,3,8,1,1,0,1,0,4,0,1,1,1,0,4,4,2,2,2,1,1,83,43,"Richmond","2019",6
4,"Martin, Dustin",11,0,6,17,1,0,0,4,0,4,3,1,1,0,0,11,4,0,0,4,0,0,86,43,"Richmond","2019",6
33,"McIntosh, Kamdyn",9,4,5,14,1,0,0,1,2,5,1,6,1,0,0,6,9,0,0,2,2,1,84,43,"Richmond","2019",6
25,"Nankervis, Toby",8,3,5,13,0,0,21,4,1,2,3,4,1,2,0,6,5,0,1,5,0,0,86,43,"Richmond","2019",6
3,"Prestia, Dion",14,3,16,30,0,1,0,6,3,4,10,6,3,2,0,18,12,0,0,1,0,1,77,43,"Richmond","2019",6
8,"Riewoldt, Jack",9,6,7,16,2,1,0,2,0,3,0,3,1,1,0,10,6,3,4,1,0,1,70,43,"Richmond","2019",6
17,"Rioli, Daniel",3,1,3,6,0,2,0,5,0,0,0,1,0,0,0,1,6,0,1,2,0,1,84,43,"Richmond","2019",6
27,"Ross, Jack",10,4,18,28,0,1,0,3,0,7,3,2,1,0,0,7,21,0,0,1,0,0,82,43,"Richmond","2019",6
44,"Stack, Sydney",5,3,7,12,0,0,0,4,3,3,0,1,0,0,0,6,5,1,0,2,0,0,69,43,"Richmond","2019",6
1,"Vlastuin, Nick",18,13,10,28,0,0,0,2,5,3,0,1,3,0,3,11,18,3,0,4,0,0,89,43,"Richmond","2019",6
0,"Rushed",0,0,0,0,0,2,0,0,0,0,0,0,0,0,0,0,0,0,0,0,0,0,0,43,"Richmond","2019",6
10,"Brayshaw, Angus",19,7,10,29,0,0,0,1,4,3,2,5,2,0,0,8,20,0,0,1,0,0,79,-43,"Melbourne","2019",6
31,"Fritsch, Bayley",6,4,6,12,1,0,0,3,2,2,1,4,0,2,0,4,8,2,0,2,0,0,83,-43,"Melbourne","2019",6
17,"Frost, Sam",9,2,5,14,0,0,0,3,4,1,0,6,0,0,0,8,5,0,0,8,0,0,100,-43,"Melbourne","2019",6
36,"Garlett, Jeff",7,3,4,11,0,0,0,3,0,0,0,3,0,1,0,4,7,0,1,2,0,1,80,-43,"Melbourne","2019",6
11,"Gawn, Max",11,3,6,17,1,1,48,1,6,1,7,5,2,1,0,13,4,1,0,4,0,0,82,-43,"Melbourne","2019",6
4,"Harmes, James",10,9,5,15,0,1,0,1,2,2,1,3,0,0,0,4,11,2,1,1,0,0,78,-43,"Melbourne","2019",6
14,"Hibberd, Michael",7,1,4,11,0,0,0,3,3,1,0,5,0,0,0,4,6,1,0,2,0,0,87,-43,"Melbourne","2019",6
34,"Hore, Marty",14,3,5,19,0,0,0,1,3,4,2,5,3,0,0,12,8,1,0,2,0,0,85,-43,"Melbourne","2019",6
29,"Hunt, Jayden",3,1,4,7,1,0,0,1,0,1,2,3,0,2,0,4,5,0,1,1,0,0,81,-43,"Melbourne","2019",6
2,"Jones, Nathan",11,5,9,20,0,1,0,2,4,1,2,3,1,1,0,9,11,0,0,1,1,0,86,-43,"Melbourne","2019",6
6,"Lewis, Jordan",10,1,9,19,0,0,0,3,2,1,0,0,0,0,0,2,10,0,0,1,0,0,76,-43,"Melbourne","2019",6
41,"Lockhart, Jay",5,3,3,8,1,0,0,3,1,1,1,3,0,2,0,3,7,0,0,2,0,0,82,-43,"Melbourne","2019",6
25,"McDonald, Tom",9,5,6,15,0,0,0,2,10,0,0,6,2,2,0,6,10,1,0,19,0,0,100,-43,"Melbourne","2019",6
18,"Melksham, Jake",18,8,7,25,0,0,0,2,1,10,9,3,0,0,0,16,10,1,0,1,0,1,77,-43,"Melbourne","2019",6
30,"Neal-Bullen, Alex",7,3,3,10,1,0,0,6,0,1,2,2,0,1,0,5,5,0,1,0,0,0,75,-43,"Melbourne","2019",6
13,"Oliver, Clayton",10,3,19,29,0,0,0,8,3,6,5,8,0,1,0,19,12,1,0,3,0,0,83,-43,"Melbourne","2019",6
5,"Petracca, Christian",5,5,7,12,0,0,0,2,0,1,0,4,0,2,0,8,6,1,1,2,0,1,84,-43,"Melbourne","2019",6
3,"Salem, Christian",17,3,7,24,0,0,0,1,6,1,1,3,1,1,0,9,10,0,0,1,1,0,78,-43,"Melbourne","2019",6
38,"Smith, Tim",5,4,4,9,1,1,2,1,0,0,0,2,0,0,0,6,3,3,2,1,0,0,83,-43,"Melbourne","2019",6
15,"Stretch, Billy",12,5,8,20,0,0,0,5,5,2,3,1,2,1,0,11,11,0,0,1,0,0,80,-43,"Melbourne","2019",6
7,"Viney, Jack",12,5,10,22,0,0,0,4,2,3,2,6,1,2,0,9,16,0,0,1,0,0,59,-43,"Melbourne","2019",6
26,"Weideman, Sam",4,3,2,6,0,0,1,1,0,0,0,1,1,1,0,3,4,1,1,0,0,0,82,-43,"Melbourne","2019",6
0,"Rushed",0,0,0,0,0,2,0,0,0,0,0,0,0,0,0,0,0,0,0,0,0,0,0,-43,"Melbourne","2019",6
