"Number","Player","Kicks","Marks","Handballs","Disposals","Goals","Behinds","Hitouts","Tackles","Rebounds50s","Inside50s","Clearances","Clangers","FreesFor","FreesAgainst","BrownlowVotes","ContestedPossessions","UncontestedPossessions","ContestedMarks","MarksInside50","OnePercenters","Bounces","GoalAssists","PercentagePlayed","PointDifference","Team","Season","Round"
15,"Amon, Karl",9,5,10,19,1,1,0,4,1,1,6,2,1,1,0,12,11,0,1,5,0,0,80,38,"Port Adelaide","2019",9
30,"Atley, Joe",4,2,15,19,0,0,0,4,0,2,4,2,0,2,0,13,10,0,0,3,0,0,68,38,"Port Adelaide","2019",9
10,"Boak, Travis",18,2,18,36,0,1,1,4,2,3,8,8,2,2,3,22,13,1,0,1,0,1,79,38,"Port Adelaide","2019",9
5,"Broadbent, Matthew",18,7,4,22,0,0,0,1,1,2,1,1,2,0,0,7,14,0,0,2,0,0,82,38,"Port Adelaide","2019",9
18,"Butters, Zak",10,4,5,15,1,2,0,3,0,2,1,1,0,1,0,6,9,0,2,1,0,1,70,38,"Port Adelaide","2019",9
33,"Byrne-Jones, Darcy",19,3,6,25,0,0,0,4,0,10,1,2,3,0,0,6,19,1,0,0,0,0,80,38,"Port Adelaide","2019",9
17,"Clurey, Tom",10,4,2,12,0,0,0,0,6,0,0,1,0,0,0,2,9,0,0,10,0,0,92,38,"Port Adelaide","2019",9
21,"Duursma, Xavier",13,4,6,19,0,1,0,1,2,4,3,2,2,1,0,9,9,0,0,0,0,0,81,38,"Port Adelaide","2019",9
24,"Farrell, Kane",9,4,5,14,3,0,0,3,0,2,1,0,1,0,0,5,9,0,3,1,0,0,74,38,"Port Adelaide","2019",9
14,"Frampton, Billy",9,3,5,14,3,1,0,2,0,1,0,7,2,4,0,9,4,3,2,1,0,0,89,38,"Port Adelaide","2019",9
27,"Garner, Joel",11,5,2,13,0,0,0,2,3,2,0,1,0,0,0,4,7,1,0,2,0,0,84,38,"Port Adelaide","2019",9
46,"Gray, Sam",10,8,13,23,1,1,0,7,1,2,2,2,1,1,2,7,17,1,4,0,0,1,88,38,"Port Adelaide","2019",9
43,"Houston, Dan",14,2,4,18,0,0,0,1,2,5,0,3,0,2,0,8,8,0,0,10,0,0,85,38,"Port Adelaide","2019",9
32,"Howard, Dougal",8,6,3,11,0,0,0,2,2,1,0,1,1,0,0,3,9,0,0,16,0,0,93,38,"Port Adelaide","2019",9
40,"Lienert, Jarrod",14,4,2,16,0,0,0,0,2,4,0,1,1,1,0,7,9,0,0,6,0,1,83,38,"Port Adelaide","2019",9
29,"Lycett, Scott",4,3,4,8,0,0,23,1,0,3,1,8,1,5,0,6,3,1,0,5,0,1,73,38,"Port Adelaide","2019",9
6,"Motlop, Steven",8,1,3,11,1,1,0,2,0,4,0,1,1,0,0,8,4,0,0,3,0,2,71,38,"Port Adelaide","2019",9
2,"Powell-Pepper, Sam",8,0,14,22,0,0,0,5,2,6,2,1,0,0,0,10,13,0,0,2,1,0,87,38,"Port Adelaide","2019",9
11,"Rockliff, Tom",21,5,10,31,0,0,0,6,2,3,9,5,2,4,0,11,14,0,0,0,0,0,81,38,"Port Adelaide","2019",9
20,"Rozee, Connor",8,1,10,18,2,0,0,7,1,3,0,2,2,0,0,12,8,1,0,1,0,1,86,38,"Port Adelaide","2019",9
4,"Ryder, Paddy",5,3,4,9,1,1,27,2,0,4,1,1,0,1,0,7,4,2,1,9,0,0,89,38,"Port Adelaide","2019",9
39,"Westhoff, Justin",11,3,4,15,0,0,0,2,2,4,0,4,1,0,0,5,11,0,1,5,0,0,84,38,"Port Adelaide","2019",9
0,"Rushed",0,0,0,0,0,2,0,0,0,0,0,0,0,0,0,0,0,0,0,0,0,0,0,38,"Port Adelaide","2019",9
9,"Ainsworth, Ben",12,4,4,16,1,1,0,3,0,1,2,4,1,1,0,6,9,1,1,0,0,0,83,-38,"Gold Coast","2019",9
10,"Ballard, Charlie",11,4,4,15,0,0,0,3,6,0,0,1,2,0,0,7,6,1,0,5,0,0,91,-38,"Gold Coast","2019",9
3,"Bowes, Jack",13,1,11,24,1,0,0,2,3,2,6,3,2,0,0,16,7,0,0,0,0,0,77,-38,"Gold Coast","2019",9
25,"Collins, Sam",4,1,5,9,0,0,0,0,3,0,0,2,2,1,0,6,3,1,0,3,0,0,95,-38,"Gold Coast","2019",9
19,"Corbett, Josh",8,6,5,13,0,2,0,4,0,1,2,0,1,0,0,5,7,3,1,0,0,0,72,-38,"Gold Coast","2019",9
8,"Fiorini, Brayden",29,4,9,38,1,1,0,5,2,9,5,6,0,0,1,13,21,0,0,0,0,1,77,-38,"Gold Coast","2019",9
5,"Harbrow, Jarrod",13,8,9,22,0,1,0,2,5,2,0,4,1,2,0,9,11,1,0,2,0,0,85,-38,"Gold Coast","2019",9
39,"Holman, Nick",6,2,7,13,0,0,0,4,3,1,2,3,1,2,0,6,5,0,0,0,0,0,83,-38,"Gold Coast","2019",9
20,"Hombsch, Jack",8,7,6,14,0,0,0,1,3,0,0,3,1,2,0,7,8,0,0,9,0,0,92,-38,"Gold Coast","2019",9
38,"Joyce, Jesse",7,2,5,12,0,0,0,0,3,1,0,3,0,2,0,6,6,0,0,2,0,0,76,-38,"Gold Coast","2019",9
34,"King, Ben",1,0,4,5,0,0,0,0,0,0,0,1,0,0,0,3,2,0,0,1,0,0,75,-38,"Gold Coast","2019",9
41,"Lukosius, Jack",6,2,6,12,0,0,0,0,1,2,2,0,0,0,0,4,7,0,0,0,0,1,80,-38,"Gold Coast","2019",9
44,"Macpherson, Darcy",13,3,7,20,0,0,0,12,1,2,3,6,2,4,0,8,12,0,0,3,0,1,87,-38,"Gold Coast","2019",9
4,"Martin, Jack",11,3,4,15,1,0,0,6,2,2,3,3,2,1,0,9,7,0,0,1,0,0,70,-38,"Gold Coast","2019",9
2,"Miles, Anthony",15,4,6,21,0,1,0,0,2,3,3,3,3,1,0,11,10,1,1,1,0,0,74,-38,"Gold Coast","2019",9
31,"Murdoch, Jordan",7,1,4,11,0,0,0,0,6,0,0,1,1,1,0,7,3,0,0,2,0,1,81,-38,"Gold Coast","2019",9
27,"Powell, Wil",8,4,6,14,0,1,0,4,3,1,0,1,0,1,0,7,7,0,0,4,0,0,90,-38,"Gold Coast","2019",9
6,"Sexton, Alex",10,2,3,13,2,1,0,3,0,6,1,4,1,1,0,4,8,0,1,0,1,0,88,-38,"Gold Coast","2019",9
24,"Swallow, David",11,3,7,18,0,1,0,6,2,3,5,6,1,3,0,11,5,0,0,0,0,0,75,-38,"Gold Coast","2019",9
14,"Weller, Lachie",15,4,9,24,0,0,0,1,7,0,2,2,0,1,0,5,13,0,0,1,0,0,83,-38,"Gold Coast","2019",9
28,"Witts, Jarrod",11,4,3,14,0,0,34,2,0,0,5,2,3,0,0,8,6,0,0,1,0,0,79,-38,"Gold Coast","2019",9
30,"Wright, Peter",7,4,3,10,1,0,6,3,1,1,1,3,1,0,0,4,6,1,0,5,0,0,88,-38,"Gold Coast","2019",9
0,"Totals",226,73,127,353,7,9,40,61,53,37,42,61,25,23,1,162,169,9,4,40,1,4,0,-38,"Gold Coast","2019",9
