"Number","Player","Kicks","Marks","Handballs","Disposals","Goals","Behinds","Hitouts","Tackles","Rebounds50s","Inside50s","Clearances","Clangers","FreesFor","FreesAgainst","BrownlowVotes","ContestedPossessions","UncontestedPossessions","ContestedMarks","MarksInside50","OnePercenters","Bounces","GoalAssists","PercentagePlayed","PointDifference","Team","Season","Round"
12,"Astbury, David",10,6,7,17,0,0,0,1,4,1,0,2,2,0,0,7,10,2,0,6,0,0,89,27,"Richmond","2019",17
29,"Bolton, Shai",14,6,15,29,1,0,0,6,2,5,4,5,1,2,3,8,19,0,0,4,2,1,86,27,"Richmond","2019",17
35,"Broad, Nathan",8,5,12,20,0,0,0,1,4,2,0,2,0,0,0,4,15,0,0,3,2,0,90,27,"Richmond","2019",17
11,"Castagna, Jason",10,4,7,17,2,2,0,2,0,4,1,3,0,1,0,5,14,0,2,2,2,0,81,27,"Richmond","2019",17
41,"Chol, Mabior",6,1,4,10,1,1,8,2,2,1,1,4,1,1,0,4,6,0,1,4,0,1,48,27,"Richmond","2019",17
9,"Cotchin, Trent",9,3,11,20,0,0,0,9,3,3,4,0,1,0,0,9,13,0,0,2,0,0,85,27,"Richmond","2019",17
10,"Edwards, Shane",7,1,9,16,1,1,0,1,2,4,3,6,1,5,0,7,6,0,0,1,0,2,73,27,"Richmond","2019",17
43,"Eggmolesse-Smith, Derek",8,2,8,16,0,0,0,1,2,0,0,2,1,1,0,3,13,0,0,0,0,0,77,27,"Richmond","2019",17
5,"Ellis, Brandon",18,4,11,29,0,2,0,4,4,4,4,3,1,1,0,12,19,0,0,5,0,1,94,27,"Richmond","2019",17
2,"Grimes, Dylan",7,4,8,15,0,0,0,1,5,1,0,1,1,0,0,7,6,1,0,3,0,0,93,27,"Richmond","2019",17
14,"Houli, Bachar",20,8,10,30,0,0,0,3,3,5,0,5,0,1,0,4,22,0,0,5,6,0,83,27,"Richmond","2019",17
23,"Lambert, Kane",10,6,9,19,3,2,0,3,0,2,4,2,0,1,1,4,15,0,3,0,0,0,85,27,"Richmond","2019",17
19,"Lynch, Tom",9,4,9,18,3,0,0,1,0,4,0,3,3,1,0,13,4,2,2,2,0,1,98,27,"Richmond","2019",17
4,"Martin, Dustin",15,3,10,25,0,1,0,2,0,5,4,3,0,0,0,3,18,0,0,0,0,1,84,27,"Richmond","2019",17
33,"McIntosh, Kamdyn",9,2,3,12,0,0,0,1,0,4,1,2,0,0,0,5,7,0,0,3,0,0,84,27,"Richmond","2019",17
3,"Prestia, Dion",11,3,13,24,0,0,0,4,5,2,5,3,0,1,0,9,15,0,0,2,0,0,80,27,"Richmond","2019",17
8,"Riewoldt, Jack",9,3,1,10,1,1,0,2,1,3,1,1,1,0,0,7,6,1,2,2,0,2,83,27,"Richmond","2019",17
17,"Rioli, Daniel",8,6,10,18,0,1,0,3,0,4,1,1,1,1,0,2,13,0,1,0,0,0,70,27,"Richmond","2019",17
15,"Short, Jayden",11,1,5,16,0,0,0,6,6,0,0,1,0,1,0,0,14,0,0,3,2,0,88,27,"Richmond","2019",17
47,"Soldo, Ivan",5,1,3,8,0,2,25,6,1,1,1,3,1,2,0,4,3,0,0,3,0,0,62,27,"Richmond","2019",17
44,"Stack, Sydney",10,4,8,18,1,1,0,3,1,1,0,2,4,0,0,4,14,0,0,0,1,0,86,27,"Richmond","2019",17
1,"Vlastuin, Nick",13,7,5,18,0,0,0,1,5,3,0,1,2,0,0,8,9,1,0,7,1,0,82,27,"Richmond","2019",17
0,"Rushed",0,0,0,0,0,2,0,0,0,0,0,0,0,0,0,0,0,0,0,0,0,0,0,27,"Richmond","2019",17
21,"Buntine, Matt",3,2,3,6,0,0,0,2,0,0,0,2,0,1,0,2,5,0,0,1,0,0,84,-27,"Greater Western Sydney","2019",17
18,"Cameron, Jeremy",13,6,6,19,3,4,0,2,0,7,1,2,1,1,0,5,14,1,2,2,0,1,88,-27,"Greater Western Sydney","2019",17
3,"Coniglio, Stephen",0,0,0,0,0,0,0,0,0,1,0,0,0,0,0,0,0,0,0,0,0,0,5,-27,"Greater Western Sydney","2019",17
16,"Daniels, Brent",13,8,9,22,1,2,0,2,0,7,1,3,1,1,0,7,14,1,1,0,0,1,76,-27,"Greater Western Sydney","2019",17
1,"Davis, Phil",4,3,4,8,0,0,0,3,0,2,0,4,1,4,0,5,3,1,0,2,0,0,88,-27,"Greater Western Sydney","2019",17
7,"Deledio, Brett",8,6,8,16,0,0,0,1,1,2,2,0,0,0,0,6,10,2,0,1,0,0,87,-27,"Greater Western Sydney","2019",17
4,"Greene, Toby",22,6,12,34,2,1,0,6,1,6,7,4,2,1,2,13,20,0,2,0,0,2,89,-27,"Greater Western Sydney","2019",17
19,"Haynes, Nick",15,11,5,20,0,0,0,3,5,5,0,1,1,0,0,6,13,3,0,9,0,0,86,-27,"Greater Western Sydney","2019",17
37,"Hill, Bobby",10,1,5,15,3,1,0,1,1,2,0,4,2,1,0,4,11,0,0,0,0,0,69,-27,"Greater Western Sydney","2019",17
27,"Himmelberg, Harry",5,4,7,12,0,1,0,1,0,1,0,3,1,2,0,7,5,1,1,3,0,0,93,-27,"Greater Western Sydney","2019",17
2,"Hopper, Jacob",17,4,16,33,0,0,0,3,1,6,5,6,1,2,0,15,19,0,0,2,0,0,84,-27,"Greater Western Sydney","2019",17
40,"Kennedy, Adam",9,2,6,15,0,0,0,1,4,1,1,1,1,1,0,7,8,0,0,2,2,1,81,-27,"Greater Western Sydney","2019",17
38,"Lloyd, Daniel",9,1,6,15,0,0,0,0,2,1,3,3,0,1,0,7,10,0,0,2,0,0,84,-27,"Greater Western Sydney","2019",17
36,"Perryman, Harry",15,6,12,27,0,0,0,2,2,3,1,3,3,0,0,14,13,0,0,0,0,0,86,-27,"Greater Western Sydney","2019",17
50,"Reid, Sam",3,3,4,7,0,0,0,2,1,1,2,0,0,0,0,3,4,0,1,1,0,0,89,-27,"Greater Western Sydney","2019",17
23,"Shaw, Heath",13,4,2,15,0,0,0,2,6,3,0,7,1,2,0,2,6,0,0,1,0,0,89,-27,"Greater Western Sydney","2019",17
26,"Simpson, Dawson",4,1,8,12,0,0,41,1,1,1,8,2,2,1,0,13,2,0,0,2,0,0,85,-27,"Greater Western Sydney","2019",17
14,"Taranto, Tim",19,4,17,36,0,0,0,4,3,2,7,6,1,1,0,14,20,0,1,4,0,0,87,-27,"Greater Western Sydney","2019",17
15,"Taylor, Sam",3,4,6,9,0,0,0,2,3,0,0,0,1,0,0,6,3,1,0,7,0,0,88,-27,"Greater Western Sydney","2019",17
20,"Tomlinson, Adam",14,7,8,22,0,0,4,1,5,5,0,3,0,0,0,3,18,0,0,2,0,0,91,-27,"Greater Western Sydney","2019",17
6,"Whitfield, Lachie",20,8,13,33,0,1,0,3,4,3,4,3,0,2,0,7,23,0,0,0,0,0,88,-27,"Greater Western Sydney","2019",17
29,"Williams, Zac",11,4,9,20,0,0,0,2,5,1,0,2,0,0,0,7,12,0,0,3,1,0,83,-27,"Greater Western Sydney","2019",17
0,"Rushed",0,0,0,0,0,3,0,0,0,0,0,0,0,0,0,0,0,0,0,0,0,0,0,-27,"Greater Western Sydney","2019",17
