"Number","Player","Kicks","Marks","Handballs","Disposals","Goals","Behinds","Hitouts","Tackles","Rebounds50s","Inside50s","Clearances","Clangers","FreesFor","FreesAgainst","BrownlowVotes","ContestedPossessions","UncontestedPossessions","ContestedMarks","MarksInside50","OnePercenters","Bounces","GoalAssists","PercentagePlayed","PointDifference","Team","Season","Round"
36,"Aliir, Aliir",11,7,6,17,0,0,1,1,3,2,0,2,1,1,0,5,10,2,0,10,0,0,96,-26,"Sydney","2019",2
22,"Blakey, Nick",4,2,3,7,1,0,0,0,0,1,0,3,1,2,0,4,3,1,1,0,0,1,67,-26,"Sydney","2019",2
4,"Clarke, Ryan",6,4,3,9,0,0,0,0,1,3,0,3,0,1,0,2,8,0,0,0,0,0,68,-26,"Sydney","2019",2
7,"Cunningham, Harry",11,7,9,20,0,0,0,3,2,2,1,3,1,2,0,4,19,0,0,2,2,0,86,-26,"Sydney","2019",2
13,"Florent, Oliver",12,5,5,17,0,0,0,0,3,4,4,3,0,1,0,3,12,0,0,0,1,0,73,-26,"Sydney","2019",2
23,"Franklin, Lance",11,2,5,16,3,3,0,1,0,4,0,6,1,2,0,8,8,2,2,1,1,0,87,-26,"Sydney","2019",2
9,"Hayward, Will",5,2,9,14,2,0,0,4,0,2,1,3,0,0,0,7,5,0,2,1,0,1,78,-26,"Sydney","2019",2
5,"Heeney, Isaac",5,3,10,15,0,1,1,3,0,3,2,3,1,0,0,9,9,0,0,1,0,0,75,-26,"Sydney","2019",2
29,"Hewett, George",5,1,11,16,0,0,0,3,1,0,1,1,0,0,0,6,9,0,0,1,0,1,89,-26,"Sydney","2019",2
10,"Jones, Zak",14,3,8,22,0,0,0,4,3,7,3,5,0,3,0,7,17,0,0,0,0,0,84,-26,"Sydney","2019",2
12,"Kennedy, Josh",21,7,15,36,0,2,0,1,1,11,8,4,0,0,2,16,20,0,0,1,0,2,79,-26,"Sydney","2019",2
44,"Lloyd, Jake",19,11,15,34,0,0,0,2,7,1,0,2,1,1,0,4,27,1,0,1,0,1,85,-26,"Sydney","2019",2
3,"McVeigh, Jarrad",14,4,11,25,0,0,0,0,9,1,2,4,0,1,0,8,12,0,0,3,1,0,89,-26,"Sydney","2019",2
43,"Melican, Lewis",7,5,6,13,0,0,0,2,3,0,0,5,1,2,0,5,9,1,0,11,0,0,93,-26,"Sydney","2019",2
14,"Mills, Callum",7,7,9,16,0,0,0,1,3,0,0,3,0,1,0,1,14,0,0,5,0,0,93,-26,"Sydney","2019",2
38,"ORiordan, Colin",8,5,7,15,0,0,0,2,1,1,0,5,0,0,0,2,12,0,1,2,0,0,66,-26,"Sydney","2019",2
11,"Papley, Tom",14,4,3,17,0,2,0,6,0,4,8,8,1,7,0,12,8,1,1,2,0,0,72,-26,"Sydney","2019",2
26,"Parker, Luke",15,4,11,26,0,1,0,5,0,6,5,1,0,0,0,13,9,2,0,0,0,0,82,-26,"Sydney","2019",2
24,"Rampe, Dane",9,4,8,17,0,1,0,6,2,1,0,3,3,1,0,6,11,0,0,2,0,0,86,-26,"Sydney","2019",2
20,"Reid, Sam",4,2,5,9,1,0,4,5,0,1,0,2,2,0,0,6,4,1,0,1,0,0,87,-26,"Sydney","2019",2
25,"Ronke, Ben",6,1,1,7,1,1,0,3,0,0,0,4,1,1,0,3,4,0,0,0,0,0,83,-26,"Sydney","2019",2
18,"Sinclair, Callum",6,2,7,13,0,0,22,1,0,1,1,3,1,1,0,7,5,0,0,6,0,0,82,-26,"Sydney","2019",2
0,"Rushed",0,0,0,0,0,3,0,0,0,0,0,0,0,0,0,0,0,0,0,0,0,0,0,-26,"Sydney","2019",2
21,"Atkins, Rory",14,3,7,21,1,1,0,1,4,4,2,1,0,0,0,6,13,0,0,4,0,0,87,26,"Adelaide","2019",2
18,"Betts, Eddie",7,1,2,9,1,1,0,3,1,1,5,3,1,2,0,6,3,1,1,1,0,1,87,26,"Adelaide","2019",2
2,"Crouch, Brad",15,5,11,26,1,0,0,5,0,3,2,5,1,0,1,10,13,0,0,0,0,1,82,26,"Adelaide","2019",2
5,"Crouch, Matt",12,5,12,24,0,0,0,7,4,5,6,2,1,1,0,8,16,0,0,0,0,0,80,26,"Adelaide","2019",2
6,"Gibbs, Bryce",15,3,8,23,0,0,0,2,0,4,4,2,1,0,0,5,18,0,0,1,0,1,69,26,"Adelaide","2019",2
15,"Hartigan, Kyle",7,5,5,12,0,0,0,1,3,0,1,1,0,0,0,4,8,1,0,2,0,0,90,26,"Adelaide","2019",2
24,"Jacobs, Sam",3,1,4,7,0,1,40,1,1,1,2,2,1,1,0,5,4,1,1,1,0,0,73,26,"Adelaide","2019",2
4,"Jenkins, Josh",12,6,3,15,2,0,7,3,2,4,1,1,5,0,0,10,4,3,1,0,0,0,83,26,"Adelaide","2019",2
20,"Jones, Chayce",9,2,3,12,0,3,0,0,0,5,1,2,1,1,0,6,7,0,0,1,1,0,76,26,"Adelaide","2019",2
42,"Keath, Alex",7,1,8,15,0,0,0,2,3,2,0,4,0,3,0,4,10,1,0,6,0,0,90,26,"Adelaide","2019",2
8,"Kelly, Jake",7,5,9,16,0,0,0,1,1,0,0,1,0,1,0,4,12,0,0,6,0,0,80,26,"Adelaide","2019",2
3,"Knight, Riley",6,3,6,12,2,1,0,5,1,1,2,3,2,2,0,5,6,0,1,1,0,0,77,26,"Adelaide","2019",2
29,"Laird, Rory",13,5,8,21,0,0,0,3,6,0,0,1,1,0,0,4,14,0,0,1,0,1,84,26,"Adelaide","2019",2
27,"Lynch, Tom",9,5,9,18,1,1,0,1,0,0,1,1,0,0,0,7,12,0,1,0,0,0,89,26,"Adelaide","2019",2
14,"Mackay, David",9,4,8,17,2,0,0,2,2,4,0,2,1,0,0,7,10,0,0,2,0,0,74,26,"Adelaide","2019",2
30,"Milera, Wayne",11,6,10,21,0,0,0,4,3,1,2,1,2,0,0,7,14,1,0,2,0,0,85,26,"Adelaide","2019",2
44,"Murphy, Lachlan",9,5,8,17,0,0,0,3,2,5,2,2,0,1,0,7,9,0,0,1,0,0,78,26,"Adelaide","2019",2
11,"Seedsman, Paul",10,7,7,17,1,1,0,1,4,3,1,0,0,0,0,4,13,1,1,0,3,0,83,26,"Adelaide","2019",2
9,"Sloane, Rory",12,5,11,23,0,1,0,9,2,2,5,4,7,0,3,13,10,0,1,2,0,0,80,26,"Adelaide","2019",2
33,"Smith, Brodie",20,5,3,23,0,1,0,2,4,3,0,0,1,0,0,3,17,0,0,4,0,0,81,26,"Adelaide","2019",2
12,"Talia, Daniel",9,5,3,12,0,0,0,4,4,0,1,4,0,1,0,2,10,0,0,7,0,0,87,26,"Adelaide","2019",2
13,"Walker, Taylor",10,6,6,16,1,3,0,4,0,4,0,4,2,2,0,11,5,2,0,2,0,1,85,26,"Adelaide","2019",2
0,"Rushed",0,0,0,0,0,2,0,0,0,0,0,0,0,0,0,0,0,0,0,0,0,0,0,26,"Adelaide","2019",2
