"Number","Player","Kicks","Marks","Handballs","Disposals","Goals","Behinds","Hitouts","Tackles","Rebounds50s","Inside50s","Clearances","Clangers","FreesFor","FreesAgainst","BrownlowVotes","ContestedPossessions","UncontestedPossessions","ContestedMarks","MarksInside50","OnePercenters","Bounces","GoalAssists","PercentagePlayed","PointDifference","Team","Season","Round"
15,"Amon, Karl",14,1,9,23,0,1,0,3,2,6,1,2,0,1,0,5,18,0,0,0,0,2,77,43,"Port Adelaide","2019",23
10,"Boak, Travis",10,5,13,23,1,1,0,2,0,4,5,5,1,2,0,10,14,0,1,1,0,1,81,43,"Port Adelaide","2019",23
26,"Bonner, Riley",11,6,6,17,1,1,0,1,0,3,1,4,0,2,0,2,16,0,1,0,1,1,81,43,"Port Adelaide","2019",23
5,"Broadbent, Matthew",9,4,4,13,0,0,0,2,0,2,1,1,1,1,0,3,10,1,0,1,0,0,81,43,"Port Adelaide","2019",23
3,"Burton, Ryan",10,2,4,14,0,1,0,2,3,0,1,3,0,0,0,1,11,0,0,4,1,0,82,43,"Port Adelaide","2019",23
33,"Byrne-Jones, Darcy",17,3,12,29,0,1,0,2,1,3,4,5,2,2,0,11,18,0,0,0,1,0,85,43,"Port Adelaide","2019",23
22,"Dixon, Charlie",11,8,5,16,3,2,2,1,1,2,2,2,2,1,0,10,6,4,4,5,1,0,88,43,"Port Adelaide","2019",23
28,"Drew, Willem",8,4,14,22,0,0,0,8,0,1,2,2,0,1,0,9,15,0,0,1,0,0,71,43,"Port Adelaide","2019",23
21,"Duursma, Xavier",11,6,10,21,2,1,0,6,3,0,2,8,1,2,0,7,14,0,4,3,0,0,79,43,"Port Adelaide","2019",23
9,"Gray, Robbie",6,3,7,13,0,1,0,0,0,3,0,3,1,0,0,4,9,0,2,1,0,1,86,43,"Port Adelaide","2019",23
46,"Gray, Sam",5,4,6,11,0,1,0,2,0,2,0,3,0,1,0,2,9,0,1,0,0,0,83,43,"Port Adelaide","2019",23
8,"Hartlett, Hamish",10,5,10,20,0,0,0,4,1,3,0,3,0,3,0,7,15,0,0,5,0,0,88,43,"Port Adelaide","2019",23
43,"Houston, Dan",10,6,11,21,1,0,0,3,2,2,1,0,1,0,0,6,17,1,0,6,0,0,73,43,"Port Adelaide","2019",23
42,"Jonas, Tom",6,4,5,11,0,0,0,3,1,0,0,1,0,0,0,4,7,0,0,9,0,0,95,43,"Port Adelaide","2019",23
29,"Lycett, Scott",13,4,9,22,0,1,22,1,1,4,3,3,2,2,0,14,8,2,0,3,0,0,77,43,"Port Adelaide","2019",23
13,"Marshall, Todd",8,7,4,12,2,1,0,2,0,2,0,0,0,0,0,3,9,2,4,0,0,3,71,43,"Port Adelaide","2019",23
12,"McKenzie, Trent",15,4,6,21,0,0,0,0,6,3,0,0,1,0,0,6,9,2,0,2,0,0,94,43,"Port Adelaide","2019",23
11,"Rockliff, Tom",9,3,9,18,1,0,0,4,0,2,4,5,1,3,0,8,11,0,1,1,0,0,78,43,"Port Adelaide","2019",23
20,"Rozee, Connor",6,2,7,13,2,2,0,4,0,0,0,1,2,0,0,6,8,0,1,2,0,0,89,43,"Port Adelaide","2019",23
4,"Ryder, Paddy",6,4,5,11,0,2,18,3,0,4,1,0,0,0,0,6,5,1,2,1,0,1,83,43,"Port Adelaide","2019",23
39,"Westhoff, Justin",13,6,10,23,2,1,0,5,0,3,0,1,0,0,2,9,16,0,3,2,0,3,78,43,"Port Adelaide","2019",23
16,"Wines, Ollie",15,3,18,33,0,1,0,8,1,8,6,2,0,0,3,15,17,1,1,1,0,1,79,43,"Port Adelaide","2019",23
0,"Rushed",0,0,0,0,0,2,0,0,0,0,0,0,0,0,0,0,0,0,0,0,0,0,0,43,"Port Adelaide","2019",23
41,"Banfield, Bailey",6,3,10,16,1,0,0,2,2,3,2,3,1,1,0,6,11,0,0,3,0,0,78,-43,"Fremantle","2019",23
19,"Blakely, Connor",6,0,4,10,0,0,0,3,1,1,2,2,0,1,0,4,7,0,0,2,0,1,74,-43,"Fremantle","2019",23
8,"Brayshaw, Andrew",10,0,6,16,0,0,0,7,4,2,4,4,3,0,0,9,7,0,0,0,0,0,70,-43,"Fremantle","2019",23
5,"Cerra, Adam",9,4,7,16,0,0,0,3,1,2,1,3,2,0,0,6,9,0,0,0,0,0,78,-43,"Fremantle","2019",23
6,"Conca, Reece",16,5,6,22,0,0,0,3,6,0,0,4,0,0,0,3,12,0,0,2,1,0,86,-43,"Fremantle","2019",23
12,"Crowden, Mitch",3,0,3,6,0,0,0,2,0,0,0,1,1,0,0,3,3,0,0,1,0,0,65,-43,"Fremantle","2019",23
17,"Dixon, Hugh",4,2,4,8,1,0,2,0,0,1,0,1,1,0,0,6,2,1,0,2,0,0,88,-43,"Fremantle","2019",23
44,"Duman, Taylin",15,10,6,21,0,0,0,1,3,1,1,3,0,1,0,4,12,1,0,1,0,0,84,-43,"Fremantle","2019",23
7,"Fyfe, Nat",12,5,14,26,1,1,0,3,2,3,5,2,4,0,0,15,11,1,3,3,0,2,89,-43,"Fremantle","2019",23
21,"Hamling, Joel",8,8,4,12,0,0,0,1,2,1,0,2,0,1,0,2,10,1,0,5,0,0,100,-43,"Fremantle","2019",23
9,"Hill, Bradley",16,3,8,24,0,0,0,2,3,4,1,1,0,1,0,3,20,0,0,0,0,0,86,-43,"Fremantle","2019",23
15,"Hughes, Ethan",9,5,5,14,0,0,0,0,0,2,1,5,0,2,0,5,12,0,0,8,0,0,79,-43,"Fremantle","2019",23
40,"Jones, Scott",7,2,7,14,0,0,24,4,1,1,5,5,3,2,0,11,6,1,0,3,0,0,87,-43,"Fremantle","2019",23
26,"Langdon, Ed",17,9,8,25,2,0,0,1,6,1,2,2,0,0,1,5,19,0,1,0,0,0,86,-43,"Fremantle","2019",23
2,"Logue, Griffin",8,6,5,13,0,0,0,2,4,0,0,2,0,1,0,7,5,3,0,8,0,0,100,-43,"Fremantle","2019",23
3,"Matera, Brandon",6,3,7,13,0,0,0,2,2,2,1,3,0,1,0,9,4,1,0,1,0,1,71,-43,"Fremantle","2019",23
23,"McCarthy, Cam",6,4,0,6,0,1,0,1,0,2,0,1,1,1,0,1,5,0,1,1,0,0,80,-43,"Fremantle","2019",23
16,"Mundy, David",7,2,12,19,1,1,0,1,1,2,2,3,0,0,0,11,10,0,2,3,0,1,83,-43,"Fremantle","2019",23
43,"Nyhuis, Ryan",4,2,2,6,0,0,0,0,0,0,1,2,1,1,0,2,4,0,0,2,0,0,79,-43,"Fremantle","2019",23
39,"Switkowski, Sam",3,0,9,12,1,1,0,4,0,0,2,4,3,0,0,10,2,0,0,1,1,1,73,-43,"Fremantle","2019",23
18,"Tucker, Darcy",10,3,6,16,0,2,0,3,3,1,2,3,0,1,0,6,10,0,1,0,0,0,75,-43,"Fremantle","2019",23
10,"Walters, Michael",9,3,10,19,3,1,0,2,0,3,1,3,1,1,0,7,12,0,3,3,2,0,88,-43,"Fremantle","2019",23
0,"Totals",191,79,143,334,10,7,26,47,41,32,33,59,21,15,1,135,193,9,11,49,4,6,0,-43,"Fremantle","2019",23
