"Number","Player","Kicks","Marks","Handballs","Disposals","Goals","Behinds","Hitouts","Tackles","Rebounds50s","Inside50s","Clearances","Clangers","FreesFor","FreesAgainst","BrownlowVotes","ContestedPossessions","UncontestedPossessions","ContestedMarks","MarksInside50","OnePercenters","Bounces","GoalAssists","PercentagePlayed","PointDifference","Team","Season","Round"
12,"Allen, Oscar",7,2,2,9,0,0,1,2,1,1,0,2,1,0,0,7,1,1,0,6,0,1,70,-42,"West Coast","2019",5
28,"Cole, Tom",11,4,7,18,0,0,0,2,5,1,1,2,1,0,0,7,12,0,0,3,0,1,81,-42,"West Coast","2019",5
15,"Cripps, Jamie",1,1,4,5,0,0,0,3,0,0,2,1,0,0,0,3,2,0,0,0,0,0,83,-42,"West Coast","2019",5
27,"Darling, Jack",3,2,3,6,0,0,0,0,0,1,0,3,0,1,0,2,4,0,1,2,0,0,86,-42,"West Coast","2019",5
14,"Duggan, Liam",7,4,5,12,0,0,0,1,0,1,1,0,0,0,0,4,9,0,0,4,0,1,89,-42,"West Coast","2019",5
3,"Gaff, Andrew",17,6,15,32,1,0,0,2,4,3,6,3,2,0,0,13,22,0,1,1,0,0,80,-42,"West Coast","2019",5
16,"Hickey, Tom",6,2,3,9,0,0,17,5,1,1,5,3,1,2,0,8,2,1,0,2,0,1,65,-42,"West Coast","2019",5
25,"Hurn, Shannon",24,7,9,33,0,0,0,3,11,2,0,3,2,1,0,4,19,0,0,5,0,0,88,-42,"West Coast","2019",5
34,"Hutchings, Mark",9,4,5,14,0,0,0,5,3,1,1,3,1,1,0,6,9,0,0,3,0,1,85,-42,"West Coast","2019",5
23,"Jetta, Lewis",16,7,8,24,0,0,0,2,6,2,0,2,0,1,0,5,18,0,0,3,0,0,84,-42,"West Coast","2019",5
17,"Kennedy, Josh",4,1,3,7,1,0,0,1,0,2,0,4,0,2,0,5,1,0,1,0,0,0,82,-42,"West Coast","2019",5
7,"Masten, Chris",8,1,7,15,0,0,0,0,2,3,0,4,1,0,0,6,9,0,0,1,0,1,86,-42,"West Coast","2019",5
20,"McGovern, Jeremy",12,7,7,19,0,0,0,0,5,2,0,4,1,0,0,4,13,1,0,9,0,0,81,-42,"West Coast","2019",5
21,"Petruccelle, Jack",14,7,4,18,5,2,0,3,0,3,0,3,3,1,1,5,14,0,3,0,0,0,79,-42,"West Coast","2019",5
8,"Redden, Jack",12,5,11,23,0,0,0,1,2,2,5,5,1,1,0,10,13,0,0,0,0,0,84,-42,"West Coast","2019",5
1,"Ryan, Liam",12,4,3,15,1,0,0,3,0,2,1,6,4,1,0,9,7,0,1,0,0,0,81,-42,"West Coast","2019",5
31,"Schofield, Will",10,6,4,14,0,0,0,2,6,0,1,3,1,1,0,3,11,0,0,12,0,0,90,-42,"West Coast","2019",5
4,"Sheed, Dom",15,6,12,27,0,0,0,0,0,7,4,3,1,1,0,9,18,0,0,0,0,0,84,-42,"West Coast","2019",5
5,"Sheppard, Brad",20,7,6,26,0,0,0,4,8,0,1,1,1,0,0,7,16,0,0,5,0,0,91,-42,"West Coast","2019",5
13,"Shuey, Luke",12,4,15,27,0,0,0,1,1,2,2,2,0,0,0,9,18,0,0,2,0,1,75,-42,"West Coast","2019",5
19,"Vardy, Nathan",1,1,2,3,0,0,18,1,0,0,0,1,0,0,0,2,2,1,0,3,0,0,75,-42,"West Coast","2019",5
6,"Yeo, Elliot",10,1,7,17,0,0,0,7,3,2,4,5,2,1,0,13,5,0,0,4,0,0,82,-42,"West Coast","2019",5
0,"Rushed",0,0,0,0,0,3,0,0,0,0,0,0,0,0,0,0,0,0,0,0,0,0,0,-42,"West Coast","2019",5
10,"Boak, Travis",12,3,11,23,0,1,0,4,0,4,8,6,1,2,0,13,11,0,0,0,0,0,84,42,"Port Adelaide","2019",5
26,"Bonner, Riley",15,4,5,20,0,0,0,1,1,5,0,3,0,1,0,5,16,0,0,1,0,0,85,42,"Port Adelaide","2019",5
3,"Burton, Ryan",15,2,7,22,0,1,0,2,3,3,2,5,0,2,0,8,11,0,0,2,0,0,73,42,"Port Adelaide","2019",5
18,"Butters, Zak",10,4,9,19,0,0,0,0,0,2,0,3,0,0,0,8,10,1,1,3,1,1,76,42,"Port Adelaide","2019",5
33,"Byrne-Jones, Darcy",11,5,7,18,0,0,0,1,1,2,1,0,0,0,0,4,12,0,0,1,0,0,82,42,"Port Adelaide","2019",5
17,"Clurey, Tom",8,2,3,11,0,0,0,4,2,1,0,1,0,1,0,2,7,0,0,4,0,0,96,42,"Port Adelaide","2019",5
28,"Drew, Willem",9,1,11,20,1,0,0,5,0,1,3,2,3,1,0,12,11,0,0,1,0,2,81,42,"Port Adelaide","2019",5
21,"Duursma, Xavier",5,3,7,12,2,0,0,0,0,4,2,0,0,0,0,4,6,0,1,2,0,0,85,42,"Port Adelaide","2019",5
7,"Ebert, Brad",10,5,6,16,2,1,0,7,0,5,2,2,0,1,0,4,12,2,1,1,2,0,86,42,"Port Adelaide","2019",5
9,"Gray, Robbie",6,3,8,14,0,1,0,2,1,2,3,5,0,2,0,5,12,0,0,4,0,0,81,42,"Port Adelaide","2019",5
46,"Gray, Sam",10,8,16,26,2,1,0,5,1,7,4,1,0,1,2,9,17,0,2,2,0,2,79,42,"Port Adelaide","2019",5
43,"Houston, Dan",13,2,4,17,1,0,0,2,5,1,0,3,2,3,0,10,6,1,0,5,0,0,87,42,"Port Adelaide","2019",5
32,"Howard, Dougal",13,5,7,20,0,0,0,2,4,2,1,1,2,1,0,7,13,0,0,8,0,0,82,42,"Port Adelaide","2019",5
42,"Jonas, Tom",9,4,4,13,0,0,0,1,4,0,0,4,1,0,0,3,10,0,0,8,0,0,95,42,"Port Adelaide","2019",5
29,"Lycett, Scott",7,6,5,12,0,1,27,0,2,4,2,0,0,0,0,6,6,4,1,4,0,0,76,42,"Port Adelaide","2019",5
13,"Marshall, Todd",8,3,2,10,1,2,0,1,0,4,0,0,2,0,0,7,3,2,1,2,0,0,81,42,"Port Adelaide","2019",5
2,"Powell-Pepper, Sam",16,1,3,19,1,2,0,3,0,4,3,5,1,2,0,9,11,0,0,2,1,0,71,42,"Port Adelaide","2019",5
11,"Rockliff, Tom",14,2,18,32,0,1,0,3,2,1,6,3,0,1,0,13,18,0,0,0,0,1,74,42,"Port Adelaide","2019",5
20,"Rozee, Connor",8,4,5,13,1,1,0,3,0,6,0,1,0,1,0,4,9,0,0,5,1,0,73,42,"Port Adelaide","2019",5
4,"Ryder, Paddy",8,5,5,13,1,2,19,1,0,3,2,1,1,1,0,8,6,1,3,7,0,1,83,42,"Port Adelaide","2019",5
39,"Westhoff, Justin",9,6,8,17,0,0,0,4,2,0,2,4,0,1,0,8,10,0,1,0,0,0,91,42,"Port Adelaide","2019",5
16,"Wines, Ollie",21,4,14,35,1,0,0,3,0,10,7,6,1,2,3,13,20,0,1,2,0,0,78,42,"Port Adelaide","2019",5
0,"Rushed",0,0,0,0,0,3,0,0,0,0,0,0,0,0,0,0,0,0,0,0,0,0,0,42,"Port Adelaide","2019",5
