"Number","Player","Kicks","Marks","Handballs","Disposals","Goals","Behinds","Hitouts","Tackles","Rebounds50s","Inside50s","Clearances","Clangers","FreesFor","FreesAgainst","BrownlowVotes","ContestedPossessions","UncontestedPossessions","ContestedMarks","MarksInside50","OnePercenters","Bounces","GoalAssists","PercentagePlayed","PointDifference","Team","Season","Round"
17,"Brown, Callum",4,0,10,14,0,0,0,6,1,2,1,2,0,0,0,2,11,0,0,0,2,0,86,-44,"Collingwood","2019",15
46,"Cox, Mason",4,2,6,10,2,0,2,0,0,0,0,2,1,1,0,3,5,2,1,2,0,0,95,-44,"Collingwood","2019",15
25,"Crisp, Jack",19,6,9,28,0,0,0,3,5,0,2,4,3,0,0,10,18,0,0,2,0,0,98,-44,"Collingwood","2019",15
26,"Daicos, Josh",10,4,12,22,0,0,0,4,3,3,3,0,1,0,0,6,16,0,0,1,0,0,78,-44,"Collingwood","2019",15
2,"de Goey, Jordan",13,5,4,17,1,0,0,1,0,3,0,3,2,0,0,7,11,0,1,2,0,0,89,-44,"Collingwood","2019",15
19,"Greenwood, Levi",11,5,4,15,0,0,0,6,5,0,0,1,4,1,0,5,11,2,0,2,0,0,80,-44,"Collingwood","2019",15
4,"Grundy, Brodie",8,3,15,23,0,1,44,2,2,2,5,5,2,2,0,16,8,1,0,2,0,0,95,-44,"Collingwood","2019",15
32,"Hoskin-Elliott, Will",6,5,7,13,0,0,0,0,0,2,1,0,0,0,0,5,8,0,1,0,0,1,92,-44,"Collingwood","2019",15
37,"Maynard, Brayden",13,6,8,21,0,0,0,1,4,3,0,3,1,2,0,3,16,0,0,4,0,0,84,-44,"Collingwood","2019",15
16,"Mayne, Chris",13,5,9,22,0,0,0,2,4,1,1,1,2,0,0,8,12,0,0,3,0,0,87,-44,"Collingwood","2019",15
41,"Mihocek, Brody",11,3,3,14,1,1,0,3,0,3,1,4,3,0,0,6,6,0,1,1,0,0,97,-44,"Collingwood","2019",15
30,"Moore, Darcy",10,5,3,13,0,0,0,2,8,0,0,3,0,1,0,5,3,2,1,16,0,0,86,-44,"Collingwood","2019",15
10,"Pendlebury, Scott",17,3,16,33,0,0,0,1,1,7,6,4,2,1,0,13,21,1,0,5,1,1,92,-44,"Collingwood","2019",15
21,"Phillips, Tom",14,5,8,22,1,0,0,0,4,3,1,2,0,0,0,6,16,0,0,1,0,0,91,-44,"Collingwood","2019",15
20,"Reid, Ben",0,0,0,0,0,0,0,0,0,0,0,0,0,0,0,0,0,0,0,0,0,0,3,-44,"Collingwood","2019",15
23,"Roughead, Jordan",9,8,5,14,0,0,0,2,6,1,1,2,0,1,0,6,8,1,0,7,0,0,92,-44,"Collingwood","2019",15
12,"Scharenberg, Matt",7,5,8,15,0,0,0,0,3,0,0,1,0,0,0,2,12,0,0,6,0,0,78,-44,"Collingwood","2019",15
22,"Sidebottom, Steele",10,6,13,23,0,0,0,4,1,0,1,4,1,0,0,8,16,0,0,1,0,0,93,-44,"Collingwood","2019",15
36,"Sier, Brayden",3,0,4,7,0,0,0,0,2,0,2,4,0,1,0,4,3,0,0,1,0,0,32,-44,"Collingwood","2019",15
24,"Thomas, Josh",4,1,9,13,0,0,0,2,0,0,4,2,2,0,0,7,7,0,0,1,0,0,78,-44,"Collingwood","2019",15
7,"Treloar, Adam",14,2,26,40,0,0,0,7,0,4,10,1,1,0,0,15,21,0,0,0,1,1,92,-44,"Collingwood","2019",15
18,"Varcoe, Travis",7,2,8,15,0,0,0,5,2,2,0,2,2,1,0,5,10,0,0,0,0,0,83,-44,"Collingwood","2019",15
0,"Rushed",0,0,0,0,0,5,0,0,0,0,0,0,0,0,0,0,0,0,0,0,0,0,0,-44,"Collingwood","2019",15
3,"Anderson, Jed",12,5,14,26,0,0,0,7,1,6,1,4,0,1,0,5,21,0,0,1,0,1,71,44,"North Melbourne","2019",15
18,"Atley, Shaun",7,4,20,27,0,0,0,0,2,3,2,0,0,0,0,10,17,0,0,0,0,1,87,44,"North Melbourne","2019",15
50,"Brown, Ben",12,9,2,14,0,4,2,1,0,4,0,4,1,2,0,7,8,3,4,1,0,0,100,44,"North Melbourne","2019",15
10,"Cunnington, Ben",13,2,24,37,0,0,0,4,1,4,7,2,0,1,3,17,20,1,0,1,0,1,79,44,"North Melbourne","2019",15
9,"Davies-Uniacke, Luke",4,0,11,15,2,0,0,1,0,0,1,0,0,0,0,6,9,0,0,0,0,0,64,44,"North Melbourne","2019",15
14,"Dumont, Trent",12,3,14,26,0,0,0,3,1,3,4,5,0,3,0,7,20,0,0,0,0,0,90,44,"North Melbourne","2019",15
24,"Durdin, Sam",11,4,7,18,0,0,0,2,2,1,0,3,2,1,0,7,10,0,0,7,0,0,90,44,"North Melbourne","2019",15
22,"Goldstein, Todd",3,1,13,16,0,0,30,0,1,3,4,3,2,2,0,9,8,0,0,4,0,0,88,44,"North Melbourne","2019",15
37,"Hayden, Kyron",1,0,3,4,0,0,0,5,0,0,0,1,1,1,0,2,2,0,0,1,0,0,41,44,"North Melbourne","2019",15
20,"Larkey, Nick",3,1,5,8,1,0,1,1,0,0,0,3,2,2,0,4,5,1,1,2,0,0,84,44,"North Melbourne","2019",15
11,"McDonald, Luke",7,6,3,10,0,0,0,2,2,1,0,0,0,0,0,0,11,0,0,3,0,0,95,44,"North Melbourne","2019",15
17,"Pittard, Jasper",15,9,10,25,0,0,0,1,4,5,0,0,0,0,0,5,20,1,0,7,0,2,71,44,"North Melbourne","2019",15
13,"Polec, Jared",16,4,11,27,1,1,0,3,4,6,2,4,0,1,0,6,21,0,1,2,2,0,92,44,"North Melbourne","2019",15
12,"Simpkin, Jy",16,0,14,30,0,0,0,4,2,7,11,7,1,5,0,17,15,0,0,1,0,0,80,44,"North Melbourne","2019",15
25,"Tarrant, Robbie",13,9,8,21,0,0,0,2,3,5,0,3,0,3,1,5,17,1,0,9,0,1,86,44,"North Melbourne","2019",15
26,"Thomas, Tarryn",3,3,13,16,1,1,0,6,0,0,1,2,0,1,0,5,11,0,2,1,0,0,77,44,"North Melbourne","2019",15
16,"Thompson, Scott",6,3,7,13,0,0,0,1,2,1,0,1,0,1,0,7,5,2,0,3,0,0,95,44,"North Melbourne","2019",15
28,"Turner, Kayne",4,1,12,16,2,0,0,3,2,1,1,4,1,1,0,9,7,0,1,1,0,0,79,44,"North Melbourne","2019",15
2,"Williams, Marley",9,1,10,19,0,0,0,5,3,2,0,4,0,0,0,2,17,0,0,2,0,0,78,44,"North Melbourne","2019",15
32,"Wood, Mason",6,5,10,16,1,3,0,2,0,4,0,0,0,0,0,7,8,1,3,0,0,1,86,44,"North Melbourne","2019",15
7,"Ziebell, Jack",18,5,7,25,3,1,0,5,0,5,7,4,1,1,2,10,15,1,1,2,0,0,84,44,"North Melbourne","2019",15
44,"Zurhaar, Cameron",5,3,6,11,0,1,0,1,0,3,2,1,0,1,0,5,6,1,1,0,0,0,86,44,"North Melbourne","2019",15
0,"Rushed",0,0,0,0,0,4,0,0,0,0,0,0,0,0,0,0,0,0,0,0,0,0,0,44,"North Melbourne","2019",15
