"Number","Player","Kicks","Marks","Handballs","Disposals","Goals","Behinds","Hitouts","Tackles","Rebounds50s","Inside50s","Clearances","Clangers","FreesFor","FreesAgainst","BrownlowVotes","ContestedPossessions","UncontestedPossessions","ContestedMarks","MarksInside50","OnePercenters","Bounces","GoalAssists","PercentagePlayed","PointDifference","Team","Season","Round"
21,"Atkins, Rory",10,7,10,20,0,0,0,3,3,0,0,4,0,0,0,6,14,0,0,1,0,0,82,22,"Adelaide","2019",20
18,"Betts, Eddie",5,4,6,11,3,0,0,2,0,0,0,0,0,0,0,6,5,2,3,0,0,0,83,22,"Adelaide","2019",20
16,"Brown, Luke",10,8,7,17,0,0,0,1,3,0,0,0,0,0,0,4,12,0,0,0,0,0,87,22,"Adelaide","2019",20
2,"Crouch, Brad",14,3,15,29,0,0,0,7,3,1,7,2,2,1,0,14,14,0,0,2,0,0,78,22,"Adelaide","2019",20
5,"Crouch, Matt",16,6,19,35,2,0,0,3,2,5,0,5,1,1,3,8,27,0,0,0,0,0,70,22,"Adelaide","2019",20
26,"Douglas, Richard",13,1,6,19,1,0,0,5,0,6,4,3,2,0,0,10,9,0,0,0,0,3,82,22,"Adelaide","2019",20
32,"Fogarty, Darcy",6,5,3,9,1,1,0,0,0,5,0,0,0,0,0,2,7,1,0,2,0,1,72,22,"Adelaide","2019",20
6,"Gibbs, Bryce",19,5,10,29,0,0,0,5,1,4,6,3,2,1,0,10,20,0,0,1,0,0,70,22,"Adelaide","2019",20
15,"Hartigan, Kyle",3,2,4,7,0,0,0,0,2,0,0,5,0,3,0,2,6,0,0,5,0,0,93,22,"Adelaide","2019",20
8,"Kelly, Jake",12,7,2,14,0,0,0,1,1,0,0,0,2,0,0,4,9,2,0,4,0,0,91,22,"Adelaide","2019",20
3,"Knight, Riley",3,1,7,10,0,0,0,6,1,0,3,2,1,1,0,7,3,0,0,1,0,0,76,22,"Adelaide","2019",20
29,"Laird, Rory",17,12,21,38,0,0,0,1,8,0,1,5,1,0,2,12,26,0,0,0,0,1,81,22,"Adelaide","2019",20
27,"Lynch, Tom",16,9,6,22,1,1,0,3,1,5,0,1,1,0,0,5,16,1,1,2,1,1,87,22,"Adelaide","2019",20
14,"Mackay, David",16,6,3,19,0,1,0,7,3,3,0,2,2,0,0,4,16,0,0,2,0,0,80,22,"Adelaide","2019",20
30,"Milera, Wayne",15,11,5,20,0,0,0,0,7,2,0,1,0,1,0,2,17,1,0,3,0,0,85,22,"Adelaide","2019",20
44,"Murphy, Lachlan",5,1,3,8,1,2,0,4,0,2,0,1,3,1,0,5,3,0,1,0,0,0,80,22,"Adelaide","2019",20
43,"OBrien, Reilly",5,2,7,12,0,0,31,7,1,0,3,4,2,2,0,7,2,0,1,1,0,0,84,22,"Adelaide","2019",20
22,"Otten, Andy",9,8,5,14,0,0,3,0,1,1,1,0,1,0,0,4,11,0,1,3,0,0,79,22,"Adelaide","2019",20
9,"Sloane, Rory",12,9,11,23,0,1,0,6,1,3,2,4,1,1,0,8,15,1,0,2,0,0,82,22,"Adelaide","2019",20
33,"Smith, Brodie",16,8,7,23,1,0,0,3,0,6,3,4,0,1,0,8,16,1,2,0,0,0,79,22,"Adelaide","2019",20
12,"Talia, Daniel",12,8,3,15,0,0,0,2,3,1,0,2,1,1,0,4,11,1,0,5,0,0,92,22,"Adelaide","2019",20
13,"Walker, Taylor",10,6,2,12,4,0,0,0,0,2,1,4,0,1,1,6,7,1,2,2,0,1,87,22,"Adelaide","2019",20
0,"Rushed",0,0,0,0,0,2,0,0,0,0,0,0,0,0,0,0,0,0,0,0,0,0,0,22,"Adelaide","2019",20
26,"Battle, Josh",11,6,4,15,0,0,0,4,2,1,0,2,0,1,0,2,12,0,0,3,0,0,76,-22,"St Kilda","2019",20
15,"Billings, Jack",14,7,12,26,0,0,0,4,4,2,4,4,0,0,0,12,14,0,0,3,1,0,87,-22,"St Kilda","2019",20
22,"Brown, Nathan",4,4,4,8,0,0,0,0,0,0,1,0,0,0,0,2,6,0,0,10,0,0,87,-22,"St Kilda","2019",20
27,"Bruce, Josh",6,3,5,11,1,3,1,1,0,0,2,2,2,2,0,9,4,1,2,3,0,0,88,-22,"St Kilda","2019",20
2,"Carlisle, Jake",9,6,2,11,0,0,1,0,1,0,0,1,0,0,0,2,9,0,0,3,0,0,88,-22,"St Kilda","2019",20
11,"Clark, Hunter",12,5,14,26,0,0,0,2,3,2,2,6,0,1,0,8,19,1,0,1,0,0,79,-22,"St Kilda","2019",20
1,"Coffield, Nick",14,6,4,18,0,0,0,1,3,3,0,2,0,1,0,4,12,1,0,1,0,0,83,-22,"St Kilda","2019",20
7,"Dunstan, Luke",10,1,14,24,0,0,0,5,1,6,9,4,1,2,0,13,7,0,0,0,0,0,81,-22,"St Kilda","2019",20
4,"Gresham, Jade",16,8,6,22,1,2,0,2,2,3,2,4,2,2,0,7,15,0,1,0,1,0,80,-22,"St Kilda","2019",20
40,"Hind, Nick",5,2,5,10,1,0,0,3,0,1,1,3,0,2,0,5,5,0,0,0,3,0,69,-22,"St Kilda","2019",20
46,"Langlands, Doulton",6,3,5,11,0,0,0,2,0,1,1,5,0,2,0,3,8,0,0,1,0,0,63,-22,"St Kilda","2019",20
21,"Long, Ben",2,2,2,4,1,0,0,1,0,2,0,2,0,0,0,3,2,0,0,4,0,0,71,-22,"St Kilda","2019",20
13,"Lonie, Jack",7,3,1,8,1,1,0,3,0,0,1,0,1,0,0,3,5,1,2,1,0,0,78,-22,"St Kilda","2019",20
19,"Marshall, Rowan",9,5,11,20,0,0,32,2,4,2,6,5,3,2,0,16,6,2,0,2,0,0,89,-22,"St Kilda","2019",20
36,"McKenzie, Daniel",5,1,5,10,0,0,0,1,0,0,2,2,0,1,0,6,5,0,1,5,0,1,85,-22,"St Kilda","2019",20
28,"Membrey, Tim",13,8,4,17,3,1,0,2,0,5,0,1,2,0,0,6,10,1,2,3,0,0,92,-22,"St Kilda","2019",20
34,"Parker, Matthew",10,4,1,11,1,1,0,0,0,4,0,2,1,0,0,2,10,0,1,0,0,1,84,-22,"St Kilda","2019",20
6,"Ross, Sebastian",12,6,13,25,1,0,0,4,1,8,5,3,1,2,0,9,16,0,0,0,0,0,78,-22,"St Kilda","2019",20
5,"Savage, Shane",13,8,4,17,0,0,0,4,3,1,0,1,1,0,0,7,10,3,0,2,0,0,91,-22,"St Kilda","2019",20
35,"Sinclair, Jack",8,2,5,13,0,0,0,4,3,4,1,0,1,0,0,4,9,0,0,1,0,2,78,-22,"St Kilda","2019",20
9,"Steele, Jack",13,2,13,26,0,0,0,7,2,6,5,2,0,1,0,11,17,0,0,3,0,1,87,-22,"St Kilda","2019",20
44,"Wilkie, Callum",11,9,3,14,0,0,0,2,3,2,0,4,0,3,0,5,8,2,0,7,0,0,88,-22,"St Kilda","2019",20
0,"Rushed",0,0,0,0,0,2,0,0,0,0,0,0,0,0,0,0,0,0,0,0,0,0,0,-22,"St Kilda","2019",20
