"Number","Player","Kicks","Marks","Handballs","Disposals","Goals","Behinds","Hitouts","Tackles","Rebounds50s","Inside50s","Clearances","Clangers","FreesFor","FreesAgainst","BrownlowVotes","ContestedPossessions","UncontestedPossessions","ContestedMarks","MarksInside50","OnePercenters","Bounces","GoalAssists","PercentagePlayed","PointDifference","Team","Season","Round"
13,"Adams, Taylor",18,4,10,28,0,1,0,8,3,5,6,6,0,1,0,11,17,0,0,6,1,0,82,14,"Collingwood","2019",4
14,"Aish, James",5,1,6,11,0,0,0,4,0,0,0,3,0,0,0,1,10,0,0,3,0,0,84,14,"Collingwood","2019",4
17,"Brown, Callum",9,6,8,17,0,1,0,3,0,2,0,3,1,3,0,6,13,0,1,1,0,1,68,14,"Collingwood","2019",4
46,"Cox, Mason",7,6,6,13,1,0,2,2,1,1,1,2,2,0,0,11,2,6,2,5,0,1,94,14,"Collingwood","2019",4
25,"Crisp, Jack",11,1,7,18,0,1,0,4,3,5,3,3,1,1,0,8,10,0,0,3,2,1,90,14,"Collingwood","2019",4
2,"de Goey, Jordan",14,7,5,19,1,3,0,4,0,4,3,3,4,1,1,8,9,0,3,0,0,0,88,14,"Collingwood","2019",4
5,"Elliott, Jamie",9,5,2,11,2,1,0,1,0,1,0,2,0,1,0,4,8,1,3,0,0,0,70,14,"Collingwood","2019",4
4,"Grundy, Brodie",9,4,13,22,0,1,58,8,1,0,5,4,4,3,3,17,8,2,0,0,0,0,93,14,"Collingwood","2019",4
38,"Howe, Jeremy",9,3,8,17,0,0,0,1,6,1,0,2,0,0,0,6,8,1,0,10,0,0,87,14,"Collingwood","2019",4
8,"Langdon, Tom",3,4,17,20,0,0,0,0,2,0,0,0,0,0,0,9,11,1,0,2,0,0,82,14,"Collingwood","2019",4
37,"Maynard, Brayden",8,4,4,12,0,0,0,3,4,3,0,0,0,0,0,3,10,0,0,3,0,0,85,14,"Collingwood","2019",4
16,"Mayne, Chris",1,1,2,3,0,0,0,0,0,0,1,1,0,0,0,2,1,0,0,0,0,0,4,14,"Collingwood","2019",4
41,"Mihocek, Brody",10,6,3,13,0,2,0,1,0,6,0,3,2,0,0,3,10,0,2,0,0,0,88,14,"Collingwood","2019",4
30,"Moore, Darcy",10,4,10,20,0,0,0,1,8,0,0,4,1,0,0,7,8,1,0,5,0,0,89,14,"Collingwood","2019",4
10,"Pendlebury, Scott",11,2,16,27,0,0,0,3,1,2,5,4,1,1,0,9,16,0,0,0,0,0,77,14,"Collingwood","2019",4
21,"Phillips, Tom",19,8,10,29,2,1,0,5,5,4,2,3,1,1,0,8,22,0,0,0,0,0,93,14,"Collingwood","2019",4
23,"Roughead, Jordan",9,9,5,14,0,0,0,0,1,0,0,1,0,1,0,6,9,2,0,9,0,0,82,14,"Collingwood","2019",4
22,"Sidebottom, Steele",17,7,8,25,0,0,0,2,3,5,2,2,0,2,0,10,19,0,0,3,0,1,93,14,"Collingwood","2019",4
1,"Stephenson, Jaidyn",11,5,6,17,2,1,0,2,3,0,0,2,0,2,0,3,14,0,0,0,0,1,88,14,"Collingwood","2019",4
24,"Thomas, Josh",9,3,4,13,2,0,0,3,1,5,1,2,1,1,0,5,8,0,1,1,1,0,93,14,"Collingwood","2019",4
7,"Treloar, Adam",9,2,17,26,0,0,0,5,1,2,4,3,1,2,0,4,20,0,0,0,1,1,81,14,"Collingwood","2019",4
18,"Varcoe, Travis",11,6,9,20,1,0,0,4,0,6,0,3,1,1,0,6,14,0,1,0,0,1,87,14,"Collingwood","2019",4
0,"Totals",219,98,176,395,11,12,60,64,43,52,33,56,20,21,4,147,247,14,13,51,5,7,0,14,"Collingwood","2019",4
4,"Bontempelli, Marcus",15,3,21,36,0,1,0,7,3,7,8,5,1,2,2,16,21,0,1,4,0,0,88,-14,"Western Bulldogs","2019",4
12,"Cordy, Zaine",1,2,7,8,0,0,0,2,2,0,0,4,0,2,0,4,5,1,0,7,0,0,96,-14,"Western Bulldogs","2019",4
9,"Crozier, Hayden",12,7,1,13,0,0,0,3,4,2,0,0,1,0,0,4,8,2,1,11,0,0,91,-14,"Western Bulldogs","2019",4
35,"Daniel, Caleb",21,6,9,30,0,0,0,3,8,2,1,4,0,2,0,6,20,0,0,0,1,0,83,-14,"Western Bulldogs","2019",4
29,"Dickson, Tory",6,4,7,13,1,1,0,2,0,2,0,2,1,0,0,9,4,1,1,0,0,1,79,-14,"Western Bulldogs","2019",4
5,"Dunkley, Josh",6,5,9,15,1,0,0,3,0,2,2,1,1,1,0,6,10,0,0,2,0,0,88,-14,"Western Bulldogs","2019",4
15,"Duryea, Taylor",13,6,8,21,0,0,0,1,3,3,0,4,2,2,0,6,15,0,0,3,0,0,61,-14,"Western Bulldogs","2019",4
44,"English, Tim",6,6,11,17,0,1,6,6,1,1,2,2,0,1,0,4,12,1,1,4,0,1,79,-14,"Western Bulldogs","2019",4
26,"Gowers, Billy",1,0,4,5,0,0,0,3,0,0,0,3,0,2,0,3,2,0,0,1,0,0,70,-14,"Western Bulldogs","2019",4
7,"Hunter, Lachie",13,12,16,29,0,0,0,0,1,5,0,0,1,0,0,5,27,0,0,2,0,0,92,-14,"Western Bulldogs","2019",4
39,"Johannisen, Jason",18,8,7,25,0,0,0,3,5,2,0,2,1,0,0,4,18,0,0,0,1,1,83,-14,"Western Bulldogs","2019",4
21,"Liberatore, Tom",12,5,13,25,0,1,0,7,1,5,3,1,2,0,0,12,14,0,0,2,0,0,78,-14,"Western Bulldogs","2019",4
22,"Lloyd, Sam",10,6,2,12,2,1,0,3,0,3,0,1,0,0,0,1,12,0,3,0,0,1,83,-14,"Western Bulldogs","2019",4
11,"Macrae, Jack",14,5,19,33,0,0,0,3,1,2,4,3,5,1,0,15,19,0,0,1,0,1,88,-14,"Western Bulldogs","2019",4
16,"McLean, Toby",6,7,9,15,1,0,0,4,0,2,0,0,0,0,0,5,12,0,2,2,1,0,81,-14,"Western Bulldogs","2019",4
33,"Naughton, Aaron",6,5,5,11,1,1,0,0,0,2,0,2,0,0,0,5,6,4,1,3,0,1,93,-14,"Western Bulldogs","2019",4
20,"Richards, Ed",6,3,6,12,0,0,0,1,2,3,1,3,0,1,0,2,10,0,0,1,0,0,78,-14,"Western Bulldogs","2019",4
13,"Schache, Josh",1,1,3,4,0,0,0,0,0,1,1,1,0,1,0,2,2,0,0,1,0,0,72,-14,"Western Bulldogs","2019",4
6,"Smith, Bailey",10,4,3,13,1,1,0,2,1,3,0,2,0,1,0,6,10,0,0,2,0,0,67,-14,"Western Bulldogs","2019",4
1,"Suckling, Matt",21,8,6,27,1,1,0,1,4,3,0,1,1,1,0,4,18,0,0,1,1,0,79,-14,"Western Bulldogs","2019",4
3,"Wallis, Mitch",8,4,11,19,1,0,0,2,2,2,4,5,2,1,0,7,13,0,0,1,0,0,78,-14,"Western Bulldogs","2019",4
10,"Wood, Easton",13,7,2,15,0,0,0,2,2,0,0,2,3,2,0,6,11,0,0,5,0,0,92,-14,"Western Bulldogs","2019",4
0,"Rushed",0,0,0,0,0,2,0,0,0,0,0,0,0,0,0,0,0,0,0,0,0,0,0,-14,"Western Bulldogs","2019",4
