"Number","Player","Kicks","Marks","Handballs","Disposals","Goals","Behinds","Hitouts","Tackles","Rebounds50s","Inside50s","Clearances","Clangers","FreesFor","FreesAgainst","BrownlowVotes","ContestedPossessions","UncontestedPossessions","ContestedMarks","MarksInside50","OnePercenters","Bounces","GoalAssists","PercentagePlayed","PointDifference","Team","Season","Round"
10,"Bonar, Aiden",7,2,5,12,0,0,0,3,0,1,1,0,0,0,0,4,9,1,0,1,0,1,58,2,"Greater Western Sydney","2019",20
16,"Daniels, Brent",8,2,4,12,1,1,0,2,0,4,1,3,1,0,0,4,9,0,1,1,0,0,77,2,"Greater Western Sydney","2019",20
1,"Davis, Phil",5,4,3,8,0,1,0,2,1,1,0,1,0,0,0,5,3,2,0,4,0,0,92,2,"Greater Western Sydney","2019",20
7,"Deledio, Brett",12,7,11,23,0,2,0,4,1,4,1,1,1,0,0,10,13,1,0,1,0,0,86,2,"Greater Western Sydney","2019",20
31,"Finlayson, Jeremy",11,6,2,13,2,2,0,2,0,3,0,1,1,0,0,2,8,0,3,2,4,2,79,2,"Greater Western Sydney","2019",20
4,"Greene, Toby",22,8,12,34,1,1,0,6,1,7,10,6,1,0,2,18,18,2,0,0,0,1,79,2,"Greater Western Sydney","2019",20
9,"Hately, Jackson",8,1,7,15,0,0,0,5,2,2,2,3,0,1,0,6,11,0,0,0,0,0,81,2,"Greater Western Sydney","2019",20
19,"Haynes, Nick",14,12,4,18,0,1,0,4,4,2,0,3,1,0,0,10,10,4,0,5,0,1,88,2,"Greater Western Sydney","2019",20
37,"Hill, Bobby",7,4,4,11,1,0,0,1,1,3,2,1,0,0,0,3,10,0,0,0,0,2,62,2,"Greater Western Sydney","2019",20
27,"Himmelberg, Harry",3,2,7,10,2,0,0,4,0,1,0,2,0,2,0,7,4,1,2,2,0,1,89,2,"Greater Western Sydney","2019",20
2,"Hopper, Jacob",16,7,10,26,3,1,0,4,0,4,4,3,1,1,0,8,16,0,0,1,0,0,78,2,"Greater Western Sydney","2019",20
39,"Idun, Connor",5,3,3,8,0,0,0,2,0,1,0,3,1,2,0,3,5,0,0,4,0,0,69,2,"Greater Western Sydney","2019",20
25,"Keeffe, Lachlan",4,3,0,4,1,0,4,1,0,1,0,0,0,0,0,0,4,0,1,3,0,0,87,2,"Greater Western Sydney","2019",20
41,"Mumford, Shane",5,1,8,13,0,0,54,5,0,4,5,2,0,2,0,10,6,0,0,3,0,0,90,2,"Greater Western Sydney","2019",20
36,"Perryman, Harry",14,4,3,17,0,0,0,2,2,4,0,1,0,0,0,4,11,0,0,4,0,0,83,2,"Greater Western Sydney","2019",20
50,"Reid, Sam",16,10,9,25,0,0,0,3,5,0,1,2,1,1,0,4,22,0,0,2,0,0,93,2,"Greater Western Sydney","2019",20
23,"Shaw, Heath",18,10,1,19,0,0,0,3,4,1,0,3,0,1,0,5,14,1,0,4,2,0,96,2,"Greater Western Sydney","2019",20
42,"Stein, Jake",4,3,4,8,0,0,0,4,0,2,0,1,1,1,0,5,4,0,0,5,0,0,78,2,"Greater Western Sydney","2019",20
14,"Taranto, Tim",13,5,12,25,0,0,0,4,0,3,5,4,2,4,0,7,18,0,0,1,0,2,78,2,"Greater Western Sydney","2019",20
20,"Tomlinson, Adam",15,7,4,19,0,0,0,1,2,2,4,4,0,0,0,6,13,0,0,2,0,1,91,2,"Greater Western Sydney","2019",20
6,"Whitfield, Lachie",18,9,8,26,1,0,0,3,6,1,4,0,0,0,0,9,12,0,1,0,0,0,90,2,"Greater Western Sydney","2019",20
29,"Williams, Zac",22,10,10,32,0,1,0,6,3,5,10,2,1,0,3,15,16,0,0,3,0,0,74,2,"Greater Western Sydney","2019",20
0,"Rushed",0,0,0,0,0,1,0,0,0,0,0,0,0,0,0,0,0,0,0,0,0,0,0,2,"Greater Western Sydney","2019",20
36,"Aliir, Aliir",11,5,8,19,0,0,0,1,7,0,0,4,1,2,0,6,13,1,0,6,0,0,82,-2,"Sydney","2019",20
22,"Blakey, Nick",7,5,2,9,1,0,0,2,0,2,0,2,1,2,0,3,6,2,1,0,1,1,79,-2,"Sydney","2019",20
4,"Clarke, Ryan",12,3,14,26,1,0,0,4,2,8,5,4,0,1,0,9,17,0,0,0,0,2,89,-2,"Sydney","2019",20
34,"Dawson, Jordan",13,6,7,20,1,0,0,3,7,0,0,3,0,0,0,6,12,1,0,4,0,0,56,-2,"Sydney","2019",20
13,"Florent, Oliver",17,3,11,28,0,0,0,2,4,6,4,2,1,0,0,7,21,0,0,0,2,1,86,-2,"Sydney","2019",20
42,"Fox, Robbie",5,3,11,16,0,0,0,2,1,1,1,3,0,1,0,5,11,1,0,2,1,0,79,-2,"Sydney","2019",20
5,"Heeney, Isaac",12,7,6,18,4,2,0,2,0,1,2,1,2,0,1,12,6,3,2,3,0,0,86,-2,"Sydney","2019",20
29,"Hewett, George",6,4,11,17,0,0,0,4,1,2,0,1,0,0,0,6,13,0,0,1,0,0,87,-2,"Sydney","2019",20
15,"Jack, Kieren",8,2,4,12,0,0,0,2,0,3,3,0,1,0,0,4,7,0,0,2,0,0,71,-2,"Sydney","2019",20
10,"Jones, Zak",14,5,6,20,0,0,0,7,2,0,0,3,0,1,0,4,16,0,0,3,0,0,83,-2,"Sydney","2019",20
12,"Kennedy, Josh",7,1,14,21,0,0,0,10,0,3,0,7,1,3,0,7,14,0,0,1,0,0,70,-2,"Sydney","2019",20
44,"Lloyd, Jake",13,5,18,31,0,0,0,1,5,2,1,3,1,0,0,9,17,0,0,1,1,0,96,-2,"Sydney","2019",20
30,"McCartin, Tom",6,5,8,14,0,0,0,1,3,1,1,1,0,0,0,8,8,3,0,2,2,1,90,-2,"Sydney","2019",20
41,"McLean, Hayden",8,4,6,14,0,0,18,5,1,0,7,4,2,0,0,8,6,0,1,4,0,1,85,-2,"Sydney","2019",20
2,"Menzel, Daniel",9,6,5,14,1,2,0,0,0,2,0,0,1,0,0,8,6,2,1,3,0,0,78,-2,"Sydney","2019",20
14,"Mills, Callum",8,4,7,15,0,0,0,1,4,1,0,2,0,1,0,5,8,2,0,6,0,0,86,-2,"Sydney","2019",20
11,"Papley, Tom",13,9,4,17,2,2,0,4,1,2,0,1,1,0,0,3,14,0,2,1,0,1,82,-2,"Sydney","2019",20
26,"Parker, Luke",11,3,11,22,0,0,0,6,1,3,5,2,2,1,0,10,11,0,0,1,0,1,86,-2,"Sydney","2019",20
20,"Reid, Sam",5,5,3,8,0,0,10,5,1,0,0,1,0,0,0,4,4,2,0,5,0,0,89,-2,"Sydney","2019",20
25,"Ronke, Ben",5,4,5,10,2,1,0,1,0,2,0,0,1,0,0,1,9,0,1,0,0,0,76,-2,"Sydney","2019",20
1,"Rose, James",5,2,0,5,0,0,0,2,0,2,0,3,0,0,0,4,2,1,1,3,1,0,56,-2,"Sydney","2019",20
8,"Rowbottom, James",10,2,3,13,0,0,0,2,2,3,2,5,0,0,0,7,6,0,0,1,0,0,71,-2,"Sydney","2019",20
0,"Rushed",0,0,0,0,0,2,0,0,0,0,0,0,0,0,0,0,0,0,0,0,0,0,0,-2,"Sydney","2019",20
