"Number","Player","Kicks","Marks","Handballs","Disposals","Goals","Behinds","Hitouts","Tackles","Rebounds50s","Inside50s","Clearances","Clangers","FreesFor","FreesAgainst","BrownlowVotes","ContestedPossessions","UncontestedPossessions","ContestedMarks","MarksInside50","OnePercenters","Bounces","GoalAssists","PercentagePlayed","PointDifference","Team","Season","Round"
14,"Birchall, Grant",13,8,8,21,0,0,0,1,5,1,1,2,0,1,0,7,15,0,0,2,0,0,66,31,"Hawthorn","2019",17
22,"Breust, Luke",7,3,5,12,3,0,0,8,0,2,2,1,2,0,0,7,5,1,1,0,0,0,78,31,"Hawthorn","2019",17
9,"Burgoyne, Shaun",11,6,6,17,0,0,0,4,3,2,2,2,2,0,0,9,10,1,0,7,0,0,76,31,"Hawthorn","2019",17
12,"Frawley, James",7,4,3,10,0,0,0,2,4,0,0,1,0,1,0,3,7,0,0,1,0,0,89,31,"Hawthorn","2019",17
41,"Hanrahan, Oliver",9,5,4,13,2,1,0,2,1,2,0,0,1,0,0,3,10,0,2,1,0,0,70,31,"Hawthorn","2019",17
15,"Hardwick, Blake",10,5,5,15,1,0,0,4,1,4,0,0,2,0,0,3,14,0,0,5,0,0,90,31,"Hawthorn","2019",17
31,"Henderson, Ricky",20,11,5,25,0,0,0,5,5,7,3,1,0,0,2,4,22,0,0,3,1,2,79,31,"Hawthorn","2019",17
17,"Howe, Daniel",10,6,8,18,0,1,0,6,0,5,1,4,2,1,0,8,12,0,0,6,0,0,88,31,"Hawthorn","2019",17
4,"Impey, Jarman",12,3,5,17,0,1,0,6,3,2,1,5,1,1,0,5,13,0,0,2,0,1,85,31,"Hawthorn","2019",17
8,"Lewis, Mitch",10,5,6,16,3,2,6,0,1,1,0,1,0,1,0,7,8,4,4,4,0,1,88,31,"Hawthorn","2019",17
7,"McEvoy, Ben",6,4,7,13,0,0,38,3,0,1,3,1,2,1,0,9,4,2,0,2,0,0,76,31,"Hawthorn","2019",17
11,"Nash, Conor",4,1,8,12,1,0,0,3,1,1,2,3,2,1,0,9,2,0,0,3,0,0,83,31,"Hawthorn","2019",17
23,"OBrien, Tim",6,4,3,9,0,2,1,1,0,1,0,2,0,0,0,5,5,3,1,1,0,0,82,31,"Hawthorn","2019",17
10,"OMeara, Jaeger",13,5,10,23,0,0,0,6,2,3,5,4,1,1,0,14,9,0,0,1,0,1,85,31,"Hawthorn","2019",17
28,"Puopolo, Paul",6,1,5,11,0,0,0,5,0,3,0,2,0,1,0,4,7,0,1,1,0,0,79,31,"Hawthorn","2019",17
21,"Scully, Tom",9,4,7,16,0,0,0,2,1,2,3,2,0,1,0,6,11,0,0,1,0,0,85,31,"Hawthorn","2019",17
26,"Shiels, Liam",5,1,16,21,0,1,0,6,1,0,5,3,0,1,0,9,12,0,1,3,1,0,79,31,"Hawthorn","2019",17
6,"Sicily, James",14,7,2,16,0,0,0,2,4,0,0,5,1,4,0,2,12,1,0,4,0,0,92,31,"Hawthorn","2019",17
16,"Smith, Isaac",13,4,10,23,0,0,0,2,1,5,1,3,0,1,0,7,15,0,0,0,1,2,84,31,"Hawthorn","2019",17
24,"Stratton, Ben",7,5,6,13,0,0,0,1,0,0,0,1,1,1,0,1,11,0,0,5,0,0,96,31,"Hawthorn","2019",17
20,"Wingard, Chad",8,4,7,15,2,0,0,6,0,3,1,1,1,0,0,5,10,0,2,0,1,1,72,31,"Hawthorn","2019",17
5,"Worpel, James",21,5,12,33,0,0,0,4,3,3,9,4,0,0,1,15,18,0,1,2,0,1,76,31,"Hawthorn","2019",17
0,"Rushed",0,0,0,0,0,4,0,0,0,0,0,0,0,0,0,0,0,0,0,0,0,0,0,31,"Hawthorn","2019",17
19,"Blakely, Connor",13,8,12,25,0,0,0,1,2,1,2,3,2,0,0,9,16,0,0,3,0,0,95,-31,"Fremantle","2019",17
8,"Brayshaw, Andrew",7,3,10,17,0,0,0,8,2,4,2,2,0,0,0,11,9,0,0,3,0,0,77,-31,"Fremantle","2019",17
5,"Cerra, Adam",5,3,4,9,0,1,0,2,0,1,0,3,1,1,0,4,5,1,0,1,0,0,85,-31,"Fremantle","2019",17
33,"Colyer, Travis",7,3,3,10,0,0,0,2,0,5,2,0,1,0,0,2,8,0,0,0,0,0,58,-31,"Fremantle","2019",17
6,"Conca, Reece",12,2,11,23,0,0,0,6,2,1,8,4,1,1,0,10,12,0,0,0,0,0,69,-31,"Fremantle","2019",17
4,"Darcy, Sean",5,4,9,14,0,0,24,1,2,1,2,5,0,3,0,2,12,0,0,5,0,0,80,-31,"Fremantle","2019",17
7,"Fyfe, Nat",13,6,11,24,3,0,0,8,2,2,5,2,2,1,3,16,8,3,2,1,0,0,86,-31,"Fremantle","2019",17
21,"Hamling, Joel",2,4,4,6,0,0,0,1,1,0,0,1,0,1,0,3,4,1,0,6,0,0,100,-31,"Fremantle","2019",17
9,"Hill, Bradley",22,5,15,37,0,0,0,2,4,3,3,5,1,2,0,8,30,1,0,1,1,1,89,-31,"Fremantle","2019",17
32,"Hill, Stephen",5,2,9,14,1,0,0,3,0,1,0,4,0,2,0,5,9,1,1,2,0,0,71,-31,"Fremantle","2019",17
15,"Hughes, Ethan",9,4,8,17,0,0,0,0,0,2,0,4,1,1,0,8,9,1,0,2,0,0,83,-31,"Fremantle","2019",17
26,"Langdon, Ed",14,3,10,24,0,0,0,2,0,4,0,3,0,0,0,7,17,0,0,1,0,0,80,-31,"Fremantle","2019",17
37,"Lobb, Rory",9,4,4,13,1,2,24,2,0,3,4,1,2,0,0,9,5,1,3,3,0,1,98,-31,"Fremantle","2019",17
3,"Matera, Brandon",6,3,2,8,1,2,0,1,0,0,0,1,0,1,0,1,7,0,2,2,0,0,72,-31,"Fremantle","2019",17
23,"McCarthy, Cam",7,4,3,10,1,0,0,3,0,2,1,3,1,1,0,6,3,1,1,0,0,1,89,-31,"Fremantle","2019",17
16,"Mundy, David",10,4,12,22,0,0,0,6,2,5,5,2,1,0,0,9,14,0,0,2,0,2,76,-31,"Fremantle","2019",17
43,"Nyhuis, Ryan",8,4,4,12,0,0,0,1,1,1,0,1,0,0,0,2,10,1,0,4,0,0,86,-31,"Fremantle","2019",17
38,"Ryan, Luke",19,9,4,23,0,0,0,2,9,1,0,4,1,0,0,5,18,0,0,7,0,0,83,-31,"Fremantle","2019",17
39,"Switkowski, Sam",2,2,5,7,0,0,0,6,0,2,1,0,1,0,0,5,3,0,1,2,0,1,71,-31,"Fremantle","2019",17
18,"Tucker, Darcy",6,5,12,18,1,0,0,6,0,0,0,2,0,0,0,5,12,1,1,0,0,0,84,-31,"Fremantle","2019",17
10,"Walters, Michael",14,4,11,25,0,0,0,2,2,2,7,6,2,3,0,14,11,0,0,1,0,0,86,-31,"Fremantle","2019",17
14,"Wilson, Nathan",16,3,4,20,0,0,0,0,5,4,0,3,0,1,0,4,13,0,0,7,4,0,84,-31,"Fremantle","2019",17
0,"Totals",211,89,167,378,8,5,48,65,34,45,42,59,17,18,3,145,235,12,11,53,5,6,0,-31,"Fremantle","2019",17
