"Number","Player","Kicks","Marks","Handballs","Disposals","Goals","Behinds","Hitouts","Tackles","Rebounds50s","Inside50s","Clearances","Clangers","FreesFor","FreesAgainst","BrownlowVotes","ContestedPossessions","UncontestedPossessions","ContestedMarks","MarksInside50","OnePercenters","Bounces","GoalAssists","PercentagePlayed","PointDifference","Team","Season","Round"
41,"Casboult, Levi",9,7,8,17,0,0,7,5,2,3,1,4,0,2,0,8,8,4,0,4,0,0,88,-3,"Carlton","2019",13
9,"Cripps, Patrick",6,2,16,22,0,0,0,3,0,4,7,3,2,1,0,11,11,0,0,1,1,0,88,-3,"Carlton","2019",13
28,"Cuningham, David",10,7,5,15,2,2,0,2,1,3,0,1,0,0,0,3,12,0,1,0,0,0,73,-3,"Carlton","2019",13
30,"Curnow, Charlie",15,7,2,17,7,1,0,1,0,2,0,2,5,0,3,11,6,2,5,3,0,1,93,-3,"Carlton","2019",13
35,"Curnow, Ed",2,0,10,12,0,0,0,4,0,0,7,4,0,3,0,8,5,0,0,1,0,0,80,-3,"Carlton","2019",13
2,"Dow, Paddy",5,4,4,9,1,1,0,2,0,2,2,2,0,1,0,3,6,1,0,1,1,1,76,-3,"Carlton","2019",13
25,"Fisher, Zac",7,4,9,16,0,1,0,3,1,2,3,4,0,1,0,6,10,0,1,0,0,0,75,-3,"Carlton","2019",13
40,"Gibbons, Michael",8,5,3,11,0,1,0,0,0,2,0,3,0,0,0,2,9,0,1,0,0,1,66,-3,"Carlton","2019",13
8,"Kreuzer, Matthew",6,0,6,12,1,0,46,3,2,4,6,1,0,0,0,9,4,0,0,6,0,1,82,-3,"Carlton","2019",13
22,"Marchbank, Caleb",4,3,8,12,0,0,0,1,1,1,0,1,1,1,0,8,6,2,0,6,0,0,90,-3,"Carlton","2019",13
11,"McGovern, Mitch",4,0,2,6,1,0,0,0,0,2,0,1,3,1,0,4,2,0,0,1,0,0,74,-3,"Carlton","2019",13
10,"McKay, Harry",6,4,0,6,1,0,0,1,0,2,0,0,0,0,0,3,3,1,1,2,0,0,88,-3,"Carlton","2019",13
3,"Murphy, Marc",13,6,8,21,1,0,0,2,1,4,3,1,1,0,0,7,13,0,2,0,0,1,81,-3,"Carlton","2019",13
24,"Newman, Nic",11,6,5,16,0,0,0,1,4,0,0,0,1,0,0,2,12,0,0,4,0,1,85,-3,"Carlton","2019",13
4,"OBrien, Lochie",16,6,1,17,0,0,0,2,3,5,2,2,1,1,0,4,13,0,0,0,1,1,83,-3,"Carlton","2019",13
5,"Petrevski-Seton, Sam",11,5,7,18,0,0,0,4,1,0,2,1,1,0,0,8,11,0,0,2,0,0,78,-3,"Carlton","2019",13
20,"Plowman, Lachie",8,3,1,9,0,0,0,0,4,0,1,0,1,0,0,3,3,1,0,3,0,0,86,-3,"Carlton","2019",13
43,"Setterfield, Will",11,5,13,24,0,1,0,1,1,4,1,3,0,1,0,5,20,0,1,1,0,0,74,-3,"Carlton","2019",13
6,"Simpson, Kade",15,3,7,22,0,0,0,1,7,2,0,2,2,0,0,5,13,0,0,2,1,0,85,-3,"Carlton","2019",13
39,"Thomas, Dale",13,3,4,17,1,2,0,4,2,2,0,2,1,1,0,6,9,0,1,0,0,0,73,-3,"Carlton","2019",13
18,"Walsh, Sam",13,5,9,22,0,1,0,4,3,1,1,5,0,1,0,2,19,0,0,0,0,0,91,-3,"Carlton","2019",13
23,"Weitering, Jacob",4,2,5,9,0,0,0,0,1,0,0,3,0,2,0,5,4,1,0,6,0,0,91,-3,"Carlton","2019",13
0,"Totals",197,87,133,330,15,10,53,44,34,45,36,45,19,16,3,123,199,12,13,43,4,7,0,-3,"Carlton","2019",13
4,"Bontempelli, Marcus",16,5,11,27,0,1,0,2,2,7,7,4,2,2,0,14,13,3,2,2,0,1,92,3,"Western Bulldogs","2019",13
12,"Cordy, Zaine",7,5,1,8,0,0,0,5,2,0,0,3,0,3,0,1,6,0,0,11,0,0,96,3,"Western Bulldogs","2019",13
9,"Crozier, Hayden",10,7,4,14,0,0,0,1,2,1,0,0,0,0,0,4,10,1,0,2,0,0,82,3,"Western Bulldogs","2019",13
31,"Dale, Bailey",1,0,3,4,0,1,0,3,0,0,0,1,0,1,0,2,2,0,0,0,0,0,77,3,"Western Bulldogs","2019",13
35,"Daniel, Caleb",20,5,12,32,0,0,0,3,3,4,1,6,1,0,0,8,20,0,0,1,2,1,80,3,"Western Bulldogs","2019",13
29,"Dickson, Tory",5,5,5,10,2,0,0,2,1,1,1,0,0,0,0,4,7,0,1,3,2,1,82,3,"Western Bulldogs","2019",13
5,"Dunkley, Josh",19,5,22,41,1,0,0,10,2,5,7,4,2,2,2,17,24,0,0,2,0,0,87,3,"Western Bulldogs","2019",13
44,"English, Tim",8,4,7,15,2,2,29,0,2,0,5,1,2,0,0,13,4,2,3,3,1,0,88,3,"Western Bulldogs","2019",13
43,"Gardner, Ryan",1,0,2,3,1,0,4,0,0,0,0,0,1,0,0,2,1,0,0,3,0,0,69,3,"Western Bulldogs","2019",13
7,"Hunter, Lachie",12,4,12,24,0,0,0,3,0,3,6,1,2,0,0,7,17,0,0,1,1,0,94,3,"Western Bulldogs","2019",13
39,"Johannisen, Jason",10,5,11,21,0,1,0,1,3,3,0,0,1,0,0,5,15,0,0,0,2,1,82,3,"Western Bulldogs","2019",13
21,"Liberatore, Tom",5,3,6,11,0,0,0,0,0,0,2,1,0,0,0,2,9,0,0,3,0,0,23,3,"Western Bulldogs","2019",13
27,"Lipinski, Patrick",15,8,14,29,2,0,0,5,0,5,5,0,0,0,0,9,20,0,1,0,0,2,81,3,"Western Bulldogs","2019",13
22,"Lloyd, Sam",10,5,6,16,3,1,0,2,0,2,1,5,0,0,0,4,13,0,2,2,0,0,86,3,"Western Bulldogs","2019",13
11,"Macrae, Jack",19,6,18,37,0,0,0,8,3,4,4,3,0,1,1,10,26,0,0,0,0,3,90,3,"Western Bulldogs","2019",13
16,"McLean, Toby",10,4,8,18,1,0,0,3,0,4,0,6,1,2,0,2,14,0,0,0,0,0,82,3,"Western Bulldogs","2019",13
33,"Naughton, Aaron",10,7,2,12,1,3,0,2,0,3,0,1,2,1,0,4,9,1,2,3,0,0,88,3,"Western Bulldogs","2019",13
6,"Smith, Bailey",3,2,10,13,1,0,0,5,1,0,3,2,0,1,0,5,8,0,1,0,0,0,82,3,"Western Bulldogs","2019",13
1,"Suckling, Matt",18,7,3,21,1,2,0,1,2,5,0,2,1,1,0,3,16,0,2,1,2,1,78,3,"Western Bulldogs","2019",13
8,"Trengove, Jackson",7,7,5,12,0,0,0,1,1,2,0,2,1,2,0,5,7,2,0,4,0,1,93,3,"Western Bulldogs","2019",13
34,"Williams, Bailey",12,5,4,16,0,0,0,1,1,0,0,4,0,1,0,1,15,1,0,0,0,0,79,3,"Western Bulldogs","2019",13
10,"Wood, Easton",13,7,5,18,0,0,0,1,5,0,0,5,0,2,0,5,12,0,0,6,0,0,87,3,"Western Bulldogs","2019",13
0,"Rushed",0,0,0,0,0,2,0,0,0,0,0,0,0,0,0,0,0,0,0,0,0,0,0,3,"Western Bulldogs","2019",13
