"Number","Player","Kicks","Marks","Handballs","Disposals","Goals","Behinds","Hitouts","Tackles","Rebounds50s","Inside50s","Clearances","Clangers","FreesFor","FreesAgainst","BrownlowVotes","ContestedPossessions","UncontestedPossessions","ContestedMarks","MarksInside50","OnePercenters","Bounces","GoalAssists","PercentagePlayed","PointDifference","Team","Season","Round"
29,"Ambrose, Patrick",6,2,4,10,0,0,0,3,0,3,0,4,2,1,0,4,6,0,0,7,0,0,90,19,"Essendon","2019",13
16,"Begley, Josh",7,5,3,10,2,0,0,2,0,1,0,2,0,1,0,2,9,0,0,1,0,0,88,19,"Essendon","2019",13
2,"Bellchambers, Tom",6,6,3,9,1,1,17,0,0,0,2,0,0,0,0,3,7,1,2,3,0,0,84,19,"Essendon","2019",13
37,"Clarke, Dylan",6,1,17,23,0,0,0,3,1,2,5,2,0,0,0,12,10,0,0,2,0,0,85,19,"Essendon","2019",13
13,"Fantasia, Orazio",10,3,4,14,2,1,0,3,0,3,1,3,1,1,0,2,8,0,0,0,0,1,80,19,"Essendon","2019",13
35,"Guelfi, Matt",7,4,8,15,1,0,0,1,2,2,0,3,0,1,0,1,15,0,1,2,0,0,77,19,"Essendon","2019",13
21,"Heppell, Dyson",13,9,15,28,0,2,0,3,2,4,1,3,1,0,0,8,22,0,0,1,0,0,84,19,"Essendon","2019",13
26,"Hooker, Cale",16,12,6,22,0,0,0,1,5,0,0,4,0,0,0,1,18,0,0,5,0,0,91,19,"Essendon","2019",13
18,"Hurley, Michael",23,12,3,26,0,0,0,0,9,0,1,3,0,0,2,4,18,1,0,4,0,0,95,19,"Essendon","2019",13
4,"Langford, Kyle",13,3,8,21,2,0,0,2,2,2,6,3,1,1,0,12,9,0,0,2,0,1,74,19,"Essendon","2019",13
15,"Laverde, Jayden",9,5,9,18,0,3,0,1,0,3,0,2,3,0,0,10,9,1,1,0,0,2,89,19,"Essendon","2019",13
43,"McDonald-Tipungwuti, Anthony",5,4,2,7,0,1,0,4,1,1,0,0,0,0,0,4,4,2,1,0,0,0,79,19,"Essendon","2019",13
1,"McGrath, Andrew",8,6,14,22,0,0,0,1,2,2,1,1,0,0,0,5,17,0,0,0,0,0,80,19,"Essendon","2019",13
45,"McKenna, Conor",19,4,6,25,0,0,0,1,9,2,0,2,1,1,0,9,12,1,1,1,7,0,83,19,"Essendon","2019",13
44,"McKernan, Shaun",11,6,4,15,1,2,3,0,1,4,1,3,3,0,0,10,4,2,4,2,0,0,88,19,"Essendon","2019",13
7,"Merrett, Zach",13,3,15,28,1,0,0,3,0,4,4,0,3,0,3,13,15,0,0,2,0,2,76,19,"Essendon","2019",13
3,"Parish, Darcy",13,2,8,21,1,1,0,5,0,6,1,1,0,0,0,8,14,1,1,0,0,2,78,19,"Essendon","2019",13
27,"Redman, Mason",7,6,7,14,0,0,0,1,4,0,1,1,0,1,0,5,9,0,0,5,0,0,75,19,"Essendon","2019",13
42,"Saad, Adam",13,5,7,20,1,0,0,2,5,3,0,3,0,0,0,8,13,0,0,6,3,0,87,19,"Essendon","2019",13
9,"Shiel, Dylan",15,4,5,20,0,0,0,3,0,5,6,3,1,1,0,6,12,0,0,0,1,0,77,19,"Essendon","2019",13
25,"Stringer, Jake",7,4,1,8,2,0,0,0,0,1,1,4,1,4,0,1,7,1,1,0,0,0,56,19,"Essendon","2019",13
11,"Zaharakis, David",13,7,6,19,0,0,0,4,1,2,0,1,0,1,0,4,14,0,0,3,0,0,87,19,"Essendon","2019",13
0,"Rushed",0,0,0,0,0,1,0,0,0,0,0,0,0,0,0,0,0,0,0,0,0,0,0,19,"Essendon","2019",13
30,"Brand, Kaiden",9,5,1,10,0,0,0,2,0,1,0,3,0,1,0,1,7,1,0,2,0,0,81,-19,"Hawthorn","2019",13
22,"Breust, Luke",5,1,5,10,1,0,0,6,0,1,0,4,2,1,0,8,5,1,1,4,0,0,76,-19,"Hawthorn","2019",13
9,"Burgoyne, Shaun",6,5,8,14,0,0,0,2,2,0,0,3,0,2,0,5,10,1,0,1,0,1,75,-19,"Hawthorn","2019",13
18,"Ceglar, Jonathon",7,8,6,13,1,1,20,3,1,5,0,1,0,0,0,4,8,2,1,5,0,0,86,-19,"Hawthorn","2019",13
46,"Cousins, James",6,6,7,13,0,1,0,2,0,2,2,0,0,0,0,4,10,0,0,1,0,0,73,-19,"Hawthorn","2019",13
12,"Frawley, James",11,8,5,16,0,0,0,4,4,0,0,3,1,0,0,5,11,1,0,1,0,0,90,-19,"Hawthorn","2019",13
13,"Glass, Conor",6,4,8,14,1,1,0,0,0,4,0,1,0,0,0,4,13,0,0,4,0,1,79,-19,"Hawthorn","2019",13
19,"Gunston, Jack",8,4,5,13,1,1,0,3,2,1,0,2,0,1,0,3,10,0,1,2,0,1,85,-19,"Hawthorn","2019",13
15,"Hardwick, Blake",17,10,5,22,0,0,0,5,4,2,1,3,1,1,0,6,14,2,0,3,0,0,82,-19,"Hawthorn","2019",13
31,"Henderson, Ricky",22,11,9,31,1,0,0,4,2,3,1,2,1,0,1,5,25,0,0,2,0,1,76,-19,"Hawthorn","2019",13
4,"Impey, Jarman",19,8,5,24,2,0,0,0,3,5,0,2,3,1,0,6,19,1,0,3,0,0,79,-19,"Hawthorn","2019",13
7,"McEvoy, Ben",7,10,8,15,1,0,25,1,1,2,3,1,0,0,0,6,10,2,2,6,0,1,83,-19,"Hawthorn","2019",13
36,"Moore, Dylan",5,4,5,10,1,0,0,3,0,0,0,0,1,0,0,5,6,0,0,1,0,1,64,-19,"Hawthorn","2019",13
23,"OBrien, Tim",13,4,3,16,0,0,0,0,2,2,0,1,1,1,0,4,11,0,1,2,0,0,88,-19,"Hawthorn","2019",13
10,"OMeara, Jaeger",16,4,8,24,0,1,0,0,0,0,5,5,0,1,0,9,12,0,0,1,0,1,83,-19,"Hawthorn","2019",13
28,"Puopolo, Paul",5,3,6,11,1,0,0,2,0,2,0,1,0,1,0,3,8,1,1,2,2,0,83,-19,"Hawthorn","2019",13
21,"Scully, Tom",15,10,9,24,1,1,0,2,1,4,0,2,1,1,0,3,21,0,0,0,1,0,88,-19,"Hawthorn","2019",13
26,"Shiels, Liam",17,9,14,31,0,1,0,2,1,8,7,6,0,2,0,12,19,2,0,2,1,0,80,-19,"Hawthorn","2019",13
6,"Sicily, James",12,8,8,20,0,0,0,3,4,0,0,4,0,1,0,7,12,1,0,4,0,1,89,-19,"Hawthorn","2019",13
16,"Smith, Isaac",17,9,14,31,0,0,0,1,5,4,1,3,1,0,0,5,26,0,0,1,0,2,85,-19,"Hawthorn","2019",13
24,"Stratton, Ben",5,3,6,11,0,0,0,2,0,1,0,3,1,2,0,6,7,2,0,4,0,0,93,-19,"Hawthorn","2019",13
5,"Worpel, James",18,6,16,34,0,1,0,2,1,8,7,3,0,1,0,9,25,0,0,2,0,0,81,-19,"Hawthorn","2019",13
0,"Rushed",0,0,0,0,0,3,0,0,0,0,0,0,0,0,0,0,0,0,0,0,0,0,0,-19,"Hawthorn","2019",13
