"Number","Player","Kicks","Marks","Handballs","Disposals","Goals","Behinds","Hitouts","Tackles","Rebounds50s","Inside50s","Clearances","Clangers","FreesFor","FreesAgainst","BrownlowVotes","ContestedPossessions","UncontestedPossessions","ContestedMarks","MarksInside50","OnePercenters","Bounces","GoalAssists","PercentagePlayed","PointDifference","Team","Season","Round"
21,"Atkins, Rory",11,5,6,17,0,0,0,1,4,1,0,2,0,1,0,6,10,0,0,0,0,0,86,-57,"Adelaide","2019",16
18,"Betts, Eddie",4,1,6,10,0,1,0,3,0,2,0,0,1,0,0,6,5,0,0,0,0,1,84,-57,"Adelaide","2019",16
16,"Brown, Luke",8,1,6,14,0,0,0,1,4,0,0,2,0,2,0,6,4,0,0,3,1,0,86,-57,"Adelaide","2019",16
2,"Crouch, Brad",14,5,9,23,0,0,0,5,1,6,3,3,0,1,0,7,17,0,1,0,0,0,87,-57,"Adelaide","2019",16
5,"Crouch, Matt",11,1,18,29,1,1,0,4,2,3,4,4,2,1,0,10,18,0,0,1,0,0,83,-57,"Adelaide","2019",16
26,"Douglas, Richard",8,2,3,11,0,1,0,2,1,1,2,5,0,2,0,4,7,0,0,1,0,0,82,-57,"Adelaide","2019",16
7,"Gallucci, Jordan",4,1,0,4,0,1,0,1,0,0,0,0,0,0,0,0,4,0,0,1,0,0,36,-57,"Adelaide","2019",16
1,"Greenwood, Hugh",9,2,9,18,1,1,0,5,1,1,5,1,1,1,0,14,4,0,0,0,0,0,65,-57,"Adelaide","2019",16
15,"Hartigan, Kyle",8,4,5,13,0,0,0,1,4,0,0,2,1,0,0,4,8,0,0,4,0,0,93,-57,"Adelaide","2019",16
4,"Jenkins, Josh",4,4,7,11,0,0,4,1,1,2,1,2,0,1,0,4,7,1,0,0,0,0,84,-57,"Adelaide","2019",16
42,"Keath, Alex",9,7,2,11,0,0,0,3,3,1,1,2,1,1,0,3,8,0,0,8,0,0,71,-57,"Adelaide","2019",16
8,"Kelly, Jake",15,8,2,17,0,0,0,3,3,2,0,3,0,1,0,6,11,2,0,1,0,0,86,-57,"Adelaide","2019",16
29,"Laird, Rory",15,6,10,25,0,0,0,3,5,2,0,2,3,0,0,9,15,0,0,0,1,0,89,-57,"Adelaide","2019",16
14,"Mackay, David",8,4,6,14,0,0,0,0,3,3,0,1,1,0,0,3,12,0,0,2,1,0,85,-57,"Adelaide","2019",16
30,"Milera, Wayne",10,4,5,15,1,3,0,0,3,1,0,3,0,0,0,6,9,2,4,0,0,0,89,-57,"Adelaide","2019",16
44,"Murphy, Lachlan",7,4,2,9,0,1,0,2,1,3,0,4,1,0,0,4,6,0,1,0,0,1,87,-57,"Adelaide","2019",16
43,"OBrien, Reilly",10,5,10,20,0,0,27,4,2,3,3,6,2,1,0,12,8,1,0,1,0,0,86,-57,"Adelaide","2019",16
11,"Seedsman, Paul",3,1,4,7,0,0,0,1,0,1,0,2,0,0,0,0,7,0,0,0,5,0,82,-57,"Adelaide","2019",16
9,"Sloane, Rory",14,4,9,23,0,0,0,4,3,2,5,6,1,1,0,11,12,0,0,3,0,0,82,-57,"Adelaide","2019",16
33,"Smith, Brodie",19,3,6,25,0,1,0,2,7,6,3,2,0,0,0,7,15,0,0,1,0,0,87,-57,"Adelaide","2019",16
12,"Talia, Daniel",7,7,7,14,0,0,0,2,2,0,0,0,1,0,0,6,9,2,0,13,0,0,85,-57,"Adelaide","2019",16
13,"Walker, Taylor",5,3,4,9,2,1,0,1,0,2,0,0,1,0,0,5,3,1,1,0,0,0,85,-57,"Adelaide","2019",16
0,"Rushed",0,0,0,0,0,3,0,0,0,0,0,0,0,0,0,0,0,0,0,0,0,0,0,-57,"Adelaide","2019",16
15,"Amon, Karl",12,6,12,24,0,1,0,1,1,4,1,1,0,0,0,7,18,0,0,0,0,3,80,57,"Port Adelaide","2019",16
26,"Bonner, Riley",15,10,12,27,0,1,0,3,4,3,0,2,1,0,2,6,21,0,0,2,0,0,82,57,"Port Adelaide","2019",16
3,"Burton, Ryan",19,8,4,23,1,0,0,0,6,2,0,2,0,1,0,5,13,0,0,4,0,0,76,57,"Port Adelaide","2019",16
18,"Butters, Zak",5,2,5,10,1,0,0,2,0,2,1,0,0,0,0,3,5,0,1,2,3,1,70,57,"Port Adelaide","2019",16
33,"Byrne-Jones, Darcy",21,11,10,31,0,0,0,0,2,4,2,2,0,0,0,8,24,0,0,6,0,1,87,57,"Port Adelaide","2019",16
17,"Clurey, Tom",16,12,2,18,0,0,0,2,3,0,0,2,0,1,0,6,13,1,0,7,0,0,91,57,"Port Adelaide","2019",16
22,"Dixon, Charlie",2,2,2,4,1,1,3,3,0,0,0,2,0,1,0,4,1,1,2,5,0,0,84,57,"Port Adelaide","2019",16
21,"Duursma, Xavier",15,8,7,22,0,3,0,0,1,4,1,1,2,0,0,3,18,1,0,2,0,0,80,57,"Port Adelaide","2019",16
7,"Ebert, Brad",11,9,3,14,3,0,0,5,1,3,0,2,2,1,0,4,9,1,2,1,0,0,90,57,"Port Adelaide","2019",16
9,"Gray, Robbie",15,3,20,35,0,0,0,3,1,6,10,4,1,1,3,16,18,1,0,2,2,1,82,57,"Port Adelaide","2019",16
46,"Gray, Sam",13,4,9,22,2,1,0,2,0,4,2,0,1,0,0,6,15,0,1,1,0,1,83,57,"Port Adelaide","2019",16
8,"Hartlett, Hamish",9,4,8,17,0,0,0,2,3,2,1,0,0,0,0,4,12,0,0,1,0,0,73,57,"Port Adelaide","2019",16
43,"Houston, Dan",8,3,6,14,0,0,0,2,3,1,0,2,0,1,0,5,5,1,0,2,0,0,87,57,"Port Adelaide","2019",16
32,"Howard, Dougal",7,4,3,10,2,1,3,2,0,0,1,2,0,1,0,5,5,2,2,5,0,0,75,57,"Port Adelaide","2019",16
42,"Jonas, Tom",9,5,3,12,0,0,0,1,2,2,0,2,1,0,0,4,8,1,0,8,0,0,97,57,"Port Adelaide","2019",16
29,"Lycett, Scott",9,4,10,19,1,0,32,3,0,3,6,3,1,2,0,7,12,1,0,3,0,0,71,57,"Port Adelaide","2019",16
6,"Motlop, Steven",11,7,8,19,1,0,0,2,1,1,0,1,0,0,0,4,17,0,0,2,0,1,77,57,"Port Adelaide","2019",16
2,"Powell-Pepper, Sam",14,2,10,24,0,1,0,6,1,6,5,5,1,3,0,7,17,0,0,2,0,1,78,57,"Port Adelaide","2019",16
11,"Rockliff, Tom",23,11,13,36,0,0,0,5,1,6,5,4,2,0,1,9,25,0,0,0,0,0,90,57,"Port Adelaide","2019",16
20,"Rozee, Connor",5,2,7,12,2,0,0,2,0,4,1,5,1,3,0,5,7,0,1,1,0,1,81,57,"Port Adelaide","2019",16
39,"Westhoff, Justin",16,16,7,23,1,0,4,3,4,3,1,3,0,0,0,3,21,1,2,3,0,2,87,57,"Port Adelaide","2019",16
16,"Wines, Ollie",10,3,24,34,0,1,0,5,1,6,8,1,0,1,0,14,19,0,0,0,0,0,79,57,"Port Adelaide","2019",16
0,"Rushed",0,0,0,0,0,1,0,0,0,0,0,0,0,0,0,0,0,0,0,0,0,0,0,57,"Port Adelaide","2019",16
