"Number","Player","Kicks","Marks","Handballs","Disposals","Goals","Behinds","Hitouts","Tackles","Rebounds50s","Inside50s","Clearances","Clangers","FreesFor","FreesAgainst","BrownlowVotes","ContestedPossessions","UncontestedPossessions","ContestedMarks","MarksInside50","OnePercenters","Bounces","GoalAssists","PercentagePlayed","PointDifference","Team","Season","Round"
30,"Atkins, Tom",2,0,12,14,0,0,0,5,0,1,4,1,0,1,0,9,5,0,0,0,0,0,84,22,"Geelong","2019",11
46,"Blicavs, Mark",7,6,9,16,0,0,0,2,3,0,0,3,0,0,0,2,14,0,0,9,1,0,95,22,"Geelong","2019",11
6,"Clark, Jordan",14,4,6,20,1,1,0,1,1,6,2,1,0,0,0,3,17,0,0,1,0,1,80,22,"Geelong","2019",11
40,"Dahlhaus, Luke",11,4,12,23,1,1,0,2,0,3,1,4,0,1,0,13,10,2,1,3,0,1,84,22,"Geelong","2019",11
35,"Dangerfield, Patrick",14,4,15,29,2,1,0,3,2,5,8,4,3,1,2,20,10,1,0,0,3,1,84,22,"Geelong","2019",11
22,"Duncan, Mitch",14,5,8,22,1,0,0,0,2,5,2,4,3,0,0,10,10,2,0,1,0,1,78,22,"Geelong","2019",11
29,"Guthrie, Cameron",11,5,6,17,0,0,0,1,2,0,2,2,0,1,0,5,12,0,0,1,1,0,62,22,"Geelong","2019",11
26,"Hawkins, Tom",7,5,7,14,4,0,4,2,0,2,1,3,1,1,1,6,7,2,3,0,0,2,86,22,"Geelong","2019",11
38,"Henry, Jack",5,3,5,10,0,0,0,2,3,1,0,3,0,1,0,5,5,0,0,2,0,0,75,22,"Geelong","2019",11
11,"Kelly, Tim",16,4,9,25,1,1,0,4,1,3,6,7,3,2,3,14,12,0,1,0,0,0,92,22,"Geelong","2019",11
8,"Kolodjashnij, Jake",6,5,5,11,0,0,0,2,1,4,0,1,0,0,0,2,9,1,0,4,0,0,84,22,"Geelong","2019",11
32,"Miers, Gryan",5,1,6,11,1,0,0,3,1,0,1,2,1,1,0,4,6,0,0,0,0,0,85,22,"Geelong","2019",11
42,"OConnor, Mark",11,4,9,20,0,0,0,1,2,0,0,5,1,1,0,4,17,0,0,5,0,0,91,22,"Geelong","2019",11
3,"Parfitt, Brandan",14,2,9,23,0,0,0,5,0,4,3,3,2,0,0,13,10,1,0,1,0,0,76,22,"Geelong","2019",11
34,"Parsons, James",14,6,1,15,0,1,0,0,2,4,3,4,2,2,0,2,12,0,0,0,0,0,72,22,"Geelong","2019",11
17,"Ratugolea, Esava",6,1,10,16,2,0,4,3,0,2,4,0,4,0,0,10,6,0,0,1,0,0,83,22,"Geelong","2019",11
23,"Rohan, Gary",1,0,3,4,0,0,1,2,1,1,1,0,1,0,0,2,3,0,0,0,0,1,82,22,"Geelong","2019",11
14,"Selwood, Joel",10,2,7,17,0,0,0,4,3,3,2,3,1,1,0,6,11,0,0,3,1,0,73,22,"Geelong","2019",11
9,"Smith, Zac",6,4,5,11,0,0,33,2,2,4,3,4,0,1,0,5,6,1,0,3,0,0,78,22,"Geelong","2019",11
44,"Stewart, Tom",19,4,4,23,0,1,0,1,6,2,1,3,1,1,0,6,11,0,0,4,1,0,79,22,"Geelong","2019",11
7,"Taylor, Harry",5,3,8,13,0,0,0,2,2,1,0,1,0,0,0,4,8,0,0,1,0,0,85,22,"Geelong","2019",11
2,"Tuohy, Zach",13,1,7,20,0,0,0,2,5,3,0,5,0,0,0,6,11,0,0,1,0,0,91,22,"Geelong","2019",11
0,"Rushed",0,0,0,0,0,1,0,0,0,0,0,0,0,0,0,0,0,0,0,0,0,0,0,22,"Geelong","2019",11
36,"Aliir, Aliir",14,9,6,20,0,0,0,2,6,1,2,5,1,2,0,7,13,2,0,3,0,0,94,-22,"Sydney","2019",11
22,"Blakey, Nick",6,1,1,7,1,0,0,1,0,3,0,3,0,1,0,4,3,0,0,2,6,1,70,-22,"Sydney","2019",11
4,"Clarke, Ryan",4,2,4,8,0,0,0,2,0,1,0,3,0,2,0,1,5,0,0,1,0,0,79,-22,"Sydney","2019",11
34,"Dawson, Jordan",14,7,4,18,0,0,0,1,5,3,1,2,0,0,0,5,14,3,0,2,0,1,77,-22,"Sydney","2019",11
13,"Florent, Oliver",12,6,10,22,0,0,0,3,0,8,3,4,0,2,0,9,13,0,0,1,0,0,78,-22,"Sydney","2019",11
42,"Fox, Robbie",4,1,7,11,0,0,0,8,2,0,1,2,0,2,0,3,8,0,0,1,0,1,68,-22,"Sydney","2019",11
23,"Franklin, Lance",6,4,6,12,1,2,0,3,0,3,1,3,0,0,0,6,7,1,2,1,0,0,92,-22,"Sydney","2019",11
9,"Hayward, Will",10,6,3,13,2,2,0,3,1,1,1,4,1,2,0,3,9,0,3,3,0,0,78,-22,"Sydney","2019",11
5,"Heeney, Isaac",10,3,8,18,1,0,0,2,0,3,4,4,0,1,0,10,8,1,1,0,0,0,78,-22,"Sydney","2019",11
29,"Hewett, George",15,8,14,29,0,0,0,4,3,0,5,6,1,4,0,14,17,1,0,0,0,0,87,-22,"Sydney","2019",11
44,"Lloyd, Jake",18,13,16,34,0,0,0,1,4,2,0,0,0,0,0,2,27,1,0,1,1,0,87,-22,"Sydney","2019",11
30,"McCartin, Tom",6,6,7,13,0,0,0,2,1,3,0,2,1,0,0,5,9,1,0,2,0,0,80,-22,"Sydney","2019",11
3,"McVeigh, Jarrad",5,5,8,13,0,0,0,1,0,1,0,0,1,0,0,2,11,0,0,1,0,0,72,-22,"Sydney","2019",11
43,"Melican, Lewis",7,3,6,13,0,0,0,3,3,1,0,4,1,1,0,5,9,0,0,2,0,0,90,-22,"Sydney","2019",11
2,"Menzel, Daniel",4,1,3,7,1,1,0,2,0,2,1,1,0,1,0,4,3,0,0,0,0,0,71,-22,"Sydney","2019",11
14,"Mills, Callum",12,5,3,15,0,0,0,4,3,2,0,4,0,1,0,2,12,1,0,0,0,0,86,-22,"Sydney","2019",11
38,"ORiordan, Colin",12,7,8,20,0,0,0,2,3,1,0,3,2,1,0,6,15,0,0,4,0,0,83,-22,"Sydney","2019",11
11,"Papley, Tom",7,4,10,17,1,3,0,2,1,2,0,1,0,0,0,5,13,1,1,1,1,0,85,-22,"Sydney","2019",11
26,"Parker, Luke",20,7,8,28,0,2,0,4,2,6,5,3,3,1,0,14,14,1,0,3,0,3,85,-22,"Sydney","2019",11
24,"Rampe, Dane",19,8,6,25,0,0,0,3,7,2,0,1,0,1,0,8,13,1,0,5,2,0,96,-22,"Sydney","2019",11
20,"Reid, Sam",10,7,6,16,1,2,6,1,0,1,1,3,3,0,0,9,7,3,3,5,0,0,82,-22,"Sydney","2019",11
18,"Sinclair, Callum",5,0,7,12,0,0,28,1,0,1,6,4,1,1,0,9,4,0,0,4,0,0,83,-22,"Sydney","2019",11
0,"Rushed",0,0,0,0,0,3,0,0,0,0,0,0,0,0,0,0,0,0,0,0,0,0,0,-22,"Sydney","2019",11
