"Number","Player","Kicks","Marks","Handballs","Disposals","Goals","Behinds","Hitouts","Tackles","Rebounds50s","Inside50s","Clearances","Clangers","FreesFor","FreesAgainst","BrownlowVotes","ContestedPossessions","UncontestedPossessions","ContestedMarks","MarksInside50","OnePercenters","Bounces","GoalAssists","PercentagePlayed","PointDifference","Team","Season","Round"
21,"Atkins, Rory",6,3,6,12,1,1,0,0,3,2,2,0,0,0,0,3,8,0,0,0,0,0,77,-24,"Adelaide","2019",3
18,"Betts, Eddie",8,2,7,15,0,1,0,4,0,4,1,3,1,2,0,4,10,0,1,0,1,3,83,-24,"Adelaide","2019",3
2,"Crouch, Brad",18,4,17,35,1,1,0,6,2,2,8,2,0,1,2,11,21,0,1,1,0,1,78,-24,"Adelaide","2019",3
5,"Crouch, Matt",12,2,15,27,1,0,0,6,1,4,6,3,2,1,0,11,17,0,1,2,0,1,77,-24,"Adelaide","2019",3
6,"Gibbs, Bryce",19,5,8,27,0,0,0,4,4,4,3,6,1,1,0,8,14,1,0,0,0,0,73,-24,"Adelaide","2019",3
15,"Hartigan, Kyle",4,3,3,7,0,0,0,0,0,0,0,1,0,0,0,2,5,0,0,5,0,0,86,-24,"Adelaide","2019",3
4,"Jenkins, Josh",5,4,5,10,1,1,3,1,0,1,0,1,1,0,0,3,7,2,2,0,2,0,87,-24,"Adelaide","2019",3
20,"Jones, Chayce",2,1,6,8,0,0,0,1,0,1,0,0,0,0,0,3,5,0,1,3,0,1,77,-24,"Adelaide","2019",3
42,"Keath, Alex",17,8,2,19,0,0,0,2,3,3,0,2,1,0,0,5,12,2,0,5,0,0,96,-24,"Adelaide","2019",3
8,"Kelly, Jake",5,2,6,11,0,0,0,3,0,0,0,2,2,1,0,5,6,0,0,8,0,0,84,-24,"Adelaide","2019",3
3,"Knight, Riley",7,7,4,11,1,0,0,2,1,1,0,2,0,2,0,2,9,0,1,0,0,0,79,-24,"Adelaide","2019",3
29,"Laird, Rory",12,5,12,24,0,0,0,2,5,2,0,2,1,0,0,5,17,0,0,4,1,0,87,-24,"Adelaide","2019",3
27,"Lynch, Tom",21,8,5,26,2,3,0,1,0,9,2,2,2,0,0,7,19,0,1,0,0,1,88,-24,"Adelaide","2019",3
14,"Mackay, David",8,2,5,13,0,0,0,2,1,5,2,2,0,0,0,4,9,0,0,2,2,0,78,-24,"Adelaide","2019",3
30,"Milera, Wayne",8,3,13,21,0,0,0,10,2,1,1,0,0,0,0,5,15,1,0,5,0,0,78,-24,"Adelaide","2019",3
44,"Murphy, Lachlan",5,4,10,15,1,0,0,3,1,2,2,0,1,0,0,8,7,0,0,1,0,1,74,-24,"Adelaide","2019",3
43,"OBrien, Reilly",5,3,6,11,0,0,28,3,1,1,6,4,2,3,0,8,5,0,0,3,0,0,85,-24,"Adelaide","2019",3
11,"Seedsman, Paul",4,5,5,9,0,1,0,2,1,1,0,0,0,0,0,1,9,0,1,0,1,0,74,-24,"Adelaide","2019",3
9,"Sloane, Rory",15,5,11,26,1,2,0,8,1,4,5,3,1,1,0,8,16,1,2,1,0,0,86,-24,"Adelaide","2019",3
33,"Smith, Brodie",15,2,7,22,0,1,0,3,5,3,0,5,0,2,0,5,12,0,0,3,0,0,78,-24,"Adelaide","2019",3
12,"Talia, Daniel",9,9,4,13,0,0,0,2,2,0,0,0,0,0,0,2,9,1,0,6,0,0,88,-24,"Adelaide","2019",3
13,"Walker, Taylor",5,4,2,7,1,1,0,0,0,3,0,2,0,1,0,5,3,2,1,1,0,0,84,-24,"Adelaide","2019",3
0,"Rushed",0,0,0,0,0,3,0,0,0,0,0,0,0,0,0,0,0,0,0,0,0,0,0,-24,"Adelaide","2019",3
4,"Ablett, Gary",12,6,5,17,1,1,0,1,0,4,0,4,0,2,0,2,15,0,1,0,0,2,91,24,"Geelong","2019",3
30,"Atkins, Tom",3,1,3,6,1,1,0,0,0,0,0,2,0,0,0,5,2,1,1,0,0,0,82,24,"Geelong","2019",3
46,"Blicavs, Mark",10,6,12,22,0,0,0,3,3,1,0,3,0,2,0,8,14,1,0,3,0,0,96,24,"Geelong","2019",3
6,"Clark, Jordan",12,3,0,12,1,0,0,2,5,3,0,1,1,1,0,2,10,1,0,3,0,0,88,24,"Geelong","2019",3
18,"Constable, Charlie",13,4,10,23,1,1,0,1,2,1,3,0,0,0,0,11,13,0,1,0,0,1,76,24,"Geelong","2019",3
40,"Dahlhaus, Luke",10,4,11,21,0,2,0,7,1,3,3,0,2,0,0,10,12,0,0,3,2,0,86,24,"Geelong","2019",3
35,"Dangerfield, Patrick",21,7,11,32,1,1,0,7,2,12,10,5,0,3,3,16,17,1,1,2,0,1,84,24,"Geelong","2019",3
22,"Duncan, Mitch",17,11,5,22,0,0,0,3,4,5,0,1,0,1,0,7,14,1,0,1,1,0,93,24,"Geelong","2019",3
26,"Hawkins, Tom",7,5,3,10,2,0,0,0,0,0,0,1,0,1,0,7,4,1,2,0,0,1,95,24,"Geelong","2019",3
25,"Henderson, Lachie",11,5,3,14,0,0,0,1,5,1,0,1,1,0,0,6,7,1,0,3,0,0,86,24,"Geelong","2019",3
11,"Kelly, Tim",15,4,9,24,0,0,0,4,1,3,5,4,2,0,0,13,13,0,0,0,0,1,71,24,"Geelong","2019",3
8,"Kolodjashnij, Jake",4,3,6,10,0,0,0,0,1,0,0,1,1,1,0,5,5,0,0,1,0,0,82,24,"Geelong","2019",3
27,"Menegola, Sam",16,8,7,23,1,2,0,0,1,5,2,2,1,0,0,12,14,1,0,5,0,2,83,24,"Geelong","2019",3
32,"Miers, Gryan",7,5,4,11,3,1,0,2,0,3,0,2,0,0,0,2,9,0,2,0,0,1,82,24,"Geelong","2019",3
42,"OConnor, Mark",7,5,4,11,0,0,0,1,3,1,0,3,0,0,0,3,8,0,0,1,0,0,41,24,"Geelong","2019",3
3,"Parfitt, Brandan",10,3,6,16,0,2,0,1,0,3,3,2,1,1,0,10,7,1,2,2,1,0,73,24,"Geelong","2019",3
17,"Ratugolea, Esava",3,2,3,6,0,0,5,0,1,0,1,0,1,0,0,3,3,0,1,3,0,0,73,24,"Geelong","2019",3
23,"Rohan, Gary",5,3,1,6,2,1,0,2,0,1,0,0,0,0,0,4,2,2,2,1,0,0,80,24,"Geelong","2019",3
14,"Selwood, Joel",5,5,11,16,0,0,0,3,1,0,0,4,1,1,0,6,10,0,0,2,0,0,81,24,"Geelong","2019",3
1,"Stanley, Rhys",9,2,3,12,0,1,32,3,0,2,3,5,4,2,0,8,3,1,0,2,0,1,81,24,"Geelong","2019",3
44,"Stewart, Tom",22,8,1,23,0,0,0,3,10,0,0,2,0,0,1,3,13,0,0,4,0,0,86,24,"Geelong","2019",3
7,"Taylor, Harry",9,6,3,12,1,0,0,4,3,1,1,2,0,0,0,5,7,2,0,1,0,0,90,24,"Geelong","2019",3
0,"Rushed",0,0,0,0,0,2,0,0,0,0,0,0,0,0,0,0,0,0,0,0,0,0,0,24,"Geelong","2019",3
