"Number","Player","Kicks","Marks","Handballs","Disposals","Goals","Behinds","Hitouts","Tackles","Rebounds50s","Inside50s","Clearances","Clangers","FreesFor","FreesAgainst","BrownlowVotes","ContestedPossessions","UncontestedPossessions","ContestedMarks","MarksInside50","OnePercenters","Bounces","GoalAssists","PercentagePlayed","PointDifference","Team","Season","Round"
41,"Casboult, Levi",11,5,1,12,0,3,13,1,0,2,0,2,1,0,0,4,7,2,2,5,0,0,82,-58,"Carlton","2019",7
9,"Cripps, Patrick",8,3,17,25,2,0,0,8,2,2,9,2,1,1,0,14,11,0,0,2,0,0,92,-58,"Carlton","2019",7
28,"Cuningham, David",8,3,5,13,1,1,0,7,1,3,3,1,1,0,0,7,6,0,0,0,0,0,80,-58,"Carlton","2019",7
30,"Curnow, Charlie",14,6,2,16,0,0,0,3,0,6,0,0,0,0,0,7,8,2,0,1,0,2,92,-58,"Carlton","2019",7
35,"Curnow, Ed",5,3,7,12,1,1,0,0,1,0,0,0,0,0,0,2,8,0,0,1,0,0,83,-58,"Carlton","2019",7
2,"Dow, Paddy",7,1,8,15,0,1,0,2,0,2,3,3,1,1,0,7,8,0,1,1,0,0,74,-58,"Carlton","2019",7
25,"Fisher, Zac",18,3,8,26,0,1,0,1,1,5,7,3,1,0,0,10,15,0,0,0,4,0,81,-58,"Carlton","2019",7
40,"Gibbons, Michael",8,5,5,13,1,0,0,3,1,0,0,3,0,2,0,3,10,0,1,0,0,0,80,-58,"Carlton","2019",7
14,"Jones, Liam",5,5,2,7,0,0,0,1,1,0,0,2,1,1,0,3,5,2,0,4,0,0,67,-58,"Carlton","2019",7
22,"Marchbank, Caleb",8,6,3,11,0,0,0,3,5,1,0,1,1,0,0,2,9,0,0,2,0,0,89,-58,"Carlton","2019",7
10,"McKay, Harry",1,0,2,3,0,1,0,0,0,0,0,3,1,2,0,3,0,0,0,1,0,0,89,-58,"Carlton","2019",7
3,"Murphy, Marc",10,3,10,20,0,0,0,1,1,3,2,3,0,2,0,7,11,0,0,1,0,1,91,-58,"Carlton","2019",7
4,"OBrien, Lochie",7,4,4,11,1,0,0,1,1,1,1,4,0,2,0,4,7,0,0,2,0,0,75,-58,"Carlton","2019",7
5,"Petrevski-Seton, Sam",9,1,7,16,0,1,0,4,1,4,3,2,0,1,0,7,8,0,0,2,0,0,80,-58,"Carlton","2019",7
34,"Phillips, Andrew",9,7,4,13,0,2,28,1,3,3,3,2,1,0,0,4,6,2,2,5,0,0,80,-58,"Carlton","2019",7
20,"Plowman, Lachie",10,1,2,12,0,0,0,4,5,0,0,2,1,0,0,2,7,0,0,5,0,0,93,-58,"Carlton","2019",7
1,"Silvagni, Jack",7,2,2,9,2,0,0,8,1,1,0,2,1,0,0,3,5,1,1,3,0,0,79,-58,"Carlton","2019",7
13,"Stocker, Liam",6,3,4,10,0,0,0,1,1,1,0,4,1,0,0,2,7,0,0,1,0,0,75,-58,"Carlton","2019",7
39,"Thomas, Dale",17,7,7,24,0,0,0,2,5,3,3,2,0,0,0,6,15,0,0,3,2,0,77,-58,"Carlton","2019",7
18,"Walsh, Sam",9,4,13,22,0,2,0,3,3,2,1,4,2,0,0,12,9,0,0,1,0,0,80,-58,"Carlton","2019",7
23,"Weitering, Jacob",12,7,6,18,0,0,0,1,5,0,0,3,0,3,0,10,8,2,0,5,0,0,100,-58,"Carlton","2019",7
31,"Williamson, Tom",3,2,7,10,0,0,0,1,2,0,1,2,0,0,0,3,7,0,0,1,0,0,62,-58,"Carlton","2019",7
0,"Rushed",0,0,0,0,0,1,0,0,0,0,0,0,0,0,0,0,0,0,0,0,0,0,0,-58,"Carlton","2019",7
3,"Anderson, Jed",13,4,16,29,1,0,0,4,0,4,2,3,0,1,0,8,19,1,0,1,0,1,82,58,"North Melbourne","2019",7
18,"Atley, Shaun",8,5,6,14,0,0,0,2,0,1,0,1,1,0,0,2,12,0,0,2,1,0,94,58,"North Melbourne","2019",7
50,"Brown, Ben",7,4,3,10,4,1,2,4,0,1,1,1,3,0,0,8,2,2,2,2,0,0,97,58,"North Melbourne","2019",7
10,"Cunnington, Ben",9,3,18,27,0,0,0,3,2,2,10,0,0,0,0,16,11,1,0,1,0,0,81,58,"North Melbourne","2019",7
14,"Dumont, Trent",13,4,25,38,0,0,0,5,0,3,1,1,2,0,2,12,27,0,0,0,0,0,88,58,"North Melbourne","2019",7
6,"Garner, Taylor",11,7,5,16,1,2,0,3,0,3,0,3,0,1,0,8,9,1,3,4,0,1,77,58,"North Melbourne","2019",7
22,"Goldstein, Todd",4,4,12,16,2,0,34,2,1,1,2,2,0,1,0,6,11,1,3,3,0,0,89,58,"North Melbourne","2019",7
4,"Higgins, Shaun",12,2,25,37,0,2,0,0,0,6,3,4,0,1,1,9,29,0,0,1,0,0,90,58,"North Melbourne","2019",7
20,"Larkey, Nick",4,4,6,10,0,0,3,0,0,2,0,3,0,2,0,4,7,1,0,0,0,1,83,58,"North Melbourne","2019",7
34,"Macmillan, Jamie",16,9,8,24,0,0,0,0,9,3,0,3,0,1,0,5,17,0,0,7,0,0,89,58,"North Melbourne","2019",7
17,"Pittard, Jasper",16,6,9,25,0,0,0,2,2,0,0,2,0,0,0,4,20,1,0,7,1,0,86,58,"North Melbourne","2019",7
13,"Polec, Jared",14,7,8,22,0,0,0,2,2,3,2,2,1,0,0,6,16,1,0,1,0,0,90,58,"North Melbourne","2019",7
12,"Simpkin, Jy",7,1,20,27,2,0,0,2,1,1,3,1,1,0,0,11,16,0,0,0,0,0,66,58,"North Melbourne","2019",7
25,"Tarrant, Robbie",7,5,3,10,0,0,0,0,3,0,0,2,0,1,0,1,7,0,0,4,0,0,85,58,"North Melbourne","2019",7
26,"Thomas, Tarryn",5,2,14,19,1,0,0,7,0,2,0,1,1,0,0,9,11,0,1,1,0,1,75,58,"North Melbourne","2019",7
16,"Thompson, Scott",3,2,2,5,0,0,0,1,1,2,0,1,0,1,0,2,2,0,0,0,0,1,39,58,"North Melbourne","2019",7
28,"Turner, Kayne",9,3,9,18,0,0,0,4,0,4,0,2,2,1,0,6,11,0,0,0,1,2,83,58,"North Melbourne","2019",7
2,"Williams, Marley",11,2,5,16,0,0,0,2,3,3,0,1,0,1,0,4,13,0,0,1,0,0,77,58,"North Melbourne","2019",7
32,"Wood, Mason",13,5,11,24,1,2,0,2,1,8,2,6,1,1,0,10,15,0,1,2,0,2,80,58,"North Melbourne","2019",7
19,"Wright, Sam",9,6,14,23,0,1,0,0,2,3,1,0,1,0,0,6,17,0,0,1,0,0,86,58,"North Melbourne","2019",7
7,"Ziebell, Jack",15,4,7,22,1,1,0,7,3,4,8,3,2,1,0,15,7,1,1,0,0,1,87,58,"North Melbourne","2019",7
44,"Zurhaar, Cameron",12,5,4,16,5,2,0,4,0,4,1,4,0,1,3,5,10,0,3,1,1,1,75,58,"North Melbourne","2019",7
0,"Rushed",0,0,0,0,0,1,0,0,0,0,0,0,0,0,0,0,0,0,0,0,0,0,0,58,"North Melbourne","2019",7
