"Number","Player","Kicks","Marks","Handballs","Disposals","Goals","Behinds","Hitouts","Tackles","Rebounds50s","Inside50s","Clearances","Clangers","FreesFor","FreesAgainst","BrownlowVotes","ContestedPossessions","UncontestedPossessions","ContestedMarks","MarksInside50","OnePercenters","Bounces","GoalAssists","PercentagePlayed","PointDifference","Team","Season","Round"
36,"Aliir, Aliir",8,3,8,16,1,0,8,3,1,5,4,4,0,2,0,7,11,0,1,4,0,0,85,42,"Sydney","2019",15
22,"Blakey, Nick",10,2,3,13,2,1,0,3,0,2,0,2,4,2,0,6,4,0,2,0,0,0,84,42,"Sydney","2019",15
34,"Dawson, Jordan",21,3,7,28,0,0,0,3,8,4,1,3,1,1,1,4,19,0,0,2,1,1,86,42,"Sydney","2019",15
13,"Florent, Oliver",11,2,11,22,0,0,0,1,1,2,2,3,0,1,0,7,15,0,1,2,0,0,91,42,"Sydney","2019",15
9,"Hayward, Will",10,4,8,18,1,1,0,3,1,5,2,3,0,0,0,7,10,1,2,1,0,0,90,42,"Sydney","2019",15
5,"Heeney, Isaac",13,11,12,25,2,1,0,2,2,3,2,3,3,2,2,11,16,1,3,0,0,2,90,42,"Sydney","2019",15
29,"Hewett, George",8,3,14,22,0,0,0,12,1,3,5,1,1,0,0,9,13,0,0,0,0,0,93,42,"Sydney","2019",15
10,"Jones, Zak",10,7,15,25,1,0,0,4,2,4,1,5,0,2,0,5,22,0,0,3,0,2,76,42,"Sydney","2019",15
12,"Kennedy, Josh",11,5,16,27,1,0,0,8,0,1,2,2,0,2,0,12,15,0,0,1,0,0,76,42,"Sydney","2019",15
44,"Lloyd, Jake",8,0,8,16,0,0,0,2,4,0,0,0,0,0,0,5,6,0,0,0,0,0,88,42,"Sydney","2019",15
30,"McCartin, Tom",7,4,2,9,0,0,0,2,3,0,0,2,0,0,0,4,5,2,0,6,0,0,85,42,"Sydney","2019",15
43,"Melican, Lewis",4,4,5,9,0,0,0,2,1,1,1,1,1,0,0,3,6,1,0,10,0,0,92,42,"Sydney","2019",15
14,"Mills, Callum",10,8,10,20,0,0,0,3,2,0,0,1,1,0,0,8,12,2,0,3,0,0,83,42,"Sydney","2019",15
38,"ORiordan, Colin",6,1,5,11,0,0,0,4,2,3,0,1,1,1,0,6,4,0,0,3,0,1,75,42,"Sydney","2019",15
11,"Papley, Tom",15,7,3,18,2,2,0,1,1,2,1,4,0,1,0,7,12,0,4,0,3,0,92,42,"Sydney","2019",15
26,"Parker, Luke",14,3,17,31,0,0,0,6,3,4,11,5,2,2,3,16,15,0,0,1,0,1,91,42,"Sydney","2019",15
24,"Rampe, Dane",11,6,13,24,0,0,0,1,7,4,0,3,0,2,0,9,14,1,0,5,4,1,91,42,"Sydney","2019",15
20,"Reid, Sam",5,5,4,9,2,0,14,5,0,1,0,0,0,0,0,2,7,0,2,1,0,0,84,42,"Sydney","2019",15
25,"Ronke, Ben",8,2,3,11,2,0,0,4,0,2,0,1,1,0,0,3,8,0,0,0,0,0,77,42,"Sydney","2019",15
1,"Rose, James",12,3,7,19,0,1,0,2,0,2,0,1,0,0,0,7,13,0,1,0,0,1,82,42,"Sydney","2019",15
8,"Rowbottom, James",11,1,10,21,0,0,0,9,1,6,5,7,0,3,0,8,13,0,0,0,0,1,73,42,"Sydney","2019",15
18,"Sinclair, Callum",1,0,1,2,0,0,4,1,0,0,1,0,0,0,0,1,1,0,0,0,0,0,14,42,"Sydney","2019",15
0,"Rushed",0,0,0,0,0,3,0,0,0,0,0,0,0,0,0,0,0,0,0,0,0,0,0,42,"Sydney","2019",15
10,"Ballard, Charlie",12,11,0,12,0,0,0,2,2,1,0,3,1,1,0,4,9,2,0,4,0,0,88,-42,"Gold Coast","2019",15
7,"Brodie, Will",11,4,9,20,0,0,0,5,2,2,5,1,0,0,0,8,12,1,1,1,0,0,71,-42,"Gold Coast","2019",15
12,"Day, Sam",4,3,7,11,1,0,4,1,0,1,0,2,1,0,0,8,4,2,2,3,0,2,81,-42,"Gold Coast","2019",15
17,"Ellis, Corey",14,3,7,21,0,0,0,2,3,1,2,2,0,0,0,3,15,0,0,2,0,0,78,-42,"Gold Coast","2019",15
8,"Fiorini, Brayden",13,4,8,21,0,0,0,6,5,2,2,3,0,0,0,6,14,0,1,0,0,0,78,-42,"Gold Coast","2019",15
1,"Hanley, Pearce",15,7,6,21,0,0,0,0,6,2,1,8,0,2,0,6,13,0,0,3,1,1,78,-42,"Gold Coast","2019",15
5,"Harbrow, Jarrod",16,3,1,17,0,0,0,1,5,3,2,2,1,0,0,4,10,0,0,5,0,0,91,-42,"Gold Coast","2019",15
20,"Hombsch, Jack",4,2,1,5,0,0,0,3,2,0,0,3,0,2,0,1,2,0,0,8,0,0,90,-42,"Gold Coast","2019",15
38,"Joyce, Jesse",11,5,12,23,0,0,0,3,1,2,2,3,1,0,0,9,10,0,0,3,1,0,90,-42,"Gold Coast","2019",15
34,"King, Ben",4,2,3,7,0,1,0,3,0,1,0,2,3,0,0,4,4,0,1,0,0,0,74,-42,"Gold Coast","2019",15
41,"Lukosius, Jack",13,7,5,18,0,0,0,1,2,3,1,4,2,2,0,9,9,2,0,6,0,0,81,-42,"Gold Coast","2019",15
44,"Macpherson, Darcy",16,6,5,21,2,1,0,4,1,4,1,2,0,0,0,6,15,1,2,0,0,0,76,-42,"Gold Coast","2019",15
4,"Martin, Jack",9,2,2,11,0,0,0,5,3,1,3,4,1,1,0,5,6,0,0,1,0,1,72,-42,"Gold Coast","2019",15
2,"Miles, Anthony",14,3,7,21,1,0,0,10,1,3,8,2,3,1,0,14,6,0,0,0,0,0,79,-42,"Gold Coast","2019",15
11,"Miller, Touk",6,3,6,12,0,0,0,6,1,1,1,0,1,0,0,5,8,0,0,1,0,0,81,-42,"Gold Coast","2019",15
27,"Powell, Wil",1,1,3,4,0,0,0,4,1,0,0,1,0,1,0,2,3,0,0,3,0,0,80,-42,"Gold Coast","2019",15
18,"Scheer, Brad",8,3,1,9,1,1,0,1,0,3,1,2,2,1,0,5,4,0,2,0,0,1,90,-42,"Gold Coast","2019",15
6,"Sexton, Alex",7,1,3,10,1,2,0,4,0,3,2,3,1,1,0,5,5,0,0,1,0,0,84,-42,"Gold Coast","2019",15
24,"Swallow, David",17,6,9,26,0,0,0,2,1,6,7,3,1,1,0,10,14,0,0,2,0,0,85,-42,"Gold Coast","2019",15
14,"Weller, Lachie",10,3,12,22,0,2,0,3,3,5,5,2,1,0,0,8,13,0,0,2,2,0,85,-42,"Gold Coast","2019",15
28,"Witts, Jarrod",10,3,7,17,0,0,55,2,1,2,6,2,2,1,0,11,6,1,0,3,0,0,80,-42,"Gold Coast","2019",15
30,"Wright, Peter",12,7,2,14,1,2,7,2,0,2,0,3,0,1,0,4,9,1,3,5,0,0,89,-42,"Gold Coast","2019",15
0,"Totals",227,89,116,343,7,9,66,70,40,48,49,57,21,15,0,137,191,10,12,53,4,5,0,-42,"Gold Coast","2019",15
