"Number","Player","Kicks","Marks","Handballs","Disposals","Goals","Behinds","Hitouts","Tackles","Rebounds50s","Inside50s","Clearances","Clangers","FreesFor","FreesAgainst","BrownlowVotes","ContestedPossessions","UncontestedPossessions","ContestedMarks","MarksInside50","OnePercenters","Bounces","GoalAssists","PercentagePlayed","PointDifference","Team","Season","Round"
22,"Breust, Luke",5,2,12,17,1,0,0,5,1,3,3,0,2,0,0,14,3,0,1,1,0,0,76,-6,"Hawthorn","2019",15
9,"Burgoyne, Shaun",12,0,4,16,1,0,0,6,4,6,2,3,0,1,0,6,7,0,0,5,0,0,81,-6,"Hawthorn","2019",15
18,"Ceglar, Jonathon",7,6,6,13,0,2,19,1,1,1,2,4,1,2,0,8,4,3,3,3,0,0,89,-6,"Hawthorn","2019",15
12,"Frawley, James",7,3,1,8,0,0,0,1,2,0,0,2,0,1,0,4,4,1,0,3,0,0,98,-6,"Hawthorn","2019",15
13,"Glass, Conor",10,5,1,11,0,0,0,2,0,4,0,0,0,0,0,4,6,1,0,1,0,0,75,-6,"Hawthorn","2019",15
19,"Gunston, Jack",10,5,2,12,1,2,0,2,0,5,0,1,1,0,0,4,8,1,2,2,0,0,91,-6,"Hawthorn","2019",15
41,"Hanrahan, Oliver",4,3,6,10,1,0,0,0,0,0,0,1,0,0,0,5,5,0,0,0,0,1,67,-6,"Hawthorn","2019",15
15,"Hardwick, Blake",10,2,2,12,0,0,0,7,6,0,0,3,0,1,0,4,6,0,0,8,0,0,89,-6,"Hawthorn","2019",15
31,"Henderson, Ricky",9,3,6,15,1,0,0,4,1,3,1,1,0,1,0,3,9,0,0,1,0,1,79,-6,"Hawthorn","2019",15
17,"Howe, Daniel",8,2,0,8,1,1,0,7,2,3,3,3,2,2,0,6,3,0,0,1,0,0,82,-6,"Hawthorn","2019",15
4,"Impey, Jarman",15,5,5,20,0,0,0,5,5,3,0,4,3,2,0,12,9,2,0,3,0,0,81,-6,"Hawthorn","2019",15
7,"McEvoy, Ben",3,3,3,6,0,0,34,4,0,0,0,5,0,2,0,2,4,0,1,2,0,0,86,-6,"Hawthorn","2019",15
36,"Moore, Dylan",1,0,7,8,0,0,0,5,1,0,0,2,1,2,0,3,7,0,0,0,0,0,62,-6,"Hawthorn","2019",15
11,"Nash, Conor",4,0,3,7,1,1,0,4,0,1,0,1,2,0,0,7,0,0,0,4,0,0,83,-6,"Hawthorn","2019",15
23,"OBrien, Tim",7,2,2,9,0,0,0,3,2,1,0,1,3,0,0,3,4,0,0,14,0,0,87,-6,"Hawthorn","2019",15
10,"OMeara, Jaeger",23,0,13,36,0,3,0,10,6,1,11,7,2,2,1,24,7,0,0,1,0,0,89,-6,"Hawthorn","2019",15
28,"Puopolo, Paul",5,0,7,12,0,1,0,8,1,3,2,2,3,0,0,12,2,0,0,2,0,0,79,-6,"Hawthorn","2019",15
21,"Scully, Tom",12,1,8,20,0,0,0,1,2,1,2,3,1,1,0,10,11,0,0,2,0,0,88,-6,"Hawthorn","2019",15
26,"Shiels, Liam",22,5,8,30,0,1,0,8,1,4,2,6,1,2,0,13,14,1,0,0,0,0,79,-6,"Hawthorn","2019",15
6,"Sicily, James",13,5,5,18,0,0,0,0,4,2,0,2,1,2,0,6,10,1,0,8,0,0,90,-6,"Hawthorn","2019",15
16,"Smith, Isaac",15,1,6,21,1,2,0,5,0,8,2,2,0,1,0,6,14,0,0,0,0,1,84,-6,"Hawthorn","2019",15
5,"Worpel, James",15,0,8,23,1,1,0,9,2,5,9,2,1,0,0,13,8,0,0,1,0,1,67,-6,"Hawthorn","2019",15
0,"Rushed",0,0,0,0,0,3,0,0,0,0,0,0,0,0,0,0,0,0,0,0,0,0,0,-6,"Hawthorn","2019",15
12,"Allen, Oscar",6,4,3,9,0,0,0,2,3,2,0,5,1,4,0,3,6,1,0,9,0,0,80,6,"West Coast","2019",15
39,"Cameron, Jarrod",6,2,0,6,0,0,0,2,0,1,1,2,0,1,0,1,4,0,0,2,0,1,80,6,"West Coast","2019",15
15,"Cripps, Jamie",9,1,4,13,3,0,0,6,0,3,2,2,0,2,0,5,7,0,1,1,0,0,88,6,"West Coast","2019",15
27,"Darling, Jack",11,6,6,17,5,2,0,3,0,2,0,1,1,1,2,10,4,4,4,3,0,0,98,6,"West Coast","2019",15
14,"Duggan, Liam",7,1,3,10,0,0,0,0,2,1,1,3,0,0,0,6,5,0,0,3,0,0,79,6,"West Coast","2019",15
3,"Gaff, Andrew",28,6,6,34,0,0,0,1,2,6,6,1,1,0,0,8,23,0,0,0,0,0,91,6,"West Coast","2019",15
16,"Hickey, Tom",3,1,8,11,0,0,20,7,0,1,6,2,0,0,0,9,1,1,0,3,0,0,57,6,"West Coast","2019",15
25,"Hurn, Shannon",16,4,3,19,0,0,0,4,10,2,0,1,1,1,0,6,5,1,0,6,0,0,80,6,"West Coast","2019",15
34,"Hutchings, Mark",1,0,6,7,0,0,0,5,0,0,1,3,1,1,0,6,3,0,0,1,0,1,42,6,"West Coast","2019",15
23,"Jetta, Lewis",10,0,5,15,0,0,0,5,4,3,2,2,0,0,0,4,8,0,0,2,0,0,87,6,"West Coast","2019",15
17,"Kennedy, Josh",4,1,3,7,0,1,0,0,0,0,0,1,2,1,0,6,2,1,1,2,0,0,94,6,"West Coast","2019",15
7,"Masten, Chris",7,3,3,10,0,0,0,2,3,2,0,2,2,1,0,5,7,0,0,4,0,0,80,6,"West Coast","2019",15
9,"Naitanui, Nic",5,0,1,6,0,1,42,4,1,2,3,1,3,1,0,5,2,0,0,9,0,0,58,6,"West Coast","2019",15
30,"Nelson, Jackson",10,2,11,21,0,0,0,4,1,2,3,3,1,0,0,11,9,0,0,6,0,0,90,6,"West Coast","2019",15
8,"Redden, Jack",10,3,20,30,0,0,0,6,1,1,9,2,2,1,0,15,15,0,0,7,0,1,87,6,"West Coast","2019",15
44,"Rioli, Willie",3,0,3,6,0,0,0,5,0,2,1,3,1,2,0,4,2,0,0,2,1,1,87,6,"West Coast","2019",15
1,"Ryan, Liam",11,3,3,14,2,0,0,3,0,2,2,4,0,1,0,7,6,1,1,1,0,2,83,6,"West Coast","2019",15
31,"Schofield, Will",6,1,0,6,0,0,0,5,3,0,1,2,0,0,0,5,1,0,0,4,0,0,89,6,"West Coast","2019",15
4,"Sheed, Dom",16,5,11,27,0,0,0,3,1,4,7,3,0,1,0,13,14,0,0,0,0,0,84,6,"West Coast","2019",15
5,"Sheppard, Brad",14,4,1,15,0,1,0,3,9,1,2,2,2,1,0,4,10,0,0,7,0,0,96,6,"West Coast","2019",15
13,"Shuey, Luke",27,2,12,39,1,0,0,9,4,11,11,10,1,4,3,20,17,0,0,4,2,0,82,6,"West Coast","2019",15
6,"Yeo, Elliot",8,1,8,16,0,0,0,12,0,6,6,3,3,1,0,10,7,1,0,1,0,1,88,6,"West Coast","2019",15
0,"Rushed",0,0,0,0,0,6,0,0,0,0,0,0,0,0,0,0,0,0,0,0,0,0,0,6,"West Coast","2019",15
