"Number","Player","Kicks","Marks","Handballs","Disposals","Goals","Behinds","Hitouts","Tackles","Rebounds50s","Inside50s","Clearances","Clangers","FreesFor","FreesAgainst","BrownlowVotes","ContestedPossessions","UncontestedPossessions","ContestedMarks","MarksInside50","OnePercenters","Bounces","GoalAssists","PercentagePlayed","PointDifference","Team","Season","Round"
36,"Aliir, Aliir",12,4,4,16,0,0,3,0,4,2,1,5,2,1,0,4,11,0,0,4,0,0,90,19,"Sydney","2019",14
22,"Blakey, Nick",9,7,2,11,2,0,0,1,0,1,0,1,2,0,0,7,4,3,2,1,0,0,89,19,"Sydney","2019",14
4,"Clarke, Ryan",9,6,11,20,0,0,0,7,1,2,2,1,1,1,0,6,15,0,0,0,0,0,91,19,"Sydney","2019",14
34,"Dawson, Jordan",17,11,5,22,0,0,0,3,1,4,0,0,1,0,0,5,17,0,0,0,0,1,87,19,"Sydney","2019",14
13,"Florent, Oliver",6,4,5,11,0,1,0,2,0,2,0,4,0,2,0,0,11,0,0,0,0,0,84,19,"Sydney","2019",14
23,"Franklin, Lance",5,3,0,5,4,0,0,0,0,1,0,4,1,3,1,4,1,3,3,0,0,0,60,19,"Sydney","2019",14
9,"Hayward, Will",8,5,1,9,1,2,0,1,0,1,1,0,1,0,0,5,4,1,2,0,0,1,77,19,"Sydney","2019",14
5,"Heeney, Isaac",12,4,11,23,0,1,0,6,2,3,2,2,1,1,0,7,15,0,0,0,0,0,71,19,"Sydney","2019",14
29,"Hewett, George",7,2,11,18,0,0,0,6,3,1,8,3,0,2,0,12,6,0,0,2,0,0,83,19,"Sydney","2019",14
10,"Jones, Zak",15,4,12,27,0,1,0,6,1,5,2,4,1,2,0,11,17,0,0,0,0,2,75,19,"Sydney","2019",14
12,"Kennedy, Josh",9,3,10,19,0,1,0,6,0,4,7,6,0,3,0,12,7,0,0,1,0,0,67,19,"Sydney","2019",14
44,"Lloyd, Jake",20,7,8,28,0,0,0,3,4,2,0,1,0,0,0,3,20,0,0,0,0,0,94,19,"Sydney","2019",14
43,"Melican, Lewis",12,8,2,14,0,0,0,0,2,1,0,0,1,0,0,4,10,0,0,2,0,0,88,19,"Sydney","2019",14
2,"Menzel, Daniel",5,3,4,9,1,0,0,1,0,1,0,4,0,2,0,3,6,0,0,0,0,0,74,19,"Sydney","2019",14
14,"Mills, Callum",14,13,7,21,0,0,0,2,3,1,1,0,0,0,0,5,18,1,0,5,0,0,85,19,"Sydney","2019",14
38,"ORiordan, Colin",11,9,3,14,0,0,0,0,3,2,1,0,0,0,0,4,13,0,0,4,0,0,74,19,"Sydney","2019",14
11,"Papley, Tom",10,7,2,12,2,0,0,4,0,4,0,1,0,0,0,3,9,0,2,0,0,3,89,19,"Sydney","2019",14
26,"Parker, Luke",20,7,11,31,1,0,0,12,3,2,7,4,3,1,3,12,16,0,0,0,0,0,87,19,"Sydney","2019",14
24,"Rampe, Dane",9,4,8,17,0,0,0,3,5,1,0,0,3,0,0,5,12,1,0,2,2,1,97,19,"Sydney","2019",14
20,"Reid, Sam",3,3,2,5,0,1,10,4,0,2,0,1,0,1,0,2,3,1,1,1,0,1,88,19,"Sydney","2019",14
1,"Rose, James",13,5,4,17,0,1,0,3,0,3,1,1,1,0,0,6,11,0,0,2,0,0,81,19,"Sydney","2019",14
18,"Sinclair, Callum",13,7,4,17,1,0,20,3,1,7,4,3,2,2,0,11,6,2,1,2,0,0,68,19,"Sydney","2019",14
0,"Rushed",0,0,0,0,0,2,0,0,0,0,0,0,0,0,0,0,0,0,0,0,0,0,0,19,"Sydney","2019",14
30,"Brand, Kaiden",5,5,8,13,0,0,0,0,1,0,0,1,0,0,0,7,6,3,0,3,0,0,91,-19,"Hawthorn","2019",14
22,"Breust, Luke",7,2,2,9,1,0,0,3,0,2,0,3,1,2,0,5,4,1,1,0,0,0,83,-19,"Hawthorn","2019",14
9,"Burgoyne, Shaun",12,3,6,18,0,0,0,5,3,2,0,8,1,3,0,4,11,0,0,0,0,0,84,-19,"Hawthorn","2019",14
18,"Ceglar, Jonathon",2,3,10,12,1,0,17,0,1,0,1,1,3,0,0,7,6,2,1,3,0,0,82,-19,"Hawthorn","2019",14
12,"Frawley, James",9,4,3,12,0,0,0,1,2,0,0,2,2,1,0,5,7,1,0,4,0,0,88,-19,"Hawthorn","2019",14
13,"Glass, Conor",11,3,9,20,0,0,0,1,5,1,2,3,1,0,0,8,11,0,0,3,0,0,79,-19,"Hawthorn","2019",14
19,"Gunston, Jack",9,5,3,12,1,1,0,1,0,1,1,2,1,0,0,5,9,1,2,1,0,2,85,-19,"Hawthorn","2019",14
15,"Hardwick, Blake",6,2,7,13,0,0,0,5,1,0,0,1,0,0,0,3,9,0,0,5,1,0,92,-19,"Hawthorn","2019",14
31,"Henderson, Ricky",19,8,10,29,1,0,0,3,3,4,3,5,1,1,0,8,22,0,0,2,0,1,77,-19,"Hawthorn","2019",14
4,"Impey, Jarman",11,4,4,15,1,0,0,0,6,2,0,0,1,0,0,2,14,0,0,0,2,0,78,-19,"Hawthorn","2019",14
7,"McEvoy, Ben",0,0,6,6,0,0,24,0,0,0,1,3,1,2,0,7,3,0,0,7,0,0,82,-19,"Hawthorn","2019",14
36,"Moore, Dylan",5,4,9,14,0,1,0,1,0,4,1,2,1,0,0,8,7,1,0,1,0,3,74,-19,"Hawthorn","2019",14
1,"Morrison, Harry",3,1,4,7,0,0,0,5,0,0,0,0,0,0,0,3,4,0,0,0,0,0,65,-19,"Hawthorn","2019",14
23,"OBrien, Tim",11,6,2,13,0,0,0,0,3,0,0,1,1,0,0,4,9,2,0,5,0,0,84,-19,"Hawthorn","2019",14
10,"OMeara, Jaeger",19,3,9,28,1,0,0,6,5,3,8,3,2,1,2,10,14,0,1,0,0,0,89,-19,"Hawthorn","2019",14
28,"Puopolo, Paul",1,1,8,9,0,0,0,2,0,1,0,1,0,1,0,3,7,0,0,0,0,0,76,-19,"Hawthorn","2019",14
2,"Roughead, Jarryd",3,2,6,9,1,1,0,3,0,1,0,2,0,1,0,4,6,0,1,5,0,0,77,-19,"Hawthorn","2019",14
21,"Scully, Tom",6,2,2,8,0,1,0,3,1,3,1,1,0,1,0,2,6,0,0,1,1,0,77,-19,"Hawthorn","2019",14
26,"Shiels, Liam",13,1,12,25,1,0,0,11,1,8,6,5,2,2,0,11,12,1,0,4,0,0,79,-19,"Hawthorn","2019",14
6,"Sicily, James",6,4,2,8,1,2,0,3,1,2,0,4,2,4,0,4,4,1,2,1,0,0,84,-19,"Hawthorn","2019",14
16,"Smith, Isaac",15,5,9,24,0,2,0,3,3,8,2,4,1,1,0,5,20,0,1,2,3,0,92,-19,"Hawthorn","2019",14
5,"Worpel, James",7,1,12,19,0,0,0,6,1,0,6,2,0,0,0,10,8,0,0,2,0,0,82,-19,"Hawthorn","2019",14
0,"Rushed",0,0,0,0,0,1,0,0,0,0,0,0,0,0,0,0,0,0,0,0,0,0,0,-19,"Hawthorn","2019",14
