"Number","Player","Kicks","Marks","Handballs","Disposals","Goals","Behinds","Hitouts","Tackles","Rebounds50s","Inside50s","Clearances","Clangers","FreesFor","FreesAgainst","BrownlowVotes","ContestedPossessions","UncontestedPossessions","ContestedMarks","MarksInside50","OnePercenters","Bounces","GoalAssists","PercentagePlayed","PointDifference","Team","Season","Round"
12,"Allen, Oscar",6,3,2,8,0,0,0,3,3,1,0,0,1,0,0,5,5,0,0,8,0,0,83,16,"West Coast","2019",9
28,"Cole, Tom",12,7,3,15,0,0,0,1,4,0,2,1,1,0,0,7,8,0,0,1,0,0,85,16,"West Coast","2019",9
15,"Cripps, Jamie",9,3,9,18,2,1,0,2,0,5,1,4,1,3,0,8,10,0,0,1,4,0,89,16,"West Coast","2019",9
27,"Darling, Jack",6,3,5,11,1,0,0,4,0,1,0,1,2,1,0,6,5,1,0,2,0,2,100,16,"West Coast","2019",9
14,"Duggan, Liam",13,8,4,17,0,0,0,0,3,1,0,3,0,0,0,5,12,1,0,1,0,0,83,16,"West Coast","2019",9
3,"Gaff, Andrew",18,10,12,30,0,0,0,5,1,5,3,2,1,1,0,7,21,0,0,0,0,0,86,16,"West Coast","2019",9
16,"Hickey, Tom",2,2,8,10,0,0,11,3,0,1,2,6,0,4,0,8,3,0,0,4,0,1,69,16,"West Coast","2019",9
25,"Hurn, Shannon",26,13,7,33,0,0,0,2,7,1,0,1,1,1,0,6,22,3,0,1,1,0,85,16,"West Coast","2019",9
34,"Hutchings, Mark",6,4,6,12,0,0,0,0,2,1,0,2,1,1,0,5,9,0,0,1,0,0,89,16,"West Coast","2019",9
23,"Jetta, Lewis",11,3,5,16,0,0,0,1,5,3,2,1,1,1,0,5,9,0,0,0,0,0,87,16,"West Coast","2019",9
17,"Kennedy, Josh",9,6,6,15,4,0,0,1,0,3,0,5,1,2,0,9,6,1,2,2,0,2,93,16,"West Coast","2019",9
20,"McGovern, Jeremy",14,12,3,17,0,0,2,4,7,0,0,2,1,1,0,4,13,1,0,7,0,0,88,16,"West Coast","2019",9
21,"Petruccelle, Jack",6,4,4,10,0,1,0,4,3,3,1,3,0,2,0,4,5,0,1,0,1,1,86,16,"West Coast","2019",9
8,"Redden, Jack",10,6,10,20,0,0,0,2,1,1,4,2,0,0,0,10,12,0,0,5,0,0,79,16,"West Coast","2019",9
44,"Rioli, Willie",8,3,1,9,2,1,0,3,0,4,1,1,0,0,0,5,5,0,1,1,0,0,71,16,"West Coast","2019",9
1,"Ryan, Liam",9,7,4,13,1,0,0,3,0,1,1,1,1,0,0,6,7,2,3,1,0,0,84,16,"West Coast","2019",9
4,"Sheed, Dom",22,12,11,33,1,2,0,0,4,5,5,4,1,0,1,11,21,0,1,2,1,1,83,16,"West Coast","2019",9
5,"Sheppard, Brad",9,5,5,14,0,0,0,4,4,2,0,3,0,0,0,2,11,0,0,5,0,0,94,16,"West Coast","2019",9
13,"Shuey, Luke",13,1,6,19,2,0,0,12,2,1,5,0,3,0,0,7,11,0,0,4,0,0,80,16,"West Coast","2019",9
19,"Vardy, Nathan",2,1,3,5,0,0,7,3,2,1,0,3,0,2,0,2,3,0,0,1,0,0,74,16,"West Coast","2019",9
18,"Venables, Daniel",0,0,2,2,0,0,0,2,0,0,0,1,0,1,0,1,1,0,0,0,0,0,27,16,"West Coast","2019",9
6,"Yeo, Elliot",16,3,10,26,0,0,0,16,2,7,7,4,5,2,3,18,10,0,0,4,0,1,87,16,"West Coast","2019",9
0,"Rushed",0,0,0,0,0,2,0,0,0,0,0,0,0,0,0,0,0,0,0,0,0,0,0,16,"West Coast","2019",9
33,"Baker, Oskar",6,3,4,10,0,1,0,1,2,2,1,4,0,3,0,5,8,0,1,1,1,0,73,-16,"Melbourne","2019",9
10,"Brayshaw, Angus",6,5,13,19,0,1,0,2,1,2,0,2,0,1,0,6,12,1,0,4,0,0,84,-16,"Melbourne","2019",9
31,"Fritsch, Bayley",7,1,5,12,0,0,0,0,2,1,1,5,0,1,0,8,5,0,0,4,0,0,90,-16,"Melbourne","2019",9
17,"Frost, Sam",14,6,1,15,0,0,0,1,6,1,0,4,1,1,0,5,9,1,0,9,0,0,90,-16,"Melbourne","2019",9
36,"Garlett, Jeff",9,4,6,15,3,2,0,2,0,3,1,3,0,1,0,7,8,0,3,0,0,0,90,-16,"Melbourne","2019",9
11,"Gawn, Max",11,2,4,15,0,0,56,4,2,4,7,1,6,0,2,13,5,2,0,3,0,0,94,-16,"Melbourne","2019",9
4,"Harmes, James",13,1,17,30,0,1,0,6,2,4,6,2,4,1,0,14,16,0,0,1,0,0,83,-16,"Melbourne","2019",9
34,"Hore, Marty",8,7,7,15,0,0,0,0,2,1,1,1,1,0,0,8,8,3,0,4,0,0,82,-16,"Melbourne","2019",9
29,"Hunt, Jayden",13,6,6,19,2,0,0,1,0,6,1,2,1,1,0,4,14,0,1,0,1,3,91,-16,"Melbourne","2019",9
2,"Jones, Nathan",10,1,11,21,1,0,0,4,1,5,6,4,1,1,0,11,12,0,0,1,0,0,81,-16,"Melbourne","2019",9
41,"Lockhart, Jay",8,3,3,11,0,0,0,1,0,4,1,0,0,0,0,5,7,1,0,0,0,1,77,-16,"Melbourne","2019",9
28,"McDonald, Oscar",9,3,4,13,0,0,0,5,4,0,0,2,0,1,0,5,6,0,0,11,0,0,98,-16,"Melbourne","2019",9
25,"McDonald, Tom",11,6,4,15,0,2,0,2,0,7,0,2,0,0,0,6,8,3,3,1,0,0,98,-16,"Melbourne","2019",9
30,"Neal-Bullen, Alex",6,2,5,11,0,0,0,1,0,3,0,1,1,0,0,6,5,0,0,0,0,0,35,-16,"Melbourne","2019",9
13,"Oliver, Clayton",8,2,21,29,0,0,0,12,2,3,3,5,0,2,0,10,19,0,1,2,0,1,78,-16,"Melbourne","2019",9
5,"Petracca, Christian",11,4,6,17,2,2,0,1,0,4,0,4,0,0,0,7,9,1,1,0,0,1,89,-16,"Melbourne","2019",9
35,"Petty, Harry",5,4,5,10,0,0,0,1,1,1,0,1,0,1,0,5,4,1,0,6,0,0,77,-16,"Melbourne","2019",9
3,"Salem, Christian",11,2,6,17,0,0,0,7,5,0,2,4,1,2,0,4,12,0,0,2,0,0,79,-16,"Melbourne","2019",9
38,"Smith, Tim",3,3,5,8,1,0,3,3,0,0,0,2,2,2,0,6,4,1,0,5,0,0,81,-16,"Melbourne","2019",9
15,"Stretch, Billy",11,4,6,17,0,1,0,4,1,3,4,4,0,1,0,6,12,0,0,0,1,0,76,-16,"Melbourne","2019",9
7,"Viney, Jack",9,5,10,19,0,0,0,5,1,7,4,4,2,2,0,8,10,1,1,2,1,0,69,-16,"Melbourne","2019",9
42,"Wagner, Josh",9,1,8,17,0,0,0,0,1,1,0,2,2,0,0,9,9,0,0,2,0,0,83,-16,"Melbourne","2019",9
0,"Rushed",0,0,0,0,0,5,0,0,0,0,0,0,0,0,0,0,0,0,0,0,0,0,0,-16,"Melbourne","2019",9
