"Number","Player","Kicks","Marks","Handballs","Disposals","Goals","Behinds","Hitouts","Tackles","Rebounds50s","Inside50s","Clearances","Clangers","FreesFor","FreesAgainst","BrownlowVotes","ContestedPossessions","UncontestedPossessions","ContestedMarks","MarksInside50","OnePercenters","Bounces","GoalAssists","PercentagePlayed","PointDifference","Team","Season","Round"
10,"Brayshaw, Angus",11,2,10,21,1,0,0,0,0,2,2,2,0,0,0,9,12,1,0,2,0,0,76,5,"Melbourne","2019",7
31,"Fritsch, Bayley",11,6,3,14,1,1,0,0,1,5,1,5,1,2,0,5,10,0,1,2,0,0,77,5,"Melbourne","2019",7
17,"Frost, Sam",7,4,5,12,0,0,0,0,3,2,0,1,0,1,0,6,8,0,0,4,0,0,92,5,"Melbourne","2019",7
36,"Garlett, Jeff",5,2,4,9,1,2,0,2,0,0,1,1,1,1,0,5,5,0,2,0,0,2,74,5,"Melbourne","2019",7
11,"Gawn, Max",13,6,4,17,0,0,46,2,3,3,4,3,2,0,1,9,7,2,0,2,0,0,88,5,"Melbourne","2019",7
4,"Harmes, James",17,6,14,31,1,1,0,5,2,8,6,6,2,3,3,15,18,0,0,1,0,1,85,5,"Melbourne","2019",7
14,"Hibberd, Michael",17,8,9,26,0,0,0,2,7,6,2,4,2,1,0,7,19,0,0,3,0,0,87,5,"Melbourne","2019",7
34,"Hore, Marty",14,7,4,18,0,0,0,2,5,1,0,2,2,0,0,7,10,0,0,5,0,0,83,5,"Melbourne","2019",7
29,"Hunt, Jayden",9,5,6,15,2,1,0,1,0,3,1,2,0,1,0,7,6,0,3,0,0,1,88,5,"Melbourne","2019",7
2,"Jones, Nathan",11,1,9,20,1,1,0,5,3,2,4,3,2,2,0,13,7,0,1,0,0,1,75,5,"Melbourne","2019",7
45,"Keilty, Declan",3,2,3,6,0,0,3,2,0,1,2,1,1,1,0,5,2,0,0,2,0,0,84,5,"Melbourne","2019",7
6,"Lewis, Jordan",8,2,5,13,0,0,0,1,1,0,1,4,1,0,0,6,5,0,0,2,0,0,88,5,"Melbourne","2019",7
41,"Lockhart, Jay",13,8,7,20,1,0,0,4,1,4,1,5,1,0,0,7,12,0,2,0,0,0,75,5,"Melbourne","2019",7
28,"McDonald, Oscar",8,6,0,8,0,0,0,2,4,1,0,0,0,0,0,3,7,1,0,10,0,0,84,5,"Melbourne","2019",7
25,"McDonald, Tom",8,3,3,11,1,0,2,3,0,4,0,2,2,1,0,7,5,2,1,3,0,1,88,5,"Melbourne","2019",7
18,"Melksham, Jake",10,2,10,20,0,1,0,5,1,4,4,3,0,1,0,8,11,0,1,0,0,1,79,5,"Melbourne","2019",7
30,"Neal-Bullen, Alex",8,1,4,12,1,0,0,8,1,4,0,0,1,0,0,5,8,0,0,1,0,0,84,5,"Melbourne","2019",7
13,"Oliver, Clayton",13,8,17,30,0,1,0,2,2,9,5,4,3,4,0,11,17,1,1,2,0,0,70,5,"Melbourne","2019",7
5,"Petracca, Christian",6,2,5,11,0,1,0,2,0,0,1,2,0,0,0,7,4,1,1,1,0,1,84,5,"Melbourne","2019",7
3,"Salem, Christian",18,5,8,26,0,0,0,3,2,1,0,3,0,0,0,7,17,0,0,2,1,1,86,5,"Melbourne","2019",7
15,"Stretch, Billy",10,4,8,18,1,0,0,1,0,2,0,2,0,0,0,4,14,0,0,1,3,0,73,5,"Melbourne","2019",7
42,"Wagner, Josh",4,2,5,9,0,0,0,4,2,1,0,0,0,0,0,4,4,1,0,4,1,0,80,5,"Melbourne","2019",7
0,"Rushed",0,0,0,0,0,4,0,0,0,0,0,0,0,0,0,0,0,0,0,0,0,0,0,5,"Melbourne","2019",7
30,"Brand, Kaiden",7,4,6,13,0,0,0,2,7,1,1,2,0,0,0,6,9,1,0,10,0,0,95,-5,"Hawthorn","2019",7
22,"Breust, Luke",5,3,2,7,4,0,0,4,0,1,0,3,0,1,0,3,5,2,2,0,0,0,84,-5,"Hawthorn","2019",7
9,"Burgoyne, Shaun",10,8,9,19,0,0,0,3,3,1,1,2,1,1,0,6,12,1,0,2,0,0,74,-5,"Hawthorn","2019",7
19,"Gunston, Jack",14,8,6,20,3,1,0,1,2,6,1,1,1,0,2,5,12,2,3,3,0,0,87,-5,"Hawthorn","2019",7
15,"Hardwick, Blake",15,7,4,19,0,0,0,4,8,2,0,0,0,0,0,7,9,2,0,6,0,0,79,-5,"Hawthorn","2019",7
31,"Henderson, Ricky",12,8,10,22,0,0,0,0,3,4,4,7,0,1,0,6,14,1,0,3,0,1,77,-5,"Hawthorn","2019",7
17,"Howe, Daniel",7,2,5,12,0,0,0,7,0,0,5,3,2,2,0,7,6,0,0,2,0,0,73,-5,"Hawthorn","2019",7
4,"Impey, Jarman",12,2,10,22,0,0,0,6,2,2,1,2,3,0,0,9,13,0,0,1,0,1,80,-5,"Hawthorn","2019",7
8,"Lewis, Mitch",5,4,2,7,1,1,3,3,0,1,1,1,0,0,0,4,2,4,1,3,0,1,73,-5,"Hawthorn","2019",7
7,"McEvoy, Ben",3,6,13,16,0,0,26,3,0,1,3,6,0,2,0,8,7,2,0,4,0,0,81,-5,"Hawthorn","2019",7
36,"Moore, Dylan",7,5,6,13,0,0,0,5,1,2,2,2,2,1,0,7,6,0,1,2,0,2,68,-5,"Hawthorn","2019",7
23,"OBrien, Tim",8,5,3,11,0,0,0,3,4,0,0,1,1,1,0,6,5,1,0,8,0,0,85,-5,"Hawthorn","2019",7
10,"OMeara, Jaeger",9,2,10,19,1,0,0,7,1,2,5,4,2,2,0,9,10,0,0,1,0,0,89,-5,"Hawthorn","2019",7
28,"Puopolo, Paul",6,2,6,12,0,0,0,5,0,1,2,1,1,0,0,6,5,0,0,1,0,0,79,-5,"Hawthorn","2019",7
2,"Roughead, Jarryd",8,0,0,8,1,0,2,4,1,2,0,2,2,1,0,4,4,0,0,1,0,0,78,-5,"Hawthorn","2019",7
21,"Scully, Tom",9,4,5,14,0,0,0,2,0,5,0,2,0,1,0,3,12,0,0,1,1,1,90,-5,"Hawthorn","2019",7
26,"Shiels, Liam",17,5,12,29,1,1,0,4,3,8,6,4,1,4,0,9,19,0,1,0,0,1,78,-5,"Hawthorn","2019",7
6,"Sicily, James",12,3,6,18,0,0,0,2,6,1,1,2,0,0,0,2,14,0,0,3,0,0,96,-5,"Hawthorn","2019",7
16,"Smith, Isaac",8,4,14,22,0,1,0,4,2,2,1,1,0,0,0,5,18,0,1,1,2,1,73,-5,"Hawthorn","2019",7
24,"Stratton, Ben",7,4,3,10,0,0,0,2,4,0,0,2,1,1,0,2,6,0,0,4,0,0,95,-5,"Hawthorn","2019",7
20,"Wingard, Chad",7,5,7,14,0,1,0,3,1,4,1,4,0,2,0,1,13,0,1,1,1,1,87,-5,"Hawthorn","2019",7
5,"Worpel, James",11,2,13,24,0,1,0,6,1,4,2,8,1,1,0,11,14,0,0,2,1,0,78,-5,"Hawthorn","2019",7
0,"Rushed",0,0,0,0,0,2,0,0,0,0,0,0,0,0,0,0,0,0,0,0,0,0,0,-5,"Hawthorn","2019",7
