"Number","Player","Kicks","Marks","Handballs","Disposals","Goals","Behinds","Hitouts","Tackles","Rebounds50s","Inside50s","Clearances","Clangers","FreesFor","FreesAgainst","BrownlowVotes","ContestedPossessions","UncontestedPossessions","ContestedMarks","MarksInside50","OnePercenters","Bounces","GoalAssists","PercentagePlayed","PointDifference","Team","Season","Round"
24,"Adams, Marcus",12,10,7,19,0,0,0,2,7,0,0,5,1,1,0,10,10,4,0,9,0,0,100,1,"Brisbane Lions","2019",22
31,"Andrews, Harris",6,5,7,13,0,0,0,5,2,0,0,1,0,1,0,7,5,2,0,14,0,0,94,1,"Brisbane Lions","2019",22
43,"Answerth, Noah",12,7,5,17,0,0,0,3,2,3,1,1,0,0,0,6,10,2,0,2,0,1,75,1,"Brisbane Lions","2019",22
33,"Bailey, Zac",9,3,4,13,0,2,0,6,0,3,0,2,3,2,0,6,8,0,0,1,0,0,90,1,"Brisbane Lions","2019",22
7,"Berry, Jarrod",6,5,7,13,0,0,0,6,1,4,3,2,2,1,0,6,8,0,0,1,1,0,79,1,"Brisbane Lions","2019",22
23,"Cameron, Charlie",12,4,5,17,5,2,0,2,0,1,1,3,2,2,3,8,8,1,4,0,0,0,92,1,"Brisbane Lions","2019",22
3,"Christensen, Allen",2,0,1,3,0,0,0,1,0,1,0,0,0,0,0,0,4,0,0,0,0,0,30,1,"Brisbane Lions","2019",22
27,"Gardiner, Darcy",13,5,5,18,0,0,0,4,3,0,0,5,1,2,0,5,14,1,0,4,0,1,80,1,"Brisbane Lions","2019",22
30,"Hipwood, Eric",8,4,2,10,0,1,0,3,0,1,0,5,1,1,0,7,7,2,1,3,0,0,88,1,"Brisbane Lions","2019",22
2,"Hodge, Luke",12,6,3,15,0,1,0,2,4,0,0,3,1,2,0,3,11,0,0,1,0,0,91,1,"Brisbane Lions","2019",22
17,"Lyons, Jarryd",15,4,13,28,1,1,0,11,0,10,9,5,1,3,1,19,10,0,0,0,0,1,87,1,"Brisbane Lions","2019",22
12,"Martin, Stefan",8,3,8,16,0,0,36,3,1,2,7,3,2,2,0,15,1,3,0,4,0,2,79,1,"Brisbane Lions","2019",22
11,"McCarthy, Lincoln",5,2,4,9,1,0,0,6,0,0,1,3,0,2,0,5,3,1,1,1,0,0,79,1,"Brisbane Lions","2019",22
6,"McCluggage, Hugh",21,7,6,27,1,1,0,6,5,6,4,3,1,1,0,10,17,0,2,1,0,0,84,1,"Brisbane Lions","2019",22
46,"McInerney, Oscar",2,2,5,7,0,0,17,2,1,0,1,1,0,1,0,5,2,1,0,4,0,1,78,1,"Brisbane Lions","2019",22
25,"McStay, Daniel",1,2,7,8,0,0,0,3,0,1,0,2,0,1,0,4,4,1,0,1,0,0,84,1,"Brisbane Lions","2019",22
9,"Neale, Lachie",13,4,16,29,1,0,0,3,0,5,6,5,3,1,0,17,13,0,0,3,0,0,86,1,"Brisbane Lions","2019",22
16,"Rayner, Cam",1,1,3,4,0,0,0,1,0,2,0,1,0,1,0,1,3,0,0,1,0,1,68,1,"Brisbane Lions","2019",22
10,"Rich, Daniel",19,3,6,25,0,0,0,2,9,3,2,2,0,1,0,8,12,0,0,2,1,0,89,1,"Brisbane Lions","2019",22
5,"Robinson, Mitch",16,10,9,25,0,0,0,4,3,6,1,2,0,1,0,6,18,0,0,2,0,0,90,1,"Brisbane Lions","2019",22
29,"Witherden, Alex",15,3,0,15,0,0,0,3,6,1,1,2,0,0,0,3,6,1,0,0,0,0,71,1,"Brisbane Lions","2019",22
15,"Zorko, Dayne",15,1,8,23,1,0,0,6,2,7,6,3,3,1,0,12,11,0,0,2,0,0,87,1,"Brisbane Lions","2019",22
0,"Rushed",0,0,0,0,0,7,0,0,0,0,0,0,0,0,0,0,0,0,0,0,0,0,0,1,"Brisbane Lions","2019",22
4,"Ablett, Gary",13,2,12,25,0,1,0,8,2,6,3,8,0,1,0,13,12,1,1,1,1,0,88,-1,"Geelong","2019",22
30,"Atkins, Tom",11,2,4,15,0,1,0,11,0,2,3,2,3,1,0,9,5,1,0,0,0,0,81,-1,"Geelong","2019",22
24,"Bews, Jed",6,2,2,8,1,0,0,2,2,1,0,2,3,0,0,4,3,0,1,4,0,0,89,-1,"Geelong","2019",22
46,"Blicavs, Mark",5,1,5,10,0,0,25,8,2,3,3,2,3,2,0,8,2,0,0,6,0,1,85,-1,"Geelong","2019",22
40,"Dahlhaus, Luke",7,4,4,11,1,0,0,10,2,2,1,0,1,0,0,3,6,1,1,1,0,1,70,-1,"Geelong","2019",22
35,"Dangerfield, Patrick",18,3,18,36,1,1,0,2,0,8,9,6,5,1,2,23,12,0,0,0,0,1,76,-1,"Geelong","2019",22
22,"Duncan, Mitch",11,4,12,23,1,0,0,1,4,2,4,4,0,2,0,8,13,0,0,2,0,0,89,-1,"Geelong","2019",22
29,"Guthrie, Cameron",4,0,7,11,1,0,0,3,1,1,2,3,0,2,0,7,4,0,0,1,0,0,70,-1,"Geelong","2019",22
26,"Hawkins, Tom",9,5,4,13,0,2,0,2,0,2,0,6,1,1,0,3,10,0,2,0,0,3,96,-1,"Geelong","2019",22
25,"Henderson, Lachie",7,3,5,12,0,0,0,2,4,1,0,5,0,2,0,6,6,2,0,4,0,0,86,-1,"Geelong","2019",22
38,"Henry, Jack",7,4,0,7,0,0,0,3,1,1,0,2,0,0,0,2,5,2,0,6,0,0,81,-1,"Geelong","2019",22
11,"Kelly, Tim",15,1,11,26,0,1,0,3,3,6,6,6,1,3,0,15,12,0,0,0,2,0,79,-1,"Geelong","2019",22
8,"Kolodjashnij, Jake",5,2,1,6,0,0,0,3,1,2,1,1,1,0,0,3,3,1,0,5,0,0,84,-1,"Geelong","2019",22
32,"Miers, Gryan",8,2,4,12,2,1,0,3,2,3,0,0,1,0,0,4,8,0,0,0,1,0,87,-1,"Geelong","2019",22
19,"Narkle, Quinton",7,1,7,14,1,0,0,2,2,1,2,2,1,1,0,4,10,0,0,2,0,0,63,-1,"Geelong","2019",22
42,"OConnor, Mark",6,1,5,11,0,0,0,2,2,2,1,2,2,2,0,7,4,1,0,2,0,0,83,-1,"Geelong","2019",22
3,"Parfitt, Brandan",5,0,7,12,0,0,0,2,1,2,4,2,1,1,0,8,6,0,0,3,0,1,61,-1,"Geelong","2019",22
17,"Ratugolea, Esava",5,3,0,5,2,1,7,2,0,1,0,1,0,1,0,3,1,2,2,0,0,0,86,-1,"Geelong","2019",22
14,"Selwood, Joel",11,2,11,22,0,0,0,4,2,4,3,4,1,0,0,10,11,0,0,1,0,0,82,-1,"Geelong","2019",22
44,"Stewart, Tom",18,6,4,22,0,0,0,4,9,2,0,3,0,1,0,2,11,1,0,2,0,1,86,-1,"Geelong","2019",22
7,"Taylor, Harry",6,3,4,10,0,0,0,3,3,0,1,0,1,0,0,7,3,2,0,5,0,0,92,-1,"Geelong","2019",22
2,"Tuohy, Zach",10,2,2,12,0,2,0,5,0,4,0,2,2,0,0,5,7,1,1,1,2,0,87,-1,"Geelong","2019",22
0,"Rushed",0,0,0,0,0,4,0,0,0,0,0,0,0,0,0,0,0,0,0,0,0,0,0,-1,"Geelong","2019",22
