"Number","Player","Kicks","Marks","Handballs","Disposals","Goals","Behinds","Hitouts","Tackles","Rebounds50s","Inside50s","Clearances","Clangers","FreesFor","FreesAgainst","BrownlowVotes","ContestedPossessions","UncontestedPossessions","ContestedMarks","MarksInside50","OnePercenters","Bounces","GoalAssists","PercentagePlayed","PointDifference","Team","Season","Round"
9,"Ainsworth, Ben",13,8,7,20,2,1,0,0,1,4,2,3,1,1,0,7,14,1,2,3,1,2,80,-1,"Gold Coast","2019",8
10,"Ballard, Charlie",7,3,3,10,0,0,0,0,1,0,0,2,0,0,0,5,5,1,0,4,0,0,87,-1,"Gold Coast","2019",8
3,"Bowes, Jack",10,6,8,18,0,0,0,2,1,3,3,1,0,1,0,7,11,1,1,0,0,0,77,-1,"Gold Coast","2019",8
25,"Collins, Sam",11,6,6,17,0,0,0,1,9,1,0,4,0,2,0,9,7,2,0,6,0,0,100,-1,"Gold Coast","2019",8
19,"Corbett, Josh",9,5,4,13,1,0,0,1,0,2,0,4,3,0,0,6,7,1,2,0,0,0,90,-1,"Gold Coast","2019",8
1,"Hanley, Pearce",15,3,5,20,0,0,0,5,8,2,1,1,0,0,0,6,8,0,0,1,2,1,75,-1,"Gold Coast","2019",8
5,"Harbrow, Jarrod",10,3,2,12,0,0,0,2,5,1,0,2,0,0,0,2,9,0,0,2,0,0,83,-1,"Gold Coast","2019",8
39,"Holman, Nick",9,1,10,19,2,0,0,12,2,4,1,1,2,1,0,8,9,0,0,0,0,2,91,-1,"Gold Coast","2019",8
20,"Hombsch, Jack",9,5,3,12,0,0,0,1,3,0,0,1,0,0,0,2,7,1,0,1,0,0,96,-1,"Gold Coast","2019",8
23,"Lemmens, Sean",5,3,4,9,1,0,0,3,0,0,1,1,1,0,0,5,4,0,2,0,0,0,35,-1,"Gold Coast","2019",8
41,"Lukosius, Jack",4,3,3,7,0,0,0,0,0,1,0,1,0,1,0,2,5,1,0,1,1,0,73,-1,"Gold Coast","2019",8
44,"Macpherson, Darcy",16,5,11,27,1,0,0,8,1,4,1,5,0,2,0,14,13,0,0,1,0,2,87,-1,"Gold Coast","2019",8
4,"Martin, Jack",14,6,5,19,0,0,0,3,2,2,3,1,0,0,0,6,12,0,0,0,0,0,85,-1,"Gold Coast","2019",8
2,"Miles, Anthony",13,3,4,17,0,1,0,2,3,2,3,2,3,0,0,7,10,0,0,0,0,1,69,-1,"Gold Coast","2019",8
11,"Miller, Touk",9,7,11,20,0,0,0,1,2,3,3,3,0,2,0,7,13,0,0,0,0,0,80,-1,"Gold Coast","2019",8
31,"Murdoch, Jordan",4,3,1,5,0,0,0,4,2,0,0,0,0,0,0,1,4,1,0,1,0,0,79,-1,"Gold Coast","2019",8
27,"Powell, Wil",10,6,4,14,1,0,0,3,3,2,0,1,0,0,0,5,9,0,0,2,0,0,91,-1,"Gold Coast","2019",8
6,"Sexton, Alex",6,2,4,10,0,2,0,0,0,3,1,2,0,0,0,6,5,1,0,0,0,0,88,-1,"Gold Coast","2019",8
24,"Swallow, David",18,4,17,35,0,1,0,3,4,3,13,9,1,2,2,22,13,0,0,4,1,1,82,-1,"Gold Coast","2019",8
14,"Weller, Lachie",16,4,7,23,0,0,0,7,9,1,2,3,3,1,0,9,12,1,0,1,1,0,85,-1,"Gold Coast","2019",8
28,"Witts, Jarrod",3,3,5,8,0,0,44,2,2,1,3,2,1,2,0,6,2,2,0,1,0,0,86,-1,"Gold Coast","2019",8
30,"Wright, Peter",9,6,3,12,1,0,11,0,0,3,1,3,1,1,0,5,6,2,1,0,0,0,79,-1,"Gold Coast","2019",8
0,"Rushed",0,0,0,0,0,1,0,0,0,0,0,0,0,0,0,0,0,0,0,0,0,0,0,-1,"Gold Coast","2019",8
10,"Brayshaw, Angus",9,3,14,23,0,0,0,3,2,3,1,4,0,0,0,10,14,0,0,0,0,0,83,1,"Melbourne","2019",8
31,"Fritsch, Bayley",9,6,8,17,0,0,0,2,3,3,1,0,0,0,0,8,9,0,0,2,1,0,80,1,"Melbourne","2019",8
17,"Frost, Sam",13,7,9,22,0,1,0,0,4,3,0,3,1,1,0,10,11,0,0,6,1,1,100,1,"Melbourne","2019",8
36,"Garlett, Jeff",8,1,1,9,0,0,0,5,1,2,2,4,0,1,0,5,4,0,0,1,0,0,86,1,"Melbourne","2019",8
11,"Gawn, Max",8,2,2,10,0,0,46,4,1,4,4,3,1,2,0,6,5,1,0,2,0,0,80,1,"Melbourne","2019",8
4,"Harmes, James",13,1,9,22,1,1,0,13,3,3,6,4,2,3,0,10,14,0,0,3,0,0,86,1,"Melbourne","2019",8
14,"Hibberd, Michael",7,3,4,11,0,0,0,0,1,1,0,0,0,0,0,3,7,1,0,3,1,0,38,1,"Melbourne","2019",8
34,"Hore, Marty",15,4,4,19,1,0,0,2,2,2,0,2,2,0,1,7,11,1,0,5,0,0,91,1,"Melbourne","2019",8
29,"Hunt, Jayden",6,3,8,14,1,1,0,3,0,1,0,2,1,0,0,8,6,0,2,1,0,1,79,1,"Melbourne","2019",8
2,"Jones, Nathan",14,4,14,28,0,0,0,8,0,5,7,1,0,0,0,10,18,0,0,0,0,1,87,1,"Melbourne","2019",8
45,"Keilty, Declan",3,1,6,9,0,0,4,6,0,4,0,6,0,2,0,2,7,0,1,5,0,0,77,1,"Melbourne","2019",8
6,"Lewis, Jordan",10,6,8,18,0,0,0,2,1,1,0,2,0,1,0,1,14,0,0,0,0,0,68,1,"Melbourne","2019",8
41,"Lockhart, Jay",9,9,10,19,0,1,0,4,1,3,0,0,1,0,0,5,13,0,0,0,0,1,75,1,"Melbourne","2019",8
28,"McDonald, Oscar",5,2,3,8,0,0,0,2,3,0,0,2,0,1,0,1,6,0,0,13,0,0,99,1,"Melbourne","2019",8
25,"McDonald, Tom",7,3,4,11,3,1,2,2,0,3,1,2,1,0,0,8,2,2,3,2,0,1,91,1,"Melbourne","2019",8
18,"Melksham, Jake",14,11,8,22,1,2,0,3,0,6,5,2,0,0,0,7,16,0,3,2,3,1,77,1,"Melbourne","2019",8
13,"Oliver, Clayton",14,5,24,38,0,0,0,15,2,8,8,6,2,2,3,22,15,0,0,2,1,0,84,1,"Melbourne","2019",8
5,"Petracca, Christian",12,3,10,22,1,2,0,2,0,5,4,2,2,0,0,11,14,0,2,2,0,0,93,1,"Melbourne","2019",8
3,"Salem, Christian",13,6,10,23,0,0,0,7,2,2,4,1,1,1,0,8,15,0,0,5,0,1,85,1,"Melbourne","2019",8
15,"Stretch, Billy",12,2,7,19,0,0,0,5,2,4,2,2,0,0,0,6,13,0,0,2,0,0,78,1,"Melbourne","2019",8
7,"Viney, Jack",7,2,13,20,0,1,0,6,1,2,5,4,1,2,0,8,13,0,0,1,0,0,76,1,"Melbourne","2019",8
42,"Wagner, Josh",6,0,7,13,0,0,0,5,2,1,0,1,1,0,0,5,9,0,0,4,1,0,87,1,"Melbourne","2019",8
0,"Rushed",0,0,0,0,0,3,0,0,0,0,0,0,0,0,0,0,0,0,0,0,0,0,0,1,"Melbourne","2019",8
