"Number","Player","Kicks","Marks","Handballs","Disposals","Goals","Behinds","Hitouts","Tackles","Rebounds50s","Inside50s","Clearances","Clangers","FreesFor","FreesAgainst","BrownlowVotes","ContestedPossessions","UncontestedPossessions","ContestedMarks","MarksInside50","OnePercenters","Bounces","GoalAssists","PercentagePlayed","PointDifference","Team","Season","Round"
29,"Ambrose, Patrick",3,3,7,10,0,0,0,2,0,0,0,1,0,0,0,7,4,2,0,5,0,0,93,7,"Essendon","2019",9
12,"Baguley, Mark",7,5,7,14,0,1,0,1,0,2,1,1,0,0,0,6,8,1,1,0,0,0,92,7,"Essendon","2019",9
16,"Begley, Josh",7,5,5,12,0,4,0,3,0,2,0,3,1,3,0,5,8,0,1,2,0,0,85,7,"Essendon","2019",9
2,"Bellchambers, Tom",4,2,9,13,0,1,28,1,1,0,4,4,1,2,0,8,6,0,1,7,0,0,86,7,"Essendon","2019",9
6,"Daniher, Joe",9,6,7,16,0,4,5,3,0,4,1,4,3,3,0,7,9,1,2,2,0,2,84,7,"Essendon","2019",9
10,"Francis, Aaron",7,6,8,15,1,0,0,1,0,3,1,5,1,1,0,4,11,0,1,5,0,3,83,7,"Essendon","2019",9
35,"Guelfi, Matt",6,5,11,17,0,0,0,3,2,0,1,2,0,0,0,6,11,0,0,5,1,1,77,7,"Essendon","2019",9
21,"Heppell, Dyson",14,2,13,27,0,0,0,0,2,3,8,5,1,0,0,17,10,0,0,1,2,0,83,7,"Essendon","2019",9
26,"Hooker, Cale",11,7,9,20,0,0,0,1,4,0,0,1,0,0,0,5,14,1,0,9,1,0,88,7,"Essendon","2019",9
18,"Hurley, Michael",14,6,9,23,0,0,0,1,7,0,1,4,0,2,0,8,12,0,0,7,0,0,91,7,"Essendon","2019",9
4,"Langford, Kyle",9,4,15,24,0,0,0,2,2,3,2,3,2,1,0,13,13,1,0,2,0,1,69,7,"Essendon","2019",9
43,"McDonald-Tipungwuti, Anthony",6,3,4,10,3,0,0,3,1,0,0,2,0,1,0,4,6,1,1,0,1,0,80,7,"Essendon","2019",9
1,"McGrath, Andrew",10,2,10,20,0,0,0,1,1,3,1,1,0,0,0,7,13,0,0,2,0,0,70,7,"Essendon","2019",9
45,"McKenna, Conor",12,2,8,20,0,0,0,1,4,2,0,3,0,0,0,3,11,0,0,3,3,0,81,7,"Essendon","2019",9
41,"McNiece, Ben",7,2,3,10,0,0,0,2,0,2,1,1,0,0,0,4,7,1,0,3,0,0,86,7,"Essendon","2019",9
7,"Merrett, Zach",11,6,24,35,0,0,0,6,4,3,3,5,2,0,3,13,24,0,1,1,0,0,75,7,"Essendon","2019",9
3,"Parish, Darcy",12,3,12,24,0,0,0,1,6,3,0,2,0,0,0,1,24,0,0,1,0,0,70,7,"Essendon","2019",9
27,"Redman, Mason",15,7,5,20,0,0,0,2,0,1,0,3,1,2,0,6,12,1,0,1,0,0,72,7,"Essendon","2019",9
42,"Saad, Adam",13,2,10,23,0,0,0,6,8,2,0,2,2,0,0,9,13,0,0,3,2,0,90,7,"Essendon","2019",9
9,"Shiel, Dylan",17,3,8,25,2,0,0,5,2,4,5,2,2,0,1,13,15,1,0,3,0,0,74,7,"Essendon","2019",9
25,"Stringer, Jake",16,5,1,17,1,1,0,4,0,8,3,2,1,0,0,11,6,2,2,0,0,0,85,7,"Essendon","2019",9
11,"Zaharakis, David",19,6,13,32,1,0,0,5,3,5,1,4,1,1,0,9,23,0,0,3,0,0,86,7,"Essendon","2019",9
0,"Rushed",0,0,0,0,0,1,0,0,0,0,0,0,0,0,0,0,0,0,0,0,0,0,0,7,"Essendon","2019",9
19,"Blakely, Connor",8,6,12,20,0,0,0,1,2,2,1,0,1,0,0,7,15,0,0,2,0,1,77,-7,"Fremantle","2019",9
8,"Brayshaw, Andrew",8,3,6,14,0,0,0,5,1,2,0,2,0,1,0,5,8,1,0,1,0,0,72,-7,"Fremantle","2019",9
5,"Cerra, Adam",5,2,5,10,0,1,0,3,1,3,0,2,0,1,0,5,7,0,1,2,0,0,55,-7,"Fremantle","2019",9
6,"Conca, Reece",13,5,13,26,0,0,0,3,2,0,4,5,0,2,0,8,16,0,0,2,0,1,70,-7,"Fremantle","2019",9
36,"Cox, Brennan",3,2,2,5,0,0,1,3,0,2,0,1,0,1,0,4,3,0,2,4,0,1,85,-7,"Fremantle","2019",9
44,"Duman, Taylin",14,6,7,21,0,0,0,6,3,2,2,3,1,0,0,7,14,1,1,4,0,0,84,-7,"Fremantle","2019",9
7,"Fyfe, Nat",11,2,13,24,0,0,0,3,1,3,9,4,0,1,0,22,5,2,0,3,0,0,92,-7,"Fremantle","2019",9
21,"Hamling, Joel",6,4,0,6,0,0,0,1,2,2,0,0,1,0,0,3,4,1,0,10,0,0,89,-7,"Fremantle","2019",9
9,"Hill, Bradley",21,4,2,23,0,1,0,3,0,7,3,3,0,0,0,2,17,1,1,1,2,0,87,-7,"Fremantle","2019",9
11,"Hogan, Jesse",10,4,5,15,1,4,1,1,0,2,0,4,2,0,0,5,9,1,1,1,0,0,95,-7,"Fremantle","2019",9
15,"Hughes, Ethan",10,7,5,15,0,0,0,0,3,2,0,2,1,0,0,3,12,0,0,1,0,0,86,-7,"Fremantle","2019",9
26,"Langdon, Ed",5,5,15,20,1,0,0,1,0,1,1,1,0,1,0,6,14,0,1,0,0,0,85,-7,"Fremantle","2019",9
37,"Lobb, Rory",9,4,7,16,0,0,33,0,0,4,3,6,3,3,0,10,6,3,0,2,0,0,91,-7,"Fremantle","2019",9
3,"Matera, Brandon",9,4,4,13,2,1,0,4,0,3,1,1,1,0,0,6,5,0,2,0,0,0,71,-7,"Fremantle","2019",9
16,"Mundy, David",14,4,20,34,1,0,0,6,4,3,9,1,1,0,2,17,19,0,0,2,0,0,69,-7,"Fremantle","2019",9
25,"Pearce, Alex",6,6,7,13,0,0,0,3,1,0,0,2,2,2,0,7,6,3,0,1,0,0,92,-7,"Fremantle","2019",9
38,"Ryan, Luke",13,5,6,19,0,0,0,2,8,1,0,6,0,1,0,7,8,1,0,3,0,0,95,-7,"Fremantle","2019",9
39,"Switkowski, Sam",3,0,7,10,0,0,0,4,0,2,1,2,0,1,0,9,2,0,0,1,0,1,69,-7,"Fremantle","2019",9
20,"Taberner, Matthew",11,8,6,17,0,1,1,2,0,3,0,2,0,1,0,5,12,3,0,3,0,0,86,-7,"Fremantle","2019",9
18,"Tucker, Darcy",9,1,13,22,1,0,0,1,0,3,0,1,0,1,0,7,16,0,0,1,0,1,82,-7,"Fremantle","2019",9
10,"Walters, Michael",13,2,8,21,1,1,0,7,2,5,1,5,2,2,0,9,14,1,0,2,2,0,89,-7,"Fremantle","2019",9
14,"Wilson, Nathan",18,7,1,19,0,0,0,1,10,4,0,1,1,0,0,5,12,1,0,2,0,0,80,-7,"Fremantle","2019",9
0,"Rushed",0,0,0,0,0,2,0,0,0,0,0,0,0,0,0,0,0,0,0,0,0,0,0,-7,"Fremantle","2019",9
