"Number","Player","Kicks","Marks","Handballs","Disposals","Goals","Behinds","Hitouts","Tackles","Rebounds50s","Inside50s","Clearances","Clangers","FreesFor","FreesAgainst","BrownlowVotes","ContestedPossessions","UncontestedPossessions","ContestedMarks","MarksInside50","OnePercenters","Bounces","GoalAssists","PercentagePlayed","PointDifference","Team","Season","Round"
15,"Ahern, Paul",11,2,4,15,0,1,0,3,0,6,3,3,0,0,0,6,8,0,0,1,0,0,63,12,"North Melbourne","2019",4
3,"Anderson, Jed",6,1,13,19,0,0,0,6,1,1,7,5,1,0,0,13,8,0,0,0,0,0,70,12,"North Melbourne","2019",4
18,"Atley, Shaun",18,8,4,22,0,0,0,0,0,3,0,0,0,0,0,7,16,0,0,2,0,1,86,12,"North Melbourne","2019",4
50,"Brown, Ben",9,4,6,15,4,2,2,1,0,2,1,2,3,1,1,8,6,1,3,0,0,0,100,12,"North Melbourne","2019",4
10,"Cunnington, Ben",7,2,14,21,1,1,0,2,1,2,2,0,0,0,0,12,9,1,1,0,0,0,80,12,"North Melbourne","2019",4
9,"Davies-Uniacke, Luke",10,4,7,17,0,0,0,2,0,3,2,2,0,1,0,5,13,0,0,0,2,0,76,12,"North Melbourne","2019",4
14,"Dumont, Trent",17,12,5,22,0,0,0,2,1,2,2,0,2,0,0,3,18,0,0,2,0,0,87,12,"North Melbourne","2019",4
22,"Goldstein, Todd",7,2,15,22,0,2,24,3,1,3,2,4,4,2,0,9,12,0,0,4,0,0,90,12,"North Melbourne","2019",4
43,"Hall, Aaron",13,4,8,21,0,0,0,2,1,5,2,5,1,1,0,8,13,0,0,1,0,1,72,12,"North Melbourne","2019",4
4,"Higgins, Shaun",15,7,15,30,1,1,0,3,2,2,5,7,2,3,3,8,20,0,1,0,1,0,83,12,"North Melbourne","2019",4
34,"Macmillan, Jamie",9,4,6,15,0,0,0,3,3,1,0,3,3,1,0,5,12,0,0,8,0,0,91,12,"North Melbourne","2019",4
11,"McDonald, Luke",4,3,8,12,0,0,0,0,0,2,0,1,0,0,0,3,8,0,1,2,0,0,80,12,"North Melbourne","2019",4
17,"Pittard, Jasper",18,14,3,21,0,0,0,1,3,1,0,2,0,0,0,5,17,2,0,6,0,0,85,12,"North Melbourne","2019",4
13,"Polec, Jared",18,8,8,26,0,1,0,1,1,4,2,4,1,2,2,5,24,0,0,2,0,1,87,12,"North Melbourne","2019",4
12,"Simpkin, Jy",10,8,9,19,0,1,0,1,2,2,0,3,0,1,0,2,16,0,3,1,0,0,66,12,"North Melbourne","2019",4
25,"Tarrant, Robbie",15,14,5,20,0,0,0,1,6,0,0,1,0,1,0,3,17,0,0,5,0,0,90,12,"North Melbourne","2019",4
26,"Thomas, Tarryn",5,2,3,8,0,1,0,4,0,1,0,0,0,0,0,1,8,0,0,1,0,0,73,12,"North Melbourne","2019",4
16,"Thompson, Scott",14,9,3,17,0,0,0,2,4,2,0,2,2,1,0,6,8,2,0,3,0,0,90,12,"North Melbourne","2019",4
28,"Turner, Kayne",9,3,2,11,0,1,0,7,0,3,0,0,2,0,0,6,6,1,0,0,0,0,83,12,"North Melbourne","2019",4
32,"Wood, Mason",10,5,8,18,0,2,0,2,0,8,2,4,2,1,0,10,11,0,2,5,0,0,86,12,"North Melbourne","2019",4
7,"Ziebell, Jack",11,3,4,15,2,2,0,1,0,2,0,2,2,1,0,10,5,0,2,0,0,0,92,12,"North Melbourne","2019",4
44,"Zurhaar, Cameron",3,1,5,8,1,0,3,4,0,2,1,3,0,2,0,2,5,0,0,2,0,0,69,12,"North Melbourne","2019",4
0,"Rushed",0,0,0,0,0,2,0,0,0,0,0,0,0,0,0,0,0,0,0,0,0,0,0,12,"North Melbourne","2019",4
21,"Atkins, Rory",17,6,4,21,0,0,0,1,4,2,1,2,0,0,0,4,16,0,0,1,1,0,87,-12,"Adelaide","2019",4
18,"Betts, Eddie",10,3,1,11,3,2,0,2,2,0,0,4,0,1,0,6,5,1,3,0,0,0,89,-12,"Adelaide","2019",4
2,"Crouch, Brad",7,2,17,24,1,0,0,4,0,3,1,1,0,0,0,4,18,0,0,0,0,0,65,-12,"Adelaide","2019",4
5,"Crouch, Matt",15,6,14,29,0,0,0,3,2,2,2,2,1,0,0,12,16,0,0,0,0,0,86,-12,"Adelaide","2019",4
28,"Ellis-Yolmen, Cam",6,3,9,15,0,0,0,3,0,2,2,4,1,2,0,9,8,0,0,4,0,0,78,-12,"Adelaide","2019",4
15,"Hartigan, Kyle",3,2,1,4,0,0,0,1,0,0,0,2,0,1,0,0,4,0,0,2,0,0,93,-12,"Adelaide","2019",4
4,"Jenkins, Josh",11,5,2,13,1,3,7,0,1,2,1,4,0,2,0,3,10,0,2,2,0,1,88,-12,"Adelaide","2019",4
20,"Jones, Chayce",1,1,2,3,0,1,0,0,0,1,0,0,1,0,0,1,2,0,0,0,0,0,16,-12,"Adelaide","2019",4
42,"Keath, Alex",16,14,4,20,0,0,0,1,5,0,0,5,1,3,0,8,13,2,0,7,0,0,87,-12,"Adelaide","2019",4
8,"Kelly, Jake",11,5,4,15,0,0,0,2,3,0,0,0,0,0,0,5,11,0,0,2,0,0,85,-12,"Adelaide","2019",4
3,"Knight, Riley",8,4,7,15,0,0,0,4,0,2,2,1,1,0,0,5,10,0,2,2,0,0,79,-12,"Adelaide","2019",4
29,"Laird, Rory",16,9,15,31,0,0,0,2,7,0,0,2,2,0,0,7,23,0,0,1,1,0,93,-12,"Adelaide","2019",4
27,"Lynch, Tom",12,5,8,20,0,1,0,3,0,4,0,4,2,1,0,8,11,0,0,1,0,0,89,-12,"Adelaide","2019",4
14,"Mackay, David",11,5,6,17,0,0,0,2,4,5,1,3,0,1,0,5,12,0,0,2,0,1,85,-12,"Adelaide","2019",4
30,"Milera, Wayne",12,8,6,18,1,0,0,2,3,0,1,2,0,0,0,1,14,0,0,6,1,0,86,-12,"Adelaide","2019",4
44,"Murphy, Lachlan",7,1,3,10,0,1,0,2,0,0,0,4,1,1,0,6,6,1,0,1,0,0,80,-12,"Adelaide","2019",4
43,"OBrien, Reilly",10,6,6,16,0,0,14,5,2,2,3,5,2,4,0,9,10,1,0,0,0,0,80,-12,"Adelaide","2019",4
10,"Poholke, Myles",6,6,9,15,0,1,0,2,0,1,2,1,0,0,0,5,10,0,1,1,0,1,82,-12,"Adelaide","2019",4
9,"Sloane, Rory",8,3,8,16,1,1,0,7,3,2,3,3,2,3,0,7,12,0,1,1,0,1,85,-12,"Adelaide","2019",4
33,"Smith, Brodie",13,5,5,18,0,0,0,3,7,3,0,2,0,1,0,7,10,0,0,1,0,0,90,-12,"Adelaide","2019",4
12,"Talia, Daniel",7,7,6,13,0,0,0,0,2,0,0,3,1,3,0,4,10,1,0,6,0,0,90,-12,"Adelaide","2019",4
13,"Walker, Taylor",6,3,5,11,1,0,0,3,0,5,0,2,3,1,0,4,9,1,0,2,0,2,89,-12,"Adelaide","2019",4
0,"Rushed",0,0,0,0,0,1,0,0,0,0,0,0,0,0,0,0,0,0,0,0,0,0,0,-12,"Adelaide","2019",4
