"Number","Player","Kicks","Marks","Handballs","Disposals","Goals","Behinds","Hitouts","Tackles","Rebounds50s","Inside50s","Clearances","Clangers","FreesFor","FreesAgainst","BrownlowVotes","ContestedPossessions","UncontestedPossessions","ContestedMarks","MarksInside50","OnePercenters","Bounces","GoalAssists","PercentagePlayed","PointDifference","Team","Season","Round"
28,"Brown, Mitch",8,5,6,14,0,2,0,0,1,4,0,2,0,1,0,1,13,0,1,1,0,0,100,10,"Essendon","2019",16
37,"Clarke, Dylan",5,4,5,10,0,0,0,4,0,2,0,2,0,0,0,3,7,0,0,2,0,0,79,10,"Essendon","2019",16
20,"Clarke, Zac",3,1,2,5,0,0,24,0,0,0,1,2,2,2,0,3,2,1,0,4,0,0,75,10,"Essendon","2019",16
13,"Fantasia, Orazio",3,2,8,11,1,1,0,1,0,1,0,2,1,1,0,5,7,0,1,1,0,0,88,10,"Essendon","2019",16
10,"Francis, Aaron",10,4,5,15,0,0,0,2,3,0,0,2,1,1,0,5,10,0,0,4,0,0,73,10,"Essendon","2019",16
8,"Gleeson, Martin",8,3,7,15,0,0,0,1,3,3,1,3,1,2,0,8,7,1,0,6,0,1,83,10,"Essendon","2019",16
35,"Guelfi, Matt",12,2,5,17,0,0,0,1,2,1,1,4,0,0,0,7,8,1,0,2,0,0,78,10,"Essendon","2019",16
26,"Hooker, Cale",5,7,8,13,0,0,0,1,3,1,0,1,0,1,0,2,12,0,0,11,0,0,85,10,"Essendon","2019",16
18,"Hurley, Michael",18,12,5,23,0,0,0,0,8,1,0,3,1,1,0,6,12,2,0,4,0,0,93,10,"Essendon","2019",16
4,"Langford, Kyle",11,2,6,17,1,0,0,4,1,3,1,1,3,0,0,3,14,0,1,1,2,0,71,10,"Essendon","2019",16
15,"Laverde, Jayden",3,2,7,10,0,2,0,1,0,1,0,2,0,1,0,7,4,1,1,3,0,1,88,10,"Essendon","2019",16
43,"McDonald-Tipungwuti, Anthony",11,8,3,14,1,1,0,2,0,2,1,3,2,1,0,5,9,1,2,2,3,1,80,10,"Essendon","2019",16
1,"McGrath, Andrew",14,5,7,21,0,0,0,1,0,5,3,5,2,2,0,8,12,1,0,0,2,1,80,10,"Essendon","2019",16
45,"McKenna, Conor",13,2,8,21,0,0,0,1,3,3,1,1,1,0,0,5,12,1,0,1,5,0,87,10,"Essendon","2019",16
44,"McKernan, Shaun",12,7,5,17,2,1,11,2,1,2,1,4,3,0,0,7,11,1,2,3,0,0,84,10,"Essendon","2019",16
7,"Merrett, Zach",9,2,9,18,0,0,0,1,3,3,1,1,2,0,0,5,13,0,0,0,0,0,66,10,"Essendon","2019",16
3,"Parish, Darcy",11,3,11,22,1,0,0,3,1,3,6,3,1,1,0,9,13,0,0,1,0,0,78,10,"Essendon","2019",16
27,"Redman, Mason",10,2,4,14,0,0,0,4,5,1,0,4,2,2,0,6,9,0,0,1,0,0,88,10,"Essendon","2019",16
42,"Saad, Adam",13,2,6,19,0,0,0,2,6,1,1,3,0,0,0,8,10,0,0,2,1,0,89,10,"Essendon","2019",16
9,"Shiel, Dylan",16,3,13,29,0,3,0,9,1,6,5,2,3,0,3,9,18,0,0,1,1,0,74,10,"Essendon","2019",16
25,"Stringer, Jake",7,1,3,10,2,0,0,2,0,2,2,2,1,0,0,5,4,0,0,0,0,1,74,10,"Essendon","2019",16
11,"Zaharakis, David",16,7,6,22,3,0,0,2,2,5,1,4,0,0,1,5,17,0,0,1,2,1,86,10,"Essendon","2019",16
0,"Totals",218,86,139,357,11,10,35,44,43,50,26,56,26,16,4,122,224,10,8,51,16,6,0,10,"Essendon","2019",16
36,"Aliir, Aliir",13,3,4,17,0,0,23,1,1,8,8,5,1,4,0,10,7,0,1,3,0,2,85,-10,"Sydney","2019",16
22,"Blakey, Nick",6,5,4,10,1,2,0,1,0,2,0,1,2,1,0,5,6,2,2,2,0,1,79,-10,"Sydney","2019",16
7,"Cunningham, Harry",7,8,11,18,0,0,0,2,1,2,0,1,0,1,0,1,17,0,0,2,0,0,75,-10,"Sydney","2019",16
34,"Dawson, Jordan",14,6,3,17,0,0,0,1,4,3,1,2,1,0,0,2,14,1,0,2,0,0,80,-10,"Sydney","2019",16
13,"Florent, Oliver",7,3,3,10,0,0,0,0,1,1,0,3,0,3,0,2,8,0,0,0,0,1,92,-10,"Sydney","2019",16
9,"Hayward, Will",10,6,5,15,0,2,0,1,0,3,0,2,0,0,0,5,9,1,1,2,0,0,85,-10,"Sydney","2019",16
5,"Heeney, Isaac",20,10,13,33,0,2,0,3,1,6,2,6,0,4,0,11,22,1,0,1,1,1,85,-10,"Sydney","2019",16
29,"Hewett, George",13,5,13,26,0,0,0,1,2,1,7,3,0,2,0,9,17,0,0,2,0,0,85,-10,"Sydney","2019",16
10,"Jones, Zak",15,7,7,22,1,0,0,1,1,3,1,2,0,1,0,3,19,0,0,0,1,0,82,-10,"Sydney","2019",16
12,"Kennedy, Josh",11,3,24,35,0,0,0,2,2,4,9,3,2,0,2,20,16,0,0,1,0,0,85,-10,"Sydney","2019",16
44,"Lloyd, Jake",23,8,9,32,0,1,0,1,8,3,0,2,0,1,0,5,23,0,1,3,1,0,89,-10,"Sydney","2019",16
30,"McCartin, Tom",10,6,4,14,1,1,0,1,1,3,0,6,2,1,0,7,7,2,1,4,0,0,92,-10,"Sydney","2019",16
43,"Melican, Lewis",7,3,4,11,0,0,0,4,1,0,0,3,0,2,0,5,6,1,0,5,0,0,87,-10,"Sydney","2019",16
14,"Mills, Callum",10,6,4,14,0,0,0,1,5,0,0,0,1,0,0,3,8,1,0,1,0,0,87,-10,"Sydney","2019",16
38,"ORiordan, Colin",7,3,7,14,0,0,0,3,2,1,0,3,1,1,0,2,13,0,0,2,0,0,79,-10,"Sydney","2019",16
11,"Papley, Tom",12,4,2,14,1,2,0,1,0,4,3,6,3,2,0,4,10,0,1,1,0,1,89,-10,"Sydney","2019",16
26,"Parker, Luke",11,7,8,19,2,0,0,4,1,2,2,4,0,2,0,8,9,2,2,2,0,0,89,-10,"Sydney","2019",16
24,"Rampe, Dane",15,8,8,23,0,0,0,2,6,2,0,3,0,1,0,5,14,0,0,7,8,1,97,-10,"Sydney","2019",16
20,"Reid, Sam",8,6,6,14,2,0,0,2,0,1,0,2,2,0,0,7,7,2,2,3,0,1,84,-10,"Sydney","2019",16
25,"Ronke, Ben",4,3,7,11,0,0,0,1,0,1,0,3,0,0,0,6,5,0,0,0,0,0,60,-10,"Sydney","2019",16
1,"Rose, James",5,4,6,11,1,0,0,3,0,0,0,1,0,0,0,5,6,0,1,1,0,0,62,-10,"Sydney","2019",16
8,"Rowbottom, James",14,4,10,24,0,0,0,3,1,4,0,3,1,0,0,11,14,0,0,0,0,1,52,-10,"Sydney","2019",16
0,"Rushed",0,0,0,0,0,2,0,0,0,0,0,0,0,0,0,0,0,0,0,0,0,0,0,-10,"Sydney","2019",16
