"Number","Player","Kicks","Marks","Handballs","Disposals","Goals","Behinds","Hitouts","Tackles","Rebounds50s","Inside50s","Clearances","Clangers","FreesFor","FreesAgainst","BrownlowVotes","ContestedPossessions","UncontestedPossessions","ContestedMarks","MarksInside50","OnePercenters","Bounces","GoalAssists","PercentagePlayed","PointDifference","Team","Season","Round"
12,"Allen, Oscar",10,5,3,13,1,1,7,2,0,3,1,3,1,1,0,6,7,0,1,1,0,2,77,61,"West Coast","2019",11
28,"Cole, Tom",7,7,3,10,0,0,0,3,1,2,0,1,1,1,0,3,7,0,0,4,0,0,87,61,"West Coast","2019",11
15,"Cripps, Jamie",13,5,6,19,2,0,0,4,2,6,1,2,0,0,0,8,12,0,0,2,1,3,83,61,"West Coast","2019",11
27,"Darling, Jack",11,6,4,15,6,1,3,1,0,1,1,0,1,0,2,9,5,4,6,2,0,2,91,61,"West Coast","2019",11
14,"Duggan, Liam",15,4,6,21,0,0,0,1,5,3,0,2,0,0,0,4,15,1,0,4,1,1,87,61,"West Coast","2019",11
3,"Gaff, Andrew",19,8,17,36,0,0,0,2,1,7,6,2,0,0,3,12,24,0,1,0,0,1,87,61,"West Coast","2019",11
25,"Hurn, Shannon",14,8,4,18,0,0,0,0,5,1,0,1,0,0,0,1,13,0,0,0,0,0,57,61,"West Coast","2019",11
34,"Hutchings, Mark",11,5,10,21,0,0,0,2,3,1,1,1,2,0,0,4,16,0,0,2,0,0,87,61,"West Coast","2019",11
23,"Jetta, Lewis",16,5,7,23,0,0,0,2,1,5,0,3,0,1,0,2,19,0,0,0,1,2,86,61,"West Coast","2019",11
17,"Kennedy, Josh",7,4,2,9,3,2,1,0,0,1,0,0,0,0,0,3,6,1,3,0,0,0,75,61,"West Coast","2019",11
20,"McGovern, Jeremy",11,8,5,16,0,0,0,2,3,1,0,1,1,0,0,5,10,2,0,3,0,0,80,61,"West Coast","2019",11
21,"Petruccelle, Jack",8,4,2,10,0,0,0,1,1,4,0,2,0,0,0,2,8,1,0,0,1,2,80,61,"West Coast","2019",11
8,"Redden, Jack",9,7,9,18,0,0,0,4,0,0,1,2,0,0,0,3,15,0,0,1,0,0,84,61,"West Coast","2019",11
44,"Rioli, Willie",9,6,7,16,1,1,0,2,0,1,1,4,0,2,0,2,14,0,2,0,0,1,77,61,"West Coast","2019",11
1,"Ryan, Liam",8,4,4,12,3,1,0,0,0,3,1,1,2,1,0,6,6,1,2,0,1,1,82,61,"West Coast","2019",11
31,"Schofield, Will",8,7,1,9,0,0,0,0,3,0,0,2,0,2,0,2,7,2,0,6,0,0,88,61,"West Coast","2019",11
4,"Sheed, Dom",11,7,14,25,1,0,0,0,1,3,7,1,0,1,0,11,15,0,0,1,0,1,77,61,"West Coast","2019",11
5,"Sheppard, Brad",14,10,8,22,0,0,0,0,5,1,0,1,1,0,0,2,20,0,0,1,0,0,90,61,"West Coast","2019",11
13,"Shuey, Luke",18,5,12,30,0,0,0,3,2,5,3,5,1,3,0,8,22,0,0,4,0,0,83,61,"West Coast","2019",11
19,"Vardy, Nathan",3,3,8,11,0,0,28,3,0,1,4,0,1,0,0,5,5,1,0,3,0,0,80,61,"West Coast","2019",11
2,"Waterman, Jake",12,7,10,22,3,0,0,2,1,0,0,0,1,0,0,5,15,0,2,0,0,0,84,61,"West Coast","2019",11
6,"Yeo, Elliot",14,3,9,23,1,0,0,3,1,3,7,8,2,3,0,16,10,0,0,2,0,0,80,61,"West Coast","2019",11
0,"Rushed",0,0,0,0,0,1,0,0,0,0,0,0,0,0,0,0,0,0,0,0,0,0,0,61,"West Coast","2019",11
4,"Bontempelli, Marcus",11,3,16,27,1,3,0,4,0,3,3,5,0,1,0,8,18,0,0,2,0,0,87,-61,"Western Bulldogs","2019",11
12,"Cordy, Zaine",8,5,6,14,0,0,0,0,2,0,0,1,0,0,0,4,10,0,0,8,0,0,98,-61,"Western Bulldogs","2019",11
31,"Dale, Bailey",9,7,12,21,1,1,0,0,0,1,0,2,0,0,0,7,15,0,0,0,0,0,82,-61,"Western Bulldogs","2019",11
35,"Daniel, Caleb",20,4,14,34,0,0,0,2,8,0,4,4,2,2,1,12,17,0,0,3,2,0,88,-61,"Western Bulldogs","2019",11
5,"Dunkley, Josh",15,5,18,33,1,0,0,4,0,0,6,2,1,0,0,15,18,0,1,1,0,0,82,-61,"Western Bulldogs","2019",11
44,"English, Tim",5,5,5,10,0,0,27,4,0,2,1,2,0,1,0,2,8,0,1,5,0,0,88,-61,"Western Bulldogs","2019",11
43,"Gardner, Ryan",3,2,6,9,1,1,0,1,0,1,1,1,2,0,0,4,5,0,1,3,0,0,76,-61,"Western Bulldogs","2019",11
26,"Gowers, Billy",6,4,3,9,2,1,0,0,0,2,0,4,0,2,0,3,6,1,2,0,0,0,66,-61,"Western Bulldogs","2019",11
7,"Hunter, Lachie",11,6,17,28,0,0,0,1,1,3,0,4,0,3,0,3,25,0,0,0,1,0,89,-61,"Western Bulldogs","2019",11
39,"Johannisen, Jason",19,2,13,32,0,0,0,0,4,3,1,2,1,0,0,5,26,0,0,3,1,3,85,-61,"Western Bulldogs","2019",11
21,"Liberatore, Tom",10,7,17,27,1,1,0,2,0,4,5,3,0,1,0,9,17,0,0,1,0,0,80,-61,"Western Bulldogs","2019",11
27,"Lipinski, Patrick",8,7,15,23,0,0,0,2,0,2,2,3,1,1,0,5,19,0,0,1,0,0,80,-61,"Western Bulldogs","2019",11
22,"Lloyd, Sam",15,8,6,21,1,1,0,3,2,5,0,5,1,2,0,4,17,1,2,0,1,0,78,-61,"Western Bulldogs","2019",11
11,"Macrae, Jack",11,2,15,26,0,0,0,0,1,4,3,5,3,1,0,9,17,0,0,1,0,1,82,-61,"Western Bulldogs","2019",11
16,"McLean, Toby",8,4,8,16,0,0,0,4,0,4,5,2,3,0,0,8,10,0,2,3,0,1,76,-61,"Western Bulldogs","2019",11
33,"Naughton, Aaron",5,5,2,7,1,1,0,0,0,2,0,2,0,0,0,1,6,0,2,0,0,0,81,-61,"Western Bulldogs","2019",11
6,"Smith, Bailey",8,2,8,16,0,1,0,1,1,3,1,1,0,0,0,3,13,0,0,0,0,0,70,-61,"Western Bulldogs","2019",11
1,"Suckling, Matt",15,7,7,22,1,0,0,0,3,6,2,3,0,0,0,2,19,0,0,0,0,1,81,-61,"Western Bulldogs","2019",11
8,"Trengove, Jackson",4,4,3,7,0,0,0,1,0,0,0,0,0,0,0,2,5,0,0,5,0,0,86,-61,"Western Bulldogs","2019",11
34,"Williams, Bailey",13,5,2,15,0,0,0,1,1,0,0,0,1,0,0,3,12,0,0,1,0,0,81,-61,"Western Bulldogs","2019",11
10,"Wood, Easton",10,4,4,14,0,0,0,2,5,1,0,2,0,0,0,5,7,1,0,4,0,0,88,-61,"Western Bulldogs","2019",11
40,"Young, Lachie",9,5,1,10,0,0,0,1,2,0,0,1,0,0,0,1,8,0,0,7,0,0,76,-61,"Western Bulldogs","2019",11
0,"Rushed",0,0,0,0,0,2,0,0,0,0,0,0,0,0,0,0,0,0,0,0,0,0,0,-61,"Western Bulldogs","2019",11
