"Number","Player","Kicks","Marks","Handballs","Disposals","Goals","Behinds","Hitouts","Tackles","Rebounds50s","Inside50s","Clearances","Clangers","FreesFor","FreesAgainst","BrownlowVotes","ContestedPossessions","UncontestedPossessions","ContestedMarks","MarksInside50","OnePercenters","Bounces","GoalAssists","PercentagePlayed","PointDifference","Team","Season","Round"
9,"Ainsworth, Ben",11,4,8,19,1,0,0,4,0,6,4,4,1,0,0,5,14,0,1,0,0,0,73,2,"Gold Coast","2019",4
10,"Ballard, Charlie",10,5,6,16,0,0,0,2,2,1,0,4,0,1,0,4,9,1,0,1,0,0,86,2,"Gold Coast","2019",4
3,"Bowes, Jack",9,5,10,19,1,0,0,3,0,3,3,2,0,0,0,8,12,0,1,3,1,1,88,2,"Gold Coast","2019",4
29,"Burgess, Chris",3,2,3,6,0,0,0,3,1,0,0,3,0,2,0,3,2,1,0,4,0,0,93,2,"Gold Coast","2019",4
25,"Collins, Sam",8,5,4,12,0,0,0,2,3,0,0,2,2,0,0,6,6,2,0,11,0,0,98,2,"Gold Coast","2019",4
8,"Fiorini, Brayden",21,6,9,30,0,2,0,4,3,4,2,7,0,1,0,7,23,0,0,2,1,1,80,2,"Gold Coast","2019",4
1,"Hanley, Pearce",9,3,5,14,0,0,0,3,3,3,0,1,2,0,0,6,5,0,0,3,0,0,85,2,"Gold Coast","2019",4
5,"Harbrow, Jarrod",15,5,1,16,0,0,0,5,2,1,1,2,0,0,0,7,7,2,0,3,1,0,94,2,"Gold Coast","2019",4
39,"Holman, Nick",10,4,8,18,2,0,0,3,2,1,2,4,2,1,0,9,8,0,1,1,0,0,79,2,"Gold Coast","2019",4
20,"Hombsch, Jack",3,2,2,5,0,0,0,0,2,0,0,1,0,0,0,2,3,0,0,6,0,0,89,2,"Gold Coast","2019",4
38,"Joyce, Jesse",8,5,4,12,0,0,0,3,2,1,0,0,1,0,0,2,10,0,0,3,0,0,70,2,"Gold Coast","2019",4
41,"Lukosius, Jack",3,1,3,6,0,0,0,6,0,3,0,1,0,0,0,3,3,0,0,0,0,0,69,2,"Gold Coast","2019",4
44,"Macpherson, Darcy",10,6,9,19,0,0,0,9,1,4,3,3,2,1,0,10,8,0,2,2,0,1,87,2,"Gold Coast","2019",4
4,"Martin, Jack",8,2,14,22,0,1,0,2,0,1,4,4,1,3,0,16,8,0,0,1,0,0,89,2,"Gold Coast","2019",4
2,"Miles, Anthony",13,5,7,20,0,0,0,2,1,3,4,3,0,1,0,8,13,0,0,3,0,0,74,2,"Gold Coast","2019",4
11,"Miller, Touk",18,6,13,31,0,0,0,13,5,6,6,7,1,2,2,13,17,0,0,1,0,0,86,2,"Gold Coast","2019",4
31,"Murdoch, Jordan",13,5,3,16,0,2,0,0,6,2,2,1,2,0,0,6,9,1,0,2,0,0,77,2,"Gold Coast","2019",4
27,"Powell, Wil",2,1,2,4,0,1,0,1,1,1,1,2,0,0,0,1,3,0,0,2,0,0,34,2,"Gold Coast","2019",4
6,"Sexton, Alex",11,8,2,13,2,2,0,1,0,6,0,3,1,1,0,3,10,1,1,0,0,0,89,2,"Gold Coast","2019",4
24,"Swallow, David",15,8,15,30,0,1,0,1,2,4,4,2,1,0,0,14,17,1,0,0,0,1,84,2,"Gold Coast","2019",4
28,"Witts, Jarrod",9,3,4,13,1,0,44,7,1,3,3,4,3,0,1,4,9,0,0,1,0,0,86,2,"Gold Coast","2019",4
30,"Wright, Peter",6,5,3,9,1,1,3,0,0,1,1,2,1,0,0,5,5,1,2,4,0,1,90,2,"Gold Coast","2019",4
0,"Rushed",0,0,0,0,0,1,0,0,0,0,0,0,0,0,0,0,0,0,0,0,0,0,0,2,"Gold Coast","2019",4
41,"Casboult, Levi",6,4,1,7,0,0,10,0,0,0,1,1,1,0,0,2,5,1,0,4,0,0,74,-2,"Carlton","2019",4
9,"Cripps, Patrick",15,8,15,30,2,0,0,12,1,4,8,2,4,0,3,19,11,5,1,1,0,0,92,-2,"Carlton","2019",4
30,"Curnow, Charlie",15,9,2,17,1,0,0,4,1,2,0,3,0,1,0,4,11,0,1,0,1,0,94,-2,"Carlton","2019",4
35,"Curnow, Ed",12,5,7,19,0,1,0,5,3,1,0,5,0,0,0,6,13,0,0,1,0,0,90,-2,"Carlton","2019",4
2,"Dow, Paddy",7,3,13,20,0,1,0,3,0,4,6,2,0,0,0,12,10,0,1,2,1,0,77,-2,"Carlton","2019",4
25,"Fisher, Zac",11,3,9,20,1,1,0,4,0,1,2,2,0,0,0,12,7,0,0,0,0,0,82,-2,"Carlton","2019",4
40,"Gibbons, Michael",12,3,4,16,0,3,0,1,0,2,1,5,1,4,0,6,9,0,0,2,0,2,71,-2,"Carlton","2019",4
14,"Jones, Liam",11,5,0,11,0,0,0,6,5,1,0,2,1,2,0,5,6,2,0,8,0,0,96,-2,"Carlton","2019",4
27,"Lobbe, Matthew",4,0,4,8,0,0,23,6,1,0,0,7,0,3,0,5,3,0,0,2,0,0,84,-2,"Carlton","2019",4
22,"Marchbank, Caleb",10,6,3,13,0,0,0,3,2,0,0,1,2,0,0,4,9,1,1,8,0,0,78,-2,"Carlton","2019",4
11,"McGovern, Mitch",4,4,2,6,3,0,0,0,0,1,0,2,0,1,0,3,5,2,3,0,0,1,65,-2,"Carlton","2019",4
10,"McKay, Harry",5,5,3,8,0,1,0,0,0,1,0,4,0,2,0,4,4,2,2,1,0,0,79,-2,"Carlton","2019",4
3,"Murphy, Marc",24,15,5,29,0,0,0,2,5,7,3,0,0,0,0,8,21,0,0,0,1,1,89,-2,"Carlton","2019",4
24,"Newman, Nic",15,9,4,19,0,0,0,2,3,2,0,4,0,1,0,5,15,2,0,3,0,0,81,-2,"Carlton","2019",4
4,"OBrien, Lochie",10,6,0,10,0,0,0,3,2,2,0,4,0,1,0,4,5,1,0,0,0,0,59,-2,"Carlton","2019",4
5,"Petrevski-Seton, Sam",6,2,12,18,0,0,0,7,0,1,4,2,0,1,0,8,9,0,0,0,0,1,79,-2,"Carlton","2019",4
20,"Plowman, Lachie",13,9,1,14,0,0,0,4,3,0,0,1,1,0,0,3,11,0,0,6,0,0,93,-2,"Carlton","2019",4
43,"Setterfield, Will",14,8,2,16,0,1,0,2,0,6,2,6,0,3,0,3,13,0,0,0,1,1,80,-2,"Carlton","2019",4
6,"Simpson, Kade",15,8,7,22,0,0,0,4,6,1,0,1,0,0,0,5,13,0,0,4,0,0,71,-2,"Carlton","2019",4
39,"Thomas, Dale",16,10,4,20,0,0,0,3,4,2,0,2,1,1,0,5,12,1,0,3,1,0,77,-2,"Carlton","2019",4
18,"Walsh, Sam",14,6,14,28,1,0,0,6,2,5,7,1,1,0,0,13,15,1,0,0,0,1,82,-2,"Carlton","2019",4
23,"Weitering, Jacob",18,7,2,20,0,0,0,2,7,3,1,2,1,0,0,9,10,2,0,9,0,0,95,-2,"Carlton","2019",4
0,"Rushed",0,0,0,0,0,1,0,0,0,0,0,0,0,0,0,0,0,0,0,0,0,0,0,-2,"Carlton","2019",4
