"Number","Player","Kicks","Marks","Handballs","Disposals","Goals","Behinds","Hitouts","Tackles","Rebounds50s","Inside50s","Clearances","Clangers","FreesFor","FreesAgainst","BrownlowVotes","ContestedPossessions","UncontestedPossessions","ContestedMarks","MarksInside50","OnePercenters","Bounces","GoalAssists","PercentagePlayed","PointDifference","Team","Season","Round"
3,"Anderson, Jed",4,1,13,17,0,0,0,2,0,1,5,3,0,2,0,8,8,0,0,4,0,1,66,-24,"North Melbourne","2019",8
18,"Atley, Shaun",12,5,12,24,0,0,0,0,3,1,1,2,1,0,0,5,19,0,0,3,2,0,89,-24,"North Melbourne","2019",8
50,"Brown, Ben",8,8,3,11,5,0,4,2,0,2,1,2,0,0,0,3,8,1,5,1,0,1,100,-24,"North Melbourne","2019",8
10,"Cunnington, Ben",7,2,22,29,0,1,0,4,1,2,5,5,1,3,0,15,15,1,1,0,0,0,81,-24,"North Melbourne","2019",8
14,"Dumont, Trent",19,6,8,27,0,1,0,3,2,7,1,4,2,0,0,11,15,1,0,0,0,1,92,-24,"North Melbourne","2019",8
24,"Durdin, Sam",4,4,3,7,0,0,0,2,1,0,0,0,0,0,0,1,6,0,0,5,0,0,80,-24,"North Melbourne","2019",8
6,"Garner, Taylor",5,2,5,10,0,0,0,3,0,1,0,2,1,0,0,4,5,0,0,0,0,0,73,-24,"North Melbourne","2019",8
22,"Goldstein, Todd",4,1,10,14,0,0,37,2,0,4,4,2,2,1,0,8,8,0,0,3,0,0,91,-24,"North Melbourne","2019",8
4,"Higgins, Shaun",16,3,15,31,1,1,0,2,1,2,7,2,3,0,1,17,17,0,0,1,0,0,88,-24,"North Melbourne","2019",8
20,"Larkey, Nick",8,5,10,18,1,2,1,2,0,4,1,2,0,1,0,8,9,1,3,1,0,1,77,-24,"North Melbourne","2019",8
34,"Macmillan, Jamie",12,3,9,21,0,0,0,3,5,2,0,0,0,0,0,5,13,1,0,0,1,1,94,-24,"North Melbourne","2019",8
17,"Pittard, Jasper",6,6,7,13,0,0,0,5,2,1,0,1,1,0,0,2,10,0,0,6,0,0,84,-24,"North Melbourne","2019",8
13,"Polec, Jared",12,5,7,19,1,2,0,4,0,3,1,1,1,0,0,3,15,1,2,0,0,0,89,-24,"North Melbourne","2019",8
12,"Simpkin, Jy",11,2,9,20,0,0,0,5,0,3,4,1,0,0,0,10,11,0,1,0,0,0,71,-24,"North Melbourne","2019",8
25,"Tarrant, Robbie",14,9,7,21,0,0,0,2,7,2,0,2,0,1,0,4,13,1,0,7,0,1,100,-24,"North Melbourne","2019",8
31,"Taylor, Curtis",4,3,4,8,0,0,0,2,0,3,0,2,0,0,0,2,6,0,0,0,0,0,60,-24,"North Melbourne","2019",8
26,"Thomas, Tarryn",3,1,14,17,1,0,0,5,0,2,0,2,2,1,0,9,10,0,0,2,0,1,73,-24,"North Melbourne","2019",8
28,"Turner, Kayne",6,3,10,16,0,0,0,1,0,1,0,3,3,2,0,6,10,0,0,1,0,0,76,-24,"North Melbourne","2019",8
32,"Wood, Mason",8,2,6,14,1,1,0,0,0,1,0,2,0,1,0,5,9,2,1,0,0,0,69,-24,"North Melbourne","2019",8
19,"Wright, Sam",7,4,10,17,0,0,0,2,6,0,0,1,1,0,0,3,13,0,0,1,1,0,77,-24,"North Melbourne","2019",8
7,"Ziebell, Jack",10,4,7,17,0,1,0,5,1,4,4,3,1,1,0,5,13,0,0,2,1,0,84,-24,"North Melbourne","2019",8
44,"Zurhaar, Cameron",7,4,4,11,1,0,0,2,0,1,0,2,2,0,0,3,8,0,1,0,0,1,87,-24,"North Melbourne","2019",8
0,"Rushed",0,0,0,0,0,5,0,0,0,0,0,0,0,0,0,0,0,0,0,0,0,0,0,-24,"North Melbourne","2019",8
4,"Ablett, Gary",12,6,4,16,4,0,0,0,1,5,1,3,1,2,2,6,10,2,2,1,0,0,89,24,"Geelong","2019",8
30,"Atkins, Tom",0,0,4,4,0,0,0,0,0,0,0,2,0,2,0,3,2,0,0,1,0,0,47,24,"Geelong","2019",8
46,"Blicavs, Mark",5,2,6,11,0,0,0,3,1,0,1,1,2,0,0,5,6,0,0,11,0,0,100,24,"Geelong","2019",8
6,"Clark, Jordan",14,7,3,17,2,1,0,4,0,4,1,3,0,1,0,4,13,0,2,4,0,0,86,24,"Geelong","2019",8
18,"Constable, Charlie",11,10,16,27,0,0,0,3,1,1,1,1,0,0,0,6,22,0,0,1,0,1,75,24,"Geelong","2019",8
40,"Dahlhaus, Luke",5,3,13,18,1,1,0,6,1,1,0,2,1,2,0,10,9,0,0,1,0,0,84,24,"Geelong","2019",8
35,"Dangerfield, Patrick",12,5,15,27,1,0,0,3,0,4,6,2,0,1,0,9,18,0,0,3,0,0,91,24,"Geelong","2019",8
22,"Duncan, Mitch",16,12,13,29,0,1,0,8,2,2,5,4,2,1,0,7,23,0,2,3,0,1,88,24,"Geelong","2019",8
29,"Guthrie, Cameron",8,0,13,21,0,0,0,3,3,1,7,3,0,1,0,12,8,0,0,1,0,2,73,24,"Geelong","2019",8
26,"Hawkins, Tom",9,5,3,12,4,0,1,2,0,2,1,1,0,0,0,3,9,1,2,0,0,1,91,24,"Geelong","2019",8
38,"Henry, Jack",7,4,3,10,0,0,0,1,0,1,0,0,0,0,0,1,8,0,0,4,1,0,83,24,"Geelong","2019",8
11,"Kelly, Tim",23,3,13,36,2,0,0,7,4,8,11,6,3,2,3,21,16,0,0,0,0,3,91,24,"Geelong","2019",8
8,"Kolodjashnij, Jake",6,3,5,11,0,1,0,0,2,1,0,1,0,0,0,3,8,0,0,4,0,0,78,24,"Geelong","2019",8
32,"Miers, Gryan",12,8,10,22,1,3,0,2,0,3,0,2,0,1,0,7,15,0,2,0,0,0,99,24,"Geelong","2019",8
42,"OConnor, Mark",5,3,12,17,0,0,0,2,2,1,3,2,1,1,0,7,12,0,0,3,1,2,89,24,"Geelong","2019",8
3,"Parfitt, Brandan",11,5,12,23,0,0,0,4,0,5,5,3,0,1,0,10,13,0,0,1,0,1,84,24,"Geelong","2019",8
17,"Ratugolea, Esava",4,1,3,7,0,0,7,1,0,2,1,3,1,1,0,6,1,1,0,1,0,0,66,24,"Geelong","2019",8
23,"Rohan, Gary",6,1,4,10,1,0,0,1,0,1,0,3,0,1,0,5,5,0,0,1,0,3,59,24,"Geelong","2019",8
1,"Stanley, Rhys",4,3,7,11,0,0,29,2,0,3,2,3,0,3,0,5,8,0,0,3,0,0,87,24,"Geelong","2019",8
44,"Stewart, Tom",19,8,4,23,0,0,0,0,9,0,0,1,0,0,0,4,15,1,0,4,0,0,70,24,"Geelong","2019",8
7,"Taylor, Harry",14,10,6,20,0,0,0,1,4,1,0,0,2,0,0,5,14,1,0,1,0,0,89,24,"Geelong","2019",8
2,"Tuohy, Zach",10,5,5,15,0,0,0,0,5,1,0,3,0,1,0,5,9,0,0,1,0,0,83,24,"Geelong","2019",8
0,"Rushed",0,0,0,0,0,1,0,0,0,0,0,0,0,0,0,0,0,0,0,0,0,0,0,24,"Geelong","2019",8
