"Number","Player","Kicks","Marks","Handballs","Disposals","Goals","Behinds","Hitouts","Tackles","Rebounds50s","Inside50s","Clearances","Clangers","FreesFor","FreesAgainst","BrownlowVotes","ContestedPossessions","UncontestedPossessions","ContestedMarks","MarksInside50","OnePercenters","Bounces","GoalAssists","PercentagePlayed","PointDifference","Team","Season","Round"
34,"Bewley, Brett",8,4,5,13,1,1,0,2,1,3,0,0,1,0,0,4,10,0,0,0,0,0,66,21,"Fremantle","2019",13
19,"Blakely, Connor",14,2,7,21,0,0,0,1,3,3,1,3,2,0,0,8,14,1,0,2,0,0,87,21,"Fremantle","2019",13
8,"Brayshaw, Andrew",3,2,12,15,0,0,0,7,0,2,0,1,3,0,0,10,7,0,0,2,0,0,71,21,"Fremantle","2019",13
6,"Conca, Reece",12,2,7,19,0,0,0,4,3,2,10,3,0,2,0,11,7,0,0,1,0,0,70,21,"Fremantle","2019",13
36,"Cox, Brennan",3,3,13,16,1,0,1,4,0,0,0,5,0,2,0,7,11,0,1,3,0,2,95,21,"Fremantle","2019",13
4,"Darcy, Sean",2,2,10,12,0,0,30,2,1,0,2,5,2,3,0,9,5,0,0,2,0,0,92,21,"Fremantle","2019",13
44,"Duman, Taylin",5,3,6,11,0,0,0,5,1,1,0,1,0,0,0,1,9,0,0,3,0,0,77,21,"Fremantle","2019",13
7,"Fyfe, Nat",16,3,21,37,0,0,0,2,2,7,11,6,3,2,2,22,18,0,0,1,0,2,89,21,"Fremantle","2019",13
21,"Hamling, Joel",7,5,4,11,0,0,0,1,3,0,0,1,3,0,0,4,7,0,0,13,0,0,100,21,"Fremantle","2019",13
9,"Hill, Bradley",23,2,7,30,0,1,0,1,2,5,1,4,0,0,0,4,24,0,1,0,1,1,85,21,"Fremantle","2019",13
32,"Hill, Stephen",4,0,8,12,0,0,0,1,0,2,0,1,0,1,0,3,8,0,0,2,0,1,69,21,"Fremantle","2019",13
11,"Hogan, Jesse",12,11,5,17,3,1,0,0,0,0,0,1,2,0,0,4,13,2,3,1,0,0,95,21,"Fremantle","2019",13
15,"Hughes, Ethan",8,5,9,17,0,0,0,1,2,0,0,3,2,0,0,6,11,1,0,1,0,0,79,21,"Fremantle","2019",13
26,"Langdon, Ed",11,4,16,27,1,0,0,2,0,2,1,2,0,0,0,7,20,0,0,2,1,1,89,21,"Fremantle","2019",13
2,"Logue, Griffin",13,8,11,24,0,0,0,3,5,2,0,2,3,0,0,10,13,2,0,4,0,0,88,21,"Fremantle","2019",13
3,"Matera, Brandon",11,6,0,11,3,1,0,2,0,3,0,2,0,0,0,3,8,0,3,1,0,1,75,21,"Fremantle","2019",13
16,"Mundy, David",12,2,9,21,0,2,0,3,2,4,5,2,0,0,0,9,14,0,0,3,0,0,78,21,"Fremantle","2019",13
38,"Ryan, Luke",12,4,4,16,0,0,0,4,5,0,0,1,1,1,0,6,10,0,0,3,1,0,87,21,"Fremantle","2019",13
39,"Switkowski, Sam",5,1,10,15,0,0,0,4,0,3,0,1,2,0,0,7,7,0,0,0,0,0,63,21,"Fremantle","2019",13
18,"Tucker, Darcy",8,2,12,20,0,0,0,3,0,7,4,6,3,1,0,10,11,0,0,3,0,1,77,21,"Fremantle","2019",13
10,"Walters, Michael",20,6,5,25,6,1,0,4,0,5,5,1,5,1,3,11,14,1,3,1,3,0,86,21,"Fremantle","2019",13
14,"Wilson, Nathan",11,2,5,16,0,0,0,1,7,1,0,4,0,2,0,5,9,0,0,3,0,1,83,21,"Fremantle","2019",13
0,"Rushed",0,0,0,0,0,3,0,0,0,0,0,0,0,0,0,0,0,0,0,0,0,0,0,21,"Fremantle","2019",13
15,"Amon, Karl",5,5,9,14,0,0,0,4,1,3,3,1,0,0,0,6,9,1,0,1,0,0,76,-21,"Port Adelaide","2019",13
10,"Boak, Travis",15,2,21,36,1,0,0,1,1,2,8,3,1,1,1,15,20,0,0,0,0,1,77,-21,"Port Adelaide","2019",13
26,"Bonner, Riley",11,3,3,14,0,0,0,1,1,2,0,3,0,1,0,5,9,0,0,2,0,0,84,-21,"Port Adelaide","2019",13
3,"Burton, Ryan",17,5,8,25,0,0,0,4,4,1,0,4,1,2,0,8,15,0,0,5,0,0,80,-21,"Port Adelaide","2019",13
18,"Butters, Zak",5,1,9,14,1,0,0,1,0,1,0,1,1,0,0,6,9,0,0,1,0,1,71,-21,"Port Adelaide","2019",13
33,"Byrne-Jones, Darcy",11,5,6,17,0,0,0,4,4,4,0,1,1,1,0,6,11,0,0,2,1,0,84,-21,"Port Adelaide","2019",13
17,"Clurey, Tom",9,3,2,11,0,0,0,0,5,0,0,2,0,1,0,3,10,1,0,13,0,0,92,-21,"Port Adelaide","2019",13
21,"Duursma, Xavier",10,10,11,21,0,0,0,1,3,0,1,3,0,0,0,7,14,1,1,0,1,0,84,-21,"Port Adelaide","2019",13
24,"Farrell, Kane",6,2,4,10,4,1,0,1,0,2,0,3,1,1,0,5,6,1,2,4,0,0,85,-21,"Port Adelaide","2019",13
9,"Gray, Robbie",9,3,17,26,0,0,0,1,1,3,6,3,3,1,0,15,13,0,0,1,0,2,77,-21,"Port Adelaide","2019",13
46,"Gray, Sam",9,1,9,18,0,1,0,2,0,3,1,7,0,2,0,6,11,0,0,1,0,0,78,-21,"Port Adelaide","2019",13
8,"Hartlett, Hamish",10,5,13,23,0,0,0,3,3,4,0,3,1,1,0,5,19,0,0,2,0,1,84,-21,"Port Adelaide","2019",13
43,"Houston, Dan",14,3,8,22,0,1,0,7,1,10,2,4,1,2,0,6,16,1,0,0,0,1,79,-21,"Port Adelaide","2019",13
32,"Howard, Dougal",2,4,4,6,1,0,0,2,0,1,0,3,1,2,0,4,4,0,1,0,0,1,87,-21,"Port Adelaide","2019",13
42,"Jonas, Tom",11,7,6,17,0,0,0,3,6,1,0,3,0,1,0,4,11,0,0,12,0,0,94,-21,"Port Adelaide","2019",13
40,"Lienert, Jarrod",9,3,8,17,0,0,0,2,2,0,1,5,0,2,0,4,11,0,0,3,0,0,83,-21,"Port Adelaide","2019",13
29,"Lycett, Scott",11,4,6,17,0,1,21,3,2,4,5,7,3,6,0,11,7,0,1,8,0,0,79,-21,"Port Adelaide","2019",13
6,"Motlop, Steven",7,3,9,16,1,1,0,2,0,2,1,4,0,3,0,1,15,0,0,0,0,1,84,-21,"Port Adelaide","2019",13
2,"Powell-Pepper, Sam",5,3,9,14,1,0,0,5,1,1,2,2,1,1,0,7,8,0,0,2,0,0,83,-21,"Port Adelaide","2019",13
20,"Rozee, Connor",10,6,3,13,0,1,0,3,1,4,1,3,0,2,0,5,10,0,1,1,0,0,82,-21,"Port Adelaide","2019",13
4,"Ryder, Paddy",2,4,5,7,2,0,22,2,0,1,0,1,0,0,0,7,1,3,2,4,1,0,78,-21,"Port Adelaide","2019",13
39,"Westhoff, Justin",8,4,10,18,1,1,0,4,0,1,1,4,0,2,0,9,9,2,3,2,0,2,80,-21,"Port Adelaide","2019",13
0,"Totals",196,86,180,376,12,7,43,56,36,50,32,70,15,32,1,145,238,10,11,64,3,10,0,-21,"Port Adelaide","2019",13
