"Number","Player","Kicks","Marks","Handballs","Disposals","Goals","Behinds","Hitouts","Tackles","Rebounds50s","Inside50s","Clearances","Clangers","FreesFor","FreesAgainst","BrownlowVotes","ContestedPossessions","UncontestedPossessions","ContestedMarks","MarksInside50","OnePercenters","Bounces","GoalAssists","PercentagePlayed","PointDifference","Team","Season","Round"
33,"Baker, Oskar",12,5,4,16,2,1,0,0,0,4,1,1,0,0,0,4,11,1,0,0,2,2,77,-26,"Melbourne","2019",10
10,"Brayshaw, Angus",9,8,5,14,0,1,0,4,4,2,1,2,0,1,0,8,8,1,1,1,0,0,84,-26,"Melbourne","2019",10
31,"Fritsch, Bayley",14,5,5,19,0,0,0,1,2,2,0,3,1,1,0,4,12,1,2,6,0,0,87,-26,"Melbourne","2019",10
17,"Frost, Sam",6,2,6,12,0,0,0,1,4,0,0,0,0,0,0,2,9,0,0,4,0,0,87,-26,"Melbourne","2019",10
36,"Garlett, Jeff",5,2,1,6,1,1,0,2,0,1,0,0,0,0,0,1,3,0,2,2,0,0,84,-26,"Melbourne","2019",10
11,"Gawn, Max",17,8,8,25,0,0,35,1,1,1,6,2,5,1,2,13,9,4,0,2,0,0,86,-26,"Melbourne","2019",10
4,"Harmes, James",11,4,12,23,0,0,0,6,1,7,1,3,0,2,0,5,17,1,0,2,2,0,83,-26,"Melbourne","2019",10
34,"Hore, Marty",14,4,4,18,0,0,0,3,9,1,1,2,0,0,0,6,7,2,0,6,0,0,91,-26,"Melbourne","2019",10
29,"Hunt, Jayden",4,3,3,7,1,2,0,1,0,0,0,0,0,0,0,4,3,1,3,2,0,1,78,-26,"Melbourne","2019",10
2,"Jones, Nathan",5,1,7,12,0,0,0,7,0,3,6,1,1,1,0,9,4,0,0,4,1,0,66,-26,"Melbourne","2019",10
41,"Lockhart, Jay",6,5,2,8,1,0,0,0,2,1,0,1,0,0,0,1,7,0,1,1,0,0,76,-26,"Melbourne","2019",10
28,"McDonald, Oscar",4,2,4,8,0,0,0,1,2,0,0,0,0,0,0,2,5,0,0,1,0,0,89,-26,"Melbourne","2019",10
25,"McDonald, Tom",7,3,1,8,2,1,0,1,0,2,0,2,1,1,0,5,3,2,2,2,0,1,91,-26,"Melbourne","2019",10
13,"Oliver, Clayton",6,2,11,17,0,0,0,7,0,2,4,6,0,4,0,13,4,0,0,2,0,0,90,-26,"Melbourne","2019",10
5,"Petracca, Christian",11,5,8,19,1,1,0,4,0,5,4,3,2,2,0,12,8,2,2,3,0,2,83,-26,"Melbourne","2019",10
35,"Petty, Harry",4,1,1,5,0,0,0,1,2,1,1,2,0,0,0,1,3,0,0,5,0,0,68,-26,"Melbourne","2019",10
38,"Smith, Tim",8,3,5,13,0,0,5,6,0,2,3,4,1,1,0,8,6,1,1,2,0,0,76,-26,"Melbourne","2019",10
9,"Spargo, Charlie",5,3,5,10,1,0,0,4,0,2,0,2,0,0,0,1,7,0,0,0,0,1,82,-26,"Melbourne","2019",10
15,"Stretch, Billy",12,5,8,20,1,0,0,2,1,3,2,1,0,0,0,8,11,0,1,1,0,0,79,-26,"Melbourne","2019",10
7,"Viney, Jack",14,5,9,23,0,1,0,3,1,5,4,1,0,0,0,7,16,0,1,1,0,0,78,-26,"Melbourne","2019",10
40,"Wagner, Corey",6,2,2,8,0,0,0,4,3,1,0,2,1,0,0,2,5,0,0,0,1,0,82,-26,"Melbourne","2019",10
42,"Wagner, Josh",15,7,7,22,0,0,0,2,3,2,0,5,0,1,0,5,17,1,0,4,0,0,80,-26,"Melbourne","2019",10
0,"Totals",195,85,118,313,10,8,40,61,35,47,34,43,12,15,2,121,175,17,16,51,6,7,0,-26,"Melbourne","2019",10
18,"Cameron, Jeremy",12,8,3,15,3,2,0,1,0,3,1,2,0,0,0,5,9,2,4,0,0,3,89,26,"Greater Western Sydney","2019",10
3,"Coniglio, Stephen",10,3,6,16,1,0,0,3,1,1,2,0,0,0,0,4,12,0,1,0,0,0,69,26,"Greater Western Sydney","2019",10
13,"Cumming, Isaac",2,3,4,6,0,0,0,5,0,0,2,0,0,0,0,3,5,1,0,3,0,0,73,26,"Greater Western Sydney","2019",10
16,"Daniels, Brent",6,1,5,11,0,0,0,5,0,4,1,0,2,0,0,3,7,0,0,1,0,1,73,26,"Greater Western Sydney","2019",10
1,"Davis, Phil",4,4,8,12,0,0,0,3,1,1,0,0,0,0,0,5,7,1,0,5,0,0,84,26,"Greater Western Sydney","2019",10
24,"de Boer, Matt",6,4,6,12,0,0,0,6,0,1,1,1,0,1,0,8,7,0,1,3,0,1,84,26,"Greater Western Sydney","2019",10
7,"Deledio, Brett",12,3,6,18,0,0,0,1,0,3,1,3,2,0,0,8,9,2,1,0,0,1,79,26,"Greater Western Sydney","2019",10
31,"Finlayson, Jeremy",12,9,4,16,1,1,0,1,0,2,0,3,0,0,0,5,11,1,4,2,0,2,82,26,"Greater Western Sydney","2019",10
4,"Greene, Toby",13,6,6,19,0,0,0,3,1,6,0,4,2,0,0,7,12,0,1,1,2,1,83,26,"Greater Western Sydney","2019",10
19,"Haynes, Nick",15,8,5,20,0,0,0,0,10,1,1,2,0,0,0,2,16,1,0,4,1,0,86,26,"Greater Western Sydney","2019",10
27,"Himmelberg, Harry",12,7,6,18,5,2,0,1,0,3,0,1,0,1,1,10,10,2,3,3,0,1,89,26,"Greater Western Sydney","2019",10
2,"Hopper, Jacob",9,2,14,23,0,0,0,3,2,3,6,3,3,0,0,11,11,0,0,0,0,0,69,26,"Greater Western Sydney","2019",10
22,"Kelly, Josh",16,3,15,31,1,0,0,10,0,7,3,1,2,0,3,11,19,0,0,4,1,0,78,26,"Greater Western Sydney","2019",10
40,"Kennedy, Adam",9,2,4,13,0,0,0,1,1,2,1,2,0,0,0,4,9,0,0,2,0,0,82,26,"Greater Western Sydney","2019",10
41,"Mumford, Shane",2,2,5,7,0,0,25,3,1,0,3,7,2,7,0,6,3,1,0,4,0,0,80,26,"Greater Western Sydney","2019",10
36,"Perryman, Harry",12,6,6,18,0,1,0,4,1,3,4,3,0,0,0,8,11,1,1,2,0,0,76,26,"Greater Western Sydney","2019",10
50,"Reid, Sam",10,5,5,15,0,0,0,2,4,1,1,4,1,2,0,5,10,0,0,2,0,0,88,26,"Greater Western Sydney","2019",10
23,"Shaw, Heath",24,7,3,27,0,0,0,1,8,2,0,6,0,1,0,6,19,1,0,2,0,0,94,26,"Greater Western Sydney","2019",10
14,"Taranto, Tim",14,6,18,32,0,2,0,8,2,2,5,2,0,0,0,13,20,0,1,2,0,0,82,26,"Greater Western Sydney","2019",10
15,"Taylor, Sam",6,5,7,13,1,0,0,2,1,2,0,1,0,0,0,4,9,0,0,9,1,0,82,26,"Greater Western Sydney","2019",10
20,"Tomlinson, Adam",9,5,9,18,0,0,3,3,1,1,3,1,0,0,0,9,10,0,0,3,0,0,90,26,"Greater Western Sydney","2019",10
6,"Whitfield, Lachie",17,8,12,29,2,0,0,2,3,2,2,1,1,0,0,8,21,1,1,0,0,0,88,26,"Greater Western Sydney","2019",10
0,"Rushed",0,0,0,0,0,2,0,0,0,0,0,0,0,0,0,0,0,0,0,0,0,0,0,26,"Greater Western Sydney","2019",10
