"Number","Player","Kicks","Marks","Handballs","Disposals","Goals","Behinds","Hitouts","Tackles","Rebounds50s","Inside50s","Clearances","Clangers","FreesFor","FreesAgainst","BrownlowVotes","ContestedPossessions","UncontestedPossessions","ContestedMarks","MarksInside50","OnePercenters","Bounces","GoalAssists","PercentagePlayed","PointDifference","Team","Season","Round"
9,"Cripps, Patrick",10,1,22,32,0,0,0,6,2,2,8,3,3,1,2,22,10,0,0,0,1,0,89,-33,"Carlton","2019",1
28,"Cuningham, David",9,5,13,22,0,0,0,5,0,5,3,7,1,2,0,10,15,0,0,0,0,1,79,-33,"Carlton","2019",1
30,"Curnow, Charlie",10,1,2,12,1,0,0,1,0,2,0,4,0,2,0,6,5,0,0,0,0,0,94,-33,"Carlton","2019",1
35,"Curnow, Ed",13,12,12,25,0,1,0,3,1,3,2,4,1,0,0,7,18,0,2,1,0,1,82,-33,"Carlton","2019",1
2,"Dow, Paddy",8,3,13,21,0,1,0,2,1,3,1,4,1,1,0,9,12,0,1,1,0,0,76,-33,"Carlton","2019",1
32,"Fasolo, Alex",4,2,1,5,1,0,0,1,0,0,0,1,1,1,0,1,3,0,1,0,0,0,72,-33,"Carlton","2019",1
25,"Fisher, Zac",14,2,8,22,1,1,0,6,0,3,8,5,1,4,0,12,13,0,0,3,0,1,80,-33,"Carlton","2019",1
21,"Garlett, Jarrod",8,3,1,9,0,0,0,4,3,0,1,2,0,0,0,5,5,0,0,2,0,0,68,-33,"Carlton","2019",1
40,"Gibbons, Michael",5,2,6,11,0,1,0,3,0,1,0,2,0,1,0,3,7,0,0,2,0,0,71,-33,"Carlton","2019",1
14,"Jones, Liam",4,3,4,8,0,0,0,5,3,0,1,2,3,1,0,7,2,1,0,7,0,0,97,-33,"Carlton","2019",1
11,"McGovern, Mitch",8,5,3,11,1,1,0,0,0,3,0,3,1,0,0,5,8,0,0,0,0,0,75,-33,"Carlton","2019",1
10,"McKay, Harry",7,6,4,11,2,1,3,4,0,0,1,2,1,1,0,9,4,4,3,4,0,0,83,-33,"Carlton","2019",1
3,"Murphy, Marc",16,4,13,29,1,0,0,1,4,5,1,1,1,0,0,6,23,0,0,0,0,0,87,-33,"Carlton","2019",1
24,"Newman, Nic",21,9,5,26,1,0,0,2,12,2,1,2,1,0,0,5,17,0,0,3,0,0,84,-33,"Carlton","2019",1
5,"Petrevski-Seton, Sam",12,8,6,18,0,0,0,2,2,4,2,2,1,0,0,4,14,0,0,0,0,0,85,-33,"Carlton","2019",1
34,"Phillips, Andrew",5,3,4,9,0,0,27,8,0,2,3,4,1,3,0,3,7,1,0,4,0,0,79,-33,"Carlton","2019",1
20,"Plowman, Lachie",11,6,2,13,0,0,0,3,2,0,1,1,3,1,0,4,8,0,0,11,0,0,91,-33,"Carlton","2019",1
43,"Setterfield, Will",14,2,10,24,0,1,0,1,1,3,3,3,1,1,0,8,16,0,1,3,0,2,66,-33,"Carlton","2019",1
6,"Simpson, Kade",14,6,11,25,0,0,0,1,5,1,1,1,1,0,0,4,19,0,0,1,0,0,84,-33,"Carlton","2019",1
39,"Thomas, Dale",15,3,12,27,1,0,0,2,5,3,0,4,1,1,0,6,17,0,0,4,0,1,78,-33,"Carlton","2019",1
18,"Walsh, Sam",16,6,8,24,0,1,0,1,1,5,4,6,0,0,0,8,16,0,0,0,1,1,82,-33,"Carlton","2019",1
23,"Weitering, Jacob",13,7,4,17,0,0,0,2,3,1,0,3,0,2,0,8,7,3,0,6,0,0,98,-33,"Carlton","2019",1
0,"Rushed",0,0,0,0,0,2,0,0,0,0,0,0,0,0,0,0,0,0,0,0,0,0,0,-33,"Carlton","2019",1
12,"Astbury, David",5,1,4,9,0,0,0,0,2,0,0,0,0,0,0,4,4,0,0,3,0,0,92,33,"Richmond","2019",1
38,"Balta, Noah",5,2,0,5,1,0,6,1,0,3,1,5,1,3,0,2,4,0,0,2,0,0,52,33,"Richmond","2019",1
35,"Broad, Nathan",4,1,4,8,0,0,0,2,2,0,0,2,1,0,0,3,5,0,0,6,2,0,80,33,"Richmond","2019",1
7,"Butler, Dan",8,1,5,13,1,0,0,7,0,6,0,4,1,3,0,6,8,0,1,1,0,0,82,33,"Richmond","2019",1
9,"Cotchin, Trent",20,6,11,31,0,1,0,4,0,6,6,5,2,4,3,14,14,1,1,2,1,0,80,33,"Richmond","2019",1
10,"Edwards, Shane",8,0,14,22,0,0,0,4,0,3,5,1,1,0,0,11,12,0,0,1,0,1,85,33,"Richmond","2019",1
34,"Graham, Jack",16,7,7,23,0,1,0,6,0,5,4,6,1,1,0,9,15,0,1,2,0,0,81,33,"Richmond","2019",1
2,"Grimes, Dylan",5,1,4,9,0,0,0,4,2,1,1,2,1,1,0,5,3,1,0,7,0,0,80,33,"Richmond","2019",1
13,"Higgins, Jack",9,6,8,17,3,0,0,1,1,4,0,2,0,0,0,6,11,0,3,2,0,2,82,33,"Richmond","2019",1
14,"Houli, Bachar",16,6,8,24,0,0,0,4,8,3,1,2,1,0,0,4,14,0,0,2,0,1,83,33,"Richmond","2019",1
23,"Lambert, Kane",12,7,18,30,0,1,0,4,1,3,3,4,2,0,0,10,19,0,1,0,0,0,89,33,"Richmond","2019",1
19,"Lynch, Tom",4,1,3,7,3,1,0,2,0,0,0,3,2,1,0,5,2,1,1,1,0,0,78,33,"Richmond","2019",1
4,"Martin, Dustin",18,4,12,30,0,0,0,0,1,7,5,7,0,3,0,15,17,1,1,2,2,1,79,33,"Richmond","2019",1
33,"McIntosh, Kamdyn",9,3,4,13,1,0,0,4,2,1,0,1,0,0,0,7,7,2,0,3,0,0,79,33,"Richmond","2019",1
25,"Nankervis, Toby",13,2,4,17,3,0,34,2,0,2,3,3,3,0,1,13,7,0,0,0,0,0,83,33,"Richmond","2019",1
3,"Prestia, Dion",10,1,10,20,0,0,0,7,0,5,4,2,3,0,0,9,11,0,0,1,0,1,78,33,"Richmond","2019",1
18,"Rance, Alex",3,2,3,6,0,0,0,2,2,0,0,5,1,2,0,4,2,0,0,7,0,0,68,33,"Richmond","2019",1
8,"Riewoldt, Jack",6,2,2,8,1,1,0,2,0,1,0,7,1,4,0,9,2,1,2,3,0,2,98,33,"Richmond","2019",1
17,"Rioli, Daniel",10,4,7,17,0,2,0,2,0,4,2,0,1,0,0,6,10,0,0,2,0,2,88,33,"Richmond","2019",1
15,"Short, Jayden",18,5,2,20,0,1,0,3,9,2,1,5,0,1,0,3,10,1,0,3,0,0,89,33,"Richmond","2019",1
1,"Vlastuin, Nick",10,5,4,14,0,0,0,1,6,0,0,1,0,0,0,3,7,0,0,3,0,0,89,33,"Richmond","2019",1
16,"Weller, Maverick",9,2,6,15,1,1,0,1,2,3,1,1,0,0,0,4,11,0,0,2,0,0,85,33,"Richmond","2019",1
0,"Rushed",0,0,0,0,0,4,0,0,0,0,0,0,0,0,0,0,0,0,0,0,0,0,0,33,"Richmond","2019",1
