"Number","Player","Kicks","Marks","Handballs","Disposals","Goals","Behinds","Hitouts","Tackles","Rebounds50s","Inside50s","Clearances","Clangers","FreesFor","FreesAgainst","BrownlowVotes","ContestedPossessions","UncontestedPossessions","ContestedMarks","MarksInside50","OnePercenters","Bounces","GoalAssists","PercentagePlayed","PointDifference","Team","Season","Round"
12,"Allen, Oscar",7,5,4,11,1,0,7,1,0,2,2,1,2,1,0,5,6,1,3,4,0,1,74,49,"West Coast","2019",19
37,"Barrass, Tom",7,5,3,10,0,0,1,0,4,1,0,2,1,2,0,5,5,3,0,17,0,0,80,49,"West Coast","2019",19
39,"Cameron, Jarrod",2,1,3,5,0,0,0,3,0,1,0,0,1,0,0,3,3,0,0,1,0,0,70,49,"West Coast","2019",19
27,"Darling, Jack",12,7,9,21,2,2,1,5,0,3,1,3,0,1,1,12,9,2,4,4,0,2,89,49,"West Coast","2019",19
3,"Gaff, Andrew",19,5,14,33,0,0,0,1,3,5,6,2,2,1,0,12,23,0,0,1,1,0,88,49,"West Coast","2019",19
16,"Hickey, Tom",5,2,8,13,1,0,12,2,0,2,4,1,0,0,0,11,2,1,1,0,0,0,77,49,"West Coast","2019",19
23,"Jetta, Lewis",17,3,4,21,0,0,0,3,7,3,0,1,0,0,0,0,16,0,0,1,2,0,85,49,"West Coast","2019",19
17,"Kennedy, Josh",10,8,1,11,7,0,0,1,0,0,0,0,0,0,3,5,4,5,6,0,0,0,78,49,"West Coast","2019",19
7,"Masten, Chris",12,4,7,19,0,0,0,2,0,3,1,0,2,0,0,3,17,0,0,2,0,0,87,49,"West Coast","2019",19
20,"McGovern, Jeremy",6,3,6,12,0,0,1,1,2,0,1,0,3,0,0,10,2,1,0,4,0,0,81,49,"West Coast","2019",19
30,"Nelson, Jackson",10,4,12,22,0,0,0,3,1,1,1,2,0,0,0,6,19,0,0,4,0,0,91,49,"West Coast","2019",19
21,"Petruccelle, Jack",7,6,5,12,1,1,0,2,0,3,1,1,0,0,0,3,9,1,1,1,1,1,75,49,"West Coast","2019",19
8,"Redden, Jack",11,7,16,27,0,0,0,7,2,4,5,3,1,2,0,11,17,0,0,1,0,2,83,49,"West Coast","2019",19
44,"Rioli, Willie",14,6,5,19,2,1,0,2,1,3,0,1,1,0,0,3,16,0,1,2,0,3,79,49,"West Coast","2019",19
1,"Ryan, Liam",8,3,1,9,1,2,0,0,0,3,0,3,0,0,0,4,5,1,2,0,1,1,84,49,"West Coast","2019",19
31,"Schofield, Will",5,4,3,8,0,0,5,1,1,1,0,1,0,1,0,2,6,0,0,5,0,0,93,49,"West Coast","2019",19
4,"Sheed, Dom",15,7,16,31,0,0,0,5,2,5,4,2,0,0,2,8,22,0,0,0,2,2,83,49,"West Coast","2019",19
5,"Sheppard, Brad",9,5,12,21,0,0,0,0,3,0,0,2,0,1,0,4,16,0,0,2,0,0,88,49,"West Coast","2019",19
13,"Shuey, Luke",12,2,11,23,0,0,0,7,2,3,5,3,1,2,0,9,13,0,0,1,0,0,78,49,"West Coast","2019",19
2,"Waterman, Jake",6,4,3,9,2,0,0,0,0,1,1,0,0,0,0,1,7,1,3,3,0,1,83,49,"West Coast","2019",19
26,"Watson, Francis",8,4,5,13,0,0,0,3,3,2,1,2,1,1,0,5,9,0,0,2,0,0,82,49,"West Coast","2019",19
6,"Yeo, Elliot",14,2,12,26,1,1,0,7,2,5,10,3,1,1,0,14,12,0,0,4,4,1,74,49,"West Coast","2019",19
0,"Rushed",0,0,0,0,0,6,0,0,0,0,0,0,0,0,0,0,0,0,0,0,0,0,0,49,"West Coast","2019",19
15,"Ahern, Paul",17,5,10,27,0,1,0,0,7,1,1,4,0,1,0,9,16,1,0,1,0,0,87,-49,"North Melbourne","2019",19
3,"Anderson, Jed",11,2,9,20,0,2,0,3,1,3,2,3,1,2,0,10,10,0,1,1,0,0,71,-49,"North Melbourne","2019",19
18,"Atley, Shaun",8,2,7,15,0,0,0,1,3,2,0,3,0,1,0,1,16,0,0,3,1,0,80,-49,"North Melbourne","2019",19
50,"Brown, Ben",6,3,2,8,2,1,5,1,0,1,3,1,1,0,0,7,2,2,1,0,0,0,93,-49,"North Melbourne","2019",19
10,"Cunnington, Ben",6,2,15,21,0,0,0,4,1,3,5,1,1,0,0,11,10,1,0,0,0,0,79,-49,"North Melbourne","2019",19
9,"Davies-Uniacke, Luke",8,5,8,16,0,1,0,1,0,3,1,2,1,2,0,6,9,0,1,1,0,0,71,-49,"North Melbourne","2019",19
14,"Dumont, Trent",18,12,8,26,0,0,0,1,0,2,1,2,0,0,0,7,20,1,1,2,0,3,88,-49,"North Melbourne","2019",19
24,"Durdin, Sam",2,2,1,3,0,0,0,1,1,0,0,1,0,1,0,2,3,0,0,10,0,0,89,-49,"North Melbourne","2019",19
6,"Garner, Taylor",7,5,8,15,0,1,0,2,0,1,0,2,0,1,0,6,10,0,1,0,0,0,72,-49,"North Melbourne","2019",19
22,"Goldstein, Todd",7,2,10,17,0,2,33,2,0,4,4,1,0,1,0,11,6,1,0,6,0,0,88,-49,"North Melbourne","2019",19
4,"Higgins, Shaun",9,3,10,19,0,0,0,3,1,4,3,1,1,0,0,4,15,0,0,0,0,0,86,-49,"North Melbourne","2019",19
20,"Larkey, Nick",7,4,5,12,1,0,4,1,0,3,0,2,2,1,0,8,4,2,0,4,0,1,86,-49,"North Melbourne","2019",19
34,"Macmillan, Jamie",10,5,4,14,0,0,0,1,3,2,0,2,0,0,0,2,13,0,0,2,0,0,79,-49,"North Melbourne","2019",19
17,"Pittard, Jasper",4,2,10,14,0,0,0,1,3,0,0,1,0,0,0,3,8,1,0,3,1,0,85,-49,"North Melbourne","2019",19
13,"Polec, Jared",22,5,9,31,1,0,0,1,3,7,2,2,1,1,0,11,19,0,0,2,0,1,89,-49,"North Melbourne","2019",19
12,"Simpkin, Jy",7,1,5,12,0,1,0,4,2,2,5,0,1,0,0,5,7,0,1,2,0,0,80,-49,"North Melbourne","2019",19
25,"Tarrant, Robbie",6,2,2,8,0,0,0,1,2,2,0,2,0,0,0,1,5,0,0,13,0,0,90,-49,"North Melbourne","2019",19
26,"Thomas, Tarryn",5,0,6,11,1,1,0,3,0,0,3,0,0,0,0,9,2,0,0,3,0,0,73,-49,"North Melbourne","2019",19
2,"Williams, Marley",9,3,8,17,0,0,0,1,2,2,0,0,1,0,0,4,12,0,0,2,0,0,77,-49,"North Melbourne","2019",19
32,"Wood, Mason",6,6,5,11,2,0,0,2,0,1,0,6,1,3,0,5,6,1,2,0,0,0,83,-49,"North Melbourne","2019",19
7,"Ziebell, Jack",6,2,6,12,0,0,0,6,2,1,4,0,1,0,0,8,5,0,0,0,0,1,75,-49,"North Melbourne","2019",19
44,"Zurhaar, Cameron",9,8,5,14,3,1,0,2,1,2,0,3,1,2,0,3,11,1,5,1,0,0,80,-49,"North Melbourne","2019",19
0,"Rushed",0,0,0,0,0,1,0,0,0,0,0,0,0,0,0,0,0,0,0,0,0,0,0,-49,"North Melbourne","2019",19
