"Number","Player","Kicks","Marks","Handballs","Disposals","Goals","Behinds","Hitouts","Tackles","Rebounds50s","Inside50s","Clearances","Clangers","FreesFor","FreesAgainst","BrownlowVotes","ContestedPossessions","UncontestedPossessions","ContestedMarks","MarksInside50","OnePercenters","Bounces","GoalAssists","PercentagePlayed","PointDifference","Team","Season","Round"
12,"Astbury, David",6,3,6,12,0,0,0,0,2,1,0,3,0,2,0,6,6,0,0,8,0,0,100,28,"Richmond","2019",21
48,"Baker, Liam",11,4,11,22,0,0,0,2,2,4,0,2,1,2,0,8,13,0,0,2,0,0,75,28,"Richmond","2019",21
29,"Bolton, Shai",6,0,5,11,0,0,0,5,0,2,4,7,1,2,0,9,2,0,0,0,0,2,68,28,"Richmond","2019",21
35,"Broad, Nathan",8,3,11,19,0,0,0,3,2,4,0,4,0,1,0,6,11,0,0,7,2,0,81,28,"Richmond","2019",21
22,"Caddy, Josh",13,2,5,18,1,0,0,5,2,2,2,2,0,0,0,8,7,0,0,3,0,0,83,28,"Richmond","2019",21
11,"Castagna, Jason",9,5,13,22,1,1,0,6,0,5,2,1,1,0,0,6,15,0,1,0,0,0,81,28,"Richmond","2019",21
41,"Chol, Mabior",1,0,3,4,0,0,6,6,0,1,0,3,0,1,0,4,0,0,0,0,0,0,53,28,"Richmond","2019",21
10,"Edwards, Shane",11,6,16,27,1,0,0,9,2,3,4,1,2,0,0,13,17,3,0,2,0,0,85,28,"Richmond","2019",21
5,"Ellis, Brandon",14,5,8,22,0,0,0,7,4,4,3,1,2,0,0,8,14,1,0,1,0,1,86,28,"Richmond","2019",21
34,"Graham, Jack",19,2,3,22,4,0,0,14,0,8,3,3,0,1,1,6,16,0,0,1,0,3,81,28,"Richmond","2019",21
2,"Grimes, Dylan",6,2,0,6,0,0,0,5,1,0,0,0,2,0,0,2,2,0,0,6,0,0,100,28,"Richmond","2019",21
14,"Houli, Bachar",14,6,8,22,0,0,0,1,6,2,0,2,0,0,0,5,15,1,0,3,2,0,83,28,"Richmond","2019",21
23,"Lambert, Kane",10,3,15,25,0,0,0,2,2,2,5,4,0,1,0,9,16,0,0,1,0,1,88,28,"Richmond","2019",21
19,"Lynch, Tom",10,4,0,10,2,3,0,4,0,1,0,4,4,1,0,6,5,1,4,4,0,0,87,28,"Richmond","2019",21
25,"Nankervis, Toby",7,2,8,15,0,0,34,5,0,3,2,5,1,3,0,4,9,0,1,3,0,0,74,28,"Richmond","2019",21
3,"Prestia, Dion",19,3,16,35,0,1,0,4,1,9,10,6,1,1,3,16,18,0,0,0,2,0,83,28,"Richmond","2019",21
8,"Riewoldt, Jack",6,2,0,6,2,1,0,2,0,0,0,4,0,2,0,5,0,2,2,3,0,0,87,28,"Richmond","2019",21
17,"Rioli, Daniel",4,4,6,10,0,0,0,2,0,1,0,3,0,0,0,2,7,0,1,1,3,1,88,28,"Richmond","2019",21
27,"Ross, Jack",10,1,11,21,0,0,0,7,3,3,6,6,2,2,0,11,11,0,0,3,0,1,74,28,"Richmond","2019",21
15,"Short, Jayden",16,6,2,18,0,0,0,2,6,2,0,4,0,0,0,4,12,0,0,4,1,1,80,28,"Richmond","2019",21
44,"Stack, Sydney",5,3,7,12,0,0,0,0,0,2,0,2,0,2,0,4,8,0,1,3,0,0,76,28,"Richmond","2019",21
1,"Vlastuin, Nick",13,6,4,17,0,0,0,2,4,0,0,3,4,1,0,9,7,1,0,8,1,0,86,28,"Richmond","2019",21
0,"Rushed",0,0,0,0,0,1,0,0,0,0,0,0,0,0,0,0,0,0,0,0,0,0,0,28,"Richmond","2019",21
41,"Casboult, Levi",5,5,4,9,1,1,6,2,0,0,1,3,0,2,0,7,3,3,2,2,0,0,87,-28,"Carlton","2019",21
9,"Cripps, Patrick",15,2,22,37,0,0,0,7,2,3,4,2,3,0,2,21,15,1,0,2,0,0,92,-28,"Carlton","2019",21
35,"Curnow, Ed",17,2,17,34,0,0,0,8,3,4,6,4,2,1,0,22,12,0,0,1,0,0,88,-28,"Carlton","2019",21
47,"Deluca, Josh",7,3,7,14,0,0,0,5,0,0,0,4,0,1,0,7,5,1,1,0,0,0,76,-28,"Carlton","2019",21
25,"Fisher, Zac",3,1,7,10,0,0,0,1,0,1,0,7,0,2,0,5,6,0,0,1,3,0,75,-28,"Carlton","2019",21
40,"Gibbons, Michael",8,0,1,9,1,1,0,3,0,2,3,2,1,1,0,6,2,0,0,0,0,1,75,-28,"Carlton","2019",21
14,"Jones, Liam",8,4,2,10,0,0,0,1,6,1,2,0,1,0,0,8,3,2,0,15,0,0,86,-28,"Carlton","2019",21
8,"Kreuzer, Matthew",7,1,1,8,1,1,47,1,1,1,3,2,1,0,0,4,3,0,0,4,0,0,82,-28,"Carlton","2019",21
16,"Lang, Darcy",0,0,4,4,0,0,0,3,0,0,1,1,0,1,0,2,2,0,0,0,0,0,73,-28,"Carlton","2019",21
11,"McGovern, Mitch",8,2,3,11,2,2,0,1,0,2,0,4,2,2,0,6,5,0,2,2,0,0,78,-28,"Carlton","2019",21
10,"McKay, Harry",5,3,1,6,0,0,0,3,0,3,0,3,1,1,0,1,4,0,0,1,0,0,80,-28,"Carlton","2019",21
3,"Murphy, Marc",15,1,14,29,1,0,0,5,3,3,4,8,1,2,0,13,13,0,0,0,0,0,84,-28,"Carlton","2019",21
24,"Newman, Nic",16,5,4,20,0,0,0,9,4,0,3,2,2,0,0,5,12,0,0,1,0,0,83,-28,"Carlton","2019",21
4,"OBrien, Lochie",7,1,1,8,0,0,0,1,0,0,0,1,1,1,0,2,6,0,0,0,0,0,72,-28,"Carlton","2019",21
5,"Petrevski-Seton, Sam",12,3,6,18,0,0,0,6,1,1,0,3,0,0,0,6,12,1,0,0,0,0,73,-28,"Carlton","2019",21
20,"Plowman, Lachie",12,10,5,17,0,0,0,3,2,0,0,3,0,1,0,6,11,0,0,4,0,0,96,-28,"Carlton","2019",21
43,"Setterfield, Will",8,2,6,14,0,0,0,3,4,1,3,2,1,0,0,6,8,0,0,0,0,0,79,-28,"Carlton","2019",21
1,"Silvagni, Jack",13,5,2,15,0,0,0,3,2,5,1,4,1,0,0,5,8,2,0,0,0,0,84,-28,"Carlton","2019",21
6,"Simpson, Kade",26,4,7,33,0,0,0,4,9,7,3,3,2,0,0,12,16,0,0,1,0,0,88,-28,"Carlton","2019",21
39,"Thomas, Dale",22,4,10,32,0,1,0,7,6,3,4,1,3,0,0,12,15,0,1,2,2,0,80,-28,"Carlton","2019",21
18,"Walsh, Sam",11,3,8,19,0,1,0,3,0,4,2,6,0,2,0,7,11,0,0,0,0,0,76,-28,"Carlton","2019",21
23,"Weitering, Jacob",7,8,2,9,0,0,0,5,4,2,0,7,0,4,0,5,7,2,0,11,0,0,93,-28,"Carlton","2019",21
0,"Rushed",0,0,0,0,0,2,0,0,0,0,0,0,0,0,0,0,0,0,0,0,0,0,0,-28,"Carlton","2019",21
