"Number","Player","Kicks","Marks","Handballs","Disposals","Goals","Behinds","Hitouts","Tackles","Rebounds50s","Inside50s","Clearances","Clangers","FreesFor","FreesAgainst","BrownlowVotes","ContestedPossessions","UncontestedPossessions","ContestedMarks","MarksInside50","OnePercenters","Bounces","GoalAssists","PercentagePlayed","PointDifference","Team","Season","Round"
14,"Aish, James",8,4,5,13,0,0,0,2,6,0,0,0,1,0,0,2,11,0,0,4,0,0,79,41,"Collingwood","2019",9
11,"Beams, Dayne",15,5,15,30,0,3,0,2,3,4,7,3,1,1,0,11,20,1,1,0,0,1,83,41,"Collingwood","2019",9
17,"Brown, Callum",2,0,7,9,0,0,0,2,1,1,1,2,1,2,0,6,3,0,0,0,0,0,71,41,"Collingwood","2019",9
25,"Crisp, Jack",14,5,13,27,0,0,0,4,2,3,2,5,1,1,0,13,12,1,0,2,0,0,92,41,"Collingwood","2019",9
19,"Greenwood, Levi",10,6,7,17,0,0,0,3,2,0,0,1,0,0,0,2,14,0,0,2,0,0,90,41,"Collingwood","2019",9
4,"Grundy, Brodie",16,4,8,24,0,0,49,6,2,3,7,4,3,0,3,18,6,3,0,5,0,0,90,41,"Collingwood","2019",9
32,"Hoskin-Elliott, Will",11,8,2,13,1,1,0,1,1,3,0,1,0,0,0,3,11,1,2,1,0,2,89,41,"Collingwood","2019",9
38,"Howe, Jeremy",10,3,2,12,0,0,0,1,5,0,0,0,1,0,0,1,8,0,0,7,0,0,90,41,"Collingwood","2019",9
8,"Langdon, Tom",6,3,5,11,0,0,0,1,2,1,0,2,0,0,0,4,6,0,0,3,0,0,41,41,"Collingwood","2019",9
37,"Maynard, Brayden",8,1,6,14,0,1,0,6,4,1,0,0,2,0,0,4,8,0,0,2,0,0,84,41,"Collingwood","2019",9
16,"Mayne, Chris",12,5,13,25,0,0,0,3,3,0,2,4,1,1,0,7,16,0,0,2,0,1,81,41,"Collingwood","2019",9
41,"Mihocek, Brody",10,8,4,14,4,1,0,1,0,1,0,1,2,0,1,7,8,1,4,3,0,2,88,41,"Collingwood","2019",9
10,"Pendlebury, Scott",13,2,14,27,0,0,0,3,2,7,5,4,0,1,0,11,16,0,0,1,0,0,80,41,"Collingwood","2019",9
21,"Phillips, Tom",13,6,7,20,0,0,0,2,1,3,1,0,1,0,0,7,13,0,0,0,0,1,88,41,"Collingwood","2019",9
20,"Reid, Ben",10,7,6,16,3,1,4,0,1,2,1,3,0,1,0,10,6,5,3,0,0,1,85,41,"Collingwood","2019",9
23,"Roughead, Jordan",6,5,4,10,0,0,0,0,4,1,0,0,0,0,0,2,8,1,0,9,0,0,91,41,"Collingwood","2019",9
22,"Sidebottom, Steele",16,6,13,29,2,1,0,3,1,4,2,1,0,0,2,8,20,0,1,2,0,1,90,41,"Collingwood","2019",9
1,"Stephenson, Jaidyn",11,8,6,17,3,0,0,1,0,4,0,4,0,0,0,4,14,1,3,3,0,1,89,41,"Collingwood","2019",9
24,"Thomas, Josh",7,2,6,13,2,1,0,4,0,4,0,0,0,0,0,2,11,0,1,1,0,0,74,41,"Collingwood","2019",9
7,"Treloar, Adam",14,3,24,38,0,0,0,3,1,3,7,4,2,0,0,15,19,0,0,1,0,1,77,41,"Collingwood","2019",9
18,"Varcoe, Travis",8,2,5,13,2,0,0,4,1,1,0,4,1,3,0,6,8,0,0,1,0,0,77,41,"Collingwood","2019",9
33,"Wills, Rupert",7,3,7,14,0,1,0,7,0,1,4,1,3,1,0,10,4,1,0,1,0,0,72,41,"Collingwood","2019",9
0,"Totals",227,96,179,406,17,10,53,59,42,47,39,44,20,11,6,153,242,15,15,50,0,11,0,41,"Collingwood","2019",9
8,"Acres, Blake",5,1,8,13,0,1,0,5,0,1,1,3,0,0,0,5,10,0,0,2,0,0,69,-41,"St Kilda","2019",9
26,"Battle, Josh",7,4,5,12,1,0,0,2,1,1,0,1,1,0,0,5,7,1,1,6,0,0,82,-41,"St Kilda","2019",9
15,"Billings, Jack",18,8,11,29,0,0,0,1,2,4,3,3,0,0,0,7,22,1,0,0,0,2,85,-41,"St Kilda","2019",9
22,"Brown, Nathan",5,4,3,8,0,0,0,2,2,1,1,1,0,1,0,3,7,0,0,13,0,0,88,-41,"St Kilda","2019",9
27,"Bruce, Josh",5,3,2,7,1,0,0,3,0,0,0,1,2,0,0,5,4,0,2,1,0,0,91,-41,"St Kilda","2019",9
7,"Dunstan, Luke",15,1,15,30,0,0,0,5,0,5,9,3,2,0,0,17,13,0,0,0,2,2,73,-41,"St Kilda","2019",9
4,"Gresham, Jade",13,3,10,23,0,0,0,3,0,9,5,1,1,0,0,9,13,0,0,0,1,1,77,-41,"St Kilda","2019",9
25,"Kent, Dean",8,6,3,11,0,1,0,5,0,5,0,1,0,0,0,5,6,1,1,1,0,0,80,-41,"St Kilda","2019",9
43,"Marsh, Jonathon",9,6,3,12,0,0,0,2,4,2,0,3,0,2,0,7,7,3,0,2,0,0,86,-41,"St Kilda","2019",9
19,"Marshall, Rowan",7,3,9,16,1,0,24,2,1,2,5,3,1,2,0,11,5,1,1,2,0,0,86,-41,"St Kilda","2019",9
36,"McKenzie, Daniel",8,5,6,14,0,0,0,1,1,2,0,4,0,2,0,4,13,1,0,1,0,0,86,-41,"St Kilda","2019",9
28,"Membrey, Tim",6,6,5,11,4,0,0,4,0,1,1,1,0,0,0,4,8,1,3,3,0,0,86,-41,"St Kilda","2019",9
16,"Newnes, Jack",6,3,5,11,0,1,0,4,2,1,1,2,0,1,0,5,6,0,1,0,0,0,85,-41,"St Kilda","2019",9
34,"Parker, Matthew",5,1,3,8,0,0,0,5,2,1,0,5,0,4,0,3,7,0,0,0,0,0,71,-41,"St Kilda","2019",9
33,"Paton, Ben",7,2,4,11,0,0,0,3,2,0,0,2,1,1,0,3,8,0,0,1,0,0,68,-41,"St Kilda","2019",9
30,"Phillips, Ed",6,3,7,13,0,0,0,0,1,0,0,1,1,1,0,6,8,0,0,0,0,0,64,-41,"St Kilda","2019",9
6,"Ross, Sebastian",13,1,9,22,0,1,0,4,1,3,2,4,0,2,0,7,17,0,1,1,0,0,94,-41,"St Kilda","2019",9
5,"Savage, Shane",16,4,9,25,1,2,0,4,5,6,2,1,1,0,0,5,16,0,0,5,0,1,96,-41,"St Kilda","2019",9
35,"Sinclair, Jack",8,3,6,14,0,2,0,4,0,4,1,3,0,1,0,6,7,0,0,1,1,1,85,-41,"St Kilda","2019",9
9,"Steele, Jack",6,4,19,25,0,0,0,7,1,1,4,2,0,1,0,9,17,0,0,1,0,0,86,-41,"St Kilda","2019",9
44,"Wilkie, Callum",9,6,4,13,0,0,0,2,3,0,0,3,0,1,0,4,8,2,0,0,0,0,90,-41,"St Kilda","2019",9
41,"Young, Robbie",6,2,2,8,2,1,0,4,0,3,0,2,1,1,0,2,5,0,0,1,0,2,73,-41,"St Kilda","2019",9
0,"Rushed",0,0,0,0,0,2,0,0,0,0,0,0,0,0,0,0,0,0,0,0,0,0,0,-41,"St Kilda","2019",9
