"Number","Player","Kicks","Marks","Handballs","Disposals","Goals","Behinds","Hitouts","Tackles","Rebounds50s","Inside50s","Clearances","Clangers","FreesFor","FreesAgainst","BrownlowVotes","ContestedPossessions","UncontestedPossessions","ContestedMarks","MarksInside50","OnePercenters","Bounces","GoalAssists","PercentagePlayed","PointDifference","Team","Season","Round"
13,"Adams, Taylor",17,4,9,26,0,0,0,0,0,7,4,1,4,1,0,10,16,0,0,0,1,3,79,-22,"Collingwood","2019",3
14,"Aish, James",10,6,11,21,0,0,0,1,5,1,1,3,1,0,0,2,19,0,0,2,0,0,75,-22,"Collingwood","2019",3
11,"Beams, Dayne",11,4,15,26,1,0,0,1,2,2,1,2,1,0,0,8,19,0,0,0,0,1,85,-22,"Collingwood","2019",3
46,"Cox, Mason",5,3,2,7,1,1,2,1,1,1,2,2,3,1,0,6,3,1,1,3,0,0,88,-22,"Collingwood","2019",3
25,"Crisp, Jack",6,3,9,15,0,0,0,1,3,1,2,1,0,0,0,5,9,1,0,2,0,0,83,-22,"Collingwood","2019",3
2,"de Goey, Jordan",15,7,3,18,3,1,0,3,1,1,0,4,4,0,0,9,8,1,3,1,0,0,82,-22,"Collingwood","2019",3
5,"Elliott, Jamie",6,4,0,6,1,0,0,0,0,3,0,0,1,0,0,2,4,0,2,1,1,0,75,-22,"Collingwood","2019",3
19,"Greenwood, Levi",3,0,3,6,0,1,0,3,0,2,0,3,0,2,0,4,3,0,0,1,1,0,66,-22,"Collingwood","2019",3
4,"Grundy, Brodie",6,4,16,22,0,0,40,5,2,1,11,6,3,1,0,13,9,0,0,3,1,0,85,-22,"Collingwood","2019",3
38,"Howe, Jeremy",18,7,3,21,0,0,0,1,7,0,0,2,2,0,0,7,11,2,0,9,0,0,91,-22,"Collingwood","2019",3
8,"Langdon, Tom",11,6,8,19,0,0,0,1,1,0,0,2,1,2,0,3,15,0,0,5,0,0,86,-22,"Collingwood","2019",3
37,"Maynard, Brayden",15,11,8,23,0,0,0,4,1,3,2,2,1,1,0,6,15,1,0,1,1,1,82,-22,"Collingwood","2019",3
16,"Mayne, Chris",13,8,11,24,0,1,0,2,0,2,2,0,3,0,0,7,15,1,1,1,0,0,86,-22,"Collingwood","2019",3
41,"Mihocek, Brody",9,9,4,13,1,1,0,1,0,1,0,4,1,3,0,5,9,2,2,0,0,0,84,-22,"Collingwood","2019",3
30,"Moore, Darcy",9,6,8,17,0,0,0,3,3,2,0,5,0,4,0,5,10,1,0,7,1,0,89,-22,"Collingwood","2019",3
10,"Pendlebury, Scott",10,6,11,21,0,0,0,3,0,6,4,2,0,1,0,6,16,0,0,1,0,1,74,-22,"Collingwood","2019",3
21,"Phillips, Tom",10,3,4,14,0,1,0,1,1,2,1,1,0,1,0,6,9,1,1,0,0,0,79,-22,"Collingwood","2019",3
23,"Roughead, Jordan",4,3,5,9,0,0,0,1,0,0,0,0,0,0,0,4,5,1,0,8,0,0,90,-22,"Collingwood","2019",3
22,"Sidebottom, Steele",13,7,12,25,1,0,0,4,4,2,3,0,1,0,0,9,17,1,1,3,1,0,88,-22,"Collingwood","2019",3
1,"Stephenson, Jaidyn",10,4,4,14,0,1,0,2,2,3,0,2,1,0,0,3,10,1,1,0,1,1,78,-22,"Collingwood","2019",3
24,"Thomas, Josh",7,2,5,12,1,1,0,1,1,0,1,2,0,0,0,5,7,0,1,0,0,0,79,-22,"Collingwood","2019",3
7,"Treloar, Adam",11,8,14,25,2,1,0,2,0,2,2,5,1,3,0,10,16,0,1,0,0,0,76,-22,"Collingwood","2019",3
0,"Rushed",0,0,0,0,0,1,0,0,0,0,0,0,0,0,0,0,0,0,0,0,0,0,0,-22,"Collingwood","2019",3
12,"Allen, Oscar",5,4,2,7,1,0,0,3,0,2,0,1,1,1,0,4,4,1,2,2,0,0,77,22,"West Coast","2019",3
37,"Barrass, Tom",9,8,2,11,0,0,0,0,3,0,0,2,1,1,0,3,8,1,0,9,0,0,85,22,"West Coast","2019",3
28,"Cole, Tom",7,6,3,10,0,0,0,5,1,0,1,2,1,1,0,2,7,1,0,3,0,0,84,22,"West Coast","2019",3
15,"Cripps, Jamie",10,3,8,18,4,0,0,1,1,6,0,3,1,2,1,9,10,0,0,1,0,1,77,22,"West Coast","2019",3
27,"Darling, Jack",5,1,2,7,1,0,0,2,0,3,0,2,0,1,0,4,2,1,0,2,0,1,95,22,"West Coast","2019",3
3,"Gaff, Andrew",19,5,16,35,0,0,0,1,1,4,5,6,1,4,3,13,23,0,0,0,0,0,84,22,"West Coast","2019",3
16,"Hickey, Tom",5,3,7,12,1,0,7,0,0,1,5,4,0,2,0,8,4,0,1,1,0,0,66,22,"West Coast","2019",3
25,"Hurn, Shannon",20,6,8,28,0,0,0,0,3,1,0,2,1,2,0,7,15,0,0,2,0,0,90,22,"West Coast","2019",3
34,"Hutchings, Mark",5,1,5,10,0,1,0,1,0,1,3,3,0,2,0,6,6,0,0,1,0,0,80,22,"West Coast","2019",3
23,"Jetta, Lewis",15,7,4,19,0,0,0,0,3,2,2,3,0,2,0,5,13,0,0,1,2,1,87,22,"West Coast","2019",3
17,"Kennedy, Josh",6,4,4,10,3,1,1,0,0,0,1,2,3,2,0,8,4,2,3,2,0,2,79,22,"West Coast","2019",3
7,"Masten, Chris",8,5,3,11,0,0,0,2,3,1,0,3,0,1,0,1,11,0,0,0,0,1,84,22,"West Coast","2019",3
20,"McGovern, Jeremy",8,7,3,11,0,0,0,0,0,1,0,1,1,0,0,4,7,1,1,6,0,0,86,22,"West Coast","2019",3
21,"Petruccelle, Jack",13,5,1,14,1,2,0,2,1,4,0,1,0,1,0,5,7,1,0,0,0,1,78,22,"West Coast","2019",3
8,"Redden, Jack",9,2,8,17,0,0,0,2,2,1,5,1,0,1,0,8,9,0,1,2,0,0,80,22,"West Coast","2019",3
35,"Rotham, Josh",7,4,2,9,0,0,0,2,5,1,0,2,1,1,0,4,6,0,0,4,0,0,75,22,"West Coast","2019",3
1,"Ryan, Liam",8,3,3,11,1,0,0,1,1,2,2,4,1,1,0,7,6,1,2,3,0,3,80,22,"West Coast","2019",3
4,"Sheed, Dom",14,5,10,24,3,0,0,0,0,4,3,2,1,1,2,7,16,0,2,0,0,0,80,22,"West Coast","2019",3
5,"Sheppard, Brad",16,13,2,18,0,0,0,1,4,2,0,0,0,0,0,1,18,1,0,3,0,0,92,22,"West Coast","2019",3
13,"Shuey, Luke",20,3,4,24,0,0,0,6,1,9,7,4,3,1,0,7,16,0,0,2,0,2,79,22,"West Coast","2019",3
19,"Vardy, Nathan",2,0,3,5,0,0,11,6,0,1,1,1,3,1,0,5,2,0,0,2,0,0,80,22,"West Coast","2019",3
6,"Yeo, Elliot",9,2,12,21,0,1,0,3,1,4,4,0,1,0,0,8,12,0,0,0,0,0,81,22,"West Coast","2019",3
0,"Rushed",0,0,0,0,0,3,0,0,0,0,0,0,0,0,0,0,0,0,0,0,0,0,0,22,"West Coast","2019",3
