"Number","Player","Kicks","Marks","Handballs","Disposals","Goals","Behinds","Hitouts","Tackles","Rebounds50s","Inside50s","Clearances","Clangers","FreesFor","FreesAgainst","BrownlowVotes","ContestedPossessions","UncontestedPossessions","ContestedMarks","MarksInside50","OnePercenters","Bounces","GoalAssists","PercentagePlayed","PointDifference","Team","Season","Round"
41,"Casboult, Levi",14,10,6,20,0,0,4,4,2,1,4,3,0,2,0,13,8,6,0,10,0,0,95,10,"Carlton","2019",22
9,"Cripps, Patrick",5,1,17,22,0,0,0,6,0,2,5,5,2,3,0,15,7,0,0,2,0,1,88,10,"Carlton","2019",22
35,"Curnow, Ed",14,1,11,25,1,0,0,9,2,5,6,2,0,1,0,18,7,0,0,2,0,0,89,10,"Carlton","2019",22
47,"Deluca, Josh",7,3,8,15,1,1,0,4,0,3,0,2,0,1,0,5,10,1,1,1,0,0,73,10,"Carlton","2019",22
2,"Dow, Paddy",9,4,10,19,1,0,0,4,0,3,1,3,1,1,0,5,12,0,0,0,0,0,75,10,"Carlton","2019",22
25,"Fisher, Zac",4,0,8,12,0,0,0,5,0,4,1,1,0,1,0,3,9,0,0,1,0,1,83,10,"Carlton","2019",22
40,"Gibbons, Michael",15,4,2,17,0,1,0,0,1,4,1,3,2,0,0,3,13,0,0,1,1,0,64,10,"Carlton","2019",22
7,"Kennedy, Matthew",5,3,6,11,1,0,0,0,0,1,0,1,0,0,0,3,9,0,2,1,0,2,80,10,"Carlton","2019",22
8,"Kreuzer, Matthew",16,4,5,21,0,2,23,2,0,8,9,2,3,1,1,15,6,2,0,7,0,0,84,10,"Carlton","2019",22
16,"Lang, Darcy",7,5,1,8,1,1,0,3,0,1,1,1,1,0,0,2,8,0,2,0,0,0,79,10,"Carlton","2019",22
11,"McGovern, Mitch",9,7,3,12,3,1,0,0,0,4,0,2,1,0,0,4,7,1,3,1,1,1,69,10,"Carlton","2019",22
10,"McKay, Harry",14,11,1,15,1,3,1,1,1,3,0,3,1,2,0,6,9,5,4,0,0,0,85,10,"Carlton","2019",22
3,"Murphy, Marc",16,6,11,27,1,0,0,5,5,6,2,5,1,3,3,10,17,1,0,0,0,2,82,10,"Carlton","2019",22
24,"Newman, Nic",16,9,5,21,0,0,0,6,5,2,0,2,1,0,0,7,15,1,0,5,0,0,91,10,"Carlton","2019",22
4,"OBrien, Lochie",13,9,5,18,0,0,0,2,3,3,1,4,0,1,0,4,15,0,0,1,1,1,84,10,"Carlton","2019",22
5,"Petrevski-Seton, Sam",8,2,9,17,0,0,0,4,3,0,1,1,0,0,0,8,7,0,0,2,0,0,79,10,"Carlton","2019",22
20,"Plowman, Lachie",8,4,1,9,0,0,0,2,4,3,0,0,0,0,0,1,7,1,0,10,0,0,96,10,"Carlton","2019",22
43,"Setterfield, Will",6,3,2,8,0,0,0,1,2,0,0,1,0,0,0,2,6,1,0,2,0,0,76,10,"Carlton","2019",22
1,"Silvagni, Jack",8,4,8,16,1,1,0,3,0,2,0,3,1,2,0,4,12,0,1,0,0,0,84,10,"Carlton","2019",22
6,"Simpson, Kade",14,7,7,21,0,0,0,4,7,2,0,2,0,1,0,5,15,1,0,4,5,1,86,10,"Carlton","2019",22
39,"Thomas, Dale",12,4,7,19,0,0,0,3,7,0,0,1,0,1,0,7,9,0,0,5,0,0,78,10,"Carlton","2019",22
18,"Walsh, Sam",8,2,10,18,0,0,0,5,0,1,2,3,0,1,0,7,11,0,0,1,3,1,81,10,"Carlton","2019",22
0,"Rushed",0,0,0,0,0,2,0,0,0,0,0,0,0,0,0,0,0,0,0,0,0,0,0,10,"Carlton","2019",22
8,"Acres, Blake",11,3,10,21,0,1,0,2,0,5,4,2,3,0,0,8,13,1,0,1,1,0,77,-10,"St Kilda","2019",22
26,"Battle, Josh",8,4,8,16,0,0,0,2,3,0,1,2,0,1,0,7,9,1,0,11,0,0,83,-10,"St Kilda","2019",22
15,"Billings, Jack",17,7,9,26,1,1,0,2,2,7,3,1,0,0,0,4,21,0,1,2,0,1,91,-10,"St Kilda","2019",22
22,"Brown, Nathan",5,2,7,12,0,0,0,1,1,1,0,3,2,1,0,6,5,1,0,8,0,0,87,-10,"St Kilda","2019",22
27,"Bruce, Josh",9,5,7,16,0,1,2,1,1,2,2,1,1,1,0,9,8,2,2,2,0,1,92,-10,"St Kilda","2019",22
2,"Carlisle, Jake",6,3,3,9,1,0,1,0,3,0,0,0,1,0,0,3,4,0,0,5,0,0,81,-10,"St Kilda","2019",22
11,"Clark, Hunter",13,4,8,21,0,0,0,2,3,1,1,5,1,1,0,4,15,0,0,0,0,0,84,-10,"St Kilda","2019",22
7,"Dunstan, Luke",9,4,7,16,0,0,0,3,0,5,6,3,1,1,0,6,9,0,1,0,0,0,69,-10,"St Kilda","2019",22
10,"Hannebery, Dan",12,3,12,24,1,0,0,4,3,3,8,1,1,0,0,13,12,0,0,0,0,1,67,-10,"St Kilda","2019",22
40,"Hind, Nick",11,1,2,13,2,1,0,2,0,4,0,0,0,0,0,6,6,0,0,0,5,0,77,-10,"St Kilda","2019",22
21,"Long, Ben",5,5,4,9,1,1,0,1,1,3,0,2,2,1,0,6,7,0,0,3,1,0,77,-10,"St Kilda","2019",22
13,"Lonie, Jack",11,3,5,16,0,0,0,3,1,2,0,2,1,0,0,6,10,0,0,0,0,0,76,-10,"St Kilda","2019",22
19,"Marshall, Rowan",10,3,7,17,0,0,33,7,3,6,7,3,0,2,0,8,9,0,0,3,0,0,93,-10,"St Kilda","2019",22
28,"Membrey, Tim",13,10,2,15,3,2,0,1,0,1,0,0,2,0,0,7,9,3,5,2,0,0,88,-10,"St Kilda","2019",22
16,"Newnes, Jack",8,6,5,13,1,0,0,2,2,1,1,3,0,2,0,4,8,1,1,1,0,0,89,-10,"St Kilda","2019",22
33,"Paton, Ben",9,6,2,11,0,0,0,2,3,0,1,0,0,0,0,2,9,0,0,1,0,0,78,-10,"St Kilda","2019",22
6,"Ross, Sebastian",16,4,13,29,0,0,0,4,2,6,3,1,0,1,2,6,24,0,0,3,0,3,84,-10,"St Kilda","2019",22
5,"Savage, Shane",8,3,6,14,0,0,0,0,5,1,0,2,1,0,0,6,7,0,0,5,0,0,90,-10,"St Kilda","2019",22
35,"Sinclair, Jack",8,1,10,18,0,1,0,4,3,0,2,0,0,0,0,11,9,1,1,3,1,1,73,-10,"St Kilda","2019",22
9,"Steele, Jack",6,3,14,20,0,0,0,14,1,2,5,5,3,2,0,12,9,0,0,7,0,0,90,-10,"St Kilda","2019",22
3,"Steven, Jack",6,0,4,10,0,0,0,4,1,2,1,2,1,0,0,4,3,0,0,1,0,0,62,-10,"St Kilda","2019",22
44,"Wilkie, Callum",11,1,5,16,0,0,0,3,7,2,0,1,1,1,0,5,7,0,0,4,0,0,91,-10,"St Kilda","2019",22
0,"Totals",212,81,150,362,10,8,36,64,45,54,45,39,21,14,2,143,213,10,11,62,8,7,0,-10,"St Kilda","2019",22
