"Number","Player","Kicks","Marks","Handballs","Disposals","Goals","Behinds","Hitouts","Tackles","Rebounds50s","Inside50s","Clearances","Clangers","FreesFor","FreesAgainst","BrownlowVotes","ContestedPossessions","UncontestedPossessions","ContestedMarks","MarksInside50","OnePercenters","Bounces","GoalAssists","PercentagePlayed","PointDifference","Team","Season","Round"
21,"Atkins, Rory",9,2,9,18,0,1,0,2,0,3,2,2,0,0,0,5,15,0,0,0,2,0,85,17,"Adelaide","2019",7
18,"Betts, Eddie",7,2,5,12,1,2,0,5,0,1,0,2,0,0,0,10,2,2,2,0,0,1,81,17,"Adelaide","2019",7
2,"Crouch, Brad",11,2,20,31,0,0,0,4,2,3,6,5,1,1,0,12,17,0,0,0,0,0,79,17,"Adelaide","2019",7
5,"Crouch, Matt",18,4,21,39,0,0,0,3,2,2,4,2,0,0,2,13,26,0,0,1,0,0,82,17,"Adelaide","2019",7
28,"Ellis-Yolmen, Cam",14,2,19,33,0,0,0,5,0,5,4,2,1,0,0,15,18,0,0,1,1,0,81,17,"Adelaide","2019",7
7,"Gallucci, Jordan",9,1,3,12,0,0,0,1,0,0,4,0,0,0,0,5,6,0,1,1,0,0,68,17,"Adelaide","2019",7
6,"Gibbs, Bryce",8,1,5,13,0,0,0,4,4,1,0,1,0,0,0,2,10,0,0,2,0,0,85,17,"Adelaide","2019",7
1,"Greenwood, Hugh",10,0,12,22,1,1,0,7,1,3,3,0,0,0,0,13,8,0,0,0,0,0,71,17,"Adelaide","2019",7
15,"Hartigan, Kyle",10,4,6,16,0,0,0,2,6,0,1,1,2,0,0,6,10,1,0,6,0,0,93,17,"Adelaide","2019",7
34,"Himmelberg, Elliott",9,6,4,13,1,0,8,2,0,4,1,3,1,0,0,8,7,2,1,2,0,0,84,17,"Adelaide","2019",7
42,"Keath, Alex",10,3,8,18,1,0,0,0,4,1,0,1,1,1,0,4,12,0,0,7,0,0,88,17,"Adelaide","2019",7
8,"Kelly, Jake",9,6,9,18,0,0,0,0,2,1,0,2,0,0,0,8,9,2,0,3,0,0,78,17,"Adelaide","2019",7
3,"Knight, Riley",11,4,5,16,0,0,0,6,1,4,1,5,0,0,0,5,10,0,0,0,0,0,75,17,"Adelaide","2019",7
29,"Laird, Rory",10,5,22,32,0,0,0,2,5,1,1,3,1,1,0,10,22,0,0,1,0,0,89,17,"Adelaide","2019",7
27,"Lynch, Tom",18,8,11,29,0,2,0,1,1,3,3,2,0,0,0,11,18,2,0,0,0,1,85,17,"Adelaide","2019",7
14,"Mackay, David",7,2,7,14,0,0,0,2,3,2,2,0,0,0,0,5,8,0,0,1,0,1,80,17,"Adelaide","2019",7
44,"Murphy, Lachlan",8,3,2,10,1,1,0,1,0,1,0,0,3,0,0,5,5,0,1,1,0,1,72,17,"Adelaide","2019",7
43,"OBrien, Reilly",7,5,15,22,0,1,44,3,0,2,4,2,0,1,0,13,9,3,1,3,0,0,85,17,"Adelaide","2019",7
9,"Sloane, Rory",14,4,19,33,0,0,0,4,3,5,9,2,0,1,0,15,19,1,1,3,0,0,80,17,"Adelaide","2019",7
33,"Smith, Brodie",14,3,11,25,1,0,0,1,6,6,0,3,0,1,0,7,16,0,0,5,4,0,82,17,"Adelaide","2019",7
12,"Talia, Daniel",6,3,6,12,0,0,0,1,4,0,0,0,0,0,0,5,7,0,0,16,0,0,91,17,"Adelaide","2019",7
13,"Walker, Taylor",6,2,5,11,1,0,0,2,0,2,0,5,0,4,0,6,7,0,1,0,0,0,87,17,"Adelaide","2019",7
0,"Rushed",0,0,0,0,0,1,0,0,0,0,0,0,0,0,0,0,0,0,0,0,0,0,0,17,"Adelaide","2019",7
8,"Brayshaw, Andrew",9,3,12,21,0,0,0,3,2,3,4,2,0,0,0,7,14,1,0,1,0,0,60,-17,"Fremantle","2019",7
5,"Cerra, Adam",14,4,11,25,0,0,0,2,1,5,3,4,0,0,0,8,17,2,0,6,1,0,71,-17,"Fremantle","2019",7
33,"Colyer, Travis",6,3,5,11,0,0,0,4,1,1,1,1,1,0,0,6,6,0,0,2,0,0,75,-17,"Fremantle","2019",7
6,"Conca, Reece",16,5,6,22,0,0,0,7,5,3,3,2,1,0,0,9,12,0,0,3,0,0,76,-17,"Fremantle","2019",7
7,"Fyfe, Nat",16,5,16,32,0,0,0,8,1,5,7,6,0,1,3,19,16,1,1,0,1,0,84,-17,"Fremantle","2019",7
21,"Hamling, Joel",8,6,6,14,0,0,0,1,4,0,0,3,0,1,0,2,11,0,0,12,0,0,77,-17,"Fremantle","2019",7
9,"Hill, Bradley",11,2,7,18,1,0,0,4,2,1,2,4,0,0,0,4,14,0,0,5,0,1,83,-17,"Fremantle","2019",7
11,"Hogan, Jesse",7,6,4,11,0,1,1,0,0,1,0,2,0,0,0,3,8,1,3,2,0,0,89,-17,"Fremantle","2019",7
15,"Hughes, Ethan",6,1,9,15,0,0,0,1,1,1,0,0,0,0,0,7,10,0,0,9,0,0,87,-17,"Fremantle","2019",7
26,"Langdon, Ed",13,8,14,27,0,0,0,2,1,5,5,0,0,0,0,11,16,1,0,1,2,0,81,-17,"Fremantle","2019",7
37,"Lobb, Rory",6,4,4,10,0,1,30,1,2,4,3,0,1,0,0,7,5,3,1,6,0,0,86,-17,"Fremantle","2019",7
3,"Matera, Brandon",7,4,6,13,0,0,0,2,1,1,0,5,0,3,0,4,8,0,0,0,0,1,80,-17,"Fremantle","2019",7
23,"McCarthy, Cam",2,2,5,7,0,0,0,2,0,1,0,0,0,0,0,4,5,0,0,1,0,0,84,-17,"Fremantle","2019",7
16,"Mundy, David",13,2,22,35,0,0,0,6,1,4,7,1,2,1,1,20,19,0,0,4,0,2,69,-17,"Fremantle","2019",7
43,"Nyhuis, Ryan",9,6,8,17,0,0,0,3,1,3,0,0,0,0,0,9,8,2,0,7,0,0,91,-17,"Fremantle","2019",7
25,"Pearce, Alex",9,6,7,16,0,0,0,3,4,0,0,1,2,0,0,10,7,3,0,6,0,0,90,-17,"Fremantle","2019",7
38,"Ryan, Luke",21,6,13,34,0,0,0,2,6,2,3,1,0,1,0,11,19,1,0,6,2,0,92,-17,"Fremantle","2019",7
39,"Switkowski, Sam",0,1,5,5,0,0,0,6,0,0,0,2,0,1,0,2,3,0,0,2,0,0,71,-17,"Fremantle","2019",7
20,"Taberner, Matthew",7,6,2,9,1,1,3,1,1,0,3,0,0,0,0,5,5,1,2,2,0,0,91,-17,"Fremantle","2019",7
18,"Tucker, Darcy",8,1,10,18,2,0,0,3,1,3,0,2,0,0,0,5,16,0,0,3,0,0,85,-17,"Fremantle","2019",7
10,"Walters, Michael",12,1,10,22,1,0,0,2,1,1,2,2,2,0,0,6,15,0,1,1,1,0,89,-17,"Fremantle","2019",7
14,"Wilson, Nathan",19,2,3,22,0,0,0,2,5,6,0,5,1,2,0,6,13,0,0,4,0,0,91,-17,"Fremantle","2019",7
0,"Rushed",0,0,0,0,0,1,0,0,0,0,0,0,0,0,0,0,0,0,0,0,0,0,0,-17,"Fremantle","2019",7
