"Number","Player","Kicks","Marks","Handballs","Disposals","Goals","Behinds","Hitouts","Tackles","Rebounds50s","Inside50s","Clearances","Clangers","FreesFor","FreesAgainst","BrownlowVotes","ContestedPossessions","UncontestedPossessions","ContestedMarks","MarksInside50","OnePercenters","Bounces","GoalAssists","PercentagePlayed","PointDifference","Team","Season","Round"
10,"Brayshaw, Angus",17,4,9,26,1,1,0,3,2,3,8,4,3,1,0,16,11,0,1,1,0,0,78,-26,"Melbourne","2019",1
31,"Fritsch, Bayley",7,4,7,14,1,0,0,2,1,1,2,2,0,0,0,8,8,1,2,2,0,0,83,-26,"Melbourne","2019",1
17,"Frost, Sam",4,3,5,9,0,0,0,2,3,1,0,6,2,5,0,4,7,0,0,2,2,0,86,-26,"Melbourne","2019",1
11,"Gawn, Max",7,3,6,13,0,0,21,2,1,3,2,2,3,2,0,10,4,1,0,4,0,0,86,-26,"Melbourne","2019",1
4,"Harmes, James",12,5,11,23,0,1,0,4,1,3,6,2,1,0,0,13,10,1,0,2,0,1,75,-26,"Melbourne","2019",1
14,"Hibberd, Michael",14,5,1,15,0,0,0,1,5,4,0,3,2,1,0,6,9,0,0,4,0,0,82,-26,"Melbourne","2019",1
34,"Hore, Marty",7,2,7,14,0,0,0,1,2,0,0,3,0,1,0,7,7,0,0,2,0,0,82,-26,"Melbourne","2019",1
29,"Hunt, Jayden",5,0,9,14,0,0,0,4,2,1,1,3,2,0,0,9,5,0,0,1,2,0,92,-26,"Melbourne","2019",1
39,"Jetta, Neville",4,3,6,10,0,0,0,2,2,2,0,3,1,2,0,4,5,0,0,4,1,0,78,-26,"Melbourne","2019",1
2,"Jones, Nathan",12,6,7,19,1,0,0,1,4,2,1,4,0,0,0,3,14,0,1,1,1,0,74,-26,"Melbourne","2019",1
28,"McDonald, Oscar",4,1,1,5,0,0,0,1,3,0,0,2,0,0,0,1,3,0,0,3,0,0,92,-26,"Melbourne","2019",1
25,"McDonald, Tom",4,4,4,8,1,0,3,1,1,1,0,1,0,1,0,5,3,2,2,2,0,1,80,-26,"Melbourne","2019",1
18,"Melksham, Jake",15,8,1,16,2,0,0,1,0,4,0,5,0,2,0,2,17,0,3,3,0,4,84,-26,"Melbourne","2019",1
30,"Neal-Bullen, Alex",9,2,6,15,0,2,0,5,0,1,2,2,1,0,0,9,8,0,2,1,0,0,89,-26,"Melbourne","2019",1
13,"Oliver, Clayton",13,1,10,23,0,0,0,3,5,5,5,5,2,1,0,11,11,0,0,0,0,0,78,-26,"Melbourne","2019",1
5,"Petracca, Christian",5,3,10,15,1,1,0,3,0,2,2,4,0,3,0,9,8,0,1,1,0,0,84,-26,"Melbourne","2019",1
3,"Salem, Christian",30,5,2,32,0,0,0,4,12,2,1,1,3,0,0,9,14,0,0,4,0,0,87,-26,"Melbourne","2019",1
9,"Spargo, Charlie",6,7,5,11,0,0,0,0,0,2,0,2,0,0,0,2,10,0,1,1,0,1,84,-26,"Melbourne","2019",1
32,"Sparrow, Tom",12,1,2,14,1,0,0,3,1,2,3,2,3,0,0,6,7,0,0,0,0,0,70,-26,"Melbourne","2019",1
7,"Viney, Jack",6,1,4,10,0,0,0,4,0,3,0,2,2,0,0,3,7,0,0,3,0,0,67,-26,"Melbourne","2019",1
40,"Wagner, Corey",11,4,3,14,0,0,0,4,1,1,0,2,2,1,0,8,7,1,0,0,1,0,75,-26,"Melbourne","2019",1
26,"Weideman, Sam",6,4,7,13,1,1,5,2,0,2,0,2,1,0,0,5,8,2,1,0,0,1,93,-26,"Melbourne","2019",1
0,"Rushed",0,0,0,0,0,1,0,0,0,0,0,0,0,0,0,0,0,0,0,0,0,0,0,-26,"Melbourne","2019",1
15,"Amon, Karl",7,3,14,21,0,0,0,2,1,1,0,1,0,0,0,4,17,1,0,1,0,1,82,26,"Port Adelaide","2019",1
10,"Boak, Travis",17,9,17,34,1,2,0,8,2,7,5,7,1,3,2,11,22,0,1,0,0,0,78,26,"Port Adelaide","2019",1
26,"Bonner, Riley",11,4,7,18,0,0,0,3,4,5,0,0,1,0,0,8,10,0,0,2,0,1,84,26,"Port Adelaide","2019",1
3,"Burton, Ryan",19,3,7,26,0,2,0,5,4,5,1,4,0,3,0,4,20,0,1,0,0,1,80,26,"Port Adelaide","2019",1
18,"Butters, Zak",7,2,6,13,2,0,0,3,1,0,1,3,1,0,0,4,9,0,0,2,3,0,84,26,"Port Adelaide","2019",1
33,"Byrne-Jones, Darcy",11,5,8,19,0,0,0,2,1,1,0,4,0,1,0,7,14,1,0,4,0,0,79,26,"Port Adelaide","2019",1
17,"Clurey, Tom",11,3,4,15,0,0,0,1,5,0,0,1,0,0,0,5,7,1,0,4,0,0,90,26,"Port Adelaide","2019",1
28,"Drew, Willem",10,5,11,21,0,0,0,5,1,3,4,2,2,1,0,10,14,0,0,2,0,1,81,26,"Port Adelaide","2019",1
21,"Duursma, Xavier",9,5,7,16,1,1,0,2,0,1,0,1,0,0,0,3,13,0,1,1,0,1,77,26,"Port Adelaide","2019",1
7,"Ebert, Brad",12,9,11,23,1,0,0,6,0,4,1,3,0,2,0,7,18,2,2,3,1,0,81,26,"Port Adelaide","2019",1
9,"Gray, Robbie",10,4,13,23,1,3,0,2,0,5,3,4,3,3,0,10,14,0,2,0,1,1,90,26,"Port Adelaide","2019",1
43,"Houston, Dan",10,3,6,16,0,0,0,4,4,2,1,0,0,0,0,6,7,2,0,1,0,0,80,26,"Port Adelaide","2019",1
42,"Jonas, Tom",6,2,6,12,0,0,0,2,0,1,0,1,1,1,0,4,8,0,0,9,0,0,98,26,"Port Adelaide","2019",1
29,"Lycett, Scott",3,0,7,10,0,0,16,1,2,2,4,1,1,0,0,8,3,0,0,4,0,1,77,26,"Port Adelaide","2019",1
13,"Marshall, Todd",8,4,2,10,1,1,0,0,1,1,0,1,3,0,0,2,8,0,1,1,0,1,72,26,"Port Adelaide","2019",1
6,"Motlop, Steven",10,3,9,19,0,0,0,1,1,5,0,1,1,0,0,6,12,0,0,1,2,0,77,26,"Port Adelaide","2019",1
2,"Powell-Pepper, Sam",12,3,8,20,0,3,0,2,1,3,2,7,1,4,0,9,11,1,1,1,1,0,79,26,"Port Adelaide","2019",1
11,"Rockliff, Tom",24,10,20,44,0,0,0,8,3,2,4,6,1,3,1,12,31,0,0,0,0,0,81,26,"Port Adelaide","2019",1
20,"Rozee, Connor",6,5,12,18,0,0,0,5,0,3,1,3,1,3,0,6,13,0,1,2,0,0,75,26,"Port Adelaide","2019",1
4,"Ryder, Paddy",4,2,4,8,0,1,16,1,0,4,2,2,2,1,0,7,1,1,0,2,0,2,81,26,"Port Adelaide","2019",1
23,"Watts, Jack",12,9,10,22,0,0,0,3,4,1,1,4,0,1,0,7,14,2,0,5,0,0,89,26,"Port Adelaide","2019",1
39,"Westhoff, Justin",12,9,6,18,5,0,0,5,0,3,0,4,1,2,3,11,10,1,5,4,0,0,85,26,"Port Adelaide","2019",1
0,"Rushed",0,0,0,0,0,2,0,0,0,0,0,0,0,0,0,0,0,0,0,0,0,0,0,26,"Port Adelaide","2019",1
