"Number","Player","Kicks","Marks","Handballs","Disposals","Goals","Behinds","Hitouts","Tackles","Rebounds50s","Inside50s","Clearances","Clangers","FreesFor","FreesAgainst","BrownlowVotes","ContestedPossessions","UncontestedPossessions","ContestedMarks","MarksInside50","OnePercenters","Bounces","GoalAssists","PercentagePlayed","PointDifference","Team","Season","Round"
41,"Casboult, Levi",8,3,4,12,0,2,9,2,1,1,3,4,1,2,0,6,7,0,1,2,0,0,86,-24,"Carlton","2019",20
9,"Cripps, Patrick",8,3,16,24,0,0,0,3,0,2,10,6,1,1,0,15,11,0,0,3,0,0,88,-24,"Carlton","2019",20
35,"Curnow, Ed",9,0,9,18,0,0,0,8,1,1,4,1,2,0,0,9,8,0,0,1,0,2,82,-24,"Carlton","2019",20
47,"Deluca, Josh",4,0,7,11,0,0,0,3,0,2,2,1,0,0,0,8,3,0,0,2,0,0,78,-24,"Carlton","2019",20
25,"Fisher, Zac",5,0,6,11,0,0,0,0,1,2,1,2,1,1,0,4,8,0,0,1,0,1,75,-24,"Carlton","2019",20
40,"Gibbons, Michael",12,4,3,15,3,1,0,0,0,3,3,4,1,2,0,8,7,1,1,1,0,0,79,-24,"Carlton","2019",20
45,"Goddard, Hugh",7,3,2,9,0,0,0,0,0,0,0,1,0,0,0,2,7,0,0,3,0,0,80,-24,"Carlton","2019",20
7,"Kennedy, Matthew",2,1,5,7,0,1,0,1,0,0,1,1,0,1,0,3,5,0,0,0,0,1,73,-24,"Carlton","2019",20
16,"Lang, Darcy",3,2,2,5,1,0,0,3,0,0,1,2,0,0,0,3,2,0,1,3,0,0,74,-24,"Carlton","2019",20
10,"McKay, Harry",14,11,4,18,1,2,0,0,0,3,1,1,2,0,0,8,10,2,1,1,0,0,91,-24,"Carlton","2019",20
3,"Murphy, Marc",14,8,11,25,1,0,0,4,2,8,5,4,2,1,0,8,18,0,0,0,0,1,84,-24,"Carlton","2019",20
24,"Newman, Nic",17,11,7,24,4,0,0,3,6,2,0,1,1,0,0,6,18,0,1,3,2,0,78,-24,"Carlton","2019",20
4,"OBrien, Lochie",14,6,4,18,0,0,0,1,2,5,1,2,0,0,0,2,16,1,0,0,0,1,74,-24,"Carlton","2019",20
5,"Petrevski-Seton, Sam",16,5,6,22,0,0,0,4,3,1,1,3,1,1,0,8,12,1,0,3,0,0,85,-24,"Carlton","2019",20
34,"Phillips, Andrew",7,2,4,11,0,1,30,1,0,3,3,3,3,2,0,9,2,2,0,5,0,0,74,-24,"Carlton","2019",20
20,"Plowman, Lachie",8,4,2,10,0,0,0,2,2,2,0,0,1,0,0,3,5,0,0,12,0,0,95,-24,"Carlton","2019",20
19,"Schumacher, Angus",10,4,3,13,0,0,0,0,3,1,0,2,1,2,0,2,12,0,0,1,0,0,79,-24,"Carlton","2019",20
43,"Setterfield, Will",13,5,6,19,0,0,0,1,2,2,3,2,1,0,0,5,14,0,0,1,0,0,79,-24,"Carlton","2019",20
1,"Silvagni, Jack",11,5,7,18,0,0,0,3,0,6,1,7,1,1,0,8,11,1,0,1,0,2,81,-24,"Carlton","2019",20
6,"Simpson, Kade",20,8,5,25,0,0,0,2,7,0,0,6,1,3,0,5,16,0,0,0,4,0,88,-24,"Carlton","2019",20
18,"Walsh, Sam",13,7,18,31,1,0,0,0,2,3,4,2,1,0,2,10,21,0,0,2,0,0,81,-24,"Carlton","2019",20
23,"Weitering, Jacob",11,9,4,15,0,0,0,2,3,1,0,0,0,0,0,4,10,2,0,5,0,0,95,-24,"Carlton","2019",20
0,"Rushed",0,0,0,0,0,2,0,0,0,0,0,0,0,0,0,0,0,0,0,0,0,0,0,-24,"Carlton","2019",20
12,"Allen, Oscar",6,2,9,15,1,1,7,1,2,2,1,0,1,0,0,3,11,0,1,5,0,1,73,24,"West Coast","2019",20
37,"Barrass, Tom",11,6,1,12,0,0,0,0,5,0,0,1,2,1,0,4,8,2,0,7,0,0,83,24,"West Coast","2019",20
39,"Cameron, Jarrod",5,3,3,8,1,0,0,3,0,2,1,1,1,1,0,3,6,0,0,1,3,1,70,24,"West Coast","2019",20
27,"Darling, Jack",10,5,3,13,2,2,1,1,0,1,2,1,1,1,0,7,5,2,2,3,0,1,90,24,"West Coast","2019",20
3,"Gaff, Andrew",18,7,10,28,0,0,0,3,1,6,1,3,0,0,0,4,24,0,0,0,3,2,88,24,"West Coast","2019",20
16,"Hickey, Tom",7,5,12,19,0,0,23,2,1,3,7,4,1,3,0,12,7,3,1,0,0,0,75,24,"West Coast","2019",20
25,"Hurn, Shannon",18,7,3,21,0,0,0,0,4,1,0,4,1,1,0,3,15,0,0,4,1,0,78,24,"West Coast","2019",20
23,"Jetta, Lewis",10,3,4,14,0,0,0,1,3,1,0,0,0,0,0,2,9,0,0,2,0,0,81,24,"West Coast","2019",20
17,"Kennedy, Josh",4,3,1,5,1,3,0,2,0,0,0,1,0,0,0,2,3,0,3,0,0,0,81,24,"West Coast","2019",20
7,"Masten, Chris",10,5,9,19,0,0,0,1,3,3,0,1,0,0,0,1,18,0,0,0,0,0,86,24,"West Coast","2019",20
20,"McGovern, Jeremy",14,13,4,18,0,0,0,1,7,1,0,1,1,1,0,8,9,4,0,1,2,0,85,24,"West Coast","2019",20
30,"Nelson, Jackson",8,5,5,13,0,0,0,0,3,1,0,0,1,0,0,6,7,0,0,0,0,0,83,24,"West Coast","2019",20
21,"Petruccelle, Jack",11,7,4,15,1,0,0,1,0,2,3,4,0,2,0,4,10,1,2,1,0,1,75,24,"West Coast","2019",20
8,"Redden, Jack",9,4,12,21,0,0,0,8,0,3,5,2,1,1,0,11,11,1,0,2,0,0,87,24,"West Coast","2019",20
44,"Rioli, Willie",4,1,6,10,1,0,0,2,0,1,0,1,0,0,0,4,6,0,0,3,1,2,82,24,"West Coast","2019",20
1,"Ryan, Liam",15,4,1,16,4,0,0,1,0,5,0,5,1,2,0,9,9,2,2,0,1,0,77,24,"West Coast","2019",20
31,"Schofield, Will",5,3,3,8,0,0,0,1,1,1,0,2,0,2,0,2,6,0,0,4,0,0,96,24,"West Coast","2019",20
4,"Sheed, Dom",11,3,7,18,0,1,0,0,2,4,4,6,1,3,0,9,11,0,0,0,1,0,78,24,"West Coast","2019",20
5,"Sheppard, Brad",16,8,6,22,0,0,0,1,3,2,0,0,1,0,0,1,21,0,0,2,1,0,92,24,"West Coast","2019",20
13,"Shuey, Luke",16,4,11,27,2,0,0,2,0,5,3,4,0,0,3,5,21,0,0,0,0,0,79,24,"West Coast","2019",20
2,"Waterman, Jake",8,7,6,14,2,0,0,1,1,2,0,0,1,0,0,3,11,0,3,1,0,1,79,24,"West Coast","2019",20
6,"Yeo, Elliot",15,6,10,25,0,0,0,10,1,4,5,6,3,3,1,16,11,3,0,6,0,1,80,24,"West Coast","2019",20
0,"Rushed",0,0,0,0,0,2,0,0,0,0,0,0,0,0,0,0,0,0,0,0,0,0,0,24,"West Coast","2019",20
