"Number","Player","Kicks","Marks","Handballs","Disposals","Goals","Behinds","Hitouts","Tackles","Rebounds50s","Inside50s","Clearances","Clangers","FreesFor","FreesAgainst","BrownlowVotes","ContestedPossessions","UncontestedPossessions","ContestedMarks","MarksInside50","OnePercenters","Bounces","GoalAssists","PercentagePlayed","PointDifference","Team","Season","Round"
41,"Casboult, Levi",11,6,1,12,0,1,5,0,0,7,1,1,0,1,0,7,4,3,1,1,0,1,86,-19,"Carlton","2019",3
9,"Cripps, Patrick",16,5,12,28,1,1,0,8,2,7,13,4,4,3,2,22,7,2,1,4,2,0,94,-19,"Carlton","2019",3
35,"Curnow, Ed",12,4,7,19,4,0,0,2,2,2,2,0,0,0,0,8,11,0,1,2,0,0,79,-19,"Carlton","2019",3
2,"Dow, Paddy",11,2,3,14,0,1,0,1,0,5,4,3,2,0,0,5,9,0,0,1,1,0,74,-19,"Carlton","2019",3
25,"Fisher, Zac",10,3,9,19,1,1,0,3,3,3,4,4,0,1,0,14,7,0,0,2,0,0,76,-19,"Carlton","2019",3
40,"Gibbons, Michael",3,3,1,4,0,0,0,1,0,2,0,0,0,0,0,1,3,0,0,0,0,0,76,-19,"Carlton","2019",3
14,"Jones, Liam",4,1,3,7,0,0,0,3,2,0,2,1,1,1,0,6,1,1,0,8,0,0,91,-19,"Carlton","2019",3
27,"Lobbe, Matthew",4,2,2,6,0,0,32,3,0,1,3,3,2,2,0,6,1,1,0,7,0,0,85,-19,"Carlton","2019",3
22,"Marchbank, Caleb",7,5,2,9,0,0,0,1,1,2,0,4,0,1,0,1,8,1,0,4,0,0,78,-19,"Carlton","2019",3
11,"McGovern, Mitch",4,3,1,5,1,1,0,0,1,0,0,0,0,0,0,1,4,0,1,0,0,0,42,-19,"Carlton","2019",3
10,"McKay, Harry",10,6,0,10,1,3,1,0,0,1,0,2,2,1,0,11,0,6,3,0,0,0,94,-19,"Carlton","2019",3
3,"Murphy, Marc",12,4,10,22,1,0,0,5,1,3,1,0,1,0,0,10,12,0,0,1,0,2,90,-19,"Carlton","2019",3
24,"Newman, Nic",15,5,5,20,0,0,0,3,7,1,0,4,2,0,0,5,12,0,0,0,1,0,84,-19,"Carlton","2019",3
4,"OBrien, Lochie",8,1,3,11,0,0,0,1,1,4,1,2,0,1,0,4,6,0,0,1,0,0,77,-19,"Carlton","2019",3
5,"Petrevski-Seton, Sam",10,4,8,18,0,0,0,5,2,2,4,1,2,0,0,8,10,0,0,1,0,1,79,-19,"Carlton","2019",3
20,"Plowman, Lachie",9,1,6,15,0,0,0,3,5,0,0,1,2,1,0,7,6,0,0,2,0,0,79,-19,"Carlton","2019",3
29,"Polson, Cameron",2,0,2,4,0,0,0,1,0,0,0,1,0,1,0,4,0,0,0,0,0,0,84,-19,"Carlton","2019",3
43,"Setterfield, Will",9,0,4,13,0,2,0,4,0,5,1,3,0,1,0,4,9,0,0,1,0,0,73,-19,"Carlton","2019",3
6,"Simpson, Kade",8,2,4,12,0,0,0,2,5,0,0,1,0,0,0,4,6,0,0,3,0,0,84,-19,"Carlton","2019",3
39,"Thomas, Dale",12,5,4,16,0,0,0,1,3,4,0,1,1,0,0,3,12,0,0,3,0,0,85,-19,"Carlton","2019",3
18,"Walsh, Sam",16,5,12,28,1,1,0,3,3,4,7,4,1,0,0,13,15,0,1,2,0,1,90,-19,"Carlton","2019",3
23,"Weitering, Jacob",7,3,4,11,0,0,0,2,1,1,0,2,0,2,0,3,7,0,0,9,0,0,100,-19,"Carlton","2019",3
0,"Rushed",0,0,0,0,0,3,0,0,0,0,0,0,0,0,0,0,0,0,0,0,0,0,0,-19,"Carlton","2019",3
36,"Aliir, Aliir",10,9,4,14,0,0,0,1,1,1,0,2,0,1,0,3,11,1,0,6,0,0,91,19,"Sydney","2019",3
22,"Blakey, Nick",8,1,0,8,1,1,0,4,0,2,0,2,2,1,0,7,2,1,1,3,2,0,83,19,"Sydney","2019",3
7,"Cunningham, Harry",12,5,8,20,0,0,0,3,4,3,2,2,1,2,0,5,17,0,0,2,0,1,82,19,"Sydney","2019",3
34,"Dawson, Jordan",7,8,7,14,0,0,0,3,1,2,0,1,0,0,0,2,13,0,0,0,0,0,67,19,"Sydney","2019",3
13,"Florent, Oliver",11,4,8,19,0,0,0,2,1,5,2,2,0,0,0,7,12,1,0,1,0,0,77,19,"Sydney","2019",3
23,"Franklin, Lance",6,4,6,12,2,1,0,1,0,2,0,3,1,1,0,7,5,1,2,1,0,0,92,19,"Sydney","2019",3
9,"Hayward, Will",4,3,1,5,2,0,0,0,0,0,0,3,0,2,0,3,1,2,2,0,0,0,44,19,"Sydney","2019",3
5,"Heeney, Isaac",13,8,13,26,4,1,0,2,0,3,4,2,2,1,3,14,11,3,3,0,0,1,80,19,"Sydney","2019",3
29,"Hewett, George",6,2,11,17,0,0,0,6,0,0,1,1,0,1,0,5,12,0,0,0,0,0,78,19,"Sydney","2019",3
10,"Jones, Zak",16,6,15,31,0,1,0,3,4,6,7,5,0,2,0,14,16,0,1,2,0,1,93,19,"Sydney","2019",3
12,"Kennedy, Josh",15,3,16,31,1,0,0,8,0,7,7,6,0,1,1,13,18,0,0,1,0,0,84,19,"Sydney","2019",3
44,"Lloyd, Jake",20,9,12,32,0,0,0,2,8,1,0,1,1,0,0,5,22,0,0,2,0,1,90,19,"Sydney","2019",3
30,"McCartin, Tom",8,3,6,14,0,0,0,6,3,1,0,0,3,0,0,7,7,1,0,3,0,0,81,19,"Sydney","2019",3
3,"McVeigh, Jarrad",18,5,6,24,0,0,0,2,4,4,0,3,0,0,0,3,16,0,0,0,0,0,75,19,"Sydney","2019",3
14,"Mills, Callum",14,6,14,28,0,0,0,2,4,0,0,3,0,0,0,10,17,1,0,5,0,0,92,19,"Sydney","2019",3
11,"Papley, Tom",11,5,8,19,2,1,0,4,1,3,3,2,0,0,0,7,13,1,0,2,2,3,88,19,"Sydney","2019",3
26,"Parker, Luke",9,1,9,18,1,0,0,6,0,0,5,4,2,4,0,9,9,0,1,0,0,0,93,19,"Sydney","2019",3
24,"Rampe, Dane",13,5,7,20,0,0,0,3,8,3,1,3,0,2,0,9,11,1,0,6,2,0,94,19,"Sydney","2019",3
20,"Reid, Sam",8,5,6,14,0,1,6,5,0,2,1,3,2,0,0,8,7,1,1,6,0,0,85,19,"Sydney","2019",3
25,"Ronke, Ben",5,2,4,9,0,1,0,1,0,4,0,0,0,0,0,2,7,0,1,0,1,0,70,19,"Sydney","2019",3
18,"Sinclair, Callum",10,8,6,16,1,0,40,3,0,3,5,5,2,2,0,9,9,2,1,1,1,1,86,19,"Sydney","2019",3
6,"Thurlow, Jackson",12,4,7,19,0,0,0,3,4,2,0,3,0,0,0,4,12,0,0,2,0,1,77,19,"Sydney","2019",3
0,"Rushed",0,0,0,0,0,2,0,0,0,0,0,0,0,0,0,0,0,0,0,0,0,0,0,19,"Sydney","2019",3
