"Number","Player","Kicks","Marks","Handballs","Disposals","Goals","Behinds","Hitouts","Tackles","Rebounds50s","Inside50s","Clearances","Clangers","FreesFor","FreesAgainst","BrownlowVotes","ContestedPossessions","UncontestedPossessions","ContestedMarks","MarksInside50","OnePercenters","Bounces","GoalAssists","PercentagePlayed","PointDifference","Team","Season","Round"
14,"Aish, James",15,5,4,19,0,0,0,4,4,2,0,3,1,0,0,4,14,0,0,2,0,0,83,-7,"Collingwood","2019",1
11,"Beams, Dayne",14,4,9,23,1,0,0,3,1,5,5,4,0,0,0,10,13,1,0,1,0,1,79,-7,"Collingwood","2019",1
17,"Brown, Callum",4,1,5,9,1,0,0,3,0,0,0,1,0,1,0,5,4,0,0,0,0,0,64,-7,"Collingwood","2019",1
46,"Cox, Mason",8,3,3,11,1,1,7,1,2,0,1,4,4,2,0,5,6,1,0,1,0,0,85,-7,"Collingwood","2019",1
25,"Crisp, Jack",14,3,12,26,0,0,0,1,4,3,1,5,2,1,0,9,17,0,0,2,1,0,85,-7,"Collingwood","2019",1
2,"de Goey, Jordan",7,3,3,10,2,2,0,1,0,1,2,1,0,0,0,3,8,0,2,1,0,0,79,-7,"Collingwood","2019",1
5,"Elliott, Jamie",7,6,1,8,3,0,0,5,0,2,1,1,0,0,0,2,6,1,1,1,0,1,74,-7,"Collingwood","2019",1
4,"Grundy, Brodie",10,2,8,18,0,2,34,2,2,1,7,6,3,5,0,14,3,0,0,1,0,0,86,-7,"Collingwood","2019",1
38,"Howe, Jeremy",13,5,2,15,0,0,0,3,8,1,0,2,2,0,0,5,5,0,0,5,0,0,84,-7,"Collingwood","2019",1
8,"Langdon, Tom",8,5,6,14,0,0,0,3,1,2,0,1,2,0,0,6,7,1,0,6,0,0,77,-7,"Collingwood","2019",1
37,"Maynard, Brayden",8,3,8,16,0,0,0,0,4,1,0,2,0,2,0,5,11,0,0,1,1,0,87,-7,"Collingwood","2019",1
16,"Mayne, Chris",14,6,8,22,0,0,0,2,1,4,2,2,2,0,0,6,15,0,0,1,1,0,90,-7,"Collingwood","2019",1
41,"Mihocek, Brody",9,5,5,14,0,0,0,0,0,3,0,4,1,1,0,5,8,1,0,2,0,1,84,-7,"Collingwood","2019",1
30,"Moore, Darcy",13,4,3,16,0,0,0,0,7,2,0,5,1,2,0,4,5,2,0,12,0,0,92,-7,"Collingwood","2019",1
10,"Pendlebury, Scott",11,7,13,24,0,1,0,2,2,4,6,0,1,0,0,9,17,0,1,4,0,0,82,-7,"Collingwood","2019",1
21,"Phillips, Tom",16,7,8,24,0,1,0,1,4,2,0,3,1,1,0,7,20,0,1,1,0,0,90,-7,"Collingwood","2019",1
23,"Roughead, Jordan",6,5,4,10,0,0,0,3,2,0,1,2,0,1,0,5,6,0,0,9,0,0,92,-7,"Collingwood","2019",1
22,"Sidebottom, Steele",12,6,14,26,0,0,0,2,2,3,3,5,0,2,0,9,17,0,0,0,0,0,85,-7,"Collingwood","2019",1
1,"Stephenson, Jaidyn",12,7,4,16,0,1,0,2,3,1,1,5,0,1,0,6,9,0,1,0,0,0,82,-7,"Collingwood","2019",1
24,"Thomas, Josh",6,2,10,16,0,0,0,1,0,3,1,2,0,1,0,4,12,0,0,0,0,1,74,-7,"Collingwood","2019",1
7,"Treloar, Adam",14,5,20,34,1,0,0,6,1,6,4,10,1,1,1,12,21,0,0,0,2,0,77,-7,"Collingwood","2019",1
18,"Varcoe, Travis",2,4,7,9,0,0,0,4,0,2,0,4,0,3,0,2,7,0,1,1,0,1,70,-7,"Collingwood","2019",1
0,"Rushed",0,0,0,0,0,3,0,0,0,0,0,0,0,0,0,0,0,0,0,0,0,0,0,-7,"Collingwood","2019",1
4,"Ablett, Gary",13,6,10,23,2,1,0,3,0,4,2,6,0,3,0,8,14,1,1,0,2,0,82,7,"Geelong","2019",1
30,"Atkins, Tom",5,2,4,9,0,0,0,5,0,3,0,4,1,2,0,4,5,0,0,1,0,2,81,7,"Geelong","2019",1
46,"Blicavs, Mark",6,4,6,12,0,0,0,2,2,0,1,2,0,1,0,5,6,1,0,4,0,0,97,7,"Geelong","2019",1
6,"Clark, Jordan",14,4,3,17,0,0,0,0,4,5,0,1,0,0,0,3,13,0,0,4,0,0,86,7,"Geelong","2019",1
18,"Constable, Charlie",9,4,12,21,1,0,0,3,2,0,3,1,1,0,0,5,15,0,0,0,0,0,66,7,"Geelong","2019",1
40,"Dahlhaus, Luke",8,4,16,24,1,1,0,6,1,4,3,3,2,1,0,8,15,0,1,2,0,0,79,7,"Geelong","2019",1
35,"Dangerfield, Patrick",16,5,11,27,1,2,0,3,1,6,5,6,1,1,2,10,17,1,4,4,0,0,87,7,"Geelong","2019",1
22,"Duncan, Mitch",13,8,6,19,1,1,0,3,2,1,1,0,1,0,0,5,12,0,1,3,0,0,86,7,"Geelong","2019",1
26,"Hawkins, Tom",7,6,5,12,2,2,0,4,0,1,1,4,0,1,0,5,9,0,4,1,0,0,95,7,"Geelong","2019",1
38,"Henry, Jack",3,2,2,5,0,0,0,1,1,1,0,3,0,1,0,2,3,0,0,3,0,0,81,7,"Geelong","2019",1
11,"Kelly, Tim",17,5,14,31,0,0,0,4,1,6,9,5,1,1,3,12,20,0,0,1,0,2,81,7,"Geelong","2019",1
8,"Kolodjashnij, Jake",5,1,4,9,0,0,0,3,2,2,0,1,1,0,0,5,4,0,0,3,0,0,82,7,"Geelong","2019",1
27,"Menegola, Sam",12,6,7,19,0,1,0,3,1,5,2,0,0,0,0,7,13,0,0,2,0,1,64,7,"Geelong","2019",1
32,"Miers, Gryan",6,1,5,11,0,0,0,3,1,1,0,2,2,0,0,3,6,0,0,1,0,0,76,7,"Geelong","2019",1
42,"OConnor, Mark",6,3,7,13,0,0,0,1,2,1,0,1,1,0,0,7,7,1,0,5,0,0,80,7,"Geelong","2019",1
3,"Parfitt, Brandan",13,1,9,22,1,0,0,6,0,4,4,7,3,3,0,10,12,0,0,2,0,0,83,7,"Geelong","2019",1
17,"Ratugolea, Esava",2,0,3,5,0,0,4,2,1,1,2,3,2,2,0,5,1,0,0,2,0,0,78,7,"Geelong","2019",1
23,"Rohan, Gary",9,5,1,10,0,0,0,2,0,2,0,6,0,1,0,5,5,2,2,3,0,1,79,7,"Geelong","2019",1
14,"Selwood, Joel",16,7,9,25,1,1,0,2,4,2,1,5,1,1,0,10,15,0,1,4,0,1,85,7,"Geelong","2019",1
1,"Stanley, Rhys",11,4,7,18,0,0,23,2,3,6,6,3,4,3,0,12,8,1,0,1,0,0,77,7,"Geelong","2019",1
44,"Stewart, Tom",20,7,6,26,0,0,0,2,9,1,0,6,1,0,0,6,15,0,0,5,0,0,87,7,"Geelong","2019",1
7,"Taylor, Harry",7,6,9,16,0,0,0,3,0,1,0,0,2,0,0,8,8,2,0,10,0,0,86,7,"Geelong","2019",1
0,"Rushed",0,0,0,0,0,3,0,0,0,0,0,0,0,0,0,0,0,0,0,0,0,0,0,7,"Geelong","2019",1
