"Number","Player","Kicks","Marks","Handballs","Disposals","Goals","Behinds","Hitouts","Tackles","Rebounds50s","Inside50s","Clearances","Clangers","FreesFor","FreesAgainst","BrownlowVotes","ContestedPossessions","UncontestedPossessions","ContestedMarks","MarksInside50","OnePercenters","Bounces","GoalAssists","PercentagePlayed","PointDifference","Team","Season","Round"
8,"Brayshaw, Andrew",5,0,5,10,0,1,0,3,0,2,2,1,1,1,0,4,7,0,0,0,0,0,75,-25,"Fremantle","2019",8
5,"Cerra, Adam",7,1,8,15,0,0,0,6,2,3,1,4,0,0,0,6,9,0,0,1,0,0,77,-25,"Fremantle","2019",8
33,"Colyer, Travis",9,4,4,13,1,1,0,4,1,2,0,4,1,1,0,4,11,0,1,0,0,0,68,-25,"Fremantle","2019",8
6,"Conca, Reece",12,2,9,21,0,1,0,3,4,3,4,3,1,1,0,5,13,0,1,0,1,2,74,-25,"Fremantle","2019",8
36,"Cox, Brennan",9,7,3,12,0,1,0,2,0,1,0,1,0,1,0,5,8,3,2,2,0,1,86,-25,"Fremantle","2019",8
7,"Fyfe, Nat",15,4,18,33,3,0,0,1,0,9,7,3,2,2,3,21,11,2,1,1,0,1,84,-25,"Fremantle","2019",8
21,"Hamling, Joel",3,3,2,5,0,0,0,1,3,1,0,1,1,0,0,3,2,2,0,7,0,0,97,-25,"Fremantle","2019",8
9,"Hill, Bradley",11,0,4,15,0,0,0,4,1,4,1,1,0,1,0,7,9,0,0,1,1,0,81,-25,"Fremantle","2019",8
11,"Hogan, Jesse",7,5,8,15,2,0,0,0,1,1,1,3,1,0,0,8,7,2,1,1,0,1,93,-25,"Fremantle","2019",8
15,"Hughes, Ethan",4,3,8,12,0,0,0,0,0,1,1,2,0,0,0,6,7,0,0,7,0,0,80,-25,"Fremantle","2019",8
26,"Langdon, Ed",10,3,6,16,0,1,0,1,2,0,0,0,1,0,0,5,11,0,1,1,0,0,79,-25,"Fremantle","2019",8
37,"Lobb, Rory",11,6,8,19,1,2,45,2,0,2,5,4,0,1,0,11,8,4,3,5,0,0,93,-25,"Fremantle","2019",8
3,"Matera, Brandon",9,2,5,14,1,4,0,1,0,2,1,1,1,0,0,5,8,1,1,0,0,0,71,-25,"Fremantle","2019",8
16,"Mundy, David",13,0,14,27,1,0,0,5,3,6,8,3,1,1,0,17,11,0,0,2,0,0,71,-25,"Fremantle","2019",8
43,"Nyhuis, Ryan",1,1,4,5,0,0,0,1,0,1,0,1,0,0,0,4,1,0,0,3,0,0,78,-25,"Fremantle","2019",8
25,"Pearce, Alex",3,1,2,5,0,0,0,1,1,0,0,0,0,0,0,3,2,0,0,2,0,0,97,-25,"Fremantle","2019",8
38,"Ryan, Luke",16,1,5,21,0,0,0,3,6,3,2,5,2,2,0,10,8,1,0,1,0,0,92,-25,"Fremantle","2019",8
39,"Switkowski, Sam",3,1,7,10,2,0,0,4,0,2,1,1,1,1,0,8,3,0,0,2,0,0,72,-25,"Fremantle","2019",8
20,"Taberner, Matthew",8,8,10,18,1,1,3,1,0,1,1,3,0,1,0,8,10,3,1,1,0,0,91,-25,"Fremantle","2019",8
18,"Tucker, Darcy",6,2,16,22,0,0,0,2,2,2,4,2,0,0,0,9,13,0,0,0,0,1,77,-25,"Fremantle","2019",8
10,"Walters, Michael",12,4,15,27,0,1,0,5,0,8,4,5,2,2,0,10,19,1,0,1,1,0,86,-25,"Fremantle","2019",8
14,"Wilson, Nathan",7,2,3,10,0,0,0,2,6,1,1,3,1,0,0,1,7,0,0,3,0,0,76,-25,"Fremantle","2019",8
0,"Rushed",0,0,0,0,0,1,0,0,0,0,0,0,0,0,0,0,0,0,0,0,0,0,0,-25,"Fremantle","2019",8
12,"Astbury, David",14,11,3,17,0,0,0,0,6,0,0,1,0,0,0,9,9,3,0,3,0,0,90,25,"Richmond","2019",8
48,"Baker, Liam",6,1,13,19,1,2,0,3,1,1,1,2,1,1,0,9,10,0,0,0,0,1,88,25,"Richmond","2019",8
38,"Balta, Noah",10,2,3,13,1,0,12,2,1,5,6,1,1,0,0,10,3,1,0,0,1,2,95,25,"Richmond","2019",8
29,"Bolton, Shai",10,2,6,16,4,0,0,7,0,3,1,0,1,0,2,5,12,0,0,3,2,1,87,25,"Richmond","2019",8
35,"Broad, Nathan",7,3,1,8,1,0,3,3,1,1,0,1,2,0,0,4,5,1,1,2,0,0,89,25,"Richmond","2019",8
22,"Caddy, Josh",17,5,8,25,1,1,0,7,2,4,5,4,1,2,0,9,13,0,0,4,0,0,91,25,"Richmond","2019",8
11,"Castagna, Jason",10,9,5,15,2,1,0,5,1,3,0,2,0,2,0,1,15,0,3,0,2,1,84,25,"Richmond","2019",8
10,"Edwards, Shane",12,7,11,23,0,0,0,3,5,2,3,3,3,2,0,9,14,1,0,2,1,0,78,25,"Richmond","2019",8
5,"Ellis, Brandon",13,7,12,25,1,0,0,6,0,3,1,1,0,1,0,8,17,1,1,0,0,1,92,25,"Richmond","2019",8
42,"Garthwaite, Ryan",8,8,3,11,0,0,0,1,5,0,0,1,0,0,0,1,10,0,0,9,0,0,100,25,"Richmond","2019",8
2,"Grimes, Dylan",13,11,13,26,0,0,0,2,4,2,0,2,1,0,0,6,19,0,0,5,2,0,96,25,"Richmond","2019",8
13,"Higgins, Jack",8,1,8,16,0,0,0,2,0,1,0,1,0,0,0,6,10,0,0,2,0,0,94,25,"Richmond","2019",8
14,"Houli, Bachar",21,10,9,30,0,0,0,1,6,3,0,2,1,1,1,6,18,0,0,0,1,1,85,25,"Richmond","2019",8
23,"Lambert, Kane",9,6,17,26,1,0,0,1,2,1,3,1,0,1,0,8,18,0,0,3,1,1,89,25,"Richmond","2019",8
19,"Lynch, Tom",10,8,5,15,2,2,0,0,0,1,0,5,0,2,0,8,7,6,5,3,0,0,97,25,"Richmond","2019",8
4,"Martin, Dustin",13,1,10,23,1,1,0,3,1,5,4,1,0,0,0,9,14,0,0,2,0,2,80,25,"Richmond","2019",8
33,"McIntosh, Kamdyn",16,9,3,19,1,0,0,2,3,4,1,2,0,0,0,8,12,3,0,4,0,0,83,25,"Richmond","2019",8
37,"Menadue, Connor",19,5,4,23,0,0,0,3,3,3,0,2,3,0,0,7,16,0,1,3,0,0,74,25,"Richmond","2019",8
25,"Nankervis, Toby",3,2,5,8,0,0,8,2,0,1,1,3,0,2,0,4,4,0,0,2,0,0,27,25,"Richmond","2019",8
3,"Prestia, Dion",9,2,14,23,0,0,0,6,0,3,3,3,1,1,0,9,16,0,1,1,0,0,81,25,"Richmond","2019",8
27,"Ross, Jack",2,0,2,4,0,0,0,1,0,1,2,1,0,1,0,2,2,0,0,0,0,0,22,25,"Richmond","2019",8
44,"Stack, Sydney",9,7,9,18,1,0,0,6,2,4,0,2,0,0,0,5,11,0,0,1,0,0,80,25,"Richmond","2019",8
0,"Rushed",0,0,0,0,0,2,0,0,0,0,0,0,0,0,0,0,0,0,0,0,0,0,0,25,"Richmond","2019",8
