"Number","Player","Kicks","Marks","Handballs","Disposals","Goals","Behinds","Hitouts","Tackles","Rebounds50s","Inside50s","Clearances","Clangers","FreesFor","FreesAgainst","BrownlowVotes","ContestedPossessions","UncontestedPossessions","ContestedMarks","MarksInside50","OnePercenters","Bounces","GoalAssists","PercentagePlayed","PointDifference","Team","Season","Round"
34,"Bewley, Brett",15,5,3,18,0,0,0,1,1,6,1,3,0,2,0,4,12,0,0,2,0,1,75,1,"Fremantle","2019",18
19,"Blakely, Connor",12,4,5,17,0,0,0,5,1,3,0,1,1,0,0,1,15,0,0,1,0,0,71,1,"Fremantle","2019",18
8,"Brayshaw, Andrew",13,5,7,20,0,1,0,8,3,5,3,2,0,0,0,12,9,0,0,3,0,0,79,1,"Fremantle","2019",18
5,"Cerra, Adam",13,5,3,16,0,0,0,0,4,2,2,1,0,0,0,3,12,0,0,6,0,0,80,1,"Fremantle","2019",18
6,"Conca, Reece",19,4,7,26,1,1,0,5,2,3,5,7,1,1,0,13,13,0,0,3,0,0,87,1,"Fremantle","2019",18
4,"Darcy, Sean",6,1,11,17,0,2,26,2,1,3,6,3,1,1,0,15,3,1,1,3,0,1,81,1,"Fremantle","2019",18
44,"Duman, Taylin",11,4,3,14,0,0,0,1,2,1,0,0,1,0,0,4,9,0,0,3,0,0,92,1,"Fremantle","2019",18
21,"Hamling, Joel",10,7,8,18,0,0,0,3,4,0,0,2,1,0,0,10,9,4,0,6,0,1,93,1,"Fremantle","2019",18
9,"Hill, Bradley",19,6,1,20,1,1,0,1,3,3,2,4,0,1,0,3,16,0,0,1,1,0,88,1,"Fremantle","2019",18
15,"Hughes, Ethan",8,8,9,17,0,0,0,2,5,1,2,2,0,1,0,8,11,0,0,4,0,0,84,1,"Fremantle","2019",18
26,"Langdon, Ed",15,5,6,21,0,1,0,2,1,4,0,0,0,0,0,4,16,0,0,1,1,0,77,1,"Fremantle","2019",18
37,"Lobb, Rory",9,5,5,14,3,0,10,0,3,4,2,3,1,1,0,9,5,1,1,5,0,0,97,1,"Fremantle","2019",18
2,"Logue, Griffin",6,5,3,9,0,0,0,5,5,0,0,2,0,1,0,4,6,1,0,7,0,0,94,1,"Fremantle","2019",18
3,"Matera, Brandon",10,2,4,14,1,1,0,3,0,2,1,2,0,0,0,5,9,0,2,1,0,0,74,1,"Fremantle","2019",18
23,"McCarthy, Cam",5,2,0,5,0,0,0,1,0,3,0,2,1,0,0,5,1,1,0,0,0,0,73,1,"Fremantle","2019",18
16,"Mundy, David",9,4,16,25,0,1,0,2,0,1,11,3,0,2,0,18,12,0,1,6,0,0,71,1,"Fremantle","2019",18
38,"Ryan, Luke",14,7,7,21,0,0,0,9,2,1,0,2,2,1,2,5,15,0,0,3,0,0,84,1,"Fremantle","2019",18
31,"Sandilands, Aaron",6,2,8,14,0,0,17,1,1,1,5,3,2,0,0,12,3,1,0,4,0,2,76,1,"Fremantle","2019",18
39,"Switkowski, Sam",4,4,8,12,0,0,0,1,0,1,2,0,0,0,0,7,6,1,0,5,0,0,72,1,"Fremantle","2019",18
18,"Tucker, Darcy",7,4,3,10,0,0,0,3,0,2,1,3,0,0,0,1,9,0,0,0,0,0,89,1,"Fremantle","2019",18
10,"Walters, Michael",15,5,6,21,1,1,0,3,3,1,3,0,4,0,0,10,11,1,0,0,2,0,87,1,"Fremantle","2019",18
14,"Wilson, Nathan",13,5,4,17,0,0,0,3,1,1,0,4,0,1,0,7,9,0,0,3,0,0,75,1,"Fremantle","2019",18
0,"Rushed",0,0,0,0,0,1,0,0,0,0,0,0,0,0,0,0,0,0,0,0,0,0,0,1,"Fremantle","2019",18
36,"Aliir, Aliir",12,6,4,16,0,0,2,3,4,3,0,3,0,0,0,7,8,1,0,3,0,0,92,-1,"Sydney","2019",18
22,"Blakey, Nick",5,2,5,10,1,0,0,4,0,0,0,3,0,1,0,1,10,0,1,1,3,1,84,-1,"Sydney","2019",18
4,"Clarke, Ryan",11,2,11,22,0,0,0,1,0,3,0,3,1,0,0,4,18,0,0,0,0,0,84,-1,"Sydney","2019",18
13,"Florent, Oliver",12,2,4,16,0,0,0,1,2,4,0,3,0,1,0,1,14,0,0,2,1,0,89,-1,"Sydney","2019",18
42,"Fox, Robbie",7,3,6,13,1,0,0,3,1,1,1,1,1,0,0,7,6,1,1,1,0,0,53,-1,"Sydney","2019",18
9,"Hayward, Will",6,3,7,13,0,0,0,4,0,1,0,1,1,1,0,8,6,0,0,0,0,2,73,-1,"Sydney","2019",18
5,"Heeney, Isaac",8,5,8,16,0,0,0,5,4,2,2,0,1,0,0,10,6,2,1,0,0,0,86,-1,"Sydney","2019",18
29,"Hewett, George",15,4,12,27,0,0,0,3,2,2,1,4,0,1,0,11,17,0,0,1,0,0,87,-1,"Sydney","2019",18
10,"Jones, Zak",11,4,14,25,0,0,0,2,0,4,4,3,1,3,0,10,17,0,0,1,0,0,87,-1,"Sydney","2019",18
12,"Kennedy, Josh",7,3,16,23,0,0,0,8,2,2,1,1,0,0,0,6,17,0,0,1,0,0,82,-1,"Sydney","2019",18
44,"Lloyd, Jake",21,8,21,42,0,2,0,0,8,3,2,4,1,0,3,7,28,0,1,2,1,0,90,-1,"Sydney","2019",18
30,"McCartin, Tom",5,3,0,5,0,2,0,1,0,0,0,2,1,1,0,2,3,0,1,2,0,0,66,-1,"Sydney","2019",18
41,"McLean, Hayden",8,5,5,13,0,0,16,8,2,2,1,5,2,4,0,3,8,0,0,3,0,0,92,-1,"Sydney","2019",18
43,"Melican, Lewis",10,1,6,16,0,0,0,3,2,2,0,2,1,1,0,3,12,0,0,4,0,0,93,-1,"Sydney","2019",18
14,"Mills, Callum",12,6,7,19,0,0,0,4,4,0,1,1,0,0,0,4,13,0,0,4,0,0,81,-1,"Sydney","2019",18
38,"ORiordan, Colin",4,5,14,18,0,0,0,2,3,1,0,1,0,1,0,8,9,2,0,6,0,0,90,-1,"Sydney","2019",18
11,"Papley, Tom",18,6,5,23,1,3,0,1,0,6,1,6,0,0,0,8,16,0,1,1,2,1,86,-1,"Sydney","2019",18
26,"Parker, Luke",16,6,12,28,1,1,0,4,0,7,6,3,3,0,1,10,18,0,1,1,0,2,77,-1,"Sydney","2019",18
24,"Rampe, Dane",17,9,5,22,0,0,0,5,4,1,0,4,0,1,0,5,15,2,0,4,3,0,92,-1,"Sydney","2019",18
20,"Reid, Sam",7,6,4,11,3,1,0,1,0,3,0,0,0,0,0,4,7,1,3,4,0,0,88,-1,"Sydney","2019",18
8,"Rowbottom, James",10,5,6,16,0,0,0,6,1,2,2,3,0,0,0,5,11,0,0,1,0,0,67,-1,"Sydney","2019",18
33,"Stoddart, Ryley",2,0,5,7,0,0,0,1,0,1,0,1,0,0,0,1,6,0,0,0,0,1,71,-1,"Sydney","2019",18
0,"Totals",224,94,177,401,7,9,18,70,39,50,22,54,13,15,4,125,265,9,10,42,10,7,0,-1,"Sydney","2019",18
