"Number","Player","Kicks","Marks","Handballs","Disposals","Goals","Behinds","Hitouts","Tackles","Rebounds50s","Inside50s","Clearances","Clangers","FreesFor","FreesAgainst","BrownlowVotes","ContestedPossessions","UncontestedPossessions","ContestedMarks","MarksInside50","OnePercenters","Bounces","GoalAssists","PercentagePlayed","PointDifference","Team","Season","Round"
24,"Adams, Marcus",9,12,5,14,0,0,0,0,1,1,0,1,0,0,0,4,10,2,0,2,0,0,84,91,"Brisbane Lions","2019",21
31,"Andrews, Harris",12,10,3,15,0,0,0,0,5,0,0,2,0,1,0,3,11,3,0,10,0,0,99,91,"Brisbane Lions","2019",21
43,"Answerth, Noah",9,2,1,10,0,0,0,5,3,1,1,3,0,1,0,5,6,0,0,3,0,1,74,91,"Brisbane Lions","2019",21
33,"Bailey, Zac",10,3,8,18,2,0,0,3,0,5,3,2,1,2,0,7,12,0,0,1,0,0,77,91,"Brisbane Lions","2019",21
7,"Berry, Jarrod",15,8,11,26,1,0,0,7,0,5,4,4,2,2,0,11,16,0,0,1,0,1,76,91,"Brisbane Lions","2019",21
23,"Cameron, Charlie",9,4,1,10,6,1,0,2,0,1,2,4,1,1,3,6,4,1,3,2,0,0,88,91,"Brisbane Lions","2019",21
3,"Christensen, Allen",10,5,8,18,1,2,0,7,0,3,1,4,2,1,0,4,14,0,1,1,0,0,82,91,"Brisbane Lions","2019",21
27,"Gardiner, Darcy",8,5,4,12,1,0,0,6,1,1,0,1,1,0,0,4,8,1,0,4,0,0,88,91,"Brisbane Lions","2019",21
30,"Hipwood, Eric",8,7,3,11,2,1,0,2,1,2,1,4,1,1,0,5,7,2,2,2,0,0,89,91,"Brisbane Lions","2019",21
2,"Hodge, Luke",8,4,2,10,0,0,0,3,2,1,0,0,1,0,0,2,7,0,0,2,0,0,78,91,"Brisbane Lions","2019",21
17,"Lyons, Jarryd",26,8,8,34,2,1,0,7,1,8,7,2,2,1,2,11,22,0,0,2,0,1,80,91,"Brisbane Lions","2019",21
12,"Martin, Stefan",9,3,7,16,1,1,22,4,0,1,7,4,1,2,0,10,5,0,1,1,0,1,71,91,"Brisbane Lions","2019",21
11,"McCarthy, Lincoln",9,3,11,20,0,2,0,3,0,4,4,5,0,3,0,10,11,0,2,1,0,1,70,91,"Brisbane Lions","2019",21
6,"McCluggage, Hugh",12,4,11,23,0,1,0,1,1,3,6,4,0,0,0,12,12,0,1,1,0,1,82,91,"Brisbane Lions","2019",21
46,"McInerney, Oscar",1,1,5,6,0,0,25,5,0,1,2,2,0,1,0,6,1,0,0,3,0,1,79,91,"Brisbane Lions","2019",21
25,"McStay, Daniel",3,4,5,8,2,0,0,2,0,1,0,0,0,0,0,6,2,3,1,4,0,2,82,91,"Brisbane Lions","2019",21
9,"Neale, Lachie",6,1,15,21,1,0,0,4,1,2,4,3,1,0,0,8,15,0,0,2,1,1,88,91,"Brisbane Lions","2019",21
16,"Rayner, Cam",5,4,8,13,0,0,0,2,1,2,3,4,2,1,0,6,8,0,0,1,0,1,72,91,"Brisbane Lions","2019",21
10,"Rich, Daniel",18,5,4,22,0,1,0,6,5,5,0,2,1,1,0,4,17,0,0,0,0,1,89,91,"Brisbane Lions","2019",21
5,"Robinson, Mitch",19,5,9,28,1,0,0,1,2,6,8,4,1,2,0,12,16,0,0,5,0,0,79,91,"Brisbane Lions","2019",21
29,"Witherden, Alex",18,10,3,21,0,1,0,5,7,1,1,0,1,0,0,6,12,1,1,6,0,0,88,91,"Brisbane Lions","2019",21
15,"Zorko, Dayne",17,8,8,25,2,0,0,7,1,11,2,4,2,1,1,9,16,0,1,2,1,1,87,91,"Brisbane Lions","2019",21
0,"Rushed",0,0,0,0,0,1,0,0,0,0,0,0,0,0,0,0,0,0,0,0,0,0,0,91,"Brisbane Lions","2019",21
9,"Ainsworth, Ben",9,4,6,15,1,0,0,2,1,0,0,2,1,0,0,6,9,0,1,0,0,0,78,-91,"Gold Coast","2019",21
10,"Ballard, Charlie",6,1,1,7,0,0,0,1,4,0,0,2,0,0,0,2,3,1,0,8,0,0,88,-91,"Gold Coast","2019",21
3,"Bowes, Jack",15,6,6,21,0,0,0,6,5,4,3,2,2,1,0,7,13,0,0,3,0,1,84,-91,"Gold Coast","2019",21
29,"Burgess, Chris",7,4,3,10,0,0,3,0,1,1,2,2,0,0,0,5,6,0,0,4,0,0,90,-91,"Gold Coast","2019",21
45,"Dawson, Jacob",9,6,7,16,0,0,0,3,2,0,1,2,0,0,0,4,10,1,0,0,0,0,85,-91,"Gold Coast","2019",21
12,"Day, Sam",7,7,7,14,2,0,1,2,0,1,1,1,2,0,0,8,6,4,2,0,0,1,89,-91,"Gold Coast","2019",21
8,"Fiorini, Brayden",15,2,5,20,1,0,0,5,3,3,4,5,0,2,0,5,14,0,0,2,0,0,76,-91,"Gold Coast","2019",21
46,"Graham, Caleb",5,3,7,12,0,0,0,0,3,0,0,2,1,1,0,7,4,0,0,9,0,0,90,-91,"Gold Coast","2019",21
1,"Hanley, Pearce",16,1,1,17,0,0,0,5,5,4,2,0,1,0,0,5,9,0,0,1,0,1,78,-91,"Gold Coast","2019",21
5,"Harbrow, Jarrod",6,0,3,9,0,0,0,2,1,1,0,4,0,3,0,2,6,0,0,2,0,1,80,-91,"Gold Coast","2019",21
40,"Heron, Jacob",6,4,2,8,0,0,0,0,2,3,0,2,0,0,0,1,7,0,0,1,0,0,79,-91,"Gold Coast","2019",21
34,"King, Ben",3,2,3,6,0,0,0,0,0,2,0,1,1,0,0,3,3,1,0,4,0,1,86,-91,"Gold Coast","2019",21
23,"Lemmens, Sean",6,0,4,10,0,0,0,5,0,4,4,3,1,1,0,5,4,0,0,1,0,0,72,-91,"Gold Coast","2019",21
41,"Lukosius, Jack",9,1,7,16,0,0,0,3,7,1,0,4,1,1,0,5,7,0,0,5,0,0,80,-91,"Gold Coast","2019",21
44,"Macpherson, Darcy",6,1,5,11,0,0,0,6,0,2,3,6,1,2,0,9,4,0,0,3,0,0,87,-91,"Gold Coast","2019",21
2,"Miles, Anthony",5,3,6,11,0,1,0,3,0,1,2,4,1,2,0,8,4,1,0,0,0,0,49,-91,"Gold Coast","2019",21
11,"Miller, Touk",10,2,12,22,0,0,0,5,0,4,3,3,3,0,0,13,11,0,0,1,0,1,87,-91,"Gold Coast","2019",21
35,"Rischitelli, Michael",6,3,3,9,0,1,0,1,1,1,1,3,0,2,0,3,6,0,1,1,0,0,76,-91,"Gold Coast","2019",21
6,"Sexton, Alex",6,2,2,8,2,1,0,0,0,1,0,3,1,1,0,2,6,0,1,0,0,0,94,-91,"Gold Coast","2019",21
24,"Swallow, David",16,4,11,27,2,0,0,5,3,4,8,5,3,2,0,17,9,1,0,1,0,1,75,-91,"Gold Coast","2019",21
14,"Weller, Lachie",8,2,7,15,0,1,0,3,2,0,2,2,0,1,0,6,8,0,0,2,2,0,85,-91,"Gold Coast","2019",21
28,"Witts, Jarrod",10,3,3,13,0,0,53,3,0,4,6,1,2,1,0,9,4,1,0,4,0,0,91,-91,"Gold Coast","2019",21
0,"Rushed",0,0,0,0,0,1,0,0,0,0,0,0,0,0,0,0,0,0,0,0,0,0,0,-91,"Gold Coast","2019",21
