"Number","Player","Kicks","Marks","Handballs","Disposals","Goals","Behinds","Hitouts","Tackles","Rebounds50s","Inside50s","Clearances","Clangers","FreesFor","FreesAgainst","BrownlowVotes","ContestedPossessions","UncontestedPossessions","ContestedMarks","MarksInside50","OnePercenters","Bounces","GoalAssists","PercentagePlayed","PointDifference","Team","Season","Round"
12,"Allen, Oscar",6,3,9,15,0,2,4,4,0,4,2,7,3,3,0,7,9,0,2,3,2,2,80,35,"West Coast","2019",14
39,"Cameron, Jarrod",6,2,1,7,2,2,0,7,0,0,0,1,1,0,0,2,5,0,1,0,0,0,67,35,"West Coast","2019",14
15,"Cripps, Jamie",12,6,7,19,2,1,0,2,1,6,1,2,0,0,0,8,10,0,2,3,1,0,86,35,"West Coast","2019",14
27,"Darling, Jack",6,5,4,10,1,0,0,1,0,2,0,5,1,1,0,5,6,1,2,1,0,0,90,35,"West Coast","2019",14
14,"Duggan, Liam",9,5,3,12,0,0,0,3,1,2,0,0,1,0,0,2,10,0,0,3,0,0,84,35,"West Coast","2019",14
3,"Gaff, Andrew",18,4,13,31,0,0,0,0,2,6,4,4,0,0,1,5,24,1,0,1,0,0,88,35,"West Coast","2019",14
16,"Hickey, Tom",7,4,11,18,0,0,26,3,1,4,8,2,0,1,0,11,8,0,0,3,0,0,74,35,"West Coast","2019",14
25,"Hurn, Shannon",11,5,6,17,0,0,0,0,1,1,1,0,1,0,0,7,9,1,0,3,0,1,83,35,"West Coast","2019",14
34,"Hutchings, Mark",8,3,2,10,0,2,0,0,0,1,0,1,0,0,0,1,7,0,1,1,0,0,90,35,"West Coast","2019",14
23,"Jetta, Lewis",12,4,6,18,0,0,0,2,2,4,1,3,1,2,0,2,16,0,0,2,2,1,85,35,"West Coast","2019",14
17,"Kennedy, Josh",9,8,0,9,3,5,0,1,0,0,0,3,1,3,0,4,5,3,8,2,0,0,80,35,"West Coast","2019",14
7,"Masten, Chris",10,7,3,13,0,0,0,2,4,2,0,3,0,1,0,1,12,0,0,2,0,0,84,35,"West Coast","2019",14
20,"McGovern, Jeremy",11,7,5,16,0,1,0,0,2,1,0,3,4,2,0,9,7,4,1,7,0,0,84,35,"West Coast","2019",14
30,"Nelson, Jackson",9,4,0,9,0,0,0,1,4,2,0,1,0,0,0,0,8,0,0,2,0,0,89,35,"West Coast","2019",14
21,"Petruccelle, Jack",9,2,1,10,2,2,0,1,1,2,0,2,0,0,0,4,6,0,0,2,0,0,77,35,"West Coast","2019",14
8,"Redden, Jack",12,5,18,30,0,2,0,6,0,3,4,2,2,2,0,8,24,0,1,3,0,0,81,35,"West Coast","2019",14
1,"Ryan, Liam",9,3,6,15,1,2,0,1,0,2,1,1,2,1,0,9,6,1,3,0,2,1,69,35,"West Coast","2019",14
31,"Schofield, Will",5,3,3,8,0,0,0,2,2,2,0,1,0,0,0,3,5,0,0,8,0,0,87,35,"West Coast","2019",14
4,"Sheed, Dom",13,5,23,36,2,0,0,1,2,6,6,2,1,1,3,14,23,0,0,1,0,1,77,35,"West Coast","2019",14
5,"Sheppard, Brad",14,11,5,19,0,0,0,0,2,3,0,1,1,1,0,5,14,3,0,2,0,0,87,35,"West Coast","2019",14
13,"Shuey, Luke",12,7,14,26,0,0,0,7,2,2,5,4,2,4,0,10,21,0,1,4,0,0,78,35,"West Coast","2019",14
6,"Yeo, Elliot",17,3,8,25,1,0,0,12,1,9,7,5,2,0,2,11,12,1,0,2,2,3,79,35,"West Coast","2019",14
0,"Rushed",0,0,0,0,0,3,0,0,0,0,0,0,0,0,0,0,0,0,0,0,0,0,0,35,"West Coast","2019",14
29,"Ambrose, Patrick",7,5,3,10,0,0,0,1,2,1,0,2,2,1,0,3,8,0,0,4,0,0,90,-35,"Essendon","2019",14
16,"Begley, Josh",12,5,3,15,3,0,0,1,0,2,1,3,3,2,0,9,7,2,2,1,0,0,82,-35,"Essendon","2019",14
2,"Bellchambers, Tom",12,5,5,17,1,0,27,1,3,3,6,4,2,2,0,8,11,0,1,5,0,0,81,-35,"Essendon","2019",14
28,"Brown, Mitch",10,7,6,16,1,0,0,0,0,5,0,1,0,1,0,5,10,1,0,2,0,0,98,-35,"Essendon","2019",14
37,"Clarke, Dylan",7,2,8,15,0,0,0,6,1,2,5,0,1,0,0,7,8,0,0,2,0,0,80,-35,"Essendon","2019",14
13,"Fantasia, Orazio",3,3,3,6,0,0,0,1,1,0,0,0,0,0,0,1,5,0,0,0,0,0,86,-35,"Essendon","2019",14
35,"Guelfi, Matt",2,1,1,3,0,0,0,0,1,0,0,0,2,0,0,3,1,0,0,0,0,0,21,-35,"Essendon","2019",14
21,"Heppell, Dyson",8,6,22,30,0,0,0,0,2,0,3,1,1,0,0,13,17,1,1,0,0,1,85,-35,"Essendon","2019",14
26,"Hooker, Cale",17,15,11,28,0,0,0,0,7,1,0,6,1,1,0,10,16,5,0,3,0,0,94,-35,"Essendon","2019",14
18,"Hurley, Michael",13,8,4,17,0,0,0,0,7,0,0,2,1,0,0,4,12,0,0,5,0,0,91,-35,"Essendon","2019",14
4,"Langford, Kyle",10,3,5,15,0,0,0,7,1,3,2,6,0,4,0,5,10,0,0,1,0,1,86,-35,"Essendon","2019",14
15,"Laverde, Jayden",8,5,5,13,2,0,0,1,0,1,0,0,1,0,0,6,7,2,2,0,0,2,88,-35,"Essendon","2019",14
43,"McDonald-Tipungwuti, Anthony",2,1,4,6,1,0,0,4,0,1,0,2,0,2,0,3,4,0,1,2,0,1,79,-35,"Essendon","2019",14
1,"McGrath, Andrew",9,2,9,18,1,0,0,2,2,1,0,2,1,1,0,6,12,0,0,2,1,0,83,-35,"Essendon","2019",14
45,"McKenna, Conor",12,4,5,17,0,0,0,1,3,0,0,1,0,1,0,0,12,0,0,0,6,0,85,-35,"Essendon","2019",14
44,"McKernan, Shaun",3,1,6,9,0,0,9,0,1,3,1,6,1,5,0,5,4,0,0,2,0,0,88,-35,"Essendon","2019",14
7,"Merrett, Zach",15,2,15,30,0,1,0,6,1,8,5,6,2,1,0,11,19,1,0,0,2,1,76,-35,"Essendon","2019",14
3,"Parish, Darcy",15,7,12,27,1,0,0,0,2,2,0,2,0,0,0,5,22,0,1,0,0,0,79,-35,"Essendon","2019",14
27,"Redman, Mason",16,5,6,22,0,1,0,4,2,2,0,4,2,1,0,3,19,0,0,3,1,2,81,-35,"Essendon","2019",14
42,"Saad, Adam",11,1,1,12,0,0,0,1,5,1,0,1,0,0,0,3,1,0,0,5,0,0,80,-35,"Essendon","2019",14
9,"Shiel, Dylan",12,3,10,22,1,1,0,6,1,3,7,2,1,1,0,12,12,0,0,1,0,0,78,-35,"Essendon","2019",14
11,"Zaharakis, David",13,6,11,24,0,0,0,2,5,1,2,2,1,0,0,8,15,0,0,2,0,0,90,-35,"Essendon","2019",14
0,"Rushed",0,0,0,0,0,2,0,0,0,0,0,0,0,0,0,0,0,0,0,0,0,0,0,-35,"Essendon","2019",14
