"Number","Player","Kicks","Marks","Handballs","Disposals","Goals","Behinds","Hitouts","Tackles","Rebounds50s","Inside50s","Clearances","Clangers","FreesFor","FreesAgainst","BrownlowVotes","ContestedPossessions","UncontestedPossessions","ContestedMarks","MarksInside50","OnePercenters","Bounces","GoalAssists","PercentagePlayed","PointDifference","Team","Season","Round"
4,"Bontempelli, Marcus",21,7,7,28,2,1,0,5,2,9,4,4,0,1,3,9,18,1,1,3,0,2,84,47,"Western Bulldogs","2019",19
12,"Cordy, Zaine",7,2,6,13,0,1,0,2,0,1,2,2,1,2,0,5,8,0,1,6,0,1,95,47,"Western Bulldogs","2019",19
9,"Crozier, Hayden",12,8,8,20,0,0,0,1,2,0,0,2,1,0,0,4,16,1,0,8,0,0,83,47,"Western Bulldogs","2019",19
31,"Dale, Bailey",10,6,3,13,4,2,0,2,0,4,0,0,1,0,0,3,10,0,3,0,0,0,80,47,"Western Bulldogs","2019",19
35,"Daniel, Caleb",15,2,14,29,0,0,0,3,8,2,1,3,1,2,0,9,12,0,0,1,2,0,75,47,"Western Bulldogs","2019",19
29,"Dickson, Tory",10,8,4,14,0,2,0,0,3,1,0,1,0,1,0,2,12,0,1,3,1,0,84,47,"Western Bulldogs","2019",19
5,"Dunkley, Josh",11,2,15,26,0,0,0,1,0,3,4,3,1,1,0,8,18,0,0,3,1,1,89,47,"Western Bulldogs","2019",19
15,"Duryea, Taylor",12,9,6,18,0,0,0,2,3,1,0,3,1,2,0,5,13,2,0,1,1,1,78,47,"Western Bulldogs","2019",19
44,"English, Tim",6,2,7,13,0,0,14,4,1,1,2,3,0,3,0,6,7,1,0,7,0,0,85,47,"Western Bulldogs","2019",19
7,"Hunter, Lachie",17,5,10,27,1,0,0,1,1,4,3,5,2,0,0,7,21,0,1,4,0,1,92,47,"Western Bulldogs","2019",19
39,"Johannisen, Jason",13,4,11,24,1,0,0,2,3,6,0,0,0,0,0,6,16,0,0,2,4,1,79,47,"Western Bulldogs","2019",19
21,"Liberatore, Tom",7,3,12,19,0,1,0,1,1,3,4,0,1,0,0,8,11,0,0,0,0,0,76,47,"Western Bulldogs","2019",19
27,"Lipinski, Patrick",12,6,7,19,1,0,0,0,1,3,1,2,0,0,0,4,18,0,1,4,0,1,71,47,"Western Bulldogs","2019",19
22,"Lloyd, Sam",13,7,3,16,3,1,0,2,0,4,0,4,1,0,0,5,13,0,2,1,0,0,80,47,"Western Bulldogs","2019",19
11,"Macrae, Jack",19,7,19,38,0,0,0,5,1,4,8,5,3,4,2,18,22,0,1,0,1,1,87,47,"Western Bulldogs","2019",19
38,"Morris, Dale",3,2,3,6,0,0,0,0,1,0,1,0,1,0,0,3,3,1,0,1,0,0,50,47,"Western Bulldogs","2019",19
33,"Naughton, Aaron",11,10,9,20,1,2,0,1,0,3,0,0,2,0,0,10,8,4,2,3,1,2,85,47,"Western Bulldogs","2019",19
20,"Richards, Ed",10,5,5,15,0,3,0,0,1,2,1,2,1,0,0,5,11,1,0,2,0,0,80,47,"Western Bulldogs","2019",19
6,"Smith, Bailey",14,4,6,20,2,2,0,4,0,5,4,3,1,1,0,7,14,0,0,1,0,1,80,47,"Western Bulldogs","2019",19
8,"Trengove, Jackson",10,4,5,15,0,0,0,2,4,1,0,1,1,1,0,5,10,0,0,6,0,0,98,47,"Western Bulldogs","2019",19
14,"West, Rhylee",8,3,6,14,1,0,0,1,1,2,0,3,1,1,0,8,6,1,0,1,0,1,75,47,"Western Bulldogs","2019",19
10,"Wood, Easton",7,6,3,10,0,0,0,2,1,0,0,2,2,1,0,2,9,0,0,3,0,0,92,47,"Western Bulldogs","2019",19
0,"Rushed",0,0,0,0,0,2,0,0,0,0,0,0,0,0,0,0,0,0,0,0,0,0,0,47,"Western Bulldogs","2019",19
1,"Ballantyne, Hayden",10,5,4,14,0,1,0,1,0,3,0,2,1,1,0,6,10,0,1,2,0,0,80,-47,"Fremantle","2019",19
34,"Bewley, Brett",6,4,3,9,0,0,0,3,2,2,1,2,0,1,0,3,7,0,0,0,1,0,77,-47,"Fremantle","2019",19
19,"Blakely, Connor",17,9,5,22,0,0,0,2,6,2,2,3,2,2,0,5,15,1,0,0,0,1,95,-47,"Fremantle","2019",19
8,"Brayshaw, Andrew",17,3,9,26,3,1,0,3,2,3,3,6,0,1,1,12,14,1,0,0,0,0,75,-47,"Fremantle","2019",19
5,"Cerra, Adam",8,6,5,13,0,0,0,0,4,3,2,1,0,0,0,6,7,1,1,2,0,0,68,-47,"Fremantle","2019",19
6,"Conca, Reece",9,2,8,17,1,0,0,2,2,4,2,4,1,2,0,5,12,0,0,3,2,0,72,-47,"Fremantle","2019",19
4,"Darcy, Sean",4,2,9,13,0,1,19,1,1,2,2,1,1,0,0,6,6,0,1,2,0,0,65,-47,"Fremantle","2019",19
44,"Duman, Taylin",9,6,6,15,0,0,0,0,2,0,0,3,0,2,0,1,14,0,0,4,0,0,93,-47,"Fremantle","2019",19
7,"Fyfe, Nat",18,5,15,33,0,2,0,4,2,5,7,5,5,3,0,15,18,1,0,1,0,0,86,-47,"Fremantle","2019",19
21,"Hamling, Joel",9,9,3,12,0,0,0,0,5,0,0,2,2,2,0,4,8,2,0,9,0,0,100,-47,"Fremantle","2019",19
9,"Hill, Bradley",11,3,11,22,0,0,0,1,2,4,2,3,0,0,0,4,18,0,0,0,0,1,90,-47,"Fremantle","2019",19
26,"Langdon, Ed",8,4,8,16,0,1,0,3,2,2,0,1,1,1,0,2,12,0,0,0,0,0,85,-47,"Fremantle","2019",19
37,"Lobb, Rory",6,8,5,11,1,2,2,0,0,2,0,1,1,1,0,6,5,4,2,1,0,1,100,-47,"Fremantle","2019",19
2,"Logue, Griffin",5,3,3,8,0,0,0,1,1,1,0,2,0,0,0,1,7,1,0,7,0,0,93,-47,"Fremantle","2019",19
3,"Matera, Brandon",7,2,4,11,0,2,0,0,1,2,0,0,0,0,0,3,7,0,0,2,0,0,73,-47,"Fremantle","2019",19
16,"Mundy, David",10,6,8,18,0,0,0,5,1,3,3,0,1,0,0,7,12,0,1,2,0,1,77,-47,"Fremantle","2019",19
38,"Ryan, Luke",7,5,3,10,0,0,0,2,3,1,0,2,0,0,0,1,8,0,0,4,0,1,63,-47,"Fremantle","2019",19
31,"Sandilands, Aaron",0,2,8,8,0,0,35,4,0,1,3,1,2,0,0,6,2,1,0,4,0,0,79,-47,"Fremantle","2019",19
28,"Schultz, Lachie",6,2,5,11,1,0,0,2,0,1,1,2,1,2,0,9,4,2,1,1,0,1,78,-47,"Fremantle","2019",19
18,"Tucker, Darcy",5,4,9,14,2,0,0,2,1,0,1,3,0,0,0,2,12,0,1,3,0,0,83,-47,"Fremantle","2019",19
10,"Walters, Michael",14,3,7,21,1,1,0,8,2,3,3,3,2,3,0,10,12,1,1,1,0,0,86,-47,"Fremantle","2019",19
14,"Wilson, Nathan",10,4,2,12,0,0,0,2,3,0,0,3,0,1,0,3,6,0,0,2,0,0,81,-47,"Fremantle","2019",19
0,"Rushed",0,0,0,0,0,1,0,0,0,0,0,0,0,0,0,0,0,0,0,0,0,0,0,-47,"Fremantle","2019",19
