"Number","Player","Kicks","Marks","Handballs","Disposals","Goals","Behinds","Hitouts","Tackles","Rebounds50s","Inside50s","Clearances","Clangers","FreesFor","FreesAgainst","BrownlowVotes","ContestedPossessions","UncontestedPossessions","ContestedMarks","MarksInside50","OnePercenters","Bounces","GoalAssists","PercentagePlayed","PointDifference","Team","Season","Round"
4,"Bontempelli, Marcus",16,3,8,24,0,2,1,2,1,7,7,2,2,1,0,10,14,0,0,3,1,1,89,-44,"Western Bulldogs","2019",5
12,"Cordy, Zaine",2,1,4,6,0,0,0,3,0,0,0,3,1,2,0,5,2,0,0,3,0,0,97,-44,"Western Bulldogs","2019",5
9,"Crozier, Hayden",16,8,2,18,0,0,0,2,5,5,1,2,1,0,0,5,12,0,0,2,0,0,88,-44,"Western Bulldogs","2019",5
35,"Daniel, Caleb",14,2,17,31,0,0,0,1,6,2,1,5,0,0,0,9,15,0,0,3,0,0,90,-44,"Western Bulldogs","2019",5
29,"Dickson, Tory",8,2,4,12,2,0,0,1,1,1,0,4,1,1,0,4,8,1,1,1,1,0,82,-44,"Western Bulldogs","2019",5
5,"Dunkley, Josh",4,4,11,15,0,0,1,9,0,0,1,1,1,0,0,9,7,0,1,3,0,1,83,-44,"Western Bulldogs","2019",5
44,"English, Tim",9,5,4,13,0,1,28,7,1,2,1,1,2,0,0,6,5,2,1,2,0,0,85,-44,"Western Bulldogs","2019",5
26,"Gowers, Billy",8,6,5,13,1,2,0,1,0,2,1,0,2,0,0,8,6,2,3,3,0,0,80,-44,"Western Bulldogs","2019",5
32,"Hayes, Will",7,7,14,21,0,0,0,1,1,2,0,3,0,1,0,5,15,1,0,1,0,1,80,-44,"Western Bulldogs","2019",5
7,"Hunter, Lachie",6,6,12,18,0,1,0,1,3,1,1,0,0,0,0,7,11,1,1,2,3,0,91,-44,"Western Bulldogs","2019",5
39,"Johannisen, Jason",21,6,5,26,0,0,0,0,5,3,0,1,0,0,0,4,19,0,0,0,5,0,75,-44,"Western Bulldogs","2019",5
21,"Liberatore, Tom",6,3,13,19,1,2,0,3,0,2,9,1,2,1,0,14,7,0,1,2,0,0,76,-44,"Western Bulldogs","2019",5
22,"Lloyd, Sam",7,3,4,11,2,1,0,0,1,0,0,1,0,0,0,6,4,2,1,0,0,0,79,-44,"Western Bulldogs","2019",5
11,"Macrae, Jack",11,5,13,24,0,0,0,6,1,4,1,5,2,0,0,10,13,0,0,2,0,1,88,-44,"Western Bulldogs","2019",5
16,"McLean, Toby",10,7,7,17,1,1,0,5,0,3,1,4,1,1,0,4,12,0,2,0,0,0,70,-44,"Western Bulldogs","2019",5
33,"Naughton, Aaron",4,2,1,5,0,0,0,1,0,2,0,1,1,0,0,3,2,1,1,1,0,0,82,-44,"Western Bulldogs","2019",5
20,"Richards, Ed",12,4,4,16,0,0,0,1,3,3,0,3,1,2,0,6,10,0,0,2,2,0,72,-44,"Western Bulldogs","2019",5
6,"Smith, Bailey",10,3,8,18,0,0,0,3,0,6,0,2,2,0,0,4,14,0,0,1,1,1,72,-44,"Western Bulldogs","2019",5
3,"Wallis, Mitch",7,1,9,16,0,0,0,4,0,5,1,2,1,1,0,6,10,0,0,1,0,0,74,-44,"Western Bulldogs","2019",5
34,"Williams, Bailey",5,3,4,9,0,1,0,4,2,1,1,3,0,1,0,2,7,0,0,0,0,0,73,-44,"Western Bulldogs","2019",5
10,"Wood, Easton",3,4,8,11,0,2,0,1,1,1,0,2,1,1,0,4,7,1,0,7,1,0,89,-44,"Western Bulldogs","2019",5
40,"Young, Lachie",7,3,5,12,0,0,0,4,2,1,0,3,1,0,0,3,9,1,0,2,1,1,85,-44,"Western Bulldogs","2019",5
0,"Rushed",0,0,0,0,0,2,0,0,0,0,0,0,0,0,0,0,0,0,0,0,0,0,0,-44,"Western Bulldogs","2019",5
41,"Casboult, Levi",7,5,4,11,3,0,8,1,0,1,0,2,1,0,0,7,4,3,4,1,0,0,79,44,"Carlton","2019",5
9,"Cripps, Patrick",5,5,32,37,0,0,0,2,0,1,11,6,0,3,3,16,21,1,0,2,0,0,89,44,"Carlton","2019",5
35,"Curnow, Ed",9,2,7,16,0,1,0,1,1,3,3,2,1,0,0,5,9,0,0,0,0,1,79,44,"Carlton","2019",5
2,"Dow, Paddy",12,2,5,17,1,1,0,3,1,4,2,1,2,0,0,7,10,0,0,1,2,1,78,44,"Carlton","2019",5
25,"Fisher, Zac",14,6,14,28,1,0,0,3,2,5,7,2,0,1,0,10,18,0,1,1,0,2,82,44,"Carlton","2019",5
40,"Gibbons, Michael",16,6,5,21,1,1,0,3,1,5,0,1,1,1,0,2,18,0,1,2,0,1,80,44,"Carlton","2019",5
14,"Jones, Liam",5,5,0,5,0,0,0,1,1,0,0,1,0,1,0,1,4,1,0,2,0,0,91,44,"Carlton","2019",5
8,"Kreuzer, Matthew",9,4,5,14,0,1,25,2,1,1,5,2,1,1,0,10,5,2,1,1,0,0,80,44,"Carlton","2019",5
22,"Marchbank, Caleb",6,3,6,12,0,0,0,2,2,1,1,2,0,0,0,4,9,0,0,4,0,0,79,44,"Carlton","2019",5
11,"McGovern, Mitch",7,4,2,9,1,1,0,0,0,3,1,3,0,2,0,2,5,0,1,1,0,0,80,44,"Carlton","2019",5
10,"McKay, Harry",15,11,5,20,4,3,3,2,0,3,1,2,2,0,1,13,7,5,4,3,4,0,82,44,"Carlton","2019",5
3,"Murphy, Marc",18,6,10,28,1,0,0,2,0,2,2,3,1,1,0,7,22,0,0,0,0,1,87,44,"Carlton","2019",5
24,"Newman, Nic",19,9,2,21,0,0,0,2,10,2,0,4,0,2,0,3,13,0,0,2,0,1,79,44,"Carlton","2019",5
4,"OBrien, Lochie",6,4,1,7,0,0,0,1,0,2,0,0,1,0,0,2,5,0,0,0,0,0,69,44,"Carlton","2019",5
5,"Petrevski-Seton, Sam",14,7,21,35,1,1,0,0,2,4,7,4,0,2,2,15,23,0,1,2,0,0,85,44,"Carlton","2019",5
20,"Plowman, Lachie",14,8,8,22,0,0,0,1,2,2,0,1,0,0,0,6,14,1,0,4,0,0,94,44,"Carlton","2019",5
29,"Polson, Cameron",0,0,4,4,0,0,0,2,0,1,0,1,0,0,0,0,4,0,0,3,0,0,61,44,"Carlton","2019",5
1,"Silvagni, Jack",11,9,7,18,1,1,0,3,1,3,0,4,0,2,0,3,14,0,3,1,0,2,76,44,"Carlton","2019",5
6,"Simpson, Kade",16,4,4,20,0,0,0,6,8,2,0,2,1,1,0,5,11,0,0,3,0,1,94,44,"Carlton","2019",5
39,"Thomas, Dale",10,5,4,14,0,0,0,1,5,2,0,6,1,4,0,2,10,0,0,3,0,0,75,44,"Carlton","2019",5
18,"Walsh, Sam",15,9,11,26,1,0,0,4,2,0,2,2,0,1,0,7,21,0,0,1,0,1,87,44,"Carlton","2019",5
23,"Weitering, Jacob",9,4,2,11,0,0,0,0,5,1,0,2,0,0,0,5,5,1,0,3,0,0,94,44,"Carlton","2019",5
0,"Rushed",0,0,0,0,0,1,0,0,0,0,0,0,0,0,0,0,0,0,0,0,0,0,0,44,"Carlton","2019",5
