"Number","Player","Kicks","Marks","Handballs","Disposals","Goals","Behinds","Hitouts","Tackles","Rebounds50s","Inside50s","Clearances","Clangers","FreesFor","FreesAgainst","BrownlowVotes","ContestedPossessions","UncontestedPossessions","ContestedMarks","MarksInside50","OnePercenters","Bounces","GoalAssists","PercentagePlayed","PointDifference","Team","Season","Round"
4,"Ablett, Gary",9,0,10,19,2,0,0,0,0,3,1,4,1,3,0,8,12,0,0,1,0,0,87,27,"Geelong","2019",15
30,"Atkins, Tom",3,1,4,7,0,0,0,7,0,2,2,2,0,0,0,4,3,0,1,0,0,0,75,27,"Geelong","2019",15
24,"Bews, Jed",11,8,7,18,1,0,0,4,4,4,0,0,0,0,0,7,12,0,1,2,0,1,85,27,"Geelong","2019",15
46,"Blicavs, Mark",9,5,9,18,0,0,16,6,3,3,2,0,1,0,0,6,12,1,1,8,0,0,89,27,"Geelong","2019",15
6,"Clark, Jordan",12,6,11,23,1,1,0,3,0,4,1,4,1,0,0,8,17,1,1,2,0,0,76,27,"Geelong","2019",15
40,"Dahlhaus, Luke",7,2,14,21,0,1,0,6,0,2,2,3,1,1,0,8,14,0,1,1,0,0,88,27,"Geelong","2019",15
35,"Dangerfield, Patrick",13,4,11,24,0,2,0,5,0,8,1,5,3,2,0,13,12,2,1,3,1,1,87,27,"Geelong","2019",15
22,"Duncan, Mitch",10,7,18,28,1,0,0,3,1,3,2,7,0,2,0,9,18,0,1,2,0,0,79,27,"Geelong","2019",15
13,"Fogarty, Lachie",3,3,4,7,0,0,0,7,0,1,0,0,1,0,0,3,4,0,0,1,0,1,56,27,"Geelong","2019",15
29,"Guthrie, Cameron",10,3,12,22,2,0,0,4,0,2,6,4,0,1,1,7,14,0,1,0,0,0,63,27,"Geelong","2019",15
26,"Hawkins, Tom",9,6,3,12,2,3,0,0,0,1,1,0,0,0,0,5,6,2,4,1,0,0,95,27,"Geelong","2019",15
38,"Henry, Jack",11,6,0,11,0,0,0,3,1,1,0,3,0,2,0,5,6,2,1,4,0,1,86,27,"Geelong","2019",15
11,"Kelly, Tim",22,6,11,33,2,1,0,1,2,4,9,4,1,1,3,13,20,0,0,1,2,1,87,27,"Geelong","2019",15
8,"Kolodjashnij, Jake",12,7,2,14,0,0,0,2,3,4,0,1,0,1,0,3,11,1,0,10,0,0,80,27,"Geelong","2019",15
32,"Miers, Gryan",14,5,6,20,2,0,0,2,0,8,0,1,0,0,0,5,15,0,1,1,0,2,92,27,"Geelong","2019",15
42,"OConnor, Mark",5,5,4,9,0,0,0,1,2,0,1,1,0,0,0,3,6,1,0,2,0,0,81,27,"Geelong","2019",15
3,"Parfitt, Brandan",10,1,8,18,0,0,0,4,0,1,2,5,1,1,0,7,12,0,0,1,0,0,61,27,"Geelong","2019",15
14,"Selwood, Joel",18,7,15,33,0,0,0,2,1,2,6,1,2,0,2,12,20,1,0,2,0,1,80,27,"Geelong","2019",15
1,"Stanley, Rhys",8,4,5,13,1,2,18,2,0,5,1,6,0,2,0,6,6,1,3,9,0,1,88,27,"Geelong","2019",15
44,"Stewart, Tom",19,11,7,26,0,0,0,1,6,2,0,2,0,0,0,4,18,0,0,3,0,1,89,27,"Geelong","2019",15
7,"Taylor, Harry",9,5,7,16,0,0,0,3,1,2,0,1,0,0,0,6,9,0,0,10,0,0,91,27,"Geelong","2019",15
2,"Tuohy, Zach",13,4,5,18,0,0,0,0,5,1,0,1,0,0,0,5,11,0,0,0,0,0,85,27,"Geelong","2019",15
0,"Rushed",0,0,0,0,0,2,0,0,0,0,0,0,0,0,0,0,0,0,0,0,0,0,0,27,"Geelong","2019",15
21,"Atkins, Rory",18,8,6,24,0,1,0,1,3,2,2,3,0,0,0,4,18,0,0,2,0,0,82,-27,"Adelaide","2019",15
18,"Betts, Eddie",5,1,4,9,0,1,0,2,0,1,0,2,1,0,0,5,2,0,0,0,0,1,82,-27,"Adelaide","2019",15
16,"Brown, Luke",10,1,5,15,0,0,0,3,5,1,0,1,3,0,0,6,6,0,0,0,3,0,81,-27,"Adelaide","2019",15
2,"Crouch, Brad",18,4,9,27,0,2,0,5,2,6,4,2,1,1,0,7,19,0,0,1,0,0,76,-27,"Adelaide","2019",15
5,"Crouch, Matt",12,2,18,30,0,0,0,5,4,2,6,2,0,1,0,13,18,1,0,1,0,0,76,-27,"Adelaide","2019",15
40,"Davis, Ben",3,2,4,7,0,0,0,1,1,1,0,1,0,0,0,3,4,0,1,0,0,0,68,-27,"Adelaide","2019",15
26,"Douglas, Richard",5,4,10,15,0,0,0,1,0,1,1,2,0,0,0,4,11,0,0,1,0,0,88,-27,"Adelaide","2019",15
7,"Gallucci, Jordan",10,4,1,11,1,0,0,0,2,4,0,0,1,0,0,3,7,0,1,2,2,0,82,-27,"Adelaide","2019",15
6,"Gibbs, Bryce",8,1,5,13,0,0,0,4,2,2,2,1,0,1,0,6,7,0,0,0,0,0,68,-27,"Adelaide","2019",15
1,"Greenwood, Hugh",9,3,5,14,1,0,0,7,3,0,4,1,2,1,0,11,4,1,1,1,0,0,71,-27,"Adelaide","2019",15
15,"Hartigan, Kyle",8,5,5,13,0,0,0,0,4,0,0,2,0,0,0,6,6,2,0,4,0,0,93,-27,"Adelaide","2019",15
34,"Himmelberg, Elliott",5,3,4,9,2,0,2,3,1,0,0,2,0,2,0,3,4,1,0,1,0,1,83,-27,"Adelaide","2019",15
42,"Keath, Alex",10,7,7,17,0,0,0,2,6,1,2,6,1,3,0,8,9,2,0,4,0,0,89,-27,"Adelaide","2019",15
8,"Kelly, Jake",9,5,6,15,0,0,0,2,2,2,2,1,0,1,0,7,10,1,0,4,0,0,74,-27,"Adelaide","2019",15
29,"Laird, Rory",7,3,16,23,0,0,0,4,4,0,0,0,0,0,0,4,16,0,0,2,1,0,88,-27,"Adelaide","2019",15
44,"Murphy, Lachlan",5,4,5,10,1,0,0,6,0,2,0,1,1,0,0,3,8,1,1,0,0,0,80,-27,"Adelaide","2019",15
43,"OBrien, Reilly",11,2,7,18,1,0,39,7,2,2,6,3,2,0,0,12,7,1,1,4,0,0,88,-27,"Adelaide","2019",15
11,"Seedsman, Paul",16,6,12,28,2,1,0,0,0,6,2,3,0,1,0,3,27,1,0,1,7,0,85,-27,"Adelaide","2019",15
9,"Sloane, Rory",13,3,17,30,0,0,0,6,1,3,9,2,2,0,0,16,14,0,0,1,0,1,86,-27,"Adelaide","2019",15
33,"Smith, Brodie",10,1,4,14,1,0,0,2,3,1,2,3,1,0,0,6,6,0,0,2,0,0,83,-27,"Adelaide","2019",15
12,"Talia, Daniel",5,3,2,7,0,0,0,0,3,0,0,1,0,0,0,4,2,1,0,0,0,0,93,-27,"Adelaide","2019",15
13,"Walker, Taylor",7,4,3,10,1,0,0,2,0,3,0,2,1,1,0,4,6,1,2,2,1,2,86,-27,"Adelaide","2019",15
0,"Rushed",0,0,0,0,0,4,0,0,0,0,0,0,0,0,0,0,0,0,0,0,0,0,0,-27,"Adelaide","2019",15
