"Number","Player","Kicks","Marks","Handballs","Disposals","Goals","Behinds","Hitouts","Tackles","Rebounds50s","Inside50s","Clearances","Clangers","FreesFor","FreesAgainst","BrownlowVotes","ContestedPossessions","UncontestedPossessions","ContestedMarks","MarksInside50","OnePercenters","Bounces","GoalAssists","PercentagePlayed","PointDifference","Team","Season","Round"
36,"Aliir, Aliir",6,7,3,9,0,0,0,2,2,0,0,0,0,0,0,2,7,1,0,3,0,0,85,-41,"Sydney","2019",6
22,"Blakey, Nick",4,1,2,6,2,0,0,0,0,1,0,2,1,1,0,3,2,0,1,1,0,0,73,-41,"Sydney","2019",6
4,"Clarke, Ryan",8,2,3,11,0,0,0,3,0,2,2,4,0,1,0,3,7,0,0,2,0,0,58,-41,"Sydney","2019",6
7,"Cunningham, Harry",18,5,4,22,0,1,0,1,5,5,0,2,0,0,0,5,12,2,0,1,1,0,86,-41,"Sydney","2019",6
34,"Dawson, Jordan",13,4,5,18,2,0,0,5,4,3,1,2,3,0,0,8,10,1,1,2,0,0,86,-41,"Sydney","2019",6
13,"Florent, Oliver",9,2,7,16,0,0,0,2,3,4,3,3,0,0,0,4,12,0,0,0,0,0,87,-41,"Sydney","2019",6
5,"Heeney, Isaac",8,3,8,16,1,1,0,5,0,3,5,3,2,0,0,9,7,1,1,3,0,0,90,-41,"Sydney","2019",6
29,"Hewett, George",6,1,17,23,0,0,0,6,0,1,5,4,4,1,0,18,7,0,0,0,0,0,82,-41,"Sydney","2019",6
10,"Jones, Zak",13,2,14,27,0,0,0,7,3,6,6,1,3,0,0,10,17,0,0,0,0,0,87,-41,"Sydney","2019",6
12,"Kennedy, Josh",15,1,17,32,0,0,0,6,0,3,12,2,1,0,0,19,13,0,0,2,0,1,74,-41,"Sydney","2019",6
44,"Lloyd, Jake",14,4,11,25,0,0,0,3,4,3,0,2,0,1,0,7,15,0,0,1,0,2,86,-41,"Sydney","2019",6
30,"McCartin, Tom",5,4,1,6,1,0,0,2,0,2,0,0,1,0,0,4,3,1,2,4,0,0,86,-41,"Sydney","2019",6
43,"Melican, Lewis",4,2,1,5,0,0,0,2,1,0,0,2,0,1,0,1,3,0,0,11,0,0,90,-41,"Sydney","2019",6
14,"Mills, Callum",10,7,12,22,0,0,0,2,4,0,0,2,0,0,0,4,17,0,0,1,0,0,79,-41,"Sydney","2019",6
11,"Papley, Tom",6,2,5,11,1,1,0,3,1,0,2,2,4,2,0,4,8,0,0,0,1,0,86,-41,"Sydney","2019",6
26,"Parker, Luke",17,5,8,25,2,0,0,3,0,4,4,5,0,2,0,10,14,2,1,1,0,1,86,-41,"Sydney","2019",6
24,"Rampe, Dane",7,3,4,11,0,0,0,3,4,1,1,1,3,1,0,7,4,0,0,4,0,0,99,-41,"Sydney","2019",6
20,"Reid, Sam",6,5,6,12,2,0,9,3,1,1,0,1,0,0,0,7,5,2,1,2,0,1,89,-41,"Sydney","2019",6
25,"Ronke, Ben",4,1,4,8,0,0,0,1,0,2,1,3,0,1,0,6,3,0,1,1,0,0,74,-41,"Sydney","2019",6
8,"Rowbottom, James",6,4,4,10,0,2,0,1,0,1,0,0,1,0,0,2,8,0,1,0,0,0,65,-41,"Sydney","2019",6
18,"Sinclair, Callum",9,2,4,13,1,0,19,3,1,2,0,7,2,3,0,5,7,0,0,3,0,0,77,-41,"Sydney","2019",6
6,"Thurlow, Jackson",9,5,6,15,0,0,0,3,6,2,0,4,0,1,0,3,12,0,0,5,0,0,75,-41,"Sydney","2019",6
0,"Rushed",0,0,0,0,0,2,0,0,0,0,0,0,0,0,0,0,0,0,0,0,0,0,0,-41,"Sydney","2019",6
21,"Buntine, Matt",9,5,7,16,0,0,0,3,0,1,0,2,0,1,0,2,14,0,0,3,0,0,80,41,"Greater Western Sydney","2019",6
18,"Cameron, Jeremy",13,8,8,21,3,3,0,5,1,4,0,4,2,4,0,7,16,1,2,1,0,1,87,41,"Greater Western Sydney","2019",6
3,"Coniglio, Stephen",18,5,6,24,4,0,0,3,1,4,5,3,1,1,2,8,15,1,3,0,0,0,79,41,"Greater Western Sydney","2019",6
35,"Corr, Aidan",9,5,2,11,0,0,0,0,3,2,0,2,0,1,0,4,7,1,0,5,0,0,79,41,"Greater Western Sydney","2019",6
16,"Daniels, Brent",5,2,7,12,0,0,0,0,0,4,0,2,0,0,0,5,7,0,1,0,1,0,68,41,"Greater Western Sydney","2019",6
24,"de Boer, Matt",9,4,13,22,1,1,0,5,0,1,3,0,1,0,0,12,10,0,1,0,0,1,85,41,"Greater Western Sydney","2019",6
31,"Finlayson, Jeremy",9,3,5,14,0,0,0,3,0,4,2,0,0,0,0,7,7,1,0,2,0,1,82,41,"Greater Western Sydney","2019",6
4,"Greene, Toby",13,7,5,18,3,2,0,3,0,6,1,5,1,0,0,8,10,1,2,1,0,0,71,41,"Greater Western Sydney","2019",6
19,"Haynes, Nick",15,12,6,21,0,0,0,3,5,1,0,2,1,0,3,5,16,2,0,2,0,0,91,41,"Greater Western Sydney","2019",6
27,"Himmelberg, Harry",6,5,4,10,0,2,0,4,0,4,0,2,1,2,0,6,6,1,2,3,0,1,88,41,"Greater Western Sydney","2019",6
2,"Hopper, Jacob",23,7,10,33,0,1,0,3,2,4,7,4,1,2,0,19,14,1,0,0,0,1,71,41,"Greater Western Sydney","2019",6
22,"Kelly, Josh",19,2,12,31,1,2,0,6,2,4,5,3,0,2,0,14,17,0,0,0,0,1,83,41,"Greater Western Sydney","2019",6
40,"Kennedy, Adam",13,7,4,17,0,0,0,1,2,2,1,2,0,1,0,4,12,0,0,2,0,1,82,41,"Greater Western Sydney","2019",6
38,"Lloyd, Daniel",10,2,2,12,3,0,0,4,1,4,1,2,0,1,0,3,9,0,0,2,0,0,84,41,"Greater Western Sydney","2019",6
41,"Mumford, Shane",4,2,10,14,0,0,48,6,2,1,4,1,3,0,0,11,5,1,0,4,0,0,77,41,"Greater Western Sydney","2019",6
50,"Reid, Sam",3,1,7,10,0,0,0,3,1,0,1,0,1,0,0,8,3,1,0,4,0,0,84,41,"Greater Western Sydney","2019",6
23,"Shaw, Heath",19,5,6,25,0,0,0,1,7,0,0,5,1,2,0,5,17,0,0,4,6,0,94,41,"Greater Western Sydney","2019",6
14,"Taranto, Tim",21,4,9,30,1,0,0,10,0,7,6,5,0,3,1,17,14,0,1,1,0,1,83,41,"Greater Western Sydney","2019",6
15,"Taylor, Sam",2,2,4,6,0,0,0,2,1,0,0,0,1,0,0,4,2,1,0,4,0,0,90,41,"Greater Western Sydney","2019",6
20,"Tomlinson, Adam",13,9,7,20,0,0,7,4,0,1,2,2,1,1,0,10,11,1,0,3,0,0,80,41,"Greater Western Sydney","2019",6
6,"Whitfield, Lachie",4,3,4,8,2,0,0,1,0,1,1,2,0,2,0,3,5,0,1,1,0,0,79,41,"Greater Western Sydney","2019",6
29,"Williams, Zac",24,3,6,30,0,0,0,0,5,2,0,5,0,2,0,13,17,0,0,3,0,1,81,41,"Greater Western Sydney","2019",6
0,"Rushed",0,0,0,0,0,1,0,0,0,0,0,0,0,0,0,0,0,0,0,0,0,0,0,41,"Greater Western Sydney","2019",6
