"Number","Player","Kicks","Marks","Handballs","Disposals","Goals","Behinds","Hitouts","Tackles","Rebounds50s","Inside50s","Clearances","Clangers","FreesFor","FreesAgainst","BrownlowVotes","ContestedPossessions","UncontestedPossessions","ContestedMarks","MarksInside50","OnePercenters","Bounces","GoalAssists","PercentagePlayed","PointDifference","Team","Season","Round"
36,"Aliir, Aliir",9,5,7,16,0,0,0,3,4,0,0,2,0,2,0,6,8,2,0,6,0,0,91,-7,"Sydney","2019",10
22,"Blakey, Nick",8,1,0,8,1,1,0,2,0,3,0,1,1,0,0,3,2,1,1,1,0,0,85,-7,"Sydney","2019",10
4,"Clarke, Ryan",10,1,5,15,0,0,0,2,1,3,2,1,1,0,0,5,8,0,0,1,0,1,90,-7,"Sydney","2019",10
34,"Dawson, Jordan",7,1,6,13,0,0,0,7,0,4,0,1,2,0,0,4,8,0,0,1,0,1,87,-7,"Sydney","2019",10
13,"Florent, Oliver",11,2,6,17,0,0,0,5,4,2,4,1,1,0,0,10,5,0,0,1,2,0,82,-7,"Sydney","2019",10
42,"Fox, Robbie",3,0,3,6,1,0,0,6,0,0,2,2,1,1,0,4,3,0,0,3,0,0,70,-7,"Sydney","2019",10
23,"Franklin, Lance",6,3,0,6,2,0,0,2,0,1,1,4,0,4,0,3,4,0,0,1,0,0,89,-7,"Sydney","2019",10
9,"Hayward, Will",3,1,2,5,0,2,0,3,0,1,1,0,1,0,0,3,2,0,1,1,0,0,86,-7,"Sydney","2019",10
5,"Heeney, Isaac",11,6,8,19,0,0,0,5,2,5,2,1,1,0,0,5,14,0,0,2,0,1,78,-7,"Sydney","2019",10
29,"Hewett, George",4,2,8,12,0,0,0,1,0,2,2,2,1,1,0,5,7,0,0,0,0,0,47,-7,"Sydney","2019",10
12,"Kennedy, Josh",15,1,7,22,0,0,0,3,1,4,5,5,0,2,0,8,11,0,0,0,0,2,57,-7,"Sydney","2019",10
44,"Lloyd, Jake",21,4,14,35,0,0,0,1,5,2,2,3,1,1,0,6,20,0,0,2,0,0,92,-7,"Sydney","2019",10
30,"McCartin, Tom",6,2,3,9,0,1,0,1,0,2,1,2,2,0,0,7,3,0,0,5,0,0,87,-7,"Sydney","2019",10
43,"Melican, Lewis",6,6,3,9,0,0,0,3,3,0,0,2,0,1,0,4,6,1,0,3,0,0,95,-7,"Sydney","2019",10
14,"Mills, Callum",11,5,7,18,0,0,0,2,6,1,1,2,0,0,0,7,8,2,0,9,0,1,76,-7,"Sydney","2019",10
38,"ORiordan, Colin",7,1,5,12,0,0,0,2,3,1,0,4,1,2,0,2,9,0,0,2,0,0,84,-7,"Sydney","2019",10
11,"Papley, Tom",10,4,0,10,1,0,0,2,0,6,0,2,0,0,0,3,7,1,1,1,1,0,79,-7,"Sydney","2019",10
26,"Parker, Luke",19,5,9,28,0,0,0,4,6,5,8,3,1,0,0,21,7,1,0,2,0,1,86,-7,"Sydney","2019",10
24,"Rampe, Dane",14,9,9,23,0,0,0,4,10,0,0,7,0,4,0,8,11,3,0,2,0,0,93,-7,"Sydney","2019",10
20,"Reid, Sam",12,9,3,15,6,0,7,3,0,3,1,2,1,0,2,11,4,6,5,2,0,0,87,-7,"Sydney","2019",10
18,"Sinclair, Callum",7,3,4,11,0,1,20,7,2,2,4,1,2,0,0,8,4,0,1,8,0,1,83,-7,"Sydney","2019",10
6,"Thurlow, Jackson",7,3,2,9,0,0,0,2,5,0,2,4,0,1,0,3,6,0,0,4,0,0,77,-7,"Sydney","2019",10
0,"Rushed",0,0,0,0,0,2,0,0,0,0,0,0,0,0,0,0,0,0,0,0,0,0,0,-7,"Sydney","2019",10
14,"Aish, James",11,3,5,16,0,0,0,3,1,4,1,3,1,1,0,8,9,3,0,2,0,1,77,7,"Collingwood","2019",10
11,"Beams, Dayne",18,4,4,22,0,1,0,2,3,5,7,2,2,1,0,7,13,0,0,0,0,2,80,7,"Collingwood","2019",10
17,"Brown, Callum",10,1,5,15,2,0,0,9,0,5,2,1,3,0,0,7,8,0,1,2,0,1,79,7,"Collingwood","2019",10
25,"Crisp, Jack",15,3,12,27,0,0,0,3,4,5,2,2,0,0,0,15,12,0,0,2,0,0,95,7,"Collingwood","2019",10
19,"Greenwood, Levi",16,11,5,21,0,0,0,0,2,4,0,4,0,2,0,8,13,3,0,3,0,0,84,7,"Collingwood","2019",10
4,"Grundy, Brodie",10,5,8,18,0,1,64,8,4,1,7,6,0,3,3,14,5,2,0,3,0,1,87,7,"Collingwood","2019",10
32,"Hoskin-Elliott, Will",11,3,4,15,0,0,0,2,0,7,0,4,1,2,0,3,11,0,0,0,0,0,89,7,"Collingwood","2019",10
38,"Howe, Jeremy",9,4,3,12,0,0,0,2,4,1,0,4,0,3,0,7,5,2,0,7,0,0,94,7,"Collingwood","2019",10
44,"Madgen, Jack",4,2,3,7,0,0,0,1,1,0,0,1,0,1,0,1,6,0,0,2,0,0,71,7,"Collingwood","2019",10
37,"Maynard, Brayden",13,3,5,18,0,0,0,4,4,3,0,1,1,1,0,5,10,0,0,0,0,0,92,7,"Collingwood","2019",10
16,"Mayne, Chris",12,7,8,20,2,0,0,5,0,0,3,1,1,0,0,5,14,0,2,4,0,0,86,7,"Collingwood","2019",10
41,"Mihocek, Brody",11,5,1,12,1,3,0,1,0,6,0,2,1,1,0,4,8,2,1,3,0,1,91,7,"Collingwood","2019",10
10,"Pendlebury, Scott",15,2,14,29,1,0,0,9,1,5,9,1,2,0,1,16,14,0,0,3,0,0,84,7,"Collingwood","2019",10
21,"Phillips, Tom",14,2,9,23,0,0,0,4,6,2,1,5,0,0,0,8,15,0,0,1,0,0,88,7,"Collingwood","2019",10
20,"Reid, Ben",5,2,6,11,1,1,4,1,0,1,2,1,1,0,0,6,5,0,1,0,0,1,93,7,"Collingwood","2019",10
23,"Roughead, Jordan",7,2,1,8,0,0,0,0,3,0,0,0,2,0,0,3,3,0,0,6,0,0,87,7,"Collingwood","2019",10
22,"Sidebottom, Steele",8,2,5,13,0,0,0,3,1,3,1,1,0,0,0,3,9,0,0,3,1,0,86,7,"Collingwood","2019",10
1,"Stephenson, Jaidyn",9,4,4,13,1,1,0,6,0,1,0,4,2,0,0,6,6,0,3,0,0,0,87,7,"Collingwood","2019",10
24,"Thomas, Josh",8,2,5,13,0,3,0,2,0,4,2,3,0,1,0,5,8,0,0,0,0,0,76,7,"Collingwood","2019",10
7,"Treloar, Adam",17,4,21,38,0,1,0,2,0,4,10,5,0,0,0,13,24,0,0,1,0,0,83,7,"Collingwood","2019",10
3,"Wells, Daniel",6,4,5,11,3,0,0,2,0,1,0,1,1,0,0,4,7,0,2,1,0,0,37,7,"Collingwood","2019",10
33,"Wills, Rupert",5,2,6,11,0,0,1,3,0,1,2,1,1,1,0,6,7,0,0,3,0,0,55,7,"Collingwood","2019",10
0,"Rushed",0,0,0,0,0,3,0,0,0,0,0,0,0,0,0,0,0,0,0,0,0,0,0,7,"Collingwood","2019",10
