"Number","Player","Kicks","Marks","Handballs","Disposals","Goals","Behinds","Hitouts","Tackles","Rebounds50s","Inside50s","Clearances","Clangers","FreesFor","FreesAgainst","BrownlowVotes","ContestedPossessions","UncontestedPossessions","ContestedMarks","MarksInside50","OnePercenters","Bounces","GoalAssists","PercentagePlayed","PointDifference","Team","Season","Round"
41,"Casboult, Levi",7,6,5,12,0,0,8,4,1,0,0,2,0,2,0,4,7,3,0,5,0,0,81,15,"Carlton","2019",12
9,"Cripps, Patrick",18,7,20,38,4,0,0,2,3,5,8,2,4,0,3,16,24,1,3,2,0,0,94,15,"Carlton","2019",12
28,"Cuningham, David",5,2,6,11,0,0,0,2,0,4,2,0,0,0,0,6,6,0,0,3,3,0,73,15,"Carlton","2019",12
30,"Curnow, Charlie",10,6,2,12,3,1,0,2,0,3,1,1,2,0,0,9,3,3,3,1,0,0,92,15,"Carlton","2019",12
35,"Curnow, Ed",13,4,17,30,0,1,0,9,3,5,8,4,2,1,0,11,16,0,0,1,0,1,84,15,"Carlton","2019",12
2,"Dow, Paddy",7,2,5,12,0,0,0,1,1,4,3,1,0,0,0,8,4,0,0,0,0,1,70,15,"Carlton","2019",12
25,"Fisher, Zac",9,2,16,25,0,0,0,0,0,1,3,2,1,1,0,11,14,0,0,0,4,0,72,15,"Carlton","2019",12
40,"Gibbons, Michael",11,0,12,23,2,0,0,3,0,7,3,1,0,0,0,9,14,0,0,2,0,0,87,15,"Carlton","2019",12
8,"Kreuzer, Matthew",2,2,6,8,0,0,27,3,0,1,2,2,1,2,0,7,2,1,0,3,0,0,82,15,"Carlton","2019",12
22,"Marchbank, Caleb",10,6,2,12,0,0,0,4,1,2,0,3,0,3,0,4,9,2,0,1,0,0,93,15,"Carlton","2019",12
11,"McGovern, Mitch",8,7,3,11,1,0,0,1,1,5,0,1,1,0,0,3,9,0,1,3,0,0,71,15,"Carlton","2019",12
10,"McKay, Harry",7,6,3,10,0,2,0,1,0,2,0,2,0,1,0,3,7,1,1,4,0,0,84,15,"Carlton","2019",12
24,"Newman, Nic",12,5,3,15,0,0,0,5,5,0,1,2,1,1,0,4,10,0,0,6,0,0,81,15,"Carlton","2019",12
4,"OBrien, Lochie",11,4,4,15,1,0,0,1,0,2,0,1,1,0,0,3,12,0,0,0,0,1,70,15,"Carlton","2019",12
5,"Petrevski-Seton, Sam",14,7,10,24,0,1,0,4,1,4,1,2,0,1,0,9,16,0,2,1,0,0,76,15,"Carlton","2019",12
20,"Plowman, Lachie",11,3,3,14,0,0,0,0,6,2,0,3,0,1,0,1,10,0,0,2,1,0,95,15,"Carlton","2019",12
43,"Setterfield, Will",12,8,6,18,0,1,0,3,2,3,1,2,1,0,0,4,17,0,2,1,0,1,84,15,"Carlton","2019",12
1,"Silvagni, Jack",3,1,7,10,0,1,0,1,0,0,2,2,0,0,0,8,4,0,1,0,0,2,74,15,"Carlton","2019",12
6,"Simpson, Kade",12,7,4,16,0,0,0,1,2,0,0,1,1,1,0,1,14,0,0,2,0,0,84,15,"Carlton","2019",12
39,"Thomas, Dale",10,6,6,16,0,0,0,3,1,3,0,3,0,1,0,2,12,0,0,4,1,0,74,15,"Carlton","2019",12
18,"Walsh, Sam",23,12,9,32,0,0,0,4,2,5,6,6,4,2,2,14,19,0,1,0,0,2,86,15,"Carlton","2019",12
23,"Weitering, Jacob",12,9,4,16,0,0,0,2,4,1,0,2,1,0,1,8,8,3,0,9,0,0,94,15,"Carlton","2019",12
0,"Rushed",0,0,0,0,0,5,0,0,0,0,0,0,0,0,0,0,0,0,0,0,0,0,0,15,"Carlton","2019",12
19,"Allison, Jacob",10,3,1,11,1,0,0,1,3,3,1,2,2,2,0,8,5,1,0,2,0,0,71,-15,"Brisbane Lions","2019",12
31,"Andrews, Harris",6,5,3,9,0,0,0,1,2,0,0,0,1,0,0,5,4,3,0,10,0,0,93,-15,"Brisbane Lions","2019",12
43,"Answerth, Noah",9,6,3,12,0,0,0,1,2,0,0,3,0,0,0,2,9,1,0,2,0,0,78,-15,"Brisbane Lions","2019",12
23,"Cameron, Charlie",10,5,0,10,1,1,0,2,0,3,0,0,1,0,0,3,7,0,1,0,0,1,84,-15,"Brisbane Lions","2019",12
27,"Gardiner, Darcy",9,4,3,12,0,0,0,1,5,0,0,2,1,2,0,6,7,0,0,7,0,0,92,-15,"Brisbane Lions","2019",12
30,"Hipwood, Eric",5,1,0,5,1,1,0,4,1,1,0,2,2,1,0,2,3,0,1,3,0,0,84,-15,"Brisbane Lions","2019",12
2,"Hodge, Luke",11,5,5,16,0,0,0,1,6,1,0,1,0,0,0,1,10,0,0,1,0,0,84,-15,"Brisbane Lions","2019",12
17,"Lyons, Jarryd",12,2,3,15,0,1,0,6,1,5,4,4,1,1,0,7,9,0,0,1,0,0,76,-15,"Brisbane Lions","2019",12
12,"Martin, Stefan",9,2,2,11,0,1,19,1,0,2,5,2,4,0,0,12,2,1,0,3,0,1,81,-15,"Brisbane Lions","2019",12
36,"Mathieson, Rhys",6,3,6,12,0,0,0,9,2,1,1,6,1,3,0,4,9,0,0,1,0,0,75,-15,"Brisbane Lions","2019",12
11,"McCarthy, Lincoln",3,1,4,7,1,0,0,2,0,2,0,1,0,0,0,6,1,1,1,2,0,0,86,-15,"Brisbane Lions","2019",12
6,"McCluggage, Hugh",12,6,8,20,1,0,0,7,4,4,4,6,1,2,0,7,13,0,0,0,0,0,81,-15,"Brisbane Lions","2019",12
25,"McStay, Daniel",6,4,5,11,2,1,0,0,0,1,0,0,0,0,0,8,3,3,1,2,0,0,83,-15,"Brisbane Lions","2019",12
9,"Neale, Lachie",15,9,16,31,1,0,0,0,1,3,4,4,0,2,0,11,20,0,1,0,1,1,90,-15,"Brisbane Lions","2019",12
16,"Rayner, Cam",5,3,2,7,0,1,0,1,1,3,2,5,1,1,0,6,2,1,0,1,0,0,73,-15,"Brisbane Lions","2019",12
10,"Rich, Daniel",16,6,6,22,0,0,0,1,4,6,1,1,1,0,0,7,11,1,0,2,0,0,89,-15,"Brisbane Lions","2019",12
18,"Robertson, Nick",7,3,6,13,0,0,0,3,4,1,1,2,0,1,0,5,7,0,0,4,0,0,87,-15,"Brisbane Lions","2019",12
5,"Robinson, Mitch",12,7,4,16,0,0,0,4,2,3,2,4,0,2,0,2,13,0,0,2,0,0,89,-15,"Brisbane Lions","2019",12
44,"Smith, Archie",3,0,5,8,0,0,14,2,0,0,2,4,0,2,0,4,4,0,0,3,0,0,68,-15,"Brisbane Lions","2019",12
28,"Taylor, Lewis",9,7,6,15,0,0,0,3,2,0,1,3,0,0,0,4,11,0,0,1,0,0,81,-15,"Brisbane Lions","2019",12
29,"Witherden, Alex",13,5,5,18,0,0,0,3,6,0,0,5,0,0,0,4,9,0,0,1,0,0,77,-15,"Brisbane Lions","2019",12
15,"Zorko, Dayne",10,2,4,14,1,0,0,8,0,3,2,3,1,1,0,9,7,0,1,1,0,1,76,-15,"Brisbane Lions","2019",12
0,"Rushed",0,0,0,0,0,3,0,0,0,0,0,0,0,0,0,0,0,0,0,0,0,0,0,-15,"Brisbane Lions","2019",12
