"Number","Player","Kicks","Marks","Handballs","Disposals","Goals","Behinds","Hitouts","Tackles","Rebounds50s","Inside50s","Clearances","Clangers","FreesFor","FreesAgainst","BrownlowVotes","ContestedPossessions","UncontestedPossessions","ContestedMarks","MarksInside50","OnePercenters","Bounces","GoalAssists","PercentagePlayed","PointDifference","Team","Season","Round"
36,"Aliir, Aliir",13,8,9,22,0,0,0,4,5,1,0,4,1,2,0,10,11,3,0,6,0,1,90,45,"Sydney","2019",12
22,"Blakey, Nick",7,2,3,10,0,0,0,3,2,4,0,2,0,1,0,5,4,1,0,0,0,2,77,45,"Sydney","2019",12
4,"Clarke, Ryan",5,5,17,22,0,0,0,7,1,0,2,2,0,2,0,10,14,0,0,1,0,0,93,45,"Sydney","2019",12
34,"Dawson, Jordan",11,3,9,20,0,0,0,2,2,3,1,6,2,0,0,7,13,0,0,0,0,1,92,45,"Sydney","2019",12
13,"Florent, Oliver",16,7,7,23,0,0,0,2,5,4,1,1,0,1,0,4,20,0,0,1,1,0,86,45,"Sydney","2019",12
23,"Franklin, Lance",17,9,1,18,5,4,0,1,1,4,1,2,2,1,2,5,13,0,7,0,0,2,97,45,"Sydney","2019",12
5,"Heeney, Isaac",16,8,12,28,0,0,0,4,0,4,2,4,2,0,0,11,19,1,0,1,0,0,82,45,"Sydney","2019",12
29,"Hewett, George",15,3,14,29,1,0,0,2,0,1,7,3,1,1,0,9,19,0,0,2,0,1,94,45,"Sydney","2019",12
44,"Lloyd, Jake",27,9,15,42,0,1,0,3,4,2,2,1,1,1,0,4,28,0,0,1,1,0,95,45,"Sydney","2019",12
30,"McCartin, Tom",2,2,3,5,1,0,0,1,0,0,0,2,1,0,0,2,3,0,1,1,0,1,93,45,"Sydney","2019",12
3,"McVeigh, Jarrad",6,4,7,13,0,0,0,3,0,1,1,0,1,0,0,3,10,0,0,0,0,1,44,45,"Sydney","2019",12
43,"Melican, Lewis",12,3,3,15,0,0,0,5,7,1,1,1,1,0,0,4,10,0,0,5,0,0,96,45,"Sydney","2019",12
2,"Menzel, Daniel",7,3,5,12,0,0,0,0,0,1,0,3,2,1,0,9,4,1,0,1,0,1,79,45,"Sydney","2019",12
14,"Mills, Callum",17,11,8,25,0,0,0,2,4,2,0,1,0,0,0,2,23,0,0,1,0,0,96,45,"Sydney","2019",12
38,"ORiordan, Colin",1,1,3,4,0,0,0,0,1,1,1,0,1,0,0,4,1,0,0,1,0,0,21,45,"Sydney","2019",12
11,"Papley, Tom",19,7,8,27,5,2,0,0,0,5,2,4,2,2,3,11,16,1,4,1,3,2,89,45,"Sydney","2019",12
26,"Parker, Luke",15,7,14,29,1,0,0,3,0,4,4,4,0,1,1,15,14,4,1,2,0,1,89,45,"Sydney","2019",12
24,"Rampe, Dane",25,12,7,32,0,0,0,1,11,3,0,1,0,1,0,5,22,0,0,7,1,0,100,45,"Sydney","2019",12
20,"Reid, Sam",6,4,3,9,3,0,3,1,1,0,0,1,0,1,0,4,5,1,2,2,0,0,85,45,"Sydney","2019",12
1,"Rose, James",10,3,5,15,1,0,0,0,1,2,4,4,0,2,0,8,7,0,0,4,0,0,77,45,"Sydney","2019",12
18,"Sinclair, Callum",7,4,5,12,1,0,28,1,0,2,2,2,1,1,0,7,6,2,1,3,0,1,92,45,"Sydney","2019",12
6,"Thurlow, Jackson",6,5,2,8,0,0,0,1,3,1,0,1,1,1,0,2,6,0,0,3,0,0,33,45,"Sydney","2019",12
0,"Rushed",0,0,0,0,0,1,0,0,0,0,0,0,0,0,0,0,0,0,0,0,0,0,0,45,"Sydney","2019",12
28,"Cole, Tom",6,6,4,10,0,0,0,5,1,1,0,5,2,3,0,7,5,1,0,4,0,0,83,-45,"West Coast","2019",12
15,"Cripps, Jamie",10,1,2,12,0,3,0,3,2,3,2,2,1,2,0,8,4,0,0,0,0,0,86,-45,"West Coast","2019",12
27,"Darling, Jack",10,5,1,11,1,1,0,1,0,3,0,3,0,0,0,8,5,2,1,6,0,0,92,-45,"West Coast","2019",12
14,"Duggan, Liam",9,5,3,12,0,0,0,2,1,1,0,0,1,0,0,3,9,0,0,4,1,0,81,-45,"West Coast","2019",12
3,"Gaff, Andrew",19,4,9,28,0,0,0,1,2,5,5,0,0,0,0,12,13,0,0,1,1,0,84,-45,"West Coast","2019",12
16,"Hickey, Tom",4,2,6,10,0,0,22,1,2,1,3,4,1,2,0,5,6,0,0,3,0,0,72,-45,"West Coast","2019",12
34,"Hutchings, Mark",7,1,7,14,0,0,0,1,1,3,3,1,3,0,0,8,6,0,0,1,1,0,85,-45,"West Coast","2019",12
23,"Jetta, Lewis",16,3,6,22,0,0,0,1,3,5,1,3,1,0,0,4,15,0,0,2,0,0,86,-45,"West Coast","2019",12
17,"Kennedy, Josh",6,5,1,7,3,1,0,0,0,3,0,1,1,1,0,4,4,1,3,4,0,1,81,-45,"West Coast","2019",12
20,"McGovern, Jeremy",11,7,5,16,1,0,0,0,4,1,0,2,0,0,0,9,5,4,1,3,0,0,86,-45,"West Coast","2019",12
21,"Petruccelle, Jack",5,2,1,6,0,1,0,2,0,3,1,1,0,0,0,3,3,0,0,0,1,1,70,-45,"West Coast","2019",12
8,"Redden, Jack",13,5,6,19,0,0,0,9,1,4,5,0,2,0,0,9,10,0,0,1,0,1,80,-45,"West Coast","2019",12
44,"Rioli, Willie",10,2,4,14,2,0,0,3,0,2,0,3,0,1,0,3,9,0,0,0,1,0,72,-45,"West Coast","2019",12
35,"Rotham, Josh",7,6,3,10,0,0,0,1,1,1,0,1,0,1,0,2,8,0,0,1,0,0,83,-45,"West Coast","2019",12
1,"Ryan, Liam",11,5,5,16,2,0,0,2,0,5,0,3,1,0,0,8,8,1,0,1,1,2,78,-45,"West Coast","2019",12
31,"Schofield, Will",9,5,5,14,0,0,0,1,0,1,0,3,0,3,0,4,10,0,0,6,0,0,93,-45,"West Coast","2019",12
4,"Sheed, Dom",16,4,10,26,0,1,0,4,1,6,3,5,0,1,0,10,16,0,0,1,0,0,79,-45,"West Coast","2019",12
5,"Sheppard, Brad",12,11,7,19,0,0,0,2,5,1,0,3,1,1,0,5,14,0,0,4,1,0,88,-45,"West Coast","2019",12
13,"Shuey, Luke",15,3,9,24,0,0,0,4,2,4,4,3,1,2,0,10,15,0,0,2,0,0,82,-45,"West Coast","2019",12
45,"Smith, Josh",6,2,4,10,0,0,0,0,1,3,2,1,0,0,0,5,5,0,0,2,0,1,84,-45,"West Coast","2019",12
19,"Vardy, Nathan",3,1,2,5,0,0,8,1,0,1,1,2,2,2,0,5,0,1,0,8,0,0,76,-45,"West Coast","2019",12
2,"Waterman, Jake",8,4,2,10,1,0,0,0,0,1,0,0,2,0,0,5,5,0,0,0,0,0,79,-45,"West Coast","2019",12
0,"Rushed",0,0,0,0,0,4,0,0,0,0,0,0,0,0,0,0,0,0,0,0,0,0,0,-45,"West Coast","2019",12
