"Number","Player","Kicks","Marks","Handballs","Disposals","Goals","Behinds","Hitouts","Tackles","Rebounds50s","Inside50s","Clearances","Clangers","FreesFor","FreesAgainst","BrownlowVotes","ContestedPossessions","UncontestedPossessions","ContestedMarks","MarksInside50","OnePercenters","Bounces","GoalAssists","PercentagePlayed","PointDifference","Team","Season","Round"
36,"Aliir, Aliir",10,2,2,12,0,0,0,1,4,0,0,4,1,1,0,5,5,0,0,7,0,0,90,5,"Sydney","2019",8
22,"Blakey, Nick",12,2,5,17,1,1,0,5,1,3,1,3,3,0,0,6,9,0,1,0,0,0,82,5,"Sydney","2019",8
34,"Dawson, Jordan",12,5,3,15,2,0,0,1,1,2,1,6,1,2,0,4,11,1,1,1,0,0,88,5,"Sydney","2019",8
13,"Florent, Oliver",11,3,6,17,1,0,0,3,0,4,2,4,1,1,0,9,7,0,0,0,0,0,80,5,"Sydney","2019",8
42,"Fox, Robbie",8,2,8,16,1,1,0,7,0,4,2,3,1,0,0,6,9,0,0,0,0,1,83,5,"Sydney","2019",8
9,"Hayward, Will",9,4,7,16,1,3,0,1,1,3,0,2,1,1,0,8,9,1,2,2,0,0,80,5,"Sydney","2019",8
5,"Heeney, Isaac",5,3,9,14,1,0,0,5,0,1,2,3,0,1,0,7,8,0,2,1,0,0,77,5,"Sydney","2019",8
29,"Hewett, George",5,1,14,19,0,0,0,4,1,1,5,2,0,2,0,11,8,0,0,0,0,0,81,5,"Sydney","2019",8
15,"Jack, Kieren",6,0,2,8,0,1,0,3,0,1,0,3,1,2,0,2,4,0,0,1,0,0,59,5,"Sydney","2019",8
10,"Jones, Zak",11,0,7,18,0,1,0,4,4,2,1,1,1,1,0,7,11,0,0,0,0,0,81,5,"Sydney","2019",8
12,"Kennedy, Josh",11,1,13,24,0,2,0,10,2,3,2,3,0,0,1,14,11,1,0,1,0,0,78,5,"Sydney","2019",8
44,"Lloyd, Jake",16,2,7,23,0,0,0,1,9,1,1,2,0,0,0,3,13,0,0,0,0,0,85,5,"Sydney","2019",8
30,"McCartin, Tom",7,5,0,7,1,1,0,2,0,2,0,2,1,0,0,7,2,3,2,3,0,0,82,5,"Sydney","2019",8
43,"Melican, Lewis",5,1,6,11,0,0,0,1,0,1,0,1,1,0,0,5,6,0,0,3,0,0,79,5,"Sydney","2019",8
14,"Mills, Callum",9,6,9,18,0,0,0,5,3,2,0,1,0,0,0,4,14,1,0,0,0,0,84,5,"Sydney","2019",8
38,"ORiordan, Colin",9,4,8,17,1,1,0,4,4,1,1,4,2,3,0,6,13,0,0,5,0,0,89,5,"Sydney","2019",8
11,"Papley, Tom",7,4,1,8,1,0,0,2,1,0,0,2,0,1,0,3,4,1,2,2,0,1,79,5,"Sydney","2019",8
26,"Parker, Luke",14,2,19,33,0,0,0,5,0,4,6,5,2,3,3,12,19,0,0,0,0,1,83,5,"Sydney","2019",8
24,"Rampe, Dane",5,3,8,13,0,0,0,1,4,3,1,1,0,1,0,10,4,2,0,8,0,0,99,5,"Sydney","2019",8
20,"Reid, Sam",4,3,5,9,1,0,5,3,1,1,0,0,2,0,0,8,2,1,1,2,0,0,79,5,"Sydney","2019",8
18,"Sinclair, Callum",12,1,4,16,0,0,34,3,2,1,8,1,3,1,0,14,3,1,0,3,0,0,87,5,"Sydney","2019",8
6,"Thurlow, Jackson",13,3,3,16,0,0,0,2,5,1,0,2,0,1,0,4,12,0,0,6,0,1,74,5,"Sydney","2019",8
0,"Totals",201,57,146,347,11,11,39,73,43,41,33,55,21,21,4,155,184,12,11,45,0,4,0,5,"Sydney","2019",8
29,"Ambrose, Patrick",5,3,8,13,0,0,0,3,1,1,0,1,0,1,0,2,10,0,0,5,0,0,92,-5,"Essendon","2019",8
2,"Bellchambers, Tom",8,1,5,13,1,0,30,4,0,1,4,3,3,1,0,12,2,1,0,3,0,0,80,-5,"Essendon","2019",8
20,"Clarke, Zac",3,2,2,5,0,2,13,4,0,0,0,3,0,2,0,3,2,1,2,2,0,0,82,-5,"Essendon","2019",8
13,"Fantasia, Orazio",7,3,4,11,4,0,0,2,0,0,1,0,1,0,0,4,7,0,1,0,0,1,74,-5,"Essendon","2019",8
10,"Francis, Aaron",9,5,3,12,0,0,0,1,1,3,0,3,1,1,0,3,9,1,0,3,0,1,86,-5,"Essendon","2019",8
35,"Guelfi, Matt",10,3,4,14,0,0,0,1,0,3,3,1,0,0,0,7,8,0,0,2,1,0,69,-5,"Essendon","2019",8
33,"Ham, Brayden",4,1,1,5,0,1,0,4,0,1,1,1,2,0,0,3,3,0,0,1,0,0,88,-5,"Essendon","2019",8
21,"Heppell, Dyson",19,4,11,30,0,0,0,2,0,5,6,4,1,1,0,16,15,0,0,0,1,0,81,-5,"Essendon","2019",8
26,"Hooker, Cale",12,8,7,19,0,1,0,2,2,2,0,3,1,2,0,11,7,4,1,6,0,0,92,-5,"Essendon","2019",8
18,"Hurley, Michael",16,11,5,21,0,0,0,1,9,0,0,0,0,0,0,1,15,0,0,4,0,0,85,-5,"Essendon","2019",8
43,"McDonald-Tipungwuti, Anthony",4,2,5,9,0,0,0,8,0,3,2,1,1,1,0,8,2,0,0,3,0,1,83,-5,"Essendon","2019",8
1,"McGrath, Andrew",14,4,11,25,0,0,0,4,3,0,3,7,1,2,0,6,18,0,0,1,1,1,87,-5,"Essendon","2019",8
45,"McKenna, Conor",14,3,0,14,1,0,0,1,2,3,1,3,1,0,0,4,6,1,0,1,0,0,86,-5,"Essendon","2019",8
7,"Merrett, Zach",18,5,10,28,1,1,0,9,0,7,7,4,4,0,2,12,16,0,0,3,0,2,72,-5,"Essendon","2019",8
23,"Myers, David",7,2,4,11,0,0,0,1,1,3,3,4,0,2,0,5,7,0,0,1,0,0,70,-5,"Essendon","2019",8
3,"Parish, Darcy",6,2,4,10,2,0,0,2,1,0,2,1,0,0,0,6,4,0,1,0,0,1,69,-5,"Essendon","2019",8
27,"Redman, Mason",9,9,6,15,0,0,0,3,2,4,0,4,0,3,0,5,12,2,0,2,1,0,77,-5,"Essendon","2019",8
42,"Saad, Adam",8,4,9,17,0,0,0,4,5,1,0,3,0,1,0,6,11,0,0,5,2,1,85,-5,"Essendon","2019",8
9,"Shiel, Dylan",12,3,5,17,0,0,0,8,1,4,7,5,3,1,0,10,7,0,0,3,0,0,83,-5,"Essendon","2019",8
5,"Smith, Devon",4,0,9,13,0,0,0,10,0,2,3,1,0,0,0,9,4,0,0,2,0,0,86,-5,"Essendon","2019",8
25,"Stringer, Jake",6,2,2,8,1,2,0,6,0,4,2,5,1,3,0,8,2,0,1,1,0,0,90,-5,"Essendon","2019",8
11,"Zaharakis, David",14,6,5,19,0,0,0,5,0,7,1,2,1,0,0,7,12,0,0,0,0,0,83,-5,"Essendon","2019",8
0,"Rushed",0,0,0,0,0,5,0,0,0,0,0,0,0,0,0,0,0,0,0,0,0,0,0,-5,"Essendon","2019",8
