"Number","Player","Kicks","Marks","Handballs","Disposals","Goals","Behinds","Hitouts","Tackles","Rebounds50s","Inside50s","Clearances","Clangers","FreesFor","FreesAgainst","BrownlowVotes","ContestedPossessions","UncontestedPossessions","ContestedMarks","MarksInside50","OnePercenters","Bounces","GoalAssists","PercentagePlayed","PointDifference","Team","Season","Round"
13,"Adams, Taylor",8,1,7,15,0,0,0,2,0,1,5,2,0,0,0,7,8,0,0,0,0,1,39,39,"Collingwood","2019",7
11,"Beams, Dayne",7,1,13,20,1,0,0,2,1,1,2,3,0,0,0,5,15,0,1,0,0,0,78,39,"Collingwood","2019",7
17,"Brown, Callum",7,1,6,13,0,0,0,7,0,2,1,2,1,1,0,6,8,0,0,0,0,0,74,39,"Collingwood","2019",7
25,"Crisp, Jack",14,10,15,29,0,0,0,1,4,1,2,2,0,1,0,6,22,0,0,3,0,0,93,39,"Collingwood","2019",7
2,"de Goey, Jordan",13,7,2,15,1,3,0,1,0,6,2,3,1,1,0,10,5,2,2,0,2,1,87,39,"Collingwood","2019",7
5,"Elliott, Jamie",12,8,6,18,3,1,0,4,0,1,1,2,2,0,0,7,11,1,2,0,0,2,75,39,"Collingwood","2019",7
19,"Greenwood, Levi",13,7,8,21,0,0,0,3,3,1,1,3,0,0,0,7,16,2,0,4,0,0,81,39,"Collingwood","2019",7
4,"Grundy, Brodie",8,3,14,22,0,0,35,2,1,2,6,4,1,2,0,14,8,1,0,1,0,0,83,39,"Collingwood","2019",7
32,"Hoskin-Elliott, Will",9,6,1,10,1,0,0,0,1,1,0,1,1,1,0,3,8,0,1,2,0,0,78,39,"Collingwood","2019",7
38,"Howe, Jeremy",6,1,2,8,0,0,0,1,4,1,0,2,1,1,0,5,2,1,0,3,0,0,85,39,"Collingwood","2019",7
8,"Langdon, Tom",13,8,11,24,0,1,0,1,5,1,1,0,0,0,0,9,14,2,0,5,0,0,87,39,"Collingwood","2019",7
37,"Maynard, Brayden",18,6,9,27,0,0,0,3,3,1,1,5,0,2,0,10,18,0,0,9,0,0,90,39,"Collingwood","2019",7
41,"Mihocek, Brody",7,3,3,10,2,1,0,1,0,4,1,1,0,0,0,6,6,0,3,1,0,1,92,39,"Collingwood","2019",7
30,"Moore, Darcy",13,7,8,21,0,0,0,0,3,3,0,3,0,2,1,8,12,2,0,5,0,0,81,39,"Collingwood","2019",7
10,"Pendlebury, Scott",18,5,18,36,0,0,0,5,1,11,5,2,1,0,3,14,20,1,0,0,0,0,79,39,"Collingwood","2019",7
21,"Phillips, Tom",16,8,15,31,0,0,0,1,2,6,1,6,0,0,0,8,24,0,0,1,0,1,90,39,"Collingwood","2019",7
20,"Reid, Ben",10,7,3,13,1,4,1,0,0,0,0,0,1,0,0,9,5,4,4,1,0,1,83,39,"Collingwood","2019",7
23,"Roughead, Jordan",5,3,10,15,0,0,1,6,4,1,0,1,0,0,0,3,10,0,0,4,0,0,91,39,"Collingwood","2019",7
22,"Sidebottom, Steele",15,11,14,29,1,0,0,4,1,4,0,2,0,0,0,5,24,0,0,2,0,0,88,39,"Collingwood","2019",7
1,"Stephenson, Jaidyn",12,6,2,14,4,2,0,4,0,2,1,1,1,0,0,8,6,2,3,1,0,1,83,39,"Collingwood","2019",7
24,"Thomas, Josh",6,1,9,15,0,2,0,2,1,3,1,1,1,0,0,4,12,0,0,1,0,0,82,39,"Collingwood","2019",7
7,"Treloar, Adam",18,3,17,35,1,0,0,5,0,5,5,8,0,1,2,18,19,1,0,0,3,0,80,39,"Collingwood","2019",7
0,"Rushed",0,0,0,0,0,4,0,0,0,0,0,0,0,0,0,0,0,0,0,0,0,0,0,39,"Collingwood","2019",7
15,"Amon, Karl",10,2,5,15,0,0,0,4,3,2,3,2,1,1,0,6,8,0,0,1,0,1,81,-39,"Port Adelaide","2019",7
10,"Boak, Travis",14,1,18,32,1,0,0,6,1,3,5,5,0,1,0,17,14,0,0,0,0,0,75,-39,"Port Adelaide","2019",7
26,"Bonner, Riley",13,3,1,14,0,0,0,1,5,2,1,2,0,0,0,3,5,0,0,0,1,0,86,-39,"Port Adelaide","2019",7
3,"Burton, Ryan",8,5,11,19,1,0,0,1,3,1,1,0,0,0,0,8,9,1,0,1,0,0,76,-39,"Port Adelaide","2019",7
18,"Butters, Zak",6,3,3,9,0,0,0,0,0,2,1,1,1,0,0,3,6,0,1,1,0,2,72,-39,"Port Adelaide","2019",7
33,"Byrne-Jones, Darcy",14,6,6,20,0,0,0,6,3,2,2,2,0,0,0,6,16,0,0,4,0,0,86,-39,"Port Adelaide","2019",7
17,"Clurey, Tom",10,2,3,13,0,0,0,2,4,1,0,1,0,0,0,5,7,0,0,7,0,0,97,-39,"Port Adelaide","2019",7
28,"Drew, Willem",4,1,8,12,0,0,0,8,1,2,1,1,1,0,0,4,10,0,0,3,0,0,83,-39,"Port Adelaide","2019",7
21,"Duursma, Xavier",9,4,7,16,0,0,0,5,1,1,1,1,0,0,0,8,8,0,0,0,0,0,88,-39,"Port Adelaide","2019",7
7,"Ebert, Brad",3,2,2,5,0,0,0,3,0,1,0,0,0,0,0,1,4,0,0,1,0,1,53,-39,"Port Adelaide","2019",7
46,"Gray, Sam",5,1,5,10,1,0,0,6,0,1,0,1,0,0,0,5,5,0,1,1,0,0,84,-39,"Port Adelaide","2019",7
43,"Houston, Dan",15,5,4,19,0,0,0,1,7,2,1,3,0,0,0,5,11,1,0,6,0,0,85,-39,"Port Adelaide","2019",7
32,"Howard, Dougal",8,7,4,12,0,0,0,2,3,1,0,2,0,2,0,3,10,2,0,7,0,0,85,-39,"Port Adelaide","2019",7
40,"Lienert, Jarrod",13,6,4,17,0,0,0,2,7,1,2,2,0,1,0,5,9,0,0,1,0,0,84,-39,"Port Adelaide","2019",7
29,"Lycett, Scott",6,1,5,11,2,0,14,1,0,4,3,3,1,0,0,6,7,0,1,3,0,0,84,-39,"Port Adelaide","2019",7
13,"Marshall, Todd",7,4,3,10,1,0,0,3,0,1,0,3,1,0,0,5,4,2,2,1,0,0,84,-39,"Port Adelaide","2019",7
2,"Powell-Pepper, Sam",12,5,2,14,1,2,0,4,1,5,2,5,1,3,0,6,11,0,1,2,0,0,85,-39,"Port Adelaide","2019",7
11,"Rockliff, Tom",13,2,9,22,0,0,0,2,0,2,4,2,1,1,0,7,15,0,0,0,0,0,75,-39,"Port Adelaide","2019",7
20,"Rozee, Connor",6,3,8,14,1,1,0,6,0,2,1,1,0,0,0,6,8,0,0,2,0,0,79,-39,"Port Adelaide","2019",7
4,"Ryder, Paddy",10,3,4,14,1,0,25,3,1,3,4,3,4,1,0,9,6,2,1,4,0,0,89,-39,"Port Adelaide","2019",7
39,"Westhoff, Justin",18,8,11,29,1,3,0,1,2,4,2,6,1,1,0,16,13,2,4,9,0,3,91,-39,"Port Adelaide","2019",7
16,"Wines, Ollie",9,4,19,28,0,1,0,5,0,2,6,7,0,0,0,14,14,0,0,1,0,1,78,-39,"Port Adelaide","2019",7
0,"Rushed",0,0,0,0,0,2,0,0,0,0,0,0,0,0,0,0,0,0,0,0,0,0,0,-39,"Port Adelaide","2019",7
