"Number","Player","Kicks","Marks","Handballs","Disposals","Goals","Behinds","Hitouts","Tackles","Rebounds50s","Inside50s","Clearances","Clangers","FreesFor","FreesAgainst","BrownlowVotes","ContestedPossessions","UncontestedPossessions","ContestedMarks","MarksInside50","OnePercenters","Bounces","GoalAssists","PercentagePlayed","PointDifference","Team","Season","Round"
29,"Ambrose, Patrick",5,5,5,10,0,0,0,4,2,0,0,1,0,1,0,3,7,1,0,11,0,0,88,-11,"Essendon","2019",2
12,"Baguley, Mark",5,2,2,7,1,0,0,3,0,1,1,1,0,1,0,2,5,0,1,1,0,1,77,-11,"Essendon","2019",2
2,"Bellchambers, Tom",6,4,4,10,1,0,40,0,1,2,3,6,3,4,0,12,2,3,1,5,0,0,83,-11,"Essendon","2019",2
28,"Brown, Mitch",10,8,3,13,1,0,0,2,2,5,0,2,3,1,0,4,9,0,1,5,0,0,98,-11,"Essendon","2019",2
13,"Fantasia, Orazio",8,3,5,13,0,4,0,2,1,1,0,2,0,1,0,4,7,0,1,1,0,0,78,-11,"Essendon","2019",2
10,"Francis, Aaron",11,9,2,13,0,0,0,1,4,1,0,3,1,0,0,7,5,4,0,7,0,0,83,-11,"Essendon","2019",2
35,"Guelfi, Matt",10,4,4,14,0,0,0,4,2,2,0,6,0,2,0,4,10,0,0,3,0,0,74,-11,"Essendon","2019",2
21,"Heppell, Dyson",10,3,13,23,2,0,0,4,2,2,5,5,1,0,0,15,12,1,1,2,0,0,86,-11,"Essendon","2019",2
18,"Hurley, Michael",16,14,7,23,0,0,0,1,9,1,0,3,1,2,0,6,16,2,0,6,0,0,96,-11,"Essendon","2019",2
4,"Langford, Kyle",8,4,7,15,0,0,0,3,0,1,1,4,1,3,0,3,12,1,0,1,0,0,72,-11,"Essendon","2019",2
43,"McDonald-Tipungwuti, Anthony",4,1,3,7,0,0,0,4,1,3,1,3,1,0,0,2,6,0,0,2,0,0,78,-11,"Essendon","2019",2
1,"McGrath, Andrew",11,6,9,20,0,0,0,0,0,3,1,0,0,0,0,5,15,0,0,2,1,1,85,-11,"Essendon","2019",2
45,"McKenna, Conor",12,1,5,17,0,0,0,1,3,1,0,1,1,0,0,3,8,0,0,5,2,0,86,-11,"Essendon","2019",2
44,"McKernan, Shaun",7,4,5,12,1,2,11,1,0,0,2,4,1,1,0,11,1,4,1,1,0,0,86,-11,"Essendon","2019",2
7,"Merrett, Zach",15,3,13,28,0,1,0,4,4,7,3,2,2,0,0,9,18,0,0,3,0,0,79,-11,"Essendon","2019",2
23,"Myers, David",12,2,8,20,1,0,0,4,2,4,4,4,0,1,0,10,11,0,1,0,0,0,73,-11,"Essendon","2019",2
3,"Parish, Darcy",10,4,7,17,0,0,0,3,1,2,3,1,0,1,0,8,9,0,0,0,0,3,73,-11,"Essendon","2019",2
42,"Saad, Adam",10,4,9,19,0,0,0,5,4,1,1,2,3,0,0,9,9,0,0,5,1,0,88,-11,"Essendon","2019",2
9,"Shiel, Dylan",14,5,13,27,0,1,0,5,1,5,4,2,0,1,0,10,17,1,0,1,1,0,77,-11,"Essendon","2019",2
5,"Smith, Devon",11,1,8,19,1,0,0,6,0,5,1,4,3,1,0,10,9,0,0,0,2,1,80,-11,"Essendon","2019",2
25,"Stringer, Jake",12,2,4,16,1,2,0,3,1,5,5,1,4,0,0,14,3,2,1,0,0,0,74,-11,"Essendon","2019",2
11,"Zaharakis, David",6,4,12,18,0,0,0,4,0,2,1,3,0,1,0,6,11,0,0,2,0,0,86,-11,"Essendon","2019",2
0,"Rushed",0,0,0,0,0,1,0,0,0,0,0,0,0,0,0,0,0,0,0,0,0,0,0,-11,"Essendon","2019",2
8,"Acres, Blake",6,3,6,12,0,1,0,1,1,2,2,2,1,1,0,5,7,1,0,4,0,0,68,11,"St Kilda","2019",2
26,"Battle, Josh",6,3,1,7,0,0,0,2,3,0,0,1,0,1,0,2,4,0,0,5,0,0,90,11,"St Kilda","2019",2
15,"Billings, Jack",13,6,15,28,0,1,0,2,5,1,2,5,1,1,3,7,22,0,0,1,0,0,88,11,"St Kilda","2019",2
22,"Brown, Nathan",4,4,3,7,0,0,0,2,4,0,0,2,0,1,0,2,5,1,0,11,0,0,99,11,"St Kilda","2019",2
27,"Bruce, Josh",6,3,9,15,2,2,3,4,0,1,2,3,2,3,0,13,2,2,1,1,0,1,95,11,"St Kilda","2019",2
7,"Dunstan, Luke",5,2,11,16,1,0,0,3,0,3,3,2,2,1,0,6,8,0,0,0,0,0,56,11,"St Kilda","2019",2
14,"Geary, Jarryn",10,5,10,20,0,0,0,1,8,1,2,1,0,0,0,6,14,1,0,3,1,0,85,11,"St Kilda","2019",2
4,"Gresham, Jade",16,5,9,25,2,0,0,1,1,5,5,1,1,0,2,12,13,0,0,1,2,2,79,11,"St Kilda","2019",2
25,"Kent, Dean",10,3,5,15,1,3,0,1,0,3,0,4,0,1,0,7,7,0,2,1,0,1,74,11,"St Kilda","2019",2
13,"Lonie, Jack",8,1,4,12,0,0,0,3,1,4,1,2,4,1,0,5,7,0,0,1,0,0,69,11,"St Kilda","2019",2
19,"Marshall, Rowan",9,5,5,14,0,0,21,6,2,2,6,2,2,2,0,13,3,2,0,5,0,0,84,11,"St Kilda","2019",2
36,"McKenzie, Daniel",5,1,2,7,0,0,0,3,2,0,0,5,1,2,0,2,4,0,0,3,0,0,84,11,"St Kilda","2019",2
28,"Membrey, Tim",4,1,5,9,2,2,0,2,0,1,0,2,1,0,0,3,5,0,1,3,0,0,88,11,"St Kilda","2019",2
16,"Newnes, Jack",17,5,8,25,0,2,0,4,2,3,3,7,0,2,1,11,14,0,0,0,2,0,87,11,"St Kilda","2019",2
34,"Parker, Matthew",5,3,6,11,1,0,0,5,0,2,0,0,0,0,0,4,8,1,2,3,0,0,80,11,"St Kilda","2019",2
6,"Ross, Sebastian",12,2,11,23,0,0,0,6,2,4,1,4,0,1,0,3,21,0,0,0,3,0,85,11,"St Kilda","2019",2
5,"Savage, Shane",13,6,3,16,0,0,0,0,4,3,0,2,0,1,0,6,11,1,0,2,1,1,86,11,"St Kilda","2019",2
35,"Sinclair, Jack",8,2,5,13,1,1,0,9,0,5,2,1,1,1,0,10,5,1,2,2,3,0,76,11,"St Kilda","2019",2
9,"Steele, Jack",12,3,11,23,0,1,0,7,3,2,2,4,0,0,0,9,14,0,1,1,0,1,87,11,"St Kilda","2019",2
3,"Steven, Jack",10,2,9,19,0,1,0,5,1,5,2,4,2,2,0,6,12,0,0,1,0,0,78,11,"St Kilda","2019",2
29,"Webster, Jimmy",13,1,8,21,0,0,0,0,5,2,1,6,2,1,0,8,12,0,0,4,0,0,85,11,"St Kilda","2019",2
44,"Wilkie, Callum",7,4,2,9,0,0,0,3,1,1,0,4,1,3,0,3,5,1,0,1,0,0,78,11,"St Kilda","2019",2
0,"Rushed",0,0,0,0,0,2,0,0,0,0,0,0,0,0,0,0,0,0,0,0,0,0,0,11,"St Kilda","2019",2
