"Number","Player","Kicks","Marks","Handballs","Disposals","Goals","Behinds","Hitouts","Tackles","Rebounds50s","Inside50s","Clearances","Clangers","FreesFor","FreesAgainst","BrownlowVotes","ContestedPossessions","UncontestedPossessions","ContestedMarks","MarksInside50","OnePercenters","Bounces","GoalAssists","PercentagePlayed","PointDifference","Team","Season","Round"
21,"Atkins, Rory",13,4,6,19,0,0,0,1,0,4,1,1,0,0,0,2,18,0,0,1,0,1,81,-21,"Adelaide","2019",18
18,"Betts, Eddie",3,4,6,9,0,1,0,2,0,0,0,0,0,0,0,4,5,2,1,1,0,1,80,-21,"Adelaide","2019",18
16,"Brown, Luke",18,5,6,24,0,0,0,1,7,2,0,1,1,0,0,9,11,0,0,1,0,0,81,-21,"Adelaide","2019",18
2,"Crouch, Brad",19,4,16,35,0,1,0,7,1,5,9,2,0,0,2,11,23,0,1,1,0,0,80,-21,"Adelaide","2019",18
5,"Crouch, Matt",11,4,22,33,0,1,0,2,1,3,5,2,0,1,0,9,24,0,1,1,0,1,74,-21,"Adelaide","2019",18
1,"Greenwood, Hugh",5,2,8,13,1,1,0,2,2,0,5,3,0,1,0,9,4,2,1,0,0,0,70,-21,"Adelaide","2019",18
15,"Hartigan, Kyle",7,6,3,10,0,0,0,0,1,1,0,0,0,0,0,1,9,0,0,5,0,0,86,-21,"Adelaide","2019",18
4,"Jenkins, Josh",9,4,3,12,4,0,5,0,0,1,0,2,1,1,0,4,8,1,1,3,0,0,89,-21,"Adelaide","2019",18
42,"Keath, Alex",7,6,4,11,0,0,0,2,0,2,0,1,0,0,0,4,7,1,0,5,0,0,82,-21,"Adelaide","2019",18
8,"Kelly, Jake",6,4,10,16,0,0,0,2,0,1,2,1,0,1,0,6,10,0,0,3,0,0,95,-21,"Adelaide","2019",18
3,"Knight, Riley",8,6,13,21,0,0,0,3,1,4,2,2,1,0,0,5,12,0,1,2,0,2,78,-21,"Adelaide","2019",18
29,"Laird, Rory",13,3,14,27,0,0,0,1,7,0,0,3,2,1,0,9,17,0,0,1,0,0,84,-21,"Adelaide","2019",18
27,"Lynch, Tom",15,12,9,24,1,2,0,2,0,2,0,4,0,1,0,4,20,1,3,0,0,0,80,-21,"Adelaide","2019",18
14,"Mackay, David",10,3,5,15,0,0,0,2,6,1,0,3,1,2,0,4,12,0,0,1,1,1,78,-21,"Adelaide","2019",18
30,"Milera, Wayne",13,7,6,19,0,1,0,1,1,1,0,5,0,2,0,6,13,1,0,1,1,0,79,-21,"Adelaide","2019",18
44,"Murphy, Lachlan",7,7,4,11,0,1,0,1,0,4,0,0,1,0,0,3,7,0,2,0,0,0,78,-21,"Adelaide","2019",18
43,"OBrien, Reilly",12,3,15,27,0,0,39,4,2,2,7,1,4,0,1,17,10,0,0,5,0,0,86,-21,"Adelaide","2019",18
11,"Seedsman, Paul",20,5,6,26,0,0,0,2,1,8,3,2,0,0,0,6,19,0,0,0,3,2,80,-21,"Adelaide","2019",18
9,"Sloane, Rory",12,3,8,20,0,0,0,7,0,2,9,3,3,2,0,9,9,0,1,2,0,0,81,-21,"Adelaide","2019",18
33,"Smith, Brodie",19,7,12,31,3,1,0,4,1,6,4,6,2,2,0,12,21,0,1,0,0,0,80,-21,"Adelaide","2019",18
12,"Talia, Daniel",8,7,5,13,0,0,0,3,4,1,1,1,1,1,0,3,9,0,0,6,0,0,93,-21,"Adelaide","2019",18
13,"Walker, Taylor",7,3,1,8,1,1,0,0,0,2,0,1,1,1,0,4,3,1,2,1,0,0,86,-21,"Adelaide","2019",18
0,"Rushed",0,0,0,0,0,5,0,0,0,0,0,0,0,0,0,0,0,0,0,0,0,0,0,-21,"Adelaide","2019",18
29,"Ambrose, Patrick",7,6,8,15,0,0,0,2,1,0,0,2,1,0,0,8,8,1,0,5,0,0,84,21,"Essendon","2019",18
28,"Brown, Mitch",14,8,9,23,4,0,0,1,1,2,0,2,1,0,0,4,18,0,3,0,0,0,94,21,"Essendon","2019",18
37,"Clarke, Dylan",8,2,11,19,0,0,0,6,2,3,2,4,0,3,0,8,11,0,0,1,0,0,81,21,"Essendon","2019",18
10,"Francis, Aaron",7,3,10,17,0,1,0,1,4,2,0,1,1,0,0,6,12,0,0,8,0,2,72,21,"Essendon","2019",18
8,"Gleeson, Martin",11,5,9,20,0,0,0,3,3,2,1,1,2,0,0,8,11,1,0,4,0,0,85,21,"Essendon","2019",18
35,"Guelfi, Matt",6,3,3,9,1,0,0,3,1,1,0,1,0,1,0,1,5,1,1,0,0,1,66,21,"Essendon","2019",18
36,"Hartley, Michael",8,7,8,16,0,0,4,3,3,3,3,5,0,4,0,11,7,2,0,4,0,0,93,21,"Essendon","2019",18
21,"Heppell, Dyson",7,1,13,20,1,0,0,5,1,3,2,1,3,0,0,9,9,1,0,2,0,0,74,21,"Essendon","2019",18
26,"Hooker, Cale",10,7,9,19,1,1,0,1,3,1,2,4,1,2,0,11,8,1,2,3,0,0,93,21,"Essendon","2019",18
4,"Langford, Kyle",2,3,11,13,0,0,0,2,2,1,0,2,0,1,0,4,9,0,1,0,0,0,89,21,"Essendon","2019",18
43,"McDonald-Tipungwuti, Anthony",8,3,5,13,1,0,0,2,0,5,1,2,1,1,0,4,10,0,0,1,0,4,72,21,"Essendon","2019",18
1,"McGrath, Andrew",10,2,7,17,1,0,0,2,3,1,0,4,0,0,0,2,14,0,0,1,0,0,79,21,"Essendon","2019",18
45,"McKenna, Conor",15,0,9,24,0,0,0,2,6,2,0,1,0,0,0,3,15,0,0,0,7,0,91,21,"Essendon","2019",18
44,"McKernan, Shaun",11,1,5,16,0,0,22,4,0,3,3,6,0,2,0,11,5,0,0,2,0,0,84,21,"Essendon","2019",18
7,"Merrett, Zach",20,5,11,31,2,3,0,3,2,5,4,0,2,0,3,11,19,0,0,0,1,1,76,21,"Essendon","2019",18
3,"Parish, Darcy",8,1,10,18,0,1,0,6,0,2,2,3,2,0,0,11,8,0,0,0,0,1,66,21,"Essendon","2019",18
27,"Redman, Mason",16,5,9,25,0,0,0,1,2,1,0,2,0,0,0,5,16,0,0,4,0,0,91,21,"Essendon","2019",18
42,"Saad, Adam",11,4,3,14,0,0,0,3,2,1,1,1,0,0,0,3,10,0,0,4,1,0,84,21,"Essendon","2019",18
9,"Shiel, Dylan",9,0,14,23,1,0,0,6,0,5,5,4,0,1,0,11,12,0,0,1,5,0,77,21,"Essendon","2019",18
40,"Snelling, Will",5,2,10,15,1,0,0,3,1,1,0,4,2,1,0,5,10,0,1,1,0,0,77,21,"Essendon","2019",18
25,"Stringer, Jake",7,1,6,13,2,0,0,5,0,2,3,2,0,2,0,9,5,1,1,0,0,1,85,21,"Essendon","2019",18
11,"Zaharakis, David",12,6,13,25,0,0,0,2,2,4,1,5,0,0,0,7,17,1,0,1,1,1,89,21,"Essendon","2019",18
0,"Totals",212,75,193,405,15,6,26,66,39,50,30,57,16,18,3,152,239,9,9,42,15,11,0,21,"Essendon","2019",18
