"Number","Player","Kicks","Marks","Handballs","Disposals","Goals","Behinds","Hitouts","Tackles","Rebounds50s","Inside50s","Clearances","Clangers","FreesFor","FreesAgainst","BrownlowVotes","ContestedPossessions","UncontestedPossessions","ContestedMarks","MarksInside50","OnePercenters","Bounces","GoalAssists","PercentagePlayed","PointDifference","Team","Season","Round"
33,"Baker, Oskar",6,3,2,8,0,0,0,1,3,2,1,1,0,1,0,1,7,0,1,0,0,0,58,-17,"Melbourne","2019",21
10,"Brayshaw, Angus",15,4,11,26,1,0,0,5,1,3,3,6,1,0,0,6,20,1,0,1,0,0,73,-17,"Melbourne","2019",21
48,"Dunkley, Kyle",9,10,4,13,0,0,0,1,1,2,0,1,0,0,0,3,11,0,0,1,0,0,77,-17,"Melbourne","2019",21
31,"Fritsch, Bayley",13,10,2,15,1,4,0,3,0,2,0,2,0,0,0,5,9,3,5,2,0,1,90,-17,"Melbourne","2019",21
17,"Frost, Sam",7,6,2,9,0,0,0,2,1,0,0,1,0,1,0,2,8,0,0,4,0,0,88,-17,"Melbourne","2019",21
11,"Gawn, Max",9,1,4,13,1,0,29,3,2,1,4,4,5,0,0,8,5,0,1,4,0,0,88,-17,"Melbourne","2019",21
4,"Harmes, James",11,1,15,26,0,0,0,7,1,6,5,3,1,2,0,8,20,0,0,3,0,0,83,-17,"Melbourne","2019",21
14,"Hibberd, Michael",7,4,10,17,0,0,0,0,3,0,1,2,0,0,0,7,11,0,0,5,0,0,84,-17,"Melbourne","2019",21
29,"Hunt, Jayden",5,3,3,8,1,0,0,2,1,1,0,1,0,0,0,2,6,0,1,2,0,1,84,-17,"Melbourne","2019",21
2,"Jones, Nathan",11,3,9,20,0,0,0,1,3,2,0,1,0,1,0,4,15,0,0,0,0,0,86,-17,"Melbourne","2019",21
24,"Kennedy Harris, Jay",12,7,8,20,0,0,0,0,1,0,1,1,2,0,0,9,10,0,0,0,0,0,75,-17,"Melbourne","2019",21
8,"Lever, Jake",8,6,7,15,0,0,0,0,2,0,0,2,0,1,0,9,7,1,0,12,0,0,93,-17,"Melbourne","2019",21
6,"Lewis, Jordan",11,4,4,15,0,0,0,5,0,3,2,1,0,0,0,3,11,0,0,1,0,1,90,-17,"Melbourne","2019",21
1,"May, Steven",12,5,2,14,0,0,0,0,4,0,1,1,1,0,0,4,7,1,0,8,0,0,73,-17,"Melbourne","2019",21
28,"McDonald, Oscar",7,3,3,10,1,0,2,2,1,3,1,2,1,2,0,3,7,0,0,1,0,0,74,-17,"Melbourne","2019",21
18,"Melksham, Jake",11,5,1,12,0,2,0,2,2,2,2,4,1,3,0,3,9,1,1,4,0,0,89,-17,"Melbourne","2019",21
13,"Oliver, Clayton",11,7,18,29,0,0,0,11,2,2,7,7,2,2,2,14,16,0,0,0,0,0,81,-17,"Melbourne","2019",21
5,"Petracca, Christian",12,6,8,20,1,2,0,3,0,11,1,3,2,1,0,10,10,1,2,2,0,2,89,-17,"Melbourne","2019",21
35,"Petty, Harry",5,3,2,7,1,0,0,3,0,0,1,0,2,0,0,3,4,0,0,0,0,0,68,-17,"Melbourne","2019",21
3,"Salem, Christian",16,7,9,25,0,0,0,1,5,0,1,2,0,0,0,4,19,0,0,2,0,0,87,-17,"Melbourne","2019",21
7,"Viney, Jack",8,2,10,18,0,0,0,8,1,1,5,2,0,1,0,7,10,0,0,1,0,0,78,-17,"Melbourne","2019",21
40,"Wagner, Corey",9,5,4,13,0,2,0,7,0,2,0,3,2,0,0,8,7,0,1,1,0,0,93,-17,"Melbourne","2019",21
0,"Rushed",0,0,0,0,0,1,0,0,0,0,0,0,0,0,0,0,0,0,0,0,0,0,0,-17,"Melbourne","2019",21
13,"Adams, Taylor",14,4,9,23,0,0,0,7,2,5,2,2,1,1,0,7,17,0,0,1,0,2,72,17,"Collingwood","2019",21
17,"Brown, Callum",10,3,11,21,0,0,0,4,0,5,1,4,0,2,0,8,17,0,0,1,2,0,83,17,"Collingwood","2019",21
25,"Crisp, Jack",14,4,5,19,1,0,0,2,1,2,1,2,0,1,0,7,11,1,0,1,2,0,91,17,"Collingwood","2019",21
26,"Daicos, Josh",5,4,10,15,0,0,0,1,1,1,2,1,0,1,0,4,11,0,0,0,0,0,58,17,"Collingwood","2019",21
5,"Elliott, Jamie",8,6,3,11,0,3,0,3,0,2,0,2,0,1,0,1,9,1,2,1,0,0,77,17,"Collingwood","2019",21
19,"Greenwood, Levi",6,4,6,12,0,0,0,2,2,0,0,2,1,1,0,3,9,0,0,2,0,0,77,17,"Collingwood","2019",21
4,"Grundy, Brodie",9,2,7,16,0,0,44,7,1,2,7,5,1,5,0,11,5,0,0,0,0,0,89,17,"Collingwood","2019",21
32,"Hoskin-Elliott, Will",8,5,5,13,0,0,0,6,0,1,1,1,0,0,0,4,9,0,0,3,0,0,90,17,"Collingwood","2019",21
38,"Howe, Jeremy",15,8,7,22,0,0,0,0,6,2,0,1,1,0,0,7,11,0,0,4,0,0,82,17,"Collingwood","2019",21
44,"Madgen, Jack",11,6,3,14,0,0,0,1,3,0,0,0,0,0,0,2,10,0,0,4,0,0,86,17,"Collingwood","2019",21
37,"Maynard, Brayden",13,7,7,20,0,0,0,4,3,0,0,3,1,3,0,5,15,0,0,1,0,0,88,17,"Collingwood","2019",21
16,"Mayne, Chris",12,5,6,18,0,0,0,0,2,1,0,0,1,0,0,4,11,0,0,0,0,0,87,17,"Collingwood","2019",21
41,"Mihocek, Brody",8,7,4,12,4,1,0,6,1,2,0,2,1,1,1,5,7,2,3,2,0,0,87,17,"Collingwood","2019",21
10,"Pendlebury, Scott",11,4,12,23,2,0,0,4,2,5,4,0,2,0,0,12,12,0,0,3,0,0,82,17,"Collingwood","2019",21
21,"Phillips, Tom",18,6,6,24,0,0,0,4,1,5,3,1,1,0,0,5,19,0,0,1,0,0,81,17,"Collingwood","2019",21
23,"Roughead, Jordan",4,3,7,11,0,0,4,3,0,2,0,1,1,0,0,5,6,0,0,4,0,0,89,17,"Collingwood","2019",21
12,"Scharenberg, Matt",10,4,3,13,0,0,0,0,1,0,0,2,1,1,0,2,12,0,0,8,2,0,89,17,"Collingwood","2019",21
22,"Sidebottom, Steele",18,9,10,28,0,2,0,5,6,4,3,0,0,0,0,5,23,0,0,3,1,0,87,17,"Collingwood","2019",21
24,"Thomas, Josh",9,1,9,18,1,0,0,5,0,4,0,1,0,0,0,8,10,0,0,0,0,2,76,17,"Collingwood","2019",21
7,"Treloar, Adam",9,4,22,31,0,0,0,6,2,0,6,2,0,0,3,15,16,0,0,1,0,2,80,17,"Collingwood","2019",21
18,"Varcoe, Travis",6,6,4,10,2,0,0,1,0,1,0,1,0,0,0,2,8,0,1,1,0,0,78,17,"Collingwood","2019",21
33,"Wills, Rupert",3,1,13,16,0,0,0,10,0,0,1,5,3,3,0,10,8,0,0,3,0,0,71,17,"Collingwood","2019",21
0,"Rushed",0,0,0,0,0,4,0,0,0,0,0,0,0,0,0,0,0,0,0,0,0,0,0,17,"Collingwood","2019",21
