"Number","Player","Kicks","Marks","Handballs","Disposals","Goals","Behinds","Hitouts","Tackles","Rebounds50s","Inside50s","Clearances","Clangers","FreesFor","FreesAgainst","BrownlowVotes","ContestedPossessions","UncontestedPossessions","ContestedMarks","MarksInside50","OnePercenters","Bounces","GoalAssists","PercentagePlayed","PointDifference","Team","Season","Round"
15,"Ahern, Paul",9,1,9,18,1,1,0,3,2,5,5,3,0,1,0,10,8,0,0,0,0,1,76,39,"North Melbourne","2019",16
3,"Anderson, Jed",4,3,18,22,0,0,0,7,0,2,4,3,0,0,0,11,13,0,0,3,0,0,65,39,"North Melbourne","2019",16
18,"Atley, Shaun",10,7,6,16,0,0,0,4,2,1,0,0,1,0,0,3,13,1,0,2,1,0,95,39,"North Melbourne","2019",16
50,"Brown, Ben",8,3,0,8,3,1,3,0,0,1,0,1,3,1,0,5,3,1,1,1,0,0,96,39,"North Melbourne","2019",16
10,"Cunnington, Ben",10,4,14,24,0,1,0,3,0,1,6,2,1,2,0,14,9,1,1,0,0,0,80,39,"North Melbourne","2019",16
9,"Davies-Uniacke, Luke",5,1,7,12,0,0,0,2,0,3,2,1,0,0,0,5,8,0,0,1,0,1,65,39,"North Melbourne","2019",16
14,"Dumont, Trent",15,4,9,24,0,0,0,2,3,4,4,1,1,0,0,8,15,0,0,1,0,1,87,39,"North Melbourne","2019",16
24,"Durdin, Sam",1,0,2,3,0,0,0,2,0,0,0,2,0,1,0,1,2,0,0,5,0,0,73,39,"North Melbourne","2019",16
22,"Goldstein, Todd",10,5,6,16,0,0,39,6,1,3,7,4,3,2,0,11,5,3,1,9,0,1,91,39,"North Melbourne","2019",16
20,"Larkey, Nick",7,5,4,11,5,0,5,0,0,0,0,0,3,0,0,8,4,2,2,2,0,0,88,39,"North Melbourne","2019",16
11,"McDonald, Luke",5,4,9,14,0,0,0,4,2,0,0,0,0,0,0,4,10,0,0,3,0,0,93,39,"North Melbourne","2019",16
17,"Pittard, Jasper",14,11,6,20,0,0,0,2,3,0,0,3,1,0,0,2,18,0,0,2,0,0,79,39,"North Melbourne","2019",16
13,"Polec, Jared",14,5,5,19,0,1,0,6,1,3,1,3,1,1,0,6,14,0,0,1,1,0,88,39,"North Melbourne","2019",16
12,"Simpkin, Jy",16,1,20,36,1,0,0,3,2,6,9,4,1,0,1,21,14,0,0,3,0,1,77,39,"North Melbourne","2019",16
25,"Tarrant, Robbie",14,10,1,15,0,0,0,1,3,3,0,2,0,2,0,5,11,3,0,8,0,0,95,39,"North Melbourne","2019",16
26,"Thomas, Tarryn",9,3,5,14,0,2,0,3,0,0,0,2,1,0,0,6,8,0,1,1,0,0,76,39,"North Melbourne","2019",16
16,"Thompson, Scott",16,8,3,19,0,0,0,2,8,1,0,4,1,2,0,6,8,2,0,2,0,1,85,39,"North Melbourne","2019",16
28,"Turner, Kayne",6,1,3,9,0,0,0,1,1,3,0,2,2,1,0,2,7,0,0,0,0,1,80,39,"North Melbourne","2019",16
2,"Williams, Marley",10,2,4,14,0,0,0,4,5,4,1,3,1,0,0,2,12,0,0,0,1,1,78,39,"North Melbourne","2019",16
32,"Wood, Mason",4,1,2,6,0,0,0,2,0,3,0,0,0,0,0,1,5,0,0,0,0,1,59,39,"North Melbourne","2019",16
7,"Ziebell, Jack",13,3,11,24,2,0,0,8,2,8,8,5,4,1,0,15,9,0,0,3,0,0,86,39,"North Melbourne","2019",16
44,"Zurhaar, Cameron",12,8,4,16,5,3,0,2,1,6,0,2,1,2,3,5,10,1,5,0,0,0,87,39,"North Melbourne","2019",16
0,"Rushed",0,0,0,0,0,1,0,0,0,0,0,0,0,0,0,0,0,0,0,0,0,0,0,39,"North Melbourne","2019",16
8,"Acres, Blake",7,5,12,19,0,1,0,4,1,2,2,2,0,1,0,6,15,0,1,1,0,0,72,-39,"St Kilda","2019",16
26,"Battle, Josh",0,0,0,0,0,0,0,1,0,0,0,0,0,0,0,0,0,0,0,0,0,0,3,-39,"St Kilda","2019",16
15,"Billings, Jack",24,5,11,35,0,0,0,6,8,9,4,6,1,2,0,13,23,0,0,2,0,2,94,-39,"St Kilda","2019",16
27,"Bruce, Josh",12,7,5,17,6,0,0,4,0,1,1,3,3,3,2,15,2,7,4,3,1,0,92,-39,"St Kilda","2019",16
2,"Carlisle, Jake",8,7,2,10,0,0,5,1,0,0,0,3,1,3,0,6,6,2,0,16,0,0,84,-39,"St Kilda","2019",16
11,"Clark, Hunter",12,6,7,19,0,1,0,3,5,1,1,3,0,1,0,6,13,0,0,0,0,0,71,-39,"St Kilda","2019",16
1,"Coffield, Nick",9,3,4,13,0,0,0,0,4,1,0,6,0,3,0,2,9,0,0,3,0,0,87,-39,"St Kilda","2019",16
7,"Dunstan, Luke",16,6,11,27,0,0,0,9,3,5,6,3,1,2,0,11,14,0,0,0,0,2,81,-39,"St Kilda","2019",16
4,"Gresham, Jade",6,1,12,18,1,0,0,4,0,1,3,2,0,0,0,7,9,0,0,0,0,0,86,-39,"St Kilda","2019",16
40,"Hind, Nick",5,1,1,6,1,1,0,3,0,2,0,1,0,0,0,5,3,0,1,2,1,0,79,-39,"St Kilda","2019",16
21,"Long, Ben",8,5,1,9,0,1,0,3,0,4,1,2,1,0,0,5,7,0,1,2,0,0,89,-39,"St Kilda","2019",16
19,"Marshall, Rowan",8,2,13,21,1,0,31,6,0,5,8,8,2,3,0,17,7,0,0,3,0,0,90,-39,"St Kilda","2019",16
36,"McKenzie, Daniel",8,3,4,12,0,0,0,3,3,1,0,2,0,0,0,3,10,0,0,2,0,0,77,-39,"St Kilda","2019",16
28,"Membrey, Tim",6,2,9,15,2,0,0,1,0,0,0,2,1,1,0,8,8,0,1,4,1,0,91,-39,"St Kilda","2019",16
16,"Newnes, Jack",15,5,4,19,0,0,0,5,2,7,2,3,2,1,0,7,12,0,0,2,0,2,86,-39,"St Kilda","2019",16
34,"Parker, Matthew",2,0,5,7,0,0,0,5,0,1,0,2,0,0,0,4,3,0,0,5,0,1,81,-39,"St Kilda","2019",16
33,"Paton, Ben",5,2,11,16,0,0,0,6,2,0,2,2,2,0,0,8,8,1,0,1,0,0,91,-39,"St Kilda","2019",16
6,"Ross, Sebastian",10,4,5,15,0,0,0,2,2,0,0,3,0,1,0,3,12,0,0,2,0,1,93,-39,"St Kilda","2019",16
5,"Savage, Shane",10,5,7,17,0,0,0,4,6,1,0,2,0,2,0,1,12,0,0,3,1,0,91,-39,"St Kilda","2019",16
35,"Sinclair, Jack",8,0,7,15,0,1,0,2,0,4,5,1,0,0,0,9,7,0,0,1,0,0,85,-39,"St Kilda","2019",16
9,"Steele, Jack",10,5,8,18,0,0,0,18,1,4,3,3,2,1,0,8,9,0,0,3,0,0,86,-39,"St Kilda","2019",16
44,"Wilkie, Callum",9,9,3,12,0,0,1,2,3,0,0,1,0,1,0,4,8,2,0,5,0,0,89,-39,"St Kilda","2019",16
0,"Rushed",0,0,0,0,0,2,0,0,0,0,0,0,0,0,0,0,0,0,0,0,0,0,0,-39,"St Kilda","2019",16
