"Number","Player","Kicks","Marks","Handballs","Disposals","Goals","Behinds","Hitouts","Tackles","Rebounds50s","Inside50s","Clearances","Clangers","FreesFor","FreesAgainst","BrownlowVotes","ContestedPossessions","UncontestedPossessions","ContestedMarks","MarksInside50","OnePercenters","Bounces","GoalAssists","PercentagePlayed","PointDifference","Team","Season","Round"
1,"Ballantyne, Hayden",5,1,1,6,1,1,0,0,0,1,0,1,0,0,0,1,5,0,0,0,0,0,67,82,"Fremantle","2019",1
41,"Banfield, Bailey",9,7,11,20,0,1,0,4,0,3,0,5,1,3,0,6,15,1,1,1,0,1,78,82,"Fremantle","2019",1
8,"Brayshaw, Andrew",6,3,14,20,0,1,0,4,0,4,2,3,0,2,0,11,9,0,1,0,0,1,73,82,"Fremantle","2019",1
5,"Cerra, Adam",7,2,6,13,0,0,0,2,0,3,0,1,0,1,0,5,8,1,0,2,0,2,83,82,"Fremantle","2019",1
33,"Colyer, Travis",11,2,9,20,1,0,0,1,2,1,3,4,1,0,0,11,9,0,0,0,0,1,70,82,"Fremantle","2019",1
6,"Conca, Reece",11,4,8,19,0,0,0,2,3,1,1,1,2,0,0,5,15,0,0,3,0,0,81,82,"Fremantle","2019",1
4,"Darcy, Sean",6,1,4,10,0,2,27,4,0,3,5,1,0,1,0,8,5,0,1,6,0,0,88,82,"Fremantle","2019",1
7,"Fyfe, Nat",10,4,22,32,1,1,0,4,0,8,10,5,3,3,3,22,12,2,0,3,0,2,79,82,"Fremantle","2019",1
21,"Hamling, Joel",4,3,4,8,0,0,0,2,4,3,0,2,1,2,0,5,2,1,0,8,0,0,93,82,"Fremantle","2019",1
9,"Hill, Bradley",17,2,11,28,1,0,0,7,0,4,3,4,0,0,1,11,17,0,0,0,0,1,84,82,"Fremantle","2019",1
15,"Hughes, Ethan",9,4,5,14,0,1,0,2,0,1,0,5,0,1,0,5,9,2,1,2,0,1,87,82,"Fremantle","2019",1
26,"Langdon, Ed",16,8,9,25,0,0,0,4,6,9,1,1,1,0,0,7,18,0,0,0,0,0,83,82,"Fremantle","2019",1
37,"Lobb, Rory",9,4,2,11,2,1,6,4,1,1,2,2,1,0,0,9,2,3,2,6,0,1,88,82,"Fremantle","2019",1
23,"McCarthy, Cam",14,5,6,20,5,0,0,2,0,4,0,1,2,0,2,7,11,1,3,1,0,0,93,82,"Fremantle","2019",1
16,"Mundy, David",13,3,7,20,1,0,0,1,1,5,6,3,0,2,0,8,13,0,0,2,0,1,70,82,"Fremantle","2019",1
25,"Pearce, Alex",8,2,2,10,0,0,0,5,8,0,0,2,1,1,0,8,4,0,0,3,0,0,96,82,"Fremantle","2019",1
38,"Ryan, Luke",13,5,2,15,1,0,0,2,6,2,0,4,1,3,0,6,9,0,1,2,0,0,77,82,"Fremantle","2019",1
28,"Schultz, Lachie",11,6,6,17,2,0,0,2,1,1,1,2,0,0,0,4,10,0,2,0,0,0,71,82,"Fremantle","2019",1
20,"Taberner, Matthew",13,9,5,18,1,0,0,3,0,4,0,5,3,2,0,8,10,3,1,0,0,1,86,82,"Fremantle","2019",1
18,"Tucker, Darcy",17,4,7,24,2,1,0,7,1,7,3,4,2,3,0,10,13,0,1,0,0,1,86,82,"Fremantle","2019",1
10,"Walters, Michael",12,4,7,19,3,1,0,1,0,3,2,3,3,2,0,13,7,2,1,1,0,2,83,82,"Fremantle","2019",1
14,"Wilson, Nathan",10,1,2,12,0,0,0,1,3,0,0,3,0,0,0,3,7,0,0,3,0,0,84,82,"Fremantle","2019",1
0,"Rushed",0,0,0,0,0,5,0,0,0,0,0,0,0,0,0,0,0,0,0,0,0,0,0,82,"Fremantle","2019",1
18,"Atley, Shaun",14,3,7,21,0,0,0,2,4,4,2,1,2,0,0,5,16,0,0,2,0,1,84,-82,"North Melbourne","2019",1
50,"Brown, Ben",8,0,3,11,2,1,1,2,0,4,0,4,6,0,0,11,2,0,0,1,0,0,95,-82,"North Melbourne","2019",1
10,"Cunnington, Ben",9,3,17,26,0,0,0,2,3,1,7,5,2,4,0,17,9,1,0,0,0,0,84,-82,"North Melbourne","2019",1
9,"Davies-Uniacke, Luke",7,5,8,15,1,0,0,3,0,1,1,2,1,0,0,7,8,0,3,2,0,1,72,-82,"North Melbourne","2019",1
14,"Dumont, Trent",8,3,14,22,0,0,0,5,0,2,1,8,3,2,0,15,9,0,0,5,0,0,89,-82,"North Melbourne","2019",1
22,"Goldstein, Todd",5,4,7,12,1,0,34,4,0,1,1,3,1,1,0,5,7,1,0,3,0,0,96,-82,"North Melbourne","2019",1
43,"Hall, Aaron",12,4,7,19,0,0,0,5,2,4,1,3,1,0,0,5,14,0,0,2,1,0,76,-82,"North Melbourne","2019",1
4,"Higgins, Shaun",15,2,11,26,1,0,0,4,2,6,3,2,0,0,0,7,18,0,0,0,0,0,79,-82,"North Melbourne","2019",1
34,"Macmillan, Jamie",21,4,16,37,0,0,0,3,12,1,0,7,2,1,0,13,19,1,0,4,0,0,90,-82,"North Melbourne","2019",1
11,"McDonald, Luke",11,2,9,20,0,0,0,2,6,0,2,4,0,0,0,5,14,0,0,3,0,0,91,-82,"North Melbourne","2019",1
23,"McKay, Ben",3,4,6,9,0,0,0,4,0,1,0,3,1,1,0,4,8,0,0,8,0,0,88,-82,"North Melbourne","2019",1
17,"Pittard, Jasper",8,7,11,19,0,0,0,2,0,0,0,2,1,1,0,4,15,0,0,11,0,0,84,-82,"North Melbourne","2019",1
13,"Polec, Jared",18,7,9,27,0,0,0,1,1,4,2,3,0,1,0,6,19,0,0,3,1,0,87,-82,"North Melbourne","2019",1
30,"Scott, Bailey",11,8,10,21,2,0,0,2,2,3,1,0,0,0,0,4,17,0,1,1,0,0,81,-82,"North Melbourne","2019",1
12,"Simpkin, Jy",8,3,4,12,0,0,0,4,0,3,2,3,1,1,0,8,4,1,0,2,0,2,77,-82,"North Melbourne","2019",1
25,"Tarrant, Robbie",9,2,7,16,0,0,0,3,4,1,0,4,0,2,0,5,11,0,0,9,0,0,90,-82,"North Melbourne","2019",1
28,"Turner, Kayne",10,3,4,14,1,0,0,2,0,5,1,1,2,0,0,6,8,1,1,1,0,1,84,-82,"North Melbourne","2019",1
21,"Tyson, Dom",6,3,16,22,0,0,0,5,3,0,2,7,2,3,0,8,14,0,0,0,0,0,70,-82,"North Melbourne","2019",1
33,"Vickers-Willis, Ed",0,0,1,1,0,0,0,0,0,0,0,1,0,1,0,0,1,0,0,1,0,0,13,-82,"North Melbourne","2019",1
2,"Williams, Marley",10,3,10,20,0,0,0,2,4,1,1,1,1,1,0,5,15,1,0,0,0,0,87,-82,"North Melbourne","2019",1
32,"Wood, Mason",4,3,4,8,0,0,0,0,0,1,1,3,0,1,0,3,7,0,1,1,0,0,86,-82,"North Melbourne","2019",1
7,"Ziebell, Jack",8,4,4,12,1,1,0,3,0,4,0,3,0,2,0,4,9,0,1,2,0,1,97,-82,"North Melbourne","2019",1
0,"Rushed",0,0,0,0,0,3,0,0,0,0,0,0,0,0,0,0,0,0,0,0,0,0,0,-82,"North Melbourne","2019",1
