"Number","Player","Kicks","Marks","Handballs","Disposals","Goals","Behinds","Hitouts","Tackles","Rebounds50s","Inside50s","Clearances","Clangers","FreesFor","FreesAgainst","BrownlowVotes","ContestedPossessions","UncontestedPossessions","ContestedMarks","MarksInside50","OnePercenters","Bounces","GoalAssists","PercentagePlayed","PointDifference","Team","Season","Round"
41,"Casboult, Levi",9,10,1,10,1,1,14,6,1,4,0,3,0,3,0,2,9,2,2,3,0,0,90,24,"Carlton","2019",18
9,"Cripps, Patrick",4,2,14,18,1,0,0,4,0,3,5,5,2,5,0,11,7,0,0,2,0,0,86,24,"Carlton","2019",18
35,"Curnow, Ed",16,9,16,32,0,0,0,5,0,4,6,3,1,1,3,15,16,0,0,2,0,0,75,24,"Carlton","2019",18
47,"Deluca, Josh",3,3,5,8,1,0,0,1,0,1,0,2,0,1,0,2,5,0,2,1,0,0,67,24,"Carlton","2019",18
25,"Fisher, Zac",14,2,3,17,1,0,0,4,3,2,2,1,1,0,0,4,12,0,0,1,1,1,82,24,"Carlton","2019",18
40,"Gibbons, Michael",8,4,12,20,1,0,0,3,0,3,5,1,0,0,0,10,11,0,1,1,0,1,74,24,"Carlton","2019",18
14,"Jones, Liam",10,11,9,19,0,0,0,2,2,1,0,5,0,2,0,11,8,5,0,10,0,0,91,24,"Carlton","2019",18
7,"Kennedy, Matthew",10,1,1,11,4,0,0,0,0,2,0,0,2,0,1,5,7,0,0,2,2,0,80,24,"Carlton","2019",18
8,"Kreuzer, Matthew",4,0,3,7,0,0,19,2,0,2,3,1,1,1,0,5,1,0,0,1,0,0,79,24,"Carlton","2019",18
16,"Lang, Darcy",10,4,3,13,1,2,0,5,1,1,1,1,2,1,0,6,7,0,0,1,1,1,82,24,"Carlton","2019",18
10,"McKay, Harry",12,10,2,14,2,2,0,4,0,5,0,2,2,0,0,5,10,1,4,3,0,0,84,24,"Carlton","2019",18
3,"Murphy, Marc",10,0,12,22,1,0,0,4,2,1,5,3,1,1,0,10,12,0,0,0,0,1,83,24,"Carlton","2019",18
24,"Newman, Nic",12,7,6,18,0,0,0,6,1,3,1,1,1,0,0,4,15,1,0,4,1,0,85,24,"Carlton","2019",18
4,"OBrien, Lochie",11,2,5,16,1,0,0,1,0,3,0,6,0,1,0,4,12,0,0,0,0,1,81,24,"Carlton","2019",18
5,"Petrevski-Seton, Sam",14,5,8,22,0,0,0,4,7,1,2,2,1,1,0,12,10,0,0,1,0,0,79,24,"Carlton","2019",18
20,"Plowman, Lachie",12,7,5,17,0,0,0,2,2,1,0,1,1,0,0,5,12,0,0,7,0,0,93,24,"Carlton","2019",18
43,"Setterfield, Will",8,5,7,15,1,1,0,3,0,3,0,0,0,0,0,3,11,1,1,1,0,1,82,24,"Carlton","2019",18
1,"Silvagni, Jack",12,5,5,17,0,1,0,5,1,2,2,1,1,0,0,7,10,1,0,1,0,1,74,24,"Carlton","2019",18
6,"Simpson, Kade",19,3,5,24,0,0,0,3,7,1,4,2,2,0,0,10,12,0,0,1,2,0,82,24,"Carlton","2019",18
39,"Thomas, Dale",12,7,8,20,0,0,0,2,4,1,0,2,0,1,0,3,15,0,1,0,1,2,74,24,"Carlton","2019",18
18,"Walsh, Sam",12,5,15,27,0,1,0,4,2,4,3,5,0,3,0,7,22,0,0,0,0,1,80,24,"Carlton","2019",18
23,"Weitering, Jacob",16,10,3,19,0,0,0,2,7,2,0,1,0,0,0,3,16,2,0,4,0,0,97,24,"Carlton","2019",18
0,"Rushed",0,0,0,0,0,1,0,0,0,0,0,0,0,0,0,0,0,0,0,0,0,0,0,24,"Carlton","2019",18
10,"Ballard, Charlie",7,4,2,9,0,0,0,1,1,1,0,2,0,2,0,3,4,1,0,4,0,0,86,-24,"Gold Coast","2019",18
7,"Brodie, Will",10,4,16,26,0,0,0,10,1,2,6,4,2,1,0,12,15,0,0,2,0,0,68,-24,"Gold Coast","2019",18
29,"Burgess, Chris",5,2,6,11,1,0,0,1,2,2,1,2,0,2,0,6,5,0,0,4,0,0,91,-24,"Gold Coast","2019",18
45,"Dawson, Jacob",6,5,5,11,0,0,0,2,1,0,1,2,0,1,0,4,8,0,0,0,0,1,82,-24,"Gold Coast","2019",18
12,"Day, Sam",6,4,5,11,0,1,0,3,0,2,0,0,1,0,0,3,8,0,1,1,0,1,73,-24,"Gold Coast","2019",18
17,"Ellis, Corey",7,2,13,20,0,0,0,4,2,1,1,3,0,0,0,10,10,0,0,0,0,0,86,-24,"Gold Coast","2019",18
8,"Fiorini, Brayden",22,6,10,32,0,0,0,5,2,5,3,2,1,0,0,8,22,0,0,0,0,1,83,-24,"Gold Coast","2019",18
1,"Hanley, Pearce",11,7,7,18,1,0,0,2,3,4,0,4,1,1,0,4,13,1,0,0,0,0,82,-24,"Gold Coast","2019",18
5,"Harbrow, Jarrod",12,2,4,16,0,0,0,3,3,1,4,2,1,1,0,9,6,0,0,4,0,0,91,-24,"Gold Coast","2019",18
40,"Heron, Jacob",2,1,14,16,0,0,0,6,1,2,2,3,0,1,0,12,6,0,0,2,0,2,81,-24,"Gold Coast","2019",18
20,"Hombsch, Jack",3,3,2,5,0,0,0,1,0,0,0,0,0,0,0,1,4,0,0,12,0,0,85,-24,"Gold Coast","2019",18
38,"Joyce, Jesse",6,2,5,11,0,0,0,1,2,0,0,3,0,1,0,4,8,0,0,3,0,0,85,-24,"Gold Coast","2019",18
34,"King, Ben",7,6,5,12,1,2,0,2,0,2,0,2,0,1,0,5,8,1,4,3,0,1,72,-24,"Gold Coast","2019",18
23,"Lemmens, Sean",8,0,5,13,1,0,0,8,0,4,5,3,2,1,0,11,2,0,0,0,0,0,74,-24,"Gold Coast","2019",18
41,"Lukosius, Jack",14,6,1,15,0,0,0,2,5,0,0,2,1,1,0,4,6,2,0,1,0,0,79,-24,"Gold Coast","2019",18
44,"Macpherson, Darcy",18,4,7,25,1,0,0,10,5,2,2,4,2,2,0,13,11,0,0,0,0,0,83,-24,"Gold Coast","2019",18
11,"Miller, Touk",17,9,10,27,0,0,0,11,2,6,2,4,1,0,2,10,16,1,0,2,0,1,88,-24,"Gold Coast","2019",18
35,"Rischitelli, Michael",6,1,6,12,1,0,0,5,0,2,1,0,3,0,0,10,3,0,0,2,0,0,77,-24,"Gold Coast","2019",18
6,"Sexton, Alex",10,4,2,12,3,0,0,2,0,3,0,6,0,2,0,2,10,0,1,1,0,1,87,-24,"Gold Coast","2019",18
24,"Swallow, David",11,1,3,14,0,0,0,7,2,3,4,3,3,0,0,4,10,0,0,1,0,0,84,-24,"Gold Coast","2019",18
28,"Witts, Jarrod",10,2,2,12,0,1,46,2,2,5,7,3,2,0,0,11,2,2,1,3,0,0,85,-24,"Gold Coast","2019",18
30,"Wright, Peter",12,6,4,16,2,2,5,2,0,6,3,3,2,1,0,6,9,1,2,8,0,0,80,-24,"Gold Coast","2019",18
0,"Rushed",0,0,0,0,0,3,0,0,0,0,0,0,0,0,0,0,0,0,0,0,0,0,0,-24,"Gold Coast","2019",18
