"Number","Player","Kicks","Marks","Handballs","Disposals","Goals","Behinds","Hitouts","Tackles","Rebounds50s","Inside50s","Clearances","Clangers","FreesFor","FreesAgainst","BrownlowVotes","ContestedPossessions","UncontestedPossessions","ContestedMarks","MarksInside50","OnePercenters","Bounces","GoalAssists","PercentagePlayed","PointDifference","Team","Season","Round"
10,"Ballard, Charlie",10,8,2,12,0,0,0,0,4,0,0,5,1,1,0,2,9,1,0,8,0,0,88,-92,"Gold Coast","2019",16
7,"Brodie, Will",12,7,10,22,1,1,0,3,0,3,3,2,1,0,0,6,17,0,1,0,0,0,81,-92,"Gold Coast","2019",16
19,"Corbett, Josh",7,6,1,8,0,0,0,0,0,1,0,3,0,2,0,1,6,0,0,1,0,0,89,-92,"Gold Coast","2019",16
12,"Day, Sam",6,7,9,15,1,0,9,4,0,2,1,2,2,0,0,12,4,4,1,1,0,1,80,-92,"Gold Coast","2019",16
8,"Fiorini, Brayden",16,3,3,19,0,0,0,5,2,3,2,4,0,0,0,4,14,0,0,0,0,1,78,-92,"Gold Coast","2019",16
1,"Hanley, Pearce",8,3,8,16,0,1,0,5,5,1,0,4,0,2,0,3,12,0,0,1,0,0,87,-92,"Gold Coast","2019",16
5,"Harbrow, Jarrod",15,5,4,19,0,0,0,0,3,2,0,3,0,2,0,5,12,0,0,4,1,0,87,-92,"Gold Coast","2019",16
40,"Heron, Jacob",5,2,3,8,0,0,0,2,1,2,0,1,0,0,0,1,7,0,0,0,0,0,86,-92,"Gold Coast","2019",16
20,"Hombsch, Jack",4,4,1,5,0,0,0,1,1,0,0,0,0,0,0,1,5,0,0,4,0,0,91,-92,"Gold Coast","2019",16
38,"Joyce, Jesse",13,8,9,22,0,0,0,0,4,1,0,4,0,1,0,9,14,1,0,4,0,0,83,-92,"Gold Coast","2019",16
34,"King, Ben",2,1,2,4,0,0,0,2,0,2,0,0,1,0,0,4,0,1,0,2,0,0,85,-92,"Gold Coast","2019",16
41,"Lukosius, Jack",10,8,6,16,0,0,0,0,2,1,0,1,0,1,0,6,9,0,0,5,0,0,81,-92,"Gold Coast","2019",16
44,"Macpherson, Darcy",16,3,8,24,2,0,0,5,1,2,2,6,3,2,0,8,16,0,1,2,0,1,85,-92,"Gold Coast","2019",16
4,"Martin, Jack",12,7,5,17,1,0,0,4,2,0,1,3,1,1,0,6,10,1,1,1,0,0,89,-92,"Gold Coast","2019",16
2,"Miles, Anthony",12,5,9,21,1,0,0,3,1,4,3,3,2,1,0,12,11,1,1,0,0,1,82,-92,"Gold Coast","2019",16
11,"Miller, Touk",7,2,13,20,0,0,0,6,1,1,3,2,1,0,0,11,11,0,0,3,0,0,84,-92,"Gold Coast","2019",16
27,"Powell, Wil",0,0,0,0,0,0,0,1,0,0,0,0,0,0,0,0,0,0,0,0,0,0,18,-92,"Gold Coast","2019",16
18,"Scheer, Brad",7,2,0,7,0,0,0,1,0,1,1,2,0,1,0,1,6,0,0,0,0,0,83,-92,"Gold Coast","2019",16
6,"Sexton, Alex",8,4,4,12,0,0,0,3,0,1,1,4,0,1,0,5,8,1,0,4,0,0,96,-92,"Gold Coast","2019",16
24,"Swallow, David",15,4,15,30,1,0,0,3,1,8,7,0,1,0,0,13,18,0,1,1,0,1,81,-92,"Gold Coast","2019",16
14,"Weller, Lachie",12,7,11,23,1,0,0,2,3,3,3,1,1,1,0,7,15,0,0,2,1,1,93,-92,"Gold Coast","2019",16
28,"Witts, Jarrod",11,4,8,19,1,1,36,2,2,1,10,5,3,3,0,15,3,2,1,2,0,0,72,-92,"Gold Coast","2019",16
0,"Rushed",0,0,0,0,0,1,0,0,0,0,0,0,0,0,0,0,0,0,0,0,0,0,0,-92,"Gold Coast","2019",16
12,"Astbury, David",6,1,4,10,0,0,0,0,1,0,0,4,0,2,0,2,8,0,0,9,0,0,96,92,"Richmond","2019",16
29,"Bolton, Shai",15,9,11,26,2,0,0,4,0,6,5,5,0,2,0,9,19,1,2,0,0,2,81,92,"Richmond","2019",16
35,"Broad, Nathan",9,8,8,17,0,0,0,1,1,1,0,0,1,0,0,4,12,1,0,3,0,1,79,92,"Richmond","2019",16
11,"Castagna, Jason",12,10,6,18,5,2,0,2,0,0,0,0,0,0,2,4,14,1,6,1,0,1,84,92,"Richmond","2019",16
41,"Chol, Mabior",7,3,3,10,1,1,9,2,0,3,3,2,1,1,0,7,4,1,1,3,0,0,67,92,"Richmond","2019",16
9,"Cotchin, Trent",13,4,14,27,2,0,0,2,1,5,6,3,1,1,3,11,16,0,0,2,0,1,75,92,"Richmond","2019",16
10,"Edwards, Shane",10,5,15,25,0,0,0,4,2,4,4,6,1,1,0,9,14,0,0,3,1,1,84,92,"Richmond","2019",16
43,"Eggmolesse-Smith, Derek",11,2,8,19,0,0,0,3,4,0,0,1,1,0,0,7,11,0,0,0,2,0,73,92,"Richmond","2019",16
5,"Ellis, Brandon",14,7,9,23,1,0,0,0,1,5,1,2,0,0,0,6,15,0,0,1,0,1,88,92,"Richmond","2019",16
34,"Graham, Jack",8,4,15,23,0,0,0,7,0,5,2,4,0,1,0,8,14,0,0,0,0,2,72,92,"Richmond","2019",16
2,"Grimes, Dylan",8,5,8,16,0,0,0,2,1,1,0,3,1,2,0,8,10,0,0,8,0,0,97,92,"Richmond","2019",16
14,"Houli, Bachar",13,2,11,24,0,0,0,2,3,3,3,1,0,0,0,6,15,0,0,5,0,0,84,92,"Richmond","2019",16
23,"Lambert, Kane",13,6,11,24,3,0,0,4,1,4,1,2,2,0,1,5,21,0,3,2,0,3,74,92,"Richmond","2019",16
19,"Lynch, Tom",6,6,2,8,3,2,0,0,0,0,1,2,0,0,0,6,3,3,5,1,0,0,91,92,"Richmond","2019",16
4,"Martin, Dustin",10,1,9,19,0,0,0,2,0,4,1,4,2,1,0,7,14,0,1,1,0,4,88,92,"Richmond","2019",16
33,"McIntosh, Kamdyn",11,2,7,18,1,0,0,2,2,4,2,7,3,2,0,8,9,0,0,2,2,0,81,92,"Richmond","2019",16
3,"Prestia, Dion",12,4,16,28,1,0,0,9,2,4,8,5,2,2,0,12,17,0,1,3,0,0,82,92,"Richmond","2019",16
17,"Rioli, Daniel",11,7,3,14,2,3,0,1,0,1,0,1,1,0,0,5,10,2,2,1,1,0,82,92,"Richmond","2019",16
15,"Short, Jayden",13,5,9,22,0,0,0,0,8,1,1,4,0,0,0,5,17,0,1,2,0,1,84,92,"Richmond","2019",16
47,"Soldo, Ivan",5,4,3,8,1,0,25,6,0,2,2,2,2,2,0,4,5,0,1,3,0,1,70,92,"Richmond","2019",16
44,"Stack, Sydney",9,3,10,19,1,1,0,2,0,4,1,0,1,0,0,9,10,0,0,2,2,2,80,92,"Richmond","2019",16
1,"Vlastuin, Nick",8,5,9,17,0,0,0,3,1,0,0,0,0,0,0,6,11,0,0,3,0,0,88,92,"Richmond","2019",16
0,"Rushed",0,0,0,0,0,3,0,0,0,0,0,0,0,0,0,0,0,0,0,0,0,0,0,92,"Richmond","2019",16
