"Number","Player","Kicks","Marks","Handballs","Disposals","Goals","Behinds","Hitouts","Tackles","Rebounds50s","Inside50s","Clearances","Clangers","FreesFor","FreesAgainst","BrownlowVotes","ContestedPossessions","UncontestedPossessions","ContestedMarks","MarksInside50","OnePercenters","Bounces","GoalAssists","PercentagePlayed","PointDifference","Team","Season","Round"
33,"Baker, Oskar",12,7,9,21,0,0,0,3,1,4,0,2,0,0,0,6,15,1,0,2,0,0,69,-2,"Melbourne","2019",11
10,"Brayshaw, Angus",15,2,8,23,1,0,0,4,4,6,5,4,2,0,0,12,13,0,0,3,0,0,83,-2,"Melbourne","2019",11
31,"Fritsch, Bayley",16,5,4,20,0,0,0,2,6,3,1,1,0,1,0,4,13,0,0,3,0,1,80,-2,"Melbourne","2019",11
17,"Frost, Sam",9,5,3,12,0,0,0,2,2,1,0,3,2,0,0,6,5,1,0,8,0,0,95,-2,"Melbourne","2019",11
36,"Garlett, Jeff",8,5,2,10,3,2,0,3,0,1,0,2,0,0,0,5,6,0,3,1,0,1,87,-2,"Melbourne","2019",11
11,"Gawn, Max",16,7,9,25,0,2,30,2,1,2,4,4,2,1,2,13,12,3,1,5,0,0,88,-2,"Melbourne","2019",11
19,"Hannan, Mitch",3,2,6,9,1,0,0,1,0,1,0,2,1,1,0,6,3,0,1,0,0,0,82,-2,"Melbourne","2019",11
4,"Harmes, James",12,3,17,29,1,1,0,3,0,6,2,5,1,2,0,13,17,0,0,1,0,0,79,-2,"Melbourne","2019",11
14,"Hibberd, Michael",14,5,8,22,0,0,0,0,5,2,1,2,2,1,0,6,16,1,0,0,0,0,81,-2,"Melbourne","2019",11
29,"Hunt, Jayden",11,7,2,13,1,1,0,1,2,3,0,3,0,1,0,4,10,1,2,1,0,3,81,-2,"Melbourne","2019",11
2,"Jones, Nathan",14,4,14,28,1,1,0,2,0,3,2,2,1,0,0,8,20,0,0,2,0,0,89,-2,"Melbourne","2019",11
24,"Kennedy Harris, Jay",12,6,6,18,0,0,0,6,2,4,2,3,1,0,0,4,13,0,0,0,0,0,68,-2,"Melbourne","2019",11
28,"McDonald, Oscar",9,3,2,11,0,0,0,3,0,0,0,4,0,2,0,3,8,0,0,4,0,0,95,-2,"Melbourne","2019",11
25,"McDonald, Tom",7,1,6,13,0,0,0,0,0,3,0,0,0,0,0,9,5,1,0,2,0,0,93,-2,"Melbourne","2019",11
13,"Oliver, Clayton",6,6,28,34,1,0,0,4,0,4,8,3,0,2,1,15,18,0,1,1,0,0,82,-2,"Melbourne","2019",11
5,"Petracca, Christian",12,7,6,18,1,0,0,2,0,3,1,1,0,0,0,4,15,0,2,1,0,2,85,-2,"Melbourne","2019",11
38,"Smith, Tim",9,6,6,15,1,1,3,2,0,5,2,0,0,0,0,10,5,2,2,1,0,0,83,-2,"Melbourne","2019",11
9,"Spargo, Charlie",7,4,3,10,0,1,0,2,1,1,1,3,0,1,0,2,8,0,2,1,0,2,69,-2,"Melbourne","2019",11
15,"Stretch, Billy",7,5,6,13,0,0,0,0,1,0,0,1,0,1,0,1,12,0,0,2,0,1,81,-2,"Melbourne","2019",11
7,"Viney, Jack",13,7,11,24,0,0,0,6,1,5,3,4,1,1,0,9,17,0,1,2,0,1,73,-2,"Melbourne","2019",11
42,"Wagner, Josh",11,4,4,15,0,0,0,2,3,5,0,3,0,0,0,3,12,0,0,4,2,0,78,-2,"Melbourne","2019",11
26,"Weideman, Sam",7,6,5,12,1,2,1,2,0,0,0,1,0,1,0,5,6,4,3,1,0,1,79,-2,"Melbourne","2019",11
0,"Rushed",0,0,0,0,0,5,0,0,0,0,0,0,0,0,0,0,0,0,0,0,0,0,0,-2,"Melbourne","2019",11
21,"Atkins, Rory",17,11,10,27,0,0,0,2,2,2,2,7,1,2,0,6,23,0,0,0,0,1,90,2,"Adelaide","2019",11
18,"Betts, Eddie",8,1,6,14,2,0,0,5,0,4,1,4,0,1,0,7,7,0,1,0,0,1,84,2,"Adelaide","2019",11
16,"Brown, Luke",8,4,5,13,0,0,0,2,1,0,0,0,0,0,0,2,7,0,0,1,1,0,85,2,"Adelaide","2019",11
2,"Crouch, Brad",21,3,8,29,3,0,0,5,4,3,7,1,1,0,3,13,15,0,1,1,0,0,82,2,"Adelaide","2019",11
28,"Ellis-Yolmen, Cam",13,4,12,25,1,0,0,2,2,3,5,3,2,1,0,10,14,0,0,2,0,0,81,2,"Adelaide","2019",11
7,"Gallucci, Jordan",9,3,4,13,1,0,0,3,0,6,1,0,1,0,0,6,9,0,1,2,0,3,86,2,"Adelaide","2019",11
6,"Gibbs, Bryce",11,5,2,13,0,0,0,5,0,3,2,1,1,1,0,3,12,0,0,0,0,1,72,2,"Adelaide","2019",11
1,"Greenwood, Hugh",9,4,11,20,0,0,0,7,1,1,2,1,0,1,0,10,11,0,0,3,0,0,76,2,"Adelaide","2019",11
4,"Jenkins, Josh",13,7,3,16,2,3,6,0,0,2,1,2,2,0,0,8,8,1,1,0,0,1,83,2,"Adelaide","2019",11
42,"Keath, Alex",7,3,7,14,0,0,0,3,3,0,0,1,1,0,0,9,5,0,0,3,0,0,84,2,"Adelaide","2019",11
8,"Kelly, Jake",13,7,2,15,0,0,0,10,7,0,1,5,1,0,0,5,11,1,0,10,0,0,96,2,"Adelaide","2019",11
29,"Laird, Rory",16,6,15,31,0,0,0,4,5,1,1,1,1,1,0,7,23,0,0,1,0,1,85,2,"Adelaide","2019",11
27,"Lynch, Tom",16,13,10,26,3,0,0,1,0,4,0,1,0,1,0,7,19,1,1,1,0,0,85,2,"Adelaide","2019",11
14,"Mackay, David",9,3,7,16,0,0,0,5,6,1,0,1,0,0,0,1,16,0,0,0,1,1,84,2,"Adelaide","2019",11
30,"Milera, Wayne",13,7,9,22,0,0,0,1,4,1,5,1,2,0,0,7,12,0,0,0,0,0,85,2,"Adelaide","2019",11
44,"Murphy, Lachlan",3,1,1,4,1,0,0,1,0,2,0,1,1,1,0,2,2,0,0,0,0,0,80,2,"Adelaide","2019",11
43,"OBrien, Reilly",3,1,4,7,0,0,34,3,1,1,2,4,0,3,0,4,2,1,0,2,0,0,88,2,"Adelaide","2019",11
11,"Seedsman, Paul",4,0,13,17,0,0,0,2,2,4,2,0,0,0,0,4,12,0,0,1,0,0,87,2,"Adelaide","2019",11
9,"Sloane, Rory",6,1,2,8,0,0,0,1,1,2,3,1,1,0,0,6,3,0,0,2,1,0,25,2,"Adelaide","2019",11
33,"Smith, Brodie",17,10,10,27,0,0,0,1,8,4,0,4,0,0,0,8,17,1,0,3,2,0,80,2,"Adelaide","2019",11
12,"Talia, Daniel",7,4,2,9,0,0,0,6,3,0,0,2,0,0,0,3,6,0,0,10,0,0,96,2,"Adelaide","2019",11
13,"Walker, Taylor",6,5,4,10,1,1,0,0,0,1,0,2,0,1,0,5,5,1,2,2,0,1,87,2,"Adelaide","2019",11
0,"Rushed",0,0,0,0,0,2,0,0,0,0,0,0,0,0,0,0,0,0,0,0,0,0,0,2,"Adelaide","2019",11
