"Number","Player","Kicks","Marks","Handballs","Disposals","Goals","Behinds","Hitouts","Tackles","Rebounds50s","Inside50s","Clearances","Clangers","FreesFor","FreesAgainst","BrownlowVotes","ContestedPossessions","UncontestedPossessions","ContestedMarks","MarksInside50","OnePercenters","Bounces","GoalAssists","PercentagePlayed","PointDifference","Team","Season","Round"
29,"Ambrose, Patrick",5,5,5,10,0,0,0,2,2,0,0,2,1,0,0,5,5,2,0,9,0,0,84,-4,"Essendon","2019",6
12,"Baguley, Mark",5,3,8,13,3,0,0,3,0,1,0,4,1,2,0,5,8,0,1,0,0,0,93,-4,"Essendon","2019",6
2,"Bellchambers, Tom",9,5,9,18,0,0,18,5,3,3,4,1,1,0,0,12,5,1,0,2,0,0,83,-4,"Essendon","2019",6
28,"Brown, Mitch",5,3,2,7,0,0,0,0,0,2,0,1,0,1,0,3,4,1,0,1,0,0,91,-4,"Essendon","2019",6
6,"Daniher, Joe",13,8,3,16,4,0,1,1,0,2,2,3,1,0,0,9,6,4,1,1,0,0,85,-4,"Essendon","2019",6
35,"Guelfi, Matt",8,3,9,17,1,0,0,6,0,1,3,1,3,1,0,8,8,1,0,1,0,0,79,-4,"Essendon","2019",6
21,"Heppell, Dyson",11,3,17,28,0,1,0,6,0,3,2,5,1,1,0,10,22,0,1,4,0,0,83,-4,"Essendon","2019",6
26,"Hooker, Cale",6,6,8,14,0,0,0,1,6,0,0,4,0,2,0,6,9,1,0,11,0,0,90,-4,"Essendon","2019",6
18,"Hurley, Michael",14,6,6,20,0,0,0,1,7,1,0,1,0,0,0,6,10,2,0,4,0,0,91,-4,"Essendon","2019",6
43,"McDonald-Tipungwuti, Anthony",5,2,10,15,0,0,0,8,1,4,2,5,0,2,0,7,9,0,0,1,0,2,76,-4,"Essendon","2019",6
1,"McGrath, Andrew",5,4,10,15,0,0,0,6,1,1,2,3,0,0,0,7,8,0,0,1,0,0,76,-4,"Essendon","2019",6
45,"McKenna, Conor",13,2,8,21,0,0,0,0,7,2,0,2,1,0,0,4,10,0,0,2,1,0,87,-4,"Essendon","2019",6
7,"Merrett, Zach",15,8,15,30,0,0,0,3,4,2,5,4,0,1,0,11,22,1,0,6,0,0,76,-4,"Essendon","2019",6
23,"Myers, David",7,1,7,14,0,1,0,2,0,4,4,1,0,1,0,10,4,0,0,0,0,0,76,-4,"Essendon","2019",6
3,"Parish, Darcy",9,2,12,21,0,0,0,5,0,3,1,1,0,0,0,9,13,0,0,1,0,0,78,-4,"Essendon","2019",6
27,"Redman, Mason",10,7,4,14,0,0,0,2,2,0,0,1,1,0,0,3,12,1,0,3,0,1,79,-4,"Essendon","2019",6
14,"Ridley, Jordan",14,9,4,18,0,0,0,3,3,1,0,2,0,1,0,3,14,0,0,1,0,0,85,-4,"Essendon","2019",6
42,"Saad, Adam",9,5,10,19,0,0,0,5,2,1,1,3,2,0,0,8,10,0,0,3,2,0,84,-4,"Essendon","2019",6
9,"Shiel, Dylan",22,5,12,34,0,2,0,7,3,9,7,8,1,0,2,12,20,0,0,1,0,1,80,-4,"Essendon","2019",6
5,"Smith, Devon",9,2,5,14,0,0,0,1,1,5,3,3,0,2,0,5,10,0,0,1,0,1,51,-4,"Essendon","2019",6
25,"Stringer, Jake",11,7,5,16,2,2,0,1,2,0,2,4,1,3,0,14,5,3,4,1,0,2,89,-4,"Essendon","2019",6
11,"Zaharakis, David",8,3,10,18,0,0,0,5,1,2,2,0,0,0,0,7,11,0,0,1,0,0,82,-4,"Essendon","2019",6
0,"Rushed",0,0,0,0,0,3,0,0,0,0,0,0,0,0,0,0,0,0,0,0,0,0,0,-4,"Essendon","2019",6
13,"Adams, Taylor",16,6,7,23,1,0,0,8,3,6,6,1,2,0,0,10,13,0,1,2,0,0,75,4,"Collingwood","2019",6
11,"Beams, Dayne",17,6,11,28,0,0,0,2,2,4,2,5,1,0,0,9,18,0,0,0,0,0,84,4,"Collingwood","2019",6
17,"Brown, Callum",10,4,6,16,0,3,0,4,1,2,1,1,2,0,0,5,11,0,2,0,1,0,72,4,"Collingwood","2019",6
46,"Cox, Mason",5,4,4,9,2,1,5,0,1,0,1,3,2,0,0,5,4,1,2,3,0,0,76,4,"Collingwood","2019",6
25,"Crisp, Jack",13,7,16,29,0,0,0,6,2,4,1,5,0,0,0,5,22,0,0,1,0,0,90,4,"Collingwood","2019",6
2,"de Goey, Jordan",13,5,2,15,2,1,0,6,0,3,2,2,1,0,0,8,8,0,2,2,0,2,81,4,"Collingwood","2019",6
19,"Greenwood, Levi",9,2,1,10,0,0,0,2,1,1,0,1,0,0,0,1,8,0,0,3,0,0,71,4,"Collingwood","2019",6
4,"Grundy, Brodie",6,6,18,24,0,0,39,6,1,1,3,6,0,4,1,15,11,2,0,2,0,1,90,4,"Collingwood","2019",6
32,"Hoskin-Elliott, Will",8,6,8,16,1,1,0,1,0,1,0,0,0,0,0,7,10,2,1,3,0,0,77,4,"Collingwood","2019",6
38,"Howe, Jeremy",14,10,6,20,0,0,0,4,5,2,0,3,1,1,0,8,9,5,0,4,0,0,94,4,"Collingwood","2019",6
8,"Langdon, Tom",5,3,13,18,0,0,0,2,1,1,1,2,0,1,0,11,8,0,0,5,0,0,92,4,"Collingwood","2019",6
37,"Maynard, Brayden",13,2,6,19,0,0,0,6,5,4,0,2,2,1,0,6,10,0,0,1,0,0,85,4,"Collingwood","2019",6
41,"Mihocek, Brody",4,2,2,6,1,0,0,1,0,2,1,3,0,2,0,4,2,1,1,0,0,0,71,4,"Collingwood","2019",6
30,"Moore, Darcy",10,6,7,17,0,1,0,1,8,1,0,2,1,0,0,8,9,2,0,7,0,0,86,4,"Collingwood","2019",6
10,"Pendlebury, Scott",25,7,13,38,0,0,0,6,1,4,3,4,2,0,3,16,20,1,0,2,0,1,89,4,"Collingwood","2019",6
21,"Phillips, Tom",16,6,10,26,0,1,0,1,2,4,5,2,0,0,0,11,15,1,0,0,0,0,83,4,"Collingwood","2019",6
23,"Roughead, Jordan",6,3,3,9,0,0,0,1,2,0,0,0,1,0,0,2,6,1,0,8,0,0,82,4,"Collingwood","2019",6
22,"Sidebottom, Steele",15,5,9,24,1,1,0,2,1,4,0,3,0,1,0,7,20,0,0,2,0,0,85,4,"Collingwood","2019",6
1,"Stephenson, Jaidyn",10,6,4,14,1,2,0,0,0,2,0,0,0,0,0,5,9,1,2,0,0,1,87,4,"Collingwood","2019",6
24,"Thomas, Josh",6,5,8,14,1,1,0,0,1,2,0,3,0,1,0,5,11,0,1,1,1,1,74,4,"Collingwood","2019",6
7,"Treloar, Adam",11,3,20,31,0,0,0,6,0,5,2,2,2,1,0,14,18,0,1,0,4,0,77,4,"Collingwood","2019",6
18,"Varcoe, Travis",4,3,6,10,0,0,0,6,0,2,1,2,0,2,0,6,6,0,1,1,0,1,80,4,"Collingwood","2019",6
0,"Rushed",0,0,0,0,0,1,0,0,0,0,0,0,0,0,0,0,0,0,0,0,0,0,0,4,"Collingwood","2019",6
