"Number","Player","Kicks","Marks","Handballs","Disposals","Goals","Behinds","Hitouts","Tackles","Rebounds50s","Inside50s","Clearances","Clangers","FreesFor","FreesAgainst","BrownlowVotes","ContestedPossessions","UncontestedPossessions","ContestedMarks","MarksInside50","OnePercenters","Bounces","GoalAssists","PercentagePlayed","PointDifference","Team","Season","Round"
18,"Atley, Shaun",13,3,9,22,0,0,0,0,2,5,1,1,1,0,0,6,14,1,0,1,3,0,91,5,"North Melbourne","2019",23
50,"Brown, Ben",11,6,6,17,2,3,0,1,0,2,0,2,2,0,0,9,6,1,2,3,0,0,100,5,"North Melbourne","2019",23
10,"Cunnington, Ben",6,2,8,14,0,0,0,2,0,2,2,5,0,3,0,10,4,0,0,2,0,0,79,5,"North Melbourne","2019",23
14,"Dumont, Trent",13,1,10,23,0,0,0,6,4,4,3,5,1,0,0,7,16,0,0,2,0,1,84,5,"North Melbourne","2019",23
24,"Durdin, Sam",8,6,5,13,0,0,0,1,3,1,0,0,0,0,0,5,8,1,0,6,0,0,87,5,"North Melbourne","2019",23
6,"Garner, Taylor",8,5,5,13,2,0,0,2,0,4,2,1,0,1,0,5,8,1,1,4,0,1,70,5,"North Melbourne","2019",23
22,"Goldstein, Todd",3,4,9,12,0,0,24,2,0,1,4,6,1,4,0,8,6,3,0,2,0,2,86,5,"North Melbourne","2019",23
4,"Higgins, Shaun",11,3,23,34,2,0,0,3,2,6,3,5,1,1,2,10,24,0,0,1,0,1,86,5,"North Melbourne","2019",23
8,"Hrovat, Nathan",5,2,12,17,0,1,0,2,0,0,2,2,1,0,0,7,11,0,0,1,0,0,70,5,"North Melbourne","2019",23
20,"Larkey, Nick",5,3,5,10,1,1,2,2,0,1,1,2,2,0,0,6,4,2,1,2,0,1,80,5,"North Melbourne","2019",23
34,"Macmillan, Jamie",7,3,6,13,0,0,0,1,2,0,1,1,1,0,0,1,13,0,0,1,1,0,59,5,"North Melbourne","2019",23
17,"Pittard, Jasper",11,6,11,22,0,0,0,2,7,1,0,5,1,1,0,5,13,0,0,9,3,0,90,5,"North Melbourne","2019",23
13,"Polec, Jared",22,3,7,29,2,2,0,5,1,9,3,4,1,0,1,11,17,1,1,1,0,1,92,5,"North Melbourne","2019",23
12,"Simpkin, Jy",9,0,2,11,0,0,0,4,0,5,2,4,1,3,0,6,5,0,0,1,0,1,82,5,"North Melbourne","2019",23
25,"Tarrant, Robbie",15,5,4,19,0,0,0,1,7,1,1,2,2,0,0,5,10,0,0,5,0,1,95,5,"North Melbourne","2019",23
26,"Thomas, Tarryn",3,3,4,7,0,0,0,3,1,1,2,1,0,0,0,4,3,0,0,1,0,0,69,5,"North Melbourne","2019",23
16,"Thompson, Scott",6,4,8,14,0,0,0,3,3,1,0,3,0,1,0,3,10,0,0,3,0,0,86,5,"North Melbourne","2019",23
28,"Turner, Kayne",11,7,6,17,0,1,0,7,2,0,0,4,1,2,0,5,13,0,0,1,0,0,90,5,"North Melbourne","2019",23
2,"Williams, Marley",7,1,12,19,1,0,0,2,4,2,0,3,2,0,0,11,8,1,0,3,0,0,80,5,"North Melbourne","2019",23
32,"Wood, Mason",8,5,9,17,1,1,0,2,0,2,0,3,0,0,0,6,11,1,3,2,0,1,77,5,"North Melbourne","2019",23
7,"Ziebell, Jack",7,4,12,19,2,0,0,6,1,4,3,1,1,0,0,6,14,0,1,1,0,0,70,5,"North Melbourne","2019",23
44,"Zurhaar, Cameron",6,3,3,9,0,0,0,1,0,4,0,3,1,0,0,3,6,0,0,0,0,0,78,5,"North Melbourne","2019",23
0,"Rushed",0,0,0,0,0,1,0,0,0,0,0,0,0,0,0,0,0,0,0,0,0,0,0,5,"North Melbourne","2019",23
10,"Brayshaw, Angus",5,3,16,21,0,0,0,8,0,1,3,4,0,1,0,9,12,0,0,0,0,1,83,-5,"Melbourne","2019",23
31,"Fritsch, Bayley",10,6,2,12,3,2,0,0,0,2,0,1,2,0,0,8,5,3,3,3,0,2,99,-5,"Melbourne","2019",23
17,"Frost, Sam",7,3,6,13,0,0,0,2,5,0,0,5,0,2,0,7,7,1,0,7,0,0,100,-5,"Melbourne","2019",23
11,"Gawn, Max",17,8,9,26,3,1,41,0,2,5,10,3,4,1,3,20,7,4,2,3,0,1,90,-5,"Melbourne","2019",23
4,"Harmes, James",16,3,16,32,0,0,0,4,5,6,1,6,1,1,0,11,22,0,0,1,0,0,86,-5,"Melbourne","2019",23
14,"Hibberd, Michael",11,2,7,18,0,0,0,4,4,3,0,2,0,0,0,6,13,0,0,2,0,0,87,-5,"Melbourne","2019",23
34,"Hore, Marty",4,3,6,10,0,0,0,3,5,0,0,5,0,3,0,1,8,0,0,7,0,0,76,-5,"Melbourne","2019",23
29,"Hunt, Jayden",6,5,6,12,1,0,0,1,0,2,0,3,0,1,0,3,9,0,1,1,0,1,73,-5,"Melbourne","2019",23
2,"Jones, Nathan",8,6,10,18,1,0,0,6,0,5,0,4,0,1,0,6,12,0,1,0,0,2,74,-5,"Melbourne","2019",23
24,"Kennedy Harris, Jay",8,3,7,15,0,0,0,1,3,0,2,2,0,1,0,5,9,0,0,0,0,1,70,-5,"Melbourne","2019",23
8,"Lever, Jake",8,5,6,14,0,0,0,0,4,0,0,4,0,0,0,5,11,1,0,4,0,0,93,-5,"Melbourne","2019",23
6,"Lewis, Jordan",17,4,7,24,0,1,0,2,1,4,3,1,1,0,0,3,18,0,0,1,0,0,82,-5,"Melbourne","2019",23
18,"Melksham, Jake",10,2,3,13,2,2,0,1,0,1,3,3,0,2,0,3,8,0,2,1,0,1,86,-5,"Melbourne","2019",23
30,"Neal-Bullen, Alex",8,3,7,15,1,1,0,1,0,4,1,2,0,1,0,6,10,0,0,1,0,1,71,-5,"Melbourne","2019",23
13,"Oliver, Clayton",11,2,22,33,0,1,0,8,3,4,10,9,2,2,0,21,14,0,0,2,0,0,90,-5,"Melbourne","2019",23
5,"Petracca, Christian",8,3,17,25,0,0,0,7,0,3,7,4,1,1,0,10,15,0,0,0,0,0,87,-5,"Melbourne","2019",23
21,"Preuss, Braydon",5,3,1,6,0,1,9,1,1,1,2,2,1,1,0,7,0,3,1,1,0,0,71,-5,"Melbourne","2019",23
3,"Salem, Christian",12,4,6,18,0,0,0,0,5,3,0,2,1,0,0,5,11,1,0,1,0,0,83,-5,"Melbourne","2019",23
9,"Spargo, Charlie",7,2,2,9,0,0,0,4,1,1,1,2,1,0,0,4,5,0,0,3,0,0,75,-5,"Melbourne","2019",23
15,"Stretch, Billy",10,2,11,21,0,0,0,3,2,3,0,0,0,0,0,4,17,0,0,1,0,0,71,-5,"Melbourne","2019",23
7,"Viney, Jack",9,3,12,21,0,0,0,5,0,2,3,6,2,2,0,6,15,0,0,2,0,0,84,-5,"Melbourne","2019",23
40,"Wagner, Corey",4,2,5,9,1,0,0,1,0,1,1,0,0,0,0,5,4,0,1,0,1,0,68,-5,"Melbourne","2019",23
0,"Rushed",0,0,0,0,0,2,0,0,0,0,0,0,0,0,0,0,0,0,0,0,0,0,0,-5,"Melbourne","2019",23
