"Number","Player","Kicks","Marks","Handballs","Disposals","Goals","Behinds","Hitouts","Tackles","Rebounds50s","Inside50s","Clearances","Clangers","FreesFor","FreesAgainst","BrownlowVotes","ContestedPossessions","UncontestedPossessions","ContestedMarks","MarksInside50","OnePercenters","Bounces","GoalAssists","PercentagePlayed","PointDifference","Team","Season","Round"
48,"Baker, Liam",10,3,3,13,0,1,0,5,3,1,0,4,0,1,0,3,8,0,1,2,0,0,80,-67,"Richmond","2019",12
38,"Balta, Noah",7,4,0,7,0,0,0,1,4,0,0,3,1,1,0,1,6,0,0,1,0,0,92,-67,"Richmond","2019",12
7,"Butler, Dan",6,3,1,7,1,0,0,11,1,1,0,1,0,0,0,3,4,2,0,0,0,0,78,-67,"Richmond","2019",12
22,"Caddy, Josh",8,2,9,17,0,1,0,6,0,3,2,5,1,1,0,12,5,0,0,1,0,2,84,-67,"Richmond","2019",12
11,"Castagna, Jason",9,7,2,11,1,0,0,5,0,3,1,4,0,2,0,1,10,0,2,1,0,0,87,-67,"Richmond","2019",12
9,"Cotchin, Trent",11,1,11,22,0,0,0,5,2,7,6,5,0,1,0,14,6,0,0,2,0,0,81,-67,"Richmond","2019",12
10,"Edwards, Shane",9,4,9,18,0,0,0,5,3,1,2,4,0,1,0,4,10,0,0,3,0,0,84,-67,"Richmond","2019",12
42,"Garthwaite, Ryan",5,4,4,9,0,0,0,3,1,1,0,0,0,0,0,2,7,0,0,6,0,0,96,-67,"Richmond","2019",12
34,"Graham, Jack",6,3,5,11,0,0,0,9,0,3,2,2,0,1,0,3,8,0,0,2,0,1,67,-67,"Richmond","2019",12
2,"Grimes, Dylan",6,4,8,14,0,0,0,1,1,1,0,1,0,0,0,4,9,0,0,7,1,0,89,-67,"Richmond","2019",12
13,"Higgins, Jack",4,1,10,14,0,1,0,2,0,0,0,1,0,0,0,7,6,0,0,0,0,1,81,-67,"Richmond","2019",12
14,"Houli, Bachar",20,8,7,27,0,0,0,3,3,7,0,4,1,2,0,6,19,0,0,3,1,0,81,-67,"Richmond","2019",12
19,"Lynch, Tom",7,4,2,9,1,2,0,1,0,0,0,3,1,0,0,5,4,2,4,0,0,0,96,-67,"Richmond","2019",12
4,"Martin, Dustin",17,4,9,26,1,1,0,4,0,5,6,5,1,2,0,9,15,1,1,1,0,0,84,-67,"Richmond","2019",12
33,"McIntosh, Kamdyn",12,4,4,16,0,0,0,3,1,3,2,2,2,1,0,9,8,0,0,0,1,1,82,-67,"Richmond","2019",12
45,"Naish, Patrick",15,5,5,20,1,0,0,2,1,5,0,4,1,2,0,3,17,0,0,0,0,0,74,-67,"Richmond","2019",12
3,"Prestia, Dion",16,2,14,30,0,0,0,6,3,6,10,4,3,1,0,18,12,0,0,0,0,0,78,-67,"Richmond","2019",12
17,"Rioli, Daniel",7,4,6,13,0,0,0,2,1,1,1,1,0,0,0,2,11,0,0,0,1,0,80,-67,"Richmond","2019",12
47,"Soldo, Ivan",2,0,5,7,0,0,33,7,0,1,4,1,1,1,0,6,1,0,0,6,0,0,83,-67,"Richmond","2019",12
44,"Stack, Sydney",4,4,8,12,0,0,0,3,2,1,2,1,0,0,0,8,7,0,0,3,0,0,66,-67,"Richmond","2019",12
21,"Townsend, Jacob",1,1,2,3,0,0,0,4,0,1,0,3,0,3,0,1,3,0,0,2,0,0,77,-67,"Richmond","2019",12
1,"Vlastuin, Nick",11,7,4,15,0,0,0,0,5,1,0,2,0,0,0,2,11,0,0,2,0,0,79,-67,"Richmond","2019",12
0,"Rushed",0,0,0,0,0,1,0,0,0,0,0,0,0,0,0,0,0,0,0,0,0,0,0,-67,"Richmond","2019",12
4,"Ablett, Gary",14,6,10,24,2,1,0,7,2,5,2,4,0,1,2,8,16,0,0,0,1,3,89,67,"Geelong","2019",12
30,"Atkins, Tom",8,4,8,16,0,0,0,1,1,2,1,0,0,0,0,7,11,1,0,4,0,0,80,67,"Geelong","2019",12
46,"Blicavs, Mark",5,7,5,10,0,0,0,0,3,0,0,0,0,0,0,1,10,0,0,7,0,0,96,67,"Geelong","2019",12
6,"Clark, Jordan",12,2,0,12,0,0,0,0,0,4,1,5,2,0,0,4,7,0,0,2,2,0,72,67,"Geelong","2019",12
40,"Dahlhaus, Luke",8,6,16,24,0,1,0,5,0,4,2,2,1,0,0,10,16,0,2,0,0,1,89,67,"Geelong","2019",12
35,"Dangerfield, Patrick",21,7,17,38,1,0,0,9,1,8,3,8,5,1,3,17,21,1,0,1,1,2,79,67,"Geelong","2019",12
22,"Duncan, Mitch",21,11,13,34,1,1,0,4,2,5,2,7,2,1,1,7,25,0,0,1,0,0,89,67,"Geelong","2019",12
29,"Guthrie, Cameron",19,5,8,27,0,0,0,4,2,1,6,2,0,0,0,9,14,0,0,2,0,0,78,67,"Geelong","2019",12
26,"Hawkins, Tom",6,4,7,13,4,1,2,2,0,2,2,4,1,2,0,8,7,1,4,1,0,2,96,67,"Geelong","2019",12
38,"Henry, Jack",8,4,3,11,0,0,0,2,3,0,1,3,0,0,0,3,7,0,0,3,0,0,78,67,"Geelong","2019",12
11,"Kelly, Tim",19,9,13,32,1,1,0,3,3,3,4,4,0,0,0,12,20,0,1,0,0,1,85,67,"Geelong","2019",12
8,"Kolodjashnij, Jake",9,5,4,13,0,0,0,2,4,1,1,1,2,1,0,5,7,1,0,2,0,0,85,67,"Geelong","2019",12
32,"Miers, Gryan",14,4,7,21,3,0,0,0,1,1,2,4,0,0,0,8,11,1,0,2,0,0,76,67,"Geelong","2019",12
42,"OConnor, Mark",9,6,7,16,0,0,0,4,6,0,1,2,0,1,0,5,11,0,0,4,1,0,89,67,"Geelong","2019",12
3,"Parfitt, Brandan",10,2,9,19,0,0,0,5,1,3,8,2,2,0,0,13,5,0,0,1,0,1,74,67,"Geelong","2019",12
17,"Ratugolea, Esava",6,6,2,8,2,0,8,0,0,0,1,1,0,0,0,6,2,4,2,0,0,0,54,67,"Geelong","2019",12
23,"Rohan, Gary",6,2,2,8,1,0,0,2,1,4,0,3,2,1,0,4,4,0,1,1,0,2,79,67,"Geelong","2019",12
14,"Selwood, Joel",13,3,5,18,0,0,0,4,0,0,3,2,2,0,0,9,10,0,0,5,0,1,74,67,"Geelong","2019",12
1,"Stanley, Rhys",5,0,9,14,1,0,33,4,2,2,2,4,0,2,0,8,5,0,0,4,0,0,80,67,"Geelong","2019",12
44,"Stewart, Tom",24,9,3,27,0,0,0,0,11,0,1,2,0,0,0,5,17,0,1,4,0,0,86,67,"Geelong","2019",12
7,"Taylor, Harry",9,5,2,11,0,0,2,1,1,2,1,1,1,1,0,4,8,0,0,4,0,0,82,67,"Geelong","2019",12
2,"Tuohy, Zach",13,5,5,18,0,0,0,1,3,2,0,3,0,1,0,4,10,0,0,1,2,0,91,67,"Geelong","2019",12
0,"Rushed",0,0,0,0,0,3,0,0,0,0,0,0,0,0,0,0,0,0,0,0,0,0,0,67,"Geelong","2019",12
