"Number","Player","Kicks","Marks","Handballs","Disposals","Goals","Behinds","Hitouts","Tackles","Rebounds50s","Inside50s","Clearances","Clangers","FreesFor","FreesAgainst","BrownlowVotes","ContestedPossessions","UncontestedPossessions","ContestedMarks","MarksInside50","OnePercenters","Bounces","GoalAssists","PercentagePlayed","PointDifference","Team","Season","Round"
12,"Allen, Oscar",5,3,5,10,3,0,5,6,0,0,1,0,1,0,0,4,5,1,3,2,2,1,75,10,"West Coast","2019",21
37,"Barrass, Tom",12,10,3,15,0,0,0,1,3,3,0,1,1,0,0,6,9,3,0,6,0,0,86,10,"West Coast","2019",21
15,"Cripps, Jamie",7,2,4,11,0,0,0,5,0,6,1,3,0,1,0,5,8,0,0,1,3,3,75,10,"West Coast","2019",21
27,"Darling, Jack",11,9,5,16,3,1,1,7,0,1,1,2,2,0,3,7,11,1,4,2,0,2,88,10,"West Coast","2019",21
3,"Gaff, Andrew",17,6,12,29,0,0,0,3,3,6,3,0,1,0,0,6,24,0,0,2,3,0,86,10,"West Coast","2019",21
16,"Hickey, Tom",8,5,7,15,0,1,24,2,3,2,3,3,1,2,0,12,6,3,1,5,0,0,75,10,"West Coast","2019",21
25,"Hurn, Shannon",17,5,2,19,0,0,0,1,5,0,0,5,0,3,0,2,13,0,0,4,0,0,80,10,"West Coast","2019",21
34,"Hutchings, Mark",12,8,4,16,0,0,0,1,2,2,0,0,0,0,0,6,10,0,0,1,0,1,77,10,"West Coast","2019",21
23,"Jetta, Lewis",8,2,2,10,0,0,0,0,0,4,0,0,1,0,0,0,10,0,0,0,0,0,86,10,"West Coast","2019",21
17,"Kennedy, Josh",5,0,1,6,1,1,0,1,0,0,0,2,0,1,0,5,1,0,0,0,0,1,77,10,"West Coast","2019",21
20,"McGovern, Jeremy",8,4,8,16,0,0,0,4,5,2,0,3,0,1,0,8,8,2,0,6,0,1,83,10,"West Coast","2019",21
30,"Nelson, Jackson",4,2,5,9,0,0,0,0,0,0,0,1,0,0,0,2,7,0,0,1,0,0,87,10,"West Coast","2019",21
21,"Petruccelle, Jack",8,6,4,12,0,0,0,0,0,5,0,2,0,1,0,5,7,1,1,0,1,0,73,10,"West Coast","2019",21
8,"Redden, Jack",11,5,12,23,0,0,0,4,0,3,4,2,1,1,0,8,16,0,0,2,0,0,87,10,"West Coast","2019",21
44,"Rioli, Willie",14,5,7,21,1,1,0,7,1,5,2,1,3,0,0,8,15,0,1,3,2,2,80,10,"West Coast","2019",21
1,"Ryan, Liam",10,5,2,12,1,0,0,3,0,5,1,4,0,2,0,5,6,0,1,2,0,0,79,10,"West Coast","2019",21
31,"Schofield, Will",6,3,5,11,0,0,0,1,3,0,0,3,1,2,0,4,6,0,0,5,0,0,93,10,"West Coast","2019",21
4,"Sheed, Dom",15,6,11,26,1,2,0,2,2,6,2,5,0,2,0,12,14,0,1,0,2,1,83,10,"West Coast","2019",21
5,"Sheppard, Brad",10,7,5,15,0,0,0,1,0,1,1,3,0,0,0,2,15,0,0,1,0,0,90,10,"West Coast","2019",21
13,"Shuey, Luke",14,6,15,29,0,0,0,5,0,5,10,7,0,2,0,18,11,0,0,0,0,0,82,10,"West Coast","2019",21
2,"Waterman, Jake",10,7,2,12,3,0,0,3,0,2,0,2,1,0,0,4,8,1,2,2,0,0,74,10,"West Coast","2019",21
6,"Yeo, Elliot",13,2,13,26,0,2,0,5,1,5,5,4,1,2,2,16,12,1,0,6,1,0,84,10,"West Coast","2019",21
0,"Rushed",0,0,0,0,0,4,0,0,0,0,0,0,0,0,0,0,0,0,0,0,0,0,0,10,"West Coast","2019",21
21,"Atkins, Rory",12,5,6,18,0,1,0,0,4,4,1,1,0,1,0,5,13,0,0,0,0,2,78,-10,"Adelaide","2019",21
18,"Betts, Eddie",4,3,5,9,1,1,0,3,0,1,0,3,0,1,0,4,5,1,1,0,0,0,84,-10,"Adelaide","2019",21
16,"Brown, Luke",16,5,2,18,0,0,0,2,6,2,0,1,0,0,0,4,12,0,0,3,1,1,88,-10,"Adelaide","2019",21
2,"Crouch, Brad",17,1,18,35,1,0,0,6,0,5,6,8,2,0,0,15,18,0,0,0,0,0,81,-10,"Adelaide","2019",21
5,"Crouch, Matt",23,8,20,43,0,0,0,3,4,7,9,2,2,0,0,18,26,0,0,3,0,2,79,-10,"Adelaide","2019",21
26,"Douglas, Richard",11,7,3,14,0,0,0,2,2,2,0,4,2,0,0,5,9,1,0,2,0,0,87,-10,"Adelaide","2019",21
32,"Fogarty, Darcy",10,7,2,12,5,0,0,0,0,3,0,1,0,1,1,2,10,1,4,0,0,1,87,-10,"Adelaide","2019",21
6,"Gibbs, Bryce",18,6,7,25,0,0,0,3,4,1,3,1,2,0,0,7,19,0,0,0,0,0,73,-10,"Adelaide","2019",21
15,"Hartigan, Kyle",5,3,4,9,0,0,0,3,4,0,1,2,1,2,0,4,5,0,0,7,0,0,88,-10,"Adelaide","2019",21
24,"Jacobs, Sam",6,4,5,11,0,0,36,6,0,2,2,3,1,2,0,6,5,1,0,3,0,0,85,-10,"Adelaide","2019",21
8,"Kelly, Jake",8,6,9,17,0,0,0,3,5,0,0,1,1,1,0,4,13,0,0,6,0,0,93,-10,"Adelaide","2019",21
3,"Knight, Riley",6,6,9,15,1,0,0,3,0,2,1,2,0,0,0,6,10,0,1,2,0,0,83,-10,"Adelaide","2019",21
29,"Laird, Rory",15,8,12,27,0,0,0,3,3,1,1,3,1,1,0,5,19,2,0,1,0,0,85,-10,"Adelaide","2019",21
27,"Lynch, Tom",12,6,2,14,0,1,0,0,0,3,0,2,1,1,0,4,10,0,0,0,0,1,83,-10,"Adelaide","2019",21
14,"Mackay, David",10,4,8,18,0,0,0,3,2,2,3,0,0,0,0,5,14,0,0,4,0,1,86,-10,"Adelaide","2019",21
30,"Milera, Wayne",6,1,8,14,0,0,0,6,1,2,2,1,1,0,0,5,9,1,0,2,1,0,81,-10,"Adelaide","2019",21
44,"Murphy, Lachlan",6,2,5,11,1,0,0,2,0,1,0,0,1,0,0,4,7,0,0,1,0,1,80,-10,"Adelaide","2019",21
22,"Otten, Andy",10,4,6,16,0,0,3,3,4,0,1,1,2,1,0,6,10,0,0,3,0,0,84,-10,"Adelaide","2019",21
9,"Sloane, Rory",9,6,8,17,1,0,0,3,3,3,4,3,0,0,0,8,10,0,1,0,0,1,43,-10,"Adelaide","2019",21
33,"Smith, Brodie",10,5,7,17,0,0,0,3,3,0,1,2,0,2,0,8,10,0,0,2,0,1,86,-10,"Adelaide","2019",21
12,"Talia, Daniel",7,8,6,13,0,0,0,2,4,0,0,1,0,0,0,4,9,1,0,6,0,0,81,-10,"Adelaide","2019",21
13,"Walker, Taylor",8,3,4,12,2,1,0,1,0,0,0,3,3,1,0,6,5,1,1,1,0,0,85,-10,"Adelaide","2019",21
0,"Rushed",0,0,0,0,0,4,0,0,0,0,0,0,0,0,0,0,0,0,0,0,0,0,0,-10,"Adelaide","2019",21
