"Number","Player","Kicks","Marks","Handballs","Disposals","Goals","Behinds","Hitouts","Tackles","Rebounds50s","Inside50s","Clearances","Clangers","FreesFor","FreesAgainst","BrownlowVotes","ContestedPossessions","UncontestedPossessions","ContestedMarks","MarksInside50","OnePercenters","Bounces","GoalAssists","PercentagePlayed","PointDifference","Team","Season","Round"
4,"Ablett, Gary",20,4,8,28,3,0,0,6,2,9,4,6,0,3,2,11,15,2,3,2,0,2,85,68,"Geelong","2019",23
24,"Bews, Jed",9,3,6,15,0,0,0,6,0,6,0,2,1,1,0,10,5,0,0,1,0,1,85,68,"Geelong","2019",23
46,"Blicavs, Mark",6,4,2,8,0,0,0,2,1,2,0,2,0,0,0,3,5,1,1,5,0,0,92,68,"Geelong","2019",23
40,"Dahlhaus, Luke",14,1,5,19,3,0,0,9,1,3,1,1,2,1,0,11,10,0,0,0,0,1,82,68,"Geelong","2019",23
35,"Dangerfield, Patrick",22,5,12,34,4,3,0,6,0,9,12,9,3,3,3,18,17,1,2,0,1,0,83,68,"Geelong","2019",23
22,"Duncan, Mitch",14,6,9,23,1,0,0,1,5,1,3,6,0,0,0,6,14,0,1,1,0,0,76,68,"Geelong","2019",23
29,"Guthrie, Cameron",3,1,10,13,1,0,0,7,0,1,6,4,0,2,0,9,3,0,0,0,0,0,68,68,"Geelong","2019",23
26,"Hawkins, Tom",3,2,4,7,0,0,3,0,0,2,0,2,0,1,0,2,6,0,0,1,0,1,91,68,"Geelong","2019",23
25,"Henderson, Lachie",11,3,5,16,0,0,0,0,7,2,2,4,0,0,0,7,6,0,0,4,0,0,83,68,"Geelong","2019",23
38,"Henry, Jack",5,3,2,7,0,0,0,0,1,1,0,1,0,0,0,3,4,1,0,8,0,0,83,68,"Geelong","2019",23
11,"Kelly, Tim",11,2,13,24,1,1,0,3,0,2,6,2,3,0,0,17,8,0,0,1,1,0,83,68,"Geelong","2019",23
32,"Miers, Gryan",9,4,7,16,1,2,0,0,2,1,0,3,1,1,0,6,10,0,1,0,0,1,83,68,"Geelong","2019",23
19,"Narkle, Quinton",19,3,8,27,1,2,0,5,3,5,8,1,1,0,0,11,15,0,2,1,2,1,81,68,"Geelong","2019",23
42,"OConnor, Mark",8,1,3,11,0,0,0,5,2,1,0,2,1,0,0,5,5,0,0,4,0,0,93,68,"Geelong","2019",23
3,"Parfitt, Brandan",12,2,10,22,0,1,0,4,0,6,2,1,1,0,0,13,10,0,0,1,0,2,75,68,"Geelong","2019",23
17,"Ratugolea, Esava",5,2,4,9,1,1,8,4,1,0,2,0,2,0,0,6,2,1,2,1,0,1,74,68,"Geelong","2019",23
23,"Rohan, Gary",5,4,1,6,0,2,0,3,0,2,0,3,1,3,0,4,2,2,2,3,0,1,80,68,"Geelong","2019",23
14,"Selwood, Joel",8,5,7,15,0,0,0,3,2,2,3,3,0,0,0,4,10,0,0,0,0,0,67,68,"Geelong","2019",23
1,"Stanley, Rhys",9,2,6,15,1,0,35,4,1,2,4,4,3,3,0,8,6,0,1,2,0,1,79,68,"Geelong","2019",23
44,"Stewart, Tom",22,7,5,27,0,0,0,3,9,4,0,4,2,0,0,6,15,0,1,1,0,0,81,68,"Geelong","2019",23
7,"Taylor, Harry",5,3,3,8,0,0,0,0,2,0,0,1,0,1,0,3,4,0,0,7,0,0,86,68,"Geelong","2019",23
2,"Tuohy, Zach",9,5,6,15,2,2,0,0,0,3,0,2,0,1,0,11,5,2,3,1,0,0,90,68,"Geelong","2019",23
0,"Rushed",0,0,0,0,0,1,0,0,0,0,0,0,0,0,0,0,0,0,0,0,0,0,0,68,"Geelong","2019",23
41,"Casboult, Levi",2,0,1,3,0,0,6,1,0,0,1,7,0,4,0,3,0,0,0,9,0,0,90,-68,"Carlton","2019",23
9,"Cripps, Patrick",24,2,11,35,1,0,0,8,1,6,13,5,4,2,0,20,13,0,0,0,0,1,91,-68,"Carlton","2019",23
28,"Cuningham, David",3,2,6,9,0,1,0,2,0,2,0,2,0,2,0,3,7,0,0,0,0,0,72,-68,"Carlton","2019",23
35,"Curnow, Ed",20,2,9,29,0,0,0,4,2,5,8,3,2,1,0,16,11,0,0,0,0,0,56,-68,"Carlton","2019",23
47,"Deluca, Josh",6,2,6,12,1,0,0,5,1,2,4,2,0,1,0,9,4,0,1,0,0,0,78,-68,"Carlton","2019",23
2,"Dow, Paddy",6,1,7,13,0,1,0,1,0,2,2,0,0,0,0,6,5,0,0,0,0,0,78,-68,"Carlton","2019",23
25,"Fisher, Zac",7,0,3,10,1,0,0,0,1,2,0,2,0,0,0,2,8,0,0,0,0,1,77,-68,"Carlton","2019",23
7,"Kennedy, Matthew",6,4,9,15,1,0,0,2,0,0,0,2,1,0,0,9,7,0,1,0,0,0,83,-68,"Carlton","2019",23
8,"Kreuzer, Matthew",10,1,1,11,0,0,34,2,1,3,7,0,2,0,0,7,2,0,0,5,0,1,84,-68,"Carlton","2019",23
11,"McGovern, Mitch",3,3,5,8,0,1,0,4,1,1,0,0,0,0,0,3,5,0,1,1,0,1,74,-68,"Carlton","2019",23
10,"McKay, Harry",5,2,1,6,1,1,0,2,0,2,0,3,1,2,0,3,2,1,1,0,0,0,92,-68,"Carlton","2019",23
3,"Murphy, Marc",15,3,16,31,1,1,0,7,1,4,5,4,2,0,0,12,17,0,1,1,5,0,81,-68,"Carlton","2019",23
24,"Newman, Nic",15,1,2,17,0,0,0,5,9,1,0,2,2,0,0,5,4,0,0,6,1,0,88,-68,"Carlton","2019",23
4,"OBrien, Lochie",9,6,1,10,1,2,0,0,0,4,0,1,1,1,0,2,8,0,1,1,1,0,83,-68,"Carlton","2019",23
5,"Petrevski-Seton, Sam",6,1,0,6,0,0,0,2,2,1,0,3,0,1,0,3,2,0,0,2,0,0,79,-68,"Carlton","2019",23
20,"Plowman, Lachie",10,3,2,12,0,0,0,2,4,0,0,1,2,0,0,6,4,0,0,4,0,0,92,-68,"Carlton","2019",23
43,"Setterfield, Will",13,2,2,15,0,1,0,6,2,5,0,4,0,0,0,6,11,0,0,3,1,0,83,-68,"Carlton","2019",23
1,"Silvagni, Jack",5,0,4,9,0,1,0,1,1,0,0,7,1,2,0,5,3,0,0,2,0,0,80,-68,"Carlton","2019",23
6,"Simpson, Kade",13,4,1,14,0,0,0,2,5,1,1,2,0,1,0,3,7,0,0,2,1,0,88,-68,"Carlton","2019",23
39,"Thomas, Dale",10,4,4,14,0,0,0,8,4,3,0,2,1,2,0,5,6,0,0,2,1,1,79,-68,"Carlton","2019",23
18,"Walsh, Sam",12,7,12,24,1,1,0,2,4,4,2,3,1,1,1,6,18,0,0,2,0,0,79,-68,"Carlton","2019",23
23,"Weitering, Jacob",7,3,1,8,0,0,0,1,4,0,0,3,0,1,0,1,7,0,0,8,0,0,93,-68,"Carlton","2019",23
0,"Rushed",0,0,0,0,0,3,0,0,0,0,0,0,0,0,0,0,0,0,0,0,0,0,0,-68,"Carlton","2019",23
