"Number","Player","Kicks","Marks","Handballs","Disposals","Goals","Behinds","Hitouts","Tackles","Rebounds50s","Inside50s","Clearances","Clangers","FreesFor","FreesAgainst","BrownlowVotes","ContestedPossessions","UncontestedPossessions","ContestedMarks","MarksInside50","OnePercenters","Bounces","GoalAssists","PercentagePlayed","PointDifference","Team","Season","Round"
10,"Boak, Travis",19,1,13,32,0,1,0,5,1,4,10,3,3,1,0,21,12,0,0,2,0,0,83,-25,"Port Adelaide","2019",15
26,"Bonner, Riley",10,2,1,11,0,1,0,0,2,5,2,1,1,0,0,5,6,2,0,4,0,0,79,-25,"Port Adelaide","2019",15
3,"Burton, Ryan",14,0,12,26,0,0,0,2,3,5,0,3,0,1,0,9,14,0,0,0,0,0,75,-25,"Port Adelaide","2019",15
18,"Butters, Zak",9,1,12,21,0,0,0,5,1,5,1,4,2,0,0,12,7,0,0,1,0,0,79,-25,"Port Adelaide","2019",15
33,"Byrne-Jones, Darcy",16,4,10,26,0,0,0,2,3,5,0,1,1,0,0,13,12,0,0,2,0,1,85,-25,"Port Adelaide","2019",15
17,"Clurey, Tom",12,6,6,18,0,0,0,1,5,0,0,2,0,0,0,4,14,2,0,10,0,0,97,-25,"Port Adelaide","2019",15
22,"Dixon, Charlie",9,1,6,15,2,2,3,2,0,4,1,4,4,2,0,8,8,0,1,3,0,1,86,-25,"Port Adelaide","2019",15
28,"Drew, Willem",3,0,7,10,0,0,0,6,0,0,0,1,0,0,0,5,5,0,0,1,0,0,80,-25,"Port Adelaide","2019",15
21,"Duursma, Xavier",8,3,3,11,0,0,0,3,1,3,3,2,2,0,0,4,8,0,0,2,0,0,78,-25,"Port Adelaide","2019",15
7,"Ebert, Brad",10,3,3,13,0,0,0,0,0,3,0,6,1,0,0,7,5,0,1,1,0,0,88,-25,"Port Adelaide","2019",15
24,"Farrell, Kane",3,1,1,4,0,1,0,5,0,0,0,1,1,0,0,2,1,0,1,2,0,0,76,-25,"Port Adelaide","2019",15
27,"Garner, Joel",8,3,1,9,0,0,0,2,3,3,0,2,0,1,0,3,6,0,0,6,0,0,83,-25,"Port Adelaide","2019",15
9,"Gray, Robbie",13,3,11,24,1,0,0,1,0,7,4,4,1,3,0,13,10,2,2,0,0,0,83,-25,"Port Adelaide","2019",15
46,"Gray, Sam",11,3,7,18,0,1,0,7,1,5,2,1,0,0,0,7,11,1,1,0,0,0,78,-25,"Port Adelaide","2019",15
8,"Hartlett, Hamish",22,7,7,29,0,1,0,2,7,6,3,3,2,0,0,12,15,1,0,6,0,0,87,-25,"Port Adelaide","2019",15
43,"Houston, Dan",10,0,5,15,0,0,0,3,2,2,4,3,0,0,0,7,7,0,0,4,0,0,79,-25,"Port Adelaide","2019",15
42,"Jonas, Tom",15,1,3,18,0,0,0,3,7,2,0,5,1,1,0,13,5,0,0,10,0,0,94,-25,"Port Adelaide","2019",15
38,"Ladhams, Peter",4,2,8,12,1,0,15,3,0,0,0,3,0,1,0,9,5,0,1,4,0,0,71,-25,"Port Adelaide","2019",15
29,"Lycett, Scott",11,4,10,21,0,0,43,9,1,3,4,3,3,2,0,17,7,0,0,11,1,0,80,-25,"Port Adelaide","2019",15
6,"Motlop, Steven",12,2,7,19,0,1,0,3,0,1,0,1,0,1,0,9,8,0,1,1,0,0,83,-25,"Port Adelaide","2019",15
20,"Rozee, Connor",9,5,3,12,1,2,0,6,1,3,0,3,1,1,0,2,9,0,2,0,0,0,83,-25,"Port Adelaide","2019",15
16,"Wines, Ollie",6,1,6,12,0,0,0,7,0,3,2,1,0,1,0,6,5,0,0,1,0,1,72,-25,"Port Adelaide","2019",15
0,"Rushed",0,0,0,0,0,1,0,0,0,0,0,0,0,0,0,0,0,0,0,0,0,0,0,-25,"Port Adelaide","2019",15
4,"Bontempelli, Marcus",20,0,7,27,0,0,0,10,4,7,9,8,4,4,3,18,8,0,0,4,0,1,89,25,"Western Bulldogs","2019",15
12,"Cordy, Zaine",9,3,0,9,0,0,0,2,2,0,1,3,2,1,0,4,3,0,0,10,0,0,97,25,"Western Bulldogs","2019",15
9,"Crozier, Hayden",11,5,3,14,0,0,0,2,5,1,0,2,1,1,0,6,6,1,0,6,0,0,82,25,"Western Bulldogs","2019",15
35,"Daniel, Caleb",14,2,3,17,0,0,0,8,6,2,0,3,1,1,0,5,6,1,0,3,1,0,80,25,"Western Bulldogs","2019",15
29,"Dickson, Tory",2,1,5,7,2,0,0,4,0,0,0,0,0,0,0,2,4,0,1,2,0,1,67,25,"Western Bulldogs","2019",15
5,"Dunkley, Josh",20,5,9,29,0,1,1,7,7,1,3,6,1,1,2,15,15,0,2,3,0,1,85,25,"Western Bulldogs","2019",15
15,"Duryea, Taylor",13,2,1,14,0,0,0,0,7,2,2,3,1,1,0,9,3,0,0,6,0,2,75,25,"Western Bulldogs","2019",15
44,"English, Tim",7,2,3,10,0,0,9,4,1,1,2,4,1,3,0,9,2,2,0,7,0,0,84,25,"Western Bulldogs","2019",15
7,"Hunter, Lachie",11,2,6,17,0,0,0,2,2,4,4,3,1,1,0,6,10,0,0,0,0,0,92,25,"Western Bulldogs","2019",15
39,"Johannisen, Jason",21,1,4,25,0,0,0,4,6,4,0,3,0,1,0,4,9,0,0,0,0,0,82,25,"Western Bulldogs","2019",15
27,"Lipinski, Patrick",11,1,6,17,2,0,0,7,0,4,4,4,0,0,0,5,7,0,1,1,0,0,76,25,"Western Bulldogs","2019",15
22,"Lloyd, Sam",10,4,3,13,0,1,0,8,0,4,0,4,0,0,0,6,7,0,1,2,0,0,78,25,"Western Bulldogs","2019",15
11,"Macrae, Jack",18,5,18,36,1,0,0,6,4,1,6,4,0,0,1,20,12,0,0,1,0,0,79,25,"Western Bulldogs","2019",15
33,"Naughton, Aaron",3,3,3,6,0,0,7,7,1,0,0,0,0,0,0,5,1,3,0,4,0,0,87,25,"Western Bulldogs","2019",15
20,"Richards, Ed",2,1,4,6,0,0,0,7,0,1,0,3,0,1,0,2,3,0,0,0,0,0,74,25,"Western Bulldogs","2019",15
13,"Schache, Josh",10,4,2,12,3,0,0,2,0,4,3,6,1,0,0,6,4,2,3,4,0,0,80,25,"Western Bulldogs","2019",15
6,"Smith, Bailey",8,0,14,22,0,2,0,14,1,2,4,2,1,1,0,14,7,0,0,0,0,1,80,25,"Western Bulldogs","2019",15
37,"Smith, Roarke",15,2,9,24,1,0,0,5,4,3,3,4,1,2,0,12,11,0,0,1,0,0,83,25,"Western Bulldogs","2019",15
1,"Suckling, Matt",7,5,4,11,1,1,0,3,0,3,0,2,0,0,0,5,5,1,1,0,0,0,74,25,"Western Bulldogs","2019",15
8,"Trengove, Jackson",8,2,1,9,0,0,1,4,3,0,0,6,0,4,0,4,2,1,0,11,0,0,96,25,"Western Bulldogs","2019",15
34,"Williams, Bailey",13,4,4,17,0,1,0,3,3,5,1,3,0,1,0,8,10,0,0,4,0,1,81,25,"Western Bulldogs","2019",15
10,"Wood, Easton",5,2,0,5,0,0,0,1,6,0,0,0,0,0,0,2,3,0,0,12,0,0,80,25,"Western Bulldogs","2019",15
0,"Totals",238,56,109,347,10,6,18,110,62,49,42,73,15,23,6,167,138,11,9,81,1,7,0,25,"Western Bulldogs","2019",15
