"Number","Player","Kicks","Marks","Handballs","Disposals","Goals","Behinds","Hitouts","Tackles","Rebounds50s","Inside50s","Clearances","Clangers","FreesFor","FreesAgainst","BrownlowVotes","ContestedPossessions","UncontestedPossessions","ContestedMarks","MarksInside50","OnePercenters","Bounces","GoalAssists","PercentagePlayed","PointDifference","Team","Season","Round"
10,"Boak, Travis",19,4,19,38,1,1,0,4,1,9,10,3,0,1,3,15,21,0,2,0,0,0,73,16,"Port Adelaide","2019",6
26,"Bonner, Riley",9,1,8,17,0,0,0,2,2,1,2,1,0,1,0,7,11,0,0,4,1,0,81,16,"Port Adelaide","2019",6
3,"Burton, Ryan",11,3,10,21,0,0,0,2,2,2,0,4,1,1,0,7,12,0,0,0,0,0,81,16,"Port Adelaide","2019",6
18,"Butters, Zak",11,3,2,13,0,0,0,4,0,4,1,3,1,2,0,3,9,0,0,0,0,1,73,16,"Port Adelaide","2019",6
33,"Byrne-Jones, Darcy",8,3,4,12,0,0,0,4,3,0,1,0,0,0,0,3,7,0,0,4,0,0,86,16,"Port Adelaide","2019",6
17,"Clurey, Tom",10,5,5,15,0,0,0,1,6,0,0,2,0,0,0,8,7,3,0,4,4,0,96,16,"Port Adelaide","2019",6
28,"Drew, Willem",4,2,10,14,0,0,0,6,1,0,3,1,1,1,0,4,11,0,0,0,0,0,77,16,"Port Adelaide","2019",6
21,"Duursma, Xavier",10,8,14,24,1,1,0,0,0,3,1,3,1,0,0,12,12,0,1,2,2,1,87,16,"Port Adelaide","2019",6
7,"Ebert, Brad",12,3,9,21,2,3,0,6,0,2,2,4,1,2,0,10,13,1,1,3,0,0,89,16,"Port Adelaide","2019",6
9,"Gray, Robbie",7,6,11,18,0,0,0,0,0,2,0,4,0,1,0,7,11,2,2,3,0,2,74,16,"Port Adelaide","2019",6
46,"Gray, Sam",13,3,15,28,4,2,0,5,1,3,1,3,4,2,2,7,21,0,1,1,3,0,85,16,"Port Adelaide","2019",6
43,"Houston, Dan",12,3,9,21,0,0,0,1,4,1,3,4,0,1,0,9,11,2,0,3,0,0,81,16,"Port Adelaide","2019",6
32,"Howard, Dougal",7,6,5,12,0,0,0,3,4,1,0,1,0,1,0,5,7,3,0,11,0,0,94,16,"Port Adelaide","2019",6
40,"Lienert, Jarrod",12,5,4,16,0,1,0,2,5,1,0,0,0,0,0,2,13,0,0,3,0,0,81,16,"Port Adelaide","2019",6
29,"Lycett, Scott",5,2,5,10,1,0,25,6,1,3,1,2,2,2,0,8,3,0,0,1,0,0,81,16,"Port Adelaide","2019",6
13,"Marshall, Todd",7,2,3,10,0,0,0,0,0,3,0,0,0,0,0,6,3,0,1,3,0,1,77,16,"Port Adelaide","2019",6
2,"Powell-Pepper, Sam",8,2,13,21,0,2,0,5,0,4,2,1,0,0,0,6,14,0,1,1,2,0,72,16,"Port Adelaide","2019",6
11,"Rockliff, Tom",13,2,14,27,0,0,0,9,1,4,6,3,1,1,0,11,17,0,1,1,0,0,86,16,"Port Adelaide","2019",6
20,"Rozee, Connor",12,4,10,22,1,2,0,4,1,4,1,2,2,0,0,11,11,2,2,0,0,2,88,16,"Port Adelaide","2019",6
4,"Ryder, Paddy",5,0,2,7,1,1,17,4,0,3,2,4,1,4,0,7,1,0,0,3,0,0,85,16,"Port Adelaide","2019",6
39,"Westhoff, Justin",13,9,4,17,1,2,0,3,2,6,0,1,1,0,0,7,10,4,2,3,0,1,79,16,"Port Adelaide","2019",6
16,"Wines, Ollie",6,4,20,26,0,0,0,7,0,1,5,2,0,0,0,10,16,0,1,2,0,0,75,16,"Port Adelaide","2019",6
0,"Rushed",0,0,0,0,0,1,0,0,0,0,0,0,0,0,0,0,0,0,0,0,0,0,0,16,"Port Adelaide","2019",6
3,"Anderson, Jed",9,3,17,26,0,0,0,5,2,5,4,1,1,0,0,9,15,0,0,3,0,0,71,-16,"North Melbourne","2019",6
18,"Atley, Shaun",13,2,12,25,0,0,0,5,6,0,1,1,0,1,0,6,18,0,0,3,4,0,82,-16,"North Melbourne","2019",6
50,"Brown, Ben",5,4,4,9,0,1,5,2,0,3,0,2,0,0,0,2,7,0,1,1,0,1,96,-16,"North Melbourne","2019",6
10,"Cunnington, Ben",9,4,26,35,0,0,0,5,2,2,13,3,3,2,1,21,15,0,0,2,0,0,81,-16,"North Melbourne","2019",6
9,"Davies-Uniacke, Luke",5,4,11,16,0,0,0,4,1,1,4,3,0,2,0,10,8,0,0,0,0,0,65,-16,"North Melbourne","2019",6
14,"Dumont, Trent",10,3,11,21,0,1,0,2,3,2,1,3,0,1,0,7,16,0,0,0,0,0,79,-16,"North Melbourne","2019",6
22,"Goldstein, Todd",8,3,13,21,0,0,33,0,0,2,5,2,4,0,0,8,13,0,0,2,0,1,85,-16,"North Melbourne","2019",6
43,"Hall, Aaron",10,2,10,20,2,1,0,4,2,3,0,4,0,1,0,4,16,0,1,0,0,0,76,-16,"North Melbourne","2019",6
8,"Hrovat, Nathan",4,0,10,14,0,0,0,3,1,1,1,1,2,0,0,7,7,0,0,0,0,0,70,-16,"North Melbourne","2019",6
20,"Larkey, Nick",7,6,3,10,3,0,2,4,0,0,1,0,1,0,0,5,5,2,2,2,0,0,87,-16,"North Melbourne","2019",6
34,"Macmillan, Jamie",7,7,8,15,0,0,0,3,4,0,1,0,0,0,0,1,13,0,0,1,0,0,89,-16,"North Melbourne","2019",6
11,"McDonald, Luke",6,4,7,13,0,0,0,3,2,1,0,1,2,0,0,6,8,1,0,2,0,0,85,-16,"North Melbourne","2019",6
17,"Pittard, Jasper",12,5,11,23,0,0,0,1,2,2,0,3,1,1,0,8,14,2,0,10,1,0,83,-16,"North Melbourne","2019",6
13,"Polec, Jared",12,4,5,17,1,0,0,0,4,1,1,3,1,1,0,3,14,0,0,1,0,0,89,-16,"North Melbourne","2019",6
25,"Tarrant, Robbie",6,5,6,12,0,0,0,1,0,0,0,2,1,1,0,6,6,1,0,10,0,0,89,-16,"North Melbourne","2019",6
26,"Thomas, Tarryn",9,3,10,19,0,1,0,2,1,3,0,0,0,0,0,8,11,0,0,0,0,2,83,-16,"North Melbourne","2019",6
16,"Thompson, Scott",14,8,5,19,0,0,0,3,6,1,0,1,1,0,0,5,8,2,0,5,0,0,92,-16,"North Melbourne","2019",6
28,"Turner, Kayne",7,4,7,14,1,0,0,6,1,1,0,1,2,1,0,7,7,1,1,1,0,0,78,-16,"North Melbourne","2019",6
32,"Wood, Mason",12,7,9,21,1,0,0,5,0,2,0,5,1,0,0,6,15,1,5,1,0,2,81,-16,"North Melbourne","2019",6
19,"Wright, Sam",6,3,7,13,0,0,0,0,3,1,0,3,0,2,0,2,10,0,0,0,0,0,80,-16,"North Melbourne","2019",6
7,"Ziebell, Jack",18,1,6,24,2,0,0,6,2,8,2,4,0,3,0,5,19,0,0,1,0,0,83,-16,"North Melbourne","2019",6
44,"Zurhaar, Cameron",8,3,10,18,1,1,0,2,0,6,0,3,0,0,0,5,13,0,1,2,0,3,76,-16,"North Melbourne","2019",6
0,"Rushed",0,0,0,0,0,1,0,0,0,0,0,0,0,0,0,0,0,0,0,0,0,0,0,-16,"North Melbourne","2019",6
