"Number","Player","Kicks","Marks","Handballs","Disposals","Goals","Behinds","Hitouts","Tackles","Rebounds50s","Inside50s","Clearances","Clangers","FreesFor","FreesAgainst","BrownlowVotes","ContestedPossessions","UncontestedPossessions","ContestedMarks","MarksInside50","OnePercenters","Bounces","GoalAssists","PercentagePlayed","PointDifference","Team","Season","Round"
15,"Amon, Karl",13,2,5,18,0,2,0,2,2,4,3,3,1,1,0,7,9,0,1,1,0,0,86,-48,"Port Adelaide","2019",17
10,"Boak, Travis",16,2,16,32,0,0,0,1,3,6,8,4,4,0,0,19,13,0,0,0,0,0,80,-48,"Port Adelaide","2019",17
26,"Bonner, Riley",12,5,4,16,1,0,0,3,6,3,0,4,0,2,0,5,11,0,0,6,0,0,87,-48,"Port Adelaide","2019",17
3,"Burton, Ryan",8,1,4,12,0,0,0,2,3,0,0,4,0,0,0,4,4,0,0,1,0,0,41,-48,"Port Adelaide","2019",17
18,"Butters, Zak",5,1,5,10,1,0,0,4,0,2,2,0,2,0,0,3,5,0,0,1,0,0,77,-48,"Port Adelaide","2019",17
33,"Byrne-Jones, Darcy",24,6,6,30,0,0,0,3,3,5,2,1,0,0,0,9,17,0,0,3,0,0,87,-48,"Port Adelaide","2019",17
17,"Clurey, Tom",5,3,5,10,0,0,0,2,2,1,0,2,0,0,0,4,5,1,0,13,0,0,96,-48,"Port Adelaide","2019",17
22,"Dixon, Charlie",7,3,5,12,1,2,3,0,0,1,1,8,1,4,0,10,2,2,1,1,0,0,94,-48,"Port Adelaide","2019",17
7,"Ebert, Brad",5,0,3,8,0,0,0,3,0,1,1,2,0,0,0,4,2,0,0,3,0,0,70,-48,"Port Adelaide","2019",17
9,"Gray, Robbie",12,3,20,32,1,1,0,4,2,4,5,4,4,0,0,17,14,0,0,1,0,0,88,-48,"Port Adelaide","2019",17
46,"Gray, Sam",12,4,7,19,2,1,0,5,1,2,0,3,4,0,0,10,8,1,2,2,0,0,86,-48,"Port Adelaide","2019",17
8,"Hartlett, Hamish",15,3,4,19,0,0,0,7,3,3,1,0,3,0,0,4,11,0,0,0,0,0,82,-48,"Port Adelaide","2019",17
32,"Howard, Dougal",8,2,3,11,0,0,5,1,3,0,3,3,2,1,0,7,4,1,0,7,0,0,80,-48,"Port Adelaide","2019",17
42,"Jonas, Tom",12,8,6,18,0,0,0,2,6,1,0,5,0,2,0,3,13,0,0,8,0,0,94,-48,"Port Adelaide","2019",17
29,"Lycett, Scott",6,1,4,10,0,0,32,6,1,1,4,6,4,5,0,7,5,0,0,6,0,0,86,-48,"Port Adelaide","2019",17
6,"Motlop, Steven",8,7,5,13,0,0,0,3,0,2,0,1,0,0,0,1,10,1,0,0,2,0,82,-48,"Port Adelaide","2019",17
2,"Powell-Pepper, Sam",7,1,11,18,0,2,0,2,0,4,2,3,0,0,0,7,11,0,0,1,0,0,83,-48,"Port Adelaide","2019",17
11,"Rockliff, Tom",16,2,13,29,0,0,0,3,3,4,5,6,2,1,0,12,17,0,1,0,0,1,77,-48,"Port Adelaide","2019",17
20,"Rozee, Connor",6,1,7,13,0,0,0,7,0,1,1,0,2,0,0,6,7,0,0,1,0,0,82,-48,"Port Adelaide","2019",17
50,"Sutcliffe, Cam",6,0,4,10,0,0,0,4,0,2,2,4,3,1,0,5,3,0,0,1,0,0,78,-48,"Port Adelaide","2019",17
39,"Westhoff, Justin",11,4,4,15,0,0,0,3,1,3,2,3,1,2,0,4,12,0,0,11,0,0,87,-48,"Port Adelaide","2019",17
16,"Wines, Ollie",19,5,13,32,0,1,0,8,1,4,6,5,0,0,0,12,14,0,1,0,0,0,77,-48,"Port Adelaide","2019",17
0,"Rushed",0,0,0,0,0,4,0,0,0,0,0,0,0,0,0,0,0,0,0,0,0,0,0,-48,"Port Adelaide","2019",17
24,"Adams, Marcus",4,0,0,4,0,0,0,2,2,1,0,2,1,2,0,4,1,0,0,3,0,0,81,48,"Brisbane Lions","2019",17
31,"Andrews, Harris",5,2,4,9,0,0,0,2,3,0,0,1,1,0,0,4,4,0,0,14,0,0,99,48,"Brisbane Lions","2019",17
43,"Answerth, Noah",4,1,2,6,0,0,0,5,0,2,0,1,0,1,0,3,3,0,0,4,0,0,72,48,"Brisbane Lions","2019",17
33,"Bailey, Zac",7,3,3,10,1,1,0,3,3,1,1,3,0,1,0,3,5,0,1,2,0,0,77,48,"Brisbane Lions","2019",17
7,"Berry, Jarrod",8,2,10,18,0,0,0,4,0,3,4,2,0,2,0,9,9,0,0,2,0,0,75,48,"Brisbane Lions","2019",17
23,"Cameron, Charlie",9,3,6,15,4,2,0,2,0,2,0,0,2,0,1,8,9,1,3,2,0,0,83,48,"Brisbane Lions","2019",17
3,"Christensen, Allen",6,1,4,10,0,1,0,0,0,0,1,4,0,2,0,6,4,0,0,1,0,0,75,48,"Brisbane Lions","2019",17
27,"Gardiner, Darcy",9,7,1,10,0,0,0,1,5,1,0,5,1,3,0,4,7,1,0,7,0,0,90,48,"Brisbane Lions","2019",17
1,"Keays, Ben",10,5,5,15,0,1,0,2,2,4,3,5,1,4,0,7,9,0,1,1,0,2,74,48,"Brisbane Lions","2019",17
35,"Lester, Ryan",9,3,2,11,0,0,0,2,1,2,1,3,2,2,0,5,5,1,0,6,0,0,86,48,"Brisbane Lions","2019",17
17,"Lyons, Jarryd",25,1,11,36,1,0,0,9,3,5,9,4,1,1,3,17,15,0,0,1,0,0,75,48,"Brisbane Lions","2019",17
12,"Martin, Stefan",8,0,8,16,0,0,36,2,3,0,7,4,3,2,0,9,4,0,0,1,0,1,81,48,"Brisbane Lions","2019",17
11,"McCarthy, Lincoln",10,1,10,20,2,1,0,8,0,1,3,7,0,3,0,11,11,0,1,1,0,1,75,48,"Brisbane Lions","2019",17
46,"McInerney, Oscar",7,3,5,12,0,1,16,3,1,2,2,4,3,2,0,6,6,1,2,4,0,0,82,48,"Brisbane Lions","2019",17
25,"McStay, Daniel",6,4,7,13,0,0,2,4,0,3,2,0,1,0,0,7,6,1,2,1,0,1,87,48,"Brisbane Lions","2019",17
9,"Neale, Lachie",11,0,13,24,0,0,0,7,2,5,10,2,2,2,0,17,7,0,0,1,1,1,91,48,"Brisbane Lions","2019",17
16,"Rayner, Cam",6,1,1,7,1,1,0,0,1,1,0,2,0,1,0,2,5,0,1,0,0,1,77,48,"Brisbane Lions","2019",17
10,"Rich, Daniel",22,3,1,23,0,0,0,2,9,5,4,5,0,2,0,7,10,0,0,4,0,0,87,48,"Brisbane Lions","2019",17
5,"Robinson, Mitch",18,5,3,21,1,0,0,7,1,5,3,1,0,0,0,9,14,0,1,5,0,0,82,48,"Brisbane Lions","2019",17
14,"Walker, Josh",3,0,5,8,0,0,2,1,0,2,0,2,0,0,0,4,5,0,0,3,0,2,83,48,"Brisbane Lions","2019",17
29,"Witherden, Alex",19,5,2,21,1,0,0,2,9,4,1,3,1,1,0,6,7,1,0,3,0,0,84,48,"Brisbane Lions","2019",17
15,"Zorko, Dayne",21,0,3,24,3,1,0,5,0,6,2,6,0,2,2,9,12,0,0,1,0,1,83,48,"Brisbane Lions","2019",17
0,"Rushed",0,0,0,0,0,4,0,0,0,0,0,0,0,0,0,0,0,0,0,0,0,0,0,48,"Brisbane Lions","2019",17
