"Number","Player","Kicks","Marks","Handballs","Disposals","Goals","Behinds","Hitouts","Tackles","Rebounds50s","Inside50s","Clearances","Clangers","FreesFor","FreesAgainst","BrownlowVotes","ContestedPossessions","UncontestedPossessions","ContestedMarks","MarksInside50","OnePercenters","Bounces","GoalAssists","PercentagePlayed","PointDifference","Team","Season","Round"
41,"Casboult, Levi",7,7,6,13,0,0,4,1,4,1,0,1,1,1,0,5,8,2,0,11,0,0,94,-19,"Carlton","2019",8
9,"Cripps, Patrick",11,4,24,35,1,2,0,7,5,2,14,8,1,5,2,19,16,1,0,0,0,0,92,-19,"Carlton","2019",8
28,"Cuningham, David",6,4,17,23,2,0,0,4,2,2,3,4,0,1,0,10,16,0,1,2,0,3,74,-19,"Carlton","2019",8
30,"Curnow, Charlie",10,4,2,12,2,0,0,1,0,2,0,3,1,1,0,9,3,3,2,2,0,0,85,-19,"Carlton","2019",8
35,"Curnow, Ed",13,6,13,26,0,1,0,3,0,2,3,2,0,0,0,8,18,1,0,0,0,1,91,-19,"Carlton","2019",8
2,"Dow, Paddy",10,4,10,20,0,2,0,2,2,2,4,4,0,1,0,8,13,2,2,0,1,0,71,-19,"Carlton","2019",8
25,"Fisher, Zac",8,1,13,21,0,0,0,0,1,3,4,2,0,0,0,9,12,0,0,0,1,1,67,-19,"Carlton","2019",8
40,"Gibbons, Michael",6,1,8,14,1,0,0,8,0,2,0,4,1,0,0,4,10,0,1,0,0,1,68,-19,"Carlton","2019",8
8,"Kreuzer, Matthew",8,1,6,14,0,0,22,3,1,3,5,2,1,1,0,10,6,1,0,4,0,0,92,-19,"Carlton","2019",8
22,"Marchbank, Caleb",17,9,6,23,0,0,0,1,8,0,0,2,0,0,0,8,14,1,0,3,0,0,85,-19,"Carlton","2019",8
11,"McGovern, Mitch",6,3,4,10,3,0,0,4,0,3,0,0,0,0,0,5,5,1,1,2,0,0,71,-19,"Carlton","2019",8
10,"McKay, Harry",6,5,1,7,2,1,0,1,0,0,0,1,0,1,0,1,5,1,3,0,0,0,80,-19,"Carlton","2019",8
3,"Murphy, Marc",16,7,14,30,1,0,0,4,5,3,2,5,0,3,0,10,18,0,0,0,0,0,84,-19,"Carlton","2019",8
5,"Petrevski-Seton, Sam",10,4,9,19,0,1,0,8,0,2,3,4,0,2,0,4,15,0,0,0,0,0,82,-19,"Carlton","2019",8
20,"Plowman, Lachie",10,4,5,15,0,0,0,1,6,0,1,0,0,0,0,7,6,1,0,3,0,0,96,-19,"Carlton","2019",8
43,"Setterfield, Will",4,1,11,15,0,0,0,5,0,4,1,1,0,0,0,7,9,0,0,2,0,1,73,-19,"Carlton","2019",8
1,"Silvagni, Jack",8,1,7,15,1,1,0,3,0,3,0,4,0,2,0,4,12,0,0,2,1,2,77,-19,"Carlton","2019",8
13,"Stocker, Liam",10,3,6,16,0,0,0,3,2,4,1,5,0,3,0,4,12,0,0,2,0,1,78,-19,"Carlton","2019",8
39,"Thomas, Dale",17,5,7,24,0,0,0,0,12,1,0,3,0,0,0,6,12,0,0,3,0,0,84,-19,"Carlton","2019",8
18,"Walsh, Sam",6,4,14,20,0,0,0,3,0,3,2,1,0,0,0,9,14,0,0,2,0,0,85,-19,"Carlton","2019",8
23,"Weitering, Jacob",9,5,4,13,0,0,0,1,3,0,1,2,2,1,0,5,8,0,0,11,0,0,97,-19,"Carlton","2019",8
31,"Williamson, Tom",9,4,4,13,0,0,0,2,1,1,0,0,1,0,0,2,11,0,0,5,1,0,73,-19,"Carlton","2019",8
0,"Rushed",0,0,0,0,0,1,0,0,0,0,0,0,0,0,0,0,0,0,0,0,0,0,0,-19,"Carlton","2019",8
17,"Brown, Callum",13,3,8,21,2,1,0,8,1,2,0,2,3,1,0,10,11,0,0,1,0,1,74,19,"Collingwood","2019",8
25,"Crisp, Jack",14,7,10,24,1,0,0,4,0,4,3,1,0,0,0,7,16,0,0,2,0,0,91,19,"Collingwood","2019",8
2,"de Goey, Jordan",16,6,7,23,2,2,0,3,1,7,7,2,4,0,0,14,9,2,3,0,0,1,75,19,"Collingwood","2019",8
5,"Elliott, Jamie",8,5,5,13,0,0,0,4,0,4,0,2,0,1,0,2,11,0,0,0,3,1,76,19,"Collingwood","2019",8
19,"Greenwood, Levi",12,6,6,18,0,0,0,2,6,2,1,1,0,0,0,4,14,1,0,1,0,0,80,19,"Collingwood","2019",8
4,"Grundy, Brodie",12,8,13,25,2,1,48,1,1,1,2,4,1,1,3,11,15,2,3,3,1,0,91,19,"Collingwood","2019",8
32,"Hoskin-Elliott, Will",9,3,5,14,2,0,0,1,1,4,0,0,1,0,0,6,8,1,1,2,0,0,71,19,"Collingwood","2019",8
38,"Howe, Jeremy",13,7,5,18,0,0,0,2,3,1,0,2,2,0,0,6,11,0,0,7,0,0,95,19,"Collingwood","2019",8
8,"Langdon, Tom",3,2,11,14,0,0,0,3,1,1,0,3,0,1,0,4,11,0,0,4,0,0,81,19,"Collingwood","2019",8
37,"Maynard, Brayden",9,3,6,15,0,0,0,6,2,3,2,2,1,0,0,6,10,0,0,5,0,0,84,19,"Collingwood","2019",8
16,"Mayne, Chris",2,2,16,18,0,0,0,2,0,0,2,2,0,0,0,9,9,0,0,1,0,0,67,19,"Collingwood","2019",8
41,"Mihocek, Brody",10,7,5,15,1,0,0,4,0,4,1,2,2,1,0,5,10,0,2,2,0,1,93,19,"Collingwood","2019",8
30,"Moore, Darcy",9,5,4,13,0,0,0,2,3,2,0,1,1,1,0,4,8,1,0,9,0,0,94,19,"Collingwood","2019",8
10,"Pendlebury, Scott",15,1,11,26,0,0,0,5,0,9,6,2,0,0,1,8,17,0,0,3,0,2,90,19,"Collingwood","2019",8
21,"Phillips, Tom",21,4,13,34,2,2,0,2,3,7,2,7,0,0,0,11,21,0,0,0,0,0,91,19,"Collingwood","2019",8
20,"Reid, Ben",4,2,5,9,0,0,2,5,0,0,0,2,3,1,0,4,6,1,1,3,0,1,91,19,"Collingwood","2019",8
23,"Roughead, Jordan",6,3,7,13,0,0,0,2,1,0,0,0,1,0,0,4,6,0,0,7,0,0,83,19,"Collingwood","2019",8
22,"Sidebottom, Steele",19,4,15,34,0,0,0,3,3,7,6,3,1,0,0,16,21,0,0,2,2,0,86,19,"Collingwood","2019",8
1,"Stephenson, Jaidyn",11,7,3,14,2,0,0,1,1,0,0,0,1,0,0,7,7,1,5,3,0,0,88,19,"Collingwood","2019",8
24,"Thomas, Josh",8,1,5,13,1,0,0,3,1,4,1,1,0,0,0,7,6,1,0,0,0,0,72,19,"Collingwood","2019",8
7,"Treloar, Adam",15,3,19,34,1,1,0,4,1,4,8,5,1,0,0,16,15,0,0,1,0,0,77,19,"Collingwood","2019",8
33,"Wills, Rupert",8,3,4,12,0,0,0,5,0,3,0,4,0,1,0,1,11,0,0,1,0,0,51,19,"Collingwood","2019",8
0,"Rushed",0,0,0,0,0,3,0,0,0,0,0,0,0,0,0,0,0,0,0,0,0,0,0,19,"Collingwood","2019",8
