"Number","Player","Kicks","Marks","Handballs","Disposals","Goals","Behinds","Hitouts","Tackles","Rebounds50s","Inside50s","Clearances","Clangers","FreesFor","FreesAgainst","BrownlowVotes","ContestedPossessions","UncontestedPossessions","ContestedMarks","MarksInside50","OnePercenters","Bounces","GoalAssists","PercentagePlayed","PointDifference","Team","Season","Round"
41,"Banfield, Bailey",5,2,7,12,0,0,0,3,1,1,0,3,2,1,0,7,6,0,0,2,0,0,73,5,"Fremantle","2019",3
8,"Brayshaw, Andrew",7,1,9,16,0,0,0,5,1,0,3,3,2,1,0,7,9,0,0,2,0,0,72,5,"Fremantle","2019",3
5,"Cerra, Adam",14,7,9,23,0,0,0,5,1,2,1,2,1,0,0,8,14,0,0,6,0,1,79,5,"Fremantle","2019",3
33,"Colyer, Travis",11,3,3,14,0,1,0,3,0,2,1,5,1,0,0,6,8,0,0,1,1,0,73,5,"Fremantle","2019",3
6,"Conca, Reece",14,5,13,27,0,0,0,5,0,2,4,2,1,0,0,3,19,0,0,0,0,1,75,5,"Fremantle","2019",3
44,"Duman, Taylin",11,7,5,16,0,0,0,5,5,4,0,2,1,1,0,5,10,1,0,3,0,0,80,5,"Fremantle","2019",3
7,"Fyfe, Nat",10,3,13,23,0,0,0,6,1,4,6,8,1,4,0,9,13,0,1,1,0,0,60,5,"Fremantle","2019",3
21,"Hamling, Joel",10,9,4,14,0,0,0,4,2,1,0,1,0,1,0,4,11,2,0,14,0,0,96,5,"Fremantle","2019",3
9,"Hill, Bradley",17,7,5,22,1,1,0,1,2,4,2,2,0,0,0,3,19,0,2,1,2,0,82,5,"Fremantle","2019",3
11,"Hogan, Jesse",7,6,9,16,0,0,1,2,0,3,0,4,1,1,0,7,10,1,0,3,1,0,96,5,"Fremantle","2019",3
15,"Hughes, Ethan",9,4,3,12,1,0,0,2,1,4,1,3,2,0,0,6,6,0,0,6,0,0,72,5,"Fremantle","2019",3
26,"Langdon, Ed",16,7,13,29,0,0,0,3,3,2,3,4,0,0,0,9,19,0,0,0,0,0,86,5,"Fremantle","2019",3
37,"Lobb, Rory",11,4,6,17,1,0,28,1,2,3,6,4,0,0,0,7,9,2,1,6,0,1,86,5,"Fremantle","2019",3
3,"Matera, Brandon",10,2,6,16,3,0,0,1,1,2,0,3,0,0,0,7,9,2,2,0,0,1,69,5,"Fremantle","2019",3
23,"McCarthy, Cam",10,6,6,16,1,1,0,0,0,3,1,6,0,1,0,5,10,2,2,0,0,1,90,5,"Fremantle","2019",3
16,"Mundy, David",10,3,16,26,0,0,0,4,0,4,6,2,0,1,1,16,10,0,1,2,0,1,73,5,"Fremantle","2019",3
25,"Pearce, Alex",3,4,8,11,0,0,0,5,0,1,0,1,1,1,0,10,4,2,0,9,0,0,95,5,"Fremantle","2019",3
38,"Ryan, Luke",25,13,7,32,0,0,0,2,9,2,0,0,0,0,3,4,23,0,0,8,1,0,94,5,"Fremantle","2019",3
20,"Taberner, Matthew",10,5,4,14,2,0,2,2,0,3,1,4,0,1,0,8,7,3,2,3,0,0,94,5,"Fremantle","2019",3
18,"Tucker, Darcy",8,0,13,21,0,0,0,4,3,4,1,0,0,0,0,11,8,0,0,3,1,0,82,5,"Fremantle","2019",3
10,"Walters, Michael",17,0,10,27,2,0,0,3,2,3,7,3,3,0,0,14,14,0,0,2,0,1,88,5,"Fremantle","2019",3
14,"Wilson, Nathan",10,5,4,14,0,0,0,4,7,1,0,3,0,0,0,1,9,0,0,3,0,0,85,5,"Fremantle","2019",3
0,"Rushed",0,0,0,0,0,2,0,0,0,0,0,0,0,0,0,0,0,0,0,0,0,0,0,5,"Fremantle","2019",3
8,"Acres, Blake",5,1,3,8,1,0,5,3,0,3,1,2,1,1,0,3,5,0,0,3,0,1,77,-5,"St Kilda","2019",3
26,"Battle, Josh",13,9,4,17,0,0,0,2,8,0,0,2,0,1,0,2,13,1,0,2,0,0,86,-5,"St Kilda","2019",3
15,"Billings, Jack",15,5,17,32,2,0,0,1,2,6,2,3,1,1,2,11,21,1,1,2,0,0,87,-5,"St Kilda","2019",3
22,"Brown, Nathan",6,3,7,13,0,0,0,0,2,0,1,1,0,1,0,8,3,1,0,12,0,0,76,-5,"St Kilda","2019",3
27,"Bruce, Josh",5,3,5,10,1,1,1,1,0,2,0,1,1,0,0,8,3,3,2,1,0,0,90,-5,"St Kilda","2019",3
11,"Clark, Hunter",6,1,9,15,0,1,0,1,2,2,4,3,1,1,0,9,6,0,0,0,0,0,57,-5,"St Kilda","2019",3
7,"Dunstan, Luke",14,4,6,20,0,1,0,8,0,3,3,5,0,3,0,12,9,0,0,1,0,0,66,-5,"St Kilda","2019",3
14,"Geary, Jarryn",14,7,7,21,0,0,0,5,4,1,1,3,0,2,0,6,14,0,0,2,0,0,82,-5,"St Kilda","2019",3
4,"Gresham, Jade",13,3,7,20,2,1,0,2,1,4,2,2,1,0,0,9,11,0,2,0,1,0,82,-5,"St Kilda","2019",3
25,"Kent, Dean",10,3,5,15,0,1,0,0,1,2,0,0,0,0,0,5,7,0,0,0,0,0,71,-5,"St Kilda","2019",3
13,"Lonie, Jack",7,2,8,15,1,0,0,4,0,2,0,1,0,0,0,7,9,0,0,3,0,0,72,-5,"St Kilda","2019",3
19,"Marshall, Rowan",12,5,4,16,0,0,40,6,3,3,6,3,2,1,0,10,6,0,0,2,0,0,82,-5,"St Kilda","2019",3
36,"McKenzie, Daniel",8,4,5,13,0,0,0,3,2,2,0,1,1,0,0,5,8,0,0,3,0,0,93,-5,"St Kilda","2019",3
28,"Membrey, Tim",11,5,5,16,2,1,0,3,0,3,0,2,1,0,0,9,7,3,2,3,0,3,93,-5,"St Kilda","2019",3
16,"Newnes, Jack",12,4,13,25,0,0,0,3,3,6,2,3,0,0,0,8,14,0,0,2,0,0,88,-5,"St Kilda","2019",3
34,"Parker, Matthew",6,2,5,11,0,1,0,4,1,0,0,2,1,2,0,5,7,1,0,1,0,0,79,-5,"St Kilda","2019",3
6,"Ross, Sebastian",10,1,11,21,0,1,0,2,2,3,8,0,0,0,0,12,12,0,0,1,2,0,85,-5,"St Kilda","2019",3
5,"Savage, Shane",11,5,6,17,0,0,0,4,1,2,0,2,0,0,0,5,11,1,0,2,0,0,91,-5,"St Kilda","2019",3
35,"Sinclair, Jack",0,0,9,9,0,0,0,4,1,1,2,1,1,1,0,5,4,0,0,2,3,0,89,-5,"St Kilda","2019",3
9,"Steele, Jack",17,8,5,22,0,1,0,8,3,2,3,5,1,1,0,7,15,0,0,1,1,0,90,-5,"St Kilda","2019",3
29,"Webster, Jimmy",13,2,6,19,0,0,0,3,3,3,0,4,1,1,0,5,15,0,0,2,0,0,89,-5,"St Kilda","2019",3
44,"Wilkie, Callum",7,4,5,12,0,0,0,1,2,0,0,0,0,0,0,4,8,1,0,3,0,0,74,-5,"St Kilda","2019",3
0,"Rushed",0,0,0,0,0,3,0,0,0,0,0,0,0,0,0,0,0,0,0,0,0,0,0,-5,"St Kilda","2019",3
