"Number","Player","Kicks","Marks","Handballs","Disposals","Goals","Behinds","Hitouts","Tackles","Rebounds50s","Inside50s","Clearances","Clangers","FreesFor","FreesAgainst","BrownlowVotes","ContestedPossessions","UncontestedPossessions","ContestedMarks","MarksInside50","OnePercenters","Bounces","GoalAssists","PercentagePlayed","PointDifference","Team","Season","Round"
19,"Blakely, Connor",6,4,6,12,0,0,0,0,1,2,0,1,0,0,0,4,8,0,0,1,0,0,82,-91,"Fremantle","2019",16
8,"Brayshaw, Andrew",6,1,7,13,0,0,0,6,0,2,1,3,0,1,0,6,7,0,0,1,0,1,66,-91,"Fremantle","2019",16
5,"Cerra, Adam",7,4,5,12,0,1,0,5,2,0,0,1,0,1,0,4,6,1,0,2,0,0,87,-91,"Fremantle","2019",16
33,"Colyer, Travis",11,2,5,16,0,1,0,0,2,1,2,4,1,0,0,10,6,0,0,1,0,0,81,-91,"Fremantle","2019",16
6,"Conca, Reece",10,0,5,15,0,0,0,1,3,3,2,3,1,1,0,7,6,0,0,4,0,0,77,-91,"Fremantle","2019",16
12,"Crowden, Mitch",6,0,10,16,0,1,0,6,1,1,3,2,0,2,0,13,2,0,0,2,0,0,78,-91,"Fremantle","2019",16
7,"Fyfe, Nat",12,0,9,21,0,1,0,4,2,6,7,6,5,5,0,14,8,0,0,2,0,0,83,-91,"Fremantle","2019",16
21,"Hamling, Joel",10,8,3,13,0,0,0,0,4,3,0,2,1,1,0,4,7,2,0,10,0,0,91,-91,"Fremantle","2019",16
9,"Hill, Bradley",12,1,7,19,0,1,0,2,2,7,0,4,1,1,0,1,17,0,1,2,0,0,89,-91,"Fremantle","2019",16
15,"Hughes, Ethan",7,6,10,17,0,0,0,1,2,1,0,6,1,2,0,9,9,1,0,6,0,0,85,-91,"Fremantle","2019",16
26,"Langdon, Ed",10,4,5,15,0,1,0,1,1,3,1,5,0,1,0,8,8,1,0,1,1,1,85,-91,"Fremantle","2019",16
37,"Lobb, Rory",7,1,2,9,0,0,13,2,0,3,2,5,2,2,0,7,2,1,0,7,0,0,88,-91,"Fremantle","2019",16
2,"Logue, Griffin",5,2,4,9,0,0,0,1,2,1,0,3,0,1,0,5,6,1,0,9,0,0,92,-91,"Fremantle","2019",16
3,"Matera, Brandon",12,4,1,13,0,3,0,3,0,2,0,1,1,0,0,4,9,1,2,1,0,0,82,-91,"Fremantle","2019",16
23,"McCarthy, Cam",11,4,4,15,1,3,0,0,0,2,0,3,1,1,0,7,6,1,1,2,0,0,100,-91,"Fremantle","2019",16
16,"Mundy, David",10,3,8,18,0,1,0,4,1,4,3,2,1,1,0,10,7,0,1,2,0,0,78,-91,"Fremantle","2019",16
38,"Ryan, Luke",8,2,5,13,0,0,0,2,1,2,0,2,1,2,0,7,8,0,0,4,0,0,85,-91,"Fremantle","2019",16
31,"Sandilands, Aaron",3,1,5,8,0,0,18,0,0,1,3,2,3,2,0,5,3,0,0,3,0,0,55,-91,"Fremantle","2019",16
39,"Switkowski, Sam",7,2,4,11,0,0,0,1,0,3,2,2,0,2,0,4,8,0,1,0,0,0,67,-91,"Fremantle","2019",16
18,"Tucker, Darcy",11,2,17,28,0,0,0,3,1,2,6,4,1,1,0,14,15,0,0,0,0,0,78,-91,"Fremantle","2019",16
10,"Walters, Michael",16,5,7,23,1,0,0,5,0,10,1,3,4,2,0,8,14,0,1,2,0,0,87,-91,"Fremantle","2019",16
14,"Wilson, Nathan",15,3,3,18,0,0,0,0,4,1,0,3,0,0,0,7,10,0,0,3,1,0,85,-91,"Fremantle","2019",16
0,"Rushed",0,0,0,0,0,6,0,0,0,0,0,0,0,0,0,0,0,0,0,0,0,0,0,-91,"Fremantle","2019",16
41,"Ah Chee, Brendon",11,7,4,15,1,0,0,0,0,3,0,2,1,0,0,9,8,0,1,3,0,0,89,91,"West Coast","2019",16
12,"Allen, Oscar",6,3,4,10,0,0,0,6,1,2,1,3,2,1,0,7,6,1,0,5,0,2,85,91,"West Coast","2019",16
37,"Barrass, Tom",6,5,1,7,0,0,0,1,3,0,0,0,0,0,0,3,5,2,0,9,0,0,75,91,"West Coast","2019",16
39,"Cameron, Jarrod",4,0,3,7,4,0,0,3,0,0,0,1,2,1,0,3,5,0,0,2,0,1,75,91,"West Coast","2019",16
15,"Cripps, Jamie",5,3,9,14,4,1,0,4,0,0,0,1,0,0,0,7,7,0,3,1,1,0,80,91,"West Coast","2019",16
27,"Darling, Jack",8,4,2,10,4,1,0,4,0,1,0,2,4,1,0,8,3,3,2,3,0,1,91,91,"West Coast","2019",16
14,"Duggan, Liam",9,7,5,14,0,0,0,5,3,0,1,3,1,2,0,6,8,1,0,3,0,0,81,91,"West Coast","2019",16
3,"Gaff, Andrew",19,3,16,35,0,0,0,1,3,2,6,4,1,1,2,12,20,1,0,1,1,0,85,91,"West Coast","2019",16
16,"Hickey, Tom",5,4,6,11,2,0,23,5,0,2,1,7,2,5,0,7,6,2,1,3,0,0,71,91,"West Coast","2019",16
25,"Hurn, Shannon",19,8,3,22,0,0,0,3,7,3,0,3,2,1,0,5,15,1,0,2,0,1,84,91,"West Coast","2019",16
23,"Jetta, Lewis",11,3,5,16,0,0,0,1,4,3,1,2,1,1,0,4,9,0,0,2,1,1,88,91,"West Coast","2019",16
7,"Masten, Chris",12,7,13,25,1,0,0,2,7,0,1,3,1,2,0,9,16,1,0,0,0,0,92,91,"West Coast","2019",16
20,"McGovern, Jeremy",14,7,1,15,0,0,0,3,6,4,0,2,0,0,0,6,10,2,0,11,0,1,83,91,"West Coast","2019",16
9,"Naitanui, Nic",8,1,6,14,0,0,23,0,0,4,6,3,1,1,0,11,2,0,0,8,0,3,52,91,"West Coast","2019",16
30,"Nelson, Jackson",5,3,2,7,0,0,0,3,3,0,0,1,0,0,0,1,7,0,0,1,0,0,88,91,"West Coast","2019",16
8,"Redden, Jack",10,2,15,25,0,0,0,6,1,3,5,6,0,2,0,9,13,0,0,2,0,0,87,91,"West Coast","2019",16
44,"Rioli, Willie",6,2,3,9,1,1,0,1,1,3,0,2,0,0,0,1,7,0,0,1,0,0,81,91,"West Coast","2019",16
1,"Ryan, Liam",8,1,2,10,0,2,0,4,0,4,0,4,1,1,0,6,3,1,1,2,0,1,83,91,"West Coast","2019",16
4,"Sheed, Dom",15,4,13,28,0,0,0,1,0,6,7,2,4,1,0,17,10,0,0,0,0,0,86,91,"West Coast","2019",16
5,"Sheppard, Brad",19,7,6,25,0,0,0,2,11,0,0,2,2,0,1,8,16,0,0,8,0,0,93,91,"West Coast","2019",16
13,"Shuey, Luke",18,1,10,28,1,0,0,8,2,6,9,7,2,1,3,19,8,0,0,5,0,0,76,91,"West Coast","2019",16
6,"Yeo, Elliot",13,1,7,20,1,0,0,7,1,4,8,5,2,3,0,9,7,0,0,3,0,1,77,91,"West Coast","2019",16
0,"Rushed",0,0,0,0,0,3,0,0,0,0,0,0,0,0,0,0,0,0,0,0,0,0,0,91,"West Coast","2019",16
