"Number","Player","Kicks","Marks","Handballs","Disposals","Goals","Behinds","Hitouts","Tackles","Rebounds50s","Inside50s","Clearances","Clangers","FreesFor","FreesAgainst","BrownlowVotes","ContestedPossessions","UncontestedPossessions","ContestedMarks","MarksInside50","OnePercenters","Bounces","GoalAssists","PercentagePlayed","PointDifference","Team","Season","Round"
14,"Aish, James",11,7,10,21,0,0,0,2,5,2,0,0,0,0,0,5,16,2,0,0,0,0,82,41,"Collingwood","2019",12
17,"Brown, Callum",4,1,10,14,0,0,0,7,0,3,0,0,1,0,0,4,9,0,0,1,1,1,73,41,"Collingwood","2019",12
46,"Cox, Mason",6,5,4,10,1,1,7,3,0,0,0,2,1,0,0,7,3,4,2,2,0,0,87,41,"Collingwood","2019",12
25,"Crisp, Jack",8,3,11,19,0,0,0,3,3,1,1,1,1,0,0,7,12,0,0,2,0,0,86,41,"Collingwood","2019",12
2,"de Goey, Jordan",8,1,5,13,3,0,0,0,0,6,1,1,0,0,0,5,7,0,0,0,3,0,75,41,"Collingwood","2019",12
19,"Greenwood, Levi",7,4,6,13,0,0,0,4,1,1,0,4,0,2,0,3,10,1,0,3,0,0,85,41,"Collingwood","2019",12
4,"Grundy, Brodie",8,6,6,14,1,0,30,3,1,1,4,4,2,3,0,8,6,0,0,4,0,0,88,41,"Collingwood","2019",12
32,"Hoskin-Elliott, Will",13,12,6,19,3,0,0,1,0,2,0,0,0,0,0,2,17,0,4,0,0,1,79,41,"Collingwood","2019",12
38,"Howe, Jeremy",13,4,9,22,0,0,0,2,9,0,1,2,0,1,0,5,10,0,0,8,0,0,95,41,"Collingwood","2019",12
37,"Maynard, Brayden",11,5,7,18,0,0,0,4,6,2,0,1,2,1,0,5,11,1,0,0,0,0,87,41,"Collingwood","2019",12
16,"Mayne, Chris",13,6,7,20,0,0,0,4,1,1,2,3,1,0,0,4,14,0,0,2,0,0,89,41,"Collingwood","2019",12
41,"Mihocek, Brody",11,4,9,20,1,1,0,2,2,6,1,5,2,0,0,12,10,0,0,5,1,2,89,41,"Collingwood","2019",12
30,"Moore, Darcy",7,5,6,13,0,0,0,1,3,2,0,2,0,1,0,7,6,3,0,4,0,1,79,41,"Collingwood","2019",12
10,"Pendlebury, Scott",10,6,14,24,0,1,0,4,2,2,1,3,0,0,0,3,21,0,0,3,0,0,79,41,"Collingwood","2019",12
21,"Phillips, Tom",18,3,9,27,0,0,0,1,5,4,5,6,2,1,0,13,15,0,0,0,0,0,92,41,"Collingwood","2019",12
23,"Roughead, Jordan",9,4,5,14,0,0,0,2,4,2,0,3,1,1,0,5,8,0,0,8,0,0,86,41,"Collingwood","2019",12
22,"Sidebottom, Steele",17,4,10,27,1,0,0,6,2,1,4,5,1,2,0,10,18,1,0,3,0,0,85,41,"Collingwood","2019",12
36,"Sier, Brayden",9,2,14,23,0,1,0,9,1,7,4,1,0,1,0,14,9,0,0,0,0,0,63,41,"Collingwood","2019",12
1,"Stephenson, Jaidyn",16,9,3,19,3,3,0,3,2,3,0,5,0,1,1,7,12,2,6,2,0,2,85,41,"Collingwood","2019",12
24,"Thomas, Josh",5,3,9,14,1,0,0,1,0,3,0,1,1,0,0,4,11,0,1,0,0,1,73,41,"Collingwood","2019",12
7,"Treloar, Adam",18,2,16,34,1,0,0,6,0,5,5,8,2,0,2,10,23,0,0,2,2,1,76,41,"Collingwood","2019",12
18,"Varcoe, Travis",5,3,5,10,0,0,0,2,0,2,0,2,1,1,0,3,7,0,0,3,0,0,66,41,"Collingwood","2019",12
0,"Rushed",0,0,0,0,0,1,0,0,0,0,0,0,0,0,0,0,0,0,0,0,0,0,0,41,"Collingwood","2019",12
33,"Baker, Oskar",12,5,6,18,0,0,0,3,1,5,1,5,1,0,0,3,14,0,0,1,0,0,78,-41,"Melbourne","2019",12
10,"Brayshaw, Angus",21,5,11,32,0,0,0,8,4,8,2,5,0,1,0,12,20,1,0,0,0,1,78,-41,"Melbourne","2019",12
31,"Fritsch, Bayley",17,8,9,26,0,0,0,1,6,3,0,4,0,0,0,3,24,0,0,2,0,1,92,-41,"Melbourne","2019",12
17,"Frost, Sam",0,0,1,1,0,0,0,1,0,0,0,0,0,0,0,1,0,0,0,0,0,0,9,-41,"Melbourne","2019",12
36,"Garlett, Jeff",5,2,3,8,1,2,0,5,0,0,1,2,0,1,0,3,4,0,2,2,0,0,92,-41,"Melbourne","2019",12
11,"Gawn, Max",21,5,13,34,0,1,33,3,3,5,10,6,4,2,3,19,11,3,0,4,0,0,91,-41,"Melbourne","2019",12
19,"Hannan, Mitch",6,2,9,15,1,1,0,3,0,3,2,2,0,0,0,3,12,0,0,2,0,0,88,-41,"Melbourne","2019",12
4,"Harmes, James",18,3,17,35,0,2,0,3,4,5,8,7,0,1,0,15,21,1,1,1,0,0,84,-41,"Melbourne","2019",12
14,"Hibberd, Michael",7,5,8,15,0,0,0,1,7,0,0,2,0,0,0,4,11,1,0,3,0,0,76,-41,"Melbourne","2019",12
34,"Hore, Marty",8,4,13,21,0,0,0,2,3,1,0,2,1,0,0,11,11,0,0,6,0,0,91,-41,"Melbourne","2019",12
29,"Hunt, Jayden",7,4,2,9,1,1,0,1,1,4,0,0,0,0,0,3,6,1,2,1,1,1,88,-41,"Melbourne","2019",12
2,"Jones, Nathan",6,2,9,15,0,0,0,2,1,2,0,1,0,0,0,3,12,0,0,1,0,0,82,-41,"Melbourne","2019",12
8,"Lever, Jake",10,7,6,16,0,0,0,1,3,2,1,2,1,1,0,8,9,1,0,5,2,0,90,-41,"Melbourne","2019",12
1,"May, Steven",14,4,5,19,0,1,1,2,4,2,0,1,0,0,0,3,10,0,0,9,0,0,94,-41,"Melbourne","2019",12
25,"McDonald, Tom",10,4,2,12,0,1,0,1,0,1,3,2,2,2,0,7,6,0,1,2,0,0,87,-41,"Melbourne","2019",12
13,"Oliver, Clayton",7,4,26,33,0,0,0,4,1,1,7,5,0,1,0,23,12,0,1,2,0,0,88,-41,"Melbourne","2019",12
5,"Petracca, Christian",14,5,9,23,1,1,0,1,1,5,4,4,1,2,0,14,11,0,0,2,0,0,89,-41,"Melbourne","2019",12
3,"Salem, Christian",15,8,14,29,0,1,0,3,2,4,1,9,0,2,0,7,23,0,0,4,0,0,80,-41,"Melbourne","2019",12
9,"Spargo, Charlie",8,3,9,17,1,0,0,2,0,1,0,4,3,3,0,10,8,0,0,2,0,0,78,-41,"Melbourne","2019",12
7,"Viney, Jack",7,2,10,17,0,0,0,5,0,4,6,4,2,1,0,8,9,0,0,1,0,1,71,-41,"Melbourne","2019",12
42,"Wagner, Josh",5,2,7,12,0,0,0,1,0,2,0,1,0,1,0,4,9,0,0,1,0,0,78,-41,"Melbourne","2019",12
26,"Weideman, Sam",6,5,5,11,2,1,0,1,0,0,0,1,0,0,0,6,5,2,4,1,0,0,96,-41,"Melbourne","2019",12
0,"Rushed",0,0,0,0,0,3,0,0,0,0,0,0,0,0,0,0,0,0,0,0,0,0,0,-41,"Melbourne","2019",12
