"Number","Player","Kicks","Marks","Handballs","Disposals","Goals","Behinds","Hitouts","Tackles","Rebounds50s","Inside50s","Clearances","Clangers","FreesFor","FreesAgainst","BrownlowVotes","ContestedPossessions","UncontestedPossessions","ContestedMarks","MarksInside50","OnePercenters","Bounces","GoalAssists","PercentagePlayed","PointDifference","Team","Season","Round"
22,"Breust, Luke",14,2,7,21,1,2,0,2,1,3,0,2,4,0,0,9,12,0,2,0,0,1,88,-19,"Hawthorn","2019",2
9,"Burgoyne, Shaun",10,4,4,14,0,0,0,4,0,7,0,2,0,1,0,1,11,0,0,0,0,1,55,-19,"Hawthorn","2019",2
18,"Ceglar, Jonathon",6,2,3,9,0,0,14,5,1,2,1,2,2,1,0,6,4,0,0,8,0,0,66,-19,"Hawthorn","2019",2
46,"Cousins, James",12,5,11,23,1,0,0,3,3,1,3,2,1,1,0,9,13,0,2,1,0,0,81,-19,"Hawthorn","2019",2
12,"Frawley, James",8,1,1,9,0,0,0,2,3,1,0,3,1,0,0,2,6,0,0,8,0,0,90,-19,"Hawthorn","2019",2
19,"Gunston, Jack",12,7,4,16,4,0,0,2,0,2,0,2,0,0,0,8,7,2,4,1,0,2,87,-19,"Hawthorn","2019",2
15,"Hardwick, Blake",7,1,5,12,0,0,0,4,4,0,0,0,0,0,0,7,5,1,0,6,0,0,82,-19,"Hawthorn","2019",2
31,"Henderson, Ricky",19,6,10,29,1,0,0,3,3,6,2,5,3,1,0,14,15,4,0,0,1,2,83,-19,"Hawthorn","2019",2
4,"Impey, Jarman",3,2,8,11,0,0,0,3,1,1,1,3,0,3,0,7,4,0,0,3,1,0,88,-19,"Hawthorn","2019",2
7,"McEvoy, Ben",7,5,8,15,0,0,31,1,2,2,2,2,0,2,0,14,4,3,0,8,0,0,85,-19,"Hawthorn","2019",2
1,"Morrison, Harry",5,2,4,9,0,0,0,4,0,3,0,1,0,0,0,4,5,1,0,1,1,0,83,-19,"Hawthorn","2019",2
11,"Nash, Conor",2,2,6,8,0,0,0,1,0,0,0,4,0,3,0,3,6,0,1,3,0,2,88,-19,"Hawthorn","2019",2
10,"OMeara, Jaeger",24,4,6,30,1,1,0,6,6,5,5,8,1,2,2,12,18,0,1,0,0,1,86,-19,"Hawthorn","2019",2
28,"Puopolo, Paul",7,2,2,9,2,1,0,5,0,2,0,2,0,0,0,1,6,1,2,0,0,1,86,-19,"Hawthorn","2019",2
2,"Roughead, Jarryd",8,5,3,11,2,1,1,1,0,2,0,1,1,0,0,6,6,2,3,0,0,1,84,-19,"Hawthorn","2019",2
35,"Scrimshaw, Jack",10,4,7,17,0,0,0,4,5,0,0,1,1,0,0,8,7,1,0,4,0,0,81,-19,"Hawthorn","2019",2
21,"Scully, Tom",9,3,6,15,0,0,0,2,2,5,2,4,1,0,0,6,9,0,0,1,0,0,76,-19,"Hawthorn","2019",2
26,"Shiels, Liam",6,0,2,8,0,0,0,3,1,2,0,5,0,3,0,1,6,0,0,0,0,0,53,-19,"Hawthorn","2019",2
6,"Sicily, James",14,5,4,18,0,0,0,1,11,0,0,5,0,2,0,6,10,1,0,5,0,0,92,-19,"Hawthorn","2019",2
16,"Smith, Isaac",12,1,9,21,1,1,0,3,2,2,2,3,0,2,0,5,15,0,0,4,1,0,85,-19,"Hawthorn","2019",2
24,"Stratton, Ben",5,2,1,6,0,0,0,3,2,0,0,2,0,1,0,2,3,0,0,2,0,0,99,-19,"Hawthorn","2019",2
5,"Worpel, James",14,5,11,25,0,0,0,6,3,3,7,5,0,2,0,11,13,0,0,0,0,1,83,-19,"Hawthorn","2019",2
0,"Rushed",0,0,0,0,0,3,0,0,0,0,0,0,0,0,0,0,0,0,0,0,0,0,0,-19,"Hawthorn","2019",2
4,"Bontempelli, Marcus",16,4,10,26,0,1,0,7,2,6,7,7,2,0,0,14,13,0,0,5,0,1,85,19,"Western Bulldogs","2019",2
12,"Cordy, Zaine",6,5,7,13,0,0,0,0,2,2,0,2,0,0,0,5,6,1,0,6,0,0,97,19,"Western Bulldogs","2019",2
9,"Crozier, Hayden",11,7,11,22,0,0,0,1,2,3,0,2,2,0,0,10,13,1,0,5,0,0,76,19,"Western Bulldogs","2019",2
35,"Daniel, Caleb",17,2,15,32,0,0,0,3,5,1,1,4,2,1,0,8,24,0,0,5,0,0,87,19,"Western Bulldogs","2019",2
29,"Dickson, Tory",13,6,7,20,3,0,0,4,1,7,0,1,1,1,0,6,13,1,2,2,0,0,77,19,"Western Bulldogs","2019",2
5,"Dunkley, Josh",9,2,9,18,0,0,0,4,0,4,2,1,1,0,0,7,11,0,0,2,0,1,84,19,"Western Bulldogs","2019",2
15,"Duryea, Taylor",12,5,5,17,0,0,0,1,3,1,1,3,2,0,0,6,10,3,0,2,0,1,75,19,"Western Bulldogs","2019",2
44,"English, Tim",5,4,9,14,0,1,15,4,0,1,1,3,1,2,0,4,9,0,1,5,0,0,85,19,"Western Bulldogs","2019",2
26,"Gowers, Billy",5,3,4,9,3,1,0,0,0,0,0,1,2,0,0,4,6,1,3,0,0,0,80,19,"Western Bulldogs","2019",2
7,"Hunter, Lachie",16,8,17,33,0,0,0,4,3,5,4,4,1,0,0,8,24,0,1,3,0,0,86,19,"Western Bulldogs","2019",2
21,"Liberatore, Tom",12,3,16,28,1,0,0,7,1,4,6,4,1,2,0,15,13,0,0,3,0,1,80,19,"Western Bulldogs","2019",2
22,"Lloyd, Sam",12,6,4,16,0,0,0,1,4,2,1,1,0,0,0,4,10,0,0,3,0,0,78,19,"Western Bulldogs","2019",2
11,"Macrae, Jack",14,7,22,36,1,1,0,3,0,4,4,4,1,1,3,11,27,0,0,2,0,1,88,19,"Western Bulldogs","2019",2
16,"McLean, Toby",8,2,10,18,2,0,0,4,0,2,0,1,1,1,0,5,14,0,0,2,0,2,81,19,"Western Bulldogs","2019",2
33,"Naughton, Aaron",5,3,3,8,1,1,0,4,0,0,0,3,1,2,0,3,5,1,2,5,0,0,85,19,"Western Bulldogs","2019",2
20,"Richards, Ed",6,1,8,14,0,1,0,1,1,5,0,4,1,4,0,5,9,0,0,5,0,2,75,19,"Western Bulldogs","2019",2
13,"Schache, Josh",9,5,6,15,4,2,2,1,0,3,1,0,1,0,1,7,9,1,3,2,0,1,73,19,"Western Bulldogs","2019",2
6,"Smith, Bailey",6,0,7,13,0,0,0,2,1,3,3,0,0,0,0,6,7,0,0,1,0,2,63,19,"Western Bulldogs","2019",2
1,"Suckling, Matt",25,9,4,29,0,0,0,2,5,3,1,2,1,0,0,7,18,1,0,0,0,0,82,19,"Western Bulldogs","2019",2
3,"Wallis, Mitch",13,5,16,29,1,0,0,1,1,6,5,3,3,0,0,7,22,0,1,1,0,0,81,19,"Western Bulldogs","2019",2
10,"Wood, Easton",7,4,2,9,0,0,0,2,0,3,0,3,0,1,0,2,7,0,0,11,0,0,88,19,"Western Bulldogs","2019",2
2,"Young, Lewis",8,5,1,9,0,0,0,1,4,1,0,2,0,0,0,3,6,0,0,3,0,0,95,19,"Western Bulldogs","2019",2
0,"Rushed",0,0,0,0,0,2,0,0,0,0,0,0,0,0,0,0,0,0,0,0,0,0,0,19,"Western Bulldogs","2019",2
