"Number","Player","Kicks","Marks","Handballs","Disposals","Goals","Behinds","Hitouts","Tackles","Rebounds50s","Inside50s","Clearances","Clangers","FreesFor","FreesAgainst","BrownlowVotes","ContestedPossessions","UncontestedPossessions","ContestedMarks","MarksInside50","OnePercenters","Bounces","GoalAssists","PercentagePlayed","PointDifference","Team","Season","Round"
31,"Andrews, Harris",7,5,4,11,0,0,0,0,0,3,0,1,1,0,0,5,6,1,0,7,0,0,62,-62,"Brisbane Lions","2019",5
7,"Berry, Jarrod",11,4,13,24,1,0,0,1,2,2,1,0,3,0,0,6,18,0,1,1,0,1,84,-62,"Brisbane Lions","2019",5
23,"Cameron, Charlie",8,4,6,14,0,1,0,2,0,1,0,2,1,0,0,4,10,0,2,1,1,0,90,-62,"Brisbane Lions","2019",5
3,"Christensen, Allen",11,6,4,15,1,0,0,2,3,3,2,4,1,2,0,5,10,1,0,0,0,1,74,-62,"Brisbane Lions","2019",5
27,"Gardiner, Darcy",11,7,4,15,0,0,0,2,3,0,0,1,1,1,0,5,11,0,0,6,0,0,95,-62,"Brisbane Lions","2019",5
30,"Hipwood, Eric",9,5,0,9,1,2,0,3,0,2,0,5,0,2,0,2,7,1,2,2,0,0,86,-62,"Brisbane Lions","2019",5
2,"Hodge, Luke",11,9,7,18,0,0,0,5,2,0,0,3,1,2,0,3,12,0,0,2,0,0,83,-62,"Brisbane Lions","2019",5
17,"Lyons, Jarryd",5,0,8,13,0,1,0,2,0,3,2,2,0,1,0,7,6,0,0,1,0,0,75,-62,"Brisbane Lions","2019",5
12,"Martin, Stefan",7,2,6,13,1,0,13,1,1,3,6,3,2,3,0,8,5,0,1,2,0,0,89,-62,"Brisbane Lions","2019",5
36,"Mathieson, Rhys",5,2,6,11,0,0,0,1,0,3,0,4,0,3,0,5,6,0,0,0,0,0,63,-62,"Brisbane Lions","2019",5
11,"McCarthy, Lincoln",7,2,5,12,0,0,0,1,0,4,2,5,0,3,0,5,8,0,1,0,1,0,87,-62,"Brisbane Lions","2019",5
6,"McCluggage, Hugh",18,6,3,21,2,1,0,1,3,3,1,0,0,0,0,6,13,0,0,0,2,0,80,-62,"Brisbane Lions","2019",5
46,"McInerney, Oscar",2,3,3,5,0,0,5,2,1,0,1,1,1,1,0,4,1,2,0,5,0,0,78,-62,"Brisbane Lions","2019",5
25,"McStay, Daniel",4,3,2,6,0,1,0,1,0,1,0,1,0,0,0,3,3,1,1,0,0,0,85,-62,"Brisbane Lions","2019",5
9,"Neale, Lachie",8,4,16,24,0,1,0,2,1,2,7,1,2,1,0,15,9,0,1,0,0,0,88,-62,"Brisbane Lions","2019",5
16,"Rayner, Cam",7,3,5,12,2,1,0,2,0,2,0,2,1,1,0,4,8,0,0,1,0,0,81,-62,"Brisbane Lions","2019",5
10,"Rich, Daniel",19,9,5,24,0,0,0,1,8,3,2,4,1,2,0,5,14,0,0,1,0,0,82,-62,"Brisbane Lions","2019",5
18,"Robertson, Nick",10,6,8,18,0,0,0,2,3,1,1,2,1,1,0,3,15,0,0,2,0,0,81,-62,"Brisbane Lions","2019",5
5,"Robinson, Mitch",9,5,9,18,0,0,0,5,2,3,0,4,2,1,0,7,12,0,0,1,0,0,82,-62,"Brisbane Lions","2019",5
14,"Walker, Josh",12,12,5,17,0,0,0,2,2,0,0,1,1,0,0,6,13,3,0,2,0,0,93,-62,"Brisbane Lions","2019",5
29,"Witherden, Alex",20,8,5,25,0,0,0,2,8,0,1,3,4,0,0,4,16,0,0,2,0,0,76,-62,"Brisbane Lions","2019",5
15,"Zorko, Dayne",11,3,6,17,0,1,0,10,3,3,4,4,3,2,0,9,7,1,1,1,0,2,86,-62,"Brisbane Lions","2019",5
0,"Rushed",0,0,0,0,0,4,0,0,0,0,0,0,0,0,0,0,0,0,0,0,0,0,0,-62,"Brisbane Lions","2019",5
13,"Adams, Taylor",11,2,11,22,0,0,0,1,2,7,5,3,0,3,0,6,17,0,0,2,1,1,78,62,"Collingwood","2019",5
14,"Aish, James",3,2,2,5,0,0,0,0,0,2,0,0,1,0,0,3,2,1,0,0,0,0,39,62,"Collingwood","2019",5
11,"Beams, Dayne",12,3,14,26,1,0,0,3,2,3,8,0,4,0,0,12,14,0,0,0,0,0,74,62,"Collingwood","2019",5
17,"Brown, Callum",10,6,4,14,2,1,0,3,1,5,0,1,1,1,0,4,10,1,2,0,0,0,76,62,"Collingwood","2019",5
46,"Cox, Mason",5,6,4,9,2,0,5,0,0,1,1,4,1,2,0,6,5,2,3,5,0,0,88,62,"Collingwood","2019",5
25,"Crisp, Jack",19,9,8,27,0,0,0,0,3,6,1,2,3,0,1,8,20,0,0,3,1,0,85,62,"Collingwood","2019",5
2,"de Goey, Jordan",13,6,6,19,3,1,0,2,0,3,1,8,0,6,0,7,12,2,3,0,2,2,79,62,"Collingwood","2019",5
5,"Elliott, Jamie",8,5,4,12,2,2,0,0,0,2,1,1,2,1,0,3,9,0,4,1,1,2,79,62,"Collingwood","2019",5
4,"Grundy, Brodie",4,2,8,12,0,0,31,4,0,3,1,2,3,2,0,7,6,1,0,0,0,0,88,62,"Collingwood","2019",5
38,"Howe, Jeremy",6,2,3,9,0,0,0,3,2,0,0,0,1,0,0,2,6,0,0,2,0,0,89,62,"Collingwood","2019",5
8,"Langdon, Tom",6,5,16,22,0,0,0,3,4,0,0,1,0,1,0,6,16,1,0,3,0,0,94,62,"Collingwood","2019",5
37,"Maynard, Brayden",15,2,4,19,0,1,0,4,2,3,1,6,1,0,0,4,15,0,0,3,0,0,94,62,"Collingwood","2019",5
41,"Mihocek, Brody",10,8,8,18,4,2,0,2,0,3,0,2,1,0,2,7,12,0,2,3,0,1,90,62,"Collingwood","2019",5
30,"Moore, Darcy",9,2,4,13,0,0,0,1,8,1,0,2,1,1,0,6,2,2,0,6,0,0,85,62,"Collingwood","2019",5
10,"Pendlebury, Scott",11,4,15,26,0,1,0,4,0,5,4,1,1,0,0,7,17,0,0,0,1,1,83,62,"Collingwood","2019",5
21,"Phillips, Tom",15,4,14,29,0,1,0,1,1,3,2,4,2,0,0,13,16,0,1,0,0,0,90,62,"Collingwood","2019",5
23,"Roughead, Jordan",3,3,4,7,0,0,0,2,3,0,1,1,0,0,0,2,5,1,0,6,0,0,87,62,"Collingwood","2019",5
22,"Sidebottom, Steele",14,4,12,26,0,0,0,2,2,4,0,5,1,3,0,6,21,0,1,0,0,0,82,62,"Collingwood","2019",5
1,"Stephenson, Jaidyn",14,9,4,18,2,1,0,1,0,3,0,3,1,2,0,5,13,2,7,1,0,3,88,62,"Collingwood","2019",5
24,"Thomas, Josh",8,6,10,18,2,0,0,0,0,3,1,1,2,1,0,8,10,0,2,0,0,0,87,62,"Collingwood","2019",5
7,"Treloar, Adam",20,8,15,35,0,0,0,1,3,5,5,4,0,2,3,9,25,0,0,1,4,3,84,62,"Collingwood","2019",5
18,"Varcoe, Travis",6,1,5,11,0,1,0,1,0,0,1,1,0,1,0,7,3,0,0,3,0,0,58,62,"Collingwood","2019",5
0,"Rushed",0,0,0,0,0,4,0,0,0,0,0,0,0,0,0,0,0,0,0,0,0,0,0,62,"Collingwood","2019",5
