"Number","Player","Kicks","Marks","Handballs","Disposals","Goals","Behinds","Hitouts","Tackles","Rebounds50s","Inside50s","Clearances","Clangers","FreesFor","FreesAgainst","BrownlowVotes","ContestedPossessions","UncontestedPossessions","ContestedMarks","MarksInside50","OnePercenters","Bounces","GoalAssists","PercentagePlayed","PointDifference","Team","Season","Round"
10,"Brayshaw, Angus",19,5,8,27,1,1,0,3,1,5,3,5,0,1,0,6,18,0,0,1,0,1,74,-40,"Melbourne","2019",5
31,"Fritsch, Bayley",11,8,5,16,0,0,0,0,0,2,1,2,0,2,0,2,13,0,0,5,0,0,86,-40,"Melbourne","2019",5
17,"Frost, Sam",13,7,6,19,0,0,0,5,1,0,0,3,1,1,0,8,9,0,0,5,0,0,95,-40,"Melbourne","2019",5
11,"Gawn, Max",9,4,11,20,0,1,32,2,0,4,4,3,1,2,0,8,12,2,1,2,0,0,83,-40,"Melbourne","2019",5
4,"Harmes, James",12,7,13,25,1,0,0,4,2,4,2,3,1,1,0,8,17,0,0,0,2,0,80,-40,"Melbourne","2019",5
14,"Hibberd, Michael",11,7,7,18,0,0,0,1,2,3,0,3,0,0,0,4,13,0,0,11,0,1,86,-40,"Melbourne","2019",5
34,"Hore, Marty",15,13,5,20,0,0,0,2,7,1,0,1,0,1,0,2,18,1,0,5,0,0,90,-40,"Melbourne","2019",5
29,"Hunt, Jayden",8,4,5,13,0,2,0,1,0,2,0,2,0,0,0,3,10,0,1,0,1,0,82,-40,"Melbourne","2019",5
39,"Jetta, Neville",9,4,6,15,0,0,0,0,1,0,0,3,2,2,0,8,7,1,0,4,0,0,77,-40,"Melbourne","2019",5
2,"Jones, Nathan",10,7,13,23,0,1,0,1,1,8,2,2,0,0,0,6,16,0,0,1,0,0,84,-40,"Melbourne","2019",5
6,"Lewis, Jordan",7,3,6,13,0,0,0,0,0,3,2,2,0,2,0,3,11,0,0,2,0,0,72,-40,"Melbourne","2019",5
25,"McDonald, Tom",5,4,6,11,0,1,1,1,2,1,0,1,0,0,0,3,8,1,1,3,0,0,81,-40,"Melbourne","2019",5
18,"Melksham, Jake",8,7,6,14,2,0,0,2,0,3,3,1,1,1,0,6,8,2,3,1,1,1,83,-40,"Melbourne","2019",5
13,"Oliver, Clayton",11,6,20,31,0,0,0,6,2,3,3,4,2,1,0,11,22,0,0,0,0,2,84,-40,"Melbourne","2019",5
5,"Petracca, Christian",13,6,8,21,1,0,0,3,0,4,0,5,0,2,0,11,12,1,2,0,0,1,90,-40,"Melbourne","2019",5
21,"Preuss, Braydon",10,3,5,15,2,0,16,2,2,4,3,3,1,1,0,8,6,1,1,3,0,0,84,-40,"Melbourne","2019",5
3,"Salem, Christian",18,8,11,29,0,0,0,4,6,3,0,4,1,0,0,8,21,1,0,2,0,0,88,-40,"Melbourne","2019",5
9,"Spargo, Charlie",9,5,2,11,0,0,0,2,1,3,0,1,1,0,0,2,9,0,0,0,0,0,82,-40,"Melbourne","2019",5
7,"Viney, Jack",8,4,15,23,0,0,0,7,2,1,6,4,5,2,0,8,15,0,0,0,0,0,76,-40,"Melbourne","2019",5
40,"Wagner, Corey",3,0,3,6,0,1,0,6,0,0,1,2,0,1,0,2,4,0,0,2,0,0,68,-40,"Melbourne","2019",5
42,"Wagner, Josh",11,2,2,13,0,1,0,1,1,0,1,3,0,2,0,6,6,1,0,5,1,0,82,-40,"Melbourne","2019",5
26,"Weideman, Sam",5,5,7,12,0,1,0,1,0,1,0,1,0,1,0,6,6,2,1,2,0,0,73,-40,"Melbourne","2019",5
0,"Rushed",0,0,0,0,0,4,0,0,0,0,0,0,0,0,0,0,0,0,0,0,0,0,0,-40,"Melbourne","2019",5
8,"Acres, Blake",10,5,9,19,1,0,0,6,2,2,3,1,2,1,0,9,10,1,0,2,1,0,73,40,"St Kilda","2019",5
26,"Battle, Josh",8,7,5,13,0,0,0,1,2,1,0,0,1,0,0,2,11,0,0,5,1,0,81,40,"St Kilda","2019",5
15,"Billings, Jack",12,7,16,28,2,0,0,1,3,4,1,5,0,0,3,5,22,0,2,4,1,0,80,40,"St Kilda","2019",5
22,"Brown, Nathan",4,5,5,9,0,0,2,1,3,0,0,0,0,0,0,3,7,0,0,10,0,0,91,40,"St Kilda","2019",5
27,"Bruce, Josh",5,2,5,10,2,0,0,3,0,0,0,1,1,1,0,6,4,1,2,2,0,0,78,40,"St Kilda","2019",5
14,"Geary, Jarryn",11,4,11,22,0,0,0,3,3,1,0,3,0,0,1,5,17,0,0,1,0,0,77,40,"St Kilda","2019",5
4,"Gresham, Jade",11,5,12,23,0,1,0,1,0,1,5,4,1,1,0,10,13,0,1,1,1,0,83,40,"St Kilda","2019",5
25,"Kent, Dean",16,7,4,20,3,0,0,2,0,5,1,2,3,0,0,8,12,0,2,1,0,2,85,40,"St Kilda","2019",5
21,"Long, Ben",7,3,3,10,1,0,0,2,0,5,0,3,0,0,0,2,9,0,0,1,0,2,67,40,"St Kilda","2019",5
13,"Lonie, Jack",12,8,3,15,1,0,0,0,1,2,0,3,1,1,0,2,14,0,0,2,0,0,80,40,"St Kilda","2019",5
19,"Marshall, Rowan",5,2,8,13,0,0,14,2,0,2,2,2,1,2,0,4,9,0,0,2,0,0,89,40,"St Kilda","2019",5
28,"Membrey, Tim",8,8,4,12,4,1,0,4,0,0,0,0,0,0,2,6,6,4,6,3,0,0,88,40,"St Kilda","2019",5
16,"Newnes, Jack",14,7,9,23,0,1,0,0,3,4,6,5,0,2,0,9,13,0,0,2,2,2,89,40,"St Kilda","2019",5
34,"Parker, Matthew",5,2,3,8,1,0,0,3,0,2,0,0,2,0,0,6,4,1,0,2,0,0,67,40,"St Kilda","2019",5
33,"Paton, Ben",11,2,12,23,0,0,0,3,6,2,0,2,0,1,0,9,13,0,0,1,0,0,88,40,"St Kilda","2019",5
6,"Ross, Sebastian",17,4,10,27,0,0,0,6,4,2,2,5,2,3,0,5,19,0,0,0,1,0,79,40,"St Kilda","2019",5
5,"Savage, Shane",18,7,9,27,0,0,0,2,7,2,0,0,0,0,0,3,22,0,0,0,2,0,90,40,"St Kilda","2019",5
35,"Sinclair, Jack",9,3,13,22,0,0,0,2,2,1,4,4,2,0,0,14,10,1,0,2,0,1,83,40,"St Kilda","2019",5
9,"Steele, Jack",11,4,9,20,0,0,0,8,0,4,5,4,2,3,0,10,10,0,0,0,0,3,89,40,"St Kilda","2019",5
3,"Steven, Jack",14,0,6,20,0,1,0,4,0,4,6,5,5,1,0,11,8,0,0,1,0,2,70,40,"St Kilda","2019",5
29,"Webster, Jimmy",13,5,7,20,0,0,0,2,7,3,0,2,0,0,0,3,13,1,0,4,0,0,83,40,"St Kilda","2019",5
44,"Wilkie, Callum",10,8,7,17,0,0,0,2,2,0,0,2,0,0,0,4,13,0,0,6,0,0,90,40,"St Kilda","2019",5
0,"Rushed",0,0,0,0,0,1,0,0,0,0,0,0,0,0,0,0,0,0,0,0,0,0,0,40,"St Kilda","2019",5
