"Number","Player","Kicks","Marks","Handballs","Disposals","Goals","Behinds","Hitouts","Tackles","Rebounds50s","Inside50s","Clearances","Clangers","FreesFor","FreesAgainst","BrownlowVotes","ContestedPossessions","UncontestedPossessions","ContestedMarks","MarksInside50","OnePercenters","Bounces","GoalAssists","PercentagePlayed","PointDifference","Team","Season","Round"
21,"Atkins, Rory",15,7,5,20,1,0,0,0,2,5,1,4,0,2,0,5,15,0,0,0,1,0,89,-12,"Adelaide","2019",10
18,"Betts, Eddie",12,4,5,17,2,1,0,1,0,1,3,3,0,0,0,8,8,1,1,1,0,1,82,-12,"Adelaide","2019",10
16,"Brown, Luke",7,5,3,10,0,0,0,3,1,1,0,1,0,0,0,1,9,0,0,1,0,0,78,-12,"Adelaide","2019",10
2,"Crouch, Brad",26,2,13,39,0,1,0,1,2,8,7,5,0,1,0,10,22,0,1,0,0,0,78,-12,"Adelaide","2019",10
28,"Ellis-Yolmen, Cam",11,5,19,30,1,2,0,10,4,1,8,2,0,0,2,17,13,0,1,5,0,0,80,-12,"Adelaide","2019",10
7,"Gallucci, Jordan",11,3,3,14,0,0,0,3,1,5,1,2,0,0,0,3,11,0,0,1,0,1,74,-12,"Adelaide","2019",10
1,"Greenwood, Hugh",12,1,12,24,0,0,0,13,1,4,8,4,3,2,0,18,8,0,0,1,0,0,73,-12,"Adelaide","2019",10
15,"Hartigan, Kyle",7,4,6,13,0,0,0,1,3,3,0,2,1,0,0,4,9,0,0,8,0,0,93,-12,"Adelaide","2019",10
34,"Himmelberg, Elliott",3,1,3,6,0,1,11,6,0,1,2,1,0,1,0,4,2,0,0,1,0,1,87,-12,"Adelaide","2019",10
20,"Jones, Chayce",4,0,7,11,0,1,0,4,0,1,1,0,1,0,0,6,5,0,0,0,0,0,70,-12,"Adelaide","2019",10
42,"Keath, Alex",7,2,7,14,0,0,0,2,1,1,0,1,0,1,0,8,5,0,0,9,0,0,90,-12,"Adelaide","2019",10
8,"Kelly, Jake",12,3,7,19,0,0,0,3,2,2,0,1,1,0,0,11,9,0,0,5,0,1,83,-12,"Adelaide","2019",10
3,"Knight, Riley",9,3,8,17,0,1,0,6,0,2,1,1,1,0,0,5,12,0,0,1,0,0,75,-12,"Adelaide","2019",10
29,"Laird, Rory",16,3,12,28,0,0,0,3,4,1,2,1,1,0,0,6,21,0,0,0,0,0,84,-12,"Adelaide","2019",10
30,"Milera, Wayne",12,4,4,16,3,0,0,4,0,0,2,3,2,2,0,7,10,1,3,1,0,0,81,-12,"Adelaide","2019",10
44,"Murphy, Lachlan",7,1,5,12,1,2,0,4,0,2,0,2,2,1,0,8,5,0,0,1,0,0,84,-12,"Adelaide","2019",10
43,"OBrien, Reilly",4,4,9,13,0,0,40,7,1,1,1,4,2,2,0,9,5,2,0,4,0,1,83,-12,"Adelaide","2019",10
11,"Seedsman, Paul",8,2,5,13,1,0,0,3,1,2,2,4,0,2,0,5,9,0,0,2,0,0,79,-12,"Adelaide","2019",10
9,"Sloane, Rory",17,2,15,32,1,1,0,8,1,10,9,6,2,3,0,16,16,0,1,5,0,0,80,-12,"Adelaide","2019",10
33,"Smith, Brodie",15,4,7,22,0,1,0,2,5,4,0,5,0,0,0,5,14,1,0,1,0,0,83,-12,"Adelaide","2019",10
12,"Talia, Daniel",8,5,5,13,0,0,0,3,4,0,0,3,0,1,0,5,6,1,0,9,0,0,88,-12,"Adelaide","2019",10
13,"Walker, Taylor",5,2,7,12,0,0,0,5,0,5,0,5,0,2,0,8,6,0,0,3,0,0,85,-12,"Adelaide","2019",10
0,"Rushed",0,0,0,0,0,2,0,0,0,0,0,0,0,0,0,0,0,0,0,0,0,0,0,-12,"Adelaide","2019",10
12,"Allen, Oscar",8,1,1,9,1,1,9,6,1,5,1,1,3,0,0,9,1,0,0,2,0,1,76,12,"West Coast","2019",10
28,"Cole, Tom",4,1,2,6,0,0,0,1,2,0,1,1,1,0,0,5,1,0,0,4,0,0,82,12,"West Coast","2019",10
15,"Cripps, Jamie",7,4,5,12,3,0,0,4,0,2,2,3,2,2,0,9,5,0,0,2,0,0,86,12,"West Coast","2019",10
27,"Darling, Jack",14,5,2,16,3,0,4,4,0,1,2,6,1,2,0,9,4,2,1,2,0,1,93,12,"West Coast","2019",10
14,"Duggan, Liam",9,2,2,11,0,0,0,2,4,2,0,2,0,0,0,4,6,1,0,3,0,1,86,12,"West Coast","2019",10
3,"Gaff, Andrew",20,9,13,33,0,0,0,3,4,3,0,6,1,2,0,6,24,0,0,4,1,0,90,12,"West Coast","2019",10
25,"Hurn, Shannon",22,3,3,25,0,0,0,1,13,3,1,2,1,0,0,7,7,1,0,6,0,0,91,12,"West Coast","2019",10
34,"Hutchings, Mark",10,0,4,14,0,1,0,3,1,1,2,3,2,0,0,6,4,0,0,1,0,0,77,12,"West Coast","2019",10
17,"Kennedy, Josh",5,4,3,8,3,0,0,6,0,1,0,2,0,0,0,3,4,2,3,1,0,1,86,12,"West Coast","2019",10
20,"McGovern, Jeremy",7,4,7,14,0,0,0,1,3,1,0,2,1,0,0,8,6,1,0,11,0,0,89,12,"West Coast","2019",10
30,"Nelson, Jackson",4,1,0,4,0,0,0,3,0,0,0,2,0,2,0,4,3,1,0,7,0,0,80,12,"West Coast","2019",10
21,"Petruccelle, Jack",3,0,5,8,1,0,0,3,1,2,2,3,0,1,0,5,5,0,0,2,0,1,69,12,"West Coast","2019",10
8,"Redden, Jack",14,4,13,27,0,0,0,15,1,4,3,5,1,2,0,12,13,0,0,1,0,1,85,12,"West Coast","2019",10
44,"Rioli, Willie",7,1,4,11,1,1,0,3,0,1,1,1,1,1,0,4,6,0,1,0,0,0,73,12,"West Coast","2019",10
1,"Ryan, Liam",8,0,2,10,0,0,0,3,0,4,2,4,0,0,0,7,3,0,0,3,0,1,80,12,"West Coast","2019",10
31,"Schofield, Will",4,1,1,5,0,0,0,3,2,1,0,1,1,1,0,2,3,0,0,10,0,0,82,12,"West Coast","2019",10
4,"Sheed, Dom",16,1,15,31,1,2,0,5,2,6,11,4,1,0,0,22,12,0,0,2,0,0,74,12,"West Coast","2019",10
5,"Sheppard, Brad",15,9,1,16,0,1,0,1,5,0,0,4,0,0,0,5,11,2,1,5,0,0,95,12,"West Coast","2019",10
13,"Shuey, Luke",22,3,11,33,0,0,0,10,4,6,10,6,0,1,1,16,15,0,0,3,3,1,84,12,"West Coast","2019",10
19,"Vardy, Nathan",2,1,6,8,0,0,48,4,1,0,2,0,1,0,0,8,2,0,0,7,0,0,81,12,"West Coast","2019",10
2,"Waterman, Jake",7,4,1,8,0,0,0,4,3,1,0,0,0,0,0,2,4,0,0,0,0,0,63,12,"West Coast","2019",10
6,"Yeo, Elliot",14,2,13,27,0,1,0,15,2,4,9,7,3,2,3,17,11,0,0,5,0,0,78,12,"West Coast","2019",10
0,"Totals",222,60,114,336,13,7,61,100,49,48,49,65,20,16,4,170,150,10,6,81,4,8,0,12,"West Coast","2019",10
