"Number","Player","Kicks","Marks","Handballs","Disposals","Goals","Behinds","Hitouts","Tackles","Rebounds50s","Inside50s","Clearances","Clangers","FreesFor","FreesAgainst","BrownlowVotes","ContestedPossessions","UncontestedPossessions","ContestedMarks","MarksInside50","OnePercenters","Bounces","GoalAssists","PercentagePlayed","PointDifference","Team","Season","Round"
4,"Ablett, Gary",8,2,10,18,1,1,0,7,1,5,1,1,1,0,0,9,9,0,1,1,0,0,86,-24,"Geelong","2019",18
30,"Atkins, Tom",4,3,4,8,0,0,0,2,0,1,1,1,1,1,0,2,5,0,1,0,0,0,68,-24,"Geelong","2019",18
24,"Bews, Jed",8,3,0,8,0,0,0,1,2,2,2,2,1,1,0,4,4,0,0,3,0,0,83,-24,"Geelong","2019",18
46,"Blicavs, Mark",11,9,7,18,0,0,0,4,3,0,1,1,0,0,0,7,12,2,0,12,2,0,94,-24,"Geelong","2019",18
6,"Clark, Jordan",7,4,7,14,1,1,0,0,3,1,0,1,0,0,0,3,10,0,1,2,1,0,76,-24,"Geelong","2019",18
40,"Dahlhaus, Luke",4,1,13,17,1,0,0,1,0,1,0,0,3,0,0,7,10,0,1,0,0,0,80,-24,"Geelong","2019",18
35,"Dangerfield, Patrick",16,4,11,27,0,0,0,4,3,4,6,4,2,1,0,14,14,0,0,5,1,0,77,-24,"Geelong","2019",18
22,"Duncan, Mitch",13,5,13,26,1,0,0,5,0,1,7,2,2,1,2,9,18,0,0,4,2,1,79,-24,"Geelong","2019",18
29,"Guthrie, Cameron",14,4,10,24,0,0,0,3,3,2,7,2,0,1,0,10,12,1,0,1,2,0,80,-24,"Geelong","2019",18
26,"Hawkins, Tom",11,6,6,17,2,2,2,0,0,4,1,3,0,3,0,5,12,1,3,0,0,1,97,-24,"Geelong","2019",18
11,"Kelly, Tim",15,3,4,19,1,0,0,4,3,6,5,5,0,2,0,8,10,0,0,0,1,0,78,-24,"Geelong","2019",18
8,"Kolodjashnij, Jake",6,5,3,9,0,0,0,0,2,0,0,0,1,0,0,3,6,1,0,4,0,0,90,-24,"Geelong","2019",18
32,"Miers, Gryan",9,4,6,15,0,2,0,2,0,2,1,1,0,0,0,5,10,0,1,1,1,1,82,-24,"Geelong","2019",18
42,"OConnor, Mark",7,5,7,14,0,0,0,5,0,0,0,0,1,0,0,5,8,0,0,1,0,0,88,-24,"Geelong","2019",18
34,"Parsons, James",7,4,7,14,0,1,0,3,1,2,0,3,1,2,0,5,10,0,0,0,0,0,73,-24,"Geelong","2019",18
17,"Ratugolea, Esava",5,5,4,9,0,1,5,4,0,2,1,1,1,0,0,7,3,3,1,3,0,0,78,-24,"Geelong","2019",18
23,"Rohan, Gary",3,1,4,7,1,0,0,2,0,1,0,1,1,0,0,6,2,0,1,2,0,0,83,-24,"Geelong","2019",18
14,"Selwood, Joel",10,3,8,18,0,2,0,9,1,3,3,2,4,0,0,9,9,0,1,3,0,1,71,-24,"Geelong","2019",18
1,"Stanley, Rhys",5,2,3,8,0,1,32,1,1,2,0,2,0,0,0,1,7,1,1,9,0,1,80,-24,"Geelong","2019",18
44,"Stewart, Tom",15,8,5,20,0,0,0,2,8,0,0,4,1,0,0,5,11,1,0,3,0,0,82,-24,"Geelong","2019",18
7,"Taylor, Harry",6,3,6,12,0,0,0,2,1,2,1,2,1,0,0,4,8,0,0,8,0,1,85,-24,"Geelong","2019",18
2,"Tuohy, Zach",18,3,2,20,0,1,0,1,4,3,1,6,1,2,0,6,9,0,0,2,0,0,89,-24,"Geelong","2019",18
0,"Rushed",0,0,0,0,0,1,0,0,0,0,0,0,0,0,0,0,0,0,0,0,0,0,0,-24,"Geelong","2019",18
22,"Breust, Luke",8,4,9,17,0,1,0,3,0,3,1,1,0,0,0,13,7,1,1,2,1,2,88,24,"Hawthorn","2019",18
9,"Burgoyne, Shaun",14,7,5,19,0,0,0,2,4,1,0,2,1,0,0,4,13,0,0,3,0,0,86,24,"Hawthorn","2019",18
12,"Frawley, James",10,4,5,15,0,0,0,4,3,0,0,2,1,1,0,4,11,0,0,5,0,0,92,24,"Hawthorn","2019",18
19,"Gunston, Jack",13,6,5,18,2,0,0,2,1,3,0,5,0,1,0,3,13,1,1,3,0,2,94,24,"Hawthorn","2019",18
41,"Hanrahan, Oliver",9,4,5,14,1,1,0,3,1,1,0,0,0,0,0,1,13,0,1,0,1,0,78,24,"Hawthorn","2019",18
15,"Hardwick, Blake",10,2,5,15,0,1,0,3,5,0,0,3,0,1,0,4,6,0,1,4,0,0,90,24,"Hawthorn","2019",18
31,"Henderson, Ricky",13,7,9,22,0,2,0,2,4,3,1,1,0,1,0,3,18,0,1,4,1,0,83,24,"Hawthorn","2019",18
17,"Howe, Daniel",15,10,8,23,0,0,0,3,5,1,0,0,5,0,0,11,14,1,0,3,0,0,80,24,"Hawthorn","2019",18
4,"Impey, Jarman",2,1,0,2,0,0,0,0,1,0,0,0,0,0,0,1,2,0,0,0,0,0,21,24,"Hawthorn","2019",18
8,"Lewis, Mitch",12,5,3,15,3,1,4,0,0,3,1,2,1,0,0,7,8,0,4,3,0,2,80,24,"Hawthorn","2019",18
7,"McEvoy, Ben",5,4,8,13,0,0,44,2,1,0,3,0,2,0,1,11,3,3,1,2,0,1,82,24,"Hawthorn","2019",18
11,"Nash, Conor",3,2,2,5,0,0,0,1,0,3,0,1,0,1,0,1,4,0,0,2,0,1,84,24,"Hawthorn","2019",18
23,"OBrien, Tim",7,5,4,11,3,1,3,0,0,2,1,0,1,0,0,5,5,2,3,2,0,0,84,24,"Hawthorn","2019",18
10,"OMeara, Jaeger",14,3,13,27,0,0,0,5,1,5,7,6,0,4,0,10,18,0,0,0,0,1,84,24,"Hawthorn","2019",18
28,"Puopolo, Paul",6,2,7,13,0,0,0,3,0,3,0,4,0,2,0,5,7,0,1,0,0,3,85,24,"Hawthorn","2019",18
21,"Scully, Tom",10,2,10,20,0,0,0,3,1,3,0,3,2,3,0,8,12,0,0,2,2,0,93,24,"Hawthorn","2019",18
26,"Shiels, Liam",18,5,11,29,2,1,0,9,0,3,7,2,0,1,3,13,17,0,0,3,1,0,82,24,"Hawthorn","2019",18
6,"Sicily, James",13,7,3,16,0,0,0,0,1,3,0,2,1,2,0,5,8,3,0,2,0,0,90,24,"Hawthorn","2019",18
16,"Smith, Isaac",14,9,7,21,0,0,0,0,4,3,0,2,0,2,0,3,18,0,0,2,0,0,82,24,"Hawthorn","2019",18
24,"Stratton, Ben",3,4,4,7,0,0,0,1,2,0,0,1,0,0,0,2,6,1,0,5,0,0,85,24,"Hawthorn","2019",18
20,"Wingard, Chad",11,1,10,21,0,2,0,4,0,6,5,3,0,2,0,11,14,0,0,2,0,0,73,24,"Hawthorn","2019",18
5,"Worpel, James",10,4,14,24,1,0,0,4,1,3,4,2,0,1,0,13,13,0,1,1,0,0,86,24,"Hawthorn","2019",18
0,"Rushed",0,0,0,0,0,3,0,0,0,0,0,0,0,0,0,0,0,0,0,0,0,0,0,24,"Hawthorn","2019",18
