"Number","Player","Kicks","Marks","Handballs","Disposals","Goals","Behinds","Hitouts","Tackles","Rebounds50s","Inside50s","Clearances","Clangers","FreesFor","FreesAgainst","BrownlowVotes","ContestedPossessions","UncontestedPossessions","ContestedMarks","MarksInside50","OnePercenters","Bounces","GoalAssists","PercentagePlayed","PointDifference","Team","Season","Round"
4,"Bontempelli, Marcus",17,5,12,29,1,2,0,7,1,6,4,1,2,0,3,9,21,0,2,4,0,1,83,17,"Western Bulldogs","2019",1
12,"Cordy, Zaine",7,3,6,13,0,0,0,0,1,1,0,3,0,1,0,4,9,0,0,5,1,0,95,17,"Western Bulldogs","2019",1
9,"Crozier, Hayden",4,2,3,7,0,0,0,1,2,0,0,2,1,2,0,3,3,0,0,3,0,0,85,17,"Western Bulldogs","2019",1
35,"Daniel, Caleb",12,1,8,20,0,0,0,5,5,3,1,2,0,0,0,4,12,0,0,3,1,0,86,17,"Western Bulldogs","2019",1
29,"Dickson, Tory",9,4,2,11,0,1,0,3,1,2,2,2,0,0,0,4,6,0,2,0,0,1,69,17,"Western Bulldogs","2019",1
5,"Dunkley, Josh",9,0,11,20,0,1,0,7,0,5,1,0,1,0,0,8,14,0,0,5,0,1,83,17,"Western Bulldogs","2019",1
15,"Duryea, Taylor",11,1,4,15,1,0,0,1,0,2,0,1,0,1,0,3,11,0,0,3,0,0,72,17,"Western Bulldogs","2019",1
44,"English, Tim",5,1,3,8,0,0,19,7,0,3,3,3,1,2,0,7,2,0,0,5,0,0,83,17,"Western Bulldogs","2019",1
26,"Gowers, Billy",10,4,1,11,2,2,0,2,0,1,1,1,1,0,0,4,9,1,4,2,0,0,76,17,"Western Bulldogs","2019",1
7,"Hunter, Lachie",10,5,16,26,0,1,0,8,1,4,4,2,2,0,2,10,14,0,0,2,2,0,93,17,"Western Bulldogs","2019",1
21,"Liberatore, Tom",18,1,10,28,0,2,0,3,2,8,8,4,2,2,0,13,13,0,0,0,0,1,78,17,"Western Bulldogs","2019",1
22,"Lloyd, Sam",12,2,10,22,2,1,0,3,0,3,2,4,1,2,0,9,12,0,0,1,0,0,75,17,"Western Bulldogs","2019",1
11,"Macrae, Jack",15,5,17,32,0,0,0,3,3,5,4,3,1,0,0,15,17,1,0,2,0,1,93,17,"Western Bulldogs","2019",1
16,"McLean, Toby",11,4,11,22,0,0,0,3,0,5,2,5,2,3,0,10,13,1,1,2,0,1,83,17,"Western Bulldogs","2019",1
33,"Naughton, Aaron",11,6,4,15,3,2,0,1,1,3,0,3,2,2,1,8,6,3,5,2,0,0,80,17,"Western Bulldogs","2019",1
20,"Richards, Ed",6,1,6,12,1,0,0,0,1,4,2,2,1,0,0,8,3,0,0,0,1,0,71,17,"Western Bulldogs","2019",1
13,"Schache, Josh",4,0,6,10,1,1,1,1,0,2,1,3,2,0,0,8,1,0,0,1,0,0,72,17,"Western Bulldogs","2019",1
6,"Smith, Bailey",4,1,4,8,0,0,0,4,0,3,1,1,0,1,0,3,6,0,0,0,0,0,77,17,"Western Bulldogs","2019",1
1,"Suckling, Matt",16,5,6,22,0,0,0,1,8,3,1,2,0,0,0,9,8,1,0,0,0,0,82,17,"Western Bulldogs","2019",1
3,"Wallis, Mitch",10,4,16,26,0,1,0,4,1,3,4,3,2,3,0,10,20,0,0,3,0,0,83,17,"Western Bulldogs","2019",1
34,"Williams, Bailey",11,4,1,12,0,0,0,1,7,1,0,3,0,1,0,1,10,0,0,2,1,0,86,17,"Western Bulldogs","2019",1
10,"Wood, Easton",5,3,0,5,0,0,0,1,3,1,0,4,1,2,0,1,3,0,0,5,0,0,93,17,"Western Bulldogs","2019",1
0,"Rushed",0,0,0,0,0,2,0,0,0,0,0,0,0,0,0,0,0,0,0,0,0,0,0,17,"Western Bulldogs","2019",1
36,"Aliir, Aliir",9,4,6,15,0,0,2,1,3,1,0,0,1,0,0,6,8,2,0,3,0,0,80,-17,"Sydney","2019",1
22,"Blakey, Nick",6,1,4,10,1,1,0,1,0,2,0,1,2,0,0,4,6,0,0,0,0,1,77,-17,"Sydney","2019",1
4,"Clarke, Ryan",4,2,13,17,0,0,0,3,0,2,2,2,1,2,0,6,11,0,0,0,0,0,70,-17,"Sydney","2019",1
7,"Cunningham, Harry",13,6,10,23,0,0,0,1,4,3,1,2,1,0,0,7,14,0,0,0,0,0,85,-17,"Sydney","2019",1
34,"Dawson, Jordan",4,2,10,14,0,0,0,2,1,1,0,6,0,1,0,8,7,0,0,3,0,0,75,-17,"Sydney","2019",1
13,"Florent, Oliver",6,4,7,13,0,0,0,2,1,2,2,0,0,0,0,5,8,0,0,1,0,0,74,-17,"Sydney","2019",1
23,"Franklin, Lance",6,5,1,7,1,2,0,2,0,1,0,2,1,1,0,4,3,3,4,0,0,1,80,-17,"Sydney","2019",1
39,"Grundy, Heath",7,3,4,11,0,0,3,2,2,1,2,3,2,1,0,6,6,0,0,4,0,0,70,-17,"Sydney","2019",1
9,"Hayward, Will",6,3,3,9,1,1,0,6,0,4,0,2,1,1,0,3,6,0,2,1,0,1,85,-17,"Sydney","2019",1
5,"Heeney, Isaac",6,5,13,19,2,0,0,5,0,2,2,5,0,2,0,7,13,2,2,0,0,1,84,-17,"Sydney","2019",1
29,"Hewett, George",13,2,8,21,0,0,0,2,4,2,1,2,4,1,0,9,14,1,0,2,0,0,82,-17,"Sydney","2019",1
10,"Jones, Zak",16,5,8,24,0,2,0,4,2,6,2,4,0,1,0,5,19,0,0,0,0,0,84,-17,"Sydney","2019",1
12,"Kennedy, Josh",13,3,9,22,0,3,0,7,3,2,7,3,1,1,0,10,9,0,0,0,0,1,80,-17,"Sydney","2019",1
44,"Lloyd, Jake",24,10,11,35,0,0,0,1,9,2,1,3,1,1,0,4,28,0,0,7,0,0,93,-17,"Sydney","2019",1
3,"McVeigh, Jarrad",10,1,12,22,0,0,0,0,7,2,3,0,0,0,0,5,10,0,0,5,0,1,85,-17,"Sydney","2019",1
43,"Melican, Lewis",5,3,3,8,0,0,0,4,5,0,0,5,0,4,0,2,5,0,0,11,0,0,83,-17,"Sydney","2019",1
14,"Mills, Callum",11,3,9,20,1,0,0,2,4,3,1,4,2,1,0,8,10,1,0,0,0,1,87,-17,"Sydney","2019",1
11,"Papley, Tom",11,6,8,19,1,0,0,6,0,3,2,6,1,2,0,6,14,0,2,4,1,0,81,-17,"Sydney","2019",1
26,"Parker, Luke",12,3,10,22,0,0,0,7,2,1,6,5,1,0,0,11,11,0,1,4,0,0,86,-17,"Sydney","2019",1
24,"Rampe, Dane",12,4,5,17,0,0,0,7,9,0,0,1,1,1,0,3,11,0,0,3,0,0,91,-17,"Sydney","2019",1
20,"Reid, Sam",7,7,3,10,2,1,0,0,0,5,0,1,1,0,0,3,7,1,4,2,0,1,85,-17,"Sydney","2019",1
18,"Sinclair, Callum",6,6,5,11,0,0,44,5,0,2,0,3,1,2,0,3,10,0,0,2,0,0,84,-17,"Sydney","2019",1
0,"Rushed",0,0,0,0,0,1,0,0,0,0,0,0,0,0,0,0,0,0,0,0,0,0,0,-17,"Sydney","2019",1
