"Number","Player","Kicks","Marks","Handballs","Disposals","Goals","Behinds","Hitouts","Tackles","Rebounds50s","Inside50s","Clearances","Clangers","FreesFor","FreesAgainst","BrownlowVotes","ContestedPossessions","UncontestedPossessions","ContestedMarks","MarksInside50","OnePercenters","Bounces","GoalAssists","PercentagePlayed","PointDifference","Team","Season","Round"
10,"Ballard, Charlie",10,1,6,16,0,0,0,1,2,1,0,2,0,2,0,7,7,0,0,2,0,0,93,3,"Gold Coast","2019",2
3,"Bowes, Jack",11,4,16,27,0,0,0,6,0,7,3,4,0,1,0,11,18,1,0,4,0,0,80,3,"Gold Coast","2019",2
29,"Burgess, Chris",8,6,4,12,0,1,0,3,0,3,0,2,0,1,0,4,8,0,2,2,0,1,88,3,"Gold Coast","2019",2
25,"Collins, Sam",9,8,9,18,0,0,0,3,4,1,0,4,1,2,0,8,9,2,0,7,0,0,96,3,"Gold Coast","2019",2
8,"Fiorini, Brayden",15,2,10,25,0,0,0,3,1,5,3,2,0,0,0,11,13,0,0,4,1,0,80,3,"Gold Coast","2019",2
1,"Hanley, Pearce",11,3,8,19,0,0,0,1,4,2,1,3,0,0,0,7,14,0,0,4,0,0,82,3,"Gold Coast","2019",2
5,"Harbrow, Jarrod",19,9,13,32,0,0,0,0,3,7,0,6,1,2,0,7,25,1,0,3,3,0,86,3,"Gold Coast","2019",2
39,"Holman, Nick",3,1,12,15,0,0,0,4,0,2,1,6,2,2,0,10,5,0,0,3,0,0,77,3,"Gold Coast","2019",2
20,"Hombsch, Jack",5,4,4,9,0,0,0,2,0,2,0,2,0,0,0,2,7,1,0,7,0,0,83,3,"Gold Coast","2019",2
38,"Joyce, Jesse",11,4,6,17,0,0,0,2,8,0,1,4,0,0,0,4,13,0,0,8,0,0,80,3,"Gold Coast","2019",2
41,"Lukosius, Jack",6,2,1,7,0,2,0,2,0,2,0,3,0,1,0,1,6,0,0,0,0,0,67,3,"Gold Coast","2019",2
44,"Macpherson, Darcy",7,5,7,14,0,0,0,7,0,1,2,4,1,0,0,5,9,0,1,0,0,0,76,3,"Gold Coast","2019",2
4,"Martin, Jack",18,9,6,24,1,3,0,3,3,6,3,3,1,1,3,13,12,2,3,1,1,0,82,3,"Gold Coast","2019",2
2,"Miles, Anthony",17,1,3,20,0,0,0,3,3,6,5,3,3,0,0,10,9,0,0,0,0,0,59,3,"Gold Coast","2019",2
11,"Miller, Touk",9,5,11,20,1,0,0,4,0,2,5,1,2,0,0,10,11,0,0,2,1,0,80,3,"Gold Coast","2019",2
31,"Murdoch, Jordan",12,6,6,18,0,0,0,2,1,2,0,2,1,0,0,7,12,0,0,3,2,0,89,3,"Gold Coast","2019",2
27,"Powell, Wil",12,4,9,21,0,1,0,2,0,3,1,3,2,1,0,9,15,0,0,2,0,0,87,3,"Gold Coast","2019",2
6,"Sexton, Alex",13,3,4,17,4,5,0,4,0,3,0,2,2,0,0,8,8,0,3,1,0,0,88,3,"Gold Coast","2019",2
24,"Swallow, David",16,5,14,30,1,0,0,5,2,3,9,1,1,0,1,16,13,0,2,2,0,2,73,3,"Gold Coast","2019",2
14,"Weller, Lachie",15,7,7,22,0,0,0,2,5,5,0,1,0,1,0,7,13,0,0,1,1,0,88,3,"Gold Coast","2019",2
28,"Witts, Jarrod",9,2,7,16,0,0,35,3,0,2,4,5,2,1,0,11,5,0,0,4,0,0,84,3,"Gold Coast","2019",2
30,"Wright, Peter",9,6,6,15,0,3,7,1,1,2,0,1,0,0,0,4,11,1,2,4,0,1,84,3,"Gold Coast","2019",2
0,"Rushed",0,0,0,0,0,4,0,0,0,0,0,0,0,0,0,0,0,0,0,0,0,0,0,3,"Gold Coast","2019",2
41,"Banfield, Bailey",4,1,9,13,0,0,0,9,0,2,1,1,3,1,0,6,8,0,0,2,0,1,67,-3,"Fremantle","2019",2
8,"Brayshaw, Andrew",5,0,8,13,0,1,0,10,0,2,1,3,1,0,0,7,6,0,0,2,0,0,69,-3,"Fremantle","2019",2
5,"Cerra, Adam",9,2,5,14,0,0,0,0,5,1,1,3,1,0,0,5,8,0,0,1,0,0,81,-3,"Fremantle","2019",2
33,"Colyer, Travis",11,3,9,20,2,1,0,3,1,4,3,4,0,1,0,9,13,0,1,0,0,0,75,-3,"Fremantle","2019",2
6,"Conca, Reece",15,5,6,21,0,0,0,0,7,0,0,5,0,2,0,6,12,0,0,6,0,0,84,-3,"Fremantle","2019",2
4,"Darcy, Sean",3,0,3,6,0,0,37,2,1,0,3,4,0,2,0,6,1,0,0,1,0,0,80,-3,"Fremantle","2019",2
7,"Fyfe, Nat",16,10,15,31,0,0,0,3,1,3,9,3,2,1,2,17,15,2,1,2,0,0,85,-3,"Fremantle","2019",2
21,"Hamling, Joel",5,2,4,9,0,0,0,2,5,0,0,1,1,0,0,4,5,0,0,8,0,0,100,-3,"Fremantle","2019",2
9,"Hill, Bradley",25,6,7,32,0,1,0,5,8,6,5,5,1,0,0,11,17,0,1,2,1,2,91,-3,"Fremantle","2019",2
11,"Hogan, Jesse",8,3,13,21,0,0,0,3,1,4,3,1,1,0,0,12,9,0,0,2,0,1,83,-3,"Fremantle","2019",2
15,"Hughes, Ethan",9,5,5,14,0,0,0,1,4,0,4,2,0,2,0,6,9,1,0,8,0,0,86,-3,"Fremantle","2019",2
26,"Langdon, Ed",19,8,7,26,0,0,0,1,6,3,3,5,0,2,0,10,16,1,0,1,0,0,87,-3,"Fremantle","2019",2
37,"Lobb, Rory",4,1,3,7,1,1,11,2,0,1,1,2,2,0,0,5,4,0,0,1,0,0,86,-3,"Fremantle","2019",2
23,"McCarthy, Cam",9,3,3,12,2,0,0,1,1,2,1,3,0,2,0,2,9,0,2,0,0,0,87,-3,"Fremantle","2019",2
16,"Mundy, David",7,1,8,15,0,0,0,3,1,3,2,3,0,1,0,6,9,0,0,0,0,0,66,-3,"Fremantle","2019",2
25,"Pearce, Alex",5,0,7,12,0,0,0,1,2,1,0,5,0,3,0,8,4,0,0,4,0,0,92,-3,"Fremantle","2019",2
38,"Ryan, Luke",10,2,5,15,0,0,0,3,2,3,0,1,0,0,0,4,8,1,0,0,0,1,77,-3,"Fremantle","2019",2
28,"Schultz, Lachie",6,1,7,13,0,1,0,3,1,2,2,4,0,0,0,6,7,0,0,2,0,0,67,-3,"Fremantle","2019",2
20,"Taberner, Matthew",12,8,6,18,2,0,0,2,0,3,0,1,0,0,0,7,10,2,2,2,0,1,92,-3,"Fremantle","2019",2
18,"Tucker, Darcy",5,4,11,16,0,0,0,2,1,1,3,1,0,1,0,7,10,0,0,2,0,0,75,-3,"Fremantle","2019",2
10,"Walters, Michael",7,3,1,8,1,2,0,4,0,2,1,2,2,1,0,4,4,0,1,2,0,0,89,-3,"Fremantle","2019",2
14,"Wilson, Nathan",14,3,6,20,0,0,0,1,8,3,0,0,1,0,0,5,11,0,0,1,0,0,81,-3,"Fremantle","2019",2
0,"Rushed",0,0,0,0,0,3,0,0,0,0,0,0,0,0,0,0,0,0,0,0,0,0,0,-3,"Fremantle","2019",2
