"Number","Player","Kicks","Marks","Handballs","Disposals","Goals","Behinds","Hitouts","Tackles","Rebounds50s","Inside50s","Clearances","Clangers","FreesFor","FreesAgainst","BrownlowVotes","ContestedPossessions","UncontestedPossessions","ContestedMarks","MarksInside50","OnePercenters","Bounces","GoalAssists","PercentagePlayed","PointDifference","Team","Season","Round"
15,"Ahern, Paul",18,3,8,26,0,0,0,1,8,5,1,3,1,0,0,7,16,0,0,2,1,1,80,22,"North Melbourne","2019",20
50,"Brown, Ben",12,6,2,14,4,3,5,4,0,0,1,3,3,1,0,10,4,3,5,1,0,0,100,22,"North Melbourne","2019",20
10,"Cunnington, Ben",7,1,14,21,0,0,0,2,1,2,8,3,0,0,0,13,9,0,0,0,0,0,79,22,"North Melbourne","2019",20
9,"Davies-Uniacke, Luke",5,3,3,8,0,0,0,3,0,2,2,3,2,1,0,6,4,0,0,1,0,1,63,22,"North Melbourne","2019",20
14,"Dumont, Trent",8,4,11,19,0,1,0,8,4,2,0,1,0,0,0,5,14,0,1,3,0,1,90,22,"North Melbourne","2019",20
24,"Durdin, Sam",7,3,2,9,0,0,0,0,2,2,0,2,0,2,0,4,5,1,0,8,0,0,93,22,"North Melbourne","2019",20
6,"Garner, Taylor",8,3,5,13,0,1,0,4,0,4,2,3,0,0,0,10,4,2,2,2,0,1,79,22,"North Melbourne","2019",20
22,"Goldstein, Todd",14,5,8,22,0,0,28,2,2,1,3,5,0,2,0,11,12,2,0,3,0,0,87,22,"North Melbourne","2019",20
4,"Higgins, Shaun",15,5,13,28,2,0,0,2,2,5,7,1,3,0,3,15,12,0,1,1,0,2,80,22,"North Melbourne","2019",20
20,"Larkey, Nick",4,4,4,8,0,2,3,2,1,2,0,0,0,0,0,3,5,1,1,1,0,1,83,22,"North Melbourne","2019",20
34,"Macmillan, Jamie",11,6,7,18,0,0,0,4,5,2,1,3,1,1,0,7,8,2,0,2,0,0,93,22,"North Melbourne","2019",20
17,"Pittard, Jasper",12,8,7,19,0,0,0,2,2,3,0,2,0,0,0,2,16,0,0,6,0,0,75,22,"North Melbourne","2019",20
13,"Polec, Jared",16,2,7,23,0,0,0,2,0,6,0,3,0,0,0,3,20,0,0,1,2,0,93,22,"North Melbourne","2019",20
12,"Simpkin, Jy",8,0,7,15,0,0,0,6,2,6,4,2,2,1,0,8,7,0,0,0,0,0,76,22,"North Melbourne","2019",20
25,"Tarrant, Robbie",7,2,8,15,0,0,0,3,3,0,1,2,0,0,0,4,10,0,0,6,0,0,93,22,"North Melbourne","2019",20
26,"Thomas, Tarryn",5,2,7,12,0,0,0,1,1,1,3,2,0,1,0,8,5,0,0,1,0,1,64,22,"North Melbourne","2019",20
16,"Thompson, Scott",6,2,4,10,0,0,0,1,2,1,0,4,0,3,0,3,7,0,0,3,0,0,88,22,"North Melbourne","2019",20
28,"Turner, Kayne",3,0,6,9,0,1,0,3,1,0,0,0,1,0,0,4,6,0,0,1,0,0,79,22,"North Melbourne","2019",20
2,"Williams, Marley",8,0,10,18,0,0,0,2,1,3,0,1,0,0,0,7,12,0,0,1,0,0,79,22,"North Melbourne","2019",20
32,"Wood, Mason",8,2,4,12,2,3,0,1,0,3,0,3,2,1,0,7,5,1,2,2,0,0,81,22,"North Melbourne","2019",20
7,"Ziebell, Jack",13,3,5,18,3,1,0,5,1,2,1,2,0,0,2,9,10,1,2,1,0,0,72,22,"North Melbourne","2019",20
44,"Zurhaar, Cameron",5,1,7,12,1,0,0,9,0,1,2,2,3,0,0,6,7,0,0,2,0,0,75,22,"North Melbourne","2019",20
0,"Rushed",0,0,0,0,0,2,0,0,0,0,0,0,0,0,0,0,0,0,0,0,0,0,0,22,"North Melbourne","2019",20
14,"Birchall, Grant",10,4,7,17,1,0,0,1,2,1,1,2,0,0,0,4,12,0,0,1,0,0,46,-22,"Hawthorn","2019",20
22,"Breust, Luke",7,4,6,13,1,0,0,1,0,4,1,4,1,1,0,7,6,1,2,1,0,0,83,-22,"Hawthorn","2019",20
9,"Burgoyne, Shaun",12,7,11,23,0,0,0,6,7,1,2,0,0,0,0,3,17,0,0,3,0,0,71,-22,"Hawthorn","2019",20
12,"Frawley, James",7,5,4,11,0,0,0,0,7,1,0,4,0,2,0,3,8,1,0,8,0,0,97,-22,"Hawthorn","2019",20
19,"Gunston, Jack",10,5,6,16,2,0,0,2,0,2,0,1,0,0,0,4,12,0,1,1,0,0,91,-22,"Hawthorn","2019",20
41,"Hanrahan, Oliver",5,1,3,8,0,0,0,0,0,3,0,0,0,0,0,5,4,0,0,1,0,0,73,-22,"Hawthorn","2019",20
15,"Hardwick, Blake",9,3,10,19,0,0,0,3,4,2,0,2,0,0,0,6,12,0,0,3,0,0,85,-22,"Hawthorn","2019",20
31,"Henderson, Ricky",11,5,10,21,0,1,0,0,3,3,2,2,0,0,0,4,18,0,1,2,0,1,82,-22,"Hawthorn","2019",20
17,"Howe, Daniel",10,4,9,19,0,0,0,2,0,1,2,7,2,2,0,9,11,1,0,4,0,0,88,-22,"Hawthorn","2019",20
8,"Lewis, Mitch",8,4,8,16,3,2,1,4,0,2,0,3,3,0,0,8,8,3,4,4,0,0,84,-22,"Hawthorn","2019",20
7,"McEvoy, Ben",3,2,7,10,0,0,43,2,2,1,3,1,1,0,0,7,4,1,0,4,0,0,83,-22,"Hawthorn","2019",20
11,"Nash, Conor",3,1,3,6,0,0,0,5,0,1,0,2,0,0,0,1,5,0,0,1,0,0,73,-22,"Hawthorn","2019",20
23,"OBrien, Tim",8,3,4,12,1,1,1,2,1,0,2,0,2,0,0,8,5,0,1,1,0,0,80,-22,"Hawthorn","2019",20
10,"OMeara, Jaeger",15,6,11,26,0,1,0,4,0,3,5,6,0,3,0,10,19,0,0,2,0,1,84,-22,"Hawthorn","2019",20
28,"Puopolo, Paul",2,1,7,9,1,0,0,3,0,1,0,2,0,1,0,6,3,0,0,0,0,0,83,-22,"Hawthorn","2019",20
21,"Scully, Tom",10,5,7,17,0,1,0,4,2,2,0,3,0,1,0,2,15,0,0,0,0,0,85,-22,"Hawthorn","2019",20
26,"Shiels, Liam",11,1,13,24,0,0,0,8,0,1,1,7,0,1,0,7,16,0,0,1,0,0,89,-22,"Hawthorn","2019",20
6,"Sicily, James",10,3,7,17,0,0,0,0,6,1,0,5,2,3,0,10,7,1,0,9,0,0,89,-22,"Hawthorn","2019",20
16,"Smith, Isaac",14,6,9,23,0,0,0,3,2,5,1,2,0,1,0,3,20,0,0,0,2,1,85,-22,"Hawthorn","2019",20
24,"Stratton, Ben",4,4,10,14,0,0,0,2,0,1,0,2,0,1,0,6,6,1,0,7,0,0,95,-22,"Hawthorn","2019",20
20,"Wingard, Chad",11,2,18,29,0,0,0,3,0,5,5,3,1,0,0,12,16,0,0,0,2,0,71,-22,"Hawthorn","2019",20
5,"Worpel, James",21,5,16,37,0,1,0,5,3,6,11,5,1,2,1,15,21,1,0,0,0,2,84,-22,"Hawthorn","2019",20
0,"Rushed",0,0,0,0,0,3,0,0,0,0,0,0,0,0,0,0,0,0,0,0,0,0,0,-22,"Hawthorn","2019",20
