"Number","Player","Kicks","Marks","Handballs","Disposals","Goals","Behinds","Hitouts","Tackles","Rebounds50s","Inside50s","Clearances","Clangers","FreesFor","FreesAgainst","BrownlowVotes","ContestedPossessions","UncontestedPossessions","ContestedMarks","MarksInside50","OnePercenters","Bounces","GoalAssists","PercentagePlayed","PointDifference","Team","Season","Round"
8,"Acres, Blake",14,7,12,26,1,0,2,1,1,6,1,2,0,2,0,6,18,2,2,3,0,2,75,5,"St Kilda","2019",4
26,"Battle, Josh",11,7,5,16,0,0,0,2,6,1,0,3,0,0,0,4,10,1,0,0,0,0,87,5,"St Kilda","2019",4
15,"Billings, Jack",17,6,17,34,0,1,0,5,6,3,4,3,0,0,0,10,23,2,0,0,0,0,91,5,"St Kilda","2019",4
22,"Brown, Nathan",3,2,2,5,0,0,0,1,1,0,0,1,2,0,0,3,3,0,0,13,0,0,85,5,"St Kilda","2019",4
27,"Bruce, Josh",5,5,2,7,1,0,0,2,0,2,0,4,2,3,0,5,4,2,2,2,0,1,91,5,"St Kilda","2019",4
11,"Clark, Hunter",6,4,8,14,0,0,0,2,2,1,4,1,0,1,0,5,10,0,0,1,0,0,71,5,"St Kilda","2019",4
4,"Gresham, Jade",15,1,11,26,0,0,0,2,0,5,5,4,0,1,0,12,13,0,0,0,3,0,81,5,"St Kilda","2019",4
25,"Kent, Dean",6,4,2,8,0,0,0,1,1,2,0,3,0,1,0,4,5,1,1,1,0,0,74,5,"St Kilda","2019",4
21,"Long, Ben",7,3,4,11,2,0,0,4,0,1,0,4,1,1,0,8,2,1,1,0,1,0,89,5,"St Kilda","2019",4
13,"Lonie, Jack",12,1,5,17,3,5,0,5,0,1,1,2,5,0,0,7,11,0,1,2,0,0,88,5,"St Kilda","2019",4
19,"Marshall, Rowan",8,3,9,17,1,1,28,1,0,3,7,2,1,1,1,9,8,1,2,0,0,1,83,5,"St Kilda","2019",4
36,"McKenzie, Daniel",3,1,1,4,0,0,0,3,1,0,0,0,0,0,0,2,3,0,0,5,0,0,33,5,"St Kilda","2019",4
28,"Membrey, Tim",5,3,4,9,0,1,0,3,0,4,0,0,0,0,0,4,5,0,0,0,0,0,96,5,"St Kilda","2019",4
16,"Newnes, Jack",18,7,8,26,1,1,0,2,6,3,5,2,1,1,0,7,20,0,1,3,0,1,86,5,"St Kilda","2019",4
34,"Parker, Matthew",3,0,2,5,0,1,0,4,0,1,2,1,3,1,0,5,1,0,0,0,0,0,66,5,"St Kilda","2019",4
33,"Paton, Ben",9,3,6,15,0,0,0,1,1,1,0,3,0,0,0,3,11,0,0,4,0,1,85,5,"St Kilda","2019",4
6,"Ross, Sebastian",21,2,18,39,1,0,0,4,3,6,6,3,1,0,3,13,27,0,0,3,4,0,80,5,"St Kilda","2019",4
5,"Savage, Shane",14,3,13,27,0,0,0,3,5,2,1,2,1,0,0,6,20,0,0,2,0,0,86,5,"St Kilda","2019",4
35,"Sinclair, Jack",11,2,11,22,0,1,0,6,2,2,8,2,0,1,0,11,11,0,0,1,0,0,76,5,"St Kilda","2019",4
9,"Steele, Jack",8,3,19,27,0,0,0,7,1,5,7,3,2,2,0,16,12,0,0,2,0,1,92,5,"St Kilda","2019",4
29,"Webster, Jimmy",7,4,7,14,0,0,0,2,3,0,1,0,0,0,0,6,9,0,0,3,0,0,87,5,"St Kilda","2019",4
44,"Wilkie, Callum",12,3,9,21,0,0,0,3,3,2,1,2,0,1,0,10,12,0,0,6,0,0,98,5,"St Kilda","2019",4
0,"Rushed",0,0,0,0,0,3,0,0,0,0,0,0,0,0,0,0,0,0,0,0,0,0,0,5,"St Kilda","2019",4
22,"Breust, Luke",4,2,12,16,1,0,0,6,0,3,1,2,0,1,0,8,10,1,0,0,0,1,88,-5,"Hawthorn","2019",4
18,"Ceglar, Jonathon",1,3,8,9,0,0,24,4,3,0,1,4,0,2,0,7,3,2,0,1,0,0,86,-5,"Hawthorn","2019",4
46,"Cousins, James",14,1,10,24,0,1,0,2,0,9,5,3,0,1,0,9,18,0,0,0,0,1,70,-5,"Hawthorn","2019",4
12,"Frawley, James",3,4,2,5,0,0,0,1,1,0,0,2,0,2,0,1,4,0,0,4,0,0,31,-5,"Hawthorn","2019",4
19,"Gunston, Jack",9,5,5,14,0,2,1,1,2,5,0,1,0,0,0,6,7,1,1,3,0,0,95,-5,"Hawthorn","2019",4
15,"Hardwick, Blake",10,2,9,19,0,0,0,3,5,1,1,1,2,0,0,6,12,0,0,2,0,0,90,-5,"Hawthorn","2019",4
31,"Henderson, Ricky",15,9,10,25,2,0,0,2,0,3,4,5,0,3,0,8,19,0,1,1,0,0,90,-5,"Hawthorn","2019",4
17,"Howe, Daniel",11,4,12,23,0,0,0,4,2,1,4,3,1,2,0,11,13,0,0,1,0,0,72,-5,"Hawthorn","2019",4
4,"Impey, Jarman",10,4,5,15,0,0,0,0,1,3,0,0,2,0,0,4,11,0,0,3,0,0,89,-5,"Hawthorn","2019",4
7,"McEvoy, Ben",4,4,7,11,0,0,40,3,1,3,1,2,1,0,0,7,4,2,1,3,0,1,90,-5,"Hawthorn","2019",4
32,"Mirra, David",13,8,7,20,0,0,0,3,7,1,0,2,2,1,0,7,13,0,0,1,0,0,95,-5,"Hawthorn","2019",4
1,"Morrison, Harry",10,1,8,18,0,0,0,4,0,4,4,3,2,1,0,8,10,0,0,1,0,0,83,-5,"Hawthorn","2019",4
11,"Nash, Conor",4,1,5,9,1,1,0,1,0,1,0,1,0,1,0,7,3,1,1,5,0,0,78,-5,"Hawthorn","2019",4
28,"Puopolo, Paul",6,3,7,13,1,1,0,5,0,1,2,1,2,0,0,10,3,1,2,2,0,1,84,-5,"Hawthorn","2019",4
2,"Roughead, Jarryd",10,6,4,14,2,1,0,3,0,3,2,3,1,1,0,5,9,3,2,0,0,1,80,-5,"Hawthorn","2019",4
35,"Scrimshaw, Jack",12,8,11,23,0,0,0,0,2,1,0,4,0,1,0,11,15,3,0,8,0,0,79,-5,"Hawthorn","2019",4
21,"Scully, Tom",11,3,15,26,2,0,0,4,0,5,2,1,1,1,2,7,20,0,2,0,1,0,90,-5,"Hawthorn","2019",4
6,"Sicily, James",23,10,5,28,0,0,0,1,10,2,0,4,1,1,0,11,14,3,0,4,0,0,97,-5,"Hawthorn","2019",4
16,"Smith, Isaac",17,2,5,22,0,0,0,1,3,1,5,3,0,0,0,8,10,0,0,0,0,0,87,-5,"Hawthorn","2019",4
24,"Stratton, Ben",3,3,2,5,0,0,0,2,0,0,0,0,0,0,0,0,4,0,0,0,0,0,60,-5,"Hawthorn","2019",4
20,"Wingard, Chad",5,0,6,11,1,0,0,4,0,1,1,2,0,0,0,5,7,0,0,0,0,1,85,-5,"Hawthorn","2019",4
5,"Worpel, James",15,4,10,25,0,1,0,4,2,5,7,2,1,1,0,11,12,0,0,2,2,0,81,-5,"Hawthorn","2019",4
0,"Rushed",0,0,0,0,0,2,0,0,0,0,0,0,0,0,0,0,0,0,0,0,0,0,0,-5,"Hawthorn","2019",4
