"Number","Player","Kicks","Marks","Handballs","Disposals","Goals","Behinds","Hitouts","Tackles","Rebounds50s","Inside50s","Clearances","Clangers","FreesFor","FreesAgainst","BrownlowVotes","ContestedPossessions","UncontestedPossessions","ContestedMarks","MarksInside50","OnePercenters","Bounces","GoalAssists","PercentagePlayed","PointDifference","Team","Season","Round"
24,"Adams, Marcus",12,4,2,14,0,0,0,2,4,1,0,1,1,0,0,7,5,3,0,1,0,0,86,12,"Brisbane Lions","2019",18
31,"Andrews, Harris",7,7,1,8,0,0,0,0,3,1,0,3,0,2,0,5,3,4,0,12,0,0,100,12,"Brisbane Lions","2019",18
43,"Answerth, Noah",10,2,2,12,0,0,0,4,2,2,2,3,3,1,0,6,7,1,0,4,0,0,80,12,"Brisbane Lions","2019",18
33,"Bailey, Zac",10,5,2,12,0,1,0,3,2,3,1,4,1,2,0,2,9,0,0,1,0,0,71,12,"Brisbane Lions","2019",18
7,"Berry, Jarrod",8,3,7,15,0,1,0,4,2,3,4,3,1,0,0,6,9,0,1,1,0,0,69,12,"Brisbane Lions","2019",18
23,"Cameron, Charlie",11,2,2,13,2,0,0,1,0,5,3,2,3,1,0,6,5,1,1,0,2,0,86,12,"Brisbane Lions","2019",18
3,"Christensen, Allen",8,0,3,11,3,1,0,5,0,3,1,2,1,2,0,8,2,0,0,2,0,0,71,12,"Brisbane Lions","2019",18
27,"Gardiner, Darcy",7,6,2,9,0,0,0,4,2,2,0,2,0,0,0,3,6,1,0,7,0,0,91,12,"Brisbane Lions","2019",18
30,"Hipwood, Eric",6,2,4,10,0,0,0,0,0,3,0,1,0,1,0,3,6,0,0,0,0,1,82,12,"Brisbane Lions","2019",18
2,"Hodge, Luke",13,10,4,17,0,0,0,1,3,4,1,2,0,1,0,3,13,0,0,4,0,1,85,12,"Brisbane Lions","2019",18
17,"Lyons, Jarryd",21,2,9,30,2,1,0,2,3,4,13,3,2,1,3,23,7,1,0,0,1,0,78,12,"Brisbane Lions","2019",18
12,"Martin, Stefan",7,1,7,14,0,0,27,3,1,4,5,2,0,0,0,8,6,0,0,4,0,0,83,12,"Brisbane Lions","2019",18
11,"McCarthy, Lincoln",9,2,7,16,0,1,0,2,0,4,0,7,0,1,0,5,10,0,1,2,0,0,82,12,"Brisbane Lions","2019",18
6,"McCluggage, Hugh",10,1,7,17,2,0,0,1,0,4,3,2,2,1,0,10,7,0,0,1,0,0,80,12,"Brisbane Lions","2019",18
46,"McInerney, Oscar",7,3,5,12,2,1,13,1,0,0,1,3,1,1,0,10,2,3,2,3,0,0,84,12,"Brisbane Lions","2019",18
25,"McStay, Daniel",5,4,7,12,0,2,0,3,0,2,1,2,0,1,0,6,6,2,1,1,0,0,83,12,"Brisbane Lions","2019",18
9,"Neale, Lachie",8,4,16,24,0,0,0,4,1,3,7,2,3,1,0,16,9,1,0,0,0,0,90,12,"Brisbane Lions","2019",18
16,"Rayner, Cam",2,1,4,6,0,2,0,2,0,0,0,0,1,0,0,5,2,1,1,0,0,0,76,12,"Brisbane Lions","2019",18
10,"Rich, Daniel",15,5,3,18,1,0,0,4,3,6,1,5,0,2,0,6,10,1,1,1,0,0,89,12,"Brisbane Lions","2019",18
5,"Robinson, Mitch",10,0,2,12,0,1,0,3,1,3,3,0,1,0,0,7,6,0,0,0,0,0,80,12,"Brisbane Lions","2019",18
29,"Witherden, Alex",14,4,0,14,0,1,0,1,1,4,0,1,1,0,0,4,9,0,0,2,0,0,69,12,"Brisbane Lions","2019",18
15,"Zorko, Dayne",18,3,4,22,0,1,0,7,3,6,4,6,6,1,1,13,12,0,0,3,0,0,83,12,"Brisbane Lions","2019",18
0,"Rushed",0,0,0,0,0,2,0,0,0,0,0,0,0,0,0,0,0,0,0,0,0,0,0,12,"Brisbane Lions","2019",18
3,"Anderson, Jed",11,3,8,19,0,0,0,3,3,1,5,3,1,2,0,13,7,1,0,2,0,0,63,-12,"North Melbourne","2019",18
18,"Atley, Shaun",11,2,7,18,0,0,0,4,2,2,0,1,1,1,0,5,14,0,0,2,1,0,90,-12,"North Melbourne","2019",18
50,"Brown, Ben",10,6,1,11,3,1,5,2,0,1,1,2,2,1,0,6,6,2,3,4,0,0,100,-12,"North Melbourne","2019",18
10,"Cunnington, Ben",10,2,11,21,1,0,0,8,2,1,7,3,0,2,0,13,10,1,0,0,0,0,75,-12,"North Melbourne","2019",18
14,"Dumont, Trent",10,4,9,19,0,0,0,2,1,4,4,2,2,0,0,7,12,0,0,1,0,1,86,-12,"North Melbourne","2019",18
24,"Durdin, Sam",8,4,1,9,0,0,0,4,3,1,0,0,1,0,0,3,5,0,0,10,0,0,89,-12,"North Melbourne","2019",18
22,"Goldstein, Todd",6,3,10,16,0,0,40,0,2,4,3,3,0,1,0,10,6,3,0,4,0,1,84,-12,"North Melbourne","2019",18
4,"Higgins, Shaun",18,9,9,27,1,0,0,4,0,6,4,6,1,2,2,6,22,0,2,1,0,0,79,-12,"North Melbourne","2019",18
8,"Hrovat, Nathan",6,4,5,11,0,0,0,1,1,1,0,1,0,0,0,5,6,0,0,0,0,0,71,-12,"North Melbourne","2019",18
20,"Larkey, Nick",5,2,5,10,2,0,5,1,1,0,1,1,3,0,0,5,5,1,1,2,0,0,75,-12,"North Melbourne","2019",18
34,"Macmillan, Jamie",7,2,5,12,0,0,0,5,4,1,1,1,1,0,0,7,4,0,0,3,0,0,75,-12,"North Melbourne","2019",18
17,"Pittard, Jasper",10,4,2,12,0,0,0,1,3,1,0,4,0,3,0,2,5,1,0,4,0,0,86,-12,"North Melbourne","2019",18
13,"Polec, Jared",13,5,7,20,1,0,0,2,4,4,2,9,1,3,0,6,18,0,1,1,0,0,86,-12,"North Melbourne","2019",18
12,"Simpkin, Jy",12,3,7,19,0,0,0,5,2,2,4,6,2,5,0,7,13,0,1,2,0,1,88,-12,"North Melbourne","2019",18
25,"Tarrant, Robbie",11,7,3,14,0,0,0,0,9,0,0,2,0,1,0,2,9,1,0,7,0,0,92,-12,"North Melbourne","2019",18
26,"Thomas, Tarryn",6,1,2,8,2,0,0,4,0,2,1,1,2,0,0,4,5,0,0,1,0,0,73,-12,"North Melbourne","2019",18
16,"Thompson, Scott",7,3,6,13,0,0,0,5,7,0,0,2,0,1,0,4,4,2,0,7,0,0,82,-12,"North Melbourne","2019",18
28,"Turner, Kayne",7,2,4,11,0,0,0,4,0,3,1,5,1,2,0,5,6,0,1,2,0,2,75,-12,"North Melbourne","2019",18
2,"Williams, Marley",8,3,4,12,0,0,0,2,4,1,1,1,0,0,0,5,6,2,0,2,0,0,89,-12,"North Melbourne","2019",18
32,"Wood, Mason",8,4,6,14,2,0,0,1,1,2,0,2,1,0,0,7,7,1,1,1,0,0,81,-12,"North Melbourne","2019",18
7,"Ziebell, Jack",12,6,8,20,0,0,0,2,3,5,3,5,0,1,0,7,14,1,0,1,0,1,75,-12,"North Melbourne","2019",18
44,"Zurhaar, Cameron",5,4,6,11,0,1,0,6,0,1,2,3,0,2,0,4,8,0,1,1,0,2,85,-12,"North Melbourne","2019",18
0,"Rushed",0,0,0,0,0,1,0,0,0,0,0,0,0,0,0,0,0,0,0,0,0,0,0,-12,"North Melbourne","2019",18
