"Number","Player","Kicks","Marks","Handballs","Disposals","Goals","Behinds","Hitouts","Tackles","Rebounds50s","Inside50s","Clearances","Clangers","FreesFor","FreesAgainst","BrownlowVotes","ContestedPossessions","UncontestedPossessions","ContestedMarks","MarksInside50","OnePercenters","Bounces","GoalAssists","PercentagePlayed","PointDifference","Team","Season","Round"
31,"Andrews, Harris",3,3,5,8,0,0,0,1,1,1,0,2,0,1,0,3,5,1,0,6,0,0,95,17,"Brisbane Lions","2019",3
33,"Bailey, Zac",10,2,1,11,0,0,0,0,3,1,1,6,1,3,0,5,8,0,0,3,0,0,68,17,"Brisbane Lions","2019",3
4,"Bastinac, Ryan",7,4,2,9,0,0,0,2,2,1,0,2,1,1,0,3,6,0,0,1,0,0,72,17,"Brisbane Lions","2019",3
7,"Berry, Jarrod",10,3,8,18,0,0,0,5,1,4,1,1,1,0,0,6,12,0,0,1,0,0,82,17,"Brisbane Lions","2019",3
23,"Cameron, Charlie",6,1,4,10,1,3,0,5,1,0,0,3,0,3,0,4,6,0,0,1,0,1,88,17,"Brisbane Lions","2019",3
27,"Gardiner, Darcy",11,5,3,14,0,0,0,0,4,2,1,3,0,1,0,4,9,1,0,9,0,0,83,17,"Brisbane Lions","2019",3
30,"Hipwood, Eric",11,10,3,14,6,1,0,0,0,2,0,3,0,0,3,4,8,3,5,1,0,1,79,17,"Brisbane Lions","2019",3
2,"Hodge, Luke",13,5,4,17,0,0,0,0,6,1,0,2,1,1,0,5,9,0,0,6,0,0,88,17,"Brisbane Lions","2019",3
17,"Lyons, Jarryd",10,1,7,17,0,1,0,6,0,2,3,2,0,0,0,8,8,0,0,1,0,0,77,17,"Brisbane Lions","2019",3
12,"Martin, Stefan",11,3,5,16,0,0,24,1,1,1,4,2,3,1,0,10,7,0,0,4,0,1,85,17,"Brisbane Lions","2019",3
36,"Mathieson, Rhys",8,2,7,15,0,1,0,0,0,2,4,1,2,1,0,7,7,0,0,1,0,0,68,17,"Brisbane Lions","2019",3
11,"McCarthy, Lincoln",11,4,9,20,1,0,0,4,1,3,0,5,1,2,0,6,14,1,1,2,0,3,77,17,"Brisbane Lions","2019",3
6,"McCluggage, Hugh",8,1,9,17,2,0,0,1,1,4,2,2,0,0,0,6,11,0,0,1,0,0,81,17,"Brisbane Lions","2019",3
46,"McInerney, Oscar",2,4,8,10,1,0,15,2,0,0,2,1,0,1,0,8,1,3,1,1,0,0,75,17,"Brisbane Lions","2019",3
25,"McStay, Daniel",3,3,4,7,2,0,0,0,0,1,0,1,0,0,0,5,3,1,2,2,0,0,85,17,"Brisbane Lions","2019",3
9,"Neale, Lachie",15,4,28,43,1,0,0,3,4,5,15,3,4,0,2,26,16,0,0,0,0,0,88,17,"Brisbane Lions","2019",3
16,"Rayner, Cam",3,1,2,5,2,0,0,3,0,1,0,0,1,0,0,4,2,0,1,2,0,0,77,17,"Brisbane Lions","2019",3
10,"Rich, Daniel",20,9,5,25,0,1,0,0,7,3,1,6,0,3,0,6,17,1,0,1,0,0,88,17,"Brisbane Lions","2019",3
5,"Robinson, Mitch",17,6,12,29,0,0,0,5,3,7,4,3,5,2,0,15,13,1,0,3,1,1,79,17,"Brisbane Lions","2019",3
14,"Walker, Josh",19,16,4,23,0,0,0,1,3,2,0,1,0,0,0,9,15,4,0,9,0,0,88,17,"Brisbane Lions","2019",3
29,"Witherden, Alex",20,9,7,27,0,0,0,2,6,1,0,4,1,2,0,6,14,0,0,2,0,0,91,17,"Brisbane Lions","2019",3
15,"Zorko, Dayne",17,3,8,25,0,2,0,6,2,8,5,1,0,0,0,9,14,0,0,1,0,3,87,17,"Brisbane Lions","2019",3
0,"Rushed",0,0,0,0,0,2,0,0,0,0,0,0,0,0,0,0,0,0,0,0,0,0,0,17,"Brisbane Lions","2019",3
10,"Boak, Travis",14,5,21,35,2,0,0,4,0,2,7,6,0,3,0,15,19,0,1,4,0,0,85,-17,"Port Adelaide","2019",3
26,"Bonner, Riley",15,2,1,16,0,0,0,2,5,4,0,5,0,2,0,4,8,0,0,2,0,0,82,-17,"Port Adelaide","2019",3
3,"Burton, Ryan",15,5,6,21,0,0,0,1,7,6,1,0,0,0,0,5,11,0,0,3,0,1,76,-17,"Port Adelaide","2019",3
18,"Butters, Zak",9,2,11,20,0,0,0,3,1,3,0,2,2,1,0,11,8,0,0,0,0,1,80,-17,"Port Adelaide","2019",3
33,"Byrne-Jones, Darcy",15,6,3,18,0,0,0,7,1,4,2,4,1,0,0,6,11,0,0,2,0,0,86,-17,"Port Adelaide","2019",3
17,"Clurey, Tom",9,5,0,9,0,0,0,1,0,3,0,0,0,0,0,3,6,2,0,5,0,1,85,-17,"Port Adelaide","2019",3
28,"Drew, Willem",6,1,3,9,0,0,0,6,0,2,3,4,0,1,0,5,4,0,0,0,0,0,86,-17,"Port Adelaide","2019",3
21,"Duursma, Xavier",5,3,11,16,0,0,0,3,0,2,1,3,1,3,0,7,8,0,0,1,0,1,90,-17,"Port Adelaide","2019",3
7,"Ebert, Brad",8,3,6,14,0,2,0,4,0,4,1,1,1,1,0,8,7,1,1,5,0,1,78,-17,"Port Adelaide","2019",3
9,"Gray, Robbie",8,2,13,21,2,3,0,1,0,2,4,3,3,0,0,13,8,0,1,1,0,2,84,-17,"Port Adelaide","2019",3
46,"Gray, Sam",4,2,6,10,0,0,0,3,1,3,2,1,2,0,0,7,4,0,0,0,0,1,80,-17,"Port Adelaide","2019",3
43,"Houston, Dan",11,5,5,16,0,1,0,3,4,1,1,2,0,0,0,7,7,0,0,5,0,0,89,-17,"Port Adelaide","2019",3
32,"Howard, Dougal",5,2,3,8,0,0,0,1,3,2,0,2,0,0,0,2,6,0,0,13,0,0,87,-17,"Port Adelaide","2019",3
42,"Jonas, Tom",10,4,5,15,0,0,0,1,5,0,0,2,1,1,0,6,7,1,0,8,0,0,95,-17,"Port Adelaide","2019",3
29,"Lycett, Scott",6,1,9,15,0,0,19,2,1,0,3,5,0,3,0,8,5,0,0,2,0,0,86,-17,"Port Adelaide","2019",3
6,"Motlop, Steven",7,2,7,14,0,0,0,4,2,1,0,3,2,2,0,5,9,0,0,0,0,1,71,-17,"Port Adelaide","2019",3
2,"Powell-Pepper, Sam",18,3,11,29,0,0,0,4,2,11,7,2,3,1,0,12,19,0,0,1,2,0,87,-17,"Port Adelaide","2019",3
11,"Rockliff, Tom",8,0,7,15,0,0,0,1,1,2,4,3,1,0,0,8,7,0,0,0,0,0,45,-17,"Port Adelaide","2019",3
20,"Rozee, Connor",17,7,4,21,5,2,0,2,0,3,0,2,1,0,1,11,9,2,3,1,0,0,82,-17,"Port Adelaide","2019",3
4,"Ryder, Paddy",6,3,4,10,3,0,24,2,0,1,4,4,2,2,0,8,4,1,3,8,0,0,83,-17,"Port Adelaide","2019",3
39,"Westhoff, Justin",9,3,6,15,0,1,0,1,2,2,0,3,2,0,0,5,10,0,0,2,0,0,87,-17,"Port Adelaide","2019",3
16,"Wines, Ollie",10,1,9,19,1,0,0,3,1,3,7,4,0,1,0,9,12,0,0,2,0,0,76,-17,"Port Adelaide","2019",3
0,"Rushed",0,0,0,0,0,3,0,0,0,0,0,0,0,0,0,0,0,0,0,0,0,0,0,-17,"Port Adelaide","2019",3
