"Number","Player","Kicks","Marks","Handballs","Disposals","Goals","Behinds","Hitouts","Tackles","Rebounds50s","Inside50s","Clearances","Clangers","FreesFor","FreesAgainst","BrownlowVotes","ContestedPossessions","UncontestedPossessions","ContestedMarks","MarksInside50","OnePercenters","Bounces","GoalAssists","PercentagePlayed","PointDifference","Team","Season","Round"
22,"Breust, Luke",8,1,9,17,2,2,0,4,1,2,1,2,2,1,0,10,9,0,0,2,0,1,86,4,"Hawthorn","2019",16
9,"Burgoyne, Shaun",7,2,10,17,0,0,0,5,0,2,1,0,0,0,0,9,10,1,0,5,1,0,77,4,"Hawthorn","2019",16
12,"Frawley, James",11,7,3,14,0,0,0,1,1,1,0,1,0,1,0,1,13,1,0,3,0,0,92,4,"Hawthorn","2019",16
13,"Glass, Conor",8,5,6,14,0,0,0,2,0,1,0,4,0,0,0,0,13,0,0,2,0,0,77,4,"Hawthorn","2019",16
19,"Gunston, Jack",10,4,1,11,0,0,0,2,2,4,0,4,2,3,0,5,7,0,0,3,0,0,80,4,"Hawthorn","2019",16
41,"Hanrahan, Oliver",8,3,8,16,2,0,0,3,0,3,1,1,1,0,0,7,9,1,2,0,0,0,69,4,"Hawthorn","2019",16
15,"Hardwick, Blake",12,5,11,23,1,0,0,1,2,3,1,2,2,1,0,9,11,0,0,3,0,0,81,4,"Hawthorn","2019",16
31,"Henderson, Ricky",6,1,6,12,0,0,0,3,0,3,0,0,0,0,0,1,9,0,0,0,0,0,79,4,"Hawthorn","2019",16
17,"Howe, Daniel",4,2,8,12,0,0,0,2,1,1,1,2,0,2,0,7,5,0,0,2,0,1,67,4,"Hawthorn","2019",16
4,"Impey, Jarman",16,6,9,25,0,1,0,3,3,5,0,2,2,1,1,5,20,0,0,1,1,0,77,4,"Hawthorn","2019",16
8,"Lewis, Mitch",12,7,4,16,2,1,0,2,0,1,0,3,1,1,0,7,9,3,3,4,0,0,78,4,"Hawthorn","2019",16
7,"McEvoy, Ben",6,5,5,11,1,0,29,4,1,1,3,5,1,4,0,6,7,1,1,5,0,0,93,4,"Hawthorn","2019",16
11,"Nash, Conor",0,0,9,9,0,0,0,5,0,0,0,1,1,1,0,4,7,0,0,3,0,1,80,4,"Hawthorn","2019",16
23,"OBrien, Tim",10,7,6,16,0,1,0,1,1,1,0,2,2,1,0,8,9,1,1,3,0,1,90,4,"Hawthorn","2019",16
10,"OMeara, Jaeger",13,2,10,23,0,0,0,4,1,4,7,4,1,1,0,10,15,0,0,4,0,0,81,4,"Hawthorn","2019",16
28,"Puopolo, Paul",7,2,10,17,0,1,0,7,0,4,1,3,0,1,0,10,5,1,0,2,0,0,86,4,"Hawthorn","2019",16
21,"Scully, Tom",4,1,14,18,0,0,0,3,1,2,0,2,0,1,0,6,12,0,0,0,0,1,80,4,"Hawthorn","2019",16
26,"Shiels, Liam",9,3,11,20,0,0,0,6,1,4,2,3,1,2,0,9,12,1,0,2,0,1,84,4,"Hawthorn","2019",16
6,"Sicily, James",23,14,5,28,0,0,0,1,7,0,0,4,2,2,3,11,19,5,0,7,0,0,89,4,"Hawthorn","2019",16
16,"Smith, Isaac",15,8,10,25,0,0,0,0,0,11,2,4,0,2,0,3,21,0,0,1,0,0,83,4,"Hawthorn","2019",16
24,"Stratton, Ben",7,3,4,11,0,0,0,3,0,0,0,2,0,2,0,3,10,0,0,9,0,0,94,4,"Hawthorn","2019",16
5,"Worpel, James",18,2,5,23,1,0,0,4,2,4,7,4,2,2,0,10,11,0,0,1,0,0,77,4,"Hawthorn","2019",16
0,"Rushed",0,0,0,0,0,7,0,0,0,0,0,0,0,0,0,0,0,0,0,0,0,0,0,4,"Hawthorn","2019",16
14,"Aish, James",9,1,8,17,0,0,0,2,2,2,1,3,2,1,0,7,10,1,0,3,1,0,87,-4,"Collingwood","2019",16
17,"Brown, Callum",7,0,8,15,0,2,0,6,2,3,1,0,3,0,0,9,7,0,0,2,2,0,76,-4,"Collingwood","2019",16
46,"Cox, Mason",6,3,0,6,1,0,1,1,1,2,1,6,2,2,0,5,1,2,0,2,0,0,76,-4,"Collingwood","2019",16
25,"Crisp, Jack",15,9,11,26,0,0,0,6,3,1,2,5,2,1,0,9,18,0,0,1,0,0,92,-4,"Collingwood","2019",16
26,"Daicos, Josh",11,3,4,15,1,2,0,2,0,2,0,4,2,1,0,7,8,0,0,0,0,0,59,-4,"Collingwood","2019",16
2,"de Goey, Jordan",13,3,8,21,2,0,0,2,1,3,5,4,0,1,0,12,9,0,0,1,0,0,82,-4,"Collingwood","2019",16
5,"Elliott, Jamie",5,3,2,7,0,0,0,2,0,1,1,0,1,0,0,4,3,1,0,3,0,2,78,-4,"Collingwood","2019",16
4,"Grundy, Brodie",12,4,6,18,0,1,34,2,2,2,5,3,3,2,0,11,8,2,0,5,0,0,94,-4,"Collingwood","2019",16
32,"Hoskin-Elliott, Will",12,6,5,17,2,0,0,4,1,3,0,5,2,1,0,5,12,1,2,2,0,0,86,-4,"Collingwood","2019",16
37,"Maynard, Brayden",10,4,3,13,0,0,0,6,4,1,0,3,2,1,0,4,7,1,0,2,0,0,87,-4,"Collingwood","2019",16
16,"Mayne, Chris",10,7,3,13,0,0,0,4,0,1,1,2,0,1,0,1,12,0,2,3,0,1,90,-4,"Collingwood","2019",16
41,"Mihocek, Brody",8,7,4,12,1,1,0,4,0,0,0,1,2,0,0,6,6,2,2,2,0,0,91,-4,"Collingwood","2019",16
30,"Moore, Darcy",14,6,7,21,0,0,0,3,5,0,0,0,4,0,0,9,8,1,0,7,0,0,87,-4,"Collingwood","2019",16
10,"Pendlebury, Scott",11,4,14,25,0,1,0,2,2,5,6,2,2,0,0,13,13,0,1,1,0,1,84,-4,"Collingwood","2019",16
21,"Phillips, Tom",18,6,13,31,0,1,0,3,4,1,0,2,0,0,0,11,20,0,1,0,0,0,88,-4,"Collingwood","2019",16
35,"Quaynor, Isaac",11,7,7,18,0,0,0,4,4,1,1,3,0,2,0,7,11,1,0,2,0,1,77,-4,"Collingwood","2019",16
23,"Roughead, Jordan",5,6,5,10,0,0,0,3,4,0,0,1,0,0,0,3,8,1,0,10,0,0,93,-4,"Collingwood","2019",16
12,"Scharenberg, Matt",9,7,9,18,0,0,0,2,4,0,0,7,0,3,0,3,15,1,0,8,0,0,76,-4,"Collingwood","2019",16
22,"Sidebottom, Steele",18,3,10,28,0,0,0,4,2,3,6,3,0,2,0,10,18,0,0,0,1,0,84,-4,"Collingwood","2019",16
36,"Sier, Brayden",6,1,3,9,1,0,0,1,1,2,2,3,1,0,0,5,5,0,0,0,0,0,59,-4,"Collingwood","2019",16
24,"Thomas, Josh",7,4,8,15,0,0,0,2,1,1,1,2,0,1,0,5,12,0,0,2,0,0,73,-4,"Collingwood","2019",16
7,"Treloar, Adam",11,3,20,31,1,0,0,4,3,1,9,5,1,1,2,15,15,0,1,0,1,0,81,-4,"Collingwood","2019",16
0,"Rushed",0,0,0,0,0,1,0,0,0,0,0,0,0,0,0,0,0,0,0,0,0,0,0,-4,"Collingwood","2019",16
