"Number","Player","Kicks","Marks","Handballs","Disposals","Goals","Behinds","Hitouts","Tackles","Rebounds50s","Inside50s","Clearances","Clangers","FreesFor","FreesAgainst","BrownlowVotes","ContestedPossessions","UncontestedPossessions","ContestedMarks","MarksInside50","OnePercenters","Bounces","GoalAssists","PercentagePlayed","PointDifference","Team","Season","Round"
12,"Astbury, David",10,5,6,16,0,0,0,1,4,1,0,2,1,1,0,7,8,3,0,4,0,0,92,38,"Richmond","2019",18
48,"Baker, Liam",6,1,14,20,0,0,0,3,2,2,0,4,0,2,0,10,12,0,0,1,0,0,76,38,"Richmond","2019",18
29,"Bolton, Shai",6,3,16,22,0,0,0,3,1,4,1,3,0,0,0,10,11,1,0,1,1,1,85,38,"Richmond","2019",18
35,"Broad, Nathan",8,5,9,17,0,0,0,0,1,0,1,2,0,0,0,5,12,2,0,6,0,0,86,38,"Richmond","2019",18
11,"Castagna, Jason",10,4,9,19,1,1,0,4,0,1,1,2,2,0,0,5,12,0,1,0,0,1,90,38,"Richmond","2019",18
41,"Chol, Mabior",5,2,5,10,1,0,7,5,0,3,1,1,2,0,0,7,4,0,0,2,0,1,59,38,"Richmond","2019",18
9,"Cotchin, Trent",12,2,10,22,0,0,0,6,0,3,5,4,2,1,0,9,13,0,0,1,0,0,77,38,"Richmond","2019",18
10,"Edwards, Shane",6,5,13,19,1,0,0,1,0,1,0,4,0,3,0,8,13,1,0,2,0,1,82,38,"Richmond","2019",18
5,"Ellis, Brandon",13,5,14,27,1,0,0,0,1,3,0,4,0,2,0,7,23,0,0,3,1,1,84,38,"Richmond","2019",18
34,"Graham, Jack",9,2,9,18,1,0,0,6,2,4,2,3,1,1,0,3,13,0,0,1,0,0,70,38,"Richmond","2019",18
2,"Grimes, Dylan",9,8,4,13,0,0,0,3,2,1,1,1,1,0,0,6,8,2,0,8,0,0,93,38,"Richmond","2019",18
14,"Houli, Bachar",10,4,18,28,0,0,0,1,3,1,0,1,1,1,0,7,21,0,0,1,4,0,79,38,"Richmond","2019",18
23,"Lambert, Kane",9,3,13,22,0,0,0,4,2,3,1,5,1,1,0,9,15,0,0,1,0,0,82,38,"Richmond","2019",18
19,"Lynch, Tom",13,9,6,19,3,4,0,1,0,5,0,3,2,2,0,13,6,4,5,3,0,1,91,38,"Richmond","2019",18
4,"Martin, Dustin",15,3,15,30,1,0,0,1,0,8,5,4,0,0,3,9,20,0,0,0,3,1,86,38,"Richmond","2019",18
3,"Prestia, Dion",16,6,14,30,1,1,0,4,7,5,6,7,2,3,2,13,17,0,0,0,0,0,83,38,"Richmond","2019",18
8,"Riewoldt, Jack",10,5,0,10,3,1,0,1,0,2,0,2,1,1,0,5,5,3,2,2,0,0,80,38,"Richmond","2019",18
17,"Rioli, Daniel",6,3,10,16,1,0,0,3,0,2,0,2,2,1,0,4,14,0,1,2,0,1,86,38,"Richmond","2019",18
15,"Short, Jayden",8,1,7,15,0,0,0,2,4,1,0,1,0,0,0,1,13,0,0,2,4,0,83,38,"Richmond","2019",18
47,"Soldo, Ivan",6,5,4,10,1,0,27,2,0,2,1,2,1,1,0,4,6,2,1,1,0,0,70,38,"Richmond","2019",18
44,"Stack, Sydney",3,3,15,18,0,2,0,4,0,1,0,1,0,0,0,6,11,0,1,1,0,3,77,38,"Richmond","2019",18
1,"Vlastuin, Nick",12,8,9,21,0,0,0,2,7,1,0,4,0,1,0,5,15,0,0,3,1,0,90,38,"Richmond","2019",18
0,"Rushed",0,0,0,0,0,2,0,0,0,0,0,0,0,0,0,0,0,0,0,0,0,0,0,38,"Richmond","2019",18
15,"Amon, Karl",14,5,14,28,2,0,0,1,3,3,1,2,2,0,1,6,23,0,1,2,0,0,78,-38,"Port Adelaide","2019",18
10,"Boak, Travis",11,3,18,29,0,1,0,6,3,2,5,4,2,3,0,10,19,0,0,0,0,2,76,-38,"Port Adelaide","2019",18
26,"Bonner, Riley",14,4,6,20,0,0,0,0,2,4,2,3,0,1,0,4,16,0,0,1,0,0,87,-38,"Port Adelaide","2019",18
5,"Broadbent, Matthew",21,9,5,26,0,0,0,0,4,2,0,4,0,0,0,4,19,0,0,2,0,0,81,-38,"Port Adelaide","2019",18
18,"Butters, Zak",11,6,2,13,2,1,0,1,0,3,0,1,0,0,0,3,10,0,2,0,0,1,75,-38,"Port Adelaide","2019",18
33,"Byrne-Jones, Darcy",16,6,13,29,0,0,0,1,2,3,2,4,0,1,0,10,19,0,0,3,0,0,86,-38,"Port Adelaide","2019",18
17,"Clurey, Tom",10,5,1,11,0,0,0,2,2,0,0,2,0,2,0,3,7,1,0,4,0,0,92,-38,"Port Adelaide","2019",18
22,"Dixon, Charlie",10,4,7,17,1,2,0,1,0,2,2,6,4,2,0,11,7,1,1,0,0,1,86,-38,"Port Adelaide","2019",18
21,"Duursma, Xavier",9,4,15,24,1,0,0,2,2,2,1,3,1,0,0,8,16,1,1,1,0,0,85,-38,"Port Adelaide","2019",18
9,"Gray, Robbie",4,4,14,18,0,0,0,6,2,0,2,3,1,2,0,6,15,0,0,2,0,0,88,-38,"Port Adelaide","2019",18
46,"Gray, Sam",3,1,6,9,0,0,0,3,0,2,0,0,1,0,0,2,6,0,0,1,0,1,82,-38,"Port Adelaide","2019",18
8,"Hartlett, Hamish",6,2,8,14,0,1,0,0,3,1,2,1,1,1,0,7,6,0,0,3,0,0,81,-38,"Port Adelaide","2019",18
43,"Houston, Dan",9,3,8,17,0,0,0,1,2,2,4,4,1,3,0,8,8,0,0,5,0,0,71,-38,"Port Adelaide","2019",18
32,"Howard, Dougal",5,4,4,9,1,1,2,0,0,1,0,2,0,0,0,5,3,3,2,4,0,0,75,-38,"Port Adelaide","2019",18
42,"Jonas, Tom",12,9,3,15,0,0,0,5,7,1,0,4,1,0,0,4,11,3,0,11,0,0,93,-38,"Port Adelaide","2019",18
29,"Lycett, Scott",7,4,11,18,0,0,21,2,3,1,5,4,1,2,0,9,10,0,0,3,0,0,88,-38,"Port Adelaide","2019",18
6,"Motlop, Steven",9,2,7,16,0,0,0,3,0,4,0,2,1,0,0,5,10,0,0,4,1,0,77,-38,"Port Adelaide","2019",18
2,"Powell-Pepper, Sam",6,5,7,13,0,0,0,4,0,5,2,1,0,0,0,3,10,1,0,1,0,0,81,-38,"Port Adelaide","2019",18
11,"Rockliff, Tom",12,2,14,26,1,0,0,5,2,1,7,3,0,2,0,11,15,0,0,2,0,1,79,-38,"Port Adelaide","2019",18
20,"Rozee, Connor",5,3,9,14,0,2,0,5,0,1,1,2,3,0,0,6,9,0,0,2,0,0,81,-38,"Port Adelaide","2019",18
50,"Sutcliffe, Cam",6,2,3,9,1,0,0,2,0,4,0,0,1,0,0,3,5,0,1,2,1,0,79,-38,"Port Adelaide","2019",18
39,"Westhoff, Justin",8,11,11,19,0,0,1,3,1,1,0,2,1,0,0,4,14,1,0,2,0,0,79,-38,"Port Adelaide","2019",18
0,"Rushed",0,0,0,0,0,1,0,0,0,0,0,0,0,0,0,0,0,0,0,0,0,0,0,-38,"Port Adelaide","2019",18
