"Number","Player","Kicks","Marks","Handballs","Disposals","Goals","Behinds","Hitouts","Tackles","Rebounds50s","Inside50s","Clearances","Clangers","FreesFor","FreesAgainst","BrownlowVotes","ContestedPossessions","UncontestedPossessions","ContestedMarks","MarksInside50","OnePercenters","Bounces","GoalAssists","PercentagePlayed","PointDifference","Team","Season","Round"
26,"Battle, Josh",11,6,7,18,0,0,0,1,2,1,0,1,0,1,0,6,11,3,0,6,1,0,74,1,"St Kilda","2019",1
15,"Billings, Jack",14,4,14,28,0,0,0,1,2,4,1,3,1,1,0,7,21,0,0,2,0,0,91,1,"St Kilda","2019",1
27,"Bruce, Josh",9,4,9,18,3,1,6,2,2,0,1,6,1,4,0,8,11,2,2,1,0,0,84,1,"St Kilda","2019",1
7,"Dunstan, Luke",11,3,7,18,0,0,0,7,0,2,8,3,1,0,0,13,7,0,0,3,0,1,72,1,"St Kilda","2019",1
14,"Geary, Jarryn",8,3,10,18,0,1,0,3,3,2,0,2,0,0,0,7,11,1,0,1,0,0,84,1,"St Kilda","2019",1
4,"Gresham, Jade",12,2,7,19,1,0,0,2,0,2,8,3,1,2,0,11,8,0,1,0,1,1,73,1,"St Kilda","2019",1
39,"Joyce, Darragh",10,3,8,18,0,0,0,2,2,0,0,9,0,6,0,9,8,0,0,11,0,0,95,1,"St Kilda","2019",1
25,"Kent, Dean",6,3,2,8,1,0,0,3,0,4,0,6,0,1,0,3,5,0,2,2,0,1,63,1,"St Kilda","2019",1
21,"Long, Ben",9,4,3,12,1,0,0,5,1,1,3,5,1,2,0,8,5,1,1,2,0,0,72,1,"St Kilda","2019",1
13,"Lonie, Jack",14,6,8,22,1,1,0,4,1,5,2,3,2,3,0,7,16,0,2,0,0,1,81,1,"St Kilda","2019",1
36,"McKenzie, Daniel",6,2,8,14,0,0,0,5,4,0,0,2,1,1,0,11,3,1,0,4,0,0,78,1,"St Kilda","2019",1
28,"Membrey, Tim",8,7,3,11,2,0,0,3,0,1,0,1,1,0,0,2,9,0,2,2,0,0,86,1,"St Kilda","2019",1
16,"Newnes, Jack",18,4,5,23,0,0,0,5,5,8,2,4,0,2,0,6,17,0,0,1,2,2,88,1,"St Kilda","2019",1
34,"Parker, Matthew",11,5,6,17,2,0,0,3,0,7,1,5,2,1,0,8,9,0,1,3,0,2,80,1,"St Kilda","2019",1
42,"Pierce, Lewis",2,0,4,6,0,0,27,2,0,0,1,2,1,1,0,6,1,0,0,3,0,0,77,1,"St Kilda","2019",1
6,"Ross, Sebastian",16,4,11,27,0,0,0,0,3,7,2,2,0,0,2,5,22,0,0,1,5,1,89,1,"St Kilda","2019",1
5,"Savage, Shane",12,5,3,15,0,0,0,1,4,2,0,3,0,0,0,2,10,0,0,3,1,0,94,1,"St Kilda","2019",1
35,"Sinclair, Jack",13,4,7,20,1,0,0,4,2,5,3,4,0,1,0,7,14,0,0,2,0,1,85,1,"St Kilda","2019",1
9,"Steele, Jack",11,5,11,22,1,0,0,10,1,2,4,4,1,2,0,10,11,0,1,1,0,0,91,1,"St Kilda","2019",1
3,"Steven, Jack",14,2,9,23,0,0,0,5,2,5,9,4,4,0,1,16,7,1,1,0,1,0,71,1,"St Kilda","2019",1
29,"Webster, Jimmy",13,1,7,20,0,0,0,1,3,2,0,3,0,0,0,6,12,0,0,6,0,1,89,1,"St Kilda","2019",1
44,"Wilkie, Callum",6,4,5,11,0,0,0,2,3,0,0,2,1,1,0,6,5,2,0,9,0,0,83,1,"St Kilda","2019",1
0,"Rushed",0,0,0,0,0,4,0,0,0,0,0,0,0,0,0,0,0,0,0,0,0,0,0,1,"St Kilda","2019",1
9,"Ainsworth, Ben",3,2,3,6,1,1,0,0,0,1,1,3,0,1,0,3,4,0,1,0,0,0,52,-1,"Gold Coast","2019",1
10,"Ballard, Charlie",15,4,9,24,0,1,0,4,6,1,0,6,3,2,0,8,16,2,0,5,0,0,93,-1,"Gold Coast","2019",1
3,"Bowes, Jack",7,5,15,22,0,0,0,5,1,3,6,2,1,0,0,12,12,0,0,3,0,1,81,-1,"Gold Coast","2019",1
29,"Burgess, Chris",3,1,1,4,1,0,0,1,0,1,0,1,1,0,0,2,2,0,1,1,0,1,85,-1,"Gold Coast","2019",1
25,"Collins, Sam",4,3,1,5,0,0,0,1,1,1,0,3,0,2,0,3,1,2,0,3,0,0,90,-1,"Gold Coast","2019",1
8,"Fiorini, Brayden",16,4,14,30,0,0,0,6,4,5,6,2,2,0,3,13,18,0,1,1,0,2,80,-1,"Gold Coast","2019",1
1,"Hanley, Pearce",8,4,5,13,0,0,0,2,2,1,1,3,1,1,0,5,8,0,0,1,0,0,80,-1,"Gold Coast","2019",1
5,"Harbrow, Jarrod",10,5,8,18,0,0,0,1,6,1,0,1,0,0,0,1,16,1,0,1,3,0,88,-1,"Gold Coast","2019",1
20,"Hombsch, Jack",7,4,3,10,0,0,0,1,2,0,0,1,2,1,0,6,6,0,0,9,0,0,81,-1,"Gold Coast","2019",1
33,"Horlin-Smith, George",9,3,8,17,0,0,0,2,4,2,0,3,2,2,0,5,12,1,0,2,0,0,78,-1,"Gold Coast","2019",1
41,"Lukosius, Jack",7,4,4,11,0,1,0,2,1,5,0,3,0,0,0,5,6,1,1,0,0,2,64,-1,"Gold Coast","2019",1
44,"Macpherson, Darcy",14,4,6,20,0,0,0,9,2,5,2,5,0,2,0,6,13,0,0,1,0,2,88,-1,"Gold Coast","2019",1
4,"Martin, Jack",12,4,7,19,0,1,0,3,2,7,3,1,3,1,0,4,15,0,0,2,0,1,80,-1,"Gold Coast","2019",1
2,"Miles, Anthony",14,4,10,24,1,1,0,3,1,5,4,1,3,0,0,9,16,0,1,0,0,0,74,-1,"Gold Coast","2019",1
11,"Miller, Touk",7,4,17,24,0,0,0,8,4,2,6,4,1,3,0,12,14,0,0,2,0,0,83,-1,"Gold Coast","2019",1
31,"Murdoch, Jordan",6,2,7,13,0,0,0,2,4,1,0,5,0,1,0,7,4,1,0,4,0,0,93,-1,"Gold Coast","2019",1
27,"Powell, Wil",17,7,6,23,1,1,0,2,2,4,2,5,4,0,0,7,16,0,0,0,0,0,87,-1,"Gold Coast","2019",1
6,"Sexton, Alex",11,2,7,18,4,0,0,1,0,3,2,4,0,1,0,12,7,0,0,0,1,0,88,-1,"Gold Coast","2019",1
24,"Swallow, David",7,3,4,11,3,0,0,4,1,1,0,1,1,0,0,6,5,1,2,2,0,0,68,-1,"Gold Coast","2019",1
14,"Weller, Lachie",11,4,5,16,0,0,0,0,3,3,2,3,0,1,0,9,7,1,0,3,0,0,87,-1,"Gold Coast","2019",1
28,"Witts, Jarrod",7,2,6,13,0,0,44,3,0,1,4,1,0,0,0,9,4,1,0,1,0,0,88,-1,"Gold Coast","2019",1
30,"Wright, Peter",9,1,5,14,2,0,6,0,0,0,2,1,5,0,0,10,5,1,0,3,0,1,90,-1,"Gold Coast","2019",1
0,"Totals",204,76,151,355,13,6,50,60,46,53,41,59,29,18,3,154,207,12,7,44,4,10,0,-1,"Gold Coast","2019",1
