"Number","Player","Kicks","Marks","Handballs","Disposals","Goals","Behinds","Hitouts","Tackles","Rebounds50s","Inside50s","Clearances","Clangers","FreesFor","FreesAgainst","BrownlowVotes","ContestedPossessions","UncontestedPossessions","ContestedMarks","MarksInside50","OnePercenters","Bounces","GoalAssists","PercentagePlayed","PointDifference","Team","Season","Round"
41,"Casboult, Levi",13,10,2,15,3,1,10,0,0,4,2,5,0,2,0,3,11,1,3,2,0,0,84,27,"Carlton","2019",19
9,"Cripps, Patrick",16,4,23,39,1,0,0,7,2,8,19,4,4,1,3,24,15,0,0,0,0,1,89,27,"Carlton","2019",19
35,"Curnow, Ed",12,1,18,30,0,1,0,4,3,4,6,6,2,1,0,13,16,0,0,3,0,0,87,27,"Carlton","2019",19
47,"Deluca, Josh",4,2,7,11,1,0,0,5,0,2,0,3,0,0,0,4,5,0,1,1,0,1,68,27,"Carlton","2019",19
2,"Dow, Paddy",0,0,4,4,0,0,0,6,0,0,1,1,0,1,0,3,1,0,0,0,0,0,70,27,"Carlton","2019",19
40,"Gibbons, Michael",13,7,9,22,1,1,0,5,1,2,6,2,1,0,0,7,14,0,1,2,0,1,87,27,"Carlton","2019",19
14,"Jones, Liam",6,5,1,7,0,0,0,1,2,0,0,2,1,2,0,4,4,2,0,12,0,0,94,27,"Carlton","2019",19
7,"Kennedy, Matthew",5,3,5,10,1,0,0,7,0,2,0,3,0,0,0,4,6,0,1,0,0,2,71,27,"Carlton","2019",19
16,"Lang, Darcy",7,3,2,9,1,0,0,3,0,1,0,1,1,1,0,4,6,0,0,0,0,1,75,27,"Carlton","2019",19
10,"McKay, Harry",4,5,0,4,1,1,0,1,0,0,0,6,0,5,0,3,3,2,4,3,0,0,88,27,"Carlton","2019",19
3,"Murphy, Marc",21,8,10,31,0,0,0,5,5,3,4,2,1,0,0,7,23,0,0,1,0,1,84,27,"Carlton","2019",19
24,"Newman, Nic",14,7,5,19,0,0,0,0,2,2,0,3,1,2,0,7,10,1,0,3,0,0,80,27,"Carlton","2019",19
4,"OBrien, Lochie",5,4,4,9,0,0,0,1,1,1,0,1,0,1,0,0,9,0,1,1,1,0,80,27,"Carlton","2019",19
5,"Petrevski-Seton, Sam",16,9,4,20,0,0,0,3,3,0,1,3,0,1,0,2,18,1,0,4,0,0,74,27,"Carlton","2019",19
34,"Phillips, Andrew",4,4,5,9,1,1,35,3,0,0,3,5,1,4,0,8,2,3,2,5,0,1,73,27,"Carlton","2019",19
20,"Plowman, Lachie",6,4,4,10,0,0,0,2,1,1,0,1,1,1,0,5,6,1,1,3,0,2,91,27,"Carlton","2019",19
43,"Setterfield, Will",17,4,7,24,1,1,0,2,0,7,2,5,3,2,1,8,18,0,0,1,1,0,84,27,"Carlton","2019",19
1,"Silvagni, Jack",6,3,9,15,1,0,0,5,1,3,0,2,1,0,0,11,4,1,1,0,0,1,80,27,"Carlton","2019",19
6,"Simpson, Kade",26,12,5,31,1,0,0,3,8,2,1,1,0,0,2,3,25,1,1,0,2,0,86,27,"Carlton","2019",19
39,"Thomas, Dale",14,7,8,22,0,0,0,3,3,3,0,3,2,1,0,4,17,0,0,2,0,1,78,27,"Carlton","2019",19
18,"Walsh, Sam",15,4,15,30,0,1,0,1,4,1,7,3,0,1,0,16,14,1,0,1,0,0,81,27,"Carlton","2019",19
23,"Weitering, Jacob",8,7,6,14,0,0,0,2,1,0,0,3,0,1,0,5,8,2,0,4,0,0,97,27,"Carlton","2019",19
0,"Rushed",0,0,0,0,0,2,0,0,0,0,0,0,0,0,0,0,0,0,0,0,0,0,0,27,"Carlton","2019",19
21,"Atkins, Rory",5,3,5,10,0,0,0,2,0,0,1,1,1,1,0,3,8,0,0,1,0,0,75,-27,"Adelaide","2019",19
16,"Brown, Luke",3,0,6,9,0,0,0,1,1,0,0,0,0,0,0,3,6,0,0,3,0,0,87,-27,"Adelaide","2019",19
2,"Crouch, Brad",16,2,14,30,1,1,0,2,2,5,4,4,3,2,0,7,20,0,0,2,1,1,76,-27,"Adelaide","2019",19
5,"Crouch, Matt",8,4,16,24,0,0,0,5,3,1,4,1,1,0,0,8,16,0,0,0,2,0,77,-27,"Adelaide","2019",19
15,"Hartigan, Kyle",6,4,6,12,0,0,0,0,0,1,0,2,1,0,0,5,7,2,0,2,0,0,86,-27,"Adelaide","2019",19
4,"Jenkins, Josh",5,3,1,6,1,2,9,4,0,0,0,1,2,1,0,4,2,1,2,1,0,0,90,-27,"Adelaide","2019",19
8,"Kelly, Jake",7,3,5,12,0,0,0,3,3,1,0,2,1,2,0,4,8,1,0,5,0,0,87,-27,"Adelaide","2019",19
3,"Knight, Riley",7,7,8,15,0,0,0,5,0,4,0,3,0,2,0,3,11,0,0,1,1,2,85,-27,"Adelaide","2019",19
29,"Laird, Rory",15,6,12,27,0,0,0,2,6,3,1,2,0,1,0,7,17,1,0,3,0,0,91,-27,"Adelaide","2019",19
27,"Lynch, Tom",11,9,3,14,0,0,0,2,1,4,1,2,0,1,0,4,9,1,0,0,0,1,85,-27,"Adelaide","2019",19
14,"Mackay, David",9,4,10,19,0,0,0,4,2,3,1,0,0,0,0,6,13,0,0,2,0,0,81,-27,"Adelaide","2019",19
30,"Milera, Wayne",9,6,4,13,0,0,0,8,0,4,2,5,0,1,0,4,9,0,0,0,0,0,77,-27,"Adelaide","2019",19
44,"Murphy, Lachlan",5,3,5,10,1,0,0,7,0,3,0,1,3,0,0,3,7,0,0,0,0,1,86,-27,"Adelaide","2019",19
43,"OBrien, Reilly",10,8,10,20,0,1,32,2,2,2,7,3,2,1,0,15,6,4,0,4,0,0,75,-27,"Adelaide","2019",19
22,"Otten, Andy",8,3,6,14,0,0,0,4,1,1,0,1,3,0,0,7,8,1,0,3,0,0,74,-27,"Adelaide","2019",19
11,"Seedsman, Paul",9,2,4,13,1,0,0,6,1,3,0,0,0,0,0,3,9,0,1,2,1,0,77,-27,"Adelaide","2019",19
9,"Sloane, Rory",12,5,14,26,0,0,0,8,2,2,5,5,2,2,0,14,11,0,0,3,0,0,90,-27,"Adelaide","2019",19
33,"Smith, Brodie",16,4,8,24,0,0,0,7,4,4,1,4,1,1,0,7,17,0,0,0,2,1,78,-27,"Adelaide","2019",19
17,"Stengle, Tyson",6,2,1,7,2,0,0,4,0,2,0,3,3,3,0,4,3,0,1,0,0,0,74,-27,"Adelaide","2019",19
12,"Talia, Daniel",9,2,3,12,0,0,0,3,3,0,0,0,1,0,0,5,8,1,0,9,0,0,91,-27,"Adelaide","2019",19
13,"Walker, Taylor",8,5,3,11,3,0,0,2,1,2,0,2,2,0,0,2,9,0,1,2,0,0,92,-27,"Adelaide","2019",19
31,"Wilson, Patrick",9,2,6,15,0,0,0,4,1,1,2,5,1,1,0,5,11,0,0,0,0,0,67,-27,"Adelaide","2019",19
0,"Rushed",0,0,0,0,0,2,0,0,0,0,0,0,0,0,0,0,0,0,0,0,0,0,0,-27,"Adelaide","2019",19
