"Number","Player","Kicks","Marks","Handballs","Disposals","Goals","Behinds","Hitouts","Tackles","Rebounds50s","Inside50s","Clearances","Clangers","FreesFor","FreesAgainst","BrownlowVotes","ContestedPossessions","UncontestedPossessions","ContestedMarks","MarksInside50","OnePercenters","Bounces","GoalAssists","PercentagePlayed","PointDifference","Team","Season","Round"
21,"Atkins, Rory",25,11,4,29,1,0,0,2,1,7,1,4,0,1,0,8,20,1,0,3,0,0,90,33,"Adelaide","2019",13
18,"Betts, Eddie",8,0,5,13,2,0,0,3,0,2,0,4,0,1,0,8,6,0,0,0,0,1,92,33,"Adelaide","2019",13
16,"Brown, Luke",5,3,4,9,0,0,0,1,1,0,0,1,0,0,0,3,5,0,0,2,0,0,92,33,"Adelaide","2019",13
2,"Crouch, Brad",27,3,16,43,0,1,0,2,4,6,10,5,1,1,3,17,24,1,0,1,0,0,83,33,"Adelaide","2019",13
5,"Crouch, Matt",12,5,23,35,0,0,0,1,1,3,7,4,0,0,0,11,24,0,0,1,0,1,78,33,"Adelaide","2019",13
26,"Douglas, Richard",7,3,8,15,0,0,0,3,0,3,1,2,0,1,0,4,12,1,0,3,0,1,86,33,"Adelaide","2019",13
28,"Ellis-Yolmen, Cam",9,3,17,26,0,0,0,4,1,0,7,2,1,0,0,13,12,0,0,1,0,2,80,33,"Adelaide","2019",13
7,"Gallucci, Jordan",12,6,2,14,0,1,0,3,0,5,0,2,1,0,0,1,13,0,1,1,0,2,88,33,"Adelaide","2019",13
1,"Greenwood, Hugh",9,1,11,20,1,0,0,8,2,2,2,2,1,0,0,8,11,0,0,3,0,0,82,33,"Adelaide","2019",13
15,"Hartigan, Kyle",3,2,2,5,0,0,0,1,0,0,0,2,1,0,0,1,3,0,0,3,0,0,93,33,"Adelaide","2019",13
4,"Jenkins, Josh",14,7,3,17,4,3,8,0,0,0,0,2,0,1,0,7,8,2,3,2,0,0,91,33,"Adelaide","2019",13
42,"Keath, Alex",9,8,10,19,0,0,0,2,3,2,1,0,2,0,0,9,13,2,0,5,0,0,95,33,"Adelaide","2019",13
8,"Kelly, Jake",8,4,1,9,0,0,0,3,2,1,0,2,1,0,0,3,5,2,0,2,0,0,63,33,"Adelaide","2019",13
29,"Laird, Rory",12,8,20,32,0,0,0,4,8,3,0,1,0,0,0,9,20,0,0,0,0,0,90,33,"Adelaide","2019",13
30,"Milera, Wayne",8,6,10,18,0,0,0,2,3,2,1,4,0,1,0,4,16,0,0,3,0,0,87,33,"Adelaide","2019",13
44,"Murphy, Lachlan",0,0,0,0,0,0,0,1,0,0,0,0,0,0,0,0,0,0,0,0,0,0,5,33,"Adelaide","2019",13
43,"OBrien, Reilly",9,5,10,19,0,0,54,7,1,7,6,1,2,0,2,10,8,1,0,4,0,0,89,33,"Adelaide","2019",13
11,"Seedsman, Paul",17,3,9,26,1,0,0,1,3,5,3,2,1,0,0,9,16,0,0,1,0,0,88,33,"Adelaide","2019",13
9,"Sloane, Rory",18,5,10,28,2,0,0,2,1,6,9,5,3,1,0,16,12,0,2,3,1,0,88,33,"Adelaide","2019",13
33,"Smith, Brodie",16,6,6,22,1,1,0,2,4,4,0,8,0,2,0,8,13,2,1,2,0,1,88,33,"Adelaide","2019",13
12,"Talia, Daniel",9,4,1,10,0,0,0,2,3,0,0,0,2,0,0,5,3,2,0,3,0,0,58,33,"Adelaide","2019",13
13,"Walker, Taylor",11,8,7,18,3,3,0,2,0,3,0,4,1,2,0,7,11,2,5,1,0,1,94,33,"Adelaide","2019",13
0,"Rushed",0,0,0,0,0,2,0,0,0,0,0,0,0,0,0,0,0,0,0,0,0,0,0,33,"Adelaide","2019",13
48,"Baker, Liam",6,1,10,16,0,1,0,7,0,2,2,2,2,1,0,6,10,0,0,0,0,0,70,-33,"Richmond","2019",13
38,"Balta, Noah",0,0,7,7,0,0,9,4,1,1,1,1,1,1,0,6,2,0,0,2,0,0,63,-33,"Richmond","2019",13
35,"Broad, Nathan",9,3,4,13,0,0,0,3,3,0,0,1,2,0,0,4,8,0,0,1,0,0,88,-33,"Richmond","2019",13
7,"Butler, Dan",6,3,5,11,1,2,0,0,1,1,0,1,0,1,0,4,8,1,2,0,0,1,91,-33,"Richmond","2019",13
22,"Caddy, Josh",7,3,3,10,1,0,0,4,1,1,2,1,0,1,0,4,4,1,1,1,0,0,88,-33,"Richmond","2019",13
11,"Castagna, Jason",10,5,4,14,0,1,0,5,0,5,1,4,1,1,0,6,7,0,0,1,0,0,88,-33,"Richmond","2019",13
41,"Chol, Mabior",6,2,2,8,1,1,13,2,1,1,0,1,0,0,0,6,1,1,0,6,0,0,70,-33,"Richmond","2019",13
5,"Ellis, Brandon",15,7,8,23,0,0,0,4,5,2,2,3,0,1,0,6,17,1,0,3,0,0,87,-33,"Richmond","2019",13
42,"Garthwaite, Ryan",8,5,5,13,0,0,0,4,3,0,0,2,0,0,0,1,12,0,0,8,0,0,98,-33,"Richmond","2019",13
34,"Graham, Jack",8,3,15,23,0,0,0,11,1,2,6,4,0,2,0,11,13,0,0,1,0,0,79,-33,"Richmond","2019",13
2,"Grimes, Dylan",6,8,7,13,0,0,0,3,3,1,0,6,1,4,0,8,7,2,0,9,1,1,89,-33,"Richmond","2019",13
13,"Higgins, Jack",5,0,9,14,0,0,0,7,0,5,0,3,0,0,0,5,9,0,0,0,0,1,76,-33,"Richmond","2019",13
14,"Houli, Bachar",11,6,12,23,0,0,0,4,4,1,0,2,0,1,0,2,18,0,0,0,2,0,81,-33,"Richmond","2019",13
19,"Lynch, Tom",10,8,1,11,2,1,0,1,0,3,0,5,0,3,0,7,4,5,4,3,0,2,96,-33,"Richmond","2019",13
4,"Martin, Dustin",21,9,11,32,2,0,0,4,5,5,3,5,0,0,1,7,23,0,0,0,0,0,88,-33,"Richmond","2019",13
33,"McIntosh, Kamdyn",6,2,5,11,0,0,0,3,0,2,1,2,0,0,0,5,6,0,0,0,0,1,75,-33,"Richmond","2019",13
37,"Menadue, Connor",9,2,2,11,0,0,0,3,4,0,1,2,1,0,0,4,7,0,0,5,2,0,77,-33,"Richmond","2019",13
45,"Naish, Patrick",10,4,9,19,0,0,0,2,5,3,1,0,0,0,0,4,15,0,0,0,0,0,60,-33,"Richmond","2019",13
3,"Prestia, Dion",20,7,9,29,0,2,0,8,2,4,3,5,0,1,0,8,18,0,0,2,0,0,86,-33,"Richmond","2019",13
17,"Rioli, Daniel",6,3,5,11,2,0,0,2,0,3,0,0,1,0,0,2,9,0,1,0,0,0,84,-33,"Richmond","2019",13
44,"Stack, Sydney",12,6,10,22,0,2,0,4,1,5,0,0,0,0,0,7,15,1,0,3,0,0,76,-33,"Richmond","2019",13
1,"Vlastuin, Nick",10,6,14,24,0,0,0,4,4,1,1,7,2,0,0,8,14,2,0,8,0,0,88,-33,"Richmond","2019",13
0,"Rushed",0,0,0,0,0,4,0,0,0,0,0,0,0,0,0,0,0,0,0,0,0,0,0,-33,"Richmond","2019",13
