"Number","Player","Kicks","Marks","Handballs","Disposals","Goals","Behinds","Hitouts","Tackles","Rebounds50s","Inside50s","Clearances","Clangers","FreesFor","FreesAgainst","BrownlowVotes","ContestedPossessions","UncontestedPossessions","ContestedMarks","MarksInside50","OnePercenters","Bounces","GoalAssists","PercentagePlayed","PointDifference","Team","Season","Round"
10,"Brayshaw, Angus",17,4,7,24,0,1,0,8,5,5,3,2,3,0,0,15,11,1,1,2,0,0,86,-53,"Melbourne","2019",22
37,"Chandler, Kade",4,2,3,7,0,0,0,9,0,0,1,1,0,0,0,4,4,0,0,2,0,0,80,-53,"Melbourne","2019",22
48,"Dunkley, Kyle",4,2,3,7,0,0,0,0,0,3,0,2,1,1,0,5,3,2,0,0,0,0,71,-53,"Melbourne","2019",22
31,"Fritsch, Bayley",6,2,3,9,1,1,0,1,0,2,0,2,1,2,0,5,4,1,1,0,0,0,89,-53,"Melbourne","2019",22
17,"Frost, Sam",10,4,5,15,0,1,0,1,3,0,0,5,2,3,0,9,6,2,1,2,0,0,82,-53,"Melbourne","2019",22
11,"Gawn, Max",11,3,1,12,0,0,52,3,3,3,3,1,3,0,0,8,4,1,0,4,0,0,77,-53,"Melbourne","2019",22
4,"Harmes, James",10,6,10,20,0,0,0,8,1,3,4,6,1,3,0,9,11,2,0,2,0,0,86,-53,"Melbourne","2019",22
14,"Hibberd, Michael",12,7,11,23,0,0,0,1,4,4,0,6,0,0,0,8,14,1,0,3,1,0,87,-53,"Melbourne","2019",22
34,"Hore, Marty",10,4,2,12,0,0,0,0,3,2,0,4,1,1,0,3,9,0,0,3,0,0,79,-53,"Melbourne","2019",22
2,"Jones, Nathan",6,3,10,16,0,0,0,2,0,3,1,1,0,0,0,7,9,0,0,1,0,0,80,-53,"Melbourne","2019",22
24,"Kennedy Harris, Jay",6,3,6,12,0,0,0,3,1,1,1,1,0,1,0,6,7,0,0,0,0,0,78,-53,"Melbourne","2019",22
8,"Lever, Jake",8,7,6,14,0,0,0,0,2,1,0,2,0,1,0,5,9,0,0,11,0,0,98,-53,"Melbourne","2019",22
6,"Lewis, Jordan",14,5,7,21,0,0,0,2,3,1,0,2,1,0,0,3,16,0,0,6,0,0,88,-53,"Melbourne","2019",22
18,"Melksham, Jake",13,3,2,15,3,5,0,0,0,3,0,1,4,0,0,6,7,0,3,2,0,0,85,-53,"Melbourne","2019",22
30,"Neal-Bullen, Alex",8,5,3,11,1,2,0,7,0,3,0,2,0,1,0,3,9,0,3,1,0,0,76,-53,"Melbourne","2019",22
13,"Oliver, Clayton",14,2,16,30,0,1,0,3,0,4,8,4,3,0,1,19,10,0,0,0,0,0,84,-53,"Melbourne","2019",22
5,"Petracca, Christian",9,4,10,19,0,0,5,5,1,5,4,1,0,1,0,8,12,1,0,1,0,1,75,-53,"Melbourne","2019",22
3,"Salem, Christian",9,3,8,17,0,0,0,3,1,1,0,2,0,1,0,8,9,0,0,2,0,0,81,-53,"Melbourne","2019",22
9,"Spargo, Charlie",9,2,6,15,0,0,0,2,1,2,2,2,2,0,0,7,8,0,0,0,0,0,86,-53,"Melbourne","2019",22
15,"Stretch, Billy",8,5,8,16,0,0,0,5,0,1,2,1,0,0,0,4,12,0,1,2,0,0,72,-53,"Melbourne","2019",22
7,"Viney, Jack",19,5,6,25,0,0,0,9,1,6,7,2,3,0,0,12,11,0,0,0,0,0,81,-53,"Melbourne","2019",22
40,"Wagner, Corey",6,1,10,16,0,0,0,5,1,2,1,3,0,2,0,5,10,0,1,4,0,2,79,-53,"Melbourne","2019",22
0,"Rushed",0,0,0,0,0,1,0,0,0,0,0,0,0,0,0,0,0,0,0,0,0,0,0,-53,"Melbourne","2019",22
36,"Aliir, Aliir",10,4,3,13,0,0,12,5,1,3,4,6,2,1,0,6,8,0,1,2,0,1,75,53,"Sydney","2019",22
32,"Bell, James",5,4,3,8,1,0,0,3,1,1,0,3,1,1,0,2,5,0,1,0,0,0,77,53,"Sydney","2019",22
22,"Blakey, Nick",12,6,5,17,1,1,0,2,1,4,0,1,2,0,0,3,13,0,1,1,0,1,72,53,"Sydney","2019",22
4,"Clarke, Ryan",11,2,9,20,0,0,0,2,2,1,1,6,1,3,0,4,15,1,0,1,0,0,81,53,"Sydney","2019",22
34,"Dawson, Jordan",9,4,6,15,2,0,1,3,1,3,1,4,1,1,0,8,7,0,1,1,0,1,88,53,"Sydney","2019",22
13,"Florent, Oliver",15,4,13,28,0,1,0,4,3,4,4,4,1,1,3,12,18,0,1,0,0,1,86,53,"Sydney","2019",22
42,"Fox, Robbie",14,4,4,18,0,0,0,4,6,2,2,4,0,2,0,5,14,0,0,3,1,0,86,53,"Sydney","2019",22
5,"Heeney, Isaac",9,7,3,12,0,0,0,7,1,2,2,3,1,3,0,9,4,4,2,0,0,0,80,53,"Sydney","2019",22
29,"Hewett, George",7,2,14,21,0,0,0,6,1,1,4,4,0,2,0,9,12,0,0,0,0,0,86,53,"Sydney","2019",22
15,"Jack, Kieren",5,1,5,10,0,0,0,5,2,1,1,1,2,0,0,5,7,0,0,3,0,0,83,53,"Sydney","2019",22
12,"Kennedy, Josh",8,5,13,21,0,0,0,7,0,3,10,7,1,4,0,13,8,1,1,2,0,2,77,53,"Sydney","2019",22
44,"Lloyd, Jake",18,1,8,26,0,0,0,2,11,2,1,2,0,0,0,4,12,0,0,2,1,1,87,53,"Sydney","2019",22
30,"McCartin, Tom",6,4,4,10,2,0,0,2,0,2,0,2,0,1,0,7,3,2,2,0,0,0,79,53,"Sydney","2019",22
43,"Melican, Lewis",7,5,7,14,0,0,0,1,2,0,0,1,1,1,0,7,7,2,0,6,0,0,84,53,"Sydney","2019",22
2,"Menzel, Daniel",6,4,3,9,2,1,0,3,1,3,0,2,0,1,0,4,5,2,1,1,0,0,75,53,"Sydney","2019",22
14,"Mills, Callum",8,4,9,17,0,0,0,3,5,0,0,4,0,3,0,6,12,1,0,7,0,0,87,53,"Sydney","2019",22
11,"Papley, Tom",6,3,1,7,2,1,0,5,0,2,0,0,1,0,0,2,5,0,2,1,1,0,89,53,"Sydney","2019",22
26,"Parker, Luke",8,1,17,25,0,1,0,8,1,3,6,2,0,0,0,13,10,0,0,1,0,1,79,53,"Sydney","2019",22
24,"Rampe, Dane",14,8,8,22,0,0,0,1,8,2,0,2,1,1,0,7,15,0,0,8,0,0,92,53,"Sydney","2019",22
20,"Reid, Sam",11,7,3,14,3,0,6,3,1,1,1,2,1,0,2,5,9,1,0,4,0,0,84,53,"Sydney","2019",22
25,"Ronke, Ben",7,1,3,10,0,0,0,1,0,2,0,1,0,0,0,5,3,0,0,0,0,0,83,53,"Sydney","2019",22
8,"Rowbottom, James",8,3,6,14,2,0,0,6,0,3,1,2,1,0,0,8,5,0,2,0,0,1,71,53,"Sydney","2019",22
0,"Totals",204,84,147,351,15,5,19,83,48,45,38,63,17,25,5,144,197,14,15,43,3,9,0,53,"Sydney","2019",22
