"Number","Player","Kicks","Marks","Handballs","Disposals","Goals","Behinds","Hitouts","Tackles","Rebounds50s","Inside50s","Clearances","Clangers","FreesFor","FreesAgainst","BrownlowVotes","ContestedPossessions","UncontestedPossessions","ContestedMarks","MarksInside50","OnePercenters","Bounces","GoalAssists","PercentagePlayed","PointDifference","Team","Season","Round"
4,"Bontempelli, Marcus",16,9,11,27,3,0,0,0,2,4,7,0,1,0,2,14,14,2,3,1,0,0,82,47,"Western Bulldogs","2019",7
12,"Cordy, Zaine",4,5,9,13,0,0,6,1,2,0,0,0,2,0,0,5,9,0,0,3,1,0,83,47,"Western Bulldogs","2019",7
9,"Crozier, Hayden",19,9,9,28,0,0,0,4,5,3,0,2,1,1,0,4,24,0,0,5,0,1,89,47,"Western Bulldogs","2019",7
35,"Daniel, Caleb",22,3,14,36,0,0,0,6,10,0,2,5,1,1,0,7,23,0,0,3,0,0,89,47,"Western Bulldogs","2019",7
29,"Dickson, Tory",7,4,5,12,0,1,0,1,0,0,0,0,0,0,0,3,9,0,1,0,0,0,77,47,"Western Bulldogs","2019",7
5,"Dunkley, Josh",16,8,19,35,0,0,0,8,1,5,5,2,3,0,0,15,20,2,0,1,0,0,85,47,"Western Bulldogs","2019",7
44,"English, Tim",8,7,6,14,0,0,26,2,0,2,3,1,0,0,0,4,11,1,0,3,0,1,80,47,"Western Bulldogs","2019",7
26,"Gowers, Billy",5,4,1,6,2,1,0,0,0,2,0,2,0,2,0,2,4,1,2,3,1,1,77,47,"Western Bulldogs","2019",7
32,"Hayes, Will",9,5,6,15,0,0,0,2,2,1,0,3,0,1,0,5,10,0,0,1,0,0,78,47,"Western Bulldogs","2019",7
7,"Hunter, Lachie",11,5,11,22,0,0,0,3,5,3,3,3,1,1,0,6,19,0,0,2,1,1,93,47,"Western Bulldogs","2019",7
39,"Johannisen, Jason",11,4,10,21,1,1,0,4,4,4,0,0,0,0,0,5,16,0,1,1,0,1,80,47,"Western Bulldogs","2019",7
21,"Liberatore, Tom",4,1,10,14,0,0,0,1,1,2,2,1,0,0,0,5,9,0,0,3,0,0,79,47,"Western Bulldogs","2019",7
22,"Lloyd, Sam",15,7,5,20,1,3,0,4,0,5,1,1,1,0,0,3,16,0,3,0,0,3,85,47,"Western Bulldogs","2019",7
11,"Macrae, Jack",12,2,24,36,0,0,0,2,1,2,3,2,1,0,1,12,24,0,0,0,2,1,79,47,"Western Bulldogs","2019",7
16,"McLean, Toby",11,8,13,24,1,0,0,3,1,2,0,3,1,1,0,9,17,1,1,0,2,0,83,47,"Western Bulldogs","2019",7
33,"Naughton, Aaron",14,14,2,16,5,3,0,1,0,3,0,1,0,0,3,10,5,9,7,1,0,1,87,47,"Western Bulldogs","2019",7
20,"Richards, Ed",9,6,3,12,1,0,0,4,0,3,1,1,1,0,0,2,10,0,1,2,1,1,74,47,"Western Bulldogs","2019",7
6,"Smith, Bailey",10,6,12,22,1,0,0,3,0,0,6,0,0,0,0,8,13,0,1,0,0,0,70,47,"Western Bulldogs","2019",7
8,"Trengove, Jackson",9,5,5,14,0,0,0,3,3,0,0,0,0,0,0,1,11,1,0,10,0,0,92,47,"Western Bulldogs","2019",7
3,"Wallis, Mitch",10,6,13,23,0,0,0,4,2,7,5,3,2,2,0,11,13,0,0,0,0,0,83,47,"Western Bulldogs","2019",7
10,"Wood, Easton",7,8,5,12,0,0,0,2,0,0,0,2,1,2,0,4,8,2,0,2,0,0,79,47,"Western Bulldogs","2019",7
40,"Young, Lachie",11,8,7,18,0,0,0,1,2,4,0,4,1,0,0,2,16,0,0,4,0,0,75,47,"Western Bulldogs","2019",7
0,"Totals",240,134,200,440,15,9,32,59,41,52,38,36,17,11,6,137,301,19,20,45,8,11,0,47,"Western Bulldogs","2019",7
48,"Baker, Liam",10,6,8,18,1,1,0,6,0,5,0,1,1,0,0,4,15,0,3,1,0,0,79,-47,"Richmond","2019",7
38,"Balta, Noah",10,5,1,11,1,0,5,2,1,3,2,4,2,2,0,5,6,1,0,3,2,0,82,-47,"Richmond","2019",7
29,"Bolton, Shai",8,4,9,17,0,0,0,2,0,5,1,2,0,0,0,5,11,0,0,0,0,0,81,-47,"Richmond","2019",7
35,"Broad, Nathan",5,2,6,11,0,0,0,1,2,0,0,4,0,0,0,3,8,0,1,8,0,0,82,-47,"Richmond","2019",7
22,"Caddy, Josh",5,3,6,11,1,1,0,2,1,1,0,0,0,0,0,3,8,0,2,1,0,0,90,-47,"Richmond","2019",7
11,"Castagna, Jason",4,1,7,11,0,1,0,1,0,1,1,4,0,0,0,8,3,0,1,0,0,0,87,-47,"Richmond","2019",7
10,"Edwards, Shane",8,1,4,12,0,0,0,3,2,3,2,2,0,0,0,6,7,0,0,1,1,0,78,-47,"Richmond","2019",7
5,"Ellis, Brandon",6,4,8,14,0,0,0,0,1,1,0,0,0,0,0,4,10,0,0,0,0,1,91,-47,"Richmond","2019",7
2,"Grimes, Dylan",5,2,5,10,0,0,0,2,3,0,0,2,1,1,0,3,5,1,0,2,1,0,94,-47,"Richmond","2019",7
13,"Higgins, Jack",6,1,9,15,0,0,0,2,2,0,2,3,0,1,0,10,5,1,0,1,0,0,74,-47,"Richmond","2019",7
14,"Houli, Bachar",10,2,8,18,1,0,0,2,5,1,0,3,3,2,0,4,12,0,0,1,5,0,87,-47,"Richmond","2019",7
23,"Lambert, Kane",15,3,8,23,0,0,0,3,3,5,2,2,1,0,0,8,15,0,1,0,0,1,87,-47,"Richmond","2019",7
19,"Lynch, Tom",3,3,2,5,0,1,0,3,0,0,0,2,1,1,0,4,3,1,1,1,0,0,92,-47,"Richmond","2019",7
4,"Martin, Dustin",15,4,10,25,0,0,0,2,2,4,3,3,0,2,0,12,16,0,1,0,0,2,73,-47,"Richmond","2019",7
33,"McIntosh, Kamdyn",10,4,2,12,1,1,0,2,2,2,1,4,0,2,0,6,7,2,1,4,0,0,82,-47,"Richmond","2019",7
37,"Menadue, Connor",11,4,4,15,0,0,0,3,1,0,0,1,1,1,0,4,10,0,0,1,0,0,80,-47,"Richmond","2019",7
25,"Nankervis, Toby",6,2,9,15,0,1,26,4,1,1,3,4,0,3,0,7,9,0,0,1,0,0,68,-47,"Richmond","2019",7
3,"Prestia, Dion",10,1,12,22,0,1,0,4,2,5,5,1,1,1,0,8,15,0,0,0,0,0,84,-47,"Richmond","2019",7
17,"Rioli, Daniel",3,3,5,8,0,1,0,2,0,2,0,1,0,0,0,3,6,1,1,0,2,0,66,-47,"Richmond","2019",7
27,"Ross, Jack",6,2,9,15,1,0,0,3,1,5,4,0,0,0,0,5,11,0,0,2,0,1,83,-47,"Richmond","2019",7
44,"Stack, Sydney",8,7,11,19,1,0,0,4,0,3,0,1,0,0,0,7,12,1,0,2,1,2,80,-47,"Richmond","2019",7
1,"Vlastuin, Nick",11,8,10,21,0,0,0,1,6,1,0,1,0,1,0,7,12,1,0,4,0,0,80,-47,"Richmond","2019",7
0,"Rushed",0,0,0,0,0,2,0,0,0,0,0,0,0,0,0,0,0,0,0,0,0,0,0,-47,"Richmond","2019",7
