"Number","Player","Kicks","Marks","Handballs","Disposals","Goals","Behinds","Hitouts","Tackles","Rebounds50s","Inside50s","Clearances","Clangers","FreesFor","FreesAgainst","BrownlowVotes","ContestedPossessions","UncontestedPossessions","ContestedMarks","MarksInside50","OnePercenters","Bounces","GoalAssists","PercentagePlayed","PointDifference","Team","Season","Round"
15,"Amon, Karl",14,3,3,17,1,1,0,3,2,7,4,2,1,2,0,8,9,0,1,2,0,0,86,-20,"Port Adelaide","2019",8
10,"Boak, Travis",18,1,10,28,0,0,0,9,2,6,8,8,0,0,0,18,10,0,0,2,0,0,83,-20,"Port Adelaide","2019",8
5,"Broadbent, Matthew",14,2,8,22,0,0,0,0,5,2,3,5,0,1,0,5,15,0,0,3,0,0,83,-20,"Port Adelaide","2019",8
3,"Burton, Ryan",2,0,1,3,0,0,0,0,2,0,0,2,0,0,0,1,1,0,0,2,0,0,7,-20,"Port Adelaide","2019",8
33,"Byrne-Jones, Darcy",13,2,10,23,0,0,0,2,5,2,1,4,1,1,0,10,9,0,0,2,0,0,85,-20,"Port Adelaide","2019",8
17,"Clurey, Tom",11,3,3,14,0,0,0,2,3,0,0,2,1,1,0,4,6,1,0,12,1,0,92,-20,"Port Adelaide","2019",8
28,"Drew, Willem",7,0,4,11,0,1,0,7,0,3,3,2,1,0,0,6,6,0,0,1,0,0,78,-20,"Port Adelaide","2019",8
21,"Duursma, Xavier",12,5,10,22,1,1,0,2,3,5,4,4,1,1,0,7,15,0,1,1,0,0,92,-20,"Port Adelaide","2019",8
24,"Farrell, Kane",6,2,5,11,1,1,0,1,0,3,0,4,0,2,0,5,7,0,1,1,1,0,81,-20,"Port Adelaide","2019",8
46,"Gray, Sam",13,8,6,19,1,2,0,0,0,4,3,2,0,0,0,6,14,0,0,0,0,1,91,-20,"Port Adelaide","2019",8
43,"Houston, Dan",18,7,7,25,0,0,0,5,9,3,3,3,1,1,0,12,11,1,0,5,0,0,88,-20,"Port Adelaide","2019",8
32,"Howard, Dougal",12,3,2,14,2,2,0,1,3,3,0,1,3,1,0,9,5,1,1,12,0,0,95,-20,"Port Adelaide","2019",8
31,"Johnson, Aidyn",4,1,8,12,0,0,0,5,0,2,0,3,1,0,0,8,5,0,0,2,0,1,77,-20,"Port Adelaide","2019",8
40,"Lienert, Jarrod",19,10,7,26,0,0,0,3,8,5,0,1,0,0,0,6,20,0,0,4,0,0,86,-20,"Port Adelaide","2019",8
29,"Lycett, Scott",7,1,6,13,0,1,17,3,1,1,3,2,1,0,0,15,1,1,0,6,0,0,84,-20,"Port Adelaide","2019",8
13,"Marshall, Todd",6,2,1,7,0,0,0,3,0,1,0,3,1,0,0,3,4,0,2,3,0,0,80,-20,"Port Adelaide","2019",8
6,"Motlop, Steven",9,6,7,16,0,0,0,3,2,1,1,1,0,0,0,4,13,0,0,2,0,0,76,-20,"Port Adelaide","2019",8
2,"Powell-Pepper, Sam",13,1,6,19,2,1,0,10,2,7,7,6,0,3,0,15,7,0,0,4,2,0,92,-20,"Port Adelaide","2019",8
11,"Rockliff, Tom",23,6,18,41,0,1,0,6,0,12,10,4,4,1,2,23,15,0,0,1,0,2,83,-20,"Port Adelaide","2019",8
20,"Rozee, Connor",6,3,7,13,1,1,0,6,0,1,2,1,0,0,0,8,7,1,2,2,0,0,86,-20,"Port Adelaide","2019",8
4,"Ryder, Paddy",6,0,3,9,0,0,33,6,0,1,1,1,2,0,0,8,3,0,0,7,0,0,88,-20,"Port Adelaide","2019",8
39,"Westhoff, Justin",8,2,4,12,0,1,0,1,2,0,0,5,0,2,0,6,6,0,0,4,0,0,88,-20,"Port Adelaide","2019",8
0,"Rushed",0,0,0,0,0,1,0,0,0,0,0,0,0,0,0,0,0,0,0,0,0,0,0,-20,"Port Adelaide","2019",8
21,"Atkins, Rory",17,7,4,21,1,0,0,3,7,4,1,6,0,1,0,3,18,0,0,3,0,0,87,20,"Adelaide","2019",8
18,"Betts, Eddie",7,1,3,10,0,1,0,0,0,1,1,4,0,0,0,7,2,0,1,1,0,0,82,20,"Adelaide","2019",8
16,"Brown, Luke",12,4,6,18,0,0,0,2,6,1,0,1,0,1,0,5,7,0,0,3,0,0,76,20,"Adelaide","2019",8
2,"Crouch, Brad",10,1,20,30,0,1,0,6,2,4,2,4,0,1,0,12,18,0,0,2,0,1,82,20,"Adelaide","2019",8
5,"Crouch, Matt",9,1,10,19,0,0,0,2,2,1,5,5,1,2,0,10,8,0,0,0,1,0,34,20,"Adelaide","2019",8
28,"Ellis-Yolmen, Cam",10,1,14,24,0,0,0,7,4,1,6,3,1,1,0,15,10,0,0,4,0,0,79,20,"Adelaide","2019",8
7,"Gallucci, Jordan",8,1,3,11,0,0,0,2,0,3,2,3,0,0,0,3,6,0,0,0,0,0,81,20,"Adelaide","2019",8
1,"Greenwood, Hugh",11,2,11,22,1,0,0,7,2,3,8,5,1,1,0,19,5,1,1,1,0,0,78,20,"Adelaide","2019",8
15,"Hartigan, Kyle",4,1,2,6,0,0,0,3,1,1,0,4,1,1,0,3,4,0,0,5,0,0,89,20,"Adelaide","2019",8
34,"Himmelberg, Elliott",6,1,6,12,1,1,4,5,0,3,1,2,3,0,0,10,2,0,0,0,0,0,81,20,"Adelaide","2019",8
42,"Keath, Alex",15,5,11,26,0,0,0,2,7,1,0,1,1,0,3,14,11,1,0,6,0,0,92,20,"Adelaide","2019",8
8,"Kelly, Jake",8,1,11,19,0,0,0,4,2,1,0,1,1,1,0,6,12,0,0,3,0,0,94,20,"Adelaide","2019",8
3,"Knight, Riley",6,2,4,10,2,0,0,3,1,2,1,0,0,0,0,3,7,0,1,3,0,0,81,20,"Adelaide","2019",8
29,"Laird, Rory",20,3,11,31,0,1,0,3,6,8,2,1,1,0,0,14,15,0,0,0,0,0,86,20,"Adelaide","2019",8
27,"Lynch, Tom",14,2,6,20,3,0,0,6,0,6,1,5,2,3,0,12,8,2,0,3,0,2,88,20,"Adelaide","2019",8
14,"Mackay, David",16,2,3,19,1,0,0,3,4,3,2,5,0,0,0,7,12,0,0,1,0,0,80,20,"Adelaide","2019",8
44,"Murphy, Lachlan",6,3,5,11,1,1,0,11,0,2,0,3,1,1,0,5,6,0,0,2,0,2,88,20,"Adelaide","2019",8
43,"OBrien, Reilly",6,0,4,10,0,0,34,5,3,4,2,5,0,2,0,9,2,0,0,4,0,0,81,20,"Adelaide","2019",8
9,"Sloane, Rory",15,3,11,26,1,1,0,13,3,9,2,7,1,2,1,13,13,1,0,6,0,0,85,20,"Adelaide","2019",8
33,"Smith, Brodie",11,4,6,17,0,1,0,4,6,2,0,1,1,0,0,6,8,0,0,1,0,0,81,20,"Adelaide","2019",8
12,"Talia, Daniel",11,5,2,13,0,0,0,1,3,1,0,0,0,0,0,7,7,0,0,11,0,0,89,20,"Adelaide","2019",8
13,"Walker, Taylor",7,5,3,10,2,0,0,1,0,1,0,3,1,1,0,5,5,1,2,4,0,1,88,20,"Adelaide","2019",8
0,"Rushed",0,0,0,0,0,3,0,0,0,0,0,0,0,0,0,0,0,0,0,0,0,0,0,20,"Adelaide","2019",8
