"Number","Player","Kicks","Marks","Handballs","Disposals","Goals","Behinds","Hitouts","Tackles","Rebounds50s","Inside50s","Clearances","Clangers","FreesFor","FreesAgainst","BrownlowVotes","ContestedPossessions","UncontestedPossessions","ContestedMarks","MarksInside50","OnePercenters","Bounces","GoalAssists","PercentagePlayed","PointDifference","Team","Season","Round"
12,"Astbury, David",6,4,3,9,0,0,0,0,4,0,0,1,0,0,0,1,7,0,0,3,0,0,95,-44,"Richmond","2019",2
35,"Broad, Nathan",5,2,3,8,0,0,0,1,4,0,0,3,2,0,0,5,4,0,0,8,0,0,82,-44,"Richmond","2019",2
7,"Butler, Dan",5,1,3,8,0,0,0,3,2,3,0,2,1,0,0,4,6,0,0,2,0,0,75,-44,"Richmond","2019",2
11,"Castagna, Jason",6,3,6,12,0,1,0,1,1,2,0,3,0,1,0,3,9,0,2,1,2,0,68,-44,"Richmond","2019",2
9,"Cotchin, Trent",18,2,4,22,0,0,0,1,1,8,6,3,0,0,0,12,10,0,1,3,0,2,77,-44,"Richmond","2019",2
10,"Edwards, Shane",11,3,9,20,2,0,0,0,2,4,5,4,1,2,0,9,10,0,0,2,0,2,85,-44,"Richmond","2019",2
5,"Ellis, Brandon",12,4,12,24,0,0,0,1,6,2,1,2,0,1,0,9,12,0,0,3,0,0,94,-44,"Richmond","2019",2
34,"Graham, Jack",7,2,9,16,0,0,0,4,1,2,1,4,0,2,0,5,11,0,0,0,0,0,85,-44,"Richmond","2019",2
2,"Grimes, Dylan",5,7,6,11,0,0,0,2,3,0,1,1,0,0,0,4,8,1,0,7,0,0,83,-44,"Richmond","2019",2
13,"Higgins, Jack",5,2,4,9,2,0,0,1,1,2,2,1,0,0,0,2,6,0,1,2,0,0,74,-44,"Richmond","2019",2
23,"Lambert, Kane",8,3,6,14,0,0,0,1,1,2,0,2,1,1,0,3,10,0,0,0,0,0,83,-44,"Richmond","2019",2
19,"Lynch, Tom",9,4,1,10,3,1,0,0,0,1,0,2,1,2,0,4,6,2,3,2,0,1,86,-44,"Richmond","2019",2
31,"Markov, Oleg",6,4,2,8,0,2,0,1,4,0,1,2,0,1,0,4,3,1,1,1,0,0,86,-44,"Richmond","2019",2
4,"Martin, Dustin",11,4,7,18,0,1,0,0,0,2,1,5,0,1,0,8,10,2,1,1,0,0,81,-44,"Richmond","2019",2
33,"McIntosh, Kamdyn",8,6,3,11,0,0,0,5,0,1,0,3,0,1,0,2,9,0,0,3,0,0,71,-44,"Richmond","2019",2
25,"Nankervis, Toby",8,4,7,15,0,0,21,4,1,3,3,4,2,3,0,8,6,0,0,3,0,0,87,-44,"Richmond","2019",2
3,"Prestia, Dion",10,6,7,17,0,0,0,4,3,4,1,4,0,4,0,3,17,0,0,0,0,0,84,-44,"Richmond","2019",2
8,"Riewoldt, Jack",8,2,3,11,0,0,1,0,0,6,4,2,1,0,0,4,7,0,0,0,0,0,81,-44,"Richmond","2019",2
17,"Rioli, Daniel",4,1,8,12,1,0,0,1,1,0,0,2,0,0,0,5,7,0,1,2,0,1,79,-44,"Richmond","2019",2
15,"Short, Jayden",15,5,1,16,2,0,0,1,2,2,1,1,0,1,0,3,10,0,1,1,1,0,78,-44,"Richmond","2019",2
1,"Vlastuin, Nick",9,5,6,15,0,0,0,1,5,0,1,5,0,4,0,5,8,1,0,10,0,0,86,-44,"Richmond","2019",2
16,"Weller, Maverick",8,4,8,16,0,0,0,0,3,1,0,5,0,1,0,7,10,1,0,2,0,0,78,-44,"Richmond","2019",2
0,"Rushed",0,0,0,0,0,1,0,0,0,0,0,0,0,0,0,0,0,0,0,0,0,0,0,-44,"Richmond","2019",2
14,"Aish, James",13,8,10,23,0,0,0,3,3,3,1,6,0,0,0,5,17,0,0,0,0,0,88,44,"Collingwood","2019",2
11,"Beams, Dayne",18,9,18,36,0,0,0,3,2,7,5,4,2,1,2,9,28,0,0,0,0,1,75,44,"Collingwood","2019",2
46,"Cox, Mason",8,7,3,11,2,3,5,0,0,0,0,1,1,1,0,5,6,1,4,0,0,0,77,44,"Collingwood","2019",2
25,"Crisp, Jack",24,14,8,32,0,0,0,3,4,3,1,6,3,1,0,9,23,1,0,2,0,0,87,44,"Collingwood","2019",2
2,"de Goey, Jordan",12,6,3,15,5,1,0,0,0,0,0,4,0,0,3,3,11,1,5,1,0,0,75,44,"Collingwood","2019",2
5,"Elliott, Jamie",6,3,4,10,1,1,0,1,0,1,0,1,2,0,0,3,7,1,2,0,0,3,74,44,"Collingwood","2019",2
19,"Greenwood, Levi",12,5,8,20,0,0,0,5,0,4,2,1,0,0,0,4,16,0,0,2,0,0,85,44,"Collingwood","2019",2
4,"Grundy, Brodie",8,7,15,23,0,0,27,2,2,2,6,3,4,1,0,11,13,1,0,4,0,1,92,44,"Collingwood","2019",2
38,"Howe, Jeremy",16,14,3,19,0,0,0,1,5,1,0,1,0,0,0,2,18,0,0,8,0,0,92,44,"Collingwood","2019",2
8,"Langdon, Tom",15,9,4,19,0,0,0,4,3,2,0,2,1,1,0,5,13,1,0,4,0,0,78,44,"Collingwood","2019",2
37,"Maynard, Brayden",11,4,6,17,0,0,0,6,3,0,1,2,0,0,0,3,13,0,0,2,0,0,79,44,"Collingwood","2019",2
16,"Mayne, Chris",18,11,15,33,1,0,0,2,4,1,1,1,0,0,0,5,26,0,0,3,0,0,85,44,"Collingwood","2019",2
41,"Mihocek, Brody",15,12,5,20,2,1,0,3,0,10,0,4,2,1,0,10,11,5,3,0,1,1,90,44,"Collingwood","2019",2
30,"Moore, Darcy",9,4,6,15,0,0,0,2,2,1,0,2,4,1,0,8,7,1,0,7,1,0,89,44,"Collingwood","2019",2
10,"Pendlebury, Scott",18,4,13,31,1,0,0,3,0,8,6,2,1,1,0,13,20,0,0,3,0,1,78,44,"Collingwood","2019",2
21,"Phillips, Tom",18,10,7,25,1,0,0,3,1,4,0,3,0,0,0,5,20,2,2,0,0,2,85,44,"Collingwood","2019",2
23,"Roughead, Jordan",15,13,5,20,0,0,0,3,3,0,0,1,0,0,0,4,16,0,0,8,0,0,87,44,"Collingwood","2019",2
22,"Sidebottom, Steele",12,12,9,21,0,1,0,2,0,5,2,2,0,1,0,2,20,0,0,3,0,0,89,44,"Collingwood","2019",2
1,"Stephenson, Jaidyn",12,9,5,17,2,0,0,1,1,1,0,1,0,0,0,5,13,1,1,2,1,3,77,44,"Collingwood","2019",2
24,"Thomas, Josh",11,5,5,16,1,0,0,2,1,3,0,3,1,0,0,6,10,0,2,0,1,1,82,44,"Collingwood","2019",2
7,"Treloar, Adam",18,6,21,39,1,0,0,7,1,6,5,2,4,0,1,13,27,0,0,0,1,0,73,44,"Collingwood","2019",2
18,"Varcoe, Travis",2,2,3,5,0,0,0,2,0,1,1,0,0,0,0,4,3,0,0,3,0,0,64,44,"Collingwood","2019",2
0,"Rushed",0,0,0,0,0,1,0,0,0,0,0,0,0,0,0,0,0,0,0,0,0,0,0,44,"Collingwood","2019",2
