"Number","Player","Kicks","Marks","Handballs","Disposals","Goals","Behinds","Hitouts","Tackles","Rebounds50s","Inside50s","Clearances","Clangers","FreesFor","FreesAgainst","BrownlowVotes","ContestedPossessions","UncontestedPossessions","ContestedMarks","MarksInside50","OnePercenters","Bounces","GoalAssists","PercentagePlayed","PointDifference","Team","Season","Round"
41,"Banfield, Bailey",5,3,6,11,0,0,0,6,0,2,1,3,1,3,0,8,4,1,0,2,0,0,73,-4,"Fremantle","2019",15
34,"Bewley, Brett",12,1,3,15,0,0,0,2,0,4,1,3,1,0,0,8,7,0,0,0,0,1,64,-4,"Fremantle","2019",15
19,"Blakely, Connor",14,5,17,31,0,0,0,4,3,4,2,4,0,1,0,10,19,1,0,2,0,0,89,-4,"Fremantle","2019",15
8,"Brayshaw, Andrew",6,1,3,9,0,0,0,9,1,3,1,1,0,0,0,4,4,0,0,0,0,1,61,-4,"Fremantle","2019",15
5,"Cerra, Adam",5,0,8,13,0,0,0,0,0,4,0,1,0,0,0,4,9,0,0,6,0,1,78,-4,"Fremantle","2019",15
6,"Conca, Reece",12,2,10,22,0,0,0,8,2,2,3,4,2,1,0,12,7,0,0,2,0,0,73,-4,"Fremantle","2019",15
36,"Cox, Brennan",3,4,8,11,1,0,4,4,0,1,2,0,0,0,0,7,5,1,0,2,0,0,92,-4,"Fremantle","2019",15
4,"Darcy, Sean",1,1,6,7,0,0,37,3,1,2,1,2,0,1,0,5,4,0,0,4,0,0,86,-4,"Fremantle","2019",15
7,"Fyfe, Nat",13,8,16,29,1,2,0,7,0,1,6,1,2,0,1,16,16,3,1,4,0,0,90,-4,"Fremantle","2019",15
21,"Hamling, Joel",8,4,5,13,0,0,0,0,5,0,0,4,1,1,0,3,11,0,0,14,0,0,95,-4,"Fremantle","2019",15
9,"Hill, Bradley",13,1,9,22,0,0,0,3,4,0,3,3,0,1,0,6,18,0,0,0,2,0,86,-4,"Fremantle","2019",15
15,"Hughes, Ethan",13,4,12,25,0,0,0,3,3,1,1,3,0,1,0,10,15,0,0,6,0,0,77,-4,"Fremantle","2019",15
26,"Langdon, Ed",22,4,4,26,0,1,0,3,3,3,5,5,0,0,0,12,10,2,0,0,0,0,89,-4,"Fremantle","2019",15
2,"Logue, Griffin",5,2,6,11,0,0,0,3,1,2,0,1,0,1,0,6,6,1,0,7,0,0,91,-4,"Fremantle","2019",15
3,"Matera, Brandon",8,3,2,10,1,0,0,0,1,2,1,5,0,2,0,1,7,0,1,0,1,0,76,-4,"Fremantle","2019",15
23,"McCarthy, Cam",9,4,1,10,4,0,0,0,0,2,0,3,1,2,0,2,7,1,3,0,0,1,94,-4,"Fremantle","2019",15
16,"Mundy, David",10,3,12,22,0,0,0,4,1,7,2,4,0,2,0,8,15,0,0,1,0,2,72,-4,"Fremantle","2019",15
38,"Ryan, Luke",14,2,4,18,0,0,0,2,7,0,0,3,0,1,0,5,10,0,0,6,0,0,85,-4,"Fremantle","2019",15
39,"Switkowski, Sam",6,1,8,14,1,0,0,5,0,2,0,3,3,2,0,9,6,0,0,1,0,0,73,-4,"Fremantle","2019",15
18,"Tucker, Darcy",12,2,7,19,1,1,0,10,0,3,5,2,0,0,0,11,9,0,0,1,0,0,84,-4,"Fremantle","2019",15
10,"Walters, Michael",12,6,5,17,2,1,0,1,1,2,5,1,2,0,0,7,10,0,2,3,0,0,88,-4,"Fremantle","2019",15
14,"Wilson, Nathan",16,5,5,21,0,1,0,1,7,1,1,1,0,0,0,5,16,0,0,2,0,0,84,-4,"Fremantle","2019",15
0,"Rushed",0,0,0,0,0,3,0,0,0,0,0,0,0,0,0,0,0,0,0,0,0,0,0,-4,"Fremantle","2019",15
41,"Casboult, Levi",8,6,5,13,1,1,14,3,0,1,2,3,2,0,0,7,7,1,1,5,0,1,87,4,"Carlton","2019",15
30,"Curnow, Charlie",1,1,1,2,0,1,0,0,0,0,0,0,0,0,0,1,1,0,1,0,0,0,10,4,"Carlton","2019",15
35,"Curnow, Ed",20,3,12,32,0,0,0,4,0,5,15,5,1,3,2,20,12,0,0,2,0,0,90,4,"Carlton","2019",15
2,"Dow, Paddy",4,3,3,7,1,1,0,3,0,1,1,1,0,1,0,5,4,0,2,1,0,1,76,4,"Carlton","2019",15
25,"Fisher, Zac",9,6,7,16,0,0,0,4,3,2,2,2,0,0,0,8,8,0,0,1,0,1,81,4,"Carlton","2019",15
40,"Gibbons, Michael",10,5,6,16,1,0,0,4,0,5,3,2,0,0,0,4,9,0,2,1,2,0,88,4,"Carlton","2019",15
14,"Jones, Liam",9,6,2,11,0,0,0,3,0,3,0,3,2,1,0,7,4,3,0,1,0,0,87,4,"Carlton","2019",15
7,"Kennedy, Matthew",6,4,7,13,2,0,0,1,0,1,1,2,2,2,0,7,6,0,1,0,0,0,82,4,"Carlton","2019",15
8,"Kreuzer, Matthew",6,2,3,9,0,0,32,5,0,3,3,1,0,0,0,6,4,0,0,4,0,0,82,4,"Carlton","2019",15
22,"Marchbank, Caleb",15,8,7,22,0,0,0,2,2,1,0,2,1,0,0,6,16,0,0,9,0,0,93,4,"Carlton","2019",15
11,"McGovern, Mitch",6,2,2,8,1,1,0,2,0,1,0,3,1,0,0,3,4,0,0,0,0,0,77,4,"Carlton","2019",15
3,"Murphy, Marc",21,2,13,34,1,1,0,3,2,4,7,1,3,1,3,14,19,0,1,3,0,0,88,4,"Carlton","2019",15
24,"Newman, Nic",16,7,9,25,0,0,0,4,5,6,0,0,1,0,0,9,12,1,0,0,0,1,78,4,"Carlton","2019",15
4,"OBrien, Lochie",11,6,7,18,0,2,0,1,1,3,1,5,0,0,0,5,11,0,1,0,0,1,89,4,"Carlton","2019",15
5,"Petrevski-Seton, Sam",11,5,12,23,1,0,0,5,1,4,2,2,0,0,0,15,9,1,1,3,0,0,83,4,"Carlton","2019",15
20,"Plowman, Lachie",14,6,5,19,0,0,0,2,4,4,0,3,1,1,0,7,11,1,0,5,0,0,98,4,"Carlton","2019",15
43,"Setterfield, Will",12,6,7,19,0,0,0,3,5,0,1,2,0,0,0,6,13,0,0,1,0,0,83,4,"Carlton","2019",15
1,"Silvagni, Jack",9,3,6,15,1,2,0,8,1,2,4,4,2,2,0,8,7,0,1,3,0,0,91,4,"Carlton","2019",15
6,"Simpson, Kade",12,1,3,15,1,0,0,1,4,1,1,1,1,0,0,7,6,0,0,1,0,0,74,4,"Carlton","2019",15
39,"Thomas, Dale",17,6,3,20,1,0,0,1,5,4,0,1,1,0,0,3,13,0,0,3,0,1,77,4,"Carlton","2019",15
18,"Walsh, Sam",19,4,11,30,0,2,0,8,1,2,3,7,0,0,0,10,17,0,0,0,1,1,91,4,"Carlton","2019",15
23,"Weitering, Jacob",14,6,0,14,0,0,0,0,2,0,0,3,1,2,0,5,9,1,0,6,0,0,93,4,"Carlton","2019",15
0,"Rushed",0,0,0,0,0,2,0,0,0,0,0,0,0,0,0,0,0,0,0,0,0,0,0,4,"Carlton","2019",15
