"Number","Player","Kicks","Marks","Handballs","Disposals","Goals","Behinds","Hitouts","Tackles","Rebounds50s","Inside50s","Clearances","Clangers","FreesFor","FreesAgainst","BrownlowVotes","ContestedPossessions","UncontestedPossessions","ContestedMarks","MarksInside50","OnePercenters","Bounces","GoalAssists","PercentagePlayed","PointDifference","Team","Season","Round"
41,"Banfield, Bailey",6,1,4,10,1,0,0,6,0,1,0,3,1,2,0,1,7,0,0,3,0,0,70,34,"Fremantle","2019",20
19,"Blakely, Connor",15,5,7,22,0,0,0,4,4,3,1,3,1,1,0,6,16,0,0,4,0,0,82,34,"Fremantle","2019",20
8,"Brayshaw, Andrew",5,1,9,14,1,0,0,7,0,2,6,2,0,1,0,10,5,0,0,1,0,0,68,34,"Fremantle","2019",20
35,"Carter, Jason",5,2,4,9,0,0,0,4,0,0,0,0,2,0,0,3,7,0,0,1,0,0,74,34,"Fremantle","2019",20
5,"Cerra, Adam",13,7,2,15,0,0,0,2,4,0,0,1,1,0,0,2,12,0,0,4,0,0,83,34,"Fremantle","2019",20
6,"Conca, Reece",9,6,6,15,0,0,0,4,3,2,1,2,0,1,0,4,11,0,0,1,0,0,67,34,"Fremantle","2019",20
12,"Crowden, Mitch",5,2,4,9,2,0,0,4,0,2,0,0,0,0,0,2,7,0,2,0,0,0,79,34,"Fremantle","2019",20
4,"Darcy, Sean",4,3,4,8,1,1,22,2,0,2,1,4,0,4,0,3,5,0,2,1,0,1,89,34,"Fremantle","2019",20
44,"Duman, Taylin",13,4,1,14,1,0,0,4,3,2,2,3,1,1,0,7,5,1,0,3,0,0,86,34,"Fremantle","2019",20
7,"Fyfe, Nat",13,4,14,27,2,1,0,4,0,2,11,3,2,2,3,23,6,2,3,2,0,0,86,34,"Fremantle","2019",20
21,"Hamling, Joel",7,5,3,10,0,0,0,0,5,2,0,1,2,0,0,6,5,2,0,12,0,0,99,34,"Fremantle","2019",20
9,"Hill, Bradley",18,6,9,27,0,0,0,4,6,4,0,2,1,1,1,4,22,0,1,0,2,1,90,34,"Fremantle","2019",20
15,"Hughes, Ethan",10,7,12,22,0,0,0,3,2,2,1,1,2,1,0,9,13,3,0,4,0,0,80,34,"Fremantle","2019",20
26,"Langdon, Ed",16,4,12,28,2,1,0,5,2,4,1,5,1,2,0,11,16,0,1,0,0,0,91,34,"Fremantle","2019",20
2,"Logue, Griffin",5,4,4,9,0,0,0,0,2,0,0,3,0,1,0,4,6,0,0,6,1,0,98,34,"Fremantle","2019",20
3,"Matera, Brandon",13,5,1,14,1,4,0,5,0,6,0,4,0,2,0,6,7,0,2,0,0,0,75,34,"Fremantle","2019",20
16,"Mundy, David",4,3,4,8,2,0,0,1,0,1,0,2,0,1,0,4,4,1,1,0,0,1,87,34,"Fremantle","2019",20
31,"Sandilands, Aaron",3,2,12,15,0,0,39,1,0,6,2,5,0,2,0,9,6,0,0,4,0,0,80,34,"Fremantle","2019",20
28,"Schultz, Lachie",7,2,5,12,0,1,0,3,0,2,0,5,1,2,0,6,6,0,0,0,0,0,74,34,"Fremantle","2019",20
39,"Switkowski, Sam",9,5,4,13,0,1,0,9,0,5,2,1,2,0,0,7,7,0,1,4,0,2,80,34,"Fremantle","2019",20
18,"Tucker, Darcy",11,4,10,21,0,0,0,8,2,6,2,3,0,1,0,8,12,0,0,1,0,1,74,34,"Fremantle","2019",20
10,"Walters, Michael",20,5,9,29,1,1,0,4,1,4,8,0,3,0,2,17,13,1,0,0,1,0,88,34,"Fremantle","2019",20
0,"Rushed",0,0,0,0,0,1,0,0,0,0,0,0,0,0,0,0,0,0,0,0,0,0,0,34,"Fremantle","2019",20
4,"Ablett, Gary",9,2,8,17,1,1,0,8,1,5,4,5,1,3,0,10,9,0,1,0,0,0,90,-34,"Geelong","2019",20
30,"Atkins, Tom",6,0,9,15,0,0,0,5,0,3,1,0,1,0,0,11,7,0,0,3,0,1,86,-34,"Geelong","2019",20
24,"Bews, Jed",10,4,2,12,0,1,0,2,2,1,0,1,0,1,0,6,7,0,0,3,0,0,84,-34,"Geelong","2019",20
46,"Blicavs, Mark",10,6,3,13,0,0,2,3,4,1,2,0,3,0,0,7,7,0,0,3,0,0,89,-34,"Geelong","2019",20
6,"Clark, Jordan",3,1,4,7,1,0,0,3,2,0,1,3,1,2,0,4,3,0,0,1,1,0,75,-34,"Geelong","2019",20
35,"Dangerfield, Patrick",9,5,7,16,0,2,0,3,0,3,2,4,1,2,0,6,10,2,2,0,3,1,80,-34,"Geelong","2019",20
22,"Duncan, Mitch",15,9,8,23,0,0,0,2,2,4,3,5,2,2,0,7,15,0,1,1,1,1,82,-34,"Geelong","2019",20
29,"Guthrie, Cameron",12,3,6,18,2,0,0,4,5,0,3,1,1,0,0,9,9,0,0,0,0,0,73,-34,"Geelong","2019",20
26,"Hawkins, Tom",9,5,5,14,3,0,1,0,0,1,1,3,1,2,0,5,9,2,4,0,0,1,95,-34,"Geelong","2019",20
25,"Henderson, Lachie",10,4,5,15,0,0,0,1,4,2,0,1,1,0,0,7,7,2,0,5,0,1,90,-34,"Geelong","2019",20
38,"Henry, Jack",8,3,3,11,0,0,0,1,4,0,0,1,1,0,0,4,8,1,0,5,0,0,87,-34,"Geelong","2019",20
11,"Kelly, Tim",15,2,10,25,1,1,0,4,0,2,5,4,3,1,0,11,11,0,0,0,2,1,85,-34,"Geelong","2019",20
8,"Kolodjashnij, Jake",5,3,4,9,0,0,0,1,0,1,1,3,0,1,0,3,6,0,0,1,0,0,86,-34,"Geelong","2019",20
27,"Menegola, Sam",13,4,3,16,0,0,0,5,3,4,1,2,0,2,0,5,11,0,0,0,0,0,78,-34,"Geelong","2019",20
32,"Miers, Gryan",6,0,5,11,0,0,0,3,0,3,2,1,2,0,0,7,2,0,0,0,0,0,84,-34,"Geelong","2019",20
17,"Ratugolea, Esava",3,3,2,5,0,1,8,2,0,0,0,1,1,0,0,4,2,3,1,1,0,0,77,-34,"Geelong","2019",20
23,"Rohan, Gary",3,3,1,4,1,0,0,2,0,2,0,0,0,0,0,1,3,1,1,1,0,1,56,-34,"Geelong","2019",20
14,"Selwood, Joel",11,0,4,15,0,0,0,5,1,6,6,1,1,1,0,8,6,0,0,5,0,1,73,-34,"Geelong","2019",20
16,"Selwood, Scott",7,2,8,15,0,1,0,9,1,3,3,6,3,3,0,9,7,0,0,2,0,0,90,-34,"Geelong","2019",20
9,"Smith, Zac",7,1,7,14,0,0,14,5,1,1,6,3,1,0,0,7,5,0,0,3,0,0,69,-34,"Geelong","2019",20
44,"Stewart, Tom",19,9,5,24,0,0,0,1,12,1,1,5,1,0,0,6,12,1,0,2,0,0,82,-34,"Geelong","2019",20
2,"Tuohy, Zach",9,5,3,12,0,0,0,1,2,0,0,0,0,0,0,2,7,0,0,1,0,0,92,-34,"Geelong","2019",20
0,"Totals",199,74,112,311,9,7,25,70,44,43,42,50,25,20,0,139,163,12,10,37,7,8,0,-34,"Geelong","2019",20
