"Number","Player","Kicks","Marks","Handballs","Disposals","Goals","Behinds","Hitouts","Tackles","Rebounds50s","Inside50s","Clearances","Clangers","FreesFor","FreesAgainst","BrownlowVotes","ContestedPossessions","UncontestedPossessions","ContestedMarks","MarksInside50","OnePercenters","Bounces","GoalAssists","PercentagePlayed","PointDifference","Team","Season","Round"
13,"Adams, Taylor",11,6,12,23,0,0,0,6,0,4,5,2,1,1,0,9,14,0,0,1,0,3,72,69,"Collingwood","2019",20
17,"Brown, Callum",7,5,7,14,1,0,0,2,0,1,0,1,0,0,0,2,12,0,2,3,0,1,84,69,"Collingwood","2019",20
46,"Cox, Mason",2,2,2,4,1,1,4,0,0,0,1,0,1,0,0,2,2,0,2,1,0,0,48,69,"Collingwood","2019",20
25,"Crisp, Jack",19,12,10,29,0,0,0,3,4,4,1,2,0,0,0,5,23,1,0,4,1,1,90,69,"Collingwood","2019",20
26,"Daicos, Josh",10,6,12,22,0,0,0,3,2,0,2,3,0,1,0,3,19,0,0,0,1,0,86,69,"Collingwood","2019",20
5,"Elliott, Jamie",11,7,1,12,2,2,0,0,0,4,0,1,0,0,0,5,7,2,1,0,0,0,78,69,"Collingwood","2019",20
19,"Greenwood, Levi",9,5,4,13,0,0,0,2,1,0,0,2,0,0,0,3,10,1,0,0,0,0,74,69,"Collingwood","2019",20
4,"Grundy, Brodie",15,6,11,26,1,0,43,5,1,4,8,6,0,3,1,12,14,1,0,1,0,0,88,69,"Collingwood","2019",20
32,"Hoskin-Elliott, Will",12,11,5,17,4,1,0,2,0,1,0,2,0,0,0,4,13,2,5,2,0,1,86,69,"Collingwood","2019",20
38,"Howe, Jeremy",16,11,5,21,0,0,0,0,5,3,0,1,1,0,0,5,14,1,0,8,0,0,85,69,"Collingwood","2019",20
37,"Maynard, Brayden",12,4,8,20,0,0,0,4,3,4,0,3,1,1,0,6,13,1,0,2,0,0,85,69,"Collingwood","2019",20
16,"Mayne, Chris",9,5,8,17,0,0,0,8,1,0,0,0,1,0,0,3,15,0,0,3,0,0,91,69,"Collingwood","2019",20
41,"Mihocek, Brody",7,10,7,14,2,2,0,2,1,2,0,2,0,2,0,7,8,4,4,2,0,1,91,69,"Collingwood","2019",20
10,"Pendlebury, Scott",14,4,10,24,1,1,0,10,1,2,4,3,2,1,0,8,16,0,0,3,0,0,78,69,"Collingwood","2019",20
21,"Phillips, Tom",20,8,5,25,0,0,0,0,5,4,5,0,0,0,0,7,18,0,0,0,1,0,92,69,"Collingwood","2019",20
23,"Roughead, Jordan",12,9,1,13,0,0,0,2,1,2,0,1,2,0,0,5,9,2,0,7,0,0,94,69,"Collingwood","2019",20
12,"Scharenberg, Matt",9,7,11,20,0,0,0,3,2,1,1,1,1,1,0,7,12,1,0,10,0,0,81,69,"Collingwood","2019",20
22,"Sidebottom, Steele",14,5,13,27,2,1,0,7,1,4,2,3,0,0,2,8,17,0,2,1,1,1,90,69,"Collingwood","2019",20
24,"Thomas, Josh",6,4,9,15,1,1,0,0,0,0,0,1,1,0,0,3,12,0,1,1,0,1,79,69,"Collingwood","2019",20
7,"Treloar, Adam",19,8,16,35,1,1,0,2,1,9,10,1,4,1,3,15,20,1,0,0,1,3,82,69,"Collingwood","2019",20
18,"Varcoe, Travis",6,6,6,12,2,1,0,1,0,1,0,3,0,1,0,3,9,1,3,1,0,1,76,69,"Collingwood","2019",20
33,"Wills, Rupert",5,2,18,23,0,0,0,6,0,2,5,0,2,0,0,9,14,0,0,1,0,0,70,69,"Collingwood","2019",20
0,"Rushed",0,0,0,0,0,1,0,0,0,0,0,0,0,0,0,0,0,0,0,0,0,0,0,69,"Collingwood","2019",20
9,"Ainsworth, Ben",7,5,7,14,0,1,0,1,1,1,0,1,0,0,0,5,9,1,0,1,0,0,67,-69,"Gold Coast","2019",20
10,"Ballard, Charlie",21,15,1,22,0,0,0,0,8,1,0,0,1,0,0,7,15,3,0,5,0,0,90,-69,"Gold Coast","2019",20
3,"Bowes, Jack",4,3,10,14,0,0,0,0,0,1,1,1,0,0,0,5,8,0,0,0,0,0,72,-69,"Gold Coast","2019",20
29,"Burgess, Chris",3,3,8,11,0,0,0,1,2,0,0,1,0,0,0,4,7,0,0,6,0,0,97,-69,"Gold Coast","2019",20
45,"Dawson, Jacob",14,14,8,22,0,0,0,0,1,1,0,1,0,0,0,5,15,2,0,3,0,0,85,-69,"Gold Coast","2019",20
12,"Day, Sam",10,8,4,14,1,1,1,1,0,0,0,4,1,2,0,5,8,1,2,0,0,0,87,-69,"Gold Coast","2019",20
8,"Fiorini, Brayden",11,5,12,23,0,0,0,2,1,4,5,1,1,0,0,8,15,0,0,0,0,1,79,-69,"Gold Coast","2019",20
1,"Hanley, Pearce",5,4,8,13,0,0,0,1,0,1,1,2,0,0,0,5,8,0,0,1,0,0,73,-69,"Gold Coast","2019",20
5,"Harbrow, Jarrod",15,11,3,18,0,0,0,1,0,0,0,2,1,0,0,2,16,0,0,4,0,0,89,-69,"Gold Coast","2019",20
34,"King, Ben",5,3,0,5,3,1,0,1,0,2,0,0,0,0,0,3,3,1,2,3,0,1,79,-69,"Gold Coast","2019",20
23,"Lemmens, Sean",10,3,3,13,0,0,0,4,1,3,3,4,0,1,0,6,8,0,1,0,0,1,75,-69,"Gold Coast","2019",20
41,"Lukosius, Jack",18,9,3,21,0,0,0,3,7,2,0,6,0,0,0,6,12,0,0,4,0,0,85,-69,"Gold Coast","2019",20
44,"Macpherson, Darcy",9,7,6,15,0,0,0,5,0,2,0,2,0,1,0,1,16,0,1,1,0,0,85,-69,"Gold Coast","2019",20
4,"Martin, Jack",6,4,2,8,1,0,0,4,0,1,0,4,1,1,0,2,6,0,1,0,0,0,78,-69,"Gold Coast","2019",20
2,"Miles, Anthony",16,5,8,24,0,0,0,10,2,5,3,6,0,3,0,5,19,0,0,0,0,0,76,-69,"Gold Coast","2019",20
11,"Miller, Touk",9,4,17,26,0,0,0,8,1,1,3,5,1,3,0,9,17,0,0,1,0,0,93,-69,"Gold Coast","2019",20
35,"Rischitelli, Michael",9,5,3,12,0,0,0,1,1,0,0,0,0,0,0,4,9,1,0,1,0,0,85,-69,"Gold Coast","2019",20
6,"Sexton, Alex",8,2,2,10,3,0,0,4,0,4,1,3,2,1,0,4,6,0,1,0,0,2,83,-69,"Gold Coast","2019",20
24,"Swallow, David",12,6,8,20,0,0,0,4,2,1,6,5,2,2,0,12,11,1,0,2,0,0,79,-69,"Gold Coast","2019",20
14,"Weller, Lachie",14,6,6,20,0,0,0,2,3,3,3,2,0,1,0,5,15,0,0,0,0,0,80,-69,"Gold Coast","2019",20
28,"Witts, Jarrod",7,6,8,15,0,0,27,4,2,2,3,3,2,1,0,5,10,0,0,2,0,0,72,-69,"Gold Coast","2019",20
30,"Wright, Peter",5,2,1,6,0,0,5,4,1,2,0,2,0,1,0,1,4,1,0,4,0,0,87,-69,"Gold Coast","2019",20
0,"Totals",218,130,128,346,8,3,33,61,33,37,29,55,12,17,0,109,237,11,8,38,0,5,0,-69,"Gold Coast","2019",20
