"Number","Player","Kicks","Marks","Handballs","Disposals","Goals","Behinds","Hitouts","Tackles","Rebounds50s","Inside50s","Clearances","Clangers","FreesFor","FreesAgainst","BrownlowVotes","ContestedPossessions","UncontestedPossessions","ContestedMarks","MarksInside50","OnePercenters","Bounces","GoalAssists","PercentagePlayed","PointDifference","Team","Season","Round"
29,"Ambrose, Patrick",5,4,1,6,0,0,0,1,2,0,0,1,0,1,0,3,4,2,0,7,0,0,76,41,"Essendon","2019",11
12,"Baguley, Mark",6,2,3,9,2,0,0,5,0,2,1,0,1,0,0,4,5,1,0,1,0,0,89,41,"Essendon","2019",11
16,"Begley, Josh",10,4,5,15,0,0,0,3,1,1,0,4,1,0,0,4,11,0,1,1,0,0,82,41,"Essendon","2019",11
2,"Bellchambers, Tom",0,2,2,2,0,0,39,3,3,0,1,4,0,4,0,0,3,0,0,1,0,0,78,41,"Essendon","2019",11
37,"Clarke, Dylan",10,4,13,23,0,0,0,10,1,5,6,5,1,0,0,9,14,0,1,2,0,0,82,41,"Essendon","2019",11
10,"Francis, Aaron",2,1,6,8,0,0,0,2,1,1,0,2,0,0,0,5,4,1,0,1,0,1,86,41,"Essendon","2019",11
35,"Guelfi, Matt",13,5,9,22,0,0,0,7,2,2,1,4,0,0,0,8,14,0,1,4,0,0,65,41,"Essendon","2019",11
21,"Heppell, Dyson",17,5,19,36,1,0,0,2,2,5,7,3,1,1,3,22,14,0,1,0,0,2,85,41,"Essendon","2019",11
26,"Hooker, Cale",16,11,15,31,0,0,0,1,6,1,0,4,1,0,0,8,19,1,0,4,0,0,93,41,"Essendon","2019",11
18,"Hurley, Michael",19,12,9,28,0,0,0,0,9,0,0,1,0,0,1,9,16,4,0,4,0,0,92,41,"Essendon","2019",11
4,"Langford, Kyle",10,3,6,16,1,0,0,4,1,3,3,3,2,2,0,9,8,0,1,3,1,0,77,41,"Essendon","2019",11
15,"Laverde, Jayden",8,5,4,12,2,2,0,4,0,1,0,2,1,0,0,4,8,1,3,1,0,0,82,41,"Essendon","2019",11
43,"McDonald-Tipungwuti, Anthony",8,2,5,13,3,1,0,7,0,1,2,2,2,1,0,9,4,0,1,0,1,0,75,41,"Essendon","2019",11
1,"McGrath, Andrew",16,6,16,32,0,0,0,2,1,4,3,3,0,0,0,11,20,0,0,0,0,2,69,41,"Essendon","2019",11
45,"McKenna, Conor",13,6,12,25,0,0,0,1,5,3,3,2,1,0,0,5,16,0,0,2,6,0,90,41,"Essendon","2019",11
44,"McKernan, Shaun",8,4,1,9,0,1,5,1,1,1,3,5,0,2,0,5,5,2,3,5,0,0,86,41,"Essendon","2019",11
41,"McNiece, Ben",9,4,7,16,0,0,0,2,5,0,1,1,2,1,0,7,8,0,0,3,0,0,85,41,"Essendon","2019",11
7,"Merrett, Zach",13,4,9,22,0,1,0,8,1,4,2,5,3,1,0,10,14,0,0,3,0,0,76,41,"Essendon","2019",11
3,"Parish, Darcy",16,2,15,31,2,0,0,3,0,6,11,3,0,1,2,13,17,0,1,1,0,0,79,41,"Essendon","2019",11
27,"Redman, Mason",16,4,2,18,0,0,0,0,3,1,0,2,2,1,0,3,15,1,0,3,0,0,80,41,"Essendon","2019",11
42,"Saad, Adam",16,5,3,19,0,0,0,1,2,3,1,5,0,0,0,1,16,0,0,0,2,0,84,41,"Essendon","2019",11
11,"Zaharakis, David",15,5,10,25,0,2,0,1,0,6,5,4,0,1,0,12,12,0,1,2,0,0,89,41,"Essendon","2019",11
0,"Rushed",0,0,0,0,0,1,0,0,0,0,0,0,0,0,0,0,0,0,0,0,0,0,0,41,"Essendon","2019",11
41,"Casboult, Levi",6,5,2,8,0,0,10,3,5,0,2,2,1,0,0,3,5,0,0,10,0,0,90,-41,"Carlton","2019",11
9,"Cripps, Patrick",2,3,9,11,0,0,0,8,0,0,2,1,1,1,0,9,2,1,0,0,0,0,89,-41,"Carlton","2019",11
28,"Cuningham, David",11,2,10,21,0,0,0,4,1,4,2,5,1,0,0,7,13,0,0,0,0,0,74,-41,"Carlton","2019",11
30,"Curnow, Charlie",11,6,1,12,2,1,0,2,0,3,0,2,1,0,0,7,6,3,1,3,0,0,93,-41,"Carlton","2019",11
35,"Curnow, Ed",5,3,12,17,0,0,0,6,0,2,4,1,0,0,0,8,10,0,0,0,0,0,81,-41,"Carlton","2019",11
2,"Dow, Paddy",11,0,10,21,0,0,0,5,2,5,5,6,0,2,0,10,10,0,0,1,0,1,76,-41,"Carlton","2019",11
32,"Fasolo, Alex",2,2,4,6,0,0,0,2,0,0,0,2,0,2,0,5,3,1,1,1,0,1,75,-41,"Carlton","2019",11
25,"Fisher, Zac",10,3,4,14,0,1,0,1,0,5,4,4,0,0,0,5,9,0,0,1,0,0,77,-41,"Carlton","2019",11
40,"Gibbons, Michael",13,3,2,15,0,1,0,3,0,9,2,2,0,0,0,2,11,0,0,0,0,1,86,-41,"Carlton","2019",11
7,"Kennedy, Matthew",6,1,2,8,0,0,0,2,0,0,3,3,0,0,0,4,3,0,0,0,0,0,76,-41,"Carlton","2019",11
8,"Kreuzer, Matthew",13,3,9,22,1,0,32,3,2,1,8,3,6,0,0,17,6,0,1,2,0,0,82,-41,"Carlton","2019",11
16,"Lang, Darcy",4,3,4,8,0,2,0,2,0,1,0,2,1,1,0,2,6,0,2,0,0,0,66,-41,"Carlton","2019",11
22,"Marchbank, Caleb",9,2,3,12,0,0,0,3,3,0,1,3,0,3,0,8,3,0,0,9,0,0,96,-41,"Carlton","2019",11
10,"McKay, Harry",9,9,2,11,1,2,1,0,0,3,0,2,0,0,0,4,7,2,4,2,0,0,78,-41,"Carlton","2019",11
24,"Newman, Nic",18,3,5,23,0,1,0,3,8,2,1,10,2,2,0,7,12,0,0,3,0,0,91,-41,"Carlton","2019",11
5,"Petrevski-Seton, Sam",15,3,1,16,0,0,0,9,4,2,0,6,0,1,0,7,10,0,0,2,0,0,78,-41,"Carlton","2019",11
20,"Plowman, Lachie",8,1,3,11,0,0,0,1,1,2,0,0,1,0,0,5,4,0,0,3,0,0,97,-41,"Carlton","2019",11
43,"Setterfield, Will",10,1,8,18,0,0,0,4,1,5,3,6,0,1,0,9,10,0,0,3,0,1,76,-41,"Carlton","2019",11
1,"Silvagni, Jack",8,3,3,11,0,0,0,5,0,3,0,5,0,2,0,2,9,0,0,0,0,0,71,-41,"Carlton","2019",11
13,"Stocker, Liam",9,1,3,12,0,0,0,1,4,1,1,4,1,3,0,6,3,0,0,2,0,0,66,-41,"Carlton","2019",11
18,"Walsh, Sam",11,5,10,21,0,0,0,2,3,2,2,3,1,0,0,8,12,0,0,0,0,0,88,-41,"Carlton","2019",11
23,"Weitering, Jacob",10,5,3,13,0,0,0,2,4,0,0,3,0,0,0,8,5,2,0,11,0,0,97,-41,"Carlton","2019",11
0,"Rushed",0,0,0,0,0,1,0,0,0,0,0,0,0,0,0,0,0,0,0,0,0,0,0,-41,"Carlton","2019",11
