"Number","Player","Kicks","Marks","Handballs","Disposals","Goals","Behinds","Hitouts","Tackles","Rebounds50s","Inside50s","Clearances","Clangers","FreesFor","FreesAgainst","BrownlowVotes","ContestedPossessions","UncontestedPossessions","ContestedMarks","MarksInside50","OnePercenters","Bounces","GoalAssists","PercentagePlayed","PointDifference","Team","Season","Round"
4,"Ablett, Gary",12,2,13,25,0,3,0,3,4,4,1,2,1,1,0,13,10,0,1,0,0,0,87,80,"Geelong","2019",2
30,"Atkins, Tom",4,0,8,12,0,0,0,8,1,0,0,3,0,1,0,8,3,0,0,2,0,0,77,80,"Geelong","2019",2
46,"Blicavs, Mark",10,4,3,13,0,0,0,4,4,0,0,4,0,1,0,7,7,0,0,7,0,0,95,80,"Geelong","2019",2
6,"Clark, Jordan",11,3,4,15,1,0,0,4,4,2,0,3,3,3,0,4,12,0,0,3,2,1,81,80,"Geelong","2019",2
18,"Constable, Charlie",13,4,18,31,1,0,0,4,3,2,5,5,0,1,0,13,15,0,1,1,0,0,69,80,"Geelong","2019",2
40,"Dahlhaus, Luke",8,0,13,21,2,0,0,11,0,1,2,2,1,0,0,7,14,0,0,2,0,1,87,80,"Geelong","2019",2
35,"Dangerfield, Patrick",18,6,19,37,2,0,1,4,4,5,5,5,1,2,3,24,11,2,1,3,0,2,86,80,"Geelong","2019",2
22,"Duncan, Mitch",17,7,9,26,1,0,0,3,4,1,0,1,0,0,0,7,18,0,0,3,0,0,89,80,"Geelong","2019",2
26,"Hawkins, Tom",10,5,6,16,2,0,0,3,0,2,2,0,0,0,0,10,8,2,3,6,0,3,94,80,"Geelong","2019",2
38,"Henry, Jack",5,1,0,5,0,0,0,2,1,1,0,0,0,0,0,1,2,0,0,1,1,0,39,80,"Geelong","2019",2
11,"Kelly, Tim",14,2,16,30,1,2,0,5,1,3,12,4,3,0,2,20,10,0,0,0,0,0,86,80,"Geelong","2019",2
8,"Kolodjashnij, Jake",12,5,5,17,0,0,0,3,6,2,0,0,2,0,0,5,12,1,0,8,0,1,89,80,"Geelong","2019",2
27,"Menegola, Sam",8,3,13,21,1,0,0,7,4,4,1,3,1,0,0,9,12,0,0,0,0,1,74,80,"Geelong","2019",2
32,"Miers, Gryan",9,3,11,20,1,0,0,2,2,2,3,2,1,0,0,11,8,0,1,0,0,2,84,80,"Geelong","2019",2
42,"OConnor, Mark",7,4,4,11,1,0,0,2,1,0,0,0,1,0,0,5,6,0,0,3,0,0,87,80,"Geelong","2019",2
3,"Parfitt, Brandan",9,1,10,19,1,0,0,10,3,4,3,1,1,0,0,9,8,0,0,0,0,1,84,80,"Geelong","2019",2
17,"Ratugolea, Esava",5,1,1,6,1,0,9,4,0,2,0,2,3,1,0,5,3,0,0,1,0,0,64,80,"Geelong","2019",2
23,"Rohan, Gary",7,1,2,9,3,0,0,2,0,4,0,1,1,0,0,6,5,1,0,3,0,1,87,80,"Geelong","2019",2
14,"Selwood, Joel",13,1,5,18,2,0,0,7,4,0,2,2,3,1,0,10,9,0,0,3,0,0,88,80,"Geelong","2019",2
1,"Stanley, Rhys",8,3,6,14,0,0,27,0,0,4,3,6,1,3,0,6,6,0,1,8,0,0,82,80,"Geelong","2019",2
44,"Stewart, Tom",22,6,5,27,0,0,0,5,13,3,2,1,1,0,1,6,15,0,0,4,0,0,87,80,"Geelong","2019",2
7,"Taylor, Harry",7,3,7,14,0,0,0,2,6,2,0,3,0,1,0,9,7,0,0,7,0,0,85,80,"Geelong","2019",2
0,"Rushed",0,0,0,0,0,1,0,0,0,0,0,0,0,0,0,0,0,0,0,0,0,0,0,80,"Geelong","2019",2
10,"Brayshaw, Angus",22,2,11,33,1,0,0,4,1,8,7,4,1,0,0,17,14,0,0,0,0,1,81,-80,"Melbourne","2019",2
31,"Fritsch, Bayley",8,4,8,16,0,2,0,8,0,3,0,2,2,0,0,4,12,0,0,5,0,0,75,-80,"Melbourne","2019",2
17,"Frost, Sam",5,1,2,7,0,0,0,4,1,0,0,2,0,2,0,3,5,0,0,6,0,0,84,-80,"Melbourne","2019",2
11,"Gawn, Max",13,1,0,13,0,0,53,4,3,5,7,1,2,0,0,11,5,0,0,5,0,0,89,-80,"Melbourne","2019",2
4,"Harmes, James",12,2,11,23,0,1,0,9,0,2,7,7,0,3,0,17,7,0,1,3,0,1,83,-80,"Melbourne","2019",2
14,"Hibberd, Michael",9,1,5,14,0,0,0,3,3,4,1,1,1,0,0,4,10,0,0,1,0,0,85,-80,"Melbourne","2019",2
29,"Hunt, Jayden",4,0,5,9,0,0,0,4,0,3,0,0,1,0,0,5,3,0,0,2,0,0,87,-80,"Melbourne","2019",2
39,"Jetta, Neville",4,2,4,8,0,0,0,6,2,2,0,5,1,4,0,5,3,1,0,3,0,0,81,-80,"Melbourne","2019",2
2,"Jones, Nathan",11,5,11,22,0,0,0,2,1,5,4,3,0,0,0,8,16,0,0,3,0,0,78,-80,"Melbourne","2019",2
16,"Kolodjashnij, Kade",4,2,1,5,0,0,0,4,0,1,0,2,0,0,0,2,5,0,0,2,0,0,67,-80,"Melbourne","2019",2
41,"Lockhart, Jay",4,2,2,6,1,0,0,2,1,1,0,3,1,3,0,3,4,0,0,1,0,0,76,-80,"Melbourne","2019",2
1,"May, Steven",6,1,0,6,0,0,0,0,6,0,0,2,0,1,0,1,3,0,0,6,0,0,55,-80,"Melbourne","2019",2
28,"McDonald, Oscar",4,1,4,8,0,0,0,3,3,0,0,3,0,2,0,6,3,0,0,12,0,0,90,-80,"Melbourne","2019",2
25,"McDonald, Tom",9,3,7,16,0,2,3,3,0,2,1,3,0,1,0,4,11,0,2,2,0,1,91,-80,"Melbourne","2019",2
18,"Melksham, Jake",9,7,5,14,2,1,0,3,1,3,2,3,1,1,0,7,7,1,4,1,0,0,85,-80,"Melbourne","2019",2
30,"Neal-Bullen, Alex",7,1,2,9,0,0,0,4,0,5,4,1,1,0,0,6,4,0,0,2,0,0,90,-80,"Melbourne","2019",2
13,"Oliver, Clayton",15,2,29,44,0,0,0,6,1,8,13,5,0,1,0,25,17,0,0,4,1,0,85,-80,"Melbourne","2019",2
5,"Petracca, Christian",8,1,8,16,0,0,0,7,0,7,3,3,1,1,0,11,5,1,0,0,0,1,86,-80,"Melbourne","2019",2
3,"Salem, Christian",14,3,9,23,0,0,0,6,2,5,1,8,0,1,0,13,9,1,0,2,0,0,91,-80,"Melbourne","2019",2
32,"Sparrow, Tom",5,1,3,8,0,2,0,5,1,0,0,4,0,2,0,4,5,0,0,1,0,0,76,-80,"Melbourne","2019",2
7,"Viney, Jack",11,4,16,27,1,1,0,8,0,8,5,2,2,1,0,14,12,1,0,1,0,0,74,-80,"Melbourne","2019",2
26,"Weideman, Sam",5,4,7,12,1,1,0,2,1,0,1,1,1,0,0,7,6,0,1,2,0,0,91,-80,"Melbourne","2019",2
0,"Totals",189,50,150,339,6,10,56,97,27,72,56,65,15,23,0,177,166,5,8,64,1,4,0,-80,"Melbourne","2019",2
