"Number","Player","Kicks","Marks","Handballs","Disposals","Goals","Behinds","Hitouts","Tackles","Rebounds50s","Inside50s","Clearances","Clangers","FreesFor","FreesAgainst","BrownlowVotes","ContestedPossessions","UncontestedPossessions","ContestedMarks","MarksInside50","OnePercenters","Bounces","GoalAssists","PercentagePlayed","PointDifference","Team","Season","Round"
12,"Astbury, David",7,7,8,15,0,0,0,1,3,1,0,1,0,0,0,2,13,0,0,7,0,0,86,22,"Richmond","2019",5
48,"Baker, Liam",6,1,15,21,1,1,0,4,1,3,3,1,0,0,0,8,11,0,0,2,2,1,74,22,"Richmond","2019",5
38,"Balta, Noah",8,3,1,9,2,0,4,1,0,5,0,2,0,1,0,4,6,1,2,2,0,0,58,22,"Richmond","2019",5
29,"Bolton, Shai",8,3,2,10,0,2,0,2,0,6,0,4,1,2,0,4,10,0,0,5,2,2,69,22,"Richmond","2019",5
35,"Broad, Nathan",6,3,7,13,0,0,0,4,3,0,0,1,0,0,0,5,8,0,0,4,0,0,88,22,"Richmond","2019",5
22,"Caddy, Josh",8,3,7,15,2,0,0,5,0,2,1,2,2,1,0,7,9,0,1,0,0,1,86,22,"Richmond","2019",5
11,"Castagna, Jason",4,2,10,14,1,1,0,8,0,3,0,1,0,1,0,4,10,0,2,0,4,1,84,22,"Richmond","2019",5
10,"Edwards, Shane",13,3,15,28,0,0,0,1,4,1,3,5,0,0,0,10,17,0,0,3,0,0,86,22,"Richmond","2019",5
5,"Ellis, Brandon",13,5,8,21,1,0,0,3,4,1,0,3,1,0,0,3,18,0,0,1,4,0,91,22,"Richmond","2019",5
2,"Grimes, Dylan",5,3,10,15,0,0,0,2,2,0,0,2,0,1,0,6,7,0,0,5,0,0,96,22,"Richmond","2019",5
13,"Higgins, Jack",13,6,12,25,0,0,0,5,2,3,2,5,0,1,0,7,17,0,0,2,0,0,76,22,"Richmond","2019",5
14,"Houli, Bachar",12,4,11,23,0,0,0,3,3,2,0,2,0,0,0,5,18,0,0,0,3,0,79,22,"Richmond","2019",5
23,"Lambert, Kane",6,2,7,13,2,0,0,3,0,1,0,2,0,0,0,5,8,0,1,0,0,1,83,22,"Richmond","2019",5
19,"Lynch, Tom",4,2,3,7,0,2,0,4,0,1,0,2,1,1,0,7,1,2,1,1,0,1,92,22,"Richmond","2019",5
4,"Martin, Dustin",18,5,7,25,3,2,0,2,0,8,5,4,2,1,3,16,9,2,4,0,1,0,81,22,"Richmond","2019",5
33,"McIntosh, Kamdyn",11,5,3,14,0,0,0,6,1,4,0,2,3,0,0,6,8,1,0,2,0,0,86,22,"Richmond","2019",5
25,"Nankervis, Toby",6,2,10,16,0,0,21,2,0,2,4,7,1,4,0,4,12,0,0,3,0,0,72,22,"Richmond","2019",5
3,"Prestia, Dion",19,4,13,32,0,0,0,4,0,10,8,2,0,0,2,15,17,1,0,1,1,3,82,22,"Richmond","2019",5
17,"Rioli, Daniel",7,3,6,13,1,0,0,3,0,4,0,3,1,2,0,8,6,0,1,2,0,0,83,22,"Richmond","2019",5
27,"Ross, Jack",10,3,7,17,0,0,0,2,2,3,2,2,2,0,0,7,12,0,0,2,0,0,82,22,"Richmond","2019",5
44,"Stack, Sydney",6,5,16,22,0,0,0,4,3,3,1,3,0,2,0,9,13,1,0,1,0,0,74,22,"Richmond","2019",5
1,"Vlastuin, Nick",12,10,8,20,0,0,0,2,3,1,0,1,1,0,0,4,17,0,0,7,0,0,91,22,"Richmond","2019",5
0,"Rushed",0,0,0,0,0,3,0,0,0,0,0,0,0,0,0,0,0,0,0,0,0,0,0,22,"Richmond","2019",5
36,"Aliir, Aliir",6,4,3,9,0,0,1,0,1,0,0,2,1,1,0,3,7,0,0,2,0,0,77,-22,"Sydney","2019",5
4,"Clarke, Ryan",14,6,5,19,0,1,0,5,2,1,1,2,1,0,0,5,14,1,0,0,0,0,89,-22,"Sydney","2019",5
7,"Cunningham, Harry",21,9,9,30,0,0,0,3,6,1,0,2,0,0,0,3,27,0,0,1,1,0,85,-22,"Sydney","2019",5
34,"Dawson, Jordan",20,11,11,31,0,0,0,1,3,1,1,3,2,1,0,9,22,1,0,2,0,0,90,-22,"Sydney","2019",5
13,"Florent, Oliver",15,6,16,31,0,0,0,1,4,6,2,2,0,0,0,7,24,1,0,0,0,0,87,-22,"Sydney","2019",5
23,"Franklin, Lance",10,6,1,11,4,1,0,2,0,1,0,1,1,1,0,4,6,2,3,2,0,1,94,-22,"Sydney","2019",5
5,"Heeney, Isaac",9,8,16,25,2,1,0,1,1,2,4,1,1,0,0,11,17,1,2,3,0,1,87,-22,"Sydney","2019",5
29,"Hewett, George",8,2,15,23,0,0,0,7,0,2,1,4,2,1,0,11,11,0,0,1,0,0,80,-22,"Sydney","2019",5
15,"Jack, Kieren",8,5,3,11,0,1,0,3,0,3,0,2,0,0,0,5,6,1,2,2,0,2,67,-22,"Sydney","2019",5
10,"Jones, Zak",18,6,14,32,0,0,0,2,2,3,7,4,0,1,0,13,18,1,0,5,0,0,84,-22,"Sydney","2019",5
12,"Kennedy, Josh",12,3,17,29,1,0,0,5,1,2,2,2,1,1,0,9,22,0,0,0,0,1,77,-22,"Sydney","2019",5
44,"Lloyd, Jake",28,9,9,37,0,0,0,3,11,0,0,3,0,2,0,4,27,0,0,1,2,0,88,-22,"Sydney","2019",5
30,"McCartin, Tom",5,5,7,12,0,0,0,2,2,1,0,4,0,3,0,4,10,0,0,1,0,0,82,-22,"Sydney","2019",5
14,"Mills, Callum",9,6,13,22,0,0,0,1,2,0,2,4,1,1,0,4,18,0,0,6,0,0,86,-22,"Sydney","2019",5
11,"Papley, Tom",12,9,12,24,1,1,0,4,1,4,0,0,3,0,0,6,17,0,0,1,2,2,78,-22,"Sydney","2019",5
26,"Parker, Luke",13,5,18,31,1,0,0,2,1,3,8,2,1,0,1,15,16,1,1,0,0,0,77,-22,"Sydney","2019",5
24,"Rampe, Dane",13,4,9,22,0,0,0,1,8,1,0,1,0,1,0,5,13,0,0,13,0,0,95,-22,"Sydney","2019",5
20,"Reid, Sam",3,4,13,16,1,1,7,0,0,1,1,0,1,0,0,5,11,2,2,1,0,0,86,-22,"Sydney","2019",5
25,"Ronke, Ben",7,3,2,9,0,0,0,0,0,4,0,2,0,0,0,3,6,0,0,0,2,0,69,-22,"Sydney","2019",5
8,"Rowbottom, James",6,4,7,13,0,0,0,4,0,3,0,1,0,0,0,3,9,0,0,1,0,1,66,-22,"Sydney","2019",5
18,"Sinclair, Callum",8,2,4,12,0,0,24,1,1,1,3,2,2,1,0,5,7,0,0,4,0,0,85,-22,"Sydney","2019",5
6,"Thurlow, Jackson",9,5,6,15,0,0,0,8,4,1,0,1,0,1,0,6,10,0,0,4,0,1,73,-22,"Sydney","2019",5
0,"Rushed",0,0,0,0,0,1,0,0,0,0,0,0,0,0,0,0,0,0,0,0,0,0,0,-22,"Sydney","2019",5
