"Number","Player","Kicks","Marks","Handballs","Disposals","Goals","Behinds","Hitouts","Tackles","Rebounds50s","Inside50s","Clearances","Clangers","FreesFor","FreesAgainst","BrownlowVotes","ContestedPossessions","UncontestedPossessions","ContestedMarks","MarksInside50","OnePercenters","Bounces","GoalAssists","PercentagePlayed","PointDifference","Team","Season","Round"
36,"Aliir, Aliir",9,7,9,18,0,0,0,2,4,0,0,1,0,1,0,4,12,2,0,7,0,0,91,-22,"Sydney","2019",4
22,"Blakey, Nick",4,1,1,5,0,0,0,1,1,1,0,0,1,0,0,3,0,1,0,2,0,1,68,-22,"Sydney","2019",4
7,"Cunningham, Harry",19,8,6,25,0,0,0,10,8,4,2,4,1,2,0,6,17,0,0,3,4,0,88,-22,"Sydney","2019",4
34,"Dawson, Jordan",14,7,4,18,2,0,0,2,2,4,1,2,1,0,0,5,13,0,2,1,0,0,86,-22,"Sydney","2019",4
13,"Florent, Oliver",15,4,10,25,2,1,0,3,3,4,4,2,0,1,1,13,12,0,1,1,2,0,84,-22,"Sydney","2019",4
23,"Franklin, Lance",16,9,0,16,1,3,0,1,0,6,0,3,0,0,0,6,11,4,5,2,0,2,93,-22,"Sydney","2019",4
5,"Heeney, Isaac",10,5,13,23,1,0,0,8,1,3,3,4,2,2,0,13,10,2,1,3,0,0,80,-22,"Sydney","2019",4
29,"Hewett, George",2,1,8,10,0,0,0,5,0,1,2,0,0,0,0,4,6,0,0,2,0,0,74,-22,"Sydney","2019",4
15,"Jack, Kieren",12,3,2,14,2,1,0,2,3,2,2,0,1,0,0,4,8,0,1,1,0,0,66,-22,"Sydney","2019",4
10,"Jones, Zak",13,6,11,24,1,0,0,4,3,6,4,6,1,2,0,7,17,0,0,1,0,1,91,-22,"Sydney","2019",4
12,"Kennedy, Josh",8,2,16,24,0,0,0,6,0,2,6,2,1,1,0,12,9,0,0,2,0,0,88,-22,"Sydney","2019",4
44,"Lloyd, Jake",26,9,8,34,0,0,0,0,7,3,1,5,1,0,0,4,24,0,0,0,0,0,86,-22,"Sydney","2019",4
30,"McCartin, Tom",8,3,1,9,0,0,0,0,1,1,1,0,0,0,0,3,6,1,0,5,0,0,87,-22,"Sydney","2019",4
27,"McInerney, Justin",1,0,0,1,0,0,0,2,0,1,1,0,2,0,0,3,0,0,0,1,0,0,56,-22,"Sydney","2019",4
14,"Mills, Callum",7,7,8,15,0,0,0,3,2,0,0,3,0,0,0,3,12,0,0,2,0,0,87,-22,"Sydney","2019",4
11,"Papley, Tom",11,4,4,15,0,3,0,3,1,1,1,0,3,0,0,8,6,0,1,0,0,0,88,-22,"Sydney","2019",4
26,"Parker, Luke",13,4,9,22,0,0,0,4,1,5,6,2,0,1,0,9,11,1,0,1,0,0,89,-22,"Sydney","2019",4
24,"Rampe, Dane",18,8,7,25,0,0,0,1,4,3,0,6,1,1,0,9,15,0,0,6,0,1,93,-22,"Sydney","2019",4
20,"Reid, Sam",8,6,3,11,0,1,4,2,1,0,1,1,1,1,0,6,5,2,1,4,0,0,87,-22,"Sydney","2019",4
25,"Ronke, Ben",6,2,5,11,1,1,0,3,0,4,0,5,0,2,0,1,10,0,1,1,0,0,67,-22,"Sydney","2019",4
18,"Sinclair, Callum",4,1,2,6,1,0,9,2,0,0,2,4,1,2,0,2,3,1,1,4,0,0,77,-22,"Sydney","2019",4
6,"Thurlow, Jackson",10,5,8,18,0,0,0,1,2,2,0,6,0,2,0,8,12,0,0,2,0,1,74,-22,"Sydney","2019",4
0,"Rushed",0,0,0,0,0,2,0,0,0,0,0,0,0,0,0,0,0,0,0,0,0,0,0,-22,"Sydney","2019",4
10,"Brayshaw, Angus",10,2,9,19,1,0,0,4,0,3,6,1,3,0,0,12,8,0,0,2,0,0,73,22,"Melbourne","2019",4
31,"Fritsch, Bayley",10,5,6,16,0,0,0,4,2,1,0,4,0,2,0,4,11,0,0,1,0,0,89,22,"Melbourne","2019",4
17,"Frost, Sam",6,2,2,8,0,0,0,1,4,0,0,2,0,0,0,3,4,0,0,3,0,0,87,22,"Melbourne","2019",4
11,"Gawn, Max",16,5,3,19,0,0,55,1,3,4,6,4,3,2,2,10,8,2,0,3,0,0,91,22,"Melbourne","2019",4
4,"Harmes, James",13,4,6,19,1,1,0,2,0,6,6,5,1,1,0,10,8,0,2,2,0,1,78,22,"Melbourne","2019",4
14,"Hibberd, Michael",9,3,4,13,0,0,0,3,3,3,0,4,0,2,0,2,11,0,0,2,0,1,89,22,"Melbourne","2019",4
34,"Hore, Marty",14,9,6,20,0,0,0,3,8,2,0,4,0,0,0,3,16,0,0,6,0,0,91,22,"Melbourne","2019",4
29,"Hunt, Jayden",8,3,5,13,2,1,0,7,0,3,1,3,1,1,0,10,5,1,2,0,1,1,87,22,"Melbourne","2019",4
2,"Jones, Nathan",16,4,5,21,3,0,0,3,0,3,4,7,1,2,0,11,10,0,1,0,0,1,82,22,"Melbourne","2019",4
28,"McDonald, Oscar",7,3,1,8,0,0,0,1,3,0,0,2,0,1,0,1,7,0,0,6,0,0,63,22,"Melbourne","2019",4
25,"McDonald, Tom",9,6,7,16,1,2,5,1,0,2,0,1,1,0,0,7,9,1,2,0,0,0,83,22,"Melbourne","2019",4
18,"Melksham, Jake",10,3,4,14,1,1,0,2,1,4,1,4,0,1,0,3,9,0,0,2,1,4,85,22,"Melbourne","2019",4
13,"Oliver, Clayton",15,7,18,33,0,0,0,2,3,7,7,8,1,1,3,20,12,0,0,1,0,1,86,22,"Melbourne","2019",4
5,"Petracca, Christian",9,3,8,17,2,0,0,6,0,4,3,3,0,1,0,8,9,0,0,2,0,1,93,22,"Melbourne","2019",4
21,"Preuss, Braydon",10,1,1,11,2,0,13,0,0,2,3,2,1,0,0,10,1,1,1,1,0,0,70,22,"Melbourne","2019",4
3,"Salem, Christian",20,5,7,27,0,0,0,2,7,2,3,4,1,0,0,10,10,0,0,3,0,0,83,22,"Melbourne","2019",4
9,"Spargo, Charlie",5,1,2,7,0,0,0,1,0,1,0,2,0,1,0,3,4,0,0,0,1,1,71,22,"Melbourne","2019",4
15,"Stretch, Billy",9,4,3,12,0,0,0,2,1,2,0,2,2,0,0,4,8,0,0,1,0,0,74,22,"Melbourne","2019",4
7,"Viney, Jack",7,0,8,15,1,0,0,9,1,3,0,4,1,1,0,6,9,0,0,0,0,0,77,22,"Melbourne","2019",4
40,"Wagner, Corey",8,3,2,10,0,0,0,4,1,3,1,1,1,0,0,3,7,0,0,2,0,0,81,22,"Melbourne","2019",4
42,"Wagner, Josh",6,4,10,16,0,0,0,2,1,3,1,2,0,1,0,8,8,0,0,0,0,1,88,22,"Melbourne","2019",4
26,"Weideman, Sam",5,3,4,9,1,0,0,3,0,1,2,1,1,0,0,5,4,0,0,1,0,0,78,22,"Melbourne","2019",4
0,"Rushed",0,0,0,0,0,5,0,0,0,0,0,0,0,0,0,0,0,0,0,0,0,0,0,22,"Melbourne","2019",4
