"Number","Player","Kicks","Marks","Handballs","Disposals","Goals","Behinds","Hitouts","Tackles","Rebounds50s","Inside50s","Clearances","Clangers","FreesFor","FreesAgainst","BrownlowVotes","ContestedPossessions","UncontestedPossessions","ContestedMarks","MarksInside50","OnePercenters","Bounces","GoalAssists","PercentagePlayed","PointDifference","Team","Season","Round"
30,"Brand, Kaiden",8,5,3,11,0,0,0,0,4,0,0,5,0,2,0,4,6,2,0,9,0,0,95,-23,"Hawthorn","2019",5
22,"Breust, Luke",10,3,2,12,0,2,0,2,0,7,0,1,3,0,0,7,6,0,0,3,0,1,86,-23,"Hawthorn","2019",5
46,"Cousins, James",4,0,2,6,1,0,0,7,0,2,0,2,0,2,0,1,5,0,0,0,0,1,76,-23,"Hawthorn","2019",5
19,"Gunston, Jack",9,8,5,14,0,0,0,5,1,2,0,1,0,0,0,5,9,2,0,4,0,0,92,-23,"Hawthorn","2019",5
15,"Hardwick, Blake",11,3,7,18,0,0,0,4,6,2,2,2,2,1,0,7,9,0,0,3,0,0,85,-23,"Hawthorn","2019",5
31,"Henderson, Ricky",21,10,12,33,2,1,0,2,2,5,2,1,3,0,2,9,24,1,1,0,2,1,82,-23,"Hawthorn","2019",5
17,"Howe, Daniel",12,5,7,19,0,0,0,5,0,3,5,3,1,0,0,5,15,0,1,3,0,0,84,-23,"Hawthorn","2019",5
4,"Impey, Jarman",10,5,5,15,0,0,0,4,5,3,1,3,0,1,0,4,10,0,0,3,0,0,78,-23,"Hawthorn","2019",5
8,"Lewis, Mitch",9,4,5,14,1,1,1,0,0,1,1,2,2,1,0,10,4,1,1,2,0,1,74,-23,"Hawthorn","2019",5
7,"McEvoy, Ben",9,6,7,16,2,0,37,1,1,1,3,1,1,0,0,11,5,3,2,4,0,1,78,-23,"Hawthorn","2019",5
32,"Mirra, David",11,3,3,14,0,0,0,4,0,1,0,2,1,0,0,4,9,0,0,5,0,0,77,-23,"Hawthorn","2019",5
1,"Morrison, Harry",7,6,3,10,0,1,0,0,1,2,1,1,0,1,0,4,9,1,1,0,0,0,66,-23,"Hawthorn","2019",5
11,"Nash, Conor",0,0,2,2,0,0,0,2,0,0,0,1,0,1,0,1,1,0,0,2,0,0,80,-23,"Hawthorn","2019",5
10,"OMeara, Jaeger",13,2,13,26,1,1,0,5,1,3,8,7,1,2,0,12,11,0,0,0,0,0,85,-23,"Hawthorn","2019",5
28,"Puopolo, Paul",6,3,7,13,2,1,0,3,0,1,1,3,0,1,0,6,8,0,0,1,0,0,80,-23,"Hawthorn","2019",5
2,"Roughead, Jarryd",7,3,6,13,2,1,8,3,0,3,4,2,2,2,0,11,4,1,1,4,0,1,75,-23,"Hawthorn","2019",5
35,"Scrimshaw, Jack",6,5,11,17,0,0,0,2,1,1,0,2,0,1,0,7,11,0,0,1,0,0,82,-23,"Hawthorn","2019",5
21,"Scully, Tom",7,2,12,19,0,0,0,3,2,2,2,4,1,2,0,5,15,0,0,0,1,0,92,-23,"Hawthorn","2019",5
6,"Sicily, James",20,8,5,25,0,0,0,0,8,1,1,1,2,0,0,9,15,2,0,0,0,0,92,-23,"Hawthorn","2019",5
16,"Smith, Isaac",11,2,9,20,1,0,0,1,2,2,0,4,0,0,0,5,15,0,0,2,2,0,85,-23,"Hawthorn","2019",5
20,"Wingard, Chad",6,3,10,16,0,1,0,3,0,1,1,2,1,0,0,10,5,0,2,0,0,1,83,-23,"Hawthorn","2019",5
5,"Worpel, James",15,6,9,24,1,0,0,4,2,5,8,4,1,1,0,13,10,0,0,1,1,0,71,-23,"Hawthorn","2019",5
0,"Rushed",0,0,0,0,0,3,0,0,0,0,0,0,0,0,0,0,0,0,0,0,0,0,0,-23,"Hawthorn","2019",5
4,"Ablett, Gary",19,8,4,23,3,1,0,2,0,8,1,3,0,2,0,6,17,1,1,2,1,0,92,23,"Geelong","2019",5
30,"Atkins, Tom",6,1,11,17,0,0,0,7,1,3,3,4,2,2,0,10,7,0,0,2,0,0,77,23,"Geelong","2019",5
46,"Blicavs, Mark",13,8,3,16,0,0,0,4,2,0,1,0,1,0,0,6,9,1,0,10,0,0,93,23,"Geelong","2019",5
6,"Clark, Jordan",8,3,2,10,0,0,0,5,3,3,0,4,0,3,0,2,8,0,0,2,1,0,84,23,"Geelong","2019",5
40,"Dahlhaus, Luke",10,5,12,22,1,1,0,5,1,5,0,3,0,0,0,5,16,0,2,1,0,4,81,23,"Geelong","2019",5
35,"Dangerfield, Patrick",15,2,13,28,2,1,0,5,0,6,7,4,3,3,0,18,11,0,0,1,1,1,86,23,"Geelong","2019",5
22,"Duncan, Mitch",17,6,8,25,0,0,0,2,5,4,1,4,2,3,0,6,16,0,0,1,0,0,81,23,"Geelong","2019",5
29,"Guthrie, Cameron",9,4,13,22,0,0,0,8,2,2,4,0,1,0,0,11,11,0,0,1,0,1,78,23,"Geelong","2019",5
26,"Hawkins, Tom",9,7,5,14,1,2,0,3,0,2,1,2,1,1,0,6,8,1,3,1,0,1,88,23,"Geelong","2019",5
38,"Henry, Jack",4,3,6,10,0,0,0,2,2,0,1,2,0,0,0,7,3,1,0,4,0,0,85,23,"Geelong","2019",5
11,"Kelly, Tim",22,5,7,29,2,0,0,3,1,5,4,3,2,0,3,12,20,0,0,2,2,0,88,23,"Geelong","2019",5
8,"Kolodjashnij, Jake",9,6,3,12,0,0,0,1,1,0,0,1,0,1,0,5,7,1,0,1,0,0,78,23,"Geelong","2019",5
27,"Menegola, Sam",11,6,5,16,0,0,0,2,3,1,1,2,0,0,0,4,12,0,0,1,0,0,74,23,"Geelong","2019",5
32,"Miers, Gryan",15,5,3,18,1,1,0,2,0,4,1,1,1,0,0,6,12,0,1,0,0,1,85,23,"Geelong","2019",5
42,"OConnor, Mark",10,5,5,15,0,0,0,3,2,2,0,1,2,0,0,8,6,1,0,5,0,0,87,23,"Geelong","2019",5
3,"Parfitt, Brandan",3,2,3,6,0,0,0,4,0,1,1,0,0,0,0,4,2,0,0,1,0,0,27,23,"Geelong","2019",5
17,"Ratugolea, Esava",4,2,2,6,0,2,7,1,0,0,1,0,1,0,0,3,3,1,2,1,0,0,74,23,"Geelong","2019",5
23,"Rohan, Gary",10,4,2,12,4,1,0,2,0,2,0,1,1,1,0,8,4,3,2,1,0,1,93,23,"Geelong","2019",5
14,"Selwood, Joel",10,5,22,32,0,0,0,5,1,2,8,5,1,2,1,12,19,0,0,4,0,2,82,23,"Geelong","2019",5
1,"Stanley, Rhys",8,5,5,13,2,0,26,3,1,3,4,4,0,2,0,5,7,2,1,9,0,0,84,23,"Geelong","2019",5
44,"Stewart, Tom",15,6,6,21,0,0,0,1,6,2,0,2,0,0,0,2,14,0,0,3,0,1,87,23,"Geelong","2019",5
7,"Taylor, Harry",8,4,13,21,1,0,0,1,4,0,0,3,0,1,0,10,11,0,2,10,0,1,95,23,"Geelong","2019",5
0,"Rushed",0,0,0,0,0,2,0,0,0,0,0,0,0,0,0,0,0,0,0,0,0,0,0,23,"Geelong","2019",5
