"Number","Player","Kicks","Marks","Handballs","Disposals","Goals","Behinds","Hitouts","Tackles","Rebounds50s","Inside50s","Clearances","Clangers","FreesFor","FreesAgainst","BrownlowVotes","ContestedPossessions","UncontestedPossessions","ContestedMarks","MarksInside50","OnePercenters","Bounces","GoalAssists","PercentagePlayed","PointDifference","Team","Season","Round"
8,"Acres, Blake",8,4,13,21,0,1,0,3,1,2,6,5,1,3,0,11,12,0,0,0,0,2,77,-56,"St Kilda","2019",14
20,"Armitage, David",9,3,7,16,0,0,0,4,3,0,0,6,1,1,0,4,11,0,0,3,0,0,82,-56,"St Kilda","2019",14
26,"Battle, Josh",15,8,1,16,0,0,0,7,6,0,0,2,0,0,0,4,11,0,0,1,0,0,86,-56,"St Kilda","2019",14
15,"Billings, Jack",13,5,10,23,0,1,0,9,4,5,2,4,2,0,0,7,16,1,1,0,0,2,91,-56,"St Kilda","2019",14
27,"Bruce, Josh",8,7,7,15,2,2,2,3,0,1,0,1,1,1,0,8,6,2,2,1,0,0,89,-56,"St Kilda","2019",14
2,"Carlisle, Jake",6,4,5,11,0,1,0,0,0,0,0,0,0,0,0,3,5,1,1,3,0,0,89,-56,"St Kilda","2019",14
11,"Clark, Hunter",8,7,11,19,0,0,0,1,2,0,2,1,0,0,0,4,14,0,0,3,0,0,83,-56,"St Kilda","2019",14
7,"Dunstan, Luke",10,1,9,19,0,2,0,5,1,6,5,1,1,1,0,7,13,0,1,1,0,0,85,-56,"St Kilda","2019",14
4,"Gresham, Jade",14,3,10,24,1,0,0,6,1,2,3,4,0,1,0,10,15,0,1,0,2,1,91,-56,"St Kilda","2019",14
10,"Hannebery, Dan",15,4,12,27,0,1,0,5,2,2,2,3,1,0,0,11,16,0,0,0,0,0,69,-56,"St Kilda","2019",14
40,"Hind, Nick",10,2,3,13,3,0,0,4,0,4,0,1,0,0,0,2,8,0,1,0,2,0,73,-56,"St Kilda","2019",14
25,"Kent, Dean",4,3,3,7,0,0,0,3,0,1,0,2,0,1,0,3,4,0,1,1,0,0,71,-56,"St Kilda","2019",14
43,"Marsh, Jonathon",3,1,2,5,0,0,0,1,1,0,0,2,0,0,0,2,2,0,0,7,0,0,86,-56,"St Kilda","2019",14
19,"Marshall, Rowan",7,7,5,12,0,0,37,5,1,3,3,1,1,1,0,7,7,2,0,2,0,0,84,-56,"St Kilda","2019",14
36,"McKenzie, Daniel",1,0,7,8,0,0,0,2,0,0,0,1,0,1,0,4,4,0,0,6,0,0,87,-56,"St Kilda","2019",14
28,"Membrey, Tim",8,3,3,11,1,0,0,0,0,2,1,0,1,0,0,5,7,0,1,1,0,1,82,-56,"St Kilda","2019",14
16,"Newnes, Jack",1,0,7,8,0,0,0,4,0,1,0,1,0,0,0,2,6,0,0,1,0,0,77,-56,"St Kilda","2019",14
34,"Parker, Matthew",9,4,3,12,1,1,0,4,2,4,1,0,3,0,0,4,7,1,1,1,0,0,76,-56,"St Kilda","2019",14
6,"Ross, Sebastian",17,5,13,30,0,1,0,4,2,3,7,4,0,1,0,8,22,0,0,4,0,0,87,-56,"St Kilda","2019",14
5,"Savage, Shane",6,4,8,14,0,0,0,4,4,0,2,1,0,0,0,5,5,0,0,5,1,0,76,-56,"St Kilda","2019",14
35,"Sinclair, Jack",15,5,3,18,0,0,0,3,6,3,4,3,3,0,0,9,9,0,0,0,4,0,68,-56,"St Kilda","2019",14
44,"Wilkie, Callum",14,4,2,16,0,0,0,3,9,1,1,4,0,0,0,4,7,1,0,2,0,0,91,-56,"St Kilda","2019",14
0,"Rushed",0,0,0,0,0,1,0,0,0,0,0,0,0,0,0,0,0,0,0,0,0,0,0,-56,"St Kilda","2019",14
19,"Allison, Jacob",8,3,5,13,0,0,0,0,0,4,0,5,0,1,0,3,10,0,0,0,0,0,67,56,"Brisbane Lions","2019",14
31,"Andrews, Harris",7,6,5,12,0,0,0,1,1,0,0,0,0,0,0,3,9,1,0,7,0,0,100,56,"Brisbane Lions","2019",14
43,"Answerth, Noah",7,4,1,8,0,0,0,0,1,0,0,2,0,1,0,1,7,0,0,3,0,0,77,56,"Brisbane Lions","2019",14
23,"Cameron, Charlie",13,2,0,13,5,1,0,1,0,3,0,1,1,0,3,6,5,0,1,2,0,0,81,56,"Brisbane Lions","2019",14
3,"Christensen, Allen",11,6,7,18,2,1,0,6,0,1,3,2,1,2,0,10,9,0,1,3,0,1,75,56,"Brisbane Lions","2019",14
27,"Gardiner, Darcy",10,9,4,14,0,0,0,0,2,2,0,1,0,1,0,3,12,0,1,3,0,1,87,56,"Brisbane Lions","2019",14
30,"Hipwood, Eric",11,8,4,15,1,1,1,1,1,5,0,2,0,0,0,5,10,1,1,3,0,2,85,56,"Brisbane Lions","2019",14
2,"Hodge, Luke",11,5,7,18,0,0,0,2,3,2,0,2,0,1,0,4,12,0,0,0,0,0,85,56,"Brisbane Lions","2019",14
35,"Lester, Ryan",8,5,2,10,0,0,0,6,3,1,0,3,1,1,0,2,8,0,0,2,0,0,86,56,"Brisbane Lions","2019",14
17,"Lyons, Jarryd",16,5,8,24,2,0,0,4,0,5,6,3,0,0,0,13,11,0,0,1,0,0,74,56,"Brisbane Lions","2019",14
12,"Martin, Stefan",17,8,5,22,0,0,25,2,1,7,4,1,1,0,0,11,11,1,0,0,0,0,83,56,"Brisbane Lions","2019",14
36,"Mathieson, Rhys",5,1,8,13,0,0,0,4,1,1,5,4,1,2,0,7,6,0,0,2,0,0,78,56,"Brisbane Lions","2019",14
11,"McCarthy, Lincoln",13,9,8,21,1,2,0,2,0,2,1,6,0,2,0,10,12,3,2,1,1,2,77,56,"Brisbane Lions","2019",14
6,"McCluggage, Hugh",12,3,10,22,2,1,0,3,0,4,1,5,0,1,1,9,13,0,0,1,0,0,79,56,"Brisbane Lions","2019",14
46,"McInerney, Oscar",10,8,1,11,0,2,15,4,1,2,3,1,1,0,0,10,3,6,2,0,0,0,77,56,"Brisbane Lions","2019",14
25,"McStay, Daniel",7,4,5,12,1,2,1,4,0,1,0,1,1,0,0,6,7,2,2,0,0,2,82,56,"Brisbane Lions","2019",14
9,"Neale, Lachie",12,3,13,25,0,1,0,2,1,4,11,2,2,1,0,12,12,0,0,0,0,0,88,56,"Brisbane Lions","2019",14
16,"Rayner, Cam",5,2,8,13,0,0,0,3,0,4,1,2,1,0,0,8,6,0,0,1,0,0,82,56,"Brisbane Lions","2019",14
10,"Rich, Daniel",22,11,2,24,1,0,0,2,7,4,0,3,0,2,0,4,17,0,0,2,0,0,78,56,"Brisbane Lions","2019",14
5,"Robinson, Mitch",15,7,7,22,1,0,0,2,2,4,2,1,0,0,0,7,15,0,1,3,0,0,84,56,"Brisbane Lions","2019",14
29,"Witherden, Alex",19,6,2,21,0,0,0,3,2,2,0,2,1,0,0,4,11,0,0,2,0,0,86,56,"Brisbane Lions","2019",14
15,"Zorko, Dayne",24,6,4,28,1,0,0,4,2,4,6,3,0,0,2,13,14,0,1,1,0,1,87,56,"Brisbane Lions","2019",14
0,"Rushed",0,0,0,0,0,2,0,0,0,0,0,0,0,0,0,0,0,0,0,0,0,0,0,56,"Brisbane Lions","2019",14
