"Number","Player","Kicks","Marks","Handballs","Disposals","Goals","Behinds","Hitouts","Tackles","Rebounds50s","Inside50s","Clearances","Clangers","FreesFor","FreesAgainst","BrownlowVotes","ContestedPossessions","UncontestedPossessions","ContestedMarks","MarksInside50","OnePercenters","Bounces","GoalAssists","PercentagePlayed","PointDifference","Team","Season","Round"
31,"Andrews, Harris",8,6,12,20,0,0,0,1,3,1,0,2,0,1,0,7,13,0,0,17,1,0,93,44,"Brisbane Lions","2019",1
33,"Bailey, Zac",10,4,5,15,0,1,0,1,5,1,0,1,1,0,0,3,13,1,0,0,1,0,75,44,"Brisbane Lions","2019",1
4,"Bastinac, Ryan",12,9,2,14,1,0,0,1,1,3,1,4,0,2,0,2,12,0,0,1,0,0,81,44,"Brisbane Lions","2019",1
7,"Berry, Jarrod",10,4,15,25,0,1,0,4,1,4,5,2,2,1,0,10,15,0,0,2,0,2,75,44,"Brisbane Lions","2019",1
23,"Cameron, Charlie",9,5,4,13,3,1,0,4,0,3,2,2,0,2,0,6,6,0,2,1,0,1,87,44,"Brisbane Lions","2019",1
27,"Gardiner, Darcy",12,6,3,15,0,0,0,2,2,2,0,6,2,2,0,8,6,1,0,1,0,1,84,44,"Brisbane Lions","2019",1
30,"Hipwood, Eric",8,2,0,8,0,1,0,1,1,2,0,5,1,2,0,3,4,1,1,0,0,1,92,44,"Brisbane Lions","2019",1
2,"Hodge, Luke",13,6,7,20,0,0,0,1,8,0,2,5,1,2,0,7,10,0,0,3,0,0,91,44,"Brisbane Lions","2019",1
17,"Lyons, Jarryd",15,1,11,26,0,0,0,7,1,5,4,5,1,1,0,8,17,0,0,2,0,1,84,44,"Brisbane Lions","2019",1
12,"Martin, Stefan",4,0,9,13,0,0,18,3,0,0,3,0,4,0,0,9,5,0,0,1,0,1,69,44,"Brisbane Lions","2019",1
36,"Mathieson, Rhys",12,2,13,25,1,0,0,3,0,3,5,4,0,2,0,12,14,0,0,0,0,0,75,44,"Brisbane Lions","2019",1
11,"McCarthy, Lincoln",7,2,4,11,4,0,0,4,1,1,1,3,1,3,0,6,6,0,1,1,0,0,75,44,"Brisbane Lions","2019",1
6,"McCluggage, Hugh",12,4,8,20,1,1,0,5,0,8,5,2,1,0,2,9,11,0,1,0,2,1,67,44,"Brisbane Lions","2019",1
46,"McInerney, Oscar",2,0,4,6,0,0,18,0,1,1,1,4,0,2,0,4,2,0,0,5,0,0,66,44,"Brisbane Lions","2019",1
25,"McStay, Daniel",5,2,6,11,0,0,0,2,0,2,1,1,1,1,0,9,2,2,0,2,0,0,86,44,"Brisbane Lions","2019",1
9,"Neale, Lachie",11,2,18,29,1,1,0,2,2,1,5,1,1,0,1,14,14,0,0,1,0,0,87,44,"Brisbane Lions","2019",1
16,"Rayner, Cam",10,4,4,14,2,3,0,2,2,3,0,3,1,2,0,4,10,0,2,0,0,0,87,44,"Brisbane Lions","2019",1
10,"Rich, Daniel",21,8,2,23,1,0,0,1,4,1,0,1,0,0,0,3,18,0,0,4,0,0,87,44,"Brisbane Lions","2019",1
5,"Robinson, Mitch",14,2,5,19,0,1,0,3,4,4,4,8,1,2,0,13,8,1,1,1,0,0,84,44,"Brisbane Lions","2019",1
14,"Walker, Josh",6,5,4,10,0,0,0,1,1,0,0,2,0,1,0,6,6,1,0,7,0,0,84,44,"Brisbane Lions","2019",1
29,"Witherden, Alex",16,7,9,25,0,0,0,0,3,2,1,3,2,2,0,5,17,0,0,4,0,0,86,44,"Brisbane Lions","2019",1
15,"Zorko, Dayne",15,2,5,20,1,1,0,8,0,9,4,5,3,3,3,13,10,0,0,2,1,2,86,44,"Brisbane Lions","2019",1
0,"Rushed",0,0,0,0,0,1,0,0,0,0,0,0,0,0,0,0,0,0,0,0,0,0,0,44,"Brisbane Lions","2019",1
12,"Allen, Oscar",4,2,4,8,2,0,0,2,0,3,0,0,2,0,0,7,2,1,1,5,0,1,82,-44,"West Coast","2019",1
37,"Barrass, Tom",8,3,1,9,0,0,12,0,2,0,2,2,2,0,0,2,5,0,0,12,0,0,86,-44,"West Coast","2019",1
10,"Brander, Jarrod",8,7,0,8,0,2,0,1,0,2,0,2,0,1,0,2,6,1,0,0,0,0,74,-44,"West Coast","2019",1
28,"Cole, Tom",4,2,3,7,0,0,0,3,1,0,0,3,0,2,0,4,4,0,0,4,0,0,87,-44,"West Coast","2019",1
27,"Darling, Jack",8,4,2,10,2,1,0,3,0,3,0,1,3,0,0,6,4,1,3,3,0,0,84,-44,"West Coast","2019",1
14,"Duggan, Liam",12,2,3,15,0,0,0,1,1,2,0,5,3,0,0,6,10,0,0,3,0,0,80,-44,"West Coast","2019",1
16,"Hickey, Tom",2,1,0,2,0,0,20,2,0,1,1,3,0,2,0,2,1,0,0,3,0,0,75,-44,"West Coast","2019",1
25,"Hurn, Shannon",17,5,3,20,0,0,0,3,7,3,0,3,1,2,0,6,8,1,0,3,0,0,88,-44,"West Coast","2019",1
34,"Hutchings, Mark",8,1,3,11,0,1,0,4,2,3,4,4,2,0,0,8,3,0,0,2,1,0,88,-44,"West Coast","2019",1
23,"Jetta, Lewis",9,3,5,14,0,0,0,1,2,2,0,2,1,2,0,3,10,0,0,2,0,0,88,-44,"West Coast","2019",1
7,"Masten, Chris",4,2,7,11,0,0,0,1,1,1,0,1,0,1,0,4,8,0,0,3,0,0,81,-44,"West Coast","2019",1
20,"McGovern, Jeremy",8,5,4,12,0,0,3,1,4,0,0,4,3,1,0,8,5,2,0,13,0,0,83,-44,"West Coast","2019",1
21,"Petruccelle, Jack",7,2,3,10,0,0,0,3,2,2,0,1,1,0,0,2,8,0,0,0,0,1,80,-44,"West Coast","2019",1
8,"Redden, Jack",10,4,12,22,0,0,0,5,1,1,3,3,1,0,0,9,13,0,0,3,0,0,82,-44,"West Coast","2019",1
1,"Ryan, Liam",4,2,4,8,1,1,0,6,0,1,0,3,3,2,0,6,4,0,1,2,2,0,84,-44,"West Coast","2019",1
4,"Sheed, Dom",20,7,18,38,1,0,0,3,5,5,10,4,1,1,0,21,16,0,1,2,0,0,83,-44,"West Coast","2019",1
5,"Sheppard, Brad",14,5,4,18,0,0,0,5,7,1,0,4,3,1,0,5,13,0,0,3,0,0,88,-44,"West Coast","2019",1
13,"Shuey, Luke",23,2,3,26,0,0,0,3,3,8,8,3,2,0,0,10,15,0,0,3,0,1,75,-44,"West Coast","2019",1
19,"Vardy, Nathan",1,0,2,3,0,0,14,1,0,0,1,6,1,3,0,2,1,0,0,6,0,0,78,-44,"West Coast","2019",1
18,"Venables, Daniel",3,0,6,9,1,0,0,5,1,2,2,3,1,2,0,7,4,0,0,5,0,0,72,-44,"West Coast","2019",1
2,"Waterman, Jake",4,4,4,8,0,1,0,1,0,3,0,2,0,1,0,4,5,1,1,1,0,1,80,-44,"West Coast","2019",1
6,"Yeo, Elliot",20,5,5,25,1,1,0,1,2,5,5,8,1,2,0,8,14,1,1,5,2,0,82,-44,"West Coast","2019",1
0,"Rushed",0,0,0,0,0,3,0,0,0,0,0,0,0,0,0,0,0,0,0,0,0,0,0,-44,"West Coast","2019",1
