"Number","Player","Kicks","Marks","Handballs","Disposals","Goals","Behinds","Hitouts","Tackles","Rebounds50s","Inside50s","Clearances","Clangers","FreesFor","FreesAgainst","BrownlowVotes","ContestedPossessions","UncontestedPossessions","ContestedMarks","MarksInside50","OnePercenters","Bounces","GoalAssists","PercentagePlayed","PointDifference","Team","Season","Round"
11,"Aish, James",13,4,9,22,1,0,0,3,2,3,2,3,2,1,0,7,14,0,0,2,0,0,87,29,"Fremantle","2023",10
24,"Amiss, Jye",5,5,4,9,3,0,0,2,0,2,0,1,0,0,0,4,5,1,2,0,0,0,72,29,"Fremantle","2023",10
41,"Banfield, Bailey",15,8,5,20,1,3,0,1,3,3,2,5,0,1,0,6,16,0,4,1,0,1,80,29,"Fremantle","2023",10
8,"Brayshaw, Andrew",14,3,19,33,1,0,0,10,1,3,7,3,0,0,2,10,21,0,1,2,0,0,70,29,"Fremantle","2023",10
6,"Clark, Jordan",11,7,6,17,0,0,0,3,3,2,0,1,0,0,0,4,12,1,0,2,0,0,84,29,"Fremantle","2023",10
36,"Cox, Brennan",7,5,7,14,0,0,0,1,6,0,0,0,0,0,0,5,9,1,0,5,0,0,80,29,"Fremantle","2023",10
4,"Darcy, Sean",5,1,3,8,1,0,43,6,1,0,4,4,0,2,0,3,3,0,0,2,0,1,81,29,"Fremantle","2023",10
32,"Frederick, Michael",9,7,4,13,2,1,0,2,0,2,0,0,0,0,0,2,11,1,2,0,1,2,86,29,"Fremantle","2023",10
0,"Fyfe, Nat",6,1,11,17,0,1,0,0,0,1,4,4,1,2,0,9,9,0,1,1,1,0,53,29,"Fremantle","2023",10
15,"Hughes, Ethan",8,7,8,16,0,0,0,0,3,1,1,3,0,0,0,3,13,1,0,2,0,0,73,29,"Fremantle","2023",10
9,"Jackson, Luke",6,2,9,15,0,2,13,3,2,2,2,1,0,1,0,6,8,1,1,3,0,1,83,29,"Fremantle","2023",10
0,"Johnson, Matthew",5,4,4,9,0,0,0,1,1,0,0,1,1,0,0,3,7,0,0,0,0,0,30,29,"Fremantle","2023",10
30,"ODriscoll, Nathan",16,10,4,20,0,0,0,2,1,0,2,3,1,1,0,3,17,0,0,0,0,1,74,29,"Fremantle","2023",10
2,"OMeara, Jaeger",11,2,15,26,0,0,0,6,2,4,9,4,2,2,1,11,15,0,0,1,0,0,80,29,"Fremantle","2023",10
25,"Pearce, Alex",8,8,4,12,0,0,0,2,1,2,0,0,1,0,0,4,8,2,0,1,0,0,100,29,"Fremantle","2023",10
13,"Ryan, Luke",20,6,2,22,0,0,0,1,7,1,0,1,0,1,0,3,11,0,0,1,2,0,96,29,"Fremantle","2023",10
5,"Schultz, Lachie",12,8,8,20,1,0,0,8,1,6,1,2,0,0,0,7,12,1,1,1,0,1,86,29,"Fremantle","2023",10
3,"Serong, Caleb",16,3,12,28,1,0,0,9,2,1,10,2,2,0,3,14,12,0,0,1,0,0,84,29,"Fremantle","2023",10
39,"Switkowski, Sam",7,3,7,14,1,1,0,4,0,3,1,1,1,1,0,2,13,0,1,1,0,1,75,29,"Fremantle","2023",10
35,"Treacy, Josh",2,2,2,4,1,0,0,2,0,1,0,1,0,0,0,3,3,0,1,4,0,1,77,29,"Fremantle","2023",10
31,"Walker, Brandon",5,3,4,9,0,0,0,1,1,1,0,2,0,2,0,5,7,1,0,1,0,0,86,29,"Fremantle","2023",10
10,"Walters, Michael",8,2,4,12,3,0,0,1,0,2,0,2,1,1,0,4,8,0,1,0,1,1,83,29,"Fremantle","2023",10
26,"Young, Hayden",15,4,7,22,0,0,0,2,4,5,2,1,4,0,0,7,15,0,0,1,0,0,82,29,"Fremantle","2023",10
30,"Atkins, Tom",5,1,7,12,0,0,0,9,0,3,3,5,1,4,0,7,5,0,0,1,0,0,70,-29,"Geelong","2023",10
24,"Bews, Jed",3,2,6,9,0,0,0,0,1,0,0,0,0,0,0,4,4,0,0,3,0,0,75,-29,"Geelong","2023",10
46,"Blicavs, Mark",12,5,6,18,1,1,15,0,0,5,5,5,1,0,0,10,6,1,1,2,0,0,83,-29,"Geelong","2023",10
4,"Bruhn, Tanner",13,2,6,19,1,0,0,7,0,6,4,9,2,0,0,9,10,0,0,0,0,0,72,-29,"Geelong","2023",10
5,"Cameron, Jeremy",8,5,2,10,0,4,0,4,0,1,1,1,1,0,0,4,6,1,2,2,0,1,100,-29,"Geelong","2023",10
15,"Ceglar, Jonathon",7,3,5,12,0,0,21,2,1,1,5,3,1,0,0,9,3,1,0,5,0,0,64,-29,"Geelong","2023",10
45,"Close, Brad",4,0,5,9,0,0,0,2,0,3,2,1,0,0,0,2,7,0,0,1,0,0,82,-29,"Geelong","2023",10
0,"Dempsey, Oliver",1,1,2,3,0,0,0,1,0,1,0,1,0,1,0,1,2,0,0,0,0,0,15,-29,"Geelong","2023",10
39,"Guthrie, Zach",9,6,3,12,0,0,0,2,3,1,0,1,0,0,0,1,11,0,0,4,0,0,87,-29,"Geelong","2023",10
26,"Hawkins, Tom",10,4,2,12,3,2,2,0,0,0,3,1,0,1,0,6,4,1,3,0,0,2,94,-29,"Geelong","2023",10
38,"Henry, Jack",7,5,3,10,2,0,0,3,0,2,0,2,0,0,0,6,3,3,3,2,0,0,83,-29,"Geelong","2023",10
9,"Holmes, Max",7,1,6,13,0,0,0,4,1,4,5,5,1,2,0,7,7,0,0,1,0,0,76,-29,"Geelong","2023",10
10,"Knevitt, Mitch",11,3,2,13,0,1,0,2,2,2,1,1,2,0,0,9,4,1,1,0,0,0,81,-29,"Geelong","2023",10
8,"Kolodjashnij, Jake",6,5,1,7,0,0,0,3,2,1,0,1,0,0,0,1,6,1,0,8,0,0,84,-29,"Geelong","2023",10
32,"Miers, Gryan",5,2,5,10,0,0,0,4,0,2,3,3,0,2,0,5,5,0,0,1,0,1,76,-29,"Geelong","2023",10
42,"OConnor, Mark",8,4,3,11,0,0,0,1,3,1,1,1,2,1,0,4,7,0,0,3,0,0,89,-29,"Geelong","2023",10
3,"Parfitt, Brandan",6,1,6,12,0,0,0,7,0,4,2,2,1,2,0,5,7,0,0,0,0,1,64,-29,"Geelong","2023",10
17,"Ratugolea, Esava",8,5,5,13,0,0,0,3,1,1,0,3,1,0,0,8,4,3,0,7,0,0,88,-29,"Geelong","2023",10
0,"Simpson, Sam",1,0,5,6,0,0,0,2,0,4,0,1,0,1,0,1,5,0,0,0,0,0,66,-29,"Geelong","2023",10
7,"Smith, Isaac",14,6,4,18,2,1,0,2,3,2,1,1,1,0,0,1,12,0,1,0,2,0,88,-29,"Geelong","2023",10
18,"Stengle, Tyson",9,2,2,11,2,0,0,2,0,5,2,3,1,1,0,5,7,0,0,0,0,1,84,-29,"Geelong","2023",10
44,"Stewart, Tom",14,5,3,17,0,0,0,3,4,1,0,2,0,1,0,6,6,1,0,0,0,0,89,-29,"Geelong","2023",10
2,"Tuohy, Zach",10,2,9,19,0,0,0,1,6,2,1,0,0,0,0,6,11,1,0,1,2,0,90,-29,"Geelong","2023",10
