"Number","Player","Kicks","Marks","Handballs","Disposals","Goals","Behinds","Hitouts","Tackles","Rebounds50s","Inside50s","Clearances","Clangers","FreesFor","FreesAgainst","BrownlowVotes","ContestedPossessions","UncontestedPossessions","ContestedMarks","MarksInside50","OnePercenters","Bounces","GoalAssists","PercentagePlayed","PointDifference","Team","Season","Round"
7,"Baker, Liam",13,5,8,21,0,0,0,4,3,1,2,4,0,2,0,10,12,0,0,3,0,1,81,24,"Richmond","2023",9
21,"Balta, Noah",16,8,1,17,0,0,0,0,6,2,0,5,2,0,0,7,10,2,0,5,1,0,96,24,"Richmond","2023",9
29,"Bolton, Shai",8,1,12,20,1,0,0,2,0,4,6,1,1,0,0,13,9,1,0,2,0,0,85,24,"Richmond","2023",9
35,"Broad, Nathan",15,7,4,19,0,0,0,3,6,2,0,3,2,0,1,6,12,0,0,12,0,0,100,24,"Richmond","2023",9
0,"Clarke, Judson",1,2,1,2,1,0,0,1,0,0,0,0,0,0,0,1,1,1,1,0,1,0,26,24,"Richmond","2023",9
9,"Cotchin, Trent",7,5,5,12,3,0,0,0,1,0,1,3,0,1,0,4,7,1,2,0,0,1,65,24,"Richmond","2023",9
34,"Graham, Jack",6,3,11,17,1,0,0,3,0,1,0,0,0,0,0,6,11,0,1,2,0,1,82,24,"Richmond","2023",9
2,"Grimes, Dylan",3,3,3,6,0,0,0,2,1,1,1,2,0,1,0,3,4,0,0,5,0,0,78,24,"Richmond","2023",9
0,"Hopper, Jacob",7,2,3,10,0,0,0,4,1,5,3,5,1,1,0,6,6,0,0,0,0,0,48,24,"Richmond","2023",9
31,"Mansell, Rhyan",6,1,3,9,2,0,0,5,0,2,0,4,3,2,0,5,4,0,0,0,0,0,77,24,"Richmond","2023",9
4,"Martin, Dustin",14,9,5,19,4,1,0,3,0,3,2,2,1,1,0,7,12,2,5,1,0,1,84,24,"Richmond","2023",9
33,"McIntosh, Kamdyn",16,8,3,19,0,1,0,3,4,3,0,8,0,3,0,2,16,0,0,4,0,1,87,24,"Richmond","2023",9
46,"Miller, Ben",3,1,3,6,0,0,9,4,2,1,1,3,0,0,0,5,3,0,0,8,1,0,71,24,"Richmond","2023",9
50,"Pickett, Marlion",4,1,3,7,0,0,0,0,0,4,0,1,0,1,0,5,3,0,0,1,0,2,84,24,"Richmond","2023",9
3,"Prestia, Dion",12,5,7,19,1,0,0,2,1,3,1,4,1,0,3,5,15,0,0,1,0,1,86,24,"Richmond","2023",9
13,"Ralphsmith, Hugo",6,6,7,13,0,0,0,0,1,3,0,1,0,0,0,5,8,0,0,1,0,1,81,24,"Richmond","2023",9
8,"Riewoldt, Jack",11,5,1,12,2,1,0,2,1,3,0,4,1,0,0,4,5,1,3,4,0,0,78,24,"Richmond","2023",9
17,"Rioli, Daniel",17,6,6,23,1,1,0,3,4,3,0,1,2,0,2,3,17,0,1,1,2,1,70,24,"Richmond","2023",9
5,"Ross, Jack",12,6,1,13,0,0,0,2,1,2,0,0,0,0,0,3,11,1,0,0,0,0,81,24,"Richmond","2023",9
32,"Ryan, Samson",7,3,2,9,0,0,29,2,0,5,5,3,1,0,0,4,3,1,0,3,0,1,86,24,"Richmond","2023",9
15,"Short, Jayden",22,9,4,26,0,0,0,3,6,5,4,4,3,1,0,8,17,0,0,1,0,0,77,24,"Richmond","2023",9
14,"Taranto, Tim",17,3,11,28,0,0,0,12,2,3,6,8,2,1,0,13,13,0,0,0,0,0,87,24,"Richmond","2023",9
1,"Vlastuin, Nick",11,4,4,15,0,0,0,2,6,0,0,0,1,0,0,4,5,0,0,5,0,0,88,24,"Richmond","2023",9
30,"Atkins, Tom",11,3,13,24,0,0,0,6,0,4,6,2,0,1,0,15,10,0,1,2,0,2,65,-24,"Geelong","2023",9
24,"Bews, Jed",6,3,8,14,0,0,0,2,2,2,0,2,0,0,0,7,8,0,0,1,0,0,78,-24,"Geelong","2023",9
46,"Blicavs, Mark",6,2,10,16,1,1,5,4,0,0,2,4,1,0,0,12,4,1,1,6,0,0,83,-24,"Geelong","2023",9
4,"Bruhn, Tanner",14,3,5,19,1,0,0,2,2,5,4,4,0,2,0,6,13,0,0,1,4,1,61,-24,"Geelong","2023",9
5,"Cameron, Jeremy",16,9,5,21,1,0,0,0,1,8,2,8,0,3,0,6,14,1,1,2,0,0,100,-24,"Geelong","2023",9
15,"Ceglar, Jonathon",8,3,6,14,0,0,33,1,1,4,6,3,1,1,0,10,5,1,0,4,0,0,74,-24,"Geelong","2023",9
0,"Clark, Jhye",4,0,2,6,0,0,0,5,2,1,1,3,0,0,0,3,3,0,0,0,0,0,25,-24,"Geelong","2023",9
0,"Dempsey, Oliver",4,3,7,11,0,2,0,1,0,3,0,0,1,0,0,3,8,0,2,1,0,1,49,-24,"Geelong","2023",9
22,"Duncan, Mitch",15,10,10,25,1,0,0,2,0,3,5,1,0,0,0,6,18,0,1,0,0,0,84,-24,"Geelong","2023",9
39,"Guthrie, Zach",6,2,5,11,0,0,0,3,3,1,0,4,0,1,0,6,6,0,0,5,0,1,94,-24,"Geelong","2023",9
26,"Hawkins, Tom",6,5,5,11,3,1,5,1,0,0,0,5,0,3,0,8,4,3,3,1,0,2,95,-24,"Geelong","2023",9
36,"Henry, Oliver",4,3,3,7,2,0,0,0,0,2,0,2,0,0,0,2,6,0,2,2,0,0,83,-24,"Geelong","2023",9
9,"Holmes, Max",11,2,6,17,0,0,0,4,2,4,3,4,2,0,0,9,9,0,0,0,0,0,72,-24,"Geelong","2023",9
10,"Knevitt, Mitch",11,6,5,16,0,1,0,2,2,3,1,3,0,0,0,6,10,1,1,1,0,0,89,-24,"Geelong","2023",9
8,"Kolodjashnij, Jake",6,5,4,10,0,0,0,0,2,0,0,2,1,1,0,1,9,0,0,0,0,0,85,-24,"Geelong","2023",9
32,"Miers, Gryan",14,5,7,21,0,2,0,1,1,6,4,1,2,1,0,8,14,0,0,2,2,0,87,-24,"Geelong","2023",9
42,"OConnor, Mark",11,4,2,13,0,1,0,2,4,1,3,5,0,2,0,3,10,0,0,1,0,0,82,-24,"Geelong","2023",9
3,"Parfitt, Brandan",7,1,3,10,0,0,0,4,0,4,1,5,2,1,0,3,7,0,1,2,0,0,56,-24,"Geelong","2023",9
17,"Ratugolea, Esava",6,4,6,12,0,0,0,2,3,0,1,2,1,1,0,5,6,1,0,8,0,0,91,-24,"Geelong","2023",9
37,"Simpson, Sam",6,2,8,14,1,0,0,1,0,1,1,1,0,0,0,6,9,0,1,1,0,0,83,-24,"Geelong","2023",9
7,"Smith, Isaac",11,2,12,23,1,0,0,1,2,3,3,3,0,1,0,6,16,0,0,0,0,1,86,-24,"Geelong","2023",9
44,"Stewart, Tom",19,11,5,24,0,0,0,0,8,0,1,3,2,2,0,7,13,2,0,2,0,0,87,-24,"Geelong","2023",9
2,"Tuohy, Zach",15,6,3,18,0,1,0,2,5,2,3,7,1,1,0,10,6,3,1,0,0,1,91,-24,"Geelong","2023",9
