"Number","Player","Kicks","Marks","Handballs","Disposals","Goals","Behinds","Hitouts","Tackles","Rebounds50s","Inside50s","Clearances","Clangers","FreesFor","FreesAgainst","BrownlowVotes","ContestedPossessions","UncontestedPossessions","ContestedMarks","MarksInside50","OnePercenters","Bounces","GoalAssists","PercentagePlayed","PointDifference","Team","Season","Round"
10,"Amon, Karl",13,3,7,20,0,0,0,1,2,4,1,5,1,1,0,8,12,0,0,1,0,1,84,25,"Hawthorn","2023",13
36,"Blanck, James",3,2,1,4,0,0,0,2,0,1,0,1,0,0,0,2,2,0,0,8,0,0,89,25,"Hawthorn","2023",13
16,"Bramble, Lachlan",7,2,7,14,0,1,0,0,2,2,1,4,0,1,0,2,13,0,0,1,0,0,67,25,"Hawthorn","2023",13
0,"Breust, Luke",4,2,7,11,1,0,0,2,1,3,0,1,0,0,0,5,6,0,0,0,0,0,45,25,"Hawthorn","2023",13
33,"Brockman, Tyler",4,6,13,17,0,1,0,3,1,1,0,0,0,0,0,5,12,1,1,1,3,0,70,25,"Hawthorn","2023",13
30,"Butler, Sam",4,1,3,7,2,0,0,1,0,2,0,0,1,0,0,3,4,0,0,0,0,0,80,25,"Hawthorn","2023",13
12,"Day, Will",13,8,14,27,0,0,0,2,1,5,6,4,2,1,2,15,13,1,0,3,0,0,85,25,"Hawthorn","2023",13
15,"Hardwick, Blake",16,9,6,22,0,0,0,1,4,1,0,4,0,0,0,4,16,0,0,2,2,0,88,25,"Hawthorn","2023",13
4,"Impey, Jarman",15,12,13,28,0,0,0,5,4,3,1,2,0,1,0,3,25,0,0,1,1,0,82,25,"Hawthorn","2023",13
23,"Koschitzke, Jacob",4,3,2,6,3,0,0,1,0,1,0,1,1,0,0,4,2,3,2,1,0,0,77,25,"Hawthorn","2023",13
2,"Lewis, Mitch",9,6,2,11,4,1,0,3,0,1,0,4,0,1,1,4,7,1,4,1,0,0,90,25,"Hawthorn","2023",13
31,"Macdonald, Connor",13,3,15,28,2,0,0,1,1,4,1,3,0,1,0,6,22,0,1,0,0,3,83,25,"Hawthorn","2023",13
0,"Mackenzie, Cam",5,4,7,12,0,0,0,0,0,5,1,3,0,2,0,4,11,0,0,0,0,2,40,25,"Hawthorn","2023",13
17,"Meek, Lloyd",3,4,11,14,1,0,18,2,1,2,3,1,1,1,0,7,8,2,0,3,0,1,76,25,"Hawthorn","2023",13
40,"Mitchell, Seamus",9,4,12,21,0,0,0,0,2,2,0,1,1,0,0,5,16,0,0,1,2,0,78,25,"Hawthorn","2023",13
13,"Moore, Dylan",12,5,13,25,2,2,0,4,2,4,1,3,2,1,0,7,19,0,1,0,0,0,89,25,"Hawthorn","2023",13
11,"Nash, Conor",11,6,14,25,0,0,0,6,1,3,0,2,2,1,0,6,19,0,0,1,0,0,80,25,"Hawthorn","2023",13
3,"Newcombe, Jai",14,5,14,28,0,0,0,4,1,9,5,5,0,3,3,12,18,0,0,1,0,3,78,25,"Hawthorn","2023",13
7,"Reeves, Ned",1,1,6,7,0,0,18,5,0,0,1,3,0,2,0,5,3,1,0,3,0,0,72,25,"Hawthorn","2023",13
14,"Scrimshaw, Jack",9,6,10,19,0,0,0,3,2,1,1,2,1,1,0,5,12,1,0,2,3,0,78,25,"Hawthorn","2023",13
6,"Sicily, James",23,12,9,32,0,0,0,1,7,0,0,3,3,0,0,11,19,2,0,8,0,0,97,25,"Hawthorn","2023",13
37,"Weddle, Josh",9,5,9,18,0,0,0,0,2,4,0,1,1,0,0,6,12,0,0,1,1,0,88,25,"Hawthorn","2023",13
5,"Worpel, James",14,1,16,30,0,0,0,3,0,4,5,7,0,3,0,8,22,0,1,1,0,0,84,25,"Hawthorn","2023",13
31,"Andrews, Harris",10,7,6,16,0,0,0,3,5,1,0,1,3,0,0,4,9,1,0,9,0,0,94,-25,"Brisbane Lions","2023",13
8,"Ashcroft, Will",9,1,11,20,1,0,0,4,1,0,1,2,0,0,0,5,15,0,0,0,1,0,77,-25,"Brisbane Lions","2023",13
33,"Bailey, Zac",14,1,5,19,0,1,0,2,1,5,5,5,2,0,0,9,9,0,0,0,0,0,80,-25,"Brisbane Lions","2023",13
7,"Berry, Jarrod",8,3,7,15,0,0,0,6,3,0,3,0,0,0,0,7,7,0,0,1,0,0,86,-25,"Brisbane Lions","2023",13
23,"Cameron, Charlie",11,2,0,11,2,0,0,4,0,5,2,2,1,0,0,5,4,0,2,0,0,2,86,-25,"Brisbane Lions","2023",13
0,"Coleman, Keidean",5,0,1,6,0,0,0,2,2,1,1,2,1,1,0,1,5,0,0,2,0,0,9,-25,"Brisbane Lions","2023",13
3,"Daniher, Joe",9,5,1,10,0,1,0,0,0,3,2,3,1,2,0,6,4,3,1,2,0,0,90,-25,"Brisbane Lions","2023",13
5,"Dunkley, Josh",13,7,15,28,1,0,0,11,3,1,8,2,5,0,0,15,14,1,0,3,0,0,79,-25,"Brisbane Lions","2023",13
27,"Gardiner, Darcy",5,2,1,6,0,0,0,5,1,1,0,2,1,1,0,4,2,1,0,5,0,0,86,-25,"Brisbane Lions","2023",13
19,"Gunston, Jack",5,5,1,6,0,0,0,2,2,1,0,1,0,0,0,2,5,0,0,1,0,1,80,-25,"Brisbane Lions","2023",13
30,"Hipwood, Eric",9,8,1,10,4,0,0,1,0,1,0,4,0,1,0,3,7,1,5,1,0,0,85,-25,"Brisbane Lions","2023",13
11,"McCarthy, Lincoln",10,2,4,14,1,1,0,2,0,4,1,2,0,1,0,5,9,0,0,0,0,0,77,-25,"Brisbane Lions","2023",13
6,"McCluggage, Hugh",11,2,7,18,0,0,0,8,3,3,2,4,2,2,0,8,11,1,1,1,0,1,65,-25,"Brisbane Lions","2023",13
46,"McInerney, Oscar",5,1,3,8,0,0,30,1,1,3,5,2,0,2,0,7,4,0,0,2,0,1,88,-25,"Brisbane Lions","2023",13
26,"McKenna, Conor",12,2,3,15,0,0,0,1,3,4,1,3,0,1,0,1,11,0,0,0,0,1,75,-25,"Brisbane Lions","2023",13
9,"Neale, Lachie",15,14,15,30,0,1,0,3,3,4,5,2,0,2,0,9,20,0,1,0,0,0,87,-25,"Brisbane Lions","2023",13
40,"Payne, Jack",8,7,2,10,0,0,0,1,4,3,0,2,1,0,0,6,6,1,0,7,0,0,96,-25,"Brisbane Lions","2023",13
20,"Prior, Jaxon",5,3,1,6,0,1,0,3,1,0,0,2,0,0,0,0,5,0,0,1,0,0,69,-25,"Brisbane Lions","2023",13
16,"Rayner, Cam",7,5,7,14,2,0,0,2,0,3,3,1,0,1,0,5,8,2,2,0,0,0,85,-25,"Brisbane Lions","2023",13
0,"Rich, Daniel",10,5,3,13,0,0,0,0,2,0,0,0,1,0,0,1,10,0,0,0,0,0,61,-25,"Brisbane Lions","2023",13
2,"Robertson, Deven",7,3,12,19,0,0,0,3,0,0,4,1,1,0,0,12,5,0,0,2,0,1,67,-25,"Brisbane Lions","2023",13
37,"Starcevich, Brandon",10,2,2,12,0,0,0,3,7,0,1,3,1,1,0,3,7,0,0,1,0,0,87,-25,"Brisbane Lions","2023",13
44,"Wilmot, Darcy",10,3,8,18,0,0,0,4,4,2,3,4,0,1,0,6,13,0,0,2,2,1,77,-25,"Brisbane Lions","2023",13
