"Number","Player","Kicks","Marks","Handballs","Disposals","Goals","Behinds","Hitouts","Tackles","Rebounds50s","Inside50s","Clearances","Clangers","FreesFor","FreesAgainst","BrownlowVotes","ContestedPossessions","UncontestedPossessions","ContestedMarks","MarksInside50","OnePercenters","Bounces","GoalAssists","PercentagePlayed","PointDifference","Team","Season","Round"
30,"Atkins, Tom",11,2,5,16,0,0,0,6,1,3,5,3,4,2,0,8,9,0,0,2,0,1,67,93,"Geelong","2023",6
46,"Blicavs, Mark",7,0,8,15,1,0,15,3,1,3,6,2,3,0,0,7,6,0,0,2,0,1,80,93,"Geelong","2023",6
12,"Bowes, Jack",14,6,5,19,0,1,0,2,3,3,2,1,1,0,0,10,9,2,1,2,0,0,74,93,"Geelong","2023",6
5,"Cameron, Jeremy",12,6,5,17,5,0,0,1,1,3,0,7,1,4,3,4,15,1,5,2,0,1,97,93,"Geelong","2023",6
45,"Close, Brad",8,2,7,15,2,1,0,4,0,1,0,2,1,0,0,6,9,0,1,2,0,2,84,93,"Geelong","2023",6
35,"Dangerfield, Patrick",15,6,16,31,1,1,0,2,0,7,7,3,0,0,2,14,16,1,2,0,0,3,75,93,"Geelong","2023",6
16,"De Koning, Sam",6,6,4,10,0,0,11,0,1,3,0,2,0,1,0,1,9,1,0,1,0,1,83,93,"Geelong","2023",6
22,"Duncan, Mitch",7,3,9,16,0,0,0,1,3,1,1,3,1,3,0,3,12,0,0,1,0,1,75,93,"Geelong","2023",6
0,"Guthrie, Cameron",8,4,16,24,0,0,0,4,0,1,5,4,0,1,0,9,14,0,0,0,0,1,61,93,"Geelong","2023",6
39,"Guthrie, Zach",7,5,6,13,0,0,0,3,2,1,0,2,1,0,0,6,7,2,0,3,0,0,90,93,"Geelong","2023",6
26,"Hawkins, Tom",7,5,1,8,5,0,1,0,0,0,1,2,1,1,1,6,3,2,5,0,0,0,85,93,"Geelong","2023",6
36,"Henry, Oliver",5,3,6,11,2,1,0,0,0,0,0,1,1,0,0,7,4,2,2,2,0,1,86,93,"Geelong","2023",6
9,"Holmes, Max",15,4,8,23,0,0,0,7,3,5,2,4,0,1,0,7,16,0,0,0,1,0,62,93,"Geelong","2023",6
0,"Knevitt, Mitch",2,1,1,3,0,0,0,1,1,1,0,0,0,0,0,0,3,0,0,0,0,1,15,93,"Geelong","2023",6
8,"Kolodjashnij, Jake",10,5,7,17,0,0,0,2,2,3,0,1,1,0,0,8,9,0,0,2,1,0,90,93,"Geelong","2023",6
32,"Miers, Gryan",10,2,7,17,0,0,0,3,1,5,2,3,1,1,0,3,13,0,0,1,1,2,86,93,"Geelong","2023",6
42,"OConnor, Mark",11,6,5,16,0,0,0,5,3,3,2,3,0,2,0,5,11,1,0,2,0,0,84,93,"Geelong","2023",6
17,"Ratugolea, Esava",6,5,5,11,0,0,0,1,1,1,0,0,1,0,0,4,8,1,0,4,0,0,92,93,"Geelong","2023",6
23,"Rohan, Gary",8,3,3,11,1,4,0,5,0,2,0,3,2,0,0,7,3,1,3,1,0,1,80,93,"Geelong","2023",6
37,"Simpson, Sam",7,6,7,14,2,1,0,1,0,0,0,1,2,0,0,7,7,0,3,1,1,0,78,93,"Geelong","2023",6
7,"Smith, Isaac",8,4,11,19,0,0,0,1,1,3,1,5,1,1,0,5,13,0,0,2,0,0,77,93,"Geelong","2023",6
44,"Stewart, Tom",19,7,4,23,0,0,0,3,7,1,1,1,2,0,0,6,11,0,0,2,0,0,93,93,"Geelong","2023",6
2,"Tuohy, Zach",7,0,4,11,1,0,0,4,3,3,1,4,1,3,0,6,6,0,0,2,0,1,85,93,"Geelong","2023",6
22,"Blakey, Nick",12,3,7,19,0,0,0,2,4,2,0,7,1,1,0,7,10,0,0,7,0,0,82,-93,"Sydney","2023",6
16,"Campbell, Braeden",11,6,7,18,0,0,0,2,7,1,0,5,0,3,0,4,15,0,0,3,0,0,89,-93,"Sydney","2023",6
4,"Clarke, Ryan",8,2,3,11,0,0,0,3,0,0,0,1,1,0,0,4,8,0,0,1,0,0,77,-93,"Sydney","2023",6
7,"Cunningham, Harry",7,5,5,12,0,0,0,5,3,4,0,1,1,1,0,1,11,0,0,1,0,0,85,-93,"Sydney","2023",6
13,"Florent, Oliver",11,4,3,14,0,0,0,3,3,2,1,7,0,3,0,4,10,0,0,0,0,0,81,-93,"Sydney","2023",6
42,"Fox, Robbie",6,3,11,17,0,0,0,2,3,0,0,2,2,1,0,10,8,1,0,1,0,0,97,-93,"Sydney","2023",6
10,"Francis, Aaron",6,5,1,7,0,1,0,1,2,0,0,4,0,0,0,5,3,2,2,5,0,1,90,-93,"Sydney","2023",6
0,"Gould, Will",2,1,1,3,0,0,0,2,2,0,1,0,1,0,0,2,1,0,0,2,0,0,42,-93,"Sydney","2023",6
21,"Gulden, Errol",16,5,0,16,0,3,0,3,1,7,2,7,4,4,0,6,9,0,0,1,0,0,90,-93,"Sydney","2023",6
9,"Hayward, Will",6,1,2,8,2,0,0,1,0,2,0,4,0,2,0,2,6,0,0,1,0,1,84,-93,"Sydney","2023",6
5,"Heeney, Isaac",9,7,5,14,1,0,0,8,1,1,2,4,0,0,0,7,7,2,1,3,0,0,86,-93,"Sydney","2023",6
19,"Ladhams, Peter",11,5,3,14,0,0,28,3,0,4,3,4,1,2,0,2,10,0,0,5,0,0,74,-93,"Sydney","2023",6
44,"Lloyd, Jake",14,6,5,19,0,0,0,2,3,1,0,2,0,0,0,4,11,0,0,1,0,0,86,-93,"Sydney","2023",6
6,"McDonald, Logan",4,1,1,5,0,0,0,1,0,1,0,2,1,1,0,3,2,0,0,3,0,0,76,-93,"Sydney","2023",6
27,"McInerney, Justin",3,2,5,8,0,0,0,2,0,0,0,0,0,0,0,3,5,1,0,2,0,0,65,-93,"Sydney","2023",6
2,"McLean, Hayden",6,2,7,13,0,0,8,2,0,1,4,2,1,0,0,8,4,0,0,8,0,0,75,-93,"Sydney","2023",6
14,"Mills, Callum",9,7,5,14,0,0,0,8,2,2,1,3,0,1,0,3,12,1,0,3,0,0,95,-93,"Sydney","2023",6
11,"Papley, Tom",5,3,4,9,1,1,0,4,0,1,4,1,1,1,0,6,4,0,2,0,0,0,83,-93,"Sydney","2023",6
26,"Parker, Luke",11,4,10,21,0,0,0,4,1,3,6,3,2,1,0,12,9,0,0,2,0,0,79,-93,"Sydney","2023",6
0,"Roberts, Matt",3,2,0,3,0,0,0,1,0,1,0,1,0,0,0,1,2,0,0,0,0,0,27,-93,"Sydney","2023",6
8,"Rowbottom, James",10,0,3,13,0,1,0,10,1,5,5,2,1,0,0,7,5,0,0,2,0,0,70,-93,"Sydney","2023",6
3,"Stephens, Dylan",5,1,2,7,1,0,0,1,0,1,0,5,3,2,0,7,4,0,0,1,0,0,86,-93,"Sydney","2023",6
1,"Warner, Chad",10,1,9,19,0,0,0,2,1,1,6,5,0,2,0,11,9,0,0,1,2,0,80,-93,"Sydney","2023",6
