"Number","Player","Kicks","Marks","Handballs","Disposals","Goals","Behinds","Hitouts","Tackles","Rebounds50s","Inside50s","Clearances","Clangers","FreesFor","FreesAgainst","BrownlowVotes","ContestedPossessions","UncontestedPossessions","ContestedMarks","MarksInside50","OnePercenters","Bounces","GoalAssists","PercentagePlayed","PointDifference","Team","Season","Round"
11,"Aish, James",16,5,13,29,0,0,0,0,4,6,3,2,3,0,0,8,21,0,1,1,0,0,89,-1,"Fremantle","2023",2
24,"Amiss, Jye",1,2,2,3,0,0,0,3,0,0,0,2,1,1,0,3,1,1,0,0,0,0,70,-1,"Fremantle","2023",2
41,"Banfield, Bailey",6,3,10,16,1,0,0,3,0,2,0,3,1,0,0,9,7,0,0,3,0,0,75,-1,"Fremantle","2023",2
8,"Brayshaw, Andrew",18,5,11,29,0,0,0,7,1,7,4,2,3,0,0,8,20,0,0,3,0,1,83,-1,"Fremantle","2023",2
17,"Brodie, Will",5,1,12,17,1,0,0,5,0,0,5,5,1,3,0,10,7,0,0,0,0,0,64,-1,"Fremantle","2023",2
27,"Chapman, Heath",9,5,8,17,0,0,0,3,3,1,0,1,2,0,0,8,9,0,0,2,0,0,79,-1,"Fremantle","2023",2
6,"Clark, Jordan",11,6,7,18,0,0,0,2,0,3,0,3,4,2,0,7,12,0,0,0,0,0,89,-1,"Fremantle","2023",2
36,"Cox, Brennan",13,5,7,20,1,0,0,2,4,0,0,2,1,1,0,8,11,1,0,9,0,0,93,-1,"Fremantle","2023",2
4,"Darcy, Sean",4,1,2,6,0,0,28,5,0,2,3,6,3,3,0,4,1,0,0,1,0,0,78,-1,"Fremantle","2023",2
32,"Frederick, Michael",7,6,5,12,1,2,0,3,0,2,1,3,1,2,0,7,8,0,2,2,0,0,83,-1,"Fremantle","2023",2
23,"Henry, Liam",13,5,5,18,0,1,0,2,0,5,0,2,0,0,0,3,15,0,1,0,0,1,75,-1,"Fremantle","2023",2
15,"Hughes, Ethan",10,5,6,16,0,0,0,2,2,4,3,2,1,0,0,3,13,0,0,3,0,0,81,-1,"Fremantle","2023",2
9,"Jackson, Luke",4,1,6,10,0,0,17,4,1,1,0,4,1,1,0,6,6,0,1,0,0,0,88,-1,"Fremantle","2023",2
2,"OMeara, Jaeger",12,5,9,21,2,1,0,2,0,3,4,2,2,1,0,9,12,1,2,2,0,0,73,-1,"Fremantle","2023",2
25,"Pearce, Alex",9,4,3,12,0,0,0,1,6,0,1,3,2,2,0,7,5,1,0,7,0,0,93,-1,"Fremantle","2023",2
13,"Ryan, Luke",22,10,8,30,0,0,0,2,7,2,0,3,1,2,2,7,21,0,0,0,1,0,84,-1,"Fremantle","2023",2
5,"Schultz, Lachie",6,4,5,11,1,1,0,1,0,3,0,1,2,1,0,4,9,0,0,0,0,0,85,-1,"Fremantle","2023",2
3,"Serong, Caleb",18,5,13,31,0,1,0,5,4,3,4,4,2,1,0,9,22,0,0,0,0,2,85,-1,"Fremantle","2023",2
39,"Switkowski, Sam",5,5,10,15,1,1,0,3,0,2,1,0,0,0,0,8,7,0,1,1,0,0,80,-1,"Fremantle","2023",2
0,"Taberner, Matthew",4,4,3,7,0,0,0,2,0,1,0,3,0,1,0,2,5,1,1,1,0,0,52,-1,"Fremantle","2023",2
0,"Walters, Michael",5,2,2,7,2,1,0,1,0,2,0,0,2,0,0,4,3,0,1,1,0,0,37,-1,"Fremantle","2023",2
14,"Wilson, Nathan",10,5,8,18,0,0,0,1,1,2,0,1,0,0,0,1,15,0,0,2,0,0,81,-1,"Fremantle","2023",2
26,"Young, Hayden",8,7,6,14,0,0,0,0,1,2,1,3,1,2,0,5,11,1,0,4,0,0,81,-1,"Fremantle","2023",2
27,"Bergman, Miller",6,6,4,10,0,0,0,1,2,0,0,0,0,0,0,2,8,0,0,1,0,1,76,1,"North Melbourne","2023",2
30,"Comben, Charlie",6,1,0,6,0,1,1,2,0,1,0,9,3,5,0,3,3,0,0,2,0,0,84,1,"North Melbourne","2023",2
4,"Corr, Aidan",17,10,5,22,0,0,0,3,4,0,0,4,4,2,0,5,17,0,0,6,0,0,84,1,"North Melbourne","2023",2
10,"Cunnington, Ben",9,2,15,24,0,1,0,3,0,3,6,4,3,3,0,10,15,0,0,0,0,2,68,1,"North Melbourne","2023",2
0,"Curtis, Paul",4,1,4,8,0,0,0,0,0,0,0,3,0,1,0,6,3,0,0,1,0,1,36,1,"North Melbourne","2023",2
9,"Davies-Uniacke, Luke",16,7,14,30,1,1,0,6,4,4,11,3,1,2,3,17,17,0,0,1,2,0,86,1,"North Melbourne","2023",2
31,"Goater, Josh",9,5,6,15,0,0,0,2,0,2,0,3,0,2,0,3,13,0,0,2,0,1,78,1,"North Melbourne","2023",2
22,"Goldstein, Todd",2,0,5,7,0,0,27,2,1,0,3,4,3,3,0,8,1,0,0,3,0,0,81,1,"North Melbourne","2023",2
18,"Greenwood, Hugh",6,3,8,14,0,0,2,2,0,1,1,5,0,2,0,7,8,1,0,1,0,0,72,1,"North Melbourne","2023",2
0,"Howe, Daniel",6,1,2,8,0,0,0,1,1,2,2,4,1,2,0,3,5,0,0,1,0,0,49,1,"North Melbourne","2023",2
20,"Larkey, Nick",6,2,3,9,4,0,0,1,0,1,0,0,3,0,0,6,4,0,2,1,0,0,96,1,"North Melbourne","2023",2
19,"Logue, Griffin",9,7,4,13,0,0,0,3,2,0,0,1,0,0,0,5,8,2,0,7,0,0,95,1,"North Melbourne","2023",2
11,"McDonald, Luke",12,5,3,15,0,0,0,2,5,2,0,3,0,1,0,5,10,0,0,4,0,0,90,1,"North Melbourne","2023",2
24,"Powell, Tom",9,3,10,19,1,0,0,1,0,4,2,3,0,1,0,7,14,0,1,1,3,0,72,1,"North Melbourne","2023",2
8,"Scott, Bailey",9,6,3,12,0,0,0,4,4,0,2,3,0,2,0,3,9,0,0,0,0,0,81,1,"North Melbourne","2023",2
3,"Sheezel, Harry",22,8,8,30,0,0,0,6,9,2,1,6,0,1,1,7,21,0,0,2,0,0,91,1,"North Melbourne","2023",2
14,"Shiels, Liam",10,3,9,19,0,0,0,7,1,4,4,2,2,0,0,7,12,1,1,4,0,0,83,1,"North Melbourne","2023",2
12,"Simpkin, Jy",17,2,8,25,1,0,0,4,1,10,4,5,0,2,0,10,14,1,0,1,1,1,82,1,"North Melbourne","2023",2
2,"Stephenson, Jaidyn",7,2,6,13,2,0,0,0,0,3,2,1,0,0,0,4,8,0,0,0,0,0,75,1,"North Melbourne","2023",2
5,"Taylor, Curtis",6,4,5,11,2,0,0,1,1,2,1,4,1,3,0,4,8,0,2,0,0,0,85,1,"North Melbourne","2023",2
28,"Turner, Kayne",7,5,5,12,0,0,0,3,0,0,0,0,1,0,0,5,7,0,0,2,0,0,71,1,"North Melbourne","2023",2
7,"Ziebell, Jack",22,11,4,26,0,0,0,1,6,0,0,1,1,1,0,6,14,0,0,6,0,0,83,1,"North Melbourne","2023",2
44,"Zurhaar, Cameron",14,1,12,26,0,2,0,2,1,5,6,5,0,1,0,9,16,0,1,0,0,3,80,1,"North Melbourne","2023",2
