"Number","Player","Kicks","Marks","Handballs","Disposals","Goals","Behinds","Hitouts","Tackles","Rebounds50s","Inside50s","Clearances","Clangers","FreesFor","FreesAgainst","BrownlowVotes","ContestedPossessions","UncontestedPossessions","ContestedMarks","MarksInside50","OnePercenters","Bounces","GoalAssists","PercentagePlayed","PointDifference","Team","Season","Round"
0,"Bryan, Nick",2,0,2,4,0,0,15,1,0,0,1,2,0,0,0,3,1,0,0,0,0,0,31,-41,"Essendon","2023",19
6,"Caldwell, Jye",6,1,7,13,0,0,0,11,0,4,1,3,1,2,0,7,7,0,0,0,0,0,70,-41,"Essendon","2023",19
13,"Cox, Nik",7,4,6,13,0,1,0,3,0,3,1,4,0,2,0,4,10,0,1,1,0,1,82,-41,"Essendon","2023",19
22,"Durham, Sam",9,6,6,15,0,0,0,3,1,4,3,2,0,1,0,7,9,0,0,3,1,0,83,-41,"Essendon","2023",19
35,"Guelfi, Matt",7,5,3,10,1,1,0,1,0,3,0,0,1,0,0,5,6,1,1,2,0,0,79,-41,"Essendon","2023",19
21,"Heppell, Dyson",17,9,5,22,0,0,0,1,7,2,0,2,0,0,0,4,18,1,0,2,0,0,84,-41,"Essendon","2023",19
0,"Hind, Nick",7,1,1,8,0,0,0,2,1,2,0,0,0,0,0,0,7,0,1,0,4,0,31,-41,"Essendon","2023",19
8,"Hobbs, Ben",5,1,7,12,0,0,0,5,0,0,2,3,0,3,0,5,8,0,0,1,0,0,77,-41,"Essendon","2023",19
29,"Kelly, Jake",19,16,2,21,0,0,0,1,1,0,0,1,0,0,0,2,19,1,0,1,0,0,89,-41,"Essendon","2023",19
4,"Langford, Kyle",10,7,4,14,2,2,0,2,0,2,0,0,1,0,0,6,7,1,3,0,0,1,100,-41,"Essendon","2023",19
15,"Laverde, Jayden",19,15,8,27,0,0,0,4,2,3,0,0,4,0,0,7,20,1,0,4,0,1,89,-41,"Essendon","2023",19
37,"Martin, Nic",14,7,5,19,0,0,0,4,2,7,0,0,2,0,0,4,16,0,0,0,0,1,85,-41,"Essendon","2023",19
1,"McGrath, Andrew",12,10,14,26,0,0,0,3,5,1,0,1,0,0,0,6,20,0,0,2,1,0,83,-41,"Essendon","2023",19
7,"Merrett, Zach",10,2,14,24,1,0,0,5,1,2,4,3,1,1,0,11,14,0,1,7,0,0,86,-41,"Essendon","2023",19
3,"Parish, Darcy",13,6,11,24,0,0,0,7,3,5,9,2,1,0,0,11,14,0,0,0,0,0,80,-41,"Essendon","2023",19
16,"Perkins, Archie",3,1,5,8,0,0,0,1,0,1,0,1,1,0,0,2,5,0,0,0,0,0,73,-41,"Essendon","2023",19
34,"Phillips, Andrew",5,2,2,7,0,0,33,6,0,1,3,5,1,4,0,7,2,0,0,3,0,0,71,-41,"Essendon","2023",19
27,"Redman, Mason",20,9,8,28,0,0,0,0,5,2,0,3,0,1,0,5,19,0,0,0,0,0,84,-41,"Essendon","2023",19
14,"Ridley, Jordan",23,14,6,29,0,0,0,2,5,0,0,2,0,1,0,5,20,3,0,5,2,0,69,-41,"Essendon","2023",19
11,"Snelling, Will",4,3,3,7,0,0,0,3,0,2,1,3,0,1,0,1,6,0,0,2,0,0,81,-41,"Essendon","2023",19
25,"Stringer, Jake",6,3,2,8,0,1,0,2,0,2,1,5,0,0,0,3,6,0,0,0,0,0,84,-41,"Essendon","2023",19
20,"Wright, Peter",10,4,3,13,3,1,3,1,0,2,0,1,1,0,0,6,8,1,2,4,0,1,94,-41,"Essendon","2023",19
30,"Zerk-Thatcher, Brandon",14,10,3,17,0,0,0,2,3,1,0,2,1,1,0,3,13,0,0,12,0,0,94,-41,"Essendon","2023",19
0,"Baker, Oskar",9,3,3,12,1,0,0,1,0,3,0,2,0,0,0,3,9,0,0,3,1,0,58,41,"Western Bulldogs","2023",19
4,"Bontempelli, Marcus",21,11,8,29,2,2,0,2,2,8,4,3,0,2,2,12,17,3,2,1,0,1,85,41,"Western Bulldogs","2023",19
17,"Bruce, Josh",3,2,3,6,0,0,0,0,1,0,0,1,1,1,0,5,3,1,0,6,0,0,100,41,"Western Bulldogs","2023",19
31,"Dale, Bailey",14,3,6,20,0,0,0,4,2,1,0,2,0,0,0,3,13,0,0,3,1,0,78,41,"Western Bulldogs","2023",19
35,"Daniel, Caleb",17,9,11,28,0,0,0,2,4,5,3,3,1,0,0,6,22,0,0,1,0,2,77,41,"Western Bulldogs","2023",19
15,"Duryea, Taylor",8,4,3,11,0,0,0,0,1,2,1,3,1,0,0,4,8,1,0,2,0,0,74,41,"Western Bulldogs","2023",19
44,"English, Tim",12,3,6,18,0,0,33,1,3,1,6,0,4,0,1,10,8,0,0,6,0,0,86,41,"Western Bulldogs","2023",19
43,"Gardner, Ryan",8,3,3,11,0,0,0,2,6,0,1,3,0,0,0,1,9,0,0,5,0,0,100,41,"Western Bulldogs","2023",19
42,"Keath, Alex",7,3,8,15,0,0,0,1,4,0,0,1,1,1,0,4,12,0,0,2,0,0,100,41,"Western Bulldogs","2023",19
24,"Khamis, Buku",3,1,3,6,0,0,2,1,0,0,0,3,0,3,0,3,4,0,1,1,0,2,66,41,"Western Bulldogs","2023",19
21,"Liberatore, Tom",15,5,21,36,0,1,0,4,3,3,12,5,1,0,3,22,14,0,1,2,0,0,83,41,"Western Bulldogs","2023",19
11,"Macrae, Jack",8,3,15,23,0,0,0,2,1,2,4,1,1,1,0,10,13,0,0,2,0,2,84,41,"Western Bulldogs","2023",19
33,"Naughton, Aaron",10,6,3,13,1,2,0,5,1,2,0,2,1,0,0,6,8,2,2,1,0,1,87,41,"Western Bulldogs","2023",19
25,"Poulter, Caleb",6,1,8,14,0,1,0,5,1,1,1,1,0,1,0,6,9,0,0,3,1,0,79,41,"Western Bulldogs","2023",19
20,"Richards, Ed",17,4,4,21,0,0,0,2,4,2,0,5,0,2,0,3,15,0,0,3,3,0,79,41,"Western Bulldogs","2023",19
28,"Scott, Anthony",8,6,5,13,1,0,0,1,0,2,0,0,0,0,0,3,10,0,1,0,0,0,76,41,"Western Bulldogs","2023",19
6,"Smith, Bailey",18,7,7,25,0,1,0,6,2,6,6,4,3,1,0,11,14,0,0,2,3,0,85,41,"Western Bulldogs","2023",19
1,"Treloar, Adam",13,2,12,25,1,0,0,4,1,4,6,1,1,0,0,14,11,0,0,1,0,0,72,41,"Western Bulldogs","2023",19
2,"Ugle-Hagan, Jamarra",12,7,3,15,3,2,0,2,0,3,0,5,2,3,0,5,12,1,3,0,0,0,88,41,"Western Bulldogs","2023",19
23,"Vandermeer, Laitham",6,2,5,11,0,0,0,4,2,1,1,0,0,0,0,4,7,0,0,3,0,0,70,41,"Western Bulldogs","2023",19
3,"Weightman, Cody",8,4,1,9,3,0,0,2,1,2,1,2,0,0,0,5,5,0,2,3,0,0,86,41,"Western Bulldogs","2023",19
14,"West, Rhylee",4,1,3,7,1,0,0,2,0,1,0,0,0,0,0,3,4,0,1,0,0,0,71,41,"Western Bulldogs","2023",19
0,"Williams, Bailey",1,1,3,4,0,0,0,1,1,0,1,0,0,0,0,1,3,0,0,0,0,0,18,41,"Western Bulldogs","2023",19
