"Number","Player","Kicks","Marks","Handballs","Disposals","Goals","Behinds","Hitouts","Tackles","Rebounds50s","Inside50s","Clearances","Clangers","FreesFor","FreesAgainst","BrownlowVotes","ContestedPossessions","UncontestedPossessions","ContestedMarks","MarksInside50","OnePercenters","Bounces","GoalAssists","PercentagePlayed","PointDifference","Team","Season","Round"
0,"Butts, Jordon",3,0,1,4,0,0,0,0,2,0,0,0,1,0,0,2,1,0,0,3,0,0,57,39,"Adelaide","2023",4
12,"Dawson, Jordan",20,5,7,27,1,0,0,6,5,5,5,0,3,0,3,13,14,0,0,1,1,0,86,39,"Adelaide","2023",4
39,"Doedee, Tom",8,6,10,18,0,0,0,1,3,0,0,2,0,1,0,5,10,0,0,7,0,0,95,39,"Adelaide","2023",4
44,"Gollant, Lachlan",5,3,3,8,2,1,0,1,0,2,0,3,1,1,0,4,4,1,2,2,0,0,74,39,"Adelaide","2023",4
20,"Hinge, Mitch",12,4,4,16,0,0,0,3,4,2,0,6,2,1,0,6,13,0,0,2,0,0,78,39,"Adelaide","2023",4
1,"Jones, Chayce",17,6,4,21,0,0,0,2,3,4,3,1,0,0,0,5,17,0,0,3,0,2,86,39,"Adelaide","2023",4
2,"Keays, Ben",11,3,8,19,0,2,0,5,0,5,2,1,1,0,0,6,14,0,2,0,0,1,76,39,"Adelaide","2023",4
29,"Laird, Rory",11,2,17,28,0,1,0,4,1,3,2,6,3,3,0,13,15,0,0,1,0,0,77,39,"Adelaide","2023",4
25,"McHenry, Ned",12,4,10,22,0,0,0,0,1,7,0,7,2,4,0,8,15,0,0,0,0,3,88,39,"Adelaide","2023",4
16,"Michalanney, Max",9,5,7,16,0,0,0,2,2,2,1,2,2,0,0,9,7,1,0,8,0,1,80,39,"Adelaide","2023",4
30,"Milera, Wayne",9,5,9,18,1,0,0,0,3,1,0,1,0,0,0,5,12,1,0,1,0,1,81,39,"Adelaide","2023",4
4,"Murphy, Lachlan",6,2,8,14,0,0,0,2,0,2,3,1,0,1,0,4,10,0,0,2,0,1,82,39,"Adelaide","2023",4
28,"Murray, Nick",7,3,1,8,0,0,0,1,4,1,0,1,1,1,0,3,4,1,0,12,0,0,94,39,"Adelaide","2023",4
43,"OBrien, Reilly",5,1,6,11,0,0,29,3,0,0,5,4,0,2,0,4,4,0,0,5,0,1,81,39,"Adelaide","2023",4
8,"Rachele, Josh",14,3,6,20,3,1,0,2,0,4,0,6,2,2,0,6,15,0,0,1,0,0,84,39,"Adelaide","2023",4
22,"Rankine, Izak",10,6,5,15,3,2,0,5,0,1,1,4,0,2,2,9,6,2,6,0,2,1,85,39,"Adelaide","2023",4
0,"Schoenberg, Harry",3,1,2,5,0,0,0,2,1,1,1,2,0,1,0,1,3,0,0,0,0,1,22,39,"Adelaide","2023",4
38,"Sholl, Lachlan",7,3,7,14,0,0,0,2,2,0,3,1,0,1,0,8,7,0,0,0,0,0,85,39,"Adelaide","2023",4
9,"Sloane, Rory",12,2,11,23,0,0,0,6,2,2,4,4,1,2,0,9,14,0,0,3,0,0,65,39,"Adelaide","2023",4
33,"Smith, Brodie",16,4,8,24,0,0,0,3,6,5,1,3,2,1,0,6,15,0,0,1,0,0,87,39,"Adelaide","2023",4
14,"Soligo, Jake",10,7,11,21,2,0,0,2,1,1,2,3,0,2,0,8,13,0,1,0,0,0,77,39,"Adelaide","2023",4
7,"Thilthorpe, Riley",10,9,8,18,1,0,4,2,1,2,1,1,1,0,0,11,6,5,0,0,0,0,83,39,"Adelaide","2023",4
13,"Walker, Taylor",5,3,5,10,4,0,1,1,0,1,1,4,0,3,0,6,5,0,1,1,0,0,76,39,"Adelaide","2023",4
11,"Aish, James",7,1,10,17,0,0,0,5,0,3,3,2,1,1,0,6,11,0,0,0,0,0,88,-39,"Fremantle","2023",4
24,"Amiss, Jye",4,2,4,8,1,2,0,1,0,0,0,2,1,0,0,3,4,1,1,1,0,0,72,-39,"Fremantle","2023",4
41,"Banfield, Bailey",8,2,5,13,2,1,0,0,0,3,0,0,1,0,0,5,8,0,1,2,1,0,83,-39,"Fremantle","2023",4
8,"Brayshaw, Andrew",13,2,18,31,0,0,0,7,2,5,5,3,2,1,0,12,18,0,0,1,1,0,82,-39,"Fremantle","2023",4
6,"Clark, Jordan",10,3,8,18,0,0,0,6,3,4,1,3,3,2,0,7,9,1,0,2,1,1,82,-39,"Fremantle","2023",4
36,"Cox, Brennan",10,7,4,14,0,0,0,2,3,1,0,2,0,1,0,6,8,3,0,12,0,0,93,-39,"Fremantle","2023",4
4,"Darcy, Sean",7,3,10,17,0,0,38,2,0,3,4,2,2,2,0,10,8,1,0,3,0,0,84,-39,"Fremantle","2023",4
23,"Henry, Liam",9,4,4,13,1,0,0,2,1,1,0,2,1,2,0,2,12,0,0,0,0,0,82,-39,"Fremantle","2023",4
15,"Hughes, Ethan",7,1,12,19,1,0,0,2,2,3,1,2,3,0,0,4,14,0,0,2,0,0,84,-39,"Fremantle","2023",4
9,"Jackson, Luke",6,3,8,14,1,1,8,4,1,1,3,1,0,0,0,7,7,2,1,2,0,0,82,-39,"Fremantle","2023",4
0,"Johnson, Matthew",2,0,3,5,0,0,0,1,1,0,2,0,0,0,0,5,0,0,0,0,0,0,29,-39,"Fremantle","2023",4
0,"ODriscoll, Nathan",3,0,2,5,0,0,0,2,1,1,0,0,0,0,0,2,3,0,0,2,0,0,52,-39,"Fremantle","2023",4
2,"OMeara, Jaeger",7,2,12,19,0,0,0,4,0,2,9,1,0,1,0,12,8,0,0,0,0,0,61,-39,"Fremantle","2023",4
25,"Pearce, Alex",6,3,5,11,0,0,0,0,5,0,0,5,1,0,0,5,5,0,0,6,0,0,95,-39,"Fremantle","2023",4
13,"Ryan, Luke",18,6,4,22,0,0,0,4,7,2,1,1,3,1,0,6,10,0,0,3,0,0,84,-39,"Fremantle","2023",4
5,"Schultz, Lachie",8,5,4,12,2,0,0,6,0,2,1,2,1,1,0,3,9,0,2,1,0,2,77,-39,"Fremantle","2023",4
3,"Serong, Caleb",14,2,14,28,0,1,0,7,1,4,10,5,4,1,1,16,14,0,0,1,0,1,82,-39,"Fremantle","2023",4
39,"Switkowski, Sam",2,0,9,11,0,0,0,5,0,3,2,0,0,0,0,4,8,0,0,3,0,0,76,-39,"Fremantle","2023",4
20,"Taberner, Matthew",5,5,4,9,2,0,0,1,0,2,0,3,0,3,0,2,7,1,1,2,0,0,83,-39,"Fremantle","2023",4
31,"Walker, Brandon",7,2,5,12,0,0,0,0,3,1,0,5,1,2,0,5,7,0,0,4,0,0,75,-39,"Fremantle","2023",4
10,"Walters, Michael",6,0,3,9,0,2,0,1,0,2,0,7,2,3,0,7,2,0,0,0,1,1,85,-39,"Fremantle","2023",4
14,"Wilson, Nathan",10,2,0,10,0,0,0,1,2,4,1,1,2,0,0,4,5,1,0,2,0,0,82,-39,"Fremantle","2023",4
26,"Young, Hayden",10,6,7,17,0,0,0,4,1,4,1,1,0,0,0,4,12,1,0,3,0,0,88,-39,"Fremantle","2023",4
