"Number","Player","Kicks","Marks","Handballs","Disposals","Goals","Behinds","Hitouts","Tackles","Rebounds50s","Inside50s","Clearances","Clangers","FreesFor","FreesAgainst","BrownlowVotes","ContestedPossessions","UncontestedPossessions","ContestedMarks","MarksInside50","OnePercenters","Bounces","GoalAssists","PercentagePlayed","PointDifference","Team","Season","Round"
26,"Battle, Josh",14,6,5,19,0,0,0,2,4,1,0,2,1,0,0,3,15,0,0,3,0,0,95,-28,"St Kilda","2023",15
16,"Butler, Dan",6,1,4,10,1,1,0,6,1,0,0,1,0,0,0,1,8,0,0,1,0,0,81,-28,"St Kilda","2023",15
0,"Byrnes, Ryan",6,3,1,7,1,0,0,2,0,1,0,2,0,1,0,1,6,0,1,0,0,0,59,-28,"St Kilda","2023",15
47,"Caminiti, Anthony",4,5,4,8,1,0,0,1,0,1,0,1,0,0,0,3,5,0,2,3,0,1,76,-28,"St Kilda","2023",15
5,"Crouch, Brad",13,5,12,25,0,0,0,10,1,5,3,2,1,1,0,9,16,0,0,0,0,0,75,-28,"St Kilda","2023",15
4,"Gresham, Jade",6,1,5,11,1,0,0,3,0,3,1,4,0,0,0,6,6,0,0,1,0,0,66,-28,"St Kilda","2023",15
22,"Higgins, Jack",6,3,5,11,1,2,0,1,0,1,0,2,0,1,0,6,6,1,2,1,0,2,75,-28,"St Kilda","2023",15
8,"Hill, Bradley",17,6,8,25,1,0,0,1,4,4,3,4,2,1,0,8,17,0,1,0,2,0,84,-28,"St Kilda","2023",15
20,"Howard, Dougal",8,4,4,12,0,0,0,2,4,0,0,2,0,0,0,5,6,1,0,5,0,0,87,-28,"St Kilda","2023",15
12,"King, Max",4,0,3,7,0,2,0,0,0,3,1,3,1,1,0,5,2,0,0,0,0,0,88,-28,"St Kilda","2023",15
19,"Marshall, Rowan",7,7,6,13,0,0,30,5,1,1,3,0,1,0,0,6,7,1,0,5,0,0,90,-28,"St Kilda","2023",15
10,"Owens, Mitch",7,4,6,13,0,1,4,5,0,3,2,1,1,1,0,7,8,2,1,4,0,1,79,-28,"St Kilda","2023",15
33,"Paton, Ben",7,6,7,14,0,0,0,0,1,2,0,3,0,1,0,3,11,0,0,1,0,0,74,-28,"St Kilda","2023",15
25,"Phillipou, Mattaes",0,2,12,12,0,0,0,1,0,0,1,2,0,1,0,6,6,0,0,0,0,1,83,-28,"St Kilda","2023",15
0,"Sharman, Cooper",2,2,2,4,0,0,0,0,1,0,0,1,0,0,0,2,2,0,0,1,0,0,35,-28,"St Kilda","2023",15
35,"Sinclair, Jack",21,4,15,36,1,1,0,4,4,4,6,3,2,0,2,16,23,0,1,2,0,0,84,-28,"St Kilda","2023",15
9,"Steele, Jack",9,3,12,21,0,0,0,12,1,4,6,6,2,2,0,12,11,0,0,0,0,0,68,-28,"St Kilda","2023",15
14,"Stocker, Liam",15,6,3,18,0,0,0,5,5,1,0,4,1,1,0,5,10,1,0,1,0,0,80,-28,"St Kilda","2023",15
7,"Wanganeen-Milera, Nasiah",18,4,6,24,1,0,0,4,5,2,1,1,2,0,0,9,10,0,0,1,0,0,83,-28,"St Kilda","2023",15
29,"Webster, Jimmy",9,3,6,15,0,0,0,3,3,2,0,0,2,0,0,6,8,0,0,6,0,1,80,-28,"St Kilda","2023",15
44,"Wilkie, Callum",11,8,4,15,0,0,0,2,3,1,0,4,3,1,0,3,12,0,0,4,0,0,100,-28,"St Kilda","2023",15
17,"Windhager, Marcus",3,2,9,12,0,0,0,3,1,2,2,1,0,1,0,5,7,0,1,1,0,0,73,-28,"St Kilda","2023",15
32,"Wood, Mason",15,3,9,24,0,0,0,5,2,2,2,7,0,1,0,8,14,0,1,3,0,0,83,-28,"St Kilda","2023",15
31,"Andrews, Harris",18,14,3,21,0,0,0,2,3,2,0,1,0,0,3,9,11,4,0,14,1,1,97,28,"Brisbane Lions","2023",15
8,"Ashcroft, Will",8,5,8,16,0,0,0,7,4,3,0,4,0,1,0,3,13,0,0,0,1,0,70,28,"Brisbane Lions","2023",15
33,"Bailey, Zac",8,4,8,16,1,0,0,5,0,5,5,2,0,1,0,7,8,0,1,1,0,1,78,28,"Brisbane Lions","2023",15
7,"Berry, Jarrod",12,8,7,19,1,1,0,3,0,3,3,0,1,0,0,9,12,1,2,1,0,1,73,28,"Brisbane Lions","2023",15
23,"Cameron, Charlie",5,2,3,8,1,0,0,2,1,1,3,3,0,3,0,5,5,0,1,1,0,0,83,28,"Brisbane Lions","2023",15
18,"Coleman, Keidean",10,6,2,12,1,0,0,1,2,2,0,2,1,1,0,1,10,0,0,2,0,0,79,28,"Brisbane Lions","2023",15
3,"Daniher, Joe",15,8,4,19,2,0,2,0,1,5,1,4,0,3,0,6,14,2,2,1,0,1,88,28,"Brisbane Lions","2023",15
5,"Dunkley, Josh",15,6,11,26,1,1,0,7,1,4,3,3,3,1,0,9,17,0,1,3,0,0,80,28,"Brisbane Lions","2023",15
28,"Fletcher, Jaspa",7,4,5,12,0,0,0,3,1,2,2,3,0,2,0,6,7,1,0,1,0,0,68,28,"Brisbane Lions","2023",15
0,"Fort, Darcy",1,0,1,2,0,0,2,0,0,0,0,1,1,1,0,4,1,0,0,4,0,0,32,28,"Brisbane Lions","2023",15
30,"Hipwood, Eric",11,5,1,12,4,1,0,2,0,2,0,5,1,2,1,5,7,1,4,3,0,1,89,28,"Brisbane Lions","2023",15
35,"Lester, Ryan",10,8,8,18,0,0,0,3,0,1,0,2,1,0,0,7,11,1,0,3,0,0,90,28,"Brisbane Lions","2023",15
0,"Lohmann, Kai",3,1,3,6,0,1,0,2,0,1,0,1,0,0,0,1,5,0,1,0,0,0,51,28,"Brisbane Lions","2023",15
11,"McCarthy, Lincoln",11,5,1,12,0,1,0,0,0,2,0,1,1,0,0,6,7,1,1,3,0,0,76,28,"Brisbane Lions","2023",15
6,"McCluggage, Hugh",12,5,8,20,0,1,0,5,2,4,5,1,1,0,0,9,13,0,2,1,0,2,86,28,"Brisbane Lions","2023",15
46,"McInerney, Oscar",9,2,1,10,0,0,34,4,1,3,6,4,0,1,0,8,1,1,1,4,0,0,84,28,"Brisbane Lions","2023",15
26,"McKenna, Conor",16,7,2,18,0,0,0,0,4,2,0,1,0,0,0,2,14,0,0,3,0,0,85,28,"Brisbane Lions","2023",15
9,"Neale, Lachie",12,5,17,29,0,0,0,2,4,3,9,1,1,0,0,15,14,0,0,1,0,1,91,28,"Brisbane Lions","2023",15
40,"Payne, Jack",8,7,5,13,0,0,0,1,2,1,0,2,0,0,0,3,10,0,0,6,0,0,88,28,"Brisbane Lions","2023",15
16,"Rayner, Cam",9,5,2,11,1,2,0,3,0,2,0,1,2,1,0,4,7,1,2,0,0,1,80,28,"Brisbane Lions","2023",15
2,"Robertson, Deven",4,3,3,7,0,0,0,3,0,2,2,3,0,2,0,3,4,0,0,2,0,0,72,28,"Brisbane Lions","2023",15
37,"Starcevich, Brandon",10,5,0,10,0,0,0,1,3,2,0,1,1,0,0,5,5,1,0,1,0,0,89,28,"Brisbane Lions","2023",15
44,"Wilmot, Darcy",16,9,0,16,0,0,0,0,6,2,0,1,0,0,0,0,13,0,0,2,3,0,74,28,"Brisbane Lions","2023",15
