"Number","Player","Kicks","Marks","Handballs","Disposals","Goals","Behinds","Hitouts","Tackles","Rebounds50s","Inside50s","Clearances","Clangers","FreesFor","FreesAgainst","BrownlowVotes","ContestedPossessions","UncontestedPossessions","ContestedMarks","MarksInside50","OnePercenters","Bounces","GoalAssists","PercentagePlayed","PointDifference","Team","Season","Round"
13,"Adams, Taylor",11,3,5,16,0,2,0,6,0,6,3,6,1,4,0,7,12,0,1,2,0,2,70,-24,"Collingwood","2023",23
14,"Cameron, Darcy",11,4,6,17,1,0,20,5,1,0,5,2,3,0,0,12,3,2,1,3,0,0,76,-24,"Collingwood","2023",23
0,"Cox, Mason",3,1,2,5,1,0,25,3,1,0,1,3,2,1,0,3,1,0,1,2,0,0,50,-24,"Collingwood","2023",23
25,"Crisp, Jack",9,2,15,24,0,0,0,9,2,4,3,3,0,0,0,6,18,0,0,1,1,0,73,-24,"Collingwood","2023",23
7,"Daicos, Josh",17,6,9,26,1,2,0,1,2,4,3,3,2,1,0,7,17,0,1,1,0,1,88,-24,"Collingwood","2023",23
5,"Elliott, Jamie",8,3,4,12,3,1,0,5,0,1,1,1,3,0,0,6,6,2,2,1,0,0,82,-24,"Collingwood","2023",23
17,"Frampton, Billy",8,2,0,8,0,0,0,2,6,0,0,3,3,1,0,4,4,0,0,8,0,0,100,-24,"Collingwood","2023",23
33,"Ginnivan, Jack",5,2,4,9,1,0,0,4,0,0,0,1,0,0,0,5,4,1,1,1,0,0,71,-24,"Collingwood","2023",23
32,"Hoskin-Elliott, Will",6,3,6,12,0,0,0,1,1,2,1,0,0,0,0,4,8,1,1,3,0,0,81,-24,"Collingwood","2023",23
38,"Howe, Jeremy",6,3,3,9,2,0,0,1,1,1,0,1,1,0,0,5,3,1,2,2,0,0,93,-24,"Collingwood","2023",23
1,"Lipinski, Patrick",7,2,8,15,0,0,0,4,2,1,1,3,1,1,0,4,10,0,1,2,0,0,77,-24,"Collingwood","2023",23
37,"Markov, Oleg",5,3,7,12,0,0,0,4,2,1,0,1,0,0,0,1,10,0,0,1,0,0,84,-24,"Collingwood","2023",23
4,"Maynard, Brayden",15,6,5,20,0,0,0,5,6,1,2,0,0,0,0,5,13,0,0,2,0,0,94,-24,"Collingwood","2023",23
31,"McCreery, Beau",11,2,1,12,0,0,0,1,0,4,0,1,1,1,0,4,6,0,0,0,2,3,78,-24,"Collingwood","2023",23
11,"McStay, Daniel",6,4,7,13,2,0,2,1,2,1,1,2,0,0,0,7,4,2,2,4,0,1,90,-24,"Collingwood","2023",23
41,"Mihocek, Brody",12,8,3,15,2,3,0,0,0,1,0,5,1,3,0,6,9,2,4,0,0,0,86,-24,"Collingwood","2023",23
6,"Mitchell, Tom",5,3,26,31,0,0,0,5,0,6,3,6,1,4,0,10,22,0,0,0,0,1,87,-24,"Collingwood","2023",23
28,"Murphy, Nathan",2,2,2,4,0,0,0,2,1,0,0,2,1,2,0,1,4,0,0,6,0,0,62,-24,"Collingwood","2023",23
9,"Noble, John",8,5,7,15,1,0,0,1,2,0,0,1,0,1,0,5,10,0,0,1,1,0,91,-24,"Collingwood","2023",23
10,"Pendlebury, Scott",20,4,11,31,1,1,0,6,0,9,12,5,0,1,2,13,13,0,0,1,0,2,77,-24,"Collingwood","2023",23
3,"Quaynor, Isaac",6,1,1,7,0,0,0,5,5,0,0,0,0,0,0,2,2,0,0,4,0,0,85,-24,"Collingwood","2023",23
0,"Ryan, Jakob",3,2,2,5,0,0,0,0,1,0,0,2,0,0,0,2,3,0,0,0,0,0,29,-24,"Collingwood","2023",23
22,"Sidebottom, Steele",10,2,7,17,0,0,0,5,1,5,3,3,2,0,0,7,9,0,0,0,0,1,77,-24,"Collingwood","2023",23
0,"Ah Chee, Callum",2,0,5,7,2,0,0,0,0,0,0,2,1,1,0,7,0,0,0,0,0,1,33,24,"Brisbane Lions","2023",23
31,"Andrews, Harris",9,6,0,9,0,0,0,0,4,0,0,1,1,0,0,3,5,1,0,10,0,0,99,24,"Brisbane Lions","2023",23
33,"Bailey, Zac",8,2,10,18,2,1,0,3,2,3,2,1,0,0,0,7,10,0,1,1,0,1,81,24,"Brisbane Lions","2023",23
7,"Berry, Jarrod",9,3,12,21,0,1,0,4,1,3,2,2,0,0,0,6,14,0,0,0,0,0,80,24,"Brisbane Lions","2023",23
23,"Cameron, Charlie",6,3,2,8,4,0,0,2,0,4,0,1,0,0,0,4,6,0,2,4,0,0,92,24,"Brisbane Lions","2023",23
18,"Coleman, Keidean",17,7,4,21,1,0,0,2,2,3,1,1,3,0,1,9,10,2,1,2,1,1,72,24,"Brisbane Lions","2023",23
3,"Daniher, Joe",11,5,2,13,3,1,2,1,0,5,1,4,0,2,0,6,6,3,2,1,0,0,92,24,"Brisbane Lions","2023",23
5,"Dunkley, Josh",11,3,14,25,0,1,0,8,2,1,3,5,2,1,0,15,11,1,1,0,0,1,82,24,"Brisbane Lions","2023",23
28,"Fletcher, Jaspa",6,3,3,9,1,0,0,1,0,0,1,3,1,2,0,2,7,0,0,0,0,0,76,24,"Brisbane Lions","2023",23
30,"Hipwood, Eric",10,7,3,13,3,0,0,3,0,4,0,3,0,1,0,5,8,3,2,1,1,0,81,24,"Brisbane Lions","2023",23
35,"Lester, Ryan",6,5,3,9,0,0,0,4,1,0,0,0,1,0,0,1,8,1,0,3,0,0,81,24,"Brisbane Lions","2023",23
0,"Lyons, Jarryd",8,2,1,9,0,1,0,1,1,1,1,0,2,0,0,2,7,0,1,0,0,1,37,24,"Brisbane Lions","2023",23
11,"McCarthy, Lincoln",6,4,0,6,1,0,0,1,0,3,0,2,0,1,0,1,5,0,1,0,0,1,52,24,"Brisbane Lions","2023",23
6,"McCluggage, Hugh",11,6,9,20,0,1,0,3,1,7,5,2,1,2,0,9,11,0,0,0,0,4,87,24,"Brisbane Lions","2023",23
46,"McInerney, Oscar",9,2,7,16,0,2,41,5,0,5,5,4,2,2,0,13,3,2,1,2,0,0,88,24,"Brisbane Lions","2023",23
26,"McKenna, Conor",20,6,6,26,0,0,0,2,7,2,2,9,1,3,0,6,18,0,0,4,1,0,83,24,"Brisbane Lions","2023",23
9,"Neale, Lachie",15,2,16,31,0,0,0,3,1,4,10,6,2,0,3,13,17,0,0,1,0,0,86,24,"Brisbane Lions","2023",23
40,"Payne, Jack",3,3,0,3,0,0,0,1,1,0,0,0,0,0,0,0,3,0,0,5,0,0,96,24,"Brisbane Lions","2023",23
16,"Rayner, Cam",7,1,7,14,2,1,0,4,0,3,1,4,1,2,0,6,8,0,0,1,1,1,83,24,"Brisbane Lions","2023",23
2,"Robertson, Deven",4,4,9,13,0,0,0,6,0,2,3,2,1,2,0,6,9,0,0,3,0,0,77,24,"Brisbane Lions","2023",23
37,"Starcevich, Brandon",9,9,7,16,0,0,0,1,1,0,0,2,0,0,0,3,13,0,0,1,0,0,87,24,"Brisbane Lions","2023",23
44,"Wilmot, Darcy",11,4,4,15,0,0,0,1,2,2,1,3,1,2,0,5,9,0,0,1,0,0,81,24,"Brisbane Lions","2023",23
15,"Zorko, Dayne",17,9,6,23,0,0,0,4,4,3,1,6,0,1,0,6,16,0,0,1,0,1,74,24,"Brisbane Lions","2023",23
