"Number","Player","Kicks","Marks","Handballs","Disposals","Goals","Behinds","Hitouts","Tackles","Rebounds50s","Inside50s","Clearances","Clangers","FreesFor","FreesAgainst","BrownlowVotes","ContestedPossessions","UncontestedPossessions","ContestedMarks","MarksInside50","OnePercenters","Bounces","GoalAssists","PercentagePlayed","PointDifference","Team","Season","Round"
12,"Allen, Oscar",9,7,3,12,4,1,0,0,0,2,0,1,1,0,0,3,9,2,4,1,0,0,89,-50,"West Coast","2023",11
37,"Barrass, Tom",6,5,5,11,0,0,0,0,0,0,0,0,0,0,0,4,7,1,0,8,0,0,100,-50,"West Coast","2023",11
33,"Bazzo, Rhett",4,5,9,13,0,0,0,2,0,1,0,2,0,1,0,4,9,0,0,1,0,0,86,-50,"West Coast","2023",11
0,"Clark, Greg",6,5,1,7,0,0,0,0,0,1,0,0,0,0,0,0,7,0,0,0,0,0,49,-50,"West Coast","2023",11
14,"Duggan, Liam",18,12,17,35,0,0,0,4,4,1,2,3,0,0,0,4,27,0,0,1,2,0,84,-50,"West Coast","2023",11
0,"Edwards, Luke",3,2,0,3,0,0,0,0,0,0,0,1,0,1,0,0,3,0,0,0,0,0,33,-50,"West Coast","2023",11
29,"Foley, Luke",9,8,3,12,0,0,0,1,1,3,0,1,1,1,0,2,11,0,0,4,0,1,86,-50,"West Coast","2023",11
3,"Gaff, Andrew",7,3,9,16,0,0,0,0,1,2,2,3,0,1,0,4,12,0,0,0,0,0,92,-50,"West Coast","2023",11
7,"Ginbey, Reuben",8,1,11,19,0,0,0,5,3,1,1,5,1,1,0,11,8,0,0,1,0,0,76,-50,"West Coast","2023",11
19,"Hough, Brady",9,5,12,21,0,0,0,0,3,1,0,1,1,0,0,5,16,0,1,1,0,0,78,-50,"West Coast","2023",11
5,"Hunt, Jayden",21,9,13,34,0,1,0,2,7,4,0,5,1,2,0,5,30,0,0,2,1,1,89,-50,"West Coast","2023",11
25,"Hurn, Shannon",21,10,6,27,0,0,0,1,8,2,0,1,0,0,0,4,18,0,0,1,1,0,78,-50,"West Coast","2023",11
11,"Kelly, Tim",13,4,16,29,0,0,0,3,0,8,7,5,0,2,0,12,17,0,0,0,0,1,85,-50,"West Coast","2023",11
44,"Long, Noah",3,3,4,7,0,0,0,2,0,3,0,0,0,0,0,1,5,0,0,0,0,0,76,-50,"West Coast","2023",11
24,"ONeill, Xavier",9,4,6,15,0,1,0,3,0,3,2,1,2,0,0,4,11,0,1,2,0,0,76,-50,"West Coast","2023",11
21,"Petruccelle, Jack",4,3,4,8,1,0,0,1,0,0,1,1,1,0,0,4,4,0,1,0,0,1,71,-50,"West Coast","2023",11
35,"Rotham, Josh",2,2,0,2,0,0,4,2,0,1,0,2,0,1,0,1,1,1,1,1,0,1,87,-50,"West Coast","2023",11
4,"Sheed, Dom",9,6,8,17,0,0,0,2,1,3,1,4,1,2,0,3,15,0,0,0,0,0,75,-50,"West Coast","2023",11
2,"Waterman, Jake",12,10,1,13,1,1,0,1,1,3,0,4,2,1,0,4,9,1,2,0,0,0,74,-50,"West Coast","2023",11
36,"West, Connor",7,3,6,13,0,2,0,2,0,0,1,0,4,0,0,6,7,0,1,1,0,0,81,-50,"West Coast","2023",11
32,"Williams, Bailey",6,2,6,12,0,1,33,4,0,4,4,3,2,1,0,9,3,2,1,2,0,1,81,-50,"West Coast","2023",11
23,"Witherden, Alex",8,4,9,17,0,0,0,3,1,1,2,4,0,2,0,5,10,0,0,2,1,0,80,-50,"West Coast","2023",11
6,"Yeo, Elliot",11,3,13,24,0,0,0,4,2,4,5,5,0,0,0,9,15,0,0,4,0,0,74,-50,"West Coast","2023",11
0,"Bryan, Nick",3,2,3,6,0,0,10,1,0,0,0,1,0,1,0,3,2,1,0,0,0,0,50,50,"Essendon","2023",11
6,"Caldwell, Jye",4,3,16,20,0,0,0,5,0,2,4,1,1,0,0,11,9,0,0,0,0,0,78,50,"Essendon","2023",11
0,"DAmbrosio, Massimo",4,3,4,8,0,1,0,1,2,1,1,1,0,0,0,5,4,1,0,1,2,0,29,50,"Essendon","2023",11
2,"Draper, Sam",9,3,4,13,1,1,8,2,2,1,4,2,1,2,0,11,3,3,1,3,0,1,81,50,"Essendon","2023",11
22,"Durham, Sam",2,1,8,10,0,0,0,1,1,0,0,3,0,2,0,8,4,0,0,2,0,1,83,50,"Essendon","2023",11
35,"Guelfi, Matt",8,5,4,12,1,1,0,2,0,5,0,0,2,0,0,3,9,0,1,1,0,0,62,50,"Essendon","2023",11
21,"Heppell, Dyson",14,13,10,24,0,0,0,0,1,1,0,5,1,3,0,6,17,2,0,3,0,0,87,50,"Essendon","2023",11
19,"Hind, Nick",14,6,4,18,0,0,0,1,4,0,0,1,1,0,0,6,13,0,0,1,0,0,84,50,"Essendon","2023",11
8,"Hobbs, Ben",12,8,5,17,2,0,0,5,2,1,4,5,1,2,0,6,13,0,2,1,0,0,78,50,"Essendon","2023",11
4,"Langford, Kyle",10,7,5,15,3,2,0,2,0,1,1,1,1,0,0,4,11,2,5,2,0,0,93,50,"Essendon","2023",11
15,"Laverde, Jayden",12,8,3,15,0,0,0,1,2,0,0,0,2,0,0,3,12,0,0,3,0,0,80,50,"Essendon","2023",11
37,"Martin, Nic",22,10,9,31,0,0,0,3,5,6,0,5,1,1,2,6,24,0,0,0,0,2,92,50,"Essendon","2023",11
43,"McDonald-Tipungwuti, Anthony",3,2,3,6,0,2,0,1,0,0,0,4,0,3,0,2,4,1,1,0,0,0,76,50,"Essendon","2023",11
1,"McGrath, Andrew",14,9,12,26,0,0,0,1,1,0,0,1,0,1,0,5,21,1,0,0,4,0,81,50,"Essendon","2023",11
47,"Menzie, Jye",6,2,3,9,2,0,0,2,0,4,1,1,1,0,0,6,4,1,1,2,0,0,79,50,"Essendon","2023",11
7,"Merrett, Zach",13,7,19,32,0,0,0,3,2,5,5,2,1,0,3,9,24,0,0,1,0,0,81,50,"Essendon","2023",11
16,"Perkins, Archie",13,4,2,15,1,1,0,5,2,4,2,2,1,0,0,8,7,1,0,1,0,0,76,50,"Essendon","2023",11
27,"Redman, Mason",23,11,8,31,1,0,0,0,2,6,0,1,1,0,1,6,21,0,0,1,1,2,86,50,"Essendon","2023",11
14,"Ridley, Jordan",18,8,10,28,0,0,0,0,10,1,0,1,0,1,0,3,21,1,0,8,1,0,86,50,"Essendon","2023",11
11,"Snelling, Will",9,4,5,14,2,0,0,3,0,1,1,1,1,0,0,6,11,0,1,3,0,0,69,50,"Essendon","2023",11
25,"Stringer, Jake",13,5,5,18,1,0,0,5,1,5,2,1,0,1,0,5,12,0,1,0,0,2,79,50,"Essendon","2023",11
10,"Weideman, Sam",5,6,5,10,0,2,1,1,0,2,1,1,0,0,0,6,4,3,2,0,0,0,94,50,"Essendon","2023",11
30,"Zerk-Thatcher, Brandon",7,6,5,12,0,0,0,0,4,0,0,1,0,0,0,1,11,0,0,4,0,0,97,50,"Essendon","2023",11
