"Number","Player","Kicks","Marks","Handballs","Disposals","Goals","Behinds","Hitouts","Tackles","Rebounds50s","Inside50s","Clearances","Clangers","FreesFor","FreesAgainst","BrownlowVotes","ContestedPossessions","UncontestedPossessions","ContestedMarks","MarksInside50","OnePercenters","Bounces","GoalAssists","PercentagePlayed","PointDifference","Team","Season","Round"
13,"Adams, Taylor",13,7,10,23,2,1,0,9,0,4,7,4,2,2,0,12,13,1,3,1,0,2,73,46,"Collingwood","2023",18
46,"Cox, Mason",6,5,2,8,1,1,32,0,0,1,1,1,0,0,0,8,2,4,3,4,0,0,81,46,"Collingwood","2023",18
25,"Crisp, Jack",13,4,12,25,1,0,0,6,1,5,3,3,0,1,0,7,17,0,0,1,0,1,74,46,"Collingwood","2023",18
7,"Daicos, Josh",16,6,15,31,1,0,0,4,1,5,7,3,2,0,2,12,19,0,0,1,0,1,90,46,"Collingwood","2023",18
35,"Daicos, Nick",18,5,18,36,1,2,0,4,0,7,7,2,3,0,3,11,23,0,0,1,1,2,85,46,"Collingwood","2023",18
2,"de Goey, Jordan",13,8,13,26,0,0,0,2,1,4,4,2,1,1,1,9,18,0,0,0,0,1,85,46,"Collingwood","2023",18
5,"Elliott, Jamie",5,4,5,10,4,0,0,1,0,0,0,3,0,1,0,6,4,1,3,2,0,2,80,46,"Collingwood","2023",18
17,"Frampton, Billy",1,1,2,3,1,0,8,0,1,0,1,2,0,2,0,2,2,0,1,2,0,0,57,46,"Collingwood","2023",18
23,"Hill, Bobby",1,0,2,3,1,0,0,2,0,1,0,3,0,2,0,2,1,0,0,2,0,0,83,46,"Collingwood","2023",18
38,"Howe, Jeremy",12,6,5,17,0,0,0,3,3,2,0,2,0,1,0,0,15,0,0,4,0,0,87,46,"Collingwood","2023",18
40,"Johnson, Ash",6,3,1,7,3,0,0,1,0,1,0,1,0,0,0,2,4,1,3,0,0,1,70,46,"Collingwood","2023",18
1,"Lipinski, Patrick",6,3,8,14,0,0,0,9,0,2,0,3,0,1,0,4,9,0,0,1,0,0,85,46,"Collingwood","2023",18
37,"Markov, Oleg",9,6,6,15,0,0,0,1,3,3,0,2,1,0,0,5,10,0,0,0,5,1,80,46,"Collingwood","2023",18
4,"Maynard, Brayden",15,6,5,20,0,0,0,8,3,1,0,4,2,2,0,4,14,1,0,3,0,0,81,46,"Collingwood","2023",18
31,"McCreery, Beau",3,1,5,8,0,0,0,6,0,2,0,1,0,0,0,4,3,0,0,0,0,0,82,46,"Collingwood","2023",18
11,"McStay, Daniel",6,4,1,7,2,0,2,4,0,3,0,2,0,0,0,2,5,1,2,2,0,0,89,46,"Collingwood","2023",18
0,"Mitchell, Tom",5,0,9,14,0,0,0,7,0,1,6,1,2,1,0,12,4,0,0,0,0,0,44,46,"Collingwood","2023",18
30,"Moore, Darcy",15,8,4,19,0,0,0,1,3,1,0,0,4,0,0,9,8,4,0,2,3,0,86,46,"Collingwood","2023",18
28,"Murphy, Nathan",6,3,3,9,0,0,0,1,0,0,0,0,1,0,0,6,3,1,0,6,0,0,100,46,"Collingwood","2023",18
9,"Noble, John",11,8,9,20,0,0,0,2,3,1,0,6,0,1,0,2,17,0,0,1,0,0,85,46,"Collingwood","2023",18
0,"Pendlebury, Scott",7,2,7,14,1,0,0,5,0,1,2,1,1,0,0,4,7,0,0,1,0,0,45,46,"Collingwood","2023",18
3,"Quaynor, Isaac",13,5,9,22,0,0,0,2,3,5,0,3,1,0,0,6,13,2,0,3,0,1,81,46,"Collingwood","2023",18
22,"Sidebottom, Steele",7,1,11,18,0,0,0,2,2,3,2,2,0,0,0,6,11,0,0,1,0,0,77,46,"Collingwood","2023",18
11,"Aish, James",10,3,8,18,0,0,0,6,1,7,3,2,0,1,0,11,9,0,0,1,0,1,82,-46,"Fremantle","2023",18
24,"Amiss, Jye",1,0,2,3,1,0,0,3,0,0,0,2,0,2,0,0,3,0,0,2,0,1,87,-46,"Fremantle","2023",18
41,"Banfield, Bailey",8,3,7,15,1,0,0,2,0,3,0,3,0,1,0,4,10,0,2,1,1,1,79,-46,"Fremantle","2023",18
8,"Brayshaw, Andrew",11,4,19,30,0,0,0,7,2,3,7,4,2,1,0,12,20,0,0,3,0,1,79,-46,"Fremantle","2023",18
6,"Clark, Jordan",8,3,8,16,0,0,0,4,2,2,1,1,1,1,0,11,7,0,0,5,0,0,87,-46,"Fremantle","2023",18
4,"Darcy, Sean",3,3,6,9,0,0,24,5,1,1,4,1,0,0,0,5,4,0,0,2,0,1,43,-46,"Fremantle","2023",18
28,"Erasmus, Neil",13,3,13,26,0,1,0,10,7,2,4,3,3,1,0,13,15,0,0,3,0,0,75,-46,"Fremantle","2023",18
21,"Hamling, Joel",3,3,8,11,0,0,0,1,0,0,1,1,0,0,0,4,7,1,0,8,0,0,88,-46,"Fremantle","2023",18
23,"Henry, Liam",10,3,13,23,0,0,0,4,2,0,2,4,0,2,0,6,17,0,2,1,0,1,85,-46,"Fremantle","2023",18
15,"Hughes, Ethan",9,5,2,11,0,0,0,1,1,0,0,1,1,0,0,4,8,1,0,3,0,0,86,-46,"Fremantle","2023",18
9,"Jackson, Luke",9,2,6,15,2,1,22,2,0,1,2,1,0,0,0,7,8,1,2,1,0,0,83,-46,"Fremantle","2023",18
44,"Johnson, Matthew",11,1,7,18,0,0,0,4,2,2,4,2,2,0,0,6,12,0,0,1,0,1,75,-46,"Fremantle","2023",18
0,"ODriscoll, Nathan",4,1,3,7,0,0,0,1,0,2,1,1,0,0,0,2,6,0,0,1,0,0,31,-46,"Fremantle","2023",18
2,"OMeara, Jaeger",16,1,14,30,1,0,0,6,4,0,10,5,2,3,0,14,14,0,0,0,0,0,86,-46,"Fremantle","2023",18
25,"Pearce, Alex",3,3,7,10,0,0,0,4,1,0,1,0,0,0,0,6,4,0,0,4,0,0,100,-46,"Fremantle","2023",18
13,"Ryan, Luke",20,6,3,23,0,0,0,1,6,2,0,2,2,0,0,3,17,0,0,2,0,0,80,-46,"Fremantle","2023",18
5,"Schultz, Lachie",8,3,10,18,0,2,0,3,0,3,1,3,1,2,0,9,9,0,1,2,0,0,81,-46,"Fremantle","2023",18
1,"Sturt, Sam",5,4,3,8,2,0,0,2,0,2,0,2,0,2,0,2,7,0,2,2,0,1,86,-46,"Fremantle","2023",18
39,"Switkowski, Sam",3,0,4,7,0,0,0,5,0,1,3,4,0,2,0,4,4,0,0,2,0,0,83,-46,"Fremantle","2023",18
35,"Treacy, Josh",6,5,1,7,3,0,5,3,0,2,0,1,0,1,0,3,5,2,3,2,0,0,88,-46,"Fremantle","2023",18
34,"Wagner, Corey",11,8,4,15,0,0,0,4,5,1,1,2,0,0,0,2,12,0,0,0,0,0,78,-46,"Fremantle","2023",18
0,"Walker, Brandon",0,0,2,2,0,0,0,0,0,0,0,1,0,0,0,2,1,0,0,0,0,0,52,-46,"Fremantle","2023",18
10,"Walters, Michael",3,1,2,5,0,2,0,1,0,1,1,1,1,1,0,4,1,0,0,1,0,2,87,-46,"Fremantle","2023",18
