"Number","Player","Kicks","Marks","Handballs","Disposals","Goals","Behinds","Hitouts","Tackles","Rebounds50s","Inside50s","Clearances","Clangers","FreesFor","FreesAgainst","BrownlowVotes","ContestedPossessions","UncontestedPossessions","ContestedMarks","MarksInside50","OnePercenters","Bounces","GoalAssists","PercentagePlayed","PointDifference","Team","Season","Round"
13,"Acres, Blake",12,4,9,21,0,0,0,3,3,4,1,4,1,1,0,5,15,0,0,2,1,0,79,-34,"Carlton","2023",13
37,"Boyd, Jordan",11,3,3,14,0,0,0,3,4,3,0,2,0,1,0,2,10,0,0,1,0,0,80,-34,"Carlton","2023",13
5,"Cerra, Adam",10,2,21,31,0,0,0,2,2,7,5,4,2,2,0,14,18,0,0,3,2,2,77,-34,"Carlton","2023",13
39,"Cincotta, Alex",7,2,11,18,1,0,0,0,0,3,1,2,0,0,0,3,15,0,0,0,0,0,85,-34,"Carlton","2023",13
46,"Cottrell, Matthew",6,4,9,15,0,0,0,3,0,2,3,4,0,2,0,5,10,0,0,2,0,0,87,-34,"Carlton","2023",13
9,"Cripps, Patrick",4,0,15,19,0,0,0,2,0,3,4,3,1,2,0,8,13,0,0,1,0,0,84,-34,"Carlton","2023",13
30,"Curnow, Charlie",12,5,5,17,2,4,0,0,0,6,0,3,2,0,0,8,9,2,2,1,0,0,92,-34,"Carlton","2023",13
35,"Curnow, Ed",9,4,4,13,0,1,0,0,0,1,0,3,0,2,0,3,11,0,1,0,0,0,79,-34,"Carlton","2023",13
12,"De Koning, Tom",5,2,7,12,0,0,22,1,0,0,3,7,0,5,0,5,7,0,0,5,0,0,83,-34,"Carlton","2023",13
15,"Docherty, Sam",12,8,15,27,0,1,0,1,2,4,1,4,0,0,0,4,24,0,0,0,0,0,84,-34,"Carlton","2023",13
0,"Dow, Paddy",3,1,4,7,0,0,0,3,0,2,1,1,0,0,0,1,6,0,0,1,0,0,20,-34,"Carlton","2023",13
17,"Kemp, Brodie",12,4,5,17,0,0,0,0,1,4,0,2,0,2,0,3,14,0,0,1,0,0,79,-34,"Carlton","2023",13
7,"Kennedy, Matthew",10,3,11,21,0,0,0,5,1,4,2,3,0,1,0,10,13,0,1,1,0,0,73,-34,"Carlton","2023",13
0,"Martin, Jack",5,4,3,8,1,2,0,0,0,1,0,2,1,0,0,3,5,0,2,0,0,0,49,-34,"Carlton","2023",13
11,"McGovern, Mitch",9,5,7,16,0,0,0,1,3,0,0,2,0,2,0,5,7,1,0,1,0,0,79,-34,"Carlton","2023",13
10,"McKay, Harry",8,4,6,14,1,0,0,1,0,1,0,2,4,2,0,6,7,0,1,2,0,0,91,-34,"Carlton","2023",13
3,"Motlop, Jesse",8,1,6,14,0,2,0,0,0,2,0,2,0,1,0,7,6,0,0,0,1,0,72,-34,"Carlton","2023",13
44,"Owies, Matthew",8,3,2,10,1,1,0,3,0,2,0,4,0,2,0,7,6,0,2,2,0,1,79,-34,"Carlton","2023",13
42,"Saad, Adam",12,5,10,22,0,0,0,1,5,0,1,3,1,1,0,5,16,0,0,2,1,0,77,-34,"Carlton","2023",13
1,"Silvagni, Jack",8,0,6,14,0,1,3,3,0,2,2,2,2,1,0,8,6,0,0,0,1,1,68,-34,"Carlton","2023",13
18,"Walsh, Sam",15,4,20,35,0,0,0,0,5,4,1,5,3,3,0,8,27,0,0,0,0,0,81,-34,"Carlton","2023",13
23,"Weitering, Jacob",11,6,4,15,0,0,0,1,1,1,0,0,1,0,0,6,8,1,0,3,0,0,100,-34,"Carlton","2023",13
33,"Young, Lewis",4,4,4,8,0,0,4,0,1,0,1,4,0,2,0,3,7,1,0,10,0,0,100,-34,"Carlton","2023",13
6,"Caldwell, Jye",10,1,15,25,1,0,0,6,1,4,4,4,2,1,1,8,17,0,0,0,0,2,64,34,"Essendon","2023",13
0,"DAmbrosio, Massimo",1,1,0,1,0,0,0,0,0,0,0,0,0,0,0,0,1,0,0,0,0,0,14,34,"Essendon","2023",13
0,"Draper, Sam",6,2,1,7,0,0,13,1,1,3,1,4,1,1,0,3,3,0,0,6,0,0,59,34,"Essendon","2023",13
22,"Durham, Sam",9,6,8,17,0,0,0,4,2,3,2,2,1,1,0,7,11,1,1,0,0,0,88,34,"Essendon","2023",13
35,"Guelfi, Matt",5,1,9,14,1,0,0,1,0,0,1,4,2,1,0,6,8,0,0,2,0,0,76,34,"Essendon","2023",13
21,"Heppell, Dyson",11,8,12,23,0,0,0,1,3,1,1,0,1,0,0,6,16,0,0,2,1,0,86,34,"Essendon","2023",13
19,"Hind, Nick",19,6,2,21,0,0,0,4,8,1,0,3,0,0,0,1,16,0,0,3,1,1,82,34,"Essendon","2023",13
8,"Hobbs, Ben",15,5,9,24,0,0,0,3,2,5,2,1,4,1,0,7,16,0,0,0,0,0,72,34,"Essendon","2023",13
4,"Langford, Kyle",6,3,5,11,1,1,0,8,0,1,0,4,2,1,0,5,6,0,0,3,0,0,96,34,"Essendon","2023",13
15,"Laverde, Jayden",8,5,4,12,0,0,0,2,4,1,0,5,1,3,0,3,8,0,0,4,0,0,87,34,"Essendon","2023",13
37,"Martin, Nic",15,9,15,30,0,1,0,3,3,4,7,3,2,1,3,12,18,0,1,3,0,0,87,34,"Essendon","2023",13
1,"McGrath, Andrew",12,3,9,21,0,0,0,5,7,0,0,1,0,1,0,6,11,0,0,2,5,0,85,34,"Essendon","2023",13
47,"Menzie, Jye",7,3,5,12,2,0,0,2,1,2,0,2,1,1,0,1,11,0,0,1,0,0,77,34,"Essendon","2023",13
7,"Merrett, Zach",13,5,5,18,1,1,0,6,0,4,3,2,2,0,0,5,13,0,1,3,0,2,83,34,"Essendon","2023",13
16,"Perkins, Archie",8,2,10,18,0,0,0,5,1,2,1,1,2,0,0,3,15,0,0,2,0,0,80,34,"Essendon","2023",13
34,"Phillips, Andrew",4,1,3,7,1,0,15,1,1,1,0,1,4,0,0,5,3,0,0,3,0,1,58,34,"Essendon","2023",13
27,"Redman, Mason",15,8,8,23,0,0,0,1,3,2,0,1,0,0,0,4,18,0,0,2,0,1,82,34,"Essendon","2023",13
14,"Ridley, Jordan",17,8,3,20,0,0,0,1,5,0,0,0,1,0,0,4,10,0,0,4,0,0,88,34,"Essendon","2023",13
11,"Snelling, Will",7,4,7,14,1,0,0,6,1,1,1,4,2,0,0,6,10,0,1,4,0,1,77,34,"Essendon","2023",13
25,"Stringer, Jake",10,3,8,18,0,2,0,2,0,5,6,2,2,1,0,11,9,0,1,2,0,0,86,34,"Essendon","2023",13
10,"Weideman, Sam",5,5,9,14,0,2,0,0,0,1,0,0,0,0,0,4,10,0,1,2,0,0,91,34,"Essendon","2023",13
20,"Wright, Peter",8,7,0,8,5,0,1,1,0,0,0,2,1,1,2,2,7,1,5,0,0,0,91,34,"Essendon","2023",13
30,"Zerk-Thatcher, Brandon",8,7,2,10,0,0,0,1,4,0,0,4,1,4,0,3,8,0,0,4,0,0,90,34,"Essendon","2023",13
