"Number","Player","Kicks","Marks","Handballs","Disposals","Goals","Behinds","Hitouts","Tackles","Rebounds50s","Inside50s","Clearances","Clangers","FreesFor","FreesAgainst","BrownlowVotes","ContestedPossessions","UncontestedPossessions","ContestedMarks","MarksInside50","OnePercenters","Bounces","GoalAssists","PercentagePlayed","PointDifference","Team","Season","Round"
30,"Atkins, Tom",14,4,14,28,0,0,0,12,2,2,9,5,1,3,0,16,12,0,0,1,0,0,70,77,"Geelong","2023",18
46,"Blicavs, Mark",5,3,14,19,2,0,8,5,0,3,3,5,1,4,1,12,7,1,1,3,0,0,64,77,"Geelong","2023",18
12,"Bowes, Jack",13,8,8,21,0,0,0,1,1,4,0,3,1,2,0,7,15,1,0,2,0,0,86,77,"Geelong","2023",18
4,"Bruhn, Tanner",10,4,9,19,0,0,0,4,1,5,3,3,2,2,0,7,11,0,0,0,0,2,72,77,"Geelong","2023",18
5,"Cameron, Jeremy",13,4,4,17,1,3,0,2,0,5,0,4,1,0,0,6,12,0,2,3,0,1,92,77,"Geelong","2023",18
45,"Close, Brad",5,5,9,14,2,0,0,4,1,0,1,1,0,0,0,6,9,0,2,2,0,1,88,77,"Geelong","2023",18
0,"Dangerfield, Patrick",8,4,7,15,1,0,0,1,0,4,3,4,0,2,2,7,9,1,1,1,0,1,56,77,"Geelong","2023",18
16,"De Koning, Sam",5,3,3,8,0,0,0,0,2,0,0,0,0,0,0,3,5,1,0,7,0,0,95,77,"Geelong","2023",18
22,"Duncan, Mitch",16,5,5,21,0,0,0,3,0,5,2,2,0,0,0,6,15,0,0,3,0,1,75,77,"Geelong","2023",18
39,"Guthrie, Zach",17,5,7,24,0,1,0,4,5,3,1,0,0,0,0,9,14,1,0,3,0,1,82,77,"Geelong","2023",18
26,"Hawkins, Tom",13,8,3,16,5,3,2,1,1,2,2,1,2,0,3,8,9,3,8,1,0,0,96,77,"Geelong","2023",18
38,"Henry, Jack",11,6,2,13,0,0,0,4,0,1,0,1,1,0,0,6,7,2,0,1,0,0,90,77,"Geelong","2023",18
36,"Henry, Oliver",5,4,5,10,1,1,0,2,0,0,0,4,0,1,0,7,3,1,2,0,0,0,82,77,"Geelong","2023",18
9,"Holmes, Max",19,8,14,33,0,0,0,0,0,5,3,2,0,0,0,9,23,0,1,1,0,2,84,77,"Geelong","2023",18
8,"Kolodjashnij, Jake",7,4,5,12,0,0,0,0,2,0,1,1,0,0,0,3,7,1,0,6,0,0,85,77,"Geelong","2023",18
32,"Miers, Gryan",11,5,15,26,1,1,0,5,0,8,1,6,2,1,0,12,15,1,1,1,0,2,86,77,"Geelong","2023",18
0,"Mullin, Oisin",0,1,1,1,0,0,0,0,0,0,0,0,0,0,0,0,2,0,0,1,0,0,25,77,"Geelong","2023",18
42,"OConnor, Mark",7,4,8,15,1,0,0,7,0,2,3,5,1,4,0,7,8,0,0,1,0,0,79,77,"Geelong","2023",18
23,"Rohan, Gary",6,1,4,10,1,0,0,0,0,3,1,3,0,0,0,3,7,0,0,0,0,0,65,77,"Geelong","2023",18
7,"Smith, Isaac",17,8,5,22,0,2,0,1,3,2,2,1,1,0,0,5,16,0,0,0,0,1,81,77,"Geelong","2023",18
1,"Stanley, Rhys",3,2,9,12,0,0,28,1,0,1,1,3,1,1,0,7,5,0,0,7,0,0,71,77,"Geelong","2023",18
18,"Stengle, Tyson",11,3,4,15,3,0,0,2,0,6,0,2,1,1,0,6,9,0,0,1,0,0,84,77,"Geelong","2023",18
44,"Stewart, Tom",14,8,4,18,0,0,0,1,2,3,0,1,1,0,0,4,12,2,0,7,0,0,92,77,"Geelong","2023",18
24,"Bryan, Nick",8,5,6,14,1,0,25,2,2,1,1,3,1,0,0,5,8,1,1,8,0,0,83,-77,"Essendon","2023",18
6,"Caldwell, Jye",6,2,6,12,0,0,0,3,0,1,3,1,2,0,0,7,5,0,0,0,0,1,80,-77,"Essendon","2023",18
22,"Durham, Sam",8,3,10,18,0,0,0,2,2,1,3,5,1,0,0,9,8,0,0,2,0,0,83,-77,"Essendon","2023",18
35,"Guelfi, Matt",5,1,4,9,1,0,0,2,0,0,3,2,0,1,0,7,2,1,0,0,0,0,75,-77,"Essendon","2023",18
21,"Heppell, Dyson",11,7,14,25,0,0,0,2,4,2,1,2,0,1,0,6,18,0,0,4,0,0,83,-77,"Essendon","2023",18
0,"Hind, Nick",8,3,2,10,0,0,0,1,0,1,2,3,2,0,0,3,5,0,0,2,0,0,32,-77,"Essendon","2023",18
8,"Hobbs, Ben",12,1,11,23,0,0,0,3,1,1,5,8,2,4,0,12,10,0,0,1,0,1,68,-77,"Essendon","2023",18
29,"Kelly, Jake",8,4,7,15,0,0,0,2,3,1,0,1,1,0,0,6,9,0,0,3,0,0,85,-77,"Essendon","2023",18
4,"Langford, Kyle",6,2,3,9,1,0,0,2,0,1,0,1,0,1,0,4,4,0,1,1,0,1,94,-77,"Essendon","2023",18
0,"Laverde, Jayden",7,4,9,16,0,0,0,1,2,1,0,2,2,0,0,8,8,0,0,4,1,0,60,-77,"Essendon","2023",18
37,"Martin, Nic",14,5,9,23,0,0,0,1,1,2,0,3,0,0,0,3,18,0,1,2,0,1,89,-77,"Essendon","2023",18
1,"McGrath, Andrew",15,7,8,23,0,0,0,1,10,2,0,4,1,0,0,5,15,0,0,0,5,0,81,-77,"Essendon","2023",18
47,"Menzie, Jye",5,1,5,10,1,0,0,1,0,2,1,0,0,0,0,3,5,0,1,1,0,1,80,-77,"Essendon","2023",18
7,"Merrett, Zach",13,2,5,18,0,1,0,5,1,2,7,2,4,0,0,8,6,0,0,0,0,0,79,-77,"Essendon","2023",18
3,"Parish, Darcy",8,2,16,24,0,0,0,9,1,3,5,6,1,2,0,13,12,0,0,1,0,0,80,-77,"Essendon","2023",18
16,"Perkins, Archie",13,2,6,19,0,0,0,4,2,1,3,5,1,1,0,9,11,0,0,1,0,0,82,-77,"Essendon","2023",18
27,"Redman, Mason",17,4,5,22,0,0,0,2,5,1,0,4,0,1,0,5,8,0,0,4,0,0,76,-77,"Essendon","2023",18
14,"Ridley, Jordan",14,7,4,18,0,0,0,2,3,0,0,2,2,2,0,2,13,0,0,3,2,0,86,-77,"Essendon","2023",18
11,"Snelling, Will",8,3,5,13,1,0,0,3,3,1,1,0,1,0,0,2,9,1,1,0,0,0,77,-77,"Essendon","2023",18
25,"Stringer, Jake",5,1,3,8,1,0,0,1,1,1,0,4,0,1,0,3,4,0,0,1,0,0,59,-77,"Essendon","2023",18
10,"Weideman, Sam",8,4,2,10,0,0,0,1,2,2,0,3,0,1,0,3,7,0,0,0,0,1,88,-77,"Essendon","2023",18
20,"Wright, Peter",5,2,2,7,1,0,10,3,0,1,0,1,0,1,0,2,5,0,0,4,0,0,88,-77,"Essendon","2023",18
30,"Zerk-Thatcher, Brandon",11,10,1,12,0,0,0,0,3,0,0,0,0,0,0,3,9,1,0,4,0,0,92,-77,"Essendon","2023",18
