"Number","Player","Kicks","Marks","Handballs","Disposals","Goals","Behinds","Hitouts","Tackles","Rebounds50s","Inside50s","Clearances","Clangers","FreesFor","FreesAgainst","BrownlowVotes","ContestedPossessions","UncontestedPossessions","ContestedMarks","MarksInside50","OnePercenters","Bounces","GoalAssists","PercentagePlayed","PointDifference","Team","Season","Round"
7,"Baker, Liam",14,2,11,25,0,1,0,4,4,2,0,7,1,3,2,11,17,0,0,2,0,0,80,-5,"Richmond","2023",4
21,"Balta, Noah",11,3,5,16,0,0,0,2,6,1,0,7,1,1,0,6,10,0,0,4,0,0,92,-5,"Richmond","2023",4
29,"Bolton, Shai",12,3,4,16,3,1,0,0,0,5,1,2,0,1,0,4,11,0,1,1,0,2,91,-5,"Richmond","2023",4
42,"Clarke, Judson",11,4,9,20,1,0,0,5,1,4,1,3,1,0,0,5,15,0,0,0,0,1,75,-5,"Richmond","2023",4
0,"Cotchin, Trent",3,0,8,11,0,0,0,3,1,0,0,0,1,0,0,3,8,0,0,1,0,0,48,-5,"Richmond","2023",4
38,"Cumberland, Noah",13,7,8,21,1,2,0,6,0,3,1,9,3,3,0,11,10,1,3,0,0,2,77,-5,"Richmond","2023",4
0,"Graham, Jack",4,3,6,10,0,0,0,0,1,1,0,1,1,0,0,3,8,0,0,1,0,0,30,-5,"Richmond","2023",4
2,"Grimes, Dylan",7,3,2,9,0,0,0,3,1,0,0,2,1,1,0,3,4,0,0,9,0,0,72,-5,"Richmond","2023",4
22,"Hopper, Jacob",12,2,12,24,1,2,0,2,2,3,4,3,0,0,0,8,14,0,1,1,0,0,74,-5,"Richmond","2023",4
19,"Lynch, Tom",2,1,4,6,2,0,0,3,0,0,1,3,1,2,0,2,4,0,1,3,0,0,86,-5,"Richmond","2023",4
31,"Mansell, Rhyan",9,5,3,12,0,1,0,7,0,2,0,2,1,1,0,3,9,0,0,2,0,1,81,-5,"Richmond","2023",4
4,"Martin, Dustin",11,4,12,23,1,0,0,2,0,4,3,4,1,1,0,15,10,3,1,3,0,1,85,-5,"Richmond","2023",4
33,"McIntosh, Kamdyn",13,5,2,15,0,0,0,1,2,3,0,7,0,0,0,0,12,0,0,3,0,0,83,-5,"Richmond","2023",4
25,"Nankervis, Toby",8,1,7,15,0,0,35,7,1,0,3,1,1,0,0,7,5,0,0,5,0,0,79,-5,"Richmond","2023",4
50,"Pickett, Marlion",12,4,8,20,0,0,0,4,3,7,2,3,0,0,0,6,14,1,0,3,0,0,82,-5,"Richmond","2023",4
3,"Prestia, Dion",8,4,12,20,0,0,0,2,3,3,1,4,0,0,0,5,14,0,0,0,0,0,72,-5,"Richmond","2023",4
13,"Ralphsmith, Hugo",10,6,9,19,1,1,0,4,2,3,1,1,0,0,0,4,15,1,0,2,0,0,81,-5,"Richmond","2023",4
17,"Rioli, Daniel",10,4,19,29,0,0,0,7,4,1,1,2,0,1,0,16,11,1,0,0,1,0,91,-5,"Richmond","2023",4
32,"Ryan, Samson",4,1,3,7,1,0,10,1,2,1,2,3,0,3,0,5,2,0,1,1,0,0,73,-5,"Richmond","2023",4
40,"Sonsie, Tyler",8,2,7,15,0,0,0,2,1,2,0,3,1,0,0,4,11,0,0,2,0,0,81,-5,"Richmond","2023",4
14,"Taranto, Tim",12,3,15,27,1,0,0,8,2,2,5,2,1,0,0,12,15,0,0,1,0,1,81,-5,"Richmond","2023",4
1,"Vlastuin, Nick",15,4,6,21,0,0,0,6,10,0,0,4,1,1,0,8,7,1,0,5,0,0,87,-5,"Richmond","2023",4
45,"Young, Tylar",9,1,2,11,0,0,0,1,5,1,0,4,1,2,0,4,6,0,0,15,0,0,100,-5,"Richmond","2023",4
13,"Baker, Oskar",14,7,6,20,0,0,0,0,2,3,0,5,0,1,0,2,16,0,0,2,0,0,84,5,"Western Bulldogs","2023",4
4,"Bontempelli, Marcus",10,1,15,25,0,1,0,12,0,5,11,4,2,2,1,17,6,1,1,6,0,1,85,5,"Western Bulldogs","2023",4
17,"Bruce, Josh",6,4,8,14,0,0,0,3,2,0,0,5,2,2,0,8,6,0,0,8,0,0,100,5,"Western Bulldogs","2023",4
9,"Crozier, Hayden",4,1,1,5,0,0,0,1,2,0,0,1,1,0,0,1,3,0,0,3,0,0,46,5,"Western Bulldogs","2023",4
31,"Dale, Bailey",21,7,9,30,0,0,0,3,6,5,0,5,1,0,0,11,14,0,0,7,0,1,83,5,"Western Bulldogs","2023",4
35,"Daniel, Caleb",14,5,5,19,1,2,0,1,1,1,1,2,0,1,0,6,14,0,0,0,2,0,79,5,"Western Bulldogs","2023",4
44,"English, Tim",17,6,3,20,2,0,23,9,4,3,3,4,2,1,0,11,9,2,1,6,0,0,85,5,"Western Bulldogs","2023",4
0,"Hannan, Mitch",5,3,3,8,1,2,0,3,0,2,0,0,1,0,0,4,4,0,1,2,0,0,62,5,"Western Bulldogs","2023",4
39,"Johannisen, Jason",16,6,5,21,0,0,0,1,3,1,0,3,1,0,0,5,13,0,0,2,1,0,81,5,"Western Bulldogs","2023",4
32,"Jones, Arthur",5,2,4,9,0,0,0,2,0,3,0,4,1,1,0,4,6,0,0,2,0,0,79,5,"Western Bulldogs","2023",4
19,"Jones, Liam",6,3,1,7,0,0,0,1,3,0,0,3,0,1,0,3,4,0,0,12,0,0,100,5,"Western Bulldogs","2023",4
0,"Keath, Alex",2,1,0,2,0,0,0,1,0,0,0,0,0,0,0,0,2,0,0,1,0,0,15,5,"Western Bulldogs","2023",4
21,"Liberatore, Tom",14,0,9,23,2,1,0,10,1,4,7,1,1,0,3,14,7,0,0,3,0,0,82,5,"Western Bulldogs","2023",4
7,"Lobb, Rory",10,5,4,14,1,1,6,1,0,3,1,2,1,0,0,4,10,0,1,7,0,0,94,5,"Western Bulldogs","2023",4
11,"Macrae, Jack",12,4,9,21,1,0,0,4,0,7,2,1,1,0,0,6,15,0,0,1,0,1,74,5,"Western Bulldogs","2023",4
27,"McComb, Robbie",5,3,3,8,1,0,0,1,0,2,1,3,1,2,0,3,7,0,0,1,0,0,65,5,"Western Bulldogs","2023",4
33,"Naughton, Aaron",6,5,4,10,3,0,1,0,0,2,0,2,1,1,0,5,5,2,2,4,0,1,91,5,"Western Bulldogs","2023",4
20,"Richards, Ed",18,8,1,19,0,0,0,4,6,2,0,4,1,2,0,5,14,0,0,3,1,0,90,5,"Western Bulldogs","2023",4
28,"Scott, Anthony",9,4,3,12,0,0,0,0,1,6,0,2,1,0,0,3,9,0,0,1,0,0,79,5,"Western Bulldogs","2023",4
6,"Smith, Bailey",15,6,9,24,0,1,0,1,2,6,5,4,0,1,0,7,17,0,0,1,0,0,89,5,"Western Bulldogs","2023",4
1,"Treloar, Adam",12,0,13,25,0,0,0,4,2,4,10,5,0,0,0,11,11,0,0,0,0,0,81,5,"Western Bulldogs","2023",4
2,"Ugle-Hagan, Jamarra",9,5,3,12,0,2,0,1,0,3,0,2,2,1,0,6,6,1,3,1,0,1,76,5,"Western Bulldogs","2023",4
34,"Williams, Bailey",9,7,7,16,0,0,0,3,0,2,1,1,0,1,0,4,12,0,0,0,0,0,77,5,"Western Bulldogs","2023",4
