"Number","Player","Kicks","Marks","Handballs","Disposals","Goals","Behinds","Hitouts","Tackles","Rebounds50s","Inside50s","Clearances","Clangers","FreesFor","FreesAgainst","BrownlowVotes","ContestedPossessions","UncontestedPossessions","ContestedMarks","MarksInside50","OnePercenters","Bounces","GoalAssists","PercentagePlayed","PointDifference","Team","Season","Round"
13,"Acres, Blake",13,4,9,22,0,0,0,2,4,4,1,4,1,0,0,7,14,0,0,4,0,0,96,71,"Carlton","2023",19
39,"Cincotta, Alex",5,4,7,12,1,0,0,3,0,0,0,0,1,0,0,5,6,1,1,0,0,0,77,71,"Carlton","2023",19
46,"Cottrell, Matthew",5,4,8,13,0,2,0,5,0,1,0,1,1,0,0,4,9,0,1,1,0,2,96,71,"Carlton","2023",19
26,"Cowan, Lachlan",4,1,5,9,0,0,0,4,2,0,0,4,0,2,0,2,7,0,0,0,0,0,81,71,"Carlton","2023",19
28,"Cuningham, David",4,1,10,14,1,0,0,5,1,1,3,2,2,0,0,8,8,0,0,1,0,1,81,71,"Carlton","2023",19
30,"Curnow, Charlie",19,8,1,20,10,3,0,0,0,2,1,4,3,1,3,13,5,5,7,2,0,0,94,71,"Carlton","2023",19
35,"Curnow, Ed",7,3,8,15,1,0,0,2,1,1,0,1,1,0,0,5,10,0,0,2,0,1,92,71,"Carlton","2023",19
12,"De Koning, Tom",10,6,9,19,0,3,25,5,0,4,9,6,3,4,0,14,6,1,1,6,0,0,82,71,"Carlton","2023",19
15,"Docherty, Sam",17,7,12,29,0,0,0,8,2,12,9,0,2,0,1,12,18,0,0,2,1,1,81,71,"Carlton","2023",19
2,"Dow, Paddy",15,1,6,21,1,0,0,2,1,8,7,2,1,0,0,11,9,0,0,1,0,1,77,71,"Carlton","2023",19
8,"Fogarty, Lachie",6,1,8,14,0,1,0,7,1,3,3,1,0,0,0,5,7,0,0,1,1,1,82,71,"Carlton","2023",19
29,"Hewett, George",14,0,17,31,1,0,0,2,1,6,10,5,4,1,2,13,19,0,0,1,1,1,75,71,"Carlton","2023",19
14,"Hollands, Oliver",11,2,6,17,0,1,0,3,1,3,1,5,0,1,0,3,14,0,1,3,0,1,95,71,"Carlton","2023",19
36,"Honey, Josh",2,0,2,4,1,0,0,3,1,1,1,3,0,1,0,1,3,0,0,0,0,0,83,71,"Carlton","2023",19
17,"Kemp, Brodie",14,11,5,19,0,0,0,3,2,0,0,4,0,0,0,2,16,2,0,8,2,0,97,71,"Carlton","2023",19
11,"McGovern, Mitch",13,6,1,14,0,1,0,0,6,3,0,4,0,1,0,3,7,2,0,1,0,0,77,71,"Carlton","2023",19
3,"Motlop, Jesse",6,2,4,10,2,0,0,0,0,0,0,0,1,0,0,2,8,0,2,0,0,1,48,71,"Carlton","2023",19
24,"Newman, Nic",12,8,11,23,1,0,0,2,1,2,2,3,0,1,0,3,21,1,0,0,0,0,89,71,"Carlton","2023",19
42,"Saad, Adam",14,4,8,22,0,0,0,2,5,7,1,4,2,1,0,11,12,0,0,1,5,0,82,71,"Carlton","2023",19
0,"Silvagni, Jack",3,1,3,6,1,0,0,0,0,1,3,2,0,0,0,5,1,0,0,0,0,0,18,71,"Carlton","2023",19
18,"Walsh, Sam",6,1,8,14,1,0,0,3,0,4,4,1,1,1,0,6,8,1,0,1,1,3,34,71,"Carlton","2023",19
23,"Weitering, Jacob",12,11,4,16,0,0,0,0,3,0,0,1,1,0,0,6,10,3,0,5,0,0,100,71,"Carlton","2023",19
0,"Young, Lewis",3,1,3,6,0,1,10,1,0,1,2,1,0,0,0,2,3,0,0,1,0,0,62,71,"Carlton","2023",19
12,"Allen, Oscar",13,6,2,15,0,1,0,0,3,1,0,2,0,2,0,3,14,0,0,9,0,0,93,-71,"West Coast","2023",19
33,"Bazzo, Rhett",4,4,9,13,0,0,0,0,0,0,1,2,0,0,0,6,7,1,0,5,0,0,84,-71,"West Coast","2023",19
18,"Chesser, Campbell",7,3,12,19,0,0,0,1,1,0,2,4,1,1,0,5,14,0,0,0,0,0,79,-71,"West Coast","2023",19
28,"Cole, Tom",11,6,9,20,0,0,0,2,3,1,0,4,1,0,0,5,15,0,0,3,0,0,75,-71,"West Coast","2023",19
15,"Cripps, Jamie",7,4,3,10,1,1,0,4,0,3,1,1,0,0,0,3,7,0,1,0,1,0,89,-71,"West Coast","2023",19
27,"Darling, Jack",6,5,2,8,2,0,0,3,0,1,0,1,1,0,0,4,5,2,3,0,0,0,95,-71,"West Coast","2023",19
14,"Duggan, Liam",18,8,9,27,0,1,0,1,5,3,2,4,1,1,0,5,18,0,0,1,0,1,84,-71,"West Coast","2023",19
3,"Gaff, Andrew",11,10,19,30,1,0,0,1,2,6,3,3,1,1,0,9,22,0,1,2,1,2,81,-71,"West Coast","2023",19
8,"Hewett, Elijah",7,2,10,17,0,1,0,3,2,2,2,4,0,0,0,7,10,0,0,2,0,0,68,-71,"West Coast","2023",19
19,"Hough, Brady",14,6,7,21,0,0,0,1,2,2,0,4,1,1,0,3,16,0,0,4,0,0,86,-71,"West Coast","2023",19
5,"Hunt, Jayden",13,7,10,23,0,1,0,2,5,2,0,2,0,2,0,5,19,0,0,1,2,0,92,-71,"West Coast","2023",19
25,"Hurn, Shannon",21,7,3,24,0,0,0,3,5,0,1,2,0,1,0,2,12,1,0,2,0,0,79,-71,"West Coast","2023",19
11,"Kelly, Tim",9,3,11,20,0,0,0,3,1,2,2,3,0,1,0,7,14,1,0,1,0,0,80,-71,"West Coast","2023",19
44,"Long, Noah",5,4,5,10,1,1,0,2,0,2,1,2,1,2,0,5,6,0,1,1,0,3,75,-71,"West Coast","2023",19
41,"Maric, Ryan",7,3,5,12,1,0,0,3,0,4,1,2,2,1,0,6,6,1,0,1,0,0,86,-71,"West Coast","2023",19
0,"ONeill, Xavier",9,2,4,13,0,0,0,3,1,3,0,1,0,1,0,0,12,0,0,1,0,1,47,-71,"West Coast","2023",19
10,"Petrevski-Seton, Sam",9,4,6,15,1,0,0,3,0,1,0,2,1,1,0,8,7,0,0,0,0,0,84,-71,"West Coast","2023",19
21,"Petruccelle, Jack",3,5,7,10,1,1,0,1,0,1,0,1,0,0,0,4,6,1,2,1,0,0,77,-71,"West Coast","2023",19
4,"Sheed, Dom",11,9,7,18,1,0,0,0,4,1,1,2,0,1,0,4,15,0,1,1,0,0,83,-71,"West Coast","2023",19
0,"Shuey, Luke",1,0,6,7,0,0,0,2,0,1,0,6,0,4,0,3,5,0,0,0,0,0,31,-71,"West Coast","2023",19
32,"Williams, Bailey",9,2,8,17,1,0,27,2,0,3,6,5,4,3,0,10,7,0,1,2,0,0,79,-71,"West Coast","2023",19
34,"Williams, Jack",2,1,4,6,0,0,7,3,0,1,1,3,0,0,0,2,4,0,0,1,0,0,69,-71,"West Coast","2023",19
23,"Witherden, Alex",21,7,9,30,0,0,0,1,9,3,1,4,0,1,0,10,16,0,0,4,1,1,87,-71,"West Coast","2023",19
