"Number","Player","Kicks","Marks","Handballs","Disposals","Goals","Behinds","Hitouts","Tackles","Rebounds50s","Inside50s","Clearances","Clangers","FreesFor","FreesAgainst","BrownlowVotes","ContestedPossessions","UncontestedPossessions","ContestedMarks","MarksInside50","OnePercenters","Bounces","GoalAssists","PercentagePlayed","PointDifference","Team","Season","Round"
10,"Amon, Karl",12,5,10,22,1,0,0,5,4,4,0,2,0,0,0,3,19,0,0,1,0,2,88,-3,"Hawthorn","2023",6
22,"Breust, Luke",3,1,4,7,0,2,0,4,0,1,0,3,1,1,0,4,2,1,1,0,0,0,77,-3,"Hawthorn","2023",6
33,"Brockman, Tyler",4,2,6,10,2,0,0,1,0,1,0,1,0,0,0,2,8,0,1,1,1,1,71,-3,"Hawthorn","2023",6
8,"Frost, Sam",12,7,1,13,0,0,0,2,3,2,0,2,1,0,0,7,7,3,0,7,0,0,97,-3,"Hawthorn","2023",6
24,"Grainger-Barras, Denver",2,1,1,3,0,0,0,0,1,0,0,1,0,1,0,1,2,0,0,1,0,0,73,-3,"Hawthorn","2023",6
26,"Greene, Fergus",7,6,3,10,3,0,0,2,0,1,0,0,0,0,0,2,8,1,3,3,0,1,92,-3,"Hawthorn","2023",6
15,"Hardwick, Blake",16,3,6,22,0,0,0,2,8,0,0,1,0,1,0,4,11,1,0,2,0,0,90,-3,"Hawthorn","2023",6
4,"Impey, Jarman",14,7,8,22,0,0,0,1,1,3,1,2,2,1,0,8,14,0,0,4,1,0,78,-3,"Hawthorn","2023",6
9,"Jiath, Changkuoth",12,3,9,21,0,0,0,1,6,3,0,3,1,1,0,5,14,1,0,7,1,1,79,-3,"Hawthorn","2023",6
27,"Long, Ned",1,1,8,9,0,1,1,7,0,1,2,1,0,1,0,3,6,0,1,1,0,1,62,-3,"Hawthorn","2023",6
0,"Lynch, Max",0,0,2,2,0,0,9,1,0,1,2,0,0,0,0,1,1,0,0,3,0,0,34,-3,"Hawthorn","2023",6
31,"Macdonald, Connor",11,1,4,15,1,1,0,6,0,1,1,4,4,0,0,6,8,0,1,0,0,1,73,-3,"Hawthorn","2023",6
28,"Mackenzie, Cam",5,0,10,15,0,0,0,4,0,4,2,4,0,2,0,6,10,0,0,0,0,1,68,-3,"Hawthorn","2023",6
40,"Mitchell, Seamus",10,6,5,15,0,1,0,3,1,1,0,1,0,1,0,4,10,0,0,0,0,0,87,-3,"Hawthorn","2023",6
13,"Moore, Dylan",5,4,14,19,0,2,0,6,0,0,2,1,1,0,0,8,11,0,0,0,0,0,89,-3,"Hawthorn","2023",6
1,"Morrison, Harry",9,6,9,18,0,0,0,6,3,3,0,3,3,1,0,8,13,0,0,0,0,0,88,-3,"Hawthorn","2023",6
11,"Nash, Conor",11,1,17,28,1,1,0,7,1,7,7,5,2,4,0,15,15,0,0,2,0,1,83,-3,"Hawthorn","2023",6
3,"Newcombe, Jai",11,8,15,26,0,1,0,10,2,4,7,5,0,2,2,15,14,0,0,1,1,0,84,-3,"Hawthorn","2023",6
7,"Reeves, Ned",1,1,3,4,1,0,42,4,0,0,2,1,0,1,0,3,1,0,0,2,0,0,85,-3,"Hawthorn","2023",6
0,"Scrimshaw, Jack",3,2,4,7,1,0,0,0,0,0,0,1,0,0,0,2,5,0,0,1,0,0,50,-3,"Hawthorn","2023",6
6,"Sicily, James",18,11,9,27,0,0,0,4,10,0,1,9,0,2,0,7,15,1,0,5,0,0,95,-3,"Hawthorn","2023",6
20,"Wingard, Chad",6,1,10,16,0,0,0,5,1,3,3,2,4,0,0,8,9,0,0,1,2,0,80,-3,"Hawthorn","2023",6
5,"Worpel, James",12,1,9,21,1,0,0,7,1,7,8,2,0,1,0,12,9,0,0,0,0,0,77,-3,"Hawthorn","2023",6
0,"Butts, Jordon",5,4,4,9,0,0,0,0,2,0,0,1,0,0,0,3,6,1,0,1,0,0,60,3,"Adelaide","2023",6
12,"Dawson, Jordan",13,5,11,24,1,1,0,5,0,3,1,6,0,0,0,4,18,0,1,1,0,0,86,3,"Adelaide","2023",6
39,"Doedee, Tom",8,2,4,12,0,0,0,1,4,2,0,2,0,1,0,1,10,0,0,3,0,0,96,3,"Adelaide","2023",6
32,"Fogarty, Darcy",8,6,3,11,3,1,1,1,0,0,1,1,1,0,0,3,8,2,3,1,0,1,90,3,"Adelaide","2023",6
20,"Hinge, Mitch",11,2,7,18,0,0,0,0,5,0,0,2,1,2,0,6,10,0,0,4,0,0,86,3,"Adelaide","2023",6
1,"Jones, Chayce",6,1,3,9,0,0,0,3,3,3,3,1,1,1,0,4,5,0,0,1,0,0,89,3,"Adelaide","2023",6
2,"Keays, Ben",5,2,7,12,0,0,0,0,0,4,0,1,0,0,0,5,7,0,0,2,0,1,83,3,"Adelaide","2023",6
29,"Laird, Rory",9,1,20,29,0,0,0,12,2,4,10,5,5,1,1,21,9,0,0,2,0,0,77,3,"Adelaide","2023",6
0,"McHenry, Ned",2,1,0,2,0,0,0,0,0,0,0,2,0,2,0,1,2,0,0,0,0,0,26,3,"Adelaide","2023",6
16,"Michalanney, Max",6,4,0,6,0,0,0,9,2,1,0,2,0,2,0,1,5,1,0,2,0,0,78,3,"Adelaide","2023",6
30,"Milera, Wayne",4,1,7,11,0,0,0,4,3,0,0,3,0,3,0,5,6,1,0,2,0,0,77,3,"Adelaide","2023",6
4,"Murphy, Lachlan",6,4,9,15,0,0,0,3,0,3,2,7,0,2,0,8,7,0,1,2,0,0,82,3,"Adelaide","2023",6
28,"Murray, Nick",5,3,3,8,0,0,0,0,3,0,0,0,0,0,0,4,4,0,0,9,0,0,92,3,"Adelaide","2023",6
43,"OBrien, Reilly",2,0,8,10,0,0,41,2,0,0,2,4,0,0,0,8,1,0,0,3,0,0,81,3,"Adelaide","2023",6
10,"Pedlar, Luke",10,5,5,15,1,0,0,2,0,1,2,6,1,1,0,7,8,0,1,0,0,0,64,3,"Adelaide","2023",6
8,"Rachele, Josh",14,6,7,21,0,2,0,7,0,8,1,5,1,1,0,4,17,0,1,1,2,1,78,3,"Adelaide","2023",6
22,"Rankine, Izak",9,5,5,14,1,0,0,2,0,5,2,2,1,0,0,7,8,0,2,1,1,1,94,3,"Adelaide","2023",6
38,"Sholl, Lachlan",12,5,11,23,1,0,0,1,2,3,3,2,0,0,0,8,15,0,0,0,0,1,81,3,"Adelaide","2023",6
9,"Sloane, Rory",15,2,15,30,0,1,0,7,1,3,5,1,1,0,0,12,17,0,0,0,0,1,72,3,"Adelaide","2023",6
33,"Smith, Brodie",15,5,4,19,0,0,0,3,5,2,3,2,2,1,0,7,10,0,0,1,0,0,86,3,"Adelaide","2023",6
14,"Soligo, Jake",18,5,7,25,0,1,0,6,2,7,8,2,2,1,0,15,12,1,2,3,0,1,81,3,"Adelaide","2023",6
7,"Thilthorpe, Riley",6,2,6,12,0,1,3,3,0,0,2,3,2,1,0,6,6,0,0,3,0,0,60,3,"Adelaide","2023",6
13,"Walker, Taylor",16,8,4,20,4,1,0,4,0,4,2,3,2,0,3,5,15,1,3,1,0,1,79,3,"Adelaide","2023",6
