"Number","Player","Kicks","Marks","Handballs","Disposals","Goals","Behinds","Hitouts","Tackles","Rebounds50s","Inside50s","Clearances","Clangers","FreesFor","FreesAgainst","BrownlowVotes","ContestedPossessions","UncontestedPossessions","ContestedMarks","MarksInside50","OnePercenters","Bounces","GoalAssists","PercentagePlayed","PointDifference","Team","Season","Round"
7,"Baker, Liam",11,3,8,19,0,0,0,1,4,2,0,5,0,1,0,5,12,0,0,6,3,0,83,-10,"Richmond","2023",11
21,"Balta, Noah",14,4,5,19,0,0,0,0,10,2,0,5,1,2,0,8,9,2,0,5,0,0,97,-10,"Richmond","2023",11
29,"Bolton, Shai",16,5,7,23,1,3,0,4,2,5,3,1,1,0,0,5,17,0,2,3,3,1,84,-10,"Richmond","2023",11
35,"Broad, Nathan",19,6,5,24,0,0,0,4,7,1,0,3,1,0,0,6,15,1,0,9,1,1,94,-10,"Richmond","2023",11
0,"Clarke, Judson",2,2,1,3,1,0,0,1,0,0,0,0,0,0,0,1,2,0,1,0,0,0,17,-10,"Richmond","2023",11
9,"Cotchin, Trent",5,1,6,11,0,0,0,3,0,0,1,1,0,0,0,5,6,0,0,0,0,1,70,-10,"Richmond","2023",11
34,"Graham, Jack",3,2,8,11,0,0,0,1,0,2,0,4,0,1,0,1,9,0,0,0,0,0,83,-10,"Richmond","2023",11
2,"Grimes, Dylan",9,5,4,13,0,0,0,3,4,0,0,2,1,1,0,3,7,0,0,9,0,0,78,-10,"Richmond","2023",11
31,"Mansell, Rhyan",7,2,6,13,0,0,0,5,1,4,1,2,2,1,0,5,8,0,0,4,0,0,70,-10,"Richmond","2023",11
4,"Martin, Dustin",8,4,5,13,2,3,0,1,0,0,1,4,1,2,0,7,9,2,3,2,1,0,85,-10,"Richmond","2023",11
33,"McIntosh, Kamdyn",6,2,6,12,0,1,0,2,0,5,0,2,1,1,0,4,9,0,0,1,0,2,84,-10,"Richmond","2023",11
46,"Miller, Ben",2,0,3,5,0,0,4,2,0,3,0,3,0,3,0,6,0,0,0,4,0,2,82,-10,"Richmond","2023",11
25,"Nankervis, Toby",10,3,12,22,0,0,29,8,4,2,2,10,1,6,0,13,7,0,0,4,0,1,79,-10,"Richmond","2023",11
50,"Pickett, Marlion",7,1,10,17,0,0,0,2,0,1,4,4,1,1,0,8,10,0,0,3,0,0,78,-10,"Richmond","2023",11
3,"Prestia, Dion",12,0,17,29,0,0,0,2,2,3,5,2,0,0,0,10,18,0,0,1,0,0,83,-10,"Richmond","2023",11
13,"Ralphsmith, Hugo",6,3,11,17,0,0,0,0,2,2,1,3,0,0,0,6,10,0,0,2,0,1,75,-10,"Richmond","2023",11
8,"Riewoldt, Jack",4,3,1,5,0,1,0,0,0,1,0,2,1,1,0,7,1,3,1,6,0,0,95,-10,"Richmond","2023",11
17,"Rioli, Daniel",15,5,5,20,0,1,0,4,6,2,0,2,1,0,0,6,7,0,0,1,3,0,86,-10,"Richmond","2023",11
5,"Ross, Jack",8,5,8,16,0,0,0,1,1,3,1,4,1,1,0,3,13,0,2,2,1,0,86,-10,"Richmond","2023",11
0,"Ryan, Samson",2,2,0,2,1,0,4,1,0,1,0,0,0,0,0,2,1,1,1,2,0,0,50,-10,"Richmond","2023",11
15,"Short, Jayden",18,6,4,22,0,2,0,5,5,2,3,5,0,0,0,6,18,0,0,2,0,0,74,-10,"Richmond","2023",11
14,"Taranto, Tim",14,6,19,33,4,1,0,7,4,4,7,5,0,2,3,12,20,1,3,1,0,0,81,-10,"Richmond","2023",11
45,"Young, Tylar",6,1,3,9,0,0,0,0,4,0,0,3,1,0,0,2,6,0,0,11,0,0,88,-10,"Richmond","2023",11
21,"Aliir, Aliir",10,5,5,15,0,0,0,0,3,0,0,2,1,1,1,6,9,1,0,8,0,0,96,10,"Port Adelaide","2023",11
14,"Bergman, Miles",7,5,6,13,0,2,0,2,1,2,1,4,0,2,0,6,8,0,1,1,0,0,77,10,"Port Adelaide","2023",11
26,"Bonner, Riley",10,3,6,16,0,0,0,1,0,3,1,1,1,0,0,6,11,0,0,1,0,1,75,10,"Port Adelaide","2023",11
3,"Burton, Ryan",6,1,1,7,1,1,0,1,2,1,0,1,0,1,0,2,4,0,0,5,0,0,90,10,"Port Adelaide","2023",11
9,"Butters, Zak",20,5,12,32,1,0,0,0,2,6,4,9,2,2,0,14,18,1,1,1,5,1,79,10,"Port Adelaide","2023",11
33,"Byrne-Jones, Darcy",11,4,1,12,1,2,0,1,0,5,0,4,1,1,0,4,9,0,2,1,0,1,79,10,"Port Adelaide","2023",11
28,"Drew, Willem",6,0,4,10,1,1,0,5,0,2,4,4,0,1,0,6,5,0,0,3,0,0,75,10,"Port Adelaide","2023",11
0,"Evans, Francis",2,1,0,2,0,0,0,0,0,2,0,1,0,0,0,1,1,0,0,2,0,0,22,10,"Port Adelaide","2023",11
6,"Farrell, Kane",15,2,8,23,0,0,0,1,7,1,0,3,0,1,0,4,14,0,0,3,2,0,82,10,"Port Adelaide","2023",11
11,"Finlayson, Jeremy",15,9,2,17,1,2,5,1,1,1,2,5,0,0,0,5,10,1,3,3,0,2,86,10,"Port Adelaide","2023",11
18,"Horne-Francis, Jason",15,5,8,23,1,1,0,0,2,6,4,5,4,1,2,11,13,0,1,0,0,0,77,10,"Port Adelaide","2023",11
5,"Houston, Dan",17,2,8,25,0,0,0,2,2,9,3,3,0,1,0,10,12,1,0,3,0,1,82,10,"Port Adelaide","2023",11
34,"Jones, Lachie",6,2,6,12,0,0,0,1,1,2,0,3,2,0,0,10,4,1,0,7,0,0,81,10,"Port Adelaide","2023",11
30,"Lord, Ollie",2,6,8,10,1,1,1,3,0,1,0,2,0,0,0,4,6,1,2,3,0,1,85,10,"Port Adelaide","2023",11
29,"Lycett, Scott",7,2,11,18,0,0,24,5,1,4,6,5,7,0,0,13,7,0,0,2,0,0,85,10,"Port Adelaide","2023",11
41,"McEntee, Jed",10,2,3,13,1,0,0,1,0,5,1,5,1,2,0,5,7,0,0,1,0,0,71,10,"Port Adelaide","2023",11
12,"McKenzie, Trent",9,3,1,10,0,0,0,2,3,0,0,1,0,0,0,4,1,2,0,4,1,0,94,10,"Port Adelaide","2023",11
0,"Mead, Jackson",7,4,2,9,1,0,0,3,0,3,2,4,0,0,0,4,6,0,1,2,0,0,63,10,"Port Adelaide","2023",11
2,"Powell-Pepper, Sam",6,1,6,12,0,1,0,1,0,1,1,1,2,1,0,9,6,0,0,0,0,0,89,10,"Port Adelaide","2023",11
15,"Rioli, Willie",7,1,0,7,0,0,0,3,1,2,0,1,0,0,0,2,4,0,0,0,0,1,71,10,"Port Adelaide","2023",11
20,"Rozee, Connor",17,7,10,27,0,1,0,2,1,8,6,1,1,0,0,9,19,0,0,3,0,0,85,10,"Port Adelaide","2023",11
23,"Williams, Dylan",12,6,1,13,0,0,0,0,8,0,0,5,0,0,0,3,8,1,0,0,0,0,84,10,"Port Adelaide","2023",11
16,"Wines, Ollie",7,4,14,21,1,0,0,4,1,3,2,3,1,0,0,12,9,0,0,4,0,0,74,10,"Port Adelaide","2023",11
