"Number","Player","Kicks","Marks","Handballs","Disposals","Goals","Behinds","Hitouts","Tackles","Rebounds50s","Inside50s","Clearances","Clangers","FreesFor","FreesAgainst","BrownlowVotes","ContestedPossessions","UncontestedPossessions","ContestedMarks","MarksInside50","OnePercenters","Bounces","GoalAssists","PercentagePlayed","PointDifference","Team","Season","Round"
17,"Bowey, Jake",13,4,0,13,0,0,0,1,6,1,0,3,0,0,0,0,11,0,0,2,0,0,81,18,"Melbourne","2023",6
10,"Brayshaw, Angus",12,7,8,20,0,0,0,3,0,1,1,3,1,2,0,3,18,0,0,1,0,0,87,18,"Melbourne","2023",6
37,"Chandler, Kade",8,3,4,12,3,0,0,2,0,1,0,4,1,3,0,4,9,0,0,0,0,0,73,18,"Melbourne","2023",6
31,"Fritsch, Bayley",5,4,3,8,1,0,0,1,0,1,0,1,1,0,0,2,6,1,1,1,0,0,86,18,"Melbourne","2023",6
11,"Gawn, Max",15,8,2,17,1,2,17,0,0,6,2,5,1,1,0,13,5,6,3,0,0,0,85,18,"Melbourne","2023",6
6,"Grundy, Brodie",4,1,11,15,0,0,14,1,1,2,6,2,2,1,0,8,8,0,0,1,0,0,68,18,"Melbourne","2023",6
14,"Hibberd, Michael",11,5,12,23,0,0,0,1,6,0,0,3,2,0,0,12,12,0,0,4,0,0,91,18,"Melbourne","2023",6
12,"Hunter, Lachie",6,1,14,20,0,0,0,2,1,1,3,4,3,1,0,8,12,0,0,5,0,0,91,18,"Melbourne","2023",6
23,"Jordon, James",6,4,11,17,1,0,0,2,2,4,0,1,1,0,0,3,15,0,0,0,0,0,66,18,"Melbourne","2023",6
15,"Langdon, Ed",8,3,12,20,1,0,0,5,3,2,1,3,2,0,0,7,13,0,1,1,1,1,89,18,"Melbourne","2023",6
0,"Laurie, Bailey",1,1,3,4,0,0,0,0,0,1,0,1,0,0,0,2,1,0,0,0,0,0,9,18,"Melbourne","2023",6
8,"Lever, Jake",10,10,10,20,0,0,0,0,5,2,0,5,1,1,0,5,15,2,0,3,0,0,100,18,"Melbourne","2023",6
1,"May, Steven",15,4,7,22,0,0,0,1,8,0,0,6,2,4,0,9,8,3,0,6,1,0,96,18,"Melbourne","2023",6
41,"McVee, Judd",10,6,6,16,0,0,0,0,5,1,0,2,0,1,0,2,14,0,0,1,0,0,77,18,"Melbourne","2023",6
30,"Neal-Bullen, Alex",8,5,3,11,1,1,0,4,0,4,1,2,1,2,0,5,7,0,0,1,0,0,77,18,"Melbourne","2023",6
13,"Oliver, Clayton",18,6,13,31,1,0,0,2,3,3,6,9,0,3,0,10,24,0,1,3,0,1,83,18,"Melbourne","2023",6
5,"Petracca, Christian",15,7,11,26,0,0,0,5,2,12,3,6,1,1,0,9,18,0,0,1,0,3,80,18,"Melbourne","2023",6
35,"Petty, Harry",5,4,3,8,1,1,0,3,0,0,0,3,0,3,0,4,4,3,2,2,0,0,88,18,"Melbourne","2023",6
36,"Pickett, Kysaiah",8,2,0,8,1,1,0,2,0,2,1,7,1,3,0,3,4,0,1,0,0,0,72,18,"Melbourne","2023",6
0,"Rivers, Trent",6,3,6,12,0,0,0,3,2,2,2,1,0,0,0,5,9,0,0,4,0,0,74,18,"Melbourne","2023",6
32,"Sparrow, Tom",11,6,9,20,0,0,0,1,2,1,4,2,0,1,0,7,15,0,0,0,0,1,70,18,"Melbourne","2023",6
2,"van Rooyen, Jacob",5,3,3,8,3,1,0,0,0,2,0,0,1,0,2,6,2,3,3,1,0,1,77,18,"Melbourne","2023",6
7,"Viney, Jack",15,6,15,30,1,0,0,2,2,4,5,2,2,0,3,8,19,0,1,0,0,1,80,18,"Melbourne","2023",6
7,"Baker, Liam",8,2,6,14,0,1,0,2,4,1,1,1,2,0,0,6,7,0,1,2,0,0,81,-18,"Richmond","2023",6
21,"Balta, Noah",6,4,4,10,0,0,5,3,2,0,0,2,0,1,0,7,5,2,0,8,0,0,91,-18,"Richmond","2023",6
29,"Bolton, Shai",11,3,9,20,0,0,0,4,2,8,4,6,1,2,0,9,11,0,0,3,0,0,79,-18,"Richmond","2023",6
42,"Clarke, Judson",8,4,8,16,0,0,0,0,1,4,0,3,0,1,0,5,12,0,0,2,1,0,68,-18,"Richmond","2023",6
9,"Cotchin, Trent",8,5,9,17,0,0,0,2,0,6,1,4,0,1,0,7,9,1,1,1,0,2,82,-18,"Richmond","2023",6
38,"Cumberland, Noah",7,2,0,7,3,0,0,3,0,2,0,4,1,1,0,4,2,1,1,1,0,0,87,-18,"Richmond","2023",6
2,"Grimes, Dylan",8,1,0,8,0,0,0,1,2,0,0,2,3,1,0,3,3,0,0,5,0,0,84,-18,"Richmond","2023",6
22,"Hopper, Jacob",12,10,11,23,1,0,0,2,1,7,5,3,1,1,1,7,16,0,1,1,0,1,79,-18,"Richmond","2023",6
31,"Mansell, Rhyan",3,2,1,4,1,0,0,1,0,1,0,2,0,1,0,3,3,0,0,3,0,0,75,-18,"Richmond","2023",6
4,"Martin, Dustin",16,2,9,25,1,3,0,3,1,6,2,2,1,0,0,9,15,0,0,2,0,0,83,-18,"Richmond","2023",6
33,"McIntosh, Kamdyn",8,3,1,9,0,0,0,0,1,3,1,2,0,2,0,1,7,0,0,4,0,0,85,-18,"Richmond","2023",6
0,"Miller, Ben",1,1,5,6,0,1,7,3,0,1,0,2,1,1,0,6,1,1,0,6,0,0,64,-18,"Richmond","2023",6
50,"Pickett, Marlion",13,3,10,23,0,0,0,3,3,7,0,7,3,1,0,11,11,0,0,0,1,0,88,-18,"Richmond","2023",6
3,"Prestia, Dion",10,3,10,20,0,0,0,2,0,1,5,4,1,0,0,8,11,0,1,3,0,1,69,-18,"Richmond","2023",6
0,"Ralphsmith, Hugo",3,1,1,4,0,0,0,0,0,0,0,2,0,0,0,0,4,0,0,1,0,0,23,-18,"Richmond","2023",6
8,"Riewoldt, Jack",8,4,3,11,4,2,0,2,0,0,0,4,3,2,0,5,7,0,3,0,0,0,94,-18,"Richmond","2023",6
17,"Rioli, Daniel",12,3,9,21,0,0,0,2,1,2,2,2,2,0,0,8,12,1,0,0,1,1,85,-18,"Richmond","2023",6
10,"Rioli, Maurice",3,0,4,7,0,1,0,2,1,0,0,3,1,1,0,3,5,0,0,0,0,0,69,-18,"Richmond","2023",6
32,"Ryan, Samson",9,6,1,10,1,2,11,2,2,1,1,2,1,2,0,3,7,2,3,2,0,0,82,-18,"Richmond","2023",6
15,"Short, Jayden",21,7,9,30,0,1,0,3,4,4,0,3,2,0,0,8,22,0,0,1,2,1,84,-18,"Richmond","2023",6
14,"Taranto, Tim",16,6,17,33,0,0,0,10,2,6,6,7,1,1,0,16,18,0,0,1,0,1,74,-18,"Richmond","2023",6
1,"Vlastuin, Nick",15,8,6,21,0,0,0,1,7,1,1,3,3,2,0,11,11,0,0,5,0,0,80,-18,"Richmond","2023",6
45,"Young, Tylar",7,1,3,10,0,0,0,0,3,0,0,6,0,2,0,4,5,0,0,7,0,0,96,-18,"Richmond","2023",6
