"Number","Player","Kicks","Marks","Handballs","Disposals","Goals","Behinds","Hitouts","Tackles","Rebounds50s","Inside50s","Clearances","Clangers","FreesFor","FreesAgainst","BrownlowVotes","ContestedPossessions","UncontestedPossessions","ContestedMarks","MarksInside50","OnePercenters","Bounces","GoalAssists","PercentagePlayed","PointDifference","Team","Season","Round"
17,"Bowey, Jake",10,3,7,17,0,0,0,2,3,3,1,0,1,0,0,4,10,0,0,1,0,0,73,50,"Melbourne","2023",1
10,"Brayshaw, Angus",14,10,8,22,0,0,0,3,4,2,0,3,1,1,0,5,18,0,0,0,0,0,86,50,"Melbourne","2023",1
50,"Brown, Ben",12,7,3,15,4,1,1,1,1,2,0,2,1,0,1,4,12,0,4,1,0,1,81,50,"Melbourne","2023",1
37,"Chandler, Kade",11,8,5,16,1,2,0,7,0,4,1,1,1,0,0,4,11,0,2,0,0,2,81,50,"Melbourne","2023",1
11,"Gawn, Max",14,6,7,21,2,0,21,1,3,5,5,5,2,0,0,15,5,2,2,6,0,0,87,50,"Melbourne","2023",1
6,"Grundy, Brodie",7,1,10,17,1,1,12,3,1,6,0,3,4,0,0,8,7,0,0,2,0,0,69,50,"Melbourne","2023",1
4,"Harmes, James",6,3,9,15,0,0,0,4,0,3,1,0,0,0,0,6,10,0,0,0,0,0,74,50,"Melbourne","2023",1
12,"Hunter, Lachie",8,5,4,12,0,0,0,3,0,1,0,1,1,0,0,2,10,0,0,3,0,0,87,50,"Melbourne","2023",1
15,"Langdon, Ed",12,4,2,14,0,1,0,1,2,1,0,3,0,0,0,2,13,0,1,1,0,1,89,50,"Melbourne","2023",1
0,"Laurie, Bailey",2,1,2,4,0,0,0,1,0,1,2,0,0,0,0,1,2,0,0,0,0,0,47,50,"Melbourne","2023",1
8,"Lever, Jake",17,9,4,21,0,0,0,0,3,2,0,2,1,0,0,7,14,0,0,4,0,0,100,50,"Melbourne","2023",1
25,"McDonald, Tom",8,4,5,13,0,1,2,3,0,2,0,2,1,0,0,4,9,0,1,1,0,0,80,50,"Melbourne","2023",1
41,"McVee, Judd",11,3,3,14,0,0,0,1,2,2,0,2,0,1,0,2,11,0,0,3,0,0,73,50,"Melbourne","2023",1
0,"Melksham, Jake",2,2,0,2,1,1,0,0,0,1,0,1,0,1,0,1,2,0,1,1,0,0,17,50,"Melbourne","2023",1
30,"Neal-Bullen, Alex",11,6,6,17,1,0,0,2,2,2,0,2,2,0,0,5,11,0,0,1,0,0,85,50,"Melbourne","2023",1
13,"Oliver, Clayton",15,6,18,33,0,0,0,7,1,3,8,5,0,1,0,15,20,0,0,4,0,0,84,50,"Melbourne","2023",1
5,"Petracca, Christian",18,3,12,30,0,2,0,5,1,6,8,6,3,1,3,14,17,0,0,1,0,1,84,50,"Melbourne","2023",1
35,"Petty, Harry",9,6,5,14,0,0,0,3,5,0,0,4,1,3,0,6,8,0,0,6,0,0,100,50,"Melbourne","2023",1
36,"Pickett, Kysaiah",15,7,4,19,4,1,0,8,1,1,3,5,1,4,2,7,14,0,4,2,0,2,79,50,"Melbourne","2023",1
24,"Rivers, Trent",15,9,9,24,0,0,0,1,4,4,0,1,0,0,0,4,17,0,0,0,0,2,75,50,"Melbourne","2023",1
9,"Spargo, Charlie",12,5,3,15,2,0,0,1,0,6,0,3,2,0,0,4,12,0,1,1,1,3,72,50,"Melbourne","2023",1
32,"Sparrow, Tom",7,2,5,12,1,0,0,6,0,2,1,4,0,1,0,1,11,0,1,1,0,0,76,50,"Melbourne","2023",1
20,"Tomlinson, Adam",15,7,4,19,0,0,0,2,8,1,0,0,0,0,0,4,11,0,0,6,0,0,100,50,"Melbourne","2023",1
13,"Baker, Oskar",10,3,3,13,1,0,0,1,0,3,0,2,0,0,0,1,11,0,0,1,0,0,76,-50,"Western Bulldogs","2023",1
4,"Bontempelli, Marcus",13,3,12,25,1,1,0,5,3,1,6,2,0,0,0,10,14,0,0,3,0,0,83,-50,"Western Bulldogs","2023",1
17,"Bruce, Josh",8,6,6,14,0,0,0,1,4,0,0,3,0,2,0,3,10,0,0,2,0,0,96,-50,"Western Bulldogs","2023",1
31,"Dale, Bailey",15,2,4,19,0,0,0,1,4,2,0,6,0,3,0,5,12,1,0,1,0,0,84,-50,"Western Bulldogs","2023",1
35,"Daniel, Caleb",17,5,12,29,0,0,0,4,7,1,1,5,3,1,0,6,20,0,0,0,1,0,78,-50,"Western Bulldogs","2023",1
10,"Darcy, Sam",5,1,1,6,0,1,1,3,0,0,0,2,0,2,0,4,2,1,0,1,0,0,58,-50,"Western Bulldogs","2023",1
15,"Duryea, Taylor",5,5,6,11,0,0,0,1,2,3,0,4,0,1,0,5,8,0,0,4,0,0,78,-50,"Western Bulldogs","2023",1
44,"English, Tim",12,6,12,24,0,0,22,4,1,6,3,4,2,1,0,15,10,2,0,5,0,1,85,-50,"Western Bulldogs","2023",1
29,"Hannan, Mitch",3,1,3,6,0,0,0,2,0,0,0,4,0,2,0,3,3,0,0,1,0,0,81,-50,"Western Bulldogs","2023",1
39,"Johannisen, Jason",3,2,3,6,1,0,0,1,0,2,0,2,0,1,0,2,4,0,0,1,0,0,75,-50,"Western Bulldogs","2023",1
0,"Jones, Liam",1,1,0,1,0,0,0,1,1,0,0,2,0,1,0,0,1,0,0,3,0,0,40,-50,"Western Bulldogs","2023",1
42,"Keath, Alex",5,4,4,9,0,0,0,4,1,0,1,7,0,3,0,2,8,0,0,7,0,0,95,-50,"Western Bulldogs","2023",1
21,"Liberatore, Tom",13,4,19,32,1,1,0,6,1,6,7,5,0,2,0,12,20,0,0,1,0,2,81,-50,"Western Bulldogs","2023",1
7,"Lobb, Rory",2,2,4,6,0,0,3,0,1,0,0,2,0,0,0,5,1,2,0,2,0,0,95,-50,"Western Bulldogs","2023",1
11,"Macrae, Jack",14,4,19,33,1,0,0,3,3,4,4,5,0,1,0,13,20,0,0,0,0,1,78,-50,"Western Bulldogs","2023",1
0,"McLean, Toby",1,1,4,5,0,0,0,0,1,0,1,0,0,0,0,2,3,0,1,1,0,0,38,-50,"Western Bulldogs","2023",1
33,"Naughton, Aaron",9,5,2,11,1,2,1,1,0,1,1,3,3,3,0,8,2,3,3,2,0,0,85,-50,"Western Bulldogs","2023",1
20,"Richards, Ed",21,3,6,27,0,0,0,1,7,5,0,6,1,0,0,16,11,0,0,3,0,0,87,-50,"Western Bulldogs","2023",1
28,"Scott, Anthony",7,4,6,13,0,0,0,4,0,2,2,1,2,0,0,9,8,0,1,7,0,1,84,-50,"Western Bulldogs","2023",1
6,"Smith, Bailey",19,3,8,27,0,1,0,3,1,9,2,5,1,0,0,6,22,0,0,1,0,0,84,-50,"Western Bulldogs","2023",1
1,"Treloar, Adam",11,5,21,32,1,0,0,6,2,2,6,1,1,0,0,7,25,0,0,2,1,1,76,-50,"Western Bulldogs","2023",1
2,"Ugle-Hagan, Jamarra",6,3,1,7,1,3,0,1,0,1,0,3,0,0,0,1,6,0,2,2,0,0,83,-50,"Western Bulldogs","2023",1
34,"Williams, Bailey",8,4,10,18,1,0,0,0,2,2,3,2,0,0,0,5,12,0,0,3,0,0,80,-50,"Western Bulldogs","2023",1
