"Number","Player","Kicks","Marks","Handballs","Disposals","Goals","Behinds","Hitouts","Tackles","Rebounds50s","Inside50s","Clearances","Clangers","FreesFor","FreesAgainst","BrownlowVotes","ContestedPossessions","UncontestedPossessions","ContestedMarks","MarksInside50","OnePercenters","Bounces","GoalAssists","PercentagePlayed","PointDifference","Team","Season","Round"
11,"Aish, James",12,2,7,19,0,1,0,1,2,1,4,4,1,2,0,7,10,0,0,1,0,0,76,-53,"Fremantle","2023",17
24,"Amiss, Jye",4,4,2,6,1,0,0,1,0,0,0,1,1,0,0,3,3,2,3,1,0,0,84,-53,"Fremantle","2023",17
8,"Brayshaw, Andrew",10,3,22,32,0,0,0,4,2,2,6,3,1,1,0,17,15,0,0,0,0,0,85,-53,"Fremantle","2023",17
6,"Clark, Jordan",14,8,12,26,0,0,0,2,3,4,0,5,0,0,0,5,21,0,0,0,0,0,81,-53,"Fremantle","2023",17
36,"Cox, Brennan",7,6,4,11,0,0,0,1,3,3,0,3,0,0,0,4,6,3,0,8,0,0,82,-53,"Fremantle","2023",17
4,"Darcy, Sean",4,3,10,14,0,0,58,6,1,1,3,1,1,0,0,10,5,2,0,2,0,0,81,-53,"Fremantle","2023",17
28,"Erasmus, Neil",12,6,5,17,0,0,0,3,2,2,2,2,0,1,0,2,16,0,0,0,0,0,69,-53,"Fremantle","2023",17
32,"Frederick, Michael",5,1,2,7,1,0,0,2,0,2,1,1,1,1,0,1,5,0,1,0,0,1,80,-53,"Fremantle","2023",17
23,"Henry, Liam",9,5,11,20,0,0,0,3,0,1,4,1,1,0,0,6,14,0,0,0,1,0,86,-53,"Fremantle","2023",17
15,"Hughes, Ethan",9,5,2,11,0,0,0,1,3,2,0,1,1,1,0,2,10,0,0,6,0,1,78,-53,"Fremantle","2023",17
9,"Jackson, Luke",8,6,2,10,1,0,11,2,1,5,2,2,3,0,0,6,5,2,1,2,0,0,81,-53,"Fremantle","2023",17
0,"Johnson, Matthew",4,2,5,9,0,0,0,3,2,1,0,4,1,0,0,4,7,0,0,0,0,0,56,-53,"Fremantle","2023",17
2,"OMeara, Jaeger",7,1,11,18,0,1,0,5,2,2,3,3,0,1,0,13,7,0,0,2,1,0,77,-53,"Fremantle","2023",17
25,"Pearce, Alex",4,2,2,6,0,0,0,4,2,0,0,2,1,2,0,2,3,0,0,8,0,0,100,-53,"Fremantle","2023",17
13,"Ryan, Luke",30,10,5,35,0,0,0,3,15,1,1,4,3,1,0,13,15,3,0,5,0,0,90,-53,"Fremantle","2023",17
5,"Schultz, Lachie",7,5,11,18,0,1,0,7,0,1,1,6,0,1,0,6,13,0,2,1,0,1,80,-53,"Fremantle","2023",17
3,"Serong, Caleb",13,2,11,24,0,1,0,8,2,4,4,1,0,0,0,11,11,0,0,1,0,1,84,-53,"Fremantle","2023",17
39,"Switkowski, Sam",2,1,11,13,1,0,0,3,0,0,3,3,1,1,0,10,4,0,0,0,0,0,79,-53,"Fremantle","2023",17
35,"Treacy, Josh",3,2,2,5,0,0,1,3,0,3,0,1,1,0,0,3,2,0,0,1,0,0,77,-53,"Fremantle","2023",17
31,"Walker, Brandon",2,1,1,3,0,0,0,1,1,0,0,2,0,1,0,0,3,0,0,1,0,0,82,-53,"Fremantle","2023",17
10,"Walters, Michael",6,3,2,8,2,1,0,3,0,2,0,1,0,1,0,4,5,0,2,1,0,0,78,-53,"Fremantle","2023",17
0,"Worner, Karl",3,1,4,7,0,0,0,1,0,1,0,2,0,1,0,0,7,0,0,0,0,0,31,-53,"Fremantle","2023",17
26,"Young, Hayden",19,3,6,25,0,0,0,8,5,4,1,4,1,1,0,6,16,0,0,1,0,0,83,-53,"Fremantle","2023",17
13,"Acres, Blake",10,1,13,23,0,1,0,4,2,4,4,2,1,0,0,10,11,1,0,0,0,0,81,53,"Carlton","2023",17
37,"Boyd, Jordan",7,3,3,10,0,0,0,2,1,0,0,2,0,0,0,1,9,0,0,1,0,0,81,53,"Carlton","2023",17
5,"Cerra, Adam",19,3,8,27,1,0,0,6,1,11,6,2,1,1,0,9,19,0,1,1,1,3,78,53,"Carlton","2023",17
39,"Cincotta, Alex",7,3,4,11,0,0,0,1,1,4,0,2,0,1,0,3,8,0,0,3,0,0,71,53,"Carlton","2023",17
46,"Cottrell, Matthew",8,4,9,17,1,0,0,2,0,2,0,4,0,1,0,5,12,0,1,0,0,0,89,53,"Carlton","2023",17
9,"Cripps, Patrick",5,1,24,29,0,0,0,5,0,3,10,2,2,0,2,17,15,0,0,3,1,1,82,53,"Carlton","2023",17
28,"Cuningham, David",10,4,6,16,0,1,0,3,2,3,4,1,1,0,0,4,13,0,1,1,0,0,81,53,"Carlton","2023",17
30,"Curnow, Charlie",10,6,5,15,3,2,0,1,0,4,0,2,0,1,0,4,10,0,3,3,0,0,92,53,"Carlton","2023",17
15,"Docherty, Sam",18,8,10,28,1,1,0,3,3,4,0,5,1,1,0,7,21,0,0,0,0,0,89,53,"Carlton","2023",17
8,"Fogarty, Lachie",7,1,10,17,1,0,0,5,1,3,1,4,0,1,0,8,11,0,0,2,0,1,87,53,"Carlton","2023",17
0,"Hewett, George",1,0,4,5,0,0,0,2,0,0,1,0,0,0,0,3,2,0,0,0,0,0,26,53,"Carlton","2023",17
17,"Kemp, Brodie",4,3,5,9,0,0,0,1,2,1,0,4,0,2,0,3,6,1,0,5,0,0,93,53,"Carlton","2023",17
0,"Kennedy, Matthew",8,5,10,18,1,1,0,5,0,2,4,0,0,0,0,10,8,0,1,0,0,1,45,53,"Carlton","2023",17
21,"Martin, Jack",5,1,9,14,0,1,0,4,0,2,2,7,3,4,0,7,8,0,0,2,0,1,78,53,"Carlton","2023",17
11,"McGovern, Mitch",13,1,1,14,1,0,0,1,3,1,0,1,0,0,0,4,4,0,0,5,0,0,65,53,"Carlton","2023",17
10,"McKay, Harry",14,8,6,20,3,2,6,3,0,1,1,3,2,0,1,10,10,3,3,1,0,0,98,53,"Carlton","2023",17
24,"Newman, Nic",19,11,4,23,0,0,0,3,4,2,0,3,1,1,0,4,16,1,0,2,1,0,88,53,"Carlton","2023",17
44,"Owies, Matthew",5,3,4,9,2,0,0,4,0,1,0,1,0,0,0,2,7,0,2,1,0,1,74,53,"Carlton","2023",17
42,"Saad, Adam",13,5,5,18,0,0,0,5,4,3,1,3,1,0,0,12,6,3,0,3,0,0,84,53,"Carlton","2023",17
1,"Silvagni, Jack",12,5,7,19,0,0,2,3,3,5,2,6,1,3,0,6,13,0,0,1,0,2,69,53,"Carlton","2023",17
18,"Walsh, Sam",11,2,21,32,0,1,0,3,1,2,3,3,2,2,0,13,20,0,1,2,0,0,74,53,"Carlton","2023",17
23,"Weitering, Jacob",9,8,2,11,0,0,0,1,6,0,0,1,0,0,3,5,6,4,0,7,0,0,100,53,"Carlton","2023",17
33,"Young, Lewis",4,4,9,13,0,0,10,5,1,2,2,3,0,0,0,8,7,1,0,8,0,0,75,53,"Carlton","2023",17
