"Number","Player","Kicks","Marks","Handballs","Disposals","Goals","Behinds","Hitouts","Tackles","Rebounds50s","Inside50s","Clearances","Clangers","FreesFor","FreesAgainst","BrownlowVotes","ContestedPossessions","UncontestedPossessions","ContestedMarks","MarksInside50","OnePercenters","Bounces","GoalAssists","PercentagePlayed","PointDifference","Team","Season","Round"
30,"Atkins, Tom",8,2,7,15,0,0,0,5,0,3,7,3,0,2,0,6,8,0,1,1,0,0,76,47,"Geelong","2023",5
46,"Blicavs, Mark",10,4,7,17,2,0,27,4,1,6,8,0,0,0,1,10,6,0,2,2,0,0,70,47,"Geelong","2023",5
12,"Bowes, Jack",7,2,7,14,1,0,0,2,1,2,4,4,0,2,0,8,5,0,1,3,0,0,80,47,"Geelong","2023",5
5,"Cameron, Jeremy",13,4,5,18,4,1,0,2,0,5,1,4,2,1,2,10,9,1,2,2,0,1,98,47,"Geelong","2023",5
45,"Close, Brad",8,4,8,16,4,0,0,1,0,3,1,1,1,1,3,4,12,0,3,1,0,2,84,47,"Geelong","2023",5
35,"Dangerfield, Patrick",10,4,13,23,0,2,0,3,0,6,6,2,3,1,0,15,8,2,2,0,0,2,69,47,"Geelong","2023",5
16,"De Koning, Sam",7,5,5,12,0,0,0,0,2,1,0,2,0,0,0,6,6,0,0,6,0,0,82,47,"Geelong","2023",5
22,"Duncan, Mitch",8,5,6,14,0,0,0,1,4,2,0,4,0,0,0,0,12,0,0,1,0,0,77,47,"Geelong","2023",5
29,"Guthrie, Cameron",13,2,9,22,0,0,0,6,2,3,3,7,0,2,0,6,11,0,0,1,0,0,70,47,"Geelong","2023",5
39,"Guthrie, Zach",8,7,4,12,0,0,0,6,3,0,1,2,1,1,0,1,10,0,0,1,0,0,88,47,"Geelong","2023",5
26,"Hawkins, Tom",8,6,6,14,4,1,6,2,0,2,2,1,1,0,0,9,6,2,5,2,0,2,92,47,"Geelong","2023",5
36,"Henry, Oliver",10,8,5,15,2,2,0,0,0,1,0,3,0,0,0,1,13,0,5,2,0,0,85,47,"Geelong","2023",5
9,"Holmes, Max",12,3,8,20,1,0,0,2,0,5,6,3,0,1,0,8,11,0,0,1,4,2,71,47,"Geelong","2023",5
8,"Kolodjashnij, Jake",6,4,8,14,0,0,0,2,2,2,0,1,0,1,0,3,10,0,0,5,0,1,87,47,"Geelong","2023",5
32,"Miers, Gryan",12,8,5,17,0,0,0,3,0,9,1,4,0,2,0,5,13,0,1,0,0,3,82,47,"Geelong","2023",5
42,"OConnor, Mark",4,1,7,11,0,0,0,5,0,0,2,1,1,0,0,6,6,0,0,0,0,0,86,47,"Geelong","2023",5
0,"Parfitt, Brandan",5,0,8,13,0,0,0,6,2,0,1,4,1,3,0,5,9,0,0,0,0,1,40,47,"Geelong","2023",5
17,"Ratugolea, Esava",11,9,3,14,0,0,0,4,4,2,0,3,0,0,0,4,10,2,0,5,0,0,98,47,"Geelong","2023",5
7,"Smith, Isaac",15,6,8,23,1,0,0,1,3,2,1,3,0,2,0,5,15,1,2,0,1,2,85,47,"Geelong","2023",5
1,"Stanley, Rhys",4,1,6,10,0,0,29,4,0,2,4,5,1,2,0,7,3,0,0,3,0,0,74,47,"Geelong","2023",5
0,"Stengle, Tyson",4,1,2,6,1,0,0,2,0,3,1,2,1,1,0,2,3,0,0,1,0,1,36,47,"Geelong","2023",5
44,"Stewart, Tom",17,7,7,24,0,0,0,3,8,3,0,2,0,0,0,6,14,1,0,4,0,0,85,47,"Geelong","2023",5
2,"Tuohy, Zach",10,2,4,14,1,1,0,1,3,1,2,3,2,0,0,5,7,0,0,0,1,1,84,47,"Geelong","2023",5
12,"Allen, Oscar",9,8,5,14,4,1,0,2,0,2,0,1,2,0,0,6,9,3,5,3,0,2,83,-47,"West Coast","2023",5
37,"Barrass, Tom",7,7,4,11,0,0,0,2,2,1,0,3,1,1,0,4,6,2,0,6,1,0,100,-47,"West Coast","2023",5
39,"Clark, Greg",6,3,12,18,0,1,0,3,2,1,1,5,1,2,0,8,10,0,0,0,0,0,86,-47,"West Coast","2023",5
49,"Culley, Jai",3,5,11,14,0,1,0,4,0,2,2,5,0,3,0,6,9,2,2,0,0,0,82,-47,"West Coast","2023",5
27,"Darling, Jack",6,2,6,12,2,0,1,2,0,2,1,2,1,1,0,6,6,1,1,1,0,1,86,-47,"West Coast","2023",5
14,"Duggan, Liam",16,8,7,23,0,0,0,4,6,2,0,2,1,0,0,5,13,0,0,2,2,1,88,-47,"West Coast","2023",5
16,"Edwards, Luke",4,1,6,10,0,0,0,7,1,1,4,1,1,0,0,6,4,0,0,0,0,0,76,-47,"West Coast","2023",5
3,"Gaff, Andrew",8,1,10,18,0,0,0,3,2,2,1,5,0,1,0,7,12,0,0,1,0,0,81,-47,"West Coast","2023",5
0,"Ginbey, Reuben",5,0,4,9,1,0,0,4,1,1,2,3,1,1,0,4,5,0,0,1,0,0,53,-47,"West Coast","2023",5
19,"Hough, Brady",7,2,4,11,0,0,0,1,0,1,1,1,2,0,0,6,5,0,0,1,0,1,91,-47,"West Coast","2023",5
5,"Hunt, Jayden",12,3,5,17,0,1,0,3,3,5,1,2,1,0,0,4,14,0,0,2,0,1,81,-47,"West Coast","2023",5
31,"Jones, Jamaine",16,4,9,25,0,0,0,2,4,8,4,5,1,0,0,10,14,0,0,1,0,1,81,-47,"West Coast","2023",5
11,"Kelly, Tim",7,1,15,22,0,0,0,11,1,5,5,6,2,0,0,11,12,0,1,0,0,2,88,-47,"West Coast","2023",5
44,"Long, Noah",5,4,8,13,0,1,0,3,0,1,0,1,0,0,0,3,10,0,1,0,0,0,79,-47,"West Coast","2023",5
24,"ONeill, Xavier",5,2,6,11,0,1,0,4,2,2,0,2,0,1,0,4,7,0,0,0,0,0,71,-47,"West Coast","2023",5
10,"Petrevski-Seton, Sam",8,2,1,9,1,0,0,3,1,2,2,1,1,0,0,3,6,0,1,1,0,0,80,-47,"West Coast","2023",5
21,"Petruccelle, Jack",3,0,7,10,1,0,0,3,0,3,0,0,0,0,0,6,4,0,0,0,0,0,68,-47,"West Coast","2023",5
35,"Rotham, Josh",6,4,3,9,0,0,0,0,4,0,0,3,0,2,0,0,9,0,0,2,0,0,84,-47,"West Coast","2023",5
2,"Waterman, Jake",15,7,5,20,4,1,3,0,1,3,1,1,3,0,0,6,13,0,2,3,0,0,89,-47,"West Coast","2023",5
0,"West, Connor",0,1,4,4,0,0,0,1,1,0,1,0,0,0,0,1,3,0,0,0,0,0,28,-47,"West Coast","2023",5
32,"Williams, Bailey",4,1,8,12,0,0,27,0,1,0,2,5,1,1,0,9,3,1,0,2,0,1,80,-47,"West Coast","2023",5
23,"Witherden, Alex",14,5,5,19,0,0,0,0,7,2,0,2,1,0,0,4,10,0,0,2,3,0,91,-47,"West Coast","2023",5
6,"Yeo, Elliot",9,0,3,12,0,0,0,3,2,2,3,4,2,1,0,4,6,0,0,2,0,0,54,-47,"West Coast","2023",5
