"Number","Player","Kicks","Marks","Handballs","Disposals","Goals","Behinds","Hitouts","Tackles","Rebounds50s","Inside50s","Clearances","Clangers","FreesFor","FreesAgainst","BrownlowVotes","ContestedPossessions","UncontestedPossessions","ContestedMarks","MarksInside50","OnePercenters","Bounces","GoalAssists","PercentagePlayed","PointDifference","Team","Season","Round"
17,"Bowey, Jake",11,5,4,15,0,0,0,2,2,3,0,2,0,1,0,4,9,0,0,2,0,0,74,27,"Melbourne","2023",23
10,"Brayshaw, Angus",10,3,10,20,1,0,0,5,0,4,4,2,1,0,0,3,14,0,0,2,0,0,69,27,"Melbourne","2023",23
37,"Chandler, Kade",5,3,1,6,1,0,0,2,0,1,0,1,2,1,0,4,4,1,1,0,0,1,87,27,"Melbourne","2023",23
11,"Gawn, Max",14,7,6,20,0,1,22,1,3,3,5,1,1,1,0,13,7,3,0,1,0,0,86,27,"Melbourne","2023",23
12,"Hunter, Lachie",12,6,6,18,0,0,0,2,1,2,0,3,1,1,0,1,18,0,2,2,0,0,91,27,"Melbourne","2023",23
15,"Langdon, Ed",13,5,5,18,0,0,0,1,3,6,0,2,0,0,0,3,14,0,0,2,0,1,87,27,"Melbourne","2023",23
16,"Laurie, Bailey",7,1,7,14,0,0,0,1,0,2,1,4,0,1,0,5,9,0,0,1,0,1,64,27,"Melbourne","2023",23
8,"Lever, Jake",12,13,7,19,0,0,0,3,2,2,0,3,0,2,0,5,14,2,0,8,0,0,96,27,"Melbourne","2023",23
1,"May, Steven",13,9,1,14,0,0,0,1,2,2,0,4,1,2,0,3,10,2,0,6,0,0,88,27,"Melbourne","2023",23
41,"McVee, Judd",11,8,3,14,0,0,0,3,4,1,1,0,0,0,0,4,10,1,0,2,0,0,80,27,"Melbourne","2023",23
18,"Melksham, Jake",14,6,1,15,3,4,0,3,0,5,0,2,3,0,2,6,6,1,4,0,0,1,84,27,"Melbourne","2023",23
30,"Neal-Bullen, Alex",9,5,6,15,0,0,0,1,1,2,0,2,0,0,0,7,8,1,2,1,2,1,82,27,"Melbourne","2023",23
13,"Oliver, Clayton",5,1,9,14,1,0,0,6,1,2,4,2,0,0,0,7,8,0,0,2,0,0,78,27,"Melbourne","2023",23
5,"Petracca, Christian",7,3,15,22,1,1,0,2,0,4,7,1,0,0,0,13,8,0,0,0,0,1,87,27,"Melbourne","2023",23
36,"Pickett, Kysaiah",5,2,0,5,0,0,0,2,0,0,0,3,1,1,0,4,2,0,1,1,0,0,84,27,"Melbourne","2023",23
24,"Rivers, Trent",21,10,6,27,0,0,0,1,4,6,1,3,2,1,0,7,16,0,0,1,0,0,82,27,"Melbourne","2023",23
3,"Salem, Christian",14,8,6,20,0,0,0,2,3,5,0,3,2,1,0,4,17,0,0,0,0,0,82,27,"Melbourne","2023",23
0,"Schache, Josh",1,1,0,1,0,1,1,0,0,0,0,0,0,0,0,0,1,0,1,0,0,0,17,27,"Melbourne","2023",23
29,"Smith, Joel",5,2,2,7,2,0,0,3,0,1,0,2,0,1,0,3,4,0,1,3,0,0,76,27,"Melbourne","2023",23
32,"Sparrow, Tom",11,6,6,17,1,1,0,4,0,2,1,4,0,2,0,5,13,0,0,1,0,0,75,27,"Melbourne","2023",23
0,"Tomlinson, Adam",11,6,1,12,0,0,0,2,3,2,0,1,1,0,0,3,8,1,0,2,0,0,81,27,"Melbourne","2023",23
2,"van Rooyen, Jacob",5,4,2,7,3,0,3,1,0,1,0,2,1,0,0,3,5,1,2,1,0,0,66,27,"Melbourne","2023",23
7,"Viney, Jack",9,8,16,25,0,0,0,7,0,5,2,3,0,2,3,9,16,1,0,1,2,2,84,27,"Melbourne","2023",23
10,"Amon, Karl",24,14,3,27,0,0,0,1,7,1,2,3,0,1,0,4,21,0,0,3,0,0,82,-27,"Hawthorn","2023",23
36,"Blanck, James",3,1,2,5,0,0,0,1,1,0,0,1,1,0,0,2,2,0,0,7,0,0,91,-27,"Hawthorn","2023",23
22,"Breust, Luke",11,4,0,11,2,2,0,0,0,2,2,2,1,1,0,7,5,1,2,0,0,1,86,-27,"Hawthorn","2023",23
12,"Day, Will",11,9,9,20,1,0,0,1,1,2,2,1,1,0,0,7,13,1,0,2,1,0,75,-27,"Hawthorn","2023",23
24,"Grainger-Barras, Denver",5,7,3,8,1,0,0,0,0,3,0,1,1,1,0,4,5,2,1,2,0,0,70,-27,"Hawthorn","2023",23
15,"Hardwick, Blake",15,8,7,22,0,0,0,4,5,2,1,4,0,1,0,3,16,0,0,3,0,0,87,-27,"Hawthorn","2023",23
44,"Hustwaite, Henry",5,2,10,15,2,0,0,5,0,0,2,1,1,0,0,6,9,1,1,0,0,0,74,-27,"Hawthorn","2023",23
4,"Impey, Jarman",13,3,10,23,0,0,0,0,1,1,0,2,0,0,0,4,18,0,0,1,0,0,80,-27,"Hawthorn","2023",23
23,"Koschitzke, Jacob",8,4,4,12,0,0,3,4,1,2,0,4,1,1,0,4,7,0,2,0,0,1,79,-27,"Hawthorn","2023",23
27,"Long, Ned",5,2,7,12,0,0,0,1,2,1,0,0,1,0,0,4,8,0,0,0,0,0,69,-27,"Hawthorn","2023",23
31,"Macdonald, Connor",14,8,5,19,2,0,0,4,2,2,0,1,0,0,0,3,16,0,3,1,0,0,82,-27,"Hawthorn","2023",23
32,"Maginness, Finn",8,3,5,13,0,0,0,1,1,1,1,2,0,0,0,5,8,0,0,0,1,0,91,-27,"Hawthorn","2023",23
13,"Moore, Dylan",12,5,6,18,1,2,0,2,1,3,1,1,3,0,0,7,13,0,0,2,0,1,92,-27,"Hawthorn","2023",23
1,"Morrison, Harry",15,9,4,19,0,0,0,4,2,1,0,3,1,1,0,3,16,0,0,1,0,1,81,-27,"Hawthorn","2023",23
11,"Nash, Conor",11,4,14,25,0,0,0,4,2,4,8,2,2,0,0,15,12,0,0,2,0,0,79,-27,"Hawthorn","2023",23
0,"Ramsden, Max",4,3,4,8,0,1,5,0,1,2,0,3,1,1,0,4,5,1,1,1,0,0,56,-27,"Hawthorn","2023",23
7,"Reeves, Ned",5,4,8,13,0,0,26,0,3,2,3,2,0,1,0,5,8,0,0,3,0,0,85,-27,"Hawthorn","2023",23
14,"Scrimshaw, Jack",10,5,10,20,0,0,0,2,4,1,0,7,0,2,0,5,14,0,0,1,2,0,87,-27,"Hawthorn","2023",23
0,"Serong, Jai",5,1,1,6,0,0,0,3,0,0,0,1,1,0,0,1,5,0,0,1,0,0,25,-27,"Hawthorn","2023",23
6,"Sicily, James",12,7,11,23,0,0,0,1,4,2,1,7,1,2,0,8,14,1,0,3,0,0,97,-27,"Hawthorn","2023",23
25,"Ward, Josh",5,3,3,8,0,0,0,2,3,1,1,1,1,1,0,3,7,0,0,0,0,1,75,-27,"Hawthorn","2023",23
37,"Weddle, Josh",10,10,6,16,0,0,0,1,3,1,0,3,0,0,0,5,11,2,0,4,1,0,80,-27,"Hawthorn","2023",23
5,"Worpel, James",13,1,17,30,0,0,0,1,2,4,11,8,0,3,1,15,16,0,0,0,0,1,78,-27,"Hawthorn","2023",23
