"Number","Player","Kicks","Marks","Handballs","Disposals","Goals","Behinds","Hitouts","Tackles","Rebounds50s","Inside50s","Clearances","Clangers","FreesFor","FreesAgainst","BrownlowVotes","ContestedPossessions","UncontestedPossessions","ContestedMarks","MarksInside50","OnePercenters","Bounces","GoalAssists","PercentagePlayed","PointDifference","Team","Season","Round"
21,"Aliir, Aliir",7,5,3,10,0,0,0,7,4,1,0,2,1,1,0,5,5,0,0,8,0,0,100,-31,"Port Adelaide","2023",3
14,"Bergman, Miles",13,6,3,16,0,1,0,5,2,5,3,2,2,0,0,4,12,0,0,0,0,0,82,-31,"Port Adelaide","2023",3
10,"Boak, Travis",6,2,5,11,0,1,0,3,0,2,3,0,1,0,0,4,5,0,1,0,0,0,76,-31,"Port Adelaide","2023",3
26,"Bonner, Riley",11,4,4,15,0,0,0,0,5,1,0,1,0,1,0,3,11,0,0,1,1,0,68,-31,"Port Adelaide","2023",3
9,"Butters, Zak",9,3,6,15,1,0,0,2,2,3,3,2,1,1,0,7,7,0,0,1,0,1,77,-31,"Port Adelaide","2023",3
33,"Byrne-Jones, Darcy",14,7,2,16,0,0,0,2,1,3,0,2,0,0,0,4,12,0,0,3,0,1,78,-31,"Port Adelaide","2023",3
17,"Clurey, Tom",2,1,1,3,0,0,0,2,4,0,1,1,0,1,0,2,0,1,0,7,0,0,93,-31,"Port Adelaide","2023",3
22,"Dixon, Charlie",10,6,1,11,3,2,6,1,0,3,0,2,2,1,0,8,5,2,3,1,0,0,91,-31,"Port Adelaide","2023",3
28,"Drew, Willem",10,2,8,18,0,1,0,10,2,4,5,3,2,2,0,8,10,0,0,1,0,2,84,-31,"Port Adelaide","2023",3
0,"Duursma, Xavier",4,2,4,8,1,0,0,1,1,1,2,2,1,0,0,4,4,1,1,0,0,0,52,-31,"Port Adelaide","2023",3
0,"Fantasia, Orazio",2,1,3,5,1,0,0,1,0,0,0,1,0,0,0,1,3,0,1,0,0,0,29,-31,"Port Adelaide","2023",3
6,"Farrell, Kane",13,0,3,16,0,0,0,4,5,3,1,2,2,0,0,4,12,0,0,6,0,0,83,-31,"Port Adelaide","2023",3
11,"Finlayson, Jeremy",4,0,5,9,0,0,2,3,2,1,1,5,0,2,0,5,4,0,0,2,1,1,65,-31,"Port Adelaide","2023",3
18,"Horne-Francis, Jason",12,0,4,16,0,0,0,7,1,4,6,4,2,2,0,10,6,0,0,0,0,1,76,-31,"Port Adelaide","2023",3
5,"Houston, Dan",17,5,4,21,0,0,0,3,7,5,2,4,2,1,0,6,9,0,0,8,0,1,82,-31,"Port Adelaide","2023",3
1,"Jonas, Tom",4,1,3,7,0,0,0,2,1,0,0,5,1,3,0,4,3,0,0,5,0,0,94,-31,"Port Adelaide","2023",3
34,"Jones, Lachie",6,2,5,11,1,0,0,1,2,2,0,3,0,0,0,4,7,0,0,2,0,0,86,-31,"Port Adelaide","2023",3
29,"Lycett, Scott",3,0,9,12,0,0,30,5,0,1,7,4,3,4,0,9,2,0,0,0,0,2,71,-31,"Port Adelaide","2023",3
4,"Marshall, Todd",3,3,1,4,1,1,0,4,0,0,0,1,0,0,0,1,3,1,2,1,0,0,86,-31,"Port Adelaide","2023",3
2,"Powell-Pepper, Sam",10,2,5,15,3,0,0,3,1,0,0,3,2,1,0,9,7,0,1,2,0,0,83,-31,"Port Adelaide","2023",3
15,"Rioli, Willie",1,2,8,9,1,0,0,1,0,1,1,2,0,0,0,4,5,1,0,1,0,0,84,-31,"Port Adelaide","2023",3
20,"Rozee, Connor",18,5,10,28,1,0,0,3,0,7,6,2,6,0,0,10,19,2,0,2,0,0,83,-31,"Port Adelaide","2023",3
16,"Wines, Ollie",9,4,12,21,0,0,0,6,0,2,7,6,1,2,0,8,10,0,0,0,0,1,75,-31,"Port Adelaide","2023",3
0,"Berry, Sam",5,1,0,5,0,0,0,9,2,2,1,2,1,1,0,3,2,0,0,1,0,0,43,31,"Adelaide","2023",3
41,"Butts, Jordon",4,3,3,7,0,0,0,1,4,0,0,2,0,2,0,2,5,0,0,7,0,0,80,31,"Adelaide","2023",3
12,"Dawson, Jordan",13,5,5,18,1,1,0,2,2,7,1,1,2,0,3,12,9,2,1,2,1,1,84,31,"Adelaide","2023",3
39,"Doedee, Tom",6,3,4,10,0,0,0,0,1,0,0,2,0,1,0,4,6,0,0,7,0,0,97,31,"Adelaide","2023",3
44,"Gollant, Lachlan",7,3,2,9,0,1,0,4,0,3,0,1,3,1,0,4,5,0,0,3,0,1,69,31,"Adelaide","2023",3
20,"Hinge, Mitch",16,8,5,21,0,0,0,1,4,1,0,2,0,0,0,5,13,0,0,2,0,0,95,31,"Adelaide","2023",3
0,"Jones, Chayce",4,1,5,9,1,0,0,1,1,0,0,3,1,1,0,4,5,0,1,0,0,0,33,31,"Adelaide","2023",3
2,"Keays, Ben",11,5,8,19,0,2,0,2,0,2,3,3,0,0,0,6,12,0,0,1,0,0,84,31,"Adelaide","2023",3
29,"Laird, Rory",13,1,13,26,1,0,0,4,2,4,10,4,2,3,1,18,9,0,0,2,0,1,80,31,"Adelaide","2023",3
16,"Michalanney, Max",10,4,2,12,0,0,0,5,4,1,1,1,2,0,0,4,7,0,0,2,0,0,75,31,"Adelaide","2023",3
30,"Milera, Wayne",10,4,5,15,0,0,0,1,2,4,2,0,0,0,0,5,8,1,0,1,0,0,77,31,"Adelaide","2023",3
4,"Murphy, Lachlan",13,7,5,18,1,0,0,1,0,6,2,6,1,4,0,9,10,1,2,1,0,2,82,31,"Adelaide","2023",3
28,"Murray, Nick",9,5,3,12,0,0,0,0,4,1,0,2,0,0,0,4,7,1,0,8,0,0,93,31,"Adelaide","2023",3
43,"OBrien, Reilly",5,4,11,16,0,0,35,5,2,2,5,7,1,5,0,10,4,2,0,1,0,1,81,31,"Adelaide","2023",3
10,"Pedlar, Luke",7,3,5,12,3,1,0,4,0,1,1,5,1,3,0,6,8,0,1,0,0,2,84,31,"Adelaide","2023",3
8,"Rachele, Josh",11,4,7,18,1,1,0,3,1,7,2,2,0,1,0,5,13,0,2,1,0,0,81,31,"Adelaide","2023",3
22,"Rankine, Izak",11,4,6,17,4,0,0,5,0,4,3,1,3,0,0,9,9,0,1,0,0,0,100,31,"Adelaide","2023",3
38,"Sholl, Lachlan",11,5,5,16,0,1,0,4,1,1,1,2,0,2,0,3,13,0,0,0,0,0,81,31,"Adelaide","2023",3
9,"Sloane, Rory",9,2,13,22,0,0,0,1,0,5,4,2,0,1,0,8,15,0,0,2,0,2,65,31,"Adelaide","2023",3
33,"Smith, Brodie",12,5,3,15,0,0,0,2,4,2,0,4,1,1,0,5,7,1,0,5,0,0,83,31,"Adelaide","2023",3
14,"Soligo, Jake",10,5,3,13,1,0,0,2,2,3,0,1,0,1,0,3,9,0,1,0,0,1,76,31,"Adelaide","2023",3
7,"Thilthorpe, Riley",7,3,4,11,5,0,5,0,0,2,0,2,1,0,2,9,3,1,3,2,0,1,73,31,"Adelaide","2023",3
13,"Walker, Taylor",8,3,3,11,0,1,5,2,0,1,3,5,3,2,0,8,4,0,1,1,0,1,84,31,"Adelaide","2023",3
