"Number","Player","Kicks","Marks","Handballs","Disposals","Goals","Behinds","Hitouts","Tackles","Rebounds50s","Inside50s","Clearances","Clangers","FreesFor","FreesAgainst","BrownlowVotes","ContestedPossessions","UncontestedPossessions","ContestedMarks","MarksInside50","OnePercenters","Bounces","GoalAssists","PercentagePlayed","PointDifference","Team","Season","Round"
21,"Aliir, Aliir",8,7,3,11,0,0,0,0,5,0,0,3,1,2,0,5,6,3,0,3,0,0,91,40,"Port Adelaide","2023",6
14,"Bergman, Miles",7,4,4,11,0,0,0,3,3,1,0,1,0,0,0,1,10,0,0,7,0,0,80,40,"Port Adelaide","2023",6
10,"Boak, Travis",9,3,11,20,0,1,0,4,1,4,1,2,1,0,0,7,12,0,1,1,0,1,80,40,"Port Adelaide","2023",6
3,"Burton, Ryan",13,7,1,14,2,1,0,0,2,2,0,3,0,0,0,3,10,0,3,1,0,1,78,40,"Port Adelaide","2023",6
9,"Butters, Zak",9,3,16,25,0,0,0,6,0,7,4,3,2,2,0,7,17,0,0,0,0,0,82,40,"Port Adelaide","2023",6
33,"Byrne-Jones, Darcy",12,5,4,16,2,0,0,7,0,3,0,2,2,0,0,5,11,0,2,2,0,2,90,40,"Port Adelaide","2023",6
28,"Drew, Willem",12,5,13,25,1,1,0,10,2,4,6,2,2,1,0,11,12,0,1,1,0,1,73,40,"Port Adelaide","2023",6
7,"Duursma, Xavier",12,4,7,19,0,0,0,3,2,2,4,5,3,2,0,10,8,0,0,0,0,1,88,40,"Port Adelaide","2023",6
6,"Farrell, Kane",8,5,1,9,0,1,0,3,0,3,0,2,0,1,0,1,8,0,0,1,0,1,82,40,"Port Adelaide","2023",6
11,"Finlayson, Jeremy",10,5,4,14,5,2,5,0,0,1,2,1,2,0,2,7,7,2,4,2,0,2,84,40,"Port Adelaide","2023",6
18,"Horne-Francis, Jason",5,1,8,13,0,0,0,4,1,2,8,6,0,4,0,11,3,0,0,0,0,0,69,40,"Port Adelaide","2023",6
5,"Houston, Dan",14,2,8,22,0,0,0,3,4,6,4,1,1,0,0,7,13,0,0,1,0,0,80,40,"Port Adelaide","2023",6
1,"Jonas, Tom",7,4,2,9,0,0,0,2,2,2,0,5,1,1,0,3,7,1,0,10,0,0,91,40,"Port Adelaide","2023",6
30,"Lord, Ollie",5,3,5,10,1,1,1,0,0,0,0,5,1,2,0,7,3,1,1,3,0,1,82,40,"Port Adelaide","2023",6
0,"Marshall, Todd",0,0,2,2,0,0,0,2,0,0,0,0,0,0,0,1,1,0,0,0,0,0,28,40,"Port Adelaide","2023",6
41,"McEntee, Jed",5,2,2,7,0,0,0,3,0,2,0,1,2,0,0,2,6,0,0,3,0,1,73,40,"Port Adelaide","2023",6
12,"McKenzie, Trent",15,5,1,16,0,0,0,3,7,2,0,4,0,1,0,2,10,1,0,6,0,0,93,40,"Port Adelaide","2023",6
2,"Powell-Pepper, Sam",6,0,6,12,1,2,0,1,1,1,1,1,0,1,0,9,4,0,0,3,0,0,83,40,"Port Adelaide","2023",6
15,"Rioli, Willie",6,3,4,10,2,1,0,2,0,2,1,1,1,0,0,5,5,1,2,1,0,1,81,40,"Port Adelaide","2023",6
20,"Rozee, Connor",20,6,9,29,2,1,0,7,0,8,3,2,2,2,3,5,25,0,0,0,0,0,84,40,"Port Adelaide","2023",6
27,"Teakle, Brynn",6,2,8,14,0,1,34,2,1,3,3,5,0,3,0,5,8,0,0,1,0,0,88,40,"Port Adelaide","2023",6
0,"Williams, Dylan",7,2,2,9,0,0,0,1,3,2,1,4,0,1,0,6,3,1,0,1,0,1,53,40,"Port Adelaide","2023",6
16,"Wines, Ollie",7,3,18,25,0,0,0,2,2,2,3,3,0,0,0,13,12,0,0,0,0,0,65,40,"Port Adelaide","2023",6
12,"Allen, Oscar",7,6,2,9,2,2,0,2,0,2,0,0,2,0,0,4,5,1,4,2,0,0,90,-40,"West Coast","2023",6
37,"Barrass, Tom",8,10,9,17,0,0,0,1,4,0,0,1,0,0,0,10,8,7,0,10,0,0,100,-40,"West Coast","2023",6
0,"Bazzo, Rhett",2,2,4,6,0,0,0,0,1,0,0,1,1,1,0,2,4,0,0,0,0,0,41,-40,"West Coast","2023",6
39,"Clark, Greg",5,3,14,19,0,0,0,5,1,1,1,1,1,0,0,4,15,0,0,0,0,0,83,-40,"West Coast","2023",6
49,"Culley, Jai",7,3,3,10,4,1,0,2,0,1,0,1,2,0,0,6,3,1,1,2,0,0,81,-40,"West Coast","2023",6
27,"Darling, Jack",6,5,2,8,2,1,1,3,0,2,0,1,0,1,0,2,5,1,2,1,0,0,91,-40,"West Coast","2023",6
14,"Duggan, Liam",14,6,6,20,0,0,0,2,5,3,0,0,1,0,0,4,12,1,0,2,0,0,76,-40,"West Coast","2023",6
16,"Edwards, Luke",7,1,10,17,0,0,0,1,1,2,2,2,2,1,0,5,12,0,0,1,0,1,73,-40,"West Coast","2023",6
29,"Foley, Luke",12,4,3,15,0,0,0,3,1,3,0,1,0,1,0,1,13,0,0,1,0,0,82,-40,"West Coast","2023",6
3,"Gaff, Andrew",10,4,22,32,0,0,0,4,3,2,4,0,2,0,0,8,25,0,2,0,0,0,83,-40,"West Coast","2023",6
7,"Ginbey, Reuben",7,0,5,12,0,0,0,8,1,3,0,3,2,1,0,4,8,0,0,0,1,0,64,-40,"West Coast","2023",6
5,"Hunt, Jayden",12,8,7,19,0,0,0,4,1,3,0,1,0,0,0,6,13,1,0,0,1,0,87,-40,"West Coast","2023",6
31,"Jones, Jamaine",12,4,10,22,0,0,0,2,3,1,3,2,1,0,0,8,15,0,0,2,0,0,82,-40,"West Coast","2023",6
11,"Kelly, Tim",9,1,25,34,0,0,0,5,2,4,8,9,3,2,1,15,20,0,0,1,0,1,83,-40,"West Coast","2023",6
10,"Petrevski-Seton, Sam",7,3,4,11,0,0,0,3,1,2,1,1,0,0,0,5,7,0,0,1,0,0,77,-40,"West Coast","2023",6
21,"Petruccelle, Jack",10,4,4,14,1,0,0,2,0,6,4,3,2,2,0,5,10,0,0,1,1,1,71,-40,"West Coast","2023",6
35,"Rotham, Josh",7,4,1,8,0,0,0,2,0,1,0,5,0,4,0,1,7,0,0,2,0,0,87,-40,"West Coast","2023",6
0,"Shuey, Luke",9,2,8,17,0,0,0,3,2,2,2,2,1,0,0,6,10,0,0,0,0,0,39,-40,"West Coast","2023",6
26,"Trew, Zane",2,0,7,9,0,0,0,5,1,2,2,1,0,1,0,6,4,0,0,0,0,0,70,-40,"West Coast","2023",6
2,"Waterman, Jake",14,10,9,23,1,1,4,1,2,4,1,5,0,2,0,3,17,0,2,3,0,0,91,-40,"West Coast","2023",6
36,"West, Connor",5,2,9,14,0,1,0,2,1,1,1,4,0,2,0,6,7,0,0,0,0,0,83,-40,"West Coast","2023",6
32,"Williams, Bailey",10,2,11,21,0,0,37,3,4,3,13,4,3,3,0,16,8,0,0,2,0,0,83,-40,"West Coast","2023",6
23,"Witherden, Alex",14,5,9,23,0,0,0,1,8,0,0,0,0,0,0,4,11,0,0,3,1,0,82,-40,"West Coast","2023",6
