"Number","Player","Kicks","Marks","Handballs","Disposals","Goals","Behinds","Hitouts","Tackles","Rebounds50s","Inside50s","Clearances","Clangers","FreesFor","FreesAgainst","BrownlowVotes","ContestedPossessions","UncontestedPossessions","ContestedMarks","MarksInside50","OnePercenters","Bounces","GoalAssists","PercentagePlayed","PointDifference","Team","Season","Round"
17,"Bowey, Jake",14,2,1,15,0,0,0,1,8,0,0,1,1,0,0,6,3,0,0,1,0,0,66,4,"Melbourne","2023",19
10,"Brayshaw, Angus",18,2,8,26,0,1,0,7,2,5,8,2,3,0,0,16,12,0,0,2,0,1,79,4,"Melbourne","2023",19
0,"Brown, Ben",5,4,0,5,0,0,0,1,0,1,0,0,0,0,0,2,4,0,0,4,0,1,61,4,"Melbourne","2023",19
37,"Chandler, Kade",11,6,5,16,3,0,0,1,1,2,0,1,0,0,0,2,14,0,3,0,0,2,78,4,"Melbourne","2023",19
11,"Gawn, Max",8,8,5,13,2,2,38,1,0,0,3,1,1,0,0,8,6,3,3,2,0,0,89,4,"Melbourne","2023",19
12,"Hunter, Lachie",9,2,11,20,0,0,0,0,1,2,1,5,1,1,1,5,16,0,0,1,0,1,88,4,"Melbourne","2023",19
23,"Jordon, James",6,2,5,11,0,0,0,3,0,3,0,2,1,1,0,3,7,0,0,0,0,1,76,4,"Melbourne","2023",19
15,"Langdon, Ed",11,4,12,23,0,1,0,5,2,5,4,1,2,0,0,10,13,0,1,1,0,1,95,4,"Melbourne","2023",19
8,"Lever, Jake",7,5,1,8,0,0,0,2,4,0,0,4,0,3,0,4,4,3,0,6,0,0,95,4,"Melbourne","2023",19
1,"May, Steven",12,3,1,13,0,0,0,1,9,0,0,3,1,1,0,5,4,1,0,3,0,0,94,4,"Melbourne","2023",19
41,"McVee, Judd",6,2,3,9,0,0,0,1,3,0,0,1,0,1,0,2,8,0,0,1,0,0,86,4,"Melbourne","2023",19
18,"Melksham, Jake",7,5,0,7,2,0,0,0,0,2,0,5,1,1,0,3,6,1,2,2,0,0,81,4,"Melbourne","2023",19
30,"Neal-Bullen, Alex",8,2,5,13,1,0,0,2,0,5,1,1,1,0,0,6,7,0,1,1,1,2,72,4,"Melbourne","2023",19
5,"Petracca, Christian",12,5,14,26,0,2,0,5,0,7,5,2,1,0,0,14,13,0,0,0,1,0,89,4,"Melbourne","2023",19
36,"Pickett, Kysaiah",16,3,4,20,2,3,0,4,0,3,3,3,0,1,0,8,7,0,2,0,0,2,82,4,"Melbourne","2023",19
24,"Rivers, Trent",11,3,10,21,0,0,0,2,5,2,3,2,1,0,0,8,10,1,0,2,2,0,77,4,"Melbourne","2023",19
3,"Salem, Christian",13,6,6,19,0,0,0,4,0,2,2,5,1,0,0,6,11,1,0,3,0,0,82,4,"Melbourne","2023",19
0,"Smith, Joel",3,1,0,3,1,1,0,0,0,0,0,0,0,0,0,3,0,1,1,0,0,1,21,4,"Melbourne","2023",19
32,"Sparrow, Tom",6,1,12,18,0,0,0,1,0,3,4,2,1,0,0,8,9,0,0,1,0,0,80,4,"Melbourne","2023",19
20,"Tomlinson, Adam",7,2,6,13,0,0,0,2,5,0,0,2,2,1,0,10,3,1,0,6,0,0,100,4,"Melbourne","2023",19
2,"van Rooyen, Jacob",3,5,7,10,1,1,5,1,0,0,0,1,0,1,0,6,4,2,2,1,0,0,60,4,"Melbourne","2023",19
7,"Viney, Jack",18,2,9,27,1,0,0,1,1,7,5,3,3,0,3,13,14,0,1,1,0,0,87,4,"Melbourne","2023",19
40,"Woewodin, Taj",4,3,3,7,1,0,0,2,0,3,0,3,0,1,0,1,5,0,1,0,0,1,63,4,"Melbourne","2023",19
0,"Butts, Jordon",6,4,2,8,0,0,0,1,4,0,0,3,0,1,0,2,5,1,0,6,0,0,61,-4,"Adelaide","2023",19
15,"Cook, Brayden",10,5,6,16,0,1,0,2,4,2,2,1,0,1,0,4,14,0,1,1,0,1,84,-4,"Adelaide","2023",19
5,"Crouch, Matt",7,0,15,22,0,0,0,9,0,3,7,4,1,2,0,8,12,0,0,1,0,0,76,-4,"Adelaide","2023",19
12,"Dawson, Jordan",12,2,10,22,0,0,0,11,4,2,5,3,0,3,0,9,12,1,0,2,1,1,86,-4,"Adelaide","2023",19
32,"Fogarty, Darcy",4,3,5,9,1,2,0,2,0,2,0,2,2,2,0,5,5,0,2,1,0,0,94,-4,"Adelaide","2023",19
0,"Hately, Jackson",0,1,4,4,0,0,0,0,0,0,1,1,0,1,0,1,3,0,0,1,0,0,26,-4,"Adelaide","2023",19
20,"Hinge, Mitch",19,9,3,22,0,0,0,2,8,3,0,3,1,0,0,5,14,2,0,3,0,0,92,-4,"Adelaide","2023",19
1,"Jones, Chayce",10,1,5,15,0,1,0,4,3,2,1,3,0,0,0,6,6,0,0,1,0,0,89,-4,"Adelaide","2023",19
2,"Keays, Ben",7,4,12,19,2,0,0,4,0,1,3,2,0,1,0,9,8,0,0,1,0,1,84,-4,"Adelaide","2023",19
23,"McAdam, Shane",8,8,3,11,1,1,0,1,0,3,0,0,1,0,0,4,7,2,2,2,0,2,82,-4,"Adelaide","2023",19
30,"Milera, Wayne",9,4,10,19,0,0,0,2,4,2,0,2,1,0,0,7,11,1,0,0,1,0,85,-4,"Adelaide","2023",19
4,"Murphy, Lachlan",7,3,6,13,1,1,0,2,0,2,1,3,1,1,0,9,6,0,1,2,0,0,68,-4,"Adelaide","2023",19
28,"Murray, Nick",8,7,4,12,0,1,0,0,0,3,0,0,1,0,0,4,7,2,1,4,0,0,64,-4,"Adelaide","2023",19
27,"Nankervis, Luke",13,6,3,16,0,0,0,1,2,3,0,2,0,0,0,3,12,1,0,0,0,0,79,-4,"Adelaide","2023",19
43,"OBrien, Reilly",2,5,7,9,0,1,20,4,0,0,0,1,0,1,0,4,6,2,0,2,0,0,79,-4,"Adelaide","2023",19
10,"Pedlar, Luke",6,2,1,7,0,2,0,5,0,2,0,4,0,3,0,3,5,0,1,1,0,0,84,-4,"Adelaide","2023",19
22,"Rankine, Izak",14,3,6,20,3,3,0,4,0,4,3,0,0,0,2,7,11,0,2,1,2,1,90,-4,"Adelaide","2023",19
26,"Schoenberg, Harry",11,4,12,23,0,1,0,3,0,4,5,0,2,0,0,10,12,0,0,0,2,1,78,-4,"Adelaide","2023",19
9,"Sloane, Rory",14,4,6,20,0,0,0,7,2,4,3,7,0,4,0,9,11,2,0,0,0,1,68,-4,"Adelaide","2023",19
33,"Smith, Brodie",14,2,6,20,1,0,0,3,3,4,0,1,0,0,0,4,14,0,0,1,0,0,90,-4,"Adelaide","2023",19
7,"Thilthorpe, Riley",4,3,7,11,0,0,8,0,1,2,0,0,1,0,0,7,5,2,0,2,0,0,65,-4,"Adelaide","2023",19
13,"Walker, Taylor",7,3,2,9,4,0,0,1,0,4,1,0,0,0,0,5,3,1,2,0,0,0,86,-4,"Adelaide","2023",19
24,"Worrell, Josh",10,6,2,12,0,0,0,1,2,2,0,3,1,1,0,3,8,1,0,5,0,0,91,-4,"Adelaide","2023",19
