"Number","Player","Kicks","Marks","Handballs","Disposals","Goals","Behinds","Hitouts","Tackles","Rebounds50s","Inside50s","Clearances","Clangers","FreesFor","FreesAgainst","BrownlowVotes","ContestedPossessions","UncontestedPossessions","ContestedMarks","MarksInside50","OnePercenters","Bounces","GoalAssists","PercentagePlayed","PointDifference","Team","Season","Round"
30,"Atkins, Tom",8,3,9,17,1,0,0,6,1,3,5,3,2,3,0,12,6,0,1,0,1,0,78,26,"Geelong","2023",8
24,"Bews, Jed",1,2,8,9,0,0,0,5,0,0,1,2,0,1,0,4,5,0,0,1,0,0,84,26,"Geelong","2023",8
46,"Blicavs, Mark",8,4,8,16,1,0,10,4,1,3,5,3,1,2,0,12,5,2,1,0,0,1,82,26,"Geelong","2023",8
4,"Bruhn, Tanner",8,3,5,13,1,0,0,6,1,1,4,2,0,0,0,7,6,0,0,1,0,0,65,26,"Geelong","2023",8
5,"Cameron, Jeremy",14,5,1,15,3,2,0,3,0,5,1,7,1,3,2,6,10,3,3,1,0,0,95,26,"Geelong","2023",8
15,"Ceglar, Jonathon",6,3,6,12,0,0,37,2,0,1,4,4,2,4,0,6,7,1,0,4,0,0,75,26,"Geelong","2023",8
45,"Close, Brad",1,0,10,11,0,0,0,4,0,1,1,3,1,1,0,4,6,0,0,0,0,0,83,26,"Geelong","2023",8
0,"Dangerfield, Patrick",13,3,3,16,0,0,0,4,1,5,3,3,1,1,0,5,10,0,1,1,0,1,38,26,"Geelong","2023",8
0,"Dempsey, Oliver",3,1,3,6,0,1,0,0,0,0,1,0,0,0,0,3,3,1,0,0,0,0,30,26,"Geelong","2023",8
22,"Duncan, Mitch",17,4,3,20,0,0,0,4,5,3,2,2,1,0,0,3,13,0,0,1,0,1,85,26,"Geelong","2023",8
39,"Guthrie, Zach",11,6,7,18,0,0,0,3,2,3,2,1,1,0,0,6,10,0,0,4,0,1,84,26,"Geelong","2023",8
26,"Hawkins, Tom",8,4,6,14,1,2,3,2,0,1,1,1,1,0,0,9,5,1,3,0,0,2,100,26,"Geelong","2023",8
36,"Henry, Oliver",7,2,2,9,1,3,0,0,0,1,0,0,0,0,0,5,4,2,1,0,0,1,81,26,"Geelong","2023",8
9,"Holmes, Max",13,2,9,22,1,0,0,8,1,4,5,2,2,1,1,10,10,0,0,1,1,0,72,26,"Geelong","2023",8
10,"Knevitt, Mitch",6,3,9,15,1,0,0,2,1,4,1,2,0,1,0,5,10,2,1,2,0,1,58,26,"Geelong","2023",8
8,"Kolodjashnij, Jake",10,11,5,15,0,0,0,1,2,1,0,0,0,0,0,2,13,1,0,7,0,0,95,26,"Geelong","2023",8
32,"Miers, Gryan",6,3,6,12,1,0,0,3,0,2,0,0,1,0,0,5,9,0,0,0,0,0,80,26,"Geelong","2023",8
42,"OConnor, Mark",11,7,5,16,0,0,0,3,3,3,1,1,1,0,0,7,9,1,0,4,0,0,86,26,"Geelong","2023",8
17,"Ratugolea, Esava",7,8,6,13,0,0,0,0,5,1,0,1,3,0,0,8,6,3,0,7,0,0,94,26,"Geelong","2023",8
37,"Simpson, Sam",5,2,4,9,2,1,0,2,0,2,0,1,0,1,0,4,5,0,1,0,0,1,80,26,"Geelong","2023",8
7,"Smith, Isaac",14,2,7,21,1,2,0,3,5,4,2,1,1,0,0,7,13,0,0,1,0,1,82,26,"Geelong","2023",8
44,"Stewart, Tom",17,8,7,24,0,0,0,1,4,1,0,4,1,2,0,9,13,0,0,4,0,0,90,26,"Geelong","2023",8
2,"Tuohy, Zach",9,4,3,12,0,0,0,4,2,4,3,1,0,1,0,6,8,0,0,1,0,0,81,26,"Geelong","2023",8
41,"Butts, Jordon",4,3,7,11,0,0,0,0,4,0,0,0,2,0,0,5,6,0,0,4,0,0,94,-26,"Adelaide","2023",8
0,"Crouch, Matt",2,2,10,12,0,0,0,2,0,0,1,1,0,0,0,3,7,0,0,1,0,0,39,-26,"Adelaide","2023",8
12,"Dawson, Jordan",18,5,11,29,0,0,0,6,0,6,4,5,4,1,3,10,18,0,0,2,0,1,85,-26,"Adelaide","2023",8
39,"Doedee, Tom",9,6,8,17,0,0,0,0,4,0,1,2,1,0,0,6,9,3,0,5,0,0,100,-26,"Adelaide","2023",8
32,"Fogarty, Darcy",6,4,3,9,0,0,0,4,0,2,0,2,0,1,0,1,8,0,1,1,0,0,86,-26,"Adelaide","2023",8
20,"Hinge, Mitch",11,1,3,14,1,0,0,0,5,1,0,1,0,1,0,5,7,0,0,4,0,0,85,-26,"Adelaide","2023",8
1,"Jones, Chayce",10,1,6,16,0,0,0,3,3,3,6,3,1,1,0,7,8,0,0,2,0,1,87,-26,"Adelaide","2023",8
2,"Keays, Ben",6,3,6,12,0,0,0,4,0,6,0,2,0,1,0,6,5,0,0,0,0,0,80,-26,"Adelaide","2023",8
29,"Laird, Rory",8,2,13,21,0,1,0,14,0,4,6,4,3,3,0,9,12,0,0,0,0,0,81,-26,"Adelaide","2023",8
16,"Michalanney, Max",10,7,2,12,0,0,0,3,5,1,0,3,0,1,0,5,7,2,0,1,0,0,67,-26,"Adelaide","2023",8
30,"Milera, Wayne",8,5,10,18,0,0,0,1,2,0,0,1,0,0,0,6,10,1,0,0,0,0,80,-26,"Adelaide","2023",8
4,"Murphy, Lachlan",11,5,8,19,0,0,0,1,1,6,5,3,1,0,0,10,11,1,1,2,0,0,80,-26,"Adelaide","2023",8
0,"Murray, Nick",4,2,1,5,0,0,0,0,2,0,0,1,0,0,0,1,4,0,0,4,0,0,51,-26,"Adelaide","2023",8
43,"OBrien, Reilly",6,4,9,15,1,0,38,3,2,1,2,2,2,0,0,8,6,2,2,6,0,0,78,-26,"Adelaide","2023",8
10,"Pedlar, Luke",7,4,1,8,2,0,0,0,0,1,0,3,1,1,0,3,5,0,2,0,0,2,85,-26,"Adelaide","2023",8
8,"Rachele, Josh",7,1,1,8,0,0,0,1,0,1,0,2,0,1,0,1,7,0,0,0,0,1,69,-26,"Adelaide","2023",8
22,"Rankine, Izak",11,6,10,21,2,1,0,2,1,2,2,4,3,0,0,8,13,1,2,2,2,0,95,-26,"Adelaide","2023",8
38,"Sholl, Lachlan",5,2,7,12,1,0,0,3,0,2,0,1,1,1,0,5,8,0,1,1,0,0,83,-26,"Adelaide","2023",8
9,"Sloane, Rory",12,5,6,18,1,0,0,5,1,6,4,1,0,0,0,7,12,0,1,0,0,0,73,-26,"Adelaide","2023",8
33,"Smith, Brodie",16,3,8,24,0,0,0,5,8,2,0,1,0,0,0,5,14,0,1,2,0,1,83,-26,"Adelaide","2023",8
14,"Soligo, Jake",12,3,8,20,0,1,0,4,1,2,3,4,1,0,0,9,11,0,0,3,0,1,82,-26,"Adelaide","2023",8
7,"Thilthorpe, Riley",1,0,4,5,0,0,11,2,0,0,3,4,0,3,0,4,1,0,0,2,0,0,61,-26,"Adelaide","2023",8
13,"Walker, Taylor",5,2,2,7,3,1,0,1,0,0,0,6,1,5,0,5,3,1,2,2,0,0,77,-26,"Adelaide","2023",8
