"Number","Player","Kicks","Marks","Handballs","Disposals","Goals","Behinds","Hitouts","Tackles","Rebounds50s","Inside50s","Clearances","Clangers","FreesFor","FreesAgainst","BrownlowVotes","ContestedPossessions","UncontestedPossessions","ContestedMarks","MarksInside50","OnePercenters","Bounces","GoalAssists","PercentagePlayed","PointDifference","Team","Season","Round"
21,"Aliir, Aliir",9,7,6,15,0,0,0,1,4,2,0,3,1,1,0,8,7,4,0,7,0,1,95,54,"Port Adelaide","2023",1
14,"Bergman, Miles",18,6,5,23,0,2,0,2,0,4,4,4,0,1,0,9,15,0,0,4,1,1,81,54,"Port Adelaide","2023",1
3,"Burton, Ryan",21,7,3,24,0,0,0,1,5,4,0,3,1,0,0,5,16,0,0,3,1,1,84,54,"Port Adelaide","2023",1
9,"Butters, Zak",13,8,11,24,0,0,0,1,2,6,4,0,0,0,0,6,18,0,0,1,0,1,77,54,"Port Adelaide","2023",1
33,"Byrne-Jones, Darcy",12,5,15,27,0,0,0,1,2,3,1,3,0,2,0,6,20,0,0,4,0,2,78,54,"Port Adelaide","2023",1
22,"Dixon, Charlie",11,10,3,14,3,3,8,0,0,3,1,9,0,4,2,10,5,6,7,0,0,0,90,54,"Port Adelaide","2023",1
28,"Drew, Willem",4,2,16,20,0,0,1,4,1,2,3,1,0,1,0,9,13,0,0,1,0,0,73,54,"Port Adelaide","2023",1
7,"Duursma, Xavier",9,3,13,22,0,0,0,0,2,1,5,3,0,0,0,9,13,0,0,0,2,0,83,54,"Port Adelaide","2023",1
0,"Evans, Francis",1,1,1,2,0,0,0,0,0,0,0,0,0,0,0,1,1,0,0,0,0,1,23,54,"Port Adelaide","2023",1
0,"Fantasia, Orazio",5,3,4,9,0,3,0,2,0,3,0,1,1,0,0,3,6,0,1,0,0,0,58,54,"Port Adelaide","2023",1
6,"Farrell, Kane",15,4,6,21,0,0,0,1,3,3,1,0,0,0,0,6,13,0,0,5,0,0,79,54,"Port Adelaide","2023",1
19,"Georgiades, Mitch",8,5,5,13,1,3,0,2,0,1,0,2,1,1,0,5,8,1,4,0,0,0,79,54,"Port Adelaide","2023",1
18,"Horne-Francis, Jason",17,2,8,25,1,1,0,3,0,10,7,2,1,1,3,10,16,0,0,3,1,3,84,54,"Port Adelaide","2023",1
5,"Houston, Dan",10,4,9,19,0,0,0,1,2,4,4,3,0,2,0,7,13,1,0,3,0,0,82,54,"Port Adelaide","2023",1
1,"Jonas, Tom",8,7,4,12,0,0,0,1,3,0,0,2,1,0,0,4,8,1,0,4,0,0,95,54,"Port Adelaide","2023",1
34,"Jones, Lachie",7,4,5,12,3,0,3,2,1,1,2,1,0,0,0,4,8,0,2,1,0,0,70,54,"Port Adelaide","2023",1
29,"Lycett, Scott",1,0,12,13,0,0,26,3,1,0,2,3,1,2,0,6,8,0,0,2,0,1,82,54,"Port Adelaide","2023",1
4,"Marshall, Todd",8,8,3,11,4,1,0,3,0,1,0,1,0,1,0,6,7,2,6,3,0,1,87,54,"Port Adelaide","2023",1
12,"McKenzie, Trent",7,6,3,10,0,0,0,1,2,1,0,1,0,1,0,5,5,3,0,1,0,0,87,54,"Port Adelaide","2023",1
2,"Powell-Pepper, Sam",13,4,8,21,1,2,0,5,0,2,3,2,3,1,0,8,13,0,1,0,0,1,80,54,"Port Adelaide","2023",1
15,"Rioli, Willie",9,2,7,16,3,0,0,4,0,2,3,1,1,1,0,8,7,1,1,3,0,1,78,54,"Port Adelaide","2023",1
20,"Rozee, Connor",12,4,11,23,1,0,0,6,0,6,1,2,1,2,1,4,19,0,0,0,0,0,84,54,"Port Adelaide","2023",1
16,"Wines, Ollie",12,9,17,29,1,1,1,0,1,6,6,8,0,4,0,11,18,0,2,1,0,0,70,54,"Port Adelaide","2023",1
31,"Andrews, Harris",5,6,6,11,0,0,0,0,2,0,0,0,2,0,0,5,7,0,0,9,0,0,100,-54,"Brisbane Lions","2023",1
8,"Ashcroft, Will",10,0,3,13,1,0,0,4,0,1,4,3,1,0,0,8,5,0,0,0,0,0,81,-54,"Brisbane Lions","2023",1
33,"Bailey, Zac",11,4,5,16,2,0,0,2,1,2,2,1,3,0,0,6,9,0,0,2,0,0,82,-54,"Brisbane Lions","2023",1
7,"Berry, Jarrod",8,5,7,15,0,0,0,0,1,5,0,3,1,1,0,5,11,0,0,0,0,0,72,-54,"Brisbane Lions","2023",1
23,"Cameron, Charlie",5,2,1,6,0,2,0,3,1,1,3,2,1,2,0,3,3,0,0,0,0,0,83,-54,"Brisbane Lions","2023",1
18,"Coleman, Keidean",11,2,4,15,0,0,0,2,3,4,1,1,2,0,0,5,9,0,0,3,0,1,68,-54,"Brisbane Lions","2023",1
3,"Daniher, Joe",7,3,3,10,1,0,5,0,0,2,1,3,1,1,0,5,4,1,1,0,0,0,86,-54,"Brisbane Lions","2023",1
5,"Dunkley, Josh",3,0,16,19,0,0,0,9,1,1,7,2,3,1,0,14,5,0,0,5,0,0,82,-54,"Brisbane Lions","2023",1
19,"Gunston, Jack",7,4,2,9,2,0,0,0,0,2,0,5,0,0,0,2,6,1,1,0,0,0,81,-54,"Brisbane Lions","2023",1
30,"Hipwood, Eric",3,2,1,4,1,0,3,0,0,2,0,2,1,0,0,1,3,0,1,1,0,0,82,-54,"Brisbane Lions","2023",1
11,"McCarthy, Lincoln",4,2,4,8,1,0,0,4,1,1,3,0,2,0,0,4,3,0,0,0,0,1,84,-54,"Brisbane Lions","2023",1
6,"McCluggage, Hugh",7,3,6,13,0,0,0,4,1,3,3,3,0,1,0,7,7,0,0,0,0,1,79,-54,"Brisbane Lions","2023",1
46,"McInerney, Oscar",5,2,6,11,1,0,33,2,0,2,4,3,0,0,0,10,2,1,1,2,0,0,85,-54,"Brisbane Lions","2023",1
26,"McKenna, Conor",12,0,8,20,1,0,0,1,4,3,0,1,0,0,0,6,10,0,0,1,1,0,80,-54,"Brisbane Lions","2023",1
9,"Neale, Lachie",8,0,12,20,0,0,0,6,1,5,5,4,3,1,0,11,11,0,0,1,0,1,86,-54,"Brisbane Lions","2023",1
40,"Payne, Jack",4,2,0,4,0,0,0,0,2,0,0,2,1,1,0,2,2,0,0,5,0,0,95,-54,"Brisbane Lions","2023",1
0,"Prior, Jaxon",2,1,0,2,0,0,0,0,0,0,0,1,0,1,0,0,3,0,0,0,0,0,23,-54,"Brisbane Lions","2023",1
16,"Rayner, Cam",9,4,5,14,0,0,0,3,4,0,0,1,2,0,0,6,8,0,0,2,0,0,78,-54,"Brisbane Lions","2023",1
10,"Rich, Daniel",23,4,3,26,1,0,0,0,18,2,2,5,2,2,0,5,7,0,0,4,0,0,87,-54,"Brisbane Lions","2023",1
2,"Robertson, Deven",3,0,3,6,0,0,0,4,1,1,1,3,0,0,0,1,4,0,0,1,0,0,72,-54,"Brisbane Lions","2023",1
37,"Starcevich, Brandon",3,1,1,4,0,0,0,1,3,0,0,2,0,1,0,1,2,0,0,8,0,0,86,-54,"Brisbane Lions","2023",1
0,"Tunstill, James",2,1,5,7,0,0,0,0,0,2,1,0,0,0,0,5,2,0,0,0,0,0,52,-54,"Brisbane Lions","2023",1
44,"Wilmot, Darcy",10,4,1,11,0,1,0,1,3,1,1,1,0,0,0,4,7,1,2,1,0,0,77,-54,"Brisbane Lions","2023",1
