"Number","Player","Kicks","Marks","Handballs","Disposals","Goals","Behinds","Hitouts","Tackles","Rebounds50s","Inside50s","Clearances","Clangers","FreesFor","FreesAgainst","BrownlowVotes","ContestedPossessions","UncontestedPossessions","ContestedMarks","MarksInside50","OnePercenters","Bounces","GoalAssists","PercentagePlayed","PointDifference","Team","Season","Round"
4,"Bontempelli, Marcus",16,6,11,27,1,0,0,6,6,5,9,5,1,1,3,15,16,1,1,8,0,1,89,29,"Western Bulldogs","2023",16
31,"Dale, Bailey",14,3,11,25,1,0,0,4,5,0,3,0,1,0,0,6,13,0,1,5,1,0,83,29,"Western Bulldogs","2023",16
35,"Daniel, Caleb",14,4,6,20,0,0,0,2,4,5,0,1,0,0,0,4,15,0,0,1,0,1,83,29,"Western Bulldogs","2023",16
15,"Duryea, Taylor",7,4,5,12,0,0,0,0,5,0,0,3,0,1,0,3,8,1,0,5,0,0,75,29,"Western Bulldogs","2023",16
44,"English, Tim",7,3,3,10,1,0,30,10,1,4,4,4,2,2,0,8,4,2,1,8,0,0,83,29,"Western Bulldogs","2023",16
43,"Gardner, Ryan",1,1,4,5,0,0,0,4,1,0,0,0,0,0,0,4,2,1,0,6,0,0,96,29,"Western Bulldogs","2023",16
0,"Hannan, Mitch",5,1,2,7,1,0,0,3,0,3,0,1,0,0,0,3,3,0,0,1,0,0,61,29,"Western Bulldogs","2023",16
42,"Keath, Alex",6,4,3,9,0,0,0,3,1,0,0,1,1,0,0,1,7,0,0,3,0,0,100,29,"Western Bulldogs","2023",16
21,"Liberatore, Tom",12,2,9,21,0,0,0,9,0,6,9,0,1,0,0,13,8,0,1,1,0,2,76,29,"Western Bulldogs","2023",16
7,"Lobb, Rory",5,3,5,10,1,1,13,2,2,2,0,1,1,1,0,5,5,1,0,4,0,0,76,29,"Western Bulldogs","2023",16
11,"Macrae, Jack",10,4,14,24,1,0,0,8,0,4,9,1,1,0,0,12,11,0,0,2,0,2,77,29,"Western Bulldogs","2023",16
30,"McNeil, Lachlan",3,1,2,5,1,0,0,5,0,1,0,0,0,0,0,2,3,1,1,0,0,0,70,29,"Western Bulldogs","2023",16
33,"Naughton, Aaron",8,4,4,12,2,1,0,3,0,3,1,4,3,3,0,9,4,2,1,0,0,0,86,29,"Western Bulldogs","2023",16
18,"ODonnell, James",4,3,4,8,0,0,0,2,1,1,0,2,0,1,0,4,4,1,0,2,0,1,87,29,"Western Bulldogs","2023",16
25,"Poulter, Caleb",5,3,7,12,0,0,0,1,0,2,0,0,0,0,0,0,12,0,0,0,0,1,69,29,"Western Bulldogs","2023",16
28,"Scott, Anthony",5,4,4,9,0,0,0,1,0,0,0,1,0,0,0,3,6,1,0,0,0,0,84,29,"Western Bulldogs","2023",16
6,"Smith, Bailey",8,2,8,16,0,0,0,2,2,4,1,2,0,1,0,5,10,0,0,2,0,0,81,29,"Western Bulldogs","2023",16
1,"Treloar, Adam",14,2,8,22,0,0,0,12,2,2,5,1,2,1,0,5,15,0,0,0,0,0,77,29,"Western Bulldogs","2023",16
2,"Ugle-Hagan, Jamarra",12,9,3,15,4,2,0,1,0,3,0,7,1,2,1,7,9,4,5,0,0,2,88,29,"Western Bulldogs","2023",16
23,"Vandermeer, Laitham",8,3,2,10,0,0,0,1,4,2,1,3,0,0,0,2,9,0,0,2,0,0,76,29,"Western Bulldogs","2023",16
3,"Weightman, Cody",7,2,5,12,2,1,0,3,1,3,0,4,1,1,0,6,6,1,1,0,0,0,80,29,"Western Bulldogs","2023",16
0,"West, Rhylee",3,1,2,5,0,0,0,2,0,1,0,1,0,0,0,5,0,1,0,1,0,2,21,29,"Western Bulldogs","2023",16
34,"Williams, Bailey",8,1,12,20,1,0,0,3,0,1,5,4,0,0,0,9,11,0,0,0,0,0,80,29,"Western Bulldogs","2023",16
11,"Aish, James",13,4,4,17,0,0,0,4,2,5,2,4,1,0,0,6,11,0,0,1,1,0,90,-29,"Fremantle","2023",16
24,"Amiss, Jye",5,3,1,6,4,0,0,1,0,0,0,0,0,0,0,2,4,0,2,0,0,1,82,-29,"Fremantle","2023",16
8,"Brayshaw, Andrew",12,3,17,29,0,0,0,7,0,1,4,7,1,2,0,10,20,0,0,1,0,0,85,-29,"Fremantle","2023",16
6,"Clark, Jordan",10,6,10,20,0,0,0,7,1,5,1,0,0,0,0,8,13,0,0,2,1,0,83,-29,"Fremantle","2023",16
36,"Cox, Brennan",20,13,11,31,0,0,0,0,5,1,0,3,1,0,0,9,21,2,0,8,0,0,94,-29,"Fremantle","2023",16
4,"Darcy, Sean",9,6,9,18,1,1,50,2,0,1,3,1,1,1,0,11,6,4,3,0,0,1,82,-29,"Fremantle","2023",16
0,"Erasmus, Neil",2,0,0,2,0,0,0,0,0,2,1,2,0,2,0,0,1,0,0,0,0,0,23,-29,"Fremantle","2023",16
32,"Frederick, Michael",7,5,1,8,1,0,0,0,1,2,0,1,0,0,0,1,7,1,1,0,0,2,64,-29,"Fremantle","2023",16
0,"Fyfe, Nat",8,3,4,12,0,0,0,2,0,3,1,4,0,1,0,7,6,1,1,0,0,0,57,-29,"Fremantle","2023",16
23,"Henry, Liam",19,6,14,33,0,0,0,3,3,4,0,5,1,0,0,5,27,0,0,2,0,1,85,-29,"Fremantle","2023",16
15,"Hughes, Ethan",8,2,7,15,0,0,0,2,2,0,0,3,0,1,0,4,13,0,0,5,0,0,80,-29,"Fremantle","2023",16
9,"Jackson, Luke",4,2,4,8,0,1,3,1,0,2,0,2,1,0,0,3,5,1,1,2,0,0,81,-29,"Fremantle","2023",16
44,"Johnson, Matthew",10,6,9,19,0,1,0,5,1,0,5,4,0,0,0,7,11,0,0,0,0,0,64,-29,"Fremantle","2023",16
2,"OMeara, Jaeger",11,6,10,21,0,0,0,4,1,3,4,4,0,0,0,9,11,0,0,1,0,0,77,-29,"Fremantle","2023",16
25,"Pearce, Alex",8,4,4,12,0,0,0,2,2,0,0,4,2,1,0,5,7,1,0,5,0,0,92,-29,"Fremantle","2023",16
13,"Ryan, Luke",14,7,10,24,0,0,0,4,7,1,0,4,1,4,0,6,17,0,0,3,0,0,85,-29,"Fremantle","2023",16
5,"Schultz, Lachie",10,6,8,18,1,1,0,5,0,1,0,4,0,1,0,5,13,1,2,3,0,1,82,-29,"Fremantle","2023",16
3,"Serong, Caleb",13,5,25,38,0,0,0,7,1,7,10,3,2,0,2,18,20,0,0,0,0,2,82,-29,"Fremantle","2023",16
39,"Switkowski, Sam",4,0,7,11,0,0,0,4,0,2,0,0,0,0,0,6,4,0,0,0,0,1,78,-29,"Fremantle","2023",16
35,"Treacy, Josh",6,5,7,13,0,0,6,1,0,2,1,1,1,0,0,5,8,0,1,2,0,0,80,-29,"Fremantle","2023",16
31,"Walker, Brandon",9,3,5,14,0,0,0,4,2,1,0,2,1,1,0,5,9,1,0,4,0,0,80,-29,"Fremantle","2023",16
10,"Walters, Michael",12,6,3,15,4,0,0,4,0,1,0,2,0,1,0,4,10,0,2,1,0,1,87,-29,"Fremantle","2023",16
26,"Young, Hayden",15,3,6,21,0,0,0,4,8,2,2,1,1,0,0,3,14,0,0,4,0,0,87,-29,"Fremantle","2023",16
