"Number","Player","Kicks","Marks","Handballs","Disposals","Goals","Behinds","Hitouts","Tackles","Rebounds50s","Inside50s","Clearances","Clangers","FreesFor","FreesAgainst","BrownlowVotes","ContestedPossessions","UncontestedPossessions","ContestedMarks","MarksInside50","OnePercenters","Bounces","GoalAssists","PercentagePlayed","PointDifference","Team","Season","Round"
11,"Aish, James",12,7,9,21,0,0,0,2,1,4,0,3,0,0,0,3,18,0,0,1,1,0,79,-16,"Fremantle","2023",23
24,"Amiss, Jye",3,4,7,10,0,0,0,1,0,0,0,0,1,0,0,8,2,2,0,0,0,1,76,-16,"Fremantle","2023",23
41,"Banfield, Bailey",3,2,2,5,0,1,0,0,0,0,0,2,0,0,0,1,4,0,0,2,0,0,62,-16,"Fremantle","2023",23
8,"Brayshaw, Andrew",19,4,13,32,0,2,0,5,2,3,5,3,2,0,0,10,17,0,0,1,0,0,85,-16,"Fremantle","2023",23
6,"Clark, Jordan",15,7,7,22,0,0,0,2,3,2,0,1,1,0,0,4,18,0,0,2,1,0,86,-16,"Fremantle","2023",23
36,"Cox, Brennan",10,7,6,16,1,0,0,1,2,2,1,1,0,1,0,8,5,4,1,3,0,0,85,-16,"Fremantle","2023",23
18,"Emmett, Tom",7,2,6,13,2,0,0,3,0,2,2,4,2,2,0,6,7,0,0,1,1,0,81,-16,"Fremantle","2023",23
0,"Erasmus, Neil",2,0,2,4,0,0,0,2,0,1,0,0,0,0,0,0,5,0,0,0,0,0,35,-16,"Fremantle","2023",23
32,"Frederick, Michael",9,4,4,13,2,1,0,1,1,3,0,2,1,1,0,4,10,0,2,1,0,0,87,-16,"Fremantle","2023",23
23,"Henry, Liam",21,6,10,31,0,1,0,2,1,2,0,4,0,1,0,6,25,1,0,0,0,0,88,-16,"Fremantle","2023",23
9,"Jackson, Luke",4,3,7,11,1,0,33,2,0,0,2,0,1,0,0,5,5,1,1,4,0,0,82,-16,"Fremantle","2023",23
44,"Johnson, Matthew",12,7,7,19,0,0,0,0,0,5,1,1,0,0,0,1,17,0,0,0,1,0,78,-16,"Fremantle","2023",23
0,"OMeara, Jaeger",4,2,2,6,0,0,0,1,0,1,1,0,0,0,0,1,5,0,0,0,0,0,32,-16,"Fremantle","2023",23
25,"Pearce, Alex",3,3,3,6,0,0,0,3,3,0,0,1,0,1,0,1,5,1,0,3,0,0,97,-16,"Fremantle","2023",23
13,"Ryan, Luke",22,9,3,25,0,0,0,6,9,3,1,3,2,1,0,5,13,0,0,0,0,0,87,-16,"Fremantle","2023",23
5,"Schultz, Lachie",13,7,14,27,0,0,0,3,0,7,3,2,3,1,0,8,19,0,1,1,0,3,85,-16,"Fremantle","2023",23
3,"Serong, Caleb",8,1,19,27,0,1,0,5,0,0,11,5,3,1,1,19,11,0,0,1,0,0,88,-16,"Fremantle","2023",23
1,"Sturt, Sam",4,1,5,9,0,0,0,0,0,2,0,2,0,1,0,4,6,0,0,1,0,0,82,-16,"Fremantle","2023",23
39,"Switkowski, Sam",6,3,10,16,2,0,0,6,1,2,2,3,1,1,0,6,11,0,0,1,0,1,81,-16,"Fremantle","2023",23
35,"Treacy, Josh",4,2,5,9,0,2,7,3,0,2,0,3,1,1,0,5,4,1,0,4,0,0,83,-16,"Fremantle","2023",23
34,"Wagner, Corey",12,6,8,20,0,0,0,7,4,1,0,1,1,0,0,6,14,0,0,1,0,0,88,-16,"Fremantle","2023",23
40,"Worner, Karl",3,3,2,5,0,0,0,0,1,0,0,1,0,0,0,0,5,0,0,0,0,0,78,-16,"Fremantle","2023",23
26,"Young, Hayden",10,4,9,19,0,1,0,7,1,4,2,0,2,0,0,11,9,0,0,3,0,0,74,-16,"Fremantle","2023",23
21,"Aliir, Aliir",11,9,3,14,0,0,0,3,4,0,0,2,0,1,0,4,11,1,0,8,0,0,100,16,"Port Adelaide","2023",23
14,"Bergman, Miles",7,5,8,15,0,0,0,2,1,2,2,4,1,1,0,10,5,2,0,4,0,0,85,16,"Port Adelaide","2023",23
0,"Boak, Travis",4,3,5,9,0,0,0,2,1,1,1,1,1,1,0,2,7,0,0,0,0,1,34,16,"Port Adelaide","2023",23
0,"Burton, Ryan",9,3,1,10,0,0,0,0,1,1,0,0,0,0,0,1,5,0,0,3,0,0,40,16,"Port Adelaide","2023",23
9,"Butters, Zak",14,3,17,31,1,0,0,5,1,3,3,4,2,0,3,11,21,0,0,1,0,0,77,16,"Port Adelaide","2023",23
33,"Byrne-Jones, Darcy",7,1,3,10,2,1,0,4,0,1,1,1,2,0,0,6,4,0,1,1,1,0,78,16,"Port Adelaide","2023",23
28,"Drew, Willem",8,1,10,18,0,1,0,4,1,2,7,3,0,1,0,12,9,0,0,4,0,1,79,16,"Port Adelaide","2023",23
7,"Duursma, Xavier",12,7,8,20,0,0,0,2,1,1,3,1,0,0,0,5,15,0,0,1,1,0,80,16,"Port Adelaide","2023",23
6,"Farrell, Kane",17,9,1,18,0,0,0,2,2,0,1,3,0,1,0,2,15,0,0,1,1,0,82,16,"Port Adelaide","2023",23
11,"Finlayson, Jeremy",13,2,5,18,2,3,1,0,0,3,2,3,0,1,0,9,9,1,2,0,0,1,85,16,"Port Adelaide","2023",23
25,"Hayes, Sam",2,1,4,6,0,0,34,0,0,1,3,2,0,1,0,4,2,0,0,1,0,0,81,16,"Port Adelaide","2023",23
18,"Horne-Francis, Jason",11,2,3,14,1,0,0,0,1,2,8,4,0,2,0,11,5,1,0,0,3,0,83,16,"Port Adelaide","2023",23
5,"Houston, Dan",9,8,5,14,0,1,0,1,1,1,1,0,0,0,0,2,13,0,0,2,0,1,88,16,"Port Adelaide","2023",23
1,"Jonas, Tom",6,5,6,12,0,0,0,4,3,0,1,2,0,0,0,5,7,0,0,5,0,0,70,16,"Port Adelaide","2023",23
34,"Jones, Lachie",9,5,2,11,0,0,0,2,3,0,0,3,1,2,0,4,8,1,0,1,0,0,90,16,"Port Adelaide","2023",23
30,"Lord, Ollie",4,0,3,7,1,0,1,0,0,0,0,0,1,0,0,5,2,0,0,4,0,0,77,16,"Port Adelaide","2023",23
4,"Marshall, Todd",13,9,2,15,0,0,0,0,0,3,0,4,0,1,0,5,10,1,4,2,0,2,88,16,"Port Adelaide","2023",23
41,"McEntee, Jed",4,3,6,10,1,0,0,3,1,2,0,2,1,1,0,4,6,1,1,0,0,1,74,16,"Port Adelaide","2023",23
2,"Powell-Pepper, Sam",10,5,3,13,2,0,0,3,0,4,1,4,0,2,0,3,10,0,2,1,0,0,90,16,"Port Adelaide","2023",23
15,"Rioli, Willie",5,5,6,11,1,0,0,1,0,2,0,1,0,0,0,6,8,0,2,5,0,1,89,16,"Port Adelaide","2023",23
20,"Rozee, Connor",17,5,7,24,0,2,0,3,4,5,1,5,1,2,2,4,22,0,0,0,0,0,81,16,"Port Adelaide","2023",23
23,"Williams, Dylan",20,10,0,20,0,0,0,1,10,1,0,3,0,2,0,2,16,0,0,0,0,0,81,16,"Port Adelaide","2023",23
16,"Wines, Ollie",14,10,11,25,0,0,0,4,1,5,4,5,2,2,0,8,17,0,0,1,0,1,70,16,"Port Adelaide","2023",23
