"Number","Player","Kicks","Marks","Handballs","Disposals","Goals","Behinds","Hitouts","Tackles","Rebounds50s","Inside50s","Clearances","Clangers","FreesFor","FreesAgainst","BrownlowVotes","ContestedPossessions","UncontestedPossessions","ContestedMarks","MarksInside50","OnePercenters","Bounces","GoalAssists","PercentagePlayed","PointDifference","Team","Season","Round"
11,"Aish, James",9,3,2,11,0,0,0,2,2,3,0,0,0,0,0,3,7,0,0,1,0,1,80,-49,"Fremantle","2023",6
0,"Amiss, Jye",1,0,1,2,1,0,0,0,0,0,0,0,1,0,0,2,0,0,0,0,0,0,51,-49,"Fremantle","2023",6
41,"Banfield, Bailey",7,4,5,12,0,1,0,0,0,5,1,0,0,0,0,5,7,1,1,1,1,1,88,-49,"Fremantle","2023",6
8,"Brayshaw, Andrew",15,0,8,23,0,0,0,11,1,4,3,4,0,2,0,7,14,0,0,1,0,0,76,-49,"Fremantle","2023",6
17,"Brodie, Will",6,0,20,26,0,0,0,4,0,3,6,3,1,0,0,12,15,0,0,2,0,0,67,-49,"Fremantle","2023",6
6,"Clark, Jordan",11,5,9,20,0,0,0,3,6,1,1,2,0,2,0,5,15,0,0,4,0,0,83,-49,"Fremantle","2023",6
0,"Corbett, Josh",2,3,2,4,0,0,0,0,0,0,0,0,0,0,0,2,2,2,0,0,0,0,33,-49,"Fremantle","2023",6
36,"Cox, Brennan",7,5,7,14,0,0,0,0,3,2,0,3,0,1,0,4,11,0,0,9,0,0,93,-49,"Fremantle","2023",6
4,"Darcy, Sean",6,5,6,12,1,1,53,3,1,2,3,3,1,2,0,13,3,5,2,3,0,0,82,-49,"Fremantle","2023",6
32,"Frederick, Michael",8,3,5,13,2,1,0,4,0,2,3,4,3,1,0,5,9,0,2,1,0,1,82,-49,"Fremantle","2023",6
15,"Hughes, Ethan",5,3,5,10,0,0,0,0,2,4,2,1,0,1,0,4,8,0,0,4,0,2,80,-49,"Fremantle","2023",6
9,"Jackson, Luke",6,2,3,9,1,1,9,1,0,2,1,1,2,0,0,5,4,1,0,2,0,0,82,-49,"Fremantle","2023",6
44,"Johnson, Matthew",7,5,3,10,0,1,0,1,1,1,0,2,0,2,0,3,8,0,0,0,0,1,76,-49,"Fremantle","2023",6
2,"OMeara, Jaeger",9,3,9,18,1,0,0,7,1,2,1,2,0,1,0,5,11,0,0,2,0,0,75,-49,"Fremantle","2023",6
25,"Pearce, Alex",8,5,1,9,0,0,0,2,3,0,1,6,1,3,0,5,5,1,0,7,0,0,100,-49,"Fremantle","2023",6
13,"Ryan, Luke",25,10,5,30,0,0,0,1,9,1,2,1,0,0,0,5,15,1,0,3,0,0,84,-49,"Fremantle","2023",6
5,"Schultz, Lachie",6,1,4,10,1,1,0,3,0,3,1,3,1,0,0,2,8,0,0,2,1,0,71,-49,"Fremantle","2023",6
3,"Serong, Caleb",9,3,26,35,0,0,0,6,5,3,10,2,2,0,0,19,18,0,0,0,0,0,88,-49,"Fremantle","2023",6
1,"Sturt, Sam",3,3,4,7,2,0,0,1,0,1,1,0,1,0,0,4,4,0,2,1,0,0,80,-49,"Fremantle","2023",6
34,"Wagner, Corey",14,5,4,18,0,0,0,0,3,2,1,2,0,1,0,3,13,0,0,2,0,0,74,-49,"Fremantle","2023",6
31,"Walker, Brandon",4,3,4,8,0,0,0,0,1,0,0,1,0,1,0,3,5,1,0,2,0,0,80,-49,"Fremantle","2023",6
10,"Walters, Michael",6,2,7,13,1,1,0,5,0,0,2,1,1,0,0,7,6,0,1,0,0,0,87,-49,"Fremantle","2023",6
26,"Young, Hayden",12,3,11,23,0,0,0,3,4,3,3,2,1,1,0,6,15,0,0,1,2,1,86,-49,"Fremantle","2023",6
13,"Baker, Oskar",10,6,5,15,0,1,0,0,2,6,0,0,0,0,0,1,15,0,1,1,3,0,81,49,"Western Bulldogs","2023",6
4,"Bontempelli, Marcus",16,6,15,31,2,0,0,10,3,7,8,2,0,0,3,18,16,2,2,6,0,1,83,49,"Western Bulldogs","2023",6
31,"Dale, Bailey",10,2,6,16,0,0,0,1,4,1,1,0,0,0,0,4,10,0,0,3,0,0,79,49,"Western Bulldogs","2023",6
35,"Daniel, Caleb",6,2,16,22,1,1,0,4,1,2,2,2,2,1,0,10,13,0,0,2,0,0,74,49,"Western Bulldogs","2023",6
15,"Duryea, Taylor",8,5,4,12,0,0,0,2,1,0,0,1,0,0,0,3,8,0,0,3,0,0,83,49,"Western Bulldogs","2023",6
44,"English, Tim",14,3,6,20,1,0,34,7,3,5,3,2,1,1,0,9,11,0,0,4,0,1,87,49,"Western Bulldogs","2023",6
39,"Johannisen, Jason",15,1,7,22,0,0,0,2,2,4,0,1,0,1,0,2,16,0,0,3,0,1,78,49,"Western Bulldogs","2023",6
32,"Jones, Arthur",5,0,4,9,0,1,0,2,0,3,0,1,1,0,0,4,5,0,0,0,4,0,77,49,"Western Bulldogs","2023",6
19,"Jones, Liam",8,7,2,10,0,0,0,0,3,3,0,3,0,2,0,4,6,3,0,6,0,0,97,49,"Western Bulldogs","2023",6
42,"Keath, Alex",5,4,5,10,0,0,0,1,1,1,0,2,1,1,0,5,7,1,0,9,0,0,95,49,"Western Bulldogs","2023",6
21,"Liberatore, Tom",8,3,17,25,1,0,0,8,0,2,7,3,1,3,0,16,10,0,0,1,0,0,74,49,"Western Bulldogs","2023",6
7,"Lobb, Rory",11,6,1,12,1,3,5,2,0,0,0,3,3,0,0,4,8,1,2,1,0,1,88,49,"Western Bulldogs","2023",6
11,"Macrae, Jack",12,1,17,29,0,0,0,7,0,9,14,2,1,1,0,20,12,1,0,1,0,0,78,49,"Western Bulldogs","2023",6
0,"McLean, Toby",2,3,10,12,0,0,0,2,0,1,1,4,0,3,0,3,10,0,0,1,0,0,54,49,"Western Bulldogs","2023",6
0,"McNeil, Lachlan",2,0,2,4,1,0,0,1,0,1,1,0,1,0,0,4,1,0,0,2,0,0,20,49,"Western Bulldogs","2023",6
33,"Naughton, Aaron",7,4,4,11,3,2,3,2,0,1,0,1,2,0,0,4,7,0,2,0,0,2,86,49,"Western Bulldogs","2023",6
22,"OBrien, Tim",8,5,0,8,0,0,0,1,3,1,0,1,0,1,0,2,6,1,0,6,0,0,87,49,"Western Bulldogs","2023",6
20,"Richards, Ed",8,1,8,16,0,0,0,1,7,0,0,3,0,0,0,6,7,0,0,2,0,0,88,49,"Western Bulldogs","2023",6
28,"Scott, Anthony",3,2,5,8,1,0,0,1,0,1,0,1,2,0,0,6,3,1,0,0,0,0,78,49,"Western Bulldogs","2023",6
1,"Treloar, Adam",16,4,19,35,2,0,0,1,2,4,4,4,1,1,2,12,23,0,1,1,3,2,82,49,"Western Bulldogs","2023",6
2,"Ugle-Hagan, Jamarra",11,10,5,16,0,3,0,0,0,4,0,1,0,0,0,7,9,3,5,0,0,0,80,49,"Western Bulldogs","2023",6
3,"Weightman, Cody",7,1,0,7,1,3,0,3,0,0,0,1,1,0,0,5,2,1,1,2,0,0,72,49,"Western Bulldogs","2023",6
34,"Williams, Bailey",15,5,8,23,3,0,0,0,2,4,2,3,1,0,1,5,18,0,2,1,0,1,78,49,"Western Bulldogs","2023",6
