"Number","Player","Kicks","Marks","Handballs","Disposals","Goals","Behinds","Hitouts","Tackles","Rebounds50s","Inside50s","Clearances","Clangers","FreesFor","FreesAgainst","BrownlowVotes","ContestedPossessions","UncontestedPossessions","ContestedMarks","MarksInside50","OnePercenters","Bounces","GoalAssists","PercentagePlayed","PointDifference","Team","Season","Round"
13,"Baker, Oskar",7,4,6,13,1,1,0,3,2,3,2,0,0,0,0,5,8,0,1,4,1,0,77,-7,"Western Bulldogs","2023",23
4,"Bontempelli, Marcus",18,3,14,32,1,0,0,10,2,5,12,2,3,0,2,21,14,0,1,4,1,1,87,-7,"Western Bulldogs","2023",23
31,"Dale, Bailey",18,1,7,25,0,1,0,2,3,3,2,1,0,0,0,4,16,0,0,0,1,0,82,-7,"Western Bulldogs","2023",23
35,"Daniel, Caleb",10,4,15,25,0,0,0,5,1,4,4,1,0,1,0,9,15,0,0,1,0,1,80,-7,"Western Bulldogs","2023",23
15,"Duryea, Taylor",4,1,2,6,0,0,0,6,1,1,0,0,0,0,0,1,4,0,0,1,0,0,69,-7,"Western Bulldogs","2023",23
44,"English, Tim",12,9,9,21,1,0,51,2,2,4,3,4,3,1,0,12,11,2,1,2,0,0,88,-7,"Western Bulldogs","2023",23
19,"Jones, Liam",9,5,5,14,0,0,0,2,3,0,0,2,2,0,0,8,7,0,0,12,0,0,100,-7,"Western Bulldogs","2023",23
42,"Keath, Alex",12,11,5,17,0,0,0,5,0,1,0,0,0,0,0,1,15,0,0,3,2,0,89,-7,"Western Bulldogs","2023",23
7,"Lobb, Rory",9,6,5,14,3,2,5,2,0,2,1,2,0,0,0,6,8,1,3,1,0,0,87,-7,"Western Bulldogs","2023",23
0,"Macrae, Jack",3,1,10,13,0,0,0,4,1,0,4,1,3,0,0,7,6,0,0,2,0,0,63,-7,"Western Bulldogs","2023",23
0,"McNeil, Lachlan",1,0,4,5,0,0,0,1,0,1,0,0,1,0,0,1,4,0,0,0,0,1,17,-7,"Western Bulldogs","2023",23
33,"Naughton, Aaron",6,2,9,15,1,2,1,5,0,1,0,4,0,2,0,7,9,0,1,1,0,2,79,-7,"Western Bulldogs","2023",23
18,"ODonnell, James",13,8,1,14,0,0,0,0,6,2,1,2,0,0,0,5,9,2,0,6,0,0,100,-7,"Western Bulldogs","2023",23
25,"Poulter, Caleb",7,5,10,17,0,0,0,2,1,1,1,3,1,1,0,6,11,0,0,3,0,0,72,-7,"Western Bulldogs","2023",23
20,"Richards, Ed",15,5,8,23,0,0,0,1,8,2,1,1,0,0,0,9,11,0,0,2,4,0,87,-7,"Western Bulldogs","2023",23
28,"Scott, Anthony",6,1,1,7,1,0,0,2,0,5,1,3,1,1,0,3,5,1,0,2,0,1,77,-7,"Western Bulldogs","2023",23
6,"Smith, Bailey",11,2,10,21,0,0,0,6,2,2,2,3,1,0,0,5,16,0,0,0,0,1,74,-7,"Western Bulldogs","2023",23
1,"Treloar, Adam",15,2,17,32,1,2,0,14,0,5,3,7,0,2,0,9,23,0,0,0,0,1,82,-7,"Western Bulldogs","2023",23
2,"Ugle-Hagan, Jamarra",4,2,3,7,1,1,0,2,0,1,0,2,0,1,0,4,4,0,2,2,0,0,81,-7,"Western Bulldogs","2023",23
23,"Vandermeer, Laitham",8,2,8,16,0,0,0,0,3,4,6,4,0,0,0,10,8,0,0,2,0,0,73,-7,"Western Bulldogs","2023",23
3,"Weightman, Cody",5,1,6,11,1,0,0,1,1,1,0,3,1,1,0,7,4,0,1,1,0,0,76,-7,"Western Bulldogs","2023",23
14,"West, Rhylee",7,2,4,11,1,1,0,1,0,3,0,2,0,1,0,4,7,0,1,0,0,2,73,-7,"Western Bulldogs","2023",23
34,"Williams, Bailey",5,2,6,11,0,1,0,2,0,2,1,0,0,0,0,5,6,0,0,0,2,0,86,-7,"Western Bulldogs","2023",23
12,"Allen, Oscar",14,9,4,18,3,3,0,2,0,2,1,2,0,0,0,6,12,1,3,4,0,1,88,7,"West Coast","2023",23
0,"Chesser, Campbell",6,2,4,10,0,0,0,2,0,3,2,2,0,1,0,4,7,0,0,0,1,0,56,7,"West Coast","2023",23
28,"Cole, Tom",11,5,6,17,0,0,0,4,0,1,0,3,0,1,0,6,10,2,0,4,0,0,90,7,"West Coast","2023",23
15,"Cripps, Jamie",10,3,7,17,5,0,0,8,0,3,4,4,1,0,3,7,10,0,3,0,2,1,89,7,"West Coast","2023",23
27,"Darling, Jack",7,7,6,13,2,0,0,4,0,1,0,0,0,0,0,7,7,1,2,2,0,0,100,7,"West Coast","2023",23
14,"Duggan, Liam",19,8,6,25,0,0,0,6,6,3,5,8,1,2,0,9,14,0,0,2,0,0,80,7,"West Coast","2023",23
16,"Edwards, Luke",10,4,6,16,0,0,0,2,1,0,2,3,0,0,0,3,12,0,1,0,0,0,83,7,"West Coast","2023",23
3,"Gaff, Andrew",11,6,12,23,0,0,0,6,3,3,1,2,0,0,0,5,17,0,0,0,1,0,86,7,"West Coast","2023",23
8,"Hewett, Elijah",7,2,12,19,0,1,0,3,1,4,5,4,0,1,0,12,7,0,0,1,0,0,71,7,"West Coast","2023",23
5,"Hunt, Jayden",11,6,4,15,1,1,0,5,4,3,0,2,1,1,0,3,14,0,1,2,0,0,92,7,"West Coast","2023",23
31,"Jones, Jamaine",8,4,5,13,0,0,0,2,3,3,0,3,0,0,0,2,11,0,0,1,0,0,76,7,"West Coast","2023",23
11,"Kelly, Tim",13,3,19,32,0,1,0,4,2,6,8,6,0,1,1,15,18,0,0,1,3,5,85,7,"West Coast","2023",23
44,"Long, Noah",5,2,8,13,0,1,0,6,1,4,2,2,0,1,0,7,6,0,0,0,0,2,80,7,"West Coast","2023",23
41,"Maric, Ryan",5,4,8,13,1,0,0,0,1,1,0,1,0,0,0,3,11,0,1,3,0,1,73,7,"West Coast","2023",23
20,"McGovern, Jeremy",14,9,8,22,0,0,0,1,4,0,0,1,1,1,0,6,13,1,0,4,0,0,83,7,"West Coast","2023",23
10,"Petrevski-Seton, Sam",10,3,6,16,0,1,0,7,1,3,2,1,0,0,0,5,11,0,1,0,0,2,70,7,"West Coast","2023",23
21,"Petruccelle, Jack",4,0,9,13,0,0,0,1,1,2,2,4,2,2,0,7,6,0,0,3,1,0,69,7,"West Coast","2023",23
35,"Rotham, Josh",12,9,3,15,0,0,0,4,2,1,0,3,0,0,0,1,14,0,0,6,0,0,94,7,"West Coast","2023",23
0,"Trew, Zane",4,0,3,7,1,0,0,2,0,1,1,2,0,1,0,2,6,0,0,1,1,0,23,7,"West Coast","2023",23
32,"Williams, Bailey",6,1,4,10,0,0,41,2,0,2,5,4,2,2,0,10,1,0,0,2,0,0,81,7,"West Coast","2023",23
34,"Williams, Jack",3,2,3,6,0,0,5,1,0,0,1,0,0,0,0,2,4,0,0,1,0,0,79,7,"West Coast","2023",23
23,"Witherden, Alex",13,3,9,22,0,0,0,1,8,0,0,3,3,0,0,8,10,0,0,5,1,0,93,7,"West Coast","2023",23
6,"Yeo, Elliot",13,4,3,16,1,0,0,2,1,4,6,5,0,2,0,7,7,0,0,5,1,1,59,7,"West Coast","2023",23
