"Number","Player","Kicks","Marks","Handballs","Disposals","Goals","Behinds","Hitouts","Tackles","Rebounds50s","Inside50s","Clearances","Clangers","FreesFor","FreesAgainst","BrownlowVotes","ContestedPossessions","UncontestedPossessions","ContestedMarks","MarksInside50","OnePercenters","Bounces","GoalAssists","PercentagePlayed","PointDifference","Team","Season","Round"
7,"Baker, Liam",12,2,8,20,1,0,0,1,1,3,3,7,0,3,0,10,12,1,2,3,0,1,79,20,"Richmond","2023",14
21,"Balta, Noah",14,6,3,17,0,0,0,0,8,1,0,2,1,1,0,9,8,3,0,6,0,0,93,20,"Richmond","2023",14
29,"Bolton, Shai",13,0,5,18,3,1,0,2,1,3,7,7,1,2,0,10,7,0,0,1,0,1,85,20,"Richmond","2023",14
35,"Broad, Nathan",11,3,6,17,0,0,0,2,5,1,0,2,2,0,0,7,10,0,0,8,0,0,92,20,"Richmond","2023",14
42,"Clarke, Judson",5,2,3,8,0,0,0,3,0,3,0,2,0,1,0,1,7,0,0,0,0,0,74,20,"Richmond","2023",14
9,"Cotchin, Trent",18,4,11,29,2,1,0,5,2,5,5,6,1,1,2,15,13,1,2,2,0,0,71,20,"Richmond","2023",14
34,"Graham, Jack",11,3,9,20,0,0,0,6,2,7,1,2,0,0,0,5,14,0,0,0,1,0,89,20,"Richmond","2023",14
2,"Grimes, Dylan",2,1,7,9,0,0,0,2,1,0,0,5,2,3,0,5,5,0,0,7,0,0,82,20,"Richmond","2023",14
4,"Martin, Dustin",22,2,13,35,0,3,0,3,2,8,6,7,1,0,0,11,17,0,0,2,0,1,89,20,"Richmond","2023",14
33,"McIntosh, Kamdyn",8,2,8,16,1,0,0,2,3,3,0,8,0,3,0,5,10,0,0,4,0,0,81,20,"Richmond","2023",14
46,"Miller, Ben",8,3,4,12,2,1,8,4,0,1,2,0,0,0,0,5,7,0,2,5,0,1,86,20,"Richmond","2023",14
25,"Nankervis, Toby",5,0,6,11,0,0,47,4,1,1,4,2,0,1,0,5,2,0,0,9,0,0,78,20,"Richmond","2023",14
3,"Prestia, Dion",14,2,11,25,0,0,0,6,1,4,7,7,0,3,0,12,12,0,0,3,0,0,81,20,"Richmond","2023",14
0,"Ralphsmith, Hugo",2,0,1,3,0,0,0,0,0,0,0,3,0,1,0,1,1,0,0,0,0,0,31,20,"Richmond","2023",14
8,"Riewoldt, Jack",5,0,3,8,0,1,0,6,0,1,0,5,1,2,0,7,1,0,0,3,0,0,87,20,"Richmond","2023",14
17,"Rioli, Daniel",9,3,16,25,0,0,0,1,3,1,4,1,1,1,1,9,17,0,0,2,1,1,84,20,"Richmond","2023",14
10,"Rioli, Maurice",5,2,1,6,0,1,0,4,0,2,0,0,0,0,0,3,4,0,0,1,0,1,70,20,"Richmond","2023",14
5,"Ross, Jack",11,5,5,16,0,1,0,3,2,4,1,2,0,0,0,6,10,0,1,3,0,1,83,20,"Richmond","2023",14
0,"Ryan, Samson",3,2,1,4,0,0,0,0,0,2,0,1,0,0,0,1,3,0,0,2,0,0,36,20,"Richmond","2023",14
15,"Short, Jayden",19,5,4,23,2,0,0,2,8,3,1,2,1,2,0,8,14,0,0,3,0,0,80,20,"Richmond","2023",14
14,"Taranto, Tim",21,1,17,38,1,1,0,10,0,4,6,11,0,0,3,18,14,0,0,0,0,1,88,20,"Richmond","2023",14
1,"Vlastuin, Nick",18,9,5,23,1,0,0,2,6,0,0,6,0,1,0,4,16,0,0,5,0,0,87,20,"Richmond","2023",14
45,"Young, Tylar",8,2,3,11,0,0,0,0,4,1,0,1,1,0,0,5,5,1,0,14,0,0,83,20,"Richmond","2023",14
26,"Battle, Josh",10,1,5,15,1,0,0,5,3,3,0,5,0,0,0,6,8,0,0,10,0,0,95,-20,"St Kilda","2023",14
16,"Butler, Dan",10,0,3,13,3,0,0,3,0,6,0,2,1,0,0,5,7,0,0,0,0,0,73,-20,"St Kilda","2023",14
13,"Byrnes, Ryan",5,2,5,10,1,0,0,0,2,1,2,3,0,1,0,4,8,0,0,2,0,0,86,-20,"St Kilda","2023",14
47,"Caminiti, Anthony",4,2,2,6,1,0,0,3,0,2,0,2,0,2,0,2,2,0,0,0,0,1,59,-20,"St Kilda","2023",14
5,"Crouch, Brad",17,4,16,33,0,1,0,3,1,4,5,6,1,0,0,17,15,0,1,1,0,0,69,-20,"St Kilda","2023",14
4,"Gresham, Jade",14,1,2,16,1,0,0,1,0,6,0,8,2,2,0,5,7,0,0,0,0,0,82,-20,"St Kilda","2023",14
22,"Higgins, Jack",7,2,4,11,2,0,0,2,0,2,1,2,2,0,0,5,5,0,0,3,0,1,84,-20,"St Kilda","2023",14
8,"Hill, Bradley",17,3,14,31,0,0,0,2,5,5,0,6,2,0,0,10,21,0,0,2,0,0,87,-20,"St Kilda","2023",14
0,"Howard, Dougal",5,3,9,14,0,0,0,1,2,0,0,3,1,0,0,7,5,0,0,11,0,0,66,-20,"St Kilda","2023",14
12,"King, Max",7,5,3,10,2,2,0,1,0,2,0,2,1,1,0,6,4,3,3,2,0,1,87,-20,"St Kilda","2023",14
19,"Marshall, Rowan",9,3,8,17,0,1,29,5,2,0,4,2,1,0,0,11,7,1,1,5,0,0,88,-20,"St Kilda","2023",14
10,"Owens, Mitch",2,1,5,7,0,0,6,8,0,1,0,1,0,1,0,6,2,0,0,2,0,0,85,-20,"St Kilda","2023",14
25,"Phillipou, Mattaes",10,4,8,18,0,0,0,2,0,4,3,3,2,0,0,9,9,1,1,2,0,1,76,-20,"St Kilda","2023",14
6,"Ross, Sebastian",16,2,9,25,0,0,0,1,1,7,4,3,0,0,0,9,15,0,0,0,1,1,75,-20,"St Kilda","2023",14
0,"Sharman, Cooper",3,0,0,3,0,0,0,1,1,1,0,0,1,0,0,2,1,0,0,11,0,0,32,-20,"St Kilda","2023",14
35,"Sinclair, Jack",21,4,10,31,0,0,0,2,7,2,7,7,0,1,0,10,14,1,0,3,0,0,83,-20,"St Kilda","2023",14
9,"Steele, Jack",5,0,16,21,0,0,0,4,1,1,4,6,0,1,0,12,10,0,0,2,0,0,77,-20,"St Kilda","2023",14
14,"Stocker, Liam",8,3,5,13,0,0,0,3,4,1,0,3,1,0,0,4,6,0,0,6,0,0,77,-20,"St Kilda","2023",14
7,"Wanganeen-Milera, Nasiah",18,1,4,22,0,0,0,3,4,2,1,10,1,1,0,9,9,0,0,5,0,0,80,-20,"St Kilda","2023",14
29,"Webster, Jimmy",10,6,3,13,0,0,0,3,2,1,0,2,1,1,0,5,8,0,0,2,0,0,66,-20,"St Kilda","2023",14
44,"Wilkie, Callum",16,4,1,17,0,0,0,5,6,2,0,6,2,1,0,6,10,0,0,7,0,0,100,-20,"St Kilda","2023",14
17,"Windhager, Marcus",12,1,8,20,0,0,0,7,1,4,4,4,2,0,0,9,12,0,0,1,0,0,86,-20,"St Kilda","2023",14
32,"Wood, Mason",12,1,6,18,0,0,0,5,2,4,3,6,4,0,0,14,5,0,0,6,0,0,86,-20,"St Kilda","2023",14
