"Number","Player","Kicks","Marks","Handballs","Disposals","Goals","Behinds","Hitouts","Tackles","Rebounds50s","Inside50s","Clearances","Clangers","FreesFor","FreesAgainst","BrownlowVotes","ContestedPossessions","UncontestedPossessions","ContestedMarks","MarksInside50","OnePercenters","Bounces","GoalAssists","PercentagePlayed","PointDifference","Team","Season","Round"
0,"Amartey, Joel",5,1,3,8,1,1,1,1,0,0,0,0,1,0,0,6,3,0,0,2,0,1,62,24,"Sydney","2023",22
22,"Blakey, Nick",17,8,7,24,0,0,0,1,10,3,0,2,2,0,0,6,11,3,0,7,4,0,85,24,"Sydney","2023",22
0,"Clarke, Ryan",0,0,1,1,0,0,0,0,0,0,0,0,0,0,0,0,1,0,0,0,0,1,8,24,"Sydney","2023",22
7,"Cunningham, Harry",6,5,3,9,1,0,0,2,2,1,2,1,0,0,0,2,8,0,1,4,1,1,89,24,"Sydney","2023",22
13,"Florent, Oliver",12,3,3,15,0,0,0,3,5,2,1,3,1,0,0,4,10,0,0,0,0,0,81,24,"Sydney","2023",22
42,"Fox, Robbie",8,3,4,12,0,0,0,1,2,2,1,5,0,2,0,3,9,0,0,1,1,1,83,24,"Sydney","2023",22
10,"Francis, Aaron",6,5,5,11,0,0,0,3,2,0,0,1,1,0,0,3,8,0,0,8,0,0,89,24,"Sydney","2023",22
21,"Gulden, Errol",12,3,7,19,0,0,0,8,3,6,3,4,0,1,0,10,9,0,0,1,0,0,93,24,"Sydney","2023",22
9,"Hayward, Will",8,3,8,16,4,0,0,5,0,1,0,3,2,0,1,11,5,1,2,1,0,1,91,24,"Sydney","2023",22
5,"Heeney, Isaac",9,6,8,17,2,0,0,3,0,3,2,3,1,1,0,11,6,2,2,1,0,1,80,24,"Sydney","2023",22
31,"Hickey, Tom",4,1,2,6,0,0,22,3,0,3,4,3,3,2,0,6,1,0,0,2,0,0,67,24,"Sydney","2023",22
44,"Lloyd, Jake",21,7,2,23,0,0,0,4,5,5,1,2,1,0,0,1,19,0,0,3,0,0,79,24,"Sydney","2023",22
30,"McCartin, Tom",6,7,5,11,0,0,0,0,2,0,0,0,0,0,0,1,10,0,0,8,1,0,93,24,"Sydney","2023",22
6,"McDonald, Logan",5,4,4,9,3,0,0,3,0,1,0,1,1,0,0,5,4,0,2,0,0,1,89,24,"Sydney","2023",22
2,"McLean, Hayden",11,5,4,15,2,0,6,5,1,4,4,1,4,1,0,7,9,1,1,4,0,0,77,24,"Sydney","2023",22
14,"Mills, Callum",7,1,9,16,0,1,0,6,2,3,2,2,2,0,0,12,7,0,0,2,0,0,85,24,"Sydney","2023",22
11,"Papley, Tom",17,2,7,24,1,1,0,3,0,5,5,3,1,0,0,9,14,0,1,1,1,4,87,24,"Sydney","2023",22
26,"Parker, Luke",7,0,13,20,0,0,0,7,0,3,7,0,0,0,2,12,10,0,0,3,0,1,86,24,"Sydney","2023",22
34,"Roberts, Matt",7,4,2,9,1,0,0,1,1,1,1,0,0,0,0,2,7,0,0,0,0,0,61,24,"Sydney","2023",22
8,"Rowbottom, James",11,1,7,18,1,0,0,8,2,1,4,0,1,0,0,7,12,0,0,2,0,2,65,24,"Sydney","2023",22
3,"Stephens, Dylan",7,4,9,16,0,0,0,6,1,1,2,3,2,0,0,9,8,0,0,0,0,0,85,24,"Sydney","2023",22
1,"Warner, Chad",16,2,12,28,2,0,0,4,2,7,7,12,0,4,3,15,15,0,0,1,0,1,85,24,"Sydney","2023",22
15,"Wicks, Sam",9,3,2,11,0,2,0,8,0,0,1,2,0,0,0,5,6,0,1,0,0,0,79,24,"Sydney","2023",22
9,"Ainsworth, Ben",12,4,5,17,0,2,0,3,2,5,2,5,1,1,0,8,9,0,1,1,0,0,79,-24,"Gold Coast","2023",22
15,"Anderson, Noah",17,3,5,22,1,0,0,5,1,4,4,4,1,1,0,9,10,0,0,1,3,0,84,-24,"Gold Coast","2023",22
31,"Andrew, Mac",6,4,2,8,0,0,0,3,1,1,1,4,1,2,0,5,4,1,0,4,0,0,88,-24,"Gold Coast","2023",22
2,"Atkins, Rory",14,2,8,22,0,0,0,1,6,2,1,2,0,1,0,2,16,0,0,3,3,1,79,-24,"Gold Coast","2023",22
10,"Ballard, Charlie",5,4,2,7,0,0,0,2,0,0,0,3,0,2,0,2,6,0,0,9,0,0,97,-24,"Gold Coast","2023",22
30,"Casboult, Levi",10,6,2,12,2,2,7,3,1,1,1,4,0,2,0,2,9,0,4,1,0,0,90,-24,"Gold Coast","2023",22
25,"Collins, Sam",4,2,4,8,0,0,0,2,2,2,0,3,1,1,0,5,4,0,0,12,0,0,93,-24,"Gold Coast","2023",22
12,"Day, Sam",4,4,3,7,0,0,0,0,0,1,0,2,0,1,0,4,3,2,2,1,0,0,77,-24,"Gold Coast","2023",22
4,"Ellis, Brandon",19,8,4,23,1,0,0,5,2,3,1,3,0,0,0,7,16,0,0,2,0,0,87,-24,"Gold Coast","2023",22
50,"Farrar, Jy",8,3,3,11,0,0,0,1,4,1,0,3,2,2,0,4,7,0,0,2,0,0,74,-24,"Gold Coast","2023",22
3,"Flanders, Sam",16,3,7,23,1,0,0,3,3,2,4,3,1,0,0,6,18,0,0,1,0,1,75,-24,"Gold Coast","2023",22
0,"Hollands, Elijah",2,0,6,8,0,0,0,4,0,2,1,2,0,0,0,4,5,0,0,1,0,0,50,-24,"Gold Coast","2023",22
7,"Holman, Nick",3,1,3,6,1,1,0,6,0,1,2,1,1,1,0,4,3,0,0,1,0,1,66,-24,"Gold Coast","2023",22
19,"Humphrey, Bailey",7,1,9,16,0,0,0,2,0,5,1,2,0,0,0,8,8,0,0,0,0,1,72,-24,"Gold Coast","2023",22
23,"Lemmens, Sean",9,2,1,10,0,0,0,2,4,0,1,3,2,1,0,6,5,0,0,3,0,0,75,-24,"Gold Coast","2023",22
13,"Lukosius, Jack",13,7,1,14,2,1,0,0,0,7,0,3,0,0,0,7,7,1,3,1,0,0,84,-24,"Gold Coast","2023",22
44,"Macpherson, Darcy",9,5,8,17,0,0,0,2,2,1,1,4,0,0,0,5,12,0,0,1,0,0,97,-24,"Gold Coast","2023",22
11,"Miller, Touk",12,3,10,22,1,0,0,2,1,5,3,5,0,0,0,9,11,0,1,0,0,1,91,-24,"Gold Coast","2023",22
41,"Rosas, Malcolm",7,2,4,11,3,1,0,3,1,0,1,1,0,0,0,6,6,0,1,0,0,1,71,-24,"Gold Coast","2023",22
18,"Rowell, Matt",9,3,16,25,0,0,0,6,1,4,9,2,0,1,0,18,9,0,0,2,0,2,85,-24,"Gold Coast","2023",22
24,"Swallow, David",9,5,7,16,0,0,0,7,1,4,2,2,0,0,0,9,9,1,0,3,0,0,67,-24,"Gold Coast","2023",22
0,"Tsitas, James",4,5,4,8,1,0,0,2,0,2,0,1,0,1,0,2,6,0,1,0,0,0,30,-24,"Gold Coast","2023",22
28,"Witts, Jarrod",9,3,8,17,0,0,47,2,1,1,8,9,1,5,0,11,9,0,0,4,0,0,89,-24,"Gold Coast","2023",22
