"Number","Player","Kicks","Marks","Handballs","Disposals","Goals","Behinds","Hitouts","Tackles","Rebounds50s","Inside50s","Clearances","Clangers","FreesFor","FreesAgainst","BrownlowVotes","ContestedPossessions","UncontestedPossessions","ContestedMarks","MarksInside50","OnePercenters","Bounces","GoalAssists","PercentagePlayed","PointDifference","Team","Season","Round"
26,"Battle, Josh",10,8,3,13,0,0,0,2,1,2,0,0,0,0,0,1,11,1,0,4,0,1,90,36,"St Kilda","2023",22
16,"Butler, Dan",7,2,2,9,0,0,0,7,0,5,2,7,1,3,0,4,6,0,0,1,2,1,79,36,"St Kilda","2023",22
0,"Clark, Hunter",4,1,1,5,0,0,0,4,0,2,0,2,0,1,0,0,5,0,0,1,0,0,21,36,"St Kilda","2023",22
21,"Cordy, Zaine",9,7,5,14,0,0,1,2,1,1,0,1,1,0,0,5,10,2,0,8,0,0,85,36,"St Kilda","2023",22
5,"Crouch, Brad",5,2,14,19,0,0,0,6,1,2,3,5,1,2,0,5,16,0,0,0,0,0,74,36,"St Kilda","2023",22
4,"Gresham, Jade",13,2,9,22,3,1,0,6,0,3,2,7,0,0,0,6,15,0,2,0,0,2,84,36,"St Kilda","2023",22
22,"Higgins, Jack",8,5,7,15,1,1,0,3,0,2,0,1,3,0,0,6,8,0,1,0,0,1,81,36,"St Kilda","2023",22
8,"Hill, Bradley",11,4,7,18,0,0,0,2,1,4,0,2,1,0,0,6,12,0,0,0,1,2,87,36,"St Kilda","2023",22
12,"King, Max",8,4,0,8,6,1,0,0,0,1,0,1,2,1,3,3,5,0,3,0,0,0,78,36,"St Kilda","2023",22
19,"Marshall, Rowan",12,9,11,23,1,0,20,6,0,5,4,4,2,2,0,9,14,1,1,2,0,0,84,36,"St Kilda","2023",22
28,"Membrey, Tim",8,5,7,15,0,1,0,2,1,2,0,1,1,1,0,6,9,1,1,3,0,1,88,36,"St Kilda","2023",22
10,"Owens, Mitch",9,5,5,14,1,0,1,6,1,4,2,4,1,0,0,5,10,0,1,3,0,1,85,36,"St Kilda","2023",22
25,"Phillipou, Mattaes",7,3,7,14,1,0,0,5,0,2,2,2,3,0,0,5,9,0,1,0,0,0,67,36,"St Kilda","2023",22
6,"Ross, Sebastian",18,8,7,25,0,0,0,7,4,4,5,2,2,0,0,10,18,0,1,5,0,0,71,36,"St Kilda","2023",22
0,"Sharman, Cooper",7,4,2,9,1,0,0,2,1,4,1,2,3,0,0,5,5,0,0,1,0,1,58,36,"St Kilda","2023",22
35,"Sinclair, Jack",25,10,8,33,0,0,0,0,11,1,0,2,0,0,2,4,25,0,0,1,1,0,85,36,"St Kilda","2023",22
9,"Steele, Jack",8,6,15,23,0,1,0,5,1,4,5,3,1,1,0,11,13,0,1,1,0,0,84,36,"St Kilda","2023",22
14,"Stocker, Liam",16,9,7,23,0,1,0,1,4,3,0,1,1,0,0,2,18,0,0,2,0,0,78,36,"St Kilda","2023",22
7,"Wanganeen-Milera, Nasiah",16,9,11,27,0,0,0,3,3,1,1,6,0,2,1,5,19,1,0,0,2,0,83,36,"St Kilda","2023",22
29,"Webster, Jimmy",6,5,5,11,0,0,0,0,3,1,0,1,0,1,0,2,9,0,0,2,0,0,83,36,"St Kilda","2023",22
44,"Wilkie, Callum",15,11,4,19,0,0,0,0,4,1,0,1,0,0,0,7,14,2,0,6,1,0,100,36,"St Kilda","2023",22
17,"Windhager, Marcus",10,4,9,19,0,1,0,1,1,2,0,1,0,0,0,5,14,1,1,0,1,0,69,36,"St Kilda","2023",22
32,"Wood, Mason",11,5,8,19,0,0,0,1,2,2,3,2,0,0,0,5,15,0,0,2,0,1,86,36,"St Kilda","2023",22
7,"Baker, Liam",10,4,6,16,2,1,0,1,1,3,1,1,1,0,0,7,10,0,3,0,0,1,80,-36,"Richmond","2023",22
21,"Balta, Noah",11,5,0,11,0,1,0,1,7,1,0,3,1,2,0,1,8,0,1,1,1,0,94,-36,"Richmond","2023",22
43,"Bauer, Jacob",6,4,3,9,2,0,0,0,0,0,0,4,1,1,0,3,6,2,2,1,0,0,89,-36,"Richmond","2023",22
29,"Bolton, Shai",11,2,12,23,1,1,0,5,1,5,3,4,1,0,0,12,11,1,0,1,0,1,88,-36,"Richmond","2023",22
35,"Broad, Nathan",11,9,11,22,1,0,0,2,1,1,0,4,1,2,0,7,16,0,0,1,0,0,92,-36,"Richmond","2023",22
26,"Coulthard, Matthew",5,5,2,7,0,0,0,1,0,2,0,1,0,0,0,2,5,0,1,2,0,0,72,-36,"Richmond","2023",22
27,"Dow, Thomson",10,6,11,21,0,1,0,1,1,3,4,3,1,1,0,8,13,1,2,0,0,1,74,-36,"Richmond","2023",22
34,"Graham, Jack",5,1,7,12,0,0,0,7,1,2,2,0,1,0,0,6,6,0,0,1,0,0,73,-36,"Richmond","2023",22
2,"Grimes, Dylan",3,1,5,8,0,0,0,3,2,1,0,3,1,2,0,1,7,0,0,5,0,0,79,-36,"Richmond","2023",22
0,"Mansell, Rhyan",4,2,1,5,0,0,0,0,0,1,0,0,0,0,0,2,3,0,1,1,0,0,27,-36,"Richmond","2023",22
4,"Martin, Dustin",12,6,14,26,0,2,0,3,0,7,5,6,0,2,0,13,14,1,1,0,0,2,76,-36,"Richmond","2023",22
33,"McIntosh, Kamdyn",12,4,9,21,0,0,0,2,2,3,0,3,0,0,0,3,18,0,0,1,0,0,78,-36,"Richmond","2023",22
25,"Nankervis, Toby",9,3,7,16,0,1,28,7,1,1,3,1,2,0,0,6,7,0,0,3,0,0,84,-36,"Richmond","2023",22
50,"Pickett, Marlion",5,4,6,11,0,0,1,0,0,1,1,3,0,2,0,3,9,0,0,2,0,0,79,-36,"Richmond","2023",22
3,"Prestia, Dion",9,5,13,22,0,0,0,1,0,1,2,4,1,2,0,6,19,0,1,2,0,0,80,-36,"Richmond","2023",22
8,"Riewoldt, Jack",4,4,2,6,1,1,0,0,0,0,1,0,0,0,0,3,3,2,2,4,0,0,76,-36,"Richmond","2023",22
17,"Rioli, Daniel",8,3,10,18,0,0,0,4,1,0,0,2,0,2,0,3,15,0,0,0,1,0,71,-36,"Richmond","2023",22
5,"Ross, Jack",11,3,7,18,0,1,0,3,2,6,3,1,0,0,0,7,10,0,0,3,1,0,87,-36,"Richmond","2023",22
15,"Short, Jayden",21,7,5,26,0,0,0,2,9,5,1,3,0,1,0,4,21,1,0,0,2,0,76,-36,"Richmond","2023",22
0,"Soldo, Ivan",2,3,3,5,0,0,13,2,0,1,0,2,0,2,0,1,4,0,0,2,0,0,52,-36,"Richmond","2023",22
14,"Taranto, Tim",15,3,9,24,1,0,0,7,3,2,3,3,0,2,0,6,19,0,1,0,0,1,85,-36,"Richmond","2023",22
1,"Vlastuin, Nick",15,8,4,19,0,0,0,3,2,1,0,5,3,2,0,6,13,0,0,6,0,0,96,-36,"Richmond","2023",22
45,"Young, Tylar",4,2,6,10,0,0,0,1,7,1,0,0,0,0,0,8,3,2,0,7,0,0,93,-36,"Richmond","2023",22
