"Number","Player","Kicks","Marks","Handballs","Disposals","Goals","Behinds","Hitouts","Tackles","Rebounds50s","Inside50s","Clearances","Clangers","FreesFor","FreesAgainst","BrownlowVotes","ContestedPossessions","UncontestedPossessions","ContestedMarks","MarksInside50","OnePercenters","Bounces","GoalAssists","PercentagePlayed","PointDifference","Team","Season","Round"
13,"Acres, Blake",14,6,11,25,1,0,0,4,5,4,3,7,0,3,2,8,18,1,1,1,0,0,81,4,"Carlton","2023",22
39,"Cincotta, Alex",8,4,3,11,0,0,0,4,3,2,0,1,1,0,0,6,6,1,0,1,0,0,87,4,"Carlton","2023",22
46,"Cottrell, Matthew",9,3,4,13,0,0,0,3,3,4,0,1,0,0,0,4,7,0,0,1,0,0,94,4,"Carlton","2023",22
9,"Cripps, Patrick",13,3,16,29,1,0,0,9,1,3,5,3,1,1,3,10,15,0,0,1,0,1,79,4,"Carlton","2023",22
28,"Cuningham, David",6,1,7,13,0,1,0,7,0,3,0,5,1,1,0,4,9,0,1,1,0,0,67,4,"Carlton","2023",22
30,"Curnow, Charlie",10,7,0,10,2,0,0,0,0,3,0,3,1,2,0,3,7,2,3,3,0,1,100,4,"Carlton","2023",22
0,"Curnow, Ed",1,0,1,2,0,0,0,3,0,0,1,0,0,0,0,1,1,0,0,0,0,0,17,4,"Carlton","2023",22
12,"De Koning, Tom",7,2,10,17,1,0,15,1,1,2,4,8,2,3,0,14,4,0,1,6,0,0,84,4,"Carlton","2023",22
0,"Docherty, Sam",13,4,9,22,1,1,0,4,3,2,5,2,0,0,0,10,10,0,0,1,0,0,59,4,"Carlton","2023",22
2,"Dow, Paddy",12,2,8,20,0,0,0,7,0,5,4,1,1,0,0,7,12,0,0,1,0,1,65,4,"Carlton","2023",22
25,"Fisher, Zac",14,0,10,24,0,0,0,1,1,1,0,3,0,1,0,4,15,0,0,2,0,0,81,4,"Carlton","2023",22
8,"Fogarty, Lachie",11,3,7,18,0,0,0,7,0,3,2,2,1,0,0,4,12,0,1,1,0,1,85,4,"Carlton","2023",22
29,"Hewett, George",16,1,17,33,0,1,0,6,2,4,8,2,1,0,0,23,10,1,1,0,0,0,81,4,"Carlton","2023",22
14,"Hollands, Oliver",4,1,6,10,0,0,0,4,1,2,2,1,0,1,0,2,9,0,0,3,0,2,76,4,"Carlton","2023",22
17,"Kemp, Brodie",12,8,7,19,0,0,0,3,4,1,1,1,1,1,0,8,11,1,0,12,0,0,88,4,"Carlton","2023",22
22,"Marchbank, Caleb",6,4,4,10,0,0,0,2,3,1,0,3,0,0,0,2,8,0,0,8,0,0,77,4,"Carlton","2023",22
21,"Martin, Jack",6,3,9,15,1,0,0,4,0,1,2,1,2,0,0,6,9,0,1,0,0,0,84,4,"Carlton","2023",22
3,"Motlop, Jesse",3,3,3,6,0,0,0,3,0,3,0,1,0,0,0,2,4,0,0,0,0,0,77,4,"Carlton","2023",22
24,"Newman, Nic",27,9,6,33,0,0,0,4,3,1,3,4,2,0,0,10,20,0,0,3,0,0,84,4,"Carlton","2023",22
44,"Owies, Matthew",6,2,2,8,2,1,0,1,0,1,0,2,2,1,0,4,4,0,1,2,0,0,83,4,"Carlton","2023",22
27,"Pittonet, Marc",2,0,4,6,0,0,14,4,0,0,2,2,0,1,0,6,0,0,0,5,0,0,66,4,"Carlton","2023",22
42,"Saad, Adam",19,5,6,25,0,0,0,5,6,3,0,1,0,0,0,6,15,0,0,4,1,0,87,4,"Carlton","2023",22
23,"Weitering, Jacob",17,8,0,17,0,0,0,1,4,4,1,5,1,2,0,4,12,0,0,6,0,0,100,4,"Carlton","2023",22
17,"Bowey, Jake",6,1,4,10,0,0,0,4,2,0,0,3,1,1,0,6,3,0,0,2,0,0,71,-4,"Melbourne","2023",22
10,"Brayshaw, Angus",12,4,19,31,0,0,0,9,4,3,6,3,0,0,0,16,14,1,0,5,0,0,84,-4,"Melbourne","2023",22
37,"Chandler, Kade",2,1,6,8,1,1,0,1,0,1,0,1,0,0,0,2,6,0,1,1,0,1,66,-4,"Melbourne","2023",22
11,"Gawn, Max",7,2,4,11,0,0,47,1,2,2,1,5,4,2,0,9,4,1,0,6,0,0,82,-4,"Melbourne","2023",22
6,"Grundy, Brodie",4,1,5,9,0,0,11,2,0,3,0,4,1,3,0,5,5,0,0,1,0,0,60,-4,"Melbourne","2023",22
0,"Hibberd, Michael",1,1,1,2,0,0,0,0,0,0,0,0,0,0,0,1,1,0,0,4,0,0,36,-4,"Melbourne","2023",22
12,"Hunter, Lachie",12,4,15,27,0,0,0,5,2,3,5,7,1,0,0,12,13,0,0,2,0,0,93,-4,"Melbourne","2023",22
0,"Jordon, James",4,0,7,11,0,0,0,2,0,2,2,2,0,0,0,4,7,0,0,0,0,0,46,-4,"Melbourne","2023",22
15,"Langdon, Ed",16,3,6,22,1,0,0,3,2,6,2,4,0,0,0,5,14,0,1,1,0,1,97,-4,"Melbourne","2023",22
8,"Lever, Jake",7,4,9,16,0,0,0,0,7,1,0,1,1,1,0,7,9,0,0,4,0,0,100,-4,"Melbourne","2023",22
1,"May, Steven",13,3,2,15,0,0,0,1,7,2,0,4,2,1,0,4,6,1,0,11,0,0,100,-4,"Melbourne","2023",22
41,"McVee, Judd",10,2,3,13,0,0,0,2,4,2,0,3,0,1,0,5,7,0,0,3,0,0,78,-4,"Melbourne","2023",22
18,"Melksham, Jake",5,1,1,6,0,0,0,2,0,1,0,2,0,0,0,0,6,0,0,2,0,2,80,-4,"Melbourne","2023",22
30,"Neal-Bullen, Alex",10,3,3,13,1,1,0,4,0,0,1,2,0,1,0,4,10,0,1,0,0,0,71,-4,"Melbourne","2023",22
13,"Oliver, Clayton",14,3,13,27,0,0,0,13,1,4,10,5,0,1,0,14,13,0,0,3,0,0,81,-4,"Melbourne","2023",22
5,"Petracca, Christian",10,4,14,24,2,2,0,3,0,5,4,1,0,0,0,10,12,0,2,1,0,0,92,-4,"Melbourne","2023",22
36,"Pickett, Kysaiah",7,3,4,11,1,0,0,7,0,1,0,2,1,0,0,8,3,1,0,1,0,1,78,-4,"Melbourne","2023",22
24,"Rivers, Trent",13,6,7,20,0,0,0,2,4,4,4,1,1,1,0,8,11,1,0,2,1,1,71,-4,"Melbourne","2023",22
3,"Salem, Christian",16,1,8,24,0,0,0,6,5,2,4,5,0,1,0,6,15,0,0,2,0,0,89,-4,"Melbourne","2023",22
29,"Smith, Joel",3,1,2,5,1,0,0,3,1,0,0,1,0,1,0,4,1,1,1,6,0,0,85,-4,"Melbourne","2023",22
32,"Sparrow, Tom",9,4,3,12,1,1,0,4,1,3,1,5,1,2,0,5,8,0,0,0,0,0,79,-4,"Melbourne","2023",22
2,"van Rooyen, Jacob",4,3,3,7,0,2,1,3,0,2,0,1,1,1,0,4,3,2,1,1,0,0,80,-4,"Melbourne","2023",22
7,"Viney, Jack",18,5,13,31,0,0,0,11,2,1,5,12,3,0,1,17,14,0,0,2,0,0,82,-4,"Melbourne","2023",22
