"Number","Player","Kicks","Marks","Handballs","Disposals","Goals","Behinds","Hitouts","Tackles","Rebounds50s","Inside50s","Clearances","Clangers","FreesFor","FreesAgainst","BrownlowVotes","ContestedPossessions","UncontestedPossessions","ContestedMarks","MarksInside50","OnePercenters","Bounces","GoalAssists","PercentagePlayed","PointDifference","Team","Season","Round"
16,"Bonar, Aiden",2,2,7,9,0,0,0,2,0,0,0,2,0,2,0,4,5,0,0,2,0,0,88,-23,"North Melbourne","2023",4
30,"Comben, Charlie",0,1,5,5,0,0,0,3,0,0,0,2,0,2,0,3,2,0,0,1,0,0,83,-23,"North Melbourne","2023",4
4,"Corr, Aidan",7,2,6,13,0,0,0,0,3,2,0,1,1,1,0,4,9,0,0,8,0,0,96,-23,"North Melbourne","2023",4
0,"Cunnington, Ben",3,0,7,10,0,0,0,2,0,1,0,1,0,1,0,7,4,0,0,2,0,0,46,-23,"North Melbourne","2023",4
25,"Curtis, Paul",5,3,4,9,1,1,0,1,1,2,0,2,1,1,0,3,6,0,0,1,0,0,70,-23,"North Melbourne","2023",4
9,"Davies-Uniacke, Luke",10,4,20,30,0,0,0,1,2,4,3,3,5,0,0,12,18,0,0,1,2,1,87,-23,"North Melbourne","2023",4
22,"Goldstein, Todd",7,2,9,16,0,0,32,1,2,3,5,1,1,0,0,9,9,0,0,3,0,0,90,-23,"North Melbourne","2023",4
0,"Greenwood, Hugh",3,2,8,11,0,1,0,4,0,2,4,1,0,0,0,7,4,0,1,1,0,0,30,-23,"North Melbourne","2023",4
15,"Howe, Daniel",11,3,7,18,0,0,0,1,4,2,1,2,0,0,0,5,11,0,0,5,0,1,75,-23,"North Melbourne","2023",4
20,"Larkey, Nick",4,2,1,5,0,1,0,1,0,1,0,2,0,0,0,3,2,1,1,0,0,0,87,-23,"North Melbourne","2023",4
11,"McDonald, Luke",15,8,7,22,0,0,0,0,3,2,1,1,1,1,0,6,13,2,0,9,0,0,94,-23,"North Melbourne","2023",4
29,"Phillips, Will",5,2,12,17,1,0,0,4,0,3,5,3,2,1,0,9,8,0,0,0,0,1,73,-23,"North Melbourne","2023",4
24,"Powell, Tom",7,0,8,15,1,1,0,1,0,5,2,4,0,0,0,4,12,0,0,0,0,1,74,-23,"North Melbourne","2023",4
8,"Scott, Bailey",11,3,11,22,0,0,0,0,3,2,1,2,1,0,0,3,19,0,0,4,1,0,83,-23,"North Melbourne","2023",4
3,"Sheezel, Harry",16,5,21,37,0,1,0,3,4,4,3,1,1,0,0,8,26,0,0,1,0,0,84,-23,"North Melbourne","2023",4
14,"Shiels, Liam",9,2,7,16,0,0,0,7,3,2,3,5,1,2,0,6,11,0,0,2,0,0,77,-23,"North Melbourne","2023",4
12,"Simpkin, Jy",13,2,16,29,1,0,0,4,0,5,6,5,1,2,0,16,13,0,1,1,0,1,90,-23,"North Melbourne","2023",4
2,"Stephenson, Jaidyn",10,5,4,14,3,0,0,1,1,5,2,3,0,2,0,5,10,0,2,0,2,0,77,-23,"North Melbourne","2023",4
5,"Taylor, Curtis",14,8,4,18,1,2,0,1,2,1,0,3,0,1,0,1,17,0,2,2,0,0,77,-23,"North Melbourne","2023",4
13,"Tucker, Darcy",12,5,12,24,0,0,0,1,2,4,1,2,0,0,0,5,18,2,0,1,2,1,79,-23,"North Melbourne","2023",4
28,"Turner, Kayne",4,4,2,6,0,0,0,2,0,1,0,1,0,0,0,2,4,1,0,2,0,1,72,-23,"North Melbourne","2023",4
7,"Ziebell, Jack",21,7,8,29,0,0,0,1,6,0,1,7,2,2,0,5,19,0,0,5,0,0,82,-23,"North Melbourne","2023",4
44,"Zurhaar, Cameron",14,2,3,17,3,4,0,3,0,3,3,7,3,3,0,7,9,0,2,1,0,1,87,-23,"North Melbourne","2023",4
0,"Carroll, Jack",1,0,3,4,0,0,0,1,0,0,1,0,0,0,0,2,2,0,0,0,0,0,14,23,"Carlton","2023",4
5,"Cerra, Adam",11,1,7,18,0,1,0,7,1,4,3,5,2,4,0,7,12,0,0,1,0,0,64,23,"Carlton","2023",4
26,"Cowan, Lachlan",6,3,3,9,0,0,0,2,1,2,0,0,1,0,0,1,8,0,0,0,0,0,67,23,"Carlton","2023",4
9,"Cripps, Patrick",6,3,24,30,0,1,0,5,1,4,9,4,1,1,2,22,9,1,0,0,0,0,85,23,"Carlton","2023",4
30,"Curnow, Charlie",16,9,0,16,6,2,0,0,0,3,1,1,4,1,3,10,6,4,2,2,0,0,98,23,"Carlton","2023",4
35,"Curnow, Ed",9,3,8,17,0,0,0,4,1,4,1,2,0,1,0,4,14,0,0,2,0,2,87,23,"Carlton","2023",4
12,"De Koning, Tom",4,6,7,11,1,0,6,1,0,3,1,2,0,0,0,4,8,1,0,1,0,0,67,23,"Carlton","2023",4
15,"Docherty, Sam",9,3,10,19,0,0,0,4,3,1,1,3,2,0,0,7,12,0,0,1,0,0,89,23,"Carlton","2023",4
19,"Durdin, Corey",6,1,5,11,1,2,0,6,0,1,0,1,1,1,0,5,6,0,0,1,0,1,76,23,"Carlton","2023",4
25,"Fisher, Zac",9,4,19,28,0,0,0,0,3,3,5,3,1,0,0,9,20,0,0,1,0,0,77,23,"Carlton","2023",4
29,"Hewett, George",6,3,9,15,0,0,0,2,0,1,1,0,0,0,0,6,10,0,0,1,0,0,71,23,"Carlton","2023",4
14,"Hollands, Oliver",12,2,3,15,0,0,0,1,3,4,0,5,2,0,0,5,11,0,0,2,0,0,89,23,"Carlton","2023",4
36,"Honey, Josh",9,6,0,9,1,0,0,0,0,3,0,1,0,0,0,1,9,0,1,0,0,0,69,23,"Carlton","2023",4
0,"McGovern, Mitch",19,6,8,27,0,0,0,1,5,1,0,3,1,1,0,10,11,1,0,3,0,0,73,23,"Carlton","2023",4
10,"McKay, Harry",15,14,1,16,4,1,0,2,0,3,0,4,0,1,1,5,11,4,6,1,0,2,97,23,"Carlton","2023",4
3,"Motlop, Jesse",10,4,3,13,2,1,0,3,0,6,0,4,1,3,0,2,10,0,2,0,0,1,81,23,"Carlton","2023",4
24,"Newman, Nic",15,8,3,18,0,0,0,2,6,1,0,2,0,0,0,0,16,0,0,1,0,0,89,23,"Carlton","2023",4
4,"OBrien, Lochie",10,4,5,15,0,0,0,3,2,1,2,6,0,2,0,5,10,0,0,1,0,1,84,23,"Carlton","2023",4
27,"Pittonet, Marc",8,2,3,11,0,0,30,2,0,2,4,3,1,1,0,8,3,0,0,3,0,0,69,23,"Carlton","2023",4
42,"Saad, Adam",17,6,8,25,0,0,0,0,5,2,1,1,0,0,0,7,14,0,0,0,1,0,84,23,"Carlton","2023",4
1,"Silvagni, Jack",10,7,6,16,1,0,0,4,1,2,0,4,1,1,0,5,11,1,1,4,0,1,76,23,"Carlton","2023",4
23,"Weitering, Jacob",13,12,2,15,0,0,0,2,4,0,0,1,1,1,0,3,12,1,0,11,0,0,97,23,"Carlton","2023",4
33,"Young, Lewis",18,10,4,22,0,0,0,0,6,1,0,5,2,2,0,4,15,1,0,12,0,0,98,23,"Carlton","2023",4
