"Number","Player","Kicks","Marks","Handballs","Disposals","Goals","Behinds","Hitouts","Tackles","Rebounds50s","Inside50s","Clearances","Clangers","FreesFor","FreesAgainst","BrownlowVotes","ContestedPossessions","UncontestedPossessions","ContestedMarks","MarksInside50","OnePercenters","Bounces","GoalAssists","PercentagePlayed","PointDifference","Team","Season","Round"
13,"Acres, Blake",8,2,9,17,0,0,0,2,1,0,0,3,1,0,0,6,12,0,0,3,1,0,78,-20,"Carlton","2023",9
5,"Cerra, Adam",7,1,13,20,0,0,0,3,0,2,2,3,0,0,0,11,10,0,0,3,0,0,75,-20,"Carlton","2023",9
39,"Cincotta, Alex",3,1,6,9,0,0,0,1,1,2,3,2,0,2,0,4,5,0,0,3,0,0,72,-20,"Carlton","2023",9
46,"Cottrell, Matthew",12,4,4,16,0,0,0,2,2,3,1,1,1,0,0,10,9,1,1,2,0,2,78,-20,"Carlton","2023",9
9,"Cripps, Patrick",16,2,10,26,0,1,0,0,1,3,6,7,1,1,0,14,11,0,0,0,0,1,84,-20,"Carlton","2023",9
30,"Curnow, Charlie",9,7,4,13,2,3,0,0,0,2,0,1,1,1,0,7,6,2,2,2,0,0,97,-20,"Carlton","2023",9
0,"Curnow, Ed",2,0,0,2,0,0,0,0,1,0,0,0,0,0,0,0,2,0,0,0,0,0,24,-20,"Carlton","2023",9
15,"Docherty, Sam",13,8,13,26,0,0,0,6,6,3,2,4,2,1,0,3,23,0,0,1,0,0,85,-20,"Carlton","2023",9
19,"Durdin, Corey",8,3,2,10,1,0,0,0,1,2,0,0,1,0,0,4,6,0,1,0,0,0,64,-20,"Carlton","2023",9
29,"Hewett, George",8,2,12,20,1,0,0,3,1,2,3,2,0,0,0,11,9,0,0,1,0,0,73,-20,"Carlton","2023",9
0,"Hollands, Oliver",8,4,5,13,0,0,0,3,0,4,1,0,1,0,0,4,8,0,0,2,0,1,57,-20,"Carlton","2023",9
7,"Kennedy, Matthew",16,3,11,27,0,1,0,6,2,4,8,5,0,3,0,11,15,0,0,0,0,0,78,-20,"Carlton","2023",9
11,"McGovern, Mitch",11,1,3,14,0,0,0,4,5,0,0,2,0,0,0,2,7,0,0,7,0,0,78,-20,"Carlton","2023",9
10,"McKay, Harry",12,9,3,15,0,2,0,3,0,7,0,0,4,0,0,5,10,1,2,4,0,0,89,-20,"Carlton","2023",9
3,"Motlop, Jesse",6,1,2,8,0,0,0,2,0,1,1,3,2,0,0,3,5,0,1,1,0,0,76,-20,"Carlton","2023",9
24,"Newman, Nic",14,8,9,23,0,0,0,5,2,3,0,3,1,2,0,8,14,1,0,7,0,0,87,-20,"Carlton","2023",9
44,"Owies, Matthew",6,5,2,8,3,0,0,1,1,0,0,1,0,0,0,4,5,0,3,2,0,1,73,-20,"Carlton","2023",9
27,"Pittonet, Marc",5,0,3,8,0,0,48,2,0,0,5,2,3,1,0,7,3,0,0,2,0,0,78,-20,"Carlton","2023",9
42,"Saad, Adam",16,4,7,23,0,0,0,0,4,2,0,2,0,1,0,9,10,2,0,3,1,0,85,-20,"Carlton","2023",9
1,"Silvagni, Jack",6,5,6,12,0,2,5,3,0,1,2,3,1,2,0,7,6,1,2,1,0,0,87,-20,"Carlton","2023",9
18,"Walsh, Sam",19,8,10,29,1,0,0,4,0,9,1,3,0,0,1,7,22,0,2,0,1,2,84,-20,"Carlton","2023",9
23,"Weitering, Jacob",11,5,2,13,0,0,0,1,7,0,1,5,0,0,0,5,9,0,0,14,1,0,100,-20,"Carlton","2023",9
33,"Young, Lewis",9,3,6,15,0,0,0,0,6,0,0,2,0,1,0,7,6,1,0,10,0,0,100,-20,"Carlton","2023",9
13,"Baker, Oskar",10,4,5,15,0,0,0,4,2,4,0,4,0,2,0,4,12,0,0,2,1,0,75,20,"Western Bulldogs","2023",9
4,"Bontempelli, Marcus",16,5,9,25,0,0,0,9,2,5,3,2,1,0,0,11,13,0,0,2,0,0,87,20,"Western Bulldogs","2023",9
31,"Dale, Bailey",20,7,8,28,0,0,0,3,1,4,0,1,0,1,0,3,20,0,0,3,0,1,85,20,"Western Bulldogs","2023",9
35,"Daniel, Caleb",13,4,10,23,0,0,0,5,1,3,8,2,1,0,0,11,12,0,0,0,0,0,82,20,"Western Bulldogs","2023",9
15,"Duryea, Taylor",9,5,4,13,0,1,0,1,2,2,1,2,1,1,0,4,8,1,0,2,1,0,79,20,"Western Bulldogs","2023",9
44,"English, Tim",6,4,10,16,0,0,30,4,0,3,1,2,2,2,0,6,11,1,0,3,0,0,86,20,"Western Bulldogs","2023",9
43,"Gardner, Ryan",2,3,2,4,0,0,0,0,0,0,0,2,0,1,0,1,3,0,0,8,0,0,95,20,"Western Bulldogs","2023",9
39,"Johannisen, Jason",23,7,3,26,1,0,0,0,4,4,2,4,0,2,0,6,18,1,1,0,3,0,76,20,"Western Bulldogs","2023",9
32,"Jones, Arthur",5,4,9,14,1,1,0,5,0,0,0,2,2,2,0,7,9,0,1,2,0,2,74,20,"Western Bulldogs","2023",9
19,"Jones, Liam",8,4,2,10,0,0,0,1,6,1,0,3,1,3,0,3,7,1,0,12,0,0,100,20,"Western Bulldogs","2023",9
42,"Keath, Alex",7,3,2,9,0,0,0,2,2,1,1,1,0,0,0,2,7,0,0,6,0,0,88,20,"Western Bulldogs","2023",9
21,"Liberatore, Tom",15,3,11,26,1,0,0,9,4,3,13,1,0,0,2,14,11,0,0,1,0,0,85,20,"Western Bulldogs","2023",9
7,"Lobb, Rory",5,4,3,8,2,0,7,1,1,0,1,1,1,1,0,2,6,1,2,1,0,0,89,20,"Western Bulldogs","2023",9
11,"Macrae, Jack",8,4,15,23,0,0,0,4,0,3,3,1,1,0,0,8,15,0,0,2,0,0,68,20,"Western Bulldogs","2023",9
0,"McNeil, Lachlan",0,0,0,0,0,0,0,2,0,0,0,0,0,0,0,0,0,0,0,0,0,0,10,20,"Western Bulldogs","2023",9
33,"Naughton, Aaron",7,6,5,12,1,3,1,1,0,3,0,1,0,1,0,7,7,1,3,3,0,3,92,20,"Western Bulldogs","2023",9
0,"ODonnell, James",1,0,3,4,0,1,0,0,0,0,0,0,0,0,0,4,1,0,0,1,0,0,47,20,"Western Bulldogs","2023",9
20,"Richards, Ed",20,10,5,25,0,0,0,2,4,1,0,2,0,1,0,5,18,0,0,5,1,0,86,20,"Western Bulldogs","2023",9
28,"Scott, Anthony",6,3,2,8,3,1,0,2,1,0,0,0,0,0,0,1,7,1,2,0,0,0,80,20,"Western Bulldogs","2023",9
6,"Smith, Bailey",20,4,10,30,1,0,0,1,6,6,10,2,0,0,3,12,18,0,0,1,1,0,77,20,"Western Bulldogs","2023",9
2,"Ugle-Hagan, Jamarra",9,4,0,9,1,2,0,0,0,3,0,1,1,0,0,3,6,1,1,1,0,2,83,20,"Western Bulldogs","2023",9
3,"Weightman, Cody",8,1,4,12,0,0,0,5,1,1,1,4,3,2,0,10,5,0,0,1,0,0,71,20,"Western Bulldogs","2023",9
34,"Williams, Bailey",14,12,8,22,0,1,0,3,3,4,0,3,1,0,0,3,19,1,1,0,0,1,82,20,"Western Bulldogs","2023",9
