"Number","Player","Kicks","Marks","Handballs","Disposals","Goals","Behinds","Hitouts","Tackles","Rebounds50s","Inside50s","Clearances","Clangers","FreesFor","FreesAgainst","BrownlowVotes","ContestedPossessions","UncontestedPossessions","ContestedMarks","MarksInside50","OnePercenters","Bounces","GoalAssists","PercentagePlayed","PointDifference","Team","Season","Round"
17,"Bowey, Jake",10,4,6,16,0,0,0,0,3,0,1,3,0,0,0,3,10,0,0,4,0,0,84,50,"Melbourne","2023",3
10,"Brayshaw, Angus",11,9,8,19,0,0,0,1,3,0,1,3,0,2,0,1,16,0,0,1,0,0,80,50,"Melbourne","2023",3
0,"Brown, Ben",1,1,1,2,1,0,0,0,0,0,0,1,0,1,0,1,1,0,1,2,0,0,46,50,"Melbourne","2023",3
37,"Chandler, Kade",7,5,2,9,3,0,0,2,0,2,0,0,0,0,0,3,7,1,2,2,0,2,67,50,"Melbourne","2023",3
31,"Fritsch, Bayley",3,3,8,11,3,0,0,2,1,0,0,1,0,0,1,7,4,2,2,0,0,0,89,50,"Melbourne","2023",3
6,"Grundy, Brodie",10,5,11,21,0,0,25,3,0,6,4,1,2,0,0,11,11,1,0,3,0,1,77,50,"Melbourne","2023",3
14,"Hibberd, Michael",8,4,3,11,0,0,0,0,6,1,1,1,0,0,0,3,7,1,0,3,0,0,80,50,"Melbourne","2023",3
12,"Hunter, Lachie",13,2,10,23,2,0,0,0,3,6,3,3,2,0,0,8,15,0,0,1,0,1,92,50,"Melbourne","2023",3
23,"Jordon, James",13,8,8,21,1,1,0,3,1,4,1,2,2,1,0,6,16,0,1,1,0,1,80,50,"Melbourne","2023",3
15,"Langdon, Ed",13,4,11,24,0,3,0,2,3,3,1,1,0,1,0,12,13,0,0,4,0,2,92,50,"Melbourne","2023",3
8,"Lever, Jake",7,4,7,14,0,0,0,0,3,1,1,4,1,1,0,6,8,1,0,4,0,0,100,50,"Melbourne","2023",3
1,"May, Steven",17,6,3,20,0,0,0,1,6,1,0,2,3,1,0,4,13,1,0,7,0,1,100,50,"Melbourne","2023",3
41,"McVee, Judd",8,3,10,18,0,0,0,2,2,0,0,0,0,0,0,6,12,1,0,1,0,0,79,50,"Melbourne","2023",3
0,"Melksham, Jake",3,2,2,5,1,0,0,0,0,2,0,3,0,0,0,1,4,1,1,0,0,0,34,50,"Melbourne","2023",3
30,"Neal-Bullen, Alex",10,4,5,15,1,1,0,2,0,3,0,3,0,0,0,6,9,0,1,0,0,1,73,50,"Melbourne","2023",3
13,"Oliver, Clayton",11,5,14,25,2,0,0,7,3,5,5,2,1,2,3,15,13,0,0,2,0,0,85,50,"Melbourne","2023",3
5,"Petracca, Christian",20,2,13,33,0,1,0,3,1,9,6,6,0,2,2,19,15,0,0,0,0,2,90,50,"Melbourne","2023",3
35,"Petty, Harry",7,3,6,13,1,0,1,3,0,3,1,1,1,1,0,6,6,0,1,0,0,0,82,50,"Melbourne","2023",3
24,"Rivers, Trent",13,7,6,19,0,1,0,1,3,4,0,2,1,0,0,2,17,0,0,1,1,0,86,50,"Melbourne","2023",3
9,"Spargo, Charlie",6,3,0,6,2,0,0,2,0,0,0,0,0,0,0,2,4,1,1,0,0,1,63,50,"Melbourne","2023",3
32,"Sparrow, Tom",7,4,3,10,1,0,0,4,0,4,2,3,1,2,0,2,7,0,0,1,0,0,73,50,"Melbourne","2023",3
2,"van Rooyen, Jacob",5,3,4,9,3,0,3,6,0,0,1,1,2,1,0,6,3,1,2,2,0,1,72,50,"Melbourne","2023",3
7,"Viney, Jack",11,1,8,19,0,0,0,3,1,6,5,6,2,1,0,11,9,0,0,0,0,1,77,50,"Melbourne","2023",3
36,"Amartey, Joel",8,4,8,16,0,3,5,0,0,4,2,2,2,0,0,11,5,1,1,0,0,1,65,-50,"Sydney","2023",3
22,"Blakey, Nick",12,5,7,19,1,1,0,0,5,1,0,1,0,0,0,3,12,0,1,5,1,0,82,-50,"Sydney","2023",3
16,"Campbell, Braeden",8,3,4,12,0,0,0,6,3,1,0,3,1,0,0,3,9,0,0,0,0,0,76,-50,"Sydney","2023",3
7,"Cunningham, Harry",2,3,7,9,0,0,0,2,1,1,0,1,0,0,0,2,8,0,0,1,0,0,76,-50,"Sydney","2023",3
13,"Florent, Oliver",10,4,11,21,0,0,0,3,5,1,0,1,0,0,0,5,17,0,0,0,1,0,87,-50,"Sydney","2023",3
23,"Franklin, Lance",9,6,1,10,2,2,0,1,0,5,1,3,0,1,0,3,7,2,2,1,1,0,81,-50,"Sydney","2023",3
21,"Gulden, Errol",9,2,6,15,1,0,0,5,1,3,3,4,3,1,0,10,5,0,0,1,0,1,83,-50,"Sydney","2023",3
9,"Hayward, Will",6,0,3,9,2,0,0,1,0,3,1,4,2,1,0,4,5,0,0,0,0,0,85,-50,"Sydney","2023",3
5,"Heeney, Isaac",7,2,3,10,0,1,0,0,1,4,2,3,0,2,0,4,5,0,0,1,2,1,84,-50,"Sydney","2023",3
19,"Ladhams, Peter",8,6,8,16,0,0,17,2,0,5,5,5,0,2,0,8,8,1,1,2,0,0,80,-50,"Sydney","2023",3
44,"Lloyd, Jake",11,5,10,21,0,0,0,3,6,1,2,2,1,0,0,3,15,0,0,1,0,0,83,-50,"Sydney","2023",3
39,"McCartin, Paddy",8,4,3,11,0,0,0,0,3,1,0,2,0,1,0,3,8,0,0,8,0,0,80,-50,"Sydney","2023",3
30,"McCartin, Tom",7,7,7,14,0,0,0,1,3,1,0,1,0,0,0,5,9,2,0,11,0,0,94,-50,"Sydney","2023",3
6,"McDonald, Logan",8,8,5,13,1,2,0,1,0,2,0,1,1,0,0,2,11,1,3,1,0,1,81,-50,"Sydney","2023",3
27,"McInerney, Justin",8,6,6,14,1,0,0,3,0,2,2,1,0,1,0,3,10,0,2,3,0,0,77,-50,"Sydney","2023",3
14,"Mills, Callum",10,6,15,25,0,0,0,4,2,2,4,4,1,0,0,12,14,0,0,1,0,0,87,-50,"Sydney","2023",3
11,"Papley, Tom",7,3,1,8,3,0,0,2,0,1,1,3,0,1,0,1,7,0,2,1,0,1,84,-50,"Sydney","2023",3
26,"Parker, Luke",10,5,7,17,0,0,0,3,0,4,3,3,1,1,0,5,12,0,0,1,0,1,85,-50,"Sydney","2023",3
24,"Rampe, Dane",8,4,9,17,0,0,0,1,4,0,0,2,0,1,0,3,13,0,0,4,1,0,97,-50,"Sydney","2023",3
0,"Roberts, Matt",2,2,1,3,0,0,0,0,0,1,0,1,0,1,0,0,3,0,0,0,0,0,20,-50,"Sydney","2023",3
8,"Rowbottom, James",10,1,2,12,1,0,0,4,2,1,3,7,3,3,0,9,3,0,0,1,0,1,73,-50,"Sydney","2023",3
0,"Stephens, Dylan",8,4,6,14,0,0,0,3,2,3,2,1,1,0,0,5,9,0,0,0,0,0,59,-50,"Sydney","2023",3
1,"Warner, Chad",12,4,7,19,0,0,0,0,0,5,2,4,0,2,0,3,17,0,0,2,0,1,82,-50,"Sydney","2023",3
