"Number","Player","Kicks","Marks","Handballs","Disposals","Goals","Behinds","Hitouts","Tackles","Rebounds50s","Inside50s","Clearances","Clangers","FreesFor","FreesAgainst","BrownlowVotes","ContestedPossessions","UncontestedPossessions","ContestedMarks","MarksInside50","OnePercenters","Bounces","GoalAssists","PercentagePlayed","PointDifference","Team","Season","Round"
41,"Butts, Jordon",8,7,2,10,0,0,0,3,1,0,0,2,1,0,0,4,6,2,0,5,0,0,98,-1,"Adelaide","2023",7
12,"Dawson, Jordan",21,3,9,30,0,0,0,5,4,7,5,7,5,1,0,14,12,0,0,5,1,0,89,-1,"Adelaide","2023",7
39,"Doedee, Tom",14,5,10,24,0,0,0,2,3,3,0,7,1,1,0,8,16,0,0,4,0,0,100,-1,"Adelaide","2023",7
32,"Fogarty, Darcy",7,3,3,10,0,1,0,0,0,0,0,4,1,2,0,3,7,0,0,1,0,0,81,-1,"Adelaide","2023",7
20,"Hinge, Mitch",11,5,7,18,0,0,0,4,1,2,0,2,2,0,0,6,13,1,0,1,0,0,87,-1,"Adelaide","2023",7
1,"Jones, Chayce",15,1,5,20,2,2,0,4,0,4,2,0,2,0,0,6,12,0,0,2,0,0,92,-1,"Adelaide","2023",7
2,"Keays, Ben",5,2,7,12,0,0,0,3,0,3,1,4,0,1,0,3,9,0,0,1,0,1,96,-1,"Adelaide","2023",7
29,"Laird, Rory",13,7,16,29,0,0,0,4,1,1,2,4,2,0,2,10,18,0,0,2,0,0,75,-1,"Adelaide","2023",7
16,"Michalanney, Max",8,2,4,12,0,0,0,3,3,0,0,3,2,0,0,4,7,0,0,2,0,0,69,-1,"Adelaide","2023",7
30,"Milera, Wayne",8,5,5,13,0,0,0,0,2,1,0,3,1,0,0,1,10,0,0,2,0,0,70,-1,"Adelaide","2023",7
4,"Murphy, Lachlan",9,7,3,12,0,0,0,2,1,4,0,0,2,0,0,3,9,1,0,2,1,0,66,-1,"Adelaide","2023",7
28,"Murray, Nick",11,5,4,15,0,0,0,2,6,1,0,0,0,0,0,4,9,1,0,7,0,1,89,-1,"Adelaide","2023",7
43,"OBrien, Reilly",4,6,8,12,0,0,44,2,3,2,0,4,0,2,0,9,3,4,0,1,0,0,86,-1,"Adelaide","2023",7
10,"Pedlar, Luke",9,6,4,13,2,2,0,2,0,3,0,4,3,1,0,5,9,0,3,1,0,1,77,-1,"Adelaide","2023",7
8,"Rachele, Josh",12,6,6,18,0,4,0,2,1,1,2,3,1,0,0,6,13,0,2,0,0,0,81,-1,"Adelaide","2023",7
22,"Rankine, Izak",7,3,6,13,1,2,0,5,0,2,4,3,0,1,0,8,6,0,2,0,1,0,85,-1,"Adelaide","2023",7
0,"Schoenberg, Harry",3,1,2,5,0,0,0,1,1,0,0,1,0,0,0,3,2,0,0,0,0,0,19,-1,"Adelaide","2023",7
38,"Sholl, Lachlan",13,8,5,18,0,0,0,2,0,4,1,6,1,3,0,6,12,0,0,0,0,0,63,-1,"Adelaide","2023",7
9,"Sloane, Rory",11,4,7,18,1,0,0,6,1,4,3,4,2,2,0,7,9,1,0,0,0,0,71,-1,"Adelaide","2023",7
33,"Smith, Brodie",14,4,5,19,0,0,0,0,6,3,1,4,0,2,0,5,12,0,0,5,0,0,86,-1,"Adelaide","2023",7
0,"Soligo, Jake",10,6,14,24,0,1,0,3,4,2,3,4,1,1,1,13,11,0,1,4,0,0,73,-1,"Adelaide","2023",7
7,"Thilthorpe, Riley",10,7,5,15,0,1,3,0,0,3,1,1,1,0,0,12,2,6,1,4,0,0,66,-1,"Adelaide","2023",7
13,"Walker, Taylor",5,2,2,7,1,0,5,1,0,2,0,2,0,1,0,3,4,1,0,0,0,0,81,-1,"Adelaide","2023",7
13,"Adams, Taylor",6,4,10,16,0,0,0,7,0,0,6,5,0,2,0,10,10,0,0,3,0,0,75,1,"Collingwood","2023",7
25,"Crisp, Jack",10,2,9,19,0,0,0,5,1,3,2,5,1,1,0,7,12,0,0,1,2,0,80,1,"Collingwood","2023",7
7,"Daicos, Josh",13,3,18,31,1,1,0,2,1,2,7,5,1,0,0,12,18,0,0,1,0,0,87,1,"Collingwood","2023",7
35,"Daicos, Nick",19,4,8,27,0,0,0,4,5,2,5,5,1,1,0,4,13,0,0,1,0,0,87,1,"Collingwood","2023",7
2,"de Goey, Jordan",11,1,13,24,0,0,0,2,4,4,10,12,1,6,0,15,12,0,0,1,0,1,90,1,"Collingwood","2023",7
5,"Elliott, Jamie",5,6,6,11,0,0,0,6,0,1,0,3,0,0,0,6,6,0,1,3,0,0,86,1,"Collingwood","2023",7
17,"Frampton, Billy",6,1,2,8,1,0,26,2,1,2,1,2,1,1,0,5,4,1,0,6,0,0,81,1,"Collingwood","2023",7
33,"Ginnivan, Jack",7,3,3,10,0,0,0,1,2,3,1,2,0,0,0,6,5,0,0,1,0,1,73,1,"Collingwood","2023",7
23,"Hill, Bobby",5,3,4,9,0,2,0,0,0,1,0,2,0,1,0,3,5,0,2,0,1,0,74,1,"Collingwood","2023",7
32,"Hoskin-Elliott, Will",5,3,4,9,1,0,0,4,0,2,0,0,1,0,0,3,6,0,0,3,0,0,68,1,"Collingwood","2023",7
40,"Johnson, Ash",4,1,0,4,1,0,1,4,1,1,0,3,1,2,0,4,2,0,1,1,0,0,77,1,"Collingwood","2023",7
0,"Kelly, Will",5,4,3,8,0,0,0,1,0,3,0,4,0,1,0,4,5,0,0,1,0,0,52,1,"Collingwood","2023",7
0,"Kreuger, Nathan",1,0,1,2,0,0,0,1,1,0,0,0,0,0,0,0,2,0,0,1,0,0,12,1,"Collingwood","2023",7
37,"Markov, Oleg",9,4,5,14,0,0,0,1,1,1,2,2,0,0,0,4,10,0,0,5,1,0,77,1,"Collingwood","2023",7
4,"Maynard, Brayden",15,3,6,21,0,0,0,0,3,5,0,7,0,3,0,3,13,0,0,5,0,0,88,1,"Collingwood","2023",7
31,"McCreery, Beau",10,2,4,14,0,0,0,9,0,4,1,3,1,1,0,4,6,0,0,0,0,0,83,1,"Collingwood","2023",7
41,"Mihocek, Brody",5,1,2,7,3,0,0,3,0,1,0,1,0,1,0,3,4,0,1,2,0,0,97,1,"Collingwood","2023",7
6,"Mitchell, Tom",13,3,16,29,0,0,0,6,1,5,7,8,2,2,3,14,14,0,1,2,1,0,85,1,"Collingwood","2023",7
30,"Moore, Darcy",16,6,7,23,0,0,0,2,11,3,0,7,3,3,0,9,8,2,0,9,2,0,93,1,"Collingwood","2023",7
28,"Murphy, Nathan",6,3,3,9,0,0,0,3,5,0,0,3,1,0,0,4,5,1,0,10,0,0,86,1,"Collingwood","2023",7
9,"Noble, John",18,7,5,23,1,0,0,2,3,2,2,5,1,0,0,7,19,0,0,2,0,0,83,1,"Collingwood","2023",7
3,"Quaynor, Isaac",5,3,8,13,0,0,0,4,2,0,0,4,2,1,0,7,6,0,0,0,0,0,84,1,"Collingwood","2023",7
22,"Sidebottom, Steele",14,5,10,24,0,1,0,5,2,1,2,5,1,2,0,9,14,0,1,2,0,0,83,1,"Collingwood","2023",7
