"Number","Player","Kicks","Marks","Handballs","Disposals","Goals","Behinds","Hitouts","Tackles","Rebounds50s","Inside50s","Clearances","Clangers","FreesFor","FreesAgainst","BrownlowVotes","ContestedPossessions","UncontestedPossessions","ContestedMarks","MarksInside50","OnePercenters","Bounces","GoalAssists","PercentagePlayed","PointDifference","Team","Season","Round"
0,"Ah Chee, Callum",3,1,2,5,0,0,0,0,0,1,0,1,1,1,0,2,3,0,0,1,0,0,25,43,"Brisbane Lions","2023",10
31,"Andrews, Harris",11,8,3,14,0,0,0,0,2,1,1,3,1,0,0,3,11,1,0,6,1,0,96,43,"Brisbane Lions","2023",10
8,"Ashcroft, Will",19,7,11,30,1,0,0,4,0,4,6,3,5,0,1,12,18,0,0,3,0,1,73,43,"Brisbane Lions","2023",10
33,"Bailey, Zac",8,1,4,12,1,0,0,3,1,4,0,4,0,2,0,5,7,0,0,1,0,2,80,43,"Brisbane Lions","2023",10
7,"Berry, Jarrod",13,8,7,20,1,1,0,1,2,1,2,2,0,1,0,7,12,1,2,3,0,0,72,43,"Brisbane Lions","2023",10
23,"Cameron, Charlie",6,2,1,7,2,1,0,3,1,2,1,0,1,0,0,3,5,0,1,2,1,0,87,43,"Brisbane Lions","2023",10
18,"Coleman, Keidean",10,4,3,13,0,0,0,0,6,0,0,2,0,0,0,2,8,0,0,4,0,0,67,43,"Brisbane Lions","2023",10
3,"Daniher, Joe",14,8,2,16,4,1,0,0,0,7,2,2,0,0,2,7,9,3,3,0,0,0,93,43,"Brisbane Lions","2023",10
5,"Dunkley, Josh",13,7,16,29,0,0,0,8,1,1,7,3,1,0,0,16,15,0,1,3,0,1,86,43,"Brisbane Lions","2023",10
19,"Gunston, Jack",16,13,1,17,1,0,0,1,1,3,0,2,1,0,0,1,15,0,1,1,0,1,74,43,"Brisbane Lions","2023",10
30,"Hipwood, Eric",6,6,3,9,2,1,0,3,0,2,0,2,0,0,0,1,9,1,2,1,0,2,83,43,"Brisbane Lions","2023",10
35,"Lester, Ryan",10,8,1,11,0,0,0,2,1,1,0,2,0,0,0,2,9,1,0,2,0,0,86,43,"Brisbane Lions","2023",10
11,"McCarthy, Lincoln",6,1,2,8,2,0,0,8,0,2,0,2,1,1,0,5,3,0,0,2,0,1,85,43,"Brisbane Lions","2023",10
6,"McCluggage, Hugh",14,6,16,30,1,0,0,7,0,4,3,3,2,0,0,13,18,0,1,0,0,2,79,43,"Brisbane Lions","2023",10
46,"McInerney, Oscar",10,4,3,13,0,3,36,0,1,4,5,4,1,2,0,9,5,0,1,5,0,0,91,43,"Brisbane Lions","2023",10
26,"McKenna, Conor",11,5,4,15,0,0,0,1,4,0,0,1,0,0,0,4,10,0,0,0,0,0,87,43,"Brisbane Lions","2023",10
9,"Neale, Lachie",14,8,21,35,0,0,0,2,2,2,10,2,1,0,3,17,19,0,0,1,0,1,85,43,"Brisbane Lions","2023",10
40,"Payne, Jack",11,5,4,15,0,0,0,1,2,1,0,4,1,2,0,6,8,1,0,8,0,0,88,43,"Brisbane Lions","2023",10
16,"Rayner, Cam",8,5,6,14,0,2,0,4,0,4,0,0,1,0,0,7,7,1,1,0,0,0,75,43,"Brisbane Lions","2023",10
0,"Sharp, Harry",10,4,0,10,1,0,0,1,0,4,0,2,0,0,0,0,9,0,0,1,0,0,52,43,"Brisbane Lions","2023",10
37,"Starcevich, Brandon",12,6,1,13,0,0,0,1,1,4,0,1,0,1,0,5,7,2,0,1,0,0,82,43,"Brisbane Lions","2023",10
44,"Wilmot, Darcy",18,6,4,22,0,0,0,0,4,3,1,6,3,3,0,10,11,0,0,4,0,0,81,43,"Brisbane Lions","2023",10
15,"Zorko, Dayne",10,4,3,13,0,0,0,4,0,5,2,3,0,2,0,3,10,0,0,0,1,0,71,43,"Brisbane Lions","2023",10
9,"Ainsworth, Ben",7,3,3,10,0,1,0,3,1,2,1,3,0,1,0,4,6,1,1,0,0,0,79,-43,"Gold Coast","2023",10
15,"Anderson, Noah",12,3,7,19,0,0,0,5,0,4,5,2,0,0,0,8,11,0,1,1,3,0,86,-43,"Gold Coast","2023",10
31,"Andrew, Mac",14,9,2,16,0,0,0,1,7,1,2,4,1,1,0,5,10,2,0,5,0,0,77,-43,"Gold Coast","2023",10
2,"Atkins, Rory",15,7,5,20,0,0,0,2,4,1,0,0,0,0,0,4,10,0,0,2,2,0,81,-43,"Gold Coast","2023",10
10,"Ballard, Charlie",14,9,3,17,0,0,0,0,1,2,0,3,0,0,0,11,5,6,0,5,0,0,100,-43,"Gold Coast","2023",10
0,"Berry, Tom",1,1,1,2,0,0,0,2,0,1,0,2,1,2,0,1,2,0,0,0,0,0,30,-43,"Gold Coast","2023",10
30,"Casboult, Levi",6,4,2,8,1,0,3,1,0,1,0,2,0,1,0,2,5,0,1,2,0,0,75,-43,"Gold Coast","2023",10
25,"Collins, Sam",8,7,5,13,0,0,0,1,3,0,1,1,0,0,0,4,8,1,0,7,0,0,100,-43,"Gold Coast","2023",10
5,"Davies, Alex",6,3,4,10,0,1,0,3,0,2,2,2,1,1,0,6,6,1,0,2,0,1,74,-43,"Gold Coast","2023",10
0,"Day, Sam",1,1,1,2,0,0,0,1,0,0,0,1,0,1,0,1,1,0,0,1,0,0,54,-43,"Gold Coast","2023",10
4,"Ellis, Brandon",9,4,5,14,0,1,0,2,0,3,5,2,0,1,0,5,10,0,0,0,0,0,85,-43,"Gold Coast","2023",10
8,"Fiorini, Brayden",12,5,9,21,0,0,0,4,3,3,3,6,1,2,0,4,15,0,0,2,0,0,92,-43,"Gold Coast","2023",10
7,"Holman, Nick",4,3,10,14,1,0,0,8,0,1,1,0,0,0,0,7,6,0,1,1,0,0,78,-43,"Gold Coast","2023",10
19,"Humphrey, Bailey",19,4,7,26,1,1,0,0,4,7,5,3,0,0,0,11,14,1,0,0,0,1,70,-43,"Gold Coast","2023",10
34,"King, Ben",7,4,0,7,3,2,0,1,0,2,0,0,3,0,0,4,3,1,3,0,0,0,85,-43,"Gold Coast","2023",10
23,"Lemmens, Sean",9,5,1,10,0,0,0,3,5,1,1,2,0,1,0,3,6,1,0,0,0,0,74,-43,"Gold Coast","2023",10
13,"Lukosius, Jack",8,4,0,8,2,0,0,1,2,1,0,2,0,0,0,2,3,2,1,2,0,0,83,-43,"Gold Coast","2023",10
44,"Macpherson, Darcy",14,5,6,20,0,0,0,4,7,0,1,4,3,1,0,8,11,0,0,0,1,0,78,-43,"Gold Coast","2023",10
27,"Powell, Wil",17,4,2,19,0,0,0,0,4,3,1,4,3,1,0,2,13,0,0,2,0,0,77,-43,"Gold Coast","2023",10
41,"Rosas, Malcolm",4,2,1,5,1,1,0,2,0,0,0,0,0,0,0,2,3,0,0,0,0,0,69,-43,"Gold Coast","2023",10
18,"Rowell, Matt",8,2,10,18,0,1,0,12,2,1,3,5,0,3,0,8,11,0,0,2,0,0,87,-43,"Gold Coast","2023",10
24,"Swallow, David",11,5,10,21,0,0,0,1,0,1,3,7,1,3,0,10,11,0,0,2,0,1,80,-43,"Gold Coast","2023",10
28,"Witts, Jarrod",4,1,3,7,0,0,51,4,1,2,4,2,2,1,0,7,1,1,0,2,0,1,87,-43,"Gold Coast","2023",10
