"Number","Player","Kicks","Marks","Handballs","Disposals","Goals","Behinds","Hitouts","Tackles","Rebounds50s","Inside50s","Clearances","Clangers","FreesFor","FreesAgainst","BrownlowVotes","ContestedPossessions","UncontestedPossessions","ContestedMarks","MarksInside50","OnePercenters","Bounces","GoalAssists","PercentagePlayed","PointDifference","Team","Season","Round"
21,"Aliir, Aliir",8,4,2,10,0,0,0,0,3,0,0,4,1,2,0,4,7,0,0,6,0,0,100,-2,"Port Adelaide","2023",19
14,"Bergman, Miles",10,5,4,14,0,0,0,1,2,2,0,3,1,0,0,3,11,0,0,5,0,0,77,-2,"Port Adelaide","2023",19
10,"Boak, Travis",10,2,8,18,0,0,0,3,1,1,3,1,0,0,0,9,9,0,0,0,0,0,76,-2,"Port Adelaide","2023",19
3,"Burton, Ryan",20,4,2,22,0,2,0,3,7,5,0,1,2,0,0,6,11,1,0,5,0,0,77,-2,"Port Adelaide","2023",19
9,"Butters, Zak",14,5,17,31,0,1,0,3,1,7,6,0,1,0,2,12,18,0,0,1,0,0,79,-2,"Port Adelaide","2023",19
22,"Dixon, Charlie",7,2,5,12,2,0,11,1,1,1,1,4,0,1,0,4,7,1,2,4,0,0,96,-2,"Port Adelaide","2023",19
28,"Drew, Willem",8,3,8,16,0,2,0,16,1,1,4,1,2,0,0,11,5,0,1,1,0,1,88,-2,"Port Adelaide","2023",19
7,"Duursma, Xavier",12,4,2,14,1,0,0,4,2,2,1,3,1,0,0,5,9,1,1,1,1,0,75,-2,"Port Adelaide","2023",19
31,"Evans, Francis",8,2,3,11,1,1,0,1,0,3,1,2,1,0,0,6,6,0,1,2,0,1,69,-2,"Port Adelaide","2023",19
6,"Farrell, Kane",10,2,5,15,0,0,0,2,3,1,0,4,0,2,0,3,9,0,0,1,0,0,83,-2,"Port Adelaide","2023",19
11,"Finlayson, Jeremy",13,3,2,15,1,2,2,5,1,5,3,1,0,0,0,9,7,0,1,5,0,0,93,-2,"Port Adelaide","2023",19
18,"Horne-Francis, Jason",13,4,5,18,1,0,0,4,0,2,6,3,2,1,0,11,8,1,0,3,1,0,77,-2,"Port Adelaide","2023",19
5,"Houston, Dan",15,5,10,25,0,0,0,8,2,4,8,6,0,2,0,14,9,1,0,3,0,0,85,-2,"Port Adelaide","2023",19
34,"Jones, Lachie",8,3,2,10,0,0,0,1,2,1,0,2,0,0,0,2,8,1,0,8,0,0,79,-2,"Port Adelaide","2023",19
0,"Lycett, Scott",1,0,4,5,0,0,21,4,0,1,2,5,1,4,0,4,1,0,0,4,0,0,66,-2,"Port Adelaide","2023",19
4,"Marshall, Todd",8,5,2,10,1,1,0,2,0,2,0,2,0,0,0,1,9,0,3,1,0,2,91,-2,"Port Adelaide","2023",19
41,"McEntee, Jed",4,0,2,6,0,0,0,3,0,2,0,2,0,0,0,5,1,0,0,1,0,0,71,-2,"Port Adelaide","2023",19
12,"McKenzie, Trent",8,2,0,8,0,0,0,4,2,1,1,1,0,0,0,3,4,1,0,3,0,0,88,-2,"Port Adelaide","2023",19
2,"Powell-Pepper, Sam",10,2,7,17,2,0,0,7,0,4,2,4,0,2,1,7,7,0,0,1,0,0,87,-2,"Port Adelaide","2023",19
15,"Rioli, Willie",11,4,4,15,1,0,0,2,1,3,1,0,1,0,0,7,7,1,1,1,0,2,82,-2,"Port Adelaide","2023",19
20,"Rozee, Connor",16,4,12,28,2,0,0,3,2,7,3,3,0,0,0,7,20,1,0,1,0,0,77,-2,"Port Adelaide","2023",19
0,"Williams, Dylan",2,1,1,3,0,0,0,0,0,1,1,1,0,0,0,2,1,0,0,0,0,0,14,-2,"Port Adelaide","2023",19
16,"Wines, Ollie",2,0,11,13,0,0,0,2,0,1,3,2,0,0,0,5,6,0,0,1,0,1,70,-2,"Port Adelaide","2023",19
13,"Adams, Taylor",20,3,5,25,1,0,0,5,1,8,9,4,0,1,0,11,10,0,0,1,0,0,83,2,"Collingwood","2023",19
14,"Cameron, Darcy",8,1,8,16,0,1,45,2,2,0,5,2,5,1,0,12,5,0,0,1,0,0,80,2,"Collingwood","2023",19
46,"Cox, Mason",4,2,2,6,0,0,12,2,0,0,1,3,1,1,0,3,2,0,0,1,0,1,51,2,"Collingwood","2023",19
25,"Crisp, Jack",6,4,17,23,0,0,0,6,1,3,1,3,1,0,0,8,14,0,0,1,2,2,83,2,"Collingwood","2023",19
7,"Daicos, Josh",13,2,11,24,1,1,0,3,1,3,2,6,1,1,0,13,10,0,0,0,0,0,86,2,"Collingwood","2023",19
35,"Daicos, Nick",14,0,11,25,1,0,0,6,3,1,9,5,1,3,0,11,6,0,0,1,0,0,82,2,"Collingwood","2023",19
2,"de Goey, Jordan",9,1,10,19,0,0,0,4,2,3,7,4,0,0,0,10,6,0,0,1,0,0,81,2,"Collingwood","2023",19
5,"Elliott, Jamie",6,4,6,12,3,1,0,0,0,2,0,2,1,0,3,7,6,0,4,1,0,2,83,2,"Collingwood","2023",19
23,"Hill, Bobby",3,2,3,6,1,0,0,4,0,2,0,2,0,1,0,1,5,0,1,3,0,0,72,2,"Collingwood","2023",19
38,"Howe, Jeremy",5,2,3,8,0,0,0,3,4,0,0,0,0,0,0,2,3,0,0,5,0,0,87,2,"Collingwood","2023",19
1,"Lipinski, Patrick",10,7,10,20,0,0,0,1,1,1,4,2,0,0,0,10,10,1,0,1,0,0,79,2,"Collingwood","2023",19
0,"Markov, Oleg",1,0,3,4,0,0,0,2,2,0,0,1,0,0,0,2,2,0,0,0,0,0,34,2,"Collingwood","2023",19
4,"Maynard, Brayden",9,4,3,12,0,0,0,3,2,3,0,3,2,1,0,4,7,1,0,3,2,1,83,2,"Collingwood","2023",19
31,"McCreery, Beau",10,1,0,10,1,0,0,5,0,4,1,3,0,1,0,3,5,0,0,0,1,1,71,2,"Collingwood","2023",19
11,"McStay, Daniel",8,4,0,8,2,0,0,1,0,1,0,3,1,0,0,2,5,1,1,4,0,0,91,2,"Collingwood","2023",19
41,"Mihocek, Brody",5,1,3,8,2,1,0,0,0,2,0,0,0,0,0,6,3,1,1,1,0,0,85,2,"Collingwood","2023",19
0,"Mitchell, Tom",5,1,10,15,0,0,0,4,1,2,2,6,0,2,0,8,7,0,1,0,0,0,50,2,"Collingwood","2023",19
30,"Moore, Darcy",12,4,8,20,0,0,0,3,6,1,0,2,0,0,0,9,5,3,0,11,0,0,100,2,"Collingwood","2023",19
28,"Murphy, Nathan",5,3,6,11,0,0,0,1,2,0,0,0,0,0,0,6,4,1,0,16,0,0,96,2,"Collingwood","2023",19
9,"Noble, John",6,1,5,11,0,0,0,4,4,2,1,3,0,0,0,4,8,0,0,0,1,0,74,2,"Collingwood","2023",19
10,"Pendlebury, Scott",16,2,12,28,0,0,0,1,3,4,6,5,1,0,0,8,17,0,0,1,0,1,83,2,"Collingwood","2023",19
3,"Quaynor, Isaac",8,3,5,13,0,0,0,1,4,0,1,1,0,0,0,4,8,1,0,2,0,0,83,2,"Collingwood","2023",19
22,"Sidebottom, Steele",20,3,6,26,1,0,0,3,5,2,5,6,0,1,0,4,16,0,0,2,1,0,83,2,"Collingwood","2023",19
