"Number","Player","Kicks","Marks","Handballs","Disposals","Goals","Behinds","Hitouts","Tackles","Rebounds50s","Inside50s","Clearances","Clangers","FreesFor","FreesAgainst","BrownlowVotes","ContestedPossessions","UncontestedPossessions","ContestedMarks","MarksInside50","OnePercenters","Bounces","GoalAssists","PercentagePlayed","PointDifference","Team","Season","Round"
6,"Caldwell, Jye",7,2,8,15,0,1,0,7,1,5,2,1,2,1,0,9,6,0,0,0,1,1,79,28,"Essendon","2023",2
42,"DAmbrosio, Massimo",13,5,5,18,0,0,0,1,3,2,0,3,0,1,0,2,15,0,0,0,0,1,79,28,"Essendon","2023",2
33,"Davey, Alwyn",5,1,5,10,1,0,0,3,0,2,0,2,1,0,0,5,3,0,0,0,1,0,78,28,"Essendon","2023",2
2,"Draper, Sam",6,5,4,10,0,2,24,1,2,0,3,3,0,2,0,7,4,2,3,5,0,1,77,28,"Essendon","2023",2
22,"Durham, Sam",8,4,12,20,0,1,0,3,3,1,1,2,1,1,0,10,9,0,0,2,0,1,82,28,"Essendon","2023",2
0,"Guelfi, Matt",4,1,2,6,2,0,0,1,0,1,1,2,0,1,0,4,3,0,0,1,0,0,33,28,"Essendon","2023",2
0,"Heppell, Dyson",7,7,7,14,0,0,0,1,1,3,0,2,0,0,0,3,11,1,0,0,0,0,58,28,"Essendon","2023",2
23,"Jones, Harry",6,4,1,7,0,0,0,1,0,4,0,0,1,0,0,4,4,1,0,3,0,1,82,28,"Essendon","2023",2
29,"Kelly, Jake",6,5,5,11,0,0,0,3,1,3,1,1,1,1,0,4,9,0,0,3,0,0,95,28,"Essendon","2023",2
4,"Langford, Kyle",12,7,2,14,5,2,0,1,0,0,0,2,0,0,2,3,11,1,6,0,0,1,86,28,"Essendon","2023",2
15,"Laverde, Jayden",9,4,5,14,0,0,0,3,1,0,0,2,0,1,0,5,9,2,0,6,0,0,95,28,"Essendon","2023",2
37,"Martin, Nic",6,1,7,13,1,0,0,1,2,0,0,5,0,1,0,5,8,0,0,2,0,1,84,28,"Essendon","2023",2
1,"McGrath, Andrew",13,5,12,25,0,0,0,2,5,3,0,2,2,0,0,8,16,0,0,1,7,0,81,28,"Essendon","2023",2
47,"Menzie, Jye",6,5,2,8,2,0,0,4,0,0,0,2,0,1,0,4,5,1,3,0,0,0,84,28,"Essendon","2023",2
7,"Merrett, Zach",16,4,15,31,0,1,0,3,1,7,4,3,0,1,0,8,23,0,0,1,3,0,85,28,"Essendon","2023",2
3,"Parish, Darcy",16,2,14,30,0,0,0,6,5,7,11,5,3,2,3,14,17,0,0,2,1,0,67,28,"Essendon","2023",2
16,"Perkins, Archie",5,3,3,8,1,0,0,1,0,2,0,2,0,2,0,4,4,0,1,1,0,1,84,28,"Essendon","2023",2
34,"Phillips, Andrew",4,0,3,7,1,0,14,4,0,2,0,2,2,0,0,3,4,0,0,1,0,1,66,28,"Essendon","2023",2
27,"Redman, Mason",17,7,5,22,0,1,0,6,4,1,0,4,2,2,0,6,12,2,0,2,0,0,81,28,"Essendon","2023",2
14,"Ridley, Jordan",13,5,5,18,0,0,0,0,7,0,1,2,0,0,0,3,8,0,0,4,1,0,92,28,"Essendon","2023",2
12,"Setterfield, Will",17,4,11,28,1,0,0,9,1,10,5,2,3,0,0,13,15,0,0,1,0,1,83,28,"Essendon","2023",2
9,"Shiel, Dylan",12,3,15,27,2,0,0,4,4,4,7,4,0,0,0,11,14,0,0,4,0,0,68,28,"Essendon","2023",2
30,"Zerk-Thatcher, Brandon",5,6,6,11,0,0,0,1,3,0,0,1,0,1,0,5,8,1,0,8,0,0,79,28,"Essendon","2023",2
9,"Ainsworth, Ben",9,3,10,19,1,2,0,1,1,5,0,2,2,0,0,11,9,0,0,1,0,1,82,-28,"Gold Coast","2023",2
15,"Anderson, Noah",18,4,7,25,0,2,0,1,2,5,7,2,0,1,0,13,12,0,2,1,0,0,88,-28,"Gold Coast","2023",2
10,"Ballard, Charlie",1,1,5,6,0,0,0,2,0,1,0,3,0,2,0,3,3,0,0,5,0,0,95,-28,"Gold Coast","2023",2
30,"Casboult, Levi",3,3,5,8,2,0,3,0,0,1,1,2,1,1,0,4,4,1,2,2,0,0,80,-28,"Gold Coast","2023",2
25,"Collins, Sam",10,11,7,17,0,0,0,4,2,0,0,2,1,1,0,6,10,3,0,10,0,0,98,-28,"Gold Coast","2023",2
33,"Constable, Charlie",13,8,6,19,0,0,0,2,8,3,2,2,1,1,0,2,14,0,0,1,1,0,86,-28,"Gold Coast","2023",2
0,"Fiorini, Brayden",6,1,2,8,1,0,0,2,2,0,1,1,1,0,0,3,5,0,1,0,0,0,55,-28,"Gold Coast","2023",2
3,"Flanders, Sam",5,6,6,11,0,0,0,2,0,0,0,0,0,0,0,3,7,0,0,1,0,0,63,-28,"Gold Coast","2023",2
36,"Hollands, Elijah",9,4,1,10,1,0,0,4,2,1,0,1,0,0,0,2,8,1,1,2,0,0,83,-28,"Gold Coast","2023",2
7,"Holman, Nick",5,5,6,11,0,0,0,1,0,3,2,4,1,3,0,3,10,1,1,2,0,0,78,-28,"Gold Coast","2023",2
40,"Jeffrey, Joel",10,3,1,11,1,2,0,5,0,3,0,0,2,0,0,7,4,1,1,2,0,1,63,-28,"Gold Coast","2023",2
34,"King, Ben",4,2,8,12,2,0,0,0,0,1,0,2,0,1,0,8,4,2,2,1,0,1,86,-28,"Gold Coast","2023",2
22,"Long, Ben",6,2,9,15,0,0,0,2,3,2,2,3,0,1,0,8,5,0,0,2,1,0,90,-28,"Gold Coast","2023",2
13,"Lukosius, Jack",15,6,2,17,1,1,0,1,3,3,0,3,2,1,0,5,10,0,1,4,1,1,87,-28,"Gold Coast","2023",2
44,"Macpherson, Darcy",16,5,2,18,0,0,0,0,5,3,0,1,0,0,0,5,12,1,0,3,0,1,84,-28,"Gold Coast","2023",2
11,"Miller, Touk",24,3,7,31,0,0,0,5,5,5,5,10,2,5,0,16,15,0,0,0,0,0,92,-28,"Gold Coast","2023",2
41,"Rosas, Malcolm",7,1,4,11,0,3,0,3,0,1,1,1,2,0,0,6,4,0,0,0,1,0,63,-28,"Gold Coast","2023",2
18,"Rowell, Matt",14,4,8,22,0,0,0,6,0,8,10,2,1,0,1,13,9,0,0,0,0,1,86,-28,"Gold Coast","2023",2
0,"Sexton, Alex",4,2,1,5,1,1,0,0,0,1,0,1,0,0,0,0,5,0,1,0,0,0,30,-28,"Gold Coast","2023",2
24,"Swallow, David",8,4,6,14,0,1,0,5,0,5,4,2,1,0,0,9,6,0,1,3,0,1,75,-28,"Gold Coast","2023",2
32,"Uwland, Bodhi",5,2,0,5,0,0,0,2,4,0,1,1,1,1,0,2,3,0,0,1,0,0,71,-28,"Gold Coast","2023",2
14,"Weller, Lachie",18,7,6,24,0,1,0,0,4,3,1,1,0,0,0,1,17,0,0,2,0,0,77,-28,"Gold Coast","2023",2
28,"Witts, Jarrod",6,4,6,12,1,0,36,0,0,3,5,0,0,0,0,7,5,2,1,2,0,1,90,-28,"Gold Coast","2023",2
