"Number","Player","Kicks","Marks","Handballs","Disposals","Goals","Behinds","Hitouts","Tackles","Rebounds50s","Inside50s","Clearances","Clangers","FreesFor","FreesAgainst","BrownlowVotes","ContestedPossessions","UncontestedPossessions","ContestedMarks","MarksInside50","OnePercenters","Bounces","GoalAssists","PercentagePlayed","PointDifference","Team","Season","Round"
6,"Caldwell, Jye",7,8,13,20,1,0,0,2,1,2,1,3,0,2,0,7,13,1,1,2,0,2,78,-28,"Essendon","2023",7
42,"DAmbrosio, Massimo",7,1,6,13,0,0,0,2,1,0,1,2,0,1,0,6,8,0,0,0,0,0,74,-28,"Essendon","2023",7
2,"Draper, Sam",3,0,4,7,1,0,25,1,0,0,3,5,1,4,0,8,0,0,0,2,0,0,77,-28,"Essendon","2023",7
22,"Durham, Sam",7,7,7,14,0,1,0,3,2,3,0,0,1,0,0,4,10,0,1,1,0,0,81,-28,"Essendon","2023",7
19,"Hind, Nick",9,4,6,15,0,1,0,1,5,0,0,2,0,0,0,5,8,0,1,0,1,0,81,-28,"Essendon","2023",7
8,"Hobbs, Ben",12,6,5,17,1,0,0,4,1,3,1,4,0,1,0,3,14,0,0,0,0,0,67,-28,"Essendon","2023",7
29,"Kelly, Jake",9,2,2,11,0,0,0,1,3,0,0,1,0,0,0,2,9,0,0,5,0,0,79,-28,"Essendon","2023",7
4,"Langford, Kyle",7,3,4,11,0,0,0,0,1,1,0,4,0,0,0,6,8,0,0,4,0,0,85,-28,"Essendon","2023",7
37,"Martin, Nic",12,4,10,22,0,0,0,5,2,3,0,2,3,0,0,14,11,0,0,8,0,1,91,-28,"Essendon","2023",7
43,"McDonald-Tipungwuti, Anthony",5,3,1,6,1,1,0,2,0,0,0,0,0,0,0,0,6,0,3,3,0,3,67,-28,"Essendon","2023",7
1,"McGrath, Andrew",8,2,12,20,0,0,0,3,6,1,1,1,0,0,0,5,13,0,0,0,2,0,84,-28,"Essendon","2023",7
7,"Merrett, Zach",12,1,7,19,0,0,0,7,2,7,1,1,4,1,0,6,16,0,0,0,0,0,86,-28,"Essendon","2023",7
3,"Parish, Darcy",14,4,24,38,0,0,0,4,4,6,9,4,3,0,0,13,22,0,0,1,0,1,82,-28,"Essendon","2023",7
16,"Perkins, Archie",10,2,7,17,0,0,0,1,1,5,1,2,0,0,0,4,13,0,0,0,0,1,74,-28,"Essendon","2023",7
0,"Phillips, Andrew",0,0,3,3,0,0,22,1,1,1,1,2,0,0,0,1,2,0,0,6,0,1,50,-28,"Essendon","2023",7
27,"Redman, Mason",12,3,4,16,1,0,0,1,5,1,1,8,0,2,0,6,8,0,0,4,0,0,95,-28,"Essendon","2023",7
14,"Ridley, Jordan",15,4,4,19,0,0,0,0,5,0,0,0,1,0,0,1,12,0,0,2,2,0,96,-28,"Essendon","2023",7
12,"Setterfield, Will",7,2,12,19,0,1,0,1,0,3,3,5,1,1,0,8,12,0,0,1,0,0,81,-28,"Essendon","2023",7
9,"Shiel, Dylan",8,4,14,22,2,0,0,2,1,4,3,3,1,1,0,8,15,0,1,1,0,3,80,-28,"Essendon","2023",7
0,"Snelling, Will",2,2,3,5,0,0,0,2,0,0,0,0,0,0,0,0,5,0,0,0,0,0,22,-28,"Essendon","2023",7
25,"Stringer, Jake",17,5,9,26,4,1,0,2,0,6,11,5,1,1,1,20,10,1,3,4,0,0,85,-28,"Essendon","2023",7
10,"Weideman, Sam",9,4,5,14,5,1,1,2,0,1,1,4,1,1,0,6,9,0,2,1,0,0,94,-28,"Essendon","2023",7
30,"Zerk-Thatcher, Brandon",4,2,4,8,0,0,0,5,2,0,0,2,1,1,0,7,1,1,0,6,0,0,90,-28,"Essendon","2023",7
30,"Atkins, Tom",6,0,11,17,0,0,0,5,1,4,6,4,0,1,0,8,9,0,0,2,0,1,69,28,"Geelong","2023",7
24,"Bews, Jed",4,3,8,12,0,0,0,1,1,1,0,2,0,0,0,9,3,0,0,2,0,0,85,28,"Geelong","2023",7
46,"Blicavs, Mark",8,2,7,15,0,0,19,7,1,3,6,5,1,1,0,10,5,0,0,2,0,2,86,28,"Geelong","2023",7
0,"Bowes, Jack",1,1,2,3,0,0,0,0,1,0,0,1,0,0,0,1,2,0,0,1,0,0,11,28,"Geelong","2023",7
0,"Bruhn, Tanner",9,2,2,11,2,0,0,3,0,3,3,1,0,1,0,4,6,0,0,0,0,0,60,28,"Geelong","2023",7
5,"Cameron, Jeremy",13,5,7,20,3,1,0,0,0,3,2,3,1,2,0,5,15,0,2,2,0,1,100,28,"Geelong","2023",7
45,"Close, Brad",10,4,5,15,1,1,0,4,0,4,2,3,1,2,0,7,10,0,1,0,0,3,90,28,"Geelong","2023",7
35,"Dangerfield, Patrick",19,5,9,28,0,1,0,1,0,15,10,4,1,1,2,14,14,1,1,2,0,3,64,28,"Geelong","2023",7
16,"De Koning, Sam",6,2,8,14,0,0,13,2,2,3,2,1,1,1,0,8,6,0,0,0,0,0,77,28,"Geelong","2023",7
22,"Duncan, Mitch",13,6,3,16,0,1,0,1,2,2,2,2,1,1,0,5,12,0,0,5,0,0,85,28,"Geelong","2023",7
39,"Guthrie, Zach",13,8,5,18,0,0,0,2,2,1,1,1,1,1,0,8,11,1,0,0,0,0,89,28,"Geelong","2023",7
26,"Hawkins, Tom",13,12,3,16,8,1,3,1,0,2,0,0,0,0,3,7,9,5,10,0,0,2,92,28,"Geelong","2023",7
36,"Henry, Oliver",8,3,9,17,2,0,0,1,0,5,1,1,2,0,0,10,8,0,1,1,0,1,88,28,"Geelong","2023",7
9,"Holmes, Max",8,3,10,18,1,0,0,6,1,2,3,4,2,2,0,11,10,1,1,0,3,1,82,28,"Geelong","2023",7
10,"Knevitt, Mitch",7,3,8,15,0,0,0,1,1,1,0,3,0,1,0,8,8,1,0,1,0,0,77,28,"Geelong","2023",7
8,"Kolodjashnij, Jake",6,4,3,9,0,1,0,1,3,1,0,1,0,0,0,3,6,0,0,4,0,0,80,28,"Geelong","2023",7
32,"Miers, Gryan",14,5,10,24,0,0,0,1,0,5,3,2,0,1,0,7,19,0,0,1,0,1,82,28,"Geelong","2023",7
42,"OConnor, Mark",10,7,3,13,0,0,0,2,0,4,2,0,3,0,0,3,10,0,0,4,0,2,83,28,"Geelong","2023",7
17,"Ratugolea, Esava",3,2,2,5,0,0,0,1,1,0,0,2,2,1,0,4,2,0,0,12,0,0,98,28,"Geelong","2023",7
23,"Rohan, Gary",4,2,1,5,1,0,1,1,0,1,0,2,0,0,0,3,2,2,1,0,0,1,60,28,"Geelong","2023",7
37,"Simpson, Sam",7,2,3,10,2,1,0,1,0,3,0,2,0,1,0,5,6,0,1,1,0,0,75,28,"Geelong","2023",7
7,"Smith, Isaac",10,6,9,19,0,1,0,0,1,1,2,1,0,0,0,6,13,0,1,1,0,0,81,28,"Geelong","2023",7
44,"Stewart, Tom",24,12,2,26,0,0,0,1,13,0,1,4,0,1,0,5,16,1,0,4,1,0,87,28,"Geelong","2023",7
