"Number","Player","Kicks","Marks","Handballs","Disposals","Goals","Behinds","Hitouts","Tackles","Rebounds50s","Inside50s","Clearances","Clangers","FreesFor","FreesAgainst","BrownlowVotes","ContestedPossessions","UncontestedPossessions","ContestedMarks","MarksInside50","OnePercenters","Bounces","GoalAssists","PercentagePlayed","PointDifference","Team","Season","Round"
9,"Ainsworth, Ben",9,1,5,14,0,0,0,2,2,5,0,2,0,0,0,6,8,0,0,1,0,0,83,25,"Gold Coast","2023",12
15,"Anderson, Noah",22,4,6,28,2,1,0,2,2,6,9,5,1,1,3,18,10,0,1,1,0,0,90,25,"Gold Coast","2023",12
2,"Atkins, Rory",13,3,4,17,0,0,0,2,3,3,3,2,2,0,0,7,8,0,0,0,0,2,77,25,"Gold Coast","2023",12
10,"Ballard, Charlie",9,5,0,9,0,0,0,1,4,1,0,0,1,0,0,3,6,1,0,6,0,0,100,25,"Gold Coast","2023",12
0,"Berry, Tom",7,2,2,9,0,1,0,5,0,4,1,2,0,1,0,5,4,0,0,0,0,1,63,25,"Gold Coast","2023",12
30,"Casboult, Levi",8,6,2,10,2,1,8,1,0,2,0,2,0,1,0,7,3,4,1,1,0,0,86,25,"Gold Coast","2023",12
25,"Collins, Sam",12,7,1,13,0,0,0,1,6,4,0,2,1,0,0,5,9,1,0,12,0,0,100,25,"Gold Coast","2023",12
5,"Davies, Alex",8,1,9,17,0,0,0,3,1,2,4,4,0,2,0,12,4,0,0,4,0,0,65,25,"Gold Coast","2023",12
50,"Farrar, Jy",5,3,5,10,0,0,0,0,3,0,0,2,0,1,0,4,5,0,0,1,0,0,75,25,"Gold Coast","2023",12
8,"Fiorini, Brayden",12,3,5,17,0,1,0,1,2,5,3,0,0,0,0,9,8,0,0,1,0,0,83,25,"Gold Coast","2023",12
7,"Holman, Nick",4,1,13,17,0,1,0,3,0,0,1,4,0,3,0,11,6,0,1,0,0,2,87,25,"Gold Coast","2023",12
19,"Humphrey, Bailey",12,1,5,17,2,0,0,2,0,6,4,3,2,1,0,13,5,0,0,2,0,0,72,25,"Gold Coast","2023",12
40,"Jeffrey, Joel",13,6,1,14,1,0,0,3,7,2,1,1,1,1,0,5,8,1,0,2,0,1,74,25,"Gold Coast","2023",12
34,"King, Ben",9,2,1,10,3,1,0,3,0,4,1,0,6,0,0,8,3,1,1,0,0,0,83,25,"Gold Coast","2023",12
22,"Long, Ben",6,2,5,11,0,1,0,3,2,2,1,1,1,0,0,5,5,0,0,3,0,0,79,25,"Gold Coast","2023",12
13,"Lukosius, Jack",14,4,2,16,5,1,0,1,0,3,0,1,0,0,1,10,7,3,2,3,0,0,86,25,"Gold Coast","2023",12
44,"Macpherson, Darcy",11,3,1,12,0,0,0,1,2,1,0,4,3,3,0,5,6,0,0,0,0,0,83,25,"Gold Coast","2023",12
27,"Powell, Wil",12,4,5,17,0,1,0,0,9,1,0,2,2,2,0,5,8,0,0,4,0,0,84,25,"Gold Coast","2023",12
41,"Rosas, Malcolm",8,0,6,14,0,1,0,3,0,0,1,4,1,1,0,8,5,0,0,1,1,0,70,25,"Gold Coast","2023",12
18,"Rowell, Matt",9,0,6,15,1,0,0,8,0,3,10,4,5,3,0,13,2,0,0,1,0,1,81,25,"Gold Coast","2023",12
24,"Swallow, David",12,1,4,16,0,0,0,7,1,6,5,4,3,2,0,9,5,0,0,1,0,0,79,25,"Gold Coast","2023",12
0,"Uwland, Bodhi",0,0,0,0,0,0,0,0,0,0,0,1,0,1,0,0,0,0,0,1,0,0,13,25,"Gold Coast","2023",12
28,"Witts, Jarrod",4,1,2,6,0,1,48,2,0,1,2,2,0,0,0,6,1,0,0,9,0,0,85,25,"Gold Coast","2023",12
41,"Butts, Jordon",5,1,1,6,0,0,0,0,2,0,0,4,0,3,0,1,3,0,0,10,0,0,87,-25,"Adelaide","2023",12
12,"Dawson, Jordan",20,7,10,30,1,1,0,6,1,8,2,6,2,2,0,8,20,1,0,0,0,0,84,-25,"Adelaide","2023",12
0,"Doedee, Tom",0,0,1,1,0,0,0,0,0,0,0,0,0,0,0,0,1,0,0,0,0,0,5,-25,"Adelaide","2023",12
32,"Fogarty, Darcy",11,3,4,15,3,1,0,2,0,3,0,2,1,2,0,9,6,1,2,1,0,2,88,-25,"Adelaide","2023",12
20,"Hinge, Mitch",9,1,7,16,0,0,0,4,6,2,0,2,1,0,0,6,6,0,0,5,0,0,92,-25,"Adelaide","2023",12
1,"Jones, Chayce",11,1,6,17,0,0,0,3,9,1,3,2,1,1,0,9,5,1,1,5,0,0,87,-25,"Adelaide","2023",12
2,"Keays, Ben",18,3,7,25,2,2,0,10,3,3,6,7,1,3,2,10,10,0,2,1,0,0,87,-25,"Adelaide","2023",12
29,"Laird, Rory",11,3,11,22,0,0,0,5,1,4,4,2,0,1,0,14,8,0,1,1,0,1,74,-25,"Adelaide","2023",12
0,"McHenry, Ned",8,3,5,13,0,0,0,5,2,2,0,4,2,2,0,6,7,0,0,0,0,0,57,-25,"Adelaide","2023",12
16,"Michalanney, Max",3,2,7,10,0,0,0,5,3,1,1,1,2,1,0,4,6,0,0,4,0,0,85,-25,"Adelaide","2023",12
30,"Milera, Wayne",9,3,11,20,1,0,0,2,2,1,1,2,1,0,0,5,14,0,0,0,0,0,88,-25,"Adelaide","2023",12
4,"Murphy, Lachlan",9,1,7,16,1,0,0,5,1,6,3,3,3,0,0,9,6,0,0,1,0,0,81,-25,"Adelaide","2023",12
28,"Murray, Nick",5,3,4,9,0,0,0,0,0,1,0,1,0,0,0,3,6,0,0,10,0,0,89,-25,"Adelaide","2023",12
43,"OBrien, Reilly",5,1,5,10,1,0,28,2,0,0,2,2,0,0,0,5,3,0,0,5,0,0,88,-25,"Adelaide","2023",12
10,"Pedlar, Luke",6,0,4,10,1,0,0,4,0,2,7,5,3,3,0,8,1,0,0,1,0,1,75,-25,"Adelaide","2023",12
8,"Rachele, Josh",8,3,4,12,1,1,0,5,2,2,2,3,3,2,0,6,6,0,2,1,0,1,83,-25,"Adelaide","2023",12
22,"Rankine, Izak",8,1,5,13,0,2,0,1,0,3,2,5,0,2,0,5,8,0,0,2,3,0,89,-25,"Adelaide","2023",12
38,"Sholl, Lachlan",8,4,7,15,0,0,0,3,1,2,1,0,0,0,0,4,11,0,0,0,0,1,76,-25,"Adelaide","2023",12
9,"Sloane, Rory",13,2,4,17,0,0,0,4,2,6,6,5,1,4,0,6,9,0,0,1,1,0,67,-25,"Adelaide","2023",12
33,"Smith, Brodie",21,4,5,26,0,0,0,0,9,5,0,3,0,0,0,5,13,0,0,1,0,0,88,-25,"Adelaide","2023",12
14,"Soligo, Jake",6,0,3,9,0,0,0,8,1,2,1,3,1,3,0,5,6,0,0,0,0,0,83,-25,"Adelaide","2023",12
7,"Thilthorpe, Riley",8,5,3,11,0,1,0,2,0,3,0,3,1,0,0,5,4,2,0,2,0,1,68,-25,"Adelaide","2023",12
13,"Walker, Taylor",6,5,1,7,2,0,2,1,0,1,0,3,0,0,0,3,4,3,2,0,0,1,78,-25,"Adelaide","2023",12
