"Number","Player","Kicks","Marks","Handballs","Disposals","Goals","Behinds","Hitouts","Tackles","Rebounds50s","Inside50s","Clearances","Clangers","FreesFor","FreesAgainst","BrownlowVotes","ContestedPossessions","UncontestedPossessions","ContestedMarks","MarksInside50","OnePercenters","Bounces","GoalAssists","PercentagePlayed","PointDifference","Team","Season","Round"
31,"Andrews, Harris",18,10,4,22,0,0,0,2,3,2,0,6,0,2,0,3,17,1,0,7,0,0,100,11,"Brisbane Lions","2023",2
8,"Ashcroft, Will",14,0,17,31,1,1,0,1,2,2,9,2,3,0,3,15,14,0,0,0,0,1,81,11,"Brisbane Lions","2023",2
33,"Bailey, Zac",4,0,6,10,2,0,0,1,0,2,2,5,1,1,0,9,4,0,0,1,0,0,87,11,"Brisbane Lions","2023",2
7,"Berry, Jarrod",11,3,6,17,1,0,0,6,2,4,5,2,1,0,0,11,8,1,0,1,0,0,81,11,"Brisbane Lions","2023",2
23,"Cameron, Charlie",9,1,3,12,2,0,0,5,0,5,1,4,0,1,0,4,5,0,1,2,0,0,67,11,"Brisbane Lions","2023",2
3,"Daniher, Joe",12,4,0,12,4,2,1,1,0,1,2,0,3,0,1,7,4,0,2,0,0,1,88,11,"Brisbane Lions","2023",2
5,"Dunkley, Josh",14,3,12,26,0,1,0,5,5,3,9,0,1,0,0,15,10,0,0,3,0,1,69,11,"Brisbane Lions","2023",2
32,"Fort, Darcy",7,2,5,12,0,0,17,1,1,2,2,6,0,3,0,5,6,0,1,4,0,0,82,11,"Brisbane Lions","2023",2
19,"Gunston, Jack",12,7,1,13,0,1,0,1,0,5,0,4,1,0,0,6,8,1,3,2,0,0,68,11,"Brisbane Lions","2023",2
30,"Hipwood, Eric",7,6,0,7,0,0,0,1,0,3,0,4,0,3,0,2,5,1,1,2,0,1,95,11,"Brisbane Lions","2023",2
41,"Joyce, Darragh",7,6,2,9,0,0,0,2,1,0,0,1,0,1,0,3,6,0,0,5,0,0,93,11,"Brisbane Lions","2023",2
11,"McCarthy, Lincoln",5,3,5,10,1,0,0,4,0,1,1,3,0,1,0,4,5,0,1,4,0,0,84,11,"Brisbane Lions","2023",2
6,"McCluggage, Hugh",14,3,7,21,0,0,0,1,2,2,6,6,0,0,0,11,11,0,0,1,0,0,83,11,"Brisbane Lions","2023",2
46,"McInerney, Oscar",6,2,3,9,1,0,25,2,3,3,4,2,0,0,0,10,1,2,1,0,0,0,75,11,"Brisbane Lions","2023",2
26,"McKenna, Conor",11,3,4,15,0,1,0,3,2,1,1,3,2,0,0,7,8,0,1,2,0,2,84,11,"Brisbane Lions","2023",2
9,"Neale, Lachie",17,8,10,27,0,1,0,0,1,5,8,3,1,1,2,10,16,0,0,0,0,0,84,11,"Brisbane Lions","2023",2
40,"Payne, Jack",11,8,0,11,0,0,0,1,7,1,0,2,0,0,0,2,10,0,0,10,0,0,94,11,"Brisbane Lions","2023",2
16,"Rayner, Cam",13,4,3,16,0,0,0,1,3,3,4,6,0,2,0,8,9,1,0,4,0,1,73,11,"Brisbane Lions","2023",2
10,"Rich, Daniel",10,3,4,14,0,0,0,0,3,1,2,1,1,0,0,5,8,0,0,2,0,0,67,11,"Brisbane Lions","2023",2
0,"Robertson, Deven",1,0,0,1,0,0,0,0,0,1,0,1,1,0,0,1,0,0,0,0,0,0,31,11,"Brisbane Lions","2023",2
37,"Starcevich, Brandon",7,5,1,8,0,0,0,4,1,1,0,4,0,2,0,2,6,1,0,3,1,0,89,11,"Brisbane Lions","2023",2
44,"Wilmot, Darcy",12,2,1,13,0,0,0,3,2,3,2,3,2,0,0,6,7,0,0,2,0,1,70,11,"Brisbane Lions","2023",2
0,"Zorko, Dayne",16,9,6,22,2,0,0,4,1,8,2,1,1,0,0,5,16,0,1,1,0,2,54,11,"Brisbane Lions","2023",2
17,"Bowey, Jake",12,2,3,15,0,0,0,2,4,4,1,1,1,1,0,4,8,0,0,1,0,0,67,-11,"Melbourne","2023",2
10,"Brayshaw, Angus",18,6,9,27,0,0,0,2,5,1,2,7,0,4,0,12,13,0,0,3,0,0,88,-11,"Melbourne","2023",2
50,"Brown, Ben",12,6,3,15,4,0,4,1,1,1,0,0,1,0,0,6,8,0,2,2,0,0,91,-11,"Melbourne","2023",2
37,"Chandler, Kade",8,6,4,12,1,0,0,2,1,4,0,2,0,0,0,3,9,0,0,2,0,1,63,-11,"Melbourne","2023",2
31,"Fritsch, Bayley",10,6,3,13,3,1,0,3,0,2,0,2,2,0,0,4,9,0,3,1,0,1,87,-11,"Melbourne","2023",2
0,"Gawn, Max",0,0,1,1,0,0,2,0,0,0,0,1,0,0,0,1,0,0,0,0,0,0,3,-11,"Melbourne","2023",2
6,"Grundy, Brodie",3,0,9,12,0,0,45,5,1,3,3,3,3,0,0,8,5,0,0,4,2,0,86,-11,"Melbourne","2023",2
4,"Harmes, James",3,0,7,10,0,0,0,2,0,0,2,5,0,4,0,5,5,0,0,0,0,1,57,-11,"Melbourne","2023",2
12,"Hunter, Lachie",15,6,7,22,1,0,0,4,1,5,1,1,1,0,0,8,14,0,0,1,0,2,94,-11,"Melbourne","2023",2
15,"Langdon, Ed",9,3,9,18,0,0,0,2,2,1,2,1,0,0,0,4,14,0,0,0,0,0,93,-11,"Melbourne","2023",2
8,"Lever, Jake",14,8,6,20,0,0,0,1,5,1,0,2,1,1,0,6,12,1,0,7,0,0,100,-11,"Melbourne","2023",2
25,"McDonald, Tom",5,2,5,10,1,0,1,2,1,1,2,0,1,0,0,6,5,0,1,0,0,1,58,-11,"Melbourne","2023",2
41,"McVee, Judd",4,2,4,8,0,0,0,0,1,1,0,2,0,0,0,3,4,0,0,1,0,0,79,-11,"Melbourne","2023",2
0,"Melksham, Jake",2,1,2,4,0,0,0,2,0,0,0,2,0,0,0,2,2,0,1,1,0,0,70,-11,"Melbourne","2023",2
30,"Neal-Bullen, Alex",8,6,5,13,1,0,0,5,0,3,0,2,0,0,0,5,9,0,0,0,0,0,81,-11,"Melbourne","2023",2
13,"Oliver, Clayton",22,4,15,37,1,1,0,9,4,11,5,8,1,1,0,15,20,0,1,0,1,0,89,-11,"Melbourne","2023",2
5,"Petracca, Christian",11,1,13,24,1,0,0,6,2,6,5,5,1,1,0,10,14,0,1,1,0,1,86,-11,"Melbourne","2023",2
35,"Petty, Harry",1,0,7,8,0,0,0,3,0,0,1,3,0,2,0,5,3,0,0,5,0,0,94,-11,"Melbourne","2023",2
24,"Rivers, Trent",13,3,6,19,0,0,0,2,6,2,1,2,0,1,0,7,10,1,0,2,1,0,79,-11,"Melbourne","2023",2
9,"Spargo, Charlie",6,2,3,9,0,0,0,6,1,1,0,3,1,1,0,2,7,0,1,0,0,2,74,-11,"Melbourne","2023",2
32,"Sparrow, Tom",7,4,14,21,0,1,0,0,2,4,1,0,2,0,0,8,13,0,1,0,0,0,83,-11,"Melbourne","2023",2
20,"Tomlinson, Adam",10,1,3,13,0,0,0,1,5,1,0,2,0,1,0,2,6,0,0,10,0,0,100,-11,"Melbourne","2023",2
7,"Viney, Jack",8,0,11,19,0,0,0,6,2,2,6,3,2,1,0,10,10,0,0,0,0,0,76,-11,"Melbourne","2023",2
