"Number","Player","Kicks","Marks","Handballs","Disposals","Goals","Behinds","Hitouts","Tackles","Rebounds50s","Inside50s","Clearances","Clangers","FreesFor","FreesAgainst","BrownlowVotes","ContestedPossessions","UncontestedPossessions","ContestedMarks","MarksInside50","OnePercenters","Bounces","GoalAssists","PercentagePlayed","PointDifference","Team","Season","Round"
30,"Atkins, Tom",11,0,8,19,0,0,0,9,3,2,4,4,0,0,0,7,8,0,0,2,0,0,76,15,"Geelong","2023",15
24,"Bews, Jed",11,2,4,15,0,0,0,4,2,1,0,4,1,0,0,10,5,1,0,0,0,0,78,15,"Geelong","2023",15
46,"Blicavs, Mark",15,6,4,19,1,0,3,5,2,4,5,6,0,3,0,10,7,2,1,10,0,1,82,15,"Geelong","2023",15
0,"Bowes, Jack",11,1,1,12,0,0,0,5,1,6,4,6,2,2,0,9,2,0,0,1,0,0,49,15,"Geelong","2023",15
4,"Bruhn, Tanner",13,4,6,19,2,1,0,2,1,3,6,2,1,1,0,12,9,0,0,0,0,0,62,15,"Geelong","2023",15
0,"Cameron, Jeremy",0,0,0,0,0,0,0,0,0,0,0,1,0,1,0,0,0,0,0,0,0,0,12,15,"Geelong","2023",15
45,"Close, Brad",11,1,13,24,0,0,0,4,2,2,3,2,4,0,0,14,8,0,0,1,0,1,84,15,"Geelong","2023",15
16,"De Koning, Sam",9,3,6,15,0,0,0,3,4,1,1,2,2,1,0,6,10,1,0,6,0,0,87,15,"Geelong","2023",15
22,"Duncan, Mitch",19,6,3,22,1,1,0,8,5,5,1,5,0,0,0,6,14,0,0,2,0,0,86,15,"Geelong","2023",15
39,"Guthrie, Zach",9,5,3,12,1,0,0,2,3,0,0,2,0,1,0,5,5,2,0,1,2,0,71,15,"Geelong","2023",15
26,"Hawkins, Tom",8,2,5,13,1,1,2,1,0,2,0,2,1,2,0,7,7,0,1,1,0,0,97,15,"Geelong","2023",15
38,"Henry, Jack",12,7,4,16,0,0,0,1,3,0,0,5,3,2,0,7,8,1,0,5,0,0,100,15,"Geelong","2023",15
36,"Henry, Oliver",4,2,3,7,1,2,0,1,0,0,1,2,0,0,0,6,3,1,2,4,0,1,83,15,"Geelong","2023",15
9,"Holmes, Max",12,0,5,17,0,0,0,6,1,5,2,3,0,0,0,5,11,0,0,1,0,0,78,15,"Geelong","2023",15
8,"Kolodjashnij, Jake",10,4,2,12,0,0,0,1,1,2,0,2,1,0,0,6,5,2,0,5,0,0,88,15,"Geelong","2023",15
32,"Miers, Gryan",7,3,8,15,0,0,0,2,0,1,4,3,0,2,0,6,8,0,1,0,0,1,82,15,"Geelong","2023",15
42,"OConnor, Mark",5,2,8,13,0,0,0,5,2,1,1,5,2,0,0,7,6,0,0,3,0,0,73,15,"Geelong","2023",15
23,"Rohan, Gary",12,7,4,16,3,2,0,4,0,4,0,0,1,0,1,8,10,1,3,3,0,2,86,15,"Geelong","2023",15
7,"Smith, Isaac",13,3,4,17,0,1,0,2,3,3,0,4,0,0,0,1,15,0,0,0,0,0,85,15,"Geelong","2023",15
1,"Stanley, Rhys",6,1,3,9,0,1,26,1,1,1,2,4,1,4,0,3,2,0,1,4,0,0,76,15,"Geelong","2023",15
18,"Stengle, Tyson",7,1,3,10,1,0,0,2,0,3,0,1,1,1,0,2,7,0,1,2,0,1,84,15,"Geelong","2023",15
44,"Stewart, Tom",20,9,2,22,0,0,0,2,8,2,0,3,1,0,3,6,11,1,0,6,0,0,92,15,"Geelong","2023",15
2,"Tuohy, Zach",12,2,6,18,0,1,0,0,2,5,1,7,0,2,0,6,9,0,2,0,0,0,89,15,"Geelong","2023",15
10,"Brayshaw, Angus",15,4,10,25,0,0,0,2,4,3,6,4,0,0,0,13,12,1,0,2,0,0,78,-15,"Melbourne","2023",15
37,"Chandler, Kade",3,2,9,12,0,2,0,4,0,1,1,0,1,0,0,7,5,0,0,0,0,0,66,-15,"Melbourne","2023",15
31,"Fritsch, Bayley",5,2,4,9,2,1,0,3,0,1,0,3,0,3,0,5,4,1,2,2,0,1,88,-15,"Melbourne","2023",15
11,"Gawn, Max",10,1,5,15,0,0,23,4,2,1,5,3,2,0,0,11,3,0,0,4,0,0,79,-15,"Melbourne","2023",15
6,"Grundy, Brodie",6,5,7,13,0,0,19,1,0,4,2,2,3,2,0,9,6,3,0,1,0,0,63,-15,"Melbourne","2023",15
14,"Hibberd, Michael",10,4,5,15,0,0,0,2,5,1,0,1,0,1,0,8,7,1,0,3,0,0,91,-15,"Melbourne","2023",15
12,"Hunter, Lachie",11,3,12,23,0,0,0,4,3,5,3,5,0,0,0,9,16,0,1,3,2,0,94,-15,"Melbourne","2023",15
0,"Jordon, James",4,1,5,9,0,0,0,3,1,1,0,2,0,0,0,5,5,0,0,2,0,0,51,-15,"Melbourne","2023",15
15,"Langdon, Ed",14,5,7,21,0,0,0,3,2,3,1,3,1,0,0,4,18,0,0,2,0,0,91,-15,"Melbourne","2023",15
8,"Lever, Jake",6,5,9,15,0,0,0,0,2,1,1,4,1,2,0,9,7,0,0,10,0,0,100,-15,"Melbourne","2023",15
1,"May, Steven",15,1,1,16,0,0,0,3,10,2,1,2,2,0,0,4,5,0,0,7,1,0,100,-15,"Melbourne","2023",15
41,"McVee, Judd",10,3,5,15,0,0,0,1,1,3,1,2,0,1,0,3,11,0,0,2,0,1,84,-15,"Melbourne","2023",15
30,"Neal-Bullen, Alex",7,4,9,16,0,0,0,4,0,4,1,4,1,2,0,6,12,0,1,3,0,1,75,-15,"Melbourne","2023",15
5,"Petracca, Christian",18,3,15,33,1,2,0,6,3,5,10,6,3,1,0,16,16,0,0,1,0,1,83,-15,"Melbourne","2023",15
35,"Petty, Harry",2,1,3,5,0,0,0,3,1,0,0,3,1,2,0,1,5,0,0,7,0,0,84,-15,"Melbourne","2023",15
36,"Pickett, Kysaiah",8,1,4,12,2,2,0,5,0,1,3,3,0,0,0,6,4,0,1,2,0,0,89,-15,"Melbourne","2023",15
24,"Rivers, Trent",12,6,13,25,0,1,0,3,2,3,0,2,2,0,0,12,10,2,1,2,0,1,74,-15,"Melbourne","2023",15
3,"Salem, Christian",15,1,7,22,0,0,0,3,3,4,2,2,1,0,0,8,13,0,0,2,0,1,81,-15,"Melbourne","2023",15
29,"Smith, Joel",6,3,5,11,2,1,0,5,0,0,0,2,1,2,0,6,5,1,1,2,1,0,85,-15,"Melbourne","2023",15
0,"Spargo, Charlie",1,0,1,2,0,1,0,1,0,0,0,1,0,1,0,1,0,0,0,0,0,0,21,-15,"Melbourne","2023",15
32,"Sparrow, Tom",13,4,6,19,0,0,0,4,2,3,4,5,1,1,0,5,14,0,0,2,0,0,69,-15,"Melbourne","2023",15
2,"van Rooyen, Jacob",3,3,4,7,1,0,5,3,0,1,0,2,2,2,0,4,4,1,1,5,0,0,79,-15,"Melbourne","2023",15
7,"Viney, Jack",13,1,12,25,0,0,0,8,0,5,6,6,0,1,2,8,17,0,0,1,0,0,75,-15,"Melbourne","2023",15
