"Number","Player","Kicks","Marks","Handballs","Disposals","Goals","Behinds","Hitouts","Tackles","Rebounds50s","Inside50s","Clearances","Clangers","FreesFor","FreesAgainst","BrownlowVotes","ContestedPossessions","UncontestedPossessions","ContestedMarks","MarksInside50","OnePercenters","Bounces","GoalAssists","PercentagePlayed","PointDifference","Team","Season","Round"
17,"Bowey, Jake",10,4,8,18,1,0,0,0,6,1,1,0,1,0,0,7,10,1,1,2,0,0,85,90,"Melbourne","2023",7
10,"Brayshaw, Angus",14,4,15,29,0,1,0,2,5,1,2,2,2,0,0,11,20,0,0,5,0,0,88,90,"Melbourne","2023",7
37,"Chandler, Kade",13,8,8,21,3,0,0,3,0,3,0,3,0,1,2,5,16,1,3,1,0,1,71,90,"Melbourne","2023",7
31,"Fritsch, Bayley",9,5,4,13,4,0,0,1,0,2,0,3,0,1,1,5,8,0,2,1,0,0,83,90,"Melbourne","2023",7
11,"Gawn, Max",10,6,4,14,0,1,21,3,0,6,4,3,2,2,0,7,8,2,1,3,0,0,82,90,"Melbourne","2023",7
6,"Grundy, Brodie",8,3,10,18,2,0,27,3,1,4,4,6,2,2,0,9,9,2,1,3,0,1,80,90,"Melbourne","2023",7
0,"Harmes, James",1,0,2,3,0,0,0,2,0,0,0,0,0,0,0,1,2,0,0,0,2,0,16,90,"Melbourne","2023",7
0,"Hibberd, Michael",11,3,6,17,0,0,0,1,7,1,0,3,0,3,0,3,14,0,0,3,0,0,72,90,"Melbourne","2023",7
12,"Hunter, Lachie",9,2,11,20,0,0,0,2,0,4,1,0,0,0,0,4,15,0,0,5,0,1,90,90,"Melbourne","2023",7
23,"Jordon, James",6,4,16,22,0,0,0,1,0,2,2,1,1,1,0,7,15,0,0,1,0,0,83,90,"Melbourne","2023",7
15,"Langdon, Ed",10,2,10,20,0,0,0,4,1,3,3,4,0,0,0,6,14,0,0,2,0,0,88,90,"Melbourne","2023",7
8,"Lever, Jake",5,5,6,11,0,0,0,0,2,0,0,0,0,0,0,4,7,2,0,4,0,0,96,90,"Melbourne","2023",7
1,"May, Steven",10,7,4,14,0,0,0,1,5,3,0,1,0,0,0,4,7,3,0,6,0,0,98,90,"Melbourne","2023",7
41,"McVee, Judd",9,2,4,13,0,0,0,3,4,0,0,3,1,1,0,5,9,0,0,3,0,0,79,90,"Melbourne","2023",7
30,"Neal-Bullen, Alex",9,6,10,19,1,0,0,2,0,1,0,0,2,0,0,5,14,0,2,2,0,2,73,90,"Melbourne","2023",7
13,"Oliver, Clayton",17,7,20,37,0,0,0,3,4,4,6,4,1,0,0,15,21,0,0,1,0,1,79,90,"Melbourne","2023",7
5,"Petracca, Christian",20,8,15,35,3,1,0,3,1,9,4,6,0,1,3,16,18,0,3,1,0,2,75,90,"Melbourne","2023",7
36,"Pickett, Kysaiah",11,2,5,16,3,0,0,5,1,7,3,2,1,1,0,10,8,0,1,2,0,3,80,90,"Melbourne","2023",7
24,"Rivers, Trent",11,5,9,20,1,0,0,1,4,3,1,2,2,0,0,5,14,1,0,2,0,0,73,90,"Melbourne","2023",7
19,"Schache, Josh",6,4,3,9,1,0,0,2,0,3,2,5,1,3,0,4,5,1,0,1,0,1,76,90,"Melbourne","2023",7
32,"Sparrow, Tom",12,4,11,23,1,0,0,4,2,2,2,2,0,1,0,6,18,1,1,6,0,2,79,90,"Melbourne","2023",7
2,"van Rooyen, Jacob",3,4,2,5,1,0,0,3,0,1,0,1,0,1,0,0,6,0,1,0,0,0,78,90,"Melbourne","2023",7
7,"Viney, Jack",14,0,8,22,1,0,0,4,0,4,4,3,3,0,0,10,11,0,0,1,0,0,76,90,"Melbourne","2023",7
21,"Coleman-Jones, Callum",2,1,1,3,0,0,5,2,0,2,1,3,1,2,0,1,2,0,0,0,0,0,43,-90,"North Melbourne","2023",7
0,"Comben, Charlie",1,1,0,1,0,0,0,0,0,0,0,0,0,0,0,0,1,0,0,0,0,0,8,-90,"North Melbourne","2023",7
4,"Corr, Aidan",12,10,6,18,0,0,0,1,6,0,0,1,1,0,0,3,15,0,0,8,0,0,91,-90,"North Melbourne","2023",7
10,"Cunnington, Ben",9,5,18,27,1,0,0,3,0,6,11,2,1,0,0,19,11,0,1,1,0,0,74,-90,"North Melbourne","2023",7
25,"Curtis, Paul",2,2,3,5,0,0,0,1,0,3,0,0,1,0,0,4,1,1,0,0,0,1,71,-90,"North Melbourne","2023",7
22,"Goldstein, Todd",6,2,5,11,0,1,19,2,0,1,3,3,2,3,0,5,5,1,1,5,0,0,84,-90,"North Melbourne","2023",7
43,"Hall, Aaron",26,12,4,30,0,0,0,4,8,3,2,3,1,1,0,10,19,1,0,3,0,0,83,-90,"North Melbourne","2023",7
0,"Howe, Daniel",9,6,4,13,0,0,0,3,1,1,0,0,0,0,0,1,13,0,0,6,2,0,74,-90,"North Melbourne","2023",7
20,"Larkey, Nick",6,3,3,9,2,1,0,0,1,1,0,2,1,0,0,4,5,1,2,0,0,0,96,-90,"North Melbourne","2023",7
19,"Logue, Griffin",6,5,5,11,0,0,1,0,1,0,0,0,0,0,0,3,9,0,0,4,4,0,92,-90,"North Melbourne","2023",7
11,"McDonald, Luke",17,7,7,24,0,0,0,5,7,1,0,1,1,1,0,5,18,0,0,5,0,0,91,-90,"North Melbourne","2023",7
23,"McKay, Ben",10,7,0,10,0,0,0,1,2,0,0,1,0,0,0,0,10,0,0,7,0,0,98,-90,"North Melbourne","2023",7
24,"Powell, Tom",1,0,11,12,0,0,0,1,0,0,3,4,0,0,0,5,7,0,0,0,0,0,66,-90,"North Melbourne","2023",7
8,"Scott, Bailey",11,5,7,18,0,0,0,2,3,1,2,5,0,1,0,5,13,0,0,0,0,0,87,-90,"North Melbourne","2023",7
3,"Sheezel, Harry",19,11,11,30,0,0,0,3,3,3,2,2,2,0,0,10,19,1,0,0,0,1,83,-90,"North Melbourne","2023",7
14,"Shiels, Liam",15,6,12,27,1,0,0,6,3,6,2,7,0,3,0,10,16,1,1,0,0,0,80,-90,"North Melbourne","2023",7
12,"Simpkin, Jy",18,10,6,24,0,0,0,3,1,7,2,5,0,2,0,5,20,0,0,3,3,2,85,-90,"North Melbourne","2023",7
2,"Stephenson, Jaidyn",6,5,4,10,0,0,0,0,0,2,0,5,0,1,0,1,8,0,1,3,0,0,83,-90,"North Melbourne","2023",7
5,"Taylor, Curtis",11,7,4,15,0,0,0,3,1,3,0,3,1,1,0,3,12,1,1,0,0,0,83,-90,"North Melbourne","2023",7
13,"Tucker, Darcy",8,6,9,17,0,1,0,2,2,2,5,4,0,1,0,7,10,0,1,1,0,0,85,-90,"North Melbourne","2023",7
28,"Turner, Kayne",3,4,2,5,0,0,0,0,0,0,0,1,0,0,0,1,4,0,0,0,0,0,75,-90,"North Melbourne","2023",7
7,"Ziebell, Jack",18,6,2,20,0,0,0,2,3,2,0,1,4,0,0,7,11,1,0,5,0,1,77,-90,"North Melbourne","2023",7
44,"Zurhaar, Cameron",12,3,3,15,3,2,0,2,0,7,3,3,2,3,0,8,8,1,1,0,0,0,91,-90,"North Melbourne","2023",7
