"Number","Player","Kicks","Marks","Handballs","Disposals","Goals","Behinds","Hitouts","Tackles","Rebounds50s","Inside50s","Clearances","Clangers","FreesFor","FreesAgainst","BrownlowVotes","ContestedPossessions","UncontestedPossessions","ContestedMarks","MarksInside50","OnePercenters","Bounces","GoalAssists","PercentagePlayed","PointDifference","Team","Season","Round"
26,"Battle, Josh",8,7,5,13,0,0,0,1,0,0,0,2,0,0,0,2,11,1,0,2,0,0,85,33,"St Kilda","2023",23
16,"Butler, Dan",9,3,1,10,2,1,0,3,0,3,0,6,1,1,0,2,9,0,1,3,0,0,79,33,"St Kilda","2023",23
0,"Clark, Hunter",9,3,9,18,0,0,0,2,1,1,5,2,1,0,0,8,10,0,0,1,0,0,38,33,"St Kilda","2023",23
21,"Cordy, Zaine",7,6,7,14,0,0,0,2,2,0,1,1,0,0,0,6,9,1,0,4,0,0,98,33,"St Kilda","2023",23
5,"Crouch, Brad",12,3,17,29,0,0,0,4,2,1,11,2,5,0,2,16,13,0,0,0,0,0,80,33,"St Kilda","2023",23
4,"Gresham, Jade",15,5,6,21,0,2,0,1,1,5,3,4,3,1,0,8,12,1,1,1,0,2,86,33,"St Kilda","2023",23
22,"Higgins, Jack",9,5,5,14,2,3,0,0,0,0,1,1,2,0,0,6,8,0,3,1,0,0,78,33,"St Kilda","2023",23
8,"Hill, Bradley",20,13,11,31,0,1,0,0,2,6,0,3,0,0,0,2,28,0,2,0,5,0,84,33,"St Kilda","2023",23
12,"King, Max",9,7,7,16,3,3,0,2,0,1,0,1,2,1,0,7,9,2,5,0,0,0,89,33,"St Kilda","2023",23
19,"Marshall, Rowan",16,10,8,24,1,1,28,3,1,6,3,5,0,0,1,12,11,3,3,4,0,1,85,33,"St Kilda","2023",23
28,"Membrey, Tim",9,8,1,10,0,1,0,1,0,2,0,2,0,0,0,1,9,0,1,1,0,1,87,33,"St Kilda","2023",23
10,"Owens, Mitch",6,2,11,17,1,0,3,0,1,3,1,2,1,0,0,5,13,0,0,2,0,1,84,33,"St Kilda","2023",23
25,"Phillipou, Mattaes",2,0,5,7,1,0,0,1,0,1,0,1,0,0,0,5,3,0,0,0,0,0,64,33,"St Kilda","2023",23
0,"Ross, Sebastian",4,0,3,7,0,0,0,1,0,4,1,0,0,0,0,3,4,0,0,1,0,0,21,33,"St Kilda","2023",23
43,"Sharman, Cooper",8,6,3,11,2,0,0,1,0,2,2,4,0,2,0,5,6,2,2,2,0,0,70,33,"St Kilda","2023",23
35,"Sinclair, Jack",26,10,12,38,0,0,0,1,2,6,1,1,0,0,3,9,26,0,0,2,0,1,84,33,"St Kilda","2023",23
9,"Steele, Jack",17,5,10,27,0,0,0,7,1,5,2,4,1,0,0,9,17,0,0,2,0,1,88,33,"St Kilda","2023",23
14,"Stocker, Liam",9,6,11,20,0,0,0,2,3,2,0,3,3,0,0,3,18,0,0,1,1,0,70,33,"St Kilda","2023",23
7,"Wanganeen-Milera, Nasiah",16,9,6,22,0,0,0,1,2,4,0,1,0,0,0,3,15,0,0,2,2,0,83,33,"St Kilda","2023",23
29,"Webster, Jimmy",13,7,1,14,0,0,0,2,4,1,0,0,1,0,0,1,14,0,0,3,2,0,80,33,"St Kilda","2023",23
44,"Wilkie, Callum",13,14,8,21,0,0,0,0,6,0,0,1,0,0,0,6,17,1,0,2,0,0,100,33,"St Kilda","2023",23
17,"Windhager, Marcus",14,11,8,22,0,0,0,1,2,3,0,1,0,0,0,4,18,0,0,0,0,0,78,33,"St Kilda","2023",23
32,"Wood, Mason",17,11,6,23,0,1,0,2,2,3,2,0,0,0,0,7,16,1,2,2,1,0,89,33,"St Kilda","2023",23
30,"Atkins, Tom",12,3,11,23,1,0,0,9,3,2,5,4,0,2,0,14,10,0,1,2,0,0,77,-33,"Geelong","2023",23
24,"Bews, Jed",7,6,3,10,0,0,0,2,3,0,0,4,0,3,0,2,9,0,0,2,0,0,87,-33,"Geelong","2023",23
12,"Bowes, Jack",14,9,4,18,0,1,0,1,3,3,0,5,0,1,0,2,13,1,1,0,0,1,80,-33,"Geelong","2023",23
4,"Bruhn, Tanner",11,5,8,19,0,0,0,3,2,2,4,4,0,1,0,5,14,0,0,0,2,0,73,-33,"Geelong","2023",23
5,"Cameron, Jeremy",12,3,11,23,0,0,0,1,1,1,0,7,0,0,0,2,20,0,0,0,0,0,100,-33,"Geelong","2023",23
45,"Close, Brad",1,1,5,6,0,0,0,0,0,0,0,2,0,0,0,0,6,0,0,0,0,1,41,-33,"Geelong","2023",23
35,"Dangerfield, Patrick",4,0,9,13,0,0,0,5,1,4,3,8,0,3,0,6,8,0,0,0,0,0,69,-33,"Geelong","2023",23
16,"De Koning, Sam",8,6,5,13,0,0,4,0,2,1,1,1,1,0,0,8,6,1,0,5,0,0,94,-33,"Geelong","2023",23
22,"Duncan, Mitch",14,11,13,27,1,0,0,2,2,3,1,2,0,0,0,5,20,0,1,0,0,0,91,-33,"Geelong","2023",23
39,"Guthrie, Zach",17,10,4,21,1,1,0,0,4,1,0,2,0,1,0,5,13,2,1,10,0,0,83,-33,"Geelong","2023",23
26,"Hawkins, Tom",5,4,1,6,2,2,4,1,0,1,1,0,0,0,0,4,3,2,4,1,0,0,88,-33,"Geelong","2023",23
36,"Henry, Oliver",1,1,4,5,0,0,0,0,0,0,0,3,1,2,0,5,2,0,0,0,0,0,87,-33,"Geelong","2023",23
9,"Holmes, Max",11,6,9,20,1,1,0,0,1,2,3,4,0,1,0,6,12,1,0,0,0,0,67,-33,"Geelong","2023",23
8,"Kolodjashnij, Jake",9,5,1,10,0,0,0,1,3,0,0,5,0,3,0,6,6,2,0,0,1,0,89,-33,"Geelong","2023",23
32,"Miers, Gryan",18,5,3,21,0,1,0,4,0,4,2,4,0,0,0,10,12,0,0,1,1,2,89,-33,"Geelong","2023",23
33,"Neale, Shannon",0,1,3,3,0,0,6,5,0,0,0,2,0,1,0,2,1,1,0,2,0,0,82,-33,"Geelong","2023",23
42,"OConnor, Mark",12,8,6,18,0,0,0,4,4,3,0,2,2,0,0,5,14,1,0,2,0,0,85,-33,"Geelong","2023",23
0,"Parfitt, Brandan",7,2,6,13,0,0,0,4,0,3,1,3,0,0,0,3,8,0,0,1,0,0,49,-33,"Geelong","2023",23
0,"Ratugolea, Esava",1,1,2,3,0,0,0,1,1,0,0,1,0,1,0,1,2,0,0,1,0,0,15,-33,"Geelong","2023",23
7,"Smith, Isaac",11,7,6,17,0,0,0,2,2,5,0,1,0,0,0,2,14,0,0,1,0,1,85,-33,"Geelong","2023",23
18,"Stengle, Tyson",6,4,1,7,1,1,0,4,0,2,0,1,0,1,0,1,7,0,1,3,0,0,86,-33,"Geelong","2023",23
44,"Stewart, Tom",25,13,5,30,0,0,0,2,10,1,0,1,1,0,0,4,22,0,0,4,0,0,93,-33,"Geelong","2023",23
2,"Tuohy, Zach",17,8,8,25,1,0,0,1,3,3,0,4,0,0,0,8,12,0,0,0,0,1,92,-33,"Geelong","2023",23
