"Number","Player","Kicks","Marks","Handballs","Disposals","Goals","Behinds","Hitouts","Tackles","Rebounds50s","Inside50s","Clearances","Clangers","FreesFor","FreesAgainst","BrownlowVotes","ContestedPossessions","UncontestedPossessions","ContestedMarks","MarksInside50","OnePercenters","Bounces","GoalAssists","PercentagePlayed","PointDifference","Team","Season","Round"
13,"Adams, Taylor",9,3,11,20,1,0,0,5,0,3,3,5,0,2,0,7,12,0,1,1,0,0,76,2,"Collingwood","2023",15
14,"Cameron, Darcy",9,3,10,19,0,1,29,5,0,1,6,2,3,1,0,10,7,1,1,1,0,0,79,2,"Collingwood","2023",15
46,"Cox, Mason",5,2,5,10,2,0,11,2,0,3,2,1,4,1,0,9,3,1,1,4,0,1,77,2,"Collingwood","2023",15
25,"Crisp, Jack",7,2,7,14,0,2,0,3,2,1,3,0,1,0,0,5,10,1,1,0,2,0,80,2,"Collingwood","2023",15
7,"Daicos, Josh",18,6,15,33,1,0,0,0,3,6,6,4,1,1,0,8,25,0,0,0,1,1,90,2,"Collingwood","2023",15
35,"Daicos, Nick",13,2,24,37,1,0,0,5,1,3,8,4,1,0,3,14,21,0,0,0,0,1,78,2,"Collingwood","2023",15
5,"Elliott, Jamie",8,5,2,10,2,1,0,4,0,0,1,2,0,0,0,5,7,1,4,1,0,0,83,2,"Collingwood","2023",15
36,"Harrison, Harvey",5,3,4,9,1,0,0,2,0,3,0,2,0,0,0,3,6,1,0,1,0,1,65,2,"Collingwood","2023",15
23,"Hill, Bobby",6,0,3,9,1,0,0,2,0,2,0,1,1,0,0,3,5,0,0,0,2,0,72,2,"Collingwood","2023",15
32,"Hoskin-Elliott, Will",6,4,5,11,1,0,0,3,3,0,3,3,0,0,0,4,8,0,1,4,0,0,75,2,"Collingwood","2023",15
38,"Howe, Jeremy",14,8,6,20,0,0,0,1,9,1,0,1,0,0,0,4,14,1,0,2,0,0,83,2,"Collingwood","2023",15
0,"Johnson, Ash",3,1,3,6,1,0,0,1,0,2,0,0,1,0,0,2,4,0,0,1,0,0,54,2,"Collingwood","2023",15
1,"Lipinski, Patrick",11,3,9,20,0,1,0,3,1,5,1,5,1,1,0,9,11,0,0,0,0,1,82,2,"Collingwood","2023",15
37,"Markov, Oleg",7,7,4,11,0,0,0,3,3,1,0,0,1,0,0,5,6,1,0,3,0,0,76,2,"Collingwood","2023",15
4,"Maynard, Brayden",20,6,7,27,0,0,0,1,7,1,0,5,1,0,0,7,13,1,0,1,1,0,81,2,"Collingwood","2023",15
0,"McCreery, Beau",0,0,3,3,0,0,0,2,0,0,0,1,0,0,0,2,1,0,0,1,0,0,27,2,"Collingwood","2023",15
41,"Mihocek, Brody",6,2,2,8,0,2,0,1,0,0,0,3,0,1,0,4,3,1,1,0,0,0,90,2,"Collingwood","2023",15
6,"Mitchell, Tom",11,5,16,27,1,1,0,7,1,5,3,5,0,2,0,10,18,0,0,0,0,0,82,2,"Collingwood","2023",15
30,"Moore, Darcy",13,7,2,15,0,0,0,0,4,1,0,4,0,2,0,2,11,0,0,12,0,0,96,2,"Collingwood","2023",15
28,"Murphy, Nathan",5,5,2,7,0,0,0,1,3,0,0,2,1,0,0,3,6,1,0,8,0,0,100,2,"Collingwood","2023",15
9,"Noble, John",12,4,2,14,0,0,0,5,3,3,2,1,3,0,0,3,10,0,0,2,0,0,84,2,"Collingwood","2023",15
10,"Pendlebury, Scott",15,1,9,24,0,0,0,3,0,7,3,4,1,1,0,8,16,1,0,1,0,0,85,2,"Collingwood","2023",15
3,"Quaynor, Isaac",12,8,3,15,0,0,0,5,6,1,0,3,1,0,0,7,10,0,0,0,1,0,84,2,"Collingwood","2023",15
41,"Butts, Jordon",4,4,4,8,0,0,0,2,1,0,0,2,0,1,0,4,4,0,0,8,0,0,96,-2,"Adelaide","2023",15
12,"Dawson, Jordan",27,9,8,35,0,0,0,12,0,10,5,5,3,1,1,11,21,0,0,1,1,3,81,-2,"Adelaide","2023",15
32,"Fogarty, Darcy",5,4,4,9,1,0,0,4,0,3,1,2,0,0,0,2,7,0,1,0,0,1,84,-2,"Adelaide","2023",15
20,"Hinge, Mitch",19,3,4,23,0,0,0,2,6,4,0,6,1,0,0,6,12,1,0,1,0,1,86,-2,"Adelaide","2023",15
1,"Jones, Chayce",14,0,9,23,0,0,0,1,1,5,2,2,2,1,0,8,14,0,0,3,0,0,88,-2,"Adelaide","2023",15
2,"Keays, Ben",11,2,18,29,0,1,0,5,2,3,10,5,0,2,0,16,12,0,1,0,0,1,84,-2,"Adelaide","2023",15
29,"Laird, Rory",10,4,21,31,0,0,0,7,4,1,6,3,2,1,0,16,16,1,0,2,0,0,79,-2,"Adelaide","2023",15
0,"McHenry, Ned",7,5,9,16,0,0,0,1,1,2,0,1,0,0,0,4,12,0,0,1,1,1,48,-2,"Adelaide","2023",15
16,"Michalanney, Max",7,5,2,9,0,0,0,4,2,1,0,2,0,0,0,2,6,1,0,3,0,0,92,-2,"Adelaide","2023",15
30,"Milera, Wayne",7,4,11,18,0,0,0,4,4,0,0,3,1,1,0,4,13,0,0,1,1,0,86,-2,"Adelaide","2023",15
4,"Murphy, Lachlan",6,1,1,7,1,1,0,2,1,2,0,2,0,2,0,1,7,0,0,0,0,0,74,-2,"Adelaide","2023",15
0,"Murray, Nick",1,1,1,2,0,0,0,0,1,1,0,1,0,1,0,1,1,1,0,3,0,0,40,-2,"Adelaide","2023",15
43,"OBrien, Reilly",5,4,7,12,0,0,29,3,1,2,2,2,1,2,0,7,5,2,1,4,0,2,79,-2,"Adelaide","2023",15
10,"Pedlar, Luke",10,5,1,11,1,1,0,4,0,5,2,3,1,1,0,5,6,0,2,1,0,0,80,-2,"Adelaide","2023",15
8,"Rachele, Josh",5,3,6,11,0,3,0,2,1,1,0,0,0,0,0,5,6,0,2,1,0,0,87,-2,"Adelaide","2023",15
22,"Rankine, Izak",14,7,7,21,1,1,0,4,0,5,0,2,0,0,0,5,13,0,3,0,0,0,90,-2,"Adelaide","2023",15
38,"Sholl, Lachlan",8,3,3,11,0,0,0,0,1,0,0,4,0,2,0,3,10,0,2,0,0,1,80,-2,"Adelaide","2023",15
9,"Sloane, Rory",3,4,16,19,0,0,0,2,0,2,4,3,0,2,0,7,13,0,0,3,0,0,65,-2,"Adelaide","2023",15
33,"Smith, Brodie",13,1,6,19,0,1,0,4,5,2,1,1,0,0,0,7,11,0,0,1,0,1,84,-2,"Adelaide","2023",15
14,"Soligo, Jake",6,2,5,11,1,1,0,3,1,0,3,1,0,1,0,5,7,0,0,0,0,0,80,-2,"Adelaide","2023",15
7,"Thilthorpe, Riley",6,4,8,14,1,0,5,1,1,3,0,3,0,1,0,5,9,2,1,3,0,0,60,-2,"Adelaide","2023",15
13,"Walker, Taylor",12,7,1,13,5,1,1,2,0,4,0,3,1,1,2,6,7,2,3,2,1,0,86,-2,"Adelaide","2023",15
24,"Worrell, Josh",9,5,5,14,0,0,0,1,4,1,0,4,0,1,0,7,5,1,0,5,0,0,71,-2,"Adelaide","2023",15
