"Number","Player","Kicks","Marks","Handballs","Disposals","Goals","Behinds","Hitouts","Tackles","Rebounds50s","Inside50s","Clearances","Clangers","FreesFor","FreesAgainst","BrownlowVotes","ContestedPossessions","UncontestedPossessions","ContestedMarks","MarksInside50","OnePercenters","Bounces","GoalAssists","PercentagePlayed","PointDifference","Team","Season","Round"
35,"Borlase, James",4,2,1,5,0,0,0,2,1,1,0,2,4,1,0,5,2,1,0,12,0,0,83,-1,"Adelaide","2023",23
5,"Crouch, Matt",8,6,18,26,1,0,0,5,0,5,6,4,0,1,0,11,14,0,1,1,0,0,65,-1,"Adelaide","2023",23
12,"Dawson, Jordan",12,4,7,19,0,2,0,8,1,4,4,1,3,1,0,7,13,0,0,3,0,1,85,-1,"Adelaide","2023",23
32,"Fogarty, Darcy",5,1,5,10,0,1,0,2,0,3,2,5,0,3,0,8,3,1,1,0,0,0,89,-1,"Adelaide","2023",23
20,"Hinge, Mitch",13,4,3,16,0,0,0,3,6,1,0,2,0,1,0,7,7,0,0,3,0,0,77,-1,"Adelaide","2023",23
48,"Keane, Mark",9,3,5,14,0,0,0,0,3,1,0,3,2,2,0,5,10,0,0,8,0,0,88,-1,"Adelaide","2023",23
2,"Keays, Ben",5,0,10,15,0,1,0,1,1,3,2,6,0,1,0,6,7,0,0,1,0,0,88,-1,"Adelaide","2023",23
29,"Laird, Rory",19,3,12,31,0,1,0,8,1,4,9,3,1,2,2,15,17,0,0,1,1,0,83,-1,"Adelaide","2023",23
23,"McAdam, Shane",8,4,4,12,1,0,0,7,1,3,0,3,2,1,0,6,7,0,2,3,0,0,83,-1,"Adelaide","2023",23
16,"Michalanney, Max",8,2,7,15,0,0,0,2,4,1,1,3,0,1,0,5,8,0,0,3,0,0,93,-1,"Adelaide","2023",23
30,"Milera, Wayne",12,3,9,21,1,0,0,3,5,2,0,7,1,3,0,5,14,0,0,1,1,0,86,-1,"Adelaide","2023",23
4,"Murphy, Lachlan",12,2,4,16,1,0,0,3,1,4,5,2,2,0,0,10,6,0,1,2,0,1,72,-1,"Adelaide","2023",23
43,"OBrien, Reilly",6,0,4,10,0,0,49,5,1,1,3,2,1,1,0,8,2,0,0,5,0,0,81,-1,"Adelaide","2023",23
0,"Pedlar, Luke",5,2,7,12,0,0,0,5,0,4,2,2,1,0,0,7,4,0,0,4,0,1,43,-1,"Adelaide","2023",23
8,"Rachele, Josh",9,0,5,14,2,2,0,4,0,0,0,6,1,1,0,6,7,0,0,0,0,0,67,-1,"Adelaide","2023",23
22,"Rankine, Izak",6,3,12,18,1,0,0,4,1,5,2,2,1,0,0,14,4,1,0,0,0,0,91,-1,"Adelaide","2023",23
26,"Schoenberg, Harry",7,1,8,15,1,0,0,3,1,1,1,2,1,2,0,4,10,0,1,1,0,1,79,-1,"Adelaide","2023",23
0,"Sloane, Rory",3,0,6,9,0,0,0,7,1,0,2,1,1,0,0,6,3,0,0,0,0,0,34,-1,"Adelaide","2023",23
33,"Smith, Brodie",21,7,4,25,0,0,0,1,6,7,0,5,0,0,0,6,17,0,0,1,0,1,93,-1,"Adelaide","2023",23
14,"Soligo, Jake",17,4,11,28,0,0,0,4,3,5,3,7,1,0,0,12,17,0,0,2,0,0,87,-1,"Adelaide","2023",23
7,"Thilthorpe, Riley",2,1,1,3,0,1,5,1,0,0,0,4,0,1,0,1,2,1,1,1,0,0,63,-1,"Adelaide","2023",23
13,"Walker, Taylor",9,4,2,11,2,1,7,1,0,2,0,1,1,1,0,4,6,1,3,0,0,1,89,-1,"Adelaide","2023",23
24,"Worrell, Josh",8,3,2,10,0,0,0,2,5,1,1,0,1,0,0,7,7,0,0,7,0,0,81,-1,"Adelaide","2023",23
22,"Blakey, Nick",14,2,7,21,0,0,0,2,6,1,0,1,0,1,1,4,9,0,0,13,5,1,84,1,"Sydney","2023",23
16,"Campbell, Braeden",10,2,8,18,1,0,0,2,3,1,2,2,1,0,0,10,8,0,0,0,0,0,83,1,"Sydney","2023",23
0,"Clarke, Ryan",2,0,0,2,0,0,0,3,0,0,0,1,1,0,0,1,0,0,0,0,0,0,17,1,"Sydney","2023",23
7,"Cunningham, Harry",6,2,4,10,0,0,0,1,3,0,2,3,0,2,0,2,7,0,0,5,0,0,95,1,"Sydney","2023",23
13,"Florent, Oliver",13,2,8,21,0,0,0,3,8,1,3,1,2,1,0,12,8,0,0,0,1,0,88,1,"Sydney","2023",23
42,"Fox, Robbie",7,2,3,10,0,0,0,2,3,0,0,3,0,1,0,4,5,0,0,5,0,0,73,1,"Sydney","2023",23
10,"Francis, Aaron",6,4,3,9,1,0,0,2,0,1,0,2,0,1,0,3,5,2,2,1,0,1,59,1,"Sydney","2023",23
21,"Gulden, Errol",24,2,6,30,0,2,0,5,4,8,4,6,1,2,3,16,16,0,0,1,1,0,89,1,"Sydney","2023",23
9,"Hayward, Will",10,2,1,11,1,0,0,4,0,3,0,3,2,1,0,6,6,0,1,2,0,1,92,1,"Sydney","2023",23
5,"Heeney, Isaac",11,2,7,18,3,1,0,5,1,2,2,4,3,1,0,13,4,1,1,1,0,1,89,1,"Sydney","2023",23
31,"Hickey, Tom",6,4,10,16,0,1,21,3,2,2,3,3,2,2,0,11,6,2,1,3,0,0,72,1,"Sydney","2023",23
44,"Lloyd, Jake",13,3,3,16,0,0,0,6,4,3,2,2,0,0,0,4,8,0,0,2,0,0,85,1,"Sydney","2023",23
30,"McCartin, Tom",3,3,9,12,0,0,0,4,2,0,1,2,2,2,0,10,2,3,0,10,0,0,90,1,"Sydney","2023",23
6,"McDonald, Logan",8,2,3,11,1,1,0,5,0,2,0,2,0,2,0,5,2,1,1,3,0,0,80,1,"Sydney","2023",23
2,"McLean, Hayden",10,3,5,15,2,0,8,2,0,4,5,5,1,2,0,10,6,2,1,7,0,0,82,1,"Sydney","2023",23
14,"Mills, Callum",7,3,4,11,0,0,0,4,2,4,1,6,0,1,0,4,7,0,0,4,0,0,86,1,"Sydney","2023",23
0,"Papley, Tom",8,0,3,11,1,1,0,2,0,2,5,5,1,0,0,7,7,0,0,2,0,0,66,1,"Sydney","2023",23
26,"Parker, Luke",9,1,3,12,0,0,0,6,0,1,2,2,0,1,0,7,4,0,0,0,0,0,77,1,"Sydney","2023",23
24,"Rampe, Dane",6,4,3,9,0,0,0,3,1,3,0,1,1,0,0,6,6,0,0,7,0,0,86,1,"Sydney","2023",23
8,"Rowbottom, James",7,1,8,15,0,0,0,8,2,3,3,2,2,0,0,9,7,0,0,0,0,1,78,1,"Sydney","2023",23
3,"Stephens, Dylan",10,4,6,16,0,0,0,4,2,2,1,2,2,1,0,8,8,0,0,0,0,0,75,1,"Sydney","2023",23
1,"Warner, Chad",16,3,9,25,0,1,0,3,3,7,6,2,2,1,0,10,15,0,0,0,0,0,77,1,"Sydney","2023",23
15,"Wicks, Sam",5,2,5,10,1,0,0,6,1,4,0,4,0,2,0,3,6,0,0,1,0,1,80,1,"Sydney","2023",23
