"Number","Player","Kicks","Marks","Handballs","Disposals","Goals","Behinds","Hitouts","Tackles","Rebounds50s","Inside50s","Clearances","Clangers","FreesFor","FreesAgainst","BrownlowVotes","ContestedPossessions","UncontestedPossessions","ContestedMarks","MarksInside50","OnePercenters","Bounces","GoalAssists","PercentagePlayed","PointDifference","Team","Season","Round"
7,"Baker, Liam",11,4,10,21,0,1,0,0,1,3,0,3,0,2,0,5,15,0,0,1,3,0,89,-24,"Richmond","2023",7
21,"Balta, Noah",8,4,2,10,0,0,0,1,2,0,0,3,1,2,0,5,5,1,0,3,0,0,80,-24,"Richmond","2023",7
29,"Bolton, Shai",14,2,5,19,1,2,0,1,1,5,3,0,1,0,0,7,13,0,1,2,3,0,92,-24,"Richmond","2023",7
35,"Broad, Nathan",10,4,10,20,0,0,0,1,2,3,0,1,1,0,0,4,14,0,0,8,0,1,79,-24,"Richmond","2023",7
0,"Clarke, Judson",3,2,2,5,0,0,0,1,1,1,0,1,0,0,0,2,3,0,0,0,0,0,31,-24,"Richmond","2023",7
9,"Cotchin, Trent",6,4,5,11,0,0,0,3,0,1,3,4,0,0,0,3,8,0,0,2,0,0,76,-24,"Richmond","2023",7
38,"Cumberland, Noah",4,2,2,6,0,2,0,2,0,1,0,4,2,2,0,4,2,0,2,0,0,0,74,-24,"Richmond","2023",7
2,"Grimes, Dylan",6,2,1,7,0,0,0,2,3,1,0,2,2,1,0,3,4,0,0,3,0,1,81,-24,"Richmond","2023",7
22,"Hopper, Jacob",7,2,14,21,0,0,0,4,1,5,6,5,2,4,0,9,13,0,0,1,0,1,72,-24,"Richmond","2023",7
4,"Martin, Dustin",12,4,7,19,0,0,0,2,0,7,6,2,1,0,0,10,8,2,0,1,0,0,90,-24,"Richmond","2023",7
33,"McIntosh, Kamdyn",11,7,5,16,0,0,0,4,2,1,2,1,1,0,0,7,10,1,0,4,0,0,90,-24,"Richmond","2023",7
46,"Miller, Ben",0,1,2,2,0,0,3,4,0,1,0,0,0,0,0,1,1,0,0,3,0,0,72,-24,"Richmond","2023",7
50,"Pickett, Marlion",10,5,8,18,0,1,0,6,1,5,2,5,2,0,0,9,10,0,1,1,0,0,82,-24,"Richmond","2023",7
8,"Riewoldt, Jack",3,3,1,4,1,1,0,2,0,1,0,1,0,1,0,1,3,0,2,1,0,0,88,-24,"Richmond","2023",7
17,"Rioli, Daniel",12,6,9,21,0,0,0,0,5,2,0,1,0,0,0,4,16,1,0,4,4,0,81,-24,"Richmond","2023",7
5,"Ross, Jack",7,4,10,17,0,0,0,3,1,2,4,1,1,0,0,8,12,0,0,1,0,1,76,-24,"Richmond","2023",7
32,"Ryan, Samson",7,5,4,11,2,0,12,2,0,1,1,3,0,1,0,4,7,0,2,1,0,0,90,-24,"Richmond","2023",7
15,"Short, Jayden",25,11,7,32,0,0,0,1,7,5,5,5,0,1,0,5,23,1,0,0,1,0,83,-24,"Richmond","2023",7
20,"Soldo, Ivan",7,5,4,11,1,1,14,2,2,2,1,2,2,1,0,8,4,1,2,1,0,0,57,-24,"Richmond","2023",7
0,"Sonsie, Tyler",2,0,2,4,0,0,0,0,0,1,0,3,0,0,0,1,3,0,0,0,0,0,47,-24,"Richmond","2023",7
14,"Taranto, Tim",16,9,16,32,1,1,0,3,4,4,8,1,0,0,1,13,19,0,1,1,1,0,88,-24,"Richmond","2023",7
1,"Vlastuin, Nick",12,6,6,18,0,0,0,1,6,0,2,3,0,0,0,9,11,2,0,3,0,0,86,-24,"Richmond","2023",7
45,"Young, Tylar",7,4,7,14,0,0,0,1,2,1,0,6,0,3,0,8,6,0,0,8,0,0,97,-24,"Richmond","2023",7
9,"Ainsworth, Ben",9,5,5,14,1,0,0,1,0,4,2,3,1,1,0,4,10,0,1,1,0,1,67,24,"Gold Coast","2023",7
15,"Anderson, Noah",19,9,13,32,1,1,0,5,3,4,9,4,0,1,3,14,18,0,0,0,4,0,86,24,"Gold Coast","2023",7
2,"Atkins, Rory",18,11,7,25,0,0,0,0,3,4,0,1,1,0,0,1,22,0,0,1,1,0,75,24,"Gold Coast","2023",7
10,"Ballard, Charlie",21,12,3,24,0,0,0,2,4,1,0,1,2,0,0,3,21,0,0,5,0,0,100,24,"Gold Coast","2023",7
1,"Chol, Mabior",2,3,1,3,0,1,7,1,0,1,0,3,0,1,0,0,3,0,1,0,0,0,70,24,"Gold Coast","2023",7
25,"Collins, Sam",14,10,0,14,0,0,0,2,3,0,1,0,1,0,0,6,8,2,0,7,0,0,100,24,"Gold Coast","2023",7
5,"Davies, Alex",6,2,4,10,0,0,0,6,0,3,0,4,0,0,0,4,6,0,0,0,0,1,60,24,"Gold Coast","2023",7
4,"Ellis, Brandon",13,8,12,25,1,0,0,1,0,6,1,1,0,0,0,8,16,0,0,1,1,0,87,24,"Gold Coast","2023",7
8,"Fiorini, Brayden",14,9,6,20,1,0,0,6,2,4,1,1,1,0,0,2,18,0,0,0,0,0,71,24,"Gold Coast","2023",7
7,"Holman, Nick",8,4,7,15,2,1,0,6,1,1,0,2,2,1,0,8,7,0,2,1,0,1,78,24,"Gold Coast","2023",7
0,"Humphrey, Bailey",0,0,1,1,0,0,0,1,0,0,0,3,0,2,0,1,0,0,0,0,0,0,46,24,"Gold Coast","2023",7
34,"King, Ben",8,5,2,10,4,0,0,1,0,2,0,1,3,0,2,6,4,2,3,1,0,0,89,24,"Gold Coast","2023",7
23,"Lemmens, Sean",10,5,3,13,0,0,0,2,5,0,2,3,0,1,0,4,10,0,0,2,0,0,72,24,"Gold Coast","2023",7
22,"Long, Ben",6,5,6,12,0,0,0,1,1,0,1,4,0,2,0,2,8,0,0,5,0,0,74,24,"Gold Coast","2023",7
13,"Lukosius, Jack",12,5,0,12,0,1,0,0,1,4,0,8,1,2,0,3,9,0,0,3,0,1,86,24,"Gold Coast","2023",7
44,"Macpherson, Darcy",18,9,13,31,0,0,0,3,2,2,2,2,0,0,0,7,22,0,0,0,0,0,88,24,"Gold Coast","2023",7
27,"Powell, Wil",23,13,5,28,0,0,0,2,14,0,0,1,1,0,0,5,18,1,0,3,0,0,90,24,"Gold Coast","2023",7
0,"Rosas, Malcolm",5,3,1,6,0,0,0,3,0,1,0,0,1,0,0,2,4,1,0,1,1,0,30,24,"Gold Coast","2023",7
18,"Rowell, Matt",14,4,12,26,0,0,0,9,2,4,8,7,2,2,0,14,13,0,0,1,0,0,82,24,"Gold Coast","2023",7
6,"Sexton, Alex",4,2,4,8,0,1,0,0,0,2,0,1,0,0,0,2,6,0,1,1,2,0,79,24,"Gold Coast","2023",7
24,"Swallow, David",13,5,4,17,0,0,0,7,2,3,2,3,0,2,0,4,14,0,1,0,0,0,95,24,"Gold Coast","2023",7
14,"Weller, Lachie",8,5,10,18,0,0,0,2,2,4,3,0,0,0,0,8,12,1,0,3,0,1,86,24,"Gold Coast","2023",7
28,"Witts, Jarrod",9,1,7,16,1,0,35,3,1,3,8,5,2,1,0,12,3,0,0,2,0,0,86,24,"Gold Coast","2023",7
