"Number","Player","Kicks","Marks","Handballs","Disposals","Goals","Behinds","Hitouts","Tackles","Rebounds50s","Inside50s","Clearances","Clangers","FreesFor","FreesAgainst","BrownlowVotes","ContestedPossessions","UncontestedPossessions","ContestedMarks","MarksInside50","OnePercenters","Bounces","GoalAssists","PercentagePlayed","PointDifference","Team","Season","Round"
3,"Berry, Sam",5,2,6,11,0,0,0,5,1,1,0,1,2,1,0,5,7,0,0,0,0,1,73,-32,"Adelaide","2023",2
12,"Dawson, Jordan",19,5,8,27,0,0,0,3,6,2,1,0,1,0,1,3,17,0,0,2,3,0,93,-32,"Adelaide","2023",2
39,"Doedee, Tom",7,6,6,13,0,0,0,2,2,2,1,0,0,0,0,5,8,1,0,7,0,0,90,-32,"Adelaide","2023",2
32,"Fogarty, Darcy",11,6,1,12,3,1,0,1,1,2,0,2,1,0,0,5,7,1,3,1,0,1,88,-32,"Adelaide","2023",2
34,"Himmelberg, Elliott",7,4,2,9,0,0,1,0,1,1,0,1,0,1,0,4,5,2,0,4,0,0,75,-32,"Adelaide","2023",2
20,"Hinge, Mitch",9,4,7,16,0,0,0,2,3,1,1,2,0,1,0,7,9,1,0,5,0,0,85,-32,"Adelaide","2023",2
2,"Keays, Ben",10,2,11,21,0,2,0,3,2,2,0,3,1,1,0,6,14,0,0,1,0,0,88,-32,"Adelaide","2023",2
29,"Laird, Rory",16,4,23,39,0,1,0,8,0,7,7,3,3,0,0,15,23,0,0,0,0,2,83,-32,"Adelaide","2023",2
16,"Michalanney, Max",4,2,4,8,0,0,0,5,3,1,0,2,2,0,0,5,4,0,0,3,0,0,86,-32,"Adelaide","2023",2
4,"Murphy, Lachlan",10,2,3,13,0,0,0,1,0,6,3,1,1,0,0,6,8,0,0,1,3,3,67,-32,"Adelaide","2023",2
28,"Murray, Nick",9,5,4,13,0,0,0,1,5,1,1,2,1,0,0,8,6,1,0,11,0,0,88,-32,"Adelaide","2023",2
43,"OBrien, Reilly",4,6,13,17,0,0,30,4,0,1,4,3,2,2,0,12,6,2,0,2,0,1,83,-32,"Adelaide","2023",2
0,"Parnell, Patrick",0,0,0,0,0,0,0,0,0,0,0,0,1,0,0,1,0,0,0,0,0,0,6,-32,"Adelaide","2023",2
10,"Pedlar, Luke",9,6,3,12,0,2,0,2,0,1,0,3,0,2,0,1,13,0,2,2,0,0,77,-32,"Adelaide","2023",2
8,"Rachele, Josh",13,4,6,19,2,1,0,2,0,4,2,4,1,0,0,7,11,1,1,0,1,0,85,-32,"Adelaide","2023",2
22,"Rankine, Izak",8,2,4,12,2,1,0,3,0,3,2,4,0,3,0,5,6,0,2,0,0,0,87,-32,"Adelaide","2023",2
26,"Schoenberg, Harry",9,3,4,13,0,0,0,1,1,1,0,4,0,1,0,4,8,1,0,0,0,0,69,-32,"Adelaide","2023",2
38,"Sholl, Lachlan",18,7,9,27,0,0,0,4,1,3,3,4,1,0,0,9,18,0,0,0,2,0,86,-32,"Adelaide","2023",2
9,"Sloane, Rory",7,2,9,16,0,0,0,1,1,1,3,2,1,0,0,7,7,0,0,2,0,0,84,-32,"Adelaide","2023",2
33,"Smith, Brodie",15,4,5,20,0,1,0,4,3,4,4,7,0,2,0,8,11,0,0,1,0,0,88,-32,"Adelaide","2023",2
14,"Soligo, Jake",9,5,9,18,0,1,0,6,2,2,0,2,1,0,0,6,13,0,0,1,0,0,78,-32,"Adelaide","2023",2
0,"Thilthorpe, Riley",5,3,3,8,1,0,4,1,1,3,1,2,0,1,0,5,3,2,0,3,0,0,53,-32,"Adelaide","2023",2
13,"Walker, Taylor",12,10,2,14,2,3,0,1,0,4,0,2,1,1,0,5,9,3,4,1,0,1,87,-32,"Adelaide","2023",2
7,"Baker, Liam",15,5,10,25,1,0,0,3,8,2,2,3,2,0,0,8,15,0,0,5,1,1,92,32,"Richmond","2023",2
21,"Balta, Noah",13,10,0,13,0,0,0,0,6,1,0,1,0,0,3,6,7,4,0,5,1,0,94,32,"Richmond","2023",2
29,"Bolton, Shai",11,3,5,16,1,0,0,3,0,5,3,3,0,2,0,7,7,1,0,0,1,0,88,32,"Richmond","2023",2
35,"Broad, Nathan",10,4,6,16,1,0,0,2,5,0,0,1,1,1,0,3,10,0,0,5,1,0,88,32,"Richmond","2023",2
9,"Cotchin, Trent",8,2,9,17,1,0,0,1,1,2,3,2,1,0,0,11,6,1,0,0,0,0,71,32,"Richmond","2023",2
34,"Graham, Jack",6,6,9,15,1,0,0,4,0,2,0,1,2,0,0,5,11,0,1,0,0,1,86,32,"Richmond","2023",2
2,"Grimes, Dylan",1,1,7,8,0,0,0,1,1,0,0,1,0,1,0,5,3,0,0,4,0,0,73,32,"Richmond","2023",2
22,"Hopper, Jacob",10,7,13,23,1,0,0,6,3,6,4,0,2,0,0,8,15,0,0,1,0,1,69,32,"Richmond","2023",2
19,"Lynch, Tom",10,8,1,11,3,0,0,0,0,1,0,6,0,3,0,7,5,4,3,3,0,1,89,32,"Richmond","2023",2
0,"Mansell, Rhyan",2,0,1,3,1,0,0,1,0,1,0,0,1,0,0,2,1,0,0,1,0,0,16,32,"Richmond","2023",2
0,"Martin, Dustin",8,6,6,14,1,0,0,1,0,2,0,1,0,0,0,6,8,1,2,1,0,0,62,32,"Richmond","2023",2
33,"McIntosh, Kamdyn",6,1,7,13,0,1,0,1,0,0,2,4,0,0,0,7,5,1,0,2,0,0,79,32,"Richmond","2023",2
25,"Nankervis, Toby",8,4,10,18,0,0,37,4,1,2,6,3,2,3,0,9,9,0,0,4,0,0,81,32,"Richmond","2023",2
50,"Pickett, Marlion",10,5,9,19,0,0,0,1,1,5,1,4,0,3,0,5,15,0,1,2,2,2,80,32,"Richmond","2023",2
3,"Prestia, Dion",7,1,14,21,0,0,0,0,0,2,3,5,0,2,0,11,12,0,0,1,0,0,77,32,"Richmond","2023",2
8,"Riewoldt, Jack",6,6,3,9,2,2,0,0,0,2,0,0,0,0,0,5,5,2,4,2,0,3,86,32,"Richmond","2023",2
17,"Rioli, Daniel",17,7,6,23,0,0,0,1,4,2,2,2,1,0,0,4,17,0,0,0,3,0,81,32,"Richmond","2023",2
10,"Rioli, Maurice",5,0,0,5,0,0,0,2,0,0,0,1,0,0,0,0,4,0,0,0,1,1,77,32,"Richmond","2023",2
32,"Ryan, Samson",4,4,2,6,3,0,6,1,0,1,1,1,1,0,0,4,2,2,3,2,0,0,69,32,"Richmond","2023",2
15,"Short, Jayden",15,3,5,20,1,0,0,0,1,5,1,0,0,0,0,4,16,0,0,0,0,2,85,32,"Richmond","2023",2
14,"Taranto, Tim",15,4,13,28,0,1,0,8,1,7,7,7,1,3,2,11,17,0,1,1,1,0,85,32,"Richmond","2023",2
1,"Vlastuin, Nick",17,5,3,20,0,0,0,2,8,1,0,1,1,1,0,4,9,0,1,6,0,0,95,32,"Richmond","2023",2
45,"Young, Tylar",5,2,0,5,0,0,0,1,1,2,1,2,1,1,0,3,2,0,0,7,0,0,78,32,"Richmond","2023",2
