"Number","Player","Kicks","Marks","Handballs","Disposals","Goals","Behinds","Hitouts","Tackles","Rebounds50s","Inside50s","Clearances","Clangers","FreesFor","FreesAgainst","BrownlowVotes","ContestedPossessions","UncontestedPossessions","ContestedMarks","MarksInside50","OnePercenters","Bounces","GoalAssists","PercentagePlayed","PointDifference","Team","Season","Round"
9,"Ainsworth, Ben",10,5,6,16,0,1,0,3,0,5,1,3,0,0,0,7,9,0,0,0,0,0,85,19,"Gold Coast","2023",3
15,"Anderson, Noah",13,1,8,21,1,0,0,2,2,6,7,3,0,0,0,10,10,0,0,1,0,0,89,19,"Gold Coast","2023",3
10,"Ballard, Charlie",11,5,3,14,1,0,0,0,5,1,1,4,0,1,0,7,7,2,1,4,0,0,100,19,"Gold Coast","2023",3
30,"Casboult, Levi",10,7,8,18,0,1,3,1,0,4,1,6,0,1,0,11,6,5,1,0,0,0,90,19,"Gold Coast","2023",3
25,"Collins, Sam",9,4,7,16,0,0,0,5,3,0,0,1,0,0,0,6,9,0,0,6,0,0,100,19,"Gold Coast","2023",3
50,"Farrar, Jy",7,4,7,14,0,1,0,2,2,1,1,3,2,1,0,9,6,1,0,4,2,0,73,19,"Gold Coast","2023",3
0,"Flanders, Sam",2,3,5,7,0,0,0,0,0,0,0,1,1,0,0,1,6,0,0,2,0,0,28,19,"Gold Coast","2023",3
36,"Hollands, Elijah",6,4,6,12,0,0,0,0,1,3,1,4,0,0,0,4,8,0,0,0,0,1,80,19,"Gold Coast","2023",3
7,"Holman, Nick",9,2,10,19,0,2,0,6,1,2,0,1,1,0,0,8,9,0,0,1,0,2,79,19,"Gold Coast","2023",3
40,"Jeffrey, Joel",6,2,3,9,1,1,0,2,0,3,0,4,1,0,0,1,8,0,1,1,1,0,65,19,"Gold Coast","2023",3
34,"King, Ben",5,4,2,7,1,2,0,2,0,1,0,3,1,0,0,3,5,1,3,4,0,2,90,19,"Gold Coast","2023",3
22,"Long, Ben",12,2,7,19,0,0,0,1,4,2,0,4,1,1,0,7,11,0,0,6,0,0,86,19,"Gold Coast","2023",3
13,"Lukosius, Jack",11,9,2,13,5,2,0,0,0,4,0,2,0,2,3,6,8,3,5,2,0,0,76,19,"Gold Coast","2023",3
44,"Macpherson, Darcy",15,9,9,24,0,0,0,2,6,4,0,4,1,1,0,9,16,1,0,2,1,1,97,19,"Gold Coast","2023",3
11,"Miller, Touk",11,4,9,20,0,0,0,6,4,2,7,2,1,0,0,12,8,1,0,1,0,1,85,19,"Gold Coast","2023",3
47,"Oea, Hewago",5,2,5,10,0,0,0,1,1,1,1,1,0,0,0,3,7,0,0,2,0,0,69,19,"Gold Coast","2023",3
27,"Powell, Wil",10,2,5,15,0,0,0,2,3,2,2,3,0,1,0,3,8,0,0,4,1,0,65,19,"Gold Coast","2023",3
41,"Rosas, Malcolm",5,2,2,7,0,2,0,2,0,1,1,1,1,0,0,3,3,0,0,1,0,0,66,19,"Gold Coast","2023",3
18,"Rowell, Matt",15,1,9,24,0,0,0,5,2,2,9,11,1,3,2,18,8,0,0,2,0,0,86,19,"Gold Coast","2023",3
0,"Sexton, Alex",3,1,0,3,1,1,0,1,0,0,0,0,0,0,0,1,2,0,1,1,0,0,43,19,"Gold Coast","2023",3
24,"Swallow, David",12,2,3,15,0,0,0,7,2,3,3,3,2,0,0,6,10,1,0,1,0,0,78,19,"Gold Coast","2023",3
14,"Weller, Lachie",17,7,12,29,0,0,0,0,8,0,0,6,0,2,1,3,20,0,0,0,1,0,87,19,"Gold Coast","2023",3
28,"Witts, Jarrod",6,1,7,13,0,0,35,3,1,2,4,2,2,1,0,7,7,0,0,4,0,0,82,19,"Gold Coast","2023",3
30,"Atkins, Tom",11,3,10,21,0,1,0,7,2,3,4,2,2,0,0,9,12,0,0,1,0,0,79,-19,"Geelong","2023",3
24,"Bews, Jed",7,3,6,13,0,0,0,2,2,2,1,3,0,0,0,2,10,0,0,0,0,1,80,-19,"Geelong","2023",3
46,"Blicavs, Mark",7,6,10,17,0,2,9,5,0,1,1,3,0,0,0,9,9,1,2,3,0,0,82,-19,"Geelong","2023",3
12,"Bowes, Jack",7,3,6,13,1,0,0,8,1,1,1,6,0,0,0,4,9,0,1,1,0,0,83,-19,"Geelong","2023",3
4,"Bruhn, Tanner",8,4,4,12,0,0,0,1,1,3,2,2,0,2,0,3,9,0,0,0,0,0,58,-19,"Geelong","2023",3
5,"Cameron, Jeremy",13,8,2,15,3,3,0,3,0,1,0,6,1,0,0,2,13,1,6,2,0,0,100,-19,"Geelong","2023",3
15,"Ceglar, Jonathon",4,4,10,14,0,0,13,2,0,2,5,6,0,2,0,7,7,1,0,3,0,0,65,-19,"Geelong","2023",3
45,"Close, Brad",6,4,6,12,0,1,0,0,0,2,0,3,1,1,0,1,12,0,0,0,0,0,86,-19,"Geelong","2023",3
35,"Dangerfield, Patrick",14,5,5,19,1,0,0,4,2,8,2,5,3,0,0,11,8,1,0,0,3,2,78,-19,"Geelong","2023",3
0,"De Koning, Sam",6,5,1,7,0,0,0,0,1,2,0,0,0,0,0,4,4,2,0,3,0,0,54,-19,"Geelong","2023",3
29,"Guthrie, Cameron",14,7,14,28,0,0,0,2,3,3,1,4,0,1,0,10,18,0,0,3,1,0,87,-19,"Geelong","2023",3
39,"Guthrie, Zach",9,5,4,13,0,0,0,3,1,1,0,3,1,1,0,4,8,1,0,2,1,0,83,-19,"Geelong","2023",3
26,"Hawkins, Tom",5,3,0,5,0,1,5,0,0,1,0,2,0,2,0,2,4,1,3,1,1,0,89,-19,"Geelong","2023",3
36,"Henry, Oliver",10,4,3,13,0,0,0,2,2,5,0,4,1,1,0,4,9,0,0,0,1,0,75,-19,"Geelong","2023",3
9,"Holmes, Max",8,2,7,15,0,1,0,5,0,4,2,4,0,2,0,8,6,0,1,1,0,0,78,-19,"Geelong","2023",3
32,"Miers, Gryan",9,6,7,16,0,0,0,5,2,2,2,4,1,1,0,6,10,0,0,1,0,1,77,-19,"Geelong","2023",3
42,"OConnor, Mark",11,5,4,15,0,0,0,1,3,2,0,2,3,0,0,7,8,1,0,3,0,0,80,-19,"Geelong","2023",3
17,"Ratugolea, Esava",7,3,4,11,0,0,0,0,2,0,0,4,0,1,0,5,6,1,0,5,0,0,98,-19,"Geelong","2023",3
0,"Rohan, Gary",4,3,2,6,2,0,0,1,1,0,0,1,1,0,0,3,3,1,1,1,0,0,38,-19,"Geelong","2023",3
7,"Smith, Isaac",15,11,8,23,0,0,0,2,2,6,0,1,0,0,0,4,18,0,0,0,1,0,88,-19,"Geelong","2023",3
18,"Stengle, Tyson",4,2,5,9,0,0,0,0,1,0,1,3,0,0,0,4,5,0,1,1,0,0,76,-19,"Geelong","2023",3
44,"Stewart, Tom",24,13,5,29,0,0,0,2,8,0,1,1,0,1,0,9,17,2,1,2,1,1,82,-19,"Geelong","2023",3
2,"Tuohy, Zach",17,5,4,21,0,0,0,0,5,3,0,0,0,0,0,3,14,1,0,0,0,0,84,-19,"Geelong","2023",3
