"Number","Player","Kicks","Marks","Handballs","Disposals","Goals","Behinds","Hitouts","Tackles","Rebounds50s","Inside50s","Clearances","Clangers","FreesFor","FreesAgainst","BrownlowVotes","ContestedPossessions","UncontestedPossessions","ContestedMarks","MarksInside50","OnePercenters","Bounces","GoalAssists","PercentagePlayed","PointDifference","Team","Season","Round"
30,"Atkins, Tom",10,3,15,25,0,0,0,14,1,5,7,4,1,0,0,14,13,0,0,2,0,0,66,62,"Geelong","2023",17
0,"Blicavs, Mark",8,6,10,18,0,0,2,10,0,5,5,4,1,0,0,11,8,2,0,3,0,1,53,62,"Geelong","2023",17
12,"Bowes, Jack",13,10,12,25,1,1,0,1,4,5,2,2,0,1,0,9,16,0,1,0,1,0,84,62,"Geelong","2023",17
4,"Bruhn, Tanner",11,4,11,22,0,0,0,7,1,3,1,1,0,0,0,5,18,0,0,0,2,1,66,62,"Geelong","2023",17
45,"Close, Brad",10,5,6,16,3,0,0,4,0,7,1,1,0,0,0,6,11,0,1,1,0,1,82,62,"Geelong","2023",17
35,"Dangerfield, Patrick",14,3,12,26,0,1,0,8,0,5,9,10,2,3,3,15,9,1,1,1,0,1,52,62,"Geelong","2023",17
16,"De Koning, Sam",8,5,3,11,0,0,0,1,0,2,0,4,1,1,0,5,6,1,0,6,0,0,97,62,"Geelong","2023",17
0,"Dempsey, Oliver",2,0,1,3,0,0,0,0,2,1,0,1,0,0,0,1,2,0,0,0,0,0,30,62,"Geelong","2023",17
22,"Duncan, Mitch",16,8,14,30,1,1,0,5,1,4,3,2,1,0,0,8,21,0,1,0,0,1,85,62,"Geelong","2023",17
39,"Guthrie, Zach",12,5,9,21,0,0,0,4,2,4,1,3,0,0,0,3,14,0,0,3,0,0,83,62,"Geelong","2023",17
26,"Hawkins, Tom",8,4,6,14,3,1,2,1,0,2,1,4,0,0,0,7,7,0,2,3,0,0,89,62,"Geelong","2023",17
38,"Henry, Jack",7,5,5,12,1,0,0,0,3,0,1,2,0,0,0,7,4,1,0,4,0,0,82,62,"Geelong","2023",17
36,"Henry, Oliver",9,5,5,14,4,1,0,1,0,3,0,5,3,2,1,6,8,1,3,1,0,0,84,62,"Geelong","2023",17
9,"Holmes, Max",13,2,13,26,0,1,0,4,1,5,4,4,1,0,0,12,12,0,0,1,1,0,70,62,"Geelong","2023",17
32,"Miers, Gryan",19,11,13,32,0,0,0,3,0,4,2,9,0,0,0,6,25,0,1,0,2,2,88,62,"Geelong","2023",17
34,"Mullin, Oisin",4,3,7,11,0,0,0,3,1,2,0,3,0,0,0,3,7,0,0,2,0,0,82,62,"Geelong","2023",17
42,"OConnor, Mark",12,6,7,19,0,0,0,1,2,3,2,2,0,0,0,3,15,0,1,2,0,1,81,62,"Geelong","2023",17
17,"Ratugolea, Esava",3,2,3,6,0,0,2,2,0,1,0,0,0,0,0,2,4,0,0,8,0,0,87,62,"Geelong","2023",17
23,"Rohan, Gary",5,3,2,7,1,0,0,4,0,2,0,0,1,0,0,3,4,1,0,1,0,1,91,62,"Geelong","2023",17
1,"Stanley, Rhys",8,2,5,13,0,0,35,5,0,2,3,1,2,0,0,5,7,1,0,5,0,1,87,62,"Geelong","2023",17
18,"Stengle, Tyson",10,4,5,15,5,2,0,2,0,1,1,1,0,0,2,6,9,0,4,2,2,1,88,62,"Geelong","2023",17
44,"Stewart, Tom",18,9,8,26,0,0,0,4,8,1,1,2,1,1,0,8,16,0,0,5,1,0,88,62,"Geelong","2023",17
2,"Tuohy, Zach",14,3,4,18,0,0,0,2,3,3,1,5,0,1,0,3,14,0,0,0,0,0,86,62,"Geelong","2023",17
21,"Coleman-Jones, Callum",3,1,6,9,0,0,3,2,0,2,1,2,1,1,0,5,4,1,0,2,0,0,89,-62,"North Melbourne","2023",17
4,"Corr, Aidan",11,7,1,12,0,0,0,2,5,0,0,1,0,0,0,1,9,1,0,3,2,0,89,-62,"North Melbourne","2023",17
25,"Curtis, Paul",6,1,4,10,0,0,0,6,0,2,1,1,0,1,0,3,7,0,0,1,0,0,73,-62,"North Melbourne","2023",17
9,"Davies-Uniacke, Luke",10,5,18,28,2,0,0,8,1,4,3,3,0,1,0,14,15,0,0,1,0,0,80,-62,"North Melbourne","2023",17
40,"Ford, Eddie",4,6,9,13,1,0,0,4,2,0,1,3,2,1,0,5,8,1,0,0,0,0,78,-62,"North Melbourne","2023",17
18,"Greenwood, Hugh",7,0,13,20,0,0,0,10,0,2,5,5,1,1,0,16,3,0,0,1,0,1,82,-62,"North Melbourne","2023",17
37,"Harvey, Cooper",7,6,3,10,1,0,0,3,0,1,0,3,0,0,0,6,4,5,1,1,0,1,77,-62,"North Melbourne","2023",17
20,"Larkey, Nick",6,6,6,12,2,1,0,1,0,2,0,2,0,1,0,4,8,2,1,1,0,0,96,-62,"North Melbourne","2023",17
35,"Lazzaro, Charlie",4,1,11,15,0,0,0,10,0,2,1,2,0,1,0,5,10,0,0,0,0,2,77,-62,"North Melbourne","2023",17
0,"Logue, Griffin",1,1,0,1,0,0,0,0,0,0,0,1,0,1,0,0,2,0,0,3,0,0,12,-62,"North Melbourne","2023",17
11,"McDonald, Luke",19,7,6,25,0,0,0,5,6,1,3,7,1,0,0,7,15,1,0,4,1,0,92,-62,"North Melbourne","2023",17
23,"McKay, Ben",9,9,7,16,0,0,0,1,3,0,1,2,0,1,0,6,10,2,0,1,0,0,97,-62,"North Melbourne","2023",17
39,"Perez, Flynn",8,3,6,14,1,0,0,2,3,1,0,2,0,0,0,2,10,0,0,3,0,0,79,-62,"North Melbourne","2023",17
8,"Scott, Bailey",16,6,8,24,0,0,0,4,8,2,3,5,0,0,0,7,16,1,0,0,0,0,87,-62,"North Melbourne","2023",17
3,"Sheezel, Harry",7,3,8,15,0,1,0,2,3,1,1,2,0,1,0,6,8,0,0,2,0,0,80,-62,"North Melbourne","2023",17
12,"Simpkin, Jy",3,0,3,6,0,0,0,2,0,2,3,1,0,0,0,4,2,0,0,0,1,0,45,-62,"North Melbourne","2023",17
2,"Stephenson, Jaidyn",6,3,3,9,1,0,0,1,0,2,1,1,0,0,0,2,7,0,0,0,1,0,77,-62,"North Melbourne","2023",17
26,"Thomas, Tarryn",11,1,13,24,0,0,0,5,6,1,2,5,1,1,0,9,12,0,1,1,0,1,91,-62,"North Melbourne","2023",17
13,"Tucker, Darcy",9,2,3,12,1,0,0,3,3,3,0,1,0,0,0,2,11,0,0,1,1,0,81,-62,"North Melbourne","2023",17
38,"Xerri, Tristan",4,3,15,19,0,0,45,4,1,2,3,4,1,1,0,11,6,0,0,2,0,0,85,-62,"North Melbourne","2023",17
17,"Young, Lachie",6,4,11,17,0,1,0,1,3,1,0,3,0,2,0,5,12,0,0,6,0,0,85,-62,"North Melbourne","2023",17
0,"Ziebell, Jack",16,7,4,20,0,0,0,0,3,1,0,3,2,0,0,7,14,1,0,0,0,0,62,-62,"North Melbourne","2023",17
44,"Zurhaar, Cameron",14,3,11,25,0,1,0,3,2,7,2,4,1,0,0,9,17,0,0,0,0,2,86,-62,"North Melbourne","2023",17
