"Number","Player","Kicks","Marks","Handballs","Disposals","Goals","Behinds","Hitouts","Tackles","Rebounds50s","Inside50s","Clearances","Clangers","FreesFor","FreesAgainst","BrownlowVotes","ContestedPossessions","UncontestedPossessions","ContestedMarks","MarksInside50","OnePercenters","Bounces","GoalAssists","PercentagePlayed","PointDifference","Team","Season","Round"
31,"Andrews, Harris",15,12,4,19,0,0,0,2,5,2,0,0,0,0,0,2,17,0,0,10,0,0,100,42,"Brisbane Lions","2023",9
0,"Answerth, Noah",2,2,2,4,0,0,0,2,0,1,0,0,0,0,0,0,4,0,0,0,0,0,11,42,"Brisbane Lions","2023",9
8,"Ashcroft, Will",15,7,13,28,0,0,0,4,1,2,4,3,1,0,1,6,22,0,0,1,0,0,71,42,"Brisbane Lions","2023",9
33,"Bailey, Zac",8,4,5,13,2,1,0,6,2,5,2,4,1,0,0,4,9,0,2,1,0,0,80,42,"Brisbane Lions","2023",9
7,"Berry, Jarrod",4,3,6,10,0,0,0,1,1,1,1,1,0,0,0,3,7,0,0,0,0,0,81,42,"Brisbane Lions","2023",9
23,"Cameron, Charlie",7,4,2,9,0,1,0,0,0,0,0,2,1,1,0,1,9,0,2,1,0,0,76,42,"Brisbane Lions","2023",9
18,"Coleman, Keidean",18,7,2,20,0,0,0,2,2,6,0,2,0,1,0,1,19,0,0,3,0,0,82,42,"Brisbane Lions","2023",9
3,"Daniher, Joe",14,9,2,16,6,1,2,2,0,3,2,1,1,1,3,6,9,3,5,0,0,0,84,42,"Brisbane Lions","2023",9
5,"Dunkley, Josh",11,7,11,22,0,0,0,3,1,2,5,3,0,0,0,13,9,2,0,1,0,1,81,42,"Brisbane Lions","2023",9
19,"Gunston, Jack",5,5,2,7,0,0,0,0,0,4,0,2,0,0,0,1,6,1,0,1,0,0,84,42,"Brisbane Lions","2023",9
30,"Hipwood, Eric",8,4,6,14,1,2,1,3,0,2,0,3,1,1,0,6,9,2,3,2,0,1,86,42,"Brisbane Lions","2023",9
35,"Lester, Ryan",14,7,5,19,0,0,0,2,1,1,0,2,2,2,0,9,12,1,0,2,0,0,79,42,"Brisbane Lions","2023",9
11,"McCarthy, Lincoln",8,3,3,11,1,1,0,1,0,2,1,2,0,1,0,7,4,1,1,2,0,1,80,42,"Brisbane Lions","2023",9
6,"McCluggage, Hugh",16,5,10,26,0,3,0,0,2,6,1,2,0,0,0,7,19,0,1,0,0,2,76,42,"Brisbane Lions","2023",9
46,"McInerney, Oscar",7,6,5,12,1,0,23,3,1,3,4,2,1,1,0,9,4,4,1,6,0,0,79,42,"Brisbane Lions","2023",9
26,"McKenna, Conor",14,5,0,14,0,1,0,1,4,3,0,6,1,1,0,3,9,0,0,2,0,0,84,42,"Brisbane Lions","2023",9
9,"Neale, Lachie",16,4,18,34,0,0,0,2,0,8,5,4,2,1,2,15,18,0,0,0,2,0,87,42,"Brisbane Lions","2023",9
40,"Payne, Jack",9,7,0,9,0,0,0,1,4,1,0,2,1,1,0,3,6,1,0,5,0,1,93,42,"Brisbane Lions","2023",9
16,"Rayner, Cam",8,4,12,20,1,0,0,2,1,5,5,2,0,0,0,14,7,2,1,3,0,1,78,42,"Brisbane Lions","2023",9
22,"Sharp, Harry",13,6,4,17,0,0,0,1,1,2,1,2,1,0,0,5,12,0,0,2,0,0,73,42,"Brisbane Lions","2023",9
37,"Starcevich, Brandon",10,4,1,11,0,0,0,1,2,2,0,2,1,1,0,4,6,1,0,1,0,1,82,42,"Brisbane Lions","2023",9
44,"Wilmot, Darcy",12,4,4,16,0,1,0,0,1,2,0,0,2,0,0,8,6,1,0,3,1,1,80,42,"Brisbane Lions","2023",9
0,"Zorko, Dayne",17,9,8,25,0,1,0,3,2,6,1,4,2,0,0,6,18,0,1,1,0,1,70,42,"Brisbane Lions","2023",9
26,"Baldwin, Kaine",9,5,4,13,0,0,0,4,6,2,1,2,1,1,0,5,8,0,0,1,0,0,87,-42,"Essendon","2023",9
6,"Caldwell, Jye",10,2,7,17,0,1,0,2,2,4,5,3,0,1,0,6,9,0,0,0,0,0,73,-42,"Essendon","2023",9
0,"DAmbrosio, Massimo",6,2,3,9,0,0,0,1,1,1,1,2,0,1,0,2,6,0,0,0,0,0,54,-42,"Essendon","2023",9
0,"Davey, Alwyn",1,1,2,3,0,1,0,0,0,0,1,0,0,0,0,2,1,0,0,0,0,0,26,-42,"Essendon","2023",9
2,"Draper, Sam",6,2,3,9,0,1,22,1,2,0,3,5,0,1,0,8,2,1,1,2,0,0,85,-42,"Essendon","2023",9
22,"Durham, Sam",8,4,4,12,0,0,0,2,1,1,1,4,0,1,0,1,11,0,0,2,1,0,80,-42,"Essendon","2023",9
21,"Heppell, Dyson",12,11,9,21,0,0,0,2,3,1,0,0,0,0,0,3,17,0,0,1,0,0,91,-42,"Essendon","2023",9
19,"Hind, Nick",14,4,6,20,0,0,0,3,7,1,1,6,0,2,0,3,17,0,0,0,4,0,90,-42,"Essendon","2023",9
8,"Hobbs, Ben",12,9,10,22,0,0,0,1,1,4,1,3,1,1,0,6,16,1,0,1,0,0,74,-42,"Essendon","2023",9
4,"Langford, Kyle",8,3,1,9,2,2,0,1,0,3,0,1,1,1,0,3,5,0,2,0,1,1,86,-42,"Essendon","2023",9
37,"Martin, Nic",12,6,7,19,0,0,0,3,5,0,0,4,0,1,0,5,13,0,2,0,3,1,89,-42,"Essendon","2023",9
43,"McDonald-Tipungwuti, Anthony",4,2,4,8,1,0,0,1,0,2,0,3,0,2,0,3,6,0,1,0,0,0,69,-42,"Essendon","2023",9
1,"McGrath, Andrew",11,6,7,18,0,0,0,1,7,0,0,0,0,0,0,5,10,1,0,3,0,0,90,-42,"Essendon","2023",9
47,"Menzie, Jye",2,1,4,6,1,0,0,4,0,3,1,6,2,2,0,6,1,0,0,0,0,1,70,-42,"Essendon","2023",9
7,"Merrett, Zach",12,3,11,23,0,1,0,3,3,2,7,4,3,0,0,12,14,0,0,2,0,0,82,-42,"Essendon","2023",9
16,"Perkins, Archie",11,7,0,11,1,1,0,4,1,0,0,1,0,0,0,0,10,0,0,0,0,0,77,-42,"Essendon","2023",9
34,"Phillips, Andrew",5,1,6,11,0,0,18,2,1,0,2,1,0,0,0,4,5,0,0,4,0,0,78,-42,"Essendon","2023",9
27,"Redman, Mason",24,7,6,30,0,0,0,1,6,1,0,1,1,1,0,2,18,0,0,4,0,0,82,-42,"Essendon","2023",9
12,"Setterfield, Will",18,6,5,23,0,0,0,4,3,5,4,5,0,0,0,7,16,0,0,0,0,0,79,-42,"Essendon","2023",9
9,"Shiel, Dylan",7,2,11,18,0,0,0,3,1,2,4,3,0,0,0,8,8,0,0,0,0,0,70,-42,"Essendon","2023",9
25,"Stringer, Jake",9,3,4,13,1,0,0,4,1,5,1,5,2,2,0,7,7,1,1,2,0,0,79,-42,"Essendon","2023",9
10,"Weideman, Sam",2,1,3,5,0,2,0,0,0,1,0,2,0,1,0,1,4,0,1,0,0,0,91,-42,"Essendon","2023",9
30,"Zerk-Thatcher, Brandon",11,8,5,16,0,0,0,3,6,0,0,4,1,0,0,5,10,2,0,8,0,0,100,-42,"Essendon","2023",9
