"Number","Player","Kicks","Marks","Handballs","Disposals","Goals","Behinds","Hitouts","Tackles","Rebounds50s","Inside50s","Clearances","Clangers","FreesFor","FreesAgainst","BrownlowVotes","ContestedPossessions","UncontestedPossessions","ContestedMarks","MarksInside50","OnePercenters","Bounces","GoalAssists","PercentagePlayed","PointDifference","Team","Season","Round"
11,"Aish, James",12,5,14,26,0,0,0,3,0,4,1,0,1,0,0,5,21,0,0,0,0,0,70,-15,"Fremantle","2023",13
24,"Amiss, Jye",7,6,2,9,4,0,0,2,0,0,0,1,0,0,0,3,5,3,4,0,0,0,83,-15,"Fremantle","2023",13
0,"Banfield, Bailey",1,0,1,2,0,0,0,1,0,0,0,0,0,0,0,1,1,0,0,1,0,0,45,-15,"Fremantle","2023",13
8,"Brayshaw, Andrew",14,3,15,29,1,0,0,3,1,6,5,3,1,0,0,11,19,0,0,1,0,0,86,-15,"Fremantle","2023",13
6,"Clark, Jordan",9,4,5,14,0,0,0,2,4,2,1,3,1,1,0,4,10,0,0,6,0,0,87,-15,"Fremantle","2023",13
36,"Cox, Brennan",7,2,6,13,0,0,0,0,3,0,1,3,0,0,0,7,7,1,0,12,0,0,90,-15,"Fremantle","2023",13
32,"Frederick, Michael",5,2,1,6,0,1,0,2,0,1,1,2,0,0,0,3,3,0,0,1,0,0,87,-15,"Fremantle","2023",13
7,"Fyfe, Nat",8,2,9,17,1,0,0,7,1,4,4,2,1,0,0,11,7,0,0,3,0,1,83,-15,"Fremantle","2023",13
23,"Henry, Liam",6,3,4,10,0,0,0,3,0,2,2,2,0,1,0,3,7,0,0,0,0,0,83,-15,"Fremantle","2023",13
15,"Hughes, Ethan",6,2,6,12,0,1,0,6,6,2,0,2,0,0,0,3,8,0,0,3,0,0,79,-15,"Fremantle","2023",13
9,"Jackson, Luke",11,4,12,23,0,2,33,4,2,3,3,2,2,1,0,12,13,1,1,5,0,0,82,-15,"Fremantle","2023",13
44,"Johnson, Matthew",11,1,14,25,0,1,0,6,1,2,7,2,4,0,0,12,10,0,0,1,0,0,62,-15,"Fremantle","2023",13
30,"ODriscoll, Nathan",9,3,6,15,0,0,0,4,1,2,3,3,1,0,0,6,11,0,0,2,0,0,78,-15,"Fremantle","2023",13
25,"Pearce, Alex",3,1,7,10,0,0,0,7,2,0,0,2,1,1,0,5,4,0,0,11,0,0,92,-15,"Fremantle","2023",13
13,"Ryan, Luke",16,9,0,16,0,0,0,2,8,0,0,2,1,1,0,3,10,0,0,1,0,0,76,-15,"Fremantle","2023",13
5,"Schultz, Lachie",8,3,9,17,0,0,0,4,0,2,0,3,1,0,0,4,12,1,0,3,0,0,88,-15,"Fremantle","2023",13
3,"Serong, Caleb",19,3,12,31,0,1,0,6,3,12,9,6,1,1,0,17,14,0,0,0,0,2,87,-15,"Fremantle","2023",13
1,"Sturt, Sam",3,3,4,7,1,0,0,2,0,1,0,0,0,0,0,1,6,0,1,1,0,1,73,-15,"Fremantle","2023",13
39,"Switkowski, Sam",6,4,5,11,0,0,0,5,1,1,2,1,1,0,0,10,4,1,1,2,0,0,71,-15,"Fremantle","2023",13
35,"Treacy, Josh",8,6,5,13,1,1,7,4,0,4,1,1,0,0,0,3,10,1,2,3,0,0,84,-15,"Fremantle","2023",13
31,"Walker, Brandon",6,1,3,9,0,0,0,1,3,0,0,1,1,0,0,4,5,0,0,4,0,0,86,-15,"Fremantle","2023",13
0,"Walters, Michael",6,1,2,8,2,0,0,1,0,2,0,1,1,0,0,4,3,0,0,0,0,0,38,-15,"Fremantle","2023",13
26,"Young, Hayden",18,6,3,21,0,0,0,1,9,2,0,5,0,1,0,5,12,1,0,2,1,0,91,-15,"Fremantle","2023",13
7,"Baker, Liam",9,2,11,20,0,1,0,4,1,3,1,7,0,5,0,12,7,0,1,1,0,1,82,15,"Richmond","2023",13
21,"Balta, Noah",11,9,2,13,0,0,0,2,7,1,0,2,0,0,0,3,9,2,0,5,2,0,86,15,"Richmond","2023",13
29,"Bolton, Shai",22,3,11,33,1,0,0,5,2,11,6,5,1,0,2,16,16,1,1,1,4,0,90,15,"Richmond","2023",13
35,"Broad, Nathan",11,4,8,19,0,0,0,2,3,2,0,1,0,1,0,3,15,0,0,3,0,0,89,15,"Richmond","2023",13
42,"Clarke, Judson",4,1,0,4,1,0,0,1,0,3,0,0,0,0,0,1,3,0,0,0,1,0,70,15,"Richmond","2023",13
9,"Cotchin, Trent",13,4,15,28,0,0,0,3,1,2,7,3,0,0,0,15,11,0,0,2,0,0,65,15,"Richmond","2023",13
34,"Graham, Jack",7,4,14,21,0,0,0,4,1,3,2,1,0,1,0,7,15,0,1,2,0,2,84,15,"Richmond","2023",13
2,"Grimes, Dylan",3,1,5,8,0,0,0,3,2,0,0,1,0,1,0,4,3,1,0,8,0,0,86,15,"Richmond","2023",13
31,"Mansell, Rhyan",10,3,2,12,1,0,0,3,0,4,1,2,0,1,0,2,9,0,0,1,0,0,72,15,"Richmond","2023",13
4,"Martin, Dustin",22,4,5,27,0,1,0,0,0,8,3,6,1,1,0,6,19,0,1,2,0,2,85,15,"Richmond","2023",13
33,"McIntosh, Kamdyn",7,4,4,11,0,0,0,4,1,0,1,3,0,1,0,7,5,2,0,3,0,0,88,15,"Richmond","2023",13
25,"Nankervis, Toby",11,3,3,14,1,0,49,8,6,1,4,5,0,2,0,5,6,1,0,5,0,0,79,15,"Richmond","2023",13
50,"Pickett, Marlion",5,1,5,10,0,0,0,5,0,2,0,2,1,0,0,6,4,0,0,1,0,0,70,15,"Richmond","2023",13
3,"Prestia, Dion",13,2,14,27,0,0,0,2,1,6,7,4,0,1,1,13,16,0,0,1,0,0,82,15,"Richmond","2023",13
0,"Ralphsmith, Hugo",0,0,1,1,0,0,0,0,0,0,0,0,0,0,0,1,0,0,0,0,0,0,13,15,"Richmond","2023",13
8,"Riewoldt, Jack",7,4,1,8,2,3,0,4,0,0,1,2,1,0,0,5,3,1,4,3,0,0,88,15,"Richmond","2023",13
17,"Rioli, Daniel",10,3,10,20,0,0,0,5,2,1,2,2,1,0,0,9,7,0,0,2,3,0,89,15,"Richmond","2023",13
5,"Ross, Jack",7,4,12,19,1,0,0,2,1,1,1,3,1,1,0,7,13,0,1,1,0,0,84,15,"Richmond","2023",13
32,"Ryan, Samson",4,3,2,6,0,1,13,1,0,3,1,2,0,1,0,4,2,2,0,2,0,0,78,15,"Richmond","2023",13
15,"Short, Jayden",15,6,5,20,3,0,0,3,2,3,1,5,0,0,0,4,13,0,0,0,0,0,76,15,"Richmond","2023",13
14,"Taranto, Tim",16,3,19,35,2,0,0,7,3,1,7,5,0,2,3,15,16,0,0,1,0,0,83,15,"Richmond","2023",13
1,"Vlastuin, Nick",20,12,6,26,0,0,0,2,7,1,2,1,1,0,0,5,19,0,0,2,0,1,81,15,"Richmond","2023",13
0,"Young, Tylar",1,1,0,1,0,0,0,1,1,1,0,2,0,0,0,0,1,0,0,5,0,0,78,15,"Richmond","2023",13
