"Number","Player","Kicks","Marks","Handballs","Disposals","Goals","Behinds","Hitouts","Tackles","Rebounds50s","Inside50s","Clearances","Clangers","FreesFor","FreesAgainst","BrownlowVotes","ContestedPossessions","UncontestedPossessions","ContestedMarks","MarksInside50","OnePercenters","Bounces","GoalAssists","PercentagePlayed","PointDifference","Team","Season","Round"
10,"Amon, Karl",12,4,8,20,1,0,0,1,3,1,1,2,0,0,0,3,18,0,0,0,1,1,80,-59,"Hawthorn","2023",1
36,"Blanck, James",3,3,4,7,0,0,0,2,1,0,0,2,0,1,0,3,4,1,0,5,0,0,83,-59,"Hawthorn","2023",1
16,"Bramble, Lachlan",12,8,6,18,0,0,0,2,3,1,0,3,0,1,0,4,10,1,0,1,2,0,87,-59,"Hawthorn","2023",1
22,"Breust, Luke",8,5,3,11,3,1,0,2,0,2,0,0,1,0,0,4,8,1,3,3,0,0,80,-59,"Hawthorn","2023",1
12,"Day, Will",12,8,10,22,0,0,0,4,3,7,0,3,2,0,0,2,20,0,0,0,1,1,88,-59,"Hawthorn","2023",1
8,"Frost, Sam",7,5,7,14,0,0,0,2,3,0,0,4,0,1,0,6,7,0,0,3,0,0,91,-59,"Hawthorn","2023",1
26,"Greene, Fergus",5,2,1,6,1,0,0,0,0,3,0,3,1,0,0,3,3,0,1,0,0,0,82,-59,"Hawthorn","2023",1
15,"Hardwick, Blake",12,9,5,17,2,0,0,5,3,1,0,4,0,1,0,3,13,1,3,4,0,1,90,-59,"Hawthorn","2023",1
4,"Impey, Jarman",12,7,6,18,0,0,0,2,1,2,0,2,1,1,0,4,16,1,0,0,1,0,75,-59,"Hawthorn","2023",1
9,"Jiath, Changkuoth",11,3,8,19,1,0,0,0,2,3,0,5,0,2,0,4,14,0,0,4,4,0,76,-59,"Hawthorn","2023",1
0,"Koschitzke, Jacob",3,0,1,4,0,1,0,2,1,1,0,0,2,0,0,4,0,0,0,0,0,0,49,-59,"Hawthorn","2023",1
31,"Macdonald, Connor",15,11,5,20,0,0,0,1,1,2,0,1,0,1,0,3,18,0,0,0,0,0,79,-59,"Hawthorn","2023",1
28,"Mackenzie, Cam",13,4,5,18,0,0,0,3,2,3,3,0,2,0,0,9,9,1,0,0,0,1,80,-59,"Hawthorn","2023",1
32,"Maginness, Finn",9,6,3,12,0,0,0,1,1,2,0,3,0,2,0,0,12,0,0,0,0,0,96,-59,"Hawthorn","2023",1
17,"Meek, Lloyd",3,6,6,9,0,0,12,0,1,0,2,1,1,1,0,3,7,0,0,1,0,0,71,-59,"Hawthorn","2023",1
13,"Moore, Dylan",10,9,10,20,0,0,0,2,0,2,0,2,1,0,0,7,13,0,1,1,0,0,80,-59,"Hawthorn","2023",1
0,"Nash, Conor",6,1,6,12,0,0,0,2,0,2,3,2,0,0,0,6,6,0,0,2,0,0,41,-59,"Hawthorn","2023",1
3,"Newcombe, Jai",8,3,11,19,0,0,0,3,2,3,4,5,0,0,0,10,9,1,0,1,1,0,86,-59,"Hawthorn","2023",1
7,"Reeves, Ned",3,1,3,6,0,0,18,0,1,1,0,2,1,1,0,3,3,0,0,5,0,0,71,-59,"Hawthorn","2023",1
6,"Sicily, James",22,15,8,30,0,1,0,1,10,1,3,5,1,1,0,9,19,2,0,3,1,0,93,-59,"Hawthorn","2023",1
25,"Ward, Josh",12,8,14,26,0,1,0,4,6,2,3,1,0,1,0,5,22,0,0,1,0,0,83,-59,"Hawthorn","2023",1
20,"Wingard, Chad",8,3,5,13,1,2,0,1,0,3,0,2,1,0,0,5,8,0,0,0,0,0,59,-59,"Hawthorn","2023",1
5,"Worpel, James",18,3,11,29,0,2,0,3,1,7,7,2,3,2,0,14,15,0,0,0,0,2,81,-59,"Hawthorn","2023",1
6,"Caldwell, Jye",9,2,7,16,1,0,0,0,0,4,3,0,0,0,0,5,11,0,0,0,0,0,78,59,"Essendon","2023",1
33,"Davey, Alwyn",7,5,2,9,1,0,0,3,0,5,0,3,0,0,0,4,6,0,2,1,2,1,78,59,"Essendon","2023",1
2,"Draper, Sam",7,1,1,8,2,0,11,1,1,1,2,5,3,3,0,9,1,1,1,3,0,0,77,59,"Essendon","2023",1
22,"Durham, Sam",12,6,7,19,1,0,0,3,1,1,3,0,3,0,0,10,13,0,0,4,0,0,76,59,"Essendon","2023",1
21,"Heppell, Dyson",8,5,8,16,1,0,0,1,1,1,0,3,0,1,0,7,9,2,2,1,1,0,81,59,"Essendon","2023",1
0,"Jones, Harry",6,6,6,12,1,1,0,0,0,2,1,2,1,0,0,5,7,1,2,1,0,1,62,59,"Essendon","2023",1
29,"Kelly, Jake",8,5,8,16,0,0,0,1,1,1,0,2,0,1,0,4,12,0,0,0,0,0,95,59,"Essendon","2023",1
4,"Langford, Kyle",17,10,5,22,0,1,0,3,3,3,0,5,0,3,0,4,18,3,0,3,0,1,91,59,"Essendon","2023",1
15,"Laverde, Jayden",11,14,11,22,0,0,0,0,8,0,0,3,0,1,0,2,20,1,0,0,0,0,93,59,"Essendon","2023",1
37,"Martin, Nic",11,6,10,21,0,0,0,2,1,8,0,3,0,1,0,4,16,0,1,1,1,3,93,59,"Essendon","2023",1
0,"McDonald-Tipungwuti, Anthony",3,3,1,4,1,1,0,0,0,1,0,0,0,0,0,1,3,1,2,0,1,1,21,59,"Essendon","2023",1
1,"McGrath, Andrew",12,5,13,25,0,0,0,1,4,3,1,3,0,0,2,5,20,0,0,1,2,0,79,59,"Essendon","2023",1
47,"Menzie, Jye",7,6,5,12,2,1,0,3,0,1,0,0,0,0,0,2,10,0,2,1,0,1,80,59,"Essendon","2023",1
7,"Merrett, Zach",14,7,15,29,0,1,0,3,1,6,4,3,1,0,0,8,20,0,1,0,0,3,88,59,"Essendon","2023",1
3,"Parish, Darcy",22,4,15,37,0,0,0,1,1,10,13,4,1,2,3,18,19,0,0,1,0,1,81,59,"Essendon","2023",1
16,"Perkins, Archie",17,7,3,20,3,3,0,1,0,5,0,1,1,0,0,6,14,0,1,2,0,2,86,59,"Essendon","2023",1
34,"Phillips, Andrew",3,1,1,4,0,0,9,1,0,1,1,2,0,1,0,2,2,0,0,4,0,0,58,59,"Essendon","2023",1
27,"Redman, Mason",22,6,2,24,2,0,0,1,6,1,0,0,0,0,0,3,15,0,0,1,0,0,79,59,"Essendon","2023",1
14,"Ridley, Jordan",16,8,4,20,1,0,0,0,2,0,0,2,1,0,1,4,11,0,0,8,1,0,88,59,"Essendon","2023",1
12,"Setterfield, Will",12,10,13,25,1,0,0,6,4,3,1,1,0,0,0,3,21,0,0,0,0,0,77,59,"Essendon","2023",1
9,"Shiel, Dylan",12,3,11,23,0,0,0,2,3,7,2,3,1,2,0,5,18,0,0,1,0,1,71,59,"Essendon","2023",1
10,"Weideman, Sam",7,3,4,11,2,1,0,4,0,0,1,1,4,0,0,7,5,1,2,1,0,0,83,59,"Essendon","2023",1
30,"Zerk-Thatcher, Brandon",12,8,7,19,0,0,0,0,3,2,0,4,0,2,0,10,11,1,0,6,0,0,88,59,"Essendon","2023",1
