"Number","Player","Kicks","Marks","Handballs","Disposals","Goals","Behinds","Hitouts","Tackles","Rebounds50s","Inside50s","Clearances","Clangers","FreesFor","FreesAgainst","BrownlowVotes","ContestedPossessions","UncontestedPossessions","ContestedMarks","MarksInside50","OnePercenters","Bounces","GoalAssists","PercentagePlayed","PointDifference","Team","Season","Round"
13,"Baker, Oskar",16,11,4,20,0,0,0,0,2,5,0,3,0,1,0,2,19,0,0,1,2,2,79,29,"Western Bulldogs","2023",7
4,"Bontempelli, Marcus",13,5,6,19,0,1,0,6,2,4,6,1,2,1,0,9,14,0,1,2,0,4,84,29,"Western Bulldogs","2023",7
31,"Dale, Bailey",19,5,6,25,0,0,0,1,3,7,0,4,1,0,0,3,19,0,0,1,1,0,85,29,"Western Bulldogs","2023",7
35,"Daniel, Caleb",14,5,13,27,1,0,0,7,6,4,6,3,1,0,0,8,18,0,0,0,2,0,84,29,"Western Bulldogs","2023",7
15,"Duryea, Taylor",7,4,3,10,0,0,0,3,2,2,1,4,2,3,0,4,7,1,0,2,1,0,79,29,"Western Bulldogs","2023",7
44,"English, Tim",7,5,4,11,1,1,30,5,0,3,2,4,1,1,3,5,7,0,1,2,2,1,85,29,"Western Bulldogs","2023",7
39,"Johannisen, Jason",17,5,7,24,1,0,0,0,3,1,0,1,0,0,0,6,15,0,0,2,1,0,80,29,"Western Bulldogs","2023",7
32,"Jones, Arthur",5,3,7,12,1,1,0,1,1,4,1,2,1,0,0,2,10,0,2,2,0,0,79,29,"Western Bulldogs","2023",7
19,"Jones, Liam",8,6,2,10,0,0,0,1,1,0,0,0,0,0,0,1,9,1,0,3,0,0,96,29,"Western Bulldogs","2023",7
42,"Keath, Alex",5,3,13,18,0,0,0,1,2,1,0,1,0,0,0,7,11,0,0,4,0,0,84,29,"Western Bulldogs","2023",7
7,"Lobb, Rory",4,2,5,9,2,0,6,0,1,2,0,2,0,0,0,4,5,1,2,0,0,1,88,29,"Western Bulldogs","2023",7
11,"Macrae, Jack",7,2,19,26,0,0,0,7,1,5,6,3,1,1,0,13,12,0,0,2,0,0,78,29,"Western Bulldogs","2023",7
16,"McLean, Toby",0,0,0,0,0,0,0,0,0,0,0,0,0,0,0,0,0,0,0,0,0,0,0,29,"Western Bulldogs","2023",7
30,"McNeil, Lachlan",4,2,6,10,0,2,0,5,0,2,0,0,1,0,0,4,7,0,0,0,0,0,66,29,"Western Bulldogs","2023",7
33,"Naughton, Aaron",9,5,6,15,4,3,1,2,0,2,1,2,1,1,2,9,7,2,4,1,0,1,87,29,"Western Bulldogs","2023",7
22,"OBrien, Tim",11,5,2,13,0,0,0,3,3,0,0,1,2,0,0,5,8,0,0,9,0,0,96,29,"Western Bulldogs","2023",7
20,"Richards, Ed",14,7,5,19,0,0,0,1,6,2,1,4,0,0,0,7,12,0,0,5,2,0,80,29,"Western Bulldogs","2023",7
28,"Scott, Anthony",6,2,5,11,1,1,0,3,0,0,0,3,1,1,0,4,7,0,0,3,0,1,76,29,"Western Bulldogs","2023",7
6,"Smith, Bailey",13,4,11,24,0,0,0,4,2,3,7,0,1,0,0,12,12,0,0,0,0,0,84,29,"Western Bulldogs","2023",7
1,"Treloar, Adam",8,4,15,23,0,1,0,6,1,5,3,0,1,0,0,6,17,0,0,0,1,1,82,29,"Western Bulldogs","2023",7
2,"Ugle-Hagan, Jamarra",4,3,6,10,2,0,0,0,0,2,0,3,2,0,0,6,5,0,1,0,0,0,75,29,"Western Bulldogs","2023",7
3,"Weightman, Cody",1,1,2,3,0,0,0,1,0,1,1,1,0,0,0,2,1,0,0,1,0,0,72,29,"Western Bulldogs","2023",7
34,"Williams, Bailey",12,8,12,24,1,0,0,2,0,3,1,3,1,2,0,1,23,0,1,1,0,0,81,29,"Western Bulldogs","2023",7
10,"Amon, Karl",14,3,4,18,0,0,0,1,0,5,0,6,0,2,0,2,17,0,0,0,0,0,82,-29,"Hawthorn","2023",7
22,"Breust, Luke",7,3,2,9,3,1,0,1,0,1,1,1,2,1,0,5,4,1,3,1,0,0,75,-29,"Hawthorn","2023",7
33,"Brockman, Tyler",4,3,7,11,0,0,0,2,0,1,0,2,1,0,0,6,5,0,0,1,0,1,77,-29,"Hawthorn","2023",7
12,"Day, Will",12,5,18,30,1,0,0,2,0,2,7,4,2,1,1,12,18,0,1,1,0,0,80,-29,"Hawthorn","2023",7
8,"Frost, Sam",12,7,8,20,0,0,0,0,4,1,1,5,0,2,0,5,13,0,0,2,0,0,94,-29,"Hawthorn","2023",7
26,"Greene, Fergus",2,1,4,6,0,0,0,1,0,0,0,2,0,1,0,3,3,0,1,0,0,1,77,-29,"Hawthorn","2023",7
15,"Hardwick, Blake",21,12,6,27,0,0,0,1,7,3,1,4,0,1,0,5,18,0,0,5,2,0,90,-29,"Hawthorn","2023",7
4,"Impey, Jarman",17,5,5,22,0,0,0,4,3,3,1,3,1,1,0,4,18,0,0,1,0,0,75,-29,"Hawthorn","2023",7
9,"Jiath, Changkuoth",8,4,7,15,0,0,0,2,4,1,0,3,0,2,0,4,10,0,0,2,0,0,75,-29,"Hawthorn","2023",7
2,"Lewis, Mitch",11,11,5,16,1,4,0,2,0,2,1,1,0,0,0,7,9,3,5,1,0,2,80,-29,"Hawthorn","2023",7
0,"Mitchell, Seamus",5,3,6,11,0,0,0,2,1,2,0,2,0,0,0,2,9,0,0,1,0,1,47,-29,"Hawthorn","2023",7
13,"Moore, Dylan",10,2,5,15,0,1,0,5,1,3,3,3,2,1,0,6,10,0,0,0,1,0,86,-29,"Hawthorn","2023",7
1,"Morrison, Harry",11,6,7,18,0,1,0,3,5,2,0,3,0,0,0,6,11,0,1,2,0,1,84,-29,"Hawthorn","2023",7
11,"Nash, Conor",4,0,22,26,0,0,0,3,1,0,2,2,0,1,0,9,17,0,0,2,0,0,83,-29,"Hawthorn","2023",7
3,"Newcombe, Jai",6,1,18,24,2,1,0,4,2,1,9,3,1,2,0,19,8,0,0,1,1,0,83,-29,"Hawthorn","2023",7
38,"Ramsden, Max",1,2,5,6,0,0,9,0,0,0,0,3,0,0,0,3,3,0,1,1,0,0,73,-29,"Hawthorn","2023",7
7,"Reeves, Ned",5,3,10,15,0,0,43,6,0,3,3,6,0,1,0,10,5,2,0,2,0,0,83,-29,"Hawthorn","2023",7
0,"Scrimshaw, Jack",7,3,3,10,0,0,0,0,3,0,0,1,0,0,0,1,8,1,0,1,0,0,38,-29,"Hawthorn","2023",7
6,"Sicily, James",18,6,8,26,1,0,0,1,10,2,0,3,1,1,0,7,14,1,0,9,3,0,93,-29,"Hawthorn","2023",7
25,"Ward, Josh",13,5,7,20,0,0,0,3,1,4,1,1,0,1,0,6,14,0,0,0,0,0,78,-29,"Hawthorn","2023",7
37,"Weddle, Josh",4,5,4,8,0,0,0,5,0,1,0,0,0,0,0,0,8,0,0,1,0,0,83,-29,"Hawthorn","2023",7
20,"Wingard, Chad",12,8,5,17,0,1,0,2,1,2,0,1,0,1,0,2,14,0,2,2,0,1,84,-29,"Hawthorn","2023",7
5,"Worpel, James",15,5,10,25,1,0,0,4,1,8,8,5,1,0,0,14,11,0,0,0,0,0,80,-29,"Hawthorn","2023",7
