"Number","Player","Kicks","Marks","Handballs","Disposals","Goals","Behinds","Hitouts","Tackles","Rebounds50s","Inside50s","Clearances","Clangers","FreesFor","FreesAgainst","BrownlowVotes","ContestedPossessions","UncontestedPossessions","ContestedMarks","MarksInside50","OnePercenters","Bounces","GoalAssists","PercentagePlayed","PointDifference","Team","Season","Round"
0,"Amartey, Joel",1,0,2,3,0,1,3,0,0,1,0,1,1,0,0,1,3,0,0,1,0,0,28,-14,"Sydney","2023",13
0,"Blakey, Nick",11,5,3,14,0,0,0,4,4,1,0,1,4,0,0,3,11,0,0,2,0,0,47,-14,"Sydney","2023",13
16,"Campbell, Braeden",15,4,8,23,1,1,0,4,4,7,3,5,1,1,0,8,14,0,2,0,0,0,73,-14,"Sydney","2023",13
4,"Clarke, Ryan",6,2,5,11,1,0,0,1,1,0,1,5,1,2,0,8,4,0,0,1,0,0,79,-14,"Sydney","2023",13
7,"Cunningham, Harry",10,2,8,18,0,0,0,2,7,0,2,1,0,1,0,7,11,0,0,4,0,0,87,-14,"Sydney","2023",13
13,"Florent, Oliver",20,6,14,34,0,0,0,0,4,4,4,6,0,1,0,13,19,1,0,3,3,1,93,-14,"Sydney","2023",13
42,"Fox, Robbie",9,3,8,17,0,0,2,4,0,2,0,3,0,1,0,7,10,0,0,4,0,0,90,-14,"Sydney","2023",13
10,"Francis, Aaron",8,6,8,16,0,0,0,2,2,0,0,5,1,3,0,4,11,0,0,14,0,0,93,-14,"Sydney","2023",13
23,"Franklin, Lance",5,2,2,7,2,0,0,1,0,0,0,7,1,3,0,4,4,1,1,2,0,0,93,-14,"Sydney","2023",13
21,"Gulden, Errol",14,1,2,16,1,2,0,7,1,4,6,7,4,2,0,8,8,0,0,0,0,0,83,-14,"Sydney","2023",13
9,"Hayward, Will",7,2,3,10,0,1,0,2,0,2,0,3,1,0,0,3,5,0,0,1,0,0,85,-14,"Sydney","2023",13
5,"Heeney, Isaac",8,3,8,16,0,0,0,6,0,5,3,1,1,0,0,8,9,1,0,2,0,0,81,-14,"Sydney","2023",13
31,"Hickey, Tom",2,2,11,13,0,0,20,3,0,2,0,1,0,1,0,4,9,0,0,2,0,0,67,-14,"Sydney","2023",13
44,"Lloyd, Jake",12,7,7,19,1,0,0,0,4,2,0,2,0,0,0,5,12,0,0,1,0,0,84,-14,"Sydney","2023",13
27,"McInerney, Justin",15,6,8,23,0,1,0,1,3,2,4,5,2,1,0,7,17,0,1,2,0,0,82,-14,"Sydney","2023",13
2,"McLean, Hayden",5,6,5,10,0,1,8,3,0,0,0,2,0,2,0,7,3,4,1,4,0,0,88,-14,"Sydney","2023",13
43,"Melican, Lewis",6,1,4,10,0,0,0,0,1,1,0,1,0,1,0,4,6,0,0,10,0,0,81,-14,"Sydney","2023",13
11,"Papley, Tom",11,3,5,16,2,0,0,0,0,6,1,2,0,0,0,10,7,0,0,3,0,1,89,-14,"Sydney","2023",13
24,"Rampe, Dane",12,6,8,20,0,0,0,0,3,1,0,3,0,1,0,6,11,1,0,1,0,0,86,-14,"Sydney","2023",13
8,"Rowbottom, James",9,1,15,24,0,0,0,4,1,3,9,3,1,0,0,17,7,0,0,3,0,0,77,-14,"Sydney","2023",13
29,"Sheldrick, Angus",10,3,9,19,0,0,0,6,1,5,7,6,1,1,0,10,9,0,0,1,0,0,57,-14,"Sydney","2023",13
1,"Warner, Chad",14,3,10,24,0,0,0,7,3,6,6,3,1,1,0,11,14,0,0,1,0,0,87,-14,"Sydney","2023",13
15,"Wicks, Sam",5,2,2,7,1,1,0,3,0,0,0,1,0,0,0,2,4,0,0,0,0,0,71,-14,"Sydney","2023",13
26,"Battle, Josh",5,3,5,10,0,0,0,3,2,1,1,2,0,2,0,3,6,1,0,2,1,0,93,14,"St Kilda","2023",13
16,"Butler, Dan",8,1,2,10,2,1,0,9,0,1,0,3,1,2,0,5,2,0,1,2,0,1,76,14,"St Kilda","2023",13
13,"Byrnes, Ryan",9,3,10,19,0,0,0,2,3,4,3,3,2,0,0,10,11,0,0,2,0,0,77,14,"St Kilda","2023",13
0,"Caminiti, Anthony",1,0,4,5,1,0,6,7,0,0,0,3,1,2,0,3,1,0,0,0,0,0,66,14,"St Kilda","2023",13
5,"Crouch, Brad",15,4,18,33,0,0,0,8,2,4,4,6,1,1,2,14,17,0,1,1,0,1,80,14,"St Kilda","2023",13
4,"Gresham, Jade",10,3,8,18,0,2,0,4,0,6,0,3,0,0,0,5,13,0,1,0,0,0,80,14,"St Kilda","2023",13
22,"Higgins, Jack",2,2,9,11,1,0,0,6,0,0,0,0,0,0,0,4,7,0,0,1,0,1,73,14,"St Kilda","2023",13
8,"Hill, Bradley",7,3,12,19,0,1,0,3,1,1,3,3,1,1,0,9,12,0,0,2,0,0,82,14,"St Kilda","2023",13
20,"Howard, Dougal",8,5,5,13,0,0,0,1,3,0,0,1,0,1,0,3,9,0,0,10,0,0,100,14,"St Kilda","2023",13
12,"King, Max",7,3,3,10,3,1,0,3,0,1,0,2,2,1,0,7,3,2,2,0,0,2,82,14,"St Kilda","2023",13
19,"Marshall, Rowan",11,2,5,16,0,0,50,7,1,6,3,2,2,0,0,7,10,0,0,2,0,0,87,14,"St Kilda","2023",13
10,"Owens, Mitch",14,8,7,21,2,2,1,3,1,7,1,1,3,1,0,12,9,3,0,1,0,0,83,14,"St Kilda","2023",13
25,"Phillipou, Mattaes",6,2,4,10,1,0,0,5,1,4,0,5,1,3,0,4,6,0,0,0,0,0,81,14,"St Kilda","2023",13
6,"Ross, Sebastian",10,2,4,14,0,0,0,10,1,2,7,2,0,1,0,7,8,0,0,3,0,0,65,14,"St Kilda","2023",13
0,"Sharman, Cooper",2,1,3,5,1,0,1,3,0,0,0,0,0,0,0,2,3,0,1,1,0,0,20,14,"St Kilda","2023",13
35,"Sinclair, Jack",21,3,11,32,0,0,0,3,3,4,7,3,1,0,3,12,15,0,0,0,0,0,78,14,"St Kilda","2023",13
9,"Steele, Jack",8,2,16,24,0,0,0,7,2,1,2,5,1,1,0,9,16,0,0,5,0,0,80,14,"St Kilda","2023",13
14,"Stocker, Liam",11,5,2,13,0,0,0,2,4,2,0,1,2,0,0,2,8,1,0,4,0,0,67,14,"St Kilda","2023",13
7,"Wanganeen-Milera, Nasiah",20,9,10,30,1,0,0,2,6,2,1,2,0,1,1,7,17,0,0,2,1,0,87,14,"St Kilda","2023",13
29,"Webster, Jimmy",12,5,7,19,0,0,0,1,3,2,0,3,1,1,0,2,15,0,0,1,0,0,74,14,"St Kilda","2023",13
44,"Wilkie, Callum",17,8,6,23,0,0,0,2,8,0,0,1,1,0,0,5,18,0,0,6,2,0,100,14,"St Kilda","2023",13
17,"Windhager, Marcus",10,4,5,15,0,0,0,4,3,0,3,4,1,1,0,5,11,0,1,0,0,0,81,14,"St Kilda","2023",13
32,"Wood, Mason",10,5,6,16,0,0,0,4,1,3,1,2,1,1,0,5,12,0,0,1,0,0,89,14,"St Kilda","2023",13
