"Number","Player","Kicks","Marks","Handballs","Disposals","Goals","Behinds","Hitouts","Tackles","Rebounds50s","Inside50s","Clearances","Clangers","FreesFor","FreesAgainst","BrownlowVotes","ContestedPossessions","UncontestedPossessions","ContestedMarks","MarksInside50","OnePercenters","Bounces","GoalAssists","PercentagePlayed","PointDifference","Team","Season","Round"
9,"Ainsworth, Ben",18,8,9,27,1,0,0,2,2,3,0,3,0,0,0,5,22,0,1,1,1,1,85,67,"Gold Coast","2023",15
15,"Anderson, Noah",19,7,9,28,2,0,0,0,2,9,6,4,2,1,3,11,19,0,0,2,0,0,81,67,"Gold Coast","2023",15
31,"Andrew, Mac",9,7,3,12,0,0,0,1,2,2,0,2,0,2,0,7,5,4,0,3,1,0,84,67,"Gold Coast","2023",15
0,"Atkins, Rory",5,4,2,7,0,0,0,0,0,2,1,0,0,0,0,2,5,0,0,0,0,1,24,67,"Gold Coast","2023",15
10,"Ballard, Charlie",9,7,3,12,0,0,0,1,2,1,0,1,0,1,0,2,9,1,0,2,0,0,96,67,"Gold Coast","2023",15
30,"Casboult, Levi",9,7,2,11,0,3,10,1,0,1,2,4,0,1,0,5,6,1,3,0,0,1,90,67,"Gold Coast","2023",15
25,"Collins, Sam",8,8,5,13,0,0,0,0,2,0,0,0,0,0,0,5,8,1,0,6,0,0,96,67,"Gold Coast","2023",15
4,"Ellis, Brandon",14,9,2,16,1,1,0,1,0,2,1,0,1,0,0,5,12,0,0,3,0,0,87,67,"Gold Coast","2023",15
8,"Fiorini, Brayden",25,7,10,35,0,0,0,1,4,5,7,5,1,2,2,14,22,0,0,1,0,1,77,67,"Gold Coast","2023",15
3,"Flanders, Sam",13,6,14,27,0,0,0,2,2,9,5,3,1,0,0,13,14,1,1,0,1,0,79,67,"Gold Coast","2023",15
7,"Holman, Nick",6,1,4,10,1,0,0,4,0,2,0,4,0,2,0,2,8,0,0,2,0,1,87,67,"Gold Coast","2023",15
19,"Humphrey, Bailey",8,2,5,13,0,2,0,0,0,3,1,3,0,2,0,6,7,0,1,0,0,0,71,67,"Gold Coast","2023",15
34,"King, Ben",8,5,4,12,2,2,0,0,0,2,0,4,1,1,0,5,7,1,5,1,0,1,86,67,"Gold Coast","2023",15
22,"Long, Ben",7,5,4,11,0,0,0,2,3,0,0,1,0,1,0,5,8,1,0,5,0,0,85,67,"Gold Coast","2023",15
13,"Lukosius, Jack",10,7,1,11,2,2,0,1,0,6,0,4,1,1,0,3,9,0,2,3,0,1,76,67,"Gold Coast","2023",15
44,"Macpherson, Darcy",17,8,8,25,0,0,0,3,3,2,1,5,0,2,0,5,15,0,0,3,0,0,83,67,"Gold Coast","2023",15
47,"Oea, Hewago",5,2,3,8,0,0,0,5,0,5,0,1,0,0,0,1,5,0,0,1,0,0,76,67,"Gold Coast","2023",15
27,"Powell, Wil",17,12,2,19,0,0,0,2,3,2,0,2,1,0,0,1,17,0,0,0,0,0,77,67,"Gold Coast","2023",15
41,"Rosas, Malcolm",11,3,4,15,3,2,0,3,0,2,1,3,1,0,0,6,7,0,2,0,1,1,72,67,"Gold Coast","2023",15
18,"Rowell, Matt",10,2,10,20,0,0,0,5,2,2,7,4,1,3,1,11,8,0,0,1,0,2,84,67,"Gold Coast","2023",15
24,"Swallow, David",6,0,4,10,1,0,0,2,0,2,0,2,0,0,0,4,5,0,0,0,0,0,72,67,"Gold Coast","2023",15
0,"Weller, Lachie",8,6,4,12,0,0,0,4,4,3,0,1,0,0,0,3,9,0,0,1,0,0,56,67,"Gold Coast","2023",15
28,"Witts, Jarrod",10,5,4,14,1,0,26,0,1,3,5,3,1,1,0,6,6,1,1,1,0,0,77,67,"Gold Coast","2023",15
10,"Amon, Karl",14,3,4,18,0,0,0,2,3,5,1,4,0,0,0,2,16,0,0,0,0,1,79,-67,"Hawthorn","2023",15
36,"Blanck, James",3,0,6,9,0,0,0,1,0,0,0,4,1,1,0,6,3,0,0,10,0,0,82,-67,"Hawthorn","2023",15
16,"Bramble, Lachlan",13,8,3,16,0,1,0,1,1,2,1,2,0,0,0,2,14,0,0,1,0,1,77,-67,"Hawthorn","2023",15
22,"Breust, Luke",5,4,3,8,2,0,0,1,0,2,0,2,0,0,0,3,5,1,2,0,0,0,82,-67,"Hawthorn","2023",15
33,"Brockman, Tyler",4,2,5,9,0,0,0,0,0,2,0,2,0,0,0,2,7,0,0,2,0,0,82,-67,"Hawthorn","2023",15
0,"Butler, Sam",3,1,4,7,0,0,0,1,0,1,0,2,1,0,0,1,7,0,0,0,1,0,36,-67,"Hawthorn","2023",15
12,"Day, Will",14,9,15,29,0,0,0,4,5,3,3,1,1,0,0,9,17,0,0,0,0,1,84,-67,"Hawthorn","2023",15
8,"Frost, Sam",4,2,5,9,0,0,0,2,4,0,0,3,2,0,0,5,5,0,0,8,0,0,96,-67,"Hawthorn","2023",15
15,"Hardwick, Blake",20,8,18,38,0,0,0,0,10,1,0,5,0,1,0,10,20,0,0,2,1,0,86,-67,"Hawthorn","2023",15
4,"Impey, Jarman",20,6,9,29,0,0,0,3,6,3,1,4,0,0,0,6,22,0,0,1,2,0,85,-67,"Hawthorn","2023",15
23,"Koschitzke, Jacob",2,2,4,6,0,1,0,4,0,0,0,1,1,0,0,2,4,0,1,1,0,0,84,-67,"Hawthorn","2023",15
2,"Lewis, Mitch",7,4,8,15,2,0,0,0,0,3,0,3,1,0,0,5,10,1,2,2,0,0,81,-67,"Hawthorn","2023",15
31,"Macdonald, Connor",4,3,9,13,0,0,0,0,0,0,0,1,0,0,0,5,8,0,0,0,0,0,80,-67,"Hawthorn","2023",15
28,"Mackenzie, Cam",4,1,12,16,0,0,0,1,0,1,1,3,0,0,0,2,14,0,0,1,0,0,73,-67,"Hawthorn","2023",15
0,"Meek, Lloyd",1,0,1,2,0,0,11,0,2,0,0,1,0,1,0,0,1,0,0,0,0,0,45,-67,"Hawthorn","2023",15
40,"Mitchell, Seamus",13,6,11,24,0,0,0,3,5,0,1,5,0,0,0,9,15,0,0,1,0,0,85,-67,"Hawthorn","2023",15
13,"Moore, Dylan",9,1,8,17,1,1,0,6,1,2,0,4,3,2,0,6,13,0,0,0,0,0,89,-67,"Hawthorn","2023",15
11,"Nash, Conor",15,1,9,24,0,0,0,4,6,3,10,7,1,1,0,14,11,0,0,3,0,1,73,-67,"Hawthorn","2023",15
3,"Newcombe, Jai",10,3,10,20,0,0,0,8,1,5,2,5,5,2,0,11,10,0,0,1,0,0,74,-67,"Hawthorn","2023",15
7,"Reeves, Ned",3,1,4,7,0,0,15,1,0,0,3,2,1,1,0,6,2,0,0,1,0,0,76,-67,"Hawthorn","2023",15
14,"Scrimshaw, Jack",19,11,12,31,0,0,0,0,7,0,0,5,0,2,0,8,20,1,0,4,6,0,85,-67,"Hawthorn","2023",15
37,"Weddle, Josh",6,4,4,10,0,0,0,2,0,0,0,1,1,0,0,2,9,1,0,2,1,0,84,-67,"Hawthorn","2023",15
5,"Worpel, James",12,2,16,28,0,0,0,1,2,4,5,3,2,0,0,11,15,0,0,0,1,0,83,-67,"Hawthorn","2023",15
