"Number","Player","Kicks","Marks","Handballs","Disposals","Goals","Behinds","Hitouts","Tackles","Rebounds50s","Inside50s","Clearances","Clangers","FreesFor","FreesAgainst","BrownlowVotes","ContestedPossessions","UncontestedPossessions","ContestedMarks","MarksInside50","OnePercenters","Bounces","GoalAssists","PercentagePlayed","PointDifference","Team","Season","Round"
26,"Battle, Josh",7,6,9,16,0,0,0,2,4,1,1,5,1,2,0,8,8,1,0,6,0,0,89,15,"St Kilda","2023",1
0,"Butler, Dan",5,1,3,8,0,1,0,1,1,3,1,3,0,1,0,2,6,0,1,3,0,0,55,15,"St Kilda","2023",1
13,"Byrnes, Ryan",19,5,8,27,0,0,0,1,3,5,4,6,2,0,0,12,14,0,0,1,3,2,88,15,"St Kilda","2023",1
23,"Bytel, Jack",9,4,7,16,1,0,0,7,2,1,3,4,2,1,0,7,9,0,1,0,0,0,79,15,"St Kilda","2023",1
47,"Caminiti, Anthony",4,2,5,9,0,1,1,0,0,3,0,3,2,1,0,7,1,1,0,0,0,1,84,15,"St Kilda","2023",1
11,"Clark, Hunter",12,1,6,18,0,1,0,4,0,2,4,4,0,2,0,11,8,1,0,1,0,0,59,15,"St Kilda","2023",1
21,"Cordy, Zaine",4,0,2,6,1,0,1,1,2,2,0,1,1,1,0,2,4,0,0,0,0,1,79,15,"St Kilda","2023",1
5,"Crouch, Brad",7,4,23,30,0,0,0,4,3,2,4,6,1,2,2,11,19,0,0,1,0,0,78,15,"St Kilda","2023",1
4,"Gresham, Jade",11,4,6,17,2,0,0,2,1,3,0,5,0,1,0,8,8,0,2,0,3,0,89,15,"St Kilda","2023",1
22,"Higgins, Jack",6,4,3,9,1,0,0,2,0,3,0,1,1,0,0,4,6,0,0,0,0,0,72,15,"St Kilda","2023",1
8,"Hill, Bradley",12,4,9,21,0,0,0,4,1,2,1,1,0,0,0,3,17,0,0,1,3,0,87,15,"St Kilda","2023",1
20,"Howard, Dougal",6,2,7,13,0,0,0,0,1,0,0,4,2,3,0,7,7,0,0,7,0,0,97,15,"St Kilda","2023",1
19,"Marshall, Rowan",8,2,8,16,0,0,17,4,1,1,5,6,2,3,0,10,7,1,0,4,0,0,85,15,"St Kilda","2023",1
10,"Owens, Mitch",10,6,5,15,2,0,0,1,0,4,1,3,3,0,0,9,7,1,2,0,1,0,81,15,"St Kilda","2023",1
0,"Paton, Ben",3,2,3,6,0,0,0,0,2,0,0,1,0,0,0,2,4,0,0,1,0,0,30,15,"St Kilda","2023",1
25,"Phillipou, Mattaes",6,3,10,16,1,0,0,0,1,2,2,1,1,0,0,8,8,0,1,1,0,1,74,15,"St Kilda","2023",1
35,"Sinclair, Jack",18,4,8,26,0,0,0,1,10,2,3,2,0,0,0,7,14,0,0,1,4,0,87,15,"St Kilda","2023",1
9,"Steele, Jack",17,5,11,28,0,0,0,3,1,7,5,4,2,0,0,8,18,0,0,3,0,0,83,15,"St Kilda","2023",1
14,"Stocker, Liam",10,9,10,20,0,0,0,1,8,0,1,1,0,0,0,4,15,0,0,1,0,0,77,15,"St Kilda","2023",1
7,"Wanganeen-Milera, Nasiah",17,5,1,18,0,1,0,1,5,3,0,5,0,1,0,2,13,0,1,0,2,0,87,15,"St Kilda","2023",1
29,"Webster, Jimmy",9,5,5,14,0,0,0,1,3,1,1,4,1,1,0,5,9,1,0,0,1,0,50,15,"St Kilda","2023",1
44,"Wilkie, Callum",14,3,10,24,0,0,0,1,5,1,0,6,2,2,0,9,14,1,0,4,0,0,97,15,"St Kilda","2023",1
32,"Wood, Mason",15,6,5,20,2,1,0,4,3,4,1,2,0,1,0,4,17,0,0,1,0,0,92,15,"St Kilda","2023",1
11,"Aish, James",12,5,6,18,1,1,0,2,0,2,1,2,1,0,0,4,12,1,1,0,0,0,81,-15,"Fremantle","2023",1
0,"Banfield, Bailey",2,1,1,3,0,0,0,1,0,0,0,0,0,0,0,1,1,0,0,0,0,0,18,-15,"Fremantle","2023",1
8,"Brayshaw, Andrew",19,4,7,26,0,0,0,7,4,5,2,6,3,0,0,9,14,0,0,0,0,0,78,-15,"Fremantle","2023",1
17,"Brodie, Will",8,1,12,20,0,1,0,6,2,4,5,3,0,0,0,8,12,0,0,0,0,0,68,-15,"Fremantle","2023",1
27,"Chapman, Heath",12,8,10,22,0,0,0,2,2,1,0,3,0,1,0,5,18,0,0,2,0,0,79,-15,"Fremantle","2023",1
6,"Clark, Jordan",18,11,10,28,0,1,0,0,3,3,0,4,1,2,0,6,23,0,0,1,0,0,82,-15,"Fremantle","2023",1
36,"Cox, Brennan",22,20,8,30,0,0,0,0,5,2,0,1,2,1,0,9,22,3,0,13,0,0,90,-15,"Fremantle","2023",1
4,"Darcy, Sean",9,5,9,18,0,0,38,3,0,4,4,6,3,3,0,14,5,1,1,1,0,2,82,-15,"Fremantle","2023",1
32,"Frederick, Michael",8,5,7,15,1,0,0,2,0,4,1,3,0,0,0,6,9,0,0,1,1,0,83,-15,"Fremantle","2023",1
7,"Fyfe, Nat",7,7,2,9,0,1,0,2,0,4,0,6,0,3,0,3,7,1,1,0,1,0,79,-15,"Fremantle","2023",1
23,"Henry, Liam",9,4,12,21,0,0,0,0,0,3,0,3,0,1,0,8,13,0,2,0,0,2,86,-15,"Fremantle","2023",1
15,"Hughes, Ethan",9,5,7,16,0,0,0,1,2,6,2,0,0,0,0,5,10,1,0,2,0,0,83,-15,"Fremantle","2023",1
9,"Jackson, Luke",5,0,7,12,0,2,7,5,0,0,2,3,4,1,0,9,3,0,0,0,0,1,85,-15,"Fremantle","2023",1
2,"OMeara, Jaeger",6,2,13,19,0,0,0,6,0,4,2,1,1,1,0,6,13,0,0,0,0,0,68,-15,"Fremantle","2023",1
25,"Pearce, Alex",12,8,8,20,0,0,0,2,3,1,0,3,0,3,0,6,14,1,0,4,0,0,97,-15,"Fremantle","2023",1
13,"Ryan, Luke",30,13,7,37,0,0,0,4,10,1,0,2,0,1,3,8,26,2,0,2,0,0,84,-15,"Fremantle","2023",1
5,"Schultz, Lachie",10,4,5,15,2,0,0,2,0,4,1,2,2,1,0,6,9,1,1,0,0,0,82,-15,"Fremantle","2023",1
3,"Serong, Caleb",11,3,18,29,0,0,0,1,1,5,7,3,1,0,0,12,16,0,0,0,0,0,82,-15,"Fremantle","2023",1
39,"Switkowski, Sam",9,5,7,16,1,2,0,5,1,5,1,1,2,0,0,6,10,0,2,2,0,0,84,-15,"Fremantle","2023",1
0,"Taberner, Matthew",6,4,3,9,1,0,0,0,0,2,0,1,1,1,0,3,6,1,0,0,0,0,66,-15,"Fremantle","2023",1
35,"Treacy, Josh",2,0,1,3,1,0,0,1,0,0,0,4,1,2,0,1,2,0,0,3,0,0,79,-15,"Fremantle","2023",1
14,"Wilson, Nathan",14,8,7,21,0,0,0,0,4,3,0,1,0,1,0,4,17,1,0,1,3,0,80,-15,"Fremantle","2023",1
26,"Young, Hayden",18,13,12,30,0,0,0,1,6,2,0,1,0,1,1,7,22,1,0,2,0,0,87,-15,"Fremantle","2023",1
