"Number","Player","Kicks","Marks","Handballs","Disposals","Goals","Behinds","Hitouts","Tackles","Rebounds50s","Inside50s","Clearances","Clangers","FreesFor","FreesAgainst","BrownlowVotes","ContestedPossessions","UncontestedPossessions","ContestedMarks","MarksInside50","OnePercenters","Bounces","GoalAssists","PercentagePlayed","PointDifference","Team","Season","Round"
30,"Atkins, Tom",9,0,12,21,1,0,0,4,2,2,4,2,3,2,0,11,9,0,0,0,0,0,80,-22,"Geelong","2023",1
24,"Bews, Jed",6,2,5,11,0,0,0,1,2,1,0,0,0,0,0,6,4,0,0,1,0,0,80,-22,"Geelong","2023",1
46,"Blicavs, Mark",5,2,8,13,0,0,5,5,0,3,4,3,2,2,0,7,5,1,0,1,0,0,89,-22,"Geelong","2023",1
4,"Bruhn, Tanner",9,2,8,17,0,0,0,4,1,2,3,3,0,0,0,7,10,0,0,1,0,1,64,-22,"Geelong","2023",1
5,"Cameron, Jeremy",16,8,0,16,2,1,0,0,0,7,2,1,0,0,0,2,14,0,2,1,0,1,100,-22,"Geelong","2023",1
45,"Close, Brad",5,2,5,10,0,2,0,4,0,2,2,1,1,0,0,5,5,0,1,2,0,0,80,-22,"Geelong","2023",1
35,"Dangerfield, Patrick",9,3,13,22,1,0,0,1,0,2,6,10,0,2,0,15,7,1,0,3,1,0,62,-22,"Geelong","2023",1
16,"De Koning, Sam",2,0,5,7,0,0,0,0,0,0,0,0,0,0,0,4,3,0,0,4,0,0,84,-22,"Geelong","2023",1
29,"Guthrie, Cameron",10,1,5,15,0,0,0,4,2,2,3,3,1,2,0,7,9,0,0,3,0,0,74,-22,"Geelong","2023",1
39,"Guthrie, Zach",8,7,4,12,0,0,0,2,3,2,0,0,0,0,0,3,9,1,0,4,0,0,91,-22,"Geelong","2023",1
26,"Hawkins, Tom",6,4,5,11,2,2,4,0,0,1,0,2,1,0,0,7,4,2,3,0,0,2,86,-22,"Geelong","2023",1
36,"Henry, Oliver",8,6,7,15,2,0,0,2,1,0,2,2,4,1,0,10,6,2,1,0,0,0,83,-22,"Geelong","2023",1
9,"Holmes, Max",10,1,7,17,1,0,0,4,1,3,2,2,1,0,0,5,13,0,0,2,0,0,80,-22,"Geelong","2023",1
32,"Miers, Gryan",7,5,12,19,0,2,0,0,0,1,1,6,2,3,0,7,12,1,3,2,0,3,87,-22,"Geelong","2023",1
42,"OConnor, Mark",8,3,7,15,0,0,0,4,4,0,0,0,2,0,0,5,10,1,0,1,0,0,92,-22,"Geelong","2023",1
0,"Parfitt, Brandan",0,0,5,5,0,0,0,2,0,1,2,2,0,1,0,2,3,0,0,0,0,0,41,-22,"Geelong","2023",1
17,"Ratugolea, Esava",4,4,2,6,0,0,0,0,5,0,0,4,0,3,0,4,2,2,0,11,0,0,94,-22,"Geelong","2023",1
23,"Rohan, Gary",5,5,3,8,2,0,0,1,0,3,0,3,0,2,0,1,7,1,3,1,0,0,81,-22,"Geelong","2023",1
7,"Smith, Isaac",19,6,2,21,1,0,0,2,6,8,1,2,1,1,0,3,14,1,0,1,1,1,88,-22,"Geelong","2023",1
1,"Stanley, Rhys",10,1,6,16,0,0,29,2,4,3,2,7,2,3,0,6,6,0,0,3,0,0,85,-22,"Geelong","2023",1
18,"Stengle, Tyson",10,3,7,17,2,0,0,1,0,3,1,2,0,1,0,3,13,0,2,1,1,1,76,-22,"Geelong","2023",1
0,"Stewart, Tom",3,0,0,3,0,0,0,1,3,0,0,0,1,0,0,1,0,0,0,1,0,0,12,-22,"Geelong","2023",1
2,"Tuohy, Zach",13,4,5,18,2,0,0,0,9,0,0,5,0,1,0,9,5,0,1,0,1,0,92,-22,"Geelong","2023",1
13,"Adams, Taylor",8,3,8,16,1,1,0,3,0,4,3,5,0,2,0,5,12,0,0,0,0,3,71,22,"Collingwood","2023",1
14,"Cameron, Darcy",8,4,3,11,0,1,29,2,0,0,3,4,4,3,0,9,4,2,0,3,0,0,77,22,"Collingwood","2023",1
46,"Cox, Mason",6,5,0,6,2,0,16,1,0,4,1,2,0,2,0,5,2,3,2,1,0,1,52,22,"Collingwood","2023",1
25,"Crisp, Jack",11,4,11,22,0,1,0,4,1,4,3,3,0,1,0,9,13,0,1,0,2,1,78,22,"Collingwood","2023",1
7,"Daicos, Josh",16,3,11,27,0,0,0,3,5,6,5,0,0,0,0,9,18,0,0,1,0,0,92,22,"Collingwood","2023",1
35,"Daicos, Nick",21,7,14,35,0,0,0,0,3,5,3,2,2,0,2,10,21,0,0,1,1,1,86,22,"Collingwood","2023",1
2,"de Goey, Jordan",12,8,13,25,3,0,0,2,0,6,4,3,1,0,3,7,18,0,3,2,0,3,84,22,"Collingwood","2023",1
5,"Elliott, Jamie",8,6,5,13,0,2,0,1,1,2,0,2,0,0,0,1,12,0,2,0,0,0,89,22,"Collingwood","2023",1
23,"Hill, Bobby",8,7,2,10,3,0,0,3,0,5,1,1,2,0,0,2,10,0,2,0,0,1,81,22,"Collingwood","2023",1
32,"Hoskin-Elliott, Will",12,5,6,18,0,0,0,2,2,2,3,6,1,0,0,7,9,1,0,4,0,0,71,22,"Collingwood","2023",1
0,"Howe, Jeremy",6,3,2,8,0,0,0,0,2,1,0,0,0,0,0,1,7,0,0,3,0,0,46,22,"Collingwood","2023",1
4,"Maynard, Brayden",13,7,6,19,0,0,0,2,1,2,0,4,1,2,0,6,12,0,0,3,0,1,86,22,"Collingwood","2023",1
31,"McCreery, Beau",13,5,7,20,2,0,0,1,0,5,1,1,0,1,0,5,15,0,1,1,0,2,72,22,"Collingwood","2023",1
0,"McInnes, Reef",3,1,1,4,2,1,0,2,0,0,0,0,1,0,0,3,1,0,1,0,0,1,38,22,"Collingwood","2023",1
11,"McStay, Daniel",4,3,2,6,1,1,0,2,0,0,0,0,1,0,0,2,4,0,1,1,0,0,95,22,"Collingwood","2023",1
41,"Mihocek, Brody",6,5,3,9,2,1,0,2,0,2,0,3,2,1,0,4,5,1,2,1,0,0,85,22,"Collingwood","2023",1
6,"Mitchell, Tom",9,3,12,21,2,0,0,4,0,2,10,2,2,2,0,14,7,0,1,0,0,0,76,22,"Collingwood","2023",1
30,"Moore, Darcy",12,5,1,13,0,0,0,1,5,2,0,4,2,0,1,9,4,2,0,12,0,0,100,22,"Collingwood","2023",1
28,"Murphy, Nathan",5,3,1,6,0,0,0,0,2,0,0,2,1,2,0,1,5,0,0,9,0,0,88,22,"Collingwood","2023",1
9,"Noble, John",23,7,6,29,0,0,0,1,6,5,0,4,2,1,0,5,23,0,0,0,0,2,82,22,"Collingwood","2023",1
10,"Pendlebury, Scott",13,4,14,27,1,0,0,8,0,2,4,1,1,0,0,10,15,0,0,0,0,1,82,22,"Collingwood","2023",1
3,"Quaynor, Isaac",4,2,4,8,0,0,0,4,1,0,0,3,1,2,0,5,3,1,0,2,0,0,79,22,"Collingwood","2023",1
22,"Sidebottom, Steele",8,5,11,19,0,0,0,4,0,3,2,4,0,2,0,6,13,0,0,2,2,1,88,22,"Collingwood","2023",1
