"Number","Player","Kicks","Marks","Handballs","Disposals","Goals","Behinds","Hitouts","Tackles","Rebounds50s","Inside50s","Clearances","Clangers","FreesFor","FreesAgainst","BrownlowVotes","ContestedPossessions","UncontestedPossessions","ContestedMarks","MarksInside50","OnePercenters","Bounces","GoalAssists","PercentagePlayed","PointDifference","Team","Season","Round"
11,"Aish, James",10,2,8,18,0,0,0,1,2,4,2,2,1,1,0,5,12,0,0,1,0,0,85,-3,"Fremantle","2023",21
24,"Amiss, Jye",6,5,1,7,1,2,0,0,0,1,0,1,0,1,0,3,4,2,3,1,0,0,80,-3,"Fremantle","2023",21
8,"Brayshaw, Andrew",11,4,18,29,0,0,0,6,1,4,2,1,1,0,0,7,23,0,0,0,0,3,83,-3,"Fremantle","2023",21
6,"Clark, Jordan",11,2,9,20,0,0,0,3,7,2,2,2,1,1,0,8,10,0,0,6,0,0,87,-3,"Fremantle","2023",21
19,"Corbett, Josh",3,3,1,4,1,1,0,1,0,1,0,1,0,0,0,1,4,0,2,3,0,0,75,-3,"Fremantle","2023",21
36,"Cox, Brennan",3,5,4,7,0,0,0,1,0,0,0,0,0,0,0,3,4,2,0,4,0,0,93,-3,"Fremantle","2023",21
28,"Erasmus, Neil",11,6,7,18,0,0,0,3,3,3,2,2,1,2,0,4,13,0,0,0,0,0,65,-3,"Fremantle","2023",21
32,"Frederick, Michael",8,5,5,13,2,1,0,1,1,2,0,0,0,0,0,2,10,0,1,2,0,0,79,-3,"Fremantle","2023",21
23,"Henry, Liam",13,7,11,24,0,0,0,2,2,2,2,2,0,1,0,8,17,0,0,1,2,1,85,-3,"Fremantle","2023",21
0,"Hughes, Ethan",4,3,1,5,0,0,0,1,1,0,0,1,0,0,0,1,3,0,0,1,0,0,56,-3,"Fremantle","2023",21
9,"Jackson, Luke",13,5,11,24,1,2,44,6,3,6,5,5,3,2,0,15,11,2,1,2,0,1,84,-3,"Fremantle","2023",21
0,"Johnson, Matthew",2,0,3,5,0,0,0,0,0,0,2,0,0,0,0,1,3,0,0,1,0,0,22,-3,"Fremantle","2023",21
2,"OMeara, Jaeger",8,5,9,17,0,0,0,3,1,2,2,1,1,1,0,8,11,0,0,1,0,0,73,-3,"Fremantle","2023",21
25,"Pearce, Alex",3,1,3,6,0,0,0,1,0,1,0,0,2,0,0,5,1,1,0,5,0,0,94,-3,"Fremantle","2023",21
13,"Ryan, Luke",15,4,6,21,0,0,0,2,6,0,1,2,2,1,0,5,8,0,0,1,0,0,89,-3,"Fremantle","2023",21
5,"Schultz, Lachie",7,2,6,13,2,0,0,3,1,3,0,3,1,0,0,3,8,0,0,0,0,1,80,-3,"Fremantle","2023",21
3,"Serong, Caleb",17,4,18,35,0,0,0,7,2,4,9,5,1,1,3,14,21,0,0,0,0,0,85,-3,"Fremantle","2023",21
1,"Sturt, Sam",5,3,4,9,3,0,0,0,0,1,0,2,1,0,0,4,4,0,2,0,0,0,76,-3,"Fremantle","2023",21
39,"Switkowski, Sam",6,1,13,19,0,1,0,8,0,2,5,4,1,1,0,9,10,0,0,2,0,2,84,-3,"Fremantle","2023",21
35,"Treacy, Josh",7,3,3,10,1,0,6,2,0,3,0,0,1,0,0,6,4,1,1,3,0,0,82,-3,"Fremantle","2023",21
34,"Wagner, Corey",11,2,4,15,0,0,0,3,4,2,2,1,3,1,0,5,9,0,0,2,1,1,75,-3,"Fremantle","2023",21
10,"Walters, Michael",7,4,5,12,0,0,0,1,0,3,0,2,0,1,0,1,12,0,0,0,0,1,85,-3,"Fremantle","2023",21
26,"Young, Hayden",17,3,12,29,0,0,0,10,1,3,7,4,1,2,2,15,13,0,0,2,0,1,84,-3,"Fremantle","2023",21
4,"Ah Chee, Callum",11,4,2,13,1,1,0,5,2,1,3,6,1,4,0,8,6,2,1,0,0,0,71,3,"Brisbane Lions","2023",21
31,"Andrews, Harris",12,10,4,16,0,0,0,1,5,1,0,2,0,1,0,5,11,2,0,12,0,0,100,3,"Brisbane Lions","2023",21
33,"Bailey, Zac",10,4,12,22,0,1,0,2,2,4,2,4,0,2,0,7,15,0,0,0,0,0,77,3,"Brisbane Lions","2023",21
7,"Berry, Jarrod",16,7,12,28,1,0,0,3,3,3,3,0,2,0,1,8,20,0,0,2,0,0,70,3,"Brisbane Lions","2023",21
23,"Cameron, Charlie",9,6,2,11,2,2,0,5,0,2,0,3,1,1,0,6,5,3,5,0,0,2,87,3,"Brisbane Lions","2023",21
3,"Daniher, Joe",10,4,2,12,2,1,3,2,0,4,2,3,1,3,0,6,7,2,1,1,0,0,84,3,"Brisbane Lions","2023",21
5,"Dunkley, Josh",6,5,11,17,0,0,0,8,0,2,2,3,0,2,0,6,10,0,0,0,0,1,75,3,"Brisbane Lions","2023",21
0,"Fletcher, Jaspa",7,4,1,8,0,1,0,0,3,2,2,0,0,0,0,3,5,0,0,1,0,0,67,3,"Brisbane Lions","2023",21
32,"Fort, Darcy",7,0,5,12,0,0,38,3,2,1,5,3,1,1,0,11,1,0,0,1,0,0,77,3,"Brisbane Lions","2023",21
19,"Gunston, Jack",7,7,1,8,2,0,0,1,0,2,0,0,0,0,0,4,4,3,2,2,0,1,77,3,"Brisbane Lions","2023",21
30,"Hipwood, Eric",10,10,4,14,1,0,0,1,0,4,0,2,1,1,0,3,11,1,1,1,0,2,88,3,"Brisbane Lions","2023",21
35,"Lester, Ryan",12,5,4,16,0,0,0,5,4,2,0,3,1,0,0,5,11,1,0,2,0,0,86,3,"Brisbane Lions","2023",21
11,"McCarthy, Lincoln",11,7,6,17,1,1,0,8,0,8,1,6,3,2,0,11,9,2,0,1,0,0,86,3,"Brisbane Lions","2023",21
6,"McCluggage, Hugh",11,5,11,22,1,0,0,4,1,5,4,3,0,1,0,9,14,0,0,3,0,2,83,3,"Brisbane Lions","2023",21
26,"McKenna, Conor",9,3,1,10,0,0,0,1,3,1,0,1,0,0,0,0,8,0,0,0,0,0,83,3,"Brisbane Lions","2023",21
9,"Neale, Lachie",15,6,10,25,0,0,0,6,0,1,8,5,0,1,0,11,12,0,0,0,0,0,85,3,"Brisbane Lions","2023",21
40,"Payne, Jack",6,3,4,10,0,0,0,1,4,1,0,2,1,1,0,4,6,0,0,4,0,0,89,3,"Brisbane Lions","2023",21
20,"Prior, Jaxon",7,1,2,9,0,0,0,3,0,0,0,0,1,0,0,4,6,0,0,5,0,0,70,3,"Brisbane Lions","2023",21
16,"Rayner, Cam",14,12,5,19,0,1,0,2,0,1,1,2,0,1,0,3,16,0,0,1,0,1,85,3,"Brisbane Lions","2023",21
0,"Robertson, Deven",2,2,1,3,0,0,0,0,0,0,0,0,0,0,0,0,2,0,0,0,0,0,7,3,"Brisbane Lions","2023",21
37,"Starcevich, Brandon",8,4,5,13,0,0,0,1,2,0,1,1,0,0,0,4,9,1,0,0,0,0,89,3,"Brisbane Lions","2023",21
44,"Wilmot, Darcy",10,1,6,16,0,0,0,2,1,0,4,2,1,0,0,7,5,0,0,1,0,0,84,3,"Brisbane Lions","2023",21
15,"Zorko, Dayne",17,10,3,20,0,0,0,5,3,2,1,1,2,0,0,6,14,1,0,1,0,0,81,3,"Brisbane Lions","2023",21
