"Number","Player","Kicks","Marks","Handballs","Disposals","Goals","Behinds","Hitouts","Tackles","Rebounds50s","Inside50s","Clearances","Clangers","FreesFor","FreesAgainst","BrownlowVotes","ContestedPossessions","UncontestedPossessions","ContestedMarks","MarksInside50","OnePercenters","Bounces","GoalAssists","PercentagePlayed","PointDifference","Team","Season","Round"
6,"Caldwell, Jye",21,9,6,27,0,0,0,1,3,8,5,3,1,0,0,8,20,0,0,1,0,2,84,6,"Essendon","2023",12
0,"DAmbrosio, Massimo",6,2,0,6,1,0,0,2,2,0,0,1,0,0,0,0,5,0,0,0,0,0,27,6,"Essendon","2023",12
2,"Draper, Sam",7,3,4,11,1,1,24,1,0,3,5,1,1,1,0,7,4,1,2,2,0,0,70,6,"Essendon","2023",12
22,"Durham, Sam",6,3,9,15,0,0,0,3,1,3,0,3,0,2,0,6,10,1,1,1,0,0,87,6,"Essendon","2023",12
35,"Guelfi, Matt",7,5,7,14,2,0,0,5,0,2,0,1,1,0,0,6,8,2,0,2,0,0,75,6,"Essendon","2023",12
21,"Heppell, Dyson",14,7,6,20,0,0,0,3,0,2,0,1,3,1,0,3,15,0,0,3,0,0,87,6,"Essendon","2023",12
19,"Hind, Nick",16,5,5,21,0,0,0,1,3,5,0,2,0,1,0,4,17,0,0,2,1,0,82,6,"Essendon","2023",12
8,"Hobbs, Ben",13,5,8,21,0,1,0,5,1,3,5,4,1,2,0,7,13,0,0,1,0,0,74,6,"Essendon","2023",12
4,"Langford, Kyle",10,8,4,14,4,0,0,2,0,2,0,5,0,1,0,6,10,2,6,3,0,1,92,6,"Essendon","2023",12
15,"Laverde, Jayden",7,5,4,11,0,0,0,1,2,2,0,0,1,0,0,3,9,0,0,7,0,0,89,6,"Essendon","2023",12
37,"Martin, Nic",14,7,7,21,2,0,0,5,1,4,4,1,2,0,0,10,11,1,1,0,0,3,92,6,"Essendon","2023",12
1,"McGrath, Andrew",14,7,5,19,0,0,0,0,5,3,0,5,0,0,0,4,12,0,0,2,1,0,84,6,"Essendon","2023",12
47,"Menzie, Jye",6,2,4,10,1,1,0,4,0,2,0,0,0,0,0,5,5,0,1,0,0,1,68,6,"Essendon","2023",12
7,"Merrett, Zach",19,11,15,34,2,0,0,6,3,7,8,5,2,1,3,12,21,0,1,1,0,0,87,6,"Essendon","2023",12
16,"Perkins, Archie",11,8,7,18,2,0,0,1,3,2,4,2,0,0,0,8,10,1,2,0,0,0,71,6,"Essendon","2023",12
34,"Phillips, Andrew",3,2,5,8,0,1,25,4,0,1,2,1,1,1,0,5,4,1,1,2,0,2,68,6,"Essendon","2023",12
27,"Redman, Mason",15,6,4,19,0,0,0,3,3,3,0,2,0,1,0,3,14,1,0,3,0,0,83,6,"Essendon","2023",12
14,"Ridley, Jordan",15,9,6,21,0,1,0,0,6,1,0,0,1,0,0,8,11,3,0,3,2,0,90,6,"Essendon","2023",12
0,"Shiel, Dylan",2,2,8,10,0,0,0,4,0,1,1,0,0,0,0,3,6,0,1,0,0,0,50,6,"Essendon","2023",12
11,"Snelling, Will",4,2,8,12,0,0,0,4,1,0,1,3,1,1,0,6,7,0,1,1,0,2,82,6,"Essendon","2023",12
25,"Stringer, Jake",10,3,7,17,1,2,0,6,0,4,3,7,0,2,0,9,8,0,1,1,0,0,87,6,"Essendon","2023",12
10,"Weideman, Sam",3,2,1,4,0,0,0,1,0,1,0,3,0,1,0,1,2,0,1,0,0,2,90,6,"Essendon","2023",12
30,"Zerk-Thatcher, Brandon",6,5,6,12,0,0,0,0,0,0,0,1,1,1,0,5,7,1,0,5,0,0,86,6,"Essendon","2023",12
27,"Bergman, Miller",8,5,10,18,0,0,0,2,2,1,0,1,1,0,0,5,13,0,0,0,1,0,73,-6,"North Melbourne","2023",12
21,"Coleman-Jones, Callum",8,6,3,11,2,1,4,1,0,1,2,4,0,1,0,8,3,3,3,2,0,0,78,-6,"North Melbourne","2023",12
40,"Ford, Eddie",7,6,2,9,0,0,0,0,0,1,0,1,0,1,0,3,7,1,1,1,0,1,80,-6,"North Melbourne","2023",12
22,"Goldstein, Todd",6,2,5,11,1,0,32,2,1,2,6,2,1,1,0,9,2,1,0,4,0,1,86,-6,"North Melbourne","2023",12
18,"Greenwood, Hugh",2,2,8,10,0,0,0,6,0,0,2,1,0,1,0,5,5,0,0,1,0,0,41,-6,"North Melbourne","2023",12
43,"Hall, Aaron",21,4,6,27,0,0,0,2,3,5,0,4,1,0,0,6,17,0,0,0,0,0,83,-6,"North Melbourne","2023",12
20,"Larkey, Nick",9,7,3,12,2,3,0,1,0,4,0,2,0,1,0,6,6,4,4,3,2,1,97,-6,"North Melbourne","2023",12
19,"Logue, Griffin",4,4,9,13,0,0,0,1,6,0,0,3,1,0,0,6,8,1,0,9,0,0,100,-6,"North Melbourne","2023",12
11,"McDonald, Luke",11,5,7,18,1,0,0,6,4,2,1,0,1,0,0,5,13,0,0,3,0,0,88,-6,"North Melbourne","2023",12
23,"McKay, Ben",11,10,7,18,0,0,0,0,3,0,0,1,1,1,0,8,10,2,0,4,0,0,96,-6,"North Melbourne","2023",12
29,"Phillips, Will",9,0,18,27,1,0,0,6,2,5,8,1,0,1,0,14,13,0,0,1,0,2,75,-6,"North Melbourne","2023",12
0,"Powell, Tom",1,1,7,8,0,0,0,1,1,0,0,2,0,1,0,2,6,0,0,0,1,0,63,-6,"North Melbourne","2023",12
8,"Scott, Bailey",12,5,7,19,1,1,0,2,0,4,2,1,0,0,0,6,13,0,0,1,0,0,91,-6,"North Melbourne","2023",12
3,"Sheezel, Harry",13,2,8,21,0,1,0,1,4,4,5,3,1,1,0,8,10,0,0,1,0,1,82,-6,"North Melbourne","2023",12
14,"Shiels, Liam",9,4,10,19,0,0,0,5,2,3,3,0,1,0,0,7,12,0,0,0,0,3,84,-6,"North Melbourne","2023",12
0,"Simpkin, Jy",1,0,2,3,0,0,0,0,0,1,0,0,0,0,0,1,2,0,0,2,0,0,22,-6,"North Melbourne","2023",12
36,"Spicer, Phoenix",3,1,5,8,0,0,0,9,0,1,0,2,1,0,0,3,5,0,0,1,3,1,74,-6,"North Melbourne","2023",12
2,"Stephenson, Jaidyn",10,5,2,12,1,1,0,1,0,4,0,3,0,2,0,5,8,1,0,1,0,0,86,-6,"North Melbourne","2023",12
26,"Thomas, Tarryn",12,2,5,17,1,0,0,6,2,5,2,2,3,1,0,6,11,0,0,1,0,1,79,-6,"North Melbourne","2023",12
13,"Tucker, Darcy",14,7,10,24,1,0,0,1,3,3,2,4,0,1,0,6,19,0,0,1,0,0,82,-6,"North Melbourne","2023",12
6,"Wardlaw, George",8,0,9,17,0,0,0,6,2,0,7,5,2,2,1,12,7,0,0,0,0,0,70,-6,"North Melbourne","2023",12
7,"Ziebell, Jack",16,7,2,18,0,0,0,0,7,2,0,4,0,0,0,4,12,0,0,5,0,0,83,-6,"North Melbourne","2023",12
44,"Zurhaar, Cameron",10,2,2,12,4,1,0,2,0,2,0,2,2,1,2,5,6,0,0,0,0,0,88,-6,"North Melbourne","2023",12
