"Number","Player","Kicks","Marks","Handballs","Disposals","Goals","Behinds","Hitouts","Tackles","Rebounds50s","Inside50s","Clearances","Clangers","FreesFor","FreesAgainst","BrownlowVotes","ContestedPossessions","UncontestedPossessions","ContestedMarks","MarksInside50","OnePercenters","Bounces","GoalAssists","PercentagePlayed","PointDifference","Team","Season","Round"
34,"Archer, Jackson",5,1,6,11,0,0,0,1,3,1,1,2,4,1,0,4,7,0,0,2,0,0,70,-48,"North Melbourne","2023",18
21,"Coleman-Jones, Callum",3,2,2,5,0,0,7,3,0,1,1,4,0,1,0,4,2,0,0,0,0,0,58,-48,"North Melbourne","2023",18
4,"Corr, Aidan",18,6,9,27,0,0,0,3,6,0,0,2,0,0,0,9,13,2,0,8,1,0,94,-48,"North Melbourne","2023",18
25,"Curtis, Paul",6,4,3,9,2,0,0,5,0,4,0,3,1,1,0,5,6,2,1,2,0,1,87,-48,"North Melbourne","2023",18
9,"Davies-Uniacke, Luke",16,10,10,26,1,0,0,9,5,2,6,3,1,1,0,12,14,0,0,1,0,0,81,-48,"North Melbourne","2023",18
40,"Ford, Eddie",8,8,6,14,1,0,0,0,0,0,1,1,1,0,0,3,11,0,0,5,0,0,88,-48,"North Melbourne","2023",18
31,"Goater, Josh",13,9,7,20,0,0,0,1,3,1,0,1,1,0,0,2,19,0,1,2,1,0,82,-48,"North Melbourne","2023",18
37,"Harvey, Cooper",8,4,5,13,0,0,0,1,0,3,0,3,1,1,0,4,7,2,0,2,0,0,83,-48,"North Melbourne","2023",18
20,"Larkey, Nick",5,2,3,8,1,0,0,0,0,1,0,1,1,0,0,2,5,0,0,6,0,0,100,-48,"North Melbourne","2023",18
11,"McDonald, Luke",13,5,12,25,0,0,0,3,8,2,2,5,3,3,0,7,17,0,0,4,0,1,88,-48,"North Melbourne","2023",18
23,"McKay, Ben",5,4,6,11,0,0,0,3,1,0,0,2,0,1,0,4,7,0,0,4,0,0,96,-48,"North Melbourne","2023",18
8,"Scott, Bailey",23,8,11,34,0,0,0,5,9,4,2,2,1,0,0,8,26,0,0,2,3,0,93,-48,"North Melbourne","2023",18
3,"Sheezel, Harry",21,6,9,30,0,0,0,3,6,4,1,4,1,0,0,5,20,0,0,4,1,1,88,-48,"North Melbourne","2023",18
14,"Shiels, Liam",9,6,13,22,0,0,0,10,2,4,4,3,1,1,0,9,14,1,0,2,0,0,69,-48,"North Melbourne","2023",18
2,"Stephenson, Jaidyn",7,3,6,13,0,1,0,3,0,1,1,1,0,1,0,4,9,0,0,0,0,0,89,-48,"North Melbourne","2023",18
5,"Taylor, Curtis",13,9,5,18,0,0,0,1,2,2,0,1,1,0,0,4,14,2,0,1,1,0,85,-48,"North Melbourne","2023",18
26,"Thomas, Tarryn",8,4,4,12,0,0,0,4,1,3,3,0,1,0,0,6,6,0,0,2,1,0,88,-48,"North Melbourne","2023",18
13,"Tucker, Darcy",9,3,9,18,1,0,0,2,2,2,2,4,0,1,0,4,15,0,0,1,0,0,80,-48,"North Melbourne","2023",18
0,"Wardlaw, George",4,3,1,5,0,0,0,2,1,0,0,0,1,0,0,1,4,0,0,0,0,0,25,-48,"North Melbourne","2023",18
38,"Xerri, Tristan",2,0,11,13,0,0,25,8,1,1,7,6,4,5,0,14,0,0,0,4,0,0,83,-48,"North Melbourne","2023",18
17,"Young, Lachie",7,4,7,14,0,0,0,2,2,1,0,5,0,0,0,4,10,1,0,5,0,0,79,-48,"North Melbourne","2023",18
0,"Ziebell, Jack",9,4,7,16,0,0,0,3,3,2,2,3,1,0,0,6,9,0,1,1,0,0,51,-48,"North Melbourne","2023",18
44,"Zurhaar, Cameron",7,2,7,14,0,0,0,2,2,2,2,2,1,0,0,5,9,0,0,2,0,0,45,-48,"North Melbourne","2023",18
10,"Amon, Karl",21,4,12,33,1,0,0,1,4,8,1,1,0,0,1,4,25,0,0,0,0,0,74,48,"Hawthorn","2023",18
22,"Breust, Luke",4,1,3,7,3,1,0,2,0,0,0,5,0,4,0,5,4,1,1,2,0,0,71,48,"Hawthorn","2023",18
33,"Brockman, Tyler",5,4,6,11,1,0,0,5,0,2,0,1,0,0,0,2,9,0,1,2,0,0,76,48,"Hawthorn","2023",18
12,"Day, Will",12,4,16,28,0,0,0,7,2,3,3,0,3,0,0,10,18,0,0,2,1,0,78,48,"Hawthorn","2023",18
8,"Frost, Sam",1,4,7,8,0,0,0,0,0,0,0,1,0,1,0,5,3,2,0,4,0,0,94,48,"Hawthorn","2023",18
0,"Grainger-Barras, Denver",4,3,2,6,1,0,0,0,0,0,0,4,1,2,0,3,3,0,1,1,0,0,35,48,"Hawthorn","2023",18
0,"Greene, Fergus",3,3,3,6,0,1,0,0,0,1,0,1,0,0,0,1,5,0,1,1,0,0,44,48,"Hawthorn","2023",18
15,"Hardwick, Blake",9,6,8,17,0,0,0,4,7,1,0,0,0,0,0,5,9,1,0,6,1,0,89,48,"Hawthorn","2023",18
4,"Impey, Jarman",17,4,7,24,1,2,0,3,3,6,1,1,3,0,0,9,18,0,0,5,0,0,83,48,"Hawthorn","2023",18
2,"Lewis, Mitch",7,3,2,9,3,1,0,0,0,0,0,1,1,0,0,5,4,1,3,1,0,0,82,48,"Hawthorn","2023",18
31,"Macdonald, Connor",12,3,15,27,1,1,0,2,0,4,3,1,1,1,0,13,18,0,0,2,1,1,80,48,"Hawthorn","2023",18
32,"Maginness, Finn",7,4,12,19,0,1,0,1,0,4,0,1,0,0,0,4,15,0,1,0,1,1,89,48,"Hawthorn","2023",18
17,"Meek, Lloyd",3,1,7,10,0,0,15,2,1,0,2,1,0,1,0,7,3,0,1,3,0,0,71,48,"Hawthorn","2023",18
13,"Moore, Dylan",8,1,19,27,0,0,0,5,0,3,1,5,0,3,0,7,19,0,0,1,0,2,87,48,"Hawthorn","2023",18
11,"Nash, Conor",10,4,22,32,0,0,0,4,2,9,4,2,1,1,0,7,25,0,0,2,2,2,84,48,"Hawthorn","2023",18
3,"Newcombe, Jai",9,6,24,33,0,1,0,3,3,3,7,11,1,5,2,14,19,0,0,2,0,1,82,48,"Hawthorn","2023",18
7,"Reeves, Ned",4,1,5,9,0,0,24,2,1,2,2,5,2,3,0,7,2,0,0,3,0,0,75,48,"Hawthorn","2023",18
14,"Scrimshaw, Jack",11,8,12,23,0,0,0,0,2,2,2,1,0,0,0,7,17,1,0,3,1,0,84,48,"Hawthorn","2023",18
6,"Sicily, James",11,5,6,17,0,0,0,2,3,3,0,3,0,1,0,4,10,2,0,5,1,0,98,48,"Hawthorn","2023",18
25,"Ward, Josh",15,5,13,28,0,0,0,0,3,2,4,2,1,0,0,11,18,0,0,0,0,0,85,48,"Hawthorn","2023",18
37,"Weddle, Josh",8,4,6,14,0,0,0,0,1,5,0,2,0,0,0,2,12,0,0,4,4,0,84,48,"Hawthorn","2023",18
20,"Wingard, Chad",13,6,5,18,0,2,0,4,1,3,0,4,2,2,0,4,14,0,0,0,1,3,83,48,"Hawthorn","2023",18
5,"Worpel, James",17,5,15,32,1,3,0,6,1,9,7,2,1,1,3,13,21,0,0,3,0,1,71,48,"Hawthorn","2023",18
