"Number","Player","Kicks","Marks","Handballs","Disposals","Goals","Behinds","Hitouts","Tackles","Rebounds50s","Inside50s","Clearances","Clangers","FreesFor","FreesAgainst","BrownlowVotes","ContestedPossessions","UncontestedPossessions","ContestedMarks","MarksInside50","OnePercenters","Bounces","GoalAssists","PercentagePlayed","PointDifference","Team","Season","Round"
12,"Allen, Oscar",4,4,0,4,3,1,0,0,0,0,0,2,0,2,0,2,3,1,4,5,0,0,92,-38,"West Coast","2023",18
37,"Barrass, Tom",9,6,2,11,0,0,0,0,1,0,0,0,0,0,0,2,8,1,0,12,0,0,96,-38,"West Coast","2023",18
18,"Chesser, Campbell",6,2,5,11,0,1,0,1,3,1,1,5,1,1,0,4,8,0,0,1,1,0,79,-38,"West Coast","2023",18
28,"Cole, Tom",10,8,10,20,0,0,0,5,4,1,3,1,3,0,0,8,15,0,0,1,1,0,67,-38,"West Coast","2023",18
15,"Cripps, Jamie",11,6,5,16,0,2,0,3,0,2,2,3,0,0,0,5,10,1,3,3,0,0,82,-38,"West Coast","2023",18
27,"Darling, Jack",11,7,5,16,1,3,1,3,0,3,0,0,0,0,0,6,9,2,3,2,0,0,100,-38,"West Coast","2023",18
14,"Duggan, Liam",15,7,3,18,1,0,0,3,6,3,3,4,0,2,0,7,12,1,0,1,1,0,89,-38,"West Coast","2023",18
0,"Gaff, Andrew",11,4,13,24,0,0,0,5,1,1,2,3,0,1,0,5,18,0,0,0,0,0,74,-38,"West Coast","2023",18
0,"Ginbey, Reuben",2,1,1,3,0,0,0,1,2,0,1,2,0,0,0,1,2,0,0,0,0,0,10,-38,"West Coast","2023",18
8,"Hewett, Elijah",8,2,4,12,0,1,0,0,2,3,2,2,1,0,0,6,8,0,0,2,0,0,70,-38,"West Coast","2023",18
19,"Hough, Brady",11,6,7,18,0,0,0,1,0,2,0,0,2,0,0,6,12,0,0,0,0,0,86,-38,"West Coast","2023",18
5,"Hunt, Jayden",6,0,5,11,0,0,0,1,0,2,4,1,0,0,0,4,6,0,0,0,0,1,90,-38,"West Coast","2023",18
25,"Hurn, Shannon",11,1,6,17,0,0,0,3,5,2,0,4,1,1,0,5,6,0,0,2,0,0,83,-38,"West Coast","2023",18
11,"Kelly, Tim",15,1,12,27,0,0,0,4,0,12,6,4,0,0,0,12,15,0,0,1,1,1,80,-38,"West Coast","2023",18
44,"Long, Noah",4,2,4,8,1,0,0,2,0,2,1,0,1,0,0,3,6,0,0,0,0,0,68,-38,"West Coast","2023",18
41,"Maric, Ryan",4,4,4,8,1,0,0,4,0,3,0,1,1,0,0,1,8,0,1,3,0,0,83,-38,"West Coast","2023",18
20,"McGovern, Jeremy",9,5,2,11,0,0,0,2,3,2,0,4,1,0,0,6,5,3,0,0,0,0,74,-38,"West Coast","2023",18
10,"Petrevski-Seton, Sam",6,1,8,14,0,2,0,3,1,0,1,1,0,1,0,10,5,1,1,2,0,0,73,-38,"West Coast","2023",18
4,"Sheed, Dom",13,4,15,28,0,0,0,4,1,5,5,2,1,1,0,7,21,0,0,0,1,1,84,-38,"West Coast","2023",18
13,"Shuey, Luke",7,1,14,21,0,0,0,3,2,0,4,2,0,0,0,11,11,0,0,3,0,0,68,-38,"West Coast","2023",18
32,"Williams, Bailey",7,1,7,14,1,0,22,2,0,3,6,5,2,3,0,10,4,0,0,1,0,0,83,-38,"West Coast","2023",18
34,"Williams, Jack",3,1,6,9,0,1,3,1,0,0,0,1,0,0,0,1,8,0,0,2,0,0,79,-38,"West Coast","2023",18
23,"Witherden, Alex",12,6,6,18,0,0,0,4,4,3,0,1,1,0,0,4,14,0,0,1,0,1,90,-38,"West Coast","2023",18
7,"Baker, Liam",9,3,7,16,1,1,0,1,0,2,0,2,1,1,0,7,9,0,1,2,1,1,78,38,"Richmond","2023",18
21,"Balta, Noah",15,6,2,17,0,0,0,3,8,2,0,2,3,1,1,7,6,4,0,6,2,0,97,38,"Richmond","2023",18
41,"Banks, Sam",6,2,4,10,0,0,0,1,3,1,1,0,0,0,0,2,7,0,0,2,0,0,74,38,"Richmond","2023",18
29,"Bolton, Shai",13,5,10,23,2,4,0,3,0,3,1,1,0,1,3,4,19,1,2,1,1,1,85,38,"Richmond","2023",18
35,"Broad, Nathan",3,3,5,8,0,0,0,0,0,0,0,3,0,2,0,1,8,0,0,0,0,0,83,38,"Richmond","2023",18
9,"Cotchin, Trent",5,1,16,21,0,0,0,2,0,1,4,2,1,1,0,13,8,0,0,1,0,0,67,38,"Richmond","2023",18
34,"Graham, Jack",8,0,6,14,0,0,0,2,1,6,1,0,0,0,0,6,9,0,0,0,0,2,79,38,"Richmond","2023",18
2,"Grimes, Dylan",2,1,7,9,0,0,0,2,1,0,1,1,0,0,0,9,1,0,0,5,0,0,82,38,"Richmond","2023",18
22,"Hopper, Jacob",9,2,16,25,0,0,0,7,4,3,7,2,1,0,0,7,18,0,0,1,1,2,76,38,"Richmond","2023",18
4,"Martin, Dustin",13,8,10,23,2,2,0,0,0,6,4,4,0,1,2,9,15,2,4,3,1,2,88,38,"Richmond","2023",18
33,"McIntosh, Kamdyn",6,4,2,8,1,1,0,4,2,0,0,2,0,0,0,3,5,0,2,2,0,0,84,38,"Richmond","2023",18
46,"Miller, Ben",3,1,1,4,1,0,18,1,0,1,0,2,2,0,0,2,4,0,0,2,0,0,73,38,"Richmond","2023",18
50,"Pickett, Marlion",8,6,9,17,2,0,0,1,0,3,0,7,1,2,0,8,11,1,2,3,0,0,76,38,"Richmond","2023",18
3,"Prestia, Dion",11,0,10,21,1,0,0,3,3,7,4,1,1,0,0,7,13,0,0,1,0,1,83,38,"Richmond","2023",18
0,"Ralphsmith, Hugo",3,1,0,3,0,0,0,0,0,0,0,2,0,1,0,0,4,0,0,0,0,0,21,38,"Richmond","2023",18
8,"Riewoldt, Jack",10,9,2,12,1,1,0,3,0,0,0,1,0,0,0,7,6,3,7,1,0,0,90,38,"Richmond","2023",18
17,"Rioli, Daniel",17,3,14,31,0,0,0,2,4,5,3,3,1,0,0,5,22,0,0,0,2,0,82,38,"Richmond","2023",18
0,"Rioli, Maurice",4,3,2,6,0,1,0,0,0,0,0,1,0,1,0,1,5,0,0,0,0,1,59,38,"Richmond","2023",18
5,"Ross, Jack",6,5,9,15,1,0,0,0,2,2,0,1,0,0,0,3,12,0,1,0,0,1,79,38,"Richmond","2023",18
20,"Soldo, Ivan",7,5,4,11,1,1,41,5,2,2,4,2,1,2,0,6,5,1,2,1,0,1,75,38,"Richmond","2023",18
14,"Taranto, Tim",13,3,14,27,1,0,0,8,2,5,8,3,0,1,0,12,14,0,1,0,0,0,87,38,"Richmond","2023",18
1,"Vlastuin, Nick",11,3,4,15,0,0,0,4,6,1,0,4,0,1,0,2,7,0,0,1,0,0,93,38,"Richmond","2023",18
45,"Young, Tylar",9,2,0,9,0,0,0,1,4,1,0,4,0,0,0,3,6,0,0,5,0,0,89,38,"Richmond","2023",18
