"Number","Player","Kicks","Marks","Handballs","Disposals","Goals","Behinds","Hitouts","Tackles","Rebounds50s","Inside50s","Clearances","Clangers","FreesFor","FreesAgainst","BrownlowVotes","ContestedPossessions","UncontestedPossessions","ContestedMarks","MarksInside50","OnePercenters","Bounces","GoalAssists","PercentagePlayed","PointDifference","Team","Season","Round"
6,"Caldwell, Jye",6,3,4,10,0,2,0,6,0,3,0,1,2,0,0,6,4,1,2,0,0,1,87,27,"Essendon","2023",5
2,"Draper, Sam",9,4,5,14,3,0,18,2,0,2,2,5,1,4,0,5,6,3,1,4,0,0,78,27,"Essendon","2023",5
22,"Durham, Sam",6,4,18,24,0,0,0,2,0,1,2,6,2,3,0,9,16,1,1,1,0,0,87,27,"Essendon","2023",5
21,"Heppell, Dyson",9,7,7,16,0,0,0,4,3,0,1,0,1,0,0,5,11,1,0,3,0,0,89,27,"Essendon","2023",5
0,"Hind, Nick",5,2,2,7,2,0,0,0,1,0,0,1,0,0,0,2,6,1,1,0,0,0,31,27,"Essendon","2023",5
0,"Jones, Harry",5,3,0,5,1,1,0,1,0,2,0,0,0,0,0,1,3,1,1,1,0,0,54,27,"Essendon","2023",5
29,"Kelly, Jake",2,5,6,8,0,0,0,3,0,1,0,1,0,0,0,1,7,0,0,2,0,0,88,27,"Essendon","2023",5
4,"Langford, Kyle",9,6,7,16,2,1,0,0,0,2,0,0,1,0,0,8,9,0,2,3,0,3,87,27,"Essendon","2023",5
15,"Laverde, Jayden",15,8,5,20,0,0,0,3,6,3,1,1,1,0,0,7,13,0,0,7,0,0,80,27,"Essendon","2023",5
37,"Martin, Nic",11,1,6,17,2,0,0,2,3,2,2,3,1,1,0,8,8,0,0,1,0,0,82,27,"Essendon","2023",5
1,"McGrath, Andrew",14,2,10,24,0,0,0,4,7,1,1,0,0,0,0,7,13,0,0,1,2,0,88,27,"Essendon","2023",5
47,"Menzie, Jye",2,0,4,6,0,0,0,1,0,1,0,3,0,3,0,4,3,0,0,1,0,0,73,27,"Essendon","2023",5
7,"Merrett, Zach",18,3,17,35,0,0,0,7,2,9,4,5,0,2,2,14,21,0,0,5,0,1,82,27,"Essendon","2023",5
3,"Parish, Darcy",18,5,16,34,0,0,0,1,2,8,6,6,0,0,0,17,16,0,0,1,0,0,78,27,"Essendon","2023",5
16,"Perkins, Archie",10,3,6,16,1,0,0,3,1,7,0,4,1,2,0,6,11,0,2,1,0,0,79,27,"Essendon","2023",5
34,"Phillips, Andrew",9,6,3,12,2,0,21,0,0,1,2,4,3,3,3,8,3,3,1,8,0,0,73,27,"Essendon","2023",5
27,"Redman, Mason",14,3,2,16,0,1,0,4,5,4,1,3,2,0,0,7,8,0,0,3,0,1,87,27,"Essendon","2023",5
14,"Ridley, Jordan",19,7,4,23,0,0,0,0,7,1,0,2,0,1,0,4,14,0,0,5,0,1,91,27,"Essendon","2023",5
12,"Setterfield, Will",11,3,8,19,0,1,0,10,0,6,4,2,1,0,0,9,11,0,1,3,0,0,80,27,"Essendon","2023",5
9,"Shiel, Dylan",16,5,12,28,0,1,0,3,4,1,7,6,0,1,0,16,11,0,0,0,0,0,71,27,"Essendon","2023",5
11,"Snelling, Will",5,5,6,11,1,1,0,10,1,0,0,0,1,0,0,5,7,0,3,3,0,1,76,27,"Essendon","2023",5
25,"Stringer, Jake",5,0,4,9,1,3,0,3,0,2,0,2,1,2,0,5,6,0,0,1,0,1,81,27,"Essendon","2023",5
30,"Zerk-Thatcher, Brandon",7,4,3,10,0,0,0,2,1,0,0,2,1,1,0,3,7,0,0,4,0,0,76,27,"Essendon","2023",5
17,"Bowey, Jake",13,4,9,22,0,0,0,2,3,2,2,3,1,0,0,7,14,0,0,0,0,0,81,-27,"Melbourne","2023",5
10,"Brayshaw, Angus",7,3,5,12,0,0,0,1,3,2,0,2,1,0,0,3,8,1,0,3,0,1,81,-27,"Melbourne","2023",5
37,"Chandler, Kade",3,1,7,10,1,0,0,3,0,2,0,1,0,1,0,5,6,0,1,0,0,0,72,-27,"Melbourne","2023",5
31,"Fritsch, Bayley",6,4,3,9,2,2,0,4,0,3,0,1,0,1,0,2,9,0,1,2,0,2,93,-27,"Melbourne","2023",5
6,"Grundy, Brodie",5,3,13,18,0,0,24,2,1,4,6,3,5,2,0,12,7,1,0,4,5,0,82,-27,"Melbourne","2023",5
12,"Hunter, Lachie",14,5,8,22,0,0,0,4,2,1,0,5,1,1,0,7,16,0,0,0,0,0,91,-27,"Melbourne","2023",5
0,"Jordon, James",4,2,2,6,1,0,0,3,1,1,0,2,0,0,0,2,5,0,1,0,0,0,33,-27,"Melbourne","2023",5
15,"Langdon, Ed",14,7,10,24,0,0,0,2,3,4,4,2,1,0,0,8,16,0,0,0,0,1,97,-27,"Melbourne","2023",5
1,"May, Steven",13,3,0,13,0,0,0,2,6,0,0,1,0,0,0,0,4,0,0,9,2,0,100,-27,"Melbourne","2023",5
25,"McDonald, Tom",3,3,3,6,0,0,3,0,0,1,1,1,1,0,0,2,5,1,0,4,0,0,75,-27,"Melbourne","2023",5
41,"McVee, Judd",10,1,4,14,0,0,0,1,2,1,1,1,1,0,0,10,6,1,0,1,0,0,78,-27,"Melbourne","2023",5
18,"Melksham, Jake",6,3,4,10,2,1,0,0,0,3,0,5,0,2,0,6,4,1,3,1,0,0,72,-27,"Melbourne","2023",5
30,"Neal-Bullen, Alex",13,2,4,17,1,1,0,4,3,3,1,4,1,0,0,8,9,0,0,2,0,0,74,-27,"Melbourne","2023",5
13,"Oliver, Clayton",15,2,26,41,0,0,0,2,2,7,9,3,3,2,0,25,15,0,0,0,0,1,86,-27,"Melbourne","2023",5
5,"Petracca, Christian",14,4,13,27,1,2,0,4,2,5,11,4,0,0,1,18,10,1,2,2,0,0,88,-27,"Melbourne","2023",5
35,"Petty, Harry",9,7,8,17,0,0,0,2,2,0,0,4,1,2,0,6,12,1,0,4,0,0,84,-27,"Melbourne","2023",5
36,"Pickett, Kysaiah",8,0,3,11,2,2,0,4,0,4,0,1,1,0,0,2,8,0,0,1,0,0,81,-27,"Melbourne","2023",5
24,"Rivers, Trent",11,5,9,20,0,1,0,4,4,2,0,4,1,2,0,5,16,0,1,3,0,0,80,-27,"Melbourne","2023",5
0,"Spargo, Charlie",1,2,0,1,0,0,0,0,0,0,0,1,0,1,0,0,2,0,0,0,0,0,38,-27,"Melbourne","2023",5
32,"Sparrow, Tom",7,0,6,13,0,0,0,1,0,3,2,1,1,1,0,4,9,0,0,0,0,0,64,-27,"Melbourne","2023",5
20,"Tomlinson, Adam",13,5,4,17,0,0,0,2,7,1,0,5,2,3,0,4,9,0,0,3,0,0,100,-27,"Melbourne","2023",5
2,"van Rooyen, Jacob",2,0,5,7,1,0,4,1,0,1,2,2,2,1,0,7,1,0,0,3,0,0,72,-27,"Melbourne","2023",5
7,"Viney, Jack",15,5,13,28,0,1,0,7,0,5,4,3,0,0,0,9,18,0,0,0,0,1,77,-27,"Melbourne","2023",5
