"Number","Player","Kicks","Marks","Handballs","Disposals","Goals","Behinds","Hitouts","Tackles","Rebounds50s","Inside50s","Clearances","Clangers","FreesFor","FreesAgainst","BrownlowVotes","ContestedPossessions","UncontestedPossessions","ContestedMarks","MarksInside50","OnePercenters","Bounces","GoalAssists","PercentagePlayed","PointDifference","Team","Season","Round"
13,"Adams, Taylor",8,1,7,15,1,0,0,5,0,6,7,5,3,0,0,10,7,0,0,3,1,2,80,35,"Collingwood","2023",11
14,"Cameron, Darcy",5,4,7,12,0,0,35,3,0,1,2,5,0,3,0,8,6,1,0,2,0,0,75,35,"Collingwood","2023",11
46,"Cox, Mason",4,3,1,5,2,1,6,1,0,0,0,2,1,0,0,3,2,2,2,1,0,0,76,35,"Collingwood","2023",11
25,"Crisp, Jack",7,2,14,21,0,0,0,5,1,3,3,3,0,1,0,7,14,0,0,1,1,1,78,35,"Collingwood","2023",11
7,"Daicos, Josh",11,3,7,18,3,0,0,4,2,2,2,0,1,0,0,5,12,0,1,1,0,0,97,35,"Collingwood","2023",11
35,"Daicos, Nick",13,3,19,32,1,0,0,6,3,2,7,4,0,0,1,11,18,0,1,0,1,1,81,35,"Collingwood","2023",11
2,"de Goey, Jordan",22,6,13,35,1,0,0,4,1,10,5,7,1,2,3,15,20,0,0,2,1,1,82,35,"Collingwood","2023",11
5,"Elliott, Jamie",6,4,3,9,0,1,0,4,1,1,1,3,0,0,0,3,6,0,1,1,0,1,90,35,"Collingwood","2023",11
33,"Ginnivan, Jack",9,3,6,15,2,1,0,1,0,1,1,3,1,0,0,5,10,0,3,0,0,1,76,35,"Collingwood","2023",11
23,"Hill, Bobby",10,6,8,18,0,1,0,2,0,2,0,2,0,0,0,6,11,1,1,0,1,0,76,35,"Collingwood","2023",11
0,"Hoskin-Elliott, Will",7,3,5,12,2,1,0,1,0,0,0,1,2,1,0,4,9,1,1,0,0,0,74,35,"Collingwood","2023",11
40,"Johnson, Ash",5,3,0,5,1,2,0,1,0,1,0,2,2,1,0,4,2,1,3,2,0,0,78,35,"Collingwood","2023",11
37,"Markov, Oleg",5,3,6,11,0,0,0,2,2,0,0,3,0,0,0,3,8,0,0,3,1,0,73,35,"Collingwood","2023",11
4,"Maynard, Brayden",13,8,4,17,0,0,0,4,5,3,0,2,0,0,0,4,13,1,0,1,0,0,82,35,"Collingwood","2023",11
31,"McCreery, Beau",4,3,5,9,0,0,0,3,0,1,1,5,0,2,0,1,7,0,0,1,0,1,66,35,"Collingwood","2023",11
41,"Mihocek, Brody",8,7,0,8,3,0,0,2,0,3,0,1,0,0,0,1,7,1,3,1,0,0,92,35,"Collingwood","2023",11
6,"Mitchell, Tom",12,8,17,29,0,0,0,6,0,4,2,3,0,2,0,6,23,0,0,1,1,1,75,35,"Collingwood","2023",11
30,"Moore, Darcy",9,4,5,14,0,0,0,0,6,1,0,1,0,0,0,4,4,2,0,9,0,0,100,35,"Collingwood","2023",11
28,"Murphy, Nathan",4,4,4,8,0,0,0,0,4,0,0,3,0,1,0,4,4,1,0,9,0,0,100,35,"Collingwood","2023",11
9,"Noble, John",11,5,6,17,0,0,0,2,3,4,0,2,1,0,0,3,13,0,1,0,0,0,73,35,"Collingwood","2023",11
10,"Pendlebury, Scott",15,4,8,23,0,0,0,7,0,4,1,1,1,0,0,6,17,0,0,1,0,1,79,35,"Collingwood","2023",11
3,"Quaynor, Isaac",12,3,7,19,0,0,0,3,4,3,1,1,3,0,0,12,8,2,0,1,0,1,85,35,"Collingwood","2023",11
0,"Sidebottom, Steele",4,2,0,4,0,0,0,1,0,1,0,1,0,0,0,2,2,1,0,0,0,0,10,35,"Collingwood","2023",11
27,"Bergman, Miller",8,3,3,11,0,0,0,3,0,1,0,2,1,1,0,4,9,0,0,1,0,1,86,-35,"North Melbourne","2023",11
21,"Coleman-Jones, Callum",4,2,6,10,0,0,4,1,0,1,2,6,0,0,0,5,6,1,0,1,0,1,85,-35,"North Melbourne","2023",11
0,"Curtis, Paul",1,1,1,2,0,0,0,2,0,1,0,0,0,0,0,1,1,0,0,0,0,1,28,-35,"North Melbourne","2023",11
40,"Ford, Eddie",9,6,7,16,0,0,0,1,1,5,0,0,0,0,0,5,12,1,0,2,1,1,70,-35,"North Melbourne","2023",11
22,"Goldstein, Todd",3,2,12,15,0,0,32,3,0,1,2,1,1,1,0,8,7,1,0,5,0,0,81,-35,"North Melbourne","2023",11
18,"Greenwood, Hugh",10,3,15,25,0,0,0,11,1,3,10,3,1,0,0,16,8,1,0,1,0,1,84,-35,"North Melbourne","2023",11
43,"Hall, Aaron",9,5,6,15,0,0,0,2,1,5,0,2,0,1,0,1,13,0,0,1,0,0,80,-35,"North Melbourne","2023",11
15,"Howe, Daniel",14,5,5,19,1,1,0,2,5,1,1,7,0,3,0,6,16,1,0,1,0,0,87,-35,"North Melbourne","2023",11
20,"Larkey, Nick",9,8,4,13,5,2,0,0,0,1,0,2,0,1,2,4,9,1,8,3,0,0,98,-35,"North Melbourne","2023",11
35,"Lazzaro, Charlie",1,1,4,5,0,0,0,2,1,0,0,1,0,1,0,2,3,0,0,1,0,0,68,-35,"North Melbourne","2023",11
19,"Logue, Griffin",10,6,6,16,0,0,0,0,4,0,0,2,0,0,0,2,14,1,0,10,0,0,94,-35,"North Melbourne","2023",11
11,"McDonald, Luke",13,5,6,19,0,0,0,3,6,0,0,2,3,0,0,7,12,1,0,2,0,0,87,-35,"North Melbourne","2023",11
23,"McKay, Ben",3,3,2,5,0,0,0,0,0,0,0,1,0,1,0,3,3,1,0,7,0,0,96,-35,"North Melbourne","2023",11
29,"Phillips, Will",6,2,23,29,0,0,0,5,1,2,5,3,0,0,0,10,19,0,0,1,0,0,67,-35,"North Melbourne","2023",11
24,"Powell, Tom",5,3,11,16,0,0,0,2,1,1,3,2,0,1,0,6,10,0,0,1,0,2,82,-35,"North Melbourne","2023",11
8,"Scott, Bailey",19,6,11,30,1,0,0,0,5,8,2,5,1,1,0,8,22,0,0,0,0,1,83,-35,"North Melbourne","2023",11
3,"Sheezel, Harry",10,6,11,21,0,0,0,3,2,2,0,2,0,0,0,4,17,1,1,1,0,0,78,-35,"North Melbourne","2023",11
12,"Simpkin, Jy",7,2,15,22,0,0,0,4,0,2,4,7,2,2,0,12,14,0,0,2,0,0,84,-35,"North Melbourne","2023",11
0,"Spicer, Phoenix",1,0,1,2,0,0,0,0,0,0,0,0,0,0,0,1,1,0,0,1,0,0,47,-35,"North Melbourne","2023",11
2,"Stephenson, Jaidyn",10,9,4,14,2,2,0,2,0,3,0,1,0,0,0,3,11,1,3,1,0,0,76,-35,"North Melbourne","2023",11
6,"Wardlaw, George",9,5,3,12,0,1,0,1,0,1,4,2,1,1,0,3,9,0,1,0,0,0,66,-35,"North Melbourne","2023",11
7,"Ziebell, Jack",19,7,4,23,0,0,0,1,5,1,0,6,1,1,0,4,14,1,0,2,0,0,86,-35,"North Melbourne","2023",11
44,"Zurhaar, Cameron",9,3,6,15,1,2,0,1,2,4,2,2,2,1,0,9,7,2,0,0,2,1,86,-35,"North Melbourne","2023",11
