"Number","Player","Kicks","Marks","Handballs","Disposals","Goals","Behinds","Hitouts","Tackles","Rebounds50s","Inside50s","Clearances","Clangers","FreesFor","FreesAgainst","BrownlowVotes","ContestedPossessions","UncontestedPossessions","ContestedMarks","MarksInside50","OnePercenters","Bounces","GoalAssists","PercentagePlayed","PointDifference","Team","Season","Round"
13,"Baker, Oskar",18,4,2,20,0,2,0,1,1,2,2,4,1,1,0,4,16,0,1,2,0,0,77,45,"Western Bulldogs","2023",10
4,"Bontempelli, Marcus",12,3,18,30,1,1,0,6,1,3,5,4,1,1,0,9,19,0,0,1,0,0,84,45,"Western Bulldogs","2023",10
31,"Dale, Bailey",26,9,10,36,0,0,0,1,6,3,0,2,1,0,2,6,26,0,0,1,0,0,85,45,"Western Bulldogs","2023",10
35,"Daniel, Caleb",12,6,18,30,1,0,0,6,3,2,6,2,0,1,0,14,15,0,0,0,0,2,80,45,"Western Bulldogs","2023",10
15,"Duryea, Taylor",8,4,6,14,0,0,0,2,3,1,0,2,2,0,0,7,6,0,0,1,0,0,87,45,"Western Bulldogs","2023",10
44,"English, Tim",11,4,10,21,0,0,29,7,1,4,5,6,5,2,0,14,8,0,0,3,0,0,82,45,"Western Bulldogs","2023",10
43,"Gardner, Ryan",6,4,3,9,1,0,0,3,1,3,0,3,1,2,0,3,6,1,0,10,0,0,87,45,"Western Bulldogs","2023",10
0,"Johannisen, Jason",8,2,4,12,0,1,0,1,1,2,1,1,0,0,0,4,8,0,0,2,0,0,49,45,"Western Bulldogs","2023",10
32,"Jones, Arthur",4,0,2,6,0,2,0,3,0,3,1,3,0,2,0,5,3,0,0,2,0,0,69,45,"Western Bulldogs","2023",10
19,"Jones, Liam",4,4,4,8,0,0,0,1,1,1,0,1,0,1,0,4,5,1,0,8,0,0,100,45,"Western Bulldogs","2023",10
21,"Liberatore, Tom",14,3,19,33,0,2,0,5,5,3,7,3,0,1,3,16,18,0,1,2,0,1,84,45,"Western Bulldogs","2023",10
7,"Lobb, Rory",2,0,5,7,1,0,3,6,0,0,1,1,1,0,0,5,3,0,0,3,0,0,87,45,"Western Bulldogs","2023",10
11,"Macrae, Jack",15,3,11,26,2,0,0,7,5,0,4,0,1,0,0,11,15,0,0,0,0,0,76,45,"Western Bulldogs","2023",10
0,"McNeil, Lachlan",1,1,6,7,0,0,0,1,0,1,0,1,0,0,0,3,4,0,0,0,0,1,31,45,"Western Bulldogs","2023",10
33,"Naughton, Aaron",12,4,2,14,1,1,3,3,0,3,1,1,1,0,0,13,2,2,2,2,0,0,86,45,"Western Bulldogs","2023",10
22,"OBrien, Tim",5,5,3,8,0,0,0,2,1,2,0,0,1,0,0,3,6,0,0,1,0,0,82,45,"Western Bulldogs","2023",10
18,"ODonnell, James",2,0,2,4,0,0,0,0,0,1,0,1,0,0,0,1,3,0,0,4,0,0,71,45,"Western Bulldogs","2023",10
20,"Richards, Ed",11,5,5,16,0,1,0,3,4,3,0,2,0,1,0,4,12,1,0,1,0,0,77,45,"Western Bulldogs","2023",10
28,"Scott, Anthony",6,0,6,12,2,1,0,5,1,2,2,1,1,0,0,8,4,0,0,3,0,1,75,45,"Western Bulldogs","2023",10
6,"Smith, Bailey",18,0,19,37,0,1,0,7,1,6,4,2,0,0,1,11,24,0,0,0,0,0,88,45,"Western Bulldogs","2023",10
2,"Ugle-Hagan, Jamarra",8,4,5,13,0,1,0,0,0,2,0,0,1,0,0,6,6,0,1,1,0,0,81,45,"Western Bulldogs","2023",10
3,"Weightman, Cody",9,6,5,14,1,2,0,3,1,3,1,1,1,0,0,6,8,1,1,4,0,0,79,45,"Western Bulldogs","2023",10
34,"Williams, Bailey",13,6,9,22,1,2,0,4,0,4,0,2,1,0,0,7,14,1,2,0,0,0,81,45,"Western Bulldogs","2023",10
0,"Berry, Sam",8,3,4,12,0,0,0,4,1,1,3,2,0,0,0,6,7,0,0,0,0,0,64,-45,"Adelaide","2023",10
41,"Butts, Jordon",3,3,2,5,0,0,0,2,1,0,0,1,0,1,0,2,3,1,0,4,0,0,90,-45,"Adelaide","2023",10
12,"Dawson, Jordan",12,1,10,22,1,1,0,6,0,4,7,6,1,2,0,13,8,0,0,0,0,0,87,-45,"Adelaide","2023",10
32,"Fogarty, Darcy",4,4,2,6,0,1,0,2,0,2,0,2,0,1,0,0,6,0,2,2,0,1,84,-45,"Adelaide","2023",10
44,"Gollant, Lachlan",6,3,1,7,1,2,0,0,0,2,0,1,2,1,0,4,3,0,1,1,0,0,90,-45,"Adelaide","2023",10
34,"Himmelberg, Elliott",3,2,2,5,0,0,9,3,0,1,1,1,1,0,0,4,1,1,0,1,0,0,72,-45,"Adelaide","2023",10
0,"Hinge, Mitch",1,0,0,1,0,0,0,2,1,0,0,1,0,0,0,1,0,0,0,3,0,0,14,-45,"Adelaide","2023",10
1,"Jones, Chayce",19,0,4,23,0,1,0,3,5,1,5,3,2,1,0,8,10,0,0,0,0,0,79,-45,"Adelaide","2023",10
2,"Keays, Ben",6,4,5,11,0,1,0,3,1,1,1,1,0,0,0,2,10,0,1,1,0,0,72,-45,"Adelaide","2023",10
29,"Laird, Rory",17,5,17,34,0,0,0,10,2,4,10,5,0,3,0,16,19,0,0,0,0,0,83,-45,"Adelaide","2023",10
16,"Michalanney, Max",7,4,1,8,0,0,0,4,1,0,0,3,0,2,0,2,7,0,0,4,0,0,82,-45,"Adelaide","2023",10
30,"Milera, Wayne",15,5,6,21,0,0,0,2,6,4,2,5,0,1,0,8,13,0,0,6,0,0,85,-45,"Adelaide","2023",10
4,"Murphy, Lachlan",5,0,7,12,0,1,0,4,0,1,1,1,0,0,0,7,3,0,0,1,0,0,76,-45,"Adelaide","2023",10
28,"Murray, Nick",8,4,7,15,0,0,0,4,8,0,2,2,0,1,0,9,5,1,0,12,0,0,97,-45,"Adelaide","2023",10
43,"OBrien, Reilly",8,4,4,12,0,0,63,3,1,2,3,4,1,2,0,5,6,1,0,7,0,0,81,-45,"Adelaide","2023",10
37,"Parnell, Patrick",13,5,3,16,0,0,0,4,4,3,1,3,1,0,0,4,11,0,0,0,0,0,81,-45,"Adelaide","2023",10
10,"Pedlar, Luke",9,3,4,13,0,0,0,1,2,5,2,3,1,1,0,7,7,1,0,0,0,0,76,-45,"Adelaide","2023",10
8,"Rachele, Josh",12,3,4,16,2,1,0,2,0,1,1,3,0,0,0,6,8,0,1,1,2,0,82,-45,"Adelaide","2023",10
22,"Rankine, Izak",6,1,2,8,1,1,0,3,0,3,1,3,1,2,0,6,1,0,0,1,1,2,82,-45,"Adelaide","2023",10
38,"Sholl, Lachlan",8,3,4,12,0,0,0,1,0,2,1,1,0,0,0,2,10,0,0,0,0,0,85,-45,"Adelaide","2023",10
9,"Sloane, Rory",10,3,8,18,0,0,0,6,1,2,6,1,2,1,0,9,7,0,0,1,0,0,67,-45,"Adelaide","2023",10
33,"Smith, Brodie",10,2,4,14,0,0,0,3,6,2,1,0,0,0,0,4,6,0,0,1,0,0,83,-45,"Adelaide","2023",10
14,"Soligo, Jake",4,1,3,7,0,0,0,2,2,0,2,2,0,0,0,4,3,0,0,0,0,0,88,-45,"Adelaide","2023",10
