"Number","Player","Kicks","Marks","Handballs","Disposals","Goals","Behinds","Hitouts","Tackles","Rebounds50s","Inside50s","Clearances","Clangers","FreesFor","FreesAgainst","BrownlowVotes","ContestedPossessions","UncontestedPossessions","ContestedMarks","MarksInside50","OnePercenters","Bounces","GoalAssists","PercentagePlayed","PointDifference","Team","Season","Round"
27,"Bergman, Miller",8,6,3,11,0,0,0,2,2,1,0,0,0,0,0,2,11,0,0,0,0,0,75,-3,"North Melbourne","2023",10
21,"Coleman-Jones, Callum",11,7,5,16,2,0,8,5,0,1,1,3,1,0,0,7,10,2,1,1,0,2,90,-3,"North Melbourne","2023",10
25,"Curtis, Paul",3,1,2,5,1,1,0,1,0,1,0,2,0,2,0,4,1,1,1,1,0,0,72,-3,"North Melbourne","2023",10
0,"Drury, Blake",2,0,4,6,0,0,0,0,0,0,0,2,0,0,0,2,4,0,0,0,0,1,41,-3,"North Melbourne","2023",10
40,"Ford, Eddie",8,4,13,21,1,0,0,3,3,5,1,2,1,1,0,7,14,0,0,1,0,1,64,-3,"North Melbourne","2023",10
22,"Goldstein, Todd",6,3,11,17,1,0,45,1,1,2,6,7,1,3,0,9,8,0,1,2,0,0,90,-3,"North Melbourne","2023",10
18,"Greenwood, Hugh",6,4,17,23,0,0,0,8,0,4,5,4,0,3,0,13,11,1,0,1,0,0,80,-3,"North Melbourne","2023",10
43,"Hall, Aaron",15,4,6,21,0,0,0,2,4,3,1,3,0,1,0,4,14,0,0,1,0,1,87,-3,"North Melbourne","2023",10
0,"Howe, Daniel",8,5,3,11,0,0,0,0,0,1,2,1,1,1,0,2,9,0,0,2,0,0,34,-3,"North Melbourne","2023",10
20,"Larkey, Nick",8,5,6,14,2,1,0,2,0,1,0,2,1,1,0,3,11,0,3,0,0,1,100,-3,"North Melbourne","2023",10
19,"Logue, Griffin",3,2,8,11,0,0,0,1,3,0,0,1,0,1,0,5,8,0,0,11,2,0,94,-3,"North Melbourne","2023",10
11,"McDonald, Luke",11,7,9,20,0,0,0,1,2,3,0,2,0,0,0,5,15,1,0,1,0,0,86,-3,"North Melbourne","2023",10
23,"McKay, Ben",8,6,2,10,0,0,0,1,1,0,0,2,1,1,0,3,7,2,0,7,0,0,97,-3,"North Melbourne","2023",10
29,"Phillips, Will",2,1,14,16,0,0,0,4,0,0,5,0,1,0,0,11,7,0,1,2,0,1,77,-3,"North Melbourne","2023",10
24,"Powell, Tom",7,3,5,12,1,0,0,1,2,3,1,1,0,0,0,3,8,0,0,2,0,0,79,-3,"North Melbourne","2023",10
8,"Scott, Bailey",23,6,10,33,1,0,0,2,6,12,7,2,0,0,3,10,22,0,1,2,0,0,89,-3,"North Melbourne","2023",10
3,"Sheezel, Harry",16,5,9,25,2,2,0,5,1,5,2,2,0,1,1,7,21,0,2,1,0,0,90,-3,"North Melbourne","2023",10
14,"Shiels, Liam",7,5,5,12,0,0,0,5,1,3,2,3,1,1,0,3,9,0,0,1,0,0,77,-3,"North Melbourne","2023",10
12,"Simpkin, Jy",18,4,10,28,2,0,0,5,0,5,8,5,6,3,0,14,15,0,2,3,0,1,90,-3,"North Melbourne","2023",10
36,"Spicer, Phoenix",4,1,6,10,0,0,0,6,0,0,0,1,0,1,0,3,7,0,0,1,0,0,64,-3,"North Melbourne","2023",10
2,"Stephenson, Jaidyn",4,1,1,5,1,0,0,4,0,2,0,0,0,0,0,2,4,0,0,2,0,0,80,-3,"North Melbourne","2023",10
6,"Wardlaw, George",9,2,7,16,0,0,0,9,1,2,6,3,2,1,0,8,9,0,1,2,0,1,63,-3,"North Melbourne","2023",10
7,"Ziebell, Jack",19,7,2,21,0,0,0,4,5,1,0,2,0,1,0,3,12,0,0,0,0,0,84,-3,"North Melbourne","2023",10
22,"Blakey, Nick",12,4,7,19,0,0,0,1,4,3,0,6,1,1,0,6,10,0,0,10,0,0,83,3,"Sydney","2023",10
16,"Campbell, Braeden",3,1,5,8,1,0,0,4,0,1,0,2,0,0,0,1,7,0,0,1,0,0,70,3,"Sydney","2023",10
4,"Clarke, Ryan",5,2,8,13,0,0,0,3,0,2,1,3,1,1,0,6,7,0,0,1,0,1,80,3,"Sydney","2023",10
7,"Cunningham, Harry",4,2,7,11,0,0,0,3,0,0,0,1,1,0,0,3,8,1,0,3,0,0,82,3,"Sydney","2023",10
13,"Florent, Oliver",10,3,12,22,0,0,0,3,3,3,1,4,1,0,0,7,13,0,0,2,1,0,87,3,"Sydney","2023",10
42,"Fox, Robbie",14,6,14,28,0,0,0,2,3,1,1,3,3,1,0,11,14,2,0,2,0,0,96,3,"Sydney","2023",10
10,"Francis, Aaron",6,4,3,9,0,0,0,1,5,0,0,0,1,0,0,5,5,1,0,3,0,0,89,3,"Sydney","2023",10
23,"Franklin, Lance",8,9,5,13,3,1,0,5,0,1,0,3,2,3,0,7,7,4,4,2,0,1,93,3,"Sydney","2023",10
17,"Gould, Will",4,4,2,6,0,0,0,1,4,0,0,1,0,1,0,0,6,0,0,5,0,0,75,3,"Sydney","2023",10
21,"Gulden, Errol",15,5,9,24,1,0,0,6,2,6,2,4,1,1,0,9,14,1,0,1,0,0,85,3,"Sydney","2023",10
9,"Hayward, Will",8,9,3,11,1,1,0,3,2,2,0,1,0,1,0,3,9,1,4,1,0,2,79,3,"Sydney","2023",10
5,"Heeney, Isaac",8,6,7,15,1,1,0,2,0,2,0,2,0,0,0,10,7,2,0,0,0,1,90,3,"Sydney","2023",10
0,"Ladhams, Peter",5,2,1,6,2,0,7,0,1,1,0,4,1,1,0,3,3,0,1,3,0,0,52,3,"Sydney","2023",10
44,"Lloyd, Jake",15,4,4,19,0,0,0,1,5,4,0,2,0,1,0,5,12,0,0,1,0,0,85,3,"Sydney","2023",10
46,"McAndrew, Lachlan",3,1,6,9,0,1,20,5,0,1,3,0,1,0,0,6,2,0,0,4,0,0,66,3,"Sydney","2023",10
27,"McInerney, Justin",7,3,8,15,1,1,0,1,1,2,1,1,1,0,0,5,11,0,1,2,0,1,82,3,"Sydney","2023",10
2,"McLean, Hayden",8,4,5,13,2,1,2,2,1,4,1,2,3,0,0,6,7,0,2,1,0,2,87,3,"Sydney","2023",10
11,"Papley, Tom",6,1,5,11,0,0,0,2,0,5,1,1,1,0,0,3,8,0,0,1,0,0,79,3,"Sydney","2023",10
26,"Parker, Luke",15,4,13,28,1,0,0,5,2,3,6,3,4,0,0,18,13,2,1,2,0,1,87,3,"Sydney","2023",10
8,"Rowbottom, James",8,2,7,15,0,0,0,6,3,1,3,3,0,2,0,7,9,0,0,1,0,0,82,3,"Sydney","2023",10
0,"Sheldrick, Angus",0,0,2,2,0,0,0,1,0,0,0,0,0,0,0,1,1,0,0,0,0,0,18,3,"Sydney","2023",10
3,"Stephens, Dylan",6,3,3,9,0,1,0,2,1,0,0,3,0,1,0,2,7,0,1,0,0,0,66,3,"Sydney","2023",10
1,"Warner, Chad",21,6,10,31,1,0,0,3,4,7,7,3,2,2,2,11,20,1,0,0,1,0,86,3,"Sydney","2023",10
