"Number","Player","Kicks","Marks","Handballs","Disposals","Goals","Behinds","Hitouts","Tackles","Rebounds50s","Inside50s","Clearances","Clangers","FreesFor","FreesAgainst","BrownlowVotes","ContestedPossessions","UncontestedPossessions","ContestedMarks","MarksInside50","OnePercenters","Bounces","GoalAssists","PercentagePlayed","PointDifference","Team","Season","Round"
13,"Adams, Taylor",9,2,11,20,2,1,0,5,0,2,6,1,3,1,0,11,10,0,0,2,0,0,81,71,"Collingwood","2023",2
14,"Cameron, Darcy",12,5,6,18,0,1,29,5,2,4,4,4,2,2,0,16,4,4,1,1,0,1,84,71,"Collingwood","2023",2
46,"Cox, Mason",9,3,3,12,1,0,9,0,0,3,0,2,4,0,0,6,5,1,0,1,0,0,59,71,"Collingwood","2023",2
25,"Crisp, Jack",11,4,11,22,0,0,0,4,3,4,3,5,3,1,0,10,13,0,1,0,0,3,78,71,"Collingwood","2023",2
7,"Daicos, Josh",17,3,9,26,2,0,0,1,0,4,3,7,2,0,2,9,17,0,0,0,0,0,91,71,"Collingwood","2023",2
35,"Daicos, Nick",21,4,11,32,2,0,0,2,5,6,1,3,0,0,3,4,22,0,1,0,3,1,85,71,"Collingwood","2023",2
2,"de Goey, Jordan",4,3,8,12,1,1,0,6,0,2,3,3,2,1,0,8,7,1,1,3,0,0,79,71,"Collingwood","2023",2
5,"Elliott, Jamie",4,1,8,12,2,2,0,2,0,1,0,1,2,0,0,9,5,0,1,3,0,2,85,71,"Collingwood","2023",2
17,"Frampton, Billy",8,5,1,9,0,0,0,2,6,0,0,2,0,0,0,1,8,0,0,3,1,0,100,71,"Collingwood","2023",2
23,"Hill, Bobby",6,0,6,12,1,0,0,1,0,2,0,2,0,0,0,5,8,0,0,4,1,2,69,71,"Collingwood","2023",2
32,"Hoskin-Elliott, Will",12,7,2,14,1,0,0,0,0,2,1,2,1,0,0,5,8,1,0,1,0,0,73,71,"Collingwood","2023",2
4,"Maynard, Brayden",7,2,2,9,0,1,0,2,1,3,0,1,0,1,0,3,5,0,0,3,0,0,82,71,"Collingwood","2023",2
31,"McCreery, Beau",3,1,2,5,2,0,0,4,1,2,0,3,0,2,0,1,4,0,1,0,0,0,78,71,"Collingwood","2023",2
0,"McInnes, Reef",1,1,0,1,1,0,0,0,0,0,0,0,0,0,0,0,1,0,1,1,0,0,19,71,"Collingwood","2023",2
11,"McStay, Daniel",6,6,4,10,1,0,0,1,0,2,0,1,2,1,0,5,5,3,3,0,0,1,92,71,"Collingwood","2023",2
0,"Mihocek, Brody",8,5,2,10,3,1,0,1,0,0,0,2,0,0,0,2,8,1,3,0,0,0,75,71,"Collingwood","2023",2
6,"Mitchell, Tom",12,3,15,27,1,0,0,5,3,4,8,3,3,2,0,16,13,0,1,1,0,1,76,71,"Collingwood","2023",2
30,"Moore, Darcy",11,8,4,15,0,0,0,0,7,4,0,2,1,0,0,8,5,3,0,6,1,0,93,71,"Collingwood","2023",2
28,"Murphy, Nathan",6,2,2,8,0,0,0,3,1,0,0,3,3,2,0,5,3,0,0,3,0,0,77,71,"Collingwood","2023",2
9,"Noble, John",14,5,5,19,0,0,0,2,6,4,1,1,2,0,0,6,12,0,0,2,1,1,79,71,"Collingwood","2023",2
10,"Pendlebury, Scott",7,1,13,20,0,0,0,6,0,3,6,2,3,1,0,11,11,0,0,3,0,2,81,71,"Collingwood","2023",2
3,"Quaynor, Isaac",7,5,8,15,0,0,0,1,3,1,0,1,1,0,0,3,12,1,0,1,0,0,82,71,"Collingwood","2023",2
22,"Sidebottom, Steele",14,3,10,24,1,0,0,3,0,4,3,2,0,1,1,11,11,0,0,1,0,2,82,71,"Collingwood","2023",2
21,"Aliir, Aliir",7,3,2,9,0,0,0,2,1,0,0,4,1,3,0,5,3,1,0,5,0,0,98,-71,"Port Adelaide","2023",2
14,"Bergman, Miles",9,6,8,17,0,0,0,3,4,2,1,6,1,4,0,8,10,1,0,2,0,0,79,-71,"Port Adelaide","2023",2
0,"Boak, Travis",5,2,6,11,0,0,0,0,0,4,2,4,0,1,0,3,8,0,1,2,0,1,35,-71,"Port Adelaide","2023",2
0,"Burgoyne, Jase",5,3,0,5,0,0,0,0,1,1,0,0,0,0,0,0,5,0,0,1,0,0,41,-71,"Port Adelaide","2023",2
3,"Burton, Ryan",9,3,0,9,0,0,0,1,6,1,0,2,0,1,0,0,6,0,0,0,0,0,88,-71,"Port Adelaide","2023",2
9,"Butters, Zak",9,3,9,18,0,0,0,1,2,4,0,1,1,0,0,6,12,0,0,0,1,0,72,-71,"Port Adelaide","2023",2
33,"Byrne-Jones, Darcy",10,5,6,16,0,0,0,1,3,1,0,3,0,1,0,5,12,0,0,3,0,0,74,-71,"Port Adelaide","2023",2
22,"Dixon, Charlie",8,5,6,14,3,1,6,2,0,3,3,0,1,0,0,5,10,0,2,5,0,1,93,-71,"Port Adelaide","2023",2
28,"Drew, Willem",9,3,8,17,0,0,0,5,1,3,8,5,3,4,0,10,6,0,0,1,0,0,71,-71,"Port Adelaide","2023",2
7,"Duursma, Xavier",8,5,5,13,0,0,0,1,2,2,0,2,0,2,0,2,12,0,0,3,0,0,78,-71,"Port Adelaide","2023",2
13,"Fantasia, Orazio",6,1,3,9,1,2,0,2,0,2,0,1,1,0,0,1,8,0,0,0,0,1,69,-71,"Port Adelaide","2023",2
6,"Farrell, Kane",10,5,4,14,1,0,0,4,3,2,0,3,0,0,0,1,11,0,1,3,1,0,84,-71,"Port Adelaide","2023",2
19,"Georgiades, Mitch",10,7,4,14,1,2,0,0,0,3,0,5,1,3,0,4,11,0,2,0,0,1,82,-71,"Port Adelaide","2023",2
18,"Horne-Francis, Jason",8,6,7,15,0,0,0,1,2,2,1,7,0,6,0,4,11,0,0,0,0,0,80,-71,"Port Adelaide","2023",2
5,"Houston, Dan",13,7,3,16,0,0,0,3,3,2,0,4,1,2,0,5,8,1,0,5,0,0,79,-71,"Port Adelaide","2023",2
1,"Jonas, Tom",2,2,1,3,0,0,0,0,0,0,0,1,0,1,0,2,3,0,0,11,0,0,97,-71,"Port Adelaide","2023",2
34,"Jones, Lachie",3,3,2,5,0,0,0,0,1,1,0,2,0,1,0,1,5,0,0,1,0,0,83,-71,"Port Adelaide","2023",2
29,"Lycett, Scott",2,1,8,10,0,0,19,1,1,2,3,1,1,1,0,5,4,0,0,2,0,0,74,-71,"Port Adelaide","2023",2
4,"Marshall, Todd",10,3,3,13,2,1,0,1,0,3,0,4,0,2,0,4,7,1,2,0,0,0,83,-71,"Port Adelaide","2023",2
2,"Powell-Pepper, Sam",11,4,10,21,0,0,0,4,2,4,3,4,0,1,0,7,15,0,0,1,1,0,93,-71,"Port Adelaide","2023",2
15,"Rioli, Willie",6,3,7,13,0,0,0,1,0,1,0,2,0,0,0,4,8,0,0,1,1,1,87,-71,"Port Adelaide","2023",2
20,"Rozee, Connor",11,4,8,19,1,1,0,3,1,2,1,2,1,0,0,5,13,0,1,2,0,0,80,-71,"Port Adelaide","2023",2
16,"Wines, Ollie",8,4,13,21,0,1,0,3,3,2,5,2,3,1,0,11,11,0,1,0,0,0,81,-71,"Port Adelaide","2023",2
