"Number","Player","Kicks","Marks","Handballs","Disposals","Goals","Behinds","Hitouts","Tackles","Rebounds50s","Inside50s","Clearances","Clangers","FreesFor","FreesAgainst","BrownlowVotes","ContestedPossessions","UncontestedPossessions","ContestedMarks","MarksInside50","OnePercenters","Bounces","GoalAssists","PercentagePlayed","PointDifference","Team","Season","Round"
26,"Battle, Josh",6,3,2,8,0,0,0,0,2,1,0,2,2,1,0,4,3,1,0,5,0,0,92,-7,"St Kilda","2023",7
16,"Butler, Dan",3,3,3,6,1,0,0,4,0,1,0,1,1,1,0,4,4,1,1,2,0,0,76,-7,"St Kilda","2023",7
13,"Byrnes, Ryan",9,5,8,17,0,0,0,3,0,3,1,1,0,0,0,1,16,0,0,0,0,0,78,-7,"St Kilda","2023",7
11,"Clark, Hunter",15,4,8,23,1,0,0,3,1,7,4,4,2,1,0,11,12,0,0,1,0,0,62,-7,"St Kilda","2023",7
0,"Cordy, Zaine",1,1,0,1,1,0,3,0,0,0,0,0,0,0,0,0,1,0,1,0,0,0,50,-7,"St Kilda","2023",7
5,"Crouch, Brad",11,1,13,24,0,1,0,4,1,2,8,5,1,1,0,16,10,0,0,2,0,0,73,-7,"St Kilda","2023",7
4,"Gresham, Jade",13,7,8,21,2,1,0,3,0,5,1,1,0,0,0,6,14,0,1,0,0,1,87,-7,"St Kilda","2023",7
22,"Higgins, Jack",7,3,7,14,1,1,0,0,0,2,0,5,1,2,0,7,9,0,2,1,1,1,84,-7,"St Kilda","2023",7
8,"Hill, Bradley",10,6,8,18,0,0,0,3,1,1,1,3,0,0,0,4,14,0,1,2,1,1,87,-7,"St Kilda","2023",7
20,"Howard, Dougal",7,3,3,10,0,0,0,1,1,0,0,0,0,0,0,0,8,0,0,7,0,0,100,-7,"St Kilda","2023",7
19,"Marshall, Rowan",19,6,7,26,0,1,28,10,4,2,3,2,4,1,1,13,11,2,0,4,0,0,84,-7,"St Kilda","2023",7
28,"Membrey, Tim",9,5,3,12,1,1,0,0,0,4,0,0,1,0,0,4,8,0,1,1,0,0,84,-7,"St Kilda","2023",7
10,"Owens, Mitch",8,3,7,15,2,0,7,1,1,3,2,5,3,1,0,13,5,2,1,3,0,0,83,-7,"St Kilda","2023",7
33,"Paton, Ben",13,7,5,18,0,0,0,2,2,2,0,3,3,0,0,3,15,0,0,1,1,0,87,-7,"St Kilda","2023",7
25,"Phillipou, Mattaes",2,2,10,12,0,0,0,1,0,2,0,6,1,2,0,2,11,0,0,0,0,1,72,-7,"St Kilda","2023",7
6,"Ross, Sebastian",13,1,14,27,0,0,0,2,1,4,5,4,1,0,0,10,16,0,0,2,1,1,84,-7,"St Kilda","2023",7
35,"Sinclair, Jack",22,3,11,33,0,1,0,5,7,4,3,4,1,0,0,10,14,0,0,3,0,0,76,-7,"St Kilda","2023",7
9,"Steele, Jack",10,5,18,28,1,1,0,11,2,1,5,6,2,2,2,15,15,0,1,0,1,0,82,-7,"St Kilda","2023",7
14,"Stocker, Liam",12,7,3,15,0,0,0,1,3,1,1,3,1,1,0,7,10,1,0,5,0,0,82,-7,"St Kilda","2023",7
7,"Wanganeen-Milera, Nasiah",16,8,4,20,0,0,0,5,6,2,0,3,1,0,0,6,12,0,0,1,0,0,67,-7,"St Kilda","2023",7
44,"Wilkie, Callum",15,9,7,22,0,0,0,2,4,2,0,2,0,1,0,5,16,0,0,5,2,1,94,-7,"St Kilda","2023",7
0,"Windhager, Marcus",1,1,3,4,0,0,0,2,0,1,0,0,0,0,0,2,2,0,0,1,0,1,28,-7,"St Kilda","2023",7
32,"Wood, Mason",16,2,2,18,1,0,0,4,1,4,3,3,3,0,0,11,7,1,0,4,0,2,86,-7,"St Kilda","2023",7
21,"Aliir, Aliir",7,3,4,11,0,0,0,0,3,0,1,3,1,1,0,7,5,1,1,3,0,0,96,7,"Port Adelaide","2023",7
14,"Bergman, Miles",15,5,6,21,0,1,0,1,5,3,0,4,0,0,0,7,15,0,0,5,0,0,83,7,"Port Adelaide","2023",7
10,"Boak, Travis",15,6,15,30,1,1,0,6,4,4,2,8,0,0,0,13,17,0,1,1,0,1,79,7,"Port Adelaide","2023",7
0,"Bonner, Riley",4,3,2,6,0,1,0,3,1,1,0,1,0,1,0,0,8,0,1,0,0,0,60,7,"Port Adelaide","2023",7
36,"Burgoyne, Jase",4,3,4,8,0,0,0,4,0,2,0,2,0,0,0,2,8,0,0,4,0,0,84,7,"Port Adelaide","2023",7
3,"Burton, Ryan",15,4,3,18,0,0,0,4,5,1,1,2,2,2,0,4,10,0,0,4,0,0,84,7,"Port Adelaide","2023",7
9,"Butters, Zak",9,4,18,27,0,1,0,3,1,2,2,4,0,2,0,14,13,0,1,1,0,0,74,7,"Port Adelaide","2023",7
33,"Byrne-Jones, Darcy",11,3,5,16,0,1,0,3,1,4,2,4,0,1,0,8,11,0,1,4,0,2,89,7,"Port Adelaide","2023",7
22,"Dixon, Charlie",4,3,5,9,2,0,4,1,0,0,0,3,1,2,0,9,2,2,1,3,0,1,100,7,"Port Adelaide","2023",7
28,"Drew, Willem",5,2,10,15,0,0,0,8,1,3,2,3,0,2,0,6,9,0,0,1,0,0,75,7,"Port Adelaide","2023",7
0,"Duursma, Xavier",3,0,2,5,1,0,0,0,0,1,0,0,0,0,0,2,3,0,0,1,0,0,20,7,"Port Adelaide","2023",7
11,"Finlayson, Jeremy",12,6,4,16,2,0,3,3,4,1,1,4,1,2,0,6,11,0,0,2,0,1,86,7,"Port Adelaide","2023",7
18,"Horne-Francis, Jason",14,4,11,25,0,0,0,7,3,7,11,8,3,3,3,18,8,0,0,0,0,0,74,7,"Port Adelaide","2023",7
5,"Houston, Dan",14,9,8,22,1,0,0,7,2,2,3,3,1,1,0,7,15,0,1,2,0,1,77,7,"Port Adelaide","2023",7
30,"Lord, Ollie",3,2,2,5,0,0,0,3,0,0,0,1,1,1,0,3,2,0,1,6,0,0,77,7,"Port Adelaide","2023",7
41,"McEntee, Jed",6,1,5,11,1,0,0,3,0,2,0,3,0,2,0,5,8,0,0,1,0,0,76,7,"Port Adelaide","2023",7
12,"McKenzie, Trent",10,6,2,12,0,0,0,2,3,2,0,3,0,1,0,4,7,1,0,7,0,0,95,7,"Port Adelaide","2023",7
2,"Powell-Pepper, Sam",10,4,7,17,2,2,0,2,0,4,1,2,0,2,0,7,10,1,2,1,0,0,86,7,"Port Adelaide","2023",7
15,"Rioli, Willie",7,2,1,8,2,2,0,5,0,2,1,3,0,1,0,1,8,0,1,1,0,0,74,7,"Port Adelaide","2023",7
20,"Rozee, Connor",12,2,7,19,0,0,0,8,0,5,1,4,2,2,0,9,12,0,0,4,0,2,86,7,"Port Adelaide","2023",7
27,"Teakle, Brynn",0,0,8,8,0,0,18,7,0,0,1,5,1,1,0,5,3,0,0,2,0,0,80,7,"Port Adelaide","2023",7
23,"Williams, Dylan",14,5,3,17,0,0,0,1,9,2,1,1,0,0,0,5,10,0,0,4,0,0,82,7,"Port Adelaide","2023",7
16,"Wines, Ollie",8,1,18,26,0,0,0,1,0,1,2,3,1,1,0,11,17,0,0,2,0,0,65,7,"Port Adelaide","2023",7
