"Number","Player","Kicks","Marks","Handballs","Disposals","Goals","Behinds","Hitouts","Tackles","Rebounds50s","Inside50s","Clearances","Clangers","FreesFor","FreesAgainst","BrownlowVotes","ContestedPossessions","UncontestedPossessions","ContestedMarks","MarksInside50","OnePercenters","Bounces","GoalAssists","PercentagePlayed","PointDifference","Team","Season","Round"
24,"Bryan, Nick",10,3,5,15,0,2,29,0,1,4,2,3,1,0,0,7,7,1,2,5,0,0,58,-2,"Essendon","2023",20
6,"Caldwell, Jye",8,1,19,27,1,1,0,3,1,3,11,2,4,1,0,17,10,0,0,1,0,0,68,-2,"Essendon","2023",20
13,"Cox, Nik",2,1,5,7,0,0,0,3,1,0,0,0,0,0,0,3,5,0,0,6,0,1,82,-2,"Essendon","2023",20
0,"Davey, Alwyn",4,0,3,7,0,0,0,2,0,2,0,2,1,0,0,4,3,0,0,1,1,0,48,-2,"Essendon","2023",20
22,"Durham, Sam",9,6,4,13,1,0,0,0,1,3,0,3,0,2,0,3,12,0,0,0,0,0,76,-2,"Essendon","2023",20
35,"Guelfi, Matt",8,4,7,15,0,0,0,4,0,4,1,7,2,4,0,9,6,1,1,0,0,1,82,-2,"Essendon","2023",20
21,"Heppell, Dyson",15,6,10,25,0,0,0,4,4,3,0,2,1,1,0,10,13,1,0,4,0,0,89,-2,"Essendon","2023",20
19,"Hind, Nick",19,5,4,23,1,0,0,1,5,3,2,2,0,1,0,4,18,0,0,2,4,0,88,-2,"Essendon","2023",20
8,"Hobbs, Ben",10,3,10,20,0,1,0,3,1,6,3,1,1,0,0,9,11,0,0,1,0,2,68,-2,"Essendon","2023",20
29,"Kelly, Jake",5,2,10,15,0,0,0,1,1,3,1,2,0,1,0,5,12,0,0,0,0,0,92,-2,"Essendon","2023",20
4,"Langford, Kyle",8,4,2,10,5,0,0,2,0,0,0,1,0,0,0,6,5,1,4,1,2,1,85,-2,"Essendon","2023",20
15,"Laverde, Jayden",4,3,6,10,0,0,0,3,3,1,0,3,1,2,0,5,6,1,0,5,0,0,84,-2,"Essendon","2023",20
37,"Martin, Nic",8,4,8,16,1,0,0,3,1,1,1,3,0,1,0,4,12,0,0,1,0,0,91,-2,"Essendon","2023",20
1,"McGrath, Andrew",7,4,9,16,0,0,0,2,4,3,0,1,0,0,0,4,12,0,0,4,2,0,83,-2,"Essendon","2023",20
47,"Menzie, Jye",7,1,2,9,1,0,0,4,1,3,0,1,0,0,0,3,5,0,0,0,0,0,84,-2,"Essendon","2023",20
7,"Merrett, Zach",18,8,21,39,0,0,0,4,2,7,9,2,4,0,2,17,23,0,0,2,1,1,82,-2,"Essendon","2023",20
3,"Parish, Darcy",17,2,10,27,0,0,0,4,0,8,6,5,0,0,0,16,11,0,0,1,0,2,86,-2,"Essendon","2023",20
16,"Perkins, Archie",5,3,9,14,1,1,0,3,0,2,2,2,2,2,0,8,8,0,1,1,0,1,85,-2,"Essendon","2023",20
34,"Phillips, Andrew",5,2,6,11,0,0,23,1,0,3,4,2,1,1,0,9,2,2,0,1,0,1,71,-2,"Essendon","2023",20
27,"Redman, Mason",13,2,8,21,0,0,0,1,3,3,0,2,0,1,0,1,15,0,0,0,3,0,84,-2,"Essendon","2023",20
0,"Snelling, Will",7,5,3,10,0,0,0,0,2,4,0,0,0,0,0,1,9,0,0,1,0,1,29,-2,"Essendon","2023",20
20,"Wright, Peter",7,6,1,8,4,1,0,1,0,2,0,3,0,0,0,4,4,2,4,1,0,0,96,-2,"Essendon","2023",20
30,"Zerk-Thatcher, Brandon",9,6,2,11,0,0,0,1,1,1,0,2,1,1,0,2,9,0,0,16,0,0,90,-2,"Essendon","2023",20
36,"Amartey, Joel",10,7,1,11,4,1,4,2,0,3,0,1,1,0,1,5,6,1,6,2,0,1,75,2,"Sydney","2023",20
22,"Blakey, Nick",9,3,10,19,0,0,0,1,1,1,0,2,0,0,0,4,13,0,0,4,5,0,80,2,"Sydney","2023",20
16,"Campbell, Braeden",19,8,7,26,0,1,0,4,5,3,3,4,1,1,0,8,17,1,1,0,0,0,75,2,"Sydney","2023",20
0,"Clarke, Ryan",2,0,4,6,0,0,0,0,0,2,0,0,0,0,0,2,4,0,0,0,0,0,51,2,"Sydney","2023",20
7,"Cunningham, Harry",11,4,10,21,0,0,0,4,6,0,1,0,2,0,0,10,11,0,1,1,1,0,87,2,"Sydney","2023",20
13,"Florent, Oliver",11,3,10,21,0,0,0,1,2,2,0,3,0,2,0,3,18,0,0,0,1,1,87,2,"Sydney","2023",20
42,"Fox, Robbie",9,6,4,13,0,0,0,4,5,1,0,1,0,0,0,2,11,0,0,2,0,0,81,2,"Sydney","2023",20
0,"Franklin, Lance",2,2,1,3,0,0,0,0,0,2,0,2,0,2,0,1,2,0,0,0,0,1,29,2,"Sydney","2023",20
21,"Gulden, Errol",24,10,13,37,1,0,0,4,4,9,6,5,1,3,3,9,29,0,0,1,1,2,85,2,"Sydney","2023",20
9,"Hayward, Will",5,4,4,9,0,1,0,2,1,0,0,1,0,0,0,4,4,1,0,1,0,0,87,2,"Sydney","2023",20
5,"Heeney, Isaac",9,8,8,17,2,0,0,2,0,1,0,0,0,0,0,6,10,1,2,0,1,0,82,2,"Sydney","2023",20
44,"Lloyd, Jake",23,8,8,31,0,0,0,4,9,2,0,0,2,0,0,3,22,0,0,0,1,1,80,2,"Sydney","2023",20
30,"McCartin, Tom",6,5,10,16,0,0,0,1,4,0,0,3,0,1,0,8,8,1,0,17,2,0,96,2,"Sydney","2023",20
6,"McDonald, Logan",8,5,4,12,1,1,0,0,0,2,1,1,1,0,0,5,7,1,1,1,0,0,77,2,"Sydney","2023",20
27,"McInerney, Justin",6,3,14,20,1,0,0,1,3,1,2,3,1,1,0,8,12,0,1,3,0,0,81,2,"Sydney","2023",20
2,"McLean, Hayden",7,5,9,16,0,1,14,3,2,1,3,4,1,3,0,5,11,0,2,1,0,0,80,2,"Sydney","2023",20
14,"Mills, Callum",10,3,4,14,0,2,0,3,3,0,0,3,0,1,0,4,10,1,1,2,0,0,88,2,"Sydney","2023",20
11,"Papley, Tom",15,6,4,19,2,1,0,1,0,5,3,4,1,2,0,6,15,0,1,0,0,1,86,2,"Sydney","2023",20
26,"Parker, Luke",6,4,6,12,0,0,0,4,1,4,2,4,0,2,0,5,8,0,0,0,0,1,80,2,"Sydney","2023",20
24,"Rampe, Dane",4,3,6,10,0,0,0,2,4,0,0,0,1,0,0,4,7,0,0,4,0,0,77,2,"Sydney","2023",20
8,"Rowbottom, James",5,1,14,19,0,0,0,5,1,1,5,3,1,1,0,8,11,0,0,1,0,1,74,2,"Sydney","2023",20
1,"Warner, Chad",16,1,10,26,1,0,0,3,2,6,3,2,3,0,0,12,14,0,0,1,1,1,78,2,"Sydney","2023",20
15,"Wicks, Sam",5,1,9,14,3,1,0,5,0,1,0,1,2,0,0,6,8,0,1,0,0,3,84,2,"Sydney","2023",20
