"Number","Player","Kicks","Marks","Handballs","Disposals","Goals","Behinds","Hitouts","Tackles","Rebounds50s","Inside50s","Clearances","Clangers","FreesFor","FreesAgainst","BrownlowVotes","ContestedPossessions","UncontestedPossessions","ContestedMarks","MarksInside50","OnePercenters","Bounces","GoalAssists","PercentagePlayed","PointDifference","Team","Season","Round"
27,"Bergman, Miller",7,2,3,10,0,0,0,2,1,3,2,0,0,0,0,2,8,0,0,5,0,2,75,-70,"North Melbourne","2023",9
4,"Corr, Aidan",13,5,1,14,0,0,0,1,3,0,1,1,2,1,0,3,9,0,0,7,0,0,94,-70,"North Melbourne","2023",9
25,"Curtis, Paul",9,4,8,17,1,0,0,1,1,4,0,3,0,1,0,4,13,0,1,1,0,1,73,-70,"North Melbourne","2023",9
9,"Davies-Uniacke, Luke",11,3,18,29,0,0,0,4,1,6,8,2,1,0,0,18,12,0,0,1,0,1,75,-70,"North Melbourne","2023",9
41,"Drury, Blake",3,1,4,7,0,0,0,2,0,0,0,3,0,1,0,1,6,0,1,0,0,0,78,-70,"North Melbourne","2023",9
22,"Goldstein, Todd",15,5,9,24,0,0,56,0,2,7,11,8,6,4,0,18,6,2,0,5,0,1,90,-70,"North Melbourne","2023",9
18,"Greenwood, Hugh",4,1,13,17,0,0,0,9,0,0,3,4,1,1,0,10,7,1,0,1,0,0,75,-70,"North Melbourne","2023",9
20,"Larkey, Nick",7,5,2,9,4,1,0,2,0,0,0,3,1,1,0,3,6,1,4,1,0,1,100,-70,"North Melbourne","2023",9
19,"Logue, Griffin",4,4,8,12,1,0,7,2,0,2,0,1,0,0,0,5,7,0,1,3,0,0,93,-70,"North Melbourne","2023",9
1,"Mahony, Jack",3,1,6,9,0,0,0,2,0,2,0,1,0,0,0,2,6,0,1,1,0,0,57,-70,"North Melbourne","2023",9
11,"McDonald, Luke",13,7,4,17,0,0,0,5,6,0,0,2,0,1,0,2,14,0,0,3,0,0,91,-70,"North Melbourne","2023",9
23,"McKay, Ben",7,5,3,10,0,0,0,0,2,1,0,0,0,0,0,2,8,1,0,1,0,0,94,-70,"North Melbourne","2023",9
39,"Perez, Flynn",4,1,3,7,0,0,0,3,2,1,0,3,0,1,0,3,4,0,0,0,0,0,44,-70,"North Melbourne","2023",9
8,"Scott, Bailey",10,5,10,20,0,0,0,4,3,2,0,1,0,0,0,4,17,0,0,1,0,1,89,-70,"North Melbourne","2023",9
3,"Sheezel, Harry",12,4,10,22,0,0,0,4,3,2,0,6,0,1,0,7,16,0,0,2,0,0,86,-70,"North Melbourne","2023",9
14,"Shiels, Liam",9,4,8,17,0,0,0,6,0,3,5,2,1,2,0,6,10,0,0,1,0,0,75,-70,"North Melbourne","2023",9
12,"Simpkin, Jy",8,1,18,26,0,0,0,5,2,2,5,7,2,1,0,14,15,0,0,2,0,0,89,-70,"North Melbourne","2023",9
0,"Spicer, Phoenix",1,1,6,7,0,1,0,1,0,0,1,1,0,0,0,4,3,0,0,2,0,0,58,-70,"North Melbourne","2023",9
2,"Stephenson, Jaidyn",7,3,7,14,2,1,0,2,1,0,0,3,0,3,0,4,11,0,1,1,1,1,88,-70,"North Melbourne","2023",9
5,"Taylor, Curtis",8,3,3,11,0,0,0,2,3,3,0,2,1,0,0,2,8,0,0,0,0,0,90,-70,"North Melbourne","2023",9
0,"Tucker, Darcy",2,0,1,3,0,0,0,1,1,0,0,0,0,0,0,2,1,0,0,0,0,0,10,-70,"North Melbourne","2023",9
7,"Ziebell, Jack",23,8,4,27,0,0,0,2,7,0,0,6,1,2,0,11,8,2,0,3,0,0,89,-70,"North Melbourne","2023",9
44,"Zurhaar, Cameron",9,3,9,18,2,0,0,2,0,4,5,3,1,1,0,12,6,1,0,2,0,1,88,-70,"North Melbourne","2023",9
21,"Aliir, Aliir",6,3,3,9,0,0,0,2,0,1,0,4,2,1,0,4,5,0,0,9,0,0,95,70,"Port Adelaide","2023",9
14,"Bergman, Miles",16,10,5,21,0,0,0,4,5,5,1,0,2,0,0,5,16,0,0,2,0,0,81,70,"Port Adelaide","2023",9
10,"Boak, Travis",6,4,6,12,1,0,0,2,0,1,0,2,0,0,0,2,9,0,0,1,0,1,80,70,"Port Adelaide","2023",9
26,"Bonner, Riley",9,2,4,13,2,1,0,2,2,0,3,0,0,0,0,6,6,0,1,0,0,0,82,70,"Port Adelaide","2023",9
3,"Burton, Ryan",6,0,3,9,1,0,0,6,1,1,0,2,0,1,0,5,5,0,0,2,0,1,77,70,"Port Adelaide","2023",9
9,"Butters, Zak",17,9,15,32,0,1,0,2,2,5,3,1,1,0,3,14,17,3,1,0,0,0,82,70,"Port Adelaide","2023",9
28,"Drew, Willem",8,3,9,17,1,0,0,5,1,3,4,0,0,0,0,11,7,1,0,1,0,1,65,70,"Port Adelaide","2023",9
31,"Evans, Francis",6,2,8,14,2,1,0,2,0,1,1,0,1,0,0,5,9,0,0,0,0,2,75,70,"Port Adelaide","2023",9
6,"Farrell, Kane",7,3,2,9,0,0,0,4,3,2,0,1,1,1,0,1,7,0,0,1,0,0,87,70,"Port Adelaide","2023",9
11,"Finlayson, Jeremy",15,5,5,20,3,5,6,1,0,4,4,3,0,2,1,8,12,2,3,0,0,0,92,70,"Port Adelaide","2023",9
18,"Horne-Francis, Jason",11,4,4,15,1,0,0,5,3,2,4,3,1,2,0,7,8,0,0,0,3,1,79,70,"Port Adelaide","2023",9
5,"Houston, Dan",11,5,9,20,0,0,0,5,4,4,3,2,1,1,0,5,16,0,0,3,0,1,76,70,"Port Adelaide","2023",9
1,"Jonas, Tom",4,4,6,10,1,0,0,4,1,1,0,0,0,0,0,2,8,0,0,5,0,0,98,70,"Port Adelaide","2023",9
30,"Lord, Ollie",5,3,5,10,1,1,1,2,0,3,0,1,3,1,0,5,6,1,3,4,0,0,77,70,"Port Adelaide","2023",9
0,"Marshall, Todd",0,0,0,0,0,0,0,0,0,0,0,1,0,0,0,0,0,0,0,1,0,0,21,70,"Port Adelaide","2023",9
41,"McEntee, Jed",5,1,4,9,2,0,0,5,0,2,1,1,1,1,0,4,6,0,0,0,0,1,79,70,"Port Adelaide","2023",9
12,"McKenzie, Trent",7,3,5,12,0,0,0,4,3,2,0,2,2,0,0,7,5,0,0,4,0,0,92,70,"Port Adelaide","2023",9
0,"Mead, Jackson",5,2,5,10,1,0,0,2,0,3,1,0,0,0,0,3,7,1,0,1,0,1,56,70,"Port Adelaide","2023",9
2,"Powell-Pepper, Sam",7,3,5,12,2,1,0,5,0,4,0,2,1,0,0,5,7,0,2,2,0,0,85,70,"Port Adelaide","2023",9
20,"Rozee, Connor",14,2,11,25,0,0,0,3,0,4,6,2,0,1,2,12,12,0,0,1,0,1,85,70,"Port Adelaide","2023",9
27,"Teakle, Brynn",8,0,4,12,1,1,17,2,1,3,3,6,4,5,0,10,3,0,0,2,0,1,79,70,"Port Adelaide","2023",9
23,"Williams, Dylan",10,4,6,16,0,0,0,2,4,2,2,1,0,0,0,6,7,2,0,2,1,0,76,70,"Port Adelaide","2023",9
16,"Wines, Ollie",8,3,14,22,1,0,0,8,0,6,7,2,1,1,0,7,14,0,0,0,0,0,79,70,"Port Adelaide","2023",9
