"Number","Player","Kicks","Marks","Handballs","Disposals","Goals","Behinds","Hitouts","Tackles","Rebounds50s","Inside50s","Clearances","Clangers","FreesFor","FreesAgainst","BrownlowVotes","ContestedPossessions","UncontestedPossessions","ContestedMarks","MarksInside50","OnePercenters","Bounces","GoalAssists","PercentagePlayed","PointDifference","Team","Season","Round"
7,"Baker, Liam",13,8,9,22,0,0,0,3,2,4,0,1,1,0,0,6,17,0,1,1,0,0,89,46,"Richmond","2023",8
21,"Balta, Noah",10,3,3,13,0,0,0,0,3,4,0,5,1,2,0,5,8,2,0,7,2,1,88,46,"Richmond","2023",8
29,"Bolton, Shai",16,8,15,31,3,2,0,5,0,5,7,5,1,2,3,18,13,2,4,2,0,2,85,46,"Richmond","2023",8
35,"Broad, Nathan",10,2,6,16,0,0,0,1,5,0,0,1,1,1,0,3,11,1,0,6,0,0,91,46,"Richmond","2023",8
42,"Clarke, Judson",2,0,5,7,1,0,0,3,0,2,0,0,0,0,0,7,3,0,0,3,0,0,71,46,"Richmond","2023",8
0,"Cumberland, Noah",0,0,2,2,0,0,0,0,0,1,0,4,0,2,0,0,2,0,0,1,0,0,31,46,"Richmond","2023",8
34,"Graham, Jack",5,1,7,12,1,1,0,3,0,1,1,1,1,1,0,5,9,0,1,1,0,2,79,46,"Richmond","2023",8
2,"Grimes, Dylan",3,1,3,6,0,0,0,3,1,2,0,1,1,0,0,5,1,1,0,7,0,0,85,46,"Richmond","2023",8
22,"Hopper, Jacob",19,0,13,32,1,1,0,6,0,9,10,9,3,2,0,18,15,0,0,1,0,2,76,46,"Richmond","2023",8
0,"Mansell, Rhyan",3,1,1,4,0,1,0,0,0,0,0,0,0,0,0,0,3,0,0,2,0,0,37,46,"Richmond","2023",8
4,"Martin, Dustin",16,4,11,27,1,1,0,4,0,4,1,4,1,0,0,12,14,0,1,1,1,1,84,46,"Richmond","2023",8
33,"McIntosh, Kamdyn",8,2,2,10,0,0,0,2,0,2,0,4,0,0,0,3,5,0,1,3,0,0,90,46,"Richmond","2023",8
46,"Miller, Ben",8,6,5,13,1,0,20,2,1,2,1,3,1,0,0,3,10,1,1,3,0,0,76,46,"Richmond","2023",8
50,"Pickett, Marlion",9,3,6,15,1,1,0,2,1,3,0,1,1,0,0,8,9,0,1,3,0,0,79,46,"Richmond","2023",8
3,"Prestia, Dion",12,4,11,23,3,0,0,1,0,4,2,3,0,2,2,8,17,0,1,2,0,2,87,46,"Richmond","2023",8
13,"Ralphsmith, Hugo",7,3,8,15,0,0,0,1,1,6,1,5,0,2,0,6,9,0,0,1,0,1,73,46,"Richmond","2023",8
8,"Riewoldt, Jack",8,7,4,12,0,0,0,3,0,4,0,2,0,0,0,6,7,2,1,1,0,1,89,46,"Richmond","2023",8
17,"Rioli, Daniel",14,6,8,22,0,0,0,3,4,2,1,4,0,0,0,4,15,1,0,3,4,0,85,46,"Richmond","2023",8
5,"Ross, Jack",9,5,13,22,0,0,0,0,3,3,1,4,0,1,0,5,17,1,0,3,0,0,83,46,"Richmond","2023",8
32,"Ryan, Samson",4,4,4,8,1,0,31,0,3,0,0,0,0,0,0,1,7,0,1,2,0,1,81,46,"Richmond","2023",8
15,"Short, Jayden",16,5,2,18,0,0,0,9,4,3,1,4,2,1,0,5,13,0,0,1,3,0,75,46,"Richmond","2023",8
14,"Taranto, Tim",14,3,16,30,2,1,0,5,1,3,10,5,1,0,1,20,11,0,2,0,0,0,77,46,"Richmond","2023",8
1,"Vlastuin, Nick",11,7,6,17,0,0,0,3,5,1,1,0,2,0,0,5,10,1,0,6,0,0,89,46,"Richmond","2023",8
12,"Allen, Oscar",12,7,3,15,4,0,0,1,0,2,0,1,1,0,0,5,8,2,3,0,0,0,81,-46,"West Coast","2023",8
37,"Barrass, Tom",6,4,3,9,0,0,0,0,2,0,0,0,1,0,0,3,6,2,0,12,0,0,95,-46,"West Coast","2023",8
39,"Clark, Greg",8,2,5,13,0,0,0,3,2,2,1,0,0,0,0,1,12,0,0,1,0,0,88,-46,"West Coast","2023",8
0,"Culley, Jai",0,0,1,1,0,0,0,0,0,0,0,0,0,0,0,1,0,0,0,0,0,0,7,-46,"West Coast","2023",8
27,"Darling, Jack",4,3,0,4,1,0,1,4,0,1,0,7,1,4,0,3,2,1,1,4,0,0,97,-46,"West Coast","2023",8
14,"Duggan, Liam",20,9,7,27,0,0,0,3,5,9,2,8,0,4,0,5,21,0,0,0,2,0,86,-46,"West Coast","2023",8
16,"Edwards, Luke",6,5,5,11,0,0,0,6,0,1,1,1,2,1,0,3,10,0,0,1,0,0,78,-46,"West Coast","2023",8
29,"Foley, Luke",5,2,6,11,0,0,0,0,0,0,0,4,0,1,0,1,10,0,0,6,0,0,81,-46,"West Coast","2023",8
3,"Gaff, Andrew",8,4,6,14,0,0,0,1,1,0,1,3,0,1,0,3,13,0,1,1,1,0,81,-46,"West Coast","2023",8
7,"Ginbey, Reuben",5,2,11,16,0,0,0,4,2,0,4,3,1,0,0,8,8,0,0,0,0,0,64,-46,"West Coast","2023",8
5,"Hunt, Jayden",14,7,5,19,0,1,0,2,4,3,3,3,0,0,0,9,11,1,0,3,1,0,89,-46,"West Coast","2023",8
25,"Hurn, Shannon",15,5,7,22,0,0,0,4,6,1,0,2,1,0,0,3,11,0,0,1,1,0,79,-46,"West Coast","2023",8
31,"Jones, Jamaine",18,7,12,30,0,1,0,0,8,1,1,2,2,0,0,12,18,0,0,0,1,0,80,-46,"West Coast","2023",8
11,"Kelly, Tim",11,3,18,29,0,0,0,5,2,3,9,9,1,1,0,19,8,1,0,2,0,1,82,-46,"West Coast","2023",8
24,"ONeill, Xavier",8,4,5,13,0,1,0,2,2,0,2,3,1,1,0,6,8,0,1,0,0,0,70,-46,"West Coast","2023",8
21,"Petruccelle, Jack",8,2,5,13,1,0,0,4,0,4,2,1,0,0,0,2,11,0,0,1,0,0,78,-46,"West Coast","2023",8
35,"Rotham, Josh",10,7,3,13,0,0,0,1,6,2,0,2,0,0,0,2,11,0,0,6,0,0,83,-46,"West Coast","2023",8
4,"Sheed, Dom",14,7,15,29,0,0,0,5,1,3,9,4,1,1,0,11,19,0,0,1,0,2,76,-46,"West Coast","2023",8
0,"Trew, Zane",3,1,6,9,0,0,0,0,0,1,2,2,0,0,0,7,3,0,0,1,0,0,62,-46,"West Coast","2023",8
2,"Waterman, Jake",12,6,1,13,0,1,1,3,0,2,0,4,1,2,0,6,8,0,2,1,0,0,92,-46,"West Coast","2023",8
36,"West, Connor",7,4,7,14,1,1,0,1,0,2,2,1,2,0,0,7,8,0,0,0,0,0,84,-46,"West Coast","2023",8
32,"Williams, Bailey",8,2,5,13,1,0,28,5,2,3,5,2,0,0,0,6,7,2,1,0,0,0,84,-46,"West Coast","2023",8
23,"Witherden, Alex",14,4,6,20,0,0,0,1,3,3,1,2,1,1,0,7,11,1,0,4,1,1,83,-46,"West Coast","2023",8
