"Number","Player","Kicks","Marks","Handballs","Disposals","Goals","Behinds","Hitouts","Tackles","Rebounds50s","Inside50s","Clearances","Clangers","FreesFor","FreesAgainst","BrownlowVotes","ContestedPossessions","UncontestedPossessions","ContestedMarks","MarksInside50","OnePercenters","Bounces","GoalAssists","PercentagePlayed","PointDifference","Team","Season","Round"
26,"Battle, Josh",10,10,4,14,0,0,0,1,2,1,0,2,0,0,0,3,11,1,0,5,0,0,95,18,"St Kilda","2023",3
16,"Butler, Dan",11,2,2,13,4,0,0,2,1,6,0,1,0,0,0,0,11,0,1,0,1,1,73,18,"St Kilda","2023",3
13,"Byrnes, Ryan",12,6,11,23,0,1,0,5,3,1,0,3,1,0,0,8,15,1,1,1,0,0,96,18,"St Kilda","2023",3
47,"Caminiti, Anthony",6,2,2,8,1,1,0,5,0,2,0,2,3,1,0,5,4,0,0,1,0,1,70,18,"St Kilda","2023",3
11,"Clark, Hunter",7,2,14,21,0,0,0,3,1,2,3,3,1,1,0,10,11,1,0,1,0,1,66,18,"St Kilda","2023",3
0,"Cordy, Zaine",1,1,0,1,0,0,4,1,0,1,0,0,0,0,0,0,1,0,0,0,0,1,30,18,"St Kilda","2023",3
5,"Crouch, Brad",18,6,14,32,0,0,0,6,1,4,8,5,4,2,3,14,19,0,0,3,0,0,78,18,"St Kilda","2023",3
4,"Gresham, Jade",14,7,9,23,1,1,0,0,0,6,2,9,1,1,0,10,12,1,2,1,1,1,88,18,"St Kilda","2023",3
22,"Higgins, Jack",9,4,9,18,4,0,0,3,1,1,0,3,0,1,2,5,13,1,4,0,0,2,78,18,"St Kilda","2023",3
8,"Hill, Bradley",11,4,12,23,1,0,0,1,0,4,2,3,0,2,0,5,17,0,0,2,0,0,95,18,"St Kilda","2023",3
20,"Howard, Dougal",11,7,2,13,0,0,0,1,3,0,0,2,0,2,0,3,10,0,0,8,0,0,94,18,"St Kilda","2023",3
19,"Marshall, Rowan",14,8,5,19,0,1,25,1,2,4,3,4,0,2,0,7,9,4,1,2,0,0,88,18,"St Kilda","2023",3
10,"Owens, Mitch",8,3,6,14,1,2,3,2,1,2,1,2,4,1,0,11,4,1,1,2,0,1,87,18,"St Kilda","2023",3
0,"Paton, Ben",3,1,3,6,0,0,0,0,0,1,0,0,0,0,0,2,4,0,0,1,0,0,33,18,"St Kilda","2023",3
25,"Phillipou, Mattaes",4,2,10,14,0,1,0,1,0,0,1,2,0,1,0,8,5,1,0,0,0,0,88,18,"St Kilda","2023",3
6,"Ross, Sebastian",15,5,9,24,0,0,0,9,3,5,4,3,3,0,0,11,13,0,0,3,0,0,81,18,"St Kilda","2023",3
35,"Sinclair, Jack",14,5,12,26,0,0,0,0,3,2,0,5,0,0,0,6,18,0,0,1,2,0,90,18,"St Kilda","2023",3
14,"Stocker, Liam",8,4,9,17,0,0,0,0,5,0,1,0,1,0,0,7,10,0,0,1,0,0,67,18,"St Kilda","2023",3
7,"Wanganeen-Milera, Nasiah",15,7,4,19,0,0,0,2,4,2,0,1,0,1,0,1,14,0,0,3,1,1,81,18,"St Kilda","2023",3
29,"Webster, Jimmy",10,4,6,16,0,0,0,0,1,0,1,1,0,0,0,4,12,0,0,3,0,0,58,18,"St Kilda","2023",3
44,"Wilkie, Callum",15,13,4,19,0,0,0,2,3,1,0,2,0,0,0,4,13,2,0,7,0,0,100,18,"St Kilda","2023",3
17,"Windhager, Marcus",5,5,9,14,1,0,0,1,0,1,1,2,1,0,0,5,9,0,0,0,0,0,85,18,"St Kilda","2023",3
32,"Wood, Mason",21,11,6,27,1,0,0,3,3,6,2,8,1,3,1,10,18,2,0,4,0,2,80,18,"St Kilda","2023",3
6,"Caldwell, Jye",7,2,11,18,2,1,0,2,0,2,4,2,0,0,0,11,7,1,0,0,0,0,88,-18,"Essendon","2023",3
42,"DAmbrosio, Massimo",17,8,10,27,0,0,0,2,5,3,0,3,0,2,0,6,21,1,0,0,0,1,78,-18,"Essendon","2023",3
33,"Davey, Alwyn",7,4,5,12,0,0,0,3,1,4,2,1,1,0,0,7,6,1,0,3,0,1,68,-18,"Essendon","2023",3
2,"Draper, Sam",5,3,4,9,0,0,27,5,1,3,4,1,0,1,0,6,3,1,0,2,0,0,82,-18,"Essendon","2023",3
22,"Durham, Sam",9,7,7,16,0,0,0,2,0,1,1,0,0,0,0,2,13,0,0,1,1,0,70,-18,"Essendon","2023",3
21,"Heppell, Dyson",6,5,10,16,0,0,0,4,1,0,0,5,1,2,0,6,10,0,0,3,0,1,79,-18,"Essendon","2023",3
0,"Hind, Nick",10,2,3,13,0,0,0,1,1,1,2,2,0,0,0,3,8,0,0,0,0,0,34,-18,"Essendon","2023",3
0,"Jones, Harry",6,4,5,11,0,1,0,1,0,1,1,0,1,0,0,7,4,2,0,1,0,0,55,-18,"Essendon","2023",3
29,"Kelly, Jake",15,11,14,29,0,0,0,0,5,0,0,3,3,0,0,11,16,0,0,3,0,0,95,-18,"Essendon","2023",3
4,"Langford, Kyle",13,7,4,17,1,0,0,1,4,0,0,3,1,1,0,5,10,0,0,2,2,0,81,-18,"Essendon","2023",3
15,"Laverde, Jayden",10,9,6,16,0,0,0,0,1,1,1,2,0,0,0,2,14,1,0,3,0,0,91,-18,"Essendon","2023",3
37,"Martin, Nic",19,7,9,28,1,2,0,1,2,2,3,5,1,0,0,7,20,1,2,1,0,2,96,-18,"Essendon","2023",3
1,"McGrath, Andrew",12,6,12,24,0,0,0,1,5,0,2,2,0,1,0,7,16,0,0,1,4,0,85,-18,"Essendon","2023",3
47,"Menzie, Jye",4,1,4,8,1,0,0,3,0,1,0,1,0,0,0,3,5,0,0,5,0,0,73,-18,"Essendon","2023",3
7,"Merrett, Zach",13,4,12,25,0,0,0,7,0,3,6,4,3,1,0,9,18,0,0,5,0,0,86,-18,"Essendon","2023",3
3,"Parish, Darcy",17,7,18,35,1,0,0,2,4,5,4,3,1,1,0,9,25,0,1,0,0,0,78,-18,"Essendon","2023",3
16,"Perkins, Archie",11,5,3,14,2,1,0,3,0,5,0,2,0,2,0,4,11,0,2,0,0,0,82,-18,"Essendon","2023",3
27,"Redman, Mason",15,6,5,20,0,0,0,1,4,2,1,5,2,3,0,2,16,0,0,3,0,0,87,-18,"Essendon","2023",3
14,"Ridley, Jordan",17,14,4,21,0,0,0,3,4,0,0,7,1,4,0,6,15,3,0,3,0,0,78,-18,"Essendon","2023",3
12,"Setterfield, Will",12,7,9,21,0,0,0,4,0,3,5,2,0,1,0,8,13,0,0,1,1,1,79,-18,"Essendon","2023",3
9,"Shiel, Dylan",15,3,7,22,2,0,0,8,0,7,5,2,1,1,0,8,14,0,0,1,0,0,71,-18,"Essendon","2023",3
25,"Stringer, Jake",5,1,3,8,1,0,0,1,0,2,0,2,1,0,0,3,5,0,0,1,0,1,80,-18,"Essendon","2023",3
10,"Weideman, Sam",5,4,5,10,0,0,5,2,0,2,2,2,1,0,0,4,6,0,0,1,0,1,83,-18,"Essendon","2023",3
