"Number","Player","Kicks","Marks","Handballs","Disposals","Goals","Behinds","Hitouts","Tackles","Rebounds50s","Inside50s","Clearances","Clangers","FreesFor","FreesAgainst","BrownlowVotes","ContestedPossessions","UncontestedPossessions","ContestedMarks","MarksInside50","OnePercenters","Bounces","GoalAssists","PercentagePlayed","PointDifference","Team","Season","Round"
9,"Ainsworth, Ben",8,3,8,16,2,0,0,2,1,2,1,4,1,1,0,8,9,0,0,3,0,1,86,-49,"Gold Coast","2023",1
15,"Anderson, Noah",10,1,7,17,1,1,0,6,1,3,4,0,0,0,0,9,8,0,0,2,1,0,82,-49,"Gold Coast","2023",1
10,"Ballard, Charlie",8,3,5,13,0,0,0,3,3,1,0,2,1,0,0,4,7,1,0,9,0,0,91,-49,"Gold Coast","2023",1
0,"Casboult, Levi",3,2,1,4,0,0,3,0,0,0,0,2,0,0,0,3,1,1,0,0,0,0,36,-49,"Gold Coast","2023",1
1,"Chol, Mabior",5,1,1,6,0,1,2,6,1,1,1,0,0,0,0,3,1,0,0,2,0,0,83,-49,"Gold Coast","2023",1
25,"Collins, Sam",5,4,7,12,0,0,0,1,2,0,0,6,1,1,0,6,6,0,0,5,0,0,78,-49,"Gold Coast","2023",1
33,"Constable, Charlie",23,4,3,26,0,0,0,0,8,2,0,6,0,0,0,5,14,0,0,5,0,0,81,-49,"Gold Coast","2023",1
5,"Davies, Alex",8,2,8,16,0,0,0,0,0,2,2,4,0,1,0,9,7,0,0,1,0,1,69,-49,"Gold Coast","2023",1
50,"Farrar, Jy",11,3,7,18,0,0,0,3,7,2,0,5,2,1,0,8,10,0,0,6,0,0,86,-49,"Gold Coast","2023",1
0,"Fiorini, Brayden",7,1,2,9,0,1,0,1,1,1,2,2,0,0,0,3,4,0,0,1,0,0,39,-49,"Gold Coast","2023",1
3,"Flanders, Sam",9,2,10,19,2,0,0,1,2,2,0,4,0,0,0,6,13,0,1,0,0,1,83,-49,"Gold Coast","2023",1
36,"Hollands, Elijah",12,3,3,15,0,1,0,0,0,1,1,6,0,2,0,6,9,0,0,0,0,0,85,-49,"Gold Coast","2023",1
7,"Holman, Nick",7,3,8,15,1,0,0,4,1,4,2,2,1,0,0,12,4,1,1,4,0,1,89,-49,"Gold Coast","2023",1
40,"Jeffrey, Joel",5,0,2,7,1,0,0,6,0,0,0,4,0,1,0,3,3,0,0,1,0,0,72,-49,"Gold Coast","2023",1
34,"King, Ben",1,1,4,5,1,0,0,0,0,0,0,4,0,0,0,3,3,0,1,2,0,1,74,-49,"Gold Coast","2023",1
22,"Long, Ben",9,1,4,13,0,0,0,2,4,0,1,4,0,2,0,5,6,0,0,4,0,0,88,-49,"Gold Coast","2023",1
13,"Lukosius, Jack",8,3,3,11,0,0,0,2,3,6,0,2,2,1,0,5,5,0,0,1,0,1,76,-49,"Gold Coast","2023",1
44,"Macpherson, Darcy",14,5,8,22,0,0,0,3,2,1,0,2,1,1,0,4,15,0,0,1,0,0,86,-49,"Gold Coast","2023",1
11,"Miller, Touk",13,1,16,29,0,0,0,8,3,5,7,5,2,0,0,12,18,0,0,1,0,1,84,-49,"Gold Coast","2023",1
18,"Rowell, Matt",17,2,11,28,0,0,0,8,2,3,9,4,4,2,0,21,11,0,0,3,0,0,88,-49,"Gold Coast","2023",1
24,"Swallow, David",13,3,7,20,1,0,0,2,0,1,5,2,1,1,0,9,11,0,0,2,0,0,76,-49,"Gold Coast","2023",1
32,"Uwland, Bodhi",14,3,6,20,0,0,0,1,5,2,1,4,1,0,0,5,9,0,0,5,0,0,79,-49,"Gold Coast","2023",1
28,"Witts, Jarrod",15,5,10,25,0,1,51,1,2,5,10,4,4,1,0,16,10,1,0,2,0,0,87,-49,"Gold Coast","2023",1
22,"Blakey, Nick",18,6,2,20,0,0,0,4,6,3,0,5,0,0,0,3,12,0,0,1,2,0,76,49,"Sydney","2023",1
16,"Campbell, Braeden",10,2,6,16,0,0,0,3,0,3,2,4,1,1,0,9,9,0,0,5,0,1,89,49,"Sydney","2023",1
7,"Cunningham, Harry",9,3,4,13,2,1,0,4,0,1,0,2,0,1,0,3,9,0,0,1,0,0,84,49,"Sydney","2023",1
13,"Florent, Oliver",9,5,9,18,1,0,0,2,3,2,0,0,2,0,0,7,9,0,1,2,0,0,91,49,"Sydney","2023",1
23,"Franklin, Lance",7,4,1,8,2,1,0,1,0,2,0,7,1,4,0,5,3,3,3,1,0,1,77,49,"Sydney","2023",1
21,"Gulden, Errol",18,2,6,24,1,1,0,5,2,10,3,2,0,0,0,13,11,0,0,2,2,0,82,49,"Sydney","2023",1
9,"Hayward, Will",11,4,8,19,1,3,0,2,1,3,1,4,1,1,0,7,11,1,2,0,0,0,79,49,"Sydney","2023",1
5,"Heeney, Isaac",8,3,4,12,1,2,0,3,2,0,2,4,3,0,0,7,5,0,1,3,0,0,83,49,"Sydney","2023",1
0,"Ladhams, Peter",7,4,13,20,0,0,15,3,1,1,5,5,1,3,0,7,13,0,0,2,0,0,74,49,"Sydney","2023",1
44,"Lloyd, Jake",15,9,13,28,1,0,0,2,5,0,0,2,1,2,0,5,21,0,0,2,0,1,86,49,"Sydney","2023",1
39,"McCartin, Paddy",14,6,1,15,0,0,0,2,4,0,0,3,1,1,0,5,9,1,0,4,0,0,73,49,"Sydney","2023",1
30,"McCartin, Tom",12,5,4,16,0,0,0,3,3,0,0,2,1,0,0,6,9,0,0,5,0,0,89,49,"Sydney","2023",1
6,"McDonald, Logan",7,5,2,9,2,0,0,1,0,4,0,1,0,0,0,1,8,0,1,1,0,0,72,49,"Sydney","2023",1
27,"McInerney, Justin",15,7,8,23,0,0,0,4,0,4,0,4,1,1,0,4,19,0,2,2,0,1,76,49,"Sydney","2023",1
2,"McLean, Hayden",4,4,7,11,1,0,7,3,0,0,2,2,0,0,0,6,4,1,1,6,0,0,78,49,"Sydney","2023",1
14,"Mills, Callum",8,2,11,19,1,0,0,7,0,2,6,3,1,0,3,7,10,0,0,4,0,2,82,49,"Sydney","2023",1
11,"Papley, Tom",12,2,3,15,2,0,0,0,0,7,7,3,0,1,0,9,5,0,0,3,0,1,86,49,"Sydney","2023",1
26,"Parker, Luke",9,1,16,25,0,0,0,6,0,3,4,2,0,1,0,12,11,0,0,0,0,1,82,49,"Sydney","2023",1
24,"Rampe, Dane",13,7,12,25,0,0,0,4,3,1,0,0,0,0,1,9,16,1,0,9,0,0,89,49,"Sydney","2023",1
0,"Roberts, Matt",3,0,4,7,0,0,0,3,2,0,1,0,0,0,0,4,2,0,0,0,0,0,12,49,"Sydney","2023",1
8,"Rowbottom, James",10,1,7,17,0,0,0,10,0,7,3,4,0,1,0,10,6,0,0,1,0,0,75,49,"Sydney","2023",1
3,"Stephens, Dylan",19,4,8,27,1,0,0,4,2,3,0,3,0,1,0,8,18,0,1,4,0,0,80,49,"Sydney","2023",1
1,"Warner, Chad",21,3,9,30,0,3,0,8,0,8,3,6,1,3,2,12,19,0,0,2,2,2,84,49,"Sydney","2023",1
