"Number","Player","Kicks","Marks","Handballs","Disposals","Goals","Behinds","Hitouts","Tackles","Rebounds50s","Inside50s","Clearances","Clangers","FreesFor","FreesAgainst","BrownlowVotes","ContestedPossessions","UncontestedPossessions","ContestedMarks","MarksInside50","OnePercenters","Bounces","GoalAssists","PercentagePlayed","PointDifference","Team","Season","Round"
7,"Ash, Lachie",17,4,8,25,1,0,0,1,3,4,0,2,0,0,0,3,21,0,0,2,3,1,83,126,"Greater Western Sydney","2023",23
14,"Bedford, Toby",8,4,8,16,2,2,0,3,0,3,3,4,1,0,0,7,9,0,3,1,0,0,81,126,"Greater Western Sydney","2023",23
32,"Briggs, Kieren",10,4,5,15,0,0,22,5,3,5,5,2,2,1,0,11,3,2,0,0,0,1,68,126,"Greater Western Sydney","2023",23
46,"Brown, Callum",6,3,5,11,1,2,0,1,0,3,0,1,1,1,0,5,7,1,1,1,0,2,80,126,"Greater Western Sydney","2023",23
44,"Buckley, Jack",4,3,3,7,0,0,0,4,2,0,0,0,0,0,0,2,5,0,0,8,0,1,86,126,"Greater Western Sydney","2023",23
3,"Coniglio, Stephen",17,4,14,31,1,1,0,3,0,2,8,5,0,2,0,13,16,0,0,2,3,1,82,126,"Greater Western Sydney","2023",23
13,"Cumming, Isaac",14,6,8,22,0,0,0,2,2,4,2,4,2,0,0,4,17,0,0,1,1,0,82,126,"Greater Western Sydney","2023",23
16,"Daniels, Brent",10,5,5,15,3,0,0,0,0,3,2,3,0,1,0,5,11,0,1,0,0,1,85,126,"Greater Western Sydney","2023",23
34,"Fahey, Josh",9,4,4,13,1,0,0,2,1,3,0,5,1,0,0,0,13,0,0,0,0,1,73,126,"Greater Western Sydney","2023",23
0,"Greene, Toby",6,2,3,9,2,0,0,0,0,4,0,1,1,0,0,2,7,0,1,0,0,3,53,126,"Greater Western Sydney","2023",23
12,"Green, Tom",16,6,23,39,1,0,0,2,1,6,10,5,0,2,2,18,21,0,1,0,0,0,85,126,"Greater Western Sydney","2023",23
27,"Himmelberg, Harry",18,8,12,30,1,0,0,1,8,5,0,3,2,0,0,7,21,0,0,6,0,1,83,126,"Greater Western Sydney","2023",23
23,"Hogan, Jesse",16,17,8,24,9,1,0,4,0,4,0,3,2,0,3,12,13,6,9,0,0,0,90,126,"Greater Western Sydney","2023",23
39,"Idun, Connor",12,7,12,24,0,0,0,0,4,1,1,3,1,0,0,6,18,0,0,2,0,1,85,126,"Greater Western Sydney","2023",23
25,"Keeffe, Lachlan",3,1,1,4,0,1,7,3,1,1,1,1,1,1,0,1,3,0,0,3,0,0,66,126,"Greater Western Sydney","2023",23
22,"Kelly, Josh",10,2,20,30,0,1,0,2,2,2,1,1,0,0,0,9,21,0,0,2,0,0,86,126,"Greater Western Sydney","2023",23
38,"Lloyd, Daniel",7,5,4,11,1,2,0,3,0,0,0,2,0,0,0,5,6,1,1,1,0,0,85,126,"Greater Western Sydney","2023",23
0,"McMullin, Toby",4,0,1,5,1,1,0,1,0,0,1,0,1,0,0,3,2,0,0,0,0,0,35,126,"Greater Western Sydney","2023",23
36,"Perryman, Harry",14,5,10,24,0,1,0,7,3,3,0,3,0,1,0,8,14,0,0,8,0,0,82,126,"Greater Western Sydney","2023",23
26,"Riccardi, Jake",7,2,3,10,1,0,0,1,0,1,0,3,1,0,0,5,5,0,2,0,0,1,76,126,"Greater Western Sydney","2023",23
15,"Taylor, Sam",2,2,4,6,0,0,0,0,0,0,0,0,1,0,0,2,4,1,0,2,0,0,100,126,"Greater Western Sydney","2023",23
8,"Ward, Callan",17,7,13,30,0,0,0,4,2,9,6,5,2,0,0,10,20,1,0,1,0,3,74,126,"Greater Western Sydney","2023",23
6,"Whitfield, Lachie",18,7,12,30,0,0,0,2,3,7,3,2,1,2,1,9,18,1,0,1,0,3,80,126,"Greater Western Sydney","2023",23
6,"Caldwell, Jye",10,5,8,18,1,1,0,3,0,5,3,4,1,1,0,7,11,1,1,0,1,0,78,-126,"Essendon","2023",23
13,"Cox, Nik",4,2,5,9,0,0,0,1,0,0,0,2,1,1,0,4,5,0,1,1,0,0,83,-126,"Essendon","2023",23
2,"Draper, Sam",3,1,4,7,0,1,15,5,0,1,1,3,0,0,0,3,4,0,0,1,0,0,62,-126,"Essendon","2023",23
22,"Durham, Sam",6,3,4,10,0,0,0,3,3,1,1,1,0,1,0,1,9,0,0,0,0,0,81,-126,"Essendon","2023",23
0,"Guelfi, Matt",1,1,0,1,0,0,0,2,0,0,0,0,0,0,0,0,1,0,0,0,0,0,22,-126,"Essendon","2023",23
21,"Heppell, Dyson",7,4,7,14,0,0,0,2,5,2,0,2,1,0,0,4,9,0,1,2,0,0,82,-126,"Essendon","2023",23
19,"Hind, Nick",21,2,7,28,0,0,0,2,6,2,0,4,0,0,0,2,21,0,0,0,0,0,80,-126,"Essendon","2023",23
8,"Hobbs, Ben",10,5,9,19,0,0,0,7,1,6,5,4,2,1,0,6,11,0,0,0,1,1,80,-126,"Essendon","2023",23
29,"Kelly, Jake",4,2,6,10,0,0,0,1,2,2,1,3,0,1,0,6,6,0,0,5,0,0,93,-126,"Essendon","2023",23
4,"Langford, Kyle",7,5,2,9,2,0,0,0,2,0,0,2,0,0,0,1,6,0,3,2,0,0,97,-126,"Essendon","2023",23
15,"Laverde, Jayden",4,2,3,7,0,0,0,2,2,0,0,4,0,2,0,3,4,0,0,2,0,0,96,-126,"Essendon","2023",23
37,"Martin, Nic",7,0,8,15,0,0,0,0,3,1,1,5,1,2,0,5,10,0,0,1,0,0,80,-126,"Essendon","2023",23
1,"McGrath, Andrew",14,2,18,32,0,0,0,4,8,2,2,2,0,0,0,9,20,0,0,0,0,1,81,-126,"Essendon","2023",23
47,"Menzie, Jye",3,1,4,7,1,1,0,2,0,2,0,1,0,0,0,3,4,0,0,0,0,0,85,-126,"Essendon","2023",23
7,"Merrett, Zach",8,3,19,27,0,1,0,5,2,3,7,1,2,0,0,10,18,0,0,2,0,0,85,-126,"Essendon","2023",23
3,"Parish, Darcy",11,2,14,25,0,0,0,7,2,4,5,3,1,0,0,7,18,0,0,0,0,0,80,-126,"Essendon","2023",23
16,"Perkins, Archie",7,5,9,16,0,0,0,3,0,4,0,8,1,4,0,5,13,0,0,0,0,0,81,-126,"Essendon","2023",23
34,"Phillips, Andrew",6,4,5,11,1,0,13,5,0,1,3,3,1,1,0,10,3,2,1,6,0,0,70,-126,"Essendon","2023",23
27,"Redman, Mason",10,2,5,15,0,0,0,1,3,1,1,5,0,1,0,5,6,1,0,3,0,0,78,-126,"Essendon","2023",23
0,"Stringer, Jake",5,3,6,11,0,1,0,1,2,2,0,2,0,2,0,5,6,0,0,1,0,1,57,-126,"Essendon","2023",23
5,"Tsatas, Elijah",5,2,4,9,0,1,0,4,1,1,2,1,0,1,0,4,6,0,0,1,0,0,65,-126,"Essendon","2023",23
20,"Wright, Peter",1,1,4,5,0,0,0,0,0,1,0,1,0,1,0,2,2,0,0,1,0,1,90,-126,"Essendon","2023",23
30,"Zerk-Thatcher, Brandon",5,3,4,9,0,0,0,2,2,0,0,2,0,1,0,4,6,1,0,8,0,0,95,-126,"Essendon","2023",23
