"Number","Player","Kicks","Marks","Handballs","Disposals","Goals","Behinds","Hitouts","Tackles","Rebounds50s","Inside50s","Clearances","Clangers","FreesFor","FreesAgainst","BrownlowVotes","ContestedPossessions","UncontestedPossessions","ContestedMarks","MarksInside50","OnePercenters","Bounces","GoalAssists","PercentagePlayed","PointDifference","Team","Season","Round"
31,"Andrews, Harris",12,7,3,15,0,0,0,3,7,1,1,1,1,0,0,5,8,0,0,11,0,0,98,33,"Brisbane Lions","2023",4
8,"Ashcroft, Will",12,2,14,26,0,0,0,2,1,6,5,4,1,1,2,11,13,0,0,0,0,0,79,33,"Brisbane Lions","2023",4
33,"Bailey, Zac",12,2,6,18,0,1,0,2,2,5,1,7,1,4,0,6,14,0,0,2,0,3,80,33,"Brisbane Lions","2023",4
7,"Berry, Jarrod",16,7,5,21,1,1,0,0,4,5,0,2,0,0,0,2,19,0,1,2,0,0,84,33,"Brisbane Lions","2023",4
23,"Cameron, Charlie",13,6,1,14,6,1,0,4,0,4,1,4,1,2,3,3,10,0,4,1,0,0,84,33,"Brisbane Lions","2023",4
18,"Coleman, Keidean",12,4,4,16,0,0,0,2,2,5,2,3,0,1,0,3,11,0,0,1,0,0,76,33,"Brisbane Lions","2023",4
3,"Daniher, Joe",14,6,6,20,2,0,4,1,0,6,2,2,2,1,0,9,8,2,2,3,0,0,81,33,"Brisbane Lions","2023",4
5,"Dunkley, Josh",12,6,13,25,0,0,0,1,1,0,7,5,0,1,0,14,12,1,0,2,0,0,80,33,"Brisbane Lions","2023",4
0,"Gunston, Jack",5,4,1,6,0,0,0,1,1,1,0,1,0,1,0,2,4,0,0,1,0,1,75,33,"Brisbane Lions","2023",4
30,"Hipwood, Eric",7,5,1,8,2,1,0,1,0,1,0,4,0,1,0,1,7,0,4,1,0,2,76,33,"Brisbane Lions","2023",4
41,"Joyce, Darragh",5,4,1,6,0,0,0,0,3,0,0,2,0,1,0,1,4,0,0,2,0,0,90,33,"Brisbane Lions","2023",4
11,"McCarthy, Lincoln",6,2,5,11,0,1,0,3,0,0,2,4,1,2,0,4,8,1,0,2,0,0,80,33,"Brisbane Lions","2023",4
6,"McCluggage, Hugh",9,4,13,22,0,0,0,4,0,6,4,5,0,1,0,10,11,0,0,0,0,1,88,33,"Brisbane Lions","2023",4
46,"McInerney, Oscar",7,1,11,18,0,0,43,1,0,5,11,4,5,1,0,16,1,0,0,1,0,0,82,33,"Brisbane Lions","2023",4
26,"McKenna, Conor",14,3,5,19,0,0,0,5,4,0,0,1,0,0,0,4,9,1,0,2,0,1,73,33,"Brisbane Lions","2023",4
9,"Neale, Lachie",6,3,16,22,0,1,0,4,1,1,7,2,3,1,1,15,9,0,0,2,0,0,84,33,"Brisbane Lions","2023",4
40,"Payne, Jack",5,4,2,7,0,0,0,2,3,0,0,1,0,1,0,1,6,0,0,3,0,0,91,33,"Brisbane Lions","2023",4
20,"Prior, Jaxon",11,4,1,12,1,0,0,2,4,1,3,3,1,0,0,2,7,0,0,2,0,0,83,33,"Brisbane Lions","2023",4
16,"Rayner, Cam",11,5,6,17,4,1,0,3,0,4,0,3,2,0,0,7,9,2,3,0,0,3,81,33,"Brisbane Lions","2023",4
0,"Robertson, Deven",1,0,0,1,0,0,0,0,0,1,0,1,0,0,0,0,1,0,0,0,0,0,9,33,"Brisbane Lions","2023",4
37,"Starcevich, Brandon",8,2,8,16,0,0,0,1,6,0,0,4,0,1,0,7,6,0,0,1,0,0,89,33,"Brisbane Lions","2023",4
44,"Wilmot, Darcy",6,1,2,8,1,0,0,1,1,0,0,4,1,0,0,7,3,0,1,3,0,0,64,33,"Brisbane Lions","2023",4
15,"Zorko, Dayne",11,5,5,16,1,0,0,0,4,2,0,4,0,2,0,7,10,0,1,4,0,1,74,33,"Brisbane Lions","2023",4
13,"Adams, Taylor",10,1,7,17,1,1,0,4,0,2,3,2,1,0,0,6,11,0,0,1,0,2,72,-33,"Collingwood","2023",4
25,"Crisp, Jack",9,5,6,15,1,0,0,3,0,3,0,4,0,0,0,6,10,1,0,2,0,0,72,-33,"Collingwood","2023",4
7,"Daicos, Josh",10,4,13,23,0,0,0,2,1,4,2,1,0,0,0,4,19,0,0,1,0,0,84,-33,"Collingwood","2023",4
35,"Daicos, Nick",18,4,20,38,2,2,0,2,3,4,5,3,1,1,0,16,20,0,2,0,0,0,86,-33,"Collingwood","2023",4
2,"de Goey, Jordan",11,2,10,21,1,1,0,3,0,6,6,2,2,1,0,13,10,0,1,4,0,0,86,-33,"Collingwood","2023",4
5,"Elliott, Jamie",7,4,6,13,0,3,0,3,0,2,0,3,1,0,0,8,7,0,2,3,0,0,89,-33,"Collingwood","2023",4
17,"Frampton, Billy",4,3,4,8,0,0,6,1,1,0,0,1,0,1,0,5,4,1,0,6,0,0,94,-33,"Collingwood","2023",4
23,"Hill, Bobby",8,6,2,10,2,1,0,3,0,3,2,3,1,1,0,5,6,0,1,0,6,0,77,-33,"Collingwood","2023",4
32,"Hoskin-Elliott, Will",9,6,6,15,0,0,0,5,1,1,0,1,0,0,0,3,11,0,0,0,1,0,76,-33,"Collingwood","2023",4
40,"Johnson, Ash",7,6,5,12,1,1,2,4,0,3,1,1,1,1,0,7,5,4,1,2,0,0,74,-33,"Collingwood","2023",4
0,"Markov, Oleg",3,2,6,9,0,1,0,5,2,1,0,2,0,0,0,2,8,0,0,1,0,0,41,-33,"Collingwood","2023",4
4,"Maynard, Brayden",16,3,9,25,0,0,0,2,7,2,1,5,1,3,0,6,18,0,0,2,1,1,83,-33,"Collingwood","2023",4
31,"McCreery, Beau",4,3,8,12,0,1,0,3,0,3,1,5,0,1,0,1,11,0,1,0,0,1,83,-33,"Collingwood","2023",4
0,"McInnes, Reef",1,1,1,2,0,0,0,1,0,1,0,2,0,0,0,1,1,0,0,1,0,0,42,-33,"Collingwood","2023",4
11,"McStay, Daniel",4,1,6,10,0,0,15,5,0,2,6,4,0,2,0,7,3,0,0,1,0,0,81,-33,"Collingwood","2023",4
41,"Mihocek, Brody",10,4,3,13,3,1,0,0,0,3,0,3,0,1,0,8,4,2,2,1,0,0,98,-33,"Collingwood","2023",4
6,"Mitchell, Tom",7,3,13,20,0,0,0,2,1,2,2,3,2,1,0,5,16,0,0,1,0,0,72,-33,"Collingwood","2023",4
30,"Moore, Darcy",8,4,5,13,0,0,0,1,2,1,0,2,1,1,0,5,6,2,0,7,0,0,97,-33,"Collingwood","2023",4
28,"Murphy, Nathan",11,6,3,14,0,0,0,3,5,3,1,3,4,0,0,4,10,0,0,3,0,0,75,-33,"Collingwood","2023",4
9,"Noble, John",16,4,3,19,0,1,0,2,7,3,0,0,4,0,0,5,13,0,0,3,0,1,82,-33,"Collingwood","2023",4
10,"Pendlebury, Scott",11,5,15,26,0,0,0,4,1,6,5,3,1,2,0,7,17,0,0,2,0,0,73,-33,"Collingwood","2023",4
3,"Quaynor, Isaac",8,6,12,20,0,0,0,2,3,0,2,2,1,0,0,8,13,0,0,5,0,0,77,-33,"Collingwood","2023",4
22,"Sidebottom, Steele",5,3,7,12,0,1,0,5,1,2,0,2,1,1,0,4,9,0,0,1,0,0,84,-33,"Collingwood","2023",4
