"Number","Player","Kicks","Marks","Handballs","Disposals","Goals","Behinds","Hitouts","Tackles","Rebounds50s","Inside50s","Clearances","Clangers","FreesFor","FreesAgainst","BrownlowVotes","ContestedPossessions","UncontestedPossessions","ContestedMarks","MarksInside50","OnePercenters","Bounces","GoalAssists","PercentagePlayed","PointDifference","Team","Season","Round"
26,"Battle, Josh",10,7,6,16,0,0,0,1,5,2,1,4,1,1,0,4,12,1,0,5,0,0,91,8,"St Kilda","2023",19
0,"Billings, Jack",7,2,5,12,0,2,0,2,1,3,1,2,1,0,0,3,9,0,1,2,0,1,66,8,"St Kilda","2023",19
16,"Butler, Dan",6,0,2,8,0,0,0,2,0,2,1,3,0,1,0,4,4,0,0,0,0,0,77,8,"St Kilda","2023",19
23,"Bytel, Jack",7,5,5,12,0,0,0,0,0,1,2,3,0,1,0,3,9,0,0,0,0,0,66,8,"St Kilda","2023",19
47,"Caminiti, Anthony",7,3,6,13,1,1,2,6,0,2,2,2,1,0,0,8,5,1,1,0,0,0,96,8,"St Kilda","2023",19
11,"Clark, Hunter",9,3,5,14,0,0,0,2,0,4,2,5,1,2,0,6,8,0,0,0,0,0,60,8,"St Kilda","2023",19
5,"Crouch, Brad",9,3,17,26,0,1,0,8,0,5,6,6,0,2,0,9,17,0,1,2,0,1,80,8,"St Kilda","2023",19
4,"Gresham, Jade",2,0,9,11,0,0,0,5,0,1,2,2,1,1,0,6,5,0,0,1,0,0,71,8,"St Kilda","2023",19
22,"Higgins, Jack",8,1,5,13,2,2,0,3,0,1,0,1,3,0,0,7,7,0,0,1,0,0,70,8,"St Kilda","2023",19
0,"Hill, Bradley",3,2,1,4,0,0,0,1,1,1,0,0,0,0,0,0,3,0,0,1,0,0,6,8,"St Kilda","2023",19
20,"Howard, Dougal",4,4,3,7,0,0,0,2,1,0,0,1,0,1,0,1,6,0,0,6,0,0,100,8,"St Kilda","2023",19
3,"Jones, Zak",11,3,6,17,0,2,0,5,1,2,3,3,1,1,0,2,15,0,0,0,0,0,75,8,"St Kilda","2023",19
19,"Marshall, Rowan",12,6,7,19,1,1,22,6,0,2,3,1,2,0,1,10,9,3,2,2,0,0,90,8,"St Kilda","2023",19
10,"Owens, Mitch",9,6,8,17,2,1,1,2,2,1,2,3,2,1,0,7,9,0,2,2,0,1,89,8,"St Kilda","2023",19
25,"Phillipou, Mattaes",9,2,6,15,0,0,0,5,1,3,2,2,2,0,0,9,6,0,0,0,0,0,77,8,"St Kilda","2023",19
43,"Sharman, Cooper",7,4,6,13,1,0,0,2,0,1,1,2,1,0,0,5,8,1,1,2,0,0,82,8,"St Kilda","2023",19
35,"Sinclair, Jack",21,6,8,29,1,0,0,2,6,3,3,3,1,0,0,11,16,0,1,1,0,1,78,8,"St Kilda","2023",19
9,"Steele, Jack",18,9,15,33,1,0,0,4,5,6,7,3,3,1,2,17,18,0,2,3,0,1,87,8,"St Kilda","2023",19
7,"Wanganeen-Milera, Nasiah",16,6,7,23,0,0,0,3,4,3,1,1,0,1,0,3,17,0,0,0,3,0,83,8,"St Kilda","2023",19
29,"Webster, Jimmy",9,4,8,17,0,0,0,4,1,2,1,0,1,0,0,8,10,0,0,3,0,0,78,8,"St Kilda","2023",19
44,"Wilkie, Callum",11,6,10,21,0,0,0,5,3,0,0,3,0,1,0,6,14,0,0,6,0,0,100,8,"St Kilda","2023",19
17,"Windhager, Marcus",17,9,13,30,0,1,0,2,2,2,0,3,1,0,0,8,21,0,0,1,0,0,87,8,"St Kilda","2023",19
32,"Wood, Mason",16,9,9,25,0,1,0,3,1,3,2,4,2,2,0,10,15,1,2,5,0,1,93,8,"St Kilda","2023",19
34,"Archer, Jackson",5,3,3,8,0,0,0,1,1,0,0,3,1,2,0,4,5,1,0,0,0,0,68,-8,"North Melbourne","2023",19
4,"Corr, Aidan",15,8,6,21,0,0,0,0,7,1,0,3,0,1,0,4,13,1,0,4,1,0,96,-8,"North Melbourne","2023",19
25,"Curtis, Paul",5,2,2,7,0,1,0,5,0,2,0,3,1,2,0,4,4,1,0,1,0,1,84,-8,"North Melbourne","2023",19
9,"Davies-Uniacke, Luke",16,2,17,33,0,2,0,4,1,9,12,3,1,1,3,23,10,0,0,0,1,1,77,-8,"North Melbourne","2023",19
40,"Ford, Eddie",7,3,3,10,1,1,0,5,0,1,0,4,0,3,0,6,4,1,1,0,0,1,82,-8,"North Melbourne","2023",19
31,"Goater, Josh",9,7,6,15,0,0,0,2,3,1,1,2,0,0,0,4,12,0,0,1,1,0,81,-8,"North Melbourne","2023",19
22,"Goldstein, Todd",4,4,10,14,0,0,32,4,1,0,2,0,0,0,0,9,5,3,1,3,0,1,81,-8,"North Melbourne","2023",19
37,"Harvey, Cooper",2,1,3,5,0,0,0,2,0,0,0,1,0,0,0,1,4,0,0,0,0,0,70,-8,"North Melbourne","2023",19
15,"Howe, Daniel",9,4,4,13,0,0,0,2,1,2,3,3,2,0,0,7,6,1,0,1,0,0,82,-8,"North Melbourne","2023",19
20,"Larkey, Nick",5,3,0,5,3,0,0,2,0,2,0,1,2,1,0,2,3,1,2,0,0,0,94,-8,"North Melbourne","2023",19
11,"McDonald, Luke",10,8,4,14,0,0,0,7,3,1,1,1,0,1,0,4,10,1,0,4,0,0,92,-8,"North Melbourne","2023",19
23,"McKay, Ben",12,9,6,18,0,0,0,2,2,0,1,4,1,3,0,8,11,2,0,6,0,0,95,-8,"North Melbourne","2023",19
29,"Phillips, Will",8,1,12,20,0,0,0,11,2,4,2,3,2,1,0,7,13,0,0,2,0,0,77,-8,"North Melbourne","2023",19
8,"Scott, Bailey",9,4,3,12,0,1,0,3,0,1,2,5,0,1,0,4,8,0,1,1,0,0,91,-8,"North Melbourne","2023",19
3,"Sheezel, Harry",21,7,7,28,0,0,0,5,9,5,2,1,1,1,0,3,17,0,0,1,0,1,84,-8,"North Melbourne","2023",19
0,"Shiels, Liam",10,8,6,16,0,1,0,7,1,3,1,2,1,1,0,4,11,0,0,2,0,0,50,-8,"North Melbourne","2023",19
2,"Stephenson, Jaidyn",2,1,6,8,0,0,1,6,1,2,0,1,1,1,0,3,7,0,0,1,0,1,74,-8,"North Melbourne","2023",19
5,"Taylor, Curtis",7,3,3,10,0,0,0,2,0,2,0,0,0,0,0,4,6,1,0,2,0,2,77,-8,"North Melbourne","2023",19
26,"Thomas, Tarryn",7,4,7,14,3,0,0,7,0,3,3,3,0,2,0,8,6,1,1,0,1,0,81,-8,"North Melbourne","2023",19
13,"Tucker, Darcy",11,8,10,21,0,0,0,4,5,1,0,4,0,2,0,5,17,0,0,0,2,0,75,-8,"North Melbourne","2023",19
38,"Xerri, Tristan",6,2,7,13,1,0,30,3,0,2,2,3,2,1,0,7,7,0,1,4,0,0,82,-8,"North Melbourne","2023",19
17,"Young, Lachie",6,3,3,9,0,0,0,3,1,3,0,1,1,0,0,3,5,0,0,2,0,0,84,-8,"North Melbourne","2023",19
0,"Ziebell, Jack",2,1,2,4,1,1,0,1,0,0,1,0,0,0,0,1,2,0,1,0,0,0,25,-8,"North Melbourne","2023",19
