"Number","Player","Kicks","Marks","Handballs","Disposals","Goals","Behinds","Hitouts","Tackles","Rebounds50s","Inside50s","Clearances","Clangers","FreesFor","FreesAgainst","BrownlowVotes","ContestedPossessions","UncontestedPossessions","ContestedMarks","MarksInside50","OnePercenters","Bounces","GoalAssists","PercentagePlayed","PointDifference","Team","Season","Round"
13,"Acres, Blake",14,8,15,29,0,0,0,2,3,2,5,7,2,1,0,12,19,0,1,1,0,1,76,-26,"Carlton","2023",8
5,"Cerra, Adam",18,4,15,33,1,0,0,7,2,7,7,4,3,1,0,13,20,0,0,3,0,0,77,-26,"Carlton","2023",8
39,"Cincotta, Alex",11,6,9,20,0,1,0,1,1,4,2,1,1,0,0,5,15,0,0,1,0,0,79,-26,"Carlton","2023",8
9,"Cripps, Patrick",7,2,10,17,0,0,0,6,0,2,3,2,2,1,0,11,8,1,0,1,0,1,82,-26,"Carlton","2023",8
30,"Curnow, Charlie",6,6,4,10,1,2,2,3,0,2,0,1,0,1,0,6,6,1,2,2,0,1,97,-26,"Carlton","2023",8
35,"Curnow, Ed",11,3,6,17,1,0,0,1,2,3,0,3,1,1,0,7,11,0,0,1,0,1,84,-26,"Carlton","2023",8
15,"Docherty, Sam",18,7,11,29,1,0,0,7,4,1,1,4,1,1,0,7,22,0,0,2,0,0,83,-26,"Carlton","2023",8
19,"Durdin, Corey",5,2,3,8,2,0,0,3,1,2,0,1,0,1,0,3,5,0,1,0,0,0,79,-26,"Carlton","2023",8
29,"Hewett, George",9,6,17,26,0,0,0,5,1,1,2,5,0,3,0,11,16,1,0,0,0,0,75,-26,"Carlton","2023",8
14,"Hollands, Oliver",13,6,8,21,1,0,0,2,0,2,3,4,2,1,0,3,20,0,1,0,0,0,76,-26,"Carlton","2023",8
36,"Honey, Josh",5,2,3,8,0,2,0,3,0,0,0,1,0,1,0,3,5,0,1,1,0,0,68,-26,"Carlton","2023",8
17,"Kemp, Brodie",9,3,5,14,0,0,0,0,3,0,0,3,0,0,0,6,8,1,0,5,0,0,91,-26,"Carlton","2023",8
0,"Kennedy, Matthew",9,4,4,13,1,0,0,2,0,5,3,1,0,0,0,6,7,1,0,0,0,1,26,-26,"Carlton","2023",8
11,"McGovern, Mitch",12,9,8,20,0,0,0,1,3,3,0,3,1,0,0,6,12,2,0,2,0,0,76,-26,"Carlton","2023",8
10,"McKay, Harry",6,5,0,6,1,0,1,1,0,1,0,1,1,1,0,2,4,1,2,2,0,0,83,-26,"Carlton","2023",8
3,"Motlop, Jesse",4,0,1,5,2,0,0,7,0,2,0,2,0,2,0,0,5,0,0,0,0,0,74,-26,"Carlton","2023",8
24,"Newman, Nic",14,6,5,19,0,0,0,3,4,0,0,4,0,2,0,3,13,0,0,0,0,0,88,-26,"Carlton","2023",8
27,"Pittonet, Marc",7,3,5,12,0,0,48,2,0,1,3,4,0,3,0,6,7,2,0,2,0,1,87,-26,"Carlton","2023",8
42,"Saad, Adam",14,3,9,23,0,0,0,2,4,1,2,3,1,0,0,7,14,0,0,1,4,0,83,-26,"Carlton","2023",8
1,"Silvagni, Jack",8,5,5,13,0,0,1,5,1,5,2,4,0,2,0,8,8,2,0,5,0,2,78,-26,"Carlton","2023",8
18,"Walsh, Sam",11,3,17,28,0,0,0,8,1,3,9,6,1,0,0,19,11,0,0,2,0,1,84,-26,"Carlton","2023",8
23,"Weitering, Jacob",9,4,3,12,0,0,0,0,1,0,0,2,3,0,0,7,7,0,0,10,0,0,96,-26,"Carlton","2023",8
0,"Young, Lewis",6,3,6,12,0,0,2,0,0,0,0,4,2,1,0,4,10,1,0,10,0,0,59,-26,"Carlton","2023",8
31,"Andrews, Harris",11,6,2,13,0,0,0,4,2,0,1,2,1,1,0,4,9,1,0,14,0,0,98,26,"Brisbane Lions","2023",8
43,"Answerth, Noah",11,6,5,16,0,0,0,4,2,4,0,1,2,1,0,7,9,0,0,1,0,0,69,26,"Brisbane Lions","2023",8
8,"Ashcroft, Will",6,4,7,13,0,0,0,4,3,0,2,2,1,0,0,2,11,0,0,0,0,0,73,26,"Brisbane Lions","2023",8
33,"Bailey, Zac",8,3,4,12,4,0,0,4,1,1,3,3,0,1,2,5,9,0,2,1,0,0,80,26,"Brisbane Lions","2023",8
7,"Berry, Jarrod",17,9,12,29,0,0,0,3,5,3,1,2,0,0,0,6,23,0,1,0,0,1,77,26,"Brisbane Lions","2023",8
23,"Cameron, Charlie",8,1,4,12,4,1,0,6,0,1,1,2,1,0,1,10,3,1,1,1,0,2,87,26,"Brisbane Lions","2023",8
0,"Coleman, Keidean",11,4,3,14,0,0,0,4,1,2,2,2,1,1,0,4,7,1,0,2,0,0,62,26,"Brisbane Lions","2023",8
3,"Daniher, Joe",10,6,5,15,2,1,2,1,1,5,1,3,0,1,0,4,12,0,2,3,0,1,88,26,"Brisbane Lions","2023",8
5,"Dunkley, Josh",22,11,11,33,0,1,0,13,4,3,6,8,4,2,3,14,19,1,2,2,0,0,86,26,"Brisbane Lions","2023",8
19,"Gunston, Jack",11,5,4,15,2,1,0,1,1,1,0,5,0,2,0,5,10,0,2,2,0,1,79,26,"Brisbane Lions","2023",8
30,"Hipwood, Eric",9,4,5,14,1,0,0,4,0,5,0,4,3,2,0,8,7,1,1,1,0,2,91,26,"Brisbane Lions","2023",8
35,"Lester, Ryan",9,7,0,9,0,1,0,1,0,1,0,0,0,0,0,1,7,1,0,5,0,0,82,26,"Brisbane Lions","2023",8
0,"Lyons, Jarryd",1,0,1,2,0,0,0,2,0,0,0,0,0,0,0,0,2,0,0,0,0,1,18,26,"Brisbane Lions","2023",8
11,"McCarthy, Lincoln",4,0,4,8,1,0,0,2,0,1,0,7,0,2,0,5,3,0,0,2,0,0,76,26,"Brisbane Lions","2023",8
6,"McCluggage, Hugh",15,3,12,27,0,0,0,4,3,3,6,4,1,1,0,10,17,0,1,0,0,1,77,26,"Brisbane Lions","2023",8
46,"McInerney, Oscar",11,0,5,16,0,0,29,2,1,4,10,2,5,0,0,14,3,0,0,6,0,0,82,26,"Brisbane Lions","2023",8
26,"McKenna, Conor",12,5,2,14,0,0,0,0,1,1,1,1,0,0,0,1,9,0,0,1,0,0,82,26,"Brisbane Lions","2023",8
9,"Neale, Lachie",9,2,11,20,0,1,0,3,0,2,6,2,2,1,0,9,10,0,0,0,0,0,84,26,"Brisbane Lions","2023",8
40,"Payne, Jack",12,9,1,13,0,0,0,2,8,0,0,0,1,0,0,5,7,3,0,8,0,0,95,26,"Brisbane Lions","2023",8
16,"Rayner, Cam",6,1,3,9,0,0,0,5,1,3,0,5,1,2,0,3,5,0,0,0,0,0,72,26,"Brisbane Lions","2023",8
22,"Sharp, Harry",11,3,2,13,1,0,0,3,1,4,2,7,1,3,0,7,8,0,0,0,0,0,78,26,"Brisbane Lions","2023",8
37,"Starcevich, Brandon",12,7,1,13,0,0,0,0,1,1,0,1,0,1,0,1,10,0,0,3,0,1,86,26,"Brisbane Lions","2023",8
44,"Wilmot, Darcy",3,1,5,8,0,0,0,3,0,2,1,0,0,0,0,5,3,0,0,2,0,0,76,26,"Brisbane Lions","2023",8
