"Number","Player","Kicks","Marks","Handballs","Disposals","Goals","Behinds","Hitouts","Tackles","Rebounds50s","Inside50s","Clearances","Clangers","FreesFor","FreesAgainst","BrownlowVotes","ContestedPossessions","UncontestedPossessions","ContestedMarks","MarksInside50","OnePercenters","Bounces","GoalAssists","PercentagePlayed","PointDifference","Team","Season","Round"
36,"Amartey, Joel",2,2,3,5,0,0,9,2,1,0,0,3,0,2,0,4,2,0,0,1,0,0,73,-2,"Sydney","2023",4
22,"Blakey, Nick",12,3,7,19,1,0,0,0,4,2,0,1,2,1,2,5,12,0,0,4,3,0,80,-2,"Sydney","2023",4
16,"Campbell, Braeden",11,4,5,16,0,0,0,3,2,1,2,2,2,1,0,5,11,0,0,0,0,0,82,-2,"Sydney","2023",4
7,"Cunningham, Harry",1,1,2,3,0,0,0,4,1,0,0,0,2,0,0,4,2,0,0,0,0,0,81,-2,"Sydney","2023",4
13,"Florent, Oliver",24,6,9,33,1,0,0,2,6,8,0,3,0,0,0,8,20,0,1,0,0,0,90,-2,"Sydney","2023",4
0,"Fox, Robbie",3,2,13,16,0,0,0,1,1,0,0,2,1,0,0,5,10,0,0,5,0,0,80,-2,"Sydney","2023",4
23,"Franklin, Lance",4,1,4,8,0,1,0,0,0,0,0,5,2,4,0,3,6,0,1,0,0,0,92,-2,"Sydney","2023",4
21,"Gulden, Errol",13,4,7,20,0,0,0,7,1,8,3,1,2,0,0,8,12,0,0,2,0,2,88,-2,"Sydney","2023",4
9,"Hayward, Will",8,5,1,9,0,2,0,4,2,3,0,1,0,0,0,2,7,1,1,1,0,0,83,-2,"Sydney","2023",4
5,"Heeney, Isaac",10,7,5,15,1,2,0,3,0,1,2,3,1,0,0,8,7,2,2,1,0,0,86,-2,"Sydney","2023",4
19,"Ladhams, Peter",8,2,8,16,1,0,25,2,1,5,7,4,5,2,0,13,5,0,0,4,0,0,80,-2,"Sydney","2023",4
44,"Lloyd, Jake",18,9,6,24,0,0,0,1,6,6,0,0,1,0,0,6,14,2,0,3,0,0,86,-2,"Sydney","2023",4
39,"McCartin, Paddy",0,0,0,0,0,0,0,1,0,0,0,0,0,0,0,0,0,0,0,1,0,0,3,-2,"Sydney","2023",4
0,"McCartin, Tom",3,1,2,5,0,0,0,0,0,0,0,2,0,2,0,0,5,0,0,2,0,0,33,-2,"Sydney","2023",4
6,"McDonald, Logan",4,1,3,7,2,0,0,3,0,1,0,1,2,1,0,4,2,1,1,3,0,0,80,-2,"Sydney","2023",4
27,"McInerney, Justin",7,4,7,14,0,0,0,2,2,3,0,1,0,0,0,1,12,0,0,1,0,0,75,-2,"Sydney","2023",4
14,"Mills, Callum",12,4,9,21,0,0,0,3,1,5,2,2,0,1,0,8,13,1,0,1,0,1,90,-2,"Sydney","2023",4
11,"Papley, Tom",11,3,3,14,1,3,0,4,0,4,1,6,3,2,0,10,6,1,3,0,0,1,87,-2,"Sydney","2023",4
26,"Parker, Luke",11,6,11,22,0,1,0,4,0,3,4,3,3,2,0,10,11,1,0,1,0,2,87,-2,"Sydney","2023",4
24,"Rampe, Dane",11,3,8,19,0,0,0,4,5,1,1,2,1,2,0,6,10,0,0,11,0,0,96,-2,"Sydney","2023",4
8,"Rowbottom, James",8,1,4,12,0,0,0,13,0,4,2,2,4,2,0,7,4,0,0,0,0,0,82,-2,"Sydney","2023",4
3,"Stephens, Dylan",9,3,9,18,0,0,0,0,1,3,3,1,1,0,0,3,14,0,0,1,0,0,85,-2,"Sydney","2023",4
1,"Warner, Chad",16,1,14,30,2,1,0,5,2,9,9,6,0,1,3,19,11,0,0,1,4,0,81,-2,"Sydney","2023",4
21,"Aliir, Aliir",11,5,5,16,0,0,0,1,6,1,0,1,4,1,0,9,7,1,0,8,0,0,96,2,"Port Adelaide","2023",4
14,"Bergman, Miles",10,5,3,13,0,0,0,2,7,1,2,4,1,1,0,3,9,0,0,0,1,0,78,2,"Port Adelaide","2023",4
10,"Boak, Travis",11,4,8,19,0,0,0,2,2,3,1,3,1,0,0,2,17,0,0,0,0,0,82,2,"Port Adelaide","2023",4
9,"Butters, Zak",14,2,13,27,1,0,0,2,3,5,3,4,1,2,0,10,17,0,0,1,2,0,79,2,"Port Adelaide","2023",4
0,"Byrne-Jones, Darcy",5,0,0,5,0,1,0,0,0,2,0,0,0,0,0,2,2,0,0,0,0,2,15,2,"Port Adelaide","2023",4
22,"Dixon, Charlie",3,3,12,15,0,0,8,5,1,1,2,3,0,2,0,18,1,3,0,3,0,1,96,2,"Port Adelaide","2023",4
28,"Drew, Willem",6,1,6,12,0,0,0,4,0,6,2,3,1,1,0,6,7,0,0,2,0,0,69,2,"Port Adelaide","2023",4
7,"Duursma, Xavier",13,6,9,22,0,0,0,4,2,1,1,3,1,2,0,11,12,2,0,2,1,1,77,2,"Port Adelaide","2023",4
6,"Farrell, Kane",15,5,3,18,0,0,0,0,10,0,3,2,0,2,0,4,10,1,0,1,2,0,81,2,"Port Adelaide","2023",4
11,"Finlayson, Jeremy",14,8,4,18,3,1,2,2,1,3,2,2,2,1,0,10,7,3,1,2,1,0,80,2,"Port Adelaide","2023",4
18,"Horne-Francis, Jason",8,1,10,18,1,1,0,3,1,3,6,1,3,0,1,11,7,1,1,1,0,0,68,2,"Port Adelaide","2023",4
5,"Houston, Dan",11,1,5,16,0,0,0,5,4,1,2,3,1,1,0,7,10,0,0,0,1,0,83,2,"Port Adelaide","2023",4
1,"Jonas, Tom",4,3,5,9,0,0,0,0,2,0,0,2,0,1,0,3,6,0,0,6,0,0,95,2,"Port Adelaide","2023",4
29,"Lycett, Scott",6,3,8,14,0,0,17,5,1,1,8,6,1,4,0,10,7,0,1,3,0,0,66,2,"Port Adelaide","2023",4
4,"Marshall, Todd",5,2,3,8,1,0,0,6,0,0,0,1,4,0,0,7,3,0,0,4,0,0,94,2,"Port Adelaide","2023",4
41,"McEntee, Jed",6,3,5,11,1,1,0,3,0,2,0,4,0,3,0,3,7,0,3,1,0,0,83,2,"Port Adelaide","2023",4
12,"McKenzie, Trent",8,5,3,11,0,0,0,1,2,3,0,2,0,2,0,3,7,1,0,6,0,0,92,2,"Port Adelaide","2023",4
44,"Mead, Jackson",5,2,4,9,0,1,0,4,0,4,1,2,0,1,0,3,6,1,1,1,0,0,74,2,"Port Adelaide","2023",4
2,"Powell-Pepper, Sam",9,4,5,14,1,2,0,3,1,0,2,3,0,0,0,4,10,0,2,1,0,0,87,2,"Port Adelaide","2023",4
0,"Rioli, Willie",5,0,1,6,0,3,0,3,0,1,0,1,0,1,0,3,3,0,0,1,0,0,66,2,"Port Adelaide","2023",4
20,"Rozee, Connor",9,1,11,20,1,0,0,4,0,3,3,5,1,2,0,7,12,0,0,2,0,1,91,2,"Port Adelaide","2023",4
23,"Williams, Dylan",13,2,3,16,0,0,0,1,8,2,0,4,0,2,0,4,9,1,0,1,2,0,75,2,"Port Adelaide","2023",4
16,"Wines, Ollie",6,0,13,19,0,0,0,3,4,2,3,8,1,3,0,8,8,0,0,0,0,0,75,2,"Port Adelaide","2023",4
