"Number","Player","Kicks","Marks","Handballs","Disposals","Goals","Behinds","Hitouts","Tackles","Rebounds50s","Inside50s","Clearances","Clangers","FreesFor","FreesAgainst","BrownlowVotes","ContestedPossessions","UncontestedPossessions","ContestedMarks","MarksInside50","OnePercenters","Bounces","GoalAssists","PercentagePlayed","PointDifference","Team","Season","Round"
26,"Battle, Josh",10,10,5,15,0,0,0,2,6,1,0,2,1,1,0,4,11,3,0,3,0,0,88,53,"St Kilda","2023",4
16,"Butler, Dan",11,3,5,16,1,0,0,5,0,5,1,4,1,1,0,5,11,0,1,0,1,1,86,53,"St Kilda","2023",4
13,"Byrnes, Ryan",15,3,6,21,0,1,0,3,3,4,2,3,1,1,0,7,15,0,1,3,1,0,76,53,"St Kilda","2023",4
0,"Bytel, Jack",2,2,1,3,0,0,0,0,1,0,0,0,0,0,0,1,2,0,0,0,1,0,7,53,"St Kilda","2023",4
47,"Caminiti, Anthony",4,3,5,9,2,1,0,2,0,0,0,2,0,2,0,4,5,2,2,2,0,0,76,53,"St Kilda","2023",4
11,"Clark, Hunter",15,7,12,27,0,0,0,3,1,5,6,4,2,3,0,13,15,0,0,2,0,0,72,53,"St Kilda","2023",4
21,"Cordy, Zaine",3,1,6,9,1,0,8,1,0,1,0,3,0,1,0,7,5,0,0,6,0,2,70,53,"St Kilda","2023",4
5,"Crouch, Brad",13,6,21,34,0,0,0,8,1,2,6,6,0,2,0,13,19,0,0,1,0,1,76,53,"St Kilda","2023",4
4,"Gresham, Jade",7,3,11,18,0,1,0,4,0,4,0,1,0,1,0,6,11,0,1,1,1,3,84,53,"St Kilda","2023",4
22,"Higgins, Jack",14,5,8,22,5,1,0,2,1,2,1,1,2,0,1,9,14,0,4,2,0,1,82,53,"St Kilda","2023",4
8,"Hill, Bradley",16,6,6,22,2,0,0,2,1,4,0,2,1,1,0,3,16,0,0,3,1,0,90,53,"St Kilda","2023",4
20,"Howard, Dougal",12,9,6,18,0,0,0,1,3,0,0,1,1,0,0,6,13,0,0,9,0,0,97,53,"St Kilda","2023",4
0,"Marshall, Rowan",10,6,11,21,0,0,24,3,1,2,7,2,1,0,0,9,11,0,1,3,0,0,71,53,"St Kilda","2023",4
10,"Owens, Mitch",9,5,18,27,2,2,5,5,0,2,0,3,1,1,0,19,8,4,3,3,2,2,90,53,"St Kilda","2023",4
33,"Paton, Ben",6,4,8,14,0,0,0,2,3,1,0,2,1,0,0,3,11,1,0,2,0,0,74,53,"St Kilda","2023",4
25,"Phillipou, Mattaes",7,1,11,18,1,0,0,4,0,4,2,5,1,1,0,10,7,0,1,0,0,0,82,53,"St Kilda","2023",4
6,"Ross, Sebastian",16,2,14,30,1,0,0,2,2,6,5,3,0,1,0,11,19,0,0,0,4,0,78,53,"St Kilda","2023",4
35,"Sinclair, Jack",22,3,9,31,1,0,0,1,4,7,3,6,0,0,3,9,20,0,0,3,2,2,77,53,"St Kilda","2023",4
14,"Stocker, Liam",15,7,11,26,0,0,0,0,2,3,0,3,0,0,0,7,18,2,0,1,0,0,78,53,"St Kilda","2023",4
7,"Wanganeen-Milera, Nasiah",22,8,2,24,0,0,0,3,7,0,0,5,1,0,0,4,12,0,0,0,1,0,87,53,"St Kilda","2023",4
44,"Wilkie, Callum",14,11,10,24,0,0,0,5,4,1,0,5,0,3,2,8,16,3,0,8,0,0,100,53,"St Kilda","2023",4
17,"Windhager, Marcus",9,3,5,14,1,1,0,1,2,4,1,0,1,0,0,2,13,0,1,0,1,0,66,53,"St Kilda","2023",4
32,"Wood, Mason",14,9,10,24,0,0,0,1,1,6,1,1,3,0,0,6,19,1,0,3,0,1,94,53,"St Kilda","2023",4
9,"Ainsworth, Ben",11,8,7,18,1,1,0,4,1,5,0,4,0,0,0,7,12,0,2,0,0,0,89,-53,"Gold Coast","2023",4
15,"Anderson, Noah",25,3,13,38,1,1,0,10,1,7,7,5,2,0,0,17,19,0,0,2,0,1,84,-53,"Gold Coast","2023",4
31,"Andrew, Mac",7,4,5,12,0,0,0,3,3,1,1,2,0,0,0,4,8,1,0,3,0,0,76,-53,"Gold Coast","2023",4
10,"Ballard, Charlie",11,7,2,13,0,0,0,2,3,2,0,4,1,1,0,6,8,2,0,13,0,0,94,-53,"Gold Coast","2023",4
30,"Casboult, Levi",8,3,5,13,1,0,11,2,1,3,2,4,1,1,0,8,5,1,0,5,0,0,83,-53,"Gold Coast","2023",4
25,"Collins, Sam",13,11,4,17,0,0,0,1,2,1,2,0,2,0,0,7,10,1,0,16,0,0,98,-53,"Gold Coast","2023",4
36,"Hollands, Elijah",10,2,5,15,0,0,0,1,3,1,0,7,1,2,0,6,9,0,0,0,0,0,89,-53,"Gold Coast","2023",4
7,"Holman, Nick",7,4,7,14,1,1,0,3,0,2,2,3,0,1,0,5,9,2,1,2,0,1,86,-53,"Gold Coast","2023",4
19,"Humphrey, Bailey",7,1,4,11,0,2,0,3,1,2,1,3,1,0,0,7,5,1,0,0,0,0,65,-53,"Gold Coast","2023",4
0,"Jeffrey, Joel",2,0,3,5,1,1,0,3,0,0,0,0,0,0,0,3,2,0,0,2,0,0,41,-53,"Gold Coast","2023",4
34,"King, Ben",3,0,3,6,1,1,0,0,0,1,0,3,2,2,0,5,1,0,0,0,0,0,87,-53,"Gold Coast","2023",4
22,"Long, Ben",7,2,2,9,0,0,0,2,2,2,1,7,0,3,0,6,5,1,0,0,0,0,79,-53,"Gold Coast","2023",4
13,"Lukosius, Jack",6,3,5,11,0,1,0,0,0,4,0,0,0,0,0,8,5,0,0,4,0,0,74,-53,"Gold Coast","2023",4
44,"Macpherson, Darcy",18,4,7,25,0,0,0,2,3,0,0,7,2,2,0,9,16,1,0,1,0,0,99,-53,"Gold Coast","2023",4
11,"Miller, Touk",17,2,15,32,0,0,0,8,2,5,10,2,1,0,0,16,16,0,0,4,0,1,91,-53,"Gold Coast","2023",4
49,"Moyle, Ned",4,0,1,5,0,0,35,7,2,1,2,1,0,1,0,3,1,0,0,1,0,0,77,-53,"Gold Coast","2023",4
47,"Oea, Hewago",7,0,4,11,0,0,0,4,0,3,3,6,0,1,0,7,5,0,0,1,0,0,70,-53,"Gold Coast","2023",4
27,"Powell, Wil",15,6,4,19,0,1,0,4,8,2,3,2,1,1,0,7,8,2,0,1,0,1,76,-53,"Gold Coast","2023",4
41,"Rosas, Malcolm",4,0,7,11,1,0,0,2,0,2,0,2,0,1,0,4,7,0,0,1,0,0,65,-53,"Gold Coast","2023",4
18,"Rowell, Matt",5,0,7,12,0,0,0,7,2,1,5,2,3,0,0,10,4,0,0,1,0,0,86,-53,"Gold Coast","2023",4
0,"Sexton, Alex",2,1,1,3,1,0,0,1,1,0,0,0,1,0,0,1,2,0,0,0,0,0,33,-53,"Gold Coast","2023",4
24,"Swallow, David",9,2,8,17,0,1,0,5,0,5,5,2,1,1,0,10,9,0,0,3,0,0,71,-53,"Gold Coast","2023",4
14,"Weller, Lachie",24,8,6,30,0,0,0,1,11,1,1,5,0,1,0,7,17,0,0,1,2,0,88,-53,"Gold Coast","2023",4
