"Number","Player","Kicks","Marks","Handballs","Disposals","Goals","Behinds","Hitouts","Tackles","Rebounds50s","Inside50s","Clearances","Clangers","FreesFor","FreesAgainst","BrownlowVotes","ContestedPossessions","UncontestedPossessions","ContestedMarks","MarksInside50","OnePercenters","Bounces","GoalAssists","PercentagePlayed","PointDifference","Team","Season","Round"
30,"Atkins, Tom",6,0,8,14,0,0,0,9,1,2,2,2,2,0,0,7,7,0,0,2,0,0,75,82,"Geelong","2023",4
0,"Bews, Jed",1,0,1,2,0,0,0,1,1,0,0,1,0,0,0,1,0,0,0,1,0,0,37,82,"Geelong","2023",4
46,"Blicavs, Mark",6,2,3,9,0,0,6,2,0,6,0,5,3,3,0,5,6,0,0,2,0,1,78,82,"Geelong","2023",4
12,"Bowes, Jack",14,6,8,22,0,1,0,1,0,4,2,0,1,0,0,7,14,0,0,2,0,0,83,82,"Geelong","2023",4
5,"Cameron, Jeremy",20,9,2,22,7,1,0,0,1,5,1,1,3,0,3,6,15,1,4,1,0,2,94,82,"Geelong","2023",4
45,"Close, Brad",10,6,7,17,2,0,0,0,0,5,1,4,2,2,0,4,14,0,1,2,0,3,82,82,"Geelong","2023",4
35,"Dangerfield, Patrick",17,4,10,27,1,0,0,4,2,6,10,4,2,1,1,12,13,0,1,2,0,2,74,82,"Geelong","2023",4
22,"Duncan, Mitch",21,14,10,31,0,0,0,1,7,3,0,5,1,1,2,6,22,0,0,3,1,0,70,82,"Geelong","2023",4
29,"Guthrie, Cameron",13,5,7,20,0,0,0,11,1,2,5,6,2,1,0,8,11,0,1,1,0,0,67,82,"Geelong","2023",4
39,"Guthrie, Zach",12,8,7,19,0,0,0,3,2,1,0,0,1,0,0,6,12,0,0,2,0,0,88,82,"Geelong","2023",4
26,"Hawkins, Tom",9,10,6,15,2,1,3,1,0,2,1,3,1,1,0,8,9,3,4,1,0,2,84,82,"Geelong","2023",4
0,"Henry, Oliver",6,3,3,9,2,3,0,1,0,1,1,0,1,0,0,4,4,0,2,0,0,0,50,82,"Geelong","2023",4
9,"Holmes, Max",12,4,14,26,1,0,0,5,0,7,4,2,0,1,0,9,16,0,1,3,1,0,71,82,"Geelong","2023",4
8,"Kolodjashnij, Jake",9,2,6,15,0,1,0,0,1,0,0,2,1,0,0,4,10,0,0,5,1,0,92,82,"Geelong","2023",4
32,"Miers, Gryan",12,7,13,25,0,1,0,4,1,6,1,2,2,0,0,7,18,0,0,2,0,1,86,82,"Geelong","2023",4
42,"OConnor, Mark",6,3,9,15,1,0,0,3,1,3,1,1,0,0,0,8,8,0,0,3,1,0,84,82,"Geelong","2023",4
17,"Ratugolea, Esava",11,8,2,13,0,0,0,1,4,0,0,0,0,0,0,3,9,0,0,7,0,0,85,82,"Geelong","2023",4
23,"Rohan, Gary",4,3,5,9,1,0,0,3,0,1,0,3,0,1,0,5,4,0,1,3,0,1,74,82,"Geelong","2023",4
7,"Smith, Isaac",17,6,10,27,0,2,0,2,0,3,2,4,0,0,0,4,20,0,1,0,0,1,84,82,"Geelong","2023",4
1,"Stanley, Rhys",7,4,2,9,0,0,26,3,2,0,2,3,2,2,0,4,5,0,0,9,0,0,80,82,"Geelong","2023",4
18,"Stengle, Tyson",8,4,2,10,2,0,0,1,0,3,0,6,0,3,0,3,10,0,2,0,0,0,83,82,"Geelong","2023",4
44,"Stewart, Tom",16,5,4,20,0,0,0,1,7,1,0,3,1,2,0,5,12,0,0,1,0,0,92,82,"Geelong","2023",4
2,"Tuohy, Zach",10,3,5,15,0,1,0,2,1,1,2,3,1,0,0,4,9,0,0,2,0,0,86,82,"Geelong","2023",4
10,"Amon, Karl",14,3,4,18,1,0,0,2,3,2,1,3,0,0,0,2,14,0,0,1,0,1,80,-82,"Hawthorn","2023",4
22,"Breust, Luke",9,6,7,16,3,1,0,3,0,2,0,4,1,1,0,6,9,1,2,1,0,0,85,-82,"Hawthorn","2023",4
0,"Brockman, Tyler",2,0,3,5,0,1,0,0,0,2,0,0,0,0,0,3,2,0,0,0,0,0,36,-82,"Hawthorn","2023",4
12,"Day, Will",13,4,9,22,0,0,0,8,1,4,6,2,1,1,0,14,7,1,1,1,0,1,84,-82,"Hawthorn","2023",4
8,"Frost, Sam",7,3,4,11,0,0,0,2,4,1,1,2,0,1,0,5,7,0,0,2,0,0,87,-82,"Hawthorn","2023",4
26,"Greene, Fergus",4,2,4,8,2,0,0,1,0,0,1,1,0,1,0,2,5,1,1,0,0,1,82,-82,"Hawthorn","2023",4
15,"Hardwick, Blake",10,2,1,11,0,0,0,0,4,2,0,2,0,0,0,3,4,1,0,5,0,0,87,-82,"Hawthorn","2023",4
4,"Impey, Jarman",17,5,7,24,0,0,0,2,5,1,2,1,1,0,0,10,12,0,0,2,0,0,80,-82,"Hawthorn","2023",4
9,"Jiath, Changkuoth",7,4,9,16,0,0,0,0,2,1,1,4,1,2,0,6,9,0,0,2,0,0,75,-82,"Hawthorn","2023",4
31,"Macdonald, Connor",6,2,6,12,0,3,0,2,0,2,0,2,1,1,0,6,6,0,0,0,0,0,82,-82,"Hawthorn","2023",4
28,"Mackenzie, Cam",7,2,9,16,0,1,0,4,1,2,2,6,0,2,0,10,7,0,1,0,0,0,76,-82,"Hawthorn","2023",4
32,"Maginness, Finn",7,6,3,10,0,1,0,2,3,0,1,1,0,0,0,1,9,0,1,1,0,0,83,-82,"Hawthorn","2023",4
17,"Meek, Lloyd",8,2,2,10,0,0,7,4,2,2,4,7,2,6,0,6,3,0,0,0,0,0,79,-82,"Hawthorn","2023",4
13,"Moore, Dylan",6,4,11,17,0,0,0,4,1,1,1,3,1,1,0,7,11,0,0,1,0,0,94,-82,"Hawthorn","2023",4
1,"Morrison, Harry",12,3,5,17,0,0,0,2,2,3,1,4,0,1,0,8,9,0,0,3,0,0,77,-82,"Hawthorn","2023",4
11,"Nash, Conor",3,0,7,10,0,0,0,6,1,2,1,3,0,3,0,5,6,0,0,3,0,0,81,-82,"Hawthorn","2023",4
3,"Newcombe, Jai",9,4,6,15,0,0,0,3,1,2,2,3,4,1,0,5,10,0,0,1,0,0,82,-82,"Hawthorn","2023",4
7,"Reeves, Ned",1,0,2,3,0,0,31,2,0,0,1,2,1,1,0,2,1,0,0,0,0,0,81,-82,"Hawthorn","2023",4
14,"Scrimshaw, Jack",4,2,4,8,0,0,0,2,1,0,0,0,0,0,0,2,6,0,0,2,0,0,75,-82,"Hawthorn","2023",4
6,"Sicily, James",11,4,3,14,0,0,0,0,6,3,1,2,1,1,0,2,9,1,0,2,0,1,91,-82,"Hawthorn","2023",4
25,"Ward, Josh",17,4,6,23,0,1,0,6,3,2,3,5,2,2,0,5,20,0,0,1,0,0,78,-82,"Hawthorn","2023",4
0,"Wingard, Chad",8,6,0,8,0,0,0,0,1,1,0,2,0,0,0,1,7,0,2,0,0,1,44,-82,"Hawthorn","2023",4
5,"Worpel, James",9,1,9,18,0,0,0,6,1,3,6,4,2,1,0,11,7,1,0,0,0,0,81,-82,"Hawthorn","2023",4
