"Number","Player","Kicks","Marks","Handballs","Disposals","Goals","Behinds","Hitouts","Tackles","Rebounds50s","Inside50s","Clearances","Clangers","FreesFor","FreesAgainst","BrownlowVotes","ContestedPossessions","UncontestedPossessions","ContestedMarks","MarksInside50","OnePercenters","Bounces","GoalAssists","PercentagePlayed","PointDifference","Team","Season","Round"
30,"Atkins, Tom",7,0,15,22,0,0,0,5,3,2,7,5,2,2,1,14,9,0,0,3,0,0,75,-7,"Geelong","2023",20
0,"Blicavs, Mark",3,1,2,5,0,0,8,5,1,1,2,1,0,0,0,3,2,0,0,0,0,0,34,-7,"Geelong","2023",20
12,"Bowes, Jack",3,2,4,7,0,0,0,2,1,0,0,2,0,1,0,5,4,0,1,1,0,0,73,-7,"Geelong","2023",20
4,"Bruhn, Tanner",9,2,14,23,0,0,0,4,2,4,3,5,1,3,0,13,11,0,0,2,0,0,70,-7,"Geelong","2023",20
5,"Cameron, Jeremy",12,10,1,13,1,5,0,1,0,4,0,4,1,0,0,2,11,1,6,1,0,2,97,-7,"Geelong","2023",20
45,"Close, Brad",8,3,7,15,1,0,0,6,0,1,0,5,0,2,0,5,12,1,1,4,1,0,86,-7,"Geelong","2023",20
35,"Dangerfield, Patrick",9,1,7,16,0,0,0,3,1,4,3,3,1,2,0,8,7,0,0,1,0,3,70,-7,"Geelong","2023",20
16,"De Koning, Sam",10,9,7,17,0,0,0,1,2,0,0,1,0,0,0,5,11,3,0,7,0,0,86,-7,"Geelong","2023",20
22,"Duncan, Mitch",16,8,11,27,0,0,0,0,4,3,3,1,0,0,0,13,13,1,0,1,0,0,84,-7,"Geelong","2023",20
39,"Guthrie, Zach",13,8,7,20,0,0,0,4,2,3,0,2,1,0,0,6,12,1,0,2,0,0,83,-7,"Geelong","2023",20
26,"Hawkins, Tom",4,3,1,5,2,0,4,1,0,1,0,1,0,1,0,3,2,2,2,0,0,0,81,-7,"Geelong","2023",20
38,"Henry, Jack",6,3,5,11,0,0,0,1,3,0,0,0,2,0,0,2,9,0,0,7,0,0,94,-7,"Geelong","2023",20
36,"Henry, Oliver",4,2,2,6,2,0,0,6,0,2,0,0,0,0,0,1,5,0,1,0,0,0,70,-7,"Geelong","2023",20
9,"Holmes, Max",12,5,2,14,1,0,0,5,1,5,2,2,0,0,0,3,9,0,1,2,2,0,77,-7,"Geelong","2023",20
8,"Kolodjashnij, Jake",3,3,4,7,0,0,0,4,0,1,0,0,0,0,0,3,4,1,0,2,0,0,86,-7,"Geelong","2023",20
32,"Miers, Gryan",9,4,3,12,0,1,0,3,0,4,1,2,0,2,0,4,10,0,1,2,1,1,87,-7,"Geelong","2023",20
0,"OConnor, Mark",7,3,1,8,0,1,0,2,1,2,0,0,1,0,0,2,5,1,0,2,0,0,45,-7,"Geelong","2023",20
23,"Rohan, Gary",7,1,6,13,0,0,0,2,0,4,2,3,1,1,0,8,6,0,0,2,0,0,82,-7,"Geelong","2023",20
7,"Smith, Isaac",14,4,5,19,1,0,0,1,5,2,0,6,0,2,0,5,12,0,0,1,1,0,80,-7,"Geelong","2023",20
1,"Stanley, Rhys",3,2,7,10,0,0,42,1,1,0,2,1,0,1,0,5,5,0,0,5,0,0,81,-7,"Geelong","2023",20
18,"Stengle, Tyson",11,1,5,16,1,0,0,2,1,4,1,5,1,1,0,10,6,0,0,0,0,1,83,-7,"Geelong","2023",20
44,"Stewart, Tom",23,11,2,25,0,0,0,3,12,3,0,7,0,2,0,3,19,1,0,5,2,0,89,-7,"Geelong","2023",20
2,"Tuohy, Zach",12,4,6,18,0,1,0,3,2,2,2,2,0,0,0,4,11,0,1,0,1,0,86,-7,"Geelong","2023",20
11,"Aish, James",8,5,10,18,0,0,0,2,2,2,4,1,1,0,0,6,12,1,0,4,0,0,83,7,"Fremantle","2023",20
24,"Amiss, Jye",6,4,4,10,1,2,0,1,0,2,0,1,0,0,0,5,4,3,1,0,0,0,90,7,"Fremantle","2023",20
8,"Brayshaw, Andrew",13,4,15,28,0,0,0,11,0,7,1,3,0,1,0,7,21,0,0,2,0,1,85,7,"Fremantle","2023",20
6,"Clark, Jordan",12,5,7,19,0,0,0,1,4,3,0,2,1,0,0,5,13,0,0,1,0,1,83,7,"Fremantle","2023",20
19,"Corbett, Josh",7,7,4,11,2,1,0,0,0,2,0,0,0,0,0,4,6,2,2,1,0,1,74,7,"Fremantle","2023",20
0,"Erasmus, Neil",10,6,7,17,0,0,0,0,1,1,4,2,0,0,0,6,11,0,0,1,0,0,70,7,"Fremantle","2023",20
32,"Frederick, Michael",8,3,3,11,2,1,0,0,1,2,0,1,0,0,0,4,6,0,1,0,0,0,85,7,"Fremantle","2023",20
21,"Hamling, Joel",6,5,6,12,0,0,0,1,2,0,0,1,2,1,0,4,8,0,0,4,0,0,82,7,"Fremantle","2023",20
23,"Henry, Liam",10,5,6,16,0,0,0,5,2,2,2,3,0,1,0,3,14,0,0,0,2,0,82,7,"Fremantle","2023",20
15,"Hughes, Ethan",8,5,4,12,0,0,0,2,2,3,0,1,0,0,0,6,7,1,0,2,0,0,73,7,"Fremantle","2023",20
9,"Jackson, Luke",6,1,10,16,0,0,19,5,0,3,8,3,2,1,0,11,8,0,1,4,0,0,78,7,"Fremantle","2023",20
2,"OMeara, Jaeger",4,1,7,11,0,0,0,4,1,0,1,1,1,1,0,5,5,0,0,0,0,0,63,7,"Fremantle","2023",20
25,"Pearce, Alex",11,8,7,18,0,0,0,2,6,0,1,5,0,1,3,10,8,2,0,6,0,0,96,7,"Fremantle","2023",20
13,"Ryan, Luke",25,6,3,28,0,0,0,3,10,0,0,5,1,0,0,7,13,1,0,2,0,0,99,7,"Fremantle","2023",20
5,"Schultz, Lachie",11,3,8,19,2,1,0,4,0,5,2,2,2,0,0,7,11,0,1,3,0,0,88,7,"Fremantle","2023",20
3,"Serong, Caleb",13,1,16,29,0,0,0,6,1,3,7,3,3,0,2,17,12,0,0,0,0,1,80,7,"Fremantle","2023",20
0,"Stanley, Ethan",3,1,0,3,0,1,0,1,0,1,0,0,0,0,0,0,3,0,0,0,0,0,17,7,"Fremantle","2023",20
1,"Sturt, Sam",7,5,7,14,1,3,0,0,0,2,0,5,0,2,0,5,10,0,4,1,0,0,82,7,"Fremantle","2023",20
39,"Switkowski, Sam",11,3,6,17,1,0,0,3,1,5,2,2,2,0,0,7,11,0,0,3,1,1,79,7,"Fremantle","2023",20
35,"Treacy, Josh",4,3,3,7,0,0,4,4,0,3,1,1,1,1,0,2,5,0,0,6,0,0,70,7,"Fremantle","2023",20
34,"Wagner, Corey",17,8,6,23,0,0,0,4,5,2,2,0,1,0,0,4,20,0,1,3,0,2,85,7,"Fremantle","2023",20
10,"Walters, Michael",4,1,3,7,1,0,0,0,0,1,0,2,1,2,0,5,3,0,0,0,0,1,81,7,"Fremantle","2023",20
26,"Young, Hayden",14,3,5,19,0,0,0,5,2,4,3,4,2,0,0,7,11,1,0,0,0,0,77,7,"Fremantle","2023",20
