"Number","Player","Kicks","Marks","Handballs","Disposals","Goals","Behinds","Hitouts","Tackles","Rebounds50s","Inside50s","Clearances","Clangers","FreesFor","FreesAgainst","BrownlowVotes","ContestedPossessions","UncontestedPossessions","ContestedMarks","MarksInside50","OnePercenters","Bounces","GoalAssists","PercentagePlayed","PointDifference","Team","Season","Round"
10,"Amon, Karl",13,6,6,19,0,0,0,2,2,5,2,4,0,1,0,5,14,0,0,2,0,0,82,-60,"Hawthorn","2023",16
36,"Blanck, James",1,1,2,3,0,0,0,1,0,0,0,4,0,4,0,2,1,1,0,0,0,0,92,-60,"Hawthorn","2023",16
22,"Breust, Luke",5,3,5,10,2,0,0,2,0,3,0,3,1,1,0,6,4,2,1,1,0,0,78,-60,"Hawthorn","2023",16
30,"Butler, Sam",5,4,4,9,0,0,0,4,0,0,0,3,0,0,0,2,6,0,0,2,0,0,78,-60,"Hawthorn","2023",16
12,"Day, Will",16,5,10,26,0,1,0,1,5,7,4,5,0,3,0,5,18,0,0,1,0,1,84,-60,"Hawthorn","2023",16
8,"Frost, Sam",3,4,6,9,0,0,0,3,3,0,0,5,0,3,0,4,6,1,0,6,0,0,91,-60,"Hawthorn","2023",16
26,"Greene, Fergus",6,6,5,11,2,2,0,2,0,1,1,0,0,0,0,3,8,0,5,1,0,2,80,-60,"Hawthorn","2023",16
15,"Hardwick, Blake",9,1,3,12,0,0,0,5,3,0,1,2,1,1,0,5,6,0,0,3,0,0,85,-60,"Hawthorn","2023",16
2,"Lewis, Mitch",5,2,4,9,2,0,0,3,0,2,0,1,0,0,0,1,8,0,1,2,0,0,92,-60,"Hawthorn","2023",16
31,"Macdonald, Connor",10,6,5,15,1,2,0,4,0,2,1,2,2,1,0,6,10,0,1,2,2,1,83,-60,"Hawthorn","2023",16
0,"Maginness, Finn",3,3,2,5,0,0,0,0,2,0,0,0,0,0,0,1,4,0,0,0,1,0,35,-60,"Hawthorn","2023",16
17,"Meek, Lloyd",0,1,7,7,0,0,32,7,3,1,2,2,2,2,0,5,4,1,0,1,0,0,73,-60,"Hawthorn","2023",16
40,"Mitchell, Seamus",11,6,6,17,0,0,0,4,2,2,0,0,0,0,0,3,15,0,0,4,1,0,86,-60,"Hawthorn","2023",16
13,"Moore, Dylan",7,3,8,15,0,0,0,5,0,4,1,2,0,0,0,7,9,0,0,4,1,1,85,-60,"Hawthorn","2023",16
1,"Morrison, Harry",17,6,7,24,0,0,0,2,5,0,1,3,0,0,0,7,13,0,0,1,0,0,77,-60,"Hawthorn","2023",16
11,"Nash, Conor",9,0,9,18,0,0,0,4,0,3,1,7,0,3,0,5,12,0,0,2,0,1,75,-60,"Hawthorn","2023",16
3,"Newcombe, Jai",8,3,13,21,0,0,0,7,1,2,5,6,3,1,0,10,11,1,0,0,0,0,73,-60,"Hawthorn","2023",16
0,"Reeves, Ned",4,1,1,5,0,0,29,4,1,1,3,1,1,0,0,5,1,0,0,0,0,0,50,-60,"Hawthorn","2023",16
14,"Scrimshaw, Jack",12,5,6,18,0,0,0,5,4,1,1,0,0,0,0,3,14,0,0,6,1,0,80,-60,"Hawthorn","2023",16
25,"Ward, Josh",9,6,19,28,0,0,0,2,0,1,4,1,0,0,0,11,16,0,0,0,0,0,80,-60,"Hawthorn","2023",16
37,"Weddle, Josh",9,5,14,23,0,0,0,3,3,3,1,4,1,0,0,12,10,0,0,4,0,0,89,-60,"Hawthorn","2023",16
20,"Wingard, Chad",11,5,7,18,0,0,0,4,1,6,2,2,0,0,0,4,13,0,0,0,0,1,74,-60,"Hawthorn","2023",16
5,"Worpel, James",9,2,17,26,0,0,0,6,1,4,4,3,1,1,0,13,14,0,0,1,0,0,78,-60,"Hawthorn","2023",16
13,"Acres, Blake",14,5,8,22,1,1,0,8,3,5,2,3,1,0,0,8,15,2,1,0,0,0,85,60,"Carlton","2023",16
37,"Boyd, Jordan",10,4,4,14,0,0,0,2,4,2,3,2,0,0,0,6,8,0,0,4,0,0,87,60,"Carlton","2023",16
5,"Cerra, Adam",11,3,16,27,2,0,0,7,2,2,6,0,0,0,1,9,17,0,2,0,0,1,78,60,"Carlton","2023",16
39,"Cincotta, Alex",5,1,6,11,0,0,0,0,0,4,0,3,0,2,0,4,7,0,0,2,0,0,77,60,"Carlton","2023",16
9,"Cripps, Patrick",10,2,18,28,0,0,0,6,1,7,8,6,1,2,3,15,12,1,0,0,0,3,77,60,"Carlton","2023",16
28,"Cuningham, David",5,4,11,16,2,0,0,4,0,2,1,2,0,1,0,7,10,0,2,1,0,2,76,60,"Carlton","2023",16
0,"Curnow, Charlie",9,9,4,13,3,2,0,2,0,0,0,1,2,0,0,4,9,2,6,1,0,2,71,60,"Carlton","2023",16
35,"Curnow, Ed",7,4,9,16,0,1,0,4,0,2,0,0,0,0,0,5,11,0,0,0,0,0,88,60,"Carlton","2023",16
15,"Docherty, Sam",17,6,9,26,1,0,0,5,2,3,1,2,0,0,0,5,21,0,0,0,0,1,88,60,"Carlton","2023",16
8,"Fogarty, Lachie",8,3,10,18,1,0,0,7,2,4,1,0,0,0,0,5,12,0,1,2,0,1,80,60,"Carlton","2023",16
0,"Hewett, George",0,1,6,6,0,0,0,3,0,0,1,0,0,0,0,3,3,0,1,0,0,0,16,60,"Carlton","2023",16
17,"Kemp, Brodie",13,9,6,19,0,0,0,2,3,1,0,1,0,0,0,2,16,0,0,3,0,0,94,60,"Carlton","2023",16
7,"Kennedy, Matthew",9,2,7,16,0,0,0,3,0,3,6,5,4,1,0,9,6,0,0,0,0,0,70,60,"Carlton","2023",16
21,"Martin, Jack",12,6,0,12,3,1,0,3,1,2,1,0,1,0,0,1,11,0,2,1,0,0,71,60,"Carlton","2023",16
11,"McGovern, Mitch",17,5,3,20,0,0,0,6,6,1,0,2,0,0,0,3,10,1,0,6,0,0,82,60,"Carlton","2023",16
10,"McKay, Harry",16,8,3,19,2,3,1,5,0,6,1,3,4,0,0,8,11,1,3,1,2,4,92,60,"Carlton","2023",16
24,"Newman, Nic",11,3,6,17,0,0,0,4,5,2,0,6,1,1,0,9,6,1,0,1,1,0,90,60,"Carlton","2023",16
44,"Owies, Matthew",4,4,5,9,1,0,0,3,0,2,0,1,2,0,0,5,6,0,1,1,0,0,74,60,"Carlton","2023",16
42,"Saad, Adam",18,8,6,24,0,0,0,0,5,1,2,2,0,0,0,6,16,0,0,3,1,0,79,60,"Carlton","2023",16
1,"Silvagni, Jack",8,5,9,17,1,0,12,4,1,0,3,5,2,2,0,11,6,1,1,4,0,0,77,60,"Carlton","2023",16
18,"Walsh, Sam",10,2,15,25,0,0,0,7,2,2,3,5,2,2,2,8,16,0,0,0,1,2,79,60,"Carlton","2023",16
23,"Weitering, Jacob",15,9,2,17,0,0,0,0,4,1,0,1,1,1,0,5,12,3,0,3,0,0,91,60,"Carlton","2023",16
33,"Young, Lewis",8,4,5,13,0,1,14,2,0,2,0,1,0,0,0,6,8,0,0,8,0,0,77,60,"Carlton","2023",16
