"Number","Player","Kicks","Marks","Handballs","Disposals","Goals","Behinds","Hitouts","Tackles","Rebounds50s","Inside50s","Clearances","Clangers","FreesFor","FreesAgainst","BrownlowVotes","ContestedPossessions","UncontestedPossessions","ContestedMarks","MarksInside50","OnePercenters","Bounces","GoalAssists","PercentagePlayed","PointDifference","Team","Season","Round"
11,"Aish, James",12,6,11,23,0,1,0,0,0,3,0,2,1,0,0,3,19,1,0,0,0,1,79,69,"Fremantle","2023",8
24,"Amiss, Jye",7,7,3,10,3,1,0,2,0,2,0,1,0,0,0,5,5,4,3,1,0,2,73,69,"Fremantle","2023",8
41,"Banfield, Bailey",8,5,6,14,2,0,0,3,0,1,1,0,1,0,0,5,9,2,3,0,0,1,78,69,"Fremantle","2023",8
8,"Brayshaw, Andrew",19,9,15,34,2,0,0,8,3,3,3,2,2,1,3,10,22,0,3,3,0,1,86,69,"Fremantle","2023",8
6,"Clark, Jordan",12,9,3,15,1,0,0,1,4,2,0,2,0,1,0,1,15,0,0,3,1,0,82,69,"Fremantle","2023",8
36,"Cox, Brennan",13,7,5,18,0,0,0,0,7,0,0,1,0,0,0,4,13,2,0,7,0,0,86,69,"Fremantle","2023",8
4,"Darcy, Sean",4,2,7,11,0,0,38,2,0,5,5,3,1,1,0,9,2,1,0,1,0,1,78,69,"Fremantle","2023",8
28,"Erasmus, Neil",8,4,8,16,0,0,0,8,1,2,4,3,1,0,0,7,8,0,0,2,0,0,75,69,"Fremantle","2023",8
32,"Frederick, Michael",11,5,3,14,3,0,0,1,0,1,0,3,0,0,0,3,11,0,1,0,1,0,73,69,"Fremantle","2023",8
0,"Fyfe, Nat",5,2,5,10,1,0,0,1,0,2,2,2,0,1,0,3,7,0,1,1,0,1,32,69,"Fremantle","2023",8
15,"Hughes, Ethan",10,8,7,17,0,0,0,0,5,0,0,1,0,1,0,6,9,1,0,5,1,0,80,69,"Fremantle","2023",8
9,"Jackson, Luke",12,6,12,24,2,1,3,7,0,2,4,5,1,2,0,16,9,2,3,2,0,1,84,69,"Fremantle","2023",8
30,"ODriscoll, Nathan",16,8,4,20,0,0,0,1,0,4,2,1,2,0,0,5,14,0,0,0,1,0,86,69,"Fremantle","2023",8
2,"OMeara, Jaeger",12,7,14,26,0,0,0,5,1,2,6,3,1,1,0,12,14,0,0,0,0,1,77,69,"Fremantle","2023",8
25,"Pearce, Alex",2,6,5,7,0,0,0,1,2,1,0,2,0,2,0,4,4,2,0,4,0,0,91,69,"Fremantle","2023",8
13,"Ryan, Luke",21,9,6,27,0,0,0,0,6,0,0,1,0,0,1,2,21,0,0,2,0,0,92,69,"Fremantle","2023",8
5,"Schultz, Lachie",8,2,2,10,1,2,0,2,0,1,1,0,0,0,0,5,4,1,0,1,0,1,75,69,"Fremantle","2023",8
3,"Serong, Caleb",19,2,5,24,0,1,0,5,1,9,5,1,3,0,0,9,16,0,0,2,0,2,82,69,"Fremantle","2023",8
39,"Switkowski, Sam",6,1,5,11,1,1,0,5,0,4,1,0,2,0,0,6,7,0,0,1,0,1,79,69,"Fremantle","2023",8
0,"Treacy, Josh",3,1,3,6,1,1,0,1,0,1,0,0,2,0,0,5,1,0,1,0,0,0,57,69,"Fremantle","2023",8
31,"Walker, Brandon",9,5,4,13,0,0,0,2,2,2,0,1,2,0,0,4,9,0,0,2,0,0,82,69,"Fremantle","2023",8
10,"Walters, Michael",8,3,6,14,1,0,0,3,0,1,1,3,1,0,0,8,6,0,0,0,0,0,86,69,"Fremantle","2023",8
26,"Young, Hayden",17,8,9,26,0,0,0,2,2,6,0,2,1,0,2,5,19,0,0,1,1,1,88,69,"Fremantle","2023",8
10,"Amon, Karl",15,8,10,25,0,1,0,0,3,4,0,2,0,1,0,2,24,0,1,0,0,0,85,-69,"Hawthorn","2023",8
0,"Bramble, Lachlan",3,1,6,9,0,0,0,2,2,0,1,0,1,0,0,4,6,0,0,0,0,0,37,-69,"Hawthorn","2023",8
33,"Brockman, Tyler",2,3,7,9,0,1,0,3,0,1,0,2,0,1,0,2,7,0,2,0,0,1,68,-69,"Hawthorn","2023",8
12,"Day, Will",13,4,13,26,1,0,0,2,1,3,7,5,0,2,0,11,14,1,0,0,2,0,82,-69,"Hawthorn","2023",8
8,"Frost, Sam",9,5,7,16,0,0,0,0,4,0,0,7,0,2,0,9,7,0,0,4,0,0,89,-69,"Hawthorn","2023",8
0,"Greene, Fergus",0,0,4,4,0,0,0,0,0,1,0,2,1,1,0,3,1,0,0,1,0,1,54,-69,"Hawthorn","2023",8
15,"Hardwick, Blake",10,10,13,23,0,0,0,0,3,2,2,3,0,0,0,8,15,1,0,3,3,0,81,-69,"Hawthorn","2023",8
4,"Impey, Jarman",9,3,6,15,0,0,0,3,3,1,0,2,1,1,0,2,13,0,0,0,0,0,82,-69,"Hawthorn","2023",8
2,"Lewis, Mitch",7,6,4,11,2,0,0,3,0,1,0,1,1,1,0,3,8,0,2,1,0,1,84,-69,"Hawthorn","2023",8
31,"Macdonald, Connor",8,1,4,12,1,1,0,2,0,2,0,2,0,0,0,2,10,0,0,0,0,0,77,-69,"Hawthorn","2023",8
17,"Meek, Lloyd",3,6,9,12,0,0,24,2,1,1,2,2,1,1,0,8,6,4,0,8,0,0,80,-69,"Hawthorn","2023",8
40,"Mitchell, Seamus",10,4,4,14,0,0,0,1,3,0,0,2,0,0,0,3,9,1,0,5,0,0,80,-69,"Hawthorn","2023",8
13,"Moore, Dylan",13,4,6,19,0,1,0,4,0,6,1,2,2,0,0,5,14,0,1,0,0,0,88,-69,"Hawthorn","2023",8
1,"Morrison, Harry",17,8,7,24,0,0,0,4,5,5,1,5,0,1,0,5,18,0,0,0,1,0,84,-69,"Hawthorn","2023",8
11,"Nash, Conor",7,2,19,26,0,0,0,8,1,2,8,1,0,0,0,11,14,0,0,0,1,0,76,-69,"Hawthorn","2023",8
3,"Newcombe, Jai",9,3,11,20,1,0,0,3,1,6,4,5,2,2,0,6,15,0,1,1,1,2,84,-69,"Hawthorn","2023",8
7,"Reeves, Ned",1,1,7,8,0,1,16,3,0,0,1,2,0,2,0,4,4,0,1,3,0,0,73,-69,"Hawthorn","2023",8
14,"Scrimshaw, Jack",10,3,6,16,1,0,0,3,3,2,0,3,0,3,0,5,11,0,1,2,2,0,88,-69,"Hawthorn","2023",8
6,"Sicily, James",9,6,12,21,0,0,0,1,4,0,0,4,0,1,0,4,14,1,0,3,0,0,93,-69,"Hawthorn","2023",8
25,"Ward, Josh",9,3,6,15,0,0,0,1,2,1,0,0,0,0,0,2,13,0,0,2,0,1,73,-69,"Hawthorn","2023",8
37,"Weddle, Josh",4,2,8,12,0,0,0,3,0,1,0,1,0,0,0,5,5,1,0,4,0,0,82,-69,"Hawthorn","2023",8
20,"Wingard, Chad",7,6,5,12,1,0,0,0,0,0,1,4,1,0,0,3,9,1,3,0,1,1,84,-69,"Hawthorn","2023",8
5,"Worpel, James",16,2,9,25,0,0,0,3,0,4,6,5,0,2,0,10,15,0,0,0,0,0,76,-69,"Hawthorn","2023",8
