"Number","Player","Kicks","Marks","Handballs","Disposals","Goals","Behinds","Hitouts","Tackles","Rebounds50s","Inside50s","Clearances","Clangers","FreesFor","FreesAgainst","BrownlowVotes","ContestedPossessions","UncontestedPossessions","ContestedMarks","MarksInside50","OnePercenters","Bounces","GoalAssists","PercentagePlayed","PointDifference","Team","Season","Round"
21,"Aliir, Aliir",11,5,3,14,0,0,0,1,4,3,0,3,0,0,0,8,5,3,0,4,0,0,94,55,"Port Adelaide","2023",12
14,"Bergman, Miles",12,6,5,17,0,1,0,3,2,4,5,4,1,0,0,7,11,0,1,1,1,1,82,55,"Port Adelaide","2023",12
26,"Bonner, Riley",11,3,5,16,0,1,0,2,3,2,2,1,0,1,0,7,10,0,0,2,0,0,84,55,"Port Adelaide","2023",12
3,"Burton, Ryan",9,1,4,13,1,0,0,5,6,3,0,3,2,3,0,5,6,0,0,2,0,0,81,55,"Port Adelaide","2023",12
9,"Butters, Zak",17,8,9,26,1,1,0,7,1,4,4,2,1,0,0,6,20,0,0,0,1,1,83,55,"Port Adelaide","2023",12
33,"Byrne-Jones, Darcy",9,2,3,12,1,1,0,0,0,5,0,0,0,0,0,3,10,0,1,6,0,3,84,55,"Port Adelaide","2023",12
28,"Drew, Willem",8,2,9,17,0,0,0,9,1,5,4,2,0,2,0,6,11,0,0,3,0,1,77,55,"Port Adelaide","2023",12
6,"Farrell, Kane",12,4,2,14,0,0,0,2,3,4,0,1,0,0,0,2,7,0,0,2,0,0,85,55,"Port Adelaide","2023",12
11,"Finlayson, Jeremy",15,9,2,17,5,2,3,5,0,1,2,3,1,2,3,7,9,2,4,3,0,0,82,55,"Port Adelaide","2023",12
18,"Horne-Francis, Jason",11,5,7,18,1,1,0,2,0,3,6,2,3,1,0,9,10,0,1,1,0,2,76,55,"Port Adelaide","2023",12
5,"Houston, Dan",14,3,6,20,2,0,0,3,2,5,1,2,0,1,0,7,13,1,0,3,1,0,82,55,"Port Adelaide","2023",12
34,"Jones, Lachie",6,2,2,8,0,0,0,2,2,3,1,1,1,0,0,3,5,0,0,7,1,1,86,55,"Port Adelaide","2023",12
30,"Lord, Ollie",1,0,5,6,0,1,7,1,0,0,0,1,0,0,0,2,4,0,0,5,0,1,76,55,"Port Adelaide","2023",12
0,"Lycett, Scott",5,3,8,13,0,0,15,0,0,3,4,1,1,1,0,7,6,1,1,1,0,0,49,55,"Port Adelaide","2023",12
4,"Marshall, Todd",12,10,4,16,5,1,0,1,0,2,0,3,0,2,1,8,10,2,7,2,0,3,80,55,"Port Adelaide","2023",12
41,"McEntee, Jed",6,1,3,9,1,0,0,3,0,2,0,2,0,1,0,4,4,0,0,0,0,1,79,55,"Port Adelaide","2023",12
12,"McKenzie, Trent",10,3,3,13,0,0,0,0,3,0,0,1,0,1,0,4,6,0,0,8,0,0,95,55,"Port Adelaide","2023",12
2,"Powell-Pepper, Sam",7,6,11,18,0,1,0,5,1,2,0,5,1,1,0,10,9,1,0,0,0,1,86,55,"Port Adelaide","2023",12
15,"Rioli, Willie",9,3,4,13,4,0,0,2,0,2,2,2,1,1,0,5,5,0,0,1,0,1,79,55,"Port Adelaide","2023",12
20,"Rozee, Connor",22,8,7,29,1,2,0,2,2,13,5,4,1,0,2,9,22,0,0,1,0,2,83,55,"Port Adelaide","2023",12
0,"Sinn, Josh",4,3,0,4,0,0,0,0,2,0,0,1,0,0,0,2,2,1,0,2,0,0,33,55,"Port Adelaide","2023",12
23,"Williams, Dylan",12,9,7,19,0,0,0,0,5,3,1,1,1,0,0,5,13,2,0,3,0,0,74,55,"Port Adelaide","2023",12
16,"Wines, Ollie",7,3,17,24,1,0,0,5,0,2,5,0,0,0,0,9,17,0,0,2,0,0,71,55,"Port Adelaide","2023",12
10,"Amon, Karl",14,5,11,25,1,0,0,1,2,7,2,1,1,0,0,6,18,0,0,2,0,2,86,-55,"Hawthorn","2023",12
36,"Blanck, James",6,2,5,11,0,0,0,3,4,0,1,2,0,1,0,5,7,0,0,11,0,0,91,-55,"Hawthorn","2023",12
16,"Bramble, Lachlan",12,3,8,20,0,1,0,1,2,3,0,3,0,0,0,5,13,0,0,1,3,1,84,-55,"Hawthorn","2023",12
22,"Breust, Luke",10,6,5,15,5,3,0,1,0,2,0,5,1,2,0,5,12,1,6,0,0,0,81,-55,"Hawthorn","2023",12
33,"Brockman, Tyler",12,6,3,15,1,0,0,1,1,5,0,2,0,1,0,1,13,0,2,1,0,3,74,-55,"Hawthorn","2023",12
30,"Butler, Sam",7,3,5,12,1,0,0,2,1,2,0,1,0,1,0,6,6,1,0,1,0,0,72,-55,"Hawthorn","2023",12
12,"Day, Will",6,4,14,20,0,0,0,3,2,1,2,0,0,0,0,8,12,1,0,1,0,0,84,-55,"Hawthorn","2023",12
8,"Frost, Sam",5,4,3,8,0,1,0,5,0,0,0,3,0,1,0,2,6,1,3,3,0,0,90,-55,"Hawthorn","2023",12
15,"Hardwick, Blake",15,6,10,25,0,1,0,1,9,1,1,1,0,0,0,7,12,0,1,4,1,0,91,-55,"Hawthorn","2023",12
4,"Impey, Jarman",22,6,11,33,1,0,0,2,5,2,0,2,1,1,0,8,23,1,0,0,1,0,81,-55,"Hawthorn","2023",12
23,"Koschitzke, Jacob",5,2,3,8,0,1,3,0,0,1,0,1,2,0,0,5,3,1,0,0,0,0,87,-55,"Hawthorn","2023",12
2,"Lewis, Mitch",12,8,8,20,3,2,0,0,0,3,0,2,0,0,0,6,13,1,2,2,0,3,85,-55,"Hawthorn","2023",12
42,"Macdonald, Bailey",4,6,6,10,0,0,0,2,2,1,0,0,1,0,0,2,8,1,0,0,3,0,78,-55,"Hawthorn","2023",12
31,"Macdonald, Connor",10,1,10,20,1,0,0,0,0,2,3,1,1,0,0,10,11,0,0,0,0,0,74,-55,"Hawthorn","2023",12
0,"Mackenzie, Cam",5,1,7,12,0,1,0,4,1,2,3,1,1,0,0,6,5,0,0,0,1,0,47,-55,"Hawthorn","2023",12
0,"Meek, Lloyd",0,3,4,4,0,0,5,1,0,0,0,0,0,0,0,1,3,1,0,0,0,0,31,-55,"Hawthorn","2023",12
13,"Moore, Dylan",12,2,10,22,0,0,0,2,2,4,4,3,0,0,0,9,14,0,1,2,1,2,85,-55,"Hawthorn","2023",12
11,"Nash, Conor",4,1,17,21,0,0,0,6,1,1,2,2,2,2,0,5,19,0,0,0,0,0,76,-55,"Hawthorn","2023",12
3,"Newcombe, Jai",8,2,11,19,1,0,0,0,1,5,5,3,3,1,0,10,9,0,0,0,1,0,76,-55,"Hawthorn","2023",12
7,"Reeves, Ned",3,1,7,10,0,0,31,4,1,0,4,3,1,1,0,7,2,1,0,1,0,0,79,-55,"Hawthorn","2023",12
14,"Scrimshaw, Jack",10,4,9,19,0,0,0,0,5,0,0,1,1,0,0,9,8,2,0,4,1,0,81,-55,"Hawthorn","2023",12
37,"Weddle, Josh",12,4,13,25,0,0,0,1,6,2,0,4,2,0,0,9,16,2,0,9,4,0,88,-55,"Hawthorn","2023",12
5,"Worpel, James",10,1,25,35,0,0,0,2,4,8,6,3,0,3,0,17,20,0,0,0,0,0,78,-55,"Hawthorn","2023",12
