"Number","Player","Kicks","Marks","Handballs","Disposals","Goals","Behinds","Hitouts","Tackles","Rebounds50s","Inside50s","Clearances","Clangers","FreesFor","FreesAgainst","BrownlowVotes","ContestedPossessions","UncontestedPossessions","ContestedMarks","MarksInside50","OnePercenters","Bounces","GoalAssists","PercentagePlayed","PointDifference","Team","Season","Round"
7,"Baker, Liam",10,5,5,15,0,0,0,1,2,1,0,2,2,2,0,4,10,0,0,0,1,0,84,0,"Richmond","2023",1
21,"Balta, Noah",6,3,2,8,0,0,0,1,4,1,0,2,0,0,0,5,2,2,0,2,0,0,87,0,"Richmond","2023",1
29,"Bolton, Shai",15,6,3,18,1,1,0,4,0,7,3,5,2,2,3,8,12,1,2,1,1,1,88,0,"Richmond","2023",1
35,"Broad, Nathan",11,7,2,13,0,0,0,3,2,2,1,2,0,0,0,2,11,1,0,3,0,0,90,0,"Richmond","2023",1
9,"Cotchin, Trent",9,3,9,18,0,0,0,3,3,3,4,5,0,3,0,11,7,0,0,2,0,0,67,0,"Richmond","2023",1
34,"Graham, Jack",11,1,9,20,0,2,0,9,0,5,2,6,3,2,0,9,11,0,0,1,0,0,88,0,"Richmond","2023",1
2,"Grimes, Dylan",8,5,4,12,0,0,0,2,1,0,0,0,0,0,0,4,5,1,0,4,0,0,82,0,"Richmond","2023",1
22,"Hopper, Jacob",12,3,6,18,0,0,0,3,1,6,1,3,2,0,0,7,12,0,0,1,0,1,72,0,"Richmond","2023",1
19,"Lynch, Tom",9,6,1,10,3,3,1,0,0,1,2,3,0,2,0,9,3,4,5,5,0,0,89,0,"Richmond","2023",1
31,"Mansell, Rhyan",5,4,2,7,0,0,0,1,0,2,0,2,0,1,0,3,4,0,0,1,0,0,67,0,"Richmond","2023",1
4,"Martin, Dustin",15,6,8,23,1,0,0,0,1,8,1,5,0,3,0,10,13,2,0,1,1,1,82,0,"Richmond","2023",1
33,"McIntosh, Kamdyn",11,5,6,17,0,0,0,3,2,3,1,2,0,1,0,4,15,0,0,2,0,1,82,0,"Richmond","2023",1
46,"Miller, Ben",5,4,4,9,0,0,5,1,1,1,3,1,1,0,0,5,5,0,1,4,0,0,80,0,"Richmond","2023",1
25,"Nankervis, Toby",8,1,6,14,0,0,37,11,1,1,5,5,2,2,0,11,2,0,0,5,0,0,84,0,"Richmond","2023",1
0,"Pickett, Marlion",4,2,6,10,0,0,0,2,1,2,0,4,1,3,0,6,5,1,0,2,0,0,51,0,"Richmond","2023",1
3,"Prestia, Dion",10,4,13,23,0,1,0,1,1,2,5,3,1,1,0,13,11,0,1,1,0,0,81,0,"Richmond","2023",1
8,"Riewoldt, Jack",9,6,3,12,1,0,1,5,0,4,1,3,1,1,0,10,3,4,1,2,0,0,95,0,"Richmond","2023",1
17,"Rioli, Daniel",17,7,10,27,0,0,0,4,5,5,0,2,0,0,2,6,17,1,0,1,3,1,84,0,"Richmond","2023",1
10,"Rioli, Maurice",7,2,4,11,2,0,0,3,0,2,1,3,1,1,0,4,9,0,0,1,1,0,74,0,"Richmond","2023",1
0,"Ross, Jack",4,2,0,4,0,0,0,0,1,0,0,1,1,0,0,1,2,0,1,1,0,0,25,0,"Richmond","2023",1
15,"Short, Jayden",15,6,2,17,0,0,0,3,4,4,1,0,0,0,0,3,13,0,0,0,1,1,77,0,"Richmond","2023",1
14,"Taranto, Tim",18,3,14,32,0,2,0,8,3,4,5,8,1,1,0,12,20,0,0,0,0,0,80,0,"Richmond","2023",1
1,"Vlastuin, Nick",9,4,2,11,0,1,0,2,2,2,0,0,1,0,0,2,7,0,0,4,0,0,91,0,"Richmond","2023",1
13,"Acres, Blake",10,5,6,16,0,0,0,2,2,2,0,5,2,2,0,5,13,0,0,3,0,0,84,0,"Carlton","2023",1
5,"Cerra, Adam",14,6,7,21,0,0,0,3,1,3,2,3,3,0,0,10,13,0,0,3,0,1,73,0,"Carlton","2023",1
0,"Cowan, Lachlan",6,2,2,8,0,0,0,2,1,1,0,2,1,0,0,6,3,2,0,2,0,0,53,0,"Carlton","2023",1
9,"Cripps, Patrick",9,2,16,25,0,1,0,6,2,2,7,3,0,2,0,15,11,1,0,2,0,0,83,0,"Carlton","2023",1
30,"Curnow, Charlie",8,1,2,10,3,0,0,1,0,4,0,4,0,1,0,4,4,1,1,1,0,0,95,0,"Carlton","2023",1
35,"Curnow, Ed",12,6,2,14,0,0,0,4,1,4,1,3,0,0,0,2,12,0,0,0,0,2,86,0,"Carlton","2023",1
12,"De Koning, Tom",7,2,6,13,0,1,24,3,1,1,3,3,3,1,0,10,3,1,0,3,0,0,79,0,"Carlton","2023",1
15,"Docherty, Sam",23,8,2,25,1,0,0,2,6,2,1,3,2,1,0,2,18,0,0,0,0,0,84,0,"Carlton","2023",1
25,"Fisher, Zac",5,1,2,7,1,0,0,0,0,0,1,0,0,0,0,3,6,0,0,2,0,0,67,0,"Carlton","2023",1
29,"Hewett, George",10,5,18,28,0,0,0,4,3,2,8,3,2,0,1,14,13,0,0,0,0,0,71,0,"Carlton","2023",1
14,"Hollands, Oliver",5,2,6,11,0,1,0,3,3,0,2,2,1,1,0,5,8,0,0,3,0,0,81,0,"Carlton","2023",1
7,"Kennedy, Matthew",13,5,9,22,0,1,0,5,3,5,4,1,1,1,0,9,13,0,1,0,0,0,69,0,"Carlton","2023",1
21,"Martin, Jack",3,1,3,6,0,1,0,3,0,2,0,0,1,0,0,4,2,0,0,2,0,0,71,0,"Carlton","2023",1
11,"McGovern, Mitch",17,7,4,21,0,0,0,4,8,3,1,4,0,1,0,8,11,3,0,4,0,0,76,0,"Carlton","2023",1
10,"McKay, Harry",11,10,2,13,1,2,0,1,0,6,0,4,0,1,0,8,7,4,2,2,0,1,96,0,"Carlton","2023",1
3,"Motlop, Jesse",5,4,5,10,0,0,0,2,0,2,0,3,1,1,0,5,5,1,0,0,0,0,81,0,"Carlton","2023",1
24,"Newman, Nic",9,5,5,14,0,0,0,2,5,0,0,0,1,0,0,5,9,0,0,4,0,0,90,0,"Carlton","2023",1
0,"OBrien, Lochie",3,0,1,4,0,0,0,0,1,1,0,0,1,0,0,2,2,0,0,0,4,0,25,0,"Carlton","2023",1
44,"Owies, Matthew",5,1,5,10,1,1,0,2,0,1,0,4,1,2,0,3,8,0,0,0,0,0,70,0,"Carlton","2023",1
42,"Saad, Adam",13,3,5,18,0,0,0,2,7,1,0,2,2,2,0,8,10,0,0,5,5,0,86,0,"Carlton","2023",1
1,"Silvagni, Jack",2,2,3,5,1,0,2,2,0,1,1,3,1,2,0,5,1,1,1,3,0,0,85,0,"Carlton","2023",1
23,"Weitering, Jacob",17,11,3,20,0,0,0,1,10,1,0,2,1,0,0,7,14,2,0,8,1,0,100,0,"Carlton","2023",1
33,"Young, Lewis",14,8,6,20,0,0,0,1,3,1,1,3,1,1,0,8,8,2,0,5,0,0,95,0,"Carlton","2023",1
