"Number","Player","Kicks","Marks","Handballs","Disposals","Goals","Behinds","Hitouts","Tackles","Rebounds50s","Inside50s","Clearances","Clangers","FreesFor","FreesAgainst","BrownlowVotes","ContestedPossessions","UncontestedPossessions","ContestedMarks","MarksInside50","OnePercenters","Bounces","GoalAssists","PercentagePlayed","PointDifference","Team","Season","Round"
4,"Bontempelli, Marcus",14,5,15,29,0,1,0,8,1,5,6,4,0,2,0,15,14,0,0,4,0,1,88,-12,"Western Bulldogs","2023",17
31,"Dale, Bailey",13,2,12,25,0,0,0,2,6,0,0,2,1,0,0,9,10,0,0,1,0,0,85,-12,"Western Bulldogs","2023",17
35,"Daniel, Caleb",15,4,17,32,0,1,0,6,0,4,5,4,0,0,0,10,22,0,0,0,1,0,79,-12,"Western Bulldogs","2023",17
15,"Duryea, Taylor",8,7,6,14,0,0,0,2,5,0,0,3,2,2,0,3,12,0,0,2,1,0,89,-12,"Western Bulldogs","2023",17
44,"English, Tim",8,6,9,17,0,0,30,1,2,0,2,1,0,0,0,6,11,1,0,5,0,0,83,-12,"Western Bulldogs","2023",17
43,"Gardner, Ryan",6,4,1,7,0,0,0,0,1,2,0,2,0,0,0,2,5,1,0,14,0,0,96,-12,"Western Bulldogs","2023",17
42,"Keath, Alex",8,6,5,13,0,0,0,0,1,0,0,2,0,1,0,4,7,0,0,5,1,0,98,-12,"Western Bulldogs","2023",17
21,"Liberatore, Tom",12,1,16,28,0,0,0,4,0,5,11,4,0,1,1,15,11,0,0,1,0,1,79,-12,"Western Bulldogs","2023",17
7,"Lobb, Rory",4,1,5,9,0,0,9,1,1,0,0,0,0,0,0,2,7,1,0,3,0,0,76,-12,"Western Bulldogs","2023",17
11,"Macrae, Jack",10,8,15,25,0,0,0,2,4,4,4,1,1,0,0,6,19,0,0,1,0,2,81,-12,"Western Bulldogs","2023",17
30,"McNeil, Lachlan",5,5,5,10,0,1,0,3,0,2,0,2,0,1,0,4,7,0,1,2,0,0,72,-12,"Western Bulldogs","2023",17
33,"Naughton, Aaron",10,5,2,12,4,2,0,2,0,0,0,2,1,1,0,8,3,3,5,2,0,1,85,-12,"Western Bulldogs","2023",17
0,"ODonnell, James",2,0,3,5,0,0,0,0,1,1,2,2,0,1,0,2,3,0,0,1,0,0,59,-12,"Western Bulldogs","2023",17
25,"Poulter, Caleb",10,4,6,16,1,0,0,1,1,3,0,1,1,0,0,3,14,0,0,1,1,0,73,-12,"Western Bulldogs","2023",17
20,"Richards, Ed",15,9,4,19,0,0,0,1,4,0,1,2,0,0,0,2,15,0,0,4,0,0,77,-12,"Western Bulldogs","2023",17
0,"Scott, Anthony",2,0,2,4,0,0,0,2,0,1,2,0,0,0,0,2,2,0,0,0,0,0,18,-12,"Western Bulldogs","2023",17
6,"Smith, Bailey",6,1,5,11,0,0,0,3,0,4,1,1,0,0,0,6,7,0,0,2,0,0,79,-12,"Western Bulldogs","2023",17
1,"Treloar, Adam",12,3,14,26,0,0,0,1,2,5,4,7,1,1,0,10,16,0,0,0,0,0,78,-12,"Western Bulldogs","2023",17
2,"Ugle-Hagan, Jamarra",13,10,3,16,2,3,0,1,0,4,0,5,1,1,0,7,10,3,5,2,0,1,91,-12,"Western Bulldogs","2023",17
23,"Vandermeer, Laitham",6,2,8,14,0,0,0,1,1,3,0,1,2,1,0,5,9,0,0,0,0,0,78,-12,"Western Bulldogs","2023",17
3,"Weightman, Cody",12,3,5,17,4,2,0,4,0,2,0,2,2,0,0,7,8,0,3,0,0,1,78,-12,"Western Bulldogs","2023",17
14,"West, Rhylee",8,3,8,16,0,0,0,4,0,4,0,3,0,1,0,3,13,1,0,1,0,3,80,-12,"Western Bulldogs","2023",17
34,"Williams, Bailey",5,4,9,14,0,0,0,2,1,2,1,2,0,2,0,1,14,0,0,2,0,0,77,-12,"Western Bulldogs","2023",17
13,"Adams, Taylor",13,4,6,19,0,0,0,5,0,3,2,4,0,0,0,8,10,0,1,0,1,0,73,12,"Collingwood","2023",17
0,"Bianco, Trent",7,3,2,9,0,0,0,0,1,1,0,3,0,0,0,1,9,0,0,1,0,1,40,12,"Collingwood","2023",17
14,"Cameron, Darcy",5,4,5,10,0,0,35,2,0,0,0,2,0,1,0,4,8,1,0,2,0,0,78,12,"Collingwood","2023",17
46,"Cox, Mason",3,3,1,4,0,3,6,3,0,0,0,0,0,0,0,2,2,2,3,1,0,0,77,12,"Collingwood","2023",17
25,"Crisp, Jack",13,4,13,26,0,0,0,3,1,5,4,2,1,1,0,7,19,1,0,1,1,0,88,12,"Collingwood","2023",17
7,"Daicos, Josh",14,11,10,24,1,0,0,3,2,1,3,2,1,0,0,7,17,0,1,0,0,1,85,12,"Collingwood","2023",17
35,"Daicos, Nick",13,1,16,29,2,0,0,6,3,5,11,1,2,0,3,15,13,0,1,0,0,0,80,12,"Collingwood","2023",17
2,"de Goey, Jordan",12,4,11,23,1,1,0,5,0,6,5,3,1,0,0,11,13,0,0,2,0,2,86,12,"Collingwood","2023",17
5,"Elliott, Jamie",7,7,2,9,4,2,0,3,0,0,0,2,0,1,0,3,6,1,7,1,0,1,86,12,"Collingwood","2023",17
17,"Frampton, Billy",2,1,3,5,1,0,3,0,0,0,1,1,0,0,0,3,2,0,1,3,0,0,76,12,"Collingwood","2023",17
23,"Hill, Bobby",9,6,3,12,0,2,0,1,0,2,1,1,1,1,0,3,9,0,2,0,3,0,80,12,"Collingwood","2023",17
0,"Hoskin-Elliott, Will",2,0,0,2,0,0,0,4,1,0,0,1,0,0,0,1,2,0,0,0,0,0,39,12,"Collingwood","2023",17
38,"Howe, Jeremy",15,10,3,18,0,0,0,2,5,0,0,3,0,0,0,1,15,0,0,2,1,0,93,12,"Collingwood","2023",17
40,"Johnson, Ash",7,5,4,11,3,0,0,0,0,1,0,3,2,1,0,7,5,2,2,1,0,0,69,12,"Collingwood","2023",17
1,"Lipinski, Patrick",11,7,5,16,1,0,0,0,1,3,1,2,0,1,0,2,14,0,2,0,0,0,83,12,"Collingwood","2023",17
37,"Markov, Oleg",12,6,7,19,0,1,0,2,2,2,0,0,1,0,0,3,16,0,0,0,0,0,87,12,"Collingwood","2023",17
31,"McCreery, Beau",6,4,4,10,0,0,0,4,0,4,0,0,0,0,0,1,8,0,0,1,1,1,71,12,"Collingwood","2023",17
6,"Mitchell, Tom",9,3,15,24,0,0,0,5,0,6,4,1,2,0,0,11,13,0,0,0,0,1,76,12,"Collingwood","2023",17
30,"Moore, Darcy",14,7,8,22,0,0,0,2,6,0,0,5,2,4,0,5,12,0,0,7,1,0,94,12,"Collingwood","2023",17
28,"Murphy, Nathan",7,5,2,9,0,0,0,4,3,0,0,0,1,0,0,5,7,0,0,11,0,0,92,12,"Collingwood","2023",17
9,"Noble, John",16,9,12,28,0,0,0,4,6,2,1,3,1,1,0,5,21,0,0,0,0,0,81,12,"Collingwood","2023",17
10,"Pendlebury, Scott",14,7,7,21,0,0,0,4,2,2,3,2,0,0,0,5,15,0,0,1,0,1,81,12,"Collingwood","2023",17
3,"Quaynor, Isaac",16,13,11,27,0,0,0,3,6,1,0,4,0,1,2,5,21,2,0,2,1,0,84,12,"Collingwood","2023",17
