"Number","Player","Kicks","Marks","Handballs","Disposals","Goals","Behinds","Hitouts","Tackles","Rebounds50s","Inside50s","Clearances","Clangers","FreesFor","FreesAgainst","BrownlowVotes","ContestedPossessions","UncontestedPossessions","ContestedMarks","MarksInside50","OnePercenters","Bounces","GoalAssists","PercentagePlayed","PointDifference","Team","Season","Round"
4,"Ah Chee, Callum",7,3,5,12,0,1,0,3,2,3,2,2,2,2,0,6,7,1,0,0,0,0,81,6,"Brisbane Lions","2023",22
31,"Andrews, Harris",12,7,4,16,1,0,0,0,5,1,0,3,1,0,0,8,7,3,0,18,0,0,95,6,"Brisbane Lions","2023",22
33,"Bailey, Zac",13,4,5,18,2,0,0,1,2,6,4,3,0,1,0,6,11,0,0,1,0,0,72,6,"Brisbane Lions","2023",22
7,"Berry, Jarrod",13,4,6,19,0,0,0,4,4,2,3,5,2,1,0,7,12,0,0,0,0,0,81,6,"Brisbane Lions","2023",22
23,"Cameron, Charlie",9,6,2,11,3,2,0,1,1,1,0,0,1,0,2,4,7,2,5,1,0,3,82,6,"Brisbane Lions","2023",22
3,"Daniher, Joe",8,2,3,11,1,0,0,1,0,5,1,2,3,1,0,7,5,1,0,2,0,0,95,6,"Brisbane Lions","2023",22
5,"Dunkley, Josh",4,2,12,16,0,0,0,7,0,1,3,5,0,3,0,7,8,0,0,1,0,0,83,6,"Brisbane Lions","2023",22
0,"Fletcher, Jaspa",5,2,1,6,0,0,0,1,1,2,2,2,0,1,0,2,4,0,0,0,0,0,40,6,"Brisbane Lions","2023",22
0,"Gunston, Jack",2,2,1,3,0,1,0,0,0,1,0,0,0,0,0,3,0,2,1,0,0,0,32,6,"Brisbane Lions","2023",22
30,"Hipwood, Eric",10,7,1,11,1,2,0,1,0,5,0,5,2,2,0,3,8,0,3,1,0,2,78,6,"Brisbane Lions","2023",22
35,"Lester, Ryan",13,8,3,16,0,0,0,3,5,1,0,1,1,0,0,4,11,1,0,1,0,0,86,6,"Brisbane Lions","2023",22
11,"McCarthy, Lincoln",7,2,3,10,2,1,0,1,0,1,1,3,0,2,0,5,6,0,1,3,0,2,78,6,"Brisbane Lions","2023",22
6,"McCluggage, Hugh",15,5,13,28,2,0,0,5,1,3,8,3,2,0,3,15,13,0,0,0,0,1,84,6,"Brisbane Lions","2023",22
46,"McInerney, Oscar",7,1,2,9,0,0,39,4,2,1,4,0,0,0,0,9,0,1,0,3,0,0,86,6,"Brisbane Lions","2023",22
26,"McKenna, Conor",11,4,4,15,0,0,0,1,5,1,0,1,0,0,0,3,8,0,0,3,1,1,84,6,"Brisbane Lions","2023",22
9,"Neale, Lachie",8,3,15,23,0,0,0,5,1,1,3,3,0,1,1,11,11,0,0,0,1,0,86,6,"Brisbane Lions","2023",22
40,"Payne, Jack",9,7,1,10,0,0,0,0,3,1,1,2,0,1,0,2,9,0,0,5,0,0,95,6,"Brisbane Lions","2023",22
20,"Prior, Jaxon",11,5,3,14,0,0,0,3,1,3,0,3,1,0,0,6,7,0,0,2,0,0,74,6,"Brisbane Lions","2023",22
16,"Rayner, Cam",8,2,4,12,1,1,0,1,0,2,0,5,0,1,0,3,10,0,0,2,0,0,74,6,"Brisbane Lions","2023",22
2,"Robertson, Deven",7,1,5,12,1,0,0,3,0,2,1,3,0,2,0,4,7,0,0,1,0,0,68,6,"Brisbane Lions","2023",22
37,"Starcevich, Brandon",9,7,3,12,0,0,0,0,2,1,0,1,0,0,0,2,8,1,0,3,0,0,78,6,"Brisbane Lions","2023",22
44,"Wilmot, Darcy",14,1,3,17,1,0,0,1,6,3,0,2,1,1,0,4,10,0,0,5,0,0,86,6,"Brisbane Lions","2023",22
15,"Zorko, Dayne",10,3,9,19,0,0,0,6,2,2,5,2,2,0,0,9,9,0,0,1,0,2,79,6,"Brisbane Lions","2023",22
0,"Borlase, James",2,1,1,3,0,0,0,0,1,1,0,2,0,1,0,0,3,0,0,2,0,0,52,-6,"Adelaide","2023",22
5,"Crouch, Matt",8,3,25,33,0,0,0,5,0,2,9,4,3,1,0,17,17,0,0,1,0,1,73,-6,"Adelaide","2023",22
12,"Dawson, Jordan",17,1,7,24,0,0,0,6,1,7,5,1,2,1,0,9,20,0,0,2,1,1,82,-6,"Adelaide","2023",22
32,"Fogarty, Darcy",5,5,5,10,0,1,0,2,0,1,2,3,0,2,0,4,6,1,1,0,0,0,91,-6,"Adelaide","2023",22
20,"Hinge, Mitch",15,6,7,22,0,1,0,5,8,4,1,5,1,2,0,8,13,0,0,2,0,0,83,-6,"Adelaide","2023",22
48,"Keane, Mark",7,3,5,12,0,0,0,3,3,0,0,3,0,2,0,6,4,1,0,6,0,0,90,-6,"Adelaide","2023",22
2,"Keays, Ben",10,2,9,19,2,1,0,0,1,3,1,3,1,1,0,9,8,0,0,1,0,1,82,-6,"Adelaide","2023",22
29,"Laird, Rory",14,4,20,34,0,2,0,8,1,5,2,3,1,1,0,11,23,0,1,0,0,0,78,-6,"Adelaide","2023",22
23,"McAdam, Shane",7,5,3,10,4,1,0,2,0,0,0,1,1,1,0,2,9,0,4,1,0,0,73,-6,"Adelaide","2023",22
16,"Michalanney, Max",10,7,1,11,0,0,0,5,2,3,0,4,1,2,0,2,11,1,1,3,0,0,90,-6,"Adelaide","2023",22
30,"Milera, Wayne",21,8,7,28,0,0,0,3,3,5,0,3,1,0,0,1,25,0,0,0,0,0,85,-6,"Adelaide","2023",22
4,"Murphy, Lachlan",5,3,7,12,0,0,0,7,1,3,2,1,0,1,0,5,6,0,0,0,0,0,84,-6,"Adelaide","2023",22
27,"Nankervis, Luke",8,5,6,14,0,0,0,3,0,2,2,0,0,0,0,3,10,0,0,2,1,2,76,-6,"Adelaide","2023",22
43,"OBrien, Reilly",2,0,7,9,0,0,44,4,0,0,2,2,1,0,0,7,2,0,0,5,0,0,84,-6,"Adelaide","2023",22
10,"Pedlar, Luke",8,4,2,10,2,0,0,3,0,1,3,1,1,0,0,4,6,0,2,0,0,1,80,-6,"Adelaide","2023",22
0,"Rachele, Josh",5,1,2,7,1,1,0,6,0,0,1,1,1,0,0,3,3,0,0,1,0,1,34,-6,"Adelaide","2023",22
26,"Schoenberg, Harry",11,6,10,21,1,0,0,2,4,5,4,2,0,1,0,6,15,0,0,1,0,0,72,-6,"Adelaide","2023",22
9,"Sloane, Rory",8,1,5,13,0,1,0,6,1,3,5,2,1,0,0,6,5,0,0,0,0,0,74,-6,"Adelaide","2023",22
33,"Smith, Brodie",9,7,7,16,0,0,0,0,0,2,0,1,1,0,0,5,10,0,0,0,0,0,84,-6,"Adelaide","2023",22
14,"Soligo, Jake",9,3,11,20,0,1,0,0,1,3,2,3,1,0,0,8,12,0,1,1,1,0,84,-6,"Adelaide","2023",22
7,"Thilthorpe, Riley",5,4,2,7,1,0,5,0,1,0,1,3,0,1,0,3,4,1,2,1,0,1,70,-6,"Adelaide","2023",22
13,"Walker, Taylor",15,6,4,19,2,3,7,1,0,4,2,4,1,0,0,8,10,1,1,2,0,1,92,-6,"Adelaide","2023",22
24,"Worrell, Josh",11,5,2,13,0,0,0,3,5,2,0,2,1,1,0,6,6,1,0,5,0,0,89,-6,"Adelaide","2023",22
