"Number","Player","Kicks","Marks","Handballs","Disposals","Goals","Behinds","Hitouts","Tackles","Rebounds50s","Inside50s","Clearances","Clangers","FreesFor","FreesAgainst","BrownlowVotes","ContestedPossessions","UncontestedPossessions","ContestedMarks","MarksInside50","OnePercenters","Bounces","GoalAssists","PercentagePlayed","PointDifference","Team","Season","Round"
36,"Amartey, Joel",5,3,2,7,4,0,1,2,0,0,0,2,1,1,0,3,4,2,2,0,0,1,58,171,"Sydney","2023",15
22,"Blakey, Nick",11,4,12,23,0,0,0,1,3,3,0,0,0,0,0,3,20,0,0,7,7,0,86,171,"Sydney","2023",15
16,"Campbell, Braeden",12,6,8,20,0,1,0,1,0,7,0,2,0,1,0,8,13,2,0,0,0,3,85,171,"Sydney","2023",15
4,"Clarke, Ryan",5,5,11,16,2,1,0,0,0,1,1,3,0,0,0,5,11,0,2,0,0,0,81,171,"Sydney","2023",15
7,"Cunningham, Harry",8,7,6,14,0,0,0,3,3,3,1,1,0,0,0,1,14,0,0,1,0,0,93,171,"Sydney","2023",15
13,"Florent, Oliver",5,0,13,18,0,1,0,2,0,3,2,0,0,0,0,4,12,0,0,1,2,1,86,171,"Sydney","2023",15
0,"Fox, Robbie",6,4,4,10,1,0,0,1,0,2,1,0,0,0,0,2,8,1,2,1,0,0,24,171,"Sydney","2023",15
10,"Francis, Aaron",4,3,5,9,0,0,0,0,3,0,0,3,1,2,0,4,6,0,0,6,0,0,85,171,"Sydney","2023",15
21,"Gulden, Errol",22,7,10,32,3,0,0,5,2,7,2,4,0,0,3,10,21,1,1,0,2,3,88,171,"Sydney","2023",15
5,"Heeney, Isaac",13,6,9,22,5,4,0,5,0,3,1,1,0,0,2,10,13,1,3,3,0,4,83,171,"Sydney","2023",15
31,"Hickey, Tom",9,4,10,19,0,0,35,0,1,7,7,2,2,2,0,13,6,2,0,0,0,1,76,171,"Sydney","2023",15
44,"Lloyd, Jake",15,4,7,22,0,0,0,1,2,5,1,2,1,1,0,5,16,0,0,3,1,0,90,171,"Sydney","2023",15
6,"McDonald, Logan",9,7,2,11,4,0,0,1,0,1,0,0,1,0,0,5,7,2,6,1,0,1,74,171,"Sydney","2023",15
27,"McInerney, Justin",12,4,10,22,3,0,0,1,0,4,1,1,1,0,0,6,16,0,1,1,1,1,77,171,"Sydney","2023",15
2,"McLean, Hayden",8,5,8,16,3,2,17,3,0,2,0,2,2,0,0,7,8,3,2,3,0,2,89,171,"Sydney","2023",15
43,"Melican, Lewis",4,2,4,8,0,0,0,1,2,0,0,3,2,1,0,2,6,0,0,5,0,0,77,171,"Sydney","2023",15
0,"Mills, Callum",7,3,13,20,0,0,0,2,1,1,2,1,0,0,0,6,13,2,0,0,0,1,55,171,"Sydney","2023",15
11,"Papley, Tom",13,8,5,18,1,2,0,5,0,4,1,4,0,0,0,5,13,1,6,2,1,1,84,171,"Sydney","2023",15
26,"Parker, Luke",9,3,19,28,2,0,0,3,1,3,10,2,1,2,0,18,13,1,2,2,0,0,87,171,"Sydney","2023",15
24,"Rampe, Dane",5,1,11,16,0,0,0,2,4,1,0,0,1,0,0,7,9,0,0,2,0,0,84,171,"Sydney","2023",15
8,"Rowbottom, James",17,2,10,27,0,2,0,13,2,6,9,4,4,2,0,20,10,0,0,3,0,1,82,171,"Sydney","2023",15
29,"Sheldrick, Angus",14,4,15,29,1,3,0,4,4,3,4,2,2,0,0,12,17,1,1,0,1,0,73,171,"Sydney","2023",15
1,"Warner, Chad",18,3,15,33,2,2,0,5,1,11,4,2,1,0,1,6,26,0,1,0,2,4,83,171,"Sydney","2023",15
12,"Allen, Oscar",2,1,2,4,2,0,0,1,0,0,1,1,1,1,0,3,1,1,1,3,0,0,93,-171,"West Coast","2023",15
37,"Barrass, Tom",6,6,7,13,0,0,0,0,3,0,0,3,0,2,0,7,7,2,0,4,0,0,76,-171,"West Coast","2023",15
33,"Bazzo, Rhett",2,1,4,6,0,0,0,0,2,0,0,1,0,1,0,0,7,0,0,3,0,0,79,-171,"West Coast","2023",15
0,"Chesser, Campbell",4,1,5,9,0,1,0,0,1,0,1,3,0,1,0,1,8,0,0,1,0,0,59,-171,"West Coast","2023",15
27,"Darling, Jack",7,3,2,9,2,0,3,0,0,2,2,1,1,0,0,2,5,1,1,1,0,0,89,-171,"West Coast","2023",15
14,"Duggan, Liam",13,7,2,15,0,0,0,2,8,1,0,1,0,1,0,1,9,0,0,2,0,0,84,-171,"West Coast","2023",15
16,"Edwards, Luke",1,2,2,3,0,0,0,4,0,0,0,0,0,0,0,0,3,0,0,0,0,0,80,-171,"West Coast","2023",15
3,"Gaff, Andrew",5,2,8,13,0,1,0,2,1,1,1,0,0,0,0,4,10,0,0,0,0,0,85,-171,"West Coast","2023",15
7,"Ginbey, Reuben",6,2,13,19,0,0,0,3,3,2,1,5,0,1,0,6,14,1,0,2,0,0,76,-171,"West Coast","2023",15
8,"Hewett, Elijah",8,3,8,16,0,0,0,0,0,3,1,3,1,1,0,4,11,0,0,0,0,1,75,-171,"West Coast","2023",15
19,"Hough, Brady",7,4,9,16,0,0,0,0,2,0,1,1,1,0,0,4,11,0,0,0,0,0,86,-171,"West Coast","2023",15
5,"Hunt, Jayden",4,2,6,10,0,0,0,4,2,2,2,1,0,0,0,5,5,0,0,1,0,1,90,-171,"West Coast","2023",15
11,"Kelly, Tim",16,4,11,27,1,0,0,6,4,3,7,6,1,2,0,13,15,0,0,2,0,0,87,-171,"West Coast","2023",15
44,"Long, Noah",5,1,2,7,0,0,0,5,0,1,0,3,1,1,0,6,3,0,0,0,0,0,83,-171,"West Coast","2023",15
41,"Maric, Ryan",3,1,3,6,0,0,0,2,0,2,0,1,1,0,0,2,4,0,0,0,0,0,80,-171,"West Coast","2023",15
10,"Petrevski-Seton, Sam",2,2,6,8,0,0,0,3,0,1,1,0,0,0,0,5,3,1,1,0,0,1,66,-171,"West Coast","2023",15
21,"Petruccelle, Jack",9,4,13,22,0,0,0,2,4,2,3,4,0,1,0,8,14,0,0,3,2,0,81,-171,"West Coast","2023",15
4,"Sheed, Dom",10,5,10,20,0,1,0,1,2,0,4,1,0,1,0,6,15,0,0,0,0,0,78,-171,"West Coast","2023",15
13,"Shuey, Luke",18,5,10,28,0,0,0,8,2,6,5,2,2,1,0,11,17,0,0,1,1,1,77,-171,"West Coast","2023",15
32,"Williams, Bailey",4,2,7,11,0,0,37,4,0,2,2,3,1,1,0,5,7,0,0,3,0,0,85,-171,"West Coast","2023",15
0,"Williams, Jack",1,0,1,2,0,0,1,1,0,0,0,0,0,0,0,1,1,0,0,2,0,0,21,-171,"West Coast","2023",15
23,"Witherden, Alex",7,3,10,17,0,0,0,0,6,1,1,1,0,1,0,7,7,0,0,4,0,0,92,-171,"West Coast","2023",15
6,"Yeo, Elliot",15,3,4,19,0,0,0,10,6,5,4,4,2,2,0,6,9,0,0,5,1,0,77,-171,"West Coast","2023",15
