"Number","Player","Kicks","Marks","Handballs","Disposals","Goals","Behinds","Hitouts","Tackles","Rebounds50s","Inside50s","Clearances","Clangers","FreesFor","FreesAgainst","BrownlowVotes","ContestedPossessions","UncontestedPossessions","ContestedMarks","MarksInside50","OnePercenters","Bounces","GoalAssists","PercentagePlayed","PointDifference","Team","Season","Round"
26,"Battle, Josh",9,7,7,16,0,0,0,1,3,0,0,1,4,0,0,7,9,2,0,0,0,0,92,-19,"St Kilda","2023",21
16,"Butler, Dan",7,3,5,12,2,0,0,5,1,2,0,5,1,3,0,4,10,0,1,1,0,1,75,-19,"St Kilda","2023",21
13,"Byrnes, Ryan",8,2,4,12,0,0,0,3,2,3,0,3,0,0,0,4,7,0,0,0,0,1,78,-19,"St Kilda","2023",21
47,"Caminiti, Anthony",5,2,5,10,0,0,1,2,1,2,1,5,1,0,0,5,5,0,0,2,0,0,86,-19,"St Kilda","2023",21
11,"Clark, Hunter",13,6,7,20,0,0,0,10,1,2,1,4,0,1,0,5,13,0,0,0,0,0,67,-19,"St Kilda","2023",21
21,"Cordy, Zaine",2,3,5,7,0,0,0,2,1,0,0,0,0,0,0,4,4,0,0,9,0,0,80,-19,"St Kilda","2023",21
5,"Crouch, Brad",15,2,16,31,1,0,0,9,3,3,7,6,1,0,1,13,14,0,0,1,0,0,86,-19,"St Kilda","2023",21
4,"Gresham, Jade",7,5,10,17,0,1,0,3,0,5,2,2,1,0,0,8,9,0,2,1,0,0,73,-19,"St Kilda","2023",21
22,"Higgins, Jack",7,6,10,17,1,3,0,1,0,2,0,1,0,0,0,3,14,0,3,0,0,0,79,-19,"St Kilda","2023",21
8,"Hill, Bradley",13,4,8,21,0,0,0,1,4,4,1,4,2,3,0,4,18,0,0,1,0,1,84,-19,"St Kilda","2023",21
12,"King, Max",4,6,5,9,2,1,0,0,0,1,0,2,0,1,0,3,6,2,3,0,0,1,72,-19,"St Kilda","2023",21
19,"Marshall, Rowan",11,4,2,13,1,0,30,8,2,3,3,4,2,1,0,12,1,4,1,2,0,0,88,-19,"St Kilda","2023",21
10,"Owens, Mitch",14,2,6,20,0,0,0,2,2,4,3,2,1,0,0,12,8,2,0,2,0,0,80,-19,"St Kilda","2023",21
0,"Phillipou, Mattaes",4,3,4,8,1,0,0,2,0,2,0,1,0,0,0,4,4,1,1,0,0,0,58,-19,"St Kilda","2023",21
43,"Sharman, Cooper",4,2,7,11,0,0,0,1,0,3,0,1,0,0,0,5,6,0,0,1,0,1,91,-19,"St Kilda","2023",21
35,"Sinclair, Jack",17,1,6,23,0,0,0,4,5,2,1,3,1,0,0,6,12,0,0,3,1,1,86,-19,"St Kilda","2023",21
9,"Steele, Jack",6,1,5,11,0,0,0,10,1,1,1,6,0,4,0,6,5,0,0,1,0,1,75,-19,"St Kilda","2023",21
0,"Stocker, Liam",5,3,4,9,0,0,0,0,1,1,0,0,0,0,0,1,7,0,0,0,0,0,24,-19,"St Kilda","2023",21
7,"Wanganeen-Milera, Nasiah",14,5,8,22,0,0,0,0,3,1,0,2,1,0,0,5,14,0,0,2,1,0,76,-19,"St Kilda","2023",21
29,"Webster, Jimmy",9,9,8,17,0,0,0,3,3,0,0,1,0,0,0,4,13,1,0,6,0,0,82,-19,"St Kilda","2023",21
44,"Wilkie, Callum",17,10,6,23,0,0,0,4,6,0,0,4,1,1,0,7,14,0,0,9,0,0,100,-19,"St Kilda","2023",21
17,"Windhager, Marcus",7,3,7,14,0,0,0,5,5,0,0,1,0,0,0,3,11,0,0,0,0,0,80,-19,"St Kilda","2023",21
32,"Wood, Mason",27,14,9,36,0,0,0,3,2,3,2,6,0,0,0,6,30,1,0,6,0,0,88,-19,"St Kilda","2023",21
13,"Acres, Blake",14,11,13,27,2,0,0,1,2,3,1,3,0,0,0,6,21,0,1,4,0,1,88,19,"Carlton","2023",21
39,"Cincotta, Alex",8,4,9,17,0,0,0,1,2,4,2,2,0,0,0,7,9,0,0,2,0,0,81,19,"Carlton","2023",21
46,"Cottrell, Matthew",13,7,5,18,0,2,0,0,0,2,1,2,0,1,0,7,13,0,3,3,0,0,96,19,"Carlton","2023",21
9,"Cripps, Patrick",10,0,14,24,0,0,0,1,0,5,11,5,3,1,0,15,10,0,0,0,0,1,76,19,"Carlton","2023",21
28,"Cuningham, David",8,3,10,18,1,0,0,4,0,1,1,4,0,0,0,5,11,1,1,0,1,0,85,19,"Carlton","2023",21
30,"Curnow, Charlie",8,6,2,10,1,0,1,2,0,5,0,5,1,4,0,6,6,2,0,0,0,2,96,19,"Carlton","2023",21
0,"Curnow, Ed",2,0,2,4,0,0,0,0,0,1,0,0,0,0,0,0,4,0,0,0,0,1,10,19,"Carlton","2023",21
12,"De Koning, Tom",8,1,6,14,1,1,9,3,0,6,6,2,1,0,0,10,4,0,0,3,0,0,84,19,"Carlton","2023",21
15,"Docherty, Sam",14,7,12,26,0,3,0,6,4,1,2,4,1,1,2,6,20,0,2,1,1,2,74,19,"Carlton","2023",21
2,"Dow, Paddy",13,0,9,22,1,0,0,4,0,5,7,4,3,1,0,10,14,0,0,0,0,1,75,19,"Carlton","2023",21
25,"Fisher, Zac",21,4,11,32,0,0,0,3,4,3,4,4,2,1,0,9,23,0,0,4,0,0,77,19,"Carlton","2023",21
0,"Fogarty, Lachie",2,1,2,4,0,0,0,4,0,0,0,1,0,1,0,3,2,0,0,1,0,0,62,19,"Carlton","2023",21
29,"Hewett, George",9,6,14,23,0,0,0,8,2,1,3,0,0,0,0,8,16,0,1,0,1,0,78,19,"Carlton","2023",21
14,"Hollands, Oliver",9,4,11,20,0,0,0,6,2,2,0,2,2,0,0,10,11,0,0,2,0,0,89,19,"Carlton","2023",21
17,"Kemp, Brodie",11,6,7,18,0,0,0,3,2,1,0,2,0,0,0,4,14,0,0,2,0,0,88,19,"Carlton","2023",21
22,"Marchbank, Caleb",7,5,7,14,0,0,0,2,0,1,0,5,0,2,0,3,12,0,0,6,0,0,80,19,"Carlton","2023",21
21,"Martin, Jack",6,5,9,15,1,0,0,3,1,2,0,1,0,0,0,7,8,2,1,3,0,0,69,19,"Carlton","2023",21
3,"Motlop, Jesse",5,2,8,13,2,1,0,3,0,2,0,1,0,0,0,5,8,0,1,0,2,0,72,19,"Carlton","2023",21
24,"Newman, Nic",26,13,9,35,0,0,0,3,6,6,4,4,1,3,3,10,23,0,0,6,1,0,91,19,"Carlton","2023",21
44,"Owies, Matthew",6,3,5,11,1,2,0,2,0,3,0,3,0,1,0,2,9,0,3,1,1,1,73,19,"Carlton","2023",21
27,"Pittonet, Marc",5,3,3,8,0,0,23,2,0,1,4,0,0,0,0,6,3,1,1,0,0,0,72,19,"Carlton","2023",21
42,"Saad, Adam",9,3,2,11,0,0,0,1,3,1,0,1,0,0,0,2,8,0,0,5,5,0,83,19,"Carlton","2023",21
23,"Weitering, Jacob",15,10,1,16,0,0,0,0,7,0,0,1,0,0,0,5,10,3,0,3,0,0,100,19,"Carlton","2023",21
