"Number","Player","Kicks","Marks","Handballs","Disposals","Goals","Behinds","Hitouts","Tackles","Rebounds50s","Inside50s","Clearances","Clangers","FreesFor","FreesAgainst","BrownlowVotes","ContestedPossessions","UncontestedPossessions","ContestedMarks","MarksInside50","OnePercenters","Bounces","GoalAssists","PercentagePlayed","PointDifference","Team","Season","Round"
17,"Bowey, Jake",14,4,5,19,1,0,0,1,3,0,2,0,1,0,0,6,11,0,0,4,0,0,71,1,"Melbourne","2023",18
10,"Brayshaw, Angus",15,2,14,29,0,1,0,1,2,5,5,3,0,0,0,9,20,0,1,0,0,1,78,1,"Melbourne","2023",18
50,"Brown, Ben",4,3,2,6,1,0,1,1,0,1,0,1,2,0,0,4,2,1,1,1,0,2,70,1,"Melbourne","2023",18
11,"Gawn, Max",13,5,16,29,1,1,39,7,1,3,10,1,5,1,1,21,8,3,0,2,0,1,92,1,"Melbourne","2023",18
12,"Hunter, Lachie",14,3,12,26,0,0,0,3,3,4,2,2,2,0,0,7,18,0,0,1,0,0,93,1,"Melbourne","2023",18
23,"Jordon, James",11,8,8,19,0,0,0,1,4,0,3,4,0,0,0,3,17,0,1,1,0,0,75,1,"Melbourne","2023",18
15,"Langdon, Ed",8,2,7,15,0,0,0,2,2,3,3,2,0,0,0,4,11,0,0,0,0,0,92,1,"Melbourne","2023",18
8,"Lever, Jake",7,4,3,10,0,0,0,2,3,1,0,1,0,0,0,4,6,1,0,3,0,0,100,1,"Melbourne","2023",18
1,"May, Steven",12,5,5,17,0,0,0,3,6,0,0,4,0,1,0,4,8,1,0,6,1,0,100,1,"Melbourne","2023",18
41,"McVee, Judd",6,1,8,14,0,0,0,0,5,1,0,1,0,0,0,5,8,0,1,5,1,0,84,1,"Melbourne","2023",18
18,"Melksham, Jake",12,10,1,13,2,1,0,3,0,5,0,5,0,2,0,6,7,4,4,0,0,0,84,1,"Melbourne","2023",18
30,"Neal-Bullen, Alex",10,2,11,21,1,0,0,2,1,3,0,5,1,2,0,7,13,0,0,0,0,1,73,1,"Melbourne","2023",18
5,"Petracca, Christian",12,3,14,26,4,2,0,4,0,2,7,3,3,1,3,16,11,0,2,0,0,0,89,1,"Melbourne","2023",18
0,"Petty, Harry",2,1,1,3,0,0,0,0,2,0,0,0,0,0,0,2,2,0,0,4,0,0,52,1,"Melbourne","2023",18
36,"Pickett, Kysaiah",10,3,1,11,3,0,0,5,0,3,3,2,1,1,0,7,5,0,0,1,0,1,86,1,"Melbourne","2023",18
24,"Rivers, Trent",13,2,4,17,0,0,0,2,3,5,2,1,0,0,0,6,10,1,0,0,0,0,81,1,"Melbourne","2023",18
3,"Salem, Christian",8,2,8,16,0,0,0,3,1,2,0,5,0,2,0,7,10,0,0,0,0,0,87,1,"Melbourne","2023",18
0,"Smith, Joel",3,2,2,5,0,0,0,1,0,1,0,1,0,0,0,4,2,2,0,1,0,0,32,1,"Melbourne","2023",18
9,"Spargo, Charlie",7,4,4,11,1,1,0,0,0,4,0,2,1,1,0,2,9,0,1,2,0,0,60,1,"Melbourne","2023",18
32,"Sparrow, Tom",8,3,6,14,0,0,0,3,1,3,1,2,0,0,0,5,9,0,0,1,0,0,79,1,"Melbourne","2023",18
2,"van Rooyen, Jacob",1,2,7,8,0,0,7,1,0,0,1,4,0,2,0,3,5,0,1,1,0,0,70,1,"Melbourne","2023",18
7,"Viney, Jack",13,3,12,25,1,0,0,8,1,4,5,2,1,1,0,10,14,0,0,1,0,1,82,1,"Melbourne","2023",18
40,"Woewodin, Taj",4,1,5,9,1,0,0,3,1,1,1,0,1,0,0,4,6,1,0,0,0,0,69,1,"Melbourne","2023",18
31,"Andrews, Harris",13,10,2,15,0,0,0,1,3,0,0,3,2,1,0,6,10,1,0,9,0,0,100,-1,"Brisbane Lions","2023",18
8,"Ashcroft, Will",10,4,7,17,1,0,0,5,0,5,4,0,0,0,0,5,11,1,0,1,0,3,76,-1,"Brisbane Lions","2023",18
33,"Bailey, Zac",12,3,7,19,2,1,0,2,0,6,1,3,0,0,0,8,11,0,1,0,0,1,80,-1,"Brisbane Lions","2023",18
0,"Berry, Jarrod",5,3,3,8,0,0,0,3,1,2,0,1,0,1,0,2,6,0,1,0,0,1,59,-1,"Brisbane Lions","2023",18
23,"Cameron, Charlie",7,6,0,7,2,1,0,2,0,1,0,2,0,0,0,1,6,1,2,1,0,0,82,-1,"Brisbane Lions","2023",18
18,"Coleman, Keidean",14,4,4,18,0,0,0,2,1,3,0,4,2,1,0,4,12,0,0,4,0,1,68,-1,"Brisbane Lions","2023",18
3,"Daniher, Joe",15,8,9,24,2,3,1,0,0,4,1,9,1,2,2,8,15,2,4,1,0,1,81,-1,"Brisbane Lions","2023",18
28,"Fletcher, Jaspa",7,4,7,14,1,0,0,3,0,4,2,1,0,0,0,5,9,0,1,0,1,2,69,-1,"Brisbane Lions","2023",18
19,"Gunston, Jack",11,6,2,13,3,0,0,2,0,3,0,1,0,0,0,5,8,1,2,0,0,0,84,-1,"Brisbane Lions","2023",18
30,"Hipwood, Eric",7,6,2,9,1,0,0,1,0,2,0,2,0,1,0,3,7,1,1,2,0,0,86,-1,"Brisbane Lions","2023",18
35,"Lester, Ryan",11,3,5,16,0,0,0,1,4,1,0,1,1,0,0,8,7,0,0,3,0,0,85,-1,"Brisbane Lions","2023",18
17,"Lyons, Jarryd",10,2,9,19,1,0,0,4,0,4,4,3,0,0,0,11,8,1,0,2,0,0,69,-1,"Brisbane Lions","2023",18
11,"McCarthy, Lincoln",8,5,1,9,2,1,0,2,0,2,0,0,1,0,0,1,8,0,3,1,0,0,77,-1,"Brisbane Lions","2023",18
6,"McCluggage, Hugh",17,10,5,22,0,1,0,3,3,4,2,0,0,0,0,5,16,0,1,0,0,0,84,-1,"Brisbane Lions","2023",18
46,"McInerney, Oscar",8,1,5,13,1,0,33,6,1,2,3,3,0,2,0,7,4,1,0,10,0,0,86,-1,"Brisbane Lions","2023",18
26,"McKenna, Conor",13,3,6,19,0,0,0,2,3,2,1,4,1,1,0,4,14,0,0,3,1,1,82,-1,"Brisbane Lions","2023",18
9,"Neale, Lachie",10,2,9,19,0,0,0,6,1,5,9,4,0,1,0,13,6,0,0,1,0,1,93,-1,"Brisbane Lions","2023",18
40,"Payne, Jack",12,8,3,15,0,0,0,0,5,1,0,3,1,1,0,7,8,2,0,5,0,0,97,-1,"Brisbane Lions","2023",18
16,"Rayner, Cam",4,0,4,8,0,0,0,3,1,1,0,4,0,2,0,4,4,0,0,0,0,0,85,-1,"Brisbane Lions","2023",18
0,"Robertson, Deven",1,1,3,4,0,0,0,2,1,0,1,0,0,0,0,3,1,0,0,1,0,0,19,-1,"Brisbane Lions","2023",18
37,"Starcevich, Brandon",12,9,2,14,0,0,0,1,3,0,0,3,2,2,0,5,11,2,0,1,0,0,84,-1,"Brisbane Lions","2023",18
44,"Wilmot, Darcy",13,2,4,17,0,0,0,1,6,2,1,2,2,2,0,4,8,0,0,4,0,2,84,-1,"Brisbane Lions","2023",18
15,"Zorko, Dayne",10,7,6,16,0,0,0,1,0,2,3,1,1,1,0,6,12,0,1,1,0,0,72,-1,"Brisbane Lions","2023",18
