"Number","Player","Kicks","Marks","Handballs","Disposals","Goals","Behinds","Hitouts","Tackles","Rebounds50s","Inside50s","Clearances","Clangers","FreesFor","FreesAgainst","BrownlowVotes","ContestedPossessions","UncontestedPossessions","ContestedMarks","MarksInside50","OnePercenters","Bounces","GoalAssists","PercentagePlayed","PointDifference","Team","Season","Round"
12,"Allen, Oscar",4,2,5,9,2,0,0,1,0,1,0,0,1,0,0,4,5,0,1,1,0,1,85,-108,"West Coast","2023",7
37,"Barrass, Tom",2,2,2,4,0,0,1,0,2,0,0,2,0,1,0,3,2,0,0,9,0,0,94,-108,"West Coast","2023",7
0,"Bazzo, Rhett",1,0,2,3,0,0,0,0,0,0,0,1,0,0,0,3,1,0,0,2,0,0,16,-108,"West Coast","2023",7
39,"Clark, Greg",6,4,6,12,0,0,0,1,1,2,2,3,0,1,0,5,7,0,0,0,0,0,85,-108,"West Coast","2023",7
49,"Culley, Jai",3,0,2,5,1,0,0,3,0,2,0,1,1,0,0,2,3,0,0,1,0,1,82,-108,"West Coast","2023",7
27,"Darling, Jack",3,2,5,8,0,2,7,4,0,1,1,0,0,0,0,4,4,0,1,1,0,1,89,-108,"West Coast","2023",7
14,"Duggan, Liam",17,8,6,23,0,0,0,2,4,4,2,3,1,0,0,8,13,0,0,3,0,0,84,-108,"West Coast","2023",7
16,"Edwards, Luke",6,4,9,15,0,0,0,1,0,1,2,2,0,2,0,6,9,0,0,2,0,0,70,-108,"West Coast","2023",7
29,"Foley, Luke",5,2,4,9,0,0,0,1,1,1,0,1,1,0,0,2,7,0,0,0,0,0,90,-108,"West Coast","2023",7
3,"Gaff, Andrew",8,1,9,17,0,1,0,2,1,0,2,2,1,2,0,5,13,0,1,0,0,0,82,-108,"West Coast","2023",7
7,"Ginbey, Reuben",2,1,8,10,0,0,0,7,1,2,3,3,0,1,0,5,5,0,0,2,0,0,72,-108,"West Coast","2023",7
5,"Hunt, Jayden",18,5,5,23,0,0,0,3,5,4,5,4,2,0,0,8,15,0,0,2,0,0,91,-108,"West Coast","2023",7
25,"Hurn, Shannon",13,3,6,19,0,0,0,0,6,1,0,1,0,0,0,4,7,1,0,2,1,0,71,-108,"West Coast","2023",7
31,"Jones, Jamaine",9,4,6,15,0,0,0,5,1,2,1,4,2,1,0,3,13,0,0,0,3,1,82,-108,"West Coast","2023",7
11,"Kelly, Tim",10,4,17,27,0,0,0,8,0,1,4,7,0,0,0,12,14,0,0,0,0,0,79,-108,"West Coast","2023",7
24,"ONeill, Xavier",7,1,9,16,2,1,0,5,0,1,5,1,0,1,0,8,7,0,0,0,0,0,75,-108,"West Coast","2023",7
0,"Petrevski-Seton, Sam",1,1,3,4,0,0,0,3,0,0,0,1,0,1,0,2,2,0,0,0,0,0,49,-108,"West Coast","2023",7
21,"Petruccelle, Jack",6,1,4,10,0,1,0,5,0,4,2,0,1,0,0,4,6,0,0,0,1,1,70,-108,"West Coast","2023",7
35,"Rotham, Josh",5,2,0,5,0,0,2,2,2,0,0,2,1,1,0,2,4,0,0,6,0,0,89,-108,"West Coast","2023",7
2,"Waterman, Jake",7,5,3,10,0,1,3,2,2,0,1,0,0,0,0,2,9,0,1,3,0,0,83,-108,"West Coast","2023",7
36,"West, Connor",7,2,6,13,0,0,0,2,1,2,2,2,0,0,0,9,4,1,0,0,0,1,88,-108,"West Coast","2023",7
32,"Williams, Bailey",4,0,9,13,0,0,21,4,0,3,5,4,3,3,0,9,3,0,0,1,0,0,87,-108,"West Coast","2023",7
23,"Witherden, Alex",12,3,3,15,1,0,0,3,6,2,1,0,2,0,0,5,6,0,0,2,1,0,87,-108,"West Coast","2023",7
13,"Acres, Blake",20,10,14,34,1,0,0,2,4,6,4,3,0,1,0,8,26,0,1,0,0,1,84,108,"Carlton","2023",7
5,"Cerra, Adam",19,8,11,30,1,0,0,8,0,5,3,4,2,2,0,8,23,0,1,1,0,3,75,108,"Carlton","2023",7
39,"Cincotta, Alex",9,4,8,17,0,0,0,6,2,3,0,1,1,1,0,8,10,1,0,2,1,1,80,108,"Carlton","2023",7
9,"Cripps, Patrick",6,3,27,33,1,0,0,8,1,3,8,2,3,2,1,23,12,0,0,1,0,1,77,108,"Carlton","2023",7
30,"Curnow, Charlie",15,14,3,18,9,3,0,0,0,3,0,0,1,0,3,12,6,8,11,2,0,2,90,108,"Carlton","2023",7
35,"Curnow, Ed",10,5,6,16,0,1,0,3,1,1,0,1,0,1,0,2,13,0,1,0,1,0,78,108,"Carlton","2023",7
15,"Docherty, Sam",15,6,9,24,0,0,0,4,0,5,3,2,0,1,0,7,15,1,3,0,0,3,73,108,"Carlton","2023",7
19,"Durdin, Corey",6,1,4,10,1,1,0,2,0,1,0,0,0,0,0,4,6,0,1,0,0,0,83,108,"Carlton","2023",7
25,"Fisher, Zac",13,8,8,21,0,3,0,1,2,1,2,0,0,0,0,2,19,0,1,2,1,1,79,108,"Carlton","2023",7
29,"Hewett, George",14,5,18,32,0,0,0,8,2,5,6,3,2,1,2,10,22,0,0,0,0,0,85,108,"Carlton","2023",7
14,"Hollands, Oliver",9,5,3,12,1,0,0,3,0,4,0,1,0,0,0,2,9,0,1,1,0,0,76,108,"Carlton","2023",7
36,"Honey, Josh",4,1,4,8,1,0,0,2,0,2,1,1,0,1,0,3,5,0,1,1,0,1,66,108,"Carlton","2023",7
17,"Kemp, Brodie",18,13,4,22,1,0,0,0,4,1,1,3,0,0,0,5,16,2,0,2,0,0,91,108,"Carlton","2023",7
0,"Kennedy, Matthew",4,1,3,7,1,0,0,2,0,2,2,0,0,0,0,3,4,0,0,0,0,0,25,108,"Carlton","2023",7
11,"McGovern, Mitch",6,1,2,8,0,0,0,2,2,2,0,1,2,0,0,2,5,0,0,3,0,0,66,108,"Carlton","2023",7
10,"McKay, Harry",9,7,4,13,2,1,1,2,0,3,1,3,0,2,0,4,9,1,5,2,0,2,89,108,"Carlton","2023",7
24,"Newman, Nic",26,14,8,34,1,1,0,5,2,4,2,3,1,0,0,9,23,1,1,5,0,0,91,108,"Carlton","2023",7
27,"Pittonet, Marc",7,1,6,13,0,0,35,6,0,1,6,3,2,2,0,11,4,0,0,5,0,0,85,108,"Carlton","2023",7
0,"Saad, Adam",13,5,12,25,0,0,0,2,5,1,0,0,0,0,0,3,18,0,0,1,3,0,58,108,"Carlton","2023",7
1,"Silvagni, Jack",11,4,6,17,3,1,3,3,0,0,1,1,0,0,0,2,13,0,1,2,0,1,77,108,"Carlton","2023",7
18,"Walsh, Sam",12,5,18,30,0,1,0,10,0,3,2,3,0,0,0,5,25,0,1,0,0,3,86,108,"Carlton","2023",7
23,"Weitering, Jacob",10,10,7,17,0,0,0,2,2,0,1,2,0,1,0,3,15,0,0,8,0,0,100,108,"Carlton","2023",7
33,"Young, Lewis",5,6,6,11,0,0,11,2,1,0,0,1,0,0,0,2,9,0,0,8,0,0,86,108,"Carlton","2023",7
