"Number","Player","Kicks","Marks","Handballs","Disposals","Goals","Behinds","Hitouts","Tackles","Rebounds50s","Inside50s","Clearances","Clangers","FreesFor","FreesAgainst","BrownlowVotes","ContestedPossessions","UncontestedPossessions","ContestedMarks","MarksInside50","OnePercenters","Bounces","GoalAssists","PercentagePlayed","PointDifference","Team","Season","Round"
36,"Amartey, Joel",6,5,2,8,1,1,6,8,0,3,0,1,1,1,0,5,3,2,2,1,0,1,72,2,"Sydney","2023",18
22,"Blakey, Nick",11,3,12,23,0,0,0,0,5,3,1,2,0,1,0,6,13,0,0,4,4,0,74,2,"Sydney","2023",18
16,"Campbell, Braeden",7,4,5,12,0,1,0,1,3,2,1,2,0,1,0,4,8,0,1,2,0,0,74,2,"Sydney","2023",18
0,"Clarke, Ryan",1,0,1,2,0,0,0,1,0,1,0,0,1,0,0,1,1,0,0,0,0,0,23,2,"Sydney","2023",18
7,"Cunningham, Harry",14,8,4,18,0,0,0,6,3,0,1,3,0,1,0,6,13,0,0,5,0,0,88,2,"Sydney","2023",18
13,"Florent, Oliver",20,4,3,23,2,0,0,3,3,3,3,3,1,0,0,6,11,0,2,3,0,0,87,2,"Sydney","2023",18
42,"Fox, Robbie",6,3,5,11,0,0,0,0,4,0,1,1,0,0,0,5,7,0,0,6,0,0,86,2,"Sydney","2023",18
23,"Franklin, Lance",9,3,3,12,2,2,0,5,0,1,1,2,3,0,0,6,4,3,3,1,0,1,87,2,"Sydney","2023",18
21,"Gulden, Errol",21,5,9,30,0,0,0,7,2,11,5,4,2,0,3,10,19,0,0,1,0,1,90,2,"Sydney","2023",18
9,"Hayward, Will",5,2,4,9,0,2,0,6,0,1,0,1,4,1,0,9,1,1,1,4,0,0,82,2,"Sydney","2023",18
5,"Heeney, Isaac",8,1,6,14,1,1,0,8,1,2,4,1,1,0,0,9,4,0,0,3,0,1,81,2,"Sydney","2023",18
30,"McCartin, Tom",8,7,7,15,0,0,0,2,7,0,0,1,0,0,0,5,10,2,0,13,0,0,89,2,"Sydney","2023",18
6,"McDonald, Logan",2,3,2,4,0,0,3,1,0,1,1,1,0,0,0,3,2,1,1,1,0,1,72,2,"Sydney","2023",18
27,"McInerney, Justin",15,5,8,23,0,1,0,6,3,1,1,4,2,2,0,7,14,0,1,0,1,0,82,2,"Sydney","2023",18
2,"McLean, Hayden",10,4,4,14,0,0,25,2,3,4,2,5,1,3,0,7,6,1,0,3,0,0,87,2,"Sydney","2023",18
0,"Melican, Lewis",4,0,1,5,0,0,0,1,4,0,0,0,0,0,0,2,3,0,0,4,0,0,61,2,"Sydney","2023",18
14,"Mills, Callum",8,4,7,15,0,0,0,5,0,2,2,1,1,0,0,8,7,0,0,1,0,1,80,2,"Sydney","2023",18
11,"Papley, Tom",12,2,2,14,4,2,0,1,0,4,4,3,1,0,1,7,7,0,1,3,0,1,83,2,"Sydney","2023",18
26,"Parker, Luke",15,3,8,23,0,0,0,3,1,4,4,3,1,0,0,10,10,0,0,1,0,0,79,2,"Sydney","2023",18
24,"Rampe, Dane",11,4,5,16,0,0,0,3,4,1,0,2,1,1,0,3,12,0,0,5,0,0,90,2,"Sydney","2023",18
8,"Rowbottom, James",10,1,7,17,1,0,0,10,1,2,2,2,0,0,0,7,11,0,0,1,0,0,74,2,"Sydney","2023",18
37,"Warner, Corey",3,2,0,3,0,0,0,3,1,1,0,0,1,0,0,0,3,0,0,2,0,0,71,2,"Sydney","2023",18
15,"Wicks, Sam",4,1,6,10,0,0,0,8,0,4,1,2,1,2,0,4,5,0,1,0,0,1,88,2,"Sydney","2023",18
4,"Bontempelli, Marcus",22,6,9,31,2,1,0,8,1,9,6,7,1,2,2,12,21,0,0,4,0,0,89,-2,"Western Bulldogs","2023",18
31,"Dale, Bailey",16,2,6,22,0,0,0,1,3,1,0,3,1,1,0,4,9,0,0,2,0,0,85,-2,"Western Bulldogs","2023",18
35,"Daniel, Caleb",9,3,11,20,0,0,0,3,3,4,2,4,0,1,0,5,16,0,0,3,0,1,81,-2,"Western Bulldogs","2023",18
10,"Darcy, Sam",1,0,1,2,0,1,7,3,1,0,0,1,0,1,0,2,1,0,0,1,0,0,30,-2,"Western Bulldogs","2023",18
15,"Duryea, Taylor",6,2,8,14,0,0,0,1,2,0,0,2,2,1,0,8,7,0,0,2,0,0,73,-2,"Western Bulldogs","2023",18
44,"English, Tim",17,4,5,22,0,0,60,1,3,7,10,2,3,0,0,11,11,0,0,3,0,1,93,-2,"Western Bulldogs","2023",18
0,"Garcia, Riley",3,1,6,9,0,0,0,1,0,1,2,3,0,1,0,5,3,0,1,1,0,0,37,-2,"Western Bulldogs","2023",18
43,"Gardner, Ryan",6,2,0,6,0,0,0,1,1,0,1,4,0,3,0,1,4,0,0,13,0,0,100,-2,"Western Bulldogs","2023",18
42,"Keath, Alex",8,4,4,12,0,0,0,1,1,1,0,2,1,1,0,8,6,1,0,5,0,0,100,-2,"Western Bulldogs","2023",18
21,"Liberatore, Tom",13,4,18,31,1,0,0,7,4,5,11,3,0,1,0,20,12,0,0,2,0,1,78,-2,"Western Bulldogs","2023",18
11,"Macrae, Jack",10,2,14,24,0,1,0,2,0,4,4,3,1,1,0,10,13,0,0,2,0,0,86,-2,"Western Bulldogs","2023",18
30,"McNeil, Lachlan",3,0,7,10,0,0,0,5,0,1,2,0,0,0,0,6,4,0,0,3,0,0,71,-2,"Western Bulldogs","2023",18
33,"Naughton, Aaron",12,7,3,15,3,1,1,4,1,1,0,2,3,1,0,8,9,1,5,6,0,1,91,-2,"Western Bulldogs","2023",18
0,"ODonnell, James",2,2,3,5,0,0,0,1,0,0,0,0,0,0,0,2,3,1,0,3,0,0,33,-2,"Western Bulldogs","2023",18
25,"Poulter, Caleb",9,0,6,15,1,0,0,1,0,2,2,1,0,0,0,6,9,0,0,1,0,2,83,-2,"Western Bulldogs","2023",18
20,"Richards, Ed",18,11,10,28,0,1,0,2,10,2,0,5,1,3,0,6,21,1,0,8,2,0,89,-2,"Western Bulldogs","2023",18
28,"Scott, Anthony",6,1,2,8,1,0,0,4,0,2,2,0,0,0,0,3,5,0,0,0,0,0,76,-2,"Western Bulldogs","2023",18
1,"Treloar, Adam",17,1,16,33,0,0,0,4,3,7,7,7,0,1,0,13,17,0,0,0,0,0,81,-2,"Western Bulldogs","2023",18
2,"Ugle-Hagan, Jamarra",6,4,5,11,1,2,0,0,0,1,0,3,0,0,0,5,7,1,2,2,0,0,95,-2,"Western Bulldogs","2023",18
23,"Vandermeer, Laitham",11,2,2,13,1,1,0,3,2,4,0,4,0,2,0,2,10,0,1,3,0,0,71,-2,"Western Bulldogs","2023",18
3,"Weightman, Cody",3,3,6,9,1,1,0,1,0,1,0,1,0,1,0,5,5,0,1,1,0,2,85,-2,"Western Bulldogs","2023",18
14,"West, Rhylee",7,3,4,11,0,1,0,5,0,1,1,0,0,0,0,4,9,1,2,3,0,1,83,-2,"Western Bulldogs","2023",18
34,"Williams, Bailey",12,8,9,21,0,0,0,3,5,4,2,6,0,1,0,5,15,0,0,1,0,0,89,-2,"Western Bulldogs","2023",18
