"Number","Player","Kicks","Marks","Handballs","Disposals","Goals","Behinds","Hitouts","Tackles","Rebounds50s","Inside50s","Clearances","Clangers","FreesFor","FreesAgainst","BrownlowVotes","ContestedPossessions","UncontestedPossessions","ContestedMarks","MarksInside50","OnePercenters","Bounces","GoalAssists","PercentagePlayed","PointDifference","Team","Season","Round"
0,"Butts, Jordon",1,0,2,3,0,0,0,0,0,0,0,0,0,0,0,1,2,0,0,3,0,0,26,66,"Adelaide","2023",16
12,"Dawson, Jordan",22,8,6,28,0,0,0,8,0,11,5,4,2,0,1,6,21,0,0,1,0,3,88,66,"Adelaide","2023",16
32,"Fogarty, Darcy",10,6,1,11,4,1,0,2,0,2,0,1,0,0,0,4,7,1,2,2,0,0,85,66,"Adelaide","2023",16
20,"Hinge, Mitch",22,10,4,26,0,1,0,3,9,4,1,1,2,0,0,6,21,0,0,1,0,0,77,66,"Adelaide","2023",16
1,"Jones, Chayce",12,5,4,16,0,0,0,7,0,3,1,1,0,0,0,3,13,0,0,2,0,0,90,66,"Adelaide","2023",16
2,"Keays, Ben",14,5,15,29,2,2,0,7,1,4,3,2,3,0,0,14,13,0,3,0,0,0,86,66,"Adelaide","2023",16
29,"Laird, Rory",8,3,16,24,0,0,0,5,1,2,5,2,3,1,0,11,15,0,0,1,0,0,82,66,"Adelaide","2023",16
25,"McHenry, Ned",7,6,6,13,0,0,0,1,0,1,0,2,0,2,0,2,11,0,1,0,0,3,73,66,"Adelaide","2023",16
16,"Michalanney, Max",6,4,5,11,0,0,0,4,1,0,1,1,0,0,0,4,6,0,0,5,0,0,90,66,"Adelaide","2023",16
30,"Milera, Wayne",9,4,9,18,0,0,0,4,2,2,1,0,1,0,0,7,11,0,0,2,0,0,82,66,"Adelaide","2023",16
4,"Murphy, Lachlan",7,3,11,18,1,0,0,2,0,6,2,4,1,1,0,3,15,0,0,1,1,1,77,66,"Adelaide","2023",16
28,"Murray, Nick",5,4,1,6,0,0,0,1,4,1,0,2,0,1,0,1,4,1,0,9,0,0,76,66,"Adelaide","2023",16
43,"OBrien, Reilly",7,4,8,15,2,1,52,5,1,1,6,1,2,1,2,7,7,2,1,3,0,1,88,66,"Adelaide","2023",16
10,"Pedlar, Luke",7,2,4,11,2,0,0,4,0,1,2,4,0,2,0,5,8,0,1,1,0,0,72,66,"Adelaide","2023",16
8,"Rachele, Josh",11,3,12,23,0,2,0,7,1,4,5,3,4,0,0,13,10,1,2,2,1,0,73,66,"Adelaide","2023",16
22,"Rankine, Izak",10,6,7,17,5,0,0,2,0,2,2,4,1,2,3,7,10,0,4,0,0,2,92,66,"Adelaide","2023",16
0,"Sholl, Lachlan",12,6,9,21,0,2,0,2,2,4,0,2,0,0,0,4,17,0,1,0,0,1,59,66,"Adelaide","2023",16
9,"Sloane, Rory",17,7,13,30,0,0,0,5,2,5,6,4,0,2,0,14,15,0,0,0,0,0,80,66,"Adelaide","2023",16
33,"Smith, Brodie",14,6,10,24,0,0,0,3,7,0,0,3,0,1,0,5,15,0,0,2,0,0,87,66,"Adelaide","2023",16
14,"Soligo, Jake",11,2,5,16,0,0,0,3,1,5,2,2,0,0,0,5,13,0,0,2,0,3,78,66,"Adelaide","2023",16
7,"Thilthorpe, Riley",9,4,6,15,2,0,4,3,0,2,3,3,0,0,0,9,6,3,2,1,0,0,79,66,"Adelaide","2023",16
13,"Walker, Taylor",11,7,5,16,3,3,3,1,0,3,1,6,1,2,0,7,9,1,4,2,0,1,80,66,"Adelaide","2023",16
24,"Worrell, Josh",9,2,4,13,0,0,0,2,3,1,0,0,2,0,0,6,8,0,0,6,0,1,81,66,"Adelaide","2023",16
27,"Bergman, Miller",7,4,5,12,0,0,0,2,0,0,1,5,1,1,0,3,8,0,0,4,0,0,73,-66,"North Melbourne","2023",16
21,"Coleman-Jones, Callum",3,1,6,9,0,0,16,2,1,1,3,2,2,0,0,4,5,0,0,4,0,0,89,-66,"North Melbourne","2023",16
4,"Corr, Aidan",12,4,3,15,0,0,0,0,7,0,0,5,0,2,0,4,10,0,0,5,0,0,85,-66,"North Melbourne","2023",16
25,"Curtis, Paul",8,3,5,13,0,0,0,3,2,3,0,4,0,1,0,7,6,0,0,0,0,0,75,-66,"North Melbourne","2023",16
9,"Davies-Uniacke, Luke",8,0,14,22,1,0,0,3,0,4,8,4,2,3,0,12,11,0,0,0,0,1,67,-66,"North Melbourne","2023",16
40,"Ford, Eddie",4,2,9,13,0,0,0,2,0,0,1,1,0,0,0,3,10,0,0,1,0,1,78,-66,"North Melbourne","2023",16
0,"Goldstein, Todd",0,0,4,4,0,0,20,3,0,0,1,1,0,1,0,3,1,0,0,2,0,0,45,-66,"North Melbourne","2023",16
0,"Greenwood, Hugh",1,3,6,7,0,1,1,1,0,0,0,1,0,1,0,3,4,0,0,2,0,0,32,-66,"North Melbourne","2023",16
20,"Larkey, Nick",6,3,3,9,3,0,1,1,0,1,0,1,1,0,0,3,6,0,1,1,2,0,95,-66,"North Melbourne","2023",16
19,"Logue, Griffin",9,9,7,16,0,0,0,3,4,0,0,3,1,1,0,7,9,2,0,3,0,0,99,-66,"North Melbourne","2023",16
11,"McDonald, Luke",11,7,10,21,0,0,0,4,5,1,1,4,1,2,0,7,14,0,0,3,0,0,92,-66,"North Melbourne","2023",16
23,"McKay, Ben",10,7,4,14,0,0,0,2,2,0,0,2,1,0,0,8,6,3,0,2,0,0,89,-66,"North Melbourne","2023",16
29,"Phillips, Will",9,2,8,17,0,0,0,3,0,4,5,5,0,0,0,7,10,0,0,1,0,1,71,-66,"North Melbourne","2023",16
8,"Scott, Bailey",15,7,9,24,1,0,0,3,3,7,2,2,2,0,0,3,21,0,0,0,1,2,86,-66,"North Melbourne","2023",16
3,"Sheezel, Harry",16,5,15,31,0,0,0,4,3,3,2,7,0,1,0,8,21,1,0,0,0,0,92,-66,"North Melbourne","2023",16
14,"Shiels, Liam",5,1,6,11,0,0,0,0,0,4,1,1,0,0,0,3,7,0,0,0,0,1,70,-66,"North Melbourne","2023",16
12,"Simpkin, Jy",9,3,12,21,1,1,0,2,1,3,4,4,1,3,0,11,14,0,0,3,0,0,91,-66,"North Melbourne","2023",16
2,"Stephenson, Jaidyn",5,5,2,7,2,0,0,1,1,1,0,3,0,2,0,1,6,0,1,0,0,1,82,-66,"North Melbourne","2023",16
26,"Thomas, Tarryn",12,3,11,23,2,1,0,1,0,2,1,4,1,1,0,10,12,0,3,1,0,0,86,-66,"North Melbourne","2023",16
13,"Tucker, Darcy",16,8,6,22,0,0,0,1,4,3,1,1,0,0,0,6,17,0,0,2,0,1,77,-66,"North Melbourne","2023",16
6,"Wardlaw, George",8,4,14,22,0,0,0,7,1,3,3,6,0,2,0,9,14,1,0,2,0,1,68,-66,"North Melbourne","2023",16
7,"Ziebell, Jack",17,5,5,22,0,1,0,2,8,1,0,1,1,0,0,6,11,1,0,2,0,0,70,-66,"North Melbourne","2023",16
44,"Zurhaar, Cameron",6,0,8,14,1,1,0,2,0,6,2,2,1,1,0,7,8,0,0,2,3,1,89,-66,"North Melbourne","2023",16
