"Number","Player","Kicks","Marks","Handballs","Disposals","Goals","Behinds","Hitouts","Tackles","Rebounds50s","Inside50s","Clearances","Clangers","FreesFor","FreesAgainst","BrownlowVotes","ContestedPossessions","UncontestedPossessions","ContestedMarks","MarksInside50","OnePercenters","Bounces","GoalAssists","PercentagePlayed","PointDifference","Team","Season","Round"
10,"Amon, Karl",16,5,8,24,0,0,0,1,2,5,5,3,2,0,0,7,18,0,0,1,0,1,82,19,"Hawthorn","2023",3
0,"Bramble, Lachlan",4,2,3,7,0,0,0,1,1,0,0,1,1,0,0,3,3,0,0,1,0,0,27,19,"Hawthorn","2023",3
22,"Breust, Luke",5,5,3,8,0,2,0,0,0,3,1,3,0,2,0,3,5,0,1,0,0,0,86,19,"Hawthorn","2023",3
33,"Brockman, Tyler",8,6,3,11,3,1,0,3,0,2,0,1,1,0,0,4,7,0,4,2,0,1,77,19,"Hawthorn","2023",3
12,"Day, Will",20,11,9,29,0,1,0,4,4,3,5,1,0,0,0,7,23,1,1,3,0,0,83,19,"Hawthorn","2023",3
8,"Frost, Sam",12,6,7,19,0,0,0,3,1,0,0,3,2,1,2,9,9,1,0,5,1,0,89,19,"Hawthorn","2023",3
26,"Greene, Fergus",7,4,3,10,2,2,0,0,0,2,0,4,1,3,0,4,7,0,3,3,0,0,87,19,"Hawthorn","2023",3
15,"Hardwick, Blake",19,11,4,23,0,0,0,4,4,1,0,2,1,0,0,4,19,0,0,4,1,0,87,19,"Hawthorn","2023",3
4,"Impey, Jarman",12,6,5,17,0,0,0,1,4,0,1,2,1,0,0,5,12,1,0,2,1,0,77,19,"Hawthorn","2023",3
9,"Jiath, Changkuoth",12,5,9,21,0,0,0,0,2,2,1,3,1,0,0,6,15,0,0,4,0,0,77,19,"Hawthorn","2023",3
31,"Macdonald, Connor",10,5,6,16,1,0,0,3,1,2,0,1,0,0,0,5,11,0,0,0,0,0,68,19,"Hawthorn","2023",3
28,"Mackenzie, Cam",11,3,9,20,0,1,0,9,2,4,2,3,0,1,0,8,12,0,1,0,0,0,71,19,"Hawthorn","2023",3
0,"Maginness, Finn",6,4,5,11,0,0,0,1,0,0,0,1,0,0,0,1,10,0,0,0,0,0,57,19,"Hawthorn","2023",3
17,"Meek, Lloyd",4,1,4,8,0,0,7,2,0,2,4,4,1,1,0,8,1,0,0,3,0,1,87,19,"Hawthorn","2023",3
13,"Moore, Dylan",18,12,8,26,2,1,0,3,1,7,2,1,1,0,0,5,25,0,0,5,0,2,86,19,"Hawthorn","2023",3
1,"Morrison, Harry",18,7,6,24,0,1,0,2,0,7,4,3,0,0,0,7,16,0,0,0,0,1,75,19,"Hawthorn","2023",3
11,"Nash, Conor",15,3,9,24,0,2,0,6,3,2,3,6,0,2,0,9,15,0,0,2,1,1,84,19,"Hawthorn","2023",3
3,"Newcombe, Jai",15,7,7,22,1,1,0,5,0,6,1,6,3,2,1,7,15,1,2,1,0,1,88,19,"Hawthorn","2023",3
7,"Reeves, Ned",4,1,5,9,0,0,25,2,0,0,5,2,1,1,0,8,1,0,0,3,0,0,84,19,"Hawthorn","2023",3
14,"Scrimshaw, Jack",15,9,10,25,1,0,0,1,4,1,0,3,2,0,0,6,20,1,0,6,3,0,77,19,"Hawthorn","2023",3
6,"Sicily, James",21,18,7,28,0,0,0,1,4,2,0,5,0,1,3,8,20,3,0,4,0,0,99,19,"Hawthorn","2023",3
25,"Ward, Josh",14,5,13,27,0,0,0,1,1,2,5,5,1,1,0,10,17,0,0,1,0,0,79,19,"Hawthorn","2023",3
5,"Worpel, James",9,4,6,15,1,1,0,1,0,3,4,5,1,2,0,7,9,0,2,0,0,0,75,19,"Hawthorn","2023",3
27,"Bergman, Miller",9,3,5,14,0,0,0,1,3,1,0,1,1,0,0,4,10,0,0,2,0,0,80,-19,"North Melbourne","2023",3
30,"Comben, Charlie",4,4,7,11,1,1,2,3,0,0,0,2,1,2,0,8,5,1,3,4,1,1,80,-19,"North Melbourne","2023",3
4,"Corr, Aidan",10,5,6,16,0,0,0,0,5,0,0,1,0,0,0,2,9,0,0,6,0,0,91,-19,"North Melbourne","2023",3
10,"Cunnington, Ben",4,2,17,21,0,0,0,4,1,0,7,3,0,1,0,13,8,0,0,0,0,1,72,-19,"North Melbourne","2023",3
25,"Curtis, Paul",6,4,3,9,1,1,0,3,0,2,0,5,0,2,0,4,7,1,1,3,0,1,74,-19,"North Melbourne","2023",3
31,"Goater, Josh",6,3,3,9,0,0,0,1,1,0,0,1,1,0,0,3,6,0,0,1,1,0,74,-19,"North Melbourne","2023",3
22,"Goldstein, Todd",5,1,13,18,0,0,30,3,2,2,2,3,2,1,0,11,7,0,0,4,0,1,86,-19,"North Melbourne","2023",3
0,"Greenwood, Hugh",5,1,5,10,0,0,0,2,0,0,4,2,1,2,0,8,4,0,0,2,0,0,53,-19,"North Melbourne","2023",3
15,"Howe, Daniel",16,5,5,21,0,0,0,1,4,3,2,1,1,0,0,2,18,0,0,1,1,0,75,-19,"North Melbourne","2023",3
20,"Larkey, Nick",2,2,3,5,2,0,0,0,0,0,0,1,1,1,0,3,3,1,2,2,0,0,100,-19,"North Melbourne","2023",3
19,"Logue, Griffin",12,6,4,16,0,0,0,0,3,1,0,3,1,2,0,6,10,2,0,2,0,0,97,-19,"North Melbourne","2023",3
11,"McDonald, Luke",18,8,2,20,0,0,0,2,7,3,0,4,0,1,0,3,14,0,0,3,0,0,93,-19,"North Melbourne","2023",3
29,"Phillips, Will",6,2,10,16,0,0,0,5,0,1,2,2,3,0,0,9,8,2,0,0,2,0,76,-19,"North Melbourne","2023",3
24,"Powell, Tom",12,7,8,20,0,1,0,3,2,4,1,6,0,2,0,3,16,0,0,0,0,0,76,-19,"North Melbourne","2023",3
8,"Scott, Bailey",13,2,4,17,0,0,0,2,2,5,0,3,0,1,0,2,14,0,0,0,2,1,78,-19,"North Melbourne","2023",3
3,"Sheezel, Harry",14,7,12,26,0,0,0,6,6,4,1,6,1,1,0,8,15,0,1,2,0,0,81,-19,"North Melbourne","2023",3
14,"Shiels, Liam",8,4,6,14,0,0,0,4,0,3,1,4,0,2,0,7,8,1,0,0,0,0,79,-19,"North Melbourne","2023",3
2,"Stephenson, Jaidyn",6,3,5,11,0,0,0,1,0,4,0,0,0,0,0,5,6,0,0,0,0,1,80,-19,"North Melbourne","2023",3
5,"Taylor, Curtis",10,5,4,14,1,1,0,1,1,1,1,2,0,2,0,4,9,1,1,1,0,0,85,-19,"North Melbourne","2023",3
0,"Tucker, Darcy",2,1,4,6,1,0,0,0,1,0,1,1,0,0,0,1,4,0,1,0,0,0,26,-19,"North Melbourne","2023",3
28,"Turner, Kayne",4,4,5,9,1,1,0,1,0,2,0,0,0,0,0,4,6,0,2,2,0,0,77,-19,"North Melbourne","2023",3
7,"Ziebell, Jack",16,6,3,19,0,0,0,1,6,1,0,2,2,0,0,5,9,2,0,1,0,0,83,-19,"North Melbourne","2023",3
44,"Zurhaar, Cameron",13,4,7,20,2,0,0,3,0,7,2,4,2,0,0,7,12,0,0,1,1,0,82,-19,"North Melbourne","2023",3
