"Number","Player","Kicks","Marks","Handballs","Disposals","Goals","Behinds","Hitouts","Tackles","Rebounds50s","Inside50s","Clearances","Clangers","FreesFor","FreesAgainst","BrownlowVotes","ContestedPossessions","UncontestedPossessions","ContestedMarks","MarksInside50","OnePercenters","Bounces","GoalAssists","PercentagePlayed","PointDifference","Team","Season","Round"
21,"Aliir, Aliir",5,4,4,9,0,0,0,1,3,0,0,5,0,2,0,7,1,3,0,3,0,0,100,5,"Port Adelaide","2023",8
14,"Bergman, Miles",12,7,3,15,0,0,0,2,5,2,1,2,1,0,0,9,5,3,0,1,0,0,86,5,"Port Adelaide","2023",8
10,"Boak, Travis",9,5,12,21,1,1,0,0,0,1,3,1,0,0,0,8,13,1,0,0,0,0,81,5,"Port Adelaide","2023",8
26,"Bonner, Riley",13,4,7,20,0,2,0,4,1,2,2,1,0,0,0,3,16,0,0,0,0,1,82,5,"Port Adelaide","2023",8
3,"Burton, Ryan",17,6,3,20,0,0,0,1,7,3,1,4,0,1,0,4,12,0,0,6,0,0,80,5,"Port Adelaide","2023",8
9,"Butters, Zak",16,5,12,28,0,0,0,6,1,6,6,2,3,1,0,13,17,0,0,3,3,0,71,5,"Port Adelaide","2023",8
33,"Byrne-Jones, Darcy",11,3,3,14,2,1,0,1,0,3,1,2,1,0,0,6,9,1,2,2,0,0,85,5,"Port Adelaide","2023",8
22,"Dixon, Charlie",7,6,6,13,2,2,9,1,0,2,1,2,1,0,0,10,3,5,4,2,0,0,100,5,"Port Adelaide","2023",8
28,"Drew, Willem",10,5,12,22,0,0,0,8,0,4,4,1,1,0,0,10,12,0,0,0,1,1,67,5,"Port Adelaide","2023",8
0,"Evans, Francis",3,1,2,5,0,0,0,1,0,1,0,0,0,0,0,4,1,0,0,0,0,0,30,5,"Port Adelaide","2023",8
11,"Finlayson, Jeremy",13,6,4,17,1,4,0,2,0,6,2,1,0,0,0,8,8,4,3,4,2,1,73,5,"Port Adelaide","2023",8
18,"Horne-Francis, Jason",17,6,3,20,0,1,0,5,0,5,5,2,3,1,1,8,12,1,1,1,0,1,78,5,"Port Adelaide","2023",8
5,"Houston, Dan",20,6,5,25,0,1,0,3,4,7,1,2,1,1,0,6,19,0,0,3,1,1,84,5,"Port Adelaide","2023",8
0,"Jonas, Tom",1,0,1,2,0,0,0,1,1,0,0,0,1,0,0,1,1,0,0,2,0,0,53,5,"Port Adelaide","2023",8
4,"Marshall, Todd",11,7,2,13,1,1,0,0,1,3,0,4,0,0,0,1,12,0,2,6,0,1,82,5,"Port Adelaide","2023",8
41,"McEntee, Jed",5,1,4,9,1,0,0,3,0,3,0,0,0,0,0,5,4,0,0,1,0,0,77,5,"Port Adelaide","2023",8
12,"McKenzie, Trent",5,4,1,6,0,0,0,0,1,0,0,1,0,0,0,1,5,1,0,4,0,0,91,5,"Port Adelaide","2023",8
2,"Powell-Pepper, Sam",2,2,5,7,1,1,0,5,0,0,1,2,0,2,0,4,3,0,2,2,0,1,82,5,"Port Adelaide","2023",8
15,"Rioli, Willie",9,2,5,14,2,3,0,3,0,4,1,2,1,1,0,7,9,0,2,1,0,0,82,5,"Port Adelaide","2023",8
20,"Rozee, Connor",11,5,18,29,1,0,0,3,1,5,4,6,0,2,2,13,14,1,1,2,0,1,85,5,"Port Adelaide","2023",8
27,"Teakle, Brynn",2,3,5,7,0,0,14,3,3,0,0,2,0,1,0,3,3,1,0,2,0,0,81,5,"Port Adelaide","2023",8
23,"Williams, Dylan",17,8,7,24,0,0,0,0,4,5,0,4,3,0,0,5,17,0,0,4,0,0,79,5,"Port Adelaide","2023",8
16,"Wines, Ollie",5,5,16,21,0,0,0,2,1,3,2,2,0,0,0,10,11,1,0,1,0,0,71,5,"Port Adelaide","2023",8
6,"Caldwell, Jye",8,3,9,17,1,0,0,5,1,4,1,1,0,0,0,5,11,1,2,1,0,0,80,-5,"Essendon","2023",8
33,"Davey, Alwyn",3,3,6,9,0,0,0,1,1,0,1,1,0,0,0,4,4,0,0,1,0,0,63,-5,"Essendon","2023",8
2,"Draper, Sam",11,2,5,16,0,1,24,3,1,5,4,1,1,1,0,8,4,0,0,1,0,1,78,-5,"Essendon","2023",8
21,"Heppell, Dyson",10,5,8,18,0,0,0,2,4,0,0,0,1,0,0,6,11,0,0,3,0,0,86,-5,"Essendon","2023",8
19,"Hind, Nick",7,2,4,11,0,0,0,1,0,2,0,1,0,1,0,1,9,0,0,4,0,0,78,-5,"Essendon","2023",8
8,"Hobbs, Ben",7,1,8,15,1,0,0,5,2,1,3,4,1,2,0,6,10,0,0,1,0,0,69,-5,"Essendon","2023",8
29,"Kelly, Jake",10,6,4,14,0,0,0,2,3,2,0,1,0,1,0,3,11,0,0,1,0,0,93,-5,"Essendon","2023",8
4,"Langford, Kyle",14,10,5,19,2,1,0,2,5,2,0,2,1,1,0,4,14,2,4,2,0,3,100,-5,"Essendon","2023",8
37,"Martin, Nic",8,3,11,19,0,0,0,2,1,1,0,3,0,0,0,6,13,0,0,0,0,0,95,-5,"Essendon","2023",8
43,"McDonald-Tipungwuti, Anthony",6,2,7,13,1,0,0,4,0,0,1,1,1,0,0,6,7,0,0,1,0,0,77,-5,"Essendon","2023",8
1,"McGrath, Andrew",15,4,4,19,0,0,0,2,10,0,0,1,2,0,0,4,9,1,0,2,6,0,79,-5,"Essendon","2023",8
0,"Menzie, Jye",1,0,2,3,1,0,0,1,0,0,0,2,0,1,0,1,2,0,0,1,0,1,43,-5,"Essendon","2023",8
7,"Merrett, Zach",16,2,12,28,1,1,0,10,4,5,4,6,1,2,0,11,18,0,0,1,1,0,84,-5,"Essendon","2023",8
3,"Parish, Darcy",13,4,24,37,0,0,0,5,3,4,9,8,1,1,3,22,15,0,1,0,0,1,86,-5,"Essendon","2023",8
16,"Perkins, Archie",8,1,5,13,2,1,0,4,0,5,0,1,0,1,0,2,11,0,0,0,0,0,78,-5,"Essendon","2023",8
34,"Phillips, Andrew",6,4,3,9,0,1,21,1,1,1,2,4,0,1,0,3,4,1,1,4,0,1,64,-5,"Essendon","2023",8
27,"Redman, Mason",14,5,7,21,0,0,0,1,6,2,0,3,0,1,0,4,9,1,0,1,0,0,70,-5,"Essendon","2023",8
0,"Ridley, Jordan",2,0,2,4,0,0,0,1,2,0,0,0,0,0,0,1,1,0,0,2,0,0,36,-5,"Essendon","2023",8
12,"Setterfield, Will",10,5,6,16,0,0,0,4,2,4,0,3,0,1,0,3,13,0,0,0,0,1,88,-5,"Essendon","2023",8
9,"Shiel, Dylan",7,3,12,19,0,0,0,2,0,1,2,1,2,0,0,9,8,0,0,2,2,2,84,-5,"Essendon","2023",8
25,"Stringer, Jake",8,0,10,18,2,1,0,2,0,4,6,4,0,1,0,11,7,0,0,0,0,1,77,-5,"Essendon","2023",8
10,"Weideman, Sam",6,5,3,9,2,1,0,1,0,4,0,2,1,0,0,3,6,1,3,2,0,1,94,-5,"Essendon","2023",8
30,"Zerk-Thatcher, Brandon",8,3,5,13,0,0,0,1,6,0,2,6,0,1,0,6,6,0,0,6,0,0,100,-5,"Essendon","2023",8
