"Number","Player","Kicks","Marks","Handballs","Disposals","Goals","Behinds","Hitouts","Tackles","Rebounds50s","Inside50s","Clearances","Clangers","FreesFor","FreesAgainst","BrownlowVotes","ContestedPossessions","UncontestedPossessions","ContestedMarks","MarksInside50","OnePercenters","Bounces","GoalAssists","PercentagePlayed","PointDifference","Team","Season","Round"
31,"Andrews, Harris",15,11,5,20,0,0,0,2,6,1,0,3,0,1,0,5,14,1,0,7,0,0,93,48,"Brisbane Lions","2023",7
0,"Answerth, Noah",2,2,5,7,0,0,0,3,0,1,0,1,0,1,0,4,3,0,0,0,0,0,21,48,"Brisbane Lions","2023",7
8,"Ashcroft, Will",16,7,12,28,2,1,0,2,1,3,3,2,1,0,3,7,21,0,1,0,0,1,83,48,"Brisbane Lions","2023",7
33,"Bailey, Zac",17,6,2,19,2,0,0,5,0,3,1,2,0,1,0,4,15,0,2,0,0,3,84,48,"Brisbane Lions","2023",7
7,"Berry, Jarrod",9,3,7,16,0,0,0,3,4,3,3,2,0,1,0,9,7,0,0,1,0,1,77,48,"Brisbane Lions","2023",7
23,"Cameron, Charlie",6,2,6,12,2,0,0,2,0,2,0,4,1,0,0,9,4,0,2,2,0,0,82,48,"Brisbane Lions","2023",7
18,"Coleman, Keidean",9,6,5,14,0,0,0,2,3,0,0,1,0,1,0,3,12,0,0,4,0,0,80,48,"Brisbane Lions","2023",7
3,"Daniher, Joe",10,5,4,14,3,1,1,1,0,1,1,3,1,2,1,8,7,2,3,5,0,0,89,48,"Brisbane Lions","2023",7
5,"Dunkley, Josh",11,7,17,28,0,0,0,8,1,1,3,3,1,2,0,12,15,1,0,0,0,1,85,48,"Brisbane Lions","2023",7
19,"Gunston, Jack",4,3,3,7,1,1,0,1,0,0,0,4,0,1,0,4,3,0,1,1,0,0,81,48,"Brisbane Lions","2023",7
30,"Hipwood, Eric",6,4,2,8,2,2,0,3,0,1,0,2,1,2,0,2,6,0,3,2,0,1,87,48,"Brisbane Lions","2023",7
35,"Lester, Ryan",9,4,4,13,0,0,0,2,1,0,1,1,3,0,0,5,8,0,0,6,0,0,80,48,"Brisbane Lions","2023",7
11,"McCarthy, Lincoln",8,2,3,11,3,0,0,1,0,2,1,6,0,2,0,6,5,0,2,1,0,0,73,48,"Brisbane Lions","2023",7
6,"McCluggage, Hugh",19,4,2,21,0,1,0,1,0,8,2,3,1,1,0,7,15,0,0,1,1,2,82,48,"Brisbane Lions","2023",7
46,"McInerney, Oscar",6,1,7,13,0,1,30,1,0,3,9,3,1,0,0,12,1,1,0,6,0,0,85,48,"Brisbane Lions","2023",7
26,"McKenna, Conor",13,7,1,14,1,0,0,5,0,6,0,1,0,0,0,2,12,0,1,0,0,0,85,48,"Brisbane Lions","2023",7
9,"Neale, Lachie",14,2,21,35,0,1,0,7,1,8,13,6,0,0,2,24,12,0,0,2,0,0,87,48,"Brisbane Lions","2023",7
40,"Payne, Jack",11,8,3,14,0,0,0,1,7,0,0,3,0,0,0,3,10,0,0,4,0,0,96,48,"Brisbane Lions","2023",7
16,"Rayner, Cam",6,3,6,12,1,0,0,3,1,4,3,3,1,0,0,6,7,0,0,1,0,0,76,48,"Brisbane Lions","2023",7
10,"Rich, Daniel",17,11,3,20,0,0,0,1,5,3,0,4,0,2,0,2,15,0,0,1,0,1,68,48,"Brisbane Lions","2023",7
37,"Starcevich, Brandon",10,3,3,13,0,0,0,1,1,2,1,5,1,1,0,10,2,3,0,1,0,0,88,48,"Brisbane Lions","2023",7
44,"Wilmot, Darcy",10,7,5,15,0,0,0,1,0,2,0,2,0,0,0,4,11,0,1,0,0,0,70,48,"Brisbane Lions","2023",7
0,"Zorko, Dayne",12,4,7,19,0,2,0,2,1,8,5,3,1,0,0,9,11,0,0,2,0,1,49,48,"Brisbane Lions","2023",7
11,"Aish, James",9,2,9,18,0,0,0,2,2,5,1,1,1,0,0,8,9,0,0,1,0,2,83,-48,"Fremantle","2023",7
24,"Amiss, Jye",5,4,2,7,1,0,0,2,0,2,0,3,0,0,0,1,6,0,2,1,2,0,75,-48,"Fremantle","2023",7
41,"Banfield, Bailey",4,2,4,8,0,1,0,0,0,1,0,3,0,1,0,6,4,1,0,2,0,0,80,-48,"Fremantle","2023",7
8,"Brayshaw, Andrew",14,5,16,30,2,0,0,4,2,6,2,7,2,2,0,7,24,0,0,1,1,0,84,-48,"Fremantle","2023",7
17,"Brodie, Will",10,3,14,24,0,0,0,1,0,6,5,6,1,0,0,12,14,1,0,0,1,0,73,-48,"Fremantle","2023",7
6,"Clark, Jordan",9,3,11,20,0,0,0,3,3,2,0,1,0,0,0,4,14,1,0,1,2,0,83,-48,"Fremantle","2023",7
36,"Cox, Brennan",7,5,16,23,0,0,0,3,4,0,1,3,0,0,0,5,16,1,0,11,0,0,87,-48,"Fremantle","2023",7
4,"Darcy, Sean",8,3,10,18,0,0,39,0,0,3,4,0,2,0,0,12,7,2,0,5,0,0,85,-48,"Fremantle","2023",7
0,"Erasmus, Neil",2,1,2,4,0,0,0,2,0,0,1,2,0,0,0,1,3,0,0,0,0,0,25,-48,"Fremantle","2023",7
15,"Hughes, Ethan",12,6,4,16,0,0,0,1,5,0,0,1,1,0,0,3,14,0,0,2,0,0,76,-48,"Fremantle","2023",7
9,"Jackson, Luke",5,2,7,12,1,2,7,3,0,1,0,3,0,1,0,6,7,1,1,2,0,1,81,-48,"Fremantle","2023",7
44,"Johnson, Matthew",8,3,14,22,0,0,0,2,1,1,5,6,0,2,0,6,16,0,0,1,0,1,75,-48,"Fremantle","2023",7
30,"ODriscoll, Nathan",7,4,7,14,1,0,0,3,0,1,0,2,1,0,0,4,10,0,1,0,0,0,82,-48,"Fremantle","2023",7
2,"OMeara, Jaeger",5,3,13,18,2,0,0,8,1,1,1,1,1,0,0,8,11,0,1,2,0,0,81,-48,"Fremantle","2023",7
25,"Pearce, Alex",6,5,4,10,0,0,0,5,3,1,0,2,1,1,0,7,3,3,0,4,0,0,100,-48,"Fremantle","2023",7
13,"Ryan, Luke",14,5,4,18,0,0,0,2,9,0,0,1,0,0,0,7,9,1,0,9,2,0,87,-48,"Fremantle","2023",7
5,"Schultz, Lachie",7,2,9,16,0,0,0,1,0,1,1,7,2,3,0,6,11,0,0,1,0,1,76,-48,"Fremantle","2023",7
3,"Serong, Caleb",14,5,13,27,0,0,0,3,3,5,4,3,2,1,0,11,16,0,0,0,0,1,83,-48,"Fremantle","2023",7
0,"Sturt, Sam",3,2,4,7,0,2,0,1,0,0,1,1,0,0,0,3,4,1,1,0,0,0,54,-48,"Fremantle","2023",7
39,"Switkowski, Sam",5,3,6,11,2,0,0,5,0,2,1,4,3,0,0,5,6,0,1,0,1,0,76,-48,"Fremantle","2023",7
31,"Walker, Brandon",8,3,6,14,0,0,0,1,2,1,0,3,0,1,0,3,12,0,0,2,0,0,86,-48,"Fremantle","2023",7
10,"Walters, Michael",6,4,5,11,1,0,0,1,0,0,0,3,0,1,0,3,8,0,0,0,0,1,88,-48,"Fremantle","2023",7
26,"Young, Hayden",19,3,14,33,0,1,0,4,9,3,1,1,1,0,0,8,18,0,0,2,1,0,81,-48,"Fremantle","2023",7
