"Number","Player","Kicks","Marks","Handballs","Disposals","Goals","Behinds","Hitouts","Tackles","Rebounds50s","Inside50s","Clearances","Clangers","FreesFor","FreesAgainst","BrownlowVotes","ContestedPossessions","UncontestedPossessions","ContestedMarks","MarksInside50","OnePercenters","Bounces","GoalAssists","PercentagePlayed","PointDifference","Team","Season","Round"
41,"Butts, Jordon",6,5,4,10,0,0,0,2,3,0,0,2,0,1,0,3,7,0,0,9,0,0,89,-14,"Adelaide","2023",18
12,"Dawson, Jordan",17,7,10,27,0,2,0,7,1,4,3,1,1,0,0,10,17,2,3,0,0,1,86,-14,"Adelaide","2023",18
32,"Fogarty, Darcy",6,3,4,10,0,2,0,4,0,3,0,2,1,0,0,6,4,1,1,1,0,0,79,-14,"Adelaide","2023",18
20,"Hinge, Mitch",15,3,10,25,0,0,0,2,1,3,1,3,1,1,0,8,15,0,0,1,0,0,93,-14,"Adelaide","2023",18
1,"Jones, Chayce",11,1,9,20,1,0,0,8,4,3,4,5,1,2,0,14,5,0,0,0,0,0,87,-14,"Adelaide","2023",18
2,"Keays, Ben",7,1,10,17,1,0,0,5,2,2,5,2,0,0,0,9,6,0,0,3,0,0,87,-14,"Adelaide","2023",18
29,"Laird, Rory",8,3,25,33,1,0,0,11,5,2,5,2,1,1,1,15,17,0,0,2,1,1,86,-14,"Adelaide","2023",18
0,"McAdam, Shane",3,2,4,7,1,0,0,2,0,1,0,1,0,0,0,1,7,0,1,1,0,0,60,-14,"Adelaide","2023",18
0,"McHenry, Ned",0,0,4,4,0,0,0,0,0,0,1,0,0,0,0,3,1,0,0,0,0,0,18,-14,"Adelaide","2023",18
16,"Michalanney, Max",8,2,4,12,0,0,0,4,3,0,1,2,1,0,0,3,7,0,0,1,0,0,81,-14,"Adelaide","2023",18
30,"Milera, Wayne",16,5,5,21,0,0,0,4,8,1,0,0,1,0,0,3,14,0,0,2,0,0,84,-14,"Adelaide","2023",18
4,"Murphy, Lachlan",11,2,8,19,0,1,0,3,0,6,4,3,2,1,0,7,11,0,0,1,0,0,82,-14,"Adelaide","2023",18
28,"Murray, Nick",9,7,7,16,0,0,0,1,5,2,1,3,0,1,0,8,8,3,0,11,0,0,88,-14,"Adelaide","2023",18
43,"OBrien, Reilly",5,0,6,11,0,0,44,3,1,3,2,2,0,1,0,8,1,0,0,5,0,0,84,-14,"Adelaide","2023",18
10,"Pedlar, Luke",11,3,6,17,0,0,0,1,0,5,1,8,1,4,0,9,9,1,0,1,0,0,80,-14,"Adelaide","2023",18
8,"Rachele, Josh",6,2,3,9,1,1,0,2,2,1,0,5,3,1,0,4,6,0,0,0,1,0,69,-14,"Adelaide","2023",18
22,"Rankine, Izak",9,2,1,10,0,1,0,5,0,3,1,2,0,1,0,4,8,0,0,2,0,0,92,-14,"Adelaide","2023",18
38,"Sholl, Lachlan",8,5,3,11,0,0,0,2,5,1,0,3,0,0,0,3,8,0,0,0,0,0,82,-14,"Adelaide","2023",18
9,"Sloane, Rory",6,1,11,17,0,0,0,5,0,4,3,4,0,2,0,12,7,0,0,2,0,0,64,-14,"Adelaide","2023",18
33,"Smith, Brodie",22,5,5,27,0,0,0,5,6,4,4,5,1,1,0,8,17,1,0,1,0,0,88,-14,"Adelaide","2023",18
7,"Thilthorpe, Riley",5,2,3,8,1,0,8,3,1,0,2,2,2,1,0,7,1,2,0,2,0,0,66,-14,"Adelaide","2023",18
13,"Walker, Taylor",5,3,3,8,2,2,0,3,0,1,2,1,0,1,0,7,1,3,2,2,0,2,78,-14,"Adelaide","2023",18
24,"Worrell, Josh",11,4,4,15,0,0,0,2,2,5,0,1,0,0,0,6,10,1,0,7,0,0,78,-14,"Adelaide","2023",18
9,"Angwin, Ryan",6,1,8,14,0,0,0,7,1,3,3,1,2,1,0,8,6,0,0,1,0,0,81,14,"Greater Western Sydney","2023",18
7,"Ash, Lachie",13,5,8,21,0,0,0,2,6,1,1,4,1,2,0,3,16,0,0,2,4,1,80,14,"Greater Western Sydney","2023",18
14,"Bedford, Toby",6,3,8,14,0,2,0,3,0,1,1,3,0,0,0,4,10,0,2,1,0,0,79,14,"Greater Western Sydney","2023",18
32,"Briggs, Kieren",13,1,3,16,0,0,30,4,4,5,7,8,1,3,0,13,4,0,0,2,0,0,74,14,"Greater Western Sydney","2023",18
46,"Brown, Callum",5,2,6,11,1,0,7,4,1,1,1,1,0,0,0,4,6,0,1,3,0,0,85,14,"Greater Western Sydney","2023",18
44,"Buckley, Jack",5,3,3,8,0,0,0,7,2,0,0,1,0,0,0,2,5,0,0,11,0,0,93,14,"Greater Western Sydney","2023",18
0,"Cadman, Aaron",4,2,2,6,1,0,0,2,0,1,0,1,0,0,0,3,2,1,0,0,0,0,44,14,"Greater Western Sydney","2023",18
3,"Coniglio, Stephen",15,4,8,23,0,0,0,9,1,4,3,5,2,2,0,9,13,1,1,0,0,0,84,14,"Greater Western Sydney","2023",18
13,"Cumming, Isaac",12,3,2,14,0,0,0,5,4,3,1,2,1,0,0,6,6,2,0,5,0,1,70,14,"Greater Western Sydney","2023",18
16,"Daniels, Brent",7,1,6,13,0,0,0,2,0,4,6,1,0,0,0,7,5,0,0,0,0,2,78,14,"Greater Western Sydney","2023",18
0,"Fahey, Josh",5,0,2,7,1,0,0,1,1,2,0,3,0,0,0,1,5,0,0,0,0,0,15,14,"Greater Western Sydney","2023",18
4,"Greene, Toby",17,3,3,20,3,0,0,2,0,11,2,6,1,0,3,10,10,1,0,1,0,1,95,14,"Greater Western Sydney","2023",18
27,"Himmelberg, Harry",11,6,6,17,1,0,0,2,4,1,0,0,0,0,0,0,14,0,0,4,0,0,83,14,"Greater Western Sydney","2023",18
23,"Hogan, Jesse",5,4,7,12,1,2,0,0,0,0,1,2,1,1,0,5,7,0,4,2,0,1,88,14,"Greater Western Sydney","2023",18
39,"Idun, Connor",9,7,6,15,0,0,0,3,4,1,0,2,0,1,0,5,10,0,0,9,0,0,91,14,"Greater Western Sydney","2023",18
22,"Kelly, Josh",11,4,17,28,1,0,0,6,0,3,9,5,2,1,2,21,9,0,0,1,0,0,86,14,"Greater Western Sydney","2023",18
38,"Lloyd, Daniel",5,2,7,12,1,0,0,7,0,2,0,2,0,0,0,4,8,0,2,2,0,2,80,14,"Greater Western Sydney","2023",18
36,"Perryman, Harry",10,2,12,22,0,0,0,7,2,4,2,5,1,2,0,12,10,0,0,2,0,0,73,14,"Greater Western Sydney","2023",18
26,"Riccardi, Jake",9,1,2,11,0,2,0,0,0,1,0,1,1,0,0,4,6,0,0,4,0,0,76,14,"Greater Western Sydney","2023",18
15,"Taylor, Sam",15,6,6,21,0,0,0,3,7,2,1,0,3,0,0,14,6,2,0,8,0,0,100,14,"Greater Western Sydney","2023",18
8,"Ward, Callan",9,0,7,16,0,1,0,3,1,4,2,0,1,0,0,9,8,0,0,1,1,0,73,14,"Greater Western Sydney","2023",18
10,"Wehr, Jacob",5,3,4,9,0,0,0,5,0,2,2,4,1,2,0,4,5,1,0,0,0,0,86,14,"Greater Western Sydney","2023",18
6,"Whitfield, Lachie",21,6,7,28,0,0,0,2,6,4,1,1,1,1,0,7,17,0,0,3,1,0,85,14,"Greater Western Sydney","2023",18
