"Number","Player","Kicks","Marks","Handballs","Disposals","Goals","Behinds","Hitouts","Tackles","Rebounds50s","Inside50s","Clearances","Clangers","FreesFor","FreesAgainst","BrownlowVotes","ContestedPossessions","UncontestedPossessions","ContestedMarks","MarksInside50","OnePercenters","Bounces","GoalAssists","PercentagePlayed","PointDifference","Team","Season","Round"
10,"Amon, Karl",24,13,8,32,1,0,0,1,6,6,1,3,1,0,0,3,28,0,1,0,0,1,80,3,"Hawthorn","2023",22
36,"Blanck, James",2,2,3,5,0,0,0,3,0,0,0,3,1,2,0,2,4,0,0,2,0,0,87,3,"Hawthorn","2023",22
22,"Breust, Luke",8,1,3,11,1,1,0,3,0,2,1,2,3,1,0,5,7,0,1,2,0,0,89,3,"Hawthorn","2023",22
12,"Day, Will",11,6,13,24,1,1,0,3,0,5,5,3,0,0,2,9,15,0,0,1,1,1,74,3,"Hawthorn","2023",22
24,"Grainger-Barras, Denver",6,5,3,9,1,1,0,1,0,2,0,2,1,1,0,3,7,1,2,1,0,0,66,3,"Hawthorn","2023",22
15,"Hardwick, Blake",15,11,7,22,0,0,0,1,3,0,1,1,0,1,0,6,14,2,0,3,1,0,79,3,"Hawthorn","2023",22
4,"Impey, Jarman",11,5,7,18,0,0,0,1,1,2,1,4,2,1,0,5,12,0,0,0,1,0,82,3,"Hawthorn","2023",22
23,"Koschitzke, Jacob",9,8,7,16,1,2,1,2,0,1,1,0,1,0,0,10,7,5,4,2,0,0,76,3,"Hawthorn","2023",22
2,"Lewis, Mitch",6,6,6,12,1,1,0,2,0,1,0,3,0,2,0,3,9,0,0,1,0,0,96,3,"Hawthorn","2023",22
0,"Macdonald, Bailey",9,5,6,15,0,0,0,0,5,0,1,2,0,0,0,2,13,0,0,0,1,0,63,3,"Hawthorn","2023",22
31,"Macdonald, Connor",14,5,7,21,0,2,0,1,2,6,0,2,0,0,0,8,15,0,0,1,1,0,87,3,"Hawthorn","2023",22
32,"Maginness, Finn",3,3,5,8,0,0,0,6,0,0,0,0,0,0,0,3,5,0,1,0,0,0,84,3,"Hawthorn","2023",22
13,"Moore, Dylan",15,6,9,24,1,1,0,4,1,2,1,3,3,0,0,11,13,0,2,1,0,1,94,3,"Hawthorn","2023",22
1,"Morrison, Harry",12,6,9,21,0,0,0,4,0,3,1,2,1,0,0,3,18,0,0,0,0,0,85,3,"Hawthorn","2023",22
11,"Nash, Conor",13,4,13,26,0,0,0,2,2,2,8,1,1,0,0,13,13,0,0,1,0,0,74,3,"Hawthorn","2023",22
3,"Newcombe, Jai",19,12,21,40,1,0,0,4,2,4,5,1,2,0,3,10,30,0,0,3,2,2,81,3,"Hawthorn","2023",22
7,"Reeves, Ned",6,3,4,10,0,1,43,7,0,2,2,6,0,1,0,0,7,0,1,2,0,0,87,3,"Hawthorn","2023",22
14,"Scrimshaw, Jack",11,7,6,17,0,0,0,2,1,2,0,1,0,0,0,5,11,3,0,5,2,0,83,3,"Hawthorn","2023",22
6,"Sicily, James",14,6,8,22,0,0,0,2,2,1,1,5,3,1,1,7,13,2,0,4,0,0,94,3,"Hawthorn","2023",22
25,"Ward, Josh",13,7,8,21,0,0,0,0,3,2,0,2,0,0,0,0,19,0,0,0,0,0,79,3,"Hawthorn","2023",22
37,"Weddle, Josh",10,8,8,18,0,0,0,0,5,1,0,1,0,0,0,4,12,0,0,2,0,0,76,3,"Hawthorn","2023",22
0,"Wingard, Chad",0,0,0,0,0,0,0,0,0,0,0,0,0,0,0,0,0,0,0,0,0,0,3,3,"Hawthorn","2023",22
5,"Worpel, James",11,1,14,25,1,1,0,3,0,6,7,1,0,0,0,13,14,0,0,2,0,1,81,3,"Hawthorn","2023",22
0,"Baker, Oskar",8,0,0,8,1,0,0,0,0,2,0,2,0,0,0,0,8,0,0,0,1,0,52,-3,"Western Bulldogs","2023",22
4,"Bontempelli, Marcus",17,5,6,23,0,0,0,8,2,7,7,6,1,3,0,12,14,0,0,4,0,0,86,-3,"Western Bulldogs","2023",22
31,"Dale, Bailey",13,5,5,18,0,0,0,1,2,3,0,4,0,1,0,5,11,1,0,0,0,1,81,-3,"Western Bulldogs","2023",22
35,"Daniel, Caleb",11,4,2,13,0,1,0,4,4,2,2,2,0,1,0,2,11,0,0,0,2,0,80,-3,"Western Bulldogs","2023",22
15,"Duryea, Taylor",6,5,4,10,0,0,0,5,3,1,0,0,0,0,0,4,5,2,0,1,0,0,74,-3,"Western Bulldogs","2023",22
44,"English, Tim",7,5,3,10,1,0,32,4,3,0,3,0,0,0,0,6,7,0,1,5,3,0,85,-3,"Western Bulldogs","2023",22
32,"Jones, Arthur",3,1,0,3,0,1,0,3,0,2,0,0,1,0,0,1,2,0,0,0,0,0,61,-3,"Western Bulldogs","2023",22
19,"Jones, Liam",10,7,1,11,0,0,0,2,4,0,0,1,0,0,0,1,10,0,0,10,0,0,100,-3,"Western Bulldogs","2023",22
42,"Keath, Alex",7,7,7,14,0,0,0,2,2,1,0,5,0,2,0,5,9,0,0,3,0,0,91,-3,"Western Bulldogs","2023",22
0,"Liberatore, Tom",2,0,4,6,0,0,0,2,0,1,2,0,0,0,0,4,1,0,0,0,0,0,23,-3,"Western Bulldogs","2023",22
7,"Lobb, Rory",9,5,5,14,2,2,6,2,1,3,2,2,2,1,0,9,6,3,3,5,0,0,85,-3,"Western Bulldogs","2023",22
11,"Macrae, Jack",4,3,12,16,0,0,0,2,2,1,2,3,1,3,0,8,9,0,0,0,0,0,78,-3,"Western Bulldogs","2023",22
33,"Naughton, Aaron",8,2,2,10,0,2,0,2,0,2,0,4,1,0,0,7,3,2,2,4,1,1,86,-3,"Western Bulldogs","2023",22
18,"ODonnell, James",11,6,4,15,0,0,0,3,3,1,1,1,2,0,0,5,9,1,0,5,1,1,86,-3,"Western Bulldogs","2023",22
25,"Poulter, Caleb",6,2,5,11,0,0,0,3,1,2,2,5,0,1,0,7,5,1,0,0,0,1,74,-3,"Western Bulldogs","2023",22
20,"Richards, Ed",19,5,4,23,0,0,0,2,5,0,0,6,0,3,0,8,8,2,0,4,4,0,89,-3,"Western Bulldogs","2023",22
6,"Smith, Bailey",8,0,10,18,0,0,0,5,2,1,3,2,0,0,0,4,13,0,0,1,0,0,85,-3,"Western Bulldogs","2023",22
1,"Treloar, Adam",9,3,10,19,1,0,0,3,0,2,5,3,1,1,0,11,9,0,1,3,0,0,82,-3,"Western Bulldogs","2023",22
2,"Ugle-Hagan, Jamarra",10,7,0,10,2,1,0,1,0,2,0,4,0,0,0,4,6,3,3,1,0,0,85,-3,"Western Bulldogs","2023",22
23,"Vandermeer, Laitham",9,3,3,12,0,0,0,4,2,3,0,2,0,0,0,2,8,0,0,1,0,1,79,-3,"Western Bulldogs","2023",22
3,"Weightman, Cody",3,0,2,5,0,0,0,1,0,2,0,1,0,1,0,0,5,0,0,0,0,0,81,-3,"Western Bulldogs","2023",22
14,"West, Rhylee",3,5,7,10,1,0,0,7,0,2,0,2,1,1,0,5,5,0,0,3,0,0,72,-3,"Western Bulldogs","2023",22
34,"Williams, Bailey",13,9,4,17,1,0,0,3,4,3,1,3,0,1,0,2,16,0,1,1,0,0,85,-3,"Western Bulldogs","2023",22
