"Number","Player","Kicks","Marks","Handballs","Disposals","Goals","Behinds","Hitouts","Tackles","Rebounds50s","Inside50s","Clearances","Clangers","FreesFor","FreesAgainst","BrownlowVotes","ContestedPossessions","UncontestedPossessions","ContestedMarks","MarksInside50","OnePercenters","Bounces","GoalAssists","PercentagePlayed","PointDifference","Team","Season","Round"
41,"Butts, Jordon",8,5,10,18,0,0,0,1,3,2,0,4,0,3,0,2,16,0,0,7,0,0,89,122,"Adelaide","2023",13
12,"Dawson, Jordan",12,3,20,32,0,0,0,6,1,4,2,4,2,2,0,10,23,1,0,0,0,0,84,122,"Adelaide","2023",13
32,"Fogarty, Darcy",8,6,8,16,2,1,0,0,0,2,0,4,1,0,0,6,10,1,2,0,0,0,83,122,"Adelaide","2023",13
20,"Hinge, Mitch",11,4,7,18,0,1,0,1,2,1,1,1,0,0,0,3,14,0,1,1,0,0,91,122,"Adelaide","2023",13
1,"Jones, Chayce",14,5,7,21,0,0,0,2,1,3,2,1,0,0,0,4,11,1,0,0,2,1,83,122,"Adelaide","2023",13
2,"Keays, Ben",11,2,18,29,1,0,0,4,1,7,4,2,2,0,0,10,18,0,1,1,0,2,87,122,"Adelaide","2023",13
29,"Laird, Rory",17,4,17,34,0,0,0,6,3,6,13,2,3,0,2,20,14,0,0,0,0,1,78,122,"Adelaide","2023",13
0,"McHenry, Ned",8,4,3,11,0,0,0,1,1,2,0,0,2,0,0,3,8,0,0,1,0,0,34,122,"Adelaide","2023",13
16,"Michalanney, Max",6,2,3,9,0,0,0,0,1,0,0,1,0,1,0,2,7,0,0,2,0,0,77,122,"Adelaide","2023",13
30,"Milera, Wayne",11,2,10,21,0,0,0,0,4,2,1,1,1,1,0,6,12,0,0,0,0,1,78,122,"Adelaide","2023",13
4,"Murphy, Lachlan",12,3,4,16,2,1,0,3,0,3,3,1,3,0,0,7,8,0,1,1,0,1,85,122,"Adelaide","2023",13
0,"Murray, Nick",3,2,4,7,0,0,0,1,1,1,0,0,0,0,0,4,2,2,0,5,0,0,63,122,"Adelaide","2023",13
43,"OBrien, Reilly",7,4,11,18,0,0,37,1,0,2,1,4,1,1,0,8,8,2,0,3,0,1,82,122,"Adelaide","2023",13
10,"Pedlar, Luke",9,5,7,16,1,2,0,1,0,2,0,3,3,0,0,7,9,0,1,2,0,1,69,122,"Adelaide","2023",13
8,"Rachele, Josh",9,3,6,15,1,1,0,3,0,4,3,3,0,1,0,6,8,0,0,0,0,4,85,122,"Adelaide","2023",13
22,"Rankine, Izak",13,2,7,20,3,2,0,3,0,4,0,6,1,3,0,11,7,0,1,0,0,2,86,122,"Adelaide","2023",13
38,"Sholl, Lachlan",13,3,4,17,2,1,0,0,1,2,1,2,0,1,0,4,14,0,1,1,1,1,83,122,"Adelaide","2023",13
9,"Sloane, Rory",12,3,7,19,2,0,0,6,1,2,4,2,5,2,1,12,8,1,1,6,0,0,65,122,"Adelaide","2023",13
33,"Smith, Brodie",11,8,7,18,0,0,0,2,3,1,2,1,0,0,0,5,12,1,0,1,0,0,87,122,"Adelaide","2023",13
14,"Soligo, Jake",8,3,7,15,1,1,0,2,0,2,4,2,1,1,0,9,7,0,1,2,0,0,69,122,"Adelaide","2023",13
7,"Thilthorpe, Riley",8,4,7,15,2,0,7,1,0,4,2,5,3,2,0,7,8,2,2,1,0,3,75,122,"Adelaide","2023",13
13,"Walker, Taylor",18,11,3,21,10,2,5,2,0,6,1,3,1,1,3,11,10,5,6,0,0,1,83,122,"Adelaide","2023",13
24,"Worrell, Josh",13,7,5,18,0,0,0,2,2,3,0,0,0,0,0,7,11,1,0,3,0,0,84,122,"Adelaide","2023",13
12,"Allen, Oscar",9,3,4,13,1,0,1,1,5,1,0,1,2,0,0,3,9,1,0,5,0,0,89,-122,"West Coast","2023",13
33,"Bazzo, Rhett",6,6,6,12,0,0,0,0,2,0,0,7,0,3,0,6,7,2,0,6,0,0,81,-122,"West Coast","2023",13
18,"Chesser, Campbell",3,1,8,11,0,0,0,6,0,0,1,3,1,1,0,4,8,0,0,0,0,0,73,-122,"West Coast","2023",13
39,"Clark, Greg",4,1,4,8,0,0,1,2,0,1,0,6,0,3,0,2,6,0,0,0,0,0,88,-122,"West Coast","2023",13
27,"Darling, Jack",6,2,3,9,1,1,1,3,0,1,1,4,3,1,0,5,4,1,0,5,0,1,94,-122,"West Coast","2023",13
16,"Edwards, Luke",5,2,3,8,0,0,0,2,1,1,1,0,0,0,0,1,6,0,0,1,0,0,75,-122,"West Coast","2023",13
0,"Foley, Luke",6,2,2,8,0,0,0,4,2,0,1,2,1,0,0,3,5,0,0,4,0,0,54,-122,"West Coast","2023",13
3,"Gaff, Andrew",7,0,9,16,1,0,0,3,0,3,1,5,1,4,0,3,11,0,0,0,0,0,88,-122,"West Coast","2023",13
7,"Ginbey, Reuben",8,2,11,19,0,0,0,7,1,3,3,6,0,3,0,9,11,0,0,4,0,1,80,-122,"West Coast","2023",13
19,"Hough, Brady",7,5,7,14,0,0,0,2,2,0,0,0,2,0,0,4,11,1,0,1,0,0,81,-122,"West Coast","2023",13
5,"Hunt, Jayden",7,0,6,13,0,0,0,1,4,0,0,2,0,0,0,3,7,0,0,0,0,0,87,-122,"West Coast","2023",13
11,"Kelly, Tim",16,1,11,27,1,0,0,5,2,8,3,4,0,0,0,8,17,0,0,0,0,0,85,-122,"West Coast","2023",13
44,"Long, Noah",2,0,2,4,0,1,0,0,0,2,1,0,0,0,0,3,1,0,0,0,0,0,81,-122,"West Coast","2023",13
41,"Maric, Ryan",4,3,4,8,2,1,0,2,0,0,0,2,0,0,0,5,3,1,2,0,0,0,83,-122,"West Coast","2023",13
24,"ONeill, Xavier",7,1,7,14,0,0,0,3,0,1,3,4,2,1,0,6,7,0,0,2,0,0,84,-122,"West Coast","2023",13
10,"Petrevski-Seton, Sam",6,1,7,13,0,0,0,1,1,0,1,1,0,0,0,6,7,0,0,3,0,0,81,-122,"West Coast","2023",13
21,"Petruccelle, Jack",9,5,8,17,1,0,0,4,0,2,2,2,0,0,0,7,12,1,1,3,0,0,74,-122,"West Coast","2023",13
4,"Sheed, Dom",9,5,8,17,0,0,0,0,2,2,2,5,0,2,0,6,13,0,0,2,0,0,84,-122,"West Coast","2023",13
13,"Shuey, Luke",7,1,9,16,0,0,0,5,1,1,3,5,3,4,0,6,10,0,0,1,1,1,65,-122,"West Coast","2023",13
0,"Trew, Zane",6,2,5,11,0,0,0,1,1,2,3,4,0,2,0,7,4,0,0,1,0,0,32,-122,"West Coast","2023",13
32,"Williams, Bailey",8,2,12,20,1,0,35,2,2,3,6,1,1,1,0,14,8,2,0,4,0,0,84,-122,"West Coast","2023",13
23,"Witherden, Alex",7,4,8,15,0,0,0,2,5,0,0,3,1,3,0,2,11,0,0,4,0,0,87,-122,"West Coast","2023",13
6,"Yeo, Elliot",15,2,15,30,0,0,0,3,6,3,5,4,2,0,0,12,13,0,0,5,0,0,68,-122,"West Coast","2023",13
