"Number","Player","Kicks","Marks","Handballs","Disposals","Goals","Behinds","Hitouts","Tackles","Rebounds50s","Inside50s","Clearances","Clangers","FreesFor","FreesAgainst","BrownlowVotes","ContestedPossessions","UncontestedPossessions","ContestedMarks","MarksInside50","OnePercenters","Bounces","GoalAssists","PercentagePlayed","PointDifference","Team","Season","Round"
9,"Ainsworth, Ben",6,5,2,8,2,0,0,3,0,0,0,1,1,0,0,3,6,0,2,0,0,0,80,-78,"Gold Coast","2023",16
15,"Anderson, Noah",20,8,15,35,0,1,0,3,3,6,7,4,2,2,0,11,23,0,1,0,2,0,85,-78,"Gold Coast","2023",16
31,"Andrew, Mac",7,5,1,8,0,0,0,2,1,1,0,0,2,0,0,3,6,1,0,2,0,0,82,-78,"Gold Coast","2023",16
0,"Atkins, Rory",8,4,6,14,0,0,0,2,6,0,2,0,0,0,0,5,7,0,0,0,0,0,47,-78,"Gold Coast","2023",16
10,"Ballard, Charlie",13,10,5,18,0,0,0,2,4,0,1,6,1,3,0,9,8,3,0,6,0,0,94,-78,"Gold Coast","2023",16
30,"Casboult, Levi",6,6,0,6,0,0,5,0,0,2,0,1,0,1,0,2,4,2,0,5,0,0,88,-78,"Gold Coast","2023",16
25,"Collins, Sam",8,6,3,11,0,0,0,2,1,1,0,3,0,0,0,3,9,0,0,15,0,0,100,-78,"Gold Coast","2023",16
4,"Ellis, Brandon",14,9,4,18,0,0,0,1,1,4,0,4,0,1,0,5,12,1,1,0,0,0,94,-78,"Gold Coast","2023",16
8,"Fiorini, Brayden",17,9,4,21,0,1,0,2,2,6,0,1,0,0,0,2,18,0,1,0,0,0,78,-78,"Gold Coast","2023",16
3,"Flanders, Sam",11,6,16,27,0,1,0,4,1,1,4,1,1,0,0,14,11,0,0,0,0,0,78,-78,"Gold Coast","2023",16
7,"Holman, Nick",3,1,3,6,0,1,0,3,1,1,0,3,1,2,0,4,2,0,0,0,0,0,82,-78,"Gold Coast","2023",16
19,"Humphrey, Bailey",7,1,4,11,0,1,0,3,2,3,2,1,0,0,0,6,5,0,0,0,0,1,75,-78,"Gold Coast","2023",16
34,"King, Ben",4,3,2,6,0,1,0,0,0,2,0,1,1,0,0,4,2,1,1,0,0,0,82,-78,"Gold Coast","2023",16
22,"Long, Ben",3,1,3,6,0,0,0,0,1,0,0,2,0,0,0,1,4,0,0,3,1,0,83,-78,"Gold Coast","2023",16
13,"Lukosius, Jack",12,7,2,14,0,0,0,1,0,7,0,4,0,2,0,3,11,0,0,5,0,1,86,-78,"Gold Coast","2023",16
44,"Macpherson, Darcy",13,5,9,22,0,0,0,2,4,0,1,1,2,0,0,6,16,0,0,2,0,0,74,-78,"Gold Coast","2023",16
0,"Oea, Hewago",2,1,1,3,1,0,0,1,0,1,1,0,0,0,0,2,1,0,1,0,0,0,40,-78,"Gold Coast","2023",16
27,"Powell, Wil",25,8,2,27,0,0,0,1,12,3,0,3,1,1,0,1,14,0,0,2,2,0,82,-78,"Gold Coast","2023",16
41,"Rosas, Malcolm",5,2,3,8,0,2,0,4,0,1,1,1,0,0,0,5,4,0,1,1,0,0,67,-78,"Gold Coast","2023",16
18,"Rowell, Matt",9,0,11,20,2,0,0,8,1,2,9,3,2,0,0,17,4,0,0,1,0,0,83,-78,"Gold Coast","2023",16
24,"Swallow, David",10,3,5,15,0,0,0,2,0,4,0,3,0,2,0,2,13,0,0,1,0,0,70,-78,"Gold Coast","2023",16
14,"Weller, Lachie",11,5,3,14,0,1,0,4,3,0,0,5,2,4,0,3,10,0,0,0,0,1,68,-78,"Gold Coast","2023",16
28,"Witts, Jarrod",7,1,4,11,0,0,29,2,1,0,3,6,0,3,0,8,3,1,0,4,0,1,83,-78,"Gold Coast","2023",16
13,"Adams, Taylor",9,5,5,14,1,0,0,4,1,4,1,2,1,0,0,4,11,0,3,0,0,4,79,78,"Collingwood","2023",16
14,"Cameron, Darcy",5,1,9,14,1,0,13,0,0,1,3,2,3,0,0,8,5,0,0,3,0,0,84,78,"Collingwood","2023",16
46,"Cox, Mason",3,1,1,4,1,1,11,4,0,0,1,2,1,1,0,2,2,0,1,6,0,0,74,78,"Collingwood","2023",16
25,"Crisp, Jack",11,4,8,19,1,0,0,7,1,6,2,3,0,0,0,8,10,0,0,0,0,0,81,78,"Collingwood","2023",16
7,"Daicos, Josh",16,3,11,27,0,1,0,3,2,4,1,2,1,0,0,8,17,0,0,2,0,1,93,78,"Collingwood","2023",16
35,"Daicos, Nick",17,7,19,36,1,2,0,10,2,5,7,5,1,3,3,13,23,0,1,3,1,0,80,78,"Collingwood","2023",16
5,"Elliott, Jamie",11,6,0,11,5,0,0,3,0,3,0,0,1,0,2,3,6,1,4,1,0,0,79,78,"Collingwood","2023",16
17,"Frampton, Billy",13,4,2,15,2,0,1,1,1,4,0,2,1,0,0,4,9,2,0,4,0,0,77,78,"Collingwood","2023",16
0,"Harrison, Harvey",0,0,2,2,0,0,0,0,0,0,0,1,0,0,0,0,2,0,0,0,0,0,35,78,"Collingwood","2023",16
23,"Hill, Bobby",8,2,4,12,2,1,0,3,0,0,0,4,0,1,0,7,4,0,2,0,5,1,69,78,"Collingwood","2023",16
32,"Hoskin-Elliott, Will",14,6,5,19,1,1,0,1,2,3,1,2,0,0,0,5,14,1,3,4,1,1,84,78,"Collingwood","2023",16
0,"Howe, Jeremy",5,4,3,8,0,0,0,0,2,0,0,1,0,0,0,3,5,1,0,2,0,0,50,78,"Collingwood","2023",16
1,"Lipinski, Patrick",7,3,16,23,1,0,0,0,2,4,3,4,2,0,0,12,13,0,0,3,0,2,87,78,"Collingwood","2023",16
37,"Markov, Oleg",11,6,6,17,1,0,0,1,2,2,1,2,0,2,0,3,13,1,1,2,1,1,83,78,"Collingwood","2023",16
4,"Maynard, Brayden",11,8,5,16,0,0,0,2,3,2,0,3,0,1,0,6,12,1,0,3,1,0,69,78,"Collingwood","2023",16
31,"McCreery, Beau",7,3,5,12,0,1,0,4,1,4,1,3,1,3,0,8,4,1,0,0,0,0,68,78,"Collingwood","2023",16
41,"Mihocek, Brody",6,4,4,10,0,2,0,4,0,2,1,1,0,1,0,7,4,1,1,4,0,2,86,78,"Collingwood","2023",16
6,"Mitchell, Tom",15,3,15,30,0,0,0,4,1,7,4,4,1,0,0,9,19,0,0,0,0,0,85,78,"Collingwood","2023",16
30,"Moore, Darcy",15,6,5,20,0,0,0,0,2,4,1,1,3,0,0,9,7,3,0,4,0,0,87,78,"Collingwood","2023",16
28,"Murphy, Nathan",7,4,7,14,0,0,0,2,3,1,1,4,3,2,0,7,5,1,0,7,1,1,97,78,"Collingwood","2023",16
9,"Noble, John",18,5,12,30,1,0,0,3,5,2,0,1,2,0,1,5,23,0,0,3,1,0,83,78,"Collingwood","2023",16
10,"Pendlebury, Scott",13,1,14,27,0,1,0,4,2,4,6,4,0,1,0,8,17,0,0,1,1,0,88,78,"Collingwood","2023",16
3,"Quaynor, Isaac",9,6,15,24,0,0,0,1,7,0,0,1,0,1,0,7,15,1,0,2,0,0,82,78,"Collingwood","2023",16
