"Number","Player","Kicks","Marks","Handballs","Disposals","Goals","Behinds","Hitouts","Tackles","Rebounds50s","Inside50s","Clearances","Clangers","FreesFor","FreesAgainst","BrownlowVotes","ContestedPossessions","UncontestedPossessions","ContestedMarks","MarksInside50","OnePercenters","Bounces","GoalAssists","PercentagePlayed","PointDifference","Team","Season","Round"
19,"Betts, Eddie",7,4,4,11,2,1,0,0,1,3,1,2,0,1,0,5,6,1,1,0,0,1,78,23,"Carlton","2021",10
46,"Cottrell, Matthew",7,1,4,11,0,1,0,2,1,1,0,1,0,1,0,2,9,0,0,1,0,0,74,23,"Carlton","2021",10
9,"Cripps, Patrick",7,4,18,25,0,0,0,10,0,3,5,1,1,1,0,12,13,0,0,1,2,1,85,23,"Carlton","2021",10
35,"Curnow, Ed",17,3,11,28,0,1,0,9,1,5,5,7,3,2,0,12,16,0,1,3,0,2,87,23,"Carlton","2021",10
12,"De Koning, Tom",9,5,5,14,1,0,12,1,0,2,2,5,1,2,0,7,9,2,1,0,0,0,77,23,"Carlton","2021",10
15,"Docherty, Sam",16,6,10,26,0,0,0,5,3,6,4,4,2,0,0,11,16,2,0,2,1,0,84,23,"Carlton","2021",10
8,"Fogarty, Lachie",7,5,5,12,0,0,0,8,0,0,0,0,1,0,0,4,7,0,0,0,0,0,73,23,"Carlton","2021",10
40,"Gibbons, Michael",11,6,6,17,1,0,0,1,3,2,0,0,0,0,0,1,16,0,1,1,0,1,78,23,"Carlton","2021",10
36,"Honey, Josh",0,0,0,0,0,0,0,0,0,0,0,0,0,0,0,0,0,0,0,0,0,0,0,23,"Carlton","2021",10
14,"Jones, Liam",11,5,1,12,0,0,0,1,1,2,0,2,2,0,0,6,5,2,0,14,0,0,99,23,"Carlton","2021",10
10,"McKay, Harry",5,4,1,6,2,0,0,0,0,3,0,3,2,1,0,5,3,2,0,2,0,0,87,23,"Carlton","2021",10
3,"Murphy, Marc",11,2,7,18,1,0,0,3,1,4,4,0,2,0,0,7,10,0,0,2,0,1,78,23,"Carlton","2021",10
24,"Newman, Nic",12,5,9,21,0,0,0,5,3,0,0,1,1,0,0,7,10,1,0,1,5,0,82,23,"Carlton","2021",10
44,"Owies, Matthew",6,6,3,9,2,0,0,2,1,1,0,0,1,0,0,3,6,1,2,0,0,1,74,23,"Carlton","2021",10
27,"Pittonet, Marc",3,4,10,13,1,0,30,0,2,2,4,2,1,1,0,8,5,0,1,4,0,0,84,23,"Carlton","2021",10
20,"Plowman, Lachie",5,2,6,11,0,0,0,2,1,1,0,1,0,1,0,4,6,1,0,5,0,0,88,23,"Carlton","2021",10
42,"Saad, Adam",20,8,6,26,0,1,0,1,7,4,1,0,1,0,0,5,21,0,1,4,3,0,81,23,"Carlton","2021",10
43,"Setterfield, Will",13,8,8,21,0,2,0,3,1,6,6,5,0,4,0,7,14,0,0,1,0,0,78,23,"Carlton","2021",10
1,"Silvagni, Jack",8,5,2,10,1,0,0,3,0,4,0,3,0,1,0,4,6,2,1,2,2,0,78,23,"Carlton","2021",10
13,"Stocker, Liam",11,6,5,16,0,1,0,0,1,2,0,1,1,0,0,5,11,0,0,3,0,0,84,23,"Carlton","2021",10
18,"Walsh, Sam",13,4,17,30,1,0,0,6,2,5,4,7,1,4,3,17,15,1,0,3,0,2,85,23,"Carlton","2021",10
23,"Weitering, Jacob",12,6,2,14,0,0,0,0,4,2,0,4,0,0,1,6,7,2,0,10,0,0,87,23,"Carlton","2021",10
6,"Williams, Zac",20,4,6,26,1,0,0,2,7,2,1,1,1,0,0,7,16,0,0,1,4,0,80,23,"Carlton","2021",10
22,"Breust, Luke",8,3,5,13,3,0,0,3,0,3,2,0,0,0,0,4,9,0,2,0,1,0,73,-23,"Hawthorn","2021",10
24,"Cousins, James",7,3,15,22,0,0,0,6,1,6,2,6,0,1,0,6,17,0,0,1,0,0,86,-23,"Hawthorn","2021",10
8,"Frost, Sam",11,4,6,17,0,0,0,3,5,0,1,4,1,1,0,8,9,0,0,2,1,0,98,-23,"Hawthorn","2021",10
30,"Greaves, Damon",7,2,4,11,0,0,0,3,3,3,0,2,1,0,0,3,9,0,0,2,0,0,83,-23,"Hawthorn","2021",10
13,"Hanrahan, Oliver",9,2,6,15,0,2,0,3,0,2,0,1,0,0,0,5,9,0,0,2,0,1,66,-23,"Hawthorn","2021",10
15,"Hardwick, Blake",15,4,6,21,0,0,0,2,8,3,1,1,0,1,0,6,12,1,0,7,0,0,85,-23,"Hawthorn","2021",10
28,"Hartigan, Kyle",2,0,2,4,0,0,0,1,1,0,0,3,1,3,0,2,2,0,0,10,0,0,93,-23,"Hawthorn","2021",10
17,"Howe, Daniel",9,1,6,15,1,0,0,1,0,1,3,4,0,1,0,6,10,0,0,8,0,0,83,-23,"Hawthorn","2021",10
4,"Impey, Jarman",14,5,10,24,0,0,0,6,4,3,2,1,2,0,0,6,18,0,0,0,1,0,79,-23,"Hawthorn","2021",10
29,"Jiath, Changkuoth",6,4,10,16,0,0,0,3,2,1,2,5,1,2,0,7,10,0,0,2,0,0,84,-23,"Hawthorn","2021",10
34,"Koschitzke, Jacob",6,5,4,10,1,2,0,2,0,1,0,3,0,2,0,3,7,1,3,6,0,0,93,-23,"Hawthorn","2021",10
2,"Lewis, Mitch",3,3,5,8,1,0,0,1,0,1,1,1,0,1,0,6,4,1,1,4,0,2,82,-23,"Hawthorn","2021",10
7,"McEvoy, Ben",4,3,7,11,0,0,14,3,1,1,0,1,1,0,0,6,5,1,0,3,0,1,83,-23,"Hawthorn","2021",10
3,"Mitchell, Tom",22,4,22,44,0,0,0,4,2,7,8,6,1,2,2,16,30,0,0,0,0,0,83,-23,"Hawthorn","2021",10
36,"Moore, Dylan",7,5,12,19,1,0,0,5,0,4,0,2,2,0,0,4,15,0,1,0,0,0,72,-23,"Hawthorn","2021",10
35,"Morris, Josh",0,0,0,0,0,0,0,0,0,0,0,0,0,0,0,0,0,0,0,0,0,0,0,-23,"Hawthorn","2021",10
1,"Morrison, Harry",9,1,6,15,2,0,0,3,1,2,1,5,2,2,0,6,8,0,1,3,0,0,81,-23,"Hawthorn","2021",10
10,"OMeara, Jaeger",13,2,9,22,0,0,0,11,3,3,6,2,1,1,0,10,11,0,0,1,0,1,75,-23,"Hawthorn","2021",10
21,"Phillips, Tom",14,2,3,17,0,0,0,1,2,1,1,1,2,1,0,4,12,0,0,0,0,0,80,-23,"Hawthorn","2021",10
37,"Reeves, Ned",4,2,9,13,0,0,22,4,2,0,3,3,2,3,0,8,4,1,0,3,0,0,82,-23,"Hawthorn","2021",10
14,"Scrimshaw, Jack",12,7,12,24,0,0,0,1,7,0,1,4,0,0,0,10,13,2,0,4,0,0,78,-23,"Hawthorn","2021",10
20,"Wingard, Chad",13,2,8,21,0,2,0,5,2,5,4,2,0,0,0,12,12,0,0,3,1,1,84,-23,"Hawthorn","2021",10
5,"Worpel, James",13,2,11,24,0,1,0,4,2,2,7,2,2,0,0,12,13,0,0,0,0,1,77,-23,"Hawthorn","2021",10
