"Number","Player","Kicks","Marks","Handballs","Disposals","Goals","Behinds","Hitouts","Tackles","Rebounds50s","Inside50s","Clearances","Clangers","FreesFor","FreesAgainst","BrownlowVotes","ContestedPossessions","UncontestedPossessions","ContestedMarks","MarksInside50","OnePercenters","Bounces","GoalAssists","PercentagePlayed","PointDifference","Team","Season","Round"
19,"Betts, Eddie",7,3,5,12,2,0,0,0,0,1,0,0,0,0,0,5,7,0,0,0,0,1,82,-22,"Carlton","2021",12
46,"Cottrell, Matthew",9,3,4,13,1,1,0,1,2,1,0,8,0,3,0,3,11,0,1,0,0,0,86,-22,"Carlton","2021",12
9,"Cripps, Patrick",7,6,15,22,0,1,0,1,0,2,4,2,1,1,1,10,13,1,1,2,1,1,87,-22,"Carlton","2021",12
35,"Curnow, Ed",6,3,4,10,0,0,0,3,0,2,0,1,0,0,0,5,5,0,0,0,0,0,79,-22,"Carlton","2021",12
12,"De Koning, Tom",5,4,2,7,2,1,1,0,0,1,1,0,2,0,0,3,4,1,2,0,0,0,79,-22,"Carlton","2021",12
15,"Docherty, Sam",19,9,3,22,0,0,0,2,7,2,1,4,0,0,0,3,17,0,0,1,0,0,82,-22,"Carlton","2021",12
2,"Dow, Paddy",7,1,12,19,0,0,0,0,3,1,6,2,0,0,0,10,8,0,0,0,2,1,79,-22,"Carlton","2021",12
25,"Fisher, Zac",9,2,5,14,0,0,0,2,0,6,0,1,0,0,0,2,12,0,0,1,1,2,77,-22,"Carlton","2021",12
14,"Jones, Liam",13,10,3,16,0,0,0,1,2,4,0,3,1,1,0,10,6,6,0,10,0,0,98,-22,"Carlton","2021",12
21,"Martin, Jack",8,4,6,14,0,0,0,4,0,2,1,1,2,0,0,4,10,0,0,1,0,0,75,-22,"Carlton","2021",12
0,"McKay, Harry",1,1,0,1,0,1,0,0,0,0,0,0,0,0,0,0,1,0,1,0,0,0,23,-22,"Carlton","2021",12
3,"Murphy, Marc",10,5,6,16,0,0,0,3,0,2,0,4,1,1,0,5,13,0,1,1,0,1,81,-22,"Carlton","2021",12
24,"Newman, Nic",15,6,2,17,0,0,0,2,2,1,0,2,0,0,0,5,8,1,0,4,1,1,56,-22,"Carlton","2021",12
0,"Newnes, Jack",10,7,4,14,0,0,0,1,0,3,0,2,0,1,0,3,10,1,1,1,0,0,55,-22,"Carlton","2021",12
44,"Owies, Matthew",6,5,2,8,2,1,0,4,1,1,0,3,1,1,0,1,7,0,4,0,0,0,75,-22,"Carlton","2021",12
27,"Pittonet, Marc",5,4,7,12,0,2,13,6,0,1,2,3,0,2,0,7,6,1,2,1,0,1,83,-22,"Carlton","2021",12
42,"Saad, Adam",14,7,8,22,0,1,0,0,3,4,1,0,0,0,0,3,18,0,0,3,7,0,85,-22,"Carlton","2021",12
43,"Setterfield, Will",13,9,4,17,1,1,0,3,1,2,3,0,1,0,0,6,10,0,1,0,0,0,83,-22,"Carlton","2021",12
1,"Silvagni, Jack",12,5,3,15,0,2,0,2,0,3,0,2,1,0,0,5,10,1,1,1,0,1,91,-22,"Carlton","2021",12
13,"Stocker, Liam",9,6,7,16,0,0,0,1,4,0,0,1,0,0,0,3,11,0,0,1,0,0,86,-22,"Carlton","2021",12
18,"Walsh, Sam",18,11,12,30,1,0,0,4,2,4,4,3,3,3,0,10,19,1,1,0,0,0,88,-22,"Carlton","2021",12
23,"Weitering, Jacob",13,10,3,16,0,0,0,2,5,1,0,3,0,0,0,5,12,1,0,13,0,0,100,-22,"Carlton","2021",12
6,"Williams, Zac",22,6,2,24,1,0,0,1,10,3,1,5,0,2,0,3,18,0,0,2,1,0,71,-22,"Carlton","2021",12
37,"Barrass, Tom",13,8,2,15,0,0,0,0,1,1,0,0,1,0,0,4,11,3,0,10,0,0,92,22,"West Coast","2021",12
28,"Cole, Tom",8,5,3,11,0,0,0,2,4,0,0,3,1,3,0,3,10,0,0,6,0,0,86,22,"West Coast","2021",12
15,"Cripps, Jamie",10,5,2,12,1,0,0,1,0,6,0,2,0,0,0,6,6,0,1,1,0,1,83,22,"West Coast","2021",12
27,"Darling, Jack",9,4,3,12,1,0,0,3,0,1,0,1,1,0,0,6,6,1,1,2,0,0,100,22,"West Coast","2021",12
42,"Edwards, Harry",12,9,3,15,0,0,0,3,2,1,0,2,0,1,0,4,11,2,0,6,0,0,91,22,"West Coast","2021",12
16,"Edwards, Luke",8,3,7,15,0,0,0,2,0,4,1,0,0,0,0,4,10,0,0,1,0,1,65,22,"West Coast","2021",12
29,"Foley, Luke",13,5,3,16,1,0,0,1,2,2,0,3,0,1,0,3,14,0,0,5,0,0,87,22,"West Coast","2021",12
3,"Gaff, Andrew",17,5,13,30,1,0,0,0,0,6,6,3,1,0,0,8,22,1,0,2,0,3,87,22,"West Coast","2021",12
25,"Hurn, Shannon",21,9,6,27,0,0,0,1,11,1,0,3,1,0,0,3,17,0,0,2,0,1,73,22,"West Coast","2021",12
0,"Jones, Jamaine",6,3,2,8,2,2,0,4,0,0,0,0,0,0,0,3,4,0,3,1,0,1,54,22,"West Coast","2021",12
7,"Langdon, Zac",10,4,10,20,1,0,0,2,0,1,0,1,1,0,0,9,10,0,0,1,0,1,92,22,"West Coast","2021",12
9,"Naitanui, Nic",9,2,6,15,0,1,33,1,3,5,9,4,1,1,0,11,4,0,0,4,1,1,75,22,"West Coast","2021",12
30,"Nelson, Jackson",11,5,2,13,0,0,0,4,2,1,0,2,1,0,0,5,8,0,0,3,0,0,83,22,"West Coast","2021",12
24,"ONeill, Xavier",8,5,6,14,1,1,0,3,0,3,1,4,0,0,0,4,11,2,1,3,0,0,77,22,"West Coast","2021",12
21,"Petruccelle, Jack",4,3,4,8,0,1,0,0,0,0,0,1,0,0,0,4,5,1,1,2,0,0,72,22,"West Coast","2021",12
8,"Redden, Jack",11,7,11,22,1,0,0,10,2,1,2,4,1,1,0,9,14,0,0,2,1,0,87,22,"West Coast","2021",12
35,"Rotham, Josh",14,9,1,15,0,0,0,1,5,3,0,0,0,0,0,2,12,0,0,5,0,0,92,22,"West Coast","2021",12
1,"Ryan, Liam",15,9,2,17,4,0,0,1,0,6,1,3,0,0,2,10,7,4,3,1,1,1,82,22,"West Coast","2021",12
4,"Sheed, Dom",20,8,12,32,1,0,0,2,2,6,8,6,1,0,3,15,17,0,1,1,0,0,86,22,"West Coast","2021",12
0,"Sheppard, Brad",2,0,1,3,0,0,0,0,1,0,0,2,1,1,0,0,2,0,0,0,0,0,19,22,"West Coast","2021",12
2,"Waterman, Jake",11,6,3,14,0,1,0,1,0,4,1,2,1,0,0,4,10,1,0,1,0,0,82,22,"West Coast","2021",12
32,"Williams, Bailey",2,1,4,6,0,0,5,0,1,1,0,6,0,3,0,4,2,0,0,1,0,0,68,22,"West Coast","2021",12
6,"Yeo, Elliot",13,1,5,18,0,0,0,7,0,4,8,4,3,2,0,14,5,0,0,0,0,0,66,22,"West Coast","2021",12
