"Number","Player","Kicks","Marks","Handballs","Disposals","Goals","Behinds","Hitouts","Tackles","Rebounds50s","Inside50s","Clearances","Clangers","FreesFor","FreesAgainst","BrownlowVotes","ContestedPossessions","UncontestedPossessions","ContestedMarks","MarksInside50","OnePercenters","Bounces","GoalAssists","PercentagePlayed","PointDifference","Team","Season","Round"
37,"Clarke, Dylan",6,4,8,14,0,0,0,2,0,3,1,2,1,0,0,3,13,0,0,2,0,0,79,38,"Essendon","2021",23
13,"Cox, Nik",0,0,0,0,0,0,0,0,0,0,0,0,0,0,0,0,0,0,0,0,0,0,0,38,"Essendon","2021",23
12,"Cutler, Tom",18,9,6,24,0,0,0,0,3,2,0,1,1,0,0,5,16,0,0,0,1,2,85,38,"Essendon","2021",23
2,"Draper, Sam",6,1,1,7,0,0,20,1,1,2,4,4,2,3,0,6,0,1,0,1,0,0,79,38,"Essendon","2021",23
42,"Durham, Sam",4,4,6,10,0,0,0,2,0,3,0,1,1,1,0,3,8,0,0,1,1,0,73,38,"Essendon","2021",23
10,"Francis, Aaron",6,5,3,9,0,1,1,0,0,4,0,2,0,0,0,2,7,1,0,5,0,2,81,38,"Essendon","2021",23
35,"Guelfi, Matt",14,4,6,20,0,1,0,2,0,6,1,6,2,2,0,9,11,1,1,2,0,0,70,38,"Essendon","2021",23
21,"Heppell, Dyson",13,8,9,22,0,0,0,5,2,4,0,0,2,0,0,3,20,0,0,0,0,1,78,38,"Essendon","2021",23
19,"Hind, Nick",22,8,1,23,0,0,0,2,4,4,0,2,0,0,0,2,20,0,0,3,2,1,88,38,"Essendon","2021",23
15,"Laverde, Jayden",11,6,7,18,0,0,0,1,4,1,1,2,2,1,0,5,12,0,0,2,0,0,92,38,"Essendon","2021",23
1,"McGrath, Andrew",11,4,10,21,0,0,0,2,2,1,0,0,1,0,0,3,18,0,0,0,0,1,83,38,"Essendon","2021",23
7,"Merrett, Zach",9,4,18,27,0,0,0,4,1,1,3,3,2,1,0,11,18,0,0,3,1,0,83,38,"Essendon","2021",23
3,"Parish, Darcy",6,1,15,21,0,1,0,3,2,3,3,1,0,0,0,7,14,0,0,0,0,0,85,38,"Essendon","2021",23
16,"Perkins, Archie",7,3,5,12,1,0,0,1,0,3,0,5,1,1,0,5,7,1,0,1,1,1,78,38,"Essendon","2021",23
27,"Redman, Mason",16,10,5,21,2,0,0,1,5,3,0,1,1,1,0,3,15,1,0,3,1,0,84,38,"Essendon","2021",23
14,"Ridley, Jordan",16,9,3,19,0,0,0,1,6,0,0,2,1,1,0,1,14,0,0,5,0,0,88,38,"Essendon","2021",23
9,"Shiel, Dylan",7,5,14,21,0,0,0,3,0,1,4,2,0,1,0,5,16,0,0,1,0,0,74,38,"Essendon","2021",23
5,"Smith, Devon",14,7,9,23,2,2,0,4,0,2,2,1,0,0,3,6,17,1,4,1,2,4,83,38,"Essendon","2021",23
40,"Snelling, Will",5,4,9,14,1,0,0,6,0,0,1,3,2,1,0,6,10,0,2,0,0,0,85,38,"Essendon","2021",23
17,"Stewart, James",9,6,6,15,0,0,0,1,5,2,0,2,0,0,0,5,10,1,0,2,0,0,85,38,"Essendon","2021",23
25,"Stringer, Jake",17,6,7,24,2,1,0,1,1,6,6,4,0,1,0,10,16,1,3,4,0,1,84,38,"Essendon","2021",23
45,"Waterman, Alec",7,5,6,13,4,0,0,2,0,2,0,2,1,0,1,6,6,2,2,0,0,0,75,38,"Essendon","2021",23
20,"Wright, Peter",9,8,4,13,4,0,3,1,0,1,0,5,0,0,2,6,8,4,5,4,1,0,87,38,"Essendon","2021",23
13,"Adams, Taylor",19,6,12,31,0,0,0,6,3,4,10,6,2,0,0,15,16,1,0,1,1,0,74,-38,"Collingwood","2021",23
8,"Bianco, Trent",11,5,6,17,0,0,0,0,0,2,0,4,1,0,0,3,14,0,0,1,0,0,80,-38,"Collingwood","2021",23
14,"Cameron, Darcy",9,9,5,14,1,1,4,0,1,2,1,5,0,3,0,5,8,3,2,2,0,0,75,-38,"Collingwood","2021",23
25,"Crisp, Jack",9,4,10,19,0,0,0,2,3,2,4,2,1,2,0,9,12,0,0,0,1,1,86,-38,"Collingwood","2021",23
7,"Daicos, Josh",11,3,6,17,1,2,0,4,2,1,2,3,2,0,0,7,10,0,0,0,0,0,80,-38,"Collingwood","2021",23
2,"de Goey, Jordan",16,8,7,23,1,1,0,4,2,6,2,4,0,0,0,4,18,1,1,3,0,1,85,-38,"Collingwood","2021",23
5,"Elliott, Jamie",15,8,3,18,4,1,0,4,0,5,1,5,1,2,0,7,10,1,3,3,1,0,81,-38,"Collingwood","2021",23
33,"Ginnivan, Jack",10,5,2,12,0,2,0,1,0,4,1,4,2,2,0,5,10,0,2,3,0,1,74,-38,"Collingwood","2021",23
4,"Grundy, Brodie",3,1,8,11,0,0,23,3,0,2,3,4,1,1,0,6,6,0,0,3,0,0,79,-38,"Collingwood","2021",23
0,"Henry, Oliver",3,2,2,5,0,1,0,1,0,1,0,2,0,0,0,2,3,0,1,0,0,1,54,-38,"Collingwood","2021",23
32,"Hoskin-Elliott, Will",4,5,5,9,1,0,0,1,0,1,0,2,0,0,0,2,8,0,1,1,0,1,91,-38,"Collingwood","2021",23
38,"Howe, Jeremy",12,4,8,20,0,0,0,2,4,0,0,5,1,0,0,4,12,0,0,3,0,0,84,-38,"Collingwood","2021",23
44,"Madgen, Jack",10,8,7,17,0,0,0,1,4,1,0,0,1,0,0,7,10,2,0,4,0,0,87,-38,"Collingwood","2021",23
37,"Maynard, Brayden",9,2,4,13,0,0,0,2,3,4,1,5,0,3,0,4,10,0,0,1,0,0,86,-38,"Collingwood","2021",23
16,"Mayne, Chris",6,5,17,23,0,0,0,3,2,1,0,1,0,1,0,10,14,0,0,1,0,1,96,-38,"Collingwood","2021",23
0,"McCreery, Beau",0,0,0,0,0,0,0,0,0,0,0,1,0,1,0,0,0,0,0,0,0,0,27,-38,"Collingwood","2021",23
28,"Murphy, Nathan",9,4,5,14,0,1,0,0,4,1,0,4,0,2,0,4,11,0,1,0,0,0,78,-38,"Collingwood","2021",23
9,"Noble, John",11,6,7,18,0,0,0,1,4,0,0,4,0,0,0,3,15,0,0,2,0,0,83,-38,"Collingwood","2021",23
1,"Rantall, Jay",3,5,5,8,0,0,0,1,1,1,0,1,0,1,0,1,8,0,0,0,0,0,75,-38,"Collingwood","2021",23
23,"Roughead, Jordan",9,7,2,11,0,0,0,0,2,1,0,1,0,0,0,2,9,1,0,6,0,0,89,-38,"Collingwood","2021",23
22,"Sidebottom, Steele",12,8,10,22,0,0,0,1,0,3,3,3,0,1,0,5,19,0,0,2,1,0,80,-38,"Collingwood","2021",23
24,"Thomas, Josh",9,5,7,16,1,1,0,2,1,3,1,1,2,0,0,6,11,0,1,0,0,0,76,-38,"Collingwood","2021",23
12,"Wilson, Tom",6,1,6,12,0,0,0,1,1,0,1,2,0,1,0,5,8,1,1,2,0,0,80,-38,"Collingwood","2021",23
