"Number","Player","Kicks","Marks","Handballs","Disposals","Goals","Behinds","Hitouts","Tackles","Rebounds50s","Inside50s","Clearances","Clangers","FreesFor","FreesAgainst","BrownlowVotes","ContestedPossessions","UncontestedPossessions","ContestedMarks","MarksInside50","OnePercenters","Bounces","GoalAssists","PercentagePlayed","PointDifference","Team","Season","Round"
16,"Bramble, Lachlan",18,6,9,27,0,0,0,2,8,2,2,2,1,0,0,7,17,1,0,2,2,1,84,-62,"Hawthorn","2021",17
22,"Breust, Luke",5,3,6,11,0,2,0,2,0,2,1,3,0,1,0,9,3,1,2,1,0,0,86,-62,"Hawthorn","2021",17
42,"Brockman, Tyler",5,1,9,14,0,0,0,1,1,2,3,2,1,0,0,7,7,0,0,2,0,0,78,-62,"Hawthorn","2021",17
9,"Burgoyne, Shaun",9,1,3,12,0,0,0,1,5,1,0,2,0,0,0,1,6,0,0,3,0,0,73,-62,"Hawthorn","2021",17
18,"Ceglar, Jonathon",6,8,7,13,0,0,24,1,0,1,3,2,0,2,0,8,8,2,0,7,0,0,77,-62,"Hawthorn","2021",17
8,"Frost, Sam",8,7,3,11,0,0,0,3,1,1,1,1,0,0,0,7,5,3,0,5,0,0,96,-62,"Hawthorn","2021",17
38,"Grainger-Barras, Denver",6,5,3,9,0,0,0,1,0,1,0,1,1,0,0,3,7,0,0,9,0,0,92,-62,"Hawthorn","2021",17
30,"Greaves, Damon",13,5,7,20,0,0,0,3,5,1,0,2,0,0,0,2,15,0,0,1,0,0,85,-62,"Hawthorn","2021",17
0,"Hanrahan, Oliver",0,0,3,3,0,0,0,0,0,0,0,1,0,1,0,2,1,0,0,0,0,0,50,-62,"Hawthorn","2021",17
28,"Hartigan, Kyle",7,5,4,11,0,0,0,2,3,0,0,3,2,2,0,5,7,0,0,9,0,0,100,-62,"Hawthorn","2021",17
17,"Howe, Daniel",10,5,0,10,0,0,0,3,3,1,0,1,2,0,0,3,7,1,0,1,0,0,83,-62,"Hawthorn","2021",17
39,"Jeka, Emerson",6,3,4,10,2,0,0,0,0,1,0,1,0,0,0,2,11,0,1,2,0,1,85,-62,"Hawthorn","2021",17
29,"Jiath, Changkuoth",12,7,6,18,0,0,0,4,6,2,0,3,2,2,0,7,11,2,0,6,0,0,58,-62,"Hawthorn","2021",17
34,"Koschitzke, Jacob",6,6,5,11,2,0,0,0,0,2,0,4,1,0,0,6,5,2,3,4,0,0,81,-62,"Hawthorn","2021",17
7,"McEvoy, Ben",8,4,3,11,0,1,8,4,1,2,3,2,1,1,0,6,6,0,1,7,0,0,83,-62,"Hawthorn","2021",17
3,"Mitchell, Tom",17,2,22,39,0,0,0,5,3,3,7,2,2,2,0,10,29,0,0,0,1,0,82,-62,"Hawthorn","2021",17
36,"Moore, Dylan",10,3,9,19,1,0,0,5,0,4,2,2,3,1,0,9,10,0,0,1,1,0,83,-62,"Hawthorn","2021",17
11,"Nash, Conor",8,4,8,16,0,1,0,2,1,5,2,4,0,0,0,4,11,0,0,3,0,0,79,-62,"Hawthorn","2021",17
10,"OMeara, Jaeger",5,0,9,14,0,0,0,7,0,3,5,6,0,3,0,10,6,0,0,2,0,1,75,-62,"Hawthorn","2021",17
21,"Phillips, Tom",15,7,2,17,0,1,0,0,1,1,0,3,2,1,0,4,12,1,0,0,0,0,84,-62,"Hawthorn","2021",17
0,"Scrimshaw, Jack",6,4,2,8,0,0,0,1,2,2,0,2,0,1,0,1,6,0,0,0,0,0,26,-62,"Hawthorn","2021",17
26,"Shiels, Liam",9,2,13,22,0,0,0,5,1,0,3,1,1,0,0,9,13,0,0,3,0,0,76,-62,"Hawthorn","2021",17
5,"Worpel, James",9,1,9,18,1,2,0,3,1,4,0,4,1,2,0,5,14,0,0,0,0,0,85,-62,"Hawthorn","2021",17
9,"Acres, Blake",8,3,6,14,1,0,0,1,4,3,0,1,0,0,0,4,11,0,0,2,0,1,83,62,"Fremantle","2021",17
11,"Aish, James",11,1,5,16,0,0,0,2,4,1,1,1,3,0,0,5,10,0,0,0,0,1,82,62,"Fremantle","2021",17
41,"Banfield, Bailey",8,3,5,13,3,0,0,2,1,2,1,0,1,0,0,6,8,0,1,4,0,0,85,62,"Fremantle","2021",17
19,"Blakely, Connor",0,0,0,0,0,0,0,0,0,0,0,0,0,0,0,0,0,0,0,0,0,0,0,62,"Fremantle","2021",17
8,"Brayshaw, Andrew",12,9,20,32,0,0,0,3,3,1,2,2,2,1,0,9,22,0,0,0,0,0,81,62,"Fremantle","2021",17
5,"Cerra, Adam",16,4,10,26,0,1,0,0,1,6,3,3,1,0,1,10,17,0,0,2,0,3,75,62,"Fremantle","2021",17
33,"Colyer, Travis",7,3,1,8,0,0,0,0,0,2,0,1,0,1,0,1,7,0,0,1,1,0,80,62,"Fremantle","2021",17
4,"Darcy, Sean",11,9,14,25,0,0,26,2,5,4,5,4,2,1,0,16,10,6,0,4,0,0,85,62,"Fremantle","2021",17
7,"Fyfe, Nat",12,6,19,31,1,1,0,3,0,5,3,3,0,2,0,10,21,1,1,0,0,1,86,62,"Fremantle","2021",17
23,"Henry, Liam",9,1,0,9,0,1,0,1,1,3,0,5,0,2,0,5,5,0,0,0,1,0,71,62,"Fremantle","2021",17
37,"Lobb, Rory",10,8,3,13,4,3,5,2,0,1,2,1,2,1,2,8,6,3,5,2,0,0,93,62,"Fremantle","2021",17
2,"Logue, Griffin",8,9,5,13,0,0,0,3,0,0,0,3,0,2,0,3,10,2,0,11,1,0,96,62,"Fremantle","2021",17
16,"Mundy, David",18,4,12,30,2,0,0,3,0,6,6,7,2,3,3,10,23,0,0,3,0,1,63,62,"Fremantle","2021",17
25,"Pearce, Alex",4,1,6,10,0,0,0,1,3,1,0,2,1,0,0,6,4,1,0,7,0,1,92,62,"Fremantle","2021",17
13,"Ryan, Luke",19,6,4,23,0,0,0,1,9,1,0,1,0,0,0,3,12,0,0,1,0,1,86,62,"Fremantle","2021",17
28,"Schultz, Lachie",7,4,8,15,0,1,0,4,0,3,0,2,3,1,0,7,8,0,0,1,0,2,81,62,"Fremantle","2021",17
3,"Serong, Caleb",15,3,15,30,0,0,0,4,1,8,10,4,0,0,0,17,14,0,1,1,0,1,73,62,"Fremantle","2021",17
39,"Switkowski, Sam",9,6,5,14,2,0,0,0,0,2,0,1,0,0,0,6,8,1,2,0,0,1,68,62,"Fremantle","2021",17
35,"Treacy, Josh",8,7,3,11,2,2,0,6,0,0,0,5,0,1,0,4,7,0,4,0,0,0,91,62,"Fremantle","2021",17
18,"Tucker, Darcy",5,1,4,9,0,0,0,1,0,2,0,2,0,0,0,4,5,0,0,0,0,0,84,62,"Fremantle","2021",17
31,"Walker, Brandon",4,2,5,9,0,0,0,1,0,2,0,2,0,0,0,5,4,0,0,2,1,0,78,62,"Fremantle","2021",17
10,"Walters, Michael",13,4,8,21,1,0,0,1,1,5,0,2,1,2,0,7,13,1,0,1,0,0,84,62,"Fremantle","2021",17
14,"Wilson, Nathan",9,2,7,16,0,1,0,1,2,1,0,4,1,3,0,6,10,0,0,5,0,0,81,62,"Fremantle","2021",17
