"Number","Player","Kicks","Marks","Handballs","Disposals","Goals","Behinds","Hitouts","Tackles","Rebounds50s","Inside50s","Clearances","Clangers","FreesFor","FreesAgainst","BrownlowVotes","ContestedPossessions","UncontestedPossessions","ContestedMarks","MarksInside50","OnePercenters","Bounces","GoalAssists","PercentagePlayed","PointDifference","Team","Season","Round"
16,"Aarts, Jake",7,3,0,7,0,0,0,2,1,5,1,2,1,0,0,2,7,0,0,0,0,1,84,20,"Richmond","2021",18
12,"Astbury, David",8,6,7,15,0,0,0,2,3,1,0,1,0,0,0,8,6,2,0,5,0,0,96,20,"Richmond","2021",18
7,"Baker, Liam",14,5,4,18,0,0,0,3,1,3,3,4,0,2,0,7,10,0,0,3,0,1,85,20,"Richmond","2021",18
29,"Bolton, Shai",9,5,13,22,1,1,0,4,0,4,4,3,2,3,0,8,16,1,2,0,1,2,82,20,"Richmond","2021",18
11,"Castagna, Jason",5,1,4,9,0,2,0,4,0,1,2,1,2,0,0,5,4,0,0,0,1,0,85,20,"Richmond","2021",18
41,"Chol, Mabior",8,4,2,10,4,0,12,1,1,2,4,1,1,1,1,6,3,2,2,2,0,0,56,20,"Richmond","2021",18
9,"Cotchin, Trent",11,4,11,22,0,0,0,5,2,2,3,3,0,1,0,6,17,0,0,2,0,0,78,20,"Richmond","2021",18
42,"Garthwaite, Ryan",0,0,7,7,0,0,0,0,2,0,0,2,2,1,0,3,4,0,0,6,0,0,100,20,"Richmond","2021",18
34,"Graham, Jack",11,3,8,19,2,0,0,7,2,3,3,2,2,1,0,8,11,0,1,0,0,0,84,20,"Richmond","2021",18
2,"Grimes, Dylan",5,3,6,11,0,0,0,1,2,1,0,3,0,0,0,7,5,2,0,6,0,0,91,20,"Richmond","2021",18
23,"Lambert, Kane",10,4,13,23,0,0,0,4,0,7,2,3,1,2,0,8,16,0,0,2,0,1,80,20,"Richmond","2021",18
19,"Lynch, Tom",4,3,5,9,2,0,0,1,0,2,3,5,1,1,0,7,4,1,1,5,0,0,94,20,"Richmond","2021",18
31,"Mansell, Rhyan",9,3,7,16,0,0,0,2,4,3,1,1,3,0,0,8,8,0,0,3,0,0,80,20,"Richmond","2021",18
4,"Martin, Dustin",11,1,4,15,1,0,0,1,0,6,2,2,0,1,0,3,12,0,1,1,1,2,62,20,"Richmond","2021",18
0,"McIntosh, Kamdyn",7,0,1,8,0,0,0,0,4,1,0,1,0,0,0,2,5,0,0,1,0,0,16,20,"Richmond","2021",18
25,"Nankervis, Toby",10,4,12,22,0,0,25,4,3,4,7,8,4,3,0,18,4,1,0,3,0,0,70,20,"Richmond","2021",18
37,"Parker, Matthew",10,4,2,12,0,0,0,7,0,4,2,4,0,2,0,3,8,1,1,0,0,0,84,20,"Richmond","2021",18
50,"Pickett, Marlion",6,3,2,8,0,0,0,3,1,2,1,4,1,3,0,3,5,0,0,2,0,0,85,20,"Richmond","2021",18
8,"Riewoldt, Jack",13,7,1,14,6,2,0,3,0,0,1,2,1,0,3,7,5,3,7,1,1,0,96,20,"Richmond","2021",18
17,"Rioli, Daniel",7,4,12,19,0,0,0,0,3,0,2,0,2,0,0,6,12,0,0,2,0,0,75,20,"Richmond","2021",18
0,"Ross, Jack",8,3,8,16,0,0,0,0,0,1,0,2,0,0,0,4,12,0,1,1,1,0,61,20,"Richmond","2021",18
15,"Short, Jayden",20,7,7,27,0,0,0,1,6,6,0,2,1,1,0,2,20,0,0,0,4,1,88,20,"Richmond","2021",18
44,"Stack, Sydney",7,5,4,11,0,1,0,2,4,3,0,3,1,1,0,2,9,0,0,1,0,1,70,20,"Richmond","2021",18
31,"Andrews, Harris",10,8,5,15,0,0,0,1,3,0,0,1,1,1,0,7,7,2,0,10,0,0,94,-20,"Brisbane Lions","2021",18
33,"Bailey, Zac",13,4,3,16,2,2,0,0,1,5,2,7,0,3,0,5,11,0,1,0,0,1,80,-20,"Brisbane Lions","2021",18
13,"Berry, Tom",0,0,0,0,0,0,0,0,0,0,0,0,0,0,0,0,0,0,0,0,0,0,0,-20,"Brisbane Lions","2021",18
14,"Birchall, Grant",12,6,5,17,0,0,0,2,7,2,2,2,0,0,0,5,9,0,0,2,0,0,84,-20,"Brisbane Lions","2021",18
23,"Cameron, Charlie",11,5,0,11,2,1,0,0,0,4,0,1,1,1,0,1,10,0,4,3,1,1,91,-20,"Brisbane Lions","2021",18
18,"Coleman, Keidean",4,3,3,7,0,0,0,3,1,2,0,5,0,2,0,2,6,0,0,0,0,0,59,-20,"Brisbane Lions","2021",18
3,"Daniher, Joe",8,3,6,14,3,1,0,1,0,2,0,3,1,0,0,6,7,0,2,0,0,0,100,-20,"Brisbane Lions","2021",18
21,"Fullarton, Tom",1,1,8,9,0,0,8,2,0,0,1,1,0,0,0,3,5,0,0,0,0,0,80,-20,"Brisbane Lions","2021",18
35,"Lester, Ryan",9,5,2,11,0,0,0,0,3,1,0,1,1,0,0,2,8,0,0,5,0,0,95,-20,"Brisbane Lions","2021",18
17,"Lyons, Jarryd",11,4,16,27,0,0,0,6,1,3,9,2,2,0,0,16,11,0,0,1,0,1,85,-20,"Brisbane Lions","2021",18
42,"Madden, James",1,2,7,8,0,0,0,0,0,0,0,0,0,0,0,3,5,0,0,2,0,0,74,-20,"Brisbane Lions","2021",18
11,"McCarthy, Lincoln",7,3,2,9,2,0,0,3,0,3,0,3,1,3,0,3,7,1,2,1,1,1,88,-20,"Brisbane Lions","2021",18
6,"McCluggage, Hugh",18,5,12,30,1,0,0,1,5,2,4,4,4,0,2,14,15,1,1,1,0,2,79,-20,"Brisbane Lions","2021",18
46,"McInerney, Oscar",7,0,5,12,0,0,29,1,1,3,5,8,4,6,0,9,3,0,0,5,0,0,80,-20,"Brisbane Lions","2021",18
25,"McStay, Daniel",3,4,2,5,2,0,1,6,0,1,0,4,2,3,0,7,1,3,2,4,0,0,93,-20,"Brisbane Lions","2021",18
9,"Neale, Lachie",12,4,14,26,0,0,0,3,2,5,7,3,1,1,0,13,14,0,1,0,0,2,84,-20,"Brisbane Lions","2021",18
40,"Payne, Jack",12,9,4,16,0,0,0,5,5,0,0,5,0,0,0,5,11,2,0,7,0,0,82,-20,"Brisbane Lions","2021",18
20,"Prior, Jaxon",8,1,2,10,0,0,0,1,1,2,0,3,1,0,0,3,6,0,0,1,0,0,56,-20,"Brisbane Lions","2021",18
10,"Rich, Daniel",19,3,4,23,0,0,0,4,6,3,3,4,1,2,0,8,12,1,0,4,0,1,80,-20,"Brisbane Lions","2021",18
2,"Robertson, Deven",6,5,3,9,1,0,0,3,0,2,3,1,1,0,0,5,7,0,2,0,0,0,57,-20,"Brisbane Lions","2021",18
5,"Robinson, Mitch",19,8,7,26,0,0,0,3,3,6,5,5,1,1,0,6,21,0,0,3,0,1,83,-20,"Brisbane Lions","2021",18
37,"Starcevich, Brandon",11,5,6,17,0,0,0,1,4,2,1,3,1,2,0,5,9,0,0,3,0,0,91,-20,"Brisbane Lions","2021",18
15,"Zorko, Dayne",21,7,3,24,0,3,0,3,1,5,5,4,0,0,0,6,17,0,2,0,1,0,85,-20,"Brisbane Lions","2021",18
