"Number","Player","Kicks","Marks","Handballs","Disposals","Goals","Behinds","Hitouts","Tackles","Rebounds50s","Inside50s","Clearances","Clangers","FreesFor","FreesAgainst","BrownlowVotes","ContestedPossessions","UncontestedPossessions","ContestedMarks","MarksInside50","OnePercenters","Bounces","GoalAssists","PercentagePlayed","PointDifference","Team","Season","Round"
16,"Aarts, Jake",6,3,8,14,0,1,0,5,0,2,0,2,2,0,0,7,8,0,1,1,0,1,86,28,"Richmond","2021",11
7,"Baker, Liam",10,9,8,18,0,0,0,3,4,0,1,3,0,0,0,3,15,1,0,1,0,0,83,28,"Richmond","2021",11
21,"Balta, Noah",17,9,2,19,0,0,0,1,5,2,0,2,0,0,0,5,14,2,0,6,0,1,87,28,"Richmond","2021",11
29,"Bolton, Shai",16,8,7,23,1,2,0,4,0,5,3,4,0,1,0,7,16,0,2,0,1,2,85,28,"Richmond","2021",11
35,"Broad, Nathan",18,10,3,21,0,0,0,1,5,2,1,3,0,0,0,6,14,4,0,3,2,0,94,28,"Richmond","2021",11
22,"Caddy, Josh",19,12,5,24,0,0,0,1,1,5,1,2,1,0,0,6,16,0,1,2,0,1,83,28,"Richmond","2021",11
11,"Castagna, Jason",4,3,9,13,0,1,0,3,0,0,1,1,0,0,0,3,10,0,0,1,0,0,89,28,"Richmond","2021",11
41,"Chol, Mabior",6,2,1,7,2,1,9,3,0,2,0,2,2,0,0,3,5,0,2,4,0,0,66,28,"Richmond","2021",11
40,"Coleman-Jones, Callum",5,5,5,10,4,0,2,3,0,1,0,1,1,1,1,8,2,4,3,0,0,1,76,28,"Richmond","2021",11
26,"Collier-Dawkins, Riley",10,4,8,18,0,0,0,1,0,2,4,3,1,0,0,9,11,0,1,0,0,0,72,28,"Richmond","2021",11
9,"Cotchin, Trent",14,4,6,20,1,0,0,10,2,4,6,3,3,2,0,12,10,0,0,0,0,0,72,28,"Richmond","2021",11
34,"Graham, Jack",11,5,9,20,1,0,0,3,0,3,0,1,0,1,0,4,16,0,1,0,0,4,87,28,"Richmond","2021",11
2,"Grimes, Dylan",8,9,10,18,0,0,0,3,3,0,0,3,1,0,0,8,11,1,0,5,0,0,88,28,"Richmond","2021",11
14,"Houli, Bachar",11,10,10,21,0,0,0,2,3,1,1,1,0,0,0,2,18,0,0,2,0,0,81,28,"Richmond","2021",11
4,"Martin, Dustin",11,4,11,22,1,0,0,4,0,5,2,2,1,0,0,9,14,1,0,0,0,1,83,28,"Richmond","2021",11
33,"McIntosh, Kamdyn",9,6,6,15,0,0,0,5,1,3,1,2,1,2,0,6,10,0,0,1,3,0,82,28,"Richmond","2021",11
25,"Nankervis, Toby",5,3,12,17,0,1,21,5,1,1,2,3,1,1,0,8,10,0,1,1,0,0,79,28,"Richmond","2021",11
3,"Prestia, Dion",10,2,9,19,0,0,0,5,1,3,3,2,2,2,0,11,9,0,0,3,0,0,74,28,"Richmond","2021",11
45,"Ralphsmith, Hugo",5,2,2,7,2,0,0,0,1,0,0,0,1,0,0,2,5,0,0,0,0,0,71,28,"Richmond","2021",11
8,"Riewoldt, Jack",17,14,3,20,5,2,0,2,0,5,0,4,1,0,3,4,16,1,8,1,0,1,95,28,"Richmond","2021",11
17,"Rioli, Daniel",0,0,0,0,0,0,0,0,0,0,0,0,0,0,0,0,0,0,0,0,0,0,0,28,"Richmond","2021",11
15,"Short, Jayden",19,12,4,23,0,0,0,2,5,2,1,3,1,0,0,6,17,0,0,1,0,0,77,28,"Richmond","2021",11
1,"Vlastuin, Nick",16,10,3,19,0,0,0,2,5,0,0,3,0,2,0,3,13,0,0,7,0,0,91,28,"Richmond","2021",11
0,"Berry, Sam",3,1,4,7,1,0,0,2,0,0,1,1,0,1,0,4,3,0,0,0,0,0,42,-28,"Adelaide","2021",11
16,"Brown, Luke",6,1,1,7,0,0,0,2,5,1,0,0,0,0,0,1,3,0,0,2,0,0,77,-28,"Adelaide","2021",11
41,"Butts, Jordon",6,4,4,10,0,0,0,2,0,0,0,4,0,1,0,3,6,0,0,5,0,0,86,-28,"Adelaide","2021",11
39,"Doedee, Tom",12,6,6,18,0,0,0,1,2,1,1,3,1,1,0,9,9,3,0,3,0,0,90,-28,"Adelaide","2021",11
32,"Fogarty, Darcy",3,3,3,6,3,0,0,0,0,1,0,1,0,0,0,1,5,1,3,0,0,1,80,-28,"Adelaide","2021",11
0,"Hamill, Will",3,0,2,5,0,0,0,1,1,1,1,2,0,0,0,2,4,0,0,1,0,0,33,-28,"Adelaide","2021",11
1,"Jones, Chayce",7,1,2,9,0,1,0,0,3,1,0,1,0,1,0,3,5,0,0,2,0,0,73,-28,"Adelaide","2021",11
2,"Keays, Ben",21,3,10,31,0,0,0,9,0,7,11,6,1,0,0,11,16,0,0,2,0,0,90,-28,"Adelaide","2021",11
8,"Kelly, Jake",7,3,2,9,0,0,0,2,2,1,0,3,1,1,0,2,6,1,0,1,0,0,96,-28,"Adelaide","2021",11
29,"Laird, Rory",11,1,14,25,0,0,0,6,3,3,5,5,2,5,0,13,13,1,0,1,0,1,73,-28,"Adelaide","2021",11
14,"Mackay, David",6,1,10,16,0,1,0,2,1,4,2,2,0,0,0,9,7,1,1,0,0,0,77,-28,"Adelaide","2021",11
23,"McAdam, Shane",0,0,3,3,0,0,0,3,0,0,1,2,0,0,0,2,1,0,0,0,0,1,75,-28,"Adelaide","2021",11
25,"McHenry, Ned",11,4,8,19,0,0,0,4,0,4,2,5,1,2,0,7,12,1,0,0,0,0,88,-28,"Adelaide","2021",11
28,"Murray, Nick",6,2,1,7,0,0,0,0,4,1,0,2,1,1,0,2,4,0,0,12,0,0,89,-28,"Adelaide","2021",11
43,"OBrien, Reilly",8,4,6,14,1,0,34,2,2,1,5,0,1,0,0,10,4,3,0,7,0,0,85,-28,"Adelaide","2021",11
31,"Rowe, James",7,0,6,13,1,1,0,3,1,0,0,3,0,0,0,4,9,0,0,2,0,0,81,-28,"Adelaide","2021",11
26,"Schoenberg, Harry",7,3,12,19,0,1,0,3,0,4,2,5,0,3,0,8,11,1,0,1,0,0,73,-28,"Adelaide","2021",11
11,"Seedsman, Paul",9,1,9,18,0,1,0,1,0,4,2,2,0,0,0,5,13,0,0,0,0,1,78,-28,"Adelaide","2021",11
38,"Sholl, Lachlan",7,2,4,11,1,0,0,1,1,2,1,0,1,0,0,3,8,0,0,0,0,1,76,-28,"Adelaide","2021",11
9,"Sloane, Rory",16,3,13,29,0,0,0,4,1,9,3,6,1,1,0,16,11,1,0,3,0,2,81,-28,"Adelaide","2021",11
33,"Smith, Brodie",9,1,6,15,0,0,0,3,5,3,0,3,0,0,0,3,7,0,0,0,0,0,83,-28,"Adelaide","2021",11
7,"Thilthorpe, Riley",6,5,4,10,1,1,1,1,0,1,0,0,1,0,0,5,6,1,1,1,0,0,81,-28,"Adelaide","2021",11
13,"Walker, Taylor",10,6,6,16,4,3,2,1,0,1,3,3,1,2,2,10,5,2,3,1,0,0,94,-28,"Adelaide","2021",11
