"Number","Player","Kicks","Marks","Handballs","Disposals","Goals","Behinds","Hitouts","Tackles","Rebounds50s","Inside50s","Clearances","Clangers","FreesFor","FreesAgainst","BrownlowVotes","ContestedPossessions","UncontestedPossessions","ContestedMarks","MarksInside50","OnePercenters","Bounces","GoalAssists","PercentagePlayed","PointDifference","Team","Season","Round"
24,"Adams, Marcus",11,5,5,16,0,0,0,1,3,1,0,1,1,0,0,5,12,1,0,6,0,0,83,49,"Brisbane Lions","2021",7
4,"Ah Chee, Callum",6,0,7,13,1,0,0,6,0,5,0,3,0,1,0,8,6,0,0,2,0,2,85,49,"Brisbane Lions","2021",7
31,"Andrews, Harris",7,10,8,15,0,0,0,1,4,0,0,2,0,2,0,6,9,2,0,12,0,0,98,49,"Brisbane Lions","2021",7
33,"Bailey, Zac",12,4,9,21,1,1,0,4,2,2,3,6,1,3,0,7,11,0,1,1,0,0,70,49,"Brisbane Lions","2021",7
13,"Berry, Tom",0,0,0,0,0,0,0,0,0,0,0,0,0,0,0,0,0,0,0,0,0,0,0,49,"Brisbane Lions","2021",7
14,"Birchall, Grant",18,10,7,25,0,0,0,2,8,2,1,3,0,0,0,5,14,0,0,0,0,0,89,49,"Brisbane Lions","2021",7
23,"Cameron, Charlie",11,6,2,13,4,4,0,4,0,0,2,1,0,1,0,5,8,0,4,2,1,0,83,49,"Brisbane Lions","2021",7
3,"Daniher, Joe",15,7,2,17,2,0,3,0,0,6,2,3,1,2,0,7,9,2,3,3,2,1,88,49,"Brisbane Lions","2021",7
30,"Hipwood, Eric",3,3,5,8,0,0,0,1,0,1,0,3,0,2,0,4,5,0,1,5,0,1,88,49,"Brisbane Lions","2021",7
35,"Lester, Ryan",3,1,5,8,0,0,0,1,1,1,0,1,0,1,0,5,4,0,0,2,0,0,81,49,"Brisbane Lions","2021",7
17,"Lyons, Jarryd",18,5,10,28,0,0,0,4,2,3,7,1,1,0,0,16,11,0,0,1,0,0,84,49,"Brisbane Lions","2021",7
42,"Madden, James",4,0,7,11,0,0,0,2,4,0,1,3,0,0,0,10,2,0,0,3,0,0,78,49,"Brisbane Lions","2021",7
36,"Mathieson, Rhys",6,3,8,14,0,0,0,5,0,5,0,1,0,0,0,7,7,0,0,0,0,0,75,49,"Brisbane Lions","2021",7
11,"McCarthy, Lincoln",13,3,5,18,1,2,0,1,0,3,2,2,4,0,2,9,9,1,1,1,0,3,81,49,"Brisbane Lions","2021",7
6,"McCluggage, Hugh",23,5,7,30,1,3,0,3,5,4,6,5,0,0,3,14,16,0,1,0,0,1,81,49,"Brisbane Lions","2021",7
46,"McInerney, Oscar",4,1,7,11,0,1,20,2,0,4,3,1,3,1,0,10,3,0,1,5,0,1,74,49,"Brisbane Lions","2021",7
25,"McStay, Daniel",4,2,4,8,1,0,1,5,0,4,1,3,0,2,0,4,5,1,1,4,0,1,84,49,"Brisbane Lions","2021",7
20,"Prior, Jaxon",9,5,4,13,1,0,0,1,1,6,1,2,1,2,0,4,9,0,0,1,0,0,76,49,"Brisbane Lions","2021",7
10,"Rich, Daniel",19,5,2,21,0,0,0,1,8,1,0,3,0,0,0,4,9,1,0,2,0,0,81,49,"Brisbane Lions","2021",7
2,"Robertson, Deven",5,2,9,14,0,0,0,2,0,1,0,3,0,1,0,7,7,0,0,4,0,0,69,49,"Brisbane Lions","2021",7
5,"Robinson, Mitch",18,4,4,22,0,1,0,4,3,3,1,7,3,2,0,7,14,1,1,0,0,0,79,49,"Brisbane Lions","2021",7
37,"Starcevich, Brandon",11,7,3,14,0,0,0,0,7,1,0,7,0,2,0,4,12,1,0,2,0,0,89,49,"Brisbane Lions","2021",7
15,"Zorko, Dayne",14,5,5,19,1,0,0,6,2,2,2,2,3,0,0,6,12,0,0,0,0,0,81,49,"Brisbane Lions","2021",7
21,"Aliir, Aliir",12,8,6,18,0,0,0,2,0,2,0,1,2,0,1,10,6,5,1,2,0,0,98,-49,"Port Adelaide","2021",7
15,"Amon, Karl",14,5,6,20,0,3,0,2,2,4,1,2,1,1,0,6,12,0,1,0,0,0,82,-49,"Port Adelaide","2021",7
14,"Bergman, Miles",15,7,4,19,1,1,0,0,3,4,0,2,2,0,0,5,14,0,1,1,0,0,78,-49,"Port Adelaide","2021",7
0,"Burton, Ryan",9,1,1,10,0,0,0,1,4,2,0,3,0,1,0,2,3,0,0,0,0,0,39,-49,"Port Adelaide","2021",7
33,"Byrne-Jones, Darcy",5,2,6,11,0,0,0,7,1,3,2,0,0,0,0,1,9,0,0,1,0,0,81,-49,"Port Adelaide","2021",7
17,"Clurey, Tom",7,5,6,13,0,0,0,0,2,0,0,0,1,0,0,7,6,1,0,6,0,0,94,-49,"Port Adelaide","2021",7
22,"Dixon, Charlie",6,1,6,12,0,2,10,2,0,2,4,5,3,1,0,11,3,0,1,6,0,0,95,-49,"Port Adelaide","2021",7
28,"Drew, Willem",12,6,20,32,1,1,0,4,1,1,5,3,0,0,0,13,19,1,0,1,0,0,73,-49,"Port Adelaide","2021",7
13,"Fantasia, Orazio",3,1,4,7,0,1,0,3,0,2,0,0,1,0,0,4,3,0,0,0,0,0,91,-49,"Port Adelaide","2021",7
45,"Frederick, Martin",9,6,7,16,0,0,0,2,2,2,0,2,1,1,0,5,13,2,1,3,0,0,84,-49,"Port Adelaide","2021",7
19,"Georgiades, Mitch",5,3,3,8,0,0,0,1,0,3,0,1,1,1,0,4,5,1,0,1,0,1,81,-49,"Port Adelaide","2021",7
9,"Gray, Robbie",10,6,12,22,1,0,0,0,2,2,2,6,0,0,0,8,14,1,2,0,0,0,87,-49,"Port Adelaide","2021",7
8,"Hartlett, Hamish",6,3,2,8,0,1,0,1,3,1,0,2,0,1,0,2,5,0,1,4,0,0,76,-49,"Port Adelaide","2021",7
5,"Houston, Dan",10,3,7,17,0,1,0,3,3,0,0,5,2,2,0,4,13,0,1,1,0,1,71,-49,"Port Adelaide","2021",7
1,"Jonas, Tom",15,2,6,21,0,0,0,3,11,3,1,2,2,1,0,8,7,0,0,6,0,1,95,-49,"Port Adelaide","2021",7
29,"Lycett, Scott",7,3,2,9,0,0,23,1,1,2,5,5,0,4,0,5,4,0,0,3,0,0,78,-49,"Port Adelaide","2021",7
4,"Marshall, Todd",5,2,2,7,0,0,0,2,0,2,0,1,1,0,0,6,3,1,0,3,0,0,72,-49,"Port Adelaide","2021",7
0,"Mayes, Sam",3,1,5,8,0,0,0,1,0,3,0,2,0,0,0,0,8,0,0,0,0,1,38,-49,"Port Adelaide","2021",7
6,"Motlop, Steven",11,8,8,19,0,1,0,2,0,1,1,1,1,1,0,4,17,0,1,1,0,1,83,-49,"Port Adelaide","2021",7
2,"Powell-Pepper, Sam",8,1,9,17,0,0,0,3,0,6,2,1,1,0,0,9,7,0,0,1,0,0,69,-49,"Port Adelaide","2021",7
20,"Rozee, Connor",10,3,13,23,0,0,0,2,3,4,2,3,3,0,0,7,16,0,0,0,1,0,90,-49,"Port Adelaide","2021",7
16,"Wines, Ollie",15,7,22,37,1,1,0,3,1,6,4,11,0,1,0,13,24,0,2,1,0,0,76,-49,"Port Adelaide","2021",7
36,"Woodcock, Boyd",8,4,1,9,1,1,0,5,0,3,0,5,0,3,0,1,9,1,2,0,0,0,70,-49,"Port Adelaide","2021",7
