"Number","Player","Kicks","Marks","Handballs","Disposals","Goals","Behinds","Hitouts","Tackles","Rebounds50s","Inside50s","Clearances","Clangers","FreesFor","FreesAgainst","BrownlowVotes","ContestedPossessions","UncontestedPossessions","ContestedMarks","MarksInside50","OnePercenters","Bounces","GoalAssists","PercentagePlayed","PointDifference","Team","Season","Round"
9,"Acres, Blake",9,1,7,16,0,0,1,1,0,5,3,2,1,0,0,6,9,0,0,0,1,1,77,-16,"Fremantle","2021",16
11,"Aish, James",9,6,5,14,0,0,0,1,3,2,0,3,1,2,0,5,9,0,0,3,0,1,84,-16,"Fremantle","2021",16
17,"Bewley, Brett",5,1,5,10,0,0,0,2,1,0,0,2,0,0,0,2,7,0,0,1,0,0,62,-16,"Fremantle","2021",16
8,"Brayshaw, Andrew",15,8,13,28,2,0,0,5,0,5,2,1,0,1,0,6,21,0,1,1,0,0,73,-16,"Fremantle","2021",16
5,"Cerra, Adam",15,5,9,24,0,2,0,4,4,6,7,0,2,0,0,11,12,0,0,1,1,0,77,-16,"Fremantle","2021",16
33,"Colyer, Travis",4,1,0,4,0,1,0,0,0,1,1,1,0,1,0,3,2,0,1,1,1,0,75,-16,"Fremantle","2021",16
12,"Crowden, Mitch",0,0,0,0,0,0,0,0,0,0,0,0,0,0,0,0,0,0,0,0,0,0,0,-16,"Fremantle","2021",16
4,"Darcy, Sean",11,8,9,20,1,1,40,0,0,3,6,3,0,2,3,13,6,3,2,5,0,0,85,-16,"Fremantle","2021",16
7,"Fyfe, Nat",10,3,10,20,0,1,0,4,0,3,5,5,3,4,0,11,11,0,0,0,0,0,87,-16,"Fremantle","2021",16
23,"Henry, Liam",8,2,2,10,1,2,0,0,0,2,0,3,1,1,0,6,3,1,1,1,1,1,81,-16,"Fremantle","2021",16
37,"Lobb, Rory",5,4,5,10,1,1,0,1,0,3,0,2,0,0,0,6,4,2,2,4,0,1,100,-16,"Fremantle","2021",16
2,"Logue, Griffin",5,5,6,11,0,0,0,1,1,0,0,2,0,1,0,5,8,0,0,2,0,0,87,-16,"Fremantle","2021",16
16,"Mundy, David",11,4,10,21,0,0,0,4,1,3,6,1,1,0,0,8,12,1,0,1,0,1,73,-16,"Fremantle","2021",16
25,"Pearce, Alex",8,5,6,14,0,0,0,0,2,0,0,4,4,1,0,7,7,1,0,10,0,0,97,-16,"Fremantle","2021",16
13,"Ryan, Luke",20,9,5,25,0,0,0,0,8,1,2,3,0,1,0,6,17,0,0,4,4,0,88,-16,"Fremantle","2021",16
28,"Schultz, Lachie",4,2,0,4,0,2,0,2,1,1,0,2,0,2,0,1,3,1,0,1,0,0,77,-16,"Fremantle","2021",16
3,"Serong, Caleb",15,1,4,19,0,1,0,2,0,6,7,4,0,0,0,10,8,0,0,0,0,0,80,-16,"Fremantle","2021",16
39,"Switkowski, Sam",6,2,3,9,1,1,0,4,0,2,1,1,2,0,0,4,5,0,1,2,0,0,73,-16,"Fremantle","2021",16
35,"Treacy, Josh",3,3,3,6,1,0,0,1,0,2,0,4,0,2,0,2,4,0,1,1,0,0,96,-16,"Fremantle","2021",16
18,"Tucker, Darcy",12,6,9,21,0,0,0,0,1,1,2,2,0,1,0,2,19,0,0,2,0,0,84,-16,"Fremantle","2021",16
31,"Walker, Brandon",9,5,2,11,0,0,0,1,0,1,0,4,0,1,0,1,11,0,1,5,0,1,79,-16,"Fremantle","2021",16
10,"Walters, Michael",8,2,1,9,1,1,0,2,0,1,2,2,1,1,0,5,5,1,0,1,1,0,85,-16,"Fremantle","2021",16
14,"Wilson, Nathan",14,5,3,17,0,0,0,1,6,4,1,3,1,0,0,3,11,0,0,3,1,0,81,-16,"Fremantle","2021",16
19,"Betts, Eddie",10,3,1,11,2,0,0,4,0,1,3,5,1,0,0,5,6,0,1,1,0,1,81,16,"Carlton","2021",16
41,"Casboult, Levi",5,4,3,8,0,0,9,1,0,0,0,3,0,2,0,7,2,2,1,3,0,0,78,16,"Carlton","2021",16
46,"Cottrell, Matthew",0,0,0,0,0,0,0,0,0,0,0,0,0,0,0,0,0,0,0,0,0,0,0,16,"Carlton","2021",16
9,"Cripps, Patrick",5,6,18,23,0,0,0,2,0,4,3,5,1,2,0,10,16,3,0,6,0,1,86,16,"Carlton","2021",16
35,"Curnow, Ed",12,3,7,19,0,0,0,2,0,5,2,0,0,0,0,2,15,0,0,2,0,1,89,16,"Carlton","2021",16
12,"De Koning, Tom",4,1,2,6,1,0,20,5,0,0,1,1,1,1,0,2,4,0,0,2,0,0,68,16,"Carlton","2021",16
2,"Dow, Paddy",9,1,13,22,1,0,0,2,1,4,8,4,0,1,1,13,9,0,0,0,0,1,82,16,"Carlton","2021",16
8,"Fogarty, Lachie",7,5,7,14,0,0,0,1,0,3,0,1,2,0,0,4,10,0,0,0,0,0,72,16,"Carlton","2021",16
14,"Jones, Liam",10,8,3,13,0,0,0,2,5,0,0,4,2,1,0,6,8,1,0,9,0,0,96,16,"Carlton","2021",16
7,"Kennedy, Matthew",13,4,9,22,1,0,0,6,1,4,4,6,2,2,0,10,12,1,0,1,0,1,78,16,"Carlton","2021",16
21,"Martin, Jack",11,6,1,12,0,2,0,0,0,3,0,2,1,0,0,3,9,0,2,2,0,2,80,16,"Carlton","2021",16
10,"McKay, Harry",6,4,2,8,3,1,0,1,0,0,0,4,2,3,0,5,3,3,2,1,0,1,91,16,"Carlton","2021",16
24,"Newman, Nic",23,11,1,24,0,0,0,4,9,0,0,5,1,2,0,4,15,1,0,0,0,0,79,16,"Carlton","2021",16
32,"Newnes, Jack",7,2,7,14,0,0,0,3,0,1,0,2,3,1,0,5,8,0,0,3,0,0,84,16,"Carlton","2021",16
44,"Owies, Matthew",3,2,6,9,1,1,0,1,0,1,0,0,0,0,0,2,7,0,1,0,0,0,71,16,"Carlton","2021",16
5,"Petrevski-Seton, Sam",11,4,4,15,0,0,0,0,4,0,2,0,0,0,0,1,13,0,0,1,1,0,74,16,"Carlton","2021",16
20,"Plowman, Lachie",7,5,2,9,0,0,0,0,2,0,0,3,2,1,0,4,7,1,0,5,0,0,92,16,"Carlton","2021",16
42,"Saad, Adam",14,4,5,19,0,1,0,2,5,3,0,0,0,0,0,8,8,0,0,4,5,0,84,16,"Carlton","2021",16
1,"Silvagni, Jack",13,9,6,19,2,1,0,0,1,6,0,1,0,0,0,5,14,1,4,1,0,1,75,16,"Carlton","2021",16
13,"Stocker, Liam",9,2,4,13,0,0,0,5,5,0,1,4,1,0,0,6,6,0,0,2,0,0,72,16,"Carlton","2021",16
18,"Walsh, Sam",15,8,10,25,1,0,0,8,0,2,1,3,1,0,2,10,15,0,1,0,0,0,90,16,"Carlton","2021",16
23,"Weitering, Jacob",18,10,2,20,0,0,0,0,9,1,0,4,1,0,0,8,10,4,0,6,0,0,100,16,"Carlton","2021",16
31,"Williamson, Tom",8,2,2,10,0,1,0,2,1,2,1,1,0,1,0,2,8,0,0,2,0,0,77,16,"Carlton","2021",16
