"Number","Player","Kicks","Marks","Handballs","Disposals","Goals","Behinds","Hitouts","Tackles","Rebounds50s","Inside50s","Clearances","Clangers","FreesFor","FreesAgainst","BrownlowVotes","ContestedPossessions","UncontestedPossessions","ContestedMarks","MarksInside50","OnePercenters","Bounces","GoalAssists","PercentagePlayed","PointDifference","Team","Season","Round"
10,"Brayshaw, Angus",9,4,9,18,0,1,0,4,0,3,0,5,2,1,0,8,10,1,1,0,0,0,71,22,"Melbourne","2021",1
37,"Chandler, Kade",0,0,0,0,0,0,0,0,0,0,0,0,0,0,0,0,0,0,0,0,0,0,0,22,"Melbourne","2021",1
31,"Fritsch, Bayley",9,6,1,10,2,1,0,2,0,3,0,1,1,1,0,1,8,0,3,1,0,0,96,22,"Melbourne","2021",1
11,"Gawn, Max",6,4,6,12,0,0,30,1,4,1,3,4,0,2,0,8,5,2,0,7,0,0,92,22,"Melbourne","2021",1
4,"Harmes, James",11,6,9,20,1,1,0,2,2,3,1,6,2,0,0,5,15,0,1,0,0,0,76,22,"Melbourne","2021",1
29,"Hunt, Jayden",7,3,3,10,0,0,0,2,3,3,2,2,0,2,0,3,6,0,0,1,0,0,88,22,"Melbourne","2021",1
6,"Jackson, Luke",6,4,4,10,0,1,5,2,0,2,2,3,3,1,0,7,3,2,3,1,0,1,74,22,"Melbourne","2021",1
39,"Jetta, Neville",5,4,5,10,0,0,0,1,2,0,0,0,0,0,0,4,4,1,0,7,0,0,82,22,"Melbourne","2021",1
2,"Jones, Nathan",9,4,9,18,0,1,0,0,3,4,0,2,0,0,0,2,15,0,1,0,0,1,72,22,"Melbourne","2021",1
23,"Jordon, James",10,5,5,15,1,1,0,6,0,3,1,3,1,1,0,3,13,0,1,1,0,2,73,22,"Melbourne","2021",1
15,"Langdon, Ed",13,5,9,22,1,1,0,4,4,2,1,3,0,0,0,8,14,0,1,1,0,0,94,22,"Melbourne","2021",1
8,"Lever, Jake",15,7,3,18,0,1,0,3,5,3,0,2,2,0,0,9,8,4,0,6,0,0,98,22,"Melbourne","2021",1
1,"May, Steven",21,8,3,24,0,0,0,0,8,3,1,4,2,1,1,7,12,3,0,4,0,0,100,22,"Melbourne","2021",1
25,"McDonald, Tom",12,9,6,18,2,2,5,5,0,6,0,5,2,2,2,6,11,2,2,1,0,1,91,22,"Melbourne","2021",1
30,"Neal-Bullen, Alex",11,3,6,17,0,0,0,0,1,5,5,3,2,0,0,9,7,0,0,2,2,0,74,22,"Melbourne","2021",1
13,"Oliver, Clayton",10,6,25,35,0,0,0,3,3,3,7,5,0,1,3,15,21,0,0,1,0,0,88,22,"Melbourne","2021",1
5,"Petracca, Christian",13,2,11,24,2,1,0,3,1,5,1,7,1,1,0,7,17,0,2,1,2,0,90,22,"Melbourne","2021",1
36,"Pickett, Kysaiah",7,3,4,11,1,0,0,4,1,3,0,6,1,3,0,6,6,0,1,0,3,0,74,22,"Melbourne","2021",1
24,"Rivers, Trent",7,3,7,14,0,0,0,0,2,1,0,4,0,1,0,3,9,0,0,0,0,0,55,22,"Melbourne","2021",1
3,"Salem, Christian",11,6,7,18,0,0,0,1,4,1,1,3,0,1,0,5,10,0,0,2,0,0,81,22,"Melbourne","2021",1
9,"Spargo, Charlie",8,2,8,16,1,0,0,4,1,3,0,2,2,1,0,7,9,0,2,1,0,3,69,22,"Melbourne","2021",1
32,"Sparrow, Tom",5,3,5,10,0,1,0,6,1,2,2,2,0,0,0,6,4,0,1,2,0,0,65,22,"Melbourne","2021",1
20,"Tomlinson, Adam",13,7,2,15,0,0,0,2,4,2,0,3,0,1,0,3,12,1,0,7,0,0,96,22,"Melbourne","2021",1
9,"Acres, Blake",6,2,6,12,0,0,1,2,2,2,1,6,0,2,0,3,8,0,0,1,0,0,81,-22,"Fremantle","2021",1
11,"Aish, James",14,2,3,17,0,1,0,1,4,5,4,3,1,0,0,6,12,0,0,2,1,0,78,-22,"Fremantle","2021",1
19,"Blakely, Connor",5,2,9,14,1,0,0,2,0,2,3,2,1,1,0,5,9,0,1,1,0,0,65,-22,"Fremantle","2021",1
8,"Brayshaw, Andrew",13,5,16,29,1,0,0,4,3,5,0,2,0,1,0,9,24,0,0,1,0,0,79,-22,"Fremantle","2021",1
5,"Cerra, Adam",14,7,10,24,0,1,0,5,1,8,3,2,1,1,0,9,15,0,2,2,0,2,78,-22,"Fremantle","2021",1
33,"Colyer, Travis",9,3,4,13,0,1,0,2,0,3,0,4,0,0,0,5,9,1,1,2,0,1,84,-22,"Fremantle","2021",1
6,"Conca, Reece",6,3,10,16,0,0,0,0,5,1,1,6,1,2,0,9,7,0,0,2,0,0,83,-22,"Fremantle","2021",1
36,"Cox, Brennan",4,6,6,10,0,0,1,0,2,1,0,1,0,0,0,6,6,3,0,4,0,0,87,-22,"Fremantle","2021",1
7,"Fyfe, Nat",10,5,17,27,0,0,0,5,2,4,9,8,1,4,0,13,14,1,0,2,1,2,89,-22,"Fremantle","2021",1
0,"Giro, Stefan",5,2,3,8,0,0,0,1,0,1,1,3,0,0,0,2,6,0,0,0,0,0,53,-22,"Fremantle","2021",1
21,"Hamling, Joel",3,0,7,10,0,0,2,1,1,0,0,1,3,0,0,6,4,0,0,7,0,0,77,-22,"Fremantle","2021",1
23,"Henry, Liam",7,1,1,8,1,1,0,0,0,1,1,3,2,0,0,6,4,0,0,0,0,0,75,-22,"Fremantle","2021",1
15,"Hughes, Ethan",9,4,7,16,0,0,0,2,5,1,1,5,2,1,0,7,11,0,0,3,0,0,82,-22,"Fremantle","2021",1
22,"Meek, Lloyd",0,0,6,6,0,0,13,1,0,0,1,3,1,1,0,4,3,0,0,3,0,0,93,-22,"Fremantle","2021",1
16,"Mundy, David",9,5,10,19,0,1,0,3,3,2,3,2,0,1,0,6,14,0,0,4,0,0,77,-22,"Fremantle","2021",1
0,"Pearce, Alex",1,0,1,2,0,1,0,0,0,0,0,1,1,0,0,2,1,0,0,1,0,0,26,-22,"Fremantle","2021",1
13,"Ryan, Luke",15,4,6,21,0,0,0,5,9,0,0,6,0,2,0,5,9,1,0,2,0,0,88,-22,"Fremantle","2021",1
28,"Schultz, Lachie",9,0,1,10,1,0,0,5,0,5,0,5,4,1,0,7,3,0,0,0,0,1,83,-22,"Fremantle","2021",1
3,"Serong, Caleb",13,2,13,26,0,1,0,3,1,6,3,3,1,0,0,11,14,0,0,0,0,1,73,-22,"Fremantle","2021",1
39,"Switkowski, Sam",5,3,10,15,1,1,0,5,1,3,3,1,0,0,0,7,8,0,1,1,0,0,75,-22,"Fremantle","2021",1
20,"Taberner, Matthew",10,4,3,13,3,1,0,0,0,3,1,0,0,0,0,9,3,2,2,0,0,0,100,-22,"Fremantle","2021",1
38,"Watson, Tobe",4,3,4,8,0,0,0,2,2,1,0,2,0,2,0,2,6,0,0,3,0,0,89,-22,"Fremantle","2021",1
26,"Young, Hayden",17,6,2,19,0,0,0,0,8,3,0,4,1,2,0,4,13,1,0,5,0,0,86,-22,"Fremantle","2021",1
