"Number","Player","Kicks","Marks","Handballs","Disposals","Goals","Behinds","Hitouts","Tackles","Rebounds50s","Inside50s","Clearances","Clangers","FreesFor","FreesAgainst","BrownlowVotes","ContestedPossessions","UncontestedPossessions","ContestedMarks","MarksInside50","OnePercenters","Bounces","GoalAssists","PercentagePlayed","PointDifference","Team","Season","Round"
24,"Adams, Marcus",12,7,3,15,0,0,0,0,5,2,0,3,0,1,0,6,8,3,0,3,0,0,100,-32,"Brisbane Lions","2021",17
4,"Ah Chee, Callum",3,0,3,6,1,0,0,2,2,0,1,1,0,0,0,1,5,0,0,0,0,0,58,-32,"Brisbane Lions","2021",17
31,"Andrews, Harris",9,8,6,15,0,0,0,0,1,0,0,0,0,0,0,6,10,2,0,8,1,0,95,-32,"Brisbane Lions","2021",17
33,"Bailey, Zac",7,1,5,12,1,0,0,3,0,2,3,2,0,2,0,9,4,0,0,1,0,0,87,-32,"Brisbane Lions","2021",17
14,"Birchall, Grant",14,7,4,18,1,0,0,1,2,3,0,2,0,0,0,1,15,0,0,0,0,0,76,-32,"Brisbane Lions","2021",17
23,"Cameron, Charlie",3,1,2,5,0,2,0,1,0,0,0,2,0,2,0,1,4,0,1,1,0,0,92,-32,"Brisbane Lions","2021",17
18,"Coleman, Keidean",5,2,3,8,0,0,0,4,0,3,1,3,2,2,0,5,3,0,0,0,0,0,64,-32,"Brisbane Lions","2021",17
3,"Daniher, Joe",7,4,3,10,1,1,0,1,0,3,1,1,1,1,0,4,7,0,1,1,0,0,100,-32,"Brisbane Lions","2021",17
0,"Hipwood, Eric",1,1,2,3,0,1,0,0,0,0,0,0,1,0,0,2,2,0,1,0,0,0,19,-32,"Brisbane Lions","2021",17
17,"Lyons, Jarryd",8,4,13,21,0,1,0,5,1,2,2,0,1,0,0,7,13,0,1,0,1,0,80,-32,"Brisbane Lions","2021",17
42,"Madden, James",5,4,8,13,0,0,0,1,1,0,1,0,3,0,0,9,5,1,0,0,0,0,82,-32,"Brisbane Lions","2021",17
0,"Mathieson, Rhys",3,2,1,4,0,0,0,1,0,2,1,2,0,1,0,2,2,1,0,0,0,0,47,-32,"Brisbane Lions","2021",17
11,"McCarthy, Lincoln",6,4,4,10,0,1,0,1,1,1,0,6,0,3,0,3,7,0,1,1,0,0,91,-32,"Brisbane Lions","2021",17
6,"McCluggage, Hugh",16,6,10,26,0,0,0,4,3,3,2,1,1,0,0,8,18,0,0,0,0,1,84,-32,"Brisbane Lions","2021",17
46,"McInerney, Oscar",7,3,9,16,0,0,24,0,1,2,6,2,2,0,0,10,6,1,0,5,0,1,92,-32,"Brisbane Lions","2021",17
25,"McStay, Daniel",7,5,1,8,1,2,0,3,0,0,0,0,1,0,0,6,2,3,3,1,0,0,93,-32,"Brisbane Lions","2021",17
9,"Neale, Lachie",13,4,18,31,0,1,0,7,1,7,9,3,3,1,0,13,16,0,0,0,0,0,82,-32,"Brisbane Lions","2021",17
40,"Payne, Jack",5,3,11,16,0,0,0,0,1,0,0,1,0,0,0,7,9,0,0,3,0,0,79,-32,"Brisbane Lions","2021",17
10,"Rich, Daniel",23,8,4,27,0,1,0,0,11,2,1,1,0,1,0,2,18,0,0,4,0,0,87,-32,"Brisbane Lions","2021",17
2,"Robertson, Deven",4,3,3,7,0,0,0,0,1,1,0,1,0,0,0,2,5,1,1,0,0,0,61,-32,"Brisbane Lions","2021",17
5,"Robinson, Mitch",10,2,3,13,0,2,0,1,1,4,0,4,1,2,0,2,10,0,0,1,0,0,81,-32,"Brisbane Lions","2021",17
37,"Starcevich, Brandon",6,2,4,10,0,0,0,1,4,1,0,2,1,2,0,4,5,0,0,3,0,0,71,-32,"Brisbane Lions","2021",17
15,"Zorko, Dayne",12,3,5,17,3,1,0,5,2,5,2,2,6,1,0,4,12,0,1,3,0,0,82,-32,"Brisbane Lions","2021",17
26,"Battle, Josh",0,0,0,0,0,0,0,0,0,0,0,0,0,0,0,0,0,0,0,0,0,0,0,32,"St Kilda","2021",17
15,"Billings, Jack",17,7,7,24,1,1,0,2,2,3,1,4,2,1,0,6,18,0,2,0,0,1,83,32,"St Kilda","2021",17
16,"Butler, Dan",7,0,4,11,0,2,0,4,0,3,0,6,0,3,0,7,4,0,0,1,0,0,87,32,"St Kilda","2021",17
31,"Byrnes, Ryan",10,4,5,15,2,0,0,3,0,1,0,3,2,1,0,4,12,0,0,1,0,2,79,32,"St Kilda","2021",17
37,"Connolly, Leo",6,3,4,10,1,0,0,0,2,1,0,0,0,0,0,0,10,0,1,0,0,0,75,32,"St Kilda","2021",17
5,"Crouch, Brad",9,3,14,23,1,0,0,3,1,2,0,4,0,2,0,5,15,0,1,1,0,1,80,32,"St Kilda","2021",17
7,"Dunstan, Luke",18,4,11,29,0,0,0,2,1,7,6,1,4,0,2,10,19,0,0,1,0,0,89,32,"St Kilda","2021",17
34,"Highmore, Tom",8,7,8,16,0,0,0,3,2,0,0,2,0,0,0,8,7,3,0,2,0,0,74,32,"St Kilda","2021",17
8,"Hill, Bradley",15,6,10,25,0,0,0,1,5,2,0,4,1,4,0,4,18,1,0,0,1,0,86,32,"St Kilda","2021",17
20,"Howard, Dougal",6,4,9,15,0,0,0,1,3,0,0,3,0,1,0,5,10,0,0,8,0,0,100,32,"St Kilda","2021",17
3,"Jones, Zak",13,3,13,26,0,0,0,2,1,6,10,5,2,3,1,13,14,0,0,1,1,1,62,32,"St Kilda","2021",17
25,"Kent, Dean",7,6,3,10,0,1,0,4,0,3,0,1,0,1,0,0,9,0,2,0,0,0,76,32,"St Kilda","2021",17
12,"King, Max",10,10,3,13,3,0,0,0,0,2,0,2,0,0,0,5,7,5,5,2,0,1,85,32,"St Kilda","2021",17
21,"Long, Ben",11,9,6,17,1,1,0,4,0,5,0,4,2,0,0,4,13,1,2,3,0,1,79,32,"St Kilda","2021",17
19,"Marshall, Rowan",10,5,5,15,0,0,10,4,2,3,2,2,1,1,0,9,6,2,1,3,0,0,71,32,"St Kilda","2021",17
36,"McKenzie, Daniel",9,6,9,18,1,0,0,2,0,2,1,0,0,0,0,4,14,1,0,0,0,1,66,32,"St Kilda","2021",17
28,"Membrey, Tim",16,14,1,17,2,1,1,0,0,4,1,4,1,2,0,5,14,2,5,5,0,0,93,32,"St Kilda","2021",17
6,"Ross, Sebastian",13,7,11,24,0,0,0,2,2,4,2,3,0,1,0,5,20,0,0,1,0,1,89,32,"St Kilda","2021",17
18,"Ryder, Paddy",4,4,4,8,0,0,21,5,0,1,0,2,0,2,0,6,3,2,0,3,0,1,74,32,"St Kilda","2021",17
35,"Sinclair, Jack",14,5,7,21,0,0,0,2,5,0,0,1,0,0,0,2,18,0,0,0,0,0,79,32,"St Kilda","2021",17
9,"Steele, Jack",13,6,19,32,2,1,0,7,3,2,6,0,2,0,3,12,20,0,1,1,1,1,88,32,"St Kilda","2021",17
29,"Webster, Jimmy",11,8,8,19,0,0,0,2,1,2,0,4,1,1,0,5,13,0,0,2,0,0,86,32,"St Kilda","2021",17
44,"Wilkie, Callum",15,7,3,18,0,0,0,2,4,1,0,1,1,0,0,6,13,1,0,4,0,1,100,32,"St Kilda","2021",17
