"Number","Player","Kicks","Marks","Handballs","Disposals","Goals","Behinds","Hitouts","Tackles","Rebounds50s","Inside50s","Clearances","Clangers","FreesFor","FreesAgainst","BrownlowVotes","ContestedPossessions","UncontestedPossessions","ContestedMarks","MarksInside50","OnePercenters","Bounces","GoalAssists","PercentagePlayed","PointDifference","Team","Season","Round"
26,"Battle, Josh",8,0,6,14,0,0,0,9,1,1,3,1,1,0,0,8,6,0,0,2,0,0,71,-21,"St Kilda","2021",9
15,"Billings, Jack",12,9,8,20,0,0,0,5,3,1,2,0,0,0,0,3,17,0,0,1,1,0,89,-21,"St Kilda","2021",9
16,"Butler, Dan",7,2,2,9,1,1,0,7,0,5,0,1,2,0,0,5,5,0,0,0,1,0,83,-21,"St Kilda","2021",9
31,"Byrnes, Ryan",6,4,7,13,0,0,0,1,0,1,1,0,0,0,0,2,10,0,0,0,0,0,71,-21,"St Kilda","2021",9
23,"Bytel, Jack",8,3,8,16,0,0,0,7,1,0,4,2,0,0,0,7,9,0,1,0,0,0,72,-21,"St Kilda","2021",9
11,"Clark, Hunter",11,2,5,16,0,1,0,8,1,4,0,4,1,1,0,3,13,0,0,1,0,0,77,-21,"St Kilda","2021",9
5,"Crouch, Brad",13,2,15,28,0,1,0,9,2,4,5,2,2,1,0,13,15,0,0,1,0,0,73,-21,"St Kilda","2021",9
24,"Frawley, James",6,5,7,13,0,0,0,0,4,0,0,1,0,0,0,4,7,0,0,4,0,0,75,-21,"St Kilda","2021",9
22,"Higgins, Jack",7,2,4,11,0,0,0,1,0,6,0,1,1,0,0,8,3,0,0,0,0,0,85,-21,"St Kilda","2021",9
34,"Highmore, Tom",5,3,8,13,0,0,0,3,1,0,0,2,0,1,0,2,10,0,0,1,0,0,66,-21,"St Kilda","2021",9
8,"Hill, Bradley",11,3,7,18,0,0,0,6,2,3,2,2,0,1,0,2,16,0,0,0,2,0,95,-21,"St Kilda","2021",9
20,"Howard, Dougal",8,3,3,11,0,0,0,3,2,0,0,3,0,2,0,3,4,0,0,7,0,0,100,-21,"St Kilda","2021",9
12,"King, Max",9,10,3,12,1,5,1,2,0,3,0,2,0,0,0,5,8,4,6,2,0,1,87,-21,"St Kilda","2021",9
0,"Long, Ben",1,1,2,3,0,0,0,1,0,1,0,1,0,0,0,0,3,0,0,1,0,0,30,-21,"St Kilda","2021",9
13,"Lonie, Jack",5,3,2,7,0,1,0,3,1,1,1,0,1,0,0,1,6,0,0,0,0,0,76,-21,"St Kilda","2021",9
0,"Marshall, Rowan",8,3,2,10,0,1,6,1,0,2,0,1,2,0,0,7,1,3,1,3,0,0,52,-21,"St Kilda","2021",9
28,"Membrey, Tim",11,10,2,13,2,2,0,2,0,4,0,4,0,1,0,4,9,1,5,0,0,0,93,-21,"St Kilda","2021",9
6,"Ross, Sebastian",11,4,15,26,0,1,0,3,2,2,5,2,1,1,0,7,18,0,0,2,1,0,77,-21,"St Kilda","2021",9
18,"Ryder, Paddy",8,3,0,8,0,0,35,3,0,3,2,4,0,3,0,4,5,0,0,4,0,0,77,-21,"St Kilda","2021",9
35,"Sinclair, Jack",12,5,5,17,0,0,0,0,5,2,1,1,0,0,0,5,12,0,0,4,1,0,84,-21,"St Kilda","2021",9
9,"Steele, Jack",14,3,9,23,1,0,0,11,2,4,7,5,1,1,1,13,10,0,1,2,1,0,83,-21,"St Kilda","2021",9
29,"Webster, Jimmy",6,6,6,12,0,0,0,1,4,0,0,1,0,1,0,4,9,0,0,3,0,0,87,-21,"St Kilda","2021",9
44,"Wilkie, Callum",8,3,2,10,0,0,0,1,4,1,1,3,0,0,0,2,8,0,0,2,0,0,96,-21,"St Kilda","2021",9
30,"Atkins, Tom",9,1,14,23,0,0,0,2,3,1,2,4,0,0,0,9,13,0,0,3,0,0,87,21,"Geelong","2021",9
24,"Bews, Jed",8,7,4,12,0,0,0,2,1,3,1,2,1,2,0,1,12,0,0,0,0,0,78,21,"Geelong","2021",9
46,"Blicavs, Mark",3,0,8,11,0,0,17,4,0,1,6,0,1,0,0,10,3,0,0,6,0,0,83,21,"Geelong","2021",9
5,"Cameron, Jeremy",6,3,4,10,1,1,0,1,0,3,0,0,1,0,0,6,6,1,1,1,0,0,85,21,"Geelong","2021",9
6,"Clark, Jordan",4,1,8,12,0,0,0,2,1,1,1,2,0,1,0,4,8,0,0,0,0,1,70,21,"Geelong","2021",9
45,"Close, Brad",6,1,6,12,2,1,0,4,0,1,0,1,2,0,0,3,8,0,0,0,0,0,85,21,"Geelong","2021",9
22,"Duncan, Mitch",17,15,13,30,0,0,0,3,2,1,1,2,0,0,2,5,24,0,1,0,0,2,83,21,"Geelong","2021",9
29,"Guthrie, Cameron",16,6,20,36,1,0,0,7,2,4,4,5,1,1,3,11,25,0,0,1,0,1,83,21,"Geelong","2021",9
39,"Guthrie, Zach",11,2,3,14,0,0,0,1,2,3,1,3,0,0,0,5,9,0,0,3,0,0,72,21,"Geelong","2021",9
26,"Hawkins, Tom",8,7,3,11,2,0,2,2,0,3,0,2,0,1,0,6,7,1,3,4,0,2,95,21,"Geelong","2021",9
25,"Henderson, Lachie",12,10,5,17,0,0,0,2,5,0,0,0,1,0,0,5,11,2,0,4,0,0,100,21,"Geelong","2021",9
38,"Henry, Jack",6,4,6,12,0,0,0,3,2,1,0,0,0,0,0,4,8,0,0,7,0,0,93,21,"Geelong","2021",9
4,"Higgins, Shaun",10,5,10,20,0,3,0,5,2,3,1,3,0,1,0,8,13,0,2,2,2,0,85,21,"Geelong","2021",9
9,"Holmes, Max",0,0,0,0,0,0,0,0,0,0,0,0,0,0,0,0,0,0,0,0,0,0,0,21,"Geelong","2021",9
27,"Menegola, Sam",11,6,10,21,1,0,0,0,1,3,0,1,1,0,0,7,14,0,0,1,0,0,80,21,"Geelong","2021",9
19,"Narkle, Quinton",7,1,5,12,1,1,0,5,1,3,3,2,0,2,0,7,8,0,1,0,0,0,63,21,"Geelong","2021",9
3,"Parfitt, Brandan",8,0,11,19,0,0,0,7,1,1,1,4,1,1,0,7,13,0,0,1,0,0,73,21,"Geelong","2021",9
17,"Ratugolea, Esava",7,5,6,13,0,0,4,4,0,2,1,0,2,0,0,8,5,3,1,1,0,1,64,21,"Geelong","2021",9
23,"Rohan, Gary",11,6,2,13,2,0,0,2,0,4,0,1,1,0,0,6,7,3,0,2,1,0,87,21,"Geelong","2021",9
14,"Selwood, Joel",10,2,9,19,0,0,0,3,0,1,5,3,0,1,0,9,10,0,0,1,0,0,78,21,"Geelong","2021",9
7,"Smith, Isaac",20,11,7,27,0,1,0,0,4,4,1,5,0,1,0,5,22,1,0,0,0,0,87,21,"Geelong","2021",9
44,"Stewart, Tom",17,4,6,23,0,0,0,3,6,0,0,0,1,0,0,3,15,0,0,4,0,0,79,21,"Geelong","2021",9
2,"Tuohy, Zach",19,6,12,31,0,0,0,0,7,2,2,2,0,1,0,5,17,0,0,0,0,0,92,21,"Geelong","2021",9
