"Number","Player","Kicks","Marks","Handballs","Disposals","Goals","Behinds","Hitouts","Tackles","Rebounds50s","Inside50s","Clearances","Clangers","FreesFor","FreesAgainst","BrownlowVotes","ContestedPossessions","UncontestedPossessions","ContestedMarks","MarksInside50","OnePercenters","Bounces","GoalAssists","PercentagePlayed","PointDifference","Team","Season","Round"
28,"Cahill, Ned",6,1,4,10,0,0,0,2,4,1,0,3,0,1,0,5,5,0,0,1,0,0,75,-1,"Essendon","2021",1
6,"Caldwell, Jye",9,4,13,22,0,1,0,9,0,2,3,4,2,0,0,8,13,0,1,1,0,1,74,-1,"Essendon","2021",1
13,"Cox, Nik",5,3,4,9,0,0,0,1,1,3,0,4,0,3,0,2,7,0,0,2,0,0,76,-1,"Essendon","2021",1
12,"Cutler, Tom",0,0,0,0,0,0,0,0,0,0,0,0,0,0,0,0,0,0,0,0,0,0,0,-1,"Essendon","2021",1
2,"Draper, Sam",5,2,5,10,1,1,24,5,1,3,4,4,2,2,3,8,3,2,1,4,0,0,84,-1,"Essendon","2021",1
10,"Francis, Aaron",5,3,9,14,0,0,0,1,0,1,0,4,1,1,0,6,8,1,0,2,0,0,86,-1,"Essendon","2021",1
33,"Ham, Brayden",7,2,10,17,0,0,0,4,0,2,1,2,0,0,0,4,12,0,0,1,0,0,87,-1,"Essendon","2021",1
21,"Heppell, Dyson",13,6,12,25,0,0,0,0,2,3,1,1,2,0,0,8,20,1,0,5,0,1,82,-1,"Essendon","2021",1
19,"Hind, Nick",18,6,7,25,0,0,0,4,6,8,1,5,1,1,0,6,16,0,0,4,0,0,84,-1,"Essendon","2021",1
26,"Hooker, Cale",3,3,5,8,1,1,1,1,0,0,0,0,1,0,0,5,4,1,1,1,0,0,85,-1,"Essendon","2021",1
23,"Jones, Harry",9,5,4,13,0,3,0,2,0,0,0,2,2,0,0,4,9,0,3,3,0,0,68,-1,"Essendon","2021",1
4,"Langford, Kyle",10,5,9,19,0,0,0,3,0,1,3,2,1,0,0,8,12,0,0,2,0,1,85,-1,"Essendon","2021",1
15,"Laverde, Jayden",4,2,8,12,0,0,0,2,3,1,0,2,1,1,0,5,7,0,0,8,0,0,94,-1,"Essendon","2021",1
43,"McDonald-Tipungwuti, Anthony",9,4,7,16,2,1,0,1,0,4,0,1,1,0,0,4,12,0,1,1,2,2,75,-1,"Essendon","2021",1
1,"McGrath, Andrew",17,2,16,33,1,1,0,11,4,7,5,3,4,1,0,13,19,0,0,3,1,0,81,-1,"Essendon","2021",1
7,"Merrett, Zach",18,4,13,31,1,0,0,3,4,8,2,7,1,0,1,10,22,0,1,3,1,1,74,-1,"Essendon","2021",1
3,"Parish, Darcy",9,4,9,18,1,1,0,4,0,6,3,1,1,0,0,10,10,0,2,1,0,1,82,-1,"Essendon","2021",1
27,"Redman, Mason",9,4,6,15,0,1,0,0,2,2,0,1,0,0,0,4,10,0,0,1,0,0,80,-1,"Essendon","2021",1
14,"Ridley, Jordan",16,6,5,21,0,0,0,3,10,0,0,0,2,0,0,2,12,0,0,7,5,0,100,-1,"Essendon","2021",1
9,"Shiel, Dylan",8,2,9,17,2,0,0,4,0,4,4,0,0,0,0,5,12,0,1,3,0,1,81,-1,"Essendon","2021",1
5,"Smith, Devon",7,2,5,12,2,1,0,4,0,3,1,2,1,1,0,5,6,0,0,0,0,1,77,-1,"Essendon","2021",1
40,"Snelling, Will",5,2,9,14,1,0,0,5,0,2,0,2,0,0,0,7,8,0,0,2,0,0,83,-1,"Essendon","2021",1
20,"Wright, Peter",9,3,7,16,1,0,6,0,2,3,1,4,2,1,0,7,9,2,1,4,0,1,88,-1,"Essendon","2021",1
22,"Breust, Luke",7,4,11,18,1,2,0,2,0,1,0,1,1,0,0,8,11,1,3,0,0,1,83,1,"Hawthorn","2021",1
42,"Brockman, Tyler",5,3,4,9,2,0,0,1,0,1,0,5,0,1,0,4,5,1,2,0,0,0,65,1,"Hawthorn","2021",1
9,"Burgoyne, Shaun",11,1,6,17,0,0,0,3,5,2,0,3,0,1,0,0,12,0,0,7,0,0,79,1,"Hawthorn","2021",1
18,"Ceglar, Jonathon",10,5,6,16,1,0,14,2,0,7,3,5,2,2,0,8,7,1,1,1,0,0,76,1,"Hawthorn","2021",1
12,"Day, Will",17,8,11,28,0,0,0,3,7,1,3,5,0,2,0,5,21,0,0,2,0,0,90,1,"Hawthorn","2021",1
41,"Downie, Connor",0,0,0,0,0,0,0,0,0,0,0,0,0,0,0,0,0,0,0,0,0,0,0,1,"Hawthorn","2021",1
8,"Frost, Sam",7,4,10,17,0,0,0,1,5,0,0,0,0,0,0,10,5,3,0,8,0,0,97,1,"Hawthorn","2021",1
13,"Hanrahan, Oliver",8,4,4,12,1,1,0,2,0,2,0,1,3,0,0,5,7,1,3,0,0,0,66,1,"Hawthorn","2021",1
15,"Hardwick, Blake",14,7,7,21,0,0,0,4,6,1,0,1,1,1,0,5,12,1,0,0,0,0,83,1,"Hawthorn","2021",1
28,"Hartigan, Kyle",5,4,4,9,0,0,0,0,3,0,0,2,0,1,0,4,5,1,0,10,0,0,97,1,"Hawthorn","2021",1
17,"Howe, Daniel",11,7,8,19,0,0,0,1,1,6,0,6,1,1,0,7,13,0,0,3,0,0,67,1,"Hawthorn","2021",1
4,"Impey, Jarman",15,5,5,20,0,0,0,1,7,3,2,5,0,0,0,5,13,1,0,1,1,0,82,1,"Hawthorn","2021",1
29,"Jiath, Changkuoth",7,4,15,22,0,1,0,2,0,3,1,4,1,2,0,5,16,0,0,2,2,1,72,1,"Hawthorn","2021",1
34,"Koschitzke, Jacob",3,3,4,7,0,1,0,4,0,1,0,2,0,1,0,2,5,1,1,4,0,1,91,1,"Hawthorn","2021",1
7,"McEvoy, Ben",8,7,6,14,1,0,14,4,3,0,4,2,1,2,0,4,10,0,1,3,0,0,81,1,"Hawthorn","2021",1
3,"Mitchell, Tom",11,1,28,39,0,0,0,5,3,4,2,4,0,2,0,14,26,0,0,0,1,1,83,1,"Hawthorn","2021",1
36,"Moore, Dylan",7,3,12,19,3,0,0,3,0,0,1,0,2,0,0,8,10,0,0,0,0,0,92,1,"Hawthorn","2021",1
1,"Morrison, Harry",13,5,7,20,2,0,0,2,3,2,2,4,0,1,0,9,10,2,1,0,0,0,82,1,"Hawthorn","2021",1
23,"OBrien, Tim",7,6,1,8,2,0,0,2,0,3,0,3,0,3,0,4,5,2,3,2,0,2,89,1,"Hawthorn","2021",1
10,"OMeara, Jaeger",11,2,19,30,0,1,0,4,3,5,9,4,0,2,2,13,19,0,0,3,0,0,88,1,"Hawthorn","2021",1
21,"Phillips, Tom",10,7,11,21,1,0,0,2,4,3,2,1,0,0,0,7,14,1,0,0,0,0,82,1,"Hawthorn","2021",1
26,"Shiels, Liam",8,2,11,19,0,0,0,6,1,6,2,2,0,2,0,6,13,0,0,1,0,3,81,1,"Hawthorn","2021",1
5,"Worpel, James",12,4,5,17,0,0,0,3,0,2,2,2,0,1,0,5,12,0,0,0,0,0,73,1,"Hawthorn","2021",1
