"Number","Player","Kicks","Marks","Handballs","Disposals","Goals","Behinds","Hitouts","Tackles","Rebounds50s","Inside50s","Clearances","Clangers","FreesFor","FreesAgainst","BrownlowVotes","ContestedPossessions","UncontestedPossessions","ContestedMarks","MarksInside50","OnePercenters","Bounces","GoalAssists","PercentagePlayed","PointDifference","Team","Season","Round"
17,"Brown, Callum",4,4,10,14,1,0,0,2,0,0,0,1,1,0,0,5,10,0,0,0,0,0,71,-24,"Collingwood","2021",6
6,"Brown, Tyler",0,0,0,0,0,0,0,0,0,0,0,0,0,0,0,0,0,0,0,0,0,0,0,-24,"Collingwood","2021",6
14,"Cameron, Darcy",15,10,7,22,3,1,9,1,0,3,3,1,2,1,0,12,9,4,3,2,0,0,91,-24,"Collingwood","2021",6
25,"Crisp, Jack",14,5,16,30,1,0,0,3,6,3,0,2,0,1,0,4,23,0,0,3,0,1,89,-24,"Collingwood","2021",6
7,"Daicos, Josh",9,2,17,26,0,0,0,3,1,1,7,6,4,2,0,11,15,1,0,0,1,0,80,-24,"Collingwood","2021",6
4,"Grundy, Brodie",12,1,7,19,1,1,40,7,0,3,4,6,5,3,0,17,3,1,0,0,0,0,83,-24,"Collingwood","2021",6
32,"Hoskin-Elliott, Will",14,9,4,18,1,1,0,3,2,4,0,2,1,0,0,6,13,0,1,2,0,0,90,-24,"Collingwood","2021",6
20,"Kelly, Will",4,2,2,6,0,0,0,0,2,1,0,1,1,0,0,3,3,0,0,3,0,0,79,-24,"Collingwood","2021",6
18,"Macrae, Finlay",1,1,8,9,0,0,0,1,0,1,1,1,0,0,0,7,2,0,0,0,0,0,77,-24,"Collingwood","2021",6
44,"Madgen, Jack",7,1,9,16,0,0,0,1,3,0,1,5,1,1,0,6,10,0,0,5,0,0,83,-24,"Collingwood","2021",6
37,"Maynard, Brayden",12,3,6,18,0,0,0,4,2,2,0,5,2,2,0,5,10,0,0,2,0,0,81,-24,"Collingwood","2021",6
31,"McCreery, Beau",5,1,1,6,3,0,0,3,0,3,1,3,0,1,0,2,5,0,0,2,0,0,76,-24,"Collingwood","2021",6
41,"Mihocek, Brody",6,4,0,6,1,2,0,1,0,3,1,0,0,0,0,3,3,1,2,0,0,1,93,-24,"Collingwood","2021",6
30,"Moore, Darcy",5,4,7,12,1,0,0,1,2,0,0,3,0,2,0,2,10,0,1,4,0,2,96,-24,"Collingwood","2021",6
28,"Murphy, Nathan",6,5,8,14,0,0,0,0,4,2,1,1,0,0,0,4,9,0,0,2,0,0,79,-24,"Collingwood","2021",6
9,"Noble, John",9,6,8,17,0,0,0,6,4,0,0,1,3,0,0,4,14,0,0,2,1,0,75,-24,"Collingwood","2021",6
10,"Pendlebury, Scott",16,3,14,30,0,0,0,2,0,4,5,3,0,1,0,8,22,0,0,1,0,3,78,-24,"Collingwood","2021",6
3,"Quaynor, Isaac",18,5,3,21,0,1,0,2,4,2,1,0,1,0,0,5,14,0,0,5,0,0,87,-24,"Collingwood","2021",6
1,"Rantall, Jay",3,2,5,8,0,0,0,1,0,2,0,2,0,0,0,3,5,0,0,0,0,0,68,-24,"Collingwood","2021",6
23,"Roughead, Jordan",8,6,4,12,0,0,0,1,6,0,1,2,0,0,0,4,8,1,0,10,0,0,96,-24,"Collingwood","2021",6
21,"Ruscoe, Trey",3,1,1,4,1,0,0,1,0,1,0,2,1,1,0,3,0,1,1,0,0,0,72,-24,"Collingwood","2021",6
22,"Sidebottom, Steele",18,3,12,30,0,0,0,12,1,6,9,8,1,2,0,17,14,0,0,5,0,0,87,-24,"Collingwood","2021",6
24,"Thomas, Josh",11,3,7,18,0,0,0,1,1,2,3,3,0,0,0,9,9,0,0,1,0,0,69,-24,"Collingwood","2021",6
13,"Cox, Nik",10,8,5,15,0,0,0,1,0,2,0,2,1,0,0,7,7,3,1,1,0,0,87,24,"Essendon","2021",6
0,"Francis, Aaron",5,4,0,5,0,0,0,0,2,0,0,1,0,0,0,0,4,0,0,0,0,0,35,24,"Essendon","2021",6
35,"Guelfi, Matt",10,8,3,13,0,1,0,2,1,0,0,0,1,0,0,3,10,1,1,3,0,0,80,24,"Essendon","2021",6
33,"Ham, Brayden",12,7,10,22,0,2,0,2,1,6,0,0,0,0,0,3,19,0,0,0,0,2,78,24,"Essendon","2021",6
21,"Heppell, Dyson",20,13,9,29,0,0,0,7,4,2,0,4,0,1,0,6,22,0,0,1,0,0,89,24,"Essendon","2021",6
19,"Hind, Nick",18,8,5,23,0,0,0,2,3,4,3,6,1,1,0,7,18,0,0,2,1,0,88,24,"Essendon","2021",6
26,"Hooker, Cale",3,1,3,6,0,2,1,2,0,3,0,5,0,3,0,2,4,0,0,1,0,0,86,24,"Essendon","2021",6
23,"Jones, Harry",4,4,2,6,0,1,0,2,0,2,0,1,0,1,0,2,5,1,1,1,0,1,68,24,"Essendon","2021",6
4,"Langford, Kyle",9,3,12,21,0,0,0,2,0,2,1,0,0,0,0,6,15,0,1,0,0,1,81,24,"Essendon","2021",6
15,"Laverde, Jayden",17,13,4,21,1,0,0,0,3,1,0,1,2,0,0,6,15,2,0,4,1,0,87,24,"Essendon","2021",6
43,"McDonald-Tipungwuti, Anthony",7,1,3,10,5,0,0,6,0,2,1,1,1,0,2,6,5,0,0,2,3,0,83,24,"Essendon","2021",6
1,"McGrath, Andrew",11,1,10,21,0,2,0,7,2,2,3,1,0,0,0,6,16,0,0,3,1,0,80,24,"Essendon","2021",6
7,"Merrett, Zach",16,6,18,34,0,1,0,6,0,3,7,2,1,1,1,10,23,0,0,0,2,0,78,24,"Essendon","2021",6
3,"Parish, Darcy",24,6,18,42,2,0,0,3,2,7,9,3,0,0,3,17,25,0,0,0,0,2,75,24,"Essendon","2021",6
16,"Perkins, Archie",8,3,4,12,0,1,0,4,0,4,1,1,1,0,0,3,9,0,0,0,0,1,73,24,"Essendon","2021",6
34,"Phillips, Andrew",3,2,9,12,1,0,19,5,2,1,6,4,3,4,0,6,6,0,1,5,0,0,71,24,"Essendon","2021",6
27,"Redman, Mason",10,4,3,13,1,0,0,4,4,2,0,2,0,2,0,3,8,1,0,3,0,0,80,24,"Essendon","2021",6
5,"Smith, Devon",7,5,4,11,1,0,0,10,0,3,2,5,0,4,0,3,8,0,1,1,0,0,84,24,"Essendon","2021",6
40,"Snelling, Will",6,1,8,14,2,1,0,2,1,1,2,4,2,0,0,7,9,0,1,3,0,0,85,24,"Essendon","2021",6
25,"Stringer, Jake",11,0,6,17,1,1,0,8,0,5,4,5,2,2,0,12,4,0,0,1,0,1,81,24,"Essendon","2021",6
20,"Wright, Peter",10,10,6,16,2,0,11,6,1,1,0,2,1,2,0,9,8,4,2,5,0,1,90,24,"Essendon","2021",6
0,"Zaharakis, David",3,0,1,4,0,0,0,3,0,1,0,0,0,0,0,1,2,0,0,0,0,0,56,24,"Essendon","2021",6
30,"Zerk-Thatcher, Brandon",9,6,0,9,0,0,0,2,3,0,0,4,1,2,0,1,8,1,0,2,0,0,85,24,"Essendon","2021",6
