"Number","Player","Kicks","Marks","Handballs","Disposals","Goals","Behinds","Hitouts","Tackles","Rebounds50s","Inside50s","Clearances","Clangers","FreesFor","FreesAgainst","BrownlowVotes","ContestedPossessions","UncontestedPossessions","ContestedMarks","MarksInside50","OnePercenters","Bounces","GoalAssists","PercentagePlayed","PointDifference","Team","Season","Round"
9,"Ainsworth, Ben",11,7,5,16,0,1,0,2,0,3,0,7,0,2,0,4,12,0,0,0,0,0,73,-9,"Gold Coast","2021",8
15,"Anderson, Noah",10,3,11,21,0,0,0,1,3,3,2,4,0,0,0,8,12,0,0,1,1,0,75,-9,"Gold Coast","2021",8
10,"Ballard, Charlie",11,6,2,13,0,0,0,1,4,0,1,4,0,1,0,2,8,0,0,5,0,0,87,-9,"Gold Coast","2021",8
3,"Bowes, Jack",17,5,6,23,0,1,0,1,3,1,0,1,1,0,0,4,11,0,1,1,1,0,85,-9,"Gold Coast","2021",8
29,"Burgess, Chris",7,7,4,11,0,1,5,0,2,1,1,4,1,1,0,4,9,1,1,2,0,0,76,-9,"Gold Coast","2021",8
25,"Collins, Sam",8,6,2,10,0,0,0,4,3,1,0,1,1,0,0,4,6,1,0,13,0,0,96,-9,"Gold Coast","2021",8
19,"Corbett, Josh",4,5,4,8,1,0,2,1,0,3,0,2,1,1,0,1,7,0,2,0,0,0,77,-9,"Gold Coast","2021",8
4,"Ellis, Brandon",14,6,5,19,0,1,0,1,5,2,0,1,1,1,0,3,15,0,1,2,1,1,87,-9,"Gold Coast","2021",8
50,"Farrar, Jy",10,8,5,15,0,0,0,1,2,0,0,1,0,0,0,4,11,1,0,2,0,0,85,-9,"Gold Coast","2021",8
26,"Flanders, Sam",6,2,8,14,0,0,0,4,0,5,1,2,4,0,0,4,8,0,0,0,0,0,69,-9,"Gold Coast","2021",8
46,"Graham, Caleb",2,3,4,6,0,0,8,1,1,0,3,1,1,1,0,5,2,1,0,3,0,0,79,-9,"Gold Coast","2021",8
1,"Greenwood, Hugh",10,3,10,20,0,1,0,6,2,5,8,2,1,0,0,14,6,1,1,0,0,1,79,-9,"Gold Coast","2021",8
39,"Holman, Nick",8,6,6,14,1,0,0,6,0,3,0,3,2,1,0,5,10,1,1,2,0,1,83,-9,"Gold Coast","2021",8
34,"King, Ben",5,3,4,9,3,1,0,1,0,2,0,0,0,0,0,5,4,1,1,0,0,0,92,-9,"Gold Coast","2021",8
23,"Lemmens, Sean",13,4,6,19,0,0,0,1,3,2,0,6,0,3,0,5,14,1,0,3,0,0,86,-9,"Gold Coast","2021",8
13,"Lukosius, Jack",16,12,2,18,0,1,0,0,7,1,0,3,0,1,0,1,16,0,1,0,0,0,83,-9,"Gold Coast","2021",8
17,"Markov, Oleg",16,6,7,23,0,2,0,5,3,3,1,2,0,0,0,9,14,0,0,2,8,0,79,-9,"Gold Coast","2021",8
11,"Miller, Touk",20,7,13,33,0,0,0,3,1,5,2,4,0,0,1,9,24,0,0,1,1,1,78,-9,"Gold Coast","2021",8
27,"Powell, Wil",15,9,9,24,0,0,0,2,7,2,0,2,2,1,0,8,15,2,0,2,1,0,82,-9,"Gold Coast","2021",8
22,"Rankine, Izak",6,2,10,16,1,0,0,3,0,1,2,7,2,2,0,10,7,0,1,3,0,1,88,-9,"Gold Coast","2021",8
6,"Sexton, Alex",0,0,0,0,0,0,0,0,0,0,0,0,0,0,0,0,0,0,0,0,0,0,0,-9,"Gold Coast","2021",8
24,"Swallow, David",15,5,13,28,0,1,0,13,1,5,4,7,0,3,0,9,18,0,0,1,0,0,81,-9,"Gold Coast","2021",8
14,"Weller, Lachie",7,5,8,15,1,1,0,3,0,5,2,1,0,1,0,5,10,0,1,3,3,1,79,-9,"Gold Coast","2021",8
26,"Battle, Josh",12,7,7,19,0,0,0,4,0,5,2,3,2,2,0,6,12,0,0,1,0,0,67,9,"St Kilda","2021",8
15,"Billings, Jack",20,13,5,25,2,2,0,3,7,2,0,2,2,0,2,6,19,0,0,2,0,0,88,9,"St Kilda","2021",8
16,"Butler, Dan",8,3,7,15,0,3,0,4,0,2,1,4,0,1,0,8,7,0,0,3,0,0,88,9,"St Kilda","2021",8
31,"Byrnes, Ryan",7,5,9,16,0,0,0,1,2,3,1,1,0,0,0,6,10,0,0,0,0,0,70,9,"St Kilda","2021",8
23,"Bytel, Jack",7,3,8,15,0,1,0,2,1,4,3,4,1,1,0,4,11,0,0,0,0,0,74,9,"St Kilda","2021",8
11,"Clark, Hunter",15,9,7,22,0,0,0,2,2,2,1,2,1,0,0,5,17,0,0,0,0,1,68,9,"St Kilda","2021",8
1,"Coffield, Nick",8,6,3,11,0,0,0,1,3,1,0,0,0,0,0,2,9,0,0,0,0,0,79,9,"St Kilda","2021",8
5,"Crouch, Brad",11,4,19,30,1,0,0,5,1,4,6,2,0,0,0,9,20,0,0,1,0,0,82,9,"St Kilda","2021",8
22,"Higgins, Jack",13,5,5,18,1,3,0,3,0,3,1,1,3,0,0,8,9,1,3,0,0,0,83,9,"St Kilda","2021",8
8,"Hill, Bradley",14,4,7,21,0,0,0,2,4,4,1,2,1,0,0,4,17,0,0,3,0,0,88,9,"St Kilda","2021",8
20,"Howard, Dougal",15,7,2,17,0,0,0,1,6,0,0,0,0,0,0,2,9,2,0,9,0,0,94,9,"St Kilda","2021",8
3,"Jones, Zak",24,4,7,31,0,0,0,7,2,8,6,7,3,2,0,10,23,0,1,1,1,1,78,9,"St Kilda","2021",8
39,"Joyce, Darragh",9,2,0,9,0,0,0,2,4,1,0,4,0,1,0,5,4,0,0,8,0,0,89,9,"St Kilda","2021",8
12,"King, Max",7,5,6,13,1,2,0,1,0,1,0,4,0,2,0,9,5,2,3,1,0,1,90,9,"St Kilda","2021",8
13,"Lonie, Jack",0,0,0,0,0,0,0,0,0,0,0,0,0,0,0,0,0,0,0,0,0,0,0,9,"St Kilda","2021",8
19,"Marshall, Rowan",7,3,7,14,0,0,22,2,2,3,4,1,1,0,0,11,4,3,0,1,0,0,80,9,"St Kilda","2021",8
28,"Membrey, Tim",11,8,1,12,0,1,0,1,1,2,0,3,0,0,0,3,9,1,1,1,0,1,94,9,"St Kilda","2021",8
18,"Ryder, Paddy",9,4,2,11,1,0,27,0,0,4,2,4,1,2,0,8,4,2,0,3,0,0,83,9,"St Kilda","2021",8
35,"Sinclair, Jack",11,4,8,19,0,0,0,1,2,1,1,5,0,1,0,9,12,0,0,2,0,0,78,9,"St Kilda","2021",8
9,"Steele, Jack",18,7,10,28,2,1,0,8,3,3,6,6,1,1,3,11,15,0,1,2,0,0,87,9,"St Kilda","2021",8
29,"Webster, Jimmy",15,5,6,21,0,0,0,2,4,2,2,4,2,0,0,9,10,0,0,6,0,0,84,9,"St Kilda","2021",8
44,"Wilkie, Callum",16,14,9,25,0,0,0,3,2,1,0,4,1,3,0,5,17,2,0,7,1,0,96,9,"St Kilda","2021",8
32,"Wood, Mason",3,3,2,5,0,0,0,1,0,1,0,1,0,1,0,0,5,0,1,0,0,0,60,9,"St Kilda","2021",8
