"Number","Player","Kicks","Marks","Handballs","Disposals","Goals","Behinds","Hitouts","Tackles","Rebounds50s","Inside50s","Clearances","Clangers","FreesFor","FreesAgainst","BrownlowVotes","ContestedPossessions","UncontestedPossessions","ContestedMarks","MarksInside50","OnePercenters","Bounces","GoalAssists","PercentagePlayed","PointDifference","Team","Season","Round"
18,"Atley, Shaun",11,5,7,18,0,0,0,3,6,3,1,3,4,1,0,10,11,0,0,2,1,0,98,-41,"North Melbourne","2021",4
16,"Bonar, Aiden",6,4,2,8,0,0,0,1,3,1,0,3,0,2,0,2,7,0,0,6,0,0,70,-41,"North Melbourne","2021",4
42,"Campbell, Tom",5,2,3,8,0,0,14,1,0,2,2,7,1,3,0,4,4,0,1,1,0,1,80,-41,"North Melbourne","2021",4
10,"Cunnington, Ben",8,4,12,20,0,0,0,6,1,3,3,6,1,3,0,12,7,0,0,0,0,2,83,-41,"North Melbourne","2021",4
9,"Davies-Uniacke, Luke",10,8,9,19,0,1,0,2,1,1,2,6,0,4,0,8,13,1,2,1,0,0,91,-41,"North Melbourne","2021",4
22,"Goldstein, Todd",9,4,1,10,2,0,23,3,0,3,2,0,2,0,0,6,4,3,1,6,0,0,100,-41,"North Melbourne","2021",4
43,"Hall, Aaron",25,6,8,33,0,1,0,3,7,5,0,4,1,0,0,5,21,0,0,0,2,0,92,-41,"North Melbourne","2021",4
37,"Hayden, Kyron",7,2,2,9,0,0,0,2,2,1,0,4,4,3,0,5,6,0,0,2,0,0,81,-41,"North Melbourne","2021",4
20,"Larkey, Nick",4,1,4,8,3,0,1,6,0,1,0,0,4,0,0,9,0,1,0,1,0,0,87,-41,"North Melbourne","2021",4
35,"Lazzaro, Charlie",4,2,3,7,0,0,0,2,1,1,1,1,0,1,0,1,6,0,0,3,0,1,80,-41,"North Melbourne","2021",4
1,"Mahony, Jack",10,3,3,13,0,1,0,3,1,4,1,2,0,0,0,4,7,0,0,0,0,0,82,-41,"North Melbourne","2021",4
0,"McDonald, Luke",2,0,1,3,0,0,0,0,0,0,0,1,0,0,0,1,2,0,0,0,0,0,10,-41,"North Melbourne","2021",4
23,"McKay, Ben",3,4,11,14,0,0,0,2,2,0,0,1,3,1,0,8,8,1,0,6,1,0,98,-41,"North Melbourne","2021",4
29,"Phillips, Will",6,1,7,13,1,0,0,1,1,3,2,3,1,1,0,5,8,0,0,1,0,0,60,-41,"North Melbourne","2021",4
24,"Powell, Tom",6,5,13,19,0,0,0,8,1,2,2,0,0,0,0,7,11,0,0,2,1,1,85,-41,"North Melbourne","2021",4
8,"Scott, Bailey",7,1,10,17,0,0,0,2,1,3,2,6,0,1,0,6,10,0,0,0,3,0,90,-41,"North Melbourne","2021",4
12,"Simpkin, Jy",11,2,18,29,0,0,0,1,1,5,6,3,1,0,0,13,13,0,0,1,0,0,88,-41,"North Melbourne","2021",4
2,"Stephenson, Jaidyn",12,3,5,17,2,2,0,4,3,4,1,4,0,0,0,2,14,0,0,0,1,0,84,-41,"North Melbourne","2021",4
26,"Thomas, Tarryn",8,6,4,12,2,0,0,5,3,3,0,4,1,1,0,4,9,0,2,1,1,0,85,-41,"North Melbourne","2021",4
28,"Turner, Kayne",7,2,6,13,0,0,0,7,0,1,3,4,5,2,0,7,7,0,0,0,1,0,82,-41,"North Melbourne","2021",4
0,"Young, Lachie",7,3,4,11,0,1,0,1,5,3,1,0,0,0,0,6,5,1,0,8,0,0,70,-41,"North Melbourne","2021",4
7,"Ziebell, Jack",20,7,5,25,0,0,0,1,3,3,1,5,0,2,0,7,13,1,0,4,1,0,93,-41,"North Melbourne","2021",4
44,"Zurhaar, Cameron",2,1,0,2,0,0,0,2,0,1,0,1,0,0,0,0,2,0,0,0,0,0,12,-41,"North Melbourne","2021",4
21,"Berry, Sam",2,3,6,8,0,0,0,7,2,2,0,2,1,1,0,3,7,0,0,2,0,1,66,41,"Adelaide","2021",4
16,"Brown, Luke",8,4,7,15,0,0,0,4,3,1,1,2,0,0,0,6,8,0,0,3,0,0,88,41,"Adelaide","2021",4
41,"Butts, Jordon",3,2,5,8,0,0,0,1,3,0,0,4,0,1,0,1,6,0,0,10,0,0,94,41,"Adelaide","2021",4
39,"Doedee, Tom",11,9,7,18,0,0,0,3,5,1,0,3,2,1,0,9,8,5,0,6,2,0,95,41,"Adelaide","2021",4
32,"Fogarty, Darcy",5,5,0,5,3,0,0,1,0,1,0,1,1,1,0,2,6,0,3,1,0,0,64,41,"Adelaide","2021",4
22,"Frampton, Billy",6,5,3,9,0,2,1,0,0,0,0,3,1,3,0,4,5,1,2,1,0,0,83,41,"Adelaide","2021",4
17,"Hamill, Will",7,4,8,15,0,0,0,0,2,3,1,3,0,2,0,5,10,1,0,4,0,0,76,41,"Adelaide","2021",4
2,"Keays, Ben",12,3,12,24,0,0,0,8,0,6,3,2,1,0,0,12,12,0,0,3,0,0,86,41,"Adelaide","2021",4
8,"Kelly, Jake",11,6,7,18,0,0,0,4,3,1,0,2,0,2,0,5,14,1,0,5,0,0,95,41,"Adelaide","2021",4
29,"Laird, Rory",12,4,19,31,0,0,0,3,1,5,11,4,1,3,1,18,14,0,0,1,2,1,83,41,"Adelaide","2021",4
27,"Lynch, Tom",12,5,5,17,0,2,0,1,1,1,1,4,0,2,0,4,13,1,1,1,0,0,75,41,"Adelaide","2021",4
14,"Mackay, David",0,0,0,0,0,0,0,0,0,0,0,0,0,0,0,0,0,0,0,0,0,0,0,41,"Adelaide","2021",4
23,"McAdam, Shane",6,4,1,7,3,0,0,1,0,1,0,5,2,3,0,3,4,1,3,0,1,1,69,41,"Adelaide","2021",4
25,"McHenry, Ned",5,4,8,13,0,0,0,4,0,1,0,7,1,6,0,5,9,0,0,1,0,1,82,41,"Adelaide","2021",4
36,"McPherson, Andrew",14,4,9,23,0,0,0,1,4,1,0,3,1,0,0,5,15,0,0,2,0,0,76,41,"Adelaide","2021",4
4,"Murphy, Lachlan",6,1,5,11,1,0,0,7,1,3,3,0,2,0,0,6,4,0,0,0,0,0,71,41,"Adelaide","2021",4
43,"OBrien, Reilly",7,8,17,24,1,0,30,4,3,0,6,1,3,0,3,15,7,4,2,1,0,0,94,41,"Adelaide","2021",4
31,"Rowe, James",6,2,3,9,1,1,0,3,0,3,0,2,2,0,0,4,6,0,1,0,0,1,83,41,"Adelaide","2021",4
26,"Schoenberg, Harry",15,6,5,20,2,0,0,4,0,6,1,2,0,1,0,4,16,0,1,0,0,2,66,41,"Adelaide","2021",4
11,"Seedsman, Paul",17,4,8,25,1,1,0,4,1,8,2,1,1,1,0,5,21,0,0,1,4,2,87,41,"Adelaide","2021",4
38,"Sholl, Lachlan",25,8,6,31,1,2,0,2,6,5,2,1,3,0,2,9,22,1,0,1,0,1,95,41,"Adelaide","2021",4
33,"Smith, Brodie",19,7,3,22,0,1,0,3,7,6,0,1,1,0,0,4,16,0,0,2,0,1,80,41,"Adelaide","2021",4
13,"Walker, Taylor",12,7,5,17,3,2,0,3,0,4,1,2,3,1,0,12,4,4,2,1,0,2,92,41,"Adelaide","2021",4
