"Number","Player","Kicks","Marks","Handballs","Disposals","Goals","Behinds","Hitouts","Tackles","Rebounds50s","Inside50s","Clearances","Clangers","FreesFor","FreesAgainst","BrownlowVotes","ContestedPossessions","UncontestedPossessions","ContestedMarks","MarksInside50","OnePercenters","Bounces","GoalAssists","PercentagePlayed","PointDifference","Team","Season","Round"
13,"Cox, Nik",11,9,3,14,2,0,0,2,1,2,0,1,0,1,0,3,11,2,2,0,0,0,81,72,"Essendon","2021",10
10,"Francis, Aaron",4,6,9,13,0,0,0,0,2,0,1,2,0,1,0,7,7,0,0,2,0,0,84,72,"Essendon","2021",10
35,"Guelfi, Matt",5,2,5,10,0,0,0,3,0,2,0,2,1,1,0,7,6,1,0,3,1,0,74,72,"Essendon","2021",10
33,"Ham, Brayden",0,0,0,0,0,0,0,0,0,0,0,0,0,0,0,0,0,0,0,0,0,0,0,72,"Essendon","2021",10
21,"Heppell, Dyson",16,11,10,26,0,0,0,1,2,1,0,1,0,0,0,5,21,0,0,1,0,0,85,72,"Essendon","2021",10
19,"Hind, Nick",17,5,4,21,1,0,0,4,3,3,0,2,1,0,0,4,18,0,1,0,0,2,82,72,"Essendon","2021",10
26,"Hooker, Cale",8,8,4,12,2,3,0,1,0,2,0,2,0,1,0,4,7,1,5,1,0,0,78,72,"Essendon","2021",10
23,"Jones, Harry",5,3,1,6,3,0,0,0,0,0,0,1,0,1,0,1,5,0,2,1,0,0,80,72,"Essendon","2021",10
4,"Langford, Kyle",16,6,6,22,2,1,0,4,1,5,3,4,1,2,0,7,15,2,1,1,0,1,79,72,"Essendon","2021",10
15,"Laverde, Jayden",12,7,3,15,0,0,0,1,7,0,0,1,0,0,0,4,11,1,0,3,0,0,88,72,"Essendon","2021",10
43,"McDonald-Tipungwuti, Anthony",8,3,2,10,3,2,0,3,0,1,1,0,2,0,0,4,5,0,2,1,0,1,83,72,"Essendon","2021",10
1,"McGrath, Andrew",9,4,22,31,0,0,0,1,1,3,5,1,1,1,1,9,24,0,0,1,0,3,77,72,"Essendon","2021",10
7,"Merrett, Zach",19,6,12,31,0,0,0,3,4,4,2,5,2,0,2,7,25,0,0,1,0,3,86,72,"Essendon","2021",10
3,"Parish, Darcy",19,12,17,36,0,0,0,4,3,7,11,1,1,0,3,13,23,0,1,0,0,3,85,72,"Essendon","2021",10
16,"Perkins, Archie",5,3,6,11,1,0,0,3,0,3,0,0,0,0,0,2,8,0,1,0,0,0,77,72,"Essendon","2021",10
34,"Phillips, Andrew",4,2,6,10,1,0,22,4,0,2,2,2,2,1,0,3,8,0,1,3,0,0,83,72,"Essendon","2021",10
27,"Redman, Mason",12,8,11,23,0,0,0,1,5,0,0,1,1,0,0,2,19,0,0,1,3,0,80,72,"Essendon","2021",10
14,"Ridley, Jordan",15,6,6,21,0,0,0,1,9,0,0,1,1,1,0,5,14,0,0,5,0,0,95,72,"Essendon","2021",10
40,"Snelling, Will",8,5,17,25,1,0,0,2,0,3,2,2,2,1,0,10,14,0,0,2,0,1,82,72,"Essendon","2021",10
17,"Stewart, James",10,7,4,14,0,0,0,2,1,2,0,1,0,0,0,3,12,1,0,3,1,1,86,72,"Essendon","2021",10
45,"Waterman, Alec",7,5,4,11,2,0,0,0,0,3,0,1,0,1,0,2,9,0,1,0,0,0,77,72,"Essendon","2021",10
20,"Wright, Peter",13,10,3,16,3,2,6,1,2,4,0,2,0,0,0,7,9,4,5,2,0,1,76,72,"Essendon","2021",10
11,"Zaharakis, David",12,6,10,22,1,1,0,3,0,3,1,3,0,1,0,5,18,0,0,0,2,1,82,72,"Essendon","2021",10
18,"Atley, Shaun",12,9,10,22,0,0,0,1,2,0,0,2,1,0,0,1,21,0,0,2,1,0,91,-72,"North Melbourne","2021",10
42,"Campbell, Tom",5,5,8,13,2,0,13,1,0,1,2,3,1,3,0,9,5,2,2,0,0,0,83,-72,"North Melbourne","2021",10
10,"Cunnington, Ben",19,4,15,34,1,0,0,4,0,7,9,5,3,3,0,18,17,1,0,1,0,0,83,-72,"North Melbourne","2021",10
9,"Davies-Uniacke, Luke",9,6,12,21,0,1,0,2,0,5,3,4,0,0,0,8,13,1,1,0,0,0,80,-72,"North Melbourne","2021",10
14,"Dumont, Trent",9,2,5,14,0,0,0,3,0,4,0,3,1,0,0,2,12,0,0,4,0,1,77,-72,"North Melbourne","2021",10
6,"Garner, Taylor",11,7,8,19,3,0,0,1,0,2,0,4,1,1,0,6,12,2,4,1,0,2,83,-72,"North Melbourne","2021",10
22,"Goldstein, Todd",8,3,6,14,0,0,19,2,1,2,4,2,2,0,0,9,6,0,0,3,0,0,91,-72,"North Melbourne","2021",10
43,"Hall, Aaron",24,7,5,29,0,1,0,4,9,4,1,3,2,0,0,6,20,0,0,1,0,1,83,-72,"North Melbourne","2021",10
20,"Larkey, Nick",2,2,4,6,0,0,1,0,0,2,0,2,0,1,0,2,4,0,0,1,2,0,83,-72,"North Melbourne","2021",10
35,"Lazzaro, Charlie",6,4,8,14,0,1,0,1,0,0,0,0,0,0,0,2,11,0,0,0,0,1,75,-72,"North Melbourne","2021",10
1,"Mahony, Jack",5,2,4,9,0,1,0,1,0,1,0,3,0,0,0,2,7,0,1,0,0,2,77,-72,"North Melbourne","2021",10
23,"McKay, Ben",6,6,5,11,0,0,0,2,2,0,1,0,0,0,0,4,6,1,0,9,0,0,91,-72,"North Melbourne","2021",10
31,"Menadue, Connor",7,7,7,14,0,0,0,1,0,0,0,0,0,0,0,4,12,0,0,2,1,0,79,-72,"North Melbourne","2021",10
24,"Powell, Tom",7,2,7,14,0,0,0,1,1,1,1,0,0,0,0,1,13,0,0,0,0,0,78,-72,"North Melbourne","2021",10
8,"Scott, Bailey",0,0,0,0,0,0,0,0,0,0,0,0,0,0,0,0,0,0,0,0,0,0,0,-72,"North Melbourne","2021",10
12,"Simpkin, Jy",7,1,13,20,0,0,0,4,0,2,5,6,0,1,0,9,13,0,0,1,2,1,81,-72,"North Melbourne","2021",10
5,"Taylor, Curtis",9,6,4,13,0,0,0,2,1,1,0,5,0,1,0,2,11,0,0,1,0,1,75,-72,"North Melbourne","2021",10
26,"Thomas, Tarryn",13,5,8,21,2,0,0,3,0,9,5,2,1,2,0,8,13,1,0,2,2,0,67,-72,"North Melbourne","2021",10
28,"Turner, Kayne",4,2,4,8,0,0,0,1,0,1,0,4,0,2,0,5,5,0,0,3,0,0,83,-72,"North Melbourne","2021",10
19,"Walker, Josh",7,9,8,15,1,0,0,2,3,0,0,1,0,0,0,3,12,1,1,4,0,0,93,-72,"North Melbourne","2021",10
17,"Young, Lachie",9,5,4,13,0,0,0,2,2,5,0,5,0,1,0,3,10,1,0,1,0,0,85,-72,"North Melbourne","2021",10
7,"Ziebell, Jack",19,12,5,24,0,0,0,0,6,1,0,0,1,0,0,3,16,1,0,3,0,0,80,-72,"North Melbourne","2021",10
44,"Zurhaar, Cameron",10,5,3,13,1,2,0,2,0,3,0,0,0,0,0,6,7,3,2,1,0,0,81,-72,"North Melbourne","2021",10
