"Number","Player","Kicks","Marks","Handballs","Disposals","Goals","Behinds","Hitouts","Tackles","Rebounds50s","Inside50s","Clearances","Clangers","FreesFor","FreesAgainst","BrownlowVotes","ContestedPossessions","UncontestedPossessions","ContestedMarks","MarksInside50","OnePercenters","Bounces","GoalAssists","PercentagePlayed","PointDifference","Team","Season","Round"
22,"Breust, Luke",10,5,8,18,0,0,0,5,1,5,2,4,1,0,0,5,14,0,0,2,0,1,76,-38,"Hawthorn","2021",8
24,"Cousins, James",9,6,7,16,0,1,0,4,1,4,1,2,1,1,0,4,13,1,1,1,0,3,74,-38,"Hawthorn","2021",8
8,"Frost, Sam",5,2,6,11,0,0,0,4,5,0,0,2,2,1,0,9,5,1,0,7,0,0,88,-38,"Hawthorn","2021",8
13,"Hanrahan, Oliver",4,0,3,7,2,1,0,2,0,0,0,0,0,0,0,4,3,0,0,0,0,0,82,-38,"Hawthorn","2021",8
15,"Hardwick, Blake",18,3,5,23,0,0,0,2,10,3,2,4,1,1,0,3,18,0,0,2,0,0,78,-38,"Hawthorn","2021",8
28,"Hartigan, Kyle",4,5,5,9,0,0,0,0,1,0,0,2,0,1,0,0,8,0,0,7,0,0,96,-38,"Hawthorn","2021",8
27,"Hartley, Michael",12,5,5,17,0,0,0,3,4,0,1,1,1,1,0,6,7,1,0,8,0,0,97,-38,"Hawthorn","2021",8
17,"Howe, Daniel",12,5,6,18,1,0,0,5,1,1,0,2,1,0,0,8,10,0,1,1,0,0,78,-38,"Hawthorn","2021",8
4,"Impey, Jarman",14,4,18,32,1,0,0,2,2,2,1,4,2,1,0,9,22,0,0,3,0,0,81,-38,"Hawthorn","2021",8
39,"Jeka, Emerson",4,2,4,8,0,1,0,1,0,3,0,1,0,0,0,3,7,0,1,2,0,0,81,-38,"Hawthorn","2021",8
29,"Jiath, Changkuoth",12,7,13,25,0,0,0,2,4,0,2,4,1,0,0,7,21,0,0,5,2,0,80,-38,"Hawthorn","2021",8
34,"Koschitzke, Jacob",3,5,5,8,0,1,0,1,0,0,0,2,0,0,0,3,6,0,1,4,0,0,88,-38,"Hawthorn","2021",8
2,"Lewis, Mitch",7,4,3,10,2,2,6,1,1,0,1,0,1,0,0,4,6,2,3,2,0,0,82,-38,"Hawthorn","2021",8
7,"McEvoy, Ben",5,5,6,11,0,0,19,6,1,0,1,2,0,0,0,7,6,2,0,3,0,0,81,-38,"Hawthorn","2021",8
3,"Mitchell, Tom",10,5,31,41,0,0,0,4,2,4,6,2,1,0,0,17,24,0,0,2,0,1,82,-38,"Hawthorn","2021",8
36,"Moore, Dylan",5,3,4,9,0,0,0,4,0,0,0,1,1,0,0,4,5,0,2,1,0,1,75,-38,"Hawthorn","2021",8
35,"Morris, Josh",0,0,0,0,0,0,0,0,0,0,0,0,0,0,0,0,0,0,0,0,0,0,0,-38,"Hawthorn","2021",8
1,"Morrison, Harry",9,6,11,20,0,0,0,3,3,0,1,3,0,1,0,5,14,0,0,0,0,0,84,-38,"Hawthorn","2021",8
21,"Phillips, Tom",15,6,7,22,0,0,0,1,3,1,0,5,0,0,0,2,20,0,0,1,1,0,78,-38,"Hawthorn","2021",8
14,"Scrimshaw, Jack",15,6,12,27,0,1,0,4,5,2,0,3,0,0,0,4,22,0,0,1,1,0,80,-38,"Hawthorn","2021",8
26,"Shiels, Liam",14,5,9,23,0,0,0,2,1,2,1,6,1,1,0,3,21,0,0,1,0,0,78,-38,"Hawthorn","2021",8
20,"Wingard, Chad",7,5,12,19,0,0,0,3,3,4,2,0,1,0,0,5,15,0,0,2,0,0,76,-38,"Hawthorn","2021",8
5,"Worpel, James",13,5,14,27,2,0,0,4,1,4,6,5,1,2,0,10,16,0,1,2,0,0,84,-38,"Hawthorn","2021",8
41,"Ah Chee, Brendon",12,5,5,17,4,0,0,4,0,6,1,0,0,0,1,5,13,1,1,2,1,0,76,38,"West Coast","2021",8
12,"Allen, Oscar",6,4,8,14,0,0,0,0,3,1,0,2,1,0,0,6,7,1,0,8,0,0,89,38,"West Coast","2021",8
10,"Brander, Jarrod",15,9,4,19,0,0,0,0,2,7,0,2,1,0,0,7,12,1,0,2,0,2,84,38,"West Coast","2021",8
28,"Cole, Tom",6,4,7,13,0,0,0,3,1,0,0,2,0,0,0,3,10,0,0,1,0,0,82,38,"West Coast","2021",8
15,"Cripps, Jamie",9,2,2,11,0,1,0,5,0,3,1,6,0,4,0,4,9,0,0,2,2,0,85,38,"West Coast","2021",8
27,"Darling, Jack",15,9,2,17,2,2,5,3,0,5,2,5,2,2,0,9,9,4,3,2,0,2,100,38,"West Coast","2021",8
42,"Edwards, Harry",2,2,3,5,0,0,0,3,0,0,0,1,0,1,0,2,3,1,0,6,0,0,84,38,"West Coast","2021",8
0,"Foley, Luke",1,1,0,1,0,0,0,0,1,0,0,0,0,0,0,0,1,0,0,0,0,0,7,38,"West Coast","2021",8
3,"Gaff, Andrew",25,12,13,38,0,0,0,0,4,8,3,4,0,0,3,12,27,2,0,1,1,1,95,38,"West Coast","2021",8
31,"Jones, Jamaine",10,3,4,14,1,0,0,6,2,4,1,1,0,1,0,4,11,0,0,2,1,1,77,38,"West Coast","2021",8
11,"Kelly, Tim",16,10,9,25,1,0,0,3,0,8,5,1,1,1,0,7,19,0,1,1,0,0,83,38,"West Coast","2021",8
0,"Kennedy, Josh",7,7,5,12,1,2,0,1,0,3,0,0,0,0,0,7,5,4,2,3,0,1,72,38,"West Coast","2021",8
7,"Langdon, Zac",4,3,7,11,1,0,0,4,0,1,0,2,0,1,0,2,10,0,1,1,0,2,78,38,"West Coast","2021",8
9,"Naitanui, Nic",8,0,4,12,0,0,29,2,1,3,6,2,0,0,0,12,3,0,0,7,0,0,67,38,"West Coast","2021",8
30,"Nelson, Jackson",13,3,4,17,0,0,0,1,4,2,1,0,1,0,0,6,8,0,0,3,0,0,83,38,"West Coast","2021",8
21,"Petruccelle, Jack",6,2,7,13,2,0,0,4,0,3,1,1,1,0,0,7,6,0,0,0,0,0,69,38,"West Coast","2021",8
8,"Redden, Jack",11,3,20,31,0,0,0,1,1,2,7,4,0,1,0,15,16,0,0,2,0,0,83,38,"West Coast","2021",8
35,"Rotham, Josh",9,8,3,12,0,0,0,1,1,0,0,1,0,1,0,3,12,1,0,6,1,0,89,38,"West Coast","2021",8
4,"Sheed, Dom",21,10,14,35,0,0,0,4,2,2,5,5,1,1,2,12,25,1,0,1,0,0,86,38,"West Coast","2021",8
5,"Sheppard, Brad",18,12,9,27,0,0,0,0,1,0,0,2,0,1,0,7,20,2,0,2,1,0,91,38,"West Coast","2021",8
2,"Waterman, Jake",6,6,1,7,1,0,0,4,0,2,0,4,2,1,0,3,7,0,1,2,0,0,74,38,"West Coast","2021",8
32,"Williams, Bailey",7,5,2,9,1,2,5,0,0,2,1,2,0,0,0,4,6,2,3,2,0,0,64,38,"West Coast","2021",8
23,"Witherden, Alex",19,6,3,22,0,0,0,0,3,1,1,2,0,1,0,2,13,0,0,1,1,0,83,38,"West Coast","2021",8
