"Number","Player","Kicks","Marks","Handballs","Disposals","Goals","Behinds","Hitouts","Tackles","Rebounds50s","Inside50s","Clearances","Clangers","FreesFor","FreesAgainst","BrownlowVotes","ContestedPossessions","UncontestedPossessions","ContestedMarks","MarksInside50","OnePercenters","Bounces","GoalAssists","PercentagePlayed","PointDifference","Team","Season","Round"
16,"Aarts, Jake",10,7,5,15,1,1,0,5,0,2,1,7,2,4,0,6,9,1,1,2,0,0,87,22,"Richmond","2021",7
12,"Astbury, David",12,12,4,16,0,0,0,1,5,0,0,1,0,0,1,3,13,0,0,5,0,0,96,22,"Richmond","2021",7
7,"Baker, Liam",7,0,8,15,1,0,0,8,0,3,0,2,0,0,0,11,5,0,0,3,0,2,80,22,"Richmond","2021",7
21,"Balta, Noah",11,9,3,14,0,0,0,0,2,2,0,0,0,0,0,5,8,4,0,1,0,0,72,22,"Richmond","2021",7
29,"Bolton, Shai",12,7,10,22,3,1,0,2,0,10,3,1,0,1,2,7,15,1,2,1,2,0,84,22,"Richmond","2021",7
35,"Broad, Nathan",20,11,5,25,0,0,0,2,6,3,0,3,2,1,0,10,15,3,0,2,0,0,98,22,"Richmond","2021",7
11,"Castagna, Jason",3,2,6,9,0,0,0,1,0,3,0,1,0,0,0,3,6,0,0,0,0,1,81,22,"Richmond","2021",7
26,"Collier-Dawkins, Riley",4,3,10,14,0,0,0,5,0,1,5,2,2,0,0,11,5,0,1,1,0,0,70,22,"Richmond","2021",7
0,"Cotchin, Trent",13,4,11,24,0,0,0,2,1,5,7,1,2,0,0,12,12,1,0,3,0,0,63,22,"Richmond","2021",7
10,"Edwards, Shane",6,4,8,14,0,0,0,3,0,0,2,2,1,0,0,7,8,0,0,1,0,0,79,22,"Richmond","2021",7
34,"Graham, Jack",13,4,4,17,1,0,0,2,0,2,1,3,1,2,0,6,11,0,0,2,0,1,73,22,"Richmond","2021",7
2,"Grimes, Dylan",8,3,4,12,0,0,0,2,2,0,0,1,4,0,0,5,8,0,0,0,0,0,84,22,"Richmond","2021",7
14,"Houli, Bachar",21,10,10,31,1,0,0,1,4,6,0,2,1,0,3,5,21,0,1,3,2,2,86,22,"Richmond","2021",7
19,"Lynch, Tom",12,12,2,14,3,5,0,1,0,4,1,2,0,0,0,6,9,4,7,1,0,2,100,22,"Richmond","2021",7
31,"Mansell, Rhyan",8,5,1,9,0,0,0,2,3,0,0,1,0,1,0,2,7,0,0,4,0,0,73,22,"Richmond","2021",7
33,"McIntosh, Kamdyn",11,5,4,15,0,0,0,0,0,4,2,1,1,0,0,5,9,0,0,3,0,0,83,22,"Richmond","2021",7
0,"Naish, Patrick",1,0,0,1,0,0,0,1,0,1,0,0,0,0,0,0,1,0,0,0,0,1,5,22,"Richmond","2021",7
25,"Nankervis, Toby",12,3,8,20,0,0,18,4,1,2,3,3,3,1,0,13,8,1,0,3,0,0,78,22,"Richmond","2021",7
50,"Pickett, Marlion",9,6,10,19,0,0,3,4,2,1,5,3,0,2,0,9,10,0,0,5,0,0,80,22,"Richmond","2021",7
8,"Riewoldt, Jack",8,7,1,9,1,1,0,0,0,2,0,3,0,3,0,2,6,1,4,0,0,0,95,22,"Richmond","2021",7
17,"Rioli, Daniel",5,3,6,11,0,1,0,2,0,1,0,1,0,1,0,3,7,0,0,1,0,0,72,22,"Richmond","2021",7
5,"Ross, Jack",6,4,4,10,0,0,0,3,0,2,1,2,1,1,0,2,7,0,0,1,0,0,70,22,"Richmond","2021",7
15,"Short, Jayden",24,9,2,26,0,1,0,0,8,3,0,2,1,0,0,2,19,0,0,2,0,0,90,22,"Richmond","2021",7
4,"Bontempelli, Marcus",16,5,10,26,0,1,3,4,1,9,2,3,1,0,0,7,19,2,1,2,0,1,85,-22,"Western Bulldogs","2021",7
17,"Bruce, Josh",7,5,4,11,1,2,1,0,0,2,0,6,0,3,0,6,5,2,1,2,0,0,88,-22,"Western Bulldogs","2021",7
12,"Cordy, Zaine",7,5,2,9,0,0,1,0,1,0,0,1,1,0,0,5,6,0,0,8,0,0,100,-22,"Western Bulldogs","2021",7
9,"Crozier, Hayden",8,5,5,13,0,0,0,1,2,0,0,1,0,0,0,3,10,0,0,6,0,0,81,-22,"Western Bulldogs","2021",7
31,"Dale, Bailey",20,3,7,27,0,0,0,3,11,1,1,4,1,1,0,5,16,0,0,4,4,0,80,-22,"Western Bulldogs","2021",7
35,"Daniel, Caleb",16,5,18,34,0,0,0,3,7,0,2,3,1,0,0,9,19,0,0,0,1,0,82,-22,"Western Bulldogs","2021",7
15,"Duryea, Taylor",7,3,4,11,0,0,0,2,2,0,1,3,2,0,0,5,6,1,0,3,0,0,77,-22,"Western Bulldogs","2021",7
29,"Hannan, Mitch",6,4,3,9,0,1,0,2,0,3,0,0,0,0,0,3,5,1,1,0,0,0,75,-22,"Western Bulldogs","2021",7
7,"Hunter, Lachie",10,8,12,22,0,0,0,2,2,5,0,2,1,1,0,2,21,0,0,3,2,1,89,-22,"Western Bulldogs","2021",7
39,"Johannisen, Jason",2,0,3,5,0,0,0,0,0,1,0,1,0,0,0,2,3,0,0,0,0,0,70,-22,"Western Bulldogs","2021",7
42,"Keath, Alex",11,7,7,18,0,0,5,2,3,0,0,1,2,0,0,7,12,1,0,7,1,0,100,-22,"Western Bulldogs","2021",7
21,"Liberatore, Tom",9,0,14,23,0,0,0,7,1,2,10,7,1,3,0,18,7,0,0,1,0,0,84,-22,"Western Bulldogs","2021",7
27,"Lipinski, Patrick",10,5,13,23,0,1,0,1,3,3,5,1,0,1,0,8,15,0,0,0,0,0,76,-22,"Western Bulldogs","2021",7
11,"Macrae, Jack",14,9,16,30,0,1,0,4,6,2,5,5,1,2,0,9,21,1,0,1,0,0,83,-22,"Western Bulldogs","2021",7
8,"Martin, Stefan",2,1,4,6,0,0,21,3,0,0,1,2,1,2,0,6,0,1,0,3,0,0,75,-22,"Western Bulldogs","2021",7
30,"McNeil, Lachlan",0,0,0,0,0,0,0,0,0,0,0,0,0,0,0,0,0,0,0,0,0,0,0,-22,"Western Bulldogs","2021",7
33,"Naughton, Aaron",9,8,2,11,3,0,0,0,0,2,0,4,0,2,0,3,9,1,4,0,0,0,92,-22,"Western Bulldogs","2021",7
13,"Schache, Josh",5,3,2,7,1,0,1,2,0,1,0,1,1,0,0,2,5,0,1,2,0,0,58,-22,"Western Bulldogs","2021",7
28,"Scott, Anthony",3,0,4,7,1,1,0,5,1,0,3,0,1,0,0,8,1,0,0,3,0,0,78,-22,"Western Bulldogs","2021",7
6,"Smith, Bailey",14,4,13,27,1,0,0,3,3,1,2,5,1,0,0,9,17,0,1,2,0,0,83,-22,"Western Bulldogs","2021",7
1,"Treloar, Adam",15,5,12,27,0,0,0,5,2,7,4,3,2,2,0,7,21,0,0,0,0,1,82,-22,"Western Bulldogs","2021",7
14,"West, Rhylee",5,2,0,5,0,2,0,2,0,2,0,5,0,4,0,0,5,0,1,1,0,0,82,-22,"Western Bulldogs","2021",7
10,"Wood, Easton",10,11,5,15,0,0,0,1,0,2,0,1,0,0,0,3,12,1,0,2,2,1,80,-22,"Western Bulldogs","2021",7
