"Number","Player","Kicks","Marks","Handballs","Disposals","Goals","Behinds","Hitouts","Tackles","Rebounds50s","Inside50s","Clearances","Clangers","FreesFor","FreesAgainst","BrownlowVotes","ContestedPossessions","UncontestedPossessions","ContestedMarks","MarksInside50","OnePercenters","Bounces","GoalAssists","PercentagePlayed","PointDifference","Team","Season","Round"
30,"Atkins, Tom",14,9,8,22,0,0,0,6,3,2,1,2,2,2,0,8,18,0,0,1,0,0,89,97,"Geelong","2021",6
24,"Bews, Jed",12,6,5,17,0,0,0,1,1,4,2,4,2,0,0,4,13,0,0,0,0,1,83,97,"Geelong","2021",6
46,"Blicavs, Mark",8,5,4,12,0,0,0,3,1,1,0,3,2,1,0,7,6,0,0,3,0,0,95,97,"Geelong","2021",6
5,"Cameron, Jeremy",8,6,1,9,3,2,0,0,0,2,0,1,1,1,0,6,4,2,4,1,0,1,69,97,"Geelong","2021",6
0,"Clark, Jordan",4,3,2,6,0,0,0,0,0,2,1,0,0,0,0,1,4,0,0,0,0,0,17,97,"Geelong","2021",6
45,"Close, Brad",5,2,4,9,1,0,0,3,0,3,0,3,1,0,0,4,4,1,0,0,0,0,75,97,"Geelong","2021",6
40,"Dahlhaus, Luke",7,2,8,15,0,1,0,3,0,2,0,2,1,0,0,4,10,0,1,1,0,2,78,97,"Geelong","2021",6
22,"Duncan, Mitch",20,13,6,26,4,1,0,2,3,3,4,2,2,0,2,7,20,0,3,1,0,0,84,97,"Geelong","2021",6
29,"Guthrie, Cameron",11,5,24,35,0,0,0,3,1,3,10,0,2,0,0,16,19,0,0,1,0,0,75,97,"Geelong","2021",6
26,"Hawkins, Tom",10,4,4,14,3,1,4,1,0,1,1,5,0,2,0,7,7,2,3,3,0,3,96,97,"Geelong","2021",6
25,"Henderson, Lachie",13,11,6,19,2,0,0,0,3,1,0,1,2,0,3,5,14,1,1,5,0,0,100,97,"Geelong","2021",6
38,"Henry, Jack",15,10,4,19,1,0,2,2,1,3,0,0,0,0,1,8,11,4,0,2,0,0,84,97,"Geelong","2021",6
0,"Kolodjashnij, Jake",3,1,6,9,0,0,0,1,1,1,0,5,1,3,0,2,9,0,0,7,1,0,63,97,"Geelong","2021",6
27,"Menegola, Sam",11,3,9,20,1,0,0,2,0,3,3,1,1,0,0,7,13,0,0,2,0,0,84,97,"Geelong","2021",6
32,"Miers, Gryan",11,5,6,17,1,2,0,1,1,3,1,2,2,0,0,7,10,0,0,2,0,0,85,97,"Geelong","2021",6
42,"OConnor, Mark",11,4,4,15,1,0,0,7,2,1,2,1,1,0,0,5,11,0,1,3,0,0,71,97,"Geelong","2021",6
3,"Parfitt, Brandan",8,0,8,16,0,0,0,4,1,4,2,4,1,3,0,8,10,0,0,1,0,0,65,97,"Geelong","2021",6
23,"Rohan, Gary",10,6,3,13,3,1,0,1,0,3,0,1,1,0,0,5,7,3,3,2,0,0,84,97,"Geelong","2021",6
14,"Selwood, Joel",13,4,16,29,0,0,0,2,1,4,6,2,2,0,0,13,18,1,0,4,0,2,77,97,"Geelong","2021",6
7,"Smith, Isaac",16,7,7,23,0,0,0,6,6,5,2,8,0,1,0,3,20,0,0,1,3,0,82,97,"Geelong","2021",6
1,"Stanley, Rhys",9,4,6,15,1,0,22,3,0,2,4,1,2,0,0,6,8,1,1,5,0,0,83,97,"Geelong","2021",6
44,"Stewart, Tom",18,8,9,27,0,0,0,2,4,1,2,3,3,2,0,10,16,0,0,5,0,1,86,97,"Geelong","2021",6
2,"Tuohy, Zach",6,2,5,11,0,0,0,4,3,1,2,1,0,0,0,2,5,0,0,0,1,0,76,97,"Geelong","2021",6
0,"Ainsworth, Brayden",0,1,4,4,0,0,0,0,0,0,1,0,0,0,0,3,3,0,0,1,0,0,48,-97,"West Coast","2021",6
12,"Allen, Oscar",8,3,0,8,2,2,0,3,0,3,1,2,1,1,0,6,2,3,2,1,0,1,85,-97,"West Coast","2021",6
37,"Barrass, Tom",5,3,4,9,0,0,0,0,2,1,0,2,1,1,0,1,8,0,0,6,1,0,89,-97,"West Coast","2021",6
10,"Brander, Jarrod",6,1,6,12,1,0,0,0,3,2,2,0,0,0,0,3,9,0,0,2,0,0,81,-97,"West Coast","2021",6
28,"Cole, Tom",7,4,2,9,0,0,0,2,1,1,0,1,0,1,0,1,6,0,0,4,0,0,87,-97,"West Coast","2021",6
15,"Cripps, Jamie",7,1,3,10,0,2,0,5,0,2,2,3,2,2,0,8,4,0,0,1,0,0,77,-97,"West Coast","2021",6
27,"Darling, Jack",9,8,3,12,1,2,2,4,0,1,0,1,1,0,0,6,6,4,3,0,0,1,100,-97,"West Coast","2021",6
14,"Duggan, Liam",6,3,4,10,0,0,0,2,2,0,1,4,0,1,0,6,4,0,0,1,0,0,88,-97,"West Coast","2021",6
3,"Gaff, Andrew",18,7,9,27,0,0,0,2,1,4,7,5,1,3,0,9,18,0,0,0,0,0,84,-97,"West Coast","2021",6
31,"Jones, Jamaine",4,2,2,6,0,0,0,5,1,1,1,1,1,1,0,6,3,0,0,2,0,0,75,-97,"West Coast","2021",6
11,"Kelly, Tim",8,1,8,16,0,0,0,3,1,2,2,1,0,1,0,7,9,0,0,1,0,1,83,-97,"West Coast","2021",6
7,"Langdon, Zac",6,4,3,9,0,0,0,2,1,1,0,4,1,2,0,6,5,0,2,2,0,0,76,-97,"West Coast","2021",6
0,"McGovern, Jeremy",5,4,2,7,0,0,0,0,3,0,0,0,1,0,0,4,3,1,0,3,0,0,30,-97,"West Coast","2021",6
9,"Naitanui, Nic",10,0,3,13,0,0,25,3,1,4,7,3,0,1,0,12,0,0,0,2,0,0,62,-97,"West Coast","2021",6
30,"Nelson, Jackson",9,2,4,13,0,0,0,0,4,0,2,3,0,1,0,4,6,0,0,0,0,0,89,-97,"West Coast","2021",6
24,"ONeill, Xavier",8,2,6,14,0,0,0,2,1,4,4,4,2,1,0,8,7,0,0,2,0,0,71,-97,"West Coast","2021",6
8,"Redden, Jack",9,1,11,20,0,0,0,5,2,5,3,2,1,2,0,10,12,0,0,5,0,0,84,-97,"West Coast","2021",6
35,"Rotham, Josh",6,0,2,8,0,0,0,0,3,0,0,5,0,3,0,1,6,0,0,4,0,0,86,-97,"West Coast","2021",6
4,"Sheed, Dom",9,3,5,14,0,1,0,4,0,4,2,6,2,5,0,8,6,0,0,3,1,0,82,-97,"West Coast","2021",6
5,"Sheppard, Brad",8,2,5,13,0,0,0,2,1,0,0,2,0,0,0,4,9,0,0,2,0,0,91,-97,"West Coast","2021",6
19,"Vardy, Nathan",3,2,1,4,1,0,18,3,1,1,0,2,1,1,0,3,1,1,1,2,0,0,72,-97,"West Coast","2021",6
2,"Waterman, Jake",4,2,2,6,0,0,0,4,0,0,0,2,0,2,0,2,4,0,0,0,0,0,81,-97,"West Coast","2021",6
23,"Witherden, Alex",15,8,3,18,0,0,0,0,5,2,0,3,0,0,0,2,11,0,0,1,0,0,78,-97,"West Coast","2021",6
