"Number","Player","Kicks","Marks","Handballs","Disposals","Goals","Behinds","Hitouts","Tackles","Rebounds50s","Inside50s","Clearances","Clangers","FreesFor","FreesAgainst","BrownlowVotes","ContestedPossessions","UncontestedPossessions","ContestedMarks","MarksInside50","OnePercenters","Bounces","GoalAssists","PercentagePlayed","PointDifference","Team","Season","Round"
24,"Adams, Marcus",12,5,3,15,0,0,0,2,3,0,0,1,0,0,0,5,7,0,0,3,0,0,89,24,"Brisbane Lions","2021",8
4,"Ah Chee, Callum",4,3,8,12,1,0,0,0,0,0,0,2,0,0,0,9,3,2,1,0,0,0,86,24,"Brisbane Lions","2021",8
31,"Andrews, Harris",13,10,4,17,0,0,0,1,5,2,1,0,0,0,0,3,13,2,0,3,0,0,96,24,"Brisbane Lions","2021",8
33,"Bailey, Zac",14,7,12,26,0,1,0,1,2,3,4,4,0,1,0,7,19,0,2,1,0,1,78,24,"Brisbane Lions","2021",8
14,"Birchall, Grant",14,9,7,21,0,0,0,0,4,0,0,1,0,0,0,3,15,0,0,1,0,0,81,24,"Brisbane Lions","2021",8
23,"Cameron, Charlie",12,11,2,14,3,5,0,1,0,0,0,2,0,0,0,1,13,0,8,0,0,0,87,24,"Brisbane Lions","2021",8
18,"Coleman, Keidean",0,0,0,0,0,0,0,0,0,0,0,0,0,0,0,0,0,0,0,0,0,0,0,24,"Brisbane Lions","2021",8
3,"Daniher, Joe",13,7,3,16,2,0,3,1,3,5,1,2,1,0,0,6,10,3,2,4,0,0,91,24,"Brisbane Lions","2021",8
27,"Gardiner, Darcy",9,5,3,12,0,0,0,1,2,0,0,2,2,1,0,6,7,1,0,8,0,0,85,24,"Brisbane Lions","2021",8
30,"Hipwood, Eric",7,3,2,9,1,1,0,0,0,2,0,3,2,1,0,5,4,2,2,2,0,1,90,24,"Brisbane Lions","2021",8
35,"Lester, Ryan",6,4,5,11,0,0,0,1,2,0,0,1,0,0,0,5,7,1,0,3,0,0,87,24,"Brisbane Lions","2021",8
17,"Lyons, Jarryd",21,9,8,29,1,0,0,2,2,9,6,1,1,0,2,11,18,1,1,1,0,1,84,24,"Brisbane Lions","2021",8
36,"Mathieson, Rhys",11,1,7,18,1,0,0,3,1,1,5,4,0,1,0,13,7,1,0,0,0,0,74,24,"Brisbane Lions","2021",8
11,"McCarthy, Lincoln",7,1,3,10,1,1,0,2,0,3,0,2,0,2,0,4,5,0,1,1,1,2,81,24,"Brisbane Lions","2021",8
6,"McCluggage, Hugh",17,6,10,27,1,0,0,5,0,8,1,4,1,2,1,8,19,0,0,0,0,2,79,24,"Brisbane Lions","2021",8
46,"McInerney, Oscar",4,4,4,8,1,0,15,3,1,1,2,3,3,0,0,5,4,0,1,2,0,0,77,24,"Brisbane Lions","2021",8
25,"McStay, Daniel",5,5,3,8,1,0,0,2,0,2,0,0,1,0,0,5,4,2,1,1,0,1,71,24,"Brisbane Lions","2021",8
20,"Prior, Jaxon",9,5,1,10,1,0,0,3,1,2,2,0,0,0,0,4,6,1,2,1,0,0,72,24,"Brisbane Lions","2021",8
10,"Rich, Daniel",28,10,3,31,0,1,0,3,7,4,1,3,1,1,3,6,21,1,0,2,0,0,83,24,"Brisbane Lions","2021",8
2,"Robertson, Deven",3,2,6,9,0,0,0,3,0,0,0,1,0,1,0,2,6,0,0,3,0,0,66,24,"Brisbane Lions","2021",8
5,"Robinson, Mitch",15,3,9,24,0,0,0,2,5,2,5,6,3,0,0,12,11,0,0,1,0,0,81,24,"Brisbane Lions","2021",8
37,"Starcevich, Brandon",7,6,5,12,0,0,0,3,1,0,1,0,0,0,0,4,9,1,0,1,0,1,80,24,"Brisbane Lions","2021",8
15,"Zorko, Dayne",12,3,9,21,0,1,0,5,1,5,5,1,1,1,0,11,10,0,1,1,0,3,83,24,"Brisbane Lions","2021",8
9,"Acres, Blake",9,3,4,13,0,0,0,0,3,2,0,0,1,0,0,3,7,0,0,1,0,0,74,-24,"Fremantle","2021",8
11,"Aish, James",13,4,8,21,0,1,0,4,0,3,2,5,1,0,0,6,15,0,0,2,0,0,78,-24,"Fremantle","2021",8
0,"Blakely, Connor",2,1,14,16,0,0,0,2,0,1,4,0,0,0,0,8,8,0,0,1,0,1,53,-24,"Fremantle","2021",8
8,"Brayshaw, Andrew",10,2,18,28,0,1,0,4,1,7,1,6,0,2,0,7,20,0,0,1,4,0,76,-24,"Fremantle","2021",8
33,"Colyer, Travis",8,1,7,15,0,0,0,4,0,3,2,2,0,1,0,6,10,0,0,0,2,1,89,-24,"Fremantle","2021",8
6,"Conca, Reece",5,2,5,10,0,0,0,2,1,1,0,0,2,0,0,4,7,0,0,2,2,0,70,-24,"Fremantle","2021",8
36,"Cox, Brennan",9,4,1,10,0,0,0,1,3,1,0,3,0,2,0,2,8,0,0,9,1,1,100,-24,"Fremantle","2021",8
12,"Crowden, Mitch",5,1,7,12,0,0,0,2,0,5,1,0,2,0,0,4,8,0,0,0,0,3,73,-24,"Fremantle","2021",8
4,"Darcy, Sean",9,4,8,17,1,0,39,3,1,4,5,5,0,4,0,10,8,1,1,1,0,0,80,-24,"Fremantle","2021",8
44,"Duman, Taylin",7,3,8,15,0,0,0,2,2,1,0,4,0,1,0,3,11,0,0,2,0,0,84,-24,"Fremantle","2021",8
0,"Frederick, Michael",1,1,0,1,0,1,0,0,0,0,0,0,0,0,0,0,1,0,1,0,0,0,11,-24,"Fremantle","2021",8
7,"Fyfe, Nat",9,5,18,27,1,3,0,5,1,3,8,4,2,2,0,18,9,2,3,1,1,0,89,-24,"Fremantle","2021",8
23,"Henry, Liam",5,2,4,9,1,1,0,1,0,2,0,0,0,0,0,4,6,1,1,1,0,0,69,-24,"Fremantle","2021",8
37,"Lobb, Rory",8,8,9,17,1,1,13,1,1,3,1,4,1,0,0,8,11,1,3,1,0,1,97,-24,"Fremantle","2021",8
2,"Logue, Griffin",7,4,3,10,0,0,0,2,0,1,0,0,1,0,0,2,7,0,0,3,0,0,93,-24,"Fremantle","2021",8
16,"Mundy, David",12,4,15,27,1,0,0,2,1,6,3,2,0,0,0,9,21,0,1,1,0,1,81,-24,"Fremantle","2021",8
28,"Schultz, Lachie",5,2,5,10,0,0,0,1,0,0,0,4,0,1,0,4,5,0,1,4,0,0,79,-24,"Fremantle","2021",8
3,"Serong, Caleb",12,3,7,19,2,0,0,1,3,4,5,3,0,0,0,6,13,0,2,1,0,0,72,-24,"Fremantle","2021",8
20,"Taberner, Matthew",8,6,1,9,2,1,0,1,1,1,0,5,1,2,0,4,6,2,3,2,0,0,97,-24,"Fremantle","2021",8
18,"Tucker, Darcy",12,3,6,18,0,0,0,0,3,2,0,2,0,0,0,3,13,0,0,3,0,0,87,-24,"Fremantle","2021",8
10,"Walters, Michael",6,5,2,8,1,0,0,1,0,1,1,0,0,0,0,2,7,0,1,2,1,1,84,-24,"Fremantle","2021",8
38,"Watson, Tobe",3,3,4,7,0,0,0,1,1,1,0,1,0,1,0,4,3,1,0,3,0,0,82,-24,"Fremantle","2021",8
14,"Wilson, Nathan",19,3,5,24,0,0,0,0,11,0,0,1,0,0,0,4,11,0,1,6,0,0,82,-24,"Fremantle","2021",8
