"Number","Player","Kicks","Marks","Handballs","Disposals","Goals","Behinds","Hitouts","Tackles","Rebounds50s","Inside50s","Clearances","Clangers","FreesFor","FreesAgainst","BrownlowVotes","ContestedPossessions","UncontestedPossessions","ContestedMarks","MarksInside50","OnePercenters","Bounces","GoalAssists","PercentagePlayed","PointDifference","Team","Season","Round"
22,"Blakey, Nick",4,3,6,10,0,0,0,2,0,1,1,2,0,0,0,2,6,0,0,0,0,1,78,33,"Sydney","2021",2
16,"Campbell, Braeden",21,6,4,25,0,1,0,2,8,3,0,1,1,1,0,4,18,0,0,1,1,0,79,33,"Sydney","2021",2
7,"Cunningham, Harry",10,7,5,15,0,0,0,1,3,1,0,3,0,1,0,4,12,0,0,0,0,0,83,33,"Sydney","2021",2
34,"Dawson, Jordan",17,5,6,23,0,1,0,2,8,5,0,0,0,0,0,4,12,0,0,5,0,1,84,33,"Sydney","2021",2
13,"Florent, Oliver",10,2,13,23,0,1,0,2,2,5,2,2,1,0,0,7,18,0,0,4,0,0,77,33,"Sydney","2021",2
23,"Franklin, Lance",7,2,2,9,3,2,0,0,0,3,0,1,1,1,0,4,6,0,2,0,0,0,74,33,"Sydney","2021",2
21,"Gulden, Errol",12,7,10,22,1,1,0,2,0,3,1,1,1,0,0,9,12,0,1,1,0,2,86,33,"Sydney","2021",2
5,"Heeney, Isaac",10,8,4,14,3,0,0,1,0,2,0,1,1,1,0,5,10,2,3,0,0,0,86,33,"Sydney","2021",2
29,"Hewett, George",11,6,7,18,0,0,0,1,3,0,0,1,0,1,0,5,13,1,0,0,0,1,89,33,"Sydney","2021",2
31,"Hickey, Tom",6,3,3,9,2,0,26,0,0,2,2,5,1,5,2,7,4,0,1,8,0,0,87,33,"Sydney","2021",2
12,"Kennedy, Josh",18,7,9,27,0,0,0,5,1,5,7,8,3,4,3,10,16,0,0,1,0,1,81,33,"Sydney","2021",2
19,"Ling, Matt",0,0,0,0,0,0,0,0,0,0,0,0,0,0,0,0,0,0,0,0,0,0,0,33,"Sydney","2021",2
44,"Lloyd, Jake",17,4,9,26,0,0,0,2,8,0,1,2,0,1,0,6,9,0,0,3,4,0,82,33,"Sydney","2021",2
30,"McCartin, Tom",14,6,4,18,0,0,0,2,6,0,0,0,0,0,0,5,13,1,0,7,0,0,91,33,"Sydney","2021",2
6,"McDonald, Logan",9,8,2,11,2,1,0,0,0,3,0,2,0,1,0,3,8,1,3,1,0,2,72,33,"Sydney","2021",2
27,"McInerney, Justin",13,5,7,20,1,0,0,0,1,5,3,1,3,1,0,7,15,1,1,2,0,1,66,33,"Sydney","2021",2
14,"Mills, Callum",7,5,12,19,0,0,0,7,0,4,3,2,0,1,0,7,14,0,0,4,1,0,84,33,"Sydney","2021",2
11,"Papley, Tom",8,3,3,11,1,2,0,5,0,3,0,5,0,2,0,5,6,0,2,1,0,1,85,33,"Sydney","2021",2
26,"Parker, Luke",16,4,7,23,1,1,0,7,0,6,4,5,1,4,0,10,12,0,0,1,0,1,78,33,"Sydney","2021",2
24,"Rampe, Dane",7,4,6,13,0,0,0,2,2,1,1,3,0,2,0,4,10,1,0,6,0,1,92,33,"Sydney","2021",2
20,"Reid, Sam",2,3,5,7,1,0,8,1,0,1,0,0,0,0,0,5,2,1,1,6,0,0,87,33,"Sydney","2021",2
1,"Warner, Chad",12,2,8,20,2,1,0,4,1,6,2,2,0,2,0,10,9,0,0,0,0,1,81,33,"Sydney","2021",2
45,"Wicks, Sam",8,4,5,13,1,0,0,7,1,2,1,1,1,1,0,5,7,0,1,0,0,1,79,33,"Sydney","2021",2
21,"Berry, Sam",5,1,2,7,0,4,0,10,0,0,2,0,1,0,0,5,2,0,1,1,0,0,64,-33,"Adelaide","2021",2
41,"Butts, Jordon",4,2,5,9,0,0,0,0,5,0,0,2,1,1,0,2,7,0,0,3,0,0,88,-33,"Adelaide","2021",2
39,"Doedee, Tom",12,3,9,21,0,0,0,4,9,1,0,3,1,2,0,8,10,1,0,5,0,0,93,-33,"Adelaide","2021",2
22,"Frampton, Billy",2,2,5,7,0,0,5,3,1,1,0,2,0,1,0,4,3,1,0,0,0,1,80,-33,"Adelaide","2021",2
17,"Hamill, Will",5,0,6,11,0,0,0,2,1,0,1,3,2,0,0,8,4,0,0,1,0,0,88,-33,"Adelaide","2021",2
1,"Jones, Chayce",0,0,0,0,0,0,0,0,0,0,0,0,0,0,0,0,0,0,0,0,0,0,0,-33,"Adelaide","2021",2
2,"Keays, Ben",19,2,9,28,1,0,0,2,1,11,8,4,2,1,0,10,13,0,0,1,0,0,83,-33,"Adelaide","2021",2
29,"Laird, Rory",15,2,15,30,0,2,0,4,1,6,10,3,4,2,0,14,15,0,0,0,0,2,77,-33,"Adelaide","2021",2
27,"Lynch, Tom",11,4,4,15,0,4,0,1,0,5,1,1,2,0,0,5,11,0,2,0,0,0,83,-33,"Adelaide","2021",2
14,"Mackay, David",10,2,4,14,0,0,0,1,2,3,0,2,0,2,0,2,10,0,1,2,0,0,83,-33,"Adelaide","2021",2
23,"McAdam, Shane",7,4,4,11,4,2,0,1,1,1,0,1,2,1,0,6,5,1,3,0,0,0,75,-33,"Adelaide","2021",2
25,"McHenry, Ned",7,3,6,13,0,1,0,1,2,1,0,3,0,0,0,3,11,0,1,0,0,0,84,-33,"Adelaide","2021",2
36,"McPherson, Andrew",3,2,3,6,0,0,0,1,3,1,0,0,1,0,0,2,3,0,0,2,0,0,81,-33,"Adelaide","2021",2
4,"Murphy, Lachlan",7,2,5,12,0,2,0,3,0,2,5,0,1,0,0,9,4,0,0,1,0,0,81,-33,"Adelaide","2021",2
28,"Murray, Nick",5,3,5,10,0,0,0,1,2,0,1,2,0,0,0,4,6,1,0,3,0,0,85,-33,"Adelaide","2021",2
43,"OBrien, Reilly",5,1,5,10,0,0,24,0,0,0,5,4,2,2,0,8,2,0,0,3,0,0,89,-33,"Adelaide","2021",2
31,"Rowe, James",4,3,4,8,0,0,0,2,0,2,0,2,0,0,0,3,5,0,0,0,0,1,79,-33,"Adelaide","2021",2
26,"Schoenberg, Harry",8,4,6,14,0,1,0,4,1,3,1,2,0,0,0,3,11,0,1,0,0,0,77,-33,"Adelaide","2021",2
11,"Seedsman, Paul",10,6,11,21,0,0,0,1,4,5,0,2,2,1,0,1,20,0,0,3,1,0,81,-33,"Adelaide","2021",2
38,"Sholl, Lachlan",9,2,7,16,0,0,0,0,2,5,0,2,0,0,0,6,10,0,0,0,0,0,89,-33,"Adelaide","2021",2
9,"Sloane, Rory",12,3,9,21,0,0,0,5,2,6,6,2,4,0,0,11,9,0,0,3,0,1,78,-33,"Adelaide","2021",2
33,"Smith, Brodie",11,2,5,16,0,0,0,0,6,0,1,1,0,0,0,0,11,0,0,3,2,0,80,-33,"Adelaide","2021",2
13,"Walker, Taylor",13,6,2,15,6,3,3,4,0,2,0,1,4,1,1,10,6,1,3,2,0,1,84,-33,"Adelaide","2021",2
