"Number","Player","Kicks","Marks","Handballs","Disposals","Goals","Behinds","Hitouts","Tackles","Rebounds50s","Inside50s","Clearances","Clangers","FreesFor","FreesAgainst","BrownlowVotes","ContestedPossessions","UncontestedPossessions","ContestedMarks","MarksInside50","OnePercenters","Bounces","GoalAssists","PercentagePlayed","PointDifference","Team","Season","Round"
33,"Baker, Oskar",0,0,0,0,0,0,0,0,0,0,0,0,0,0,0,0,0,0,0,0,0,0,0,22,"Melbourne","2021",12
10,"Brayshaw, Angus",13,6,6,19,0,1,0,1,4,0,1,5,0,1,0,6,15,0,0,2,0,0,91,22,"Melbourne","2021",12
31,"Fritsch, Bayley",6,5,0,6,2,0,0,2,0,2,0,0,0,0,0,1,4,1,2,1,0,0,80,22,"Melbourne","2021",12
11,"Gawn, Max",13,3,4,17,1,0,31,4,2,3,4,3,2,1,2,11,6,2,0,6,0,1,93,22,"Melbourne","2021",12
4,"Harmes, James",6,2,17,23,0,0,0,3,0,3,7,5,1,3,0,12,11,0,0,2,0,1,89,22,"Melbourne","2021",12
14,"Hibberd, Michael",5,2,5,10,0,0,0,2,3,0,2,4,2,3,0,7,5,0,0,5,0,0,84,22,"Melbourne","2021",12
29,"Hunt, Jayden",8,3,2,10,0,0,0,2,1,3,1,2,1,1,0,2,7,0,0,2,0,0,73,22,"Melbourne","2021",12
6,"Jackson, Luke",5,2,7,12,1,1,5,1,2,1,1,3,2,2,0,9,4,2,1,0,0,0,59,22,"Melbourne","2021",12
23,"Jordon, James",11,3,9,20,0,0,0,0,2,2,2,0,0,0,0,6,13,0,0,1,1,0,86,22,"Melbourne","2021",12
8,"Lever, Jake",3,2,6,9,0,0,0,1,4,0,0,3,0,1,0,3,6,1,0,5,0,0,100,22,"Melbourne","2021",12
1,"May, Steven",14,7,1,15,0,0,0,3,7,1,0,2,1,0,0,6,4,3,0,6,0,0,100,22,"Melbourne","2021",12
25,"McDonald, Tom",10,5,2,12,3,2,1,3,0,2,0,1,1,0,0,6,8,3,2,4,0,0,86,22,"Melbourne","2021",12
18,"Melksham, Jake",1,2,4,5,0,0,0,2,0,0,0,0,0,0,0,2,4,0,0,1,0,0,57,22,"Melbourne","2021",12
30,"Neal-Bullen, Alex",9,2,6,15,1,0,0,6,0,6,1,3,0,1,0,4,11,0,0,2,1,0,72,22,"Melbourne","2021",12
13,"Oliver, Clayton",12,4,13,25,0,1,0,5,1,7,7,6,0,3,0,13,12,0,1,0,0,1,93,22,"Melbourne","2021",12
5,"Petracca, Christian",17,4,9,26,2,1,0,6,2,7,9,4,4,1,3,16,12,0,0,1,1,0,90,22,"Melbourne","2021",12
35,"Petty, Harry",6,4,5,11,0,0,0,3,2,1,0,7,2,4,0,8,4,1,0,3,0,0,88,22,"Melbourne","2021",12
36,"Pickett, Kysaiah",8,3,1,9,3,3,0,3,0,3,0,2,0,1,0,5,4,0,3,0,0,0,80,22,"Melbourne","2021",12
24,"Rivers, Trent",10,5,5,15,0,0,0,0,2,2,0,1,0,1,0,5,10,2,0,2,2,0,71,22,"Melbourne","2021",12
3,"Salem, Christian",11,4,3,14,0,1,0,3,4,1,1,2,1,2,0,2,12,0,0,5,1,0,84,22,"Melbourne","2021",12
9,"Spargo, Charlie",13,4,1,14,0,1,0,2,0,6,1,1,2,1,0,4,11,0,0,1,1,2,84,22,"Melbourne","2021",12
32,"Sparrow, Tom",8,4,11,19,1,0,0,5,2,4,0,3,1,2,0,4,14,0,0,1,0,0,58,22,"Melbourne","2021",12
26,"Weideman, Sam",3,3,5,8,0,1,0,2,0,0,0,2,0,0,0,6,2,1,3,0,0,1,82,22,"Melbourne","2021",12
24,"Adams, Marcus",6,6,3,9,0,0,0,0,4,0,0,1,0,1,0,5,5,2,0,5,0,0,94,-22,"Brisbane Lions","2021",12
4,"Ah Chee, Callum",6,1,5,11,0,0,0,2,1,1,0,1,0,0,0,6,4,0,0,5,0,0,79,-22,"Brisbane Lions","2021",12
31,"Andrews, Harris",14,14,7,21,0,0,0,0,6,0,0,1,0,0,0,4,17,2,0,7,0,0,100,-22,"Brisbane Lions","2021",12
33,"Bailey, Zac",16,5,3,19,4,0,0,1,2,6,1,2,2,0,1,5,13,0,0,0,0,0,83,-22,"Brisbane Lions","2021",12
14,"Birchall, Grant",16,10,2,18,0,0,0,2,6,0,0,3,0,0,0,1,13,0,0,1,0,0,78,-22,"Brisbane Lions","2021",12
23,"Cameron, Charlie",8,3,2,10,2,0,0,4,0,4,2,4,2,1,0,7,4,1,0,0,0,0,85,-22,"Brisbane Lions","2021",12
18,"Coleman, Keidean",4,1,6,10,1,0,0,2,0,0,0,1,2,1,0,4,6,0,0,1,0,1,82,-22,"Brisbane Lions","2021",12
3,"Daniher, Joe",10,5,7,17,1,0,2,3,0,4,2,3,1,2,0,8,7,1,2,0,0,0,90,-22,"Brisbane Lions","2021",12
30,"Hipwood, Eric",9,6,4,13,1,4,0,3,0,1,0,3,3,2,0,6,8,2,3,3,0,0,85,-22,"Brisbane Lions","2021",12
0,"Lester, Ryan",7,6,4,11,0,0,0,2,2,1,0,2,0,2,0,1,10,0,0,2,0,0,75,-22,"Brisbane Lions","2021",12
17,"Lyons, Jarryd",18,1,10,28,0,0,0,8,1,6,6,5,4,1,0,18,10,0,0,1,0,0,73,-22,"Brisbane Lions","2021",12
0,"Mathieson, Rhys",4,1,0,4,0,0,0,0,0,0,1,0,0,0,0,2,2,0,0,0,0,0,5,-22,"Brisbane Lions","2021",12
11,"McCarthy, Lincoln",9,4,2,11,1,1,0,2,0,2,0,2,2,1,0,2,9,0,2,2,0,0,77,-22,"Brisbane Lions","2021",12
6,"McCluggage, Hugh",16,7,7,23,0,0,0,3,3,3,2,3,1,1,0,7,15,1,1,0,0,0,84,-22,"Brisbane Lions","2021",12
46,"McInerney, Oscar",4,2,4,8,0,1,18,0,0,1,4,4,1,2,0,8,1,2,1,4,0,0,82,-22,"Brisbane Lions","2021",12
25,"McStay, Daniel",4,2,3,7,0,0,0,0,0,3,0,0,1,0,0,3,4,1,0,1,0,1,81,-22,"Brisbane Lions","2021",12
9,"Neale, Lachie",11,3,14,25,0,0,0,1,0,3,9,3,3,2,0,14,12,0,0,1,0,0,82,-22,"Brisbane Lions","2021",12
20,"Prior, Jaxon",10,4,4,14,0,0,0,2,3,2,1,0,0,0,0,2,11,0,0,1,0,1,70,-22,"Brisbane Lions","2021",12
10,"Rich, Daniel",21,4,5,26,0,0,0,1,3,2,1,1,1,0,0,6,12,0,0,2,0,0,81,-22,"Brisbane Lions","2021",12
2,"Robertson, Deven",8,5,4,12,0,0,0,8,3,1,1,1,2,0,0,6,6,1,0,1,0,0,72,-22,"Brisbane Lions","2021",12
5,"Robinson, Mitch",8,4,5,13,0,0,0,4,3,3,1,2,0,2,0,4,7,0,0,1,0,0,75,-22,"Brisbane Lions","2021",12
37,"Starcevich, Brandon",11,5,3,14,0,0,0,2,1,2,0,1,1,0,0,5,9,0,0,2,1,0,86,-22,"Brisbane Lions","2021",12
15,"Zorko, Dayne",13,6,9,22,1,1,0,10,2,4,4,4,2,2,0,9,12,0,1,2,1,1,82,-22,"Brisbane Lions","2021",12
