"Number","Player","Kicks","Marks","Handballs","Disposals","Goals","Behinds","Hitouts","Tackles","Rebounds50s","Inside50s","Clearances","Clangers","FreesFor","FreesAgainst","BrownlowVotes","ContestedPossessions","UncontestedPossessions","ContestedMarks","MarksInside50","OnePercenters","Bounces","GoalAssists","PercentagePlayed","PointDifference","Team","Season","Round"
19,"Betts, Eddie",9,2,0,9,3,0,0,0,0,1,0,1,1,1,0,2,6,0,2,1,0,1,74,10,"Carlton","2021",15
9,"Cripps, Patrick",6,1,14,20,1,0,0,4,0,2,4,4,1,4,0,6,14,0,0,0,0,0,85,10,"Carlton","2021",15
35,"Curnow, Ed",12,5,10,22,0,0,0,1,2,2,1,2,0,2,0,10,13,0,0,0,0,1,83,10,"Carlton","2021",15
12,"De Koning, Tom",4,1,2,6,0,0,27,3,0,1,1,1,0,1,0,2,4,1,0,0,0,1,82,10,"Carlton","2021",15
15,"Docherty, Sam",13,9,3,16,0,0,0,1,2,1,0,2,1,1,0,3,13,0,0,0,0,0,87,10,"Carlton","2021",15
2,"Dow, Paddy",9,4,11,20,1,0,0,3,0,4,2,2,1,1,0,7,13,0,1,0,2,1,76,10,"Carlton","2021",15
8,"Fogarty, Lachie",7,5,7,14,0,2,0,1,0,2,0,2,0,1,0,5,9,0,1,1,0,0,71,10,"Carlton","2021",15
14,"Jones, Liam",10,8,1,11,0,0,0,1,2,4,0,3,1,1,1,7,5,3,0,12,0,0,91,10,"Carlton","2021",15
7,"Kennedy, Matthew",12,7,12,24,0,0,0,3,1,4,4,4,0,0,0,9,13,1,0,2,0,0,76,10,"Carlton","2021",15
21,"Martin, Jack",10,6,3,13,2,2,0,0,0,1,0,1,0,0,0,3,9,1,5,2,0,1,81,10,"Carlton","2021",15
10,"McKay, Harry",8,6,0,8,2,2,0,0,1,2,0,2,1,1,0,6,4,2,3,1,0,1,91,10,"Carlton","2021",15
0,"Murphy, Marc",1,0,1,2,0,0,0,0,0,0,0,1,0,0,0,0,3,0,0,0,0,0,11,10,"Carlton","2021",15
0,"Newman, Nic",15,11,6,21,0,0,0,5,2,2,2,2,1,0,0,5,14,0,0,2,0,0,65,10,"Carlton","2021",15
32,"Newnes, Jack",11,5,5,16,0,0,0,4,2,3,1,4,2,2,0,5,12,0,0,3,3,1,82,10,"Carlton","2021",15
44,"Owies, Matthew",9,8,8,17,1,3,0,1,2,2,2,1,0,0,0,8,11,0,4,3,0,0,77,10,"Carlton","2021",15
5,"Petrevski-Seton, Sam",8,3,6,14,0,1,0,5,0,1,0,3,1,1,0,6,9,0,1,3,0,0,79,10,"Carlton","2021",15
20,"Plowman, Lachie",14,7,3,17,0,0,0,1,3,1,0,3,2,1,0,6,11,0,0,6,0,0,86,10,"Carlton","2021",15
42,"Saad, Adam",13,1,6,19,1,0,0,2,5,3,1,2,0,0,0,7,11,0,0,3,5,0,80,10,"Carlton","2021",15
1,"Silvagni, Jack",3,5,5,8,0,1,1,3,0,1,0,1,0,1,0,1,8,0,1,2,0,0,75,10,"Carlton","2021",15
13,"Stocker, Liam",11,7,6,17,0,0,0,1,4,1,0,2,1,1,0,4,13,0,0,1,0,0,84,10,"Carlton","2021",15
18,"Walsh, Sam",19,7,19,38,0,0,0,4,1,9,2,6,0,3,3,10,28,0,1,0,2,1,92,10,"Carlton","2021",15
23,"Weitering, Jacob",18,16,4,22,0,0,2,0,8,2,0,1,0,0,0,8,15,2,0,11,0,0,91,10,"Carlton","2021",15
6,"Williams, Zac",22,4,4,26,1,0,0,2,6,5,2,4,1,0,0,10,13,1,0,1,0,1,82,10,"Carlton","2021",15
21,"Berry, Sam",1,0,6,7,0,0,0,3,0,1,0,1,0,0,0,2,5,0,0,0,0,0,77,-10,"Adelaide","2021",15
16,"Brown, Luke",11,4,4,15,0,0,0,1,7,0,0,1,2,0,0,4,10,0,0,4,0,0,86,-10,"Adelaide","2021",15
41,"Butts, Jordon",5,4,0,5,0,0,0,0,3,0,0,2,1,2,0,0,6,0,0,5,0,0,89,-10,"Adelaide","2021",15
39,"Doedee, Tom",4,4,5,9,0,0,0,1,1,2,1,0,0,0,0,4,5,1,0,5,0,1,90,-10,"Adelaide","2021",15
32,"Fogarty, Darcy",3,1,0,3,2,0,0,1,0,0,0,5,2,3,0,2,1,0,1,1,0,0,72,-10,"Adelaide","2021",15
17,"Hamill, Will",4,2,3,7,0,0,0,3,1,1,1,0,0,0,0,2,5,0,0,0,0,0,71,-10,"Adelaide","2021",15
1,"Jones, Chayce",9,7,6,15,0,0,0,3,4,4,0,2,0,1,0,3,12,0,0,0,0,0,77,-10,"Adelaide","2021",15
2,"Keays, Ben",17,4,13,30,1,2,0,4,3,5,7,3,2,0,2,17,15,0,1,2,0,2,90,-10,"Adelaide","2021",15
8,"Kelly, Jake",16,7,4,20,0,0,0,0,4,0,0,1,2,0,0,6,12,0,0,1,0,0,84,-10,"Adelaide","2021",15
29,"Laird, Rory",20,4,13,33,0,0,0,4,4,5,8,8,4,1,0,16,17,0,0,1,0,0,82,-10,"Adelaide","2021",15
14,"Mackay, David",7,5,7,14,0,0,0,3,1,3,1,1,1,1,0,2,10,0,0,0,0,0,81,-10,"Adelaide","2021",15
23,"McAdam, Shane",5,4,3,8,0,0,0,1,0,2,1,3,0,1,0,2,6,0,1,0,0,0,75,-10,"Adelaide","2021",15
25,"McHenry, Ned",8,4,3,11,1,1,0,2,0,1,1,4,2,3,0,6,6,1,1,1,0,0,94,-10,"Adelaide","2021",15
36,"McPherson, Andrew",0,0,0,0,0,0,0,0,0,0,0,0,0,0,0,0,0,0,0,0,0,0,0,-10,"Adelaide","2021",15
43,"OBrien, Reilly",7,4,6,13,0,0,27,5,1,2,5,1,1,0,0,7,4,0,1,4,0,0,93,-10,"Adelaide","2021",15
31,"Rowe, James",6,2,7,13,1,0,0,5,0,4,0,0,1,0,0,4,9,0,0,0,0,1,86,-10,"Adelaide","2021",15
26,"Schoenberg, Harry",7,0,6,13,0,1,0,3,0,3,3,2,0,0,0,4,9,0,0,0,0,1,69,-10,"Adelaide","2021",15
11,"Seedsman, Paul",17,3,7,24,2,0,0,0,1,8,1,1,2,1,0,8,17,0,0,1,1,2,77,-10,"Adelaide","2021",15
38,"Sholl, Lachlan",10,6,4,14,0,1,0,1,0,1,3,1,1,0,0,3,11,0,1,1,1,0,76,-10,"Adelaide","2021",15
9,"Sloane, Rory",6,2,17,23,0,0,0,4,2,1,3,4,0,1,0,9,14,0,0,3,0,0,84,-10,"Adelaide","2021",15
33,"Smith, Brodie",19,8,4,23,0,0,0,3,10,3,3,1,0,0,0,2,15,0,0,3,0,0,77,-10,"Adelaide","2021",15
7,"Thilthorpe, Riley",7,3,5,12,0,0,1,2,0,2,0,2,0,0,0,5,7,0,0,2,0,1,79,-10,"Adelaide","2021",15
13,"Walker, Taylor",10,5,4,14,3,4,6,3,0,2,0,4,1,0,0,9,6,1,4,5,0,0,89,-10,"Adelaide","2021",15
