"Number","Player","Kicks","Marks","Handballs","Disposals","Goals","Behinds","Hitouts","Tackles","Rebounds50s","Inside50s","Clearances","Clangers","FreesFor","FreesAgainst","BrownlowVotes","ContestedPossessions","UncontestedPossessions","ContestedMarks","MarksInside50","OnePercenters","Bounces","GoalAssists","PercentagePlayed","PointDifference","Team","Season","Round"
10,"Brayshaw, Angus",11,5,8,19,0,0,0,2,3,4,0,3,1,1,0,8,11,0,0,1,0,0,81,25,"Melbourne","2021",4
31,"Fritsch, Bayley",12,8,2,14,4,1,0,1,0,3,0,4,0,1,0,5,10,2,4,2,0,2,94,25,"Melbourne","2021",4
11,"Gawn, Max",16,6,7,23,1,0,41,4,4,4,6,7,1,4,1,10,12,0,0,2,0,0,93,25,"Melbourne","2021",4
29,"Hunt, Jayden",12,2,2,14,0,0,0,5,4,3,1,0,2,0,0,7,6,1,0,2,1,0,84,25,"Melbourne","2021",4
6,"Jackson, Luke",4,2,6,10,0,0,12,1,0,1,4,1,1,1,0,9,2,2,0,2,0,0,93,25,"Melbourne","2021",4
39,"Jetta, Neville",3,2,2,5,0,0,0,2,1,0,1,4,2,2,0,4,2,0,0,0,0,0,75,25,"Melbourne","2021",4
2,"Jones, Nathan",9,5,1,10,1,0,0,2,0,2,1,2,1,1,0,2,7,1,1,1,0,0,72,25,"Melbourne","2021",4
23,"Jordon, James",1,0,3,4,0,0,0,5,0,0,0,0,0,0,0,0,4,0,0,0,0,0,56,25,"Melbourne","2021",4
15,"Langdon, Ed",16,3,10,26,1,0,0,3,2,2,1,4,2,2,0,9,17,0,0,2,0,0,91,25,"Melbourne","2021",4
8,"Lever, Jake",11,4,4,15,0,0,0,5,5,0,0,1,0,0,0,9,5,2,0,10,0,0,100,25,"Melbourne","2021",4
0,"May, Steven",4,1,1,5,0,0,0,1,3,0,1,3,0,0,0,1,4,0,0,2,0,0,26,25,"Melbourne","2021",4
25,"McDonald, Tom",11,9,10,21,0,0,1,3,0,6,0,4,0,1,0,9,11,2,0,1,0,1,89,25,"Melbourne","2021",4
18,"Melksham, Jake",7,1,4,11,1,1,0,2,0,3,1,0,1,0,0,6,6,0,1,4,0,0,75,25,"Melbourne","2021",4
30,"Neal-Bullen, Alex",10,3,3,13,1,0,0,4,0,5,0,1,0,0,0,7,8,0,0,1,0,0,68,25,"Melbourne","2021",4
13,"Oliver, Clayton",19,7,15,34,0,0,0,6,3,9,6,4,2,2,0,14,18,0,0,2,0,1,88,25,"Melbourne","2021",4
5,"Petracca, Christian",24,7,12,36,2,1,0,2,0,8,9,5,1,1,3,15,19,0,1,2,0,1,84,25,"Melbourne","2021",4
36,"Pickett, Kysaiah",9,0,8,17,1,2,0,7,1,3,2,3,1,0,0,10,5,0,0,3,0,2,73,25,"Melbourne","2021",4
24,"Rivers, Trent",8,2,3,11,0,0,0,1,3,1,1,1,0,0,0,4,7,0,0,1,0,0,67,25,"Melbourne","2021",4
3,"Salem, Christian",19,5,4,23,0,0,0,3,8,2,0,5,0,3,0,7,11,2,0,1,1,0,87,25,"Melbourne","2021",4
9,"Spargo, Charlie",10,2,5,15,0,3,0,6,0,0,0,1,3,0,0,8,6,0,1,0,0,1,82,25,"Melbourne","2021",4
0,"Sparrow, Tom",4,1,5,9,0,0,0,5,2,1,3,1,1,1,0,4,5,0,0,2,0,0,39,25,"Melbourne","2021",4
20,"Tomlinson, Adam",4,0,4,8,0,0,0,0,1,0,0,3,1,1,0,3,5,0,0,6,0,0,100,25,"Melbourne","2021",4
7,"Viney, Jack",13,3,11,24,0,2,0,12,1,5,8,2,3,0,2,16,8,0,1,2,0,0,82,25,"Melbourne","2021",4
30,"Atkins, Tom",13,5,12,25,0,0,0,4,2,2,3,4,0,2,0,10,18,0,0,2,0,0,82,-25,"Geelong","2021",4
24,"Bews, Jed",5,3,6,11,0,0,0,4,3,0,0,3,1,0,0,8,3,1,0,2,0,0,84,-25,"Geelong","2021",4
46,"Blicavs, Mark",4,1,5,9,0,0,14,6,1,1,1,1,1,0,0,3,6,0,0,9,0,0,87,-25,"Geelong","2021",4
6,"Clark, Jordan",6,5,4,10,1,0,0,4,0,2,2,1,0,0,0,4,6,0,1,0,0,0,83,-25,"Geelong","2021",4
45,"Close, Brad",7,3,12,19,0,1,0,4,0,2,3,4,1,3,0,12,8,1,1,0,0,1,82,-25,"Geelong","2021",4
40,"Dahlhaus, Luke",6,3,5,11,0,0,0,5,0,2,0,3,1,1,0,6,8,1,0,2,0,0,66,-25,"Geelong","2021",4
22,"Duncan, Mitch",16,4,5,21,0,0,0,6,6,5,3,1,2,0,0,3,16,0,0,0,2,1,78,-25,"Geelong","2021",4
29,"Guthrie, Cameron",16,6,11,27,0,0,0,4,4,5,3,2,0,1,0,11,16,0,0,2,0,0,71,-25,"Geelong","2021",4
39,"Guthrie, Zach",8,2,3,11,0,0,0,4,3,1,0,4,0,2,0,3,8,0,0,3,0,0,75,-25,"Geelong","2021",4
26,"Hawkins, Tom",9,5,3,12,2,2,0,3,0,2,2,4,1,1,0,7,5,1,3,0,0,0,100,-25,"Geelong","2021",4
25,"Henderson, Lachie",11,5,3,14,0,0,0,1,8,1,1,1,2,0,0,6,5,1,0,5,0,0,98,-25,"Geelong","2021",4
38,"Henry, Jack",4,1,4,8,2,0,0,3,0,3,0,4,0,1,0,4,4,0,0,0,1,0,100,-25,"Geelong","2021",4
9,"Holmes, Max",0,0,0,0,0,0,0,0,0,0,0,0,0,0,0,0,0,0,0,0,0,0,0,-25,"Geelong","2021",4
8,"Kolodjashnij, Jake",10,6,6,16,0,0,0,3,3,2,1,4,1,0,0,7,9,2,0,10,0,0,89,-25,"Geelong","2021",4
27,"Menegola, Sam",11,2,15,26,0,0,0,0,4,2,4,4,2,1,0,12,14,0,0,4,0,1,80,-25,"Geelong","2021",4
32,"Miers, Gryan",10,5,7,17,1,1,0,2,0,2,0,2,1,1,0,3,15,0,0,1,0,0,85,-25,"Geelong","2021",4
19,"Narkle, Quinton",5,4,11,16,0,0,0,3,1,1,1,2,0,0,0,6,10,0,0,0,0,0,56,-25,"Geelong","2021",4
42,"OConnor, Mark",3,0,7,10,0,0,0,2,1,1,1,2,0,1,0,8,5,0,0,3,0,0,80,-25,"Geelong","2021",4
14,"Selwood, Joel",16,5,14,30,0,1,0,8,0,4,3,10,4,4,0,14,17,0,0,1,0,1,79,-25,"Geelong","2021",4
7,"Smith, Isaac",16,2,5,21,2,0,0,2,4,5,2,3,0,2,0,4,14,0,0,0,3,1,84,-25,"Geelong","2021",4
1,"Stanley, Rhys",6,3,4,10,1,1,10,2,0,4,3,2,3,1,0,9,2,1,1,2,0,0,78,-25,"Geelong","2021",4
44,"Stewart, Tom",20,9,5,25,0,0,0,1,7,1,1,3,1,1,0,4,13,0,0,7,0,0,84,-25,"Geelong","2021",4
2,"Tuohy, Zach",7,2,6,13,0,0,0,3,3,2,1,1,0,1,0,4,9,0,0,3,0,0,75,-25,"Geelong","2021",4
