"Number","Player","Kicks","Marks","Handballs","Disposals","Goals","Behinds","Hitouts","Tackles","Rebounds50s","Inside50s","Clearances","Clangers","FreesFor","FreesAgainst","BrownlowVotes","ContestedPossessions","UncontestedPossessions","ContestedMarks","MarksInside50","OnePercenters","Bounces","GoalAssists","PercentagePlayed","PointDifference","Team","Season","Round"
26,"Battle, Josh",13,8,6,19,0,0,0,2,6,0,1,2,1,0,0,5,12,1,0,6,1,0,81,-86,"St Kilda","2021",5
15,"Billings, Jack",6,5,8,14,0,0,0,2,0,5,0,4,0,0,0,4,10,1,0,1,0,0,78,-86,"St Kilda","2021",5
16,"Butler, Dan",4,2,7,11,1,0,0,1,0,2,0,3,1,0,0,3,8,0,1,0,2,0,91,-86,"St Kilda","2021",5
23,"Bytel, Jack",4,3,6,10,0,0,0,4,2,2,2,1,0,0,0,3,6,0,0,0,0,0,74,-86,"St Kilda","2021",5
2,"Carlisle, Jake",4,4,5,9,0,0,9,5,1,1,3,1,1,0,0,7,3,1,0,2,0,1,77,-86,"St Kilda","2021",5
11,"Clark, Hunter",17,6,16,33,0,0,0,3,1,1,3,5,0,3,0,14,20,0,0,2,0,0,86,-86,"St Kilda","2021",5
1,"Coffield, Nick",15,12,8,23,0,0,0,2,2,0,1,1,2,1,0,5,18,1,0,1,0,0,86,-86,"St Kilda","2021",5
5,"Crouch, Brad",11,4,14,25,0,0,0,4,0,2,4,7,0,1,0,11,15,0,0,1,0,1,83,-86,"St Kilda","2021",5
7,"Dunstan, Luke",9,6,7,16,0,0,0,4,1,1,1,5,2,1,0,3,13,0,0,2,0,0,76,-86,"St Kilda","2021",5
22,"Higgins, Jack",7,2,5,12,2,0,0,2,1,2,0,3,2,0,0,3,9,0,2,0,0,0,78,-86,"St Kilda","2021",5
8,"Hill, Bradley",7,3,3,10,0,0,0,0,4,3,0,2,0,0,0,1,9,0,0,2,0,0,83,-86,"St Kilda","2021",5
20,"Howard, Dougal",16,5,0,16,0,0,0,1,5,1,0,0,0,0,0,1,7,0,0,9,0,0,91,-86,"St Kilda","2021",5
41,"Hunter, Paul",2,2,4,6,1,0,19,2,1,0,0,2,1,0,0,3,4,0,0,8,0,0,76,-86,"St Kilda","2021",5
12,"King, Max",5,3,3,8,1,2,0,0,0,1,0,1,2,0,0,7,1,2,2,0,0,0,83,-86,"St Kilda","2021",5
0,"Long, Ben",10,4,3,13,0,0,0,2,1,0,1,3,2,3,0,4,10,0,0,1,1,0,47,-86,"St Kilda","2021",5
13,"Lonie, Jack",10,4,3,13,2,1,0,1,1,2,1,0,4,0,0,5,9,0,0,0,0,0,79,-86,"St Kilda","2021",5
36,"McKenzie, Daniel",9,5,9,18,0,0,0,2,0,1,3,5,1,2,0,11,8,0,0,1,1,1,70,-86,"St Kilda","2021",5
28,"Membrey, Tim",7,5,4,11,0,1,0,0,0,3,0,3,3,0,0,8,4,2,0,3,0,1,90,-86,"St Kilda","2021",5
6,"Ross, Sebastian",7,2,8,15,0,0,0,2,4,1,2,1,0,0,0,4,11,0,0,2,1,0,80,-86,"St Kilda","2021",5
35,"Sinclair, Jack",14,5,5,19,0,0,0,3,3,2,2,4,0,1,0,4,16,0,0,1,0,1,83,-86,"St Kilda","2021",5
9,"Steele, Jack",9,7,17,26,0,0,0,9,1,2,4,4,0,1,0,9,17,0,0,0,0,1,85,-86,"St Kilda","2021",5
0,"Webster, Jimmy",5,2,3,8,0,0,0,0,3,0,0,3,0,1,0,2,6,0,0,0,0,0,30,-86,"St Kilda","2021",5
44,"Wilkie, Callum",12,9,5,17,0,0,0,1,4,1,0,1,2,0,0,6,11,0,0,2,0,0,93,-86,"St Kilda","2021",5
16,"Aarts, Jake",10,1,6,16,1,2,0,3,0,4,0,4,2,4,0,9,7,0,1,2,0,2,77,86,"Richmond","2021",5
12,"Astbury, David",5,3,7,12,0,0,0,0,2,0,0,2,0,0,0,2,10,0,0,4,0,0,94,86,"Richmond","2021",5
7,"Baker, Liam",10,8,10,20,0,1,0,2,0,3,0,2,1,1,0,5,15,1,0,0,0,1,77,86,"Richmond","2021",5
21,"Balta, Noah",6,3,5,11,0,0,0,2,1,0,0,4,1,2,0,3,7,0,0,4,0,0,85,86,"Richmond","2021",5
29,"Bolton, Shai",15,5,14,29,1,0,0,3,1,5,8,2,1,0,2,10,17,0,1,2,3,1,74,86,"Richmond","2021",5
35,"Broad, Nathan",9,6,3,12,0,0,0,2,2,2,0,3,0,1,0,1,10,0,0,4,0,0,88,86,"Richmond","2021",5
11,"Castagna, Jason",8,4,8,16,2,2,0,2,0,2,0,1,2,0,0,7,9,0,2,1,0,1,88,86,"Richmond","2021",5
9,"Cotchin, Trent",9,2,12,21,0,0,0,2,2,1,5,5,0,1,0,11,11,0,0,2,0,0,66,86,"Richmond","2021",5
10,"Edwards, Shane",14,2,15,29,1,1,0,3,4,7,7,2,1,0,0,12,16,0,0,5,0,1,79,86,"Richmond","2021",5
34,"Graham, Jack",8,0,9,17,3,0,0,12,0,5,4,4,1,1,0,7,11,0,0,0,0,1,81,86,"Richmond","2021",5
2,"Grimes, Dylan",6,4,3,9,0,0,0,2,1,3,1,3,2,3,0,6,3,1,0,5,0,1,91,86,"Richmond","2021",5
14,"Houli, Bachar",7,3,9,16,0,0,0,4,3,0,1,2,0,1,0,5,10,0,0,2,3,0,75,86,"Richmond","2021",5
23,"Lambert, Kane",10,6,11,21,0,0,0,3,3,3,1,0,0,0,0,6,15,0,1,1,0,2,83,86,"Richmond","2021",5
19,"Lynch, Tom",5,4,4,9,3,1,3,1,0,0,0,2,0,1,0,6,3,2,3,2,0,2,87,86,"Richmond","2021",5
31,"Mansell, Rhyan",10,2,3,13,0,0,0,4,2,2,0,5,0,2,0,3,9,0,0,3,0,0,76,86,"Richmond","2021",5
4,"Martin, Dustin",15,0,19,34,1,0,0,2,0,8,5,4,0,0,0,12,18,0,0,2,0,0,80,86,"Richmond","2021",5
33,"McIntosh, Kamdyn",12,5,7,19,0,0,0,2,1,4,2,4,0,0,0,3,16,0,1,0,0,0,76,86,"Richmond","2021",5
25,"Nankervis, Toby",8,3,14,22,0,0,39,6,0,3,6,6,0,2,3,14,6,1,0,2,0,0,83,86,"Richmond","2021",5
50,"Pickett, Marlion",4,1,10,14,1,0,2,3,1,3,1,2,0,2,0,6,8,0,0,3,1,0,77,86,"Richmond","2021",5
8,"Riewoldt, Jack",12,8,5,17,5,3,0,2,0,4,1,2,1,1,1,5,11,1,7,2,0,1,93,86,"Richmond","2021",5
17,"Rioli, Daniel",6,2,6,12,2,0,0,5,0,1,1,1,2,1,0,4,9,0,1,2,0,1,84,86,"Richmond","2021",5
5,"Ross, Jack",0,0,0,0,0,0,0,0,0,0,0,0,0,0,0,0,0,0,0,0,0,0,0,86,"Richmond","2021",5
15,"Short, Jayden",15,5,5,20,0,0,0,1,2,4,1,4,0,1,0,5,14,0,0,3,0,0,85,86,"Richmond","2021",5
