"Number","Player","Kicks","Marks","Handballs","Disposals","Goals","Behinds","Hitouts","Tackles","Rebounds50s","Inside50s","Clearances","Clangers","FreesFor","FreesAgainst","BrownlowVotes","ContestedPossessions","UncontestedPossessions","ContestedMarks","MarksInside50","OnePercenters","Bounces","GoalAssists","PercentagePlayed","PointDifference","Team","Season","Round"
22,"Blakey, Nick",5,2,8,13,0,0,0,2,0,4,2,1,0,0,0,9,4,1,0,0,0,0,79,-2,"Sydney","2021",5
16,"Campbell, Braeden",9,2,5,14,0,0,0,1,1,2,0,4,0,1,0,2,11,0,0,2,0,1,62,-2,"Sydney","2021",5
7,"Cunningham, Harry",10,3,4,14,0,0,0,1,5,1,0,0,1,0,0,4,7,0,0,4,0,0,79,-2,"Sydney","2021",5
34,"Dawson, Jordan",18,3,5,23,0,0,0,4,9,2,0,6,0,2,0,6,9,1,0,3,0,0,90,-2,"Sydney","2021",5
13,"Florent, Oliver",7,4,8,15,0,1,0,3,2,2,2,2,1,1,0,5,10,0,0,1,0,0,83,-2,"Sydney","2021",5
23,"Franklin, Lance",12,8,2,14,5,0,0,4,0,4,0,5,0,4,2,8,7,5,3,0,0,0,86,-2,"Sydney","2021",5
21,"Gulden, Errol",9,4,9,18,0,0,0,2,0,2,2,4,1,0,0,8,11,0,0,0,0,1,91,-2,"Sydney","2021",5
9,"Hayward, Will",11,6,7,18,3,1,0,3,1,3,1,4,1,1,0,7,8,2,2,2,0,1,89,-2,"Sydney","2021",5
29,"Hewett, George",8,2,5,13,0,0,0,4,4,0,1,0,2,0,0,6,7,0,0,3,0,0,87,-2,"Sydney","2021",5
0,"Hickey, Tom",7,3,9,16,0,0,24,3,1,2,4,4,0,1,0,10,5,1,0,0,0,0,66,-2,"Sydney","2021",5
12,"Kennedy, Josh",11,1,8,19,0,0,0,6,1,1,8,2,2,1,0,13,9,0,0,1,0,1,76,-2,"Sydney","2021",5
44,"Lloyd, Jake",21,7,7,28,0,1,0,1,10,4,4,3,0,1,0,5,17,0,0,2,1,1,86,-2,"Sydney","2021",5
30,"McCartin, Tom",8,3,3,11,0,0,0,2,3,1,0,3,2,1,0,5,6,1,0,7,0,0,100,-2,"Sydney","2021",5
6,"McDonald, Logan",2,0,4,6,0,1,0,1,0,0,0,3,2,1,0,4,2,0,0,0,0,0,62,-2,"Sydney","2021",5
27,"McInerney, Justin",7,2,6,13,0,0,0,2,3,4,1,3,1,2,0,5,13,0,0,5,2,0,83,-2,"Sydney","2021",5
43,"Melican, Lewis",12,7,3,15,0,0,0,0,3,1,0,1,0,0,0,5,11,2,0,10,0,0,95,-2,"Sydney","2021",5
14,"Mills, Callum",9,5,11,20,0,0,0,9,3,4,3,4,1,0,0,7,14,0,0,1,0,1,81,-2,"Sydney","2021",5
11,"Papley, Tom",8,6,2,10,2,1,0,0,0,2,0,2,0,1,0,3,8,0,3,0,0,1,87,-2,"Sydney","2021",5
26,"Parker, Luke",9,1,12,21,0,1,0,6,0,4,3,5,1,1,0,8,12,0,1,2,0,0,77,-2,"Sydney","2021",5
20,"Reid, Sam",11,4,5,16,0,0,15,5,0,6,6,2,7,1,0,11,4,1,0,4,0,1,80,-2,"Sydney","2021",5
0,"Stephens, Dylan",1,0,0,1,0,0,0,1,0,0,0,0,0,0,0,1,0,0,0,0,0,0,13,-2,"Sydney","2021",5
1,"Warner, Chad",10,2,3,13,0,2,0,5,0,5,2,2,0,2,0,4,9,0,0,0,0,0,75,-2,"Sydney","2021",5
45,"Wicks, Sam",4,2,2,6,0,0,0,4,1,1,1,1,0,0,0,2,4,0,0,0,0,0,73,-2,"Sydney","2021",5
7,"Ash, Lachie",14,4,4,18,0,0,0,1,7,0,0,1,0,0,0,2,12,0,0,2,1,0,83,2,"Greater Western Sydney","2021",5
44,"Buckley, Jack",8,4,8,16,0,0,0,3,3,0,1,3,0,3,0,7,9,0,0,4,0,0,87,2,"Greater Western Sydney","2021",5
0,"Buntine, Matt",4,2,2,6,0,0,0,0,1,0,0,0,0,0,0,1,5,0,0,4,0,0,37,2,"Greater Western Sydney","2021",5
13,"Cumming, Isaac",13,1,9,22,0,0,0,1,6,1,0,1,1,0,0,5,13,0,0,4,0,0,78,2,"Greater Western Sydney","2021",5
16,"Daniels, Brent",12,5,6,18,1,1,0,3,1,8,2,2,1,0,0,7,12,1,0,2,0,0,81,2,"Greater Western Sydney","2021",5
31,"Finlayson, Jeremy",10,1,1,11,2,0,1,1,1,4,0,4,2,2,0,7,6,0,1,6,0,0,73,2,"Greater Western Sydney","2021",5
4,"Greene, Toby",15,4,3,18,1,7,0,0,1,4,3,5,0,4,0,12,9,3,3,1,2,1,93,2,"Greater Western Sydney","2021",5
12,"Green, Tom",10,3,14,24,0,0,0,3,0,3,6,5,2,2,1,11,13,0,1,3,0,0,64,2,"Greater Western Sydney","2021",5
19,"Haynes, Nick",11,1,7,18,0,0,0,0,2,1,1,1,1,0,0,3,16,0,0,4,0,0,86,2,"Greater Western Sydney","2021",5
37,"Hill, Bobby",9,2,2,11,0,2,0,4,0,3,0,2,0,0,0,3,8,0,1,1,0,1,58,2,"Greater Western Sydney","2021",5
27,"Himmelberg, Harry",8,5,3,11,2,2,0,2,0,3,0,5,0,2,0,7,4,1,2,5,1,2,91,2,"Greater Western Sydney","2021",5
2,"Hopper, Jacob",10,1,16,26,0,0,0,3,2,3,6,0,1,0,3,11,15,0,0,3,0,0,84,2,"Greater Western Sydney","2021",5
39,"Idun, Connor",3,4,7,10,0,0,0,1,2,1,0,2,0,1,0,2,8,1,0,7,0,0,85,2,"Greater Western Sydney","2021",5
25,"Keeffe, Lachlan",7,3,3,10,0,0,0,1,5,1,0,3,1,1,0,5,4,1,0,7,0,0,95,2,"Greater Western Sydney","2021",5
22,"Kelly, Josh",14,4,12,26,1,1,0,1,0,5,3,2,0,0,0,7,19,0,1,5,0,0,89,2,"Greater Western Sydney","2021",5
41,"Mumford, Shane",5,3,10,15,0,0,28,6,1,2,8,4,4,4,0,12,4,1,1,4,0,0,88,2,"Greater Western Sydney","2021",5
33,"OHalloran, Xavier",12,5,3,15,1,0,0,1,1,6,1,4,0,1,0,3,12,0,1,2,0,0,81,2,"Greater Western Sydney","2021",5
0,"Reid, Sam",3,2,1,4,0,0,0,0,2,0,1,1,1,0,0,1,3,0,0,0,0,0,43,2,"Greater Western Sydney","2021",5
26,"Riccardi, Jake",6,3,6,12,1,0,0,0,0,1,0,0,1,0,0,5,7,1,1,2,0,1,81,2,"Greater Western Sydney","2021",5
18,"Stone, Conor",6,4,7,13,0,0,0,1,0,4,0,2,0,0,0,6,8,0,0,3,0,0,68,2,"Greater Western Sydney","2021",5
14,"Taranto, Tim",12,4,15,27,0,0,0,4,2,2,4,4,0,1,0,11,15,0,0,1,0,0,80,2,"Greater Western Sydney","2021",5
15,"Taylor, Sam",6,4,12,18,0,0,0,3,4,2,1,4,3,0,0,11,5,2,0,6,0,0,92,2,"Greater Western Sydney","2021",5
8,"Ward, Callan",10,2,16,26,0,0,0,3,2,2,2,3,3,1,0,12,14,0,0,1,0,0,82,2,"Greater Western Sydney","2021",5
