"Number","Player","Kicks","Marks","Handballs","Disposals","Goals","Behinds","Hitouts","Tackles","Rebounds50s","Inside50s","Clearances","Clangers","FreesFor","FreesAgainst","BrownlowVotes","ContestedPossessions","UncontestedPossessions","ContestedMarks","MarksInside50","OnePercenters","Bounces","GoalAssists","PercentagePlayed","PointDifference","Team","Season","Round"
26,"Battle, Josh",10,6,3,13,1,1,0,3,3,2,2,2,1,0,0,4,10,0,0,3,0,0,82,-18,"St Kilda","2021",2
15,"Billings, Jack",18,13,5,23,1,1,0,3,3,3,1,1,0,0,0,3,18,1,3,3,0,0,87,-18,"St Kilda","2021",2
16,"Butler, Dan",6,1,2,8,0,0,0,0,1,1,0,0,1,0,0,1,7,0,0,1,0,0,85,-18,"St Kilda","2021",2
0,"Bytel, Jack",2,1,4,6,0,0,0,1,1,0,0,1,0,1,0,5,2,0,0,1,0,0,20,-18,"St Kilda","2021",2
11,"Clark, Hunter",10,5,10,20,0,0,0,1,3,3,3,4,0,2,0,6,14,0,0,0,0,0,72,-18,"St Kilda","2021",2
1,"Coffield, Nick",10,5,7,17,0,0,0,0,3,3,0,3,1,1,0,5,11,0,0,2,1,0,78,-18,"St Kilda","2021",2
4,"Gresham, Jade",17,6,12,29,1,0,0,2,0,10,9,3,0,0,0,10,17,1,0,0,3,1,75,-18,"St Kilda","2021",2
22,"Higgins, Jack",3,1,6,9,1,0,0,1,0,0,0,1,0,1,0,2,6,0,0,1,0,0,76,-18,"St Kilda","2021",2
34,"Highmore, Tom",5,3,4,9,0,0,0,5,2,1,0,0,1,0,0,4,3,0,0,5,1,0,70,-18,"St Kilda","2021",2
8,"Hill, Bradley",16,6,5,21,0,0,0,4,6,3,1,7,0,0,0,3,17,0,0,1,2,0,85,-18,"St Kilda","2021",2
20,"Howard, Dougal",23,8,6,29,0,0,0,2,9,1,1,3,1,1,0,6,13,3,0,14,0,0,96,-18,"St Kilda","2021",2
41,"Hunter, Paul",4,0,6,10,0,0,13,5,0,3,4,4,0,1,0,2,5,0,0,1,0,0,75,-18,"St Kilda","2021",2
3,"Jones, Zak",6,3,6,12,0,1,0,6,0,4,0,2,0,2,0,3,10,0,1,0,1,1,66,-18,"St Kilda","2021",2
12,"King, Max",7,4,3,10,2,0,0,1,0,3,0,3,2,0,0,6,4,1,2,0,0,2,82,-18,"St Kilda","2021",2
21,"Long, Ben",8,5,6,14,0,0,0,0,2,0,0,3,0,1,0,4,12,0,0,4,1,0,89,-18,"St Kilda","2021",2
13,"Lonie, Jack",5,2,3,8,0,0,0,0,0,2,0,2,3,1,0,4,6,0,0,0,0,0,88,-18,"St Kilda","2021",2
27,"McKernan, Shaun",5,2,2,7,1,0,4,1,0,2,0,2,1,1,0,5,3,0,1,4,0,0,85,-18,"St Kilda","2021",2
28,"Membrey, Tim",10,8,6,16,1,3,0,1,0,3,0,6,0,0,0,6,12,2,4,6,0,2,91,-18,"St Kilda","2021",2
6,"Ross, Sebastian",13,5,15,28,0,0,0,4,1,4,4,0,1,0,0,11,18,0,0,3,0,0,82,-18,"St Kilda","2021",2
35,"Sinclair, Jack",9,6,12,21,0,0,0,2,0,1,4,4,1,0,0,9,14,0,0,1,1,0,89,-18,"St Kilda","2021",2
9,"Steele, Jack",13,4,12,25,3,1,0,6,0,4,4,6,0,2,0,14,12,1,1,2,0,0,81,-18,"St Kilda","2021",2
0,"Webster, Jimmy",9,4,1,10,0,0,0,1,4,0,1,3,0,0,0,1,8,0,0,3,0,0,50,-18,"St Kilda","2021",2
44,"Wilkie, Callum",16,6,4,20,0,0,0,7,4,0,0,3,2,0,0,4,13,0,0,6,0,0,96,-18,"St Kilda","2021",2
33,"Baker, Oskar",0,0,0,0,0,0,0,0,0,0,0,0,0,0,0,0,0,0,0,0,0,0,0,18,"Melbourne","2021",2
10,"Brayshaw, Angus",9,3,4,13,0,1,0,0,0,4,0,1,0,0,0,2,11,0,1,1,0,1,70,18,"Melbourne","2021",2
31,"Fritsch, Bayley",6,7,4,10,1,3,0,1,0,1,0,2,0,1,0,1,9,0,6,1,0,0,89,18,"Melbourne","2021",2
11,"Gawn, Max",10,5,7,17,0,0,40,2,3,2,3,1,1,0,0,8,8,1,1,5,0,1,94,18,"Melbourne","2021",2
29,"Hunt, Jayden",11,4,7,18,0,0,0,6,4,3,0,3,0,1,0,6,12,0,0,0,0,1,78,18,"Melbourne","2021",2
6,"Jackson, Luke",3,4,8,11,0,1,10,1,0,0,1,2,1,0,0,5,6,0,1,2,0,0,80,18,"Melbourne","2021",2
39,"Jetta, Neville",3,3,6,9,0,0,0,1,1,0,0,0,1,0,0,3,6,0,0,2,0,0,65,18,"Melbourne","2021",2
2,"Jones, Nathan",8,3,6,14,1,0,0,3,1,3,0,2,0,1,0,7,7,0,0,0,0,0,70,18,"Melbourne","2021",2
23,"Jordon, James",10,6,10,20,0,1,0,9,2,2,0,2,0,0,0,2,18,0,0,1,0,0,65,18,"Melbourne","2021",2
15,"Langdon, Ed",11,11,11,22,1,0,0,1,1,1,0,1,0,0,0,2,20,0,2,2,0,0,100,18,"Melbourne","2021",2
8,"Lever, Jake",7,3,1,8,0,0,0,0,2,1,0,2,0,0,0,3,5,3,0,6,0,0,96,18,"Melbourne","2021",2
1,"May, Steven",20,8,3,23,0,0,0,1,8,1,0,5,0,2,0,2,15,0,0,3,0,0,100,18,"Melbourne","2021",2
25,"McDonald, Tom",10,6,9,19,2,3,2,0,0,4,1,3,2,0,0,10,9,0,2,3,0,1,93,18,"Melbourne","2021",2
30,"Neal-Bullen, Alex",11,3,11,22,1,0,0,5,1,3,4,1,1,0,0,9,13,0,0,1,0,0,76,18,"Melbourne","2021",2
13,"Oliver, Clayton",17,5,20,37,0,0,0,6,2,6,11,8,3,1,3,21,17,0,0,2,0,1,91,18,"Melbourne","2021",2
5,"Petracca, Christian",22,9,8,30,0,3,0,5,1,7,6,9,1,3,2,11,22,0,3,0,0,0,88,18,"Melbourne","2021",2
36,"Pickett, Kysaiah",8,2,9,17,2,2,0,2,0,4,3,1,0,0,1,9,8,0,1,0,2,0,77,18,"Melbourne","2021",2
24,"Rivers, Trent",12,3,8,20,0,0,0,1,5,1,0,1,0,0,0,3,17,0,0,1,1,0,75,18,"Melbourne","2021",2
3,"Salem, Christian",22,10,8,30,0,1,0,3,6,5,0,3,0,2,0,7,22,1,0,1,0,0,86,18,"Melbourne","2021",2
9,"Spargo, Charlie",7,5,4,11,1,1,0,4,0,1,0,1,0,1,0,5,6,0,0,1,0,0,75,18,"Melbourne","2021",2
32,"Sparrow, Tom",10,4,4,14,1,0,0,1,0,3,0,2,1,0,0,5,10,0,0,1,0,0,65,18,"Melbourne","2021",2
20,"Tomlinson, Adam",10,11,7,17,0,0,0,0,4,0,1,2,0,2,0,2,15,1,0,3,0,0,100,18,"Melbourne","2021",2
7,"Viney, Jack",5,0,8,13,2,0,0,5,0,2,4,1,3,1,0,9,6,0,0,0,0,0,66,18,"Melbourne","2021",2
