"Number","Player","Kicks","Marks","Handballs","Disposals","Goals","Behinds","Hitouts","Tackles","Rebounds50s","Inside50s","Clearances","Clangers","FreesFor","FreesAgainst","BrownlowVotes","ContestedPossessions","UncontestedPossessions","ContestedMarks","MarksInside50","OnePercenters","Bounces","GoalAssists","PercentagePlayed","PointDifference","Team","Season","Round"
19,"Betts, Eddie",4,2,5,9,2,0,0,1,0,0,0,2,0,1,0,3,4,1,1,5,0,0,84,-14,"Carlton","2021",23
41,"Casboult, Levi",4,4,4,8,2,0,10,1,0,0,1,3,0,2,0,5,3,3,2,4,0,1,86,-14,"Carlton","2021",23
0,"Cripps, Patrick",0,1,17,17,0,0,0,1,0,0,6,4,2,3,0,12,6,0,0,1,0,1,51,-14,"Carlton","2021",23
30,"Curnow, Charlie",9,6,6,15,0,1,0,0,0,3,0,6,0,1,0,6,10,1,1,0,0,0,82,-14,"Carlton","2021",23
35,"Curnow, Ed",16,8,9,25,4,0,0,2,0,4,1,4,0,2,2,7,18,0,3,3,0,0,83,-14,"Carlton","2021",23
12,"De Koning, Tom",7,4,3,10,0,0,32,5,3,1,3,2,2,1,0,7,4,1,0,2,0,0,78,-14,"Carlton","2021",23
0,"Dow, Paddy",1,1,5,6,0,1,0,0,0,1,0,1,0,1,0,0,6,0,0,0,0,0,23,-14,"Carlton","2021",23
29,"Durdin, Corey",3,1,0,3,1,0,0,1,0,1,0,0,1,0,0,1,3,0,0,0,0,1,80,-14,"Carlton","2021",23
25,"Fisher, Zac",7,1,7,14,1,0,0,5,2,2,4,2,0,2,0,5,11,0,1,1,1,1,80,-14,"Carlton","2021",23
8,"Fogarty, Lachie",12,7,8,20,0,0,0,4,2,1,2,2,0,2,0,6,16,0,1,1,0,2,73,-14,"Carlton","2021",23
36,"Honey, Josh",3,1,2,5,0,0,0,1,1,2,0,1,0,0,0,3,1,0,0,0,0,1,68,-14,"Carlton","2021",23
17,"Kemp, Brodie",11,6,3,14,0,0,0,0,4,2,0,2,0,0,0,1,13,0,0,8,1,0,79,-14,"Carlton","2021",23
7,"Kennedy, Matthew",16,7,5,21,0,0,0,5,1,5,5,4,1,0,0,6,15,0,0,0,2,0,74,-14,"Carlton","2021",23
11,"McGovern, Mitch",12,5,1,13,1,0,0,2,0,3,0,2,3,0,0,5,8,1,0,0,0,0,84,-14,"Carlton","2021",23
24,"Newman, Nic",21,9,6,27,0,0,0,3,7,2,0,2,2,2,0,7,14,1,0,1,1,1,91,-14,"Carlton","2021",23
32,"Newnes, Jack",6,2,4,10,0,0,0,1,1,2,2,0,1,0,0,4,6,0,0,0,1,0,81,-14,"Carlton","2021",23
4,"OBrien, Lochie",14,4,3,17,0,2,0,0,1,5,0,1,0,0,0,3,13,0,0,1,2,0,88,-14,"Carlton","2021",23
20,"Plowman, Lachie",6,3,5,11,0,0,0,1,1,0,0,1,0,1,0,4,6,0,0,5,0,0,89,-14,"Carlton","2021",23
42,"Saad, Adam",15,5,4,19,0,1,0,1,5,5,2,3,0,0,0,5,12,0,0,5,1,1,80,-14,"Carlton","2021",23
13,"Stocker, Liam",18,4,5,23,0,0,0,1,6,2,2,4,0,1,0,6,14,0,0,5,0,0,79,-14,"Carlton","2021",23
18,"Walsh, Sam",9,8,20,29,0,1,0,3,0,2,5,6,1,0,0,13,16,1,1,0,0,0,86,-14,"Carlton","2021",23
23,"Weitering, Jacob",13,8,1,14,0,0,0,2,6,1,0,1,0,1,0,4,8,2,0,11,0,0,100,-14,"Carlton","2021",23
31,"Williamson, Tom",10,2,2,12,0,0,0,2,5,2,1,4,1,0,0,5,5,0,1,2,0,1,82,-14,"Carlton","2021",23
7,"Ash, Lachie",8,5,7,15,0,0,0,3,0,1,0,2,0,0,0,5,10,1,0,1,2,0,87,14,"Greater Western Sydney","2021",23
32,"Briggs, Kieren",8,2,5,13,0,0,26,3,0,3,3,4,2,1,0,12,2,2,1,2,0,0,69,14,"Greater Western Sydney","2021",23
5,"Bruhn, Tanner",6,1,3,9,0,0,0,7,0,2,1,4,1,1,0,7,2,0,0,1,1,0,63,14,"Greater Western Sydney","2021",23
0,"Coniglio, Stephen",4,2,2,6,0,2,0,1,0,1,1,1,0,0,0,1,5,0,1,0,0,0,17,14,"Greater Western Sydney","2021",23
13,"Cumming, Isaac",16,12,3,19,0,0,0,1,5,2,0,3,0,0,0,3,14,2,0,3,1,0,82,14,"Greater Western Sydney","2021",23
24,"de Boer, Matt",3,2,13,16,0,0,0,3,0,1,1,1,0,0,0,4,12,0,0,1,0,2,75,14,"Greater Western Sydney","2021",23
4,"Greene, Toby",15,11,5,20,1,3,1,2,0,3,0,5,1,2,0,7,15,3,6,0,0,0,89,14,"Greater Western Sydney","2021",23
19,"Haynes, Nick",9,9,3,12,0,0,0,1,3,1,0,0,0,0,0,3,11,0,0,4,0,0,86,14,"Greater Western Sydney","2021",23
27,"Himmelberg, Harry",7,4,3,10,1,0,2,5,0,2,1,3,0,1,0,7,3,2,1,2,0,2,92,14,"Greater Western Sydney","2021",23
23,"Hogan, Jesse",7,4,3,10,3,1,0,3,0,1,0,2,1,0,0,8,3,2,3,2,0,1,86,14,"Greater Western Sydney","2021",23
2,"Hopper, Jacob",13,2,8,21,1,1,0,7,3,5,7,4,3,3,0,10,11,0,0,0,2,0,79,14,"Greater Western Sydney","2021",23
39,"Idun, Connor",8,5,9,17,0,0,0,0,3,0,1,1,0,0,0,5,12,0,0,2,0,0,85,14,"Greater Western Sydney","2021",23
22,"Kelly, Josh",19,1,10,29,0,1,0,5,2,10,5,3,3,0,1,11,19,0,0,3,1,1,84,14,"Greater Western Sydney","2021",23
40,"Kennedy, Adam",7,1,4,11,0,0,0,2,1,4,2,1,1,1,0,4,7,0,0,4,0,0,82,14,"Greater Western Sydney","2021",23
38,"Lloyd, Daniel",5,3,5,10,1,1,0,4,0,0,0,3,0,2,0,3,6,0,1,0,0,0,89,14,"Greater Western Sydney","2021",23
0,"OHalloran, Xavier",5,2,4,9,1,0,0,1,1,1,0,1,1,0,0,3,6,0,0,0,0,1,66,14,"Greater Western Sydney","2021",23
36,"Perryman, Harry",15,4,6,21,1,0,0,0,5,4,1,1,1,0,0,8,11,0,0,2,0,0,87,14,"Greater Western Sydney","2021",23
28,"Sproule, Zach",6,3,3,9,1,0,4,4,0,1,1,2,1,0,0,4,6,0,0,2,0,0,64,14,"Greater Western Sydney","2021",23
42,"Stein, Jake",6,3,0,6,0,0,0,0,4,0,0,1,1,0,0,2,4,1,1,4,0,0,77,14,"Greater Western Sydney","2021",23
14,"Taranto, Tim",16,5,13,29,0,4,0,2,1,6,11,4,0,1,0,16,12,0,2,0,0,0,81,14,"Greater Western Sydney","2021",23
15,"Taylor, Sam",9,8,4,13,0,0,0,1,2,1,0,1,1,1,0,6,9,3,0,8,0,0,97,14,"Greater Western Sydney","2021",23
8,"Ward, Callan",15,2,13,28,2,1,0,5,0,7,8,1,3,1,3,14,14,0,2,2,0,1,78,14,"Greater Western Sydney","2021",23
6,"Whitfield, Lachie",13,2,8,21,0,0,0,1,4,2,0,2,0,0,0,4,10,0,0,3,0,0,87,14,"Greater Western Sydney","2021",23
