"Number","Player","Kicks","Marks","Handballs","Disposals","Goals","Behinds","Hitouts","Tackles","Rebounds50s","Inside50s","Clearances","Clangers","FreesFor","FreesAgainst","BrownlowVotes","ContestedPossessions","UncontestedPossessions","ContestedMarks","MarksInside50","OnePercenters","Bounces","GoalAssists","PercentagePlayed","PointDifference","Team","Season","Round"
21,"Berry, Sam",6,3,6,12,0,0,0,2,0,2,0,1,0,1,0,2,8,0,0,1,0,1,67,-42,"Adelaide","2021",18
41,"Butts, Jordon",5,2,3,8,0,0,0,2,2,0,0,0,1,0,0,2,6,0,0,5,0,0,96,-42,"Adelaide","2021",18
32,"Fogarty, Darcy",7,4,3,10,2,1,0,1,0,1,0,0,0,0,0,2,8,0,2,0,0,0,82,-42,"Adelaide","2021",18
17,"Hamill, Will",9,2,2,11,0,0,0,1,2,1,0,0,2,0,0,4,7,0,0,3,0,0,73,-42,"Adelaide","2021",18
34,"Himmelberg, Elliott",5,2,5,10,1,1,0,1,0,1,0,4,0,1,0,6,6,1,1,4,0,0,82,-42,"Adelaide","2021",18
1,"Jones, Chayce",11,4,4,15,0,0,0,1,7,0,0,2,0,0,0,4,9,0,0,4,1,0,79,-42,"Adelaide","2021",18
2,"Keays, Ben",17,6,13,30,2,0,0,6,2,7,1,1,0,1,0,7,20,0,1,1,0,0,86,-42,"Adelaide","2021",18
8,"Kelly, Jake",16,8,7,23,0,0,0,4,7,0,0,2,2,2,0,6,15,0,0,11,0,0,88,-42,"Adelaide","2021",18
29,"Laird, Rory",15,8,19,34,0,0,0,4,2,0,4,3,2,1,0,8,26,0,0,1,0,0,77,-42,"Adelaide","2021",18
27,"Lynch, Tom",15,6,10,25,1,0,0,0,0,1,1,3,2,1,0,6,19,0,0,1,0,3,77,-42,"Adelaide","2021",18
14,"Mackay, David",11,2,7,18,0,0,0,3,2,2,1,4,1,2,0,4,15,0,0,0,0,0,83,-42,"Adelaide","2021",18
25,"McHenry, Ned",4,2,6,10,0,0,0,3,0,0,0,0,0,0,0,5,7,0,1,2,0,0,79,-42,"Adelaide","2021",18
36,"McPherson, Andrew",12,5,7,19,0,0,0,3,2,4,1,0,0,0,0,2,14,0,0,2,0,2,84,-42,"Adelaide","2021",18
4,"Murphy, Lachlan",10,3,6,16,0,1,0,1,0,3,0,3,3,1,0,5,10,0,0,2,0,0,77,-42,"Adelaide","2021",18
0,"Murray, Nick",5,3,1,6,0,0,0,4,3,0,0,1,2,0,0,2,4,0,0,9,0,0,71,-42,"Adelaide","2021",18
43,"OBrien, Reilly",7,6,4,11,0,0,27,4,1,2,4,1,0,1,0,8,4,3,0,5,0,0,91,-42,"Adelaide","2021",18
31,"Rowe, James",4,5,11,15,0,0,0,3,0,3,0,3,0,1,0,5,10,0,2,0,0,0,71,-42,"Adelaide","2021",18
26,"Schoenberg, Harry",15,8,9,24,1,0,0,6,5,1,6,3,2,2,0,10,16,0,0,0,0,0,78,-42,"Adelaide","2021",18
11,"Seedsman, Paul",16,7,11,27,0,1,0,3,1,2,3,4,0,1,0,4,23,0,0,0,3,0,78,-42,"Adelaide","2021",18
0,"Sholl, Lachlan",1,0,3,4,0,0,0,1,0,0,0,0,0,0,0,0,4,0,0,0,0,0,21,-42,"Adelaide","2021",18
9,"Sloane, Rory",7,4,18,25,0,0,0,2,1,5,11,3,2,2,0,17,10,0,0,5,0,0,85,-42,"Adelaide","2021",18
33,"Smith, Brodie",21,8,6,27,0,1,0,3,8,6,0,2,3,0,0,5,21,0,0,2,0,0,86,-42,"Adelaide","2021",18
13,"Walker, Taylor",9,7,4,13,1,1,0,0,0,3,0,2,1,1,0,4,9,1,1,1,0,0,90,-42,"Adelaide","2021",18
12,"Allen, Oscar",5,3,1,6,1,1,0,3,0,1,0,4,0,2,0,2,4,0,1,2,0,0,92,42,"West Coast","2021",18
28,"Cole, Tom",10,6,3,13,0,0,0,5,3,1,0,0,0,0,0,2,11,0,0,5,1,0,83,42,"West Coast","2021",18
15,"Cripps, Jamie",14,4,11,25,5,2,0,4,0,5,2,3,0,3,3,9,16,1,2,3,0,1,87,42,"West Coast","2021",18
27,"Darling, Jack",6,4,6,12,1,0,0,5,1,3,0,1,3,1,0,9,5,1,1,1,0,0,95,42,"West Coast","2021",18
14,"Duggan, Liam",16,8,3,19,0,0,0,0,4,4,0,5,0,2,0,4,15,0,0,1,0,0,86,42,"West Coast","2021",18
42,"Edwards, Harry",5,3,2,7,0,0,0,1,3,0,0,0,0,0,0,2,5,0,0,8,0,0,80,42,"West Coast","2021",18
16,"Edwards, Luke",12,6,7,19,0,0,0,2,2,0,2,2,0,0,0,6,13,0,0,1,0,0,83,42,"West Coast","2021",18
3,"Gaff, Andrew",21,8,13,34,0,0,0,0,0,5,1,2,0,1,2,3,31,0,0,1,1,2,93,42,"West Coast","2021",18
25,"Hurn, Shannon",23,9,1,24,0,0,0,4,5,6,0,1,2,0,0,4,14,2,0,0,1,0,85,42,"West Coast","2021",18
11,"Kelly, Tim",15,3,11,26,0,0,0,5,2,4,6,2,1,1,0,12,13,0,0,0,0,0,81,42,"West Coast","2021",18
7,"Langdon, Zac",3,6,12,15,0,1,0,3,0,1,0,3,0,3,0,4,10,0,2,1,0,0,81,42,"West Coast","2021",18
20,"McGovern, Jeremy",14,10,5,19,0,0,0,0,5,0,0,2,2,1,0,7,11,1,0,8,0,0,82,42,"West Coast","2021",18
9,"Naitanui, Nic",4,1,7,11,0,0,32,2,0,2,7,0,1,0,0,11,0,1,0,5,1,0,68,42,"West Coast","2021",18
0,"Nelson, Jackson",0,0,1,1,0,0,0,1,0,0,0,0,0,0,0,0,1,0,0,2,0,0,10,42,"West Coast","2021",18
21,"Petruccelle, Jack",14,8,6,20,2,2,0,1,0,4,0,0,1,0,0,5,14,0,0,1,1,1,74,42,"West Coast","2021",18
35,"Rotham, Josh",7,6,5,12,0,0,0,2,3,1,0,2,0,2,0,6,7,2,0,4,1,0,90,42,"West Coast","2021",18
1,"Ryan, Liam",14,10,2,16,3,4,0,2,0,4,0,1,0,0,0,3,12,2,5,0,2,1,80,42,"West Coast","2021",18
4,"Sheed, Dom",11,4,6,17,0,0,0,0,3,4,2,1,1,0,0,6,11,0,0,0,0,1,77,42,"West Coast","2021",18
5,"Sheppard, Brad",13,9,6,19,0,0,0,2,3,2,0,0,1,0,0,3,15,1,0,2,0,0,94,42,"West Coast","2021",18
0,"Shuey, Luke",11,1,5,16,0,0,0,5,0,4,4,3,2,2,0,7,9,0,0,0,0,2,56,42,"West Coast","2021",18
36,"West, Connor",13,4,6,19,0,1,0,4,1,2,3,5,2,2,0,13,6,1,0,0,0,0,79,42,"West Coast","2021",18
32,"Williams, Bailey",3,2,2,5,1,0,8,2,0,1,0,2,0,2,0,1,4,1,0,5,0,0,67,42,"West Coast","2021",18
6,"Yeo, Elliot",11,3,11,22,1,1,0,4,0,6,8,2,2,1,1,12,11,0,0,3,0,2,77,42,"West Coast","2021",18
