"Number","Player","Kicks","Marks","Handballs","Disposals","Goals","Behinds","Hitouts","Tackles","Rebounds50s","Inside50s","Clearances","Clangers","FreesFor","FreesAgainst","BrownlowVotes","ContestedPossessions","UncontestedPossessions","ContestedMarks","MarksInside50","OnePercenters","Bounces","GoalAssists","PercentagePlayed","PointDifference","Team","Season","Round"
12,"Astbury, David",8,9,6,14,0,0,0,2,2,0,0,0,0,0,0,1,14,0,0,6,0,0,97,33,"Richmond","2021",21
7,"Baker, Liam",11,7,15,26,2,0,0,1,1,3,1,3,1,1,1,8,19,0,1,5,0,2,88,33,"Richmond","2021",21
29,"Bolton, Shai",7,3,10,17,1,1,0,4,1,3,1,7,0,2,0,8,9,0,1,0,1,1,87,33,"Richmond","2021",21
11,"Castagna, Jason",0,0,0,0,0,0,0,0,0,0,0,0,0,0,0,0,0,0,0,0,0,0,0,33,"Richmond","2021",21
40,"Coleman-Jones, Callum",8,3,6,14,2,0,4,2,0,0,0,4,2,0,0,4,10,0,0,1,0,0,72,33,"Richmond","2021",21
9,"Cotchin, Trent",8,4,15,23,0,0,0,1,3,2,4,1,2,0,0,8,16,0,0,2,0,0,70,33,"Richmond","2021",21
27,"Dow, Thomson",11,4,11,22,0,2,0,1,0,3,2,4,0,0,0,10,12,0,2,1,0,1,85,33,"Richmond","2021",21
10,"Edwards, Shane",7,3,7,14,2,0,0,1,1,1,0,5,0,1,0,3,10,0,2,1,0,0,86,33,"Richmond","2021",21
34,"Graham, Jack",23,8,13,36,0,0,0,8,0,7,1,2,1,2,2,4,31,0,1,0,2,0,86,33,"Richmond","2021",21
2,"Grimes, Dylan",10,9,5,15,0,0,0,3,4,0,1,1,0,0,0,4,10,2,0,6,0,0,81,33,"Richmond","2021",21
23,"Lambert, Kane",10,7,7,17,0,0,0,3,1,1,1,1,1,1,0,3,14,0,1,0,0,0,81,33,"Richmond","2021",21
19,"Lynch, Tom",2,1,4,6,0,0,1,1,0,1,1,2,0,1,0,4,3,1,0,2,0,1,89,33,"Richmond","2021",21
31,"Mansell, Rhyan",8,3,5,13,0,0,0,2,3,1,0,1,0,1,0,1,11,0,0,3,0,0,84,33,"Richmond","2021",21
25,"Nankervis, Toby",10,3,5,15,0,1,15,5,3,3,4,6,4,1,0,8,8,0,1,6,0,0,69,33,"Richmond","2021",21
37,"Parker, Matthew",10,3,4,14,1,1,0,4,0,3,1,5,0,0,0,5,9,0,1,1,0,1,66,33,"Richmond","2021",21
3,"Prestia, Dion",13,6,16,29,1,0,0,4,5,4,2,3,1,2,0,9,21,0,0,0,0,1,82,33,"Richmond","2021",21
45,"Ralphsmith, Hugo",10,4,7,17,1,1,0,2,2,3,0,1,0,0,0,6,12,0,1,4,0,0,78,33,"Richmond","2021",21
8,"Riewoldt, Jack",7,4,2,9,2,1,0,1,0,2,0,3,1,2,0,6,4,2,2,3,0,0,92,33,"Richmond","2021",21
17,"Rioli, Daniel",14,9,10,24,0,0,0,2,3,3,0,2,2,0,0,5,20,0,0,1,1,0,82,33,"Richmond","2021",21
49,"Rioli, Maurice",4,0,2,6,1,0,0,2,0,1,0,2,1,0,0,1,3,0,0,1,0,0,70,33,"Richmond","2021",21
15,"Short, Jayden",14,6,12,26,0,0,0,0,2,2,0,3,1,0,0,6,17,0,0,1,3,1,81,33,"Richmond","2021",21
44,"Stack, Sydney",12,9,10,22,0,0,0,2,1,5,0,3,1,0,0,7,16,1,0,0,0,1,80,33,"Richmond","2021",21
1,"Vlastuin, Nick",20,14,10,30,0,1,0,2,5,1,1,2,0,1,0,4,21,1,1,3,0,0,95,33,"Richmond","2021",21
3,"Anderson, Jed",15,6,10,25,0,0,0,4,0,5,8,3,1,1,0,11,14,0,0,0,0,0,72,-33,"North Melbourne","2021",21
16,"Bonar, Aiden",2,1,8,10,0,0,0,1,0,0,1,2,0,1,0,2,8,0,0,3,0,0,83,-33,"North Melbourne","2021",21
42,"Campbell, Tom",2,1,6,8,0,0,7,1,0,1,2,4,2,1,0,6,3,0,0,1,0,0,65,-33,"North Melbourne","2021",21
9,"Davies-Uniacke, Luke",19,5,19,38,0,0,0,2,1,3,5,5,0,1,3,9,29,0,0,1,0,0,82,-33,"North Melbourne","2021",21
14,"Dumont, Trent",12,4,8,20,0,0,0,0,2,3,2,3,1,1,0,4,16,0,0,1,0,0,82,-33,"North Melbourne","2021",21
40,"Ford, Eddie",4,4,4,8,0,0,0,0,0,4,0,2,2,1,0,3,6,0,0,2,0,0,91,-33,"North Melbourne","2021",21
22,"Goldstein, Todd",5,5,15,20,0,0,33,0,0,1,5,3,0,1,0,9,12,0,1,7,0,0,92,-33,"North Melbourne","2021",21
43,"Hall, Aaron",23,9,15,38,0,0,0,0,6,3,0,2,0,0,0,3,30,0,0,2,2,2,91,-33,"North Melbourne","2021",21
20,"Larkey, Nick",7,6,2,9,1,3,0,0,0,1,0,0,0,0,0,2,7,1,4,0,0,1,89,-33,"North Melbourne","2021",21
1,"Mahony, Jack",10,4,8,18,1,0,0,5,0,2,0,4,3,2,0,8,11,0,1,1,0,2,80,-33,"North Melbourne","2021",21
11,"McDonald, Luke",8,4,14,22,0,0,0,0,2,1,0,2,0,0,0,2,22,0,0,3,0,0,79,-33,"North Melbourne","2021",21
23,"McKay, Ben",2,3,7,9,0,0,0,2,0,0,0,1,1,1,0,4,6,0,0,5,0,0,90,-33,"North Melbourne","2021",21
29,"Phillips, Will",0,0,0,0,0,0,0,0,0,0,0,0,0,0,0,0,0,0,0,0,0,0,0,-33,"North Melbourne","2021",21
8,"Scott, Bailey",3,2,3,6,1,0,0,1,1,0,0,1,0,1,0,2,4,1,1,1,0,0,74,-33,"North Melbourne","2021",21
12,"Simpkin, Jy",22,6,12,34,0,1,0,2,1,7,5,8,0,1,0,12,25,0,1,2,1,1,81,-33,"North Melbourne","2021",21
2,"Stephenson, Jaidyn",10,4,6,16,0,2,0,2,0,6,1,3,0,0,0,3,13,0,0,1,0,0,83,-33,"North Melbourne","2021",21
25,"Tarrant, Robbie",12,9,5,17,0,0,0,1,6,0,0,1,0,1,0,3,13,1,0,3,0,0,86,-33,"North Melbourne","2021",21
5,"Taylor, Curtis",6,2,11,17,1,0,0,0,1,1,0,6,0,3,0,4,12,0,1,1,0,0,76,-33,"North Melbourne","2021",21
26,"Thomas, Tarryn",12,8,10,22,0,0,0,4,3,5,2,2,0,0,0,6,17,0,0,1,3,1,75,-33,"North Melbourne","2021",21
28,"Turner, Kayne",9,5,6,15,0,0,0,5,2,0,0,0,3,0,0,6,10,0,0,3,0,0,91,-33,"North Melbourne","2021",21
19,"Walker, Josh",9,6,5,14,0,0,0,0,5,0,0,3,0,0,0,2,11,0,0,2,0,0,78,-33,"North Melbourne","2021",21
7,"Ziebell, Jack",16,9,7,23,0,0,0,2,4,1,1,4,1,0,0,5,14,1,0,1,0,0,79,-33,"North Melbourne","2021",21
44,"Zurhaar, Cameron",7,4,3,10,4,0,0,5,0,1,0,3,1,2,0,5,5,1,3,0,0,0,80,-33,"North Melbourne","2021",21
