"Number","Player","Kicks","Marks","Handballs","Disposals","Goals","Behinds","Hitouts","Tackles","Rebounds50s","Inside50s","Clearances","Clangers","FreesFor","FreesAgainst","BrownlowVotes","ContestedPossessions","UncontestedPossessions","ContestedMarks","MarksInside50","OnePercenters","Bounces","GoalAssists","PercentagePlayed","PointDifference","Team","Season","Round"
15,"Billings, Jack",11,5,8,19,0,2,0,1,3,3,1,0,1,0,0,7,12,1,2,0,0,1,81,-31,"St Kilda","2021",20
16,"Butler, Dan",6,1,7,13,0,1,0,2,1,1,3,0,0,0,0,5,8,0,0,1,0,1,87,-31,"St Kilda","2021",20
31,"Byrnes, Ryan",11,7,6,17,0,0,0,1,0,4,0,2,0,0,0,4,12,1,0,0,0,2,79,-31,"St Kilda","2021",20
11,"Clark, Hunter",8,4,5,13,0,0,0,3,1,0,0,4,0,2,0,3,9,0,0,2,0,0,69,-31,"St Kilda","2021",20
37,"Connolly, Leo",13,3,5,18,0,1,0,0,2,1,1,1,0,0,0,4,12,0,1,1,3,1,80,-31,"St Kilda","2021",20
5,"Crouch, Brad",13,2,14,27,0,0,0,4,0,6,4,6,0,1,0,12,14,0,0,0,0,1,82,-31,"St Kilda","2021",20
7,"Dunstan, Luke",10,4,19,29,0,1,0,2,0,3,10,4,1,0,0,15,14,0,0,1,0,0,77,-31,"St Kilda","2021",20
22,"Higgins, Jack",11,7,9,20,1,0,0,2,0,4,0,4,2,0,0,7,13,1,2,0,0,1,80,-31,"St Kilda","2021",20
34,"Highmore, Tom",7,6,9,16,0,0,0,2,1,1,0,1,1,0,0,6,11,1,0,3,0,0,79,-31,"St Kilda","2021",20
8,"Hill, Bradley",10,2,8,18,0,0,0,4,0,2,1,3,0,2,0,6,13,0,0,0,0,0,82,-31,"St Kilda","2021",20
0,"Howard, Dougal",2,2,4,6,0,0,0,0,1,0,1,2,0,1,0,3,4,0,0,4,0,0,50,-31,"St Kilda","2021",20
41,"Hunter, Paul",0,1,3,3,0,0,21,3,0,0,1,2,0,2,0,2,2,0,0,0,0,0,69,-31,"St Kilda","2021",20
3,"Jones, Zak",13,5,17,30,1,0,0,8,1,5,4,5,1,1,0,9,21,0,0,0,0,0,71,-31,"St Kilda","2021",20
25,"Kent, Dean",6,4,7,13,0,1,0,5,2,3,1,3,1,1,0,5,8,0,1,2,0,0,76,-31,"St Kilda","2021",20
12,"King, Max",6,3,4,10,4,0,0,0,0,0,0,3,2,2,0,6,5,0,3,1,0,0,90,-31,"St Kilda","2021",20
21,"Long, Ben",3,1,5,8,0,0,0,3,0,1,0,1,0,0,0,2,7,0,0,2,0,0,82,-31,"St Kilda","2021",20
19,"Marshall, Rowan",14,4,8,22,1,1,46,5,2,3,1,4,2,2,0,16,7,1,1,4,0,0,81,-31,"St Kilda","2021",20
28,"Membrey, Tim",10,6,5,15,3,0,2,0,0,3,0,3,1,1,0,4,11,0,3,3,0,1,97,-31,"St Kilda","2021",20
6,"Ross, Sebastian",10,3,14,24,0,0,0,4,3,3,2,2,0,1,0,10,11,1,0,2,0,0,84,-31,"St Kilda","2021",20
0,"Sharman, Cooper",5,4,3,8,2,1,1,1,0,2,1,1,0,0,0,2,6,0,3,0,0,0,39,-31,"St Kilda","2021",20
9,"Steele, Jack",20,5,16,36,0,1,0,14,1,4,8,4,4,2,1,19,18,1,1,0,0,2,85,-31,"St Kilda","2021",20
29,"Webster, Jimmy",7,1,6,13,0,0,0,0,4,1,0,2,3,0,0,4,8,0,0,4,0,0,81,-31,"St Kilda","2021",20
44,"Wilkie, Callum",9,3,4,13,0,0,0,0,4,1,0,6,1,4,0,4,8,0,0,5,0,0,100,-31,"St Kilda","2021",20
9,"Cripps, Patrick",8,2,18,26,1,1,0,6,2,3,6,6,5,2,0,15,11,0,0,1,0,1,85,31,"Carlton","2021",20
30,"Curnow, Charlie",6,0,2,8,1,0,0,2,0,3,0,0,1,0,0,3,5,0,0,1,0,0,75,31,"Carlton","2021",20
35,"Curnow, Ed",14,3,3,17,0,0,0,8,1,4,3,4,2,2,0,6,13,0,0,1,0,0,85,31,"Carlton","2021",20
0,"De Koning, Tom",0,0,2,2,0,0,5,1,0,0,0,0,0,0,0,0,2,0,0,0,0,0,19,31,"Carlton","2021",20
2,"Dow, Paddy",10,5,12,22,1,0,0,3,0,4,4,5,0,0,0,6,15,0,1,1,0,2,86,31,"Carlton","2021",20
25,"Fisher, Zac",9,2,9,18,0,0,0,5,3,5,3,2,0,0,0,6,11,0,0,2,1,2,77,31,"Carlton","2021",20
36,"Honey, Josh",7,2,6,13,2,1,0,2,0,3,0,3,1,1,0,6,6,1,1,1,0,3,67,31,"Carlton","2021",20
14,"Jones, Liam",10,5,1,11,0,0,0,2,4,0,2,3,2,0,0,4,6,0,0,5,0,0,97,31,"Carlton","2021",20
7,"Kennedy, Matthew",10,3,13,23,1,0,0,10,0,0,2,3,1,1,0,12,13,0,0,1,0,0,82,31,"Carlton","2021",20
21,"Martin, Jack",6,6,8,14,0,0,0,4,1,2,2,3,0,2,0,6,7,2,1,0,0,2,77,31,"Carlton","2021",20
10,"McKay, Harry",11,7,0,11,5,2,1,1,0,0,0,3,3,0,2,5,6,2,5,0,0,0,100,31,"Carlton","2021",20
0,"Murphy, Marc",3,0,1,4,1,0,0,0,0,0,0,1,1,0,0,2,2,0,0,0,0,0,41,31,"Carlton","2021",20
24,"Newman, Nic",15,6,2,17,0,0,0,5,3,0,0,3,1,2,0,3,10,0,0,2,0,0,79,31,"Carlton","2021",20
32,"Newnes, Jack",9,3,10,19,0,0,0,1,1,3,4,1,1,1,0,10,9,0,0,2,0,0,83,31,"Carlton","2021",20
4,"OBrien, Lochie",11,5,10,21,0,0,0,2,2,6,0,2,1,0,0,7,13,0,0,1,0,4,76,31,"Carlton","2021",20
44,"Owies, Matthew",1,0,5,6,0,0,0,4,0,0,0,3,0,2,0,3,3,0,0,1,0,1,69,31,"Carlton","2021",20
20,"Plowman, Lachie",5,2,0,5,0,0,0,2,1,0,0,2,0,0,0,0,4,0,0,4,1,0,95,31,"Carlton","2021",20
42,"Saad, Adam",13,4,4,17,0,0,0,0,6,1,0,3,0,1,0,3,11,0,0,2,6,0,84,31,"Carlton","2021",20
1,"Silvagni, Jack",13,5,12,25,1,0,5,9,1,3,6,1,1,0,0,8,16,0,1,2,0,0,85,31,"Carlton","2021",20
13,"Stocker, Liam",4,4,3,7,0,0,0,2,2,2,0,3,0,2,0,4,4,1,0,2,0,0,68,31,"Carlton","2021",20
18,"Walsh, Sam",13,3,13,26,3,0,0,4,1,3,3,2,0,0,3,11,15,0,0,0,0,1,89,31,"Carlton","2021",20
23,"Weitering, Jacob",17,10,4,21,0,0,0,0,8,0,1,4,1,2,0,9,11,2,0,6,0,0,96,31,"Carlton","2021",20
31,"Williamson, Tom",9,4,4,13,2,0,0,6,2,2,1,3,1,2,0,3,11,0,1,2,0,0,85,31,"Carlton","2021",20
