"Number","Player","Kicks","Marks","Handballs","Disposals","Goals","Behinds","Hitouts","Tackles","Rebounds50s","Inside50s","Clearances","Clangers","FreesFor","FreesAgainst","BrownlowVotes","ContestedPossessions","UncontestedPossessions","ContestedMarks","MarksInside50","OnePercenters","Bounces","GoalAssists","PercentagePlayed","PointDifference","Team","Season","Round"
13,"Cox, Nik",8,4,9,17,1,1,1,3,1,2,2,0,1,0,0,5,12,0,0,3,0,0,81,75,"Essendon","2021",3
0,"Cutler, Tom",11,6,2,13,0,0,0,1,1,3,0,1,0,0,0,0,12,0,0,1,0,1,45,75,"Essendon","2021",3
10,"Francis, Aaron",12,10,8,20,0,0,0,4,8,0,0,0,0,0,0,1,18,0,0,4,0,0,88,75,"Essendon","2021",3
35,"Guelfi, Matt",9,5,9,18,0,0,0,2,1,2,0,2,0,0,0,6,12,1,0,0,1,0,79,75,"Essendon","2021",3
33,"Ham, Brayden",12,9,13,25,0,0,0,1,0,5,1,4,1,2,0,6,18,0,0,2,0,2,86,75,"Essendon","2021",3
19,"Hind, Nick",19,9,6,25,0,0,0,1,6,2,0,3,0,1,0,3,22,0,0,2,0,1,76,75,"Essendon","2021",3
26,"Hooker, Cale",9,6,4,13,5,2,0,1,0,2,1,2,1,1,1,5,8,1,4,1,0,1,90,75,"Essendon","2021",3
23,"Jones, Harry",6,5,3,9,2,0,0,2,0,0,0,3,2,1,0,6,4,1,2,1,0,1,76,75,"Essendon","2021",3
4,"Langford, Kyle",11,8,11,22,0,0,1,1,3,1,0,4,0,2,0,7,16,1,0,1,1,0,84,75,"Essendon","2021",3
15,"Laverde, Jayden",8,5,8,16,0,0,0,2,5,0,1,2,0,1,0,5,9,0,0,5,0,0,83,75,"Essendon","2021",3
43,"McDonald-Tipungwuti, Anthony",9,5,4,13,3,1,0,3,0,1,2,0,2,0,0,8,6,0,3,0,0,1,83,75,"Essendon","2021",3
1,"McGrath, Andrew",12,6,11,23,1,0,0,2,0,3,1,2,2,0,0,5,19,0,0,3,0,0,79,75,"Essendon","2021",3
7,"Merrett, Zach",18,7,16,34,0,0,0,4,1,7,4,3,1,1,0,5,28,0,0,1,0,3,73,75,"Essendon","2021",3
3,"Parish, Darcy",17,9,17,34,0,0,0,2,2,4,10,6,0,1,3,12,21,0,0,2,0,2,79,75,"Essendon","2021",3
16,"Perkins, Archie",8,1,6,14,0,1,0,3,0,6,0,4,0,1,0,2,12,0,0,0,0,0,68,75,"Essendon","2021",3
0,"Redman, Mason",8,2,2,10,1,0,0,2,0,2,0,0,1,0,0,3,7,0,0,1,0,0,39,75,"Essendon","2021",3
14,"Ridley, Jordan",22,10,13,35,0,0,0,2,9,0,0,3,0,2,2,9,15,2,0,6,1,0,90,75,"Essendon","2021",3
5,"Smith, Devon",12,8,14,26,1,1,0,5,0,5,2,3,1,1,0,8,19,1,0,4,0,2,86,75,"Essendon","2021",3
40,"Snelling, Will",9,6,14,23,2,1,0,6,1,1,0,1,2,0,0,5,18,0,2,0,0,1,85,75,"Essendon","2021",3
25,"Stringer, Jake",10,4,2,12,4,0,0,2,1,5,3,2,3,1,0,6,8,1,3,2,0,1,77,75,"Essendon","2021",3
45,"Waterman, Alec",9,4,3,12,2,2,0,2,0,3,1,2,1,0,0,8,4,1,3,2,0,3,76,75,"Essendon","2021",3
20,"Wright, Peter",8,4,6,14,0,1,19,2,2,1,5,3,3,1,0,6,8,0,0,6,0,0,88,75,"Essendon","2021",3
30,"Zerk-Thatcher, Brandon",8,3,7,15,0,0,1,1,3,1,0,4,1,2,0,3,12,0,0,4,0,0,91,75,"Essendon","2021",3
26,"Battle, Josh",6,4,4,10,0,1,0,2,1,1,0,1,1,0,0,2,7,0,0,4,0,0,77,-75,"St Kilda","2021",3
15,"Billings, Jack",14,7,3,17,2,1,0,0,2,4,2,4,1,1,0,5,12,0,1,0,0,0,86,-75,"St Kilda","2021",3
16,"Butler, Dan",5,1,2,7,0,0,0,0,0,3,0,2,0,1,0,2,6,0,0,0,1,0,91,-75,"St Kilda","2021",3
2,"Carlisle, Jake",8,6,5,13,0,2,15,0,0,1,4,1,1,1,0,10,3,3,1,4,0,0,76,-75,"St Kilda","2021",3
11,"Clark, Hunter",7,1,10,17,0,0,0,3,2,0,1,3,2,0,0,7,8,0,0,2,0,0,67,-75,"St Kilda","2021",3
1,"Coffield, Nick",11,6,4,15,0,0,0,1,4,0,0,5,1,2,0,3,12,0,0,3,0,0,79,-75,"St Kilda","2021",3
5,"Crouch, Brad",7,3,8,15,1,2,0,5,1,2,4,2,1,1,0,10,4,0,1,1,0,0,73,-75,"St Kilda","2021",3
0,"Gresham, Jade",4,1,2,6,0,0,0,1,1,2,1,3,0,2,0,1,5,0,0,0,0,1,24,-75,"St Kilda","2021",3
22,"Higgins, Jack",8,6,9,17,3,0,0,2,0,2,0,2,4,0,0,8,8,1,2,0,1,0,87,-75,"St Kilda","2021",3
8,"Hill, Bradley",8,5,8,16,0,0,0,0,2,1,1,1,0,1,0,1,16,0,1,2,0,0,89,-75,"St Kilda","2021",3
20,"Howard, Dougal",9,5,4,13,0,0,1,1,5,0,0,2,1,0,0,6,3,3,0,5,0,0,95,-75,"St Kilda","2021",3
3,"Jones, Zak",12,4,6,18,0,0,0,1,1,5,1,3,0,0,0,3,15,0,1,0,0,1,62,-75,"St Kilda","2021",3
12,"King, Max",7,5,1,8,1,2,1,1,0,3,0,1,1,1,0,4,4,3,3,0,0,0,84,-75,"St Kilda","2021",3
0,"Long, Ben",2,3,4,6,0,0,0,1,1,0,0,4,0,2,0,2,4,0,0,1,0,0,58,-75,"St Kilda","2021",3
13,"Lonie, Jack",9,5,8,17,0,1,0,1,1,4,0,0,0,0,0,1,16,1,0,0,0,3,85,-75,"St Kilda","2021",3
36,"McKenzie, Daniel",6,3,2,8,0,0,0,1,1,2,0,3,0,2,0,3,6,0,0,2,1,1,81,-75,"St Kilda","2021",3
27,"McKernan, Shaun",5,2,7,12,0,0,14,2,0,1,2,8,0,2,0,8,4,1,0,1,0,0,69,-75,"St Kilda","2021",3
28,"Membrey, Tim",10,9,7,17,1,2,0,2,0,4,0,4,2,0,0,10,8,5,4,0,0,0,92,-75,"St Kilda","2021",3
6,"Ross, Sebastian",9,2,9,18,0,1,0,1,0,5,3,1,0,1,0,6,12,0,0,0,0,0,89,-75,"St Kilda","2021",3
35,"Sinclair, Jack",9,3,5,14,0,0,0,1,3,4,1,3,0,1,0,6,9,0,0,2,1,1,87,-75,"St Kilda","2021",3
9,"Steele, Jack",18,5,17,35,1,1,0,4,4,7,7,4,2,1,0,15,20,0,1,5,0,0,83,-75,"St Kilda","2021",3
44,"Wilkie, Callum",10,4,3,13,0,0,0,0,1,0,0,2,1,2,0,4,9,2,0,4,0,0,95,-75,"St Kilda","2021",3
32,"Wood, Mason",8,5,6,14,0,0,0,2,2,2,0,3,0,1,0,3,11,0,0,0,0,0,73,-75,"St Kilda","2021",3
