"Number","Player","Kicks","Marks","Handballs","Disposals","Goals","Behinds","Hitouts","Tackles","Rebounds50s","Inside50s","Clearances","Clangers","FreesFor","FreesAgainst","BrownlowVotes","ContestedPossessions","UncontestedPossessions","ContestedMarks","MarksInside50","OnePercenters","Bounces","GoalAssists","PercentagePlayed","PointDifference","Team","Season","Round"
7,"Ash, Lachie",0,0,0,0,0,0,0,0,0,0,0,0,0,0,0,0,0,0,0,0,0,0,0,-18,"Greater Western Sydney","2021",15
32,"Briggs, Kieren",4,2,10,14,1,0,9,2,2,2,3,2,2,1,0,10,5,1,1,2,0,0,66,-18,"Greater Western Sydney","2021",15
44,"Buckley, Jack",5,6,2,7,0,0,0,2,4,0,1,4,0,2,0,3,5,1,0,9,0,0,93,-18,"Greater Western Sydney","2021",15
13,"Cumming, Isaac",22,8,5,27,0,0,0,2,4,4,0,3,1,1,0,7,13,3,0,4,0,0,87,-18,"Greater Western Sydney","2021",15
16,"Daniels, Brent",2,1,8,10,0,0,0,3,0,0,1,1,0,0,0,5,5,0,0,1,0,1,77,-18,"Greater Western Sydney","2021",15
1,"Davis, Phil",3,4,5,8,0,0,0,0,0,0,0,2,0,2,0,2,6,1,0,3,0,1,78,-18,"Greater Western Sydney","2021",15
24,"de Boer, Matt",3,2,9,12,0,0,0,1,1,3,0,0,0,0,0,4,9,0,0,1,0,0,78,-18,"Greater Western Sydney","2021",15
31,"Finlayson, Jeremy",5,4,2,7,1,0,2,5,0,0,0,4,0,1,0,0,7,0,2,0,0,0,84,-18,"Greater Western Sydney","2021",15
30,"Flynn, Matt",3,6,11,14,0,1,15,0,1,1,2,2,1,1,0,9,5,4,1,2,0,0,73,-18,"Greater Western Sydney","2021",15
4,"Greene, Toby",9,2,7,16,2,1,0,3,0,3,2,4,2,2,0,9,8,0,0,1,0,1,89,-18,"Greater Western Sydney","2021",15
19,"Haynes, Nick",13,13,5,18,0,0,0,2,6,1,0,2,2,1,0,6,12,3,0,5,2,0,85,-18,"Greater Western Sydney","2021",15
37,"Hill, Bobby",7,2,5,12,2,0,0,1,1,0,0,1,1,0,0,1,10,0,1,0,0,1,75,-18,"Greater Western Sydney","2021",15
27,"Himmelberg, Harry",7,3,3,10,0,0,0,3,0,2,0,3,1,2,0,3,7,0,0,0,1,1,91,-18,"Greater Western Sydney","2021",15
2,"Hopper, Jacob",13,2,11,24,0,0,0,2,3,6,10,4,2,1,0,12,13,0,0,0,2,0,80,-18,"Greater Western Sydney","2021",15
39,"Idun, Connor",8,6,2,10,0,0,0,2,0,1,0,2,1,1,0,3,8,0,0,3,0,0,89,-18,"Greater Western Sydney","2021",15
22,"Kelly, Josh",13,1,12,25,0,2,0,8,0,6,2,2,3,2,0,7,18,0,0,0,0,0,79,-18,"Greater Western Sydney","2021",15
40,"Kennedy, Adam",9,5,8,17,0,1,0,2,2,1,2,2,0,0,0,6,12,0,1,1,0,1,76,-18,"Greater Western Sydney","2021",15
38,"Lloyd, Daniel",10,6,2,12,2,0,0,3,1,2,0,3,2,0,0,2,9,0,1,0,0,0,84,-18,"Greater Western Sydney","2021",15
36,"Perryman, Harry",21,5,8,29,1,0,0,2,7,5,3,5,0,1,0,8,20,0,0,3,0,0,86,-18,"Greater Western Sydney","2021",15
50,"Reid, Sam",6,0,5,11,0,0,0,6,3,1,0,3,1,0,0,4,4,0,0,0,0,1,83,-18,"Greater Western Sydney","2021",15
14,"Taranto, Tim",10,5,15,25,0,0,0,5,2,3,3,4,0,0,0,11,14,0,0,3,0,1,83,-18,"Greater Western Sydney","2021",15
8,"Ward, Callan",14,5,6,20,2,0,0,1,4,4,4,0,3,0,0,8,13,1,0,1,1,1,75,-18,"Greater Western Sydney","2021",15
6,"Whitfield, Lachie",20,6,12,32,0,0,0,6,2,4,1,4,0,1,2,4,28,0,0,0,2,0,89,-18,"Greater Western Sydney","2021",15
16,"Bramble, Lachlan",7,4,4,11,0,1,0,1,0,6,0,1,0,0,0,0,11,0,0,0,2,2,77,18,"Hawthorn","2021",15
22,"Breust, Luke",2,1,8,10,1,1,0,2,0,0,1,0,0,0,0,3,7,0,1,1,0,1,83,18,"Hawthorn","2021",15
0,"Burgoyne, Shaun",3,0,6,9,0,0,0,1,0,1,1,0,1,0,0,5,5,0,0,1,0,0,27,18,"Hawthorn","2021",15
18,"Ceglar, Jonathon",7,7,8,15,0,0,29,0,1,2,5,2,1,2,0,10,7,2,1,1,0,0,76,18,"Hawthorn","2021",15
12,"Day, Will",15,7,14,29,0,0,0,0,3,6,1,4,0,2,1,10,17,1,0,4,3,0,79,18,"Hawthorn","2021",15
8,"Frost, Sam",8,2,4,12,0,0,0,3,4,2,0,2,2,0,0,5,6,1,0,5,2,0,100,18,"Hawthorn","2021",15
38,"Grainger-Barras, Denver",4,4,3,7,0,0,0,0,1,0,0,2,1,1,0,3,4,1,0,3,0,0,56,18,"Hawthorn","2021",15
15,"Hardwick, Blake",8,4,4,12,0,0,0,1,4,1,0,1,0,1,0,2,8,0,0,2,0,0,82,18,"Hawthorn","2021",15
28,"Hartigan, Kyle",7,4,6,13,0,0,0,3,4,1,0,3,1,1,0,7,6,3,0,3,0,0,99,18,"Hawthorn","2021",15
17,"Howe, Daniel",18,9,13,31,0,0,0,1,2,3,0,2,0,0,0,2,28,0,0,1,1,1,84,18,"Hawthorn","2021",15
29,"Jiath, Changkuoth",14,8,8,22,0,0,0,0,5,4,0,4,0,2,0,6,17,1,0,5,1,0,77,18,"Hawthorn","2021",15
34,"Koschitzke, Jacob",3,2,3,6,0,2,0,3,0,0,0,0,0,0,0,2,3,1,2,4,0,0,80,18,"Hawthorn","2021",15
7,"McEvoy, Ben",9,8,10,19,1,2,9,3,1,1,2,3,1,0,0,11,9,3,3,3,0,2,89,18,"Hawthorn","2021",15
3,"Mitchell, Tom",16,11,24,40,0,0,0,3,1,3,2,3,1,1,3,7,33,0,0,1,0,0,82,18,"Hawthorn","2021",15
36,"Moore, Dylan",14,4,6,20,4,1,0,1,2,5,2,3,2,1,0,6,15,0,2,3,0,0,84,18,"Hawthorn","2021",15
44,"Newcombe, Jai",9,5,3,12,1,0,0,4,2,1,1,5,0,2,0,2,9,0,1,0,0,0,74,18,"Hawthorn","2021",15
23,"OBrien, Tim",9,5,4,13,2,2,0,2,0,2,1,2,4,1,0,8,5,2,3,2,0,0,91,18,"Hawthorn","2021",15
10,"OMeara, Jaeger",12,6,11,23,1,1,0,0,1,4,6,2,0,1,0,9,15,0,0,3,0,0,81,18,"Hawthorn","2021",15
21,"Phillips, Tom",4,4,8,12,1,0,0,1,0,0,0,0,1,0,0,5,7,0,1,1,0,0,78,18,"Hawthorn","2021",15
14,"Scrimshaw, Jack",17,6,11,28,0,0,0,2,4,1,1,1,1,0,0,11,15,2,0,4,1,1,83,18,"Hawthorn","2021",15
26,"Shiels, Liam",16,4,10,26,0,0,0,6,2,9,4,6,1,4,0,8,16,0,0,2,0,1,82,18,"Hawthorn","2021",15
0,"Wingard, Chad",4,3,4,8,1,0,0,4,0,2,0,1,0,0,0,3,7,0,1,1,0,1,53,18,"Hawthorn","2021",15
5,"Worpel, James",16,1,5,21,1,0,0,4,1,5,7,7,2,3,0,11,9,0,0,3,0,0,80,18,"Hawthorn","2021",15
