"Number","Player","Kicks","Marks","Handballs","Disposals","Goals","Behinds","Hitouts","Tackles","Rebounds50s","Inside50s","Clearances","Clangers","FreesFor","FreesAgainst","BrownlowVotes","ContestedPossessions","UncontestedPossessions","ContestedMarks","MarksInside50","OnePercenters","Bounces","GoalAssists","PercentagePlayed","PointDifference","Team","Season","Round"
12,"Allen, Oscar",4,1,1,5,0,1,1,2,1,0,0,1,1,1,0,3,1,1,0,2,0,0,84,8,"West Coast","2021",19
0,"Brander, Jarrod",2,3,9,11,0,0,0,0,0,0,0,2,0,0,0,3,9,1,0,0,0,0,56,8,"West Coast","2021",19
28,"Cole, Tom",8,4,2,10,0,0,0,2,3,0,0,1,0,1,0,2,7,0,0,3,0,0,85,8,"West Coast","2021",19
15,"Cripps, Jamie",13,7,4,17,1,2,0,2,0,5,0,3,1,0,0,3,15,0,2,0,0,1,88,8,"West Coast","2021",19
27,"Darling, Jack",5,4,1,6,3,0,0,4,0,1,1,1,1,1,0,5,3,2,2,4,0,0,93,8,"West Coast","2021",19
14,"Duggan, Liam",18,9,2,20,0,0,0,2,4,1,0,1,0,1,0,3,17,1,0,3,0,0,82,8,"West Coast","2021",19
42,"Edwards, Harry",13,12,3,16,0,0,0,1,3,0,0,0,1,0,0,3,13,0,0,6,0,0,76,8,"West Coast","2021",19
3,"Gaff, Andrew",19,10,10,29,0,0,0,1,3,4,1,2,2,0,0,7,21,0,0,0,0,1,87,8,"West Coast","2021",19
25,"Hurn, Shannon",15,9,6,21,0,0,0,1,4,2,2,3,1,1,0,7,12,0,0,0,3,0,80,8,"West Coast","2021",19
34,"Hutchings, Mark",7,3,2,9,0,0,0,1,1,1,1,0,0,0,0,3,7,1,0,1,0,0,77,8,"West Coast","2021",19
11,"Kelly, Tim",19,5,7,26,1,0,0,1,2,7,5,3,0,2,3,9,17,0,0,1,1,3,82,8,"West Coast","2021",19
17,"Kennedy, Josh",9,8,2,11,3,0,0,2,0,3,0,1,0,1,0,3,9,1,4,3,0,0,83,8,"West Coast","2021",19
7,"Langdon, Zac",7,2,7,14,1,0,0,3,0,1,0,3,1,0,0,7,7,0,1,0,0,0,79,8,"West Coast","2021",19
20,"McGovern, Jeremy",9,3,1,10,0,0,9,1,3,1,2,1,1,0,0,5,4,1,0,9,0,0,89,8,"West Coast","2021",19
9,"Naitanui, Nic",7,3,5,12,1,1,24,2,1,5,8,3,3,1,0,13,2,2,1,3,0,1,67,8,"West Coast","2021",19
24,"ONeill, Xavier",3,1,4,7,0,0,0,4,0,2,1,0,0,0,0,3,5,0,0,1,0,2,77,8,"West Coast","2021",19
35,"Rotham, Josh",10,9,5,15,0,0,0,1,5,1,0,2,0,1,0,5,15,1,0,8,0,0,93,8,"West Coast","2021",19
0,"Ryan, Liam",2,0,0,2,1,0,0,0,0,1,0,0,0,0,0,2,0,0,0,0,1,0,15,8,"West Coast","2021",19
4,"Sheed, Dom",15,6,17,32,2,0,0,0,4,3,7,4,0,1,2,13,16,0,0,0,0,0,84,8,"West Coast","2021",19
5,"Sheppard, Brad",12,5,5,17,0,0,0,1,3,2,1,2,0,1,0,5,13,1,0,1,0,0,94,8,"West Coast","2021",19
2,"Waterman, Jake",12,12,4,16,1,3,0,1,0,5,1,1,1,0,0,2,14,0,4,1,1,2,76,8,"West Coast","2021",19
36,"West, Connor",8,3,3,11,0,1,0,2,1,5,0,2,2,1,0,6,8,0,1,0,0,0,74,8,"West Coast","2021",19
6,"Yeo, Elliot",11,3,13,24,0,1,0,5,0,4,9,3,3,2,0,20,6,0,0,2,0,0,79,8,"West Coast","2021",19
15,"Billings, Jack",9,5,6,15,1,1,0,0,0,2,0,4,0,2,0,3,12,0,1,2,0,0,84,-8,"St Kilda","2021",19
16,"Butler, Dan",11,4,9,20,2,0,0,4,1,3,0,1,2,1,0,8,10,0,0,1,3,2,92,-8,"St Kilda","2021",19
31,"Byrnes, Ryan",10,4,8,18,0,1,0,3,4,1,3,3,0,0,0,4,13,1,0,0,0,0,76,-8,"St Kilda","2021",19
38,"Clavarino, Oscar",7,6,7,14,0,0,0,3,1,3,0,4,0,1,0,5,9,1,0,5,0,0,87,-8,"St Kilda","2021",19
1,"Coffield, Nick",12,3,5,17,0,0,0,2,4,2,1,1,1,1,0,6,12,0,0,3,0,0,80,-8,"St Kilda","2021",19
37,"Connolly, Leo",7,0,3,10,0,0,0,1,1,2,0,2,0,1,0,3,8,0,0,0,0,0,78,-8,"St Kilda","2021",19
5,"Crouch, Brad",8,2,9,17,0,0,0,2,2,2,2,5,0,1,0,5,11,0,0,0,0,0,72,-8,"St Kilda","2021",19
7,"Dunstan, Luke",10,3,8,18,0,0,0,2,1,2,4,1,2,1,0,10,9,0,0,1,0,0,76,-8,"St Kilda","2021",19
8,"Hill, Bradley",14,6,12,26,0,0,0,1,2,2,0,1,0,0,0,1,23,0,0,2,1,1,85,-8,"St Kilda","2021",19
20,"Howard, Dougal",6,4,4,10,0,0,0,0,2,1,0,1,0,0,0,1,6,0,0,8,0,0,93,-8,"St Kilda","2021",19
41,"Hunter, Paul",2,0,5,7,1,0,8,5,0,0,3,4,3,4,0,7,1,0,0,2,0,0,60,-8,"St Kilda","2021",19
3,"Jones, Zak",19,5,13,32,0,0,0,1,3,8,7,0,1,0,0,13,19,0,0,1,5,0,79,-8,"St Kilda","2021",19
25,"Kent, Dean",9,7,4,13,0,2,0,3,0,6,0,2,1,1,0,4,10,1,1,0,0,0,81,-8,"St Kilda","2021",19
12,"King, Max",10,9,3,13,6,1,0,1,1,2,0,2,0,0,1,11,2,8,8,1,0,1,93,-8,"St Kilda","2021",19
21,"Long, Ben",5,3,4,9,0,2,0,3,0,0,0,1,2,1,0,6,4,1,0,2,0,0,82,-8,"St Kilda","2021",19
28,"Membrey, Tim",5,3,5,10,1,0,2,0,0,1,0,1,0,0,0,6,4,2,1,1,0,2,92,-8,"St Kilda","2021",19
6,"Ross, Sebastian",10,7,12,22,0,0,0,2,1,3,4,0,0,0,0,9,12,1,0,2,0,1,79,-8,"St Kilda","2021",19
18,"Ryder, Paddy",4,2,2,6,1,0,27,2,0,2,2,0,0,0,0,3,2,1,0,4,0,0,66,-8,"St Kilda","2021",19
43,"Sharman, Cooper",0,0,0,0,0,0,0,0,0,0,0,0,0,0,0,0,0,0,0,0,0,0,0,-8,"St Kilda","2021",19
35,"Sinclair, Jack",11,4,11,22,1,0,0,3,3,1,0,2,0,0,0,2,19,0,0,3,0,0,82,-8,"St Kilda","2021",19
9,"Steele, Jack",11,5,7,18,0,0,0,13,2,7,5,4,1,3,0,10,12,0,0,3,0,1,85,-8,"St Kilda","2021",19
29,"Webster, Jimmy",10,4,7,17,0,0,0,2,5,0,1,0,2,0,0,6,11,2,0,0,0,0,79,-8,"St Kilda","2021",19
44,"Wilkie, Callum",11,5,4,15,0,0,0,3,5,1,0,3,0,1,0,5,10,0,0,4,0,1,100,-8,"St Kilda","2021",19
