"Number","Player","Kicks","Marks","Handballs","Disposals","Goals","Behinds","Hitouts","Tackles","Rebounds50s","Inside50s","Clearances","Clangers","FreesFor","FreesAgainst","BrownlowVotes","ContestedPossessions","UncontestedPossessions","ContestedMarks","MarksInside50","OnePercenters","Bounces","GoalAssists","PercentagePlayed","PointDifference","Team","Season","Round"
7,"Ash, Lachie",17,8,3,20,0,0,0,3,3,0,1,1,1,0,0,2,15,0,0,0,4,0,80,16,"Greater Western Sydney","2021",10
44,"Buckley, Jack",10,5,3,13,0,0,0,4,1,3,0,3,1,1,0,6,8,0,0,14,0,0,90,16,"Greater Western Sydney","2021",10
21,"Buntine, Matt",9,5,3,12,0,0,0,4,6,1,2,0,0,0,0,5,8,0,0,1,0,0,81,16,"Greater Western Sydney","2021",10
13,"Cumming, Isaac",13,4,7,20,0,0,0,2,3,0,1,3,0,2,0,5,7,0,0,5,1,0,81,16,"Greater Western Sydney","2021",10
31,"Finlayson, Jeremy",11,6,4,15,3,1,0,0,0,4,0,0,0,0,0,6,9,2,2,2,0,1,83,16,"Greater Western Sydney","2021",10
30,"Flynn, Matt",7,6,6,13,2,0,11,0,1,1,3,2,1,0,0,8,6,3,2,5,0,0,69,16,"Greater Western Sydney","2021",10
12,"Green, Tom",13,7,14,27,2,2,0,3,1,2,6,1,0,0,3,13,15,0,2,2,0,0,75,16,"Greater Western Sydney","2021",10
19,"Haynes, Nick",12,10,5,17,0,0,0,0,4,1,0,1,1,0,0,4,13,0,0,8,0,0,85,16,"Greater Western Sydney","2021",10
37,"Hill, Bobby",8,3,7,15,2,2,0,4,0,3,1,2,2,0,0,5,10,0,1,3,1,0,83,16,"Greater Western Sydney","2021",10
27,"Himmelberg, Harry",11,5,9,20,0,2,0,2,0,2,0,5,1,2,0,9,11,2,1,2,0,3,93,16,"Greater Western Sydney","2021",10
2,"Hopper, Jacob",15,2,13,28,0,1,0,6,2,4,6,5,1,1,1,11,18,0,0,0,0,2,86,16,"Greater Western Sydney","2021",10
39,"Idun, Connor",10,7,8,18,0,0,0,1,1,1,0,2,0,0,0,6,12,0,0,3,0,0,89,16,"Greater Western Sydney","2021",10
22,"Kelly, Josh",19,5,6,25,0,0,0,8,3,7,7,4,0,2,0,13,13,0,0,1,0,0,82,16,"Greater Western Sydney","2021",10
38,"Lloyd, Daniel",13,6,4,17,1,1,0,8,1,4,1,7,1,3,0,4,12,0,1,1,0,1,80,16,"Greater Western Sydney","2021",10
41,"Mumford, Shane",3,3,5,8,0,0,10,7,0,1,3,1,0,0,0,5,3,1,1,3,0,0,68,16,"Greater Western Sydney","2021",10
33,"OHalloran, Xavier",0,0,0,0,0,0,0,0,0,0,0,0,0,0,0,0,0,0,0,0,0,0,0,16,"Greater Western Sydney","2021",10
50,"Reid, Sam",3,2,4,7,0,1,0,3,0,1,0,3,0,2,0,2,5,1,1,1,0,1,78,16,"Greater Western Sydney","2021",10
26,"Riccardi, Jake",8,7,6,14,0,0,0,1,0,0,0,1,0,0,0,0,15,0,0,0,0,0,85,16,"Greater Western Sydney","2021",10
28,"Sproule, Zach",8,3,3,11,2,1,0,3,0,1,0,4,2,1,0,5,6,1,0,3,0,1,75,16,"Greater Western Sydney","2021",10
14,"Taranto, Tim",15,5,10,25,0,0,0,8,3,7,2,0,0,0,0,6,20,0,0,0,0,0,78,16,"Greater Western Sydney","2021",10
15,"Taylor, Sam",13,9,8,21,0,0,0,4,2,0,0,2,2,0,0,3,18,0,0,4,0,0,93,16,"Greater Western Sydney","2021",10
8,"Ward, Callan",14,3,15,29,0,0,0,6,0,5,5,2,1,1,2,9,23,0,0,1,1,0,78,16,"Greater Western Sydney","2021",10
6,"Whitfield, Lachie",16,10,13,29,1,0,0,2,3,2,3,5,1,0,0,7,23,0,2,1,4,0,87,16,"Greater Western Sydney","2021",10
41,"Ah Chee, Brendon",2,0,12,14,0,1,0,0,0,1,2,5,0,0,0,7,8,0,0,1,0,1,75,-16,"West Coast","2021",10
12,"Allen, Oscar",8,6,7,15,1,1,0,2,1,3,0,1,2,1,0,9,7,4,3,1,0,2,86,-16,"West Coast","2021",10
37,"Barrass, Tom",10,5,2,12,0,0,0,2,3,0,0,3,3,1,0,7,5,2,0,5,0,0,88,-16,"West Coast","2021",10
10,"Brander, Jarrod",7,3,3,10,0,0,0,3,1,2,0,4,0,2,0,2,11,0,0,0,0,0,85,-16,"West Coast","2021",10
28,"Cole, Tom",8,4,1,9,0,0,0,1,1,2,0,3,1,1,0,4,5,2,0,1,0,0,87,-16,"West Coast","2021",10
15,"Cripps, Jamie",10,1,1,11,2,1,0,3,0,1,1,2,0,0,0,5,8,0,0,5,0,0,92,-16,"West Coast","2021",10
27,"Darling, Jack",8,6,7,15,1,2,0,3,0,3,0,5,1,2,0,9,7,3,3,1,0,1,100,-16,"West Coast","2021",10
42,"Edwards, Harry",4,2,3,7,0,0,0,1,3,2,0,0,1,0,0,3,6,0,0,4,0,0,85,-16,"West Coast","2021",10
3,"Gaff, Andrew",16,5,12,28,0,0,0,1,3,4,2,4,0,2,0,3,23,0,0,0,0,1,86,-16,"West Coast","2021",10
25,"Hurn, Shannon",13,2,8,21,0,0,0,4,5,1,0,2,0,0,0,6,6,1,0,3,1,0,77,-16,"West Coast","2021",10
31,"Jones, Jamaine",0,0,0,0,0,0,0,0,0,0,0,0,0,0,0,0,0,0,0,0,0,0,0,-16,"West Coast","2021",10
11,"Kelly, Tim",10,1,12,22,1,0,0,3,1,8,8,2,1,1,0,15,10,0,0,1,0,0,85,-16,"West Coast","2021",10
17,"Kennedy, Josh",7,6,3,10,1,2,0,0,0,2,0,2,0,1,0,5,6,1,3,3,0,0,83,-16,"West Coast","2021",10
9,"Naitanui, Nic",6,1,9,15,0,1,35,6,0,3,7,1,0,1,0,12,3,1,0,2,2,2,67,-16,"West Coast","2021",10
30,"Nelson, Jackson",7,3,2,9,0,0,0,1,4,0,2,0,0,0,0,4,5,0,0,5,0,0,80,-16,"West Coast","2021",10
21,"Petruccelle, Jack",11,5,3,14,2,0,0,1,2,2,2,0,0,0,0,8,6,1,1,0,0,0,73,-16,"West Coast","2021",10
8,"Redden, Jack",6,3,16,22,1,0,0,4,0,0,6,3,1,0,0,12,11,0,0,2,0,0,85,-16,"West Coast","2021",10
35,"Rotham, Josh",12,3,1,13,0,0,0,2,5,3,0,1,2,0,0,4,8,0,0,3,0,0,82,-16,"West Coast","2021",10
1,"Ryan, Liam",5,2,3,8,0,1,0,1,0,2,0,3,1,1,0,3,5,0,1,1,0,1,72,-16,"West Coast","2021",10
4,"Sheed, Dom",12,3,9,21,0,0,0,2,2,4,2,4,2,2,0,7,14,0,0,1,0,0,87,-16,"West Coast","2021",10
5,"Sheppard, Brad",6,3,7,13,0,0,0,1,2,1,0,1,0,0,0,5,10,0,0,2,0,0,87,-16,"West Coast","2021",10
2,"Waterman, Jake",4,4,4,8,1,0,0,3,2,1,1,2,0,0,0,1,7,0,1,0,0,0,86,-16,"West Coast","2021",10
32,"Williams, Bailey",5,4,1,6,1,0,12,2,1,0,0,1,0,0,0,4,3,3,1,1,0,0,51,-16,"West Coast","2021",10
