"Number","Player","Kicks","Marks","Handballs","Disposals","Goals","Behinds","Hitouts","Tackles","Rebounds50s","Inside50s","Clearances","Clangers","FreesFor","FreesAgainst","BrownlowVotes","ContestedPossessions","UncontestedPossessions","ContestedMarks","MarksInside50","OnePercenters","Bounces","GoalAssists","PercentagePlayed","PointDifference","Team","Season","Round"
30,"Atkins, Tom",10,3,4,14,0,0,0,5,2,4,1,2,0,0,0,3,12,0,0,1,0,0,84,34,"Geelong","2021",10
24,"Bews, Jed",12,4,5,17,1,0,0,2,1,0,2,1,1,0,0,4,13,0,0,2,0,1,83,34,"Geelong","2021",10
46,"Blicavs, Mark",8,6,10,18,1,0,34,6,1,1,6,2,2,1,0,10,9,1,1,4,0,0,84,34,"Geelong","2021",10
5,"Cameron, Jeremy",6,3,5,11,3,0,0,2,0,0,2,1,0,1,0,4,7,0,3,0,0,0,92,34,"Geelong","2021",10
45,"Close, Brad",7,4,5,12,1,0,0,2,0,4,0,1,1,1,0,3,10,0,0,1,0,1,76,34,"Geelong","2021",10
40,"Dahlhaus, Luke",4,2,9,13,0,0,0,5,0,1,1,2,0,1,0,4,9,0,0,1,0,1,79,34,"Geelong","2021",10
0,"Duncan, Mitch",9,3,6,15,2,0,0,1,0,5,2,2,1,1,0,5,12,0,0,2,0,0,40,34,"Geelong","2021",10
29,"Guthrie, Cameron",15,4,14,29,0,1,0,4,2,5,4,5,2,1,0,14,14,0,1,1,1,1,59,34,"Geelong","2021",10
0,"Guthrie, Zach",6,3,6,12,0,0,0,2,1,1,1,0,0,0,0,6,6,0,0,1,0,0,42,34,"Geelong","2021",10
26,"Hawkins, Tom",5,3,8,13,2,1,6,5,0,2,1,1,0,1,0,8,6,1,3,1,0,0,99,34,"Geelong","2021",10
25,"Henderson, Lachie",18,11,6,24,0,0,0,1,4,0,0,2,2,0,0,8,16,1,0,7,0,0,100,34,"Geelong","2021",10
38,"Henry, Jack",8,6,11,19,0,0,0,1,3,2,0,1,0,0,0,8,10,2,0,7,0,0,93,34,"Geelong","2021",10
4,"Higgins, Shaun",13,6,12,25,1,1,0,8,1,4,2,1,0,0,1,6,21,0,0,1,0,1,80,34,"Geelong","2021",10
8,"Kolodjashnij, Jake",9,7,1,10,0,0,0,0,2,2,0,0,0,0,0,0,11,0,0,1,0,0,80,34,"Geelong","2021",10
27,"Menegola, Sam",15,5,16,31,0,1,0,1,2,5,4,7,0,1,0,8,24,0,0,0,0,0,78,34,"Geelong","2021",10
19,"Narkle, Quinton",14,8,20,34,0,1,0,2,1,6,5,4,1,1,2,15,21,0,3,1,0,1,69,34,"Geelong","2021",10
3,"Parfitt, Brandan",7,2,14,21,0,0,0,10,1,3,7,0,2,0,0,9,11,0,0,3,0,0,73,34,"Geelong","2021",10
17,"Ratugolea, Esava",4,1,7,11,0,0,19,2,0,2,3,1,1,0,0,9,2,1,0,2,0,0,77,34,"Geelong","2021",10
23,"Rohan, Gary",9,4,4,13,2,0,0,1,0,3,0,2,2,1,0,4,8,1,2,0,2,1,82,34,"Geelong","2021",10
14,"Selwood, Joel",13,4,26,39,0,1,0,7,1,4,10,3,2,0,3,17,23,0,0,0,0,1,77,34,"Geelong","2021",10
7,"Smith, Isaac",10,3,11,21,0,0,0,0,1,2,2,2,0,0,0,5,14,0,0,2,1,1,80,34,"Geelong","2021",10
44,"Stewart, Tom",19,7,6,25,0,0,0,1,6,1,0,4,0,1,0,7,15,1,0,4,0,0,85,34,"Geelong","2021",10
2,"Tuohy, Zach",17,5,8,25,1,0,0,0,5,5,0,3,0,1,0,6,16,1,0,0,1,1,88,34,"Geelong","2021",10
15,"Anderson, Noah",9,2,5,14,0,1,0,6,1,4,4,2,0,1,0,7,8,0,0,2,0,1,71,-34,"Gold Coast","2021",10
2,"Atkins, Rory",8,3,1,9,0,0,0,0,2,2,1,1,0,0,0,2,7,0,0,1,0,0,78,-34,"Gold Coast","2021",10
10,"Ballard, Charlie",9,2,3,12,0,0,0,0,5,0,1,3,1,0,0,6,5,0,0,6,0,0,98,-34,"Gold Coast","2021",10
29,"Burgess, Chris",4,5,5,9,1,1,2,3,0,1,0,0,0,0,0,4,6,0,2,3,0,0,78,-34,"Gold Coast","2021",10
25,"Collins, Sam",11,9,2,13,0,0,0,4,5,1,0,2,2,1,0,4,9,2,0,6,0,0,100,-34,"Gold Coast","2021",10
19,"Corbett, Josh",2,1,0,2,1,1,0,1,0,0,0,1,0,1,0,0,2,0,1,1,0,0,76,-34,"Gold Coast","2021",10
4,"Ellis, Brandon",12,3,5,17,0,0,0,4,4,2,1,7,1,2,0,8,9,0,0,2,0,0,88,-34,"Gold Coast","2021",10
26,"Flanders, Sam",5,2,5,10,0,1,0,3,0,3,1,2,1,0,0,5,5,0,0,1,0,1,67,-34,"Gold Coast","2021",10
46,"Graham, Caleb",5,4,1,6,0,0,5,0,3,0,0,4,0,0,0,1,6,0,0,3,0,0,83,-34,"Gold Coast","2021",10
1,"Greenwood, Hugh",12,0,6,18,1,0,0,16,2,3,7,4,1,0,0,12,4,0,0,1,0,0,81,-34,"Gold Coast","2021",10
39,"Holman, Nick",4,2,7,11,0,0,0,4,1,1,2,0,1,0,0,6,5,0,0,1,0,0,84,-34,"Gold Coast","2021",10
34,"King, Ben",7,4,1,8,3,2,1,2,1,0,1,0,0,0,0,4,3,1,3,0,0,0,88,-34,"Gold Coast","2021",10
23,"Lemmens, Sean",7,4,0,7,0,0,0,1,2,1,0,2,0,2,0,2,6,1,0,0,0,0,77,-34,"Gold Coast","2021",10
13,"Lukosius, Jack",20,8,3,23,0,1,0,3,8,8,1,2,0,0,0,5,14,1,0,4,0,0,90,-34,"Gold Coast","2021",10
17,"Markov, Oleg",8,5,7,15,0,0,0,1,2,1,1,4,1,1,0,6,9,0,0,3,0,0,87,-34,"Gold Coast","2021",10
11,"Miller, Touk",14,3,16,30,1,1,0,5,4,3,7,5,0,4,0,15,16,0,1,2,0,1,87,-34,"Gold Coast","2021",10
27,"Powell, Wil",11,6,9,20,0,0,0,3,2,0,1,2,1,1,0,10,7,3,0,8,0,0,85,-34,"Gold Coast","2021",10
22,"Rankine, Izak",6,2,3,9,0,1,0,4,0,1,1,3,1,1,0,6,4,0,0,2,0,0,81,-34,"Gold Coast","2021",10
41,"Rosas, Malcolm",0,0,0,0,0,0,0,0,0,0,0,0,0,0,0,0,0,0,0,0,0,0,0,-34,"Gold Coast","2021",10
6,"Sexton, Alex",10,4,2,12,0,0,0,3,0,3,1,3,0,0,0,3,9,0,0,2,0,1,78,-34,"Gold Coast","2021",10
32,"Smith, Zac",1,0,8,9,1,0,22,1,1,0,2,2,1,1,0,6,3,0,0,6,0,0,75,-34,"Gold Coast","2021",10
24,"Swallow, David",9,3,12,21,0,0,0,6,1,4,2,5,0,2,0,12,9,1,0,2,0,0,74,-34,"Gold Coast","2021",10
14,"Weller, Lachie",8,2,8,16,0,0,0,6,2,3,2,1,1,0,0,8,8,0,0,0,1,0,76,-34,"Gold Coast","2021",10
