"Number","Player","Kicks","Marks","Handballs","Disposals","Goals","Behinds","Hitouts","Tackles","Rebounds50s","Inside50s","Clearances","Clangers","FreesFor","FreesAgainst","BrownlowVotes","ContestedPossessions","UncontestedPossessions","ContestedMarks","MarksInside50","OnePercenters","Bounces","GoalAssists","PercentagePlayed","PointDifference","Team","Season","Round"
16,"Aarts, Jake",7,2,5,12,2,0,0,2,0,3,0,4,0,3,0,4,8,0,0,1,1,0,78,25,"Richmond","2021",1
12,"Astbury, David",4,4,5,9,0,0,2,1,2,1,0,2,2,1,0,4,6,0,0,4,0,1,88,25,"Richmond","2021",1
7,"Baker, Liam",4,0,11,15,0,0,0,0,1,4,0,6,0,3,0,6,9,0,0,3,1,1,78,25,"Richmond","2021",1
21,"Balta, Noah",10,4,1,11,0,1,3,1,0,3,2,2,0,1,0,6,6,2,0,6,0,0,84,25,"Richmond","2021",1
29,"Bolton, Shai",13,2,12,25,1,1,0,1,0,8,9,4,0,1,0,14,10,0,0,0,2,1,79,25,"Richmond","2021",1
35,"Broad, Nathan",4,3,5,9,0,0,0,0,1,0,0,1,0,1,0,5,5,0,0,6,0,0,70,25,"Richmond","2021",1
22,"Caddy, Josh",12,4,5,17,1,1,0,2,2,3,0,3,0,0,0,4,13,0,0,2,0,0,79,25,"Richmond","2021",1
11,"Castagna, Jason",8,4,5,13,2,2,0,0,0,2,0,0,0,0,0,2,9,0,2,3,2,0,84,25,"Richmond","2021",1
10,"Edwards, Shane",11,2,16,27,0,0,0,3,1,3,3,1,1,0,0,12,13,0,0,3,0,1,81,25,"Richmond","2021",1
34,"Graham, Jack",22,5,11,33,0,1,0,3,1,11,5,4,2,1,1,8,26,0,0,0,0,1,76,25,"Richmond","2021",1
2,"Grimes, Dylan",4,2,6,10,0,0,0,2,0,1,0,2,0,1,0,6,2,0,0,2,0,0,92,25,"Richmond","2021",1
23,"Lambert, Kane",13,6,15,28,0,1,0,1,1,4,1,6,0,2,0,6,20,0,2,0,0,1,85,25,"Richmond","2021",1
19,"Lynch, Tom",6,4,5,11,1,1,1,0,0,2,0,4,0,2,0,4,7,0,2,2,0,0,92,25,"Richmond","2021",1
4,"Martin, Dustin",19,7,12,31,2,2,0,4,0,8,5,2,2,1,3,14,16,2,5,2,0,4,89,25,"Richmond","2021",1
33,"McIntosh, Kamdyn",8,3,5,13,0,0,0,1,3,3,2,4,3,1,0,10,5,0,0,4,4,0,88,25,"Richmond","2021",1
25,"Nankervis, Toby",4,0,8,12,0,0,27,1,0,1,3,2,0,1,0,6,5,0,0,7,0,0,75,25,"Richmond","2021",1
50,"Pickett, Marlion",7,5,6,13,0,0,0,3,3,4,0,6,0,3,0,8,7,0,0,5,0,0,79,25,"Richmond","2021",1
3,"Prestia, Dion",12,3,13,25,0,1,0,4,4,1,9,5,2,1,0,12,13,0,0,1,1,0,74,25,"Richmond","2021",1
8,"Riewoldt, Jack",9,4,1,10,4,2,0,5,0,3,0,3,1,1,0,6,4,1,3,0,0,0,90,25,"Richmond","2021",1
17,"Rioli, Daniel",6,4,4,10,2,1,0,1,0,1,0,3,1,0,0,2,9,0,2,2,0,0,72,25,"Richmond","2021",1
0,"Ross, Jack",6,2,2,8,0,0,0,4,0,5,1,1,1,0,0,2,7,0,0,0,0,1,23,25,"Richmond","2021",1
15,"Short, Jayden",21,5,2,23,0,0,0,3,9,4,0,2,0,0,0,2,12,1,0,2,0,0,88,25,"Richmond","2021",1
0,"Vlastuin, Nick",6,2,5,11,0,0,0,1,2,0,0,2,0,1,0,3,4,1,0,2,0,0,56,25,"Richmond","2021",1
41,"Casboult, Levi",7,3,1,8,1,0,1,1,0,0,1,3,1,2,0,5,5,2,1,1,0,0,85,-25,"Carlton","2021",1
9,"Cripps, Patrick",8,2,20,28,0,1,0,3,2,3,5,4,3,1,0,13,15,0,0,2,0,1,91,-25,"Carlton","2021",1
35,"Curnow, Ed",16,8,13,29,0,0,0,1,4,1,7,5,0,1,0,14,14,1,0,2,0,1,75,-25,"Carlton","2021",1
15,"Docherty, Sam",23,5,1,24,0,0,0,1,11,1,1,3,1,0,0,5,13,0,0,2,1,0,91,-25,"Carlton","2021",1
2,"Dow, Paddy",10,0,8,18,1,1,0,3,0,5,1,5,2,1,0,8,10,0,0,1,0,1,69,-25,"Carlton","2021",1
25,"Fisher, Zac",10,3,10,20,0,2,0,1,0,4,1,4,0,0,0,10,13,2,1,1,0,1,79,-25,"Carlton","2021",1
8,"Fogarty, Lachie",12,4,8,20,0,1,0,2,0,3,0,2,2,1,0,8,12,0,0,2,0,0,75,-25,"Carlton","2021",1
40,"Gibbons, Michael",8,7,7,15,2,0,0,1,1,2,1,1,0,0,0,3,12,0,0,1,0,1,69,-25,"Carlton","2021",1
14,"Jones, Liam",9,2,1,10,0,0,0,0,5,0,1,4,2,2,0,6,4,0,0,7,0,0,98,-25,"Carlton","2021",1
0,"McDonald, Oscar",8,3,1,9,2,1,0,2,0,2,0,2,3,1,0,4,5,0,1,2,0,0,49,-25,"Carlton","2021",1
10,"McKay, Harry",7,6,3,10,2,3,0,0,0,1,0,1,0,0,0,6,4,3,5,0,0,1,90,-25,"Carlton","2021",1
3,"Murphy, Marc",8,4,3,11,0,0,0,3,0,3,0,1,0,0,0,2,9,0,0,0,0,1,76,-25,"Carlton","2021",1
32,"Newnes, Jack",14,10,13,27,0,0,0,1,3,2,2,2,2,0,0,12,15,0,0,1,0,0,85,-25,"Carlton","2021",1
4,"OBrien, Lochie",7,1,2,9,1,0,0,4,1,1,0,2,2,0,0,3,7,0,0,1,1,0,74,-25,"Carlton","2021",1
5,"Petrevski-Seton, Sam",12,3,3,15,0,0,0,1,5,0,1,2,1,0,0,3,11,0,0,2,0,0,74,-25,"Carlton","2021",1
27,"Pittonet, Marc",4,3,5,9,0,0,33,0,3,0,2,1,1,0,0,2,5,0,0,5,0,0,87,-25,"Carlton","2021",1
20,"Plowman, Lachie",8,3,1,9,1,0,0,1,4,0,0,0,1,0,0,2,6,0,0,6,0,0,84,-25,"Carlton","2021",1
42,"Saad, Adam",16,4,9,25,0,0,0,4,6,4,2,3,2,0,0,10,13,0,0,2,4,0,83,-25,"Carlton","2021",1
43,"Setterfield, Will",11,6,6,17,0,2,0,2,0,2,2,0,0,0,0,4,13,0,1,0,1,1,75,-25,"Carlton","2021",1
0,"Silvagni, Jack",6,2,1,7,1,0,0,2,0,2,0,1,0,0,0,0,6,0,0,1,0,0,40,-25,"Carlton","2021",1
18,"Walsh, Sam",12,6,19,31,0,1,0,3,3,3,6,5,2,4,2,13,18,0,1,1,1,1,82,-25,"Carlton","2021",1
23,"Weitering, Jacob",11,5,3,14,0,0,0,1,9,0,1,2,0,1,0,3,5,1,0,11,2,0,90,-25,"Carlton","2021",1
31,"Williamson, Tom",8,3,4,12,0,0,0,0,2,2,0,1,0,1,0,3,10,0,0,1,0,1,81,-25,"Carlton","2021",1
