"Number","Player","Kicks","Marks","Handballs","Disposals","Goals","Behinds","Hitouts","Tackles","Rebounds50s","Inside50s","Clearances","Clangers","FreesFor","FreesAgainst","BrownlowVotes","ContestedPossessions","UncontestedPossessions","ContestedMarks","MarksInside50","OnePercenters","Bounces","GoalAssists","PercentagePlayed","PointDifference","Team","Season","Round"
9,"Acres, Blake",7,4,6,13,0,0,1,4,0,1,1,2,1,1,0,4,9,0,0,0,0,0,75,-69,"Fremantle","2021",18
11,"Aish, James",10,2,7,17,0,0,0,2,1,3,3,5,1,2,0,5,10,1,0,1,0,0,90,-69,"Fremantle","2021",18
41,"Banfield, Bailey",1,0,1,2,0,0,0,4,0,0,0,0,0,0,0,1,0,0,0,0,0,0,85,-69,"Fremantle","2021",18
8,"Brayshaw, Andrew",14,8,7,21,1,0,0,3,3,2,4,1,1,1,0,6,16,0,0,2,0,0,80,-69,"Fremantle","2021",18
5,"Cerra, Adam",11,5,7,18,0,1,0,3,1,3,1,0,0,0,0,5,14,0,0,1,0,0,81,-69,"Fremantle","2021",18
33,"Colyer, Travis",11,4,3,14,1,1,0,1,2,3,1,2,0,1,0,5,9,0,0,1,0,0,82,-69,"Fremantle","2021",18
4,"Darcy, Sean",8,2,10,18,0,0,37,4,0,4,8,2,0,0,0,14,4,2,1,1,0,0,66,-69,"Fremantle","2021",18
7,"Fyfe, Nat",11,1,8,19,0,1,0,5,0,2,6,6,3,4,0,9,11,0,0,2,1,0,83,-69,"Fremantle","2021",18
23,"Henry, Liam",4,1,3,7,0,0,0,0,1,0,1,4,0,0,0,3,3,0,1,3,0,0,70,-69,"Fremantle","2021",18
15,"Hughes, Ethan",7,1,6,13,0,0,0,0,3,1,0,1,0,0,0,6,7,0,0,3,0,0,82,-69,"Fremantle","2021",18
0,"Lobb, Rory",3,2,3,6,0,1,0,0,0,0,0,2,0,0,0,0,6,0,0,1,0,0,52,-69,"Fremantle","2021",18
2,"Logue, Griffin",4,1,5,9,0,0,0,0,3,1,0,2,0,0,0,3,5,0,0,10,0,0,91,-69,"Fremantle","2021",18
16,"Mundy, David",6,1,7,13,0,1,0,1,2,2,1,3,1,1,0,7,6,0,0,5,0,0,74,-69,"Fremantle","2021",18
25,"Pearce, Alex",4,0,2,6,0,0,1,1,3,1,2,4,0,3,0,5,2,0,0,7,0,0,93,-69,"Fremantle","2021",18
13,"Ryan, Luke",16,6,3,19,0,0,0,3,8,0,0,3,1,0,0,7,7,2,0,6,0,0,75,-69,"Fremantle","2021",18
28,"Schultz, Lachie",4,2,7,11,0,0,0,3,0,2,1,3,0,0,0,8,3,0,0,1,0,0,82,-69,"Fremantle","2021",18
3,"Serong, Caleb",10,4,10,20,0,1,0,1,3,2,3,3,1,0,0,7,14,0,0,2,0,0,72,-69,"Fremantle","2021",18
39,"Switkowski, Sam",7,5,7,14,0,1,0,0,0,4,1,0,0,0,0,8,6,2,0,1,0,0,73,-69,"Fremantle","2021",18
35,"Treacy, Josh",3,1,3,6,0,1,0,3,1,1,1,3,1,1,0,6,0,1,0,0,0,0,100,-69,"Fremantle","2021",18
18,"Tucker, Darcy",9,8,6,15,0,0,0,3,3,2,1,5,0,2,0,5,11,0,0,3,0,0,85,-69,"Fremantle","2021",18
0,"Walker, Brandon",4,1,1,5,0,0,0,1,1,2,0,0,1,0,0,0,5,0,0,0,0,0,43,-69,"Fremantle","2021",18
10,"Walters, Michael",13,3,4,17,1,1,0,0,1,2,2,4,1,1,0,6,11,0,0,1,0,1,84,-69,"Fremantle","2021",18
14,"Wilson, Nathan",11,3,5,16,0,0,0,1,7,0,0,1,1,0,0,5,8,1,0,5,0,0,81,-69,"Fremantle","2021",18
30,"Atkins, Tom",7,1,7,14,0,0,0,2,0,2,1,2,0,0,0,9,5,1,0,1,0,1,75,69,"Geelong","2021",18
24,"Bews, Jed",12,6,2,14,0,1,0,3,2,3,0,1,1,0,0,4,11,0,0,3,0,1,86,69,"Geelong","2021",18
46,"Blicavs, Mark",5,5,7,12,0,0,8,3,4,1,2,2,0,1,0,5,9,0,0,7,0,0,86,69,"Geelong","2021",18
45,"Close, Brad",7,5,5,12,1,0,0,5,0,4,1,0,1,0,0,3,9,0,3,2,0,1,79,69,"Geelong","2021",18
40,"Dahlhaus, Luke",7,3,10,17,1,1,0,8,0,2,4,1,2,0,0,8,9,0,0,0,0,0,74,69,"Geelong","2021",18
35,"Dangerfield, Patrick",11,7,11,22,3,1,0,4,0,1,6,4,0,2,2,13,11,2,5,1,0,2,78,69,"Geelong","2021",18
29,"Guthrie, Cameron",20,7,15,35,0,2,0,2,2,4,7,4,0,1,3,12,24,0,0,1,0,0,78,69,"Geelong","2021",18
26,"Hawkins, Tom",9,6,5,14,4,1,3,2,1,1,1,0,1,0,1,7,7,3,5,3,0,1,87,69,"Geelong","2021",18
38,"Henry, Jack",9,9,4,13,0,0,0,1,2,0,0,2,0,0,0,4,9,1,2,12,0,0,100,69,"Geelong","2021",18
4,"Higgins, Shaun",8,8,12,20,0,2,0,3,0,4,1,0,0,0,0,4,15,0,1,1,0,2,88,69,"Geelong","2021",18
9,"Holmes, Max",0,0,0,0,0,0,0,0,0,0,0,0,0,0,0,0,0,0,0,0,0,0,0,69,"Geelong","2021",18
8,"Kolodjashnij, Jake",11,11,1,12,0,0,0,0,1,0,0,3,0,1,0,4,9,3,1,5,0,0,86,69,"Geelong","2021",18
27,"Menegola, Sam",24,9,6,30,1,1,0,3,6,7,7,4,2,1,0,11,18,0,1,1,0,2,82,69,"Geelong","2021",18
32,"Miers, Gryan",11,3,8,19,1,0,0,2,1,3,1,2,1,0,0,6,13,1,1,0,0,0,90,69,"Geelong","2021",18
19,"Narkle, Quinton",12,9,14,26,1,0,0,0,0,5,1,2,0,0,0,4,22,0,1,1,0,1,70,69,"Geelong","2021",18
42,"OConnor, Mark",14,8,6,20,0,0,0,0,2,4,0,2,0,0,0,3,16,0,0,1,1,0,83,69,"Geelong","2021",18
3,"Parfitt, Brandan",11,2,11,22,0,1,0,10,0,4,4,4,4,1,0,11,10,0,0,0,0,0,81,69,"Geelong","2021",18
17,"Ratugolea, Esava",5,5,4,9,1,0,0,2,0,0,1,2,1,2,0,11,1,4,4,3,0,0,81,69,"Geelong","2021",18
14,"Selwood, Joel",11,3,13,24,1,0,0,2,1,4,2,4,2,1,0,5,19,0,0,1,0,2,66,69,"Geelong","2021",18
7,"Smith, Isaac",15,10,6,21,0,0,0,1,3,5,0,1,0,0,0,4,14,0,0,2,1,0,82,69,"Geelong","2021",18
1,"Stanley, Rhys",9,4,7,16,0,1,18,1,1,1,3,5,1,1,0,9,7,1,3,8,0,1,73,69,"Geelong","2021",18
44,"Stewart, Tom",17,9,3,20,0,0,0,0,6,0,0,1,0,1,0,3,14,0,0,3,0,0,90,69,"Geelong","2021",18
2,"Tuohy, Zach",23,7,7,30,0,2,0,1,3,3,2,3,1,1,0,5,22,0,1,1,0,0,87,69,"Geelong","2021",18
