"Number","Player","Kicks","Marks","Handballs","Disposals","Goals","Behinds","Hitouts","Tackles","Rebounds50s","Inside50s","Clearances","Clangers","FreesFor","FreesAgainst","BrownlowVotes","ContestedPossessions","UncontestedPossessions","ContestedMarks","MarksInside50","OnePercenters","Bounces","GoalAssists","PercentagePlayed","PointDifference","Team","Season","Round"
9,"Ainsworth, Ben",7,2,5,12,1,1,0,2,0,1,0,2,1,1,0,5,8,0,0,1,0,0,73,-73,"Gold Coast","2021",9
15,"Anderson, Noah",9,5,17,26,0,0,0,2,0,2,3,4,0,0,0,11,16,0,0,0,0,0,80,-73,"Gold Coast","2021",9
2,"Atkins, Rory",4,1,7,11,1,0,0,2,0,3,1,0,0,0,0,3,8,0,0,0,0,1,77,-73,"Gold Coast","2021",9
10,"Ballard, Charlie",11,6,4,15,0,0,0,1,5,1,0,2,0,0,0,5,9,2,0,5,0,0,96,-73,"Gold Coast","2021",9
0,"Bowes, Jack",9,3,0,9,0,0,0,2,3,1,2,2,1,1,0,5,6,0,0,2,0,0,57,-73,"Gold Coast","2021",9
29,"Burgess, Chris",4,3,2,6,0,0,6,0,1,0,0,1,0,1,0,3,3,2,0,2,0,0,73,-73,"Gold Coast","2021",9
25,"Collins, Sam",7,4,0,7,0,0,0,1,3,0,0,4,0,3,0,5,3,2,0,9,0,0,84,-73,"Gold Coast","2021",9
19,"Corbett, Josh",7,5,1,8,1,0,0,1,0,1,0,5,1,4,0,2,7,0,2,2,0,0,87,-73,"Gold Coast","2021",9
4,"Ellis, Brandon",11,6,12,23,0,0,0,1,0,2,2,5,0,4,0,6,17,0,0,0,0,1,93,-73,"Gold Coast","2021",9
50,"Farrar, Jy",4,3,2,6,0,0,0,4,1,0,0,0,0,0,0,2,5,0,0,5,2,0,86,-73,"Gold Coast","2021",9
26,"Flanders, Sam",6,4,10,16,1,0,0,4,0,5,0,2,1,0,0,5,10,0,0,1,0,1,84,-73,"Gold Coast","2021",9
46,"Graham, Caleb",7,5,3,10,0,0,10,0,0,2,1,3,0,1,0,5,6,0,0,6,0,0,78,-73,"Gold Coast","2021",9
1,"Greenwood, Hugh",8,2,12,20,1,0,0,3,2,1,7,1,2,0,0,13,9,0,0,5,0,0,74,-73,"Gold Coast","2021",9
34,"King, Ben",6,5,2,8,2,3,1,1,0,1,0,0,1,0,0,5,3,3,3,1,0,0,88,-73,"Gold Coast","2021",9
23,"Lemmens, Sean",7,1,1,8,0,0,0,1,3,0,0,5,0,3,0,2,6,0,0,1,0,0,87,-73,"Gold Coast","2021",9
13,"Lukosius, Jack",16,7,2,18,0,1,0,1,6,4,1,3,0,1,0,2,13,0,1,1,1,0,85,-73,"Gold Coast","2021",9
0,"Macpherson, Darcy",3,1,1,4,0,0,0,1,1,1,0,1,1,0,0,1,3,0,0,0,0,0,20,-73,"Gold Coast","2021",9
17,"Markov, Oleg",11,4,8,19,0,1,0,3,5,3,1,1,0,0,0,9,10,1,0,1,6,0,87,-73,"Gold Coast","2021",9
27,"Powell, Wil",8,3,1,9,0,0,0,3,3,0,0,0,1,0,0,1,4,0,0,3,0,0,86,-73,"Gold Coast","2021",9
22,"Rankine, Izak",4,3,1,5,0,0,0,3,1,0,0,1,0,1,0,3,5,0,0,2,0,0,78,-73,"Gold Coast","2021",9
41,"Rosas, Malcolm",5,2,1,6,0,1,0,0,0,3,0,1,1,1,0,2,4,0,0,1,0,0,67,-73,"Gold Coast","2021",9
24,"Swallow, David",13,2,16,29,0,0,0,4,3,5,4,2,0,0,0,13,18,0,0,4,0,0,78,-73,"Gold Coast","2021",9
14,"Weller, Lachie",10,4,10,20,0,0,0,3,3,3,3,5,1,0,0,3,17,0,0,1,3,0,82,-73,"Gold Coast","2021",9
24,"Adams, Marcus",12,7,7,19,0,0,0,2,3,1,0,2,2,0,0,8,11,1,0,2,0,0,86,73,"Brisbane Lions","2021",9
4,"Ah Chee, Callum",5,2,6,11,0,0,0,0,0,1,0,2,0,1,0,5,8,0,0,3,0,0,86,73,"Brisbane Lions","2021",9
31,"Andrews, Harris",13,11,4,17,0,0,0,1,3,1,0,1,1,1,0,8,9,5,0,9,0,0,98,73,"Brisbane Lions","2021",9
33,"Bailey, Zac",11,4,8,19,2,1,0,0,0,4,4,2,0,0,0,6,13,0,0,6,0,0,77,73,"Brisbane Lions","2021",9
14,"Birchall, Grant",19,13,7,26,0,0,0,0,2,2,0,0,0,0,0,2,22,0,0,1,0,2,77,73,"Brisbane Lions","2021",9
23,"Cameron, Charlie",7,5,2,9,3,0,0,1,0,2,0,0,1,0,0,1,8,0,2,0,0,1,84,73,"Brisbane Lions","2021",9
0,"Coleman, Keidean",7,3,5,12,1,0,0,0,0,2,1,0,2,0,0,6,7,0,0,1,0,0,68,73,"Brisbane Lions","2021",9
3,"Daniher, Joe",9,3,5,14,2,2,9,0,0,3,0,1,2,0,0,6,11,0,1,2,1,0,95,73,"Brisbane Lions","2021",9
27,"Gardiner, Darcy",13,7,4,17,0,0,0,1,1,1,0,1,1,1,0,6,10,3,0,1,0,1,66,73,"Brisbane Lions","2021",9
30,"Hipwood, Eric",8,7,8,16,2,2,0,2,0,4,0,1,0,0,0,4,12,0,4,1,0,1,90,73,"Brisbane Lions","2021",9
0,"Lester, Ryan",2,2,0,2,0,0,0,0,0,0,0,0,0,0,0,0,2,0,0,1,0,0,10,73,"Brisbane Lions","2021",9
17,"Lyons, Jarryd",13,6,24,37,0,0,0,9,1,3,9,5,1,0,3,15,22,1,0,3,0,2,84,73,"Brisbane Lions","2021",9
36,"Mathieson, Rhys",11,6,9,20,0,0,0,3,1,6,3,4,1,2,0,4,16,0,0,0,0,0,73,73,"Brisbane Lions","2021",9
11,"McCarthy, Lincoln",9,5,4,13,2,0,0,4,0,2,2,2,1,1,0,7,6,2,2,1,1,1,78,73,"Brisbane Lions","2021",9
6,"McCluggage, Hugh",16,8,8,24,1,0,0,6,4,4,2,3,3,0,0,7,17,0,2,0,1,2,80,73,"Brisbane Lions","2021",9
46,"McInerney, Oscar",7,2,3,10,0,0,33,1,2,4,5,2,0,0,0,7,3,1,0,3,0,0,78,73,"Brisbane Lions","2021",9
25,"McStay, Daniel",9,8,5,14,4,0,0,2,0,1,0,0,0,0,2,6,10,3,4,1,0,0,85,73,"Brisbane Lions","2021",9
20,"Prior, Jaxon",7,2,3,10,1,0,0,1,0,2,1,1,2,0,0,5,5,1,0,1,0,0,72,73,"Brisbane Lions","2021",9
10,"Rich, Daniel",21,5,4,25,0,0,0,0,7,0,0,2,0,0,0,4,18,1,0,1,0,0,85,73,"Brisbane Lions","2021",9
2,"Robertson, Deven",7,5,11,18,0,0,0,3,0,2,3,2,0,0,0,6,12,0,0,1,0,0,83,73,"Brisbane Lions","2021",9
5,"Robinson, Mitch",19,8,8,27,0,0,0,0,2,7,2,2,2,1,0,6,20,0,0,2,0,1,80,73,"Brisbane Lions","2021",9
37,"Starcevich, Brandon",15,10,5,20,0,0,0,1,6,4,1,5,0,1,0,4,15,2,0,2,0,0,84,73,"Brisbane Lions","2021",9
15,"Zorko, Dayne",23,9,11,34,1,2,0,2,0,8,7,4,2,3,1,12,22,0,1,2,0,2,82,73,"Brisbane Lions","2021",9
