"Number","Player","Kicks","Marks","Handballs","Disposals","Goals","Behinds","Hitouts","Tackles","Rebounds50s","Inside50s","Clearances","Clangers","FreesFor","FreesAgainst","BrownlowVotes","ContestedPossessions","UncontestedPossessions","ContestedMarks","MarksInside50","OnePercenters","Bounces","GoalAssists","PercentagePlayed","PointDifference","Team","Season","Round"
2,"Brand, Kaiden",8,5,5,13,0,0,0,1,2,0,0,1,1,0,0,5,8,0,0,7,0,0,71,22,"Sydney","2021",11
7,"Cunningham, Harry",17,10,10,27,0,0,0,4,6,1,0,1,1,1,0,6,20,0,0,3,0,0,95,22,"Sydney","2021",11
34,"Dawson, Jordan",16,5,4,20,0,0,0,7,5,2,1,6,0,4,0,3,14,1,0,2,0,0,82,22,"Sydney","2021",11
13,"Florent, Oliver",16,5,4,20,0,0,0,0,2,2,2,4,0,0,0,9,10,1,0,2,0,0,76,22,"Sydney","2021",11
23,"Franklin, Lance",9,3,4,13,3,0,0,2,0,3,0,4,2,2,0,8,4,2,3,1,0,2,98,22,"Sydney","2021",11
9,"Hayward, Will",9,6,2,11,2,0,0,3,0,2,0,0,0,0,0,2,10,1,2,1,0,0,78,22,"Sydney","2021",11
5,"Heeney, Isaac",20,14,2,22,3,1,0,3,0,6,1,5,1,1,3,8,14,3,4,1,1,2,84,22,"Sydney","2021",11
29,"Hewett, George",8,5,4,12,0,0,0,3,2,1,1,3,0,2,0,5,9,0,0,1,0,0,69,22,"Sydney","2021",11
12,"Kennedy, Josh",7,2,12,19,2,0,0,10,0,1,3,1,2,0,1,13,5,0,2,2,0,0,75,22,"Sydney","2021",11
44,"Lloyd, Jake",19,3,10,29,0,0,0,4,6,2,1,0,2,0,0,4,19,0,0,3,0,0,92,22,"Sydney","2021",11
30,"McCartin, Tom",10,6,2,12,0,0,0,0,2,0,1,3,0,0,0,3,9,1,0,3,1,0,97,22,"Sydney","2021",11
27,"McInerney, Justin",10,4,7,17,0,0,0,1,1,5,1,1,2,0,0,5,13,0,0,1,0,0,80,22,"Sydney","2021",11
41,"McLean, Hayden",6,4,1,7,0,1,6,2,0,3,0,4,0,2,0,2,4,1,2,4,0,0,89,22,"Sydney","2021",11
14,"Mills, Callum",12,3,13,25,0,0,0,7,0,5,5,3,4,1,0,12,11,0,0,2,0,1,86,22,"Sydney","2021",11
11,"Papley, Tom",13,6,2,15,3,0,0,5,0,4,1,4,1,1,0,6,11,0,1,1,1,1,89,22,"Sydney","2021",11
26,"Parker, Luke",14,3,9,23,1,0,0,6,2,6,8,6,3,2,0,15,8,1,0,3,0,3,80,22,"Sydney","2021",11
24,"Rampe, Dane",11,5,3,14,0,1,0,2,3,3,0,3,1,0,0,3,12,0,0,3,0,0,95,22,"Sydney","2021",11
8,"Rowbottom, James",6,1,8,14,0,0,0,11,0,4,3,3,0,2,0,8,7,0,0,1,0,0,75,22,"Sydney","2021",11
18,"Sinclair, Callum",6,3,6,12,0,0,24,2,0,1,5,1,2,0,0,8,4,1,0,7,0,1,85,22,"Sydney","2021",11
3,"Stephens, Dylan",2,4,11,13,0,0,0,1,1,0,0,4,1,1,0,3,10,0,0,1,0,0,68,22,"Sydney","2021",11
28,"Taylor, Lewis",0,0,0,0,0,0,0,0,0,0,0,0,0,0,0,0,0,0,0,0,0,0,0,22,"Sydney","2021",11
1,"Warner, Chad",9,4,6,15,0,0,0,4,1,4,2,6,0,5,0,6,10,0,0,0,0,1,66,22,"Sydney","2021",11
45,"Wicks, Sam",10,6,1,11,1,2,0,4,0,3,0,2,0,2,0,1,11,0,0,0,1,0,72,22,"Sydney","2021",11
19,"Betts, Eddie",7,1,2,9,2,1,0,3,1,1,1,1,1,0,0,6,3,0,0,1,0,0,82,-22,"Carlton","2021",11
41,"Casboult, Levi",4,3,2,6,0,0,0,1,0,1,0,1,2,0,0,4,2,1,0,3,0,0,75,-22,"Carlton","2021",11
46,"Cottrell, Matthew",10,2,0,10,0,0,0,3,1,2,1,4,0,1,0,4,7,0,0,0,1,0,83,-22,"Carlton","2021",11
9,"Cripps, Patrick",15,3,12,27,3,0,0,6,1,5,7,4,6,2,2,18,9,2,0,0,0,0,83,-22,"Carlton","2021",11
35,"Curnow, Ed",12,3,5,17,0,0,0,5,3,7,3,1,0,1,0,3,12,0,0,0,0,0,87,-22,"Carlton","2021",11
12,"De Koning, Tom",6,0,1,7,1,1,13,1,1,1,3,0,1,0,0,3,3,0,0,0,0,0,83,-22,"Carlton","2021",11
15,"Docherty, Sam",15,8,6,21,0,0,0,0,5,0,1,1,1,0,0,4,17,0,0,2,0,0,90,-22,"Carlton","2021",11
8,"Fogarty, Lachie",5,2,9,14,0,0,0,1,0,2,0,2,1,1,0,11,4,0,1,0,0,0,74,-22,"Carlton","2021",11
0,"Gibbons, Michael",3,1,3,6,0,0,0,2,1,1,0,1,1,1,0,4,2,0,0,2,0,1,47,-22,"Carlton","2021",11
14,"Jones, Liam",5,3,1,6,0,0,0,2,5,0,0,2,0,2,0,2,4,0,0,7,0,0,97,-22,"Carlton","2021",11
21,"Martin, Jack",7,4,5,12,0,0,0,3,0,3,1,0,1,0,0,4,8,0,0,0,0,0,76,-22,"Carlton","2021",11
10,"McKay, Harry",10,8,1,11,3,5,0,2,0,1,1,3,0,2,0,7,6,4,7,1,0,0,92,-22,"Carlton","2021",11
0,"Murphy, Marc",4,0,1,5,0,0,0,0,0,1,0,0,0,0,0,0,4,0,0,0,0,0,25,-22,"Carlton","2021",11
24,"Newman, Nic",13,5,5,18,0,0,0,4,5,0,0,4,2,1,0,7,9,0,0,4,0,0,85,-22,"Carlton","2021",11
44,"Owies, Matthew",5,3,4,9,0,1,0,5,0,2,0,1,0,1,0,2,7,0,0,1,1,0,69,-22,"Carlton","2021",11
27,"Pittonet, Marc",2,1,4,6,0,0,31,1,1,1,3,7,1,4,0,10,1,0,0,2,0,0,74,-22,"Carlton","2021",11
42,"Saad, Adam",10,3,5,15,0,0,0,4,3,2,0,2,1,2,0,6,9,1,0,2,2,0,81,-22,"Carlton","2021",11
43,"Setterfield, Will",12,4,4,16,0,0,0,2,1,6,4,2,2,2,0,10,7,0,0,3,0,1,73,-22,"Carlton","2021",11
1,"Silvagni, Jack",10,5,5,15,1,1,0,3,0,3,0,3,2,1,0,7,8,0,1,1,0,0,84,-22,"Carlton","2021",11
13,"Stocker, Liam",5,2,6,11,0,0,0,2,3,0,0,2,2,1,0,4,6,0,0,1,0,0,75,-22,"Carlton","2021",11
18,"Walsh, Sam",15,3,18,33,0,0,0,3,1,3,8,7,1,1,0,14,17,0,0,0,0,1,86,-22,"Carlton","2021",11
23,"Weitering, Jacob",10,6,2,12,0,0,0,0,4,0,0,1,1,0,0,5,4,2,0,6,0,0,95,-22,"Carlton","2021",11
6,"Williams, Zac",14,2,3,17,1,0,0,0,6,2,2,1,0,0,0,4,9,0,0,5,3,0,83,-22,"Carlton","2021",11
