"Number","Player","Kicks","Marks","Handballs","Disposals","Goals","Behinds","Hitouts","Tackles","Rebounds50s","Inside50s","Clearances","Clangers","FreesFor","FreesAgainst","BrownlowVotes","ContestedPossessions","UncontestedPossessions","ContestedMarks","MarksInside50","OnePercenters","Bounces","GoalAssists","PercentagePlayed","PointDifference","Team","Season","Round"
18,"Atley, Shaun",5,0,6,11,0,0,0,0,2,1,0,2,0,0,0,3,8,0,0,1,0,0,87,9,"North Melbourne","2021",15
15,"Bosenavulagi, Atu",0,0,0,0,0,0,0,0,0,0,0,0,0,0,0,0,0,0,0,0,0,0,0,9,"North Melbourne","2021",15
10,"Cunnington, Ben",17,6,11,28,0,0,0,5,3,4,8,4,4,1,3,17,12,1,0,4,0,1,80,9,"North Melbourne","2021",15
9,"Davies-Uniacke, Luke",8,2,18,26,1,1,0,4,1,6,5,4,1,1,1,19,9,0,0,2,0,0,82,9,"North Melbourne","2021",15
14,"Dumont, Trent",18,11,3,21,0,0,0,2,2,5,2,1,1,0,0,3,18,0,0,0,0,0,71,9,"North Melbourne","2021",15
22,"Goldstein, Todd",10,2,11,21,0,1,44,3,0,3,6,1,4,0,2,12,9,0,0,3,0,0,87,9,"North Melbourne","2021",15
43,"Hall, Aaron",14,9,3,17,0,0,0,3,6,1,0,1,1,0,0,4,11,1,1,4,0,0,87,9,"North Melbourne","2021",15
20,"Larkey, Nick",9,8,7,16,3,0,0,3,0,4,0,3,3,0,0,9,7,3,4,1,0,1,90,9,"North Melbourne","2021",15
1,"Mahony, Jack",6,2,7,13,1,0,0,2,0,1,2,1,0,1,0,5,9,0,1,0,0,1,80,9,"North Melbourne","2021",15
11,"McDonald, Luke",11,6,9,20,0,1,0,4,3,2,2,6,1,3,0,5,14,0,1,0,0,0,84,9,"North Melbourne","2021",15
23,"McKay, Ben",5,6,3,8,0,0,0,0,3,2,0,0,0,0,0,1,6,1,0,8,0,1,95,9,"North Melbourne","2021",15
29,"Phillips, Will",7,4,5,12,0,2,0,4,0,0,2,1,1,0,0,2,10,0,1,0,0,0,65,9,"North Melbourne","2021",15
12,"Simpkin, Jy",20,4,10,30,1,0,0,4,3,5,5,4,2,2,0,12,16,0,0,1,1,0,82,9,"North Melbourne","2021",15
2,"Stephenson, Jaidyn",16,4,4,20,0,2,0,7,1,4,2,3,1,0,0,5,14,0,2,1,0,0,83,9,"North Melbourne","2021",15
25,"Tarrant, Robbie",7,1,3,10,0,0,0,0,1,2,0,1,0,1,0,3,7,0,0,5,0,1,76,9,"North Melbourne","2021",15
5,"Taylor, Curtis",8,2,5,13,0,1,0,2,1,1,2,3,1,0,0,3,10,0,0,0,0,0,80,9,"North Melbourne","2021",15
26,"Thomas, Tarryn",11,5,5,16,0,2,0,0,0,6,1,4,2,1,0,6,10,0,1,0,1,1,73,9,"North Melbourne","2021",15
28,"Turner, Kayne",9,4,1,10,1,0,0,3,0,3,2,2,3,0,0,4,6,0,1,0,0,0,69,9,"North Melbourne","2021",15
19,"Walker, Josh",6,2,8,14,0,0,0,1,2,1,0,1,0,0,0,6,7,2,0,7,0,0,84,9,"North Melbourne","2021",15
38,"Xerri, Tristan",5,3,6,11,0,1,7,2,0,1,3,7,0,5,0,11,1,2,0,4,0,1,93,9,"North Melbourne","2021",15
17,"Young, Lachie",4,1,6,10,0,0,0,0,0,3,0,3,0,3,0,2,8,0,0,4,0,1,82,9,"North Melbourne","2021",15
7,"Ziebell, Jack",15,4,4,19,0,0,0,3,7,1,1,0,1,0,0,4,9,0,0,8,0,1,89,9,"North Melbourne","2021",15
44,"Zurhaar, Cameron",12,7,12,24,2,2,0,2,1,5,4,2,1,1,0,9,15,0,2,0,0,0,81,9,"North Melbourne","2021",15
9,"Ainsworth, Ben",12,2,1,13,1,0,0,4,0,4,0,2,3,0,0,5,8,0,1,1,1,1,74,-9,"Gold Coast","2021",15
15,"Anderson, Noah",7,2,6,13,0,0,0,3,2,1,4,2,1,1,0,11,5,0,0,2,0,0,59,-9,"Gold Coast","2021",15
10,"Ballard, Charlie",6,4,2,8,0,0,0,1,1,1,0,1,1,0,0,3,5,0,0,5,0,0,90,-9,"Gold Coast","2021",15
3,"Bowes, Jack",11,1,8,19,0,0,0,1,4,1,0,3,1,1,0,5,13,0,0,2,0,0,78,-9,"Gold Coast","2021",15
19,"Corbett, Josh",8,7,2,10,3,0,0,1,0,1,0,3,1,0,0,4,7,3,3,0,0,0,86,-9,"Gold Coast","2021",15
12,"Day, Sam",4,5,7,11,0,0,4,1,0,1,0,2,0,0,0,2,8,0,0,4,0,0,81,-9,"Gold Coast","2021",15
4,"Ellis, Brandon",19,6,8,27,0,0,0,3,4,5,2,3,1,2,0,8,21,0,0,3,0,1,93,-9,"Gold Coast","2021",15
8,"Fiorini, Brayden",0,0,0,0,0,0,0,0,0,0,0,0,0,0,0,0,0,0,0,0,0,0,0,-9,"Gold Coast","2021",15
26,"Flanders, Sam",9,4,11,20,1,0,0,5,1,3,0,3,1,2,0,8,11,0,0,0,0,0,76,-9,"Gold Coast","2021",15
46,"Graham, Caleb",4,3,7,11,0,0,0,0,1,0,0,3,0,1,0,5,5,1,0,10,0,0,95,-9,"Gold Coast","2021",15
1,"Greenwood, Hugh",9,0,8,17,1,1,0,11,0,2,7,2,2,1,0,14,3,0,0,0,0,1,76,-9,"Gold Coast","2021",15
39,"Holman, Nick",5,8,9,14,1,0,0,0,1,2,0,1,0,1,0,6,9,1,2,0,0,1,92,-9,"Gold Coast","2021",15
34,"King, Ben",2,2,3,5,0,0,0,1,0,0,0,0,0,0,0,2,3,1,0,2,0,0,90,-9,"Gold Coast","2021",15
23,"Lemmens, Sean",5,1,1,6,0,0,0,6,5,1,0,5,0,3,0,1,5,0,0,3,0,0,78,-9,"Gold Coast","2021",15
13,"Lukosius, Jack",13,3,1,14,0,0,0,2,7,1,1,3,1,1,0,3,6,0,0,2,0,0,86,-9,"Gold Coast","2021",15
17,"Markov, Oleg",12,7,7,19,0,0,0,2,7,0,0,3,0,1,0,3,12,0,0,4,3,0,80,-9,"Gold Coast","2021",15
11,"Miller, Touk",19,6,13,32,0,0,0,5,6,6,5,5,0,3,0,10,23,0,0,1,0,0,83,-9,"Gold Coast","2021",15
27,"Powell, Wil",11,3,7,18,0,0,0,5,4,2,0,3,0,2,0,4,14,0,0,7,0,0,87,-9,"Gold Coast","2021",15
22,"Rankine, Izak",6,2,1,7,0,1,0,2,0,2,1,2,1,2,0,5,5,0,0,1,0,0,80,-9,"Gold Coast","2021",15
18,"Rowell, Matt",5,1,9,14,0,0,0,7,0,2,2,4,2,3,0,9,5,0,0,1,0,1,82,-9,"Gold Coast","2021",15
6,"Sexton, Alex",8,5,5,13,1,1,0,1,0,3,0,0,1,0,0,5,8,0,1,2,0,0,73,-9,"Gold Coast","2021",15
37,"Sharp, Jeremy",17,8,3,20,0,1,0,0,4,6,0,2,0,1,0,4,17,1,0,0,0,0,88,-9,"Gold Coast","2021",15
32,"Smith, Zac",5,3,8,13,1,0,14,4,1,1,4,4,3,2,0,9,5,0,1,0,0,0,72,-9,"Gold Coast","2021",15
