"Number","Player","Kicks","Marks","Handballs","Disposals","Goals","Behinds","Hitouts","Tackles","Rebounds50s","Inside50s","Clearances","Clangers","FreesFor","FreesAgainst","BrownlowVotes","ContestedPossessions","UncontestedPossessions","ContestedMarks","MarksInside50","OnePercenters","Bounces","GoalAssists","PercentagePlayed","PointDifference","Team","Season","Round"
16,"Bramble, Lachlan",10,3,5,15,0,2,0,1,4,3,0,2,0,1,0,5,9,0,0,2,4,0,91,12,"Hawthorn","2021",20
0,"Breust, Luke",8,3,3,11,3,1,0,1,0,3,0,0,2,0,0,7,4,1,1,0,0,2,53,12,"Hawthorn","2021",20
42,"Brockman, Tyler",6,3,6,12,0,0,0,3,0,2,0,3,0,1,0,5,7,0,0,2,0,0,73,12,"Hawthorn","2021",20
9,"Burgoyne, Shaun",9,4,3,12,0,0,0,1,1,0,0,4,0,0,0,6,4,1,0,2,0,0,78,12,"Hawthorn","2021",20
8,"Frost, Sam",12,7,8,20,0,0,0,2,2,3,0,3,0,0,0,6,13,1,0,1,0,0,92,12,"Hawthorn","2021",20
38,"Grainger-Barras, Denver",3,1,1,4,0,0,0,6,2,1,1,0,1,0,0,2,2,0,0,5,0,1,74,12,"Hawthorn","2021",20
0,"Greaves, Damon",4,1,0,4,0,0,0,2,1,0,0,0,1,0,0,1,3,0,0,0,0,0,32,12,"Hawthorn","2021",20
15,"Hardwick, Blake",9,2,2,11,0,0,0,2,3,1,1,0,1,0,0,3,7,0,0,6,0,0,89,12,"Hawthorn","2021",20
28,"Hartigan, Kyle",2,2,2,4,0,0,0,0,1,0,0,3,0,1,0,3,1,1,0,4,0,0,94,12,"Hawthorn","2021",20
17,"Howe, Daniel",10,3,8,18,0,0,0,4,1,1,3,5,0,2,0,4,14,0,0,3,0,1,83,12,"Hawthorn","2021",20
2,"Lewis, Mitch",7,7,5,12,1,1,1,3,0,2,0,1,0,0,0,7,5,3,2,2,0,0,80,12,"Hawthorn","2021",20
7,"McEvoy, Ben",3,3,5,8,0,0,16,2,0,1,1,2,1,0,0,3,5,0,0,6,0,0,81,12,"Hawthorn","2021",20
3,"Mitchell, Tom",18,6,16,34,1,0,0,5,5,6,8,1,1,1,0,13,22,0,1,0,0,1,83,12,"Hawthorn","2021",20
36,"Moore, Dylan",10,4,5,15,2,0,0,2,0,3,0,6,3,1,0,6,9,0,0,1,0,1,85,12,"Hawthorn","2021",20
11,"Nash, Conor",9,2,14,23,0,0,0,9,2,2,7,4,1,1,0,12,11,0,0,0,1,0,80,12,"Hawthorn","2021",20
23,"OBrien, Tim",8,5,6,14,1,1,0,2,0,2,0,2,1,1,0,5,9,1,1,1,0,0,78,12,"Hawthorn","2021",20
10,"OMeara, Jaeger",20,5,15,35,1,0,0,11,3,9,8,4,1,2,3,15,21,0,1,2,1,1,81,12,"Hawthorn","2021",20
21,"Phillips, Tom",9,2,6,15,1,0,0,4,0,1,2,2,1,0,0,5,10,0,0,0,0,0,74,12,"Hawthorn","2021",20
37,"Reeves, Ned",3,0,8,11,0,0,31,7,0,3,3,0,1,0,0,8,5,0,0,9,0,0,75,12,"Hawthorn","2021",20
14,"Scrimshaw, Jack",17,8,8,25,0,0,0,2,4,2,1,4,0,0,0,10,14,3,0,1,0,0,78,12,"Hawthorn","2021",20
26,"Shiels, Liam",7,3,11,18,1,0,0,3,0,2,1,2,0,2,0,3,16,0,0,1,0,0,81,12,"Hawthorn","2021",20
20,"Wingard, Chad",20,7,12,32,2,2,0,6,0,6,4,2,0,0,2,9,24,1,3,3,2,1,81,12,"Hawthorn","2021",20
5,"Worpel, James",12,2,14,26,1,1,0,7,0,7,5,3,1,0,0,10,15,0,0,2,0,1,85,12,"Hawthorn","2021",20
4,"Ah Chee, Callum",5,5,10,15,0,0,0,3,1,1,1,1,0,1,0,4,11,0,0,1,1,1,69,-12,"Brisbane Lions","2021",20
31,"Andrews, Harris",9,9,6,15,0,0,0,4,4,0,1,4,0,2,0,10,7,2,0,16,0,0,100,-12,"Brisbane Lions","2021",20
33,"Bailey, Zac",11,2,5,16,1,0,0,2,2,6,5,6,1,2,0,8,10,0,0,3,0,2,82,-12,"Brisbane Lions","2021",20
7,"Berry, Jarrod",8,2,7,15,0,0,0,3,2,0,2,9,1,4,0,6,11,0,0,0,0,0,63,-12,"Brisbane Lions","2021",20
14,"Birchall, Grant",10,8,8,18,0,0,0,0,2,3,0,3,0,0,0,2,16,1,0,5,0,0,73,-12,"Brisbane Lions","2021",20
23,"Cameron, Charlie",9,2,3,12,1,1,0,1,1,2,2,1,0,0,0,4,6,0,1,0,1,0,86,-12,"Brisbane Lions","2021",20
12,"Cockatoo, Nakia",6,3,2,8,1,0,0,5,0,0,0,1,1,0,0,2,5,0,0,0,0,0,74,-12,"Brisbane Lions","2021",20
18,"Coleman, Keidean",0,0,0,0,0,0,0,0,0,0,0,0,0,0,0,0,0,0,0,0,0,0,0,-12,"Brisbane Lions","2021",20
3,"Daniher, Joe",8,5,3,11,1,1,0,0,0,2,0,2,1,0,0,3,8,0,1,0,0,0,94,-12,"Brisbane Lions","2021",20
21,"Fullarton, Tom",7,5,8,15,1,0,4,1,1,1,0,2,0,0,0,5,9,2,0,2,0,1,76,-12,"Brisbane Lions","2021",20
35,"Lester, Ryan",7,4,7,14,0,0,0,3,3,0,0,0,2,0,0,5,8,1,0,6,0,0,85,-12,"Brisbane Lions","2021",20
17,"Lyons, Jarryd",23,9,15,38,1,1,0,5,2,5,9,7,0,0,1,19,19,0,2,0,0,1,83,-12,"Brisbane Lions","2021",20
42,"Madden, James",3,2,4,7,0,0,0,5,3,0,2,1,1,1,0,3,4,0,0,2,0,0,78,-12,"Brisbane Lions","2021",20
11,"McCarthy, Lincoln",4,4,9,13,0,0,0,3,0,1,0,3,0,0,0,4,9,1,1,2,0,1,87,-12,"Brisbane Lions","2021",20
6,"McCluggage, Hugh",11,5,9,20,0,1,0,11,0,3,5,3,1,1,0,7,13,0,0,0,0,2,78,-12,"Brisbane Lions","2021",20
46,"McInerney, Oscar",8,1,5,13,0,0,46,4,5,1,7,7,1,2,0,14,0,1,0,2,0,0,82,-12,"Brisbane Lions","2021",20
25,"McStay, Daniel",8,8,8,16,4,0,0,2,0,2,1,1,1,0,0,10,7,6,3,1,0,0,91,-12,"Brisbane Lions","2021",20
9,"Neale, Lachie",10,3,11,21,1,0,0,2,1,2,4,2,0,0,0,8,13,0,0,0,0,0,75,-12,"Brisbane Lions","2021",20
40,"Payne, Jack",15,9,7,22,0,0,0,2,2,1,0,2,1,1,0,10,12,3,0,7,0,0,94,-12,"Brisbane Lions","2021",20
10,"Rich, Daniel",24,9,8,32,0,0,0,0,7,0,1,3,0,0,0,6,18,0,0,0,0,0,83,-12,"Brisbane Lions","2021",20
5,"Robinson, Mitch",12,4,3,15,0,0,0,4,5,3,0,2,1,0,0,6,9,1,0,1,0,0,75,-12,"Brisbane Lions","2021",20
37,"Starcevich, Brandon",10,3,4,14,0,0,0,5,1,2,1,1,1,1,0,4,11,0,0,2,0,0,87,-12,"Brisbane Lions","2021",20
15,"Zorko, Dayne",22,9,7,29,1,2,0,5,3,6,5,6,0,1,0,8,17,0,0,1,0,1,84,-12,"Brisbane Lions","2021",20
