"Number","Player","Kicks","Marks","Handballs","Disposals","Goals","Behinds","Hitouts","Tackles","Rebounds50s","Inside50s","Clearances","Clangers","FreesFor","FreesAgainst","BrownlowVotes","ContestedPossessions","UncontestedPossessions","ContestedMarks","MarksInside50","OnePercenters","Bounces","GoalAssists","PercentagePlayed","PointDifference","Team","Season","Round"
9,"Acres, Blake",15,5,9,24,0,0,0,1,1,7,1,1,0,0,0,6,17,0,1,4,1,0,78,51,"Fremantle","2021",6
11,"Aish, James",11,6,6,17,0,2,0,1,2,5,0,2,0,1,0,4,13,0,1,1,0,0,92,51,"Fremantle","2021",6
0,"Blakely, Connor",1,1,3,4,0,0,0,0,0,0,0,0,0,0,0,1,3,0,0,0,0,0,7,51,"Fremantle","2021",6
8,"Brayshaw, Andrew",14,8,17,31,0,0,0,6,3,4,3,2,0,1,0,10,21,0,0,2,0,0,73,51,"Fremantle","2021",6
27,"Chapman, Heath",9,7,2,11,0,0,0,0,5,0,0,2,0,1,0,1,10,0,0,2,0,0,81,51,"Fremantle","2021",6
33,"Colyer, Travis",10,2,5,15,1,2,0,3,1,2,4,2,1,1,0,8,7,0,1,0,0,0,69,51,"Fremantle","2021",6
6,"Conca, Reece",9,4,4,13,0,0,0,5,2,2,0,2,0,0,0,1,9,0,0,3,0,0,79,51,"Fremantle","2021",6
0,"Cox, Brennan",7,3,5,12,0,0,0,0,2,0,1,1,1,0,0,5,7,1,0,6,0,0,75,51,"Fremantle","2021",6
12,"Crowden, Mitch",5,3,7,12,0,1,0,2,0,1,0,0,1,0,0,2,10,1,0,0,0,0,73,51,"Fremantle","2021",6
4,"Darcy, Sean",6,3,9,15,1,0,27,8,0,4,4,4,1,1,0,9,8,1,1,1,0,1,84,51,"Fremantle","2021",6
43,"Frederick, Michael",7,5,4,11,0,2,0,4,1,1,0,0,0,0,0,5,6,1,0,0,0,0,79,51,"Fremantle","2021",6
7,"Fyfe, Nat",16,7,18,34,0,4,0,3,2,6,7,8,1,5,1,23,12,4,2,1,2,2,86,51,"Fremantle","2021",6
15,"Hughes, Ethan",16,5,11,27,0,0,0,3,2,2,2,2,2,0,0,8,20,0,0,3,1,1,95,51,"Fremantle","2021",6
37,"Lobb, Rory",8,5,10,18,0,1,3,0,1,3,1,2,0,0,0,9,8,2,2,1,0,0,85,51,"Fremantle","2021",6
2,"Logue, Griffin",3,2,3,6,0,0,0,2,3,0,0,0,0,0,0,3,3,0,0,5,0,0,81,51,"Fremantle","2021",6
16,"Mundy, David",13,4,17,30,3,0,0,3,1,4,8,2,1,1,3,15,15,0,0,1,0,1,70,51,"Fremantle","2021",6
13,"Ryan, Luke",17,8,6,23,0,0,0,2,6,0,0,5,2,2,0,5,16,0,0,3,1,0,95,51,"Fremantle","2021",6
28,"Schultz, Lachie",9,3,3,12,4,0,0,1,0,0,0,2,1,1,0,6,7,0,2,0,0,0,78,51,"Fremantle","2021",6
3,"Serong, Caleb",24,7,11,35,0,2,0,7,3,6,6,4,1,1,2,17,19,1,0,0,0,0,76,51,"Fremantle","2021",6
20,"Taberner, Matthew",7,5,3,10,4,1,0,1,0,1,0,2,1,0,0,4,7,0,3,1,0,0,98,51,"Fremantle","2021",6
35,"Treacy, Josh",1,2,4,5,0,0,0,2,0,2,0,2,0,1,0,1,4,0,0,3,0,1,80,51,"Fremantle","2021",6
10,"Walters, Michael",7,2,5,12,1,0,0,4,0,1,1,2,3,0,0,6,6,1,0,0,0,0,82,51,"Fremantle","2021",6
14,"Wilson, Nathan",12,3,3,15,0,0,0,0,3,2,0,2,0,0,0,6,6,0,0,1,1,1,85,51,"Fremantle","2021",6
18,"Atley, Shaun",11,7,11,22,0,0,0,4,6,1,0,2,2,0,0,3,19,0,0,1,0,0,79,-51,"North Melbourne","2021",6
16,"Bonar, Aiden",17,10,2,19,0,0,0,2,5,0,0,0,1,0,0,3,13,0,0,9,0,0,89,-51,"North Melbourne","2021",6
15,"Bosenavulagi, Atu",12,9,3,15,0,0,0,2,0,3,0,1,0,0,0,3,11,1,0,2,0,0,85,-51,"North Melbourne","2021",6
42,"Campbell, Tom",6,5,4,10,1,0,15,1,0,2,0,1,0,1,0,5,5,1,1,2,0,0,80,-51,"North Melbourne","2021",6
10,"Cunnington, Ben",12,2,13,25,0,1,0,7,1,3,4,4,1,1,0,12,14,0,0,1,0,0,82,-51,"North Melbourne","2021",6
9,"Davies-Uniacke, Luke",9,3,9,18,0,2,0,3,3,5,2,3,1,2,0,6,13,0,0,0,0,0,85,-51,"North Melbourne","2021",6
22,"Goldstein, Todd",8,4,10,18,1,0,18,1,0,2,3,2,1,0,0,8,9,0,0,4,0,0,86,-51,"North Melbourne","2021",6
20,"Larkey, Nick",5,3,7,12,1,0,0,1,0,3,0,2,0,0,0,6,6,1,1,0,0,0,87,-51,"North Melbourne","2021",6
1,"Mahony, Jack",10,3,11,21,0,0,0,2,0,3,1,3,1,1,0,7,14,0,0,1,0,0,76,-51,"North Melbourne","2021",6
23,"McKay, Ben",11,8,6,17,0,0,0,1,2,0,0,3,0,1,0,1,14,1,0,10,0,0,97,-51,"North Melbourne","2021",6
31,"Menadue, Connor",11,7,7,18,0,0,0,3,3,1,1,1,1,0,0,7,12,1,0,3,0,0,81,-51,"North Melbourne","2021",6
29,"Phillips, Will",5,1,4,9,1,0,0,1,0,0,1,1,1,0,0,3,6,0,0,0,0,0,82,-51,"North Melbourne","2021",6
24,"Powell, Tom",15,8,10,25,0,1,0,3,4,4,2,1,0,0,0,10,15,1,0,0,0,0,81,-51,"North Melbourne","2021",6
12,"Simpkin, Jy",13,3,12,25,0,0,0,6,1,4,4,7,0,2,0,8,19,0,0,3,2,0,86,-51,"North Melbourne","2021",6
2,"Stephenson, Jaidyn",15,5,3,18,2,0,0,2,0,4,1,1,2,0,0,5,13,0,0,1,0,0,78,-51,"North Melbourne","2021",6
5,"Taylor, Curtis",12,10,6,18,0,1,0,3,2,1,1,1,0,0,0,3,15,1,2,0,0,1,71,-51,"North Melbourne","2021",6
26,"Thomas, Tarryn",12,4,7,19,0,2,0,5,2,1,2,3,1,2,0,10,10,0,1,0,0,1,77,-51,"North Melbourne","2021",6
28,"Turner, Kayne",8,5,6,14,0,1,0,5,0,3,1,3,1,1,0,5,9,1,2,3,0,0,77,-51,"North Melbourne","2021",6
21,"Tyson, Dom",0,0,0,0,0,0,0,0,0,0,0,0,0,0,0,0,0,0,0,0,0,0,0,-51,"North Melbourne","2021",6
19,"Walker, Josh",6,6,7,13,0,0,0,1,2,0,0,1,0,0,0,4,9,0,0,2,0,0,89,-51,"North Melbourne","2021",6
17,"Young, Lachie",8,6,7,15,0,0,0,0,1,1,1,1,0,1,0,5,10,0,0,2,0,0,80,-51,"North Melbourne","2021",6
7,"Ziebell, Jack",32,14,5,37,0,0,0,5,8,0,0,2,2,0,0,6,24,1,0,2,0,0,76,-51,"North Melbourne","2021",6
44,"Zurhaar, Cameron",7,5,3,10,0,1,0,4,0,3,1,7,1,4,0,5,5,3,2,0,0,1,77,-51,"North Melbourne","2021",6
