"Number","Player","Kicks","Marks","Handballs","Disposals","Goals","Behinds","Hitouts","Tackles","Rebounds50s","Inside50s","Clearances","Clangers","FreesFor","FreesAgainst","BrownlowVotes","ContestedPossessions","UncontestedPossessions","ContestedMarks","MarksInside50","OnePercenters","Bounces","GoalAssists","PercentagePlayed","PointDifference","Team","Season","Round"
0,"Aarts, Jake",3,1,1,4,0,1,0,2,0,2,2,0,1,0,0,2,2,0,0,0,0,1,12,0,"Richmond","2021",23
12,"Astbury, David",12,13,8,20,0,0,0,2,3,0,0,3,1,2,0,5,14,1,0,4,0,0,98,0,"Richmond","2021",23
7,"Baker, Liam",9,5,3,12,0,1,0,1,2,3,1,2,0,1,0,4,8,0,1,1,0,2,81,0,"Richmond","2021",23
29,"Bolton, Shai",11,6,3,14,2,0,0,2,0,5,0,3,1,1,0,6,8,1,2,1,2,0,91,0,"Richmond","2021",23
11,"Castagna, Jason",6,5,5,11,1,1,0,0,0,4,0,2,0,0,0,3,9,0,1,2,0,1,81,0,"Richmond","2021",23
41,"Chol, Mabior",5,4,2,7,1,1,4,3,0,1,1,0,0,0,0,3,3,1,2,0,0,0,50,0,"Richmond","2021",23
40,"Coleman-Jones, Callum",4,3,5,9,0,0,12,4,1,2,2,3,0,3,0,7,4,2,0,2,0,0,68,0,"Richmond","2021",23
26,"Collier-Dawkins, Riley",10,3,9,19,0,0,0,1,2,3,5,2,0,1,0,8,11,0,0,1,0,0,64,0,"Richmond","2021",23
0,"Dow, Thomson",6,3,9,15,0,0,0,1,0,1,0,2,0,0,0,2,13,0,0,1,0,0,69,0,"Richmond","2021",23
34,"Graham, Jack",14,3,3,17,0,1,0,5,3,3,3,2,2,1,0,8,11,0,0,1,1,0,91,0,"Richmond","2021",23
2,"Grimes, Dylan",12,9,9,21,0,0,0,2,1,0,1,2,2,1,0,7,13,2,0,5,0,0,88,0,"Richmond","2021",23
19,"Lynch, Tom",13,7,3,16,3,3,0,2,0,2,0,2,3,1,0,10,6,3,5,3,0,1,93,0,"Richmond","2021",23
36,"Martyn, Will",10,5,4,14,0,0,0,2,0,2,2,2,0,1,0,4,10,0,0,1,0,0,77,0,"Richmond","2021",23
33,"McIntosh, Kamdyn",10,5,6,16,0,0,0,5,2,2,1,2,1,2,0,5,12,0,0,1,0,0,83,0,"Richmond","2021",23
46,"Miller, Ben",4,2,2,6,0,0,0,0,2,0,0,0,1,0,0,5,3,0,0,8,0,0,93,0,"Richmond","2021",23
37,"Parker, Matthew",6,3,3,9,0,0,0,4,1,2,0,3,0,1,0,2,6,0,0,2,0,1,84,0,"Richmond","2021",23
50,"Pickett, Marlion",10,8,3,13,0,1,0,0,0,5,0,2,0,0,0,5,8,1,1,0,2,1,83,0,"Richmond","2021",23
8,"Riewoldt, Jack",6,4,6,12,3,0,0,0,0,3,0,3,0,1,0,8,5,1,2,2,0,0,93,0,"Richmond","2021",23
17,"Rioli, Daniel",8,3,11,19,0,0,0,3,1,1,1,0,0,0,0,6,12,0,0,1,0,0,75,0,"Richmond","2021",23
5,"Ross, Jack",13,5,11,24,0,0,0,4,3,6,4,1,1,0,0,11,12,1,0,2,0,0,79,0,"Richmond","2021",23
15,"Short, Jayden",19,9,7,26,0,0,0,1,3,4,0,1,0,0,0,5,20,0,0,3,0,0,85,0,"Richmond","2021",23
44,"Stack, Sydney",9,3,6,15,2,0,0,3,2,0,1,4,1,0,0,5,11,1,1,2,0,0,73,0,"Richmond","2021",23
1,"Vlastuin, Nick",10,6,10,20,0,0,0,4,7,2,1,4,2,2,0,6,12,0,0,3,0,0,88,0,"Richmond","2021",23
16,"Bramble, Lachlan",10,3,8,18,0,0,0,4,3,4,0,1,0,1,0,3,13,0,0,1,1,0,87,0,"Hawthorn","2021",23
42,"Brockman, Tyler",4,4,4,8,3,0,0,2,0,1,0,0,0,0,0,0,7,0,2,0,0,1,67,0,"Hawthorn","2021",23
9,"Burgoyne, Shaun",11,3,10,21,0,0,0,0,7,3,0,3,0,0,0,5,14,0,0,2,0,0,78,0,"Hawthorn","2021",23
18,"Ceglar, Jonathon",2,2,17,19,0,0,24,4,1,4,8,3,0,1,0,12,9,1,0,6,0,0,71,0,"Hawthorn","2021",23
8,"Frost, Sam",14,7,2,16,0,0,0,2,3,0,0,0,1,0,0,4,10,0,0,1,1,0,94,0,"Hawthorn","2021",23
13,"Hanrahan, Oliver",7,2,6,13,1,0,0,0,0,0,0,1,2,0,0,6,8,0,0,1,0,0,69,0,"Hawthorn","2021",23
15,"Hardwick, Blake",15,6,5,20,0,0,0,3,8,0,0,1,1,0,0,3,14,0,0,4,0,0,86,0,"Hawthorn","2021",23
28,"Hartigan, Kyle",4,2,5,9,0,0,0,0,2,0,1,1,1,1,0,5,4,0,0,3,0,0,96,0,"Hawthorn","2021",23
17,"Howe, Daniel",15,5,10,25,0,1,0,2,1,5,1,0,1,0,0,5,18,0,0,3,0,1,84,0,"Hawthorn","2021",23
0,"Koschitzke, Jacob",4,1,1,5,0,0,0,3,0,1,0,3,3,1,0,4,1,0,0,2,0,1,71,0,"Hawthorn","2021",23
2,"Lewis, Mitch",7,5,1,8,2,1,5,1,0,2,0,3,1,2,0,4,4,1,2,3,0,0,92,0,"Hawthorn","2021",23
7,"McEvoy, Ben",7,9,6,13,0,2,13,6,1,1,3,4,3,3,0,11,5,4,1,4,0,0,84,0,"Hawthorn","2021",23
3,"Mitchell, Tom",14,6,22,36,0,0,0,5,1,3,4,4,0,2,2,10,28,0,0,1,1,0,87,0,"Hawthorn","2021",23
1,"Morrison, Harry",5,7,11,16,0,0,0,3,0,1,0,1,0,1,0,1,15,0,0,2,0,0,74,0,"Hawthorn","2021",23
11,"Nash, Conor",11,8,13,24,1,0,0,2,1,5,4,1,1,0,0,7,17,0,0,1,0,0,78,0,"Hawthorn","2021",23
0,"Newcombe, Jai",0,0,2,2,0,0,0,0,0,0,1,0,0,0,0,1,1,0,0,0,0,0,21,0,"Hawthorn","2021",23
23,"OBrien, Tim",11,7,7,18,0,0,0,1,3,2,0,2,1,1,0,5,13,0,0,3,0,0,91,0,"Hawthorn","2021",23
10,"OMeara, Jaeger",20,7,16,36,0,2,0,1,3,5,6,4,1,1,1,15,19,0,0,0,0,0,84,0,"Hawthorn","2021",23
21,"Phillips, Tom",12,4,4,16,2,1,0,1,1,1,0,2,0,0,0,2,14,0,2,0,0,0,69,0,"Hawthorn","2021",23
14,"Scrimshaw, Jack",16,6,9,25,1,0,0,1,2,1,0,3,0,0,0,6,20,0,0,3,2,0,80,0,"Hawthorn","2021",23
26,"Shiels, Liam",11,8,9,20,0,0,0,0,0,1,1,0,0,0,0,2,20,0,1,2,0,1,83,0,"Hawthorn","2021",23
20,"Wingard, Chad",15,3,15,30,2,1,0,5,0,4,6,4,2,1,3,11,21,0,1,0,1,2,81,0,"Hawthorn","2021",23
5,"Worpel, James",14,7,11,25,0,0,0,1,3,3,1,2,0,1,0,7,17,0,0,2,0,0,73,0,"Hawthorn","2021",23
