"Number","Player","Kicks","Marks","Handballs","Disposals","Goals","Behinds","Hitouts","Tackles","Rebounds50s","Inside50s","Clearances","Clangers","FreesFor","FreesAgainst","BrownlowVotes","ContestedPossessions","UncontestedPossessions","ContestedMarks","MarksInside50","OnePercenters","Bounces","GoalAssists","PercentagePlayed","PointDifference","Team","Season","Round"
0,"Clarke, Ryan",0,0,0,0,0,0,0,0,0,0,0,1,0,1,0,0,0,0,0,0,0,0,9,2,"Sydney","2021",7
7,"Cunningham, Harry",10,7,7,17,0,0,0,4,2,3,0,5,0,2,0,2,15,0,0,2,0,0,91,2,"Sydney","2021",7
34,"Dawson, Jordan",15,1,5,20,0,1,0,2,10,2,0,2,2,1,0,4,7,0,0,8,0,0,85,2,"Sydney","2021",7
13,"Florent, Oliver",19,5,7,26,2,0,0,1,3,7,4,3,1,1,3,6,17,0,1,0,0,1,82,2,"Sydney","2021",7
21,"Gulden, Errol",6,4,1,7,1,2,0,5,0,2,0,3,1,1,0,4,4,1,2,0,0,1,73,2,"Sydney","2021",7
9,"Hayward, Will",4,4,6,10,0,0,0,4,0,0,0,5,0,2,0,9,1,4,0,1,0,1,85,2,"Sydney","2021",7
5,"Heeney, Isaac",5,3,2,7,0,1,0,0,0,1,0,3,0,2,0,2,4,0,1,3,0,0,80,2,"Sydney","2021",7
31,"Hickey, Tom",9,1,11,20,1,0,23,2,1,2,11,2,3,0,0,16,5,0,0,1,0,0,78,2,"Sydney","2021",7
12,"Kennedy, Josh",11,5,11,22,0,0,0,2,2,3,6,3,1,0,0,8,14,0,0,2,0,0,74,2,"Sydney","2021",7
44,"Lloyd, Jake",17,3,8,25,0,0,0,4,7,0,0,2,0,1,0,0,19,0,0,3,1,0,87,2,"Sydney","2021",7
30,"McCartin, Tom",8,2,1,9,0,0,0,0,6,0,2,3,0,0,0,5,5,1,0,10,0,0,96,2,"Sydney","2021",7
27,"McInerney, Justin",7,3,3,10,1,0,0,1,1,0,0,1,0,1,0,4,7,0,1,0,0,0,75,2,"Sydney","2021",7
41,"McLean, Hayden",6,4,3,9,4,0,0,2,0,0,0,0,1,0,1,5,3,3,3,1,0,0,93,2,"Sydney","2021",7
0,"Melican, Lewis",5,6,6,11,0,0,0,0,3,1,0,2,1,1,0,5,6,3,0,2,0,0,77,2,"Sydney","2021",7
14,"Mills, Callum",16,11,3,19,0,0,0,1,7,0,1,0,1,0,0,3,14,0,0,4,0,0,86,2,"Sydney","2021",7
38,"ORiordan, Colin",8,3,6,14,0,0,0,1,0,3,0,1,0,0,0,5,6,0,0,2,0,1,68,2,"Sydney","2021",7
11,"Papley, Tom",8,1,3,11,2,0,0,2,0,0,1,4,1,1,0,5,4,0,0,2,0,1,79,2,"Sydney","2021",7
26,"Parker, Luke",5,3,17,22,0,0,0,3,1,1,5,2,1,1,0,13,9,0,0,1,1,0,84,2,"Sydney","2021",7
8,"Rowbottom, James",15,6,5,20,1,0,0,4,3,5,2,7,0,2,0,4,13,0,1,0,0,0,82,2,"Sydney","2021",7
18,"Sinclair, Callum",2,1,5,7,0,0,9,3,0,2,2,3,2,1,0,7,2,0,0,6,0,2,85,2,"Sydney","2021",7
3,"Stephens, Dylan",11,7,4,15,1,0,0,1,2,2,0,3,0,2,0,2,12,0,1,1,0,0,72,2,"Sydney","2021",7
1,"Warner, Chad",9,2,5,14,1,0,0,6,0,3,2,3,1,0,0,5,9,0,0,2,0,1,82,2,"Sydney","2021",7
45,"Wicks, Sam",7,1,2,9,0,0,0,2,0,2,0,4,0,3,0,3,6,0,0,0,0,1,76,2,"Sydney","2021",7
30,"Atkins, Tom",7,4,8,15,0,0,0,3,4,1,2,2,1,0,0,10,6,1,0,2,0,0,84,-2,"Geelong","2021",7
24,"Bews, Jed",5,2,7,12,0,0,0,3,1,2,0,4,0,1,0,2,9,0,0,1,1,0,82,-2,"Geelong","2021",7
46,"Blicavs, Mark",8,2,6,14,0,0,7,1,0,7,2,2,0,1,0,6,9,0,0,0,0,0,96,-2,"Geelong","2021",7
5,"Cameron, Jeremy",7,1,2,9,3,0,0,1,0,2,0,4,2,2,0,6,4,0,1,1,0,0,86,-2,"Geelong","2021",7
6,"Clark, Jordan",8,5,10,18,0,1,0,2,0,1,0,2,0,1,0,6,14,0,1,4,1,0,78,-2,"Geelong","2021",7
45,"Close, Brad",9,4,9,18,2,0,0,1,0,3,0,1,3,0,0,5,13,0,0,1,0,1,85,-2,"Geelong","2021",7
40,"Dahlhaus, Luke",10,3,11,21,1,2,0,4,0,3,1,3,1,1,0,7,14,0,0,2,0,2,73,-2,"Geelong","2021",7
22,"Duncan, Mitch",21,7,8,29,1,1,0,2,1,4,5,3,4,1,0,9,18,0,0,0,0,0,91,-2,"Geelong","2021",7
29,"Guthrie, Cameron",17,4,13,30,0,1,0,7,1,10,9,0,0,0,0,12,17,0,0,1,0,0,76,-2,"Geelong","2021",7
0,"Guthrie, Zach",5,2,1,6,0,0,0,1,0,1,0,1,1,0,0,2,4,1,0,3,0,0,38,-2,"Geelong","2021",7
26,"Hawkins, Tom",6,5,4,10,1,1,4,3,0,1,0,4,0,0,0,6,4,4,4,1,0,0,96,-2,"Geelong","2021",7
25,"Henderson, Lachie",9,6,9,18,0,1,0,1,3,2,0,3,0,2,0,6,11,2,0,3,0,2,100,-2,"Geelong","2021",7
38,"Henry, Jack",12,8,11,23,0,0,5,2,1,3,0,1,1,0,2,7,16,1,0,8,0,0,86,-2,"Geelong","2021",7
27,"Menegola, Sam",14,4,7,21,1,2,0,1,1,5,3,2,0,1,0,9,10,0,1,1,0,0,76,-2,"Geelong","2021",7
0,"Miers, Gryan",6,4,5,11,1,0,0,0,0,1,0,3,1,0,0,4,7,0,2,0,0,1,38,-2,"Geelong","2021",7
19,"Narkle, Quinton",3,2,12,15,0,0,0,3,0,3,4,2,0,0,0,8,7,0,0,0,0,0,58,-2,"Geelong","2021",7
3,"Parfitt, Brandan",9,1,11,20,0,0,0,7,0,4,3,2,0,1,0,8,12,0,0,0,0,0,71,-2,"Geelong","2021",7
23,"Rohan, Gary",8,2,2,10,2,2,0,2,0,1,1,2,3,1,0,6,4,0,0,2,0,0,89,-2,"Geelong","2021",7
14,"Selwood, Joel",14,3,15,29,0,0,0,7,0,3,6,3,4,1,0,14,17,0,0,1,0,0,79,-2,"Geelong","2021",7
7,"Smith, Isaac",16,10,6,22,0,1,0,2,3,4,0,5,0,1,0,2,20,0,0,1,0,0,89,-2,"Geelong","2021",7
1,"Stanley, Rhys",6,2,4,10,0,0,16,0,1,1,2,1,0,1,0,6,5,1,0,2,0,0,65,-2,"Geelong","2021",7
44,"Stewart, Tom",19,9,6,25,0,1,0,1,6,2,0,1,1,0,0,7,14,1,0,5,0,0,84,-2,"Geelong","2021",7
2,"Tuohy, Zach",13,7,5,18,0,0,0,3,3,1,1,2,1,1,0,3,14,0,0,1,1,1,80,-2,"Geelong","2021",7
