"Number","Player","Kicks","Marks","Handballs","Disposals","Goals","Behinds","Hitouts","Tackles","Rebounds50s","Inside50s","Clearances","Clangers","FreesFor","FreesAgainst","BrownlowVotes","ContestedPossessions","UncontestedPossessions","ContestedMarks","MarksInside50","OnePercenters","Bounces","GoalAssists","PercentagePlayed","PointDifference","Team","Season","Round"
4,"Bontempelli, Marcus",15,6,15,30,3,1,0,2,2,7,5,2,0,1,3,10,23,2,1,1,1,2,88,7,"Western Bulldogs","2021",2
17,"Bruce, Josh",8,5,1,9,3,0,0,1,1,3,0,3,1,2,0,3,6,1,1,1,0,1,82,7,"Western Bulldogs","2021",2
31,"Dale, Bailey",9,6,8,17,0,0,0,1,2,2,2,0,0,0,0,10,10,2,0,3,0,0,81,7,"Western Bulldogs","2021",2
35,"Daniel, Caleb",18,5,8,26,1,0,0,0,7,2,1,6,1,2,0,2,21,0,0,0,0,1,78,7,"Western Bulldogs","2021",2
5,"Dunkley, Josh",10,6,15,25,1,0,0,9,1,2,6,2,0,1,0,12,15,0,0,3,0,0,81,7,"Western Bulldogs","2021",2
15,"Duryea, Taylor",11,7,11,22,0,0,0,2,5,2,0,1,0,1,0,10,10,1,0,5,0,0,79,7,"Western Bulldogs","2021",2
44,"English, Tim",5,4,4,9,1,0,9,4,1,0,1,4,0,1,0,3,6,1,2,1,0,0,80,7,"Western Bulldogs","2021",2
43,"Gardner, Ryan",8,4,2,10,0,0,0,1,1,1,0,1,1,1,0,3,7,0,0,9,0,0,100,7,"Western Bulldogs","2021",2
7,"Hunter, Lachie",13,5,8,21,0,0,0,1,0,3,2,5,2,2,0,6,15,0,0,3,0,2,90,7,"Western Bulldogs","2021",2
39,"Johannisen, Jason",0,0,0,0,0,0,0,0,0,0,0,0,0,0,0,0,0,0,0,0,0,0,0,7,"Western Bulldogs","2021",2
42,"Keath, Alex",8,3,6,14,0,0,0,3,0,2,1,0,2,0,0,5,9,0,0,7,0,0,97,7,"Western Bulldogs","2021",2
21,"Liberatore, Tom",12,2,14,26,0,2,0,5,2,5,9,2,0,0,0,14,12,0,1,2,0,0,78,7,"Western Bulldogs","2021",2
27,"Lipinski, Patrick",10,2,10,20,0,0,0,1,2,1,1,4,0,1,0,6,15,0,0,0,0,0,75,7,"Western Bulldogs","2021",2
11,"Macrae, Jack",19,3,22,41,0,1,0,0,1,8,9,2,2,0,2,15,26,0,0,1,0,1,88,7,"Western Bulldogs","2021",2
8,"Martin, Stefan",4,1,6,10,0,0,12,0,0,2,0,6,0,3,0,5,6,1,0,2,0,0,77,7,"Western Bulldogs","2021",2
30,"McNeil, Lachlan",6,2,3,9,0,2,0,2,0,3,1,1,0,0,0,3,6,1,1,1,2,1,65,7,"Western Bulldogs","2021",2
33,"Naughton, Aaron",11,8,2,13,3,2,0,2,0,0,0,0,2,0,0,5,8,2,4,2,0,1,85,7,"Western Bulldogs","2021",2
28,"Scott, Anthony",4,2,5,9,0,0,0,0,0,1,0,1,0,0,0,1,9,0,0,0,1,0,77,7,"Western Bulldogs","2021",2
6,"Smith, Bailey",7,5,18,25,1,0,0,3,0,1,0,1,0,0,0,4,22,0,0,2,2,0,85,7,"Western Bulldogs","2021",2
1,"Treloar, Adam",11,3,14,25,0,1,0,2,0,3,2,1,0,1,0,9,16,0,0,1,0,0,77,7,"Western Bulldogs","2021",2
23,"Vandermeer, Laitham",5,3,5,10,1,2,0,2,0,2,0,2,1,1,0,3,8,1,3,1,1,3,78,7,"Western Bulldogs","2021",2
3,"Wallis, Mitch",8,7,7,15,0,1,0,2,0,1,1,4,2,1,0,7,9,2,4,1,0,0,71,7,"Western Bulldogs","2021",2
34,"Williams, Bailey",12,6,8,20,0,0,0,0,6,0,0,3,0,1,0,3,16,1,0,4,0,0,87,7,"Western Bulldogs","2021",2
41,"Ah Chee, Brendon",0,0,0,0,0,0,0,0,0,0,0,0,0,0,0,0,0,0,0,0,0,0,0,-7,"West Coast","2021",2
12,"Allen, Oscar",4,4,0,4,2,1,0,3,0,0,0,2,1,1,0,5,1,3,3,2,0,1,87,-7,"West Coast","2021",2
37,"Barrass, Tom",15,10,2,17,0,0,0,0,5,1,0,1,1,0,0,7,10,3,0,11,0,0,86,-7,"West Coast","2021",2
28,"Cole, Tom",6,2,4,10,0,0,0,0,0,2,0,2,1,1,0,3,8,1,0,6,0,0,83,-7,"West Coast","2021",2
15,"Cripps, Jamie",9,4,4,13,0,1,0,7,0,3,2,0,2,0,0,8,6,1,0,3,1,2,89,-7,"West Coast","2021",2
27,"Darling, Jack",9,9,4,13,3,0,1,3,0,1,0,5,1,2,0,5,9,1,3,1,0,0,96,-7,"West Coast","2021",2
14,"Duggan, Liam",18,8,7,25,0,0,0,3,2,5,0,9,0,2,0,7,17,0,0,2,0,2,85,-7,"West Coast","2021",2
3,"Gaff, Andrew",11,3,5,16,0,0,0,2,1,2,3,1,0,0,0,8,9,0,0,2,0,0,91,-7,"West Coast","2021",2
25,"Hurn, Shannon",23,7,2,25,0,0,0,0,13,0,0,0,1,0,0,4,9,1,0,1,1,0,84,-7,"West Coast","2021",2
31,"Jones, Jamaine",7,1,1,8,3,0,0,3,0,4,0,3,2,1,0,4,4,0,0,0,0,0,72,-7,"West Coast","2021",2
11,"Kelly, Tim",17,5,12,29,0,1,0,4,2,4,5,4,1,0,0,13,16,0,0,2,0,0,82,-7,"West Coast","2021",2
17,"Kennedy, Josh",10,9,1,11,4,1,0,1,0,2,0,0,0,0,0,4,7,3,6,0,0,1,79,-7,"West Coast","2021",2
7,"Langdon, Zac",3,2,5,8,0,1,0,3,1,0,0,2,0,1,0,2,6,0,0,1,0,0,67,-7,"West Coast","2021",2
20,"McGovern, Jeremy",10,5,1,11,0,0,0,0,3,1,0,2,1,2,0,2,9,0,0,5,0,0,85,-7,"West Coast","2021",2
9,"Naitanui, Nic",6,2,7,13,0,0,40,5,0,7,11,1,2,1,1,14,1,2,0,3,0,0,72,-7,"West Coast","2021",2
30,"Nelson, Jackson",7,4,3,10,0,0,0,3,3,1,1,1,1,0,0,1,7,0,0,1,1,0,83,-7,"West Coast","2021",2
24,"ONeill, Xavier",8,2,4,12,0,0,0,1,2,2,1,1,0,0,0,6,7,0,0,2,0,0,70,-7,"West Coast","2021",2
8,"Redden, Jack",11,7,10,21,0,0,0,1,0,1,2,0,0,0,0,5,15,1,0,1,0,1,92,-7,"West Coast","2021",2
35,"Rotham, Josh",12,9,3,15,0,0,0,0,2,3,0,2,1,1,0,4,11,0,0,5,0,0,81,-7,"West Coast","2021",2
1,"Ryan, Liam",8,1,1,9,2,2,0,1,0,2,0,2,1,0,0,1,8,0,1,0,0,0,89,-7,"West Coast","2021",2
4,"Sheed, Dom",16,4,10,26,0,1,0,3,2,4,11,6,2,1,0,18,9,0,0,2,0,2,87,-7,"West Coast","2021",2
5,"Sheppard, Brad",8,4,4,12,0,0,0,2,1,0,0,3,0,1,0,4,9,0,0,7,0,0,92,-7,"West Coast","2021",2
19,"Vardy, Nathan",1,0,3,4,0,0,11,1,0,2,1,0,1,0,0,3,1,0,0,1,0,1,50,-7,"West Coast","2021",2
