"Number","Player","Kicks","Marks","Handballs","Disposals","Goals","Behinds","Hitouts","Tackles","Rebounds50s","Inside50s","Clearances","Clangers","FreesFor","FreesAgainst","BrownlowVotes","ContestedPossessions","UncontestedPossessions","ContestedMarks","MarksInside50","OnePercenters","Bounces","GoalAssists","PercentagePlayed","PointDifference","Team","Season","Round"
21,"Berry, Sam",4,2,7,11,1,1,0,4,0,1,1,4,3,3,0,6,6,1,1,2,0,0,77,10,"Adelaide","2021",3
16,"Brown, Luke",10,2,3,13,0,0,0,2,4,3,2,1,1,0,0,5,4,0,0,2,0,0,82,10,"Adelaide","2021",3
41,"Butts, Jordon",9,4,1,10,0,0,0,2,5,1,0,1,2,1,0,4,5,1,0,13,0,0,97,10,"Adelaide","2021",3
39,"Doedee, Tom",8,3,7,15,0,0,0,2,2,3,0,2,1,0,0,4,10,1,0,8,0,0,95,10,"Adelaide","2021",3
22,"Frampton, Billy",4,3,1,5,0,1,2,1,1,0,0,3,0,1,0,1,5,1,1,1,0,0,75,10,"Adelaide","2021",3
17,"Hamill, Will",5,4,4,9,0,0,0,3,1,0,0,1,1,1,0,5,5,0,0,1,0,0,82,10,"Adelaide","2021",3
2,"Keays, Ben",16,5,10,26,1,1,0,3,3,5,4,1,0,1,0,8,19,0,0,2,0,1,82,10,"Adelaide","2021",3
8,"Kelly, Jake",9,6,12,21,0,0,0,2,4,1,0,0,0,0,0,8,13,0,0,5,0,0,86,10,"Adelaide","2021",3
29,"Laird, Rory",11,2,17,28,0,0,0,9,2,5,5,5,0,1,0,15,14,0,0,0,0,1,73,10,"Adelaide","2021",3
27,"Lynch, Tom",11,5,4,15,0,0,0,3,1,3,1,4,2,1,0,5,10,1,0,1,0,1,79,10,"Adelaide","2021",3
23,"McAdam, Shane",3,2,5,8,2,0,0,0,0,0,0,3,0,3,0,6,2,1,1,2,0,0,69,10,"Adelaide","2021",3
25,"McHenry, Ned",4,1,8,12,1,0,0,3,1,1,0,5,0,1,0,4,7,0,1,1,0,0,78,10,"Adelaide","2021",3
36,"McPherson, Andrew",11,2,3,14,0,0,0,1,6,0,0,2,0,0,0,2,9,0,0,2,0,0,78,10,"Adelaide","2021",3
4,"Murphy, Lachlan",5,1,5,10,0,1,0,5,0,3,1,0,1,0,0,7,4,0,0,2,0,0,85,10,"Adelaide","2021",3
28,"Murray, Nick",0,0,0,0,0,0,0,0,0,0,0,0,0,0,0,0,0,0,0,0,0,0,0,10,"Adelaide","2021",3
43,"OBrien, Reilly",5,3,14,19,0,0,34,3,1,1,3,4,1,1,0,13,8,0,0,6,0,0,89,10,"Adelaide","2021",3
31,"Rowe, James",7,1,7,14,2,1,0,0,0,2,0,4,0,0,0,6,8,0,0,1,0,0,83,10,"Adelaide","2021",3
26,"Schoenberg, Harry",9,1,3,12,1,0,0,2,1,2,3,2,1,1,0,4,9,0,1,0,0,0,58,10,"Adelaide","2021",3
11,"Seedsman, Paul",17,5,10,27,0,1,0,2,1,6,1,4,0,2,0,3,24,1,1,0,0,2,83,10,"Adelaide","2021",3
38,"Sholl, Lachlan",13,9,5,18,0,1,0,0,2,3,0,1,0,1,0,3,15,1,1,0,0,1,91,10,"Adelaide","2021",3
9,"Sloane, Rory",15,7,19,34,0,0,0,3,2,4,8,5,2,1,1,19,16,0,0,5,0,2,85,10,"Adelaide","2021",3
33,"Smith, Brodie",19,4,7,26,0,0,0,4,7,7,1,3,1,0,2,10,12,0,0,3,0,0,81,10,"Adelaide","2021",3
13,"Walker, Taylor",15,9,9,24,6,3,0,3,1,6,3,6,1,1,3,10,13,4,4,1,0,1,92,10,"Adelaide","2021",3
9,"Ainsworth, Ben",4,1,3,7,0,2,0,3,0,0,0,2,0,1,0,3,4,0,0,0,0,0,84,-10,"Gold Coast","2021",3
15,"Anderson, Noah",13,3,13,26,0,0,0,0,3,3,7,4,0,1,0,18,9,0,0,1,0,0,84,-10,"Gold Coast","2021",3
10,"Ballard, Charlie",14,10,3,17,0,0,0,2,0,0,0,3,1,0,0,7,10,1,0,6,0,0,97,-10,"Gold Coast","2021",3
3,"Bowes, Jack",20,8,4,24,0,0,0,3,7,4,3,3,0,1,0,7,11,1,0,1,2,1,84,-10,"Gold Coast","2021",3
7,"Brodie, Will",3,1,5,8,0,0,0,2,0,1,2,3,0,0,0,6,2,0,0,0,0,0,62,-10,"Gold Coast","2021",3
29,"Burgess, Chris",7,5,2,9,2,1,8,4,0,2,2,1,0,0,0,7,2,3,4,2,0,1,85,-10,"Gold Coast","2021",3
25,"Collins, Sam",8,6,2,10,0,0,0,2,5,0,0,3,1,1,0,4,7,0,0,9,0,0,100,-10,"Gold Coast","2021",3
4,"Ellis, Brandon",16,7,9,25,1,0,0,4,2,3,3,2,1,0,0,7,17,0,0,1,0,0,86,-10,"Gold Coast","2021",3
1,"Greenwood, Hugh",16,2,7,23,0,1,0,13,2,7,10,4,4,1,0,18,6,0,0,2,0,2,80,-10,"Gold Coast","2021",3
5,"Harbrow, Jarrod",14,8,2,16,0,0,0,1,2,1,0,0,1,0,0,6,10,1,0,0,0,0,74,-10,"Gold Coast","2021",3
0,"Holman, Nick",3,1,0,3,2,0,0,0,0,1,0,0,0,0,0,2,1,1,0,0,0,0,26,-10,"Gold Coast","2021",3
34,"King, Ben",6,4,0,6,4,0,0,1,0,2,0,1,1,1,0,1,5,0,3,2,0,0,97,-10,"Gold Coast","2021",3
23,"Lemmens, Sean",11,5,4,15,0,0,0,3,4,2,0,1,3,1,0,7,7,1,0,1,0,0,81,-10,"Gold Coast","2021",3
13,"Lukosius, Jack",18,9,1,19,0,1,0,2,4,7,0,6,1,1,0,5,13,1,1,5,0,0,85,-10,"Gold Coast","2021",3
44,"Macpherson, Darcy",11,5,7,18,1,1,0,5,0,3,0,3,2,1,0,10,6,2,0,1,0,0,76,-10,"Gold Coast","2021",3
17,"Markov, Oleg",13,7,2,15,0,1,0,1,4,2,0,3,0,0,0,4,10,1,0,4,2,1,79,-10,"Gold Coast","2021",3
11,"Miller, Touk",10,2,12,22,0,0,0,9,3,3,3,5,1,3,0,7,15,0,0,0,0,0,73,-10,"Gold Coast","2021",3
27,"Powell, Wil",9,4,5,14,0,0,0,2,2,3,1,0,1,0,0,8,6,0,0,2,0,2,85,-10,"Gold Coast","2021",3
22,"Rankine, Izak",6,1,7,13,1,2,0,1,0,6,3,3,0,2,0,8,5,0,0,1,2,1,91,-10,"Gold Coast","2021",3
6,"Sexton, Alex",5,2,0,5,0,1,0,0,0,1,0,0,0,0,0,0,5,0,0,0,0,1,64,-10,"Gold Coast","2021",3
24,"Swallow, David",8,4,4,12,0,0,0,3,0,3,3,4,1,3,0,5,7,1,0,2,0,0,78,-10,"Gold Coast","2021",3
14,"Weller, Lachie",7,6,5,12,1,0,0,9,2,4,1,3,0,0,0,3,9,0,1,0,0,1,73,-10,"Gold Coast","2021",3
0,"Witts, Jarrod",8,3,2,10,0,1,26,0,1,0,3,1,2,0,0,7,2,1,1,3,0,0,57,-10,"Gold Coast","2021",3
