"Number","Player","Kicks","Marks","Handballs","Disposals","Goals","Behinds","Hitouts","Tackles","Rebounds50s","Inside50s","Clearances","Clangers","FreesFor","FreesAgainst","BrownlowVotes","ContestedPossessions","UncontestedPossessions","ContestedMarks","MarksInside50","OnePercenters","Bounces","GoalAssists","PercentagePlayed","PointDifference","Team","Season","Round"
8,"Bianco, Trent",11,3,8,19,0,1,0,3,1,5,1,2,0,0,0,5,13,0,0,0,0,0,63,-10,"Collingwood","2021",11
17,"Brown, Callum",5,3,4,9,0,0,0,3,0,2,0,1,0,0,0,1,8,0,1,0,0,1,65,-10,"Collingwood","2021",11
14,"Cameron, Darcy",14,8,5,19,0,1,9,4,1,3,5,2,2,0,0,10,9,2,1,2,0,0,91,-10,"Collingwood","2021",11
25,"Crisp, Jack",15,6,11,26,0,1,0,6,4,3,4,2,0,0,0,8,19,1,0,3,0,0,88,-10,"Collingwood","2021",11
7,"Daicos, Josh",7,3,8,15,0,0,0,2,1,2,0,2,0,1,0,1,14,0,0,0,0,0,82,-10,"Collingwood","2021",11
2,"de Goey, Jordan",15,11,11,26,2,0,0,0,1,4,4,2,0,1,1,6,20,0,3,1,0,0,84,-10,"Collingwood","2021",11
0,"Grundy, Brodie",5,3,7,12,1,0,18,3,1,0,2,3,1,2,0,6,9,0,0,3,0,0,48,-10,"Collingwood","2021",11
32,"Hoskin-Elliott, Will",7,5,0,7,1,1,0,2,0,2,0,0,0,0,0,1,7,1,1,0,0,0,82,-10,"Collingwood","2021",11
0,"Macrae, Finlay",2,2,0,2,0,0,0,0,0,0,0,0,0,0,0,0,2,0,1,0,0,0,23,-10,"Collingwood","2021",11
44,"Madgen, Jack",3,1,4,7,0,0,0,0,0,0,0,0,0,0,0,1,6,0,0,1,0,0,73,-10,"Collingwood","2021",11
37,"Maynard, Brayden",15,6,6,21,1,0,0,1,3,1,0,2,1,1,0,6,15,0,0,4,0,0,91,-10,"Collingwood","2021",11
16,"Mayne, Chris",21,11,11,32,0,0,0,2,6,1,0,2,0,1,0,4,25,0,0,4,0,0,91,-10,"Collingwood","2021",11
41,"Mihocek, Brody",8,5,1,9,1,3,0,2,0,3,0,3,1,1,0,5,3,2,2,1,0,0,92,-10,"Collingwood","2021",11
30,"Moore, Darcy",15,8,6,21,0,0,0,1,3,3,0,1,1,1,0,5,12,1,0,7,0,0,91,-10,"Collingwood","2021",11
28,"Murphy, Nathan",6,5,4,10,0,1,0,4,1,2,1,0,2,0,0,2,8,0,0,0,0,0,86,-10,"Collingwood","2021",11
9,"Noble, John",6,5,9,15,0,0,0,5,1,0,0,1,1,1,0,2,13,0,0,1,0,0,77,-10,"Collingwood","2021",11
10,"Pendlebury, Scott",6,5,7,13,0,0,0,3,0,2,2,3,0,0,0,5,8,0,1,0,0,1,78,-10,"Collingwood","2021",11
27,"Poulter, Caleb",8,5,7,15,0,0,0,3,0,1,1,1,1,0,0,5,10,0,0,1,0,0,86,-10,"Collingwood","2021",11
3,"Quaynor, Isaac",16,6,12,28,0,0,0,2,6,0,2,5,0,1,0,6,21,0,0,1,0,1,85,-10,"Collingwood","2021",11
23,"Roughead, Jordan",9,5,5,14,0,0,1,1,2,1,0,0,1,0,0,5,8,0,0,7,0,0,100,-10,"Collingwood","2021",11
22,"Sidebottom, Steele",16,10,9,25,0,1,0,2,0,4,0,3,1,0,0,5,20,0,0,1,0,0,92,-10,"Collingwood","2021",11
36,"Sier, Brayden",10,9,11,21,0,0,0,3,1,4,4,1,1,0,0,9,12,1,1,1,0,0,65,-10,"Collingwood","2021",11
12,"Wilson, Tom",6,4,5,11,0,0,0,1,1,1,0,2,0,1,0,2,10,0,0,1,0,0,67,-10,"Collingwood","2021",11
30,"Atkins, Tom",11,7,6,17,0,1,0,1,2,2,1,0,0,0,0,3,14,0,0,0,0,0,77,10,"Geelong","2021",11
24,"Bews, Jed",9,6,3,12,0,0,0,0,2,0,0,2,0,0,0,3,9,0,0,2,0,0,82,10,"Geelong","2021",11
5,"Cameron, Jeremy",9,3,3,12,2,2,0,3,0,3,1,1,2,1,0,5,7,0,1,2,0,0,82,10,"Geelong","2021",11
6,"Clark, Jordan",0,0,0,0,0,0,0,0,0,0,0,0,0,0,0,0,0,0,0,0,0,0,0,10,"Geelong","2021",11
45,"Close, Brad",7,5,5,12,0,1,0,3,0,0,0,0,0,0,0,0,12,0,2,1,0,1,76,10,"Geelong","2021",11
40,"Dahlhaus, Luke",2,1,4,6,1,0,0,3,0,1,1,1,1,1,0,3,3,0,1,2,0,0,82,10,"Geelong","2021",11
39,"Guthrie, Zach",3,3,6,9,0,0,0,2,0,1,0,3,0,1,0,3,6,0,0,1,0,0,79,10,"Geelong","2021",11
26,"Hawkins, Tom",14,7,7,21,3,2,5,2,1,1,1,2,1,0,2,5,16,0,3,0,0,1,97,10,"Geelong","2021",11
25,"Henderson, Lachie",10,6,5,15,0,0,0,1,4,2,0,3,1,1,0,4,8,0,0,4,0,0,100,10,"Geelong","2021",11
38,"Henry, Jack",10,8,1,11,0,1,0,4,1,1,0,1,0,1,0,4,7,1,1,4,0,0,96,10,"Geelong","2021",11
4,"Higgins, Shaun",15,11,9,24,0,1,0,5,1,2,3,4,1,1,0,4,20,0,2,0,0,0,85,10,"Geelong","2021",11
9,"Holmes, Max",6,4,9,15,0,1,0,2,1,3,3,1,0,0,0,5,10,0,0,3,0,0,72,10,"Geelong","2021",11
8,"Kolodjashnij, Jake",8,8,7,15,0,0,0,0,1,1,0,0,0,0,0,4,12,1,0,4,0,0,72,10,"Geelong","2021",11
27,"Menegola, Sam",8,3,9,17,0,0,0,3,1,1,0,2,0,0,0,4,14,0,0,3,0,0,84,10,"Geelong","2021",11
19,"Narkle, Quinton",7,3,18,25,0,0,0,0,1,3,4,4,0,1,0,11,14,0,0,1,0,0,83,10,"Geelong","2021",11
3,"Parfitt, Brandan",16,4,14,30,0,1,0,1,1,6,5,1,0,0,3,12,20,0,0,1,0,3,73,10,"Geelong","2021",11
17,"Ratugolea, Esava",2,0,2,4,1,0,8,1,1,1,0,1,0,0,0,3,1,0,0,3,0,0,73,10,"Geelong","2021",11
23,"Rohan, Gary",6,5,7,13,0,0,0,2,1,0,1,2,0,2,0,6,8,1,0,1,0,0,83,10,"Geelong","2021",11
14,"Selwood, Joel",16,4,10,26,0,1,0,4,1,3,6,2,4,1,0,11,14,0,1,3,0,1,86,10,"Geelong","2021",11
7,"Smith, Isaac",12,7,8,20,0,0,0,1,3,4,0,3,0,1,0,2,18,0,0,1,0,0,81,10,"Geelong","2021",11
1,"Stanley, Rhys",11,7,5,16,1,0,15,2,1,3,2,3,1,1,0,7,8,2,1,4,0,1,64,10,"Geelong","2021",11
44,"Stewart, Tom",17,11,6,23,0,0,0,0,5,1,0,1,0,0,0,7,13,3,0,5,1,0,83,10,"Geelong","2021",11
2,"Tuohy, Zach",25,8,2,27,0,1,0,2,10,3,1,2,0,1,0,5,14,1,0,2,1,0,89,10,"Geelong","2021",11
