"Number","Player","Kicks","Marks","Handballs","Disposals","Goals","Behinds","Hitouts","Tackles","Rebounds50s","Inside50s","Clearances","Clangers","FreesFor","FreesAgainst","BrownlowVotes","ContestedPossessions","UncontestedPossessions","ContestedMarks","MarksInside50","OnePercenters","Bounces","GoalAssists","PercentagePlayed","PointDifference","Team","Season","Round"
21,"Aliir, Aliir",13,6,3,16,0,0,0,2,4,0,1,3,2,0,0,7,8,0,0,5,0,0,99,-21,"Port Adelaide","2021",13
15,"Amon, Karl",13,5,8,21,0,2,0,5,1,2,4,3,2,0,0,5,13,0,0,1,0,0,81,-21,"Port Adelaide","2021",13
14,"Bergman, Miles",9,2,7,16,0,0,0,4,2,2,0,2,1,0,0,2,13,0,0,1,0,0,76,-21,"Port Adelaide","2021",13
10,"Boak, Travis",9,1,18,27,0,0,0,8,1,1,6,3,3,1,0,10,16,0,0,1,0,0,85,-21,"Port Adelaide","2021",13
26,"Bonner, Riley",9,4,4,13,0,0,0,0,2,3,0,3,0,1,0,1,12,0,0,1,0,1,82,-21,"Port Adelaide","2021",13
3,"Burton, Ryan",15,8,3,18,0,0,0,2,4,4,1,5,0,2,0,4,11,3,0,1,0,1,79,-21,"Port Adelaide","2021",13
33,"Byrne-Jones, Darcy",9,2,6,15,0,0,0,4,4,2,0,4,1,0,0,4,10,0,0,2,0,1,79,-21,"Port Adelaide","2021",13
22,"Dixon, Charlie",7,6,5,12,4,1,7,1,0,1,0,5,2,2,0,8,4,4,4,3,0,0,92,-21,"Port Adelaide","2021",13
28,"Drew, Willem",8,2,8,16,0,0,0,10,0,4,4,4,1,3,0,5,10,0,0,1,0,0,72,-21,"Port Adelaide","2021",13
24,"Farrell, Kane",4,2,1,5,1,0,0,0,0,1,0,2,1,1,0,2,3,0,0,0,0,0,66,-21,"Port Adelaide","2021",13
19,"Georgiades, Mitch",6,6,2,8,1,1,0,2,0,0,0,2,0,2,0,4,5,1,3,1,0,0,70,-21,"Port Adelaide","2021",13
9,"Gray, Robbie",10,5,10,20,0,0,0,5,1,3,8,4,2,2,0,11,9,0,0,2,0,1,86,-21,"Port Adelaide","2021",13
5,"Houston, Dan",17,11,3,20,0,0,0,2,4,5,0,2,0,0,0,3,18,2,0,1,0,0,80,-21,"Port Adelaide","2021",13
1,"Jonas, Tom",4,2,4,8,0,0,0,1,2,1,0,4,1,3,0,5,4,0,0,10,0,0,95,-21,"Port Adelaide","2021",13
34,"Jones, Lachie",5,3,3,8,1,0,0,3,1,0,0,3,1,1,0,4,4,0,0,2,0,1,82,-21,"Port Adelaide","2021",13
38,"Ladhams, Peter",5,3,12,17,0,0,29,1,0,2,4,3,3,2,0,10,7,0,0,1,0,0,85,-21,"Port Adelaide","2021",13
0,"Marshall, Todd",0,0,0,0,0,0,0,0,0,0,0,0,1,0,0,1,0,0,0,0,0,0,5,-21,"Port Adelaide","2021",13
12,"McKenzie, Trent",15,5,3,18,0,0,0,2,6,0,1,2,0,0,0,4,9,0,0,4,0,0,97,-21,"Port Adelaide","2021",13
6,"Motlop, Steven",8,2,1,9,0,0,0,0,0,2,0,1,0,0,0,1,8,0,1,0,0,1,83,-21,"Port Adelaide","2021",13
2,"Powell-Pepper, Sam",4,2,4,8,1,0,0,2,0,2,0,2,0,1,0,2,6,0,0,1,0,1,76,-21,"Port Adelaide","2021",13
20,"Rozee, Connor",12,3,4,16,5,1,0,3,0,3,1,2,2,0,0,5,9,0,1,0,0,1,92,-21,"Port Adelaide","2021",13
16,"Wines, Ollie",15,5,14,29,1,0,0,6,3,6,7,4,1,1,2,13,16,0,0,0,0,1,81,-21,"Port Adelaide","2021",13
0,"Woodcock, Boyd",4,0,2,6,0,0,0,2,0,1,1,2,2,1,0,5,1,0,0,0,0,1,57,-21,"Port Adelaide","2021",13
30,"Atkins, Tom",3,3,5,8,0,0,0,2,0,3,0,2,0,1,0,3,5,1,0,0,0,0,82,21,"Geelong","2021",13
24,"Bews, Jed",12,6,2,14,0,0,0,0,2,0,1,2,0,0,0,3,11,0,0,1,0,0,81,21,"Geelong","2021",13
46,"Blicavs, Mark",7,5,10,17,0,0,18,1,2,2,3,4,2,3,0,11,5,3,1,1,0,0,82,21,"Geelong","2021",13
5,"Cameron, Jeremy",10,5,9,19,5,0,0,3,0,6,1,1,0,0,3,4,15,2,2,1,0,2,82,21,"Geelong","2021",13
45,"Close, Brad",6,0,6,12,0,0,0,2,0,0,1,0,3,0,0,6,6,0,0,0,0,1,80,21,"Geelong","2021",13
40,"Dahlhaus, Luke",3,1,5,8,0,0,0,5,1,2,0,4,0,3,0,1,6,0,0,2,0,2,72,21,"Geelong","2021",13
35,"Dangerfield, Patrick",11,0,7,18,0,1,0,2,1,6,7,7,1,2,0,10,7,0,0,0,1,1,73,21,"Geelong","2021",13
22,"Duncan, Mitch",12,3,8,20,1,0,0,1,1,1,2,3,0,0,0,1,15,0,1,0,0,0,90,21,"Geelong","2021",13
26,"Hawkins, Tom",11,8,3,14,4,4,8,0,0,2,2,2,1,0,0,6,8,2,5,2,0,1,98,21,"Geelong","2021",13
25,"Henderson, Lachie",6,2,0,6,1,0,0,0,2,2,0,3,0,3,0,2,3,2,1,2,0,0,100,21,"Geelong","2021",13
38,"Henry, Jack",11,6,6,17,0,0,0,1,4,1,0,0,4,0,0,9,7,2,0,2,0,0,93,21,"Geelong","2021",13
4,"Higgins, Shaun",8,2,5,13,0,1,0,2,0,3,1,2,0,1,0,3,10,0,0,2,0,1,72,21,"Geelong","2021",13
8,"Kolodjashnij, Jake",5,3,3,8,0,0,0,0,1,1,0,1,1,0,0,3,4,1,0,3,0,0,78,21,"Geelong","2021",13
27,"Menegola, Sam",9,5,7,16,0,0,0,2,0,4,2,3,0,2,0,7,8,1,0,2,0,1,84,21,"Geelong","2021",13
19,"Narkle, Quinton",0,0,0,0,0,0,0,0,0,0,0,0,0,0,0,0,0,0,0,0,0,0,0,21,"Geelong","2021",13
42,"OConnor, Mark",4,0,9,13,0,0,0,4,0,1,4,5,1,2,0,7,5,0,0,4,0,1,81,21,"Geelong","2021",13
3,"Parfitt, Brandan",8,3,9,17,2,0,0,2,0,1,6,4,0,2,0,10,6,0,1,0,0,0,68,21,"Geelong","2021",13
17,"Ratugolea, Esava",8,4,5,13,0,1,10,2,0,4,2,3,4,3,0,8,5,1,2,1,0,2,73,21,"Geelong","2021",13
23,"Rohan, Gary",15,10,3,18,3,2,0,1,0,4,0,3,0,1,0,6,11,3,3,2,0,1,84,21,"Geelong","2021",13
14,"Selwood, Joel",9,1,7,16,0,0,0,1,0,6,5,1,2,1,0,11,6,0,1,2,0,1,73,21,"Geelong","2021",13
7,"Smith, Isaac",13,7,4,17,1,1,0,2,4,0,1,2,1,0,1,4,13,0,1,0,0,1,87,21,"Geelong","2021",13
44,"Stewart, Tom",19,5,4,23,0,0,0,2,7,2,0,3,3,1,0,7,13,3,0,2,0,0,81,21,"Geelong","2021",13
2,"Tuohy, Zach",11,4,3,14,0,0,0,2,5,1,0,2,0,1,0,4,8,0,0,0,0,0,84,21,"Geelong","2021",13
