"Number","Player","Kicks","Marks","Handballs","Disposals","Goals","Behinds","Hitouts","Tackles","Rebounds50s","Inside50s","Clearances","Clangers","FreesFor","FreesAgainst","BrownlowVotes","ContestedPossessions","UncontestedPossessions","ContestedMarks","MarksInside50","OnePercenters","Bounces","GoalAssists","PercentagePlayed","PointDifference","Team","Season","Round"
16,"Bramble, Lachlan",13,3,6,19,1,0,0,4,3,5,0,2,1,0,0,3,13,0,1,2,0,0,77,27,"Hawthorn","2021",22
42,"Brockman, Tyler",5,1,5,10,0,1,0,4,0,1,1,3,1,0,0,6,4,0,1,1,0,1,64,27,"Hawthorn","2021",22
9,"Burgoyne, Shaun",12,5,3,15,0,0,0,3,3,2,0,1,1,1,0,3,9,0,0,2,1,0,82,27,"Hawthorn","2021",22
18,"Ceglar, Jonathon",8,4,9,17,0,1,34,2,2,1,6,1,0,0,2,14,3,3,1,1,0,0,79,27,"Hawthorn","2021",22
41,"Downie, Connor",6,2,6,12,0,0,0,0,2,1,0,0,0,0,0,1,11,0,0,0,1,0,77,27,"Hawthorn","2021",22
8,"Frost, Sam",10,8,7,17,0,0,0,2,2,1,0,3,0,1,0,8,9,3,0,3,0,0,81,27,"Hawthorn","2021",22
13,"Hanrahan, Oliver",8,2,9,17,1,0,0,3,0,3,1,1,1,0,0,7,10,0,1,0,1,0,78,27,"Hawthorn","2021",22
15,"Hardwick, Blake",20,11,4,24,0,0,0,2,2,0,0,3,1,0,0,4,20,0,0,5,0,0,88,27,"Hawthorn","2021",22
28,"Hartigan, Kyle",6,5,6,12,0,0,0,0,1,1,0,2,0,0,0,2,10,0,0,6,0,0,95,27,"Hawthorn","2021",22
17,"Howe, Daniel",26,9,8,34,1,1,0,3,3,3,3,6,2,1,0,12,22,1,1,1,0,0,85,27,"Hawthorn","2021",22
34,"Koschitzke, Jacob",5,6,5,10,2,1,0,2,0,1,0,2,1,0,0,6,4,3,3,4,0,0,84,27,"Hawthorn","2021",22
2,"Lewis, Mitch",11,10,3,14,1,1,6,5,0,4,0,0,2,0,0,7,7,3,2,4,0,0,83,27,"Hawthorn","2021",22
7,"McEvoy, Ben",7,5,5,12,1,1,15,1,0,1,2,2,1,0,0,7,6,1,1,5,0,0,85,27,"Hawthorn","2021",22
3,"Mitchell, Tom",15,3,12,27,1,1,0,5,1,6,6,1,0,0,3,10,17,0,1,0,0,1,85,27,"Hawthorn","2021",22
35,"Morris, Josh",0,0,0,0,0,0,0,0,0,0,0,0,0,0,0,0,0,0,0,0,0,0,0,27,"Hawthorn","2021",22
1,"Morrison, Harry",5,5,7,12,0,0,0,5,1,1,1,0,0,0,0,3,9,0,0,1,0,0,87,27,"Hawthorn","2021",22
11,"Nash, Conor",5,2,9,14,0,0,0,3,0,1,3,8,0,6,0,8,7,1,1,1,0,1,79,27,"Hawthorn","2021",22
44,"Newcombe, Jai",10,8,8,18,0,0,0,11,1,4,3,2,0,1,0,5,13,0,0,1,0,0,79,27,"Hawthorn","2021",22
23,"OBrien, Tim",15,10,9,24,0,0,0,2,4,2,0,0,1,0,0,11,13,3,0,6,0,0,96,27,"Hawthorn","2021",22
21,"Phillips, Tom",5,2,11,16,0,1,0,2,2,1,1,1,1,0,0,6,10,0,0,0,0,0,80,27,"Hawthorn","2021",22
14,"Scrimshaw, Jack",14,8,5,19,0,0,0,0,2,1,1,0,0,0,0,2,13,1,0,2,0,0,82,27,"Hawthorn","2021",22
26,"Shiels, Liam",10,4,7,17,0,0,0,7,1,3,3,1,1,1,0,4,12,1,0,0,1,1,75,27,"Hawthorn","2021",22
20,"Wingard, Chad",16,3,10,26,1,0,0,3,0,8,4,1,0,0,1,13,12,0,0,2,0,2,77,27,"Hawthorn","2021",22
4,"Bontempelli, Marcus",12,2,19,31,0,0,0,6,4,5,2,7,1,2,0,9,25,0,0,7,0,1,82,-27,"Western Bulldogs","2021",22
12,"Cordy, Zaine",5,4,5,10,0,0,0,1,2,0,1,2,0,1,0,3,7,1,0,4,0,0,95,-27,"Western Bulldogs","2021",22
31,"Dale, Bailey",22,5,9,31,0,0,0,1,5,4,2,4,0,0,0,8,17,0,0,1,1,0,84,-27,"Western Bulldogs","2021",22
35,"Daniel, Caleb",16,3,11,27,0,0,0,4,7,0,1,2,1,0,0,9,15,0,0,2,3,0,81,-27,"Western Bulldogs","2021",22
5,"Dunkley, Josh",4,0,11,15,0,0,0,4,0,1,2,2,1,0,0,4,11,0,0,2,1,0,86,-27,"Western Bulldogs","2021",22
15,"Duryea, Taylor",9,5,4,13,0,0,0,2,3,2,2,0,0,0,0,5,7,1,0,3,2,0,81,-27,"Western Bulldogs","2021",22
44,"English, Tim",6,5,4,10,0,1,10,4,1,2,0,3,0,0,0,6,6,2,1,7,0,0,85,-27,"Western Bulldogs","2021",22
38,"Garcia, Riley",6,2,2,8,1,0,0,2,0,1,1,2,1,1,0,3,5,0,0,1,0,0,74,-27,"Western Bulldogs","2021",22
29,"Hannan, Mitch",4,4,2,6,1,0,0,0,0,1,0,0,0,0,0,3,3,1,1,0,0,0,78,-27,"Western Bulldogs","2021",22
7,"Hunter, Lachie",11,2,7,18,0,0,0,1,2,4,0,2,1,0,0,4,14,0,0,1,2,0,79,-27,"Western Bulldogs","2021",22
39,"Johannisen, Jason",6,7,6,12,0,1,0,4,0,3,0,3,0,0,0,1,12,0,0,0,0,0,82,-27,"Western Bulldogs","2021",22
42,"Keath, Alex",1,2,5,6,0,0,1,2,0,0,1,1,1,1,0,4,3,0,0,7,0,0,96,-27,"Western Bulldogs","2021",22
21,"Liberatore, Tom",16,3,10,26,0,0,0,8,6,4,11,2,2,0,0,16,11,0,0,1,0,0,77,-27,"Western Bulldogs","2021",22
11,"Macrae, Jack",16,5,16,32,0,0,0,8,3,3,6,0,1,0,0,10,22,0,0,1,0,1,82,-27,"Western Bulldogs","2021",22
33,"Naughton, Aaron",4,5,4,8,1,1,0,1,0,1,0,1,0,0,0,5,3,3,3,2,0,0,79,-27,"Western Bulldogs","2021",22
28,"Scott, Anthony",0,0,0,0,0,0,0,0,0,0,0,0,0,0,0,0,0,0,0,0,0,0,0,-27,"Western Bulldogs","2021",22
6,"Smith, Bailey",15,5,3,18,0,0,0,0,3,2,1,4,1,0,0,2,15,1,1,1,0,0,84,-27,"Western Bulldogs","2021",22
1,"Treloar, Adam",2,0,13,15,0,0,0,6,1,0,2,2,0,0,0,12,3,0,0,0,0,0,73,-27,"Western Bulldogs","2021",22
23,"Vandermeer, Laitham",4,4,5,9,0,1,0,3,0,1,0,5,0,3,0,4,5,1,1,0,0,0,80,-27,"Western Bulldogs","2021",22
19,"Weightman, Cody",5,3,2,7,2,1,0,1,0,1,0,3,1,2,0,0,7,0,2,0,0,1,72,-27,"Western Bulldogs","2021",22
34,"Williams, Bailey",9,4,7,16,0,0,0,1,4,0,1,1,0,0,0,9,5,2,0,2,0,0,79,-27,"Western Bulldogs","2021",22
10,"Wood, Easton",9,6,4,13,0,0,0,3,1,0,0,4,0,3,0,3,11,1,0,5,0,0,84,-27,"Western Bulldogs","2021",22
2,"Young, Lewis",6,4,9,15,0,1,4,2,0,0,0,1,0,1,0,5,10,1,0,7,1,0,89,-27,"Western Bulldogs","2021",22
