"Number","Player","Kicks","Marks","Handballs","Disposals","Goals","Behinds","Hitouts","Tackles","Rebounds50s","Inside50s","Clearances","Clangers","FreesFor","FreesAgainst","BrownlowVotes","ContestedPossessions","UncontestedPossessions","ContestedMarks","MarksInside50","OnePercenters","Bounces","GoalAssists","PercentagePlayed","PointDifference","Team","Season","Round"
30,"Atkins, Tom",7,4,8,15,0,0,0,1,4,1,2,1,1,0,0,7,8,0,0,1,0,0,87,30,"Geelong","2021",5
24,"Bews, Jed",9,5,5,14,1,0,0,0,1,1,1,5,0,1,0,1,13,0,1,0,0,0,72,30,"Geelong","2021",5
46,"Blicavs, Mark",10,7,10,20,0,0,0,2,1,3,0,3,1,1,0,6,13,2,0,10,0,0,100,30,"Geelong","2021",5
6,"Clark, Jordan",0,0,0,0,0,0,0,0,0,0,0,0,0,0,0,0,0,0,0,0,0,0,0,30,"Geelong","2021",5
45,"Close, Brad",10,4,5,15,1,2,0,2,0,5,0,2,1,0,0,3,12,0,1,1,0,0,81,30,"Geelong","2021",5
40,"Dahlhaus, Luke",8,3,5,13,1,2,0,4,0,1,1,1,0,1,0,2,10,0,1,0,1,0,75,30,"Geelong","2021",5
35,"Dangerfield, Patrick",12,4,10,22,0,0,0,1,0,5,3,6,3,1,0,13,10,3,1,1,0,2,74,30,"Geelong","2021",5
16,"De Koning, Sam",7,3,1,8,0,2,1,0,0,2,1,4,0,2,0,3,5,1,1,2,0,0,81,30,"Geelong","2021",5
22,"Duncan, Mitch",18,7,9,27,0,0,0,3,1,8,2,0,0,0,0,7,18,0,1,1,1,0,74,30,"Geelong","2021",5
29,"Guthrie, Cameron",12,4,12,24,0,0,0,2,0,2,4,3,0,0,0,5,19,0,1,0,0,1,71,30,"Geelong","2021",5
26,"Hawkins, Tom",6,5,7,13,1,3,4,1,0,0,1,6,1,3,0,5,9,0,4,3,0,1,96,30,"Geelong","2021",5
25,"Henderson, Lachie",11,5,3,14,0,1,0,0,2,5,0,2,0,0,0,6,7,2,1,6,0,0,100,30,"Geelong","2021",5
38,"Henry, Jack",8,4,8,16,0,0,2,0,2,2,2,1,0,0,0,5,11,1,0,2,0,0,87,30,"Geelong","2021",5
8,"Kolodjashnij, Jake",5,5,10,15,0,0,0,2,2,0,0,4,0,3,0,7,8,1,0,5,0,1,88,30,"Geelong","2021",5
27,"Menegola, Sam",15,5,13,28,2,1,0,1,3,5,2,4,1,2,0,11,17,0,1,4,0,1,77,30,"Geelong","2021",5
32,"Miers, Gryan",10,6,12,22,1,0,0,3,0,7,0,1,1,0,0,6,16,0,1,1,0,0,83,30,"Geelong","2021",5
3,"Parfitt, Brandan",12,1,22,34,0,1,0,7,3,3,8,4,4,3,3,12,21,0,0,2,0,0,83,30,"Geelong","2021",5
23,"Rohan, Gary",6,1,6,12,2,1,0,2,0,0,0,1,4,0,0,8,6,0,1,2,0,0,77,30,"Geelong","2021",5
14,"Selwood, Joel",5,2,13,18,0,0,0,5,1,0,6,2,2,0,0,11,9,0,0,1,0,1,80,30,"Geelong","2021",5
7,"Smith, Isaac",21,4,10,31,0,0,0,1,8,6,1,5,1,0,0,4,25,0,0,1,1,0,81,30,"Geelong","2021",5
1,"Stanley, Rhys",9,4,15,24,0,0,8,2,1,5,6,2,2,2,0,9,15,0,0,6,0,0,74,30,"Geelong","2021",5
44,"Stewart, Tom",20,11,10,30,0,0,0,1,6,1,0,2,0,1,1,9,20,2,0,5,0,0,85,30,"Geelong","2021",5
2,"Tuohy, Zach",8,4,18,26,1,1,0,0,1,2,4,1,1,0,0,9,17,0,0,2,0,0,76,30,"Geelong","2021",5
18,"Atley, Shaun",14,4,10,24,0,1,0,1,2,2,0,5,1,2,0,7,17,0,0,3,0,1,98,-30,"North Melbourne","2021",5
16,"Bonar, Aiden",8,6,12,20,0,0,0,1,3,1,0,2,1,0,0,10,9,1,0,2,0,0,80,-30,"North Melbourne","2021",5
15,"Bosenavulagi, Atu",8,3,8,16,0,0,0,3,3,2,1,3,1,1,0,6,9,1,0,2,0,0,73,-30,"North Melbourne","2021",5
42,"Campbell, Tom",6,3,3,9,0,0,15,3,2,1,2,4,0,0,0,6,3,1,0,0,0,0,79,-30,"North Melbourne","2021",5
10,"Cunnington, Ben",16,5,13,29,1,1,0,2,2,4,7,7,2,3,2,15,13,1,1,0,0,0,85,-30,"North Melbourne","2021",5
22,"Goldstein, Todd",8,4,2,10,0,0,29,3,0,5,3,5,2,4,0,5,5,1,0,3,0,0,93,-30,"North Melbourne","2021",5
0,"Hall, Aaron",7,3,1,8,1,0,0,0,0,1,0,2,0,1,0,1,6,0,1,1,0,0,23,-30,"North Melbourne","2021",5
37,"Hayden, Kyron",4,3,3,7,0,0,0,2,1,1,0,3,0,2,0,1,6,0,0,1,0,0,76,-30,"North Melbourne","2021",5
20,"Larkey, Nick",4,4,1,5,2,0,1,1,0,1,0,0,1,0,0,1,4,0,1,2,0,1,87,-30,"North Melbourne","2021",5
35,"Lazzaro, Charlie",4,0,1,5,0,0,0,3,1,3,0,2,0,0,0,1,5,0,0,1,1,1,66,-30,"North Melbourne","2021",5
1,"Mahony, Jack",4,4,4,8,0,0,0,3,2,0,1,3,0,1,0,4,4,0,2,1,0,0,79,-30,"North Melbourne","2021",5
23,"McKay, Ben",4,4,3,7,0,0,0,0,2,0,0,0,2,0,0,4,3,1,0,2,0,0,100,-30,"North Melbourne","2021",5
29,"Phillips, Will",3,3,4,7,0,0,0,3,0,0,0,1,1,0,0,4,4,0,0,1,0,1,71,-30,"North Melbourne","2021",5
24,"Powell, Tom",7,6,12,19,0,0,0,3,1,4,2,2,1,1,0,7,13,0,0,0,0,0,81,-30,"North Melbourne","2021",5
8,"Scott, Bailey",4,2,2,6,0,0,0,1,0,1,0,2,1,1,0,3,5,0,1,0,0,0,77,-30,"North Melbourne","2021",5
12,"Simpkin, Jy",18,0,6,24,0,0,0,3,1,7,2,9,1,4,0,7,17,0,0,1,0,0,85,-30,"North Melbourne","2021",5
2,"Stephenson, Jaidyn",14,9,2,16,2,1,0,2,2,3,1,3,0,1,0,2,12,0,2,2,0,0,81,-30,"North Melbourne","2021",5
0,"Taylor, Curtis",6,3,7,13,0,0,0,4,1,1,0,2,1,0,0,5,8,1,1,0,0,1,54,-30,"North Melbourne","2021",5
26,"Thomas, Tarryn",4,3,7,11,1,0,0,3,0,2,3,1,0,0,0,5,6,1,1,0,0,0,77,-30,"North Melbourne","2021",5
28,"Turner, Kayne",0,0,8,8,0,0,0,7,0,1,1,1,2,1,0,7,1,0,0,2,0,0,82,-30,"North Melbourne","2021",5
19,"Walker, Josh",7,5,4,11,0,0,0,1,7,0,0,4,0,1,0,7,3,2,0,3,0,0,91,-30,"North Melbourne","2021",5
17,"Young, Lachie",16,6,4,20,0,0,0,3,4,2,2,4,3,0,0,6,14,0,0,1,0,0,78,-30,"North Melbourne","2021",5
7,"Ziebell, Jack",33,9,5,38,0,0,0,1,18,1,1,2,0,0,0,4,20,0,0,4,1,0,85,-30,"North Melbourne","2021",5
