"Number","Player","Kicks","Marks","Handballs","Disposals","Goals","Behinds","Hitouts","Tackles","Rebounds50s","Inside50s","Clearances","Clangers","FreesFor","FreesAgainst","BrownlowVotes","ContestedPossessions","UncontestedPossessions","ContestedMarks","MarksInside50","OnePercenters","Bounces","GoalAssists","PercentagePlayed","PointDifference","Team","Season","Round"
24,"Bryan, Nick",5,3,7,12,0,0,18,3,1,0,4,2,1,1,0,5,7,0,0,2,0,0,61,-16,"Essendon","2021",7
13,"Cox, Nik",8,3,6,14,0,0,0,2,1,1,3,3,2,1,0,6,9,1,0,2,0,0,85,-16,"Essendon","2021",7
35,"Guelfi, Matt",8,5,5,13,0,0,0,2,1,2,1,1,1,0,0,7,7,1,0,4,0,0,70,-16,"Essendon","2021",7
33,"Ham, Brayden",5,5,6,11,0,0,0,1,1,1,0,1,1,0,0,3,8,0,0,0,0,0,71,-16,"Essendon","2021",7
21,"Heppell, Dyson",13,3,10,23,0,0,0,4,6,3,1,3,2,0,0,9,13,0,0,0,1,0,88,-16,"Essendon","2021",7
19,"Hind, Nick",13,5,8,21,0,1,0,3,2,4,2,2,1,0,0,9,13,1,0,3,1,1,76,-16,"Essendon","2021",7
26,"Hooker, Cale",10,7,5,15,5,1,2,2,0,2,0,1,0,1,0,6,9,1,4,1,0,1,94,-16,"Essendon","2021",7
23,"Jones, Harry",7,8,3,10,3,0,0,2,0,4,0,2,0,1,0,7,4,5,4,1,0,0,74,-16,"Essendon","2021",7
4,"Langford, Kyle",11,5,8,19,0,1,0,3,1,2,1,1,1,0,0,6,13,0,0,1,0,0,90,-16,"Essendon","2021",7
15,"Laverde, Jayden",12,7,5,17,0,0,0,2,4,1,0,5,0,2,0,5,12,2,0,1,0,0,85,-16,"Essendon","2021",7
43,"McDonald-Tipungwuti, Anthony",9,3,1,10,4,1,0,6,0,0,1,2,0,2,0,4,6,0,2,0,3,1,87,-16,"Essendon","2021",7
1,"McGrath, Andrew",19,2,9,28,0,0,0,5,3,7,6,8,0,3,1,16,14,0,0,0,0,0,76,-16,"Essendon","2021",7
7,"Merrett, Zach",16,3,9,25,0,0,0,7,1,5,2,2,3,1,0,8,15,1,0,1,0,1,81,-16,"Essendon","2021",7
3,"Parish, Darcy",17,4,9,26,0,0,0,7,2,7,6,4,0,1,0,7,19,0,0,1,1,2,83,-16,"Essendon","2021",7
16,"Perkins, Archie",7,6,11,18,0,2,0,4,0,3,3,0,0,0,0,7,11,0,0,1,2,3,73,-16,"Essendon","2021",7
27,"Redman, Mason",7,3,3,10,0,0,0,0,4,1,0,1,0,0,0,2,6,0,0,0,2,0,89,-16,"Essendon","2021",7
14,"Ridley, Jordan",13,5,5,18,0,0,0,1,3,3,0,1,1,1,0,6,9,1,0,7,0,0,100,-16,"Essendon","2021",7
5,"Smith, Devon",5,4,7,12,1,0,0,9,1,2,1,3,2,0,0,8,5,1,1,1,0,2,78,-16,"Essendon","2021",7
40,"Snelling, Will",6,7,12,18,0,0,0,3,1,5,0,2,0,1,0,5,13,0,0,0,0,1,88,-16,"Essendon","2021",7
17,"Stewart, James",5,2,4,9,0,0,0,1,3,1,0,1,1,1,0,6,4,0,0,3,0,0,93,-16,"Essendon","2021",7
25,"Stringer, Jake",13,2,5,18,3,2,0,3,0,6,6,4,3,1,0,12,7,1,1,0,0,0,79,-16,"Essendon","2021",7
20,"Wright, Peter",10,5,5,15,0,1,10,4,1,3,2,4,2,1,0,7,7,0,1,2,0,1,81,-16,"Essendon","2021",7
11,"Zaharakis, David",0,0,0,0,0,0,0,0,0,0,0,0,0,0,0,0,0,0,0,0,0,0,0,-16,"Essendon","2021",7
19,"Betts, Eddie",12,4,1,13,3,0,0,1,0,3,1,1,1,0,0,5,7,1,2,1,1,2,76,16,"Carlton","2021",7
41,"Casboult, Levi",6,4,5,11,0,0,6,0,0,2,1,6,1,4,0,7,4,1,0,3,0,0,80,16,"Carlton","2021",7
46,"Cottrell, Matthew",11,2,5,16,0,0,0,6,5,3,0,6,1,1,0,5,12,0,0,5,0,0,85,16,"Carlton","2021",7
9,"Cripps, Patrick",13,5,11,24,1,1,0,2,2,7,3,7,1,3,0,12,13,0,0,1,0,1,84,16,"Carlton","2021",7
28,"Cuningham, David",12,4,13,25,2,1,0,0,0,5,3,6,0,1,0,9,16,0,0,0,1,2,83,16,"Carlton","2021",7
35,"Curnow, Ed",15,3,11,26,1,1,0,6,3,5,0,2,1,1,2,8,19,0,0,2,1,2,87,16,"Carlton","2021",7
15,"Docherty, Sam",15,5,4,19,0,0,0,2,5,2,1,1,1,0,0,5,13,0,0,1,0,1,93,16,"Carlton","2021",7
0,"Dow, Paddy",3,0,3,6,0,0,0,2,1,2,3,1,0,0,0,5,1,0,0,0,0,0,14,16,"Carlton","2021",7
8,"Fogarty, Lachie",9,4,5,14,2,0,0,1,2,2,1,3,0,1,0,4,10,0,1,0,0,0,79,16,"Carlton","2021",7
40,"Gibbons, Michael",12,3,5,17,0,0,0,5,1,4,6,2,0,0,0,10,8,0,0,3,1,1,83,16,"Carlton","2021",7
14,"Jones, Liam",8,2,1,9,0,0,0,2,6,1,1,3,2,1,0,6,4,0,0,12,0,0,97,16,"Carlton","2021",7
11,"McGovern, Mitch",5,5,4,9,1,0,0,4,0,2,0,1,0,0,0,3,6,1,2,1,0,0,68,16,"Carlton","2021",7
10,"McKay, Harry",7,6,5,12,4,2,0,2,0,1,0,1,2,1,0,7,5,2,4,1,0,1,92,16,"Carlton","2021",7
32,"Newnes, Jack",8,5,8,16,0,1,0,3,2,1,2,2,1,2,0,5,13,0,0,2,1,0,79,16,"Carlton","2021",7
44,"Owies, Matthew",3,4,4,7,3,0,0,4,0,0,0,1,0,0,0,3,4,1,3,0,0,0,69,16,"Carlton","2021",7
26,"Parks, Luke",6,3,3,9,0,0,0,4,4,2,0,1,3,1,0,4,5,0,0,4,0,0,72,16,"Carlton","2021",7
0,"Petrevski-Seton, Sam",8,2,6,14,0,0,0,1,0,1,2,1,0,0,0,7,7,1,0,0,0,0,46,16,"Carlton","2021",7
27,"Pittonet, Marc",4,0,11,15,0,0,35,4,0,2,6,2,2,1,0,11,6,0,0,2,0,1,80,16,"Carlton","2021",7
20,"Plowman, Lachie",3,1,4,7,0,0,0,1,1,0,0,1,0,1,0,1,6,0,0,3,0,0,85,16,"Carlton","2021",7
42,"Saad, Adam",16,2,5,21,1,0,0,1,6,6,1,1,0,0,0,5,11,0,0,0,5,3,80,16,"Carlton","2021",7
13,"Stocker, Liam",7,2,3,10,0,0,0,6,2,1,0,0,1,0,0,5,4,0,0,3,0,0,76,16,"Carlton","2021",7
18,"Walsh, Sam",21,6,12,33,1,1,0,5,1,4,7,5,1,2,3,13,22,1,1,1,0,2,93,16,"Carlton","2021",7
23,"Weitering, Jacob",14,11,5,19,0,0,0,5,5,1,0,5,0,1,0,6,12,2,0,8,0,0,97,16,"Carlton","2021",7
