"Number","Player","Kicks","Marks","Handballs","Disposals","Goals","Behinds","Hitouts","Tackles","Rebounds50s","Inside50s","Clearances","Clangers","FreesFor","FreesAgainst","BrownlowVotes","ContestedPossessions","UncontestedPossessions","ContestedMarks","MarksInside50","OnePercenters","Bounces","GoalAssists","PercentagePlayed","PointDifference","Team","Season","Round"
16,"Bramble, Lachlan",10,7,6,16,0,0,0,1,1,2,0,2,1,1,0,3,13,0,1,1,2,1,77,-34,"Hawthorn","2021",16
22,"Breust, Luke",4,0,4,8,2,0,0,1,0,1,0,1,2,1,0,6,4,0,0,1,0,0,78,-34,"Hawthorn","2021",16
9,"Burgoyne, Shaun",6,3,5,11,0,1,0,0,4,2,0,2,0,0,0,2,9,0,0,0,0,0,84,-34,"Hawthorn","2021",16
18,"Ceglar, Jonathon",6,5,13,19,0,0,17,4,1,3,1,1,0,1,0,8,10,2,0,7,0,0,76,-34,"Hawthorn","2021",16
8,"Frost, Sam",8,2,8,16,0,0,0,1,3,0,0,9,0,5,0,8,8,0,0,2,1,0,95,-34,"Hawthorn","2021",16
30,"Greaves, Damon",7,3,11,18,0,0,0,1,2,1,1,3,1,1,0,3,15,0,0,0,0,0,76,-34,"Hawthorn","2021",16
13,"Hanrahan, Oliver",0,0,0,0,0,0,0,0,0,0,0,0,0,0,0,0,0,0,0,0,0,0,0,-34,"Hawthorn","2021",16
15,"Hardwick, Blake",18,5,4,22,0,0,0,3,9,3,0,1,0,1,0,3,15,0,0,6,0,0,85,-34,"Hawthorn","2021",16
28,"Hartigan, Kyle",5,2,6,11,0,0,0,0,4,0,0,3,0,2,0,6,4,1,0,12,0,0,98,-34,"Hawthorn","2021",16
17,"Howe, Daniel",10,4,6,16,1,0,0,1,2,3,2,2,0,0,0,7,9,0,0,0,0,0,81,-34,"Hawthorn","2021",16
29,"Jiath, Changkuoth",7,2,8,15,0,1,0,3,1,3,0,3,1,3,0,3,14,0,0,7,0,1,83,-34,"Hawthorn","2021",16
34,"Koschitzke, Jacob",5,5,2,7,1,1,0,2,0,0,0,0,0,0,0,7,0,5,3,1,0,0,86,-34,"Hawthorn","2021",16
7,"McEvoy, Ben",7,4,3,10,0,0,13,8,1,2,1,1,2,0,0,7,2,2,0,4,0,2,83,-34,"Hawthorn","2021",16
3,"Mitchell, Tom",14,4,15,29,0,0,0,6,2,6,8,5,3,1,0,13,15,0,0,1,0,0,83,-34,"Hawthorn","2021",16
36,"Moore, Dylan",4,1,6,10,0,0,0,3,0,2,0,2,0,0,0,6,4,0,0,1,0,0,74,-34,"Hawthorn","2021",16
11,"Nash, Conor",4,2,4,8,0,0,0,1,0,1,4,2,0,2,0,4,3,0,1,1,0,0,82,-34,"Hawthorn","2021",16
44,"Newcombe, Jai",3,1,8,11,0,0,0,7,1,0,2,0,1,0,0,5,7,0,0,0,0,0,71,-34,"Hawthorn","2021",16
23,"OBrien, Tim",7,5,5,12,1,0,1,4,0,2,0,2,1,0,0,5,7,0,0,2,0,0,81,-34,"Hawthorn","2021",16
10,"OMeara, Jaeger",12,3,5,17,1,3,0,4,3,1,5,3,1,2,0,9,11,0,1,1,0,0,84,-34,"Hawthorn","2021",16
21,"Phillips, Tom",8,2,7,15,0,0,0,3,2,4,2,3,2,0,0,8,7,0,0,0,0,0,80,-34,"Hawthorn","2021",16
14,"Scrimshaw, Jack",9,5,6,15,0,0,0,1,2,0,1,1,0,0,0,3,11,0,0,2,0,0,78,-34,"Hawthorn","2021",16
26,"Shiels, Liam",11,3,7,18,0,0,0,5,0,0,1,4,0,1,0,6,10,0,0,0,0,0,83,-34,"Hawthorn","2021",16
5,"Worpel, James",10,1,13,23,1,1,0,8,1,3,9,4,1,1,0,12,10,0,0,0,0,1,83,-34,"Hawthorn","2021",16
21,"Aliir, Aliir",13,7,5,18,0,0,0,0,3,1,0,3,0,1,0,6,11,1,0,6,0,0,94,34,"Port Adelaide","2021",16
15,"Amon, Karl",17,9,9,26,0,0,0,3,2,8,4,1,1,0,1,5,21,0,0,1,0,1,79,34,"Port Adelaide","2021",16
14,"Bergman, Miles",8,2,5,13,2,0,0,1,0,1,0,5,2,0,0,7,5,0,0,1,0,0,81,34,"Port Adelaide","2021",16
10,"Boak, Travis",15,2,12,27,0,0,0,7,1,4,9,3,0,1,2,14,12,0,0,1,0,1,82,34,"Port Adelaide","2021",16
26,"Bonner, Riley",11,2,6,17,0,1,0,2,1,1,0,4,0,2,0,3,13,0,0,0,0,0,79,34,"Port Adelaide","2021",16
3,"Burton, Ryan",14,4,5,19,0,0,0,3,4,1,2,4,0,1,0,5,11,0,0,4,0,1,86,34,"Port Adelaide","2021",16
33,"Byrne-Jones, Darcy",15,6,14,29,0,0,0,3,3,2,3,3,3,1,0,8,20,0,0,3,0,0,81,34,"Port Adelaide","2021",16
22,"Dixon, Charlie",10,2,4,14,4,2,5,4,0,1,0,0,3,0,0,9,5,1,2,4,0,1,93,34,"Port Adelaide","2021",16
28,"Drew, Willem",7,2,11,18,0,0,0,6,2,3,3,4,0,0,0,9,8,0,0,4,0,0,75,34,"Port Adelaide","2021",16
0,"Farrell, Kane",1,0,0,1,0,0,0,0,0,1,1,0,0,0,0,1,0,0,0,0,0,0,8,34,"Port Adelaide","2021",16
0,"Frederick, Martin",4,1,4,8,1,0,0,0,0,0,1,2,0,1,0,3,5,0,0,1,2,0,73,34,"Port Adelaide","2021",16
19,"Georgiades, Mitch",3,1,6,9,1,0,0,1,0,2,0,3,1,1,0,5,4,0,0,0,0,2,77,34,"Port Adelaide","2021",16
5,"Houston, Dan",11,4,4,15,0,0,0,5,0,2,0,2,0,1,0,3,11,0,0,4,0,1,81,34,"Port Adelaide","2021",16
1,"Jonas, Tom",13,11,4,17,0,0,0,0,2,0,0,0,0,0,0,4,12,1,0,9,0,0,95,34,"Port Adelaide","2021",16
40,"Lienert, Jarrod",16,7,1,17,0,0,0,3,5,2,0,3,0,1,0,0,12,0,0,0,0,0,70,34,"Port Adelaide","2021",16
29,"Lycett, Scott",5,2,3,8,0,1,39,8,1,3,0,5,0,3,0,7,3,0,1,6,0,1,93,34,"Port Adelaide","2021",16
4,"Marshall, Todd",7,3,5,12,2,1,0,1,0,4,0,1,3,1,0,8,4,0,1,0,0,1,73,34,"Port Adelaide","2021",16
32,"Mayes, Sam",10,2,5,15,2,1,0,3,0,3,2,3,1,0,0,7,7,1,1,0,0,0,80,34,"Port Adelaide","2021",16
12,"McKenzie, Trent",14,7,4,18,0,0,0,2,4,1,0,2,0,1,0,6,9,1,0,4,0,0,87,34,"Port Adelaide","2021",16
6,"Motlop, Steven",12,5,9,21,0,0,0,2,1,2,0,1,2,0,0,8,14,0,1,2,0,0,85,34,"Port Adelaide","2021",16
2,"Powell-Pepper, Sam",5,0,5,10,0,0,0,5,0,4,1,2,2,1,0,6,3,0,0,0,0,0,66,34,"Port Adelaide","2021",16
20,"Rozee, Connor",9,0,5,14,1,2,0,3,1,0,1,1,3,0,0,10,5,0,0,2,0,2,87,34,"Port Adelaide","2021",16
16,"Wines, Ollie",26,3,17,43,0,1,0,7,2,8,14,11,1,0,3,23,17,1,1,0,0,0,75,34,"Port Adelaide","2021",16
