"Number","Player","Kicks","Marks","Handballs","Disposals","Goals","Behinds","Hitouts","Tackles","Rebounds50s","Inside50s","Clearances","Clangers","FreesFor","FreesAgainst","BrownlowVotes","ContestedPossessions","UncontestedPossessions","ContestedMarks","MarksInside50","OnePercenters","Bounces","GoalAssists","PercentagePlayed","PointDifference","Team","Season","Round"
13,"Adams, Taylor",15,1,19,34,0,0,0,6,0,6,4,6,2,1,0,17,15,0,0,0,0,2,84,-9,"Collingwood","2021",16
8,"Bianco, Trent",6,7,6,12,0,1,0,4,0,1,0,0,0,0,0,1,11,0,1,0,0,0,75,-9,"Collingwood","2021",16
14,"Cameron, Darcy",6,3,4,10,0,2,4,0,1,1,3,1,2,1,0,7,4,1,2,1,0,0,71,-9,"Collingwood","2021",16
46,"Cox, Mason",4,6,4,8,1,0,1,2,0,1,0,3,1,1,0,5,4,2,2,4,0,0,71,-9,"Collingwood","2021",16
25,"Crisp, Jack",17,4,6,23,0,0,0,7,3,7,4,4,2,2,0,8,16,0,0,5,0,2,89,-9,"Collingwood","2021",16
0,"Daicos, Josh",11,4,9,20,1,2,0,6,3,2,2,1,0,0,0,7,13,0,0,1,0,0,71,-9,"Collingwood","2021",16
2,"de Goey, Jordan",17,9,15,32,1,2,0,2,0,6,3,1,0,0,0,6,25,0,3,0,0,0,86,-9,"Collingwood","2021",16
5,"Elliott, Jamie",9,3,6,15,1,1,0,0,0,5,1,3,1,2,0,7,9,0,0,4,0,0,82,-9,"Collingwood","2021",16
4,"Grundy, Brodie",8,2,11,19,0,0,33,5,3,3,2,6,0,2,0,10,9,1,0,2,0,0,76,-9,"Collingwood","2021",16
32,"Hoskin-Elliott, Will",11,5,5,16,1,0,0,3,1,1,3,1,0,0,0,6,11,0,1,2,0,0,83,-9,"Collingwood","2021",16
0,"Macrae, Finlay",1,0,1,2,0,0,0,0,0,1,0,0,0,0,0,0,2,0,0,0,0,0,10,-9,"Collingwood","2021",16
44,"Madgen, Jack",5,4,8,13,0,0,0,1,2,0,0,2,1,2,0,9,6,0,0,7,0,0,92,-9,"Collingwood","2021",16
37,"Maynard, Brayden",8,2,3,11,0,0,0,3,2,0,0,1,0,0,0,3,7,0,0,5,0,0,81,-9,"Collingwood","2021",16
16,"Mayne, Chris",15,8,11,26,0,0,0,5,6,1,1,5,1,1,0,3,18,0,0,6,0,0,81,-9,"Collingwood","2021",16
41,"Mihocek, Brody",6,6,2,8,2,1,0,0,0,1,0,2,0,1,0,3,4,2,4,1,0,1,82,-9,"Collingwood","2021",16
28,"Murphy, Nathan",6,3,2,8,0,0,0,0,0,1,2,3,2,0,0,4,4,0,0,5,0,0,82,-9,"Collingwood","2021",16
9,"Noble, John",10,3,5,15,0,0,0,4,5,1,0,1,1,0,0,4,12,0,0,2,0,0,75,-9,"Collingwood","2021",16
10,"Pendlebury, Scott",10,4,18,28,0,0,0,6,4,3,8,2,0,0,0,12,15,0,0,0,0,1,82,-9,"Collingwood","2021",16
27,"Poulter, Caleb",10,2,4,14,0,0,0,2,3,3,0,7,1,1,0,5,9,0,0,2,0,0,75,-9,"Collingwood","2021",16
3,"Quaynor, Isaac",10,3,8,18,0,0,0,1,4,1,0,2,2,2,0,8,11,0,0,8,0,0,84,-9,"Collingwood","2021",16
23,"Roughead, Jordan",11,5,3,14,0,0,0,1,4,0,0,3,1,1,0,2,9,0,0,7,0,0,100,-9,"Collingwood","2021",16
22,"Sidebottom, Steele",6,3,8,14,0,0,0,1,1,2,1,2,0,0,0,2,13,0,0,0,0,0,83,-9,"Collingwood","2021",16
24,"Thomas, Josh",11,7,6,17,1,2,0,1,0,1,0,1,2,1,0,3,14,0,2,2,0,0,85,-9,"Collingwood","2021",16
26,"Battle, Josh",0,0,0,0,0,0,0,0,0,0,0,0,0,0,0,0,0,0,0,0,0,0,0,9,"St Kilda","2021",16
15,"Billings, Jack",11,5,3,14,0,1,0,1,3,3,1,4,1,0,0,5,10,1,1,1,0,0,80,9,"St Kilda","2021",16
16,"Butler, Dan",6,2,2,8,1,1,0,3,0,1,0,2,1,1,0,3,3,0,0,0,0,0,85,9,"St Kilda","2021",16
31,"Byrnes, Ryan",8,2,13,21,0,0,0,1,2,3,3,6,0,0,0,7,14,0,0,0,0,0,73,9,"St Kilda","2021",16
37,"Connolly, Leo",6,4,6,12,0,0,0,0,3,1,0,2,0,1,0,4,8,1,0,0,1,0,79,9,"St Kilda","2021",16
5,"Crouch, Brad",12,1,16,28,0,0,0,4,0,2,6,6,0,2,0,10,16,0,0,3,1,1,74,9,"St Kilda","2021",16
7,"Dunstan, Luke",15,5,12,27,0,0,0,9,1,4,10,3,0,1,1,13,14,0,0,3,0,1,89,9,"St Kilda","2021",16
22,"Higgins, Jack",7,3,11,18,1,0,0,4,0,2,2,5,0,1,0,8,10,0,0,1,0,0,83,9,"St Kilda","2021",16
34,"Highmore, Tom",6,4,4,10,0,0,0,2,1,1,0,2,2,2,0,4,6,1,0,1,0,0,85,9,"St Kilda","2021",16
8,"Hill, Bradley",22,4,8,30,0,0,0,2,5,5,3,5,0,1,2,7,21,0,0,2,0,0,84,9,"St Kilda","2021",16
20,"Howard, Dougal",16,6,2,18,0,0,0,2,5,0,0,2,2,1,0,3,9,0,0,6,0,0,100,9,"St Kilda","2021",16
12,"King, Max",5,4,6,11,2,1,0,1,0,1,0,5,1,3,0,6,6,1,2,0,0,0,83,9,"St Kilda","2021",16
21,"Long, Ben",9,5,2,11,0,3,0,4,1,5,0,4,1,2,0,4,6,0,1,4,1,0,80,9,"St Kilda","2021",16
19,"Marshall, Rowan",13,7,1,14,1,0,15,2,0,2,0,2,0,0,0,5,9,3,2,4,0,0,64,9,"St Kilda","2021",16
36,"McKenzie, Daniel",11,5,10,21,1,0,0,1,0,4,0,2,0,1,0,4,17,0,0,1,0,0,74,9,"St Kilda","2021",16
28,"Membrey, Tim",15,7,2,17,2,1,1,1,1,2,1,3,1,0,0,6,12,1,0,4,0,0,93,9,"St Kilda","2021",16
6,"Ross, Sebastian",12,5,10,22,0,0,0,2,0,4,1,3,2,1,0,5,17,0,0,0,0,1,87,9,"St Kilda","2021",16
18,"Ryder, Paddy",8,3,1,9,2,0,23,1,1,1,3,2,1,1,0,6,3,1,2,2,0,0,71,9,"St Kilda","2021",16
35,"Sinclair, Jack",19,8,5,24,0,0,0,5,4,2,1,3,1,0,0,4,20,0,0,0,0,0,81,9,"St Kilda","2021",16
9,"Steele, Jack",16,5,20,36,0,0,0,14,0,6,8,4,1,1,3,15,18,0,0,2,0,3,87,9,"St Kilda","2021",16
29,"Webster, Jimmy",14,6,7,21,0,0,0,3,5,1,0,3,1,0,0,10,11,2,0,2,0,0,82,9,"St Kilda","2021",16
44,"Wilkie, Callum",15,10,1,16,0,0,0,1,6,0,0,0,1,0,0,5,12,1,0,5,0,0,89,9,"St Kilda","2021",16
32,"Wood, Mason",14,6,8,22,0,1,0,7,0,4,0,1,2,0,0,9,14,0,0,1,0,0,77,9,"St Kilda","2021",16
