"Number","Player","Kicks","Marks","Handballs","Disposals","Goals","Behinds","Hitouts","Tackles","Rebounds50s","Inside50s","Clearances","Clangers","FreesFor","FreesAgainst","BrownlowVotes","ContestedPossessions","UncontestedPossessions","ContestedMarks","MarksInside50","OnePercenters","Bounces","GoalAssists","PercentagePlayed","PointDifference","Team","Season","Round"
21,"Berry, Sam",2,1,12,14,0,0,0,4,0,0,1,1,0,1,0,10,5,0,0,4,0,1,80,-52,"Adelaide","2021",16
16,"Brown, Luke",9,2,2,11,0,0,0,2,4,1,0,5,0,1,0,3,6,1,0,3,0,0,80,-52,"Adelaide","2021",16
41,"Butts, Jordon",6,2,6,12,0,0,0,1,5,0,0,0,1,0,0,5,7,0,0,3,0,0,92,-52,"Adelaide","2021",16
39,"Doedee, Tom",8,3,6,14,1,1,0,1,4,0,0,2,2,1,0,9,5,0,1,8,0,0,94,-52,"Adelaide","2021",16
22,"Frampton, Billy",6,2,3,9,0,2,0,2,0,1,0,1,1,0,0,5,4,1,1,3,0,0,86,-52,"Adelaide","2021",16
0,"Hately, Jackson",4,1,3,7,0,2,0,1,0,0,0,2,1,0,0,2,5,0,1,0,0,1,39,-52,"Adelaide","2021",16
1,"Jones, Chayce",7,2,4,11,0,0,0,1,1,1,0,3,0,1,0,3,8,1,0,2,0,0,73,-52,"Adelaide","2021",16
2,"Keays, Ben",17,1,11,28,0,0,0,5,2,5,7,8,1,2,0,10,12,0,0,3,0,1,80,-52,"Adelaide","2021",16
8,"Kelly, Jake",10,4,9,19,0,0,0,2,4,2,1,2,2,1,0,9,10,1,0,3,0,0,83,-52,"Adelaide","2021",16
29,"Laird, Rory",17,5,20,37,0,0,0,3,5,5,9,3,0,0,0,16,20,0,0,1,0,1,79,-52,"Adelaide","2021",16
14,"Mackay, David",10,2,4,14,1,0,0,5,0,1,1,1,2,1,0,8,8,1,0,2,0,0,83,-52,"Adelaide","2021",16
25,"McHenry, Ned",9,2,3,12,0,0,0,9,0,1,0,3,3,1,0,6,8,0,0,0,1,1,83,-52,"Adelaide","2021",16
28,"Murray, Nick",4,0,1,5,0,0,0,1,2,0,0,3,1,1,0,4,1,0,0,8,0,0,88,-52,"Adelaide","2021",16
43,"OBrien, Reilly",12,2,4,16,0,0,36,1,1,1,5,3,0,1,0,13,4,2,0,8,0,0,88,-52,"Adelaide","2021",16
10,"Pedlar, Luke",10,3,3,13,0,0,0,1,0,5,2,2,0,0,0,3,10,0,0,1,0,0,77,-52,"Adelaide","2021",16
31,"Rowe, James",8,2,6,14,0,2,0,2,0,1,1,1,2,0,0,6,8,0,1,1,0,1,71,-52,"Adelaide","2021",16
26,"Schoenberg, Harry",12,1,4,16,1,0,0,6,0,4,4,4,0,3,0,10,5,0,0,0,0,0,68,-52,"Adelaide","2021",16
11,"Seedsman, Paul",13,3,8,21,2,2,0,2,0,5,1,5,0,2,0,5,14,0,0,0,3,0,77,-52,"Adelaide","2021",16
38,"Sholl, Lachlan",14,5,14,28,0,0,0,0,3,4,2,4,0,1,0,13,15,0,0,0,2,1,80,-52,"Adelaide","2021",16
9,"Sloane, Rory",11,4,7,18,1,0,0,6,2,3,6,2,1,1,0,10,7,0,0,4,0,0,87,-52,"Adelaide","2021",16
33,"Smith, Brodie",13,1,9,22,0,0,0,5,9,2,1,2,1,0,0,6,12,0,0,3,0,0,89,-52,"Adelaide","2021",16
7,"Thilthorpe, Riley",5,5,4,9,1,1,3,1,1,1,0,3,0,2,0,7,4,4,2,4,0,0,88,-52,"Adelaide","2021",16
0,"Walker, Taylor",5,1,1,6,1,0,6,0,0,2,2,0,0,0,0,4,3,0,0,1,0,0,35,-52,"Adelaide","2021",16
24,"Adams, Marcus",12,8,6,18,0,0,0,4,5,1,1,2,1,2,0,13,6,4,0,6,0,1,91,52,"Brisbane Lions","2021",16
4,"Ah Chee, Callum",5,2,3,8,0,0,0,3,1,3,0,1,0,1,0,4,4,0,0,1,0,0,75,52,"Brisbane Lions","2021",16
31,"Andrews, Harris",8,3,8,16,0,0,0,2,4,2,0,0,2,0,0,7,9,1,0,13,0,0,92,52,"Brisbane Lions","2021",16
33,"Bailey, Zac",16,2,10,26,3,1,0,2,1,7,9,6,2,3,3,15,14,0,1,2,0,1,86,52,"Brisbane Lions","2021",16
7,"Berry, Jarrod",4,0,0,4,0,0,0,1,0,2,0,2,2,1,0,1,3,0,0,0,0,0,50,52,"Brisbane Lions","2021",16
14,"Birchall, Grant",14,4,11,25,0,0,0,2,2,5,0,2,2,0,0,9,13,1,0,2,1,0,84,52,"Brisbane Lions","2021",16
23,"Cameron, Charlie",8,3,1,9,3,2,0,2,0,3,0,2,1,1,0,5,3,0,2,0,0,0,96,52,"Brisbane Lions","2021",16
18,"Coleman, Keidean",3,1,3,6,0,1,0,1,0,0,0,0,0,0,0,2,3,0,0,0,0,0,51,52,"Brisbane Lions","2021",16
3,"Daniher, Joe",12,2,1,13,2,1,1,1,0,3,3,2,2,1,0,8,4,0,0,0,0,0,90,52,"Brisbane Lions","2021",16
30,"Hipwood, Eric",4,2,4,8,0,0,0,2,0,0,0,4,0,1,0,3,5,0,0,2,0,0,92,52,"Brisbane Lions","2021",16
17,"Lyons, Jarryd",18,4,13,31,0,0,0,10,1,5,4,3,1,0,2,11,18,0,2,1,0,2,88,52,"Brisbane Lions","2021",16
36,"Mathieson, Rhys",6,4,13,19,0,0,0,1,2,2,8,2,2,0,0,7,10,0,0,0,0,0,65,52,"Brisbane Lions","2021",16
11,"McCarthy, Lincoln",11,6,5,16,4,0,0,3,1,2,0,1,1,1,1,8,10,2,1,1,0,1,85,52,"Brisbane Lions","2021",16
6,"McCluggage, Hugh",13,2,10,23,1,0,0,3,2,1,4,6,0,3,0,9,16,0,0,1,0,2,80,52,"Brisbane Lions","2021",16
46,"McInerney, Oscar",8,3,8,16,0,0,30,2,1,4,8,2,0,0,0,13,4,1,1,3,0,1,91,52,"Brisbane Lions","2021",16
25,"McStay, Daniel",8,5,5,13,2,0,0,7,0,4,0,1,1,0,0,7,6,3,2,2,1,2,90,52,"Brisbane Lions","2021",16
40,"Payne, Jack",6,6,5,11,0,0,0,2,2,0,0,1,0,1,0,3,8,0,0,7,0,0,86,52,"Brisbane Lions","2021",16
20,"Prior, Jaxon",0,0,0,0,0,0,0,0,0,0,0,0,0,0,0,0,0,0,0,0,0,0,0,52,"Brisbane Lions","2021",16
10,"Rich, Daniel",20,4,5,25,0,1,0,0,8,7,3,0,0,0,0,8,12,0,0,5,0,0,86,52,"Brisbane Lions","2021",16
2,"Robertson, Deven",10,2,5,15,0,0,0,8,0,3,3,1,0,0,0,5,7,0,0,1,0,0,74,52,"Brisbane Lions","2021",16
5,"Robinson, Mitch",16,2,11,27,0,1,0,4,3,4,7,5,2,1,0,13,12,0,0,3,0,0,81,52,"Brisbane Lions","2021",16
37,"Starcevich, Brandon",6,3,3,9,0,0,0,5,1,1,0,1,0,1,0,6,6,0,0,2,0,0,86,52,"Brisbane Lions","2021",16
15,"Zorko, Dayne",9,2,3,12,2,0,0,12,1,3,1,3,1,1,0,9,6,0,0,3,0,0,79,52,"Brisbane Lions","2021",16
