"Number","Player","Kicks","Marks","Handballs","Disposals","Goals","Behinds","Hitouts","Tackles","Rebounds50s","Inside50s","Clearances","Clangers","FreesFor","FreesAgainst","BrownlowVotes","ContestedPossessions","UncontestedPossessions","ContestedMarks","MarksInside50","OnePercenters","Bounces","GoalAssists","PercentagePlayed","PointDifference","Team","Season","Round"
21,"Aliir, Aliir",5,5,2,7,0,0,0,1,1,1,0,2,0,2,0,2,5,1,1,8,0,0,100,28,"Port Adelaide","2021",19
15,"Amon, Karl",9,3,15,24,1,1,0,6,1,2,1,3,0,1,0,4,20,0,1,0,0,0,86,28,"Port Adelaide","2021",19
14,"Bergman, Miles",5,4,3,8,0,0,0,3,2,1,0,0,0,0,0,3,6,0,0,2,0,0,81,28,"Port Adelaide","2021",19
10,"Boak, Travis",15,1,15,30,0,1,0,1,4,4,7,4,2,2,1,16,16,0,0,2,0,0,82,28,"Port Adelaide","2021",19
26,"Bonner, Riley",12,3,6,18,0,0,0,3,2,3,0,1,1,0,0,4,12,0,0,0,0,2,83,28,"Port Adelaide","2021",19
3,"Burton, Ryan",11,5,5,16,0,0,0,4,2,2,0,2,0,0,0,4,12,0,0,0,0,0,84,28,"Port Adelaide","2021",19
18,"Butters, Zak",4,3,11,15,0,1,0,2,0,0,1,3,2,0,0,5,10,0,1,0,0,0,80,28,"Port Adelaide","2021",19
33,"Byrne-Jones, Darcy",11,1,9,20,0,0,0,4,0,3,1,1,0,0,0,3,16,0,0,2,0,1,80,28,"Port Adelaide","2021",19
22,"Dixon, Charlie",7,4,4,11,4,3,1,2,0,1,1,1,3,0,0,12,0,4,2,2,0,0,93,28,"Port Adelaide","2021",19
28,"Drew, Willem",9,1,23,32,0,0,0,5,1,5,6,4,1,2,0,17,12,0,0,0,0,1,78,28,"Port Adelaide","2021",19
7,"Duursma, Xavier",6,3,12,18,0,0,0,3,0,3,0,1,1,0,0,4,14,0,0,0,1,0,82,28,"Port Adelaide","2021",19
19,"Georgiades, Mitch",3,3,4,7,0,0,0,3,0,2,0,1,0,0,0,4,3,1,1,0,0,0,77,28,"Port Adelaide","2021",19
5,"Houston, Dan",16,5,5,21,1,1,0,0,1,7,1,5,1,2,0,3,19,0,0,0,0,3,73,28,"Port Adelaide","2021",19
1,"Jonas, Tom",7,4,7,14,0,0,0,1,3,1,0,1,0,1,0,5,7,2,0,4,0,0,95,28,"Port Adelaide","2021",19
38,"Ladhams, Peter",13,5,4,17,2,0,6,1,0,4,2,4,1,0,0,9,6,2,3,3,0,2,85,28,"Port Adelaide","2021",19
29,"Lycett, Scott",7,3,7,14,0,0,27,4,1,3,5,4,1,3,0,8,6,0,0,2,0,1,70,28,"Port Adelaide","2021",19
4,"Marshall, Todd",12,4,3,15,3,0,0,1,1,1,1,3,2,0,0,6,9,0,3,0,0,1,79,28,"Port Adelaide","2021",19
32,"Mayes, Sam",0,0,0,0,0,0,0,0,0,0,0,0,0,0,0,0,0,0,0,0,0,0,0,28,"Port Adelaide","2021",19
12,"McKenzie, Trent",7,1,0,7,0,0,0,0,5,0,1,5,0,3,0,1,2,0,0,2,0,0,85,28,"Port Adelaide","2021",19
2,"Powell-Pepper, Sam",7,2,8,15,0,0,0,5,0,5,1,3,1,1,0,6,12,0,0,2,0,0,75,28,"Port Adelaide","2021",19
20,"Rozee, Connor",5,7,11,16,1,1,0,2,1,3,0,2,0,0,0,8,9,0,2,4,1,0,85,28,"Port Adelaide","2021",19
16,"Wines, Ollie",17,3,13,30,1,1,0,2,3,4,8,5,2,1,3,13,15,1,1,0,1,0,77,28,"Port Adelaide","2021",19
36,"Woodcock, Boyd",6,3,3,9,1,0,0,2,0,3,0,1,1,0,0,4,5,0,1,2,0,1,72,28,"Port Adelaide","2021",19
13,"Adams, Taylor",11,2,13,24,0,0,0,8,1,3,3,8,3,1,0,6,17,0,0,1,0,0,69,-28,"Collingwood","2021",19
8,"Bianco, Trent",11,5,1,12,1,0,0,3,2,2,0,3,0,0,0,2,10,0,0,0,0,1,73,-28,"Collingwood","2021",19
14,"Cameron, Darcy",5,4,4,9,1,0,4,1,0,2,0,1,0,1,0,5,5,1,1,4,0,0,76,-28,"Collingwood","2021",19
0,"Cox, Mason",2,1,3,5,1,1,0,0,0,0,1,1,1,1,0,3,2,0,0,2,0,0,59,-28,"Collingwood","2021",19
25,"Crisp, Jack",17,13,13,30,0,0,0,6,6,1,3,3,1,0,2,8,21,1,0,0,0,0,84,-28,"Collingwood","2021",19
2,"de Goey, Jordan",11,4,14,25,1,0,0,4,2,4,3,5,1,1,0,8,18,0,1,1,0,0,87,-28,"Collingwood","2021",19
5,"Elliott, Jamie",6,2,5,11,1,1,0,2,0,1,0,3,2,0,0,6,6,0,1,1,0,0,90,-28,"Collingwood","2021",19
33,"Ginnivan, Jack",6,3,1,7,0,0,0,1,0,1,0,0,1,0,0,3,4,1,0,0,0,1,81,-28,"Collingwood","2021",19
4,"Grundy, Brodie",16,3,11,27,0,0,23,2,2,3,7,11,3,5,0,14,11,0,0,0,0,0,88,-28,"Collingwood","2021",19
35,"Henry, Oliver",9,7,6,15,2,3,0,1,0,2,0,3,0,0,0,1,12,1,4,1,0,1,69,-28,"Collingwood","2021",19
18,"Macrae, Finlay",9,5,12,21,0,0,0,1,1,4,3,5,1,0,0,9,12,0,1,0,0,1,68,-28,"Collingwood","2021",19
44,"Madgen, Jack",10,3,14,24,0,0,0,2,4,0,1,1,0,1,0,9,14,0,0,4,0,0,84,-28,"Collingwood","2021",19
37,"Maynard, Brayden",15,1,11,26,0,0,0,1,6,1,0,2,0,1,0,5,15,0,0,7,0,0,90,-28,"Collingwood","2021",19
41,"Mihocek, Brody",10,8,1,11,3,3,0,2,0,2,0,0,2,0,0,5,8,2,6,1,0,1,90,-28,"Collingwood","2021",19
28,"Murphy, Nathan",6,4,6,12,0,0,0,2,0,3,1,2,2,0,0,7,5,0,0,0,0,0,86,-28,"Collingwood","2021",19
9,"Noble, John",13,5,4,17,0,0,0,3,3,1,1,2,0,1,0,3,14,0,0,1,0,0,81,-28,"Collingwood","2021",19
0,"Pendlebury, Scott",3,0,3,6,0,0,0,2,0,2,1,0,0,0,0,2,4,0,0,0,0,0,10,-28,"Collingwood","2021",19
27,"Poulter, Caleb",10,8,6,16,0,0,0,1,0,1,0,0,0,0,0,1,15,0,0,1,0,0,83,-28,"Collingwood","2021",19
3,"Quaynor, Isaac",6,4,6,12,0,0,0,2,2,1,2,0,0,0,0,4,7,0,0,3,0,0,86,-28,"Collingwood","2021",19
23,"Roughead, Jordan",5,2,9,14,0,0,0,3,2,0,1,3,0,2,0,7,8,1,0,8,0,0,94,-28,"Collingwood","2021",19
21,"Ruscoe, Trey",17,2,3,20,0,0,0,3,8,1,0,7,0,3,0,4,14,0,0,0,0,1,78,-28,"Collingwood","2021",19
22,"Sidebottom, Steele",12,5,14,26,0,0,0,3,1,3,7,3,0,1,0,13,12,0,0,1,0,1,85,-28,"Collingwood","2021",19
43,"Tohill, Anton",4,3,5,9,0,0,0,0,2,1,1,2,1,1,0,2,7,0,0,6,0,0,89,-28,"Collingwood","2021",19
