"Number","Player","Kicks","Marks","Handballs","Disposals","Goals","Behinds","Hitouts","Tackles","Rebounds50s","Inside50s","Clearances","Clangers","FreesFor","FreesAgainst","BrownlowVotes","ContestedPossessions","UncontestedPossessions","ContestedMarks","MarksInside50","OnePercenters","Bounces","GoalAssists","PercentagePlayed","PointDifference","Team","Season","Round"
24,"Adams, Marcus",9,8,3,12,0,0,0,1,3,1,0,4,0,2,0,6,6,3,0,1,0,0,99,28,"Brisbane Lions","2021",10
4,"Ah Chee, Callum",3,1,7,10,0,0,0,5,0,0,1,3,0,2,0,3,7,0,0,3,0,0,78,28,"Brisbane Lions","2021",10
31,"Andrews, Harris",12,7,3,15,0,0,0,0,4,1,0,0,2,0,0,9,5,4,0,13,0,0,100,28,"Brisbane Lions","2021",10
33,"Bailey, Zac",10,2,5,15,4,0,0,1,0,3,1,2,1,1,0,4,10,0,1,0,0,3,77,28,"Brisbane Lions","2021",10
13,"Berry, Tom",0,0,0,0,0,0,0,0,0,0,0,0,0,0,0,0,0,0,0,0,0,0,0,28,"Brisbane Lions","2021",10
14,"Birchall, Grant",13,5,2,15,0,0,0,2,2,2,1,2,0,0,0,1,12,0,0,0,0,0,80,28,"Brisbane Lions","2021",10
23,"Cameron, Charlie",5,1,3,8,1,1,0,1,1,0,0,1,2,0,0,5,3,0,0,0,0,0,86,28,"Brisbane Lions","2021",10
18,"Coleman, Keidean",7,4,9,16,1,1,0,1,1,1,1,1,0,0,0,9,7,1,1,0,0,1,76,28,"Brisbane Lions","2021",10
3,"Daniher, Joe",13,3,5,18,1,4,6,2,0,6,3,1,3,1,0,8,12,0,2,2,1,1,97,28,"Brisbane Lions","2021",10
30,"Hipwood, Eric",10,7,3,13,4,0,0,3,0,1,1,0,0,0,1,5,7,2,2,1,0,0,83,28,"Brisbane Lions","2021",10
17,"Lyons, Jarryd",21,4,5,26,1,0,0,6,0,6,8,5,3,1,3,15,10,0,1,2,0,0,80,28,"Brisbane Lions","2021",10
42,"Madden, James",7,4,6,13,1,0,0,1,2,1,3,1,2,1,0,9,3,2,0,0,0,0,77,28,"Brisbane Lions","2021",10
36,"Mathieson, Rhys",12,4,8,20,1,0,0,5,2,2,5,5,3,3,0,8,12,0,2,0,1,1,70,28,"Brisbane Lions","2021",10
11,"McCarthy, Lincoln",1,1,9,10,0,0,0,2,0,0,2,4,1,2,0,8,3,0,0,1,0,1,80,28,"Brisbane Lions","2021",10
6,"McCluggage, Hugh",18,3,9,27,0,2,0,3,1,9,7,1,2,0,0,16,10,0,1,0,0,2,79,28,"Brisbane Lions","2021",10
46,"McInerney, Oscar",3,0,3,6,0,0,35,7,0,2,2,3,0,2,0,6,1,0,0,4,0,0,79,28,"Brisbane Lions","2021",10
25,"McStay, Daniel",5,5,5,10,0,1,1,6,0,3,0,0,1,0,0,4,6,1,1,2,0,0,81,28,"Brisbane Lions","2021",10
20,"Prior, Jaxon",5,2,1,6,0,0,0,1,1,0,2,1,0,0,0,3,4,0,0,2,0,0,74,28,"Brisbane Lions","2021",10
10,"Rich, Daniel",22,7,4,26,0,0,0,1,7,1,2,2,0,0,0,7,14,1,0,1,0,0,77,28,"Brisbane Lions","2021",10
2,"Robertson, Deven",8,2,8,16,0,0,0,6,1,3,1,2,2,0,0,8,8,0,0,0,0,0,74,28,"Brisbane Lions","2021",10
5,"Robinson, Mitch",14,6,8,22,0,0,0,3,4,3,2,2,2,0,0,8,14,0,0,0,0,1,75,28,"Brisbane Lions","2021",10
37,"Starcevich, Brandon",14,3,3,17,0,0,0,1,2,1,4,2,1,0,0,10,7,1,0,2,0,0,90,28,"Brisbane Lions","2021",10
15,"Zorko, Dayne",17,4,11,28,1,1,0,2,2,11,6,4,3,1,2,13,15,0,0,4,0,1,89,28,"Brisbane Lions","2021",10
16,"Aarts, Jake",8,8,9,17,2,1,0,3,1,4,1,4,1,1,0,9,9,2,1,0,0,1,79,-28,"Richmond","2021",10
12,"Astbury, David",6,5,6,12,0,0,6,1,0,1,2,1,0,0,0,4,8,1,0,3,0,0,80,-28,"Richmond","2021",10
7,"Baker, Liam",11,1,13,24,0,0,0,6,0,6,2,9,2,5,0,13,14,0,0,7,0,0,88,-28,"Richmond","2021",10
21,"Balta, Noah",13,7,4,17,0,0,0,1,3,2,0,3,1,1,0,9,8,3,0,7,0,0,89,-28,"Richmond","2021",10
35,"Broad, Nathan",11,8,6,17,0,0,0,0,4,2,0,1,2,0,0,5,13,1,0,6,1,0,88,-28,"Richmond","2021",10
11,"Castagna, Jason",8,6,3,11,0,1,0,4,0,2,1,0,2,0,0,4,7,0,0,0,0,1,80,-28,"Richmond","2021",10
26,"Collier-Dawkins, Riley",5,4,13,18,0,0,0,3,0,3,1,3,0,2,0,1,17,0,0,1,1,0,71,-28,"Richmond","2021",10
34,"Graham, Jack",5,0,7,12,0,0,0,9,2,2,2,6,0,2,0,5,8,0,0,2,0,0,81,-28,"Richmond","2021",10
2,"Grimes, Dylan",5,2,5,10,0,0,0,1,0,0,0,3,0,2,0,6,3,0,0,3,0,0,77,-28,"Richmond","2021",10
14,"Houli, Bachar",14,4,13,27,0,0,0,4,6,3,0,1,2,0,0,8,14,1,0,1,5,0,78,-28,"Richmond","2021",10
19,"Lynch, Tom",9,8,4,13,3,3,1,1,0,2,0,2,0,1,0,6,7,4,6,0,0,1,92,-28,"Richmond","2021",10
4,"Martin, Dustin",9,4,8,17,0,0,0,5,1,3,0,4,0,3,0,9,11,1,1,3,0,2,85,-28,"Richmond","2021",10
36,"Martyn, Will",0,0,0,0,0,0,0,0,0,0,0,0,0,0,0,0,0,0,0,0,0,0,0,-28,"Richmond","2021",10
33,"McIntosh, Kamdyn",15,5,4,19,0,0,0,5,4,2,2,3,0,1,0,10,9,0,0,3,0,1,87,-28,"Richmond","2021",10
6,"Naish, Patrick",2,1,8,10,1,0,0,2,0,0,1,1,0,0,0,3,7,0,0,0,0,1,67,-28,"Richmond","2021",10
25,"Nankervis, Toby",5,2,13,18,0,0,21,4,3,2,5,5,2,2,0,15,3,1,0,4,0,0,77,-28,"Richmond","2021",10
50,"Pickett, Marlion",5,4,15,20,0,0,0,5,2,2,4,7,0,3,0,13,10,1,0,5,0,0,91,-28,"Richmond","2021",10
45,"Ralphsmith, Hugo",4,0,4,8,0,0,0,1,1,2,0,3,0,2,0,1,7,0,0,2,0,0,70,-28,"Richmond","2021",10
8,"Riewoldt, Jack",7,5,0,7,3,1,0,2,0,4,0,1,1,1,0,4,4,2,3,1,0,1,95,-28,"Richmond","2021",10
17,"Rioli, Daniel",5,4,2,7,0,0,0,3,1,2,0,1,0,1,0,0,6,0,0,1,2,0,78,-28,"Richmond","2021",10
5,"Ross, Jack",5,2,6,11,2,0,0,2,0,0,2,2,1,0,0,4,7,0,1,0,0,0,75,-28,"Richmond","2021",10
15,"Short, Jayden",14,2,6,20,0,0,0,0,8,0,1,1,1,0,0,4,13,0,0,2,1,0,89,-28,"Richmond","2021",10
1,"Vlastuin, Nick",10,3,4,14,0,0,0,1,4,1,0,3,1,1,0,5,8,0,0,1,0,1,81,-28,"Richmond","2021",10
