"Number","Player","Kicks","Marks","Handballs","Disposals","Goals","Behinds","Hitouts","Tackles","Rebounds50s","Inside50s","Clearances","Clangers","FreesFor","FreesAgainst","BrownlowVotes","ContestedPossessions","UncontestedPossessions","ContestedMarks","MarksInside50","OnePercenters","Bounces","GoalAssists","PercentagePlayed","PointDifference","Team","Season","Round"
12,"Allen, Oscar",11,4,2,13,2,2,8,1,2,2,2,5,3,3,0,10,4,2,2,2,0,0,81,4,"West Coast","2021",13
37,"Barrass, Tom",10,8,1,11,0,0,0,0,3,2,0,1,0,0,0,3,7,2,0,6,0,0,90,4,"West Coast","2021",13
28,"Cole, Tom",9,5,4,13,0,0,0,0,3,0,1,1,0,1,0,3,10,0,0,1,0,0,88,4,"West Coast","2021",13
15,"Cripps, Jamie",9,4,4,13,2,0,0,2,0,3,1,2,1,0,0,4,10,0,2,1,0,0,84,4,"West Coast","2021",13
27,"Darling, Jack",4,3,3,7,0,0,0,0,0,0,0,3,2,1,0,5,2,1,0,2,0,0,100,4,"West Coast","2021",13
14,"Duggan, Liam",8,5,1,9,0,0,0,2,3,3,0,0,1,0,0,1,9,0,0,0,0,1,80,4,"West Coast","2021",13
42,"Edwards, Harry",7,3,7,14,0,0,0,4,1,0,0,0,2,0,0,9,5,1,0,9,0,0,88,4,"West Coast","2021",13
16,"Edwards, Luke",13,5,14,27,0,0,0,1,0,4,1,3,4,0,0,11,16,0,0,0,1,2,75,4,"West Coast","2021",13
29,"Foley, Luke",13,7,9,22,0,0,0,3,5,2,2,2,0,0,0,5,16,1,0,1,0,0,82,4,"West Coast","2021",13
3,"Gaff, Andrew",11,3,12,23,0,0,0,2,0,6,4,1,0,0,0,5,18,0,0,1,0,0,88,4,"West Coast","2021",13
25,"Hurn, Shannon",22,10,3,25,0,0,0,1,3,1,1,4,1,2,0,4,16,0,0,4,0,1,78,4,"West Coast","2021",13
31,"Jones, Jamaine",4,2,4,8,1,0,0,2,0,3,0,2,1,0,0,3,5,0,0,0,0,0,77,4,"West Coast","2021",13
17,"Kennedy, Josh",12,7,3,15,4,0,0,3,0,6,1,5,0,3,2,5,11,1,5,3,0,3,82,4,"West Coast","2021",13
7,"Langdon, Zac",10,9,6,16,0,1,0,2,2,0,0,2,0,0,0,4,12,0,2,1,0,0,81,4,"West Coast","2021",13
9,"Naitanui, Nic",9,3,11,20,1,1,31,3,0,3,5,2,1,0,1,15,4,1,1,3,1,1,72,4,"West Coast","2021",13
30,"Nelson, Jackson",8,4,3,11,0,0,0,2,2,0,0,2,0,1,0,4,9,0,0,5,0,0,83,4,"West Coast","2021",13
24,"ONeill, Xavier",0,0,0,0,0,0,0,0,0,0,0,0,0,0,0,0,0,0,0,0,0,0,0,4,"West Coast","2021",13
8,"Redden, Jack",16,12,16,32,0,0,0,2,0,4,7,4,2,1,0,12,19,1,0,0,0,0,87,4,"West Coast","2021",13
35,"Rotham, Josh",10,6,5,15,0,0,0,1,6,0,0,4,0,2,0,2,13,0,0,2,0,0,92,4,"West Coast","2021",13
1,"Ryan, Liam",7,2,0,7,1,0,0,2,1,1,0,0,1,0,0,3,4,0,2,1,1,1,83,4,"West Coast","2021",13
4,"Sheed, Dom",8,4,17,25,0,0,0,2,1,4,4,4,1,1,0,11,15,0,0,0,0,0,70,4,"West Coast","2021",13
2,"Waterman, Jake",7,4,0,7,2,0,0,1,1,0,0,1,2,0,0,3,4,0,1,0,0,0,69,4,"West Coast","2021",13
6,"Yeo, Elliot",15,2,5,20,0,0,0,5,0,8,7,3,3,0,0,15,7,1,0,2,1,1,72,4,"West Coast","2021",13
16,"Aarts, Jake",6,5,5,11,1,1,0,5,1,1,0,2,1,2,0,4,8,0,0,0,0,1,81,-4,"Richmond","2021",13
7,"Baker, Liam",15,6,4,19,0,0,0,2,1,0,0,4,0,3,0,6,14,0,0,3,0,0,84,-4,"Richmond","2021",13
21,"Balta, Noah",9,4,6,15,0,0,0,0,4,1,0,2,2,0,0,3,12,1,0,3,0,0,78,-4,"Richmond","2021",13
29,"Bolton, Shai",13,3,10,23,1,1,0,4,0,8,3,5,2,1,0,10,15,0,0,1,0,3,87,-4,"Richmond","2021",13
35,"Broad, Nathan",15,8,7,22,0,0,0,2,3,0,1,2,1,0,0,7,15,0,0,5,0,0,98,-4,"Richmond","2021",13
22,"Caddy, Josh",6,2,10,16,0,1,0,2,3,1,4,2,0,0,0,7,9,0,1,0,2,0,77,-4,"Richmond","2021",13
11,"Castagna, Jason",6,3,4,10,1,0,0,0,0,1,0,3,1,1,0,2,8,0,0,1,0,0,71,-4,"Richmond","2021",13
41,"Chol, Mabior",4,2,3,7,0,0,14,7,0,2,4,4,1,3,0,4,3,0,0,5,0,0,78,-4,"Richmond","2021",13
40,"Coleman-Jones, Callum",9,7,4,13,2,1,2,0,1,1,0,1,1,1,0,7,6,3,2,2,0,0,87,-4,"Richmond","2021",13
9,"Cotchin, Trent",9,3,3,12,0,0,0,2,1,2,1,2,0,1,0,6,7,0,0,2,0,0,75,-4,"Richmond","2021",13
10,"Edwards, Shane",7,3,12,19,0,0,0,3,2,1,3,5,1,1,0,6,13,0,0,4,0,0,75,-4,"Richmond","2021",13
34,"Graham, Jack",5,3,12,17,1,0,0,5,2,0,2,1,1,1,0,5,12,0,0,0,0,1,72,-4,"Richmond","2021",13
2,"Grimes, Dylan",7,6,6,13,0,0,0,4,4,0,0,2,0,2,0,6,8,1,0,9,0,0,91,-4,"Richmond","2021",13
14,"Houli, Bachar",18,15,8,26,0,0,0,3,2,5,0,1,0,0,0,2,24,0,0,0,1,0,79,-4,"Richmond","2021",13
23,"Lambert, Kane",13,1,14,27,2,1,0,3,3,3,2,7,0,2,3,11,15,0,0,1,0,0,80,-4,"Richmond","2021",13
4,"Martin, Dustin",17,2,6,23,2,0,0,3,0,7,6,5,0,0,0,12,12,1,0,0,3,0,92,-4,"Richmond","2021",13
33,"McIntosh, Kamdyn",13,5,4,17,0,2,0,3,1,3,0,7,1,1,0,6,12,0,1,2,0,1,82,-4,"Richmond","2021",13
50,"Pickett, Marlion",7,4,10,17,0,0,2,2,1,3,3,5,0,4,0,10,8,2,0,0,0,0,83,-4,"Richmond","2021",13
45,"Ralphsmith, Hugo",0,0,0,0,0,0,0,0,0,0,0,0,0,0,0,0,0,0,0,0,0,0,0,-4,"Richmond","2021",13
8,"Riewoldt, Jack",8,4,6,14,2,2,0,1,0,2,0,4,0,0,0,7,6,1,2,0,0,1,95,-4,"Richmond","2021",13
17,"Rioli, Daniel",4,3,10,14,0,0,0,1,0,1,0,0,1,0,0,7,7,0,0,0,0,1,65,-4,"Richmond","2021",13
15,"Short, Jayden",24,15,2,26,0,0,0,0,5,2,0,3,1,0,0,2,23,0,0,2,0,0,80,-4,"Richmond","2021",13
1,"Vlastuin, Nick",18,9,5,23,0,0,0,1,4,3,0,3,1,2,0,7,13,2,0,8,0,1,91,-4,"Richmond","2021",13
