"Number","Player","Kicks","Marks","Handballs","Disposals","Goals","Behinds","Hitouts","Tackles","Rebounds50s","Inside50s","Clearances","Clangers","FreesFor","FreesAgainst","BrownlowVotes","ContestedPossessions","UncontestedPossessions","ContestedMarks","MarksInside50","OnePercenters","Bounces","GoalAssists","PercentagePlayed","PointDifference","Team","Season","Round"
18,"Atley, Shaun",12,4,8,20,0,0,0,3,2,4,1,3,3,0,0,6,14,0,0,3,2,0,89,-52,"North Melbourne","2021",1
16,"Bonar, Aiden",7,4,3,10,0,0,0,1,3,0,0,1,1,1,0,4,6,0,0,5,0,0,79,-52,"North Melbourne","2021",1
0,"Corr, Aidan",7,5,5,12,0,0,0,0,3,0,0,1,0,0,0,3,9,0,0,5,0,0,67,-52,"North Melbourne","2021",1
9,"Davies-Uniacke, Luke",11,4,9,20,1,1,0,5,2,3,2,3,1,3,0,9,14,0,0,0,0,0,79,-52,"North Melbourne","2021",1
22,"Goldstein, Todd",4,1,15,19,1,0,25,3,0,1,5,2,5,1,0,15,4,1,1,3,0,0,96,-52,"North Melbourne","2021",1
20,"Larkey, Nick",4,1,3,7,0,0,3,0,1,2,1,1,0,0,0,3,4,0,0,3,0,2,75,-52,"North Melbourne","2021",1
0,"Lazzaro, Charlie",1,1,0,1,0,0,0,1,1,0,0,1,0,0,0,0,1,0,0,0,2,0,20,-52,"North Melbourne","2021",1
1,"Mahony, Jack",11,3,3,14,1,1,0,3,0,2,2,7,3,2,0,7,10,0,1,2,0,1,89,-52,"North Melbourne","2021",1
23,"McKay, Ben",5,4,6,11,0,0,0,3,1,2,1,2,2,2,0,6,5,2,0,9,0,0,99,-52,"North Melbourne","2021",1
31,"Menadue, Connor",8,5,8,16,0,0,0,1,2,2,0,3,2,0,0,5,11,0,0,1,1,0,75,-52,"North Melbourne","2021",1
13,"Polec, Jared",13,2,9,22,0,0,0,2,3,3,3,5,2,3,0,10,11,0,0,1,0,0,85,-52,"North Melbourne","2021",1
24,"Powell, Tom",12,3,7,19,1,1,0,1,4,2,0,4,1,1,0,4,15,0,1,0,0,1,74,-52,"North Melbourne","2021",1
8,"Scott, Bailey",13,6,4,17,2,2,0,4,2,1,1,2,1,1,0,6,12,0,1,3,0,0,83,-52,"North Melbourne","2021",1
12,"Simpkin, Jy",10,2,13,23,0,0,0,2,1,4,6,4,1,2,0,13,8,0,0,0,0,1,82,-52,"North Melbourne","2021",1
2,"Stephenson, Jaidyn",17,5,16,33,0,2,0,7,4,5,5,4,3,1,0,9,22,0,1,1,1,0,76,-52,"North Melbourne","2021",1
5,"Taylor, Curtis",5,2,5,10,0,0,0,0,0,3,0,2,2,0,0,6,4,1,1,1,0,1,70,-52,"North Melbourne","2021",1
26,"Thomas, Tarryn",8,3,7,15,2,0,0,3,0,6,1,4,2,1,0,8,7,0,0,2,0,0,70,-52,"North Melbourne","2021",1
28,"Turner, Kayne",2,2,10,12,0,1,0,4,0,0,1,6,0,2,0,8,4,0,0,2,0,0,85,-52,"North Melbourne","2021",1
21,"Tyson, Dom",5,6,8,13,0,0,0,3,0,3,0,4,0,1,0,0,13,0,0,1,0,0,61,-52,"North Melbourne","2021",1
19,"Walker, Josh",6,6,1,7,1,1,0,1,0,1,0,1,0,1,0,3,4,2,2,3,0,0,90,-52,"North Melbourne","2021",1
17,"Young, Lachie",8,3,6,14,0,0,0,2,4,2,0,1,2,0,0,6,10,0,0,4,0,0,88,-52,"North Melbourne","2021",1
7,"Ziebell, Jack",19,4,6,25,0,0,0,3,10,1,0,2,2,0,0,6,9,0,0,2,0,0,83,-52,"North Melbourne","2021",1
44,"Zurhaar, Cameron",5,1,5,10,0,0,0,4,0,3,0,3,0,1,0,1,8,0,0,0,0,0,86,-52,"North Melbourne","2021",1
21,"Aliir, Aliir",11,4,3,14,0,0,0,1,6,1,0,5,1,4,0,4,8,1,0,3,0,0,96,52,"Port Adelaide","2021",1
15,"Amon, Karl",12,4,4,16,1,0,0,3,3,3,0,1,0,0,0,5,12,0,0,2,1,0,78,52,"Port Adelaide","2021",1
14,"Bergman, Miles",7,2,7,14,0,0,0,3,3,1,0,4,0,0,0,2,12,0,0,1,0,0,83,52,"Port Adelaide","2021",1
10,"Boak, Travis",17,3,10,27,2,1,0,4,1,6,7,3,3,1,3,13,13,0,0,0,0,2,71,52,"Port Adelaide","2021",1
0,"Bonner, Riley",11,2,3,14,1,0,0,1,1,5,0,3,0,1,0,3,10,0,0,1,0,1,47,52,"Port Adelaide","2021",1
3,"Burton, Ryan",12,5,7,19,0,0,0,3,7,1,1,3,2,2,0,7,8,0,0,2,0,0,79,52,"Port Adelaide","2021",1
18,"Butters, Zak",11,6,5,16,2,1,0,4,1,3,1,4,1,3,0,7,9,2,2,1,1,1,82,52,"Port Adelaide","2021",1
33,"Byrne-Jones, Darcy",13,5,6,19,0,0,0,1,5,0,2,3,1,2,0,4,11,0,0,3,2,1,81,52,"Port Adelaide","2021",1
17,"Clurey, Tom",9,8,3,12,0,0,0,2,2,0,0,0,0,0,0,6,6,3,0,8,0,0,92,52,"Port Adelaide","2021",1
22,"Dixon, Charlie",6,3,5,11,2,2,1,0,0,0,0,4,1,3,0,9,5,1,3,6,0,1,97,52,"Port Adelaide","2021",1
28,"Drew, Willem",6,1,11,17,0,0,0,11,0,2,6,5,2,3,0,10,8,0,0,0,0,0,74,52,"Port Adelaide","2021",1
7,"Duursma, Xavier",8,5,6,14,1,0,0,1,1,1,0,6,1,3,0,4,10,0,1,2,0,0,83,52,"Port Adelaide","2021",1
13,"Fantasia, Orazio",11,3,3,14,4,4,0,2,0,4,0,2,0,1,0,4,10,0,3,0,0,1,74,52,"Port Adelaide","2021",1
24,"Farrell, Kane",6,1,5,11,0,1,0,1,0,3,0,1,0,1,0,2,9,0,0,0,0,0,77,52,"Port Adelaide","2021",1
9,"Gray, Robbie",11,3,8,19,0,1,0,1,2,1,7,1,2,0,0,12,9,0,1,3,1,2,74,52,"Port Adelaide","2021",1
5,"Houston, Dan",18,3,8,26,0,1,0,1,6,6,0,5,1,1,1,9,17,0,0,4,0,1,76,52,"Port Adelaide","2021",1
1,"Jonas, Tom",5,2,4,9,0,0,0,4,1,1,0,1,0,0,0,6,2,1,0,6,0,0,93,52,"Port Adelaide","2021",1
38,"Ladhams, Peter",7,4,8,15,0,0,7,2,0,3,2,2,0,1,0,4,10,0,2,0,0,1,83,52,"Port Adelaide","2021",1
29,"Lycett, Scott",5,2,8,13,1,0,28,5,0,3,3,3,3,2,0,9,6,0,1,3,0,0,84,52,"Port Adelaide","2021",1
4,"Marshall, Todd",9,5,1,10,2,1,0,0,1,1,0,2,1,1,0,5,6,2,4,2,0,0,84,52,"Port Adelaide","2021",1
6,"Motlop, Steven",16,12,8,24,1,0,0,2,0,6,0,3,1,1,0,4,18,0,0,0,4,0,80,52,"Port Adelaide","2021",1
0,"Rockliff, Tom",3,0,8,11,0,1,0,0,0,1,2,0,1,0,0,5,7,0,0,1,0,0,36,52,"Port Adelaide","2021",1
16,"Wines, Ollie",15,5,15,30,0,0,0,2,0,8,5,8,2,3,2,13,15,0,0,0,0,0,76,52,"Port Adelaide","2021",1
