"Number","Player","Kicks","Marks","Handballs","Disposals","Goals","Behinds","Hitouts","Tackles","Rebounds50s","Inside50s","Clearances","Clangers","FreesFor","FreesAgainst","BrownlowVotes","ContestedPossessions","UncontestedPossessions","ContestedMarks","MarksInside50","OnePercenters","Bounces","GoalAssists","PercentagePlayed","PointDifference","Team","Season","Round"
15,"Anderson, Noah",20,3,10,30,0,0,0,3,5,4,5,7,0,2,0,10,22,0,0,0,1,0,85,-50,"Gold Coast","2021",14
10,"Ballard, Charlie",13,6,4,17,0,0,0,1,8,2,0,5,3,3,0,5,12,1,0,8,0,0,90,-50,"Gold Coast","2021",14
3,"Bowes, Jack",10,2,6,16,1,1,0,2,2,3,0,1,1,0,0,3,10,0,1,3,1,0,85,-50,"Gold Coast","2021",14
29,"Burgess, Chris",6,6,3,9,0,0,7,2,0,2,1,0,0,0,0,3,6,1,1,2,0,0,76,-50,"Gold Coast","2021",14
12,"Day, Sam",4,4,6,10,0,0,0,2,0,1,0,2,1,1,0,7,3,2,0,3,0,0,77,-50,"Gold Coast","2021",14
4,"Ellis, Brandon",8,3,8,16,0,0,0,3,2,3,3,3,0,0,0,7,9,0,0,1,0,0,88,-50,"Gold Coast","2021",14
0,"Fiorini, Brayden",10,6,5,15,0,0,0,3,1,3,1,2,0,0,0,3,13,0,0,4,0,0,66,-50,"Gold Coast","2021",14
26,"Flanders, Sam",7,3,9,16,0,1,0,4,0,3,0,2,0,0,0,4,12,0,1,1,0,1,81,-50,"Gold Coast","2021",14
46,"Graham, Caleb",3,4,2,5,0,0,0,2,1,0,0,1,0,0,0,1,5,0,0,9,0,0,100,-50,"Gold Coast","2021",14
1,"Greenwood, Hugh",8,3,8,16,0,0,0,14,0,2,6,4,1,1,0,10,6,1,0,1,0,1,66,-50,"Gold Coast","2021",14
39,"Holman, Nick",5,4,7,12,0,1,0,2,1,0,0,3,0,1,0,4,8,1,1,3,0,0,88,-50,"Gold Coast","2021",14
34,"King, Ben",3,1,0,3,2,0,0,0,0,1,0,2,0,1,0,1,2,0,1,2,0,0,85,-50,"Gold Coast","2021",14
23,"Lemmens, Sean",8,2,4,12,0,0,0,2,2,2,1,2,0,1,0,4,6,1,0,4,0,0,83,-50,"Gold Coast","2021",14
13,"Lukosius, Jack",21,9,1,22,0,0,0,3,8,5,0,2,2,0,0,4,12,2,0,3,0,1,84,-50,"Gold Coast","2021",14
17,"Markov, Oleg",13,7,3,16,0,0,0,3,3,2,0,4,1,2,0,4,13,1,0,1,5,0,72,-50,"Gold Coast","2021",14
11,"Miller, Touk",14,2,17,31,0,0,0,9,4,4,7,6,4,0,0,15,17,0,0,3,0,0,81,-50,"Gold Coast","2021",14
27,"Powell, Wil",11,9,9,20,0,0,0,0,5,1,0,1,0,0,0,8,12,2,0,6,0,0,89,-50,"Gold Coast","2021",14
22,"Rankine, Izak",10,2,7,17,0,1,0,1,0,5,3,6,1,3,0,10,8,0,0,3,0,0,88,-50,"Gold Coast","2021",14
18,"Rowell, Matt",8,2,13,21,0,0,0,2,0,1,7,2,3,1,0,13,9,0,0,0,0,0,79,-50,"Gold Coast","2021",14
6,"Sexton, Alex",12,8,3,15,1,0,0,1,0,6,0,1,1,0,0,4,11,0,0,2,0,0,88,-50,"Gold Coast","2021",14
32,"Smith, Zac",2,0,9,11,0,0,21,4,0,2,3,8,3,5,0,13,1,0,0,4,0,0,75,-50,"Gold Coast","2021",14
0,"Swallow, David",1,0,7,8,0,0,0,1,0,0,0,0,1,0,0,3,5,0,0,0,0,0,15,-50,"Gold Coast","2021",14
14,"Weller, Lachie",6,3,9,15,0,0,0,2,3,0,3,1,0,0,0,4,11,0,0,1,1,0,59,-50,"Gold Coast","2021",14
21,"Aliir, Aliir",12,6,8,20,0,0,0,2,7,1,0,1,0,1,0,9,12,3,0,12,0,0,91,50,"Port Adelaide","2021",14
15,"Amon, Karl",15,7,11,26,1,1,0,4,3,7,1,2,0,1,2,3,23,1,0,1,4,0,90,50,"Port Adelaide","2021",14
14,"Bergman, Miles",11,7,12,23,0,0,0,6,1,2,1,1,1,0,0,7,17,0,0,1,0,1,87,50,"Port Adelaide","2021",14
10,"Boak, Travis",13,5,12,25,0,0,0,7,2,4,6,6,0,1,0,8,17,0,0,3,0,0,83,50,"Port Adelaide","2021",14
3,"Burton, Ryan",9,3,2,11,0,0,0,2,3,0,0,3,0,1,0,0,10,0,0,4,0,0,75,50,"Port Adelaide","2021",14
33,"Byrne-Jones, Darcy",17,6,8,25,0,1,0,3,3,4,0,3,0,0,0,3,19,0,0,2,1,1,79,50,"Port Adelaide","2021",14
22,"Dixon, Charlie",7,5,9,16,2,1,3,5,0,2,2,2,2,1,0,9,7,3,3,1,0,1,96,50,"Port Adelaide","2021",14
28,"Drew, Willem",12,3,15,27,0,0,0,7,2,4,10,4,0,3,0,16,13,0,0,2,0,1,83,50,"Port Adelaide","2021",14
24,"Farrell, Kane",5,2,11,16,0,0,0,5,0,2,1,3,0,1,0,7,9,0,0,0,0,0,76,50,"Port Adelaide","2021",14
19,"Georgiades, Mitch",7,2,3,10,2,2,0,1,0,2,0,3,2,1,0,5,7,1,0,0,0,2,73,50,"Port Adelaide","2021",14
0,"Gray, Robbie",5,3,4,9,0,0,0,1,0,2,1,1,0,0,0,4,5,0,2,0,0,0,34,50,"Port Adelaide","2021",14
0,"Hartlett, Hamish",8,5,4,12,0,0,0,0,0,2,0,1,1,1,0,4,8,0,0,1,0,0,47,50,"Port Adelaide","2021",14
5,"Houston, Dan",15,5,12,27,0,0,0,1,1,2,3,4,1,1,1,13,16,0,0,2,0,1,85,50,"Port Adelaide","2021",14
1,"Jonas, Tom",12,6,6,18,0,0,0,2,4,1,0,1,2,0,0,7,10,1,0,7,0,0,96,50,"Port Adelaide","2021",14
34,"Jones, Lachie",3,2,6,9,0,0,0,1,0,3,0,3,0,0,0,1,8,0,0,1,0,0,41,50,"Port Adelaide","2021",14
38,"Ladhams, Peter",5,3,10,15,0,1,14,6,0,2,3,2,2,1,0,11,5,3,0,3,0,0,74,50,"Port Adelaide","2021",14
40,"Lienert, Jarrod",14,4,6,20,1,0,0,0,6,1,0,2,1,0,0,4,16,0,0,4,0,0,77,50,"Port Adelaide","2021",14
29,"Lycett, Scott",7,4,10,17,1,0,22,1,1,2,3,4,1,2,0,13,5,1,1,3,0,0,81,50,"Port Adelaide","2021",14
12,"McKenzie, Trent",12,8,4,16,0,0,0,1,5,0,0,1,2,0,0,4,10,1,0,5,0,0,93,50,"Port Adelaide","2021",14
6,"Motlop, Steven",16,9,10,26,2,0,0,2,3,4,0,5,1,2,0,5,22,1,4,0,3,2,85,50,"Port Adelaide","2021",14
2,"Powell-Pepper, Sam",9,6,6,15,0,1,0,3,0,2,1,5,0,2,0,2,11,0,1,0,0,0,79,50,"Port Adelaide","2021",14
20,"Rozee, Connor",9,3,10,19,3,1,0,4,1,2,2,2,3,1,0,7,14,0,2,2,0,0,95,50,"Port Adelaide","2021",14
16,"Wines, Ollie",24,8,19,43,0,0,0,6,3,6,5,11,2,2,3,16,26,1,0,2,0,1,79,50,"Port Adelaide","2021",14
