"Number","Player","Kicks","Marks","Handballs","Disposals","Goals","Behinds","Hitouts","Tackles","Rebounds50s","Inside50s","Clearances","Clangers","FreesFor","FreesAgainst","BrownlowVotes","ContestedPossessions","UncontestedPossessions","ContestedMarks","MarksInside50","OnePercenters","Bounces","GoalAssists","PercentagePlayed","PointDifference","Team","Season","Round"
21,"Aliir, Aliir",7,5,3,10,0,0,5,1,3,0,1,1,1,1,0,7,3,3,1,3,0,0,83,-31,"Port Adelaide","2021",17
15,"Amon, Karl",22,8,6,28,1,0,0,5,3,8,2,6,2,0,0,5,18,0,0,1,0,1,87,-31,"Port Adelaide","2021",17
14,"Bergman, Miles",9,8,6,15,0,0,0,0,3,1,0,1,0,1,0,4,11,0,0,0,0,0,82,-31,"Port Adelaide","2021",17
10,"Boak, Travis",10,4,15,25,0,0,0,6,0,4,8,3,3,2,0,14,14,0,0,1,0,2,80,-31,"Port Adelaide","2021",17
3,"Burton, Ryan",11,9,3,14,0,0,0,1,5,1,0,1,0,0,0,3,11,0,0,2,0,0,64,-31,"Port Adelaide","2021",17
0,"Butters, Zak",6,4,4,10,0,0,0,3,0,1,2,3,1,1,0,3,7,0,0,0,0,0,50,-31,"Port Adelaide","2021",17
33,"Byrne-Jones, Darcy",5,1,8,13,0,0,0,2,1,1,1,1,1,0,0,6,7,0,0,1,1,0,81,-31,"Port Adelaide","2021",17
17,"Clurey, Tom",7,3,3,10,0,0,0,4,1,0,0,3,0,2,0,6,3,3,0,6,0,0,80,-31,"Port Adelaide","2021",17
22,"Dixon, Charlie",9,6,5,14,2,0,4,1,0,2,1,2,1,0,0,11,3,4,1,1,0,0,100,-31,"Port Adelaide","2021",17
28,"Drew, Willem",11,4,10,21,0,0,0,6,1,4,2,4,1,1,0,12,10,1,0,2,0,0,88,-31,"Port Adelaide","2021",17
0,"Frederick, Martin",1,0,1,2,0,0,0,0,0,1,0,0,0,0,0,1,2,0,0,0,0,0,23,-31,"Port Adelaide","2021",17
19,"Georgiades, Mitch",7,5,0,7,2,1,0,2,0,3,0,3,0,1,0,4,3,3,3,1,0,0,77,-31,"Port Adelaide","2021",17
5,"Houston, Dan",10,5,4,14,0,0,0,1,2,1,1,1,0,0,0,3,9,0,0,0,0,0,84,-31,"Port Adelaide","2021",17
1,"Jonas, Tom",10,3,2,12,0,0,0,1,2,2,0,1,2,0,0,6,2,1,0,10,0,1,98,-31,"Port Adelaide","2021",17
40,"Lienert, Jarrod",12,3,3,15,0,0,0,2,5,3,0,2,0,1,0,2,8,0,0,4,0,0,77,-31,"Port Adelaide","2021",17
29,"Lycett, Scott",5,1,10,15,0,0,21,7,1,2,4,3,1,2,0,10,5,0,0,5,0,0,81,-31,"Port Adelaide","2021",17
4,"Marshall, Todd",6,2,1,7,0,0,0,0,0,2,0,2,1,0,0,4,2,1,1,1,0,0,79,-31,"Port Adelaide","2021",17
32,"Mayes, Sam",3,1,6,9,0,0,0,5,0,1,1,3,0,1,0,3,6,1,0,2,0,0,75,-31,"Port Adelaide","2021",17
12,"McKenzie, Trent",13,6,1,14,1,0,0,1,4,2,0,0,0,0,0,4,5,2,0,5,0,0,83,-31,"Port Adelaide","2021",17
6,"Motlop, Steven",7,1,8,15,0,1,0,6,0,2,0,2,2,1,0,5,10,0,0,1,0,0,85,-31,"Port Adelaide","2021",17
2,"Powell-Pepper, Sam",10,3,8,18,0,1,0,3,0,2,5,4,2,4,0,11,9,1,1,0,0,0,66,-31,"Port Adelaide","2021",17
20,"Rozee, Connor",3,2,3,6,1,1,0,2,0,2,0,1,0,0,0,2,4,0,1,1,0,0,93,-31,"Port Adelaide","2021",17
16,"Wines, Ollie",14,3,19,33,1,1,0,2,1,3,5,2,1,0,0,16,17,1,0,1,0,0,87,-31,"Port Adelaide","2021",17
10,"Brayshaw, Angus",6,2,10,16,0,0,0,5,4,1,3,5,0,2,0,10,6,1,0,1,0,0,89,31,"Melbourne","2021",17
50,"Brown, Ben",10,4,0,10,0,0,0,3,0,5,0,0,1,0,0,4,5,0,0,3,0,0,75,31,"Melbourne","2021",17
31,"Fritsch, Bayley",3,3,5,8,1,1,0,0,0,4,0,2,0,0,0,5,4,1,1,0,0,2,86,31,"Melbourne","2021",17
11,"Gawn, Max",15,5,3,18,0,2,31,2,1,5,4,1,1,0,0,8,10,2,1,5,0,0,87,31,"Melbourne","2021",17
4,"Harmes, James",3,2,12,15,0,0,0,7,0,2,2,5,1,2,0,7,9,0,0,0,0,0,69,31,"Melbourne","2021",17
14,"Hibberd, Michael",8,4,6,14,0,0,0,1,4,0,0,0,1,0,0,6,8,0,0,2,0,0,97,31,"Melbourne","2021",17
29,"Hunt, Jayden",9,1,0,9,0,1,0,3,2,3,1,2,2,2,0,7,3,0,0,1,0,0,65,31,"Melbourne","2021",17
6,"Jackson, Luke",2,1,6,8,1,0,9,0,0,0,0,1,0,0,0,4,4,1,1,1,0,1,67,31,"Melbourne","2021",17
23,"Jordon, James",11,2,10,21,0,0,0,4,1,3,2,1,1,0,0,9,13,0,0,0,0,1,75,31,"Melbourne","2021",17
15,"Langdon, Ed",16,6,8,24,0,2,0,1,4,2,1,3,1,1,0,7,16,0,0,0,1,0,89,31,"Melbourne","2021",17
8,"Lever, Jake",6,6,4,10,0,0,0,3,3,0,0,1,1,0,0,5,6,2,0,7,0,0,100,31,"Melbourne","2021",17
1,"May, Steven",19,9,2,21,0,1,0,0,4,1,0,2,0,1,0,4,11,2,0,6,0,0,100,31,"Melbourne","2021",17
25,"McDonald, Tom",12,8,7,19,3,2,2,3,0,1,1,4,1,3,2,8,11,3,3,3,0,2,86,31,"Melbourne","2021",17
30,"Neal-Bullen, Alex",5,0,6,11,0,0,0,4,0,4,1,1,1,1,0,8,5,0,0,1,0,1,67,31,"Melbourne","2021",17
13,"Oliver, Clayton",14,4,17,31,0,1,0,4,3,1,12,4,2,3,1,21,10,1,1,0,0,0,90,31,"Melbourne","2021",17
5,"Petracca, Christian",22,8,11,33,3,1,0,6,1,6,7,3,1,1,3,13,20,0,2,0,0,0,91,31,"Melbourne","2021",17
35,"Petty, Harry",10,7,2,12,0,0,0,1,3,0,0,0,0,0,0,4,7,1,0,8,0,0,91,31,"Melbourne","2021",17
36,"Pickett, Kysaiah",6,3,3,9,3,0,0,9,0,2,1,2,0,0,0,5,4,1,1,0,0,0,74,31,"Melbourne","2021",17
24,"Rivers, Trent",5,1,4,9,0,0,0,0,0,0,0,0,0,0,0,5,4,0,0,2,0,0,62,31,"Melbourne","2021",17
3,"Salem, Christian",21,8,5,26,0,0,0,2,8,2,1,3,3,0,0,4,20,0,0,0,0,1,86,31,"Melbourne","2021",17
9,"Spargo, Charlie",9,4,4,13,1,0,0,1,0,2,0,3,1,2,0,4,9,0,1,0,0,0,68,31,"Melbourne","2021",17
32,"Sparrow, Tom",0,0,0,0,0,0,0,0,0,0,0,0,0,0,0,0,0,0,0,0,0,0,0,31,"Melbourne","2021",17
7,"Viney, Jack",8,0,10,18,0,0,0,10,1,1,1,5,0,1,0,8,9,0,0,2,0,0,89,31,"Melbourne","2021",17
