"Number","Player","Kicks","Marks","Handballs","Disposals","Goals","Behinds","Hitouts","Tackles","Rebounds50s","Inside50s","Clearances","Clangers","FreesFor","FreesAgainst","BrownlowVotes","ContestedPossessions","UncontestedPossessions","ContestedMarks","MarksInside50","OnePercenters","Bounces","GoalAssists","PercentagePlayed","PointDifference","Team","Season","Round"
11,"Aish, James",11,4,8,19,0,0,0,4,4,3,5,5,0,1,0,7,13,0,0,1,0,1,86,4,"Fremantle","2021",20
0,"Banfield, Bailey",1,1,2,3,0,1,0,1,0,0,0,1,0,0,0,2,2,0,0,1,0,1,29,4,"Fremantle","2021",20
0,"Blakely, Connor",9,7,8,17,0,0,0,1,2,1,1,1,0,1,0,5,13,0,0,1,0,1,57,4,"Fremantle","2021",20
8,"Brayshaw, Andrew",17,5,22,39,0,0,0,12,5,4,8,4,1,1,3,15,23,0,0,3,0,0,84,4,"Fremantle","2021",20
5,"Cerra, Adam",21,8,12,33,0,1,0,6,4,9,3,8,2,0,2,11,23,0,0,1,0,0,79,4,"Fremantle","2021",20
33,"Colyer, Travis",12,5,2,14,1,3,0,0,0,4,0,1,0,0,0,4,10,1,0,1,0,1,90,4,"Fremantle","2021",20
12,"Crowden, Mitch",5,2,8,13,0,0,0,4,0,1,0,1,1,0,0,4,9,0,0,1,0,0,89,4,"Fremantle","2021",20
4,"Darcy, Sean",8,4,9,17,0,2,18,4,1,3,3,5,1,2,0,12,6,4,2,4,0,0,88,4,"Fremantle","2021",20
23,"Henry, Liam",11,5,2,13,0,0,0,1,1,0,2,5,1,2,0,4,10,0,0,0,1,0,91,4,"Fremantle","2021",20
2,"Logue, Griffin",8,3,2,10,0,0,0,1,4,0,0,1,0,0,0,3,7,1,0,8,0,0,100,4,"Fremantle","2021",20
22,"Meek, Lloyd",2,1,4,6,0,1,9,1,0,0,2,3,1,1,0,6,0,1,1,3,0,0,44,4,"Fremantle","2021",20
16,"Mundy, David",11,2,18,29,0,0,0,3,4,2,5,0,1,0,0,14,16,0,0,1,0,0,76,4,"Fremantle","2021",20
13,"Ryan, Luke",26,7,1,27,0,0,0,1,10,2,0,4,2,0,0,4,16,0,0,4,0,0,96,4,"Fremantle","2021",20
28,"Schultz, Lachie",5,3,5,10,2,0,0,3,0,0,0,1,2,1,0,8,3,2,1,4,0,0,87,4,"Fremantle","2021",20
3,"Serong, Caleb",13,1,7,20,1,0,0,3,0,1,3,2,1,0,0,6,15,0,1,0,0,0,66,4,"Fremantle","2021",20
20,"Taberner, Matthew",11,5,1,12,3,1,0,1,0,3,0,4,1,0,0,4,8,0,3,1,0,0,89,4,"Fremantle","2021",20
35,"Treacy, Josh",2,1,4,6,0,0,1,0,0,0,0,0,1,0,0,5,2,0,0,2,0,0,80,4,"Fremantle","2021",20
18,"Tucker, Darcy",6,2,7,13,0,1,0,2,1,1,2,2,0,0,0,3,10,0,0,0,0,0,84,4,"Fremantle","2021",20
31,"Walker, Brandon",3,2,2,5,0,0,0,1,1,1,0,1,0,1,0,2,4,0,0,2,0,0,62,4,"Fremantle","2021",20
38,"Watson, Tobe",8,5,4,12,0,0,0,0,1,1,0,1,1,0,0,1,11,0,0,2,0,0,86,4,"Fremantle","2021",20
34,"Western, Joel",3,1,7,10,0,0,0,3,0,2,0,2,1,1,0,6,4,0,0,0,1,0,67,4,"Fremantle","2021",20
14,"Wilson, Nathan",12,3,4,16,0,1,0,2,6,1,0,2,1,1,0,6,9,0,0,5,2,0,85,4,"Fremantle","2021",20
26,"Young, Hayden",11,3,12,23,0,0,0,1,1,2,1,1,2,0,0,8,14,1,0,3,0,1,84,4,"Fremantle","2021",20
16,"Aarts, Jake",4,2,2,6,0,0,0,1,0,1,0,3,0,1,0,3,3,0,1,2,0,0,67,-4,"Richmond","2021",20
12,"Astbury, David",11,8,5,16,0,0,0,2,5,2,0,3,0,1,0,3,10,2,0,7,0,0,92,-4,"Richmond","2021",20
7,"Baker, Liam",11,0,11,22,0,1,0,2,0,4,2,3,1,1,0,13,10,0,0,3,0,1,84,-4,"Richmond","2021",20
29,"Bolton, Shai",5,1,7,12,0,3,0,5,0,1,0,4,0,2,0,5,8,0,1,3,2,1,75,-4,"Richmond","2021",20
22,"Caddy, Josh",0,0,0,0,0,0,0,0,0,0,0,0,0,0,0,0,0,0,0,0,0,0,0,-4,"Richmond","2021",20
11,"Castagna, Jason",6,4,9,15,0,1,0,3,0,2,0,3,1,1,0,3,11,0,0,1,0,0,86,-4,"Richmond","2021",20
41,"Chol, Mabior",6,4,2,8,0,0,6,1,2,1,0,4,1,1,0,2,8,1,0,2,0,0,55,-4,"Richmond","2021",20
9,"Cotchin, Trent",16,3,16,32,0,0,0,3,1,6,4,8,1,1,1,11,19,0,1,4,0,0,84,-4,"Richmond","2021",20
10,"Edwards, Shane",6,4,10,16,0,0,0,2,0,1,3,0,1,0,0,7,11,0,0,2,1,0,84,-4,"Richmond","2021",20
42,"Garthwaite, Ryan",11,3,2,13,0,0,0,1,1,1,0,2,0,0,0,1,11,0,0,7,0,0,89,-4,"Richmond","2021",20
34,"Graham, Jack",10,2,8,18,0,0,0,3,0,5,1,3,0,2,0,5,13,0,1,1,0,0,86,-4,"Richmond","2021",20
2,"Grimes, Dylan",3,4,8,11,0,0,0,4,0,1,0,1,1,0,0,3,7,1,0,9,0,0,89,-4,"Richmond","2021",20
23,"Lambert, Kane",10,3,8,18,1,0,0,4,2,5,1,4,0,1,0,5,11,0,1,2,0,1,80,-4,"Richmond","2021",20
19,"Lynch, Tom",8,5,6,14,1,2,2,0,0,3,0,3,0,1,0,5,9,1,3,1,0,1,96,-4,"Richmond","2021",20
31,"Mansell, Rhyan",8,3,6,14,1,0,0,1,3,1,1,2,1,2,0,4,9,0,0,0,0,0,78,-4,"Richmond","2021",20
25,"Nankervis, Toby",5,4,10,15,0,0,17,4,2,1,4,3,2,2,0,7,8,1,0,9,0,0,68,-4,"Richmond","2021",20
37,"Parker, Matthew",5,2,7,12,2,2,0,4,0,1,2,1,1,1,0,4,8,0,1,1,0,1,80,-4,"Richmond","2021",20
3,"Prestia, Dion",11,5,20,31,0,0,0,5,1,4,1,5,1,0,0,10,22,0,1,1,0,0,80,-4,"Richmond","2021",20
8,"Riewoldt, Jack",8,5,1,9,1,2,0,1,0,2,0,1,1,1,0,4,4,2,3,1,0,0,90,-4,"Richmond","2021",20
17,"Rioli, Daniel",11,3,9,20,0,0,0,3,0,5,0,7,0,1,0,7,13,0,0,0,0,0,83,-4,"Richmond","2021",20
5,"Ross, Jack",4,4,9,13,0,0,0,1,1,0,0,1,0,0,0,3,11,0,0,3,0,0,85,-4,"Richmond","2021",20
15,"Short, Jayden",22,5,5,27,0,0,0,0,11,2,1,5,0,1,0,2,18,0,0,1,1,0,91,-4,"Richmond","2021",20
44,"Stack, Sydney",11,10,14,25,0,0,0,2,5,2,0,0,0,0,0,7,17,1,0,3,0,0,78,-4,"Richmond","2021",20
