"Number","Player","Kicks","Marks","Handballs","Disposals","Goals","Behinds","Hitouts","Tackles","Rebounds50s","Inside50s","Clearances","Clangers","FreesFor","FreesAgainst","BrownlowVotes","ContestedPossessions","UncontestedPossessions","ContestedMarks","MarksInside50","OnePercenters","Bounces","GoalAssists","PercentagePlayed","PointDifference","Team","Season","Round"
18,"Atley, Shaun",13,7,9,22,0,0,0,2,2,3,0,1,0,0,0,3,19,0,0,1,0,0,92,-18,"North Melbourne","2021",8
0,"Bonar, Aiden",8,2,2,10,0,0,0,2,3,0,1,3,1,2,0,3,7,0,0,3,0,0,54,-18,"North Melbourne","2021",8
42,"Campbell, Tom",8,8,11,19,1,0,0,3,0,3,1,0,0,0,0,9,9,2,1,2,0,1,67,-18,"North Melbourne","2021",8
10,"Cunnington, Ben",9,6,12,21,0,1,0,2,0,4,6,2,1,1,0,10,11,0,1,1,0,1,86,-18,"North Melbourne","2021",8
9,"Davies-Uniacke, Luke",11,3,7,18,0,0,0,3,0,5,0,5,0,1,0,7,13,0,0,3,1,3,85,-18,"North Melbourne","2021",8
22,"Goldstein, Todd",10,5,7,17,0,1,20,1,0,3,4,4,3,1,0,7,9,0,2,6,0,1,94,-18,"North Melbourne","2021",8
43,"Hall, Aaron",30,8,7,37,0,1,0,1,7,6,0,4,0,0,1,6,24,0,0,2,0,0,85,-18,"North Melbourne","2021",8
20,"Larkey, Nick",3,3,5,8,0,0,0,3,0,2,0,0,1,0,0,1,7,0,1,2,0,0,87,-18,"North Melbourne","2021",8
35,"Lazzaro, Charlie",7,3,4,11,1,0,0,2,1,3,0,2,0,2,0,2,12,0,1,1,0,0,80,-18,"North Melbourne","2021",8
1,"Mahony, Jack",7,4,3,10,2,0,0,4,2,0,1,1,1,1,0,4,8,0,3,0,0,0,56,-18,"North Melbourne","2021",8
23,"McKay, Ben",8,9,9,17,0,0,0,4,4,2,0,2,1,0,0,6,11,2,0,7,0,0,100,-18,"North Melbourne","2021",8
31,"Menadue, Connor",12,6,13,25,0,0,0,3,3,3,1,3,2,1,0,10,15,1,0,1,0,0,73,-18,"North Melbourne","2021",8
0,"Phillips, Will",0,0,1,1,0,0,0,1,0,0,0,0,0,0,0,0,1,0,0,0,0,0,20,-18,"North Melbourne","2021",8
24,"Powell, Tom",8,3,8,16,0,0,0,2,2,1,1,0,1,0,0,6,10,0,0,0,0,0,80,-18,"North Melbourne","2021",8
12,"Simpkin, Jy",8,3,8,16,0,1,0,1,0,2,3,5,1,1,0,9,10,0,0,3,1,0,82,-18,"North Melbourne","2021",8
2,"Stephenson, Jaidyn",11,6,8,19,2,2,0,1,1,4,0,2,2,1,0,7,13,0,1,0,1,0,83,-18,"North Melbourne","2021",8
5,"Taylor, Curtis",4,1,5,9,0,0,0,1,0,0,0,0,0,0,0,2,8,0,0,0,0,0,76,-18,"North Melbourne","2021",8
26,"Thomas, Tarryn",11,5,4,15,2,1,0,2,0,7,2,3,1,1,0,5,11,0,1,1,3,1,79,-18,"North Melbourne","2021",8
28,"Turner, Kayne",9,4,6,15,1,0,0,3,1,2,1,4,1,0,0,4,12,0,0,1,0,0,83,-18,"North Melbourne","2021",8
19,"Walker, Josh",7,5,5,12,0,0,0,0,2,1,0,2,1,0,0,1,10,0,0,2,0,0,92,-18,"North Melbourne","2021",8
17,"Young, Lachie",12,7,5,17,0,1,0,3,2,2,1,7,2,3,0,4,13,1,1,5,0,0,75,-18,"North Melbourne","2021",8
7,"Ziebell, Jack",20,7,10,30,0,0,0,0,8,0,0,5,0,2,0,8,17,1,0,4,1,0,87,-18,"North Melbourne","2021",8
44,"Zurhaar, Cameron",11,5,2,13,2,2,0,0,0,2,2,4,2,1,0,5,8,2,4,2,0,1,83,-18,"North Melbourne","2021",8
0,"Brown, Callum",2,2,4,6,0,0,0,1,0,0,0,0,0,0,0,2,4,0,0,0,0,0,25,18,"Collingwood","2021",8
6,"Brown, Tyler",7,2,11,18,0,0,0,3,2,1,3,2,0,1,0,9,10,1,0,1,0,0,80,18,"Collingwood","2021",8
14,"Cameron, Darcy",10,5,4,14,3,1,2,1,1,3,1,1,1,1,0,10,5,2,2,3,0,1,78,18,"Collingwood","2021",8
25,"Crisp, Jack",20,9,11,31,0,0,0,4,3,8,2,5,1,0,2,9,22,0,0,2,0,3,86,18,"Collingwood","2021",8
7,"Daicos, Josh",9,1,15,24,0,1,0,3,1,2,2,2,0,0,0,6,18,0,0,0,0,0,79,18,"Collingwood","2021",8
2,"de Goey, Jordan",12,6,5,17,6,3,0,1,0,2,0,2,2,1,3,9,9,3,6,0,0,0,85,18,"Collingwood","2021",8
4,"Grundy, Brodie",10,5,15,25,0,1,23,5,2,2,5,4,2,3,0,10,15,0,0,3,1,0,86,18,"Collingwood","2021",8
35,"Henry, Oliver",5,3,5,10,0,0,0,0,0,2,0,3,1,0,0,4,7,0,1,1,0,1,72,18,"Collingwood","2021",8
32,"Hoskin-Elliott, Will",8,5,3,11,1,0,0,0,1,5,1,0,0,0,0,3,8,1,0,1,0,0,76,18,"Collingwood","2021",8
11,"Keane, Mark",6,5,15,21,0,1,0,1,3,1,0,5,0,1,0,8,13,0,1,3,0,0,79,18,"Collingwood","2021",8
37,"Maynard, Brayden",20,10,12,32,0,0,0,2,4,2,0,3,0,1,0,4,24,1,0,6,1,0,93,18,"Collingwood","2021",8
16,"Mayne, Chris",16,7,12,28,0,0,0,3,4,1,0,0,1,0,0,4,21,1,0,2,1,0,82,18,"Collingwood","2021",8
31,"McCreery, Beau",2,0,2,4,0,0,0,6,0,0,0,2,0,1,0,2,2,0,0,3,0,0,78,18,"Collingwood","2021",8
41,"Mihocek, Brody",6,4,2,8,2,0,0,2,0,2,0,2,0,0,0,3,4,1,1,0,0,1,85,18,"Collingwood","2021",8
30,"Moore, Darcy",19,19,9,28,0,0,0,2,4,3,0,2,0,2,0,4,23,1,0,3,0,1,92,18,"Collingwood","2021",8
0,"Murphy, Nathan",8,2,5,13,0,0,0,0,1,3,0,1,2,1,0,4,8,0,0,1,0,0,54,18,"Collingwood","2021",8
9,"Noble, John",19,4,12,31,0,0,0,3,2,3,0,6,2,2,0,2,29,0,0,2,0,0,81,18,"Collingwood","2021",8
10,"Pendlebury, Scott",11,5,10,21,2,0,0,2,0,3,6,5,0,1,0,7,14,0,0,0,0,0,82,18,"Collingwood","2021",8
27,"Poulter, Caleb",12,4,6,18,0,0,0,1,2,2,0,0,2,0,0,7,11,0,0,0,0,0,87,18,"Collingwood","2021",8
3,"Quaynor, Isaac",16,10,7,23,0,0,0,1,8,2,0,2,0,0,0,3,18,0,0,3,0,0,88,18,"Collingwood","2021",8
23,"Roughead, Jordan",2,1,6,8,0,0,0,0,0,1,0,1,0,1,0,5,4,0,0,8,0,0,75,18,"Collingwood","2021",8
22,"Sidebottom, Steele",14,2,8,22,0,0,0,5,4,3,8,7,1,5,0,12,10,0,0,1,0,1,85,18,"Collingwood","2021",8
24,"Thomas, Josh",6,1,8,14,0,0,0,3,2,1,1,1,3,0,0,6,9,0,0,1,0,1,72,18,"Collingwood","2021",8
