"Number","Player","Kicks","Marks","Handballs","Disposals","Goals","Behinds","Hitouts","Tackles","Rebounds50s","Inside50s","Clearances","Clangers","FreesFor","FreesAgainst","BrownlowVotes","ContestedPossessions","UncontestedPossessions","ContestedMarks","MarksInside50","OnePercenters","Bounces","GoalAssists","PercentagePlayed","PointDifference","Team","Season","Round"
10,"Brayshaw, Angus",7,3,12,19,1,1,0,4,1,4,1,2,0,1,0,9,11,0,1,2,0,0,84,0,"Melbourne","2021",18
50,"Brown, Ben",6,6,6,12,1,2,0,1,0,2,0,1,0,1,0,8,4,3,2,1,0,0,86,0,"Melbourne","2021",18
31,"Fritsch, Bayley",11,6,2,13,3,1,0,3,0,2,0,4,1,2,0,4,8,0,4,1,0,0,76,0,"Melbourne","2021",18
11,"Gawn, Max",14,4,1,15,0,0,28,4,1,3,4,4,1,2,0,7,7,2,1,5,0,0,83,0,"Melbourne","2021",18
14,"Hibberd, Michael",10,3,8,18,0,0,0,3,6,2,1,4,1,0,0,6,12,0,0,5,0,0,88,0,"Melbourne","2021",18
29,"Hunt, Jayden",12,3,4,16,1,1,0,1,3,3,1,1,0,0,0,5,10,0,0,1,1,0,72,0,"Melbourne","2021",18
6,"Jackson, Luke",1,1,6,7,0,1,9,1,0,0,0,1,0,1,0,4,3,0,1,1,0,0,76,0,"Melbourne","2021",18
23,"Jordon, James",11,4,9,20,0,0,0,2,1,1,3,4,1,1,0,5,14,0,0,2,0,0,82,0,"Melbourne","2021",18
15,"Langdon, Ed",10,4,11,21,0,1,0,2,3,2,3,3,0,0,0,9,13,0,0,0,0,0,94,0,"Melbourne","2021",18
8,"Lever, Jake",10,6,7,17,0,0,0,1,7,1,0,1,1,0,0,9,7,1,0,14,0,0,100,0,"Melbourne","2021",18
1,"May, Steven",12,3,1,13,0,0,0,0,7,0,0,3,0,1,0,2,6,1,0,7,0,0,100,0,"Melbourne","2021",18
25,"McDonald, Tom",9,3,1,10,1,0,1,1,0,2,0,1,0,1,0,2,7,0,1,3,0,0,79,0,"Melbourne","2021",18
30,"Neal-Bullen, Alex",10,3,3,13,1,0,0,4,0,3,1,2,0,1,0,4,9,0,1,0,0,0,76,0,"Melbourne","2021",18
13,"Oliver, Clayton",19,6,16,35,0,0,0,6,0,6,9,6,1,2,2,16,17,0,0,1,0,1,88,0,"Melbourne","2021",18
5,"Petracca, Christian",10,1,23,33,0,1,0,3,0,8,9,1,1,1,0,23,11,0,0,3,0,1,90,0,"Melbourne","2021",18
35,"Petty, Harry",8,5,1,9,0,0,0,1,0,1,0,2,0,1,0,4,5,3,0,9,0,0,82,0,"Melbourne","2021",18
36,"Pickett, Kysaiah",6,3,8,14,2,1,0,3,1,1,1,3,0,1,0,6,8,0,1,3,0,0,80,0,"Melbourne","2021",18
24,"Rivers, Trent",8,4,4,12,0,0,0,1,3,2,1,2,0,0,0,5,7,1,0,5,0,0,73,0,"Melbourne","2021",18
3,"Salem, Christian",13,4,12,25,0,0,0,2,3,3,0,4,2,1,0,7,16,0,0,0,0,1,85,0,"Melbourne","2021",18
9,"Spargo, Charlie",10,5,1,11,1,1,0,2,0,3,0,0,1,0,0,3,8,0,2,1,0,1,64,0,"Melbourne","2021",18
32,"Sparrow, Tom",0,0,0,0,0,0,0,0,0,0,0,0,0,0,0,0,0,0,0,0,0,0,0,0,"Melbourne","2021",18
22,"Vandenberg, Aaron",10,2,6,16,0,0,0,4,3,4,1,3,0,2,0,3,13,0,0,1,0,1,65,0,"Melbourne","2021",18
7,"Viney, Jack",14,1,18,32,0,0,0,11,0,5,6,9,5,3,1,17,14,0,0,1,0,0,78,0,"Melbourne","2021",18
16,"Bramble, Lachlan",10,2,8,18,0,0,0,5,4,2,2,1,1,0,0,5,11,0,0,3,2,0,88,0,"Hawthorn","2021",18
22,"Breust, Luke",9,3,5,14,3,1,0,5,0,5,0,1,1,0,0,4,11,0,0,1,0,2,82,0,"Hawthorn","2021",18
42,"Brockman, Tyler",5,0,2,7,0,1,0,4,0,1,0,3,0,1,0,4,3,0,0,1,0,2,81,0,"Hawthorn","2021",18
9,"Burgoyne, Shaun",10,2,3,13,0,0,0,9,3,0,0,0,0,0,0,2,7,1,0,2,0,0,83,0,"Hawthorn","2021",18
24,"Cousins, James",13,1,7,20,0,0,0,5,0,7,3,4,0,0,0,11,7,0,0,2,3,2,78,0,"Hawthorn","2021",18
8,"Frost, Sam",12,4,2,14,0,0,0,5,6,0,0,6,1,0,0,6,5,0,0,7,0,0,86,0,"Hawthorn","2021",18
38,"Grainger-Barras, Denver",8,6,2,10,0,0,0,1,2,0,0,2,0,0,0,2,9,0,0,4,0,0,76,0,"Hawthorn","2021",18
30,"Greaves, Damon",11,3,1,12,0,0,0,3,4,2,1,1,3,0,0,4,6,0,0,4,0,0,77,0,"Hawthorn","2021",18
28,"Hartigan, Kyle",7,3,3,10,0,0,0,3,3,1,1,2,1,1,0,4,8,0,0,6,0,0,100,0,"Hawthorn","2021",18
17,"Howe, Daniel",9,2,5,14,1,0,0,3,2,0,2,5,1,2,0,10,6,0,0,5,0,0,81,0,"Hawthorn","2021",18
39,"Jeka, Emerson",1,0,5,6,0,0,0,0,0,1,0,0,1,0,0,4,2,0,0,0,0,0,72,0,"Hawthorn","2021",18
34,"Koschitzke, Jacob",3,2,2,5,1,2,0,2,0,1,0,2,1,1,0,2,3,0,2,2,0,0,88,0,"Hawthorn","2021",18
2,"Lewis, Mitch",7,4,5,12,2,0,1,2,0,3,0,1,0,0,0,3,8,1,2,0,0,1,83,0,"Hawthorn","2021",18
7,"McEvoy, Ben",7,4,6,13,1,0,14,3,1,3,0,5,1,1,0,8,7,1,1,9,0,0,85,0,"Hawthorn","2021",18
3,"Mitchell, Tom",22,6,17,39,1,1,0,6,6,5,6,4,1,2,3,19,19,0,1,1,0,0,85,0,"Hawthorn","2021",18
36,"Moore, Dylan",4,1,8,12,1,0,0,6,1,3,1,1,1,0,0,8,3,0,0,0,0,1,76,0,"Hawthorn","2021",18
44,"Newcombe, Jai",0,0,0,0,0,0,0,0,0,0,0,0,0,0,0,0,0,0,0,0,0,0,0,0,"Hawthorn","2021",18
23,"OBrien, Tim",9,2,2,11,0,0,0,2,4,0,0,3,1,0,0,1,5,0,0,10,0,0,90,0,"Hawthorn","2021",18
10,"OMeara, Jaeger",13,1,12,25,0,1,0,6,1,3,5,4,1,0,0,9,11,0,0,1,0,0,81,0,"Hawthorn","2021",18
21,"Phillips, Tom",13,5,12,25,1,0,0,3,1,0,1,2,2,0,0,8,17,0,0,0,0,0,89,0,"Hawthorn","2021",18
37,"Reeves, Ned",6,0,3,9,0,0,19,1,1,0,3,1,2,0,0,5,4,0,0,9,0,0,63,0,"Hawthorn","2021",18
26,"Shiels, Liam",18,3,6,24,0,0,0,6,3,8,4,9,3,6,0,10,12,0,0,1,0,0,76,0,"Hawthorn","2021",18
5,"Worpel, James",16,3,13,29,1,0,0,1,4,5,5,3,0,1,0,10,16,0,0,1,3,0,79,0,"Hawthorn","2021",18
