"Number","Player","Kicks","Marks","Handballs","Disposals","Goals","Behinds","Hitouts","Tackles","Rebounds50s","Inside50s","Clearances","Clangers","FreesFor","FreesAgainst","BrownlowVotes","ContestedPossessions","UncontestedPossessions","ContestedMarks","MarksInside50","OnePercenters","Bounces","GoalAssists","PercentagePlayed","PointDifference","Team","Season","Round"
19,"Betts, Eddie",3,1,1,4,1,1,0,2,0,0,0,2,0,2,0,2,3,0,0,3,0,0,78,45,"Carlton","2021",3
41,"Casboult, Levi",5,4,4,9,0,1,7,2,1,1,1,6,1,2,0,6,3,1,1,3,0,1,88,45,"Carlton","2021",3
46,"Cottrell, Matthew",8,3,6,14,0,0,0,3,1,3,1,3,1,2,0,3,11,0,0,4,0,0,77,45,"Carlton","2021",3
9,"Cripps, Patrick",15,6,19,34,2,0,0,3,1,2,11,6,6,2,2,18,17,1,0,3,0,0,86,45,"Carlton","2021",3
35,"Curnow, Ed",12,3,13,25,1,0,0,3,1,4,3,1,2,0,0,8,17,0,0,1,0,0,91,45,"Carlton","2021",3
15,"Docherty, Sam",19,12,9,28,0,0,0,0,3,3,1,2,1,1,0,8,20,1,0,2,0,0,85,45,"Carlton","2021",3
2,"Dow, Paddy",5,1,6,11,0,0,0,3,1,1,0,4,0,3,0,2,9,0,0,0,0,1,71,45,"Carlton","2021",3
8,"Fogarty, Lachie",16,7,9,25,1,0,0,7,2,5,3,2,2,1,0,9,17,0,3,1,0,1,78,45,"Carlton","2021",3
40,"Gibbons, Michael",16,8,8,24,1,0,0,2,1,5,3,6,1,0,0,5,20,0,3,3,0,0,81,45,"Carlton","2021",3
14,"Jones, Liam",16,9,4,20,0,0,0,1,5,6,0,2,1,0,0,10,10,3,0,11,0,1,92,45,"Carlton","2021",3
39,"McDonald, Oscar",0,0,0,0,0,0,0,0,0,0,0,0,0,0,0,0,0,0,0,0,0,0,0,45,"Carlton","2021",3
10,"McKay, Harry",14,10,3,17,7,5,0,3,0,1,0,4,3,1,3,7,9,2,9,2,0,0,91,45,"Carlton","2021",3
3,"Murphy, Marc",10,7,3,13,1,1,0,2,0,4,2,0,0,0,0,3,11,0,3,0,0,1,71,45,"Carlton","2021",3
32,"Newnes, Jack",14,8,9,23,1,0,0,1,2,1,2,1,1,0,0,6,18,0,0,1,0,0,80,45,"Carlton","2021",3
26,"Parks, Luke",11,3,2,13,0,0,0,3,3,4,0,3,0,0,0,4,8,1,0,4,0,0,85,45,"Carlton","2021",3
5,"Petrevski-Seton, Sam",14,4,6,20,0,0,0,1,2,1,0,1,1,1,0,4,14,0,0,1,1,0,72,45,"Carlton","2021",3
27,"Pittonet, Marc",7,1,9,16,0,1,27,0,0,3,5,2,1,1,0,11,6,0,0,7,0,0,82,45,"Carlton","2021",3
20,"Plowman, Lachie",15,10,6,21,0,0,0,0,1,2,0,2,0,1,0,5,15,1,0,3,0,0,90,45,"Carlton","2021",3
42,"Saad, Adam",13,2,8,21,0,0,0,0,2,3,0,3,0,0,0,1,16,0,0,0,6,0,76,45,"Carlton","2021",3
1,"Silvagni, Jack",11,4,7,18,1,2,0,2,1,2,0,3,3,0,0,9,9,0,0,1,1,1,73,45,"Carlton","2021",3
18,"Walsh, Sam",15,3,22,37,0,0,0,4,0,8,5,5,2,0,1,13,25,0,0,0,1,3,82,45,"Carlton","2021",3
23,"Weitering, Jacob",12,8,4,16,0,0,0,0,7,0,0,4,0,1,0,1,13,0,0,12,0,0,100,45,"Carlton","2021",3
6,"Williams, Zac",11,4,8,19,0,0,0,4,0,5,6,1,3,1,0,9,10,0,1,1,0,0,72,45,"Carlton","2021",3
9,"Acres, Blake",10,3,5,15,0,0,0,3,4,1,1,4,0,1,0,4,9,0,0,3,0,0,80,-45,"Fremantle","2021",3
11,"Aish, James",9,6,4,13,0,0,0,1,1,2,0,3,0,1,0,2,11,0,0,1,0,0,74,-45,"Fremantle","2021",3
8,"Brayshaw, Andrew",9,3,10,19,0,0,0,4,0,3,1,5,0,3,0,5,13,0,0,4,0,1,85,-45,"Fremantle","2021",3
5,"Cerra, Adam",14,3,5,19,0,0,0,3,2,1,1,7,2,3,0,5,14,0,0,4,0,0,84,-45,"Fremantle","2021",3
27,"Chapman, Heath",10,4,8,18,0,0,0,6,5,0,0,3,0,3,0,9,9,1,0,5,0,0,85,-45,"Fremantle","2021",3
33,"Colyer, Travis",6,1,3,9,1,0,0,3,1,2,0,2,0,0,0,2,7,0,0,0,1,0,83,-45,"Fremantle","2021",3
6,"Conca, Reece",7,3,7,14,0,0,0,2,3,0,0,2,1,1,0,6,8,0,0,1,0,0,82,-45,"Fremantle","2021",3
36,"Cox, Brennan",2,0,4,6,0,0,0,1,2,0,0,3,0,2,0,4,3,0,0,7,0,0,95,-45,"Fremantle","2021",3
4,"Darcy, Sean",6,3,7,13,1,0,19,5,1,3,4,2,1,2,0,9,6,1,1,3,0,0,84,-45,"Fremantle","2021",3
43,"Frederick, Michael",10,8,4,14,1,4,0,1,0,3,1,2,1,0,0,6,9,1,4,0,0,0,85,-45,"Fremantle","2021",3
42,"Giro, Stefan",16,8,4,20,1,0,0,0,2,3,0,1,2,0,0,5,14,0,0,1,0,3,79,-45,"Fremantle","2021",3
0,"Henry, Liam",3,2,0,3,0,0,0,2,0,2,0,0,0,0,0,2,2,1,1,0,0,0,43,-45,"Fremantle","2021",3
15,"Hughes, Ethan",9,4,7,16,0,0,0,2,3,2,0,8,1,2,0,7,11,0,0,6,0,0,89,-45,"Fremantle","2021",3
22,"Meek, Lloyd",3,1,7,10,0,0,16,4,1,1,4,2,3,1,0,10,2,0,0,1,0,0,80,-45,"Fremantle","2021",3
16,"Mundy, David",5,1,11,16,0,0,0,11,0,3,5,3,1,0,0,9,10,0,0,4,0,0,78,-45,"Fremantle","2021",3
13,"Ryan, Luke",20,6,4,24,0,0,0,1,10,1,0,3,1,3,0,3,14,0,0,8,0,0,84,-45,"Fremantle","2021",3
28,"Schultz, Lachie",2,0,0,2,0,0,0,1,0,1,0,1,0,1,0,2,0,0,0,1,0,0,44,-45,"Fremantle","2021",3
3,"Serong, Caleb",11,3,11,22,0,0,0,2,1,4,8,9,1,3,0,12,8,0,0,2,0,1,71,-45,"Fremantle","2021",3
39,"Switkowski, Sam",10,4,5,15,1,2,0,1,1,2,1,3,1,0,0,8,8,0,0,3,1,1,86,-45,"Fremantle","2021",3
20,"Taberner, Matthew",10,8,3,13,2,2,0,1,0,4,0,4,0,1,0,4,9,3,3,1,0,0,100,-45,"Fremantle","2021",3
10,"Walters, Michael",9,1,4,13,2,0,0,4,1,4,2,2,3,1,0,7,6,0,1,0,0,1,81,-45,"Fremantle","2021",3
14,"Wilson, Nathan",12,5,8,20,0,0,0,1,8,1,1,2,1,1,0,6,11,0,0,3,2,0,90,-45,"Fremantle","2021",3
0,"Young, Hayden",3,1,0,3,0,0,0,3,1,0,0,2,0,0,0,0,3,0,0,0,0,0,38,-45,"Fremantle","2021",3
