"Number","Player","Kicks","Marks","Handballs","Disposals","Goals","Behinds","Hitouts","Tackles","Rebounds50s","Inside50s","Clearances","Clangers","FreesFor","FreesAgainst","BrownlowVotes","ContestedPossessions","UncontestedPossessions","ContestedMarks","MarksInside50","OnePercenters","Bounces","GoalAssists","PercentagePlayed","PointDifference","Team","Season","Round"
32,"Bell, James",5,2,5,10,0,0,0,2,0,3,0,1,0,0,0,5,5,1,0,0,0,1,78,40,"Sydney","2021",19
22,"Blakey, Nick",11,6,4,15,0,1,0,2,3,2,0,3,0,1,0,5,9,1,0,5,1,0,65,40,"Sydney","2021",19
34,"Dawson, Jordan",16,7,7,23,0,0,0,1,4,2,0,1,0,1,0,6,13,2,0,5,0,0,87,40,"Sydney","2021",19
13,"Florent, Oliver",10,7,8,18,0,0,0,7,1,1,1,2,0,0,0,3,15,1,0,1,0,0,91,40,"Sydney","2021",19
42,"Fox, Robbie",14,4,7,21,0,0,0,1,4,3,0,2,1,1,0,8,14,0,0,3,1,0,87,40,"Sydney","2021",19
23,"Franklin, Lance",7,3,2,9,2,1,0,5,0,3,0,5,1,4,0,7,2,2,2,1,0,1,85,40,"Sydney","2021",19
21,"Gulden, Errol",15,5,8,23,1,0,0,5,1,4,4,0,3,0,0,9,13,0,0,0,0,0,84,40,"Sydney","2021",19
9,"Hayward, Will",6,5,6,12,1,1,0,5,0,1,0,3,0,0,0,3,9,0,1,1,0,1,82,40,"Sydney","2021",19
5,"Heeney, Isaac",15,11,7,22,5,1,0,2,1,2,0,3,1,0,3,5,17,1,3,1,0,0,85,40,"Sydney","2021",19
29,"Hewett, George",8,3,14,22,0,0,0,3,1,2,3,2,1,2,0,8,16,0,0,2,0,0,81,40,"Sydney","2021",19
31,"Hickey, Tom",12,4,6,18,1,1,21,3,0,5,5,2,2,1,0,10,8,1,1,2,0,0,79,40,"Sydney","2021",19
12,"Kennedy, Josh",10,6,24,34,0,1,0,7,1,3,7,2,0,0,1,16,17,0,0,0,0,1,77,40,"Sydney","2021",19
44,"Lloyd, Jake",19,6,13,32,0,0,0,1,7,2,0,4,1,1,0,2,24,0,0,0,6,0,88,40,"Sydney","2021",19
30,"McCartin, Tom",8,4,6,14,0,0,0,2,3,1,0,2,2,0,0,4,9,0,0,11,0,1,90,40,"Sydney","2021",19
27,"McInerney, Justin",11,6,3,14,0,0,0,1,1,3,0,3,0,1,0,2,12,0,0,1,0,0,82,40,"Sydney","2021",19
41,"McLean, Hayden",0,0,0,0,0,0,0,0,0,0,0,0,0,0,0,0,0,0,0,0,0,0,0,40,"Sydney","2021",19
11,"Papley, Tom",13,6,5,18,1,5,0,0,0,2,3,2,1,0,0,7,11,0,4,1,0,1,90,40,"Sydney","2021",19
26,"Parker, Luke",15,5,15,30,2,0,0,3,1,7,3,4,2,2,2,11,18,1,1,1,0,1,82,40,"Sydney","2021",19
24,"Rampe, Dane",19,8,2,21,0,0,0,1,6,2,0,3,1,2,0,4,17,1,0,7,0,0,100,40,"Sydney","2021",19
20,"Reid, Sam",4,4,4,8,0,0,3,5,0,2,2,1,0,1,0,3,5,1,0,1,0,2,78,40,"Sydney","2021",19
25,"Ronke, Ben",2,1,3,5,0,0,0,0,0,0,0,1,0,0,0,2,3,0,0,0,0,0,65,40,"Sydney","2021",19
8,"Rowbottom, James",8,2,4,12,1,0,0,5,1,4,1,3,1,0,0,3,8,0,0,0,0,0,59,40,"Sydney","2021",19
45,"Wicks, Sam",4,2,8,12,0,1,0,3,0,1,0,2,0,2,0,3,9,1,1,1,1,1,82,40,"Sydney","2021",19
11,"Aish, James",9,5,7,16,0,0,0,1,2,1,0,0,0,0,0,2,12,0,0,0,0,0,85,-40,"Fremantle","2021",19
41,"Banfield, Bailey",6,3,2,8,0,1,0,2,0,3,0,1,0,1,0,4,5,0,2,2,0,0,86,-40,"Fremantle","2021",19
0,"Blakely, Connor",6,3,3,9,0,1,0,0,1,0,0,1,1,0,0,1,8,0,1,1,0,0,35,-40,"Fremantle","2021",19
8,"Brayshaw, Andrew",14,6,20,34,0,0,0,5,5,2,4,5,1,1,0,9,24,0,0,0,0,0,84,-40,"Fremantle","2021",19
5,"Cerra, Adam",19,9,11,30,2,0,0,3,3,6,4,5,2,1,0,8,23,0,0,1,0,1,88,-40,"Fremantle","2021",19
33,"Colyer, Travis",9,5,2,11,0,0,0,1,1,3,0,2,0,0,0,5,7,0,0,1,1,2,89,-40,"Fremantle","2021",19
12,"Crowden, Mitch",7,7,9,16,1,1,0,0,0,3,0,3,1,0,0,4,12,0,2,0,0,0,84,-40,"Fremantle","2021",19
4,"Darcy, Sean",10,6,9,19,1,3,22,1,0,4,5,5,1,3,0,10,8,2,3,1,0,0,85,-40,"Fremantle","2021",19
0,"Fyfe, Nat",4,1,11,15,0,1,0,1,1,0,4,2,0,1,0,9,7,0,0,2,0,1,41,-40,"Fremantle","2021",19
23,"Henry, Liam",5,0,5,10,0,0,0,0,1,1,0,1,1,0,0,4,5,0,0,0,1,1,76,-40,"Fremantle","2021",19
2,"Logue, Griffin",8,4,7,15,0,0,0,2,3,0,0,4,3,2,0,6,10,1,0,5,0,0,98,-40,"Fremantle","2021",19
22,"Meek, Lloyd",3,2,6,9,0,0,17,1,0,1,2,2,0,1,0,6,3,1,0,2,0,0,79,-40,"Fremantle","2021",19
16,"Mundy, David",7,2,10,17,1,0,0,0,2,3,3,5,0,1,0,5,11,0,0,2,0,0,75,-40,"Fremantle","2021",19
25,"Pearce, Alex",2,2,2,4,0,0,0,2,0,1,0,0,0,0,0,2,2,1,0,4,0,0,72,-40,"Fremantle","2021",19
13,"Ryan, Luke",13,5,2,15,0,0,0,2,7,0,0,2,1,1,0,0,10,0,0,3,0,0,88,-40,"Fremantle","2021",19
28,"Schultz, Lachie",5,1,2,7,1,2,0,4,0,1,0,3,1,1,0,3,5,0,0,1,0,0,82,-40,"Fremantle","2021",19
3,"Serong, Caleb",15,5,11,26,0,0,0,3,3,4,7,0,0,0,0,11,15,0,0,0,0,1,83,-40,"Fremantle","2021",19
20,"Taberner, Matthew",7,4,1,8,2,0,0,1,0,1,0,5,1,2,0,3,5,1,2,1,0,0,84,-40,"Fremantle","2021",19
18,"Tucker, Darcy",9,1,11,20,0,0,0,1,1,2,1,4,1,0,0,5,15,0,0,0,0,0,88,-40,"Fremantle","2021",19
31,"Walker, Brandon",5,3,4,9,0,0,0,2,1,1,0,0,0,0,0,4,6,0,0,0,2,0,80,-40,"Fremantle","2021",19
10,"Walters, Michael",8,5,1,9,0,0,0,2,1,3,1,1,1,0,0,2,7,0,0,0,0,0,51,-40,"Fremantle","2021",19
14,"Wilson, Nathan",20,7,4,24,0,0,0,1,8,3,2,1,3,1,0,9,10,0,0,0,0,0,82,-40,"Fremantle","2021",19
26,"Young, Hayden",8,6,5,13,0,0,0,1,1,0,0,3,1,1,0,4,9,1,0,3,0,0,84,-40,"Fremantle","2021",19
