"Number","Player","Kicks","Marks","Handballs","Disposals","Goals","Behinds","Hitouts","Tackles","Rebounds50s","Inside50s","Clearances","Clangers","FreesFor","FreesAgainst","BrownlowVotes","ContestedPossessions","UncontestedPossessions","ContestedMarks","MarksInside50","OnePercenters","Bounces","GoalAssists","PercentagePlayed","PointDifference","Team","Season","Round"
4,"Bontempelli, Marcus",6,1,9,15,1,0,0,7,1,2,3,2,2,0,0,6,9,0,0,1,0,0,83,49,"Western Bulldogs","2021",20
17,"Bruce, Josh",7,6,5,12,2,1,5,1,0,4,0,2,0,1,0,7,8,3,2,3,0,0,87,49,"Western Bulldogs","2021",20
12,"Cordy, Zaine",4,1,3,7,0,0,1,5,1,2,0,3,1,1,0,3,4,0,0,8,0,0,95,49,"Western Bulldogs","2021",20
31,"Dale, Bailey",25,4,6,31,1,0,0,0,5,5,1,1,0,0,2,6,19,0,0,1,0,1,84,49,"Western Bulldogs","2021",20
35,"Daniel, Caleb",16,5,16,32,1,0,0,2,5,4,5,4,0,0,3,9,20,1,0,4,4,0,78,49,"Western Bulldogs","2021",20
5,"Dunkley, Josh",4,3,9,13,0,0,0,4,0,2,1,1,1,1,0,4,11,0,0,1,0,1,75,49,"Western Bulldogs","2021",20
44,"English, Tim",8,6,6,14,1,0,27,5,0,2,4,1,1,1,0,7,8,2,1,5,0,0,87,49,"Western Bulldogs","2021",20
38,"Garcia, Riley",11,4,7,18,1,1,0,3,1,4,2,1,1,1,0,7,10,0,1,1,0,0,73,49,"Western Bulldogs","2021",20
29,"Hannan, Mitch",7,6,7,14,0,1,3,3,0,2,0,0,0,0,0,4,10,1,1,1,0,1,78,49,"Western Bulldogs","2021",20
7,"Hunter, Lachie",14,3,6,20,1,0,0,2,0,7,2,2,1,0,0,5,11,1,3,0,0,2,81,49,"Western Bulldogs","2021",20
39,"Johannisen, Jason",10,4,5,15,2,0,0,3,2,3,0,3,2,0,0,5,10,0,0,1,3,0,76,49,"Western Bulldogs","2021",20
21,"Liberatore, Tom",10,2,15,25,1,0,0,8,2,4,6,2,2,0,0,14,11,0,1,1,0,0,82,49,"Western Bulldogs","2021",20
27,"Lipinski, Patrick",0,0,0,0,0,0,0,0,0,0,0,0,0,0,0,0,0,0,0,0,0,0,0,49,"Western Bulldogs","2021",20
11,"Macrae, Jack",13,1,18,31,0,1,0,3,1,6,12,6,2,4,0,19,12,0,0,2,0,1,84,49,"Western Bulldogs","2021",20
33,"Naughton, Aaron",3,3,2,5,1,2,0,1,0,1,0,3,1,3,0,4,3,0,2,2,0,0,75,49,"Western Bulldogs","2021",20
13,"Schache, Josh",11,8,1,12,0,0,0,0,4,1,1,4,0,1,0,4,8,1,0,0,0,0,100,49,"Western Bulldogs","2021",20
28,"Scott, Anthony",7,5,10,17,0,0,0,0,2,2,1,4,0,2,0,10,7,3,0,1,1,0,77,49,"Western Bulldogs","2021",20
6,"Smith, Bailey",19,5,10,29,0,0,0,7,2,5,4,5,1,1,1,6,22,1,0,1,0,0,85,49,"Western Bulldogs","2021",20
37,"Smith, Roarke",7,2,8,15,0,1,0,1,0,2,0,2,0,2,0,7,8,0,0,2,0,0,74,49,"Western Bulldogs","2021",20
22,"Ugle-Hagan, Jamarra",7,5,2,9,2,1,0,4,0,0,1,5,1,1,0,3,6,2,3,1,0,0,71,49,"Western Bulldogs","2021",20
19,"Weightman, Cody",11,4,3,14,1,1,0,3,0,3,0,1,3,0,0,7,6,1,3,0,0,2,84,49,"Western Bulldogs","2021",20
34,"Williams, Bailey",8,5,8,16,0,0,0,5,3,4,0,1,0,1,0,1,16,0,0,5,0,1,84,49,"Western Bulldogs","2021",20
10,"Wood, Easton",3,2,5,8,0,0,0,2,3,0,0,1,1,0,0,4,3,0,0,10,0,0,85,49,"Western Bulldogs","2021",20
21,"Berry, Sam",4,1,3,7,0,0,0,4,0,4,3,3,0,1,0,6,4,0,0,0,0,0,70,-49,"Adelaide","2021",20
41,"Butts, Jordon",5,3,2,7,0,0,0,2,4,0,0,1,2,1,0,1,7,0,0,4,0,0,83,-49,"Adelaide","2021",20
39,"Doedee, Tom",11,7,9,20,0,0,0,1,7,0,0,3,0,0,0,9,9,3,0,4,1,0,94,-49,"Adelaide","2021",20
32,"Fogarty, Darcy",7,5,0,7,1,3,0,2,0,2,0,2,1,1,0,4,3,3,3,1,0,1,84,-49,"Adelaide","2021",20
17,"Hamill, Will",3,1,3,6,0,0,0,5,0,2,1,1,2,1,0,3,3,0,0,2,0,0,70,-49,"Adelaide","2021",20
34,"Himmelberg, Elliott",6,5,5,11,2,1,1,0,0,2,1,1,1,1,0,10,3,4,2,2,0,0,81,-49,"Adelaide","2021",20
0,"Jones, Chayce",3,1,1,4,0,0,0,1,2,1,0,3,0,1,0,0,3,0,0,3,0,0,57,-49,"Adelaide","2021",20
2,"Keays, Ben",11,2,11,22,0,0,0,4,1,3,7,7,1,3,0,12,9,0,0,1,0,1,82,-49,"Adelaide","2021",20
8,"Kelly, Jake",10,2,3,13,0,0,0,3,4,0,1,3,1,1,0,4,9,0,0,4,0,0,93,-49,"Adelaide","2021",20
29,"Laird, Rory",10,1,15,25,0,0,0,10,1,3,4,5,1,0,0,12,13,0,0,0,0,0,76,-49,"Adelaide","2021",20
27,"Lynch, Tom",9,4,9,18,1,0,0,3,1,2,1,2,3,1,0,7,11,0,0,1,0,0,83,-49,"Adelaide","2021",20
0,"Mackay, David",2,0,2,4,0,0,0,1,1,0,1,0,0,0,0,2,2,0,0,0,0,0,22,-49,"Adelaide","2021",20
25,"McHenry, Ned",5,2,8,13,0,0,0,5,0,0,0,2,0,1,0,3,11,0,0,2,0,0,82,-49,"Adelaide","2021",20
36,"McPherson, Andrew",15,3,6,21,0,0,0,1,7,2,0,4,1,1,0,5,9,1,0,4,0,1,83,-49,"Adelaide","2021",20
4,"Murphy, Lachlan",8,5,9,17,1,2,0,2,0,2,1,2,1,1,0,8,9,0,2,0,0,1,79,-49,"Adelaide","2021",20
28,"Murray, Nick",7,2,1,8,0,0,0,2,3,0,0,4,2,1,0,4,3,0,0,8,0,0,91,-49,"Adelaide","2021",20
43,"OBrien, Reilly",7,6,12,19,0,0,44,6,1,4,3,5,1,1,0,11,8,4,0,3,0,0,94,-49,"Adelaide","2021",20
31,"Rowe, James",7,2,5,12,1,0,0,1,0,0,1,3,0,0,0,4,8,0,0,0,0,0,67,-49,"Adelaide","2021",20
26,"Schoenberg, Harry",10,2,11,21,0,0,0,4,3,2,4,4,0,0,0,7,14,0,0,0,0,0,72,-49,"Adelaide","2021",20
11,"Seedsman, Paul",13,5,9,22,0,0,0,1,4,4,0,4,2,0,0,7,15,0,0,1,0,0,83,-49,"Adelaide","2021",20
9,"Sloane, Rory",12,2,14,26,0,0,0,0,2,4,4,4,1,2,0,13,11,0,0,2,2,1,79,-49,"Adelaide","2021",20
33,"Smith, Brodie",15,5,8,23,0,0,0,1,9,3,3,3,0,1,0,5,16,1,0,0,1,0,84,-49,"Adelaide","2021",20
13,"Walker, Taylor",5,2,0,5,2,0,4,0,0,0,0,2,0,1,0,6,1,2,1,1,0,0,91,-49,"Adelaide","2021",20
