"Number","Player","Kicks","Marks","Handballs","Disposals","Goals","Behinds","Hitouts","Tackles","Rebounds50s","Inside50s","Clearances","Clangers","FreesFor","FreesAgainst","BrownlowVotes","ContestedPossessions","UncontestedPossessions","ContestedMarks","MarksInside50","OnePercenters","Bounces","GoalAssists","PercentagePlayed","PointDifference","Team","Season","Round"
36,"Amartey, Joel",7,3,5,12,2,0,4,4,1,3,2,3,1,1,0,12,2,2,1,5,0,1,84,92,"Sydney","2021",16
32,"Bell, James",5,6,10,15,0,1,0,4,0,1,1,2,1,1,0,4,12,1,1,1,0,1,75,92,"Sydney","2021",16
22,"Blakey, Nick",15,6,4,19,0,0,0,2,3,5,1,2,1,1,0,5,15,1,0,2,0,0,71,92,"Sydney","2021",16
7,"Cunningham, Harry",14,7,6,20,0,0,0,3,4,3,0,1,0,0,0,3,14,0,1,3,0,1,84,92,"Sydney","2021",16
34,"Dawson, Jordan",12,5,13,25,2,0,0,2,2,2,3,5,1,0,0,11,17,1,2,4,0,0,77,92,"Sydney","2021",16
13,"Florent, Oliver",17,5,11,28,0,1,0,2,0,5,2,3,1,1,0,4,24,0,0,0,2,1,84,92,"Sydney","2021",16
42,"Fox, Robbie",8,4,8,16,0,0,0,3,4,2,0,2,0,0,0,5,11,1,0,8,0,1,100,92,"Sydney","2021",16
23,"Franklin, Lance",12,4,4,16,3,3,0,4,0,4,0,2,2,1,0,8,9,1,2,4,0,2,88,92,"Sydney","2021",16
21,"Gulden, Errol",12,5,7,19,2,1,0,3,1,6,0,1,1,1,0,3,15,0,0,1,1,0,71,92,"Sydney","2021",16
9,"Hayward, Will",5,3,4,9,2,0,0,2,0,1,1,3,0,1,0,5,4,1,1,1,1,0,86,92,"Sydney","2021",16
5,"Heeney, Isaac",12,3,6,18,3,2,0,2,0,3,2,3,1,2,0,8,11,1,1,1,0,1,85,92,"Sydney","2021",16
29,"Hewett, George",7,4,19,26,0,0,0,3,1,1,5,1,0,0,0,12,15,0,0,1,0,0,72,92,"Sydney","2021",16
31,"Hickey, Tom",8,4,14,22,0,0,21,2,3,1,6,4,1,2,0,13,9,1,0,10,0,0,86,92,"Sydney","2021",16
12,"Kennedy, Josh",10,2,12,22,0,0,0,8,3,2,3,1,2,1,0,5,16,0,0,0,0,1,72,92,"Sydney","2021",16
44,"Lloyd, Jake",15,7,11,26,0,0,0,1,3,3,0,1,1,1,0,5,18,0,0,1,0,0,71,92,"Sydney","2021",16
30,"McCartin, Tom",6,1,6,12,0,0,0,0,2,2,0,5,1,2,0,7,5,0,0,11,0,0,97,92,"Sydney","2021",16
27,"McInerney, Justin",11,3,11,22,0,0,0,2,1,1,1,1,1,1,0,5,20,0,0,2,0,0,77,92,"Sydney","2021",16
14,"Mills, Callum",22,2,13,35,0,0,0,4,3,7,7,1,2,0,3,8,26,0,0,1,0,0,77,92,"Sydney","2021",16
11,"Papley, Tom",5,1,4,9,2,1,0,1,0,4,0,3,0,1,0,2,7,0,1,0,1,1,87,92,"Sydney","2021",16
26,"Parker, Luke",10,4,20,30,0,1,0,5,2,2,5,4,0,1,2,17,14,1,0,1,0,0,79,92,"Sydney","2021",16
24,"Rampe, Dane",14,7,7,21,0,0,0,1,3,0,0,1,0,0,0,3,17,1,0,5,0,0,100,92,"Sydney","2021",16
8,"Rowbottom, James",0,0,0,0,0,0,0,0,0,0,0,0,0,0,0,0,0,0,0,0,0,0,0,92,"Sydney","2021",16
45,"Wicks, Sam",9,2,5,14,2,0,0,4,0,2,0,3,1,0,0,6,7,0,0,1,0,0,77,92,"Sydney","2021",16
12,"Allen, Oscar",6,5,4,10,0,1,0,2,1,0,0,3,0,1,0,5,7,1,2,1,0,0,89,-92,"West Coast","2021",16
37,"Barrass, Tom",9,6,6,15,0,0,0,0,4,1,0,1,2,1,0,8,8,1,0,7,0,0,90,-92,"West Coast","2021",16
28,"Cole, Tom",12,3,4,16,0,0,0,6,2,1,1,2,1,1,0,5,11,0,0,5,0,0,85,-92,"West Coast","2021",16
15,"Cripps, Jamie",5,3,6,11,0,1,0,4,0,4,1,1,0,0,0,3,8,0,1,0,0,1,87,-92,"West Coast","2021",16
27,"Darling, Jack",10,7,8,18,1,2,1,1,0,5,0,2,0,0,0,13,5,4,3,2,1,0,97,-92,"West Coast","2021",16
14,"Duggan, Liam",10,5,12,22,0,0,0,5,4,1,1,4,1,0,0,9,12,0,0,2,0,0,89,-92,"West Coast","2021",16
16,"Edwards, Luke",6,3,6,12,0,0,0,0,1,1,0,1,0,1,0,3,11,0,0,2,0,0,83,-92,"West Coast","2021",16
29,"Foley, Luke",6,2,4,10,0,0,0,1,0,2,0,3,0,0,0,2,8,0,0,2,0,0,83,-92,"West Coast","2021",16
25,"Hurn, Shannon",18,8,6,24,0,0,0,2,6,1,0,2,0,0,0,5,14,1,0,1,0,0,78,-92,"West Coast","2021",16
31,"Jones, Jamaine",6,1,1,7,0,1,0,1,1,1,1,1,1,0,0,3,3,0,0,0,0,0,47,-92,"West Coast","2021",16
11,"Kelly, Tim",12,2,15,27,0,1,0,6,3,3,3,5,0,0,0,9,19,0,0,0,2,0,83,-92,"West Coast","2021",16
17,"Kennedy, Josh",5,2,2,7,1,0,0,1,0,2,0,1,1,0,0,5,6,0,1,3,0,0,85,-92,"West Coast","2021",16
7,"Langdon, Zac",5,2,8,13,0,0,0,2,2,1,0,3,1,2,0,8,6,1,0,1,0,0,95,-92,"West Coast","2021",16
20,"McGovern, Jeremy",15,6,3,18,0,0,0,2,4,3,0,1,2,0,0,6,10,1,0,4,0,0,81,-92,"West Coast","2021",16
9,"Naitanui, Nic",2,1,13,15,0,0,25,5,0,1,3,3,0,3,0,8,7,0,0,1,0,0,64,-92,"West Coast","2021",16
0,"Petruccelle, Jack",2,1,3,5,0,0,0,0,0,1,0,2,1,1,0,3,2,0,0,0,0,1,50,-92,"West Coast","2021",16
0,"Redden, Jack",2,0,4,6,0,0,0,1,1,0,0,0,0,0,0,2,4,0,0,0,0,0,28,-92,"West Coast","2021",16
4,"Sheed, Dom",20,6,17,37,0,0,0,5,4,2,9,11,0,1,1,17,22,0,0,1,0,0,86,-92,"West Coast","2021",16
5,"Sheppard, Brad",9,7,5,14,0,0,0,1,2,3,0,3,1,0,0,6,8,2,0,2,0,0,92,-92,"West Coast","2021",16
13,"Shuey, Luke",10,1,9,19,0,0,0,4,0,1,3,4,2,2,0,6,14,0,0,3,1,0,70,-92,"West Coast","2021",16
19,"Vardy, Nathan",2,1,4,6,0,0,13,2,1,2,2,0,2,0,0,5,1,0,0,1,0,0,74,-92,"West Coast","2021",16
23,"Witherden, Alex",12,6,2,14,0,0,0,1,4,0,1,7,1,3,0,3,10,1,0,3,0,0,86,-92,"West Coast","2021",16
6,"Yeo, Elliot",16,5,10,26,1,1,0,8,0,4,5,2,2,2,0,11,14,0,0,1,0,0,79,-92,"West Coast","2021",16
