"Number","Player","Kicks","Marks","Handballs","Disposals","Goals","Behinds","Hitouts","Tackles","Rebounds50s","Inside50s","Clearances","Clangers","FreesFor","FreesAgainst","BrownlowVotes","ContestedPossessions","UncontestedPossessions","ContestedMarks","MarksInside50","OnePercenters","Bounces","GoalAssists","PercentagePlayed","PointDifference","Team","Season","Round"
16,"Aarts, Jake",8,4,3,11,3,0,0,2,0,1,0,0,1,0,0,5,6,0,2,0,0,0,75,-63,"Richmond","2021",8
12,"Astbury, David",6,3,7,13,0,0,0,0,2,1,0,1,2,1,0,4,8,0,0,2,0,1,88,-63,"Richmond","2021",8
7,"Baker, Liam",10,5,10,20,0,1,0,3,2,2,4,6,0,3,0,12,9,1,0,1,0,0,79,-63,"Richmond","2021",8
21,"Balta, Noah",8,6,4,12,0,0,0,1,4,0,0,1,0,0,0,2,9,2,0,1,2,0,83,-63,"Richmond","2021",8
29,"Bolton, Shai",11,2,10,21,3,1,0,2,0,6,5,3,2,1,0,12,11,1,1,1,0,0,87,-63,"Richmond","2021",8
35,"Broad, Nathan",7,5,5,12,0,0,0,0,4,1,0,2,0,0,0,3,9,0,0,8,0,1,100,-63,"Richmond","2021",8
11,"Castagna, Jason",2,1,5,7,0,0,0,3,2,0,1,1,0,0,0,2,5,0,0,0,0,0,78,-63,"Richmond","2021",8
26,"Collier-Dawkins, Riley",6,2,8,14,0,0,0,6,0,3,1,4,0,0,0,5,10,0,0,0,0,0,63,-63,"Richmond","2021",8
10,"Edwards, Shane",10,1,9,19,0,0,0,5,1,3,8,3,1,2,0,10,8,1,0,2,0,1,64,-63,"Richmond","2021",8
34,"Graham, Jack",6,2,9,15,0,1,0,7,0,4,2,1,0,0,0,5,11,0,1,3,0,1,76,-63,"Richmond","2021",8
14,"Houli, Bachar",7,4,13,20,0,0,0,4,3,0,1,3,1,0,0,5,13,0,0,2,4,0,84,-63,"Richmond","2021",8
19,"Lynch, Tom",3,2,4,7,1,1,0,1,0,2,0,3,0,1,0,3,5,0,1,1,0,1,94,-63,"Richmond","2021",8
31,"Mansell, Rhyan",7,1,3,10,0,0,0,4,4,1,0,3,1,0,0,3,7,0,0,3,0,0,71,-63,"Richmond","2021",8
4,"Martin, Dustin",10,4,11,21,0,2,0,0,0,7,4,4,1,0,0,9,12,0,0,1,3,1,88,-63,"Richmond","2021",8
33,"McIntosh, Kamdyn",11,5,3,14,0,0,0,4,1,3,1,1,0,1,0,0,12,0,0,3,0,0,78,-63,"Richmond","2021",8
6,"Naish, Patrick",1,0,0,1,0,0,0,0,0,1,0,0,0,0,0,0,1,0,0,0,0,0,12,-63,"Richmond","2021",8
25,"Nankervis, Toby",5,4,5,10,0,0,36,1,1,1,1,3,0,3,0,3,7,0,0,0,0,0,79,-63,"Richmond","2021",8
50,"Pickett, Marlion",1,1,12,13,0,0,3,6,0,1,2,5,0,3,0,9,6,0,0,1,0,0,76,-63,"Richmond","2021",8
8,"Riewoldt, Jack",2,1,2,4,1,0,0,2,0,1,0,1,0,1,0,2,3,0,1,2,0,0,94,-63,"Richmond","2021",8
17,"Rioli, Daniel",6,2,6,12,1,0,0,3,0,3,0,4,0,1,0,5,8,0,0,2,1,0,85,-63,"Richmond","2021",8
5,"Ross, Jack",7,6,11,18,0,0,0,1,0,1,0,3,0,1,0,6,13,0,0,1,0,0,79,-63,"Richmond","2021",8
15,"Short, Jayden",17,5,5,22,0,0,0,3,10,1,0,1,2,0,0,6,15,0,0,2,1,0,84,-63,"Richmond","2021",8
1,"Vlastuin, Nick",9,4,3,12,0,0,0,2,2,0,0,3,0,3,0,4,5,1,0,1,1,0,83,-63,"Richmond","2021",8
30,"Atkins, Tom",9,4,7,16,0,0,0,5,2,1,0,5,2,3,0,6,12,0,0,2,1,0,79,63,"Geelong","2021",8
24,"Bews, Jed",6,2,5,11,0,0,0,5,2,0,0,1,2,0,0,8,4,0,0,1,0,0,87,63,"Geelong","2021",8
46,"Blicavs, Mark",10,5,14,24,0,0,16,4,2,4,5,3,2,0,0,11,13,1,0,4,0,0,88,63,"Geelong","2021",8
5,"Cameron, Jeremy",18,8,4,22,6,2,0,0,0,5,0,2,3,2,3,6,15,0,3,2,0,2,78,63,"Geelong","2021",8
45,"Close, Brad",7,3,6,13,1,0,0,5,1,2,0,3,1,0,0,5,7,0,0,2,0,2,84,63,"Geelong","2021",8
40,"Dahlhaus, Luke",2,0,5,7,0,0,0,3,1,1,0,1,0,1,0,3,4,0,0,0,0,0,46,63,"Geelong","2021",8
22,"Duncan, Mitch",15,10,15,30,0,0,0,7,3,3,4,1,2,0,0,8,23,0,0,3,0,1,81,63,"Geelong","2021",8
29,"Guthrie, Cameron",20,11,16,36,0,1,0,4,0,6,6,1,0,1,0,7,27,0,0,0,0,1,79,63,"Geelong","2021",8
39,"Guthrie, Zach",11,8,3,14,0,0,0,5,1,0,0,1,0,0,0,2,12,0,0,2,0,0,79,63,"Geelong","2021",8
26,"Hawkins, Tom",12,7,8,20,4,1,1,2,0,1,0,0,0,0,0,11,9,2,5,3,0,2,97,63,"Geelong","2021",8
25,"Henderson, Lachie",9,8,8,17,0,0,0,1,3,2,0,1,0,0,0,5,10,1,0,7,0,0,100,63,"Geelong","2021",8
38,"Henry, Jack",7,5,7,14,0,0,0,3,2,0,0,0,1,0,0,8,6,1,0,7,0,0,93,63,"Geelong","2021",8
4,"Higgins, Shaun",9,3,14,23,1,0,0,2,0,3,3,1,0,0,0,5,18,0,1,1,0,1,69,63,"Geelong","2021",8
27,"Menegola, Sam",14,10,12,26,0,1,0,3,1,2,4,1,0,0,0,9,17,0,0,3,0,1,88,63,"Geelong","2021",8
0,"Narkle, Quinton",7,3,6,13,0,1,0,2,2,2,2,1,0,1,0,2,10,0,0,0,0,0,33,63,"Geelong","2021",8
3,"Parfitt, Brandan",13,2,8,21,0,0,0,4,0,3,4,4,2,1,0,6,15,0,1,1,0,1,73,63,"Geelong","2021",8
17,"Ratugolea, Esava",4,3,6,10,0,1,8,3,0,1,1,3,0,2,0,8,3,1,3,1,0,2,74,63,"Geelong","2021",8
23,"Rohan, Gary",9,6,7,16,5,0,0,3,0,2,0,2,0,0,1,7,9,1,5,1,0,1,82,63,"Geelong","2021",8
14,"Selwood, Joel",10,2,11,21,0,0,0,5,1,5,5,2,4,0,0,11,12,0,0,2,0,1,76,63,"Geelong","2021",8
0,"Simpson, Sam",5,2,7,12,0,1,0,2,1,0,3,1,2,0,0,6,6,0,1,2,0,0,40,63,"Geelong","2021",8
7,"Smith, Isaac",12,10,9,21,2,0,0,3,1,5,0,1,0,0,0,3,18,0,1,0,2,1,90,63,"Geelong","2021",8
44,"Stewart, Tom",20,7,6,26,0,0,0,3,5,5,1,3,0,0,2,5,17,0,0,1,0,1,93,63,"Geelong","2021",8
2,"Tuohy, Zach",19,3,7,26,0,1,0,1,6,2,1,3,0,0,0,6,16,0,0,1,1,0,88,63,"Geelong","2021",8
