"Number","Player","Kicks","Marks","Handballs","Disposals","Goals","Behinds","Hitouts","Tackles","Rebounds50s","Inside50s","Clearances","Clangers","FreesFor","FreesAgainst","BrownlowVotes","ContestedPossessions","UncontestedPossessions","ContestedMarks","MarksInside50","OnePercenters","Bounces","GoalAssists","PercentagePlayed","PointDifference","Team","Season","Round"
4,"Ah Chee, Callum",6,0,6,12,0,0,0,3,1,2,0,4,0,2,0,8,4,0,0,2,0,1,87,-31,"Brisbane Lions","2021",1
31,"Andrews, Harris",8,4,3,11,0,0,0,1,5,0,0,1,1,0,0,6,3,1,0,11,0,0,96,-31,"Brisbane Lions","2021",1
33,"Bailey, Zac",13,0,3,16,3,0,0,2,0,10,2,8,2,5,0,11,8,0,0,0,0,0,76,-31,"Brisbane Lions","2021",1
7,"Berry, Jarrod",10,3,6,16,1,0,0,2,2,3,1,4,1,2,0,4,10,0,0,1,0,1,78,-31,"Brisbane Lions","2021",1
14,"Birchall, Grant",8,5,3,11,0,0,0,1,1,2,0,0,0,0,0,1,7,0,0,4,0,0,80,-31,"Brisbane Lions","2021",1
23,"Cameron, Charlie",7,2,3,10,0,0,0,1,0,3,3,0,2,0,0,5,5,0,1,1,0,1,77,-31,"Brisbane Lions","2021",1
18,"Coleman, Keidean",4,1,4,8,1,1,0,4,1,1,1,2,1,1,0,3,5,0,0,2,0,1,64,-31,"Brisbane Lions","2021",1
3,"Daniher, Joe",8,2,2,10,2,2,1,0,0,3,0,3,2,2,0,7,4,2,0,1,0,0,91,-31,"Brisbane Lions","2021",1
21,"Fullarton, Tom",4,1,4,8,0,0,1,0,0,1,0,1,0,1,0,3,4,0,0,0,0,1,74,-31,"Brisbane Lions","2021",1
30,"Hipwood, Eric",4,3,5,9,1,0,0,1,0,3,0,7,0,4,0,6,4,1,1,3,0,0,92,-31,"Brisbane Lions","2021",1
35,"Lester, Ryan",5,3,4,9,0,0,0,1,0,0,0,2,2,1,0,5,6,1,0,5,0,0,76,-31,"Brisbane Lions","2021",1
17,"Lyons, Jarryd",14,4,14,28,1,0,0,2,3,5,6,2,2,0,0,15,11,1,0,0,0,1,80,-31,"Brisbane Lions","2021",1
36,"Mathieson, Rhys",0,0,0,0,0,0,0,0,0,0,0,0,0,0,0,0,0,0,0,0,0,0,0,-31,"Brisbane Lions","2021",1
11,"McCarthy, Lincoln",11,2,5,16,2,0,0,3,1,1,1,4,2,1,0,12,4,0,0,0,0,0,82,-31,"Brisbane Lions","2021",1
6,"McCluggage, Hugh",14,5,4,18,1,0,0,3,1,3,2,3,1,2,0,4,15,0,1,0,0,2,86,-31,"Brisbane Lions","2021",1
46,"McInerney, Oscar",7,3,5,12,1,1,24,2,1,2,2,3,3,2,0,8,5,2,1,7,0,0,80,-31,"Brisbane Lions","2021",1
9,"Neale, Lachie",8,4,16,24,0,0,0,0,2,4,7,3,0,0,0,13,10,0,0,1,0,1,84,-31,"Brisbane Lions","2021",1
40,"Payne, Jack",6,3,6,12,0,0,0,0,1,2,0,1,0,0,0,3,8,0,0,7,0,1,93,-31,"Brisbane Lions","2021",1
10,"Rich, Daniel",21,8,2,23,0,0,0,1,11,2,0,4,0,0,0,2,14,0,0,4,0,0,84,-31,"Brisbane Lions","2021",1
5,"Robinson, Mitch",8,2,2,10,0,0,0,5,3,2,2,1,1,0,0,4,6,0,0,3,0,0,73,-31,"Brisbane Lions","2021",1
22,"Sharp, Harry",8,1,3,11,0,0,0,3,1,2,0,4,0,1,0,5,7,0,0,2,0,1,81,-31,"Brisbane Lions","2021",1
37,"Starcevich, Brandon",6,2,3,9,0,0,0,0,2,0,1,1,1,0,0,5,4,1,0,1,1,0,84,-31,"Brisbane Lions","2021",1
15,"Zorko, Dayne",15,6,7,22,1,2,0,6,2,6,4,7,1,6,0,8,11,0,1,1,0,0,82,-31,"Brisbane Lions","2021",1
22,"Blakey, Nick",13,5,2,15,1,0,0,2,0,3,0,2,1,0,0,4,9,0,1,1,2,0,87,31,"Sydney","2021",1
16,"Campbell, Braeden",6,2,6,12,0,0,0,2,2,1,1,1,2,0,0,6,6,0,0,1,0,0,75,31,"Sydney","2021",1
7,"Cunningham, Harry",6,1,3,9,0,0,0,4,3,0,0,2,1,2,0,4,5,0,0,3,0,0,89,31,"Sydney","2021",1
34,"Dawson, Jordan",13,1,8,21,0,0,0,0,8,1,0,2,3,0,0,8,11,0,0,4,0,0,87,31,"Sydney","2021",1
13,"Florent, Oliver",8,3,8,16,0,0,0,5,4,3,2,5,1,3,0,8,11,0,0,4,0,1,79,31,"Sydney","2021",1
21,"Gulden, Errol",17,10,2,19,3,1,0,1,1,7,1,3,3,1,2,6,14,1,2,4,0,3,81,31,"Sydney","2021",1
9,"Hayward, Will",0,0,0,0,0,0,0,0,0,0,0,0,0,0,0,0,0,0,0,0,0,0,0,31,"Sydney","2021",1
5,"Heeney, Isaac",12,8,1,13,3,2,0,1,0,5,0,2,0,2,0,3,11,2,4,1,0,4,85,31,"Sydney","2021",1
29,"Hewett, George",15,6,5,20,0,0,0,2,2,3,0,4,2,0,0,6,14,0,1,0,0,0,84,31,"Sydney","2021",1
31,"Hickey, Tom",12,3,11,23,0,0,24,1,2,5,9,3,3,2,1,14,9,0,0,6,0,1,82,31,"Sydney","2021",1
12,"Kennedy, Josh",8,2,9,17,0,2,0,3,0,2,2,7,0,1,0,10,6,0,2,0,0,1,72,31,"Sydney","2021",1
44,"Lloyd, Jake",13,3,11,24,0,0,0,3,8,1,1,4,0,2,0,5,12,0,0,7,3,0,82,31,"Sydney","2021",1
30,"McCartin, Tom",9,4,2,11,0,0,0,1,1,1,0,3,2,0,0,6,4,1,0,4,0,0,87,31,"Sydney","2021",1
6,"McDonald, Logan",9,5,2,11,3,1,0,0,0,2,0,1,0,0,0,4,7,1,2,2,0,0,72,31,"Sydney","2021",1
41,"McLean, Hayden",5,4,4,9,0,0,1,0,0,2,0,2,1,1,0,4,5,1,2,2,0,3,92,31,"Sydney","2021",1
14,"Mills, Callum",14,8,15,29,2,0,0,2,4,2,3,4,1,0,3,7,21,0,2,3,0,1,84,31,"Sydney","2021",1
11,"Papley, Tom",12,6,3,15,1,1,0,0,0,2,1,1,1,1,0,7,7,0,2,0,0,2,83,31,"Sydney","2021",1
26,"Parker, Luke",11,5,12,23,2,0,0,3,0,2,3,6,1,0,0,7,16,1,2,2,0,1,74,31,"Sydney","2021",1
24,"Rampe, Dane",16,5,6,22,0,0,0,3,7,4,1,6,3,4,0,8,11,0,0,3,0,0,95,31,"Sydney","2021",1
20,"Reid, Sam",5,5,1,6,2,1,5,2,0,1,0,1,0,1,0,3,3,3,3,5,0,0,84,31,"Sydney","2021",1
8,"Rowbottom, James",9,0,13,22,0,0,0,8,0,3,3,1,4,0,0,13,9,0,0,1,0,1,62,31,"Sydney","2021",1
1,"Warner, Chad",10,1,9,19,0,0,0,3,0,8,3,2,0,2,0,7,12,0,0,1,0,1,76,31,"Sydney","2021",1
45,"Wicks, Sam",6,2,6,12,2,0,0,5,0,1,0,1,1,0,0,5,7,1,0,1,1,0,85,31,"Sydney","2021",1
