"Number","Player","Kicks","Marks","Handballs","Disposals","Goals","Behinds","Hitouts","Tackles","Rebounds50s","Inside50s","Clearances","Clangers","FreesFor","FreesAgainst","BrownlowVotes","ContestedPossessions","UncontestedPossessions","ContestedMarks","MarksInside50","OnePercenters","Bounces","GoalAssists","PercentagePlayed","PointDifference","Team","Season","Round"
41,"Butts, Jordon",5,0,2,7,0,0,0,2,1,1,0,4,2,0,0,6,1,0,0,4,0,0,93,-5,"Adelaide","2021",12
39,"Doedee, Tom",11,4,5,16,0,0,0,0,6,0,0,3,1,1,0,7,7,3,0,8,0,0,100,-5,"Adelaide","2021",12
32,"Fogarty, Darcy",8,4,2,10,2,2,0,0,0,3,1,1,2,1,0,3,7,0,2,3,0,0,84,-5,"Adelaide","2021",12
17,"Hamill, Will",4,0,3,7,0,0,0,1,2,0,0,1,0,0,0,2,4,0,0,2,0,0,67,-5,"Adelaide","2021",12
1,"Jones, Chayce",8,1,7,15,0,0,0,3,0,1,1,4,1,2,0,5,9,0,0,5,0,0,76,-5,"Adelaide","2021",12
2,"Keays, Ben",17,3,16,33,0,1,0,6,1,4,5,4,1,1,0,10,21,0,0,2,1,0,84,-5,"Adelaide","2021",12
8,"Kelly, Jake",5,4,2,7,0,0,0,2,0,1,0,1,0,0,0,2,5,0,0,3,0,0,98,-5,"Adelaide","2021",12
29,"Laird, Rory",15,6,25,40,0,0,0,5,1,7,7,2,1,1,2,16,25,0,0,0,0,2,82,-5,"Adelaide","2021",12
14,"Mackay, David",6,0,4,10,0,0,0,2,1,3,2,1,2,0,0,5,4,0,0,0,0,1,84,-5,"Adelaide","2021",12
23,"McAdam, Shane",9,6,3,12,2,0,0,4,0,2,1,2,2,1,0,6,7,1,2,1,0,0,69,-5,"Adelaide","2021",12
25,"McHenry, Ned",3,2,11,14,1,0,0,7,0,0,1,3,0,1,0,9,7,0,1,0,0,0,87,-5,"Adelaide","2021",12
36,"McPherson, Andrew",3,2,4,7,0,0,0,1,0,0,0,1,0,1,0,2,4,0,0,2,0,0,80,-5,"Adelaide","2021",12
28,"Murray, Nick",0,0,0,0,0,0,0,0,0,0,0,0,0,0,0,0,0,0,0,0,0,0,0,-5,"Adelaide","2021",12
43,"OBrien, Reilly",10,7,9,19,0,0,27,4,1,4,4,2,2,1,0,12,5,5,0,7,0,1,94,-5,"Adelaide","2021",12
37,"OConnor, Ronin",2,2,7,9,0,0,0,0,0,1,1,4,0,2,0,3,7,0,0,0,0,0,57,-5,"Adelaide","2021",12
31,"Rowe, James",5,2,6,11,0,0,0,1,1,0,0,1,1,0,0,3,8,0,2,0,0,0,76,-5,"Adelaide","2021",12
26,"Schoenberg, Harry",13,1,6,19,0,0,0,1,0,9,3,5,1,1,0,6,14,0,0,0,0,1,80,-5,"Adelaide","2021",12
11,"Seedsman, Paul",18,7,9,27,2,0,0,4,4,4,2,2,0,0,1,4,23,0,0,0,0,1,82,-5,"Adelaide","2021",12
38,"Sholl, Lachlan",7,2,7,14,0,0,0,2,1,2,1,1,0,1,0,3,11,0,0,0,1,0,77,-5,"Adelaide","2021",12
9,"Sloane, Rory",13,4,10,23,0,0,0,5,0,3,4,2,2,1,0,9,14,1,0,2,0,0,77,-5,"Adelaide","2021",12
33,"Smith, Brodie",21,8,5,26,0,0,0,1,13,2,1,2,0,0,0,8,16,1,0,4,0,0,85,-5,"Adelaide","2021",12
7,"Thilthorpe, Riley",6,4,3,9,1,2,4,0,0,0,0,0,0,0,0,7,4,2,3,4,0,2,79,-5,"Adelaide","2021",12
13,"Walker, Taylor",13,6,9,22,2,6,6,1,0,3,4,2,1,1,0,14,8,2,5,1,0,1,87,-5,"Adelaide","2021",12
8,"Bianco, Trent",11,4,5,16,1,0,0,4,0,4,0,4,3,1,0,6,10,0,1,0,0,1,71,5,"Collingwood","2021",12
0,"Brown, Callum",4,2,7,11,0,0,0,7,0,1,2,2,0,1,0,2,8,0,0,0,0,1,37,5,"Collingwood","2021",12
14,"Cameron, Darcy",5,3,3,8,0,0,8,2,0,1,2,3,1,2,0,6,3,2,1,4,0,0,87,5,"Collingwood","2021",12
25,"Crisp, Jack",21,9,10,31,0,0,0,3,9,2,3,8,0,3,0,11,21,1,0,3,0,1,94,5,"Collingwood","2021",12
7,"Daicos, Josh",13,4,5,18,1,0,0,4,1,4,5,1,1,0,0,7,12,0,0,0,0,1,86,5,"Collingwood","2021",12
2,"de Goey, Jordan",12,9,3,15,1,1,0,1,1,3,2,3,1,1,0,7,10,1,4,1,0,1,87,5,"Collingwood","2021",12
5,"Elliott, Jamie",10,6,4,14,6,0,0,3,0,4,1,1,1,0,3,6,8,2,4,1,1,0,81,5,"Collingwood","2021",12
32,"Hoskin-Elliott, Will",16,7,5,21,0,0,0,4,2,4,0,2,1,1,0,5,14,0,1,3,0,1,82,5,"Collingwood","2021",12
15,"Lynch, Max",5,1,3,8,0,0,18,4,2,3,1,1,0,1,0,4,3,0,0,2,0,1,73,5,"Collingwood","2021",12
44,"Madgen, Jack",8,5,1,9,0,0,0,2,1,0,0,0,1,0,0,2,7,0,0,4,0,0,76,5,"Collingwood","2021",12
37,"Maynard, Brayden",15,4,4,19,0,0,0,3,4,3,1,1,0,0,0,5,12,0,0,5,0,1,81,5,"Collingwood","2021",12
41,"Mihocek, Brody",4,6,2,6,0,0,0,4,0,3,0,4,0,3,0,2,4,2,0,1,0,1,94,5,"Collingwood","2021",12
30,"Moore, Darcy",13,7,5,18,0,0,0,0,7,0,0,4,0,0,0,5,7,4,0,7,0,0,97,5,"Collingwood","2021",12
28,"Murphy, Nathan",6,2,3,9,0,1,0,1,0,1,0,1,2,0,0,5,4,0,0,2,0,0,75,5,"Collingwood","2021",12
9,"Noble, John",8,3,7,15,0,0,0,5,1,4,0,3,1,1,0,4,11,0,0,0,0,0,64,5,"Collingwood","2021",12
10,"Pendlebury, Scott",11,5,10,21,0,0,0,9,4,0,6,2,0,0,0,10,12,0,0,1,0,0,92,5,"Collingwood","2021",12
27,"Poulter, Caleb",16,10,4,20,1,1,0,3,0,3,1,2,0,0,0,6,15,0,1,0,0,0,85,5,"Collingwood","2021",12
3,"Quaynor, Isaac",13,8,4,17,0,0,0,5,4,0,0,6,1,2,0,5,12,1,0,1,0,0,92,5,"Collingwood","2021",12
1,"Rantall, Jay",1,2,7,8,0,0,0,1,0,0,0,2,0,1,0,1,7,0,1,0,0,0,72,5,"Collingwood","2021",12
23,"Roughead, Jordan",9,9,4,13,0,0,3,0,3,0,0,2,0,2,0,6,7,3,0,12,0,0,93,5,"Collingwood","2021",12
22,"Sidebottom, Steele",14,5,8,22,1,1,0,3,1,1,7,1,2,0,0,10,12,0,2,0,0,0,78,5,"Collingwood","2021",12
0,"Sier, Brayden",2,1,2,4,0,0,0,4,0,0,0,0,0,0,0,2,1,0,0,0,0,0,25,5,"Collingwood","2021",12
24,"Thomas, Josh",8,3,3,11,1,1,0,4,0,3,0,1,1,0,0,5,6,0,0,0,0,1,77,5,"Collingwood","2021",12
