"Number","Player","Kicks","Marks","Handballs","Disposals","Goals","Behinds","Hitouts","Tackles","Rebounds50s","Inside50s","Clearances","Clangers","FreesFor","FreesAgainst","BrownlowVotes","ContestedPossessions","UncontestedPossessions","ContestedMarks","MarksInside50","OnePercenters","Bounces","GoalAssists","PercentagePlayed","PointDifference","Team","Season","Round"
30,"Atkins, Tom",8,4,8,16,0,0,0,4,3,1,1,3,0,1,0,5,13,0,0,4,0,0,78,-4,"Geelong","2021",23
24,"Bews, Jed",8,6,7,15,0,0,0,2,1,0,2,3,0,1,0,6,10,0,0,1,0,0,78,-4,"Geelong","2021",23
46,"Blicavs, Mark",8,4,6,14,0,0,5,5,2,0,2,1,4,1,0,8,9,0,0,9,0,0,94,-4,"Geelong","2021",23
5,"Cameron, Jeremy",7,4,3,10,2,2,0,0,0,2,0,2,1,2,0,4,6,0,3,3,1,1,90,-4,"Geelong","2021",23
45,"Close, Brad",7,5,6,13,1,0,0,2,2,1,0,1,0,0,0,6,10,1,0,4,0,0,83,-4,"Geelong","2021",23
40,"Dahlhaus, Luke",6,3,7,13,1,2,0,3,1,1,1,3,1,0,0,7,7,0,1,3,0,1,74,-4,"Geelong","2021",23
35,"Dangerfield, Patrick",8,3,15,23,1,0,0,3,0,5,6,6,0,1,0,15,7,0,0,1,0,1,79,-4,"Geelong","2021",23
29,"Guthrie, Cameron",16,8,14,30,0,0,0,2,3,2,4,2,2,0,0,8,23,0,0,1,0,1,72,-4,"Geelong","2021",23
26,"Hawkins, Tom",9,5,3,12,4,0,1,2,0,0,0,1,1,0,0,6,5,1,2,2,0,1,97,-4,"Geelong","2021",23
25,"Henderson, Lachie",21,15,3,24,0,0,0,1,8,1,0,3,1,1,0,1,19,0,0,5,0,0,100,-4,"Geelong","2021",23
38,"Henry, Jack",8,6,6,14,0,0,0,4,1,1,0,2,1,0,0,6,9,0,0,8,0,1,100,-4,"Geelong","2021",23
4,"Higgins, Shaun",0,0,0,0,0,0,0,0,0,0,0,0,0,0,0,0,0,0,0,0,0,0,0,-4,"Geelong","2021",23
9,"Holmes, Max",4,2,14,18,0,0,0,7,3,3,5,2,0,0,0,10,8,0,0,1,0,1,65,-4,"Geelong","2021",23
8,"Kolodjashnij, Jake",12,7,3,15,0,0,0,0,1,3,0,2,1,0,0,2,13,0,0,5,0,0,83,-4,"Geelong","2021",23
27,"Menegola, Sam",20,7,5,25,0,0,0,2,6,4,1,5,0,0,0,9,16,0,0,0,0,0,84,-4,"Geelong","2021",23
32,"Miers, Gryan",8,1,5,13,0,0,0,1,2,2,0,1,2,0,0,5,8,0,0,0,0,0,77,-4,"Geelong","2021",23
42,"OConnor, Mark",10,6,5,15,0,0,0,0,2,1,1,3,0,2,0,6,9,0,0,2,0,0,87,-4,"Geelong","2021",23
3,"Parfitt, Brandan",12,0,10,22,0,0,0,8,0,7,5,4,3,3,0,9,11,0,0,0,0,0,68,-4,"Geelong","2021",23
23,"Rohan, Gary",3,2,5,8,2,1,0,3,0,0,0,3,0,2,0,3,5,0,2,1,0,0,88,-4,"Geelong","2021",23
14,"Selwood, Joel",17,4,11,28,1,0,0,6,0,3,6,5,5,2,2,16,11,0,0,1,0,1,64,-4,"Geelong","2021",23
37,"Simpson, Sam",8,2,4,12,0,0,0,2,0,3,0,2,0,0,0,2,10,0,0,0,0,1,71,-4,"Geelong","2021",23
7,"Smith, Isaac",20,11,4,24,0,0,0,1,5,5,0,1,1,0,0,2,19,0,0,1,0,0,89,-4,"Geelong","2021",23
1,"Stanley, Rhys",9,1,4,13,0,0,33,3,2,4,7,3,0,1,0,4,6,0,0,6,0,0,80,-4,"Geelong","2021",23
17,"Bowey, Jake",7,4,9,16,0,0,0,0,1,1,3,3,0,2,0,5,9,0,0,1,0,0,78,4,"Melbourne","2021",23
10,"Brayshaw, Angus",13,5,5,18,0,0,0,4,1,4,1,6,1,2,0,3,12,0,0,4,0,0,82,4,"Melbourne","2021",23
50,"Brown, Ben",7,5,2,9,2,0,0,1,0,4,1,2,1,1,0,3,6,1,3,2,0,0,79,4,"Melbourne","2021",23
31,"Fritsch, Bayley",6,2,1,7,1,2,0,4,0,2,0,1,1,1,0,2,6,0,1,0,1,0,86,4,"Melbourne","2021",23
11,"Gawn, Max",17,6,8,25,1,0,39,3,2,5,7,3,0,1,1,13,12,2,1,3,0,0,87,4,"Melbourne","2021",23
4,"Harmes, James",10,2,16,26,0,0,0,3,4,5,5,3,1,0,0,11,15,0,0,1,0,1,82,4,"Melbourne","2021",23
6,"Jackson, Luke",1,1,6,7,0,0,7,2,0,0,0,2,0,1,0,3,4,0,1,0,0,0,67,4,"Melbourne","2021",23
23,"Jordon, James",0,0,0,0,0,0,0,0,0,0,0,0,0,0,0,0,0,0,0,0,0,0,0,4,"Melbourne","2021",23
15,"Langdon, Ed",12,3,7,19,0,0,0,2,0,4,1,4,0,1,0,3,15,0,0,2,0,0,96,4,"Melbourne","2021",23
8,"Lever, Jake",11,8,11,22,0,0,0,1,4,2,0,1,1,1,0,10,11,4,0,5,0,1,100,4,"Melbourne","2021",23
1,"May, Steven",18,9,1,19,0,0,0,0,8,1,0,4,2,1,0,3,11,1,0,5,0,0,100,4,"Melbourne","2021",23
25,"McDonald, Tom",4,2,2,6,0,0,3,2,0,2,1,2,0,1,0,2,4,0,0,0,0,0,81,4,"Melbourne","2021",23
30,"Neal-Bullen, Alex",6,3,10,16,0,0,0,5,2,1,3,2,0,1,0,9,8,0,0,3,0,0,79,4,"Melbourne","2021",23
13,"Oliver, Clayton",17,2,20,37,2,1,0,7,1,7,9,6,4,3,3,26,11,1,0,1,0,1,90,4,"Melbourne","2021",23
5,"Petracca, Christian",13,3,13,26,0,0,0,3,3,4,6,3,1,1,0,11,14,0,0,2,0,2,89,4,"Melbourne","2021",23
35,"Petty, Harry",4,1,3,7,0,0,0,4,1,0,0,2,2,2,0,5,4,0,0,2,0,0,97,4,"Melbourne","2021",23
36,"Pickett, Kysaiah",12,4,2,14,3,1,0,3,0,5,3,2,0,1,0,6,6,0,1,0,1,1,72,4,"Melbourne","2021",23
24,"Rivers, Trent",5,3,7,12,0,0,0,3,3,1,0,2,0,1,0,1,9,0,0,1,0,0,65,4,"Melbourne","2021",23
3,"Salem, Christian",16,9,11,27,0,0,0,4,5,3,4,6,0,2,0,7,20,0,0,0,0,0,85,4,"Melbourne","2021",23
44,"Smith, Joel",3,4,3,6,0,0,0,2,0,0,0,0,0,0,0,3,5,0,0,4,0,0,76,4,"Melbourne","2021",23
9,"Spargo, Charlie",7,3,3,10,2,0,0,3,0,1,0,0,0,0,0,2,7,0,0,1,0,1,74,4,"Melbourne","2021",23
32,"Sparrow, Tom",10,6,2,12,0,0,0,5,1,2,0,3,2,0,0,7,6,3,1,0,0,0,62,4,"Melbourne","2021",23
7,"Viney, Jack",8,2,9,17,1,1,0,9,1,2,4,3,1,0,0,5,12,0,0,5,0,1,73,4,"Melbourne","2021",23
