"Number","Player","Kicks","Marks","Handballs","Disposals","Goals","Behinds","Hitouts","Tackles","Rebounds50s","Inside50s","Clearances","Clangers","FreesFor","FreesAgainst","BrownlowVotes","ContestedPossessions","UncontestedPossessions","ContestedMarks","MarksInside50","OnePercenters","Bounces","GoalAssists","PercentagePlayed","PointDifference","Team","Season","Round"
9,"Acres, Blake",14,8,13,27,0,0,1,4,1,3,4,3,1,1,0,8,20,1,1,0,0,0,78,27,"Fremantle","2021",13
11,"Aish, James",18,7,13,31,0,0,0,4,5,5,0,2,0,1,0,5,24,2,0,2,0,0,86,27,"Fremantle","2021",13
17,"Bewley, Brett",10,4,6,16,0,0,0,5,2,1,1,2,2,1,0,6,9,0,0,0,0,0,82,27,"Fremantle","2021",13
19,"Blakely, Connor",0,0,0,0,0,0,0,0,0,0,0,0,0,0,0,0,0,0,0,0,0,0,0,27,"Fremantle","2021",13
8,"Brayshaw, Andrew",16,9,13,29,0,1,0,5,3,6,6,6,2,2,2,7,22,0,1,1,0,1,77,27,"Fremantle","2021",13
5,"Cerra, Adam",10,4,11,21,0,1,0,6,3,4,4,3,0,2,0,8,14,0,0,2,0,1,81,27,"Fremantle","2021",13
33,"Colyer, Travis",11,6,5,16,1,1,0,2,2,3,1,1,0,0,0,2,12,0,0,1,0,1,81,27,"Fremantle","2021",13
6,"Conca, Reece",12,8,5,17,0,0,0,5,4,1,0,4,1,2,0,4,12,0,0,0,0,0,86,27,"Fremantle","2021",13
12,"Crowden, Mitch",3,2,1,4,0,0,0,2,0,2,0,0,1,0,0,2,2,0,0,0,0,0,68,27,"Fremantle","2021",13
4,"Darcy, Sean",13,5,4,17,1,1,40,6,2,5,7,2,5,2,3,13,6,1,2,3,0,0,82,27,"Fremantle","2021",13
44,"Duman, Taylin",14,9,8,22,0,0,0,1,2,1,0,2,1,1,0,5,14,2,0,5,0,0,83,27,"Fremantle","2021",13
23,"Henry, Liam",7,3,1,8,1,0,0,2,0,2,0,3,3,1,0,7,2,1,1,1,0,0,71,27,"Fremantle","2021",13
37,"Lobb, Rory",12,9,5,17,2,1,0,1,0,0,0,3,3,0,0,10,7,4,2,3,0,1,100,27,"Fremantle","2021",13
16,"Mundy, David",11,4,9,20,2,0,0,3,0,3,6,1,1,1,1,10,10,0,0,0,0,0,80,27,"Fremantle","2021",13
25,"Pearce, Alex",10,7,6,16,0,0,0,0,5,0,0,2,1,0,0,5,11,0,0,5,0,0,93,27,"Fremantle","2021",13
13,"Ryan, Luke",21,10,8,29,0,0,0,2,6,1,0,3,0,2,0,3,19,1,0,3,0,0,92,27,"Fremantle","2021",13
28,"Schultz, Lachie",7,4,4,11,1,0,0,1,0,3,0,1,1,1,0,4,6,0,1,0,0,0,78,27,"Fremantle","2021",13
3,"Serong, Caleb",11,6,8,19,0,0,0,5,1,3,4,2,1,0,0,7,12,0,0,0,0,1,73,27,"Fremantle","2021",13
35,"Treacy, Josh",9,7,6,15,2,3,0,2,0,1,0,2,1,1,0,6,9,2,4,2,0,0,98,27,"Fremantle","2021",13
18,"Tucker, Darcy",19,13,6,25,0,0,0,2,1,2,0,4,1,2,0,3,24,0,0,2,0,1,85,27,"Fremantle","2021",13
31,"Walker, Brandon",8,4,5,13,0,0,0,3,1,1,0,2,0,1,0,3,10,0,0,4,1,0,76,27,"Fremantle","2021",13
10,"Walters, Michael",7,3,8,15,1,1,0,3,0,1,1,4,1,2,0,9,6,1,2,0,1,1,87,27,"Fremantle","2021",13
34,"Western, Joel",3,1,1,4,0,0,0,2,0,0,0,2,0,0,0,2,3,0,0,2,1,1,65,27,"Fremantle","2021",13
15,"Anderson, Noah",6,1,6,12,0,0,0,2,0,4,1,3,1,2,0,3,9,0,0,3,1,0,75,-27,"Gold Coast","2021",13
10,"Ballard, Charlie",13,9,2,15,0,0,0,1,0,2,1,2,3,1,0,7,7,2,0,2,0,0,97,-27,"Gold Coast","2021",13
3,"Bowes, Jack",10,2,6,16,0,0,0,3,4,0,0,0,0,0,0,2,9,1,0,5,0,0,78,-27,"Gold Coast","2021",13
29,"Burgess, Chris",7,6,4,11,2,2,4,0,0,1,0,1,2,1,0,7,3,4,2,0,0,1,79,-27,"Gold Coast","2021",13
19,"Corbett, Josh",0,0,0,0,0,0,0,0,0,0,0,0,0,0,0,0,0,0,0,0,0,0,0,-27,"Gold Coast","2021",13
4,"Ellis, Brandon",14,6,11,25,0,0,0,4,1,4,1,5,0,1,0,5,20,0,0,2,1,0,93,-27,"Gold Coast","2021",13
26,"Flanders, Sam",8,2,6,14,1,2,0,2,0,3,0,1,3,1,0,5,9,0,0,1,0,0,78,-27,"Gold Coast","2021",13
46,"Graham, Caleb",1,2,2,3,0,0,0,0,0,0,0,3,0,3,0,0,3,0,0,5,0,0,96,-27,"Gold Coast","2021",13
1,"Greenwood, Hugh",6,1,10,16,0,0,1,10,1,4,5,0,1,0,0,10,6,0,1,3,0,2,80,-27,"Gold Coast","2021",13
39,"Holman, Nick",5,5,3,8,0,1,0,7,0,0,0,3,0,3,0,2,6,0,1,1,0,0,77,-27,"Gold Coast","2021",13
34,"King, Ben",6,3,1,7,0,2,0,1,0,2,0,5,0,1,0,3,5,0,2,2,0,0,96,-27,"Gold Coast","2021",13
23,"Lemmens, Sean",12,7,6,18,0,0,0,0,4,3,1,3,1,1,0,8,9,2,0,1,0,0,83,-27,"Gold Coast","2021",13
13,"Lukosius, Jack",13,4,6,19,0,1,0,2,4,4,0,4,0,2,0,4,14,0,0,1,0,0,79,-27,"Gold Coast","2021",13
17,"Markov, Oleg",11,7,4,15,0,0,0,2,3,2,1,0,0,0,0,4,11,1,0,2,5,0,83,-27,"Gold Coast","2021",13
11,"Miller, Touk",16,7,15,31,1,1,0,6,1,7,8,7,3,1,0,13,18,1,0,1,0,0,89,-27,"Gold Coast","2021",13
27,"Powell, Wil",20,7,6,26,0,1,0,0,8,3,0,7,3,2,0,8,15,0,0,5,0,0,88,-27,"Gold Coast","2021",13
22,"Rankine, Izak",5,1,3,8,2,0,0,2,0,0,1,1,1,0,0,5,3,0,0,3,0,0,75,-27,"Gold Coast","2021",13
41,"Rosas, Malcolm",2,1,0,2,0,2,0,4,1,1,0,2,0,1,0,1,1,0,1,1,0,0,60,-27,"Gold Coast","2021",13
18,"Rowell, Matt",5,2,9,14,0,0,0,2,1,1,3,1,1,0,0,8,6,0,0,2,0,0,73,-27,"Gold Coast","2021",13
6,"Sexton, Alex",3,0,3,6,0,0,0,4,1,2,0,4,2,1,0,3,3,0,0,0,0,0,76,-27,"Gold Coast","2021",13
32,"Smith, Zac",5,2,5,10,0,0,18,4,0,0,3,3,1,3,0,6,3,1,0,5,0,0,84,-27,"Gold Coast","2021",13
24,"Swallow, David",14,9,9,23,0,0,0,5,4,2,5,2,1,2,0,9,16,0,1,3,1,0,80,-27,"Gold Coast","2021",13
14,"Weller, Lachie",12,5,7,19,0,0,0,0,3,1,0,2,0,0,0,1,17,0,0,0,1,0,82,-27,"Gold Coast","2021",13
