"Number","Player","Kicks","Marks","Handballs","Disposals","Goals","Behinds","Hitouts","Tackles","Rebounds50s","Inside50s","Clearances","Clangers","FreesFor","FreesAgainst","BrownlowVotes","ContestedPossessions","UncontestedPossessions","ContestedMarks","MarksInside50","OnePercenters","Bounces","GoalAssists","PercentagePlayed","PointDifference","Team","Season","Round"
13,"Adams, Taylor",16,2,9,25,0,0,0,3,0,5,5,6,1,0,0,15,11,1,0,1,0,0,74,-1,"Collingwood","2021",3
17,"Brown, Callum",7,5,5,12,0,1,0,6,2,2,1,1,1,1,0,4,9,0,1,2,2,0,76,-1,"Collingwood","2021",3
6,"Brown, Tyler",9,2,7,16,0,0,0,1,2,3,4,4,1,1,0,5,11,0,0,1,1,0,83,-1,"Collingwood","2021",3
46,"Cox, Mason",9,4,3,12,2,1,9,1,1,4,1,2,1,0,0,5,4,0,1,1,0,1,85,-1,"Collingwood","2021",3
25,"Crisp, Jack",14,4,7,21,0,0,0,1,3,4,2,2,0,0,0,8,14,0,0,1,0,1,80,-1,"Collingwood","2021",3
7,"Daicos, Josh",9,2,6,15,2,2,0,2,0,2,0,0,1,0,0,6,8,0,0,0,0,0,83,-1,"Collingwood","2021",3
2,"de Goey, Jordan",12,4,6,18,1,0,0,0,0,2,2,4,0,0,0,6,11,0,1,1,0,0,89,-1,"Collingwood","2021",3
4,"Grundy, Brodie",11,5,17,28,0,1,54,6,2,3,5,7,0,3,2,18,11,1,1,3,0,1,84,-1,"Collingwood","2021",3
32,"Hoskin-Elliott, Will",4,2,2,6,0,0,0,1,0,3,0,3,0,0,0,0,6,0,1,2,1,1,78,-1,"Collingwood","2021",3
38,"Howe, Jeremy",17,8,5,22,1,0,0,7,4,3,0,2,0,2,0,6,11,3,0,5,0,0,91,-1,"Collingwood","2021",3
44,"Madgen, Jack",7,4,5,12,0,0,0,0,4,0,0,3,1,0,0,3,9,2,0,1,0,0,74,-1,"Collingwood","2021",3
37,"Maynard, Brayden",12,5,3,15,0,0,0,4,6,0,1,2,0,0,0,4,10,0,0,1,0,1,76,-1,"Collingwood","2021",3
16,"Mayne, Chris",6,3,9,15,0,0,0,4,0,1,1,0,1,0,0,7,9,0,0,1,0,0,72,-1,"Collingwood","2021",3
31,"McCreery, Beau",0,0,0,0,0,0,0,0,0,0,0,0,0,0,0,0,0,0,0,0,0,0,0,-1,"Collingwood","2021",3
41,"Mihocek, Brody",11,6,2,13,2,0,0,2,0,5,0,6,2,1,0,5,8,2,1,1,0,0,88,-1,"Collingwood","2021",3
30,"Moore, Darcy",11,7,3,14,0,0,0,2,4,0,1,2,2,2,0,6,9,0,0,4,1,0,92,-1,"Collingwood","2021",3
9,"Noble, John",16,5,4,20,0,0,0,2,6,2,0,0,0,0,0,5,15,0,0,1,0,0,93,-1,"Collingwood","2021",3
10,"Pendlebury, Scott",13,8,17,30,0,0,0,4,1,1,4,3,0,1,3,13,17,1,0,0,0,2,77,-1,"Collingwood","2021",3
3,"Quaynor, Isaac",14,9,10,24,0,0,0,2,7,2,1,0,2,0,0,8,16,0,0,1,0,0,83,-1,"Collingwood","2021",3
23,"Roughead, Jordan",17,17,3,20,0,0,0,2,3,0,0,2,1,1,0,4,16,2,0,5,1,0,94,-1,"Collingwood","2021",3
22,"Sidebottom, Steele",13,4,15,28,1,0,0,1,1,4,1,9,0,4,0,7,20,0,1,2,0,0,89,-1,"Collingwood","2021",3
36,"Sier, Brayden",9,2,11,20,1,0,0,2,1,3,5,2,2,0,0,14,8,0,0,1,0,0,69,-1,"Collingwood","2021",3
24,"Thomas, Josh",5,0,7,12,1,0,0,3,0,4,1,1,1,1,0,6,6,0,0,2,0,0,71,-1,"Collingwood","2021",3
24,"Adams, Marcus",8,5,4,12,0,0,0,1,3,0,0,4,0,2,0,6,6,2,0,4,0,0,90,1,"Brisbane Lions","2021",3
4,"Ah Chee, Callum",9,1,1,10,0,0,0,5,1,3,1,2,2,0,0,6,2,0,0,1,0,0,76,1,"Brisbane Lions","2021",3
31,"Andrews, Harris",11,10,10,21,0,0,0,2,1,0,0,6,1,2,0,11,11,3,0,4,0,0,99,1,"Brisbane Lions","2021",3
33,"Bailey, Zac",7,4,11,18,1,0,0,4,0,3,3,4,0,2,0,9,11,0,1,1,0,0,86,1,"Brisbane Lions","2021",3
38,"Ballenden, Connor",3,2,1,4,0,0,1,0,1,0,0,2,1,2,0,2,3,0,0,1,0,0,55,1,"Brisbane Lions","2021",3
13,"Berry, Tom",4,3,6,10,1,0,0,3,0,1,0,0,1,0,0,3,6,0,1,1,0,1,73,1,"Brisbane Lions","2021",3
14,"Birchall, Grant",14,12,8,22,0,0,0,0,3,0,0,2,0,0,0,5,17,0,0,3,0,0,81,1,"Brisbane Lions","2021",3
23,"Cameron, Charlie",6,3,2,8,2,1,0,1,0,3,1,3,0,3,0,2,6,1,2,1,1,0,78,1,"Brisbane Lions","2021",3
3,"Daniher, Joe",15,8,3,18,3,3,0,0,0,3,0,5,2,2,0,9,10,2,3,1,1,1,98,1,"Brisbane Lions","2021",3
21,"Fullarton, Tom",9,2,8,17,0,0,3,0,1,3,5,1,1,0,0,5,11,0,0,2,0,0,82,1,"Brisbane Lions","2021",3
30,"Hipwood, Eric",10,7,4,14,1,0,0,0,0,4,0,2,0,0,0,4,9,2,1,2,0,1,86,1,"Brisbane Lions","2021",3
35,"Lester, Ryan",9,9,7,16,0,0,0,6,2,1,0,0,0,0,0,3,13,0,0,3,0,0,81,1,"Brisbane Lions","2021",3
17,"Lyons, Jarryd",20,8,9,29,0,0,0,10,4,5,5,1,0,0,0,13,17,1,1,2,0,1,75,1,"Brisbane Lions","2021",3
11,"McCarthy, Lincoln",9,3,9,18,0,0,0,4,0,6,4,2,2,1,0,10,8,0,0,5,0,0,83,1,"Brisbane Lions","2021",3
6,"McCluggage, Hugh",23,8,5,28,1,1,0,2,4,4,3,5,0,0,0,9,19,0,2,0,0,0,88,1,"Brisbane Lions","2021",3
9,"Neale, Lachie",14,5,7,21,1,0,0,6,3,3,7,2,2,0,0,9,13,0,0,0,0,0,91,1,"Brisbane Lions","2021",3
40,"Payne, Jack",9,6,1,10,0,0,0,1,1,0,0,0,0,0,0,2,7,1,0,3,0,0,73,1,"Brisbane Lions","2021",3
20,"Prior, Jaxon",0,0,0,0,0,0,0,0,0,0,0,0,0,0,0,0,0,0,0,0,0,0,0,1,"Brisbane Lions","2021",3
10,"Rich, Daniel",22,5,6,28,1,0,0,4,8,5,0,4,1,1,1,6,22,0,0,5,0,1,85,1,"Brisbane Lions","2021",3
2,"Robertson, Deven",8,7,9,17,0,0,0,7,0,0,0,2,2,0,0,9,10,0,0,2,0,1,76,1,"Brisbane Lions","2021",3
5,"Robinson, Mitch",15,8,8,23,0,0,0,3,3,4,1,4,1,1,0,7,15,0,0,2,1,1,72,1,"Brisbane Lions","2021",3
37,"Starcevich, Brandon",12,4,1,13,0,0,0,3,2,1,0,2,0,0,0,4,8,0,0,4,0,0,91,1,"Brisbane Lions","2021",3
15,"Zorko, Dayne",21,11,3,24,0,1,0,8,4,9,0,3,1,1,0,5,18,0,0,0,0,2,81,1,"Brisbane Lions","2021",3
