"Number","Player","Kicks","Marks","Handballs","Disposals","Goals","Behinds","Hitouts","Tackles","Rebounds50s","Inside50s","Clearances","Clangers","FreesFor","FreesAgainst","BrownlowVotes","ContestedPossessions","UncontestedPossessions","ContestedMarks","MarksInside50","OnePercenters","Bounces","GoalAssists","PercentagePlayed","PointDifference","Team","Season","Round"
13,"Cox, Nik",4,4,3,7,0,0,1,5,0,1,0,0,0,0,0,1,6,0,0,1,0,0,79,-11,"Essendon","2021",15
2,"Draper, Sam",6,1,4,10,0,0,10,1,1,1,4,4,2,2,0,6,4,0,0,9,0,0,77,-11,"Essendon","2021",15
35,"Guelfi, Matt",3,3,12,15,0,0,0,9,0,3,1,1,1,0,0,6,9,0,0,2,0,0,78,-11,"Essendon","2021",15
33,"Ham, Brayden",9,5,11,20,0,1,0,0,0,3,0,4,0,1,0,4,17,0,0,1,0,0,80,-11,"Essendon","2021",15
21,"Heppell, Dyson",15,10,11,26,1,0,0,1,4,0,0,0,0,0,0,4,20,1,1,4,0,0,88,-11,"Essendon","2021",15
19,"Hind, Nick",11,1,6,17,0,0,0,2,5,1,2,3,1,1,0,7,10,0,0,1,2,0,84,-11,"Essendon","2021",15
26,"Hooker, Cale",4,3,9,13,1,0,1,0,0,2,1,4,0,1,0,7,6,0,1,1,0,0,80,-11,"Essendon","2021",15
23,"Jones, Harry",3,1,1,4,2,0,0,0,0,1,0,1,0,1,0,3,1,0,0,1,0,0,87,-11,"Essendon","2021",15
4,"Langford, Kyle",16,6,13,29,0,0,0,6,5,5,5,5,1,1,0,10,19,0,0,3,1,0,85,-11,"Essendon","2021",15
15,"Laverde, Jayden",7,5,10,17,0,0,0,2,1,1,0,3,0,1,0,3,14,1,0,2,0,0,85,-11,"Essendon","2021",15
43,"McDonald-Tipungwuti, Anthony",6,3,4,10,0,2,0,5,1,3,1,0,1,0,0,4,7,0,1,1,2,1,81,-11,"Essendon","2021",15
7,"Merrett, Zach",23,5,18,41,0,1,0,8,3,6,3,2,3,1,2,7,34,0,0,2,0,2,86,-11,"Essendon","2021",15
3,"Parish, Darcy",13,5,24,37,0,0,0,4,1,5,8,5,0,1,0,14,25,0,0,2,0,0,87,-11,"Essendon","2021",15
16,"Perkins, Archie",7,4,9,16,0,1,0,0,0,2,3,3,1,0,0,9,7,0,1,0,0,1,74,-11,"Essendon","2021",15
27,"Redman, Mason",14,2,7,21,0,0,0,4,6,1,0,1,0,0,0,2,16,0,0,1,1,0,77,-11,"Essendon","2021",15
14,"Ridley, Jordan",19,6,9,28,0,0,0,0,9,2,1,2,0,1,0,7,13,2,0,2,1,0,95,-11,"Essendon","2021",15
5,"Smith, Devon",7,4,7,14,1,0,0,4,0,2,1,2,0,0,0,5,9,0,2,1,0,0,76,-11,"Essendon","2021",15
17,"Stewart, James",9,6,5,14,0,0,0,2,7,1,0,3,1,1,0,3,11,0,0,1,0,0,88,-11,"Essendon","2021",15
25,"Stringer, Jake",12,5,12,24,1,2,0,5,0,7,5,4,0,2,0,7,17,0,1,0,3,0,84,-11,"Essendon","2021",15
45,"Waterman, Alec",7,5,6,13,0,0,0,2,1,3,1,6,0,1,0,5,9,2,0,0,0,0,78,-11,"Essendon","2021",15
20,"Wright, Peter",4,3,4,8,2,0,11,1,0,0,0,0,0,0,0,4,4,2,1,4,0,0,68,-11,"Essendon","2021",15
11,"Zaharakis, David",0,0,0,0,0,0,0,0,0,0,0,0,0,0,0,0,0,0,0,0,0,0,0,-11,"Essendon","2021",15
30,"Zerk-Thatcher, Brandon",6,6,7,13,0,0,0,0,3,0,0,2,0,0,0,3,9,1,0,2,0,0,84,-11,"Essendon","2021",15
10,"Brayshaw, Angus",15,8,9,24,0,1,0,1,5,1,0,4,0,1,0,5,19,1,1,2,0,2,84,11,"Melbourne","2021",15
31,"Fritsch, Bayley",9,5,1,10,0,1,0,1,0,4,0,0,1,0,0,3,7,0,2,1,0,1,96,11,"Melbourne","2021",15
11,"Gawn, Max",11,4,5,16,0,0,32,3,1,2,3,3,1,1,0,13,3,2,0,3,0,0,95,11,"Melbourne","2021",15
4,"Harmes, James",10,4,17,27,1,2,0,0,1,4,2,5,1,1,0,12,15,0,2,3,0,0,77,11,"Melbourne","2021",15
14,"Hibberd, Michael",12,7,6,18,0,0,0,3,2,1,1,3,0,0,0,6,12,0,0,0,0,0,89,11,"Melbourne","2021",15
29,"Hunt, Jayden",10,6,6,16,0,0,0,4,4,3,0,3,1,0,0,6,10,1,0,4,3,0,78,11,"Melbourne","2021",15
6,"Jackson, Luke",6,3,5,11,1,2,7,0,0,2,1,1,1,0,0,9,4,1,2,4,0,0,75,11,"Melbourne","2021",15
2,"Jones, Nathan",0,0,0,0,0,0,0,0,0,0,0,0,0,0,0,0,0,0,0,0,0,0,0,11,"Melbourne","2021",15
23,"Jordon, James",9,5,12,21,2,1,0,3,0,2,1,2,1,0,0,5,16,0,0,1,0,0,62,11,"Melbourne","2021",15
15,"Langdon, Ed",19,10,4,23,0,0,0,0,1,4,3,1,1,0,0,8,14,0,0,3,1,1,97,11,"Melbourne","2021",15
8,"Lever, Jake",9,8,9,18,0,0,0,1,5,1,1,0,0,0,0,8,10,2,0,6,0,0,100,11,"Melbourne","2021",15
1,"May, Steven",16,7,2,18,0,0,0,3,4,0,0,1,2,1,0,5,8,1,0,9,0,0,94,11,"Melbourne","2021",15
25,"McDonald, Tom",8,6,5,13,1,1,1,3,1,5,0,5,0,3,0,4,10,0,1,2,0,1,96,11,"Melbourne","2021",15
30,"Neal-Bullen, Alex",10,2,3,13,0,0,0,5,0,4,1,3,1,0,0,4,9,0,0,0,0,1,72,11,"Melbourne","2021",15
13,"Oliver, Clayton",10,6,24,34,0,0,0,0,0,8,7,4,0,1,3,15,19,0,0,0,1,0,87,11,"Melbourne","2021",15
5,"Petracca, Christian",15,6,11,26,2,0,0,4,2,6,2,8,0,0,1,12,14,0,2,1,0,0,91,11,"Melbourne","2021",15
35,"Petty, Harry",4,3,1,5,0,0,0,2,1,0,0,0,0,0,0,1,4,0,0,6,0,0,85,11,"Melbourne","2021",15
36,"Pickett, Kysaiah",4,1,8,12,0,0,0,0,0,2,3,3,0,1,0,9,5,0,1,1,0,0,73,11,"Melbourne","2021",15
24,"Rivers, Trent",9,5,4,13,0,0,0,2,4,0,0,1,1,0,0,4,8,1,0,1,2,0,70,11,"Melbourne","2021",15
3,"Salem, Christian",21,10,5,26,0,0,0,0,8,0,1,0,1,0,0,4,21,0,0,3,0,0,87,11,"Melbourne","2021",15
9,"Spargo, Charlie",6,2,1,7,1,0,0,3,0,3,0,3,2,1,0,6,2,1,2,1,0,0,68,11,"Melbourne","2021",15
32,"Sparrow, Tom",2,2,9,11,1,0,0,5,0,0,2,0,0,0,0,3,8,0,1,0,0,0,50,11,"Melbourne","2021",15
7,"Viney, Jack",10,4,7,17,0,0,0,4,2,4,4,4,1,0,0,8,10,0,0,1,0,0,74,11,"Melbourne","2021",15
