"Number","Player","Kicks","Marks","Handballs","Disposals","Goals","Behinds","Hitouts","Tackles","Rebounds50s","Inside50s","Clearances","Clangers","FreesFor","FreesAgainst","BrownlowVotes","ContestedPossessions","UncontestedPossessions","ContestedMarks","MarksInside50","OnePercenters","Bounces","GoalAssists","PercentagePlayed","PointDifference","Team","Season","Round"
16,"Bramble, Lachlan",18,7,7,25,0,0,0,1,1,7,0,1,1,0,0,3,19,1,0,1,2,1,86,19,"Hawthorn","2021",21
0,"Brockman, Tyler",3,2,2,5,0,0,0,0,0,0,0,1,0,0,0,1,5,0,0,1,0,0,24,19,"Hawthorn","2021",21
9,"Burgoyne, Shaun",11,10,7,18,1,0,0,1,4,2,0,1,0,0,0,3,15,0,1,2,0,0,80,19,"Hawthorn","2021",21
18,"Ceglar, Jonathon",6,6,14,20,0,0,21,1,3,2,8,4,1,2,0,13,8,3,0,4,0,1,78,19,"Hawthorn","2021",21
8,"Frost, Sam",9,7,5,14,0,0,0,0,5,0,2,2,0,1,0,5,10,1,0,4,0,0,92,19,"Hawthorn","2021",21
13,"Hanrahan, Oliver",5,3,4,9,0,0,0,0,0,2,0,2,0,0,0,1,8,0,0,0,0,0,71,19,"Hawthorn","2021",21
15,"Hardwick, Blake",20,11,8,28,0,1,0,1,3,1,1,2,1,1,0,6,21,0,0,6,0,1,85,19,"Hawthorn","2021",21
28,"Hartigan, Kyle",3,4,5,8,0,0,0,0,0,0,0,4,0,3,0,3,7,0,0,3,0,0,98,19,"Hawthorn","2021",21
17,"Howe, Daniel",12,5,6,18,2,0,0,1,2,0,1,1,1,0,0,2,16,0,1,0,0,0,80,19,"Hawthorn","2021",21
34,"Koschitzke, Jacob",5,2,4,9,3,0,0,1,1,0,0,0,0,0,0,3,5,1,2,3,0,0,90,19,"Hawthorn","2021",21
2,"Lewis, Mitch",7,6,2,9,1,0,0,1,0,1,1,2,1,1,0,3,6,1,1,0,0,1,81,19,"Hawthorn","2021",21
7,"McEvoy, Ben",3,3,6,9,1,0,14,1,0,1,2,0,1,0,0,6,3,2,1,5,0,1,79,19,"Hawthorn","2021",21
3,"Mitchell, Tom",21,10,23,44,1,0,0,3,1,7,8,4,3,1,3,12,33,0,0,1,0,1,85,19,"Hawthorn","2021",21
36,"Moore, Dylan",8,6,12,20,2,1,0,3,0,2,0,2,0,1,0,7,13,1,4,2,0,4,76,19,"Hawthorn","2021",21
1,"Morrison, Harry",8,4,7,15,0,0,0,2,2,5,0,3,0,1,0,4,11,0,0,1,0,1,76,19,"Hawthorn","2021",21
11,"Nash, Conor",10,5,10,20,1,0,0,5,1,3,4,1,1,0,0,6,14,0,0,2,0,0,77,19,"Hawthorn","2021",21
23,"OBrien, Tim",13,10,1,14,0,0,0,3,4,0,0,2,0,1,0,2,12,2,0,1,0,0,83,19,"Hawthorn","2021",21
10,"OMeara, Jaeger",9,4,18,27,1,0,0,3,1,2,3,6,0,4,0,6,21,0,1,2,0,0,80,19,"Hawthorn","2021",21
21,"Phillips, Tom",21,8,5,26,0,0,0,1,1,2,1,2,3,0,0,6,20,0,0,0,0,1,79,19,"Hawthorn","2021",21
14,"Scrimshaw, Jack",16,12,10,26,1,0,0,2,1,3,1,1,1,0,1,4,22,0,0,1,1,2,77,19,"Hawthorn","2021",21
26,"Shiels, Liam",6,5,20,26,0,0,0,3,1,1,3,1,0,0,0,10,16,0,0,3,0,0,86,19,"Hawthorn","2021",21
20,"Wingard, Chad",17,4,13,30,0,0,0,4,0,6,3,4,1,1,2,6,23,0,0,0,0,1,82,19,"Hawthorn","2021",21
0,"Worpel, James",7,3,6,13,1,0,0,1,0,1,1,2,0,1,0,2,11,0,0,1,0,0,55,19,"Hawthorn","2021",21
13,"Adams, Taylor",18,6,12,30,0,0,0,4,5,3,6,8,3,2,0,10,20,0,0,2,1,0,83,-19,"Collingwood","2021",21
8,"Bianco, Trent",0,0,0,0,0,0,0,0,0,0,0,0,0,0,0,0,0,0,0,0,0,0,0,-19,"Collingwood","2021",21
14,"Cameron, Darcy",8,5,3,11,1,1,10,1,1,1,2,0,3,0,0,9,2,4,1,1,0,0,86,-19,"Collingwood","2021",21
25,"Crisp, Jack",13,7,15,28,0,0,0,3,2,1,3,4,0,0,0,9,21,0,0,8,2,0,85,-19,"Collingwood","2021",21
2,"de Goey, Jordan",14,6,14,28,0,0,0,2,1,4,8,5,1,1,0,12,15,0,0,1,0,0,80,-19,"Collingwood","2021",21
5,"Elliott, Jamie",10,4,4,14,2,1,0,0,0,3,1,3,2,1,0,3,12,0,1,2,1,0,84,-19,"Collingwood","2021",21
33,"Ginnivan, Jack",6,3,1,7,3,0,0,1,0,2,0,0,2,0,0,2,5,0,1,1,0,0,74,-19,"Collingwood","2021",21
4,"Grundy, Brodie",9,6,7,16,1,0,31,6,2,3,4,4,0,2,0,10,5,2,1,3,0,1,81,-19,"Collingwood","2021",21
35,"Henry, Oliver",11,7,0,11,1,0,0,3,1,3,0,3,2,0,0,4,9,1,1,1,0,0,67,-19,"Collingwood","2021",21
32,"Hoskin-Elliott, Will",11,7,5,16,0,0,0,3,0,4,0,4,0,0,0,4,12,1,1,0,0,2,90,-19,"Collingwood","2021",21
38,"Howe, Jeremy",11,5,5,16,0,0,0,3,7,0,0,3,0,1,0,4,8,1,0,3,1,0,89,-19,"Collingwood","2021",21
18,"Macrae, Finlay",8,4,12,20,1,0,0,2,0,2,2,1,0,1,0,5,15,0,0,0,0,0,61,-19,"Collingwood","2021",21
44,"Madgen, Jack",7,4,8,15,0,0,0,1,2,1,0,0,0,0,0,5,9,1,0,6,0,1,90,-19,"Collingwood","2021",21
37,"Maynard, Brayden",16,9,5,21,0,0,0,5,4,2,1,2,1,0,0,2,18,0,0,2,0,0,91,-19,"Collingwood","2021",21
16,"Mayne, Chris",9,7,17,26,0,0,0,3,1,0,0,2,0,0,0,3,23,0,0,2,0,0,82,-19,"Collingwood","2021",21
31,"McCreery, Beau",6,5,4,10,0,1,0,1,0,4,0,2,0,2,0,2,9,0,0,1,0,2,71,-19,"Collingwood","2021",21
41,"Mihocek, Brody",7,6,1,8,2,0,0,1,0,1,0,2,0,1,0,2,4,2,1,0,0,0,87,-19,"Collingwood","2021",21
9,"Noble, John",12,4,6,18,0,0,0,2,2,2,0,4,0,2,0,3,15,0,0,0,1,1,81,-19,"Collingwood","2021",21
3,"Quaynor, Isaac",9,4,9,18,0,0,0,1,3,1,1,7,1,1,0,7,12,0,0,6,0,0,89,-19,"Collingwood","2021",21
23,"Roughead, Jordan",8,4,2,10,0,0,0,3,0,2,0,2,1,1,0,3,6,0,0,6,0,0,92,-19,"Collingwood","2021",21
21,"Ruscoe, Trey",9,3,3,12,0,0,0,2,1,1,0,3,1,0,0,4,8,0,0,2,0,0,74,-19,"Collingwood","2021",21
22,"Sidebottom, Steele",10,2,12,22,1,0,0,6,0,2,4,3,1,0,0,9,12,0,0,0,0,1,87,-19,"Collingwood","2021",21
24,"Thomas, Josh",8,5,10,18,0,1,0,0,0,3,1,3,0,0,0,5,12,0,1,0,0,1,74,-19,"Collingwood","2021",21
