"Number","Player","Kicks","Marks","Handballs","Disposals","Goals","Behinds","Hitouts","Tackles","Rebounds50s","Inside50s","Clearances","Clangers","FreesFor","FreesAgainst","BrownlowVotes","ContestedPossessions","UncontestedPossessions","ContestedMarks","MarksInside50","OnePercenters","Bounces","GoalAssists","PercentagePlayed","PointDifference","Team","Season","Round"
18,"Atley, Shaun",9,6,6,15,1,0,0,3,3,1,2,1,0,0,0,3,12,0,0,0,1,0,91,-30,"North Melbourne","2021",7
0,"Bonar, Aiden",3,3,0,3,0,0,0,0,1,0,0,0,0,0,0,1,2,1,0,1,0,0,22,-30,"North Melbourne","2021",7
15,"Bosenavulagi, Atu",7,3,8,15,0,0,0,2,1,2,0,1,1,0,0,6,8,0,0,1,0,0,72,-30,"North Melbourne","2021",7
42,"Campbell, Tom",5,4,6,11,2,0,8,0,0,0,2,4,1,2,0,6,5,1,2,4,0,0,68,-30,"North Melbourne","2021",7
10,"Cunnington, Ben",19,1,16,35,2,0,0,6,3,3,8,8,4,2,3,20,17,0,0,2,0,0,84,-30,"North Melbourne","2021",7
22,"Goldstein, Todd",5,2,6,11,0,0,23,0,0,2,4,1,1,0,0,6,6,0,0,5,0,1,94,-30,"North Melbourne","2021",7
43,"Hall, Aaron",25,12,8,33,0,0,0,4,6,4,4,5,0,0,0,5,27,0,0,1,1,1,81,-30,"North Melbourne","2021",7
20,"Larkey, Nick",7,5,6,13,2,1,1,0,1,2,1,2,1,1,0,5,8,2,2,1,0,0,82,-30,"North Melbourne","2021",7
35,"Lazzaro, Charlie",8,3,7,15,0,0,0,2,2,2,1,4,1,0,0,4,11,1,0,1,0,0,66,-30,"North Melbourne","2021",7
1,"Mahony, Jack",4,4,10,14,1,0,0,2,0,2,1,2,0,1,0,8,7,0,0,2,0,0,73,-30,"North Melbourne","2021",7
23,"McKay, Ben",4,3,1,5,0,0,0,0,0,1,0,2,1,1,0,3,2,1,0,14,0,0,95,-30,"North Melbourne","2021",7
0,"Menadue, Connor",6,3,2,8,0,0,0,1,3,0,0,1,1,1,0,1,7,0,0,1,0,0,57,-30,"North Melbourne","2021",7
29,"Phillips, Will",9,4,7,16,0,1,0,3,0,2,1,2,0,0,0,6,10,0,0,1,0,0,77,-30,"North Melbourne","2021",7
24,"Powell, Tom",14,4,9,23,1,0,0,6,0,6,1,2,2,0,0,7,17,0,1,0,0,2,79,-30,"North Melbourne","2021",7
12,"Simpkin, Jy",13,8,17,30,1,1,0,1,1,2,4,3,2,0,0,9,20,0,1,3,0,0,87,-30,"North Melbourne","2021",7
2,"Stephenson, Jaidyn",13,7,5,18,0,1,0,2,1,6,0,2,1,1,0,4,14,0,2,2,0,3,88,-30,"North Melbourne","2021",7
5,"Taylor, Curtis",2,0,5,7,0,0,0,3,0,2,0,5,0,1,0,5,2,0,0,0,0,0,76,-30,"North Melbourne","2021",7
26,"Thomas, Tarryn",9,2,6,15,0,0,0,3,0,3,4,3,1,1,0,9,6,0,0,4,0,1,72,-30,"North Melbourne","2021",7
28,"Turner, Kayne",14,5,13,27,0,0,0,6,3,4,5,3,2,0,0,12,14,0,0,2,0,0,85,-30,"North Melbourne","2021",7
19,"Walker, Josh",7,8,4,11,0,0,0,1,1,0,0,1,0,1,0,5,6,2,0,11,0,0,88,-30,"North Melbourne","2021",7
17,"Young, Lachie",8,3,3,11,0,0,0,2,3,2,2,3,2,2,0,5,6,1,0,4,0,0,88,-30,"North Melbourne","2021",7
7,"Ziebell, Jack",19,9,4,23,0,0,0,2,5,3,0,5,0,0,0,5,13,2,0,2,0,0,94,-30,"North Melbourne","2021",7
44,"Zurhaar, Cameron",7,3,1,8,1,1,0,2,0,2,0,3,0,2,0,1,8,0,1,1,1,1,79,-30,"North Melbourne","2021",7
33,"Baker, Oskar",12,5,3,15,0,0,0,4,1,6,2,2,0,0,0,3,12,0,0,1,1,0,85,30,"Melbourne","2021",7
10,"Brayshaw, Angus",7,4,8,15,0,0,0,4,1,1,3,3,1,2,0,10,7,1,0,3,0,0,78,30,"Melbourne","2021",7
50,"Brown, Ben",4,1,1,5,2,1,0,2,0,0,0,1,1,1,0,6,2,0,1,2,0,1,74,30,"Melbourne","2021",7
31,"Fritsch, Bayley",10,6,4,14,6,1,0,1,0,1,0,6,0,4,2,6,9,1,2,0,0,0,93,30,"Melbourne","2021",7
11,"Gawn, Max",5,4,8,13,0,1,28,2,1,0,1,4,1,3,0,5,8,0,1,6,0,0,97,30,"Melbourne","2021",7
14,"Hibberd, Michael",13,10,6,19,0,0,0,0,3,1,0,1,1,0,0,4,15,2,0,0,0,0,82,30,"Melbourne","2021",7
29,"Hunt, Jayden",6,5,5,11,0,0,0,2,0,2,0,0,0,0,0,2,9,1,0,1,0,0,77,30,"Melbourne","2021",7
6,"Jackson, Luke",6,2,16,22,1,0,7,2,1,1,2,1,1,0,0,7,15,0,0,1,0,1,79,30,"Melbourne","2021",7
0,"Jones, Nathan",7,5,7,14,0,0,0,2,2,1,2,1,0,0,0,3,11,0,0,0,0,0,59,30,"Melbourne","2021",7
23,"Jordon, James",10,3,10,20,1,0,0,7,0,4,4,2,1,1,0,5,15,0,0,0,0,0,72,30,"Melbourne","2021",7
15,"Langdon, Ed",17,12,8,25,1,0,0,2,4,2,2,1,1,0,0,5,19,0,1,0,2,0,93,30,"Melbourne","2021",7
8,"Lever, Jake",13,7,4,17,0,0,0,2,4,2,0,2,2,2,0,6,10,2,0,3,0,0,100,30,"Melbourne","2021",7
1,"May, Steven",21,14,4,25,0,0,0,1,8,1,0,2,0,0,0,4,20,2,0,12,0,0,100,30,"Melbourne","2021",7
25,"McDonald, Tom",8,5,7,15,0,0,1,1,4,1,0,1,0,0,0,4,11,0,0,4,0,0,92,30,"Melbourne","2021",7
18,"Melksham, Jake",10,6,7,17,0,0,0,3,1,6,0,7,1,2,0,5,11,1,1,0,0,2,68,30,"Melbourne","2021",7
30,"Neal-Bullen, Alex",6,2,4,10,0,0,0,0,0,2,0,6,1,3,0,5,7,0,0,1,1,1,71,30,"Melbourne","2021",7
13,"Oliver, Clayton",13,2,12,25,1,0,0,5,3,6,7,3,2,1,0,17,9,0,0,0,1,0,88,30,"Melbourne","2021",7
5,"Petracca, Christian",16,7,7,23,0,1,0,4,0,9,8,4,0,1,0,9,13,0,2,0,0,0,88,30,"Melbourne","2021",7
36,"Pickett, Kysaiah",9,2,8,17,3,2,0,2,0,2,2,2,1,1,1,12,7,0,0,1,3,2,77,30,"Melbourne","2021",7
24,"Rivers, Trent",11,6,3,14,0,0,0,3,3,1,1,1,0,0,0,4,9,1,0,1,0,0,68,30,"Melbourne","2021",7
3,"Salem, Christian",19,4,10,29,0,0,0,3,3,0,1,1,2,0,0,9,19,0,0,1,1,0,81,30,"Melbourne","2021",7
9,"Spargo, Charlie",8,5,2,10,1,0,0,2,0,3,0,0,0,0,0,5,6,2,0,0,0,0,73,30,"Melbourne","2021",7
0,"Tomlinson, Adam",0,0,0,0,0,0,0,0,0,0,0,0,0,0,0,0,0,0,0,0,0,0,6,30,"Melbourne","2021",7
