"Number","Player","Kicks","Marks","Handballs","Disposals","Goals","Behinds","Hitouts","Tackles","Rebounds50s","Inside50s","Clearances","Clangers","FreesFor","FreesAgainst","BrownlowVotes","ContestedPossessions","UncontestedPossessions","ContestedMarks","MarksInside50","OnePercenters","Bounces","GoalAssists","PercentagePlayed","PointDifference","Team","Season","Round"
13,"Adams, Taylor",16,6,13,29,0,1,0,3,0,2,8,7,2,2,1,16,18,0,0,3,0,0,71,-1,"Collingwood","2021",10
17,"Brown, Callum",4,0,9,13,0,1,0,3,0,0,0,2,1,1,0,6,7,0,0,0,0,1,71,-1,"Collingwood","2021",10
6,"Brown, Tyler",2,0,11,13,0,0,0,3,1,1,2,2,0,1,0,5,8,0,0,0,0,0,72,-1,"Collingwood","2021",10
14,"Cameron, Darcy",5,4,4,9,1,0,9,1,0,1,0,1,1,1,0,7,3,2,1,0,0,0,85,-1,"Collingwood","2021",10
25,"Crisp, Jack",13,7,13,26,0,2,0,7,2,7,4,2,1,0,0,9,18,1,1,1,0,0,94,-1,"Collingwood","2021",10
7,"Daicos, Josh",13,4,6,19,1,0,0,4,1,2,3,1,1,0,0,6,12,0,0,0,0,0,77,-1,"Collingwood","2021",10
2,"de Goey, Jordan",7,4,2,9,0,2,0,1,0,1,2,1,0,1,0,5,5,1,1,1,0,1,94,-1,"Collingwood","2021",10
4,"Grundy, Brodie",14,5,9,23,2,1,33,5,2,6,9,3,1,0,3,14,10,2,0,1,0,0,85,-1,"Collingwood","2021",10
32,"Hoskin-Elliott, Will",14,7,7,21,0,0,0,4,2,4,2,4,1,2,0,9,13,0,0,5,0,1,96,-1,"Collingwood","2021",10
37,"Maynard, Brayden",15,8,5,20,0,0,0,0,4,3,1,1,0,1,0,3,14,0,0,1,0,0,73,-1,"Collingwood","2021",10
16,"Mayne, Chris",21,13,4,25,0,0,0,2,2,1,0,0,0,0,0,1,23,1,0,5,1,0,90,-1,"Collingwood","2021",10
31,"McCreery, Beau",6,4,2,8,3,1,0,2,0,0,0,1,0,0,0,0,7,0,2,1,0,0,77,-1,"Collingwood","2021",10
41,"Mihocek, Brody",8,4,3,11,0,0,0,0,0,3,0,2,0,0,0,5,6,1,1,1,0,0,79,-1,"Collingwood","2021",10
30,"Moore, Darcy",20,15,5,25,0,0,0,1,4,2,0,2,0,0,0,6,17,2,0,7,0,0,97,-1,"Collingwood","2021",10
28,"Murphy, Nathan",0,0,0,0,0,0,0,0,0,0,0,0,0,0,0,0,0,0,0,0,0,0,0,-1,"Collingwood","2021",10
9,"Noble, John",15,6,8,23,0,0,0,1,5,2,0,3,2,0,0,8,16,0,0,0,0,0,75,-1,"Collingwood","2021",10
10,"Pendlebury, Scott",8,4,10,18,0,0,0,0,1,1,1,5,0,1,0,6,11,0,0,0,0,0,82,-1,"Collingwood","2021",10
27,"Poulter, Caleb",17,12,5,22,1,1,0,1,1,4,2,4,0,0,0,3,19,0,1,0,0,0,80,-1,"Collingwood","2021",10
3,"Quaynor, Isaac",14,5,12,26,0,0,0,0,5,2,0,3,1,0,0,5,19,0,0,4,0,0,92,-1,"Collingwood","2021",10
23,"Roughead, Jordan",16,15,5,21,0,0,0,4,6,3,0,2,1,1,0,7,15,3,0,7,0,1,100,-1,"Collingwood","2021",10
22,"Sidebottom, Steele",17,9,10,27,0,0,0,2,1,3,1,6,3,0,0,8,18,0,0,3,2,0,76,-1,"Collingwood","2021",10
24,"Thomas, Josh",7,4,6,13,0,0,0,4,0,2,0,2,1,0,0,5,10,0,0,1,0,0,69,-1,"Collingwood","2021",10
12,"Wilson, Tom",7,2,10,17,0,0,0,1,2,1,0,3,0,1,0,3,13,0,0,0,0,0,66,-1,"Collingwood","2021",10
21,"Aliir, Aliir",11,7,3,14,0,0,0,4,3,0,0,2,1,1,0,5,9,1,0,9,0,0,100,1,"Port Adelaide","2021",10
15,"Amon, Karl",5,2,10,15,0,0,0,0,0,3,1,3,0,2,0,6,9,0,0,0,0,0,83,1,"Port Adelaide","2021",10
14,"Bergman, Miles",0,0,0,0,0,0,0,0,0,0,0,0,0,0,0,0,0,0,0,0,0,0,0,1,"Port Adelaide","2021",10
10,"Boak, Travis",16,3,11,27,0,1,0,3,3,4,8,4,1,1,2,13,14,0,0,2,0,0,82,1,"Port Adelaide","2021",10
26,"Bonner, Riley",11,4,4,15,0,0,0,0,2,3,2,3,0,1,0,5,10,0,0,4,0,0,76,1,"Port Adelaide","2021",10
3,"Burton, Ryan",12,4,3,15,0,0,0,4,4,1,1,3,1,1,0,4,6,0,1,1,0,0,80,1,"Port Adelaide","2021",10
33,"Byrne-Jones, Darcy",13,5,5,18,0,0,0,4,4,1,0,5,1,2,0,3,14,0,0,1,2,0,78,1,"Port Adelaide","2021",10
22,"Dixon, Charlie",7,4,6,13,1,2,1,1,0,1,2,2,1,1,0,9,4,2,2,2,0,2,100,1,"Port Adelaide","2021",10
28,"Drew, Willem",9,5,6,15,0,0,0,6,0,5,4,1,1,0,0,8,6,0,0,1,0,0,69,1,"Port Adelaide","2021",10
24,"Farrell, Kane",14,6,9,23,0,1,0,2,1,5,0,3,0,2,0,5,18,0,0,0,0,2,80,1,"Port Adelaide","2021",10
19,"Georgiades, Mitch",6,5,4,10,0,1,0,2,0,2,0,1,1,0,0,6,6,1,2,4,0,0,72,1,"Port Adelaide","2021",10
9,"Gray, Robbie",8,6,10,18,3,0,0,4,1,2,2,0,0,0,0,7,11,2,2,0,0,0,86,1,"Port Adelaide","2021",10
8,"Hartlett, Hamish",7,3,2,9,0,0,0,1,2,1,1,4,1,2,0,2,8,0,0,0,0,0,73,1,"Port Adelaide","2021",10
5,"Houston, Dan",6,1,6,12,1,1,0,2,0,1,3,4,0,1,0,5,7,0,0,1,0,0,68,1,"Port Adelaide","2021",10
1,"Jonas, Tom",13,7,2,15,0,0,0,1,7,0,0,0,1,0,0,4,8,1,0,5,0,0,97,1,"Port Adelaide","2021",10
34,"Jones, Lachie",6,3,6,12,0,0,0,1,1,1,0,2,0,0,0,6,6,0,0,2,0,0,79,1,"Port Adelaide","2021",10
38,"Ladhams, Peter",12,9,9,21,0,0,10,1,2,5,3,1,0,0,0,9,11,4,0,3,0,0,86,1,"Port Adelaide","2021",10
4,"Marshall, Todd",7,4,0,7,1,0,0,2,2,2,0,3,1,1,0,3,6,1,1,2,0,1,69,1,"Port Adelaide","2021",10
12,"McKenzie, Trent",14,6,2,16,0,0,0,1,6,1,0,2,0,1,0,5,9,2,0,6,0,0,93,1,"Port Adelaide","2021",10
6,"Motlop, Steven",7,2,8,15,0,0,0,0,1,2,0,0,0,0,0,6,9,0,0,1,0,1,83,1,"Port Adelaide","2021",10
2,"Powell-Pepper, Sam",11,7,7,18,1,1,0,8,1,4,0,1,1,0,0,7,10,0,2,0,0,1,82,1,"Port Adelaide","2021",10
20,"Rozee, Connor",4,1,4,8,0,0,0,6,0,0,0,2,1,0,0,0,8,0,0,3,0,0,85,1,"Port Adelaide","2021",10
16,"Wines, Ollie",17,5,10,27,1,1,0,3,2,4,2,3,0,0,0,9,17,0,0,1,0,0,78,1,"Port Adelaide","2021",10
