"Number","Player","Kicks","Marks","Handballs","Disposals","Goals","Behinds","Hitouts","Tackles","Rebounds50s","Inside50s","Clearances","Clangers","FreesFor","FreesAgainst","BrownlowVotes","ContestedPossessions","UncontestedPossessions","ContestedMarks","MarksInside50","OnePercenters","Bounces","GoalAssists","PercentagePlayed","PointDifference","Team","Season","Round"
4,"Bontempelli, Marcus",16,6,14,30,0,1,0,8,3,6,5,4,2,3,0,13,20,0,0,6,0,0,84,-28,"Western Bulldogs","2021",11
17,"Bruce, Josh",4,2,0,4,3,1,0,1,0,0,0,1,0,1,0,1,3,0,2,0,0,0,88,-28,"Western Bulldogs","2021",11
0,"Butler, Louis",6,5,4,10,0,0,0,2,0,0,1,2,0,1,0,1,9,0,1,1,0,0,54,-28,"Western Bulldogs","2021",11
12,"Cordy, Zaine",15,8,1,16,0,0,0,0,8,0,0,2,2,1,0,4,12,1,0,8,0,0,100,-28,"Western Bulldogs","2021",11
9,"Crozier, Hayden",18,9,8,26,0,0,0,3,3,2,0,1,2,0,0,7,18,1,0,3,1,0,79,-28,"Western Bulldogs","2021",11
31,"Dale, Bailey",21,10,9,30,0,0,0,1,3,3,2,4,0,0,0,3,21,0,0,2,6,1,80,-28,"Western Bulldogs","2021",11
35,"Daniel, Caleb",15,3,11,26,1,0,0,1,2,2,2,5,1,1,0,5,17,0,0,0,1,0,84,-28,"Western Bulldogs","2021",11
15,"Duryea, Taylor",9,3,6,15,0,0,0,1,0,3,0,0,0,0,0,3,12,0,0,3,0,0,81,-28,"Western Bulldogs","2021",11
44,"English, Tim",9,9,6,15,2,0,9,3,1,1,1,1,0,1,0,3,11,1,2,4,0,0,82,-28,"Western Bulldogs","2021",11
0,"Garcia, Riley",1,0,1,2,0,0,0,0,0,0,0,1,0,0,0,1,1,0,0,0,0,0,19,-28,"Western Bulldogs","2021",11
7,"Hunter, Lachie",16,4,11,27,0,0,0,2,2,3,3,1,3,0,0,8,19,0,1,4,0,2,81,-28,"Western Bulldogs","2021",11
39,"Johannisen, Jason",4,3,4,8,0,0,0,4,0,3,0,0,0,0,0,2,6,0,0,1,0,1,78,-28,"Western Bulldogs","2021",11
42,"Keath, Alex",5,3,3,8,0,0,0,4,0,1,0,2,1,1,0,2,6,0,0,5,0,0,100,-28,"Western Bulldogs","2021",11
21,"Liberatore, Tom",11,4,5,16,0,0,0,6,0,6,4,4,2,1,0,8,9,0,1,0,0,0,77,-28,"Western Bulldogs","2021",11
27,"Lipinski, Patrick",11,7,12,23,0,0,0,4,2,1,4,3,1,0,0,8,17,0,0,4,0,0,79,-28,"Western Bulldogs","2021",11
11,"Macrae, Jack",20,7,16,36,0,0,0,9,1,6,6,2,1,1,0,11,25,0,0,1,0,1,86,-28,"Western Bulldogs","2021",11
30,"McNeil, Lachlan",4,3,5,9,0,1,0,1,0,1,0,2,0,1,0,5,4,0,1,3,0,0,87,-28,"Western Bulldogs","2021",11
33,"Naughton, Aaron",8,8,6,14,1,1,0,0,0,3,0,2,0,2,0,9,5,3,3,1,2,0,86,-28,"Western Bulldogs","2021",11
6,"Smith, Bailey",16,2,11,27,0,0,0,3,2,4,5,4,0,1,0,7,19,0,0,0,0,0,78,-28,"Western Bulldogs","2021",11
37,"Smith, Roarke",9,4,11,20,0,0,0,1,0,3,2,1,0,0,0,8,12,1,0,5,0,1,74,-28,"Western Bulldogs","2021",11
41,"Sweet, Jordon",1,1,2,3,0,0,17,1,1,0,1,1,0,0,0,2,1,0,0,3,0,0,67,-28,"Western Bulldogs","2021",11
19,"Weightman, Cody",5,2,5,10,1,1,0,2,0,3,0,1,0,0,0,4,6,0,0,0,0,0,79,-28,"Western Bulldogs","2021",11
34,"Williams, Bailey",11,2,7,18,0,0,0,0,3,1,0,2,1,0,0,3,14,0,0,4,2,0,77,-28,"Western Bulldogs","2021",11
10,"Brayshaw, Angus",9,6,4,13,0,0,0,3,1,3,0,0,1,0,0,4,10,0,0,5,0,0,85,28,"Melbourne","2021",11
31,"Fritsch, Bayley",11,10,1,12,3,2,0,1,0,1,0,1,1,1,0,2,10,0,4,1,0,0,82,28,"Melbourne","2021",11
11,"Gawn, Max",13,5,8,21,1,1,27,4,2,4,5,6,1,1,2,13,7,4,0,5,0,1,84,28,"Melbourne","2021",11
4,"Harmes, James",11,5,12,23,1,0,0,7,3,3,5,4,0,3,0,11,14,1,0,3,0,0,87,28,"Melbourne","2021",11
14,"Hibberd, Michael",7,2,3,10,0,0,0,0,2,1,0,1,0,0,0,2,9,0,0,1,0,0,78,28,"Melbourne","2021",11
29,"Hunt, Jayden",6,2,1,7,0,0,0,2,1,2,0,0,1,0,0,2,4,0,0,0,0,0,80,28,"Melbourne","2021",11
6,"Jackson, Luke",2,0,6,8,0,0,11,2,1,1,1,4,1,1,0,3,5,0,0,2,0,0,75,28,"Melbourne","2021",11
23,"Jordon, James",9,2,5,14,1,0,0,6,1,3,2,2,1,1,0,8,6,1,0,2,0,1,70,28,"Melbourne","2021",11
0,"Langdon, Ed",6,3,9,15,0,0,0,1,1,0,0,3,0,0,0,3,12,0,0,0,0,0,83,28,"Melbourne","2021",11
8,"Lever, Jake",10,5,6,16,0,0,0,1,5,2,0,0,2,0,1,10,5,2,0,5,0,0,97,28,"Melbourne","2021",11
1,"May, Steven",18,5,4,22,0,0,0,2,7,0,0,5,1,2,0,6,7,1,0,6,1,0,97,28,"Melbourne","2021",11
25,"McDonald, Tom",9,7,1,10,3,0,0,2,0,4,0,3,0,3,0,2,11,1,3,2,0,1,84,28,"Melbourne","2021",11
18,"Melksham, Jake",9,1,6,15,0,0,0,0,1,2,1,3,1,2,0,7,8,0,0,2,0,1,63,28,"Melbourne","2021",11
30,"Neal-Bullen, Alex",12,7,3,15,0,0,0,3,0,3,0,2,1,0,0,4,11,0,0,0,0,2,71,28,"Melbourne","2021",11
13,"Oliver, Clayton",13,5,20,33,0,0,0,5,2,4,5,2,1,0,3,12,21,0,0,1,0,1,93,28,"Melbourne","2021",11
5,"Petracca, Christian",12,2,12,24,1,0,0,3,1,5,6,3,1,0,0,17,7,1,0,0,0,1,92,28,"Melbourne","2021",11
35,"Petty, Harry",9,6,2,11,0,0,0,0,4,0,0,1,1,0,0,4,8,2,0,5,0,0,81,28,"Melbourne","2021",11
36,"Pickett, Kysaiah",6,4,5,11,1,1,0,3,0,2,1,4,0,1,0,3,7,0,3,1,2,1,77,28,"Melbourne","2021",11
24,"Rivers, Trent",13,3,6,19,0,0,0,0,5,1,1,4,0,1,0,10,7,1,0,2,0,0,85,28,"Melbourne","2021",11
3,"Salem, Christian",10,6,8,18,0,0,0,0,6,0,0,3,0,0,0,5,11,0,0,1,1,0,83,28,"Melbourne","2021",11
9,"Spargo, Charlie",11,5,5,16,0,2,0,0,1,3,0,3,1,0,0,6,10,1,3,0,0,1,75,28,"Melbourne","2021",11
0,"Sparrow, Tom",0,0,0,0,0,0,0,0,0,0,0,0,0,0,0,0,0,0,0,0,0,0,1,28,"Melbourne","2021",11
26,"Weideman, Sam",5,5,1,6,2,1,0,1,0,2,0,3,0,0,0,2,4,1,3,1,0,0,78,28,"Melbourne","2021",11
