"Number","Player","Kicks","Marks","Handballs","Disposals","Goals","Behinds","Hitouts","Tackles","Rebounds50s","Inside50s","Clearances","Clangers","FreesFor","FreesAgainst","BrownlowVotes","ContestedPossessions","UncontestedPossessions","ContestedMarks","MarksInside50","OnePercenters","Bounces","GoalAssists","PercentagePlayed","PointDifference","Team","Season","Round"
30,"Atkins, Tom",12,5,4,16,0,0,0,2,1,2,0,2,0,0,0,4,11,0,0,1,0,0,78,38,"Geelong","2021",19
24,"Bews, Jed",7,4,8,15,0,0,0,2,1,3,1,3,0,0,0,4,10,1,0,1,0,0,83,38,"Geelong","2021",19
46,"Blicavs, Mark",8,4,6,14,0,0,15,2,0,1,3,1,1,0,0,5,7,0,0,3,0,1,85,38,"Geelong","2021",19
45,"Close, Brad",4,0,10,14,1,0,0,2,1,0,1,3,2,1,0,9,6,0,0,0,0,0,85,38,"Geelong","2021",19
40,"Dahlhaus, Luke",5,3,10,15,0,1,0,4,0,1,2,3,0,0,0,9,9,0,2,4,0,3,76,38,"Geelong","2021",19
35,"Dangerfield, Patrick",14,6,14,28,1,0,0,7,1,6,6,5,2,2,3,18,12,3,1,2,1,1,74,38,"Geelong","2021",19
29,"Guthrie, Cameron",17,7,17,34,0,0,0,3,1,5,7,3,2,1,2,9,24,0,0,1,0,1,74,38,"Geelong","2021",19
26,"Hawkins, Tom",11,6,2,13,4,2,1,3,0,2,0,4,1,4,1,4,9,0,6,0,0,0,91,38,"Geelong","2021",19
25,"Henderson, Lachie",8,6,7,15,0,0,0,2,5,0,0,4,1,2,0,5,9,0,0,8,2,0,100,38,"Geelong","2021",19
38,"Henry, Jack",10,6,6,16,0,0,1,0,4,0,0,1,1,0,0,4,12,0,0,7,0,0,98,38,"Geelong","2021",19
8,"Kolodjashnij, Jake",9,6,5,14,0,0,0,1,1,1,0,1,1,0,0,4,11,1,0,3,0,0,83,38,"Geelong","2021",19
27,"Menegola, Sam",13,5,9,22,0,0,0,2,2,3,2,2,0,0,0,7,16,1,0,0,0,0,76,38,"Geelong","2021",19
32,"Miers, Gryan",10,3,6,16,1,0,0,4,0,3,1,6,0,2,0,4,14,0,0,2,0,1,87,38,"Geelong","2021",19
0,"Narkle, Quinton",3,0,9,12,1,0,0,2,1,3,8,2,0,0,0,10,2,0,0,0,0,0,34,38,"Geelong","2021",19
42,"OConnor, Mark",10,7,5,15,0,0,0,2,2,1,1,0,1,0,0,4,11,0,1,0,0,0,67,38,"Geelong","2021",19
3,"Parfitt, Brandan",7,0,8,15,1,0,0,5,0,4,2,3,1,1,0,5,11,0,0,1,0,1,81,38,"Geelong","2021",19
17,"Ratugolea, Esava",5,3,1,6,4,0,2,2,0,2,0,1,1,0,0,5,2,1,2,4,0,0,88,38,"Geelong","2021",19
23,"Rohan, Gary",6,2,6,12,1,1,0,3,0,2,1,2,0,1,0,2,10,0,0,2,0,0,74,38,"Geelong","2021",19
0,"Selwood, Joel",3,0,5,8,0,0,0,3,0,2,1,2,1,1,0,5,4,0,0,0,0,1,48,38,"Geelong","2021",19
7,"Smith, Isaac",18,9,7,25,0,0,0,1,4,5,1,5,0,1,0,5,21,0,1,3,2,1,77,38,"Geelong","2021",19
1,"Stanley, Rhys",5,1,9,14,1,0,25,0,0,1,2,5,0,2,0,7,7,1,1,2,0,0,72,38,"Geelong","2021",19
44,"Stewart, Tom",20,9,5,25,0,0,0,1,7,2,1,1,3,0,0,7,15,1,0,3,1,0,89,38,"Geelong","2021",19
2,"Tuohy, Zach",15,6,7,22,0,0,0,3,7,3,2,4,0,1,0,7,12,0,0,0,2,0,81,38,"Geelong","2021",19
16,"Aarts, Jake",7,1,3,10,2,0,0,4,0,2,0,3,1,1,0,3,7,0,0,2,0,0,86,-38,"Richmond","2021",19
12,"Astbury, David",7,1,3,10,0,0,0,2,2,1,1,2,2,1,0,5,5,0,0,9,0,0,97,-38,"Richmond","2021",19
7,"Baker, Liam",7,3,8,15,0,2,0,1,2,4,1,5,0,2,0,6,10,0,1,1,0,0,81,-38,"Richmond","2021",19
29,"Bolton, Shai",4,3,10,14,0,1,0,2,0,2,2,4,0,2,0,5,10,0,0,1,0,0,80,-38,"Richmond","2021",19
22,"Caddy, Josh",0,0,0,0,0,0,0,0,0,0,0,0,0,0,0,0,0,0,0,0,0,0,0,-38,"Richmond","2021",19
11,"Castagna, Jason",5,7,6,11,1,1,0,0,0,1,0,1,1,0,0,3,8,0,1,1,0,1,83,-38,"Richmond","2021",19
41,"Chol, Mabior",3,1,3,6,0,0,5,1,1,2,5,1,2,0,0,5,1,0,0,1,0,0,60,-38,"Richmond","2021",19
9,"Cotchin, Trent",15,5,4,19,1,0,0,4,1,4,6,3,0,1,0,7,9,0,1,0,0,0,69,-38,"Richmond","2021",19
10,"Edwards, Shane",10,2,3,13,0,0,0,1,4,1,2,3,0,0,0,4,10,0,0,1,0,0,73,-38,"Richmond","2021",19
42,"Garthwaite, Ryan",6,3,4,10,0,0,0,2,2,2,0,1,0,0,0,3,7,1,0,9,0,0,100,-38,"Richmond","2021",19
34,"Graham, Jack",7,3,8,15,0,0,0,4,0,4,0,1,0,0,0,5,10,0,0,0,0,1,82,-38,"Richmond","2021",19
2,"Grimes, Dylan",11,4,7,18,0,0,0,1,3,0,1,9,1,2,0,8,8,0,0,4,0,0,87,-38,"Richmond","2021",19
23,"Lambert, Kane",7,3,8,15,1,0,0,1,0,1,2,3,0,0,0,4,10,0,1,5,0,0,83,-38,"Richmond","2021",19
19,"Lynch, Tom",6,4,6,12,1,2,1,4,0,1,2,4,3,1,0,8,6,0,2,3,0,1,92,-38,"Richmond","2021",19
31,"Mansell, Rhyan",9,4,8,17,0,0,0,3,4,1,0,1,3,0,0,3,14,0,0,2,0,0,80,-38,"Richmond","2021",19
25,"Nankervis, Toby",2,1,13,15,0,0,19,7,2,2,5,3,1,1,0,10,5,0,0,1,0,0,69,-38,"Richmond","2021",19
37,"Parker, Matthew",10,2,9,19,0,0,0,8,1,5,3,5,0,2,0,6,14,0,0,1,0,0,87,-38,"Richmond","2021",19
50,"Pickett, Marlion",4,3,9,13,0,1,0,1,2,1,0,2,0,0,0,6,7,0,0,0,0,0,83,-38,"Richmond","2021",19
8,"Riewoldt, Jack",12,5,5,17,2,1,0,1,0,3,2,5,0,2,0,7,10,1,2,1,0,2,94,-38,"Richmond","2021",19
17,"Rioli, Daniel",10,1,9,19,0,0,0,7,2,2,1,1,4,0,0,8,12,0,0,2,0,1,80,-38,"Richmond","2021",19
5,"Ross, Jack",13,9,12,25,0,0,0,2,3,4,1,3,1,0,0,4,21,0,0,1,2,0,79,-38,"Richmond","2021",19
15,"Short, Jayden",16,8,10,26,0,0,0,2,6,1,0,6,0,2,0,3,18,0,0,1,1,0,86,-38,"Richmond","2021",19
44,"Stack, Sydney",9,5,3,12,0,0,0,2,2,2,0,5,0,1,0,5,8,1,0,2,0,0,70,-38,"Richmond","2021",19
