"Number","Player","Kicks","Marks","Handballs","Disposals","Goals","Behinds","Hitouts","Tackles","Rebounds50s","Inside50s","Clearances","Clangers","FreesFor","FreesAgainst","BrownlowVotes","ContestedPossessions","UncontestedPossessions","ContestedMarks","MarksInside50","OnePercenters","Bounces","GoalAssists","PercentagePlayed","PointDifference","Team","Season","Round"
4,"Bontempelli, Marcus",17,4,17,34,1,1,0,0,0,10,9,3,2,1,0,12,24,0,1,3,1,1,85,-13,"Western Bulldogs","2021",21
17,"Bruce, Josh",9,7,6,15,3,2,2,3,1,1,1,7,0,3,0,8,6,3,5,2,0,0,84,-13,"Western Bulldogs","2021",21
12,"Cordy, Zaine",5,1,5,10,0,0,0,1,1,0,0,1,3,0,0,7,4,0,0,7,0,0,100,-13,"Western Bulldogs","2021",21
31,"Dale, Bailey",15,2,7,22,0,0,0,0,1,2,0,3,0,1,0,4,15,1,0,3,3,0,84,-13,"Western Bulldogs","2021",21
35,"Daniel, Caleb",9,4,9,18,0,0,0,1,2,2,0,3,0,1,0,1,14,0,0,1,0,0,75,-13,"Western Bulldogs","2021",21
5,"Dunkley, Josh",3,4,16,19,0,0,0,2,1,1,1,1,0,1,0,9,11,1,0,3,0,0,82,-13,"Western Bulldogs","2021",21
15,"Duryea, Taylor",6,5,11,17,1,0,0,1,2,3,0,1,0,0,0,5,12,1,0,5,0,0,83,-13,"Western Bulldogs","2021",21
44,"English, Tim",5,4,8,13,1,1,24,2,0,2,1,1,1,0,0,9,5,2,3,3,0,1,82,-13,"Western Bulldogs","2021",21
38,"Garcia, Riley",5,1,2,7,0,0,0,2,1,2,0,1,1,0,0,5,3,0,0,0,0,0,77,-13,"Western Bulldogs","2021",21
7,"Hunter, Lachie",12,2,10,22,0,0,0,1,1,5,4,1,0,0,0,6,15,0,0,2,1,1,85,-13,"Western Bulldogs","2021",21
39,"Johannisen, Jason",4,1,1,5,1,0,0,0,0,0,0,0,0,0,0,3,2,0,1,2,0,1,82,-13,"Western Bulldogs","2021",21
21,"Liberatore, Tom",12,6,10,22,1,1,0,4,1,7,2,3,0,1,0,4,18,0,3,2,0,0,80,-13,"Western Bulldogs","2021",21
11,"Macrae, Jack",15,2,22,37,0,0,0,5,2,7,9,3,1,1,2,17,21,0,1,2,0,1,85,-13,"Western Bulldogs","2021",21
33,"Naughton, Aaron",5,5,6,11,1,3,1,4,0,1,1,2,0,1,0,5,6,2,4,2,0,1,84,-13,"Western Bulldogs","2021",21
20,"Richards, Ed",4,3,4,8,0,0,0,1,0,3,0,1,1,1,0,3,6,0,0,0,0,0,78,-13,"Western Bulldogs","2021",21
13,"Schache, Josh",10,6,4,14,0,0,0,0,3,1,0,3,2,2,0,8,8,2,0,8,0,0,93,-13,"Western Bulldogs","2021",21
28,"Scott, Anthony",5,3,3,8,0,1,0,1,0,2,0,2,1,1,0,2,5,1,1,1,0,1,82,-13,"Western Bulldogs","2021",21
6,"Smith, Bailey",13,5,7,20,0,0,0,3,2,3,1,3,2,0,0,3,18,0,0,1,1,0,74,-13,"Western Bulldogs","2021",21
37,"Smith, Roarke",0,0,0,0,0,0,0,0,0,0,0,0,0,0,0,0,0,0,0,0,0,0,0,-13,"Western Bulldogs","2021",21
1,"Treloar, Adam",10,7,12,22,1,0,0,2,4,1,0,3,1,0,0,4,18,0,1,1,0,0,75,-13,"Western Bulldogs","2021",21
22,"Ugle-Hagan, Jamarra",4,1,2,6,1,1,0,0,0,0,0,1,1,0,0,3,3,0,0,1,0,1,64,-13,"Western Bulldogs","2021",21
34,"Williams, Bailey",13,4,11,24,0,0,0,3,0,5,2,1,0,0,0,6,16,0,0,3,0,0,82,-13,"Western Bulldogs","2021",21
10,"Wood, Easton",8,4,8,16,1,0,0,1,0,2,0,1,1,0,0,3,13,1,0,3,0,1,83,-13,"Western Bulldogs","2021",21
37,"Clarke, Dylan",10,5,9,19,0,0,0,4,1,5,3,1,1,0,0,7,12,0,1,0,0,0,85,13,"Essendon","2021",21
13,"Cox, Nik",6,4,3,9,0,0,0,2,1,0,0,1,0,1,0,2,8,0,0,2,1,0,81,13,"Essendon","2021",21
12,"Cutler, Tom",17,8,5,22,0,1,0,3,6,4,1,2,1,0,0,1,18,0,0,2,0,1,90,13,"Essendon","2021",21
2,"Draper, Sam",7,3,4,11,1,0,39,1,2,2,4,5,0,3,0,8,3,1,1,2,0,1,83,13,"Essendon","2021",21
42,"Durham, Sam",5,3,10,15,0,0,0,1,0,2,3,1,0,0,0,6,9,0,0,0,0,2,78,13,"Essendon","2021",21
10,"Francis, Aaron",8,7,0,8,2,0,0,1,0,1,0,3,1,0,0,4,4,3,2,1,0,1,88,13,"Essendon","2021",21
8,"Gleeson, Martin",5,3,7,12,0,0,0,6,1,0,1,0,1,0,0,3,10,0,0,1,0,0,86,13,"Essendon","2021",21
35,"Guelfi, Matt",4,3,3,7,1,0,0,3,0,3,0,2,0,0,0,3,4,1,0,3,0,0,74,13,"Essendon","2021",21
19,"Hind, Nick",15,5,8,23,0,0,0,1,5,1,1,5,0,3,0,5,20,0,0,0,1,0,87,13,"Essendon","2021",21
15,"Laverde, Jayden",11,5,4,15,0,0,0,1,6,0,0,0,2,0,0,2,10,0,0,3,0,0,83,13,"Essendon","2021",21
43,"McDonald-Tipungwuti, Anthony",3,3,2,5,1,0,0,1,0,0,0,3,0,2,0,0,5,0,1,1,0,1,77,13,"Essendon","2021",21
7,"Merrett, Zach",14,6,16,30,0,0,0,4,7,2,5,1,1,0,1,6,24,0,0,1,2,1,83,13,"Essendon","2021",21
3,"Parish, Darcy",12,1,16,28,1,0,0,1,0,4,9,1,0,0,0,11,17,0,0,0,0,1,80,13,"Essendon","2021",21
16,"Perkins, Archie",0,0,0,0,0,0,0,0,0,0,0,0,0,0,0,0,0,0,0,0,0,0,0,13,"Essendon","2021",21
27,"Redman, Mason",9,1,2,11,0,0,0,2,4,2,1,3,1,1,0,5,4,0,0,4,1,1,81,13,"Essendon","2021",21
14,"Ridley, Jordan",13,5,4,17,0,0,0,2,5,0,0,1,1,0,0,5,9,1,0,4,0,0,83,13,"Essendon","2021",21
9,"Shiel, Dylan",7,1,12,19,0,0,0,2,1,4,6,5,0,2,0,8,10,0,0,0,0,0,69,13,"Essendon","2021",21
5,"Smith, Devon",10,0,5,15,1,2,0,3,0,1,3,3,1,2,0,6,6,0,0,0,0,0,81,13,"Essendon","2021",21
40,"Snelling, Will",4,2,8,12,0,1,0,10,2,0,2,0,1,0,0,5,8,0,1,1,0,0,83,13,"Essendon","2021",21
17,"Stewart, James",7,5,6,13,0,0,0,0,3,0,0,1,0,1,0,4,9,2,0,5,0,0,89,13,"Essendon","2021",21
25,"Stringer, Jake",7,2,6,13,0,0,0,6,1,6,7,1,2,0,0,8,5,1,0,0,0,2,86,13,"Essendon","2021",21
45,"Waterman, Alec",4,2,3,7,1,1,0,0,0,1,0,1,0,1,0,5,2,1,2,0,0,0,66,13,"Essendon","2021",21
20,"Wright, Peter",9,7,1,10,7,0,9,1,1,1,1,1,1,1,3,4,6,3,5,3,0,0,86,13,"Essendon","2021",21
