"Number","Player","Kicks","Marks","Handballs","Disposals","Goals","Behinds","Hitouts","Tackles","Rebounds50s","Inside50s","Clearances","Clangers","FreesFor","FreesAgainst","BrownlowVotes","ContestedPossessions","UncontestedPossessions","ContestedMarks","MarksInside50","OnePercenters","Bounces","GoalAssists","PercentagePlayed","PointDifference","Team","Season","Round"
22,"Breust, Luke",5,2,5,10,2,0,0,2,0,2,1,3,0,1,0,7,4,0,2,0,0,0,84,-29,"Hawthorn","2021",2
42,"Brockman, Tyler",7,8,5,12,2,1,0,1,0,1,0,0,0,0,0,3,10,1,4,4,3,1,81,-29,"Hawthorn","2021",2
9,"Burgoyne, Shaun",8,5,7,15,0,0,0,3,2,3,2,5,0,2,0,6,12,0,0,2,0,0,84,-29,"Hawthorn","2021",2
18,"Ceglar, Jonathon",6,7,10,16,0,0,11,0,2,1,1,2,1,2,0,6,10,1,0,7,0,0,74,-29,"Hawthorn","2021",2
0,"Day, Will",8,3,4,12,0,0,0,1,3,1,0,3,1,2,0,4,7,1,0,1,0,0,59,-29,"Hawthorn","2021",2
8,"Frost, Sam",9,6,7,16,0,0,0,2,7,0,0,1,0,0,0,3,13,0,0,3,0,0,91,-29,"Hawthorn","2021",2
13,"Hanrahan, Oliver",9,5,4,13,0,1,0,0,0,4,0,1,0,0,0,3,8,0,1,0,0,1,79,-29,"Hawthorn","2021",2
15,"Hardwick, Blake",27,15,4,31,0,0,0,0,8,2,0,2,1,0,0,3,23,1,0,3,0,0,85,-29,"Hawthorn","2021",2
28,"Hartigan, Kyle",8,8,7,15,0,0,0,1,4,0,0,1,0,1,0,6,10,1,0,4,0,0,97,-29,"Hawthorn","2021",2
17,"Howe, Daniel",15,11,6,21,0,1,0,1,5,0,2,3,2,2,0,7,16,0,1,0,1,0,80,-29,"Hawthorn","2021",2
4,"Impey, Jarman",13,5,9,22,0,0,0,3,1,2,0,1,2,0,0,6,18,1,0,6,4,0,72,-29,"Hawthorn","2021",2
29,"Jiath, Changkuoth",17,8,8,25,0,0,0,1,3,3,0,7,3,4,0,10,17,1,0,9,0,0,85,-29,"Hawthorn","2021",2
34,"Koschitzke, Jacob",5,6,4,9,1,1,0,1,0,2,0,2,0,0,0,3,7,1,2,2,0,0,75,-29,"Hawthorn","2021",2
7,"McEvoy, Ben",1,3,9,10,0,0,14,1,1,0,2,2,2,1,0,3,7,1,0,1,0,0,79,-29,"Hawthorn","2021",2
3,"Mitchell, Tom",12,7,25,37,0,0,0,2,1,3,4,6,2,2,0,13,26,1,0,0,0,0,85,-29,"Hawthorn","2021",2
36,"Moore, Dylan",8,4,6,14,0,1,0,5,0,3,0,2,2,0,0,4,10,0,0,1,0,0,87,-29,"Hawthorn","2021",2
1,"Morrison, Harry",13,11,7,20,1,1,0,1,1,2,0,2,0,1,0,3,17,0,0,0,0,0,82,-29,"Hawthorn","2021",2
23,"OBrien, Tim",7,6,2,9,1,0,0,0,0,1,0,4,1,1,0,1,8,0,1,3,0,1,82,-29,"Hawthorn","2021",2
10,"OMeara, Jaeger",10,2,11,21,0,0,0,4,0,4,4,4,3,1,0,8,13,0,0,3,0,0,86,-29,"Hawthorn","2021",2
21,"Phillips, Tom",15,4,9,24,0,0,0,2,2,5,3,6,1,0,0,5,18,0,0,2,1,1,80,-29,"Hawthorn","2021",2
0,"Scrimshaw, Jack",7,1,2,9,0,0,0,0,3,1,0,1,0,0,0,1,7,0,0,0,0,0,22,-29,"Hawthorn","2021",2
26,"Shiels, Liam",11,5,10,21,0,0,0,4,2,2,1,4,1,2,0,7,16,0,0,2,0,0,79,-29,"Hawthorn","2021",2
5,"Worpel, James",10,5,6,16,0,0,0,1,1,3,3,5,0,3,0,5,11,0,0,2,0,1,71,-29,"Hawthorn","2021",2
16,"Aarts, Jake",3,2,2,5,1,0,0,0,0,2,0,3,0,2,0,1,4,0,0,0,2,0,76,29,"Richmond","2021",2
12,"Astbury, David",10,6,7,17,0,0,1,3,2,0,1,1,2,1,0,6,12,1,0,2,1,0,77,29,"Richmond","2021",2
7,"Baker, Liam",8,4,8,16,0,0,0,3,3,1,1,5,2,1,0,5,11,0,0,3,0,0,89,29,"Richmond","2021",2
21,"Balta, Noah",8,5,5,13,1,0,3,1,2,2,1,0,1,0,0,7,7,3,0,2,0,0,82,29,"Richmond","2021",2
29,"Bolton, Shai",9,4,11,20,0,1,0,1,1,4,4,3,0,0,0,12,10,0,1,3,0,2,76,29,"Richmond","2021",2
35,"Broad, Nathan",9,6,6,15,0,0,0,1,3,1,0,0,1,0,0,8,8,2,0,6,0,0,88,29,"Richmond","2021",2
22,"Caddy, Josh",10,7,9,19,0,1,0,3,0,0,1,0,3,0,0,6,13,0,1,0,0,0,81,29,"Richmond","2021",2
11,"Castagna, Jason",11,9,5,16,2,0,0,0,0,3,0,1,1,0,0,4,11,0,2,0,0,0,76,29,"Richmond","2021",2
9,"Cotchin, Trent",22,5,5,27,0,0,0,2,2,7,1,7,1,1,0,7,19,0,0,0,0,1,75,29,"Richmond","2021",2
10,"Edwards, Shane",16,7,9,25,0,0,0,2,7,1,0,5,0,2,0,4,18,0,0,0,1,0,81,29,"Richmond","2021",2
34,"Graham, Jack",7,1,8,15,0,1,0,4,3,3,3,3,1,2,0,6,13,0,0,1,0,0,82,29,"Richmond","2021",2
2,"Grimes, Dylan",5,8,5,10,0,0,0,2,3,1,0,0,0,0,0,3,8,0,0,8,0,0,90,29,"Richmond","2021",2
23,"Lambert, Kane",18,9,6,24,0,0,0,3,1,7,0,6,3,2,0,8,15,1,0,3,0,1,81,29,"Richmond","2021",2
19,"Lynch, Tom",8,7,1,9,2,1,0,0,0,5,0,4,0,3,0,6,4,4,3,3,0,1,96,29,"Richmond","2021",2
4,"Martin, Dustin",12,7,16,28,1,0,0,1,0,9,4,2,1,0,3,10,19,0,2,0,2,2,82,29,"Richmond","2021",2
33,"McIntosh, Kamdyn",11,5,2,13,0,1,0,1,2,2,0,2,1,1,0,5,8,0,0,3,0,0,78,29,"Richmond","2021",2
25,"Nankervis, Toby",8,2,4,12,0,1,20,0,2,1,4,5,1,3,0,7,2,1,1,1,0,0,72,29,"Richmond","2021",2
50,"Pickett, Marlion",9,5,5,14,0,0,0,4,0,2,1,4,3,1,0,5,9,0,0,3,0,0,73,29,"Richmond","2021",2
3,"Prestia, Dion",13,4,16,29,0,0,0,4,1,5,4,3,2,0,2,8,21,0,0,1,0,0,83,29,"Richmond","2021",2
8,"Riewoldt, Jack",7,4,2,9,4,1,0,1,0,1,0,0,0,0,1,2,7,0,3,1,0,1,90,29,"Richmond","2021",2
17,"Rioli, Daniel",4,3,3,7,0,4,0,4,0,0,0,3,1,3,0,3,5,1,3,1,0,0,83,29,"Richmond","2021",2
5,"Ross, Jack",0,0,0,0,0,0,0,0,0,0,0,0,0,0,0,0,0,0,0,0,0,0,0,29,"Richmond","2021",2
15,"Short, Jayden",14,6,8,22,0,0,0,2,6,1,1,2,1,0,0,5,12,0,0,2,9,0,89,29,"Richmond","2021",2
