"Number","Player","Kicks","Marks","Handballs","Disposals","Goals","Behinds","Hitouts","Tackles","Rebounds50s","Inside50s","Clearances","Clangers","FreesFor","FreesAgainst","BrownlowVotes","ContestedPossessions","UncontestedPossessions","ContestedMarks","MarksInside50","OnePercenters","Bounces","GoalAssists","PercentagePlayed","PointDifference","Team","Season","Round"
7,"Ash, Lachie",0,0,0,0,0,0,0,0,0,0,0,0,0,0,0,0,0,0,0,0,0,0,0,36,"Greater Western Sydney","2021",14
32,"Briggs, Kieren",2,1,4,6,1,0,15,6,1,0,2,3,0,0,0,7,0,1,1,5,0,0,65,36,"Greater Western Sydney","2021",14
44,"Buckley, Jack",7,4,4,11,0,0,0,1,2,0,0,3,1,2,0,4,7,0,0,4,0,0,91,36,"Greater Western Sydney","2021",14
13,"Cumming, Isaac",21,12,2,23,1,0,0,4,6,1,1,3,0,2,0,2,15,1,0,1,1,0,77,36,"Greater Western Sydney","2021",14
1,"Davis, Phil",5,5,4,9,0,0,0,3,2,0,0,1,1,1,0,2,6,0,0,5,0,0,86,36,"Greater Western Sydney","2021",14
24,"de Boer, Matt",8,5,8,16,0,0,0,12,1,4,0,0,0,0,0,6,10,1,1,0,0,2,82,36,"Greater Western Sydney","2021",14
31,"Finlayson, Jeremy",11,10,2,13,5,0,0,2,0,1,0,1,0,1,2,3,10,2,4,2,0,0,81,36,"Greater Western Sydney","2021",14
30,"Flynn, Matt",5,3,5,10,0,0,18,3,1,1,3,2,2,2,0,8,4,3,1,3,0,0,75,36,"Greater Western Sydney","2021",14
4,"Greene, Toby",16,8,4,20,4,2,0,1,0,4,0,5,2,1,3,11,9,3,4,1,0,1,87,36,"Greater Western Sydney","2021",14
12,"Green, Tom",7,2,4,11,0,0,0,3,1,1,3,4,0,2,0,6,4,1,0,0,0,0,61,36,"Greater Western Sydney","2021",14
19,"Haynes, Nick",14,10,8,22,0,1,0,1,3,2,1,1,2,0,0,8,13,0,0,3,0,0,92,36,"Greater Western Sydney","2021",14
37,"Hill, Bobby",6,3,0,6,0,0,0,5,2,2,1,1,0,0,0,1,6,0,0,1,0,2,68,36,"Greater Western Sydney","2021",14
27,"Himmelberg, Harry",11,6,6,17,2,1,0,3,1,2,0,5,1,1,0,8,10,1,1,2,0,0,95,36,"Greater Western Sydney","2021",14
2,"Hopper, Jacob",15,5,12,27,1,0,0,4,3,4,11,5,3,2,1,11,15,0,0,3,0,0,81,36,"Greater Western Sydney","2021",14
39,"Idun, Connor",12,10,1,13,0,0,0,4,2,2,1,0,0,0,0,3,10,1,0,3,0,1,88,36,"Greater Western Sydney","2021",14
22,"Kelly, Josh",15,7,10,25,1,1,0,3,1,4,4,5,0,1,0,9,17,0,0,3,2,0,85,36,"Greater Western Sydney","2021",14
40,"Kennedy, Adam",7,4,3,10,0,0,0,3,1,1,0,0,0,0,0,1,9,0,0,0,0,0,81,36,"Greater Western Sydney","2021",14
38,"Lloyd, Daniel",11,6,3,14,1,0,0,1,1,5,1,7,1,2,0,6,9,1,0,1,0,1,85,36,"Greater Western Sydney","2021",14
36,"Perryman, Harry",13,9,4,17,0,0,0,2,6,1,1,2,0,0,0,5,10,2,0,1,0,0,85,36,"Greater Western Sydney","2021",14
50,"Reid, Sam",8,4,5,13,0,0,0,2,2,2,0,3,3,2,0,5,8,0,0,1,0,0,81,36,"Greater Western Sydney","2021",14
14,"Taranto, Tim",18,11,6,24,0,0,0,12,0,6,7,4,1,1,0,7,16,0,0,1,0,1,85,36,"Greater Western Sydney","2021",14
8,"Ward, Callan",10,3,6,16,0,0,0,0,1,2,2,1,1,1,0,5,12,0,0,2,0,0,81,36,"Greater Western Sydney","2021",14
6,"Whitfield, Lachie",20,10,6,26,0,0,0,4,1,7,0,2,1,0,0,5,21,1,1,0,4,1,86,36,"Greater Western Sydney","2021",14
19,"Betts, Eddie",5,3,1,6,0,1,0,1,1,2,0,1,1,0,0,2,3,1,0,0,0,0,82,-36,"Carlton","2021",14
9,"Cripps, Patrick",9,4,15,24,0,1,0,5,0,4,3,4,1,2,0,11,12,1,0,1,1,0,87,-36,"Carlton","2021",14
35,"Curnow, Ed",8,5,5,13,0,0,0,3,0,3,0,4,0,1,0,3,10,0,0,0,0,0,82,-36,"Carlton","2021",14
12,"De Koning, Tom",7,3,1,8,1,0,10,0,0,1,1,4,1,2,0,2,5,0,1,0,0,0,74,-36,"Carlton","2021",14
15,"Docherty, Sam",15,8,6,21,0,0,0,2,4,3,1,2,2,0,0,3,18,0,0,1,3,0,87,-36,"Carlton","2021",14
2,"Dow, Paddy",3,0,10,13,0,0,0,5,1,2,5,2,0,1,0,9,4,0,0,0,0,0,63,-36,"Carlton","2021",14
25,"Fisher, Zac",7,3,9,16,1,0,0,1,0,1,1,2,1,2,0,7,10,0,0,1,0,0,80,-36,"Carlton","2021",14
8,"Fogarty, Lachie",5,1,4,9,1,0,0,4,0,0,3,0,1,0,0,4,5,0,0,1,0,0,67,-36,"Carlton","2021",14
14,"Jones, Liam",13,4,3,16,0,0,0,0,4,1,0,2,0,0,0,7,9,1,0,11,0,0,95,-36,"Carlton","2021",14
7,"Kennedy, Matthew",16,8,11,27,0,0,0,4,2,9,5,0,0,0,0,9,18,1,0,0,0,0,84,-36,"Carlton","2021",14
21,"Martin, Jack",5,1,6,11,0,0,0,2,2,2,3,3,2,2,0,6,4,0,0,3,0,0,72,-36,"Carlton","2021",14
10,"McKay, Harry",11,8,2,13,3,2,0,0,0,3,0,3,2,0,0,10,4,6,4,2,0,0,91,-36,"Carlton","2021",14
24,"Newman, Nic",9,4,5,14,0,1,0,0,4,1,1,2,1,1,0,5,8,1,0,4,1,0,88,-36,"Carlton","2021",14
0,"Newnes, Jack",2,1,0,2,0,0,0,0,0,1,0,1,0,0,0,0,2,0,0,0,0,0,10,-36,"Carlton","2021",14
44,"Owies, Matthew",9,4,1,10,2,2,0,1,0,1,1,3,1,2,0,6,5,0,2,1,0,0,80,-36,"Carlton","2021",14
0,"Parks, Luke",2,1,1,3,0,0,0,0,0,0,0,4,0,2,0,1,2,0,0,2,0,0,64,-36,"Carlton","2021",14
27,"Pittonet, Marc",6,5,6,12,1,0,27,3,1,0,3,4,2,2,0,6,6,0,1,1,0,0,84,-36,"Carlton","2021",14
42,"Saad, Adam",17,3,2,19,0,1,0,1,2,4,1,0,1,0,0,5,11,0,0,1,4,1,83,-36,"Carlton","2021",14
1,"Silvagni, Jack",4,2,6,10,0,2,0,4,0,2,0,3,1,2,0,5,4,0,0,1,0,1,79,-36,"Carlton","2021",14
13,"Stocker, Liam",13,6,5,18,0,0,0,1,6,3,0,2,2,0,0,4,13,0,0,1,0,1,87,-36,"Carlton","2021",14
18,"Walsh, Sam",6,1,14,20,0,0,0,2,0,3,4,1,1,1,0,11,10,0,0,0,1,0,88,-36,"Carlton","2021",14
23,"Weitering, Jacob",12,10,2,14,0,0,0,1,6,1,0,1,0,0,0,4,9,1,0,3,0,0,99,-36,"Carlton","2021",14
6,"Williams, Zac",9,4,2,11,0,0,0,1,2,2,0,1,1,0,0,5,6,0,0,0,1,1,75,-36,"Carlton","2021",14
