"Number","Player","Kicks","Marks","Handballs","Disposals","Goals","Behinds","Hitouts","Tackles","Rebounds50s","Inside50s","Clearances","Clangers","FreesFor","FreesAgainst","BrownlowVotes","ContestedPossessions","UncontestedPossessions","ContestedMarks","MarksInside50","OnePercenters","Bounces","GoalAssists","PercentagePlayed","PointDifference","Team","Season","Round"
21,"Berry, Sam",1,1,2,3,0,0,0,5,0,2,0,0,0,0,0,3,1,0,0,1,0,0,65,19,"Adelaide","2021",19
41,"Butts, Jordon",5,3,4,9,0,0,0,2,0,0,0,2,1,1,0,2,8,0,0,4,0,0,90,19,"Adelaide","2021",19
39,"Doedee, Tom",13,6,9,22,0,0,0,1,6,1,0,3,1,0,0,7,13,2,0,8,0,0,93,19,"Adelaide","2021",19
32,"Fogarty, Darcy",8,5,5,13,2,1,1,2,0,4,0,1,1,0,0,11,2,3,2,1,0,0,77,19,"Adelaide","2021",19
22,"Frampton, Billy",8,7,2,10,0,0,1,1,4,1,0,0,0,0,0,2,7,1,0,7,0,0,80,19,"Adelaide","2021",19
17,"Hamill, Will",8,3,4,12,0,0,0,3,3,2,0,1,2,0,0,5,7,0,0,3,0,1,72,19,"Adelaide","2021",19
34,"Himmelberg, Elliott",11,9,0,11,2,1,1,3,0,3,0,3,1,0,0,6,4,5,3,1,0,1,83,19,"Adelaide","2021",19
1,"Jones, Chayce",10,5,8,18,0,0,0,0,2,2,0,3,1,2,0,7,10,1,0,3,0,0,85,19,"Adelaide","2021",19
2,"Keays, Ben",15,6,8,23,1,1,0,7,2,3,5,3,0,0,0,8,13,0,1,1,0,0,87,19,"Adelaide","2021",19
8,"Kelly, Jake",11,5,2,13,0,0,0,0,4,1,0,3,2,2,0,2,11,0,0,6,0,0,95,19,"Adelaide","2021",19
29,"Laird, Rory",22,6,14,36,2,0,0,5,3,6,10,4,4,2,3,20,16,0,0,1,0,1,75,19,"Adelaide","2021",19
27,"Lynch, Tom",11,7,6,17,1,0,0,0,0,0,0,0,1,0,0,2,15,0,0,0,0,0,85,19,"Adelaide","2021",19
0,"Mackay, David",1,2,1,2,0,0,0,0,0,0,0,1,0,1,0,0,2,0,0,1,0,0,11,19,"Adelaide","2021",19
25,"McHenry, Ned",8,4,4,12,1,0,0,0,0,2,1,3,3,3,0,7,6,1,2,2,0,3,76,19,"Adelaide","2021",19
36,"McPherson, Andrew",11,4,4,15,0,0,0,2,1,1,1,3,1,2,0,4,9,0,0,3,0,1,85,19,"Adelaide","2021",19
0,"Murphy, Lachlan",7,3,6,13,2,1,0,2,1,1,1,3,1,1,0,5,7,0,1,1,0,0,63,19,"Adelaide","2021",19
43,"OBrien, Reilly",15,7,8,23,0,0,24,0,0,1,5,4,1,2,2,17,6,4,0,1,0,0,91,19,"Adelaide","2021",19
26,"Schoenberg, Harry",14,5,10,24,0,0,0,6,6,3,1,5,1,2,0,8,16,0,0,1,1,0,76,19,"Adelaide","2021",19
11,"Seedsman, Paul",17,8,8,25,0,0,0,1,4,3,1,5,1,0,0,6,19,0,0,2,0,0,84,19,"Adelaide","2021",19
38,"Sholl, Lachlan",7,4,7,14,0,0,0,2,1,1,1,2,0,0,0,2,13,0,0,0,0,0,67,19,"Adelaide","2021",19
9,"Sloane, Rory",10,4,5,15,0,0,0,5,4,3,5,3,0,0,0,7,7,0,0,3,0,1,80,19,"Adelaide","2021",19
33,"Smith, Brodie",12,7,2,14,1,0,0,2,4,5,1,3,1,1,0,3,11,0,1,0,1,1,86,19,"Adelaide","2021",19
13,"Walker, Taylor",9,6,0,9,4,0,2,0,0,3,0,2,0,1,0,3,7,2,5,0,0,0,92,19,"Adelaide","2021",19
16,"Bramble, Lachlan",17,4,8,25,0,0,0,0,5,6,0,4,2,0,0,6,17,0,0,2,5,0,89,-19,"Hawthorn","2021",19
22,"Breust, Luke",4,2,9,13,1,0,0,2,0,2,0,3,1,1,0,8,6,1,1,0,0,0,82,-19,"Hawthorn","2021",19
42,"Brockman, Tyler",4,1,2,6,1,0,0,1,0,2,0,2,0,1,0,3,1,1,1,0,0,0,70,-19,"Hawthorn","2021",19
0,"Burgoyne, Shaun",2,0,2,4,0,0,0,0,0,1,1,0,0,0,0,2,2,0,0,0,0,0,16,-19,"Hawthorn","2021",19
0,"Cousins, James",7,2,11,18,0,1,0,5,1,2,2,4,0,2,0,9,8,1,0,0,0,0,65,-19,"Hawthorn","2021",19
8,"Frost, Sam",7,4,10,17,0,0,0,1,2,2,0,6,0,1,0,8,9,1,0,4,0,0,85,-19,"Hawthorn","2021",19
38,"Grainger-Barras, Denver",4,1,3,7,0,0,0,3,3,0,1,2,0,1,0,1,5,0,0,4,0,0,78,-19,"Hawthorn","2021",19
15,"Hardwick, Blake",12,6,6,18,0,0,0,2,4,1,0,3,0,1,0,3,14,0,0,1,0,0,84,-19,"Hawthorn","2021",19
28,"Hartigan, Kyle",10,5,4,14,0,0,0,2,5,1,0,3,3,1,0,6,7,2,0,8,0,0,100,-19,"Hawthorn","2021",19
17,"Howe, Daniel",10,4,10,20,0,1,0,3,0,1,1,5,0,1,0,6,14,0,0,1,0,0,75,-19,"Hawthorn","2021",19
34,"Koschitzke, Jacob",4,3,1,5,1,0,0,3,0,1,0,1,0,0,0,3,2,2,2,3,0,0,85,-19,"Hawthorn","2021",19
2,"Lewis, Mitch",9,4,4,13,3,0,2,2,0,1,0,4,1,2,0,7,6,1,1,0,0,0,80,-19,"Hawthorn","2021",19
7,"McEvoy, Ben",7,6,7,14,1,0,19,3,0,1,4,0,2,0,0,8,7,0,1,2,0,1,83,-19,"Hawthorn","2021",19
3,"Mitchell, Tom",11,2,17,28,1,0,0,9,2,2,4,3,1,2,1,10,18,0,1,0,1,0,82,-19,"Hawthorn","2021",19
36,"Moore, Dylan",13,5,12,25,1,2,0,3,1,3,0,2,2,1,0,10,15,0,0,2,1,2,82,-19,"Hawthorn","2021",19
23,"OBrien, Tim",9,7,4,13,1,0,0,1,2,2,0,3,1,2,0,6,9,3,0,5,0,0,84,-19,"Hawthorn","2021",19
10,"OMeara, Jaeger",11,3,13,24,0,0,0,8,1,6,8,3,4,0,0,13,11,0,0,2,0,1,86,-19,"Hawthorn","2021",19
21,"Phillips, Tom",8,4,7,15,2,0,0,1,0,2,2,3,0,0,0,2,13,0,0,1,0,0,78,-19,"Hawthorn","2021",19
37,"Reeves, Ned",2,3,6,8,0,0,24,4,1,0,2,1,0,1,0,6,3,1,0,9,0,0,69,-19,"Hawthorn","2021",19
14,"Scrimshaw, Jack",8,5,8,16,0,0,0,1,2,2,1,0,0,0,0,4,11,1,0,2,0,0,80,-19,"Hawthorn","2021",19
26,"Shiels, Liam",10,2,6,16,0,0,0,3,1,6,2,4,0,2,0,5,10,0,0,0,0,0,80,-19,"Hawthorn","2021",19
20,"Wingard, Chad",14,3,10,24,0,0,0,5,1,6,8,2,1,2,0,8,17,0,0,1,0,4,84,-19,"Hawthorn","2021",19
5,"Worpel, James",16,2,12,28,1,0,0,4,1,9,4,6,2,2,0,11,17,0,0,1,0,0,83,-19,"Hawthorn","2021",19
