"Number","Player","Kicks","Marks","Handballs","Disposals","Goals","Behinds","Hitouts","Tackles","Rebounds50s","Inside50s","Clearances","Clangers","FreesFor","FreesAgainst","BrownlowVotes","ContestedPossessions","UncontestedPossessions","ContestedMarks","MarksInside50","OnePercenters","Bounces","GoalAssists","PercentagePlayed","PointDifference","Team","Season","Round"
41,"Butts, Jordon",7,6,2,9,0,0,0,1,2,1,0,2,0,2,0,2,7,2,0,6,0,0,100,44,"Adelaide","2021",23
15,"Cook, Brayden",8,2,11,19,0,0,0,0,0,4,0,1,0,0,0,6,13,0,0,0,1,0,69,44,"Adelaide","2021",23
40,"Davis, Ben",3,1,7,10,0,0,0,0,1,1,0,2,1,1,0,4,6,0,0,2,0,0,77,44,"Adelaide","2021",23
39,"Doedee, Tom",9,2,4,13,0,0,0,3,1,2,0,4,0,1,0,5,7,1,0,1,1,0,92,44,"Adelaide","2021",23
32,"Fogarty, Darcy",3,3,3,6,0,1,0,2,0,1,0,0,1,0,0,3,3,0,1,2,0,1,90,44,"Adelaide","2021",23
22,"Frampton, Billy",6,5,5,11,0,0,0,1,5,0,0,3,0,1,0,3,8,1,0,3,0,0,80,44,"Adelaide","2021",23
44,"Gollant, Lachlan",7,3,4,11,1,1,0,1,0,3,0,3,1,0,0,6,5,1,2,0,0,0,77,44,"Adelaide","2021",23
1,"Jones, Chayce",8,3,3,11,1,1,0,2,1,2,0,4,0,2,0,4,7,1,0,1,1,0,86,44,"Adelaide","2021",23
2,"Keays, Ben",20,4,18,38,2,0,0,6,2,10,6,5,3,1,3,13,25,0,2,1,1,2,80,44,"Adelaide","2021",23
29,"Laird, Rory",14,4,26,40,0,0,0,8,2,1,10,1,2,0,2,17,24,0,0,0,0,0,80,44,"Adelaide","2021",23
27,"Lynch, Tom",12,6,11,23,1,0,0,2,0,2,2,2,0,1,0,8,15,1,1,1,0,0,87,44,"Adelaide","2021",23
14,"Mackay, David",13,4,6,19,1,3,0,2,1,5,2,2,0,0,0,8,13,0,2,2,0,2,85,44,"Adelaide","2021",23
23,"McAdam, Shane",10,8,4,14,3,0,0,3,0,1,0,2,2,0,0,6,8,3,5,3,0,0,78,44,"Adelaide","2021",23
25,"McHenry, Ned",11,6,13,24,1,3,0,1,0,4,0,4,1,3,0,10,16,1,2,1,0,1,80,44,"Adelaide","2021",23
36,"McPherson, Andrew",16,5,6,22,0,0,0,2,3,3,0,3,0,0,0,4,16,1,0,2,0,0,87,44,"Adelaide","2021",23
4,"Murphy, Lachlan",8,2,5,13,0,4,0,3,0,1,1,1,2,0,0,4,9,0,2,0,1,1,78,44,"Adelaide","2021",23
31,"Rowe, James",0,0,0,0,0,0,0,0,0,0,0,0,0,0,0,0,0,0,0,0,0,0,0,44,"Adelaide","2021",23
26,"Schoenberg, Harry",11,4,13,24,1,1,0,8,2,4,6,2,1,1,0,10,14,0,0,2,1,2,65,44,"Adelaide","2021",23
11,"Seedsman, Paul",11,5,12,23,1,0,0,2,2,4,2,3,0,1,0,5,16,0,1,0,2,0,87,44,"Adelaide","2021",23
9,"Sloane, Rory",11,4,16,27,0,0,0,7,1,2,6,1,0,1,0,13,13,0,1,1,0,0,76,44,"Adelaide","2021",23
33,"Smith, Brodie",20,7,5,25,0,1,0,1,5,2,2,2,0,0,0,5,19,1,1,3,0,0,79,44,"Adelaide","2021",23
45,"Strachan, Kieran",5,2,13,18,0,1,34,1,0,3,3,6,0,4,0,9,12,1,0,2,0,0,83,44,"Adelaide","2021",23
7,"Thilthorpe, Riley",9,4,9,18,1,1,3,1,0,1,2,2,0,0,0,7,10,0,2,3,0,0,87,44,"Adelaide","2021",23
3,"Anderson, Jed",7,1,13,20,1,0,0,5,1,1,3,5,2,1,0,9,11,0,0,2,0,0,80,-44,"North Melbourne","2021",23
18,"Atley, Shaun",4,2,13,17,0,0,0,2,1,0,0,2,0,0,0,8,8,0,0,1,0,0,90,-44,"North Melbourne","2021",23
16,"Bonar, Aiden",5,1,1,6,0,0,0,3,1,0,0,3,0,2,0,2,5,0,0,6,1,0,84,-44,"North Melbourne","2021",23
15,"Bosenavulagi, Atu",4,4,3,7,0,0,0,2,2,1,0,3,1,1,0,3,4,0,0,1,0,0,72,-44,"North Melbourne","2021",23
9,"Davies-Uniacke, Luke",11,5,7,18,0,0,0,2,2,3,4,2,0,0,0,6,12,0,0,1,2,0,80,-44,"North Melbourne","2021",23
14,"Dumont, Trent",9,4,5,14,0,0,0,2,1,5,0,2,0,1,0,0,15,0,0,3,0,0,80,-44,"North Melbourne","2021",23
40,"Ford, Eddie",5,3,4,9,0,1,0,3,0,2,0,1,1,0,0,2,6,0,1,0,0,0,84,-44,"North Melbourne","2021",23
22,"Goldstein, Todd",4,1,8,12,0,0,41,4,0,2,5,0,1,0,0,9,3,1,0,5,0,0,91,-44,"North Melbourne","2021",23
43,"Hall, Aaron",28,5,9,37,0,0,0,3,16,1,1,6,1,1,1,3,21,0,0,1,2,1,90,-44,"North Melbourne","2021",23
20,"Larkey, Nick",6,5,7,13,3,0,0,1,0,0,1,1,2,0,0,5,8,1,3,2,0,0,90,-44,"North Melbourne","2021",23
11,"McDonald, Luke",8,3,3,11,0,0,0,7,5,1,0,6,0,2,0,3,4,2,0,2,1,0,87,-44,"North Melbourne","2021",23
23,"McKay, Ben",4,4,2,6,0,0,0,1,2,0,0,1,0,1,0,2,4,0,0,7,0,0,88,-44,"North Melbourne","2021",23
29,"Phillips, Will",2,1,8,10,1,0,0,2,0,1,1,2,0,2,0,6,5,0,0,0,0,0,59,-44,"North Melbourne","2021",23
0,"Scott, Bailey",3,0,2,5,1,0,0,0,0,0,0,2,0,1,0,4,2,0,0,0,0,0,25,-44,"North Melbourne","2021",23
12,"Simpkin, Jy",13,2,13,26,0,0,0,7,1,6,4,5,2,0,0,8,18,0,1,2,2,0,84,-44,"North Melbourne","2021",23
36,"Spicer, Phoenix",3,1,4,7,0,1,0,0,0,2,0,2,0,0,0,2,5,0,0,1,0,0,78,-44,"North Melbourne","2021",23
2,"Stephenson, Jaidyn",7,4,10,17,0,1,0,4,0,5,3,2,2,1,0,5,12,0,0,0,2,0,83,-44,"North Melbourne","2021",23
25,"Tarrant, Robbie",10,8,6,16,0,0,0,2,4,0,0,2,0,0,0,2,13,0,0,5,0,0,90,-44,"North Melbourne","2021",23
5,"Taylor, Curtis",11,1,3,14,0,1,0,5,2,2,1,1,0,0,0,5,10,0,0,0,1,1,78,-44,"North Melbourne","2021",23
26,"Thomas, Tarryn",15,5,11,26,1,1,0,7,2,2,3,3,3,0,0,16,10,1,1,2,1,0,82,-44,"North Melbourne","2021",23
28,"Turner, Kayne",5,5,5,10,0,0,0,2,2,0,0,1,1,0,0,4,6,0,1,2,0,0,78,-44,"North Melbourne","2021",23
19,"Walker, Josh",5,1,3,8,1,0,4,1,0,2,0,3,1,0,0,4,4,0,0,0,0,0,75,-44,"North Melbourne","2021",23
0,"Zurhaar, Cameron",6,3,0,6,0,0,0,2,0,1,0,2,2,1,0,3,4,0,2,1,0,1,52,-44,"North Melbourne","2021",23
