"Number","Player","Kicks","Marks","Handballs","Disposals","Goals","Behinds","Hitouts","Tackles","Rebounds50s","Inside50s","Clearances","Clangers","FreesFor","FreesAgainst","BrownlowVotes","ContestedPossessions","UncontestedPossessions","ContestedMarks","MarksInside50","OnePercenters","Bounces","GoalAssists","PercentagePlayed","PointDifference","Team","Season","Round"
21,"Aliir, Aliir",14,8,5,19,0,0,0,4,5,0,0,1,2,0,0,9,9,3,0,4,0,0,96,95,"Port Adelaide","2021",22
15,"Amon, Karl",21,4,9,30,0,1,0,3,2,10,7,5,0,0,2,7,19,0,0,3,2,1,87,95,"Port Adelaide","2021",22
14,"Bergman, Miles",14,7,6,20,2,1,0,1,2,4,0,6,0,0,0,3,16,0,1,1,0,1,76,95,"Port Adelaide","2021",22
10,"Boak, Travis",13,3,18,31,1,3,0,5,0,1,3,8,2,1,3,15,16,0,0,0,0,1,86,95,"Port Adelaide","2021",22
26,"Bonner, Riley",14,3,4,18,0,0,0,2,6,1,1,0,0,0,0,3,10,0,0,0,0,0,77,95,"Port Adelaide","2021",22
3,"Burton, Ryan",14,5,5,19,0,0,0,1,4,2,0,3,0,1,0,2,17,0,0,0,0,0,81,95,"Port Adelaide","2021",22
18,"Butters, Zak",11,6,14,25,0,0,0,3,1,3,4,2,0,0,0,8,16,0,0,3,2,2,79,95,"Port Adelaide","2021",22
33,"Byrne-Jones, Darcy",16,6,11,27,0,0,0,2,1,5,0,3,1,0,0,7,20,1,0,1,0,0,83,95,"Port Adelaide","2021",22
17,"Clurey, Tom",6,4,8,14,0,0,0,1,2,0,0,0,0,0,0,4,9,1,0,4,0,0,96,95,"Port Adelaide","2021",22
22,"Dixon, Charlie",8,5,1,9,4,0,3,1,0,2,1,1,1,0,0,5,4,1,3,1,0,1,94,95,"Port Adelaide","2021",22
28,"Drew, Willem",4,2,12,16,0,0,0,6,0,2,5,1,0,1,0,11,5,1,1,1,0,1,71,95,"Port Adelaide","2021",22
7,"Duursma, Xavier",9,1,7,16,0,2,0,2,0,5,4,3,0,2,0,8,8,0,0,0,0,0,78,95,"Port Adelaide","2021",22
13,"Fantasia, Orazio",7,2,7,14,3,0,0,1,0,4,2,1,2,0,0,5,9,0,0,0,2,3,77,95,"Port Adelaide","2021",22
19,"Georgiades, Mitch",5,5,6,11,2,0,0,0,0,0,0,2,1,0,0,5,6,1,3,1,0,0,82,95,"Port Adelaide","2021",22
9,"Gray, Robbie",9,4,10,19,2,0,0,3,0,4,2,0,0,0,0,7,12,0,1,1,1,1,78,95,"Port Adelaide","2021",22
5,"Houston, Dan",17,5,7,24,1,0,0,1,3,6,1,4,0,1,0,6,18,0,0,1,1,2,74,95,"Port Adelaide","2021",22
1,"Jonas, Tom",9,2,6,15,0,0,0,2,6,0,0,0,1,0,0,5,6,0,0,5,0,0,93,95,"Port Adelaide","2021",22
38,"Ladhams, Peter",9,6,8,17,1,1,23,4,1,2,1,0,3,0,0,12,5,3,2,2,0,0,77,95,"Port Adelaide","2021",22
0,"Lycett, Scott",5,3,5,10,1,2,15,1,0,2,1,2,1,1,0,4,6,1,2,5,0,0,49,95,"Port Adelaide","2021",22
4,"Marshall, Todd",8,3,4,12,2,0,1,1,0,1,0,1,1,1,0,5,7,2,0,2,0,0,83,95,"Port Adelaide","2021",22
0,"Mayes, Sam",2,2,1,3,1,0,0,1,1,0,0,1,0,0,0,2,1,1,1,0,0,0,22,95,"Port Adelaide","2021",22
20,"Rozee, Connor",11,4,12,23,1,1,0,2,0,3,2,1,2,0,0,9,14,0,0,0,0,1,87,95,"Port Adelaide","2021",22
16,"Wines, Ollie",13,4,18,31,0,1,0,7,3,5,5,5,3,0,1,17,15,0,1,2,1,1,73,95,"Port Adelaide","2021",22
19,"Betts, Eddie",4,2,5,9,0,0,0,0,0,1,0,3,0,0,0,3,7,0,1,1,0,0,77,-95,"Carlton","2021",22
41,"Casboult, Levi",9,6,3,12,1,1,6,4,0,1,0,2,0,0,0,3,8,2,2,1,0,0,81,-95,"Carlton","2021",22
30,"Curnow, Charlie",9,5,5,14,0,2,0,1,0,2,0,5,0,4,0,5,10,1,2,1,0,2,79,-95,"Carlton","2021",22
35,"Curnow, Ed",11,5,11,22,0,0,0,2,1,3,4,5,0,0,0,7,14,0,0,0,0,0,84,-95,"Carlton","2021",22
12,"De Koning, Tom",10,5,5,15,0,1,23,1,2,0,4,5,1,2,0,9,9,1,2,2,0,0,85,-95,"Carlton","2021",22
2,"Dow, Paddy",7,3,11,18,0,0,0,2,2,4,1,4,0,0,0,7,12,0,0,1,0,0,72,-95,"Carlton","2021",22
29,"Durdin, Corey",1,1,4,5,0,0,0,3,0,0,0,1,0,0,0,4,1,0,0,1,0,1,75,-95,"Carlton","2021",22
25,"Fisher, Zac",11,2,6,17,0,0,0,7,0,2,4,2,1,0,0,6,11,0,0,1,1,0,78,-95,"Carlton","2021",22
36,"Honey, Josh",6,3,3,9,2,1,0,1,0,3,0,3,0,0,0,2,6,1,1,3,0,0,77,-95,"Carlton","2021",22
17,"Kemp, Brodie",3,2,2,5,0,0,0,3,0,0,0,4,0,1,0,0,5,0,0,6,0,0,84,-95,"Carlton","2021",22
7,"Kennedy, Matthew",15,8,13,28,1,1,0,7,2,3,6,3,1,0,0,11,17,1,0,0,0,0,72,-95,"Carlton","2021",22
11,"McGovern, Mitch",8,7,4,12,1,2,0,3,1,4,0,0,1,0,0,2,10,1,3,1,0,0,78,-95,"Carlton","2021",22
3,"Murphy, Marc",14,4,10,24,0,0,0,5,1,4,3,5,1,1,0,10,14,0,0,0,0,0,85,-95,"Carlton","2021",22
24,"Newman, Nic",13,4,4,17,0,0,0,4,5,1,2,2,0,1,0,5,7,0,0,4,0,0,87,-95,"Carlton","2021",22
32,"Newnes, Jack",10,5,7,17,0,0,0,3,0,3,1,1,0,0,0,5,12,0,0,1,0,0,81,-95,"Carlton","2021",22
4,"OBrien, Lochie",10,6,9,19,0,1,0,0,1,3,2,2,1,1,0,6,13,0,0,0,0,0,82,-95,"Carlton","2021",22
5,"Petrevski-Seton, Sam",0,0,0,0,0,0,0,0,0,0,0,0,0,0,0,0,0,0,0,0,0,0,0,-95,"Carlton","2021",22
20,"Plowman, Lachie",6,3,2,8,0,0,0,2,3,1,0,3,0,2,0,1,5,0,0,8,0,0,88,-95,"Carlton","2021",22
42,"Saad, Adam",17,1,1,18,0,0,0,1,5,2,0,7,0,2,0,6,8,0,0,3,1,0,81,-95,"Carlton","2021",22
13,"Stocker, Liam",12,4,4,16,0,0,0,3,6,3,0,8,1,3,0,8,5,0,0,4,0,0,88,-95,"Carlton","2021",22
18,"Walsh, Sam",10,5,20,30,0,0,0,6,2,1,5,3,1,0,0,14,15,0,0,0,0,0,87,-95,"Carlton","2021",22
23,"Weitering, Jacob",9,2,1,10,0,0,0,1,7,0,0,2,0,1,0,3,3,1,0,12,0,0,100,-95,"Carlton","2021",22
31,"Williamson, Tom",8,5,3,11,0,0,0,1,2,2,1,5,0,2,0,3,9,1,0,4,0,0,78,-95,"Carlton","2021",22
