"Number","Player","Kicks","Marks","Handballs","Disposals","Goals","Behinds","Hitouts","Tackles","Rebounds50s","Inside50s","Clearances","Clangers","FreesFor","FreesAgainst","BrownlowVotes","ContestedPossessions","UncontestedPossessions","ContestedMarks","MarksInside50","OnePercenters","Bounces","GoalAssists","PercentagePlayed","PointDifference","Team","Season","Round"
41,"Casboult, Levi",6,3,1,7,0,0,0,1,0,3,1,2,0,1,0,2,5,0,1,4,0,1,79,-21,"Carlton","2021",2
9,"Cripps, Patrick",8,3,13,21,0,0,0,5,0,2,5,2,3,1,0,10,11,0,0,1,0,1,87,-21,"Carlton","2021",2
35,"Curnow, Ed",13,3,8,21,0,0,0,5,2,2,3,3,0,2,0,8,15,0,0,1,0,1,76,-21,"Carlton","2021",2
15,"Docherty, Sam",17,9,7,24,0,0,0,0,6,2,0,3,0,0,0,3,20,0,0,8,0,0,88,-21,"Carlton","2021",2
2,"Dow, Paddy",6,1,7,13,0,0,0,2,1,3,3,0,1,0,0,6,7,0,1,0,0,0,73,-21,"Carlton","2021",2
25,"Fisher, Zac",8,4,8,16,1,0,0,0,0,4,0,4,2,2,0,6,11,0,2,0,0,3,78,-21,"Carlton","2021",2
8,"Fogarty, Lachie",10,5,11,21,1,0,0,4,0,4,4,0,1,0,0,8,11,0,2,0,0,1,78,-21,"Carlton","2021",2
40,"Gibbons, Michael",12,3,3,15,3,1,0,0,0,3,0,3,1,1,0,3,11,0,0,1,0,0,73,-21,"Carlton","2021",2
14,"Jones, Liam",5,4,2,7,0,0,0,2,0,0,0,3,2,2,0,3,4,1,0,4,0,0,95,-21,"Carlton","2021",2
21,"Martin, Jack",10,7,2,12,3,0,0,2,1,4,1,1,0,1,0,3,10,0,2,1,0,0,72,-21,"Carlton","2021",2
39,"McDonald, Oscar",0,0,0,0,0,0,0,0,0,0,0,0,0,0,0,0,0,0,0,0,0,0,0,-21,"Carlton","2021",2
10,"McKay, Harry",8,6,2,10,4,0,0,2,0,1,0,1,1,1,0,5,4,3,3,2,0,0,88,-21,"Carlton","2021",2
3,"Murphy, Marc",8,3,10,18,0,1,0,1,2,3,0,1,1,0,0,5,12,0,0,1,0,1,81,-21,"Carlton","2021",2
32,"Newnes, Jack",9,5,7,16,0,1,0,0,0,5,1,4,0,1,0,3,10,0,0,2,1,0,84,-21,"Carlton","2021",2
5,"Petrevski-Seton, Sam",14,5,5,19,0,0,0,1,5,2,0,3,0,1,0,6,11,0,0,2,0,0,77,-21,"Carlton","2021",2
27,"Pittonet, Marc",7,3,1,8,1,1,21,2,0,3,4,3,1,2,0,7,3,2,2,4,0,0,86,-21,"Carlton","2021",2
20,"Plowman, Lachie",15,10,1,16,0,0,0,2,3,1,1,1,2,0,0,5,10,1,0,1,0,0,91,-21,"Carlton","2021",2
42,"Saad, Adam",18,2,5,23,0,0,0,1,2,5,1,3,1,0,0,5,17,0,0,3,3,0,78,-21,"Carlton","2021",2
43,"Setterfield, Will",3,2,6,9,0,0,0,2,0,1,1,1,0,0,0,4,6,0,0,3,0,0,80,-21,"Carlton","2021",2
18,"Walsh, Sam",8,4,21,29,0,0,0,3,1,4,5,2,0,1,0,12,17,1,0,3,0,0,89,-21,"Carlton","2021",2
23,"Weitering, Jacob",12,5,4,16,0,1,0,1,7,0,0,2,3,2,0,7,6,2,0,16,1,0,93,-21,"Carlton","2021",2
31,"Williamson, Tom",2,2,3,5,0,0,0,1,1,1,0,0,0,0,0,1,4,0,0,1,0,0,78,-21,"Carlton","2021",2
6,"Williams, Zac",15,2,5,20,0,0,0,4,0,6,10,7,1,5,0,14,12,0,0,3,0,2,77,-21,"Carlton","2021",2
13,"Adams, Taylor",18,3,11,29,1,0,0,7,1,9,13,5,2,0,1,18,7,0,0,3,1,1,75,21,"Collingwood","2021",2
17,"Brown, Callum",7,6,4,11,0,1,0,3,2,3,1,1,1,0,0,4,7,2,0,0,0,0,56,21,"Collingwood","2021",2
6,"Brown, Tyler",5,4,11,16,0,0,0,0,1,1,4,1,0,0,0,7,9,0,0,1,0,0,87,21,"Collingwood","2021",2
46,"Cox, Mason",6,3,4,10,2,3,4,3,0,0,0,5,3,2,0,7,3,2,1,0,0,0,87,21,"Collingwood","2021",2
25,"Crisp, Jack",24,7,12,36,0,0,0,3,3,6,2,8,3,5,3,15,24,1,0,3,2,1,91,21,"Collingwood","2021",2
7,"Daicos, Josh",10,2,6,16,1,0,0,5,2,3,1,1,0,0,0,4,12,0,0,0,1,0,71,21,"Collingwood","2021",2
2,"de Goey, Jordan",11,6,5,16,4,3,0,1,0,2,0,2,1,1,0,4,13,0,5,0,0,2,88,21,"Collingwood","2021",2
0,"Elliott, Jamie",4,4,1,5,2,0,0,1,0,1,0,2,0,1,0,2,4,0,2,1,0,1,28,21,"Collingwood","2021",2
4,"Grundy, Brodie",7,3,9,16,0,0,51,6,4,1,4,5,2,1,0,10,8,1,0,4,0,1,89,21,"Collingwood","2021",2
32,"Hoskin-Elliott, Will",11,7,1,12,1,0,0,3,1,2,0,0,0,0,0,2,10,1,1,1,1,0,80,21,"Collingwood","2021",2
38,"Howe, Jeremy",15,6,7,22,0,0,0,3,6,0,0,3,1,1,0,7,12,0,0,2,0,0,97,21,"Collingwood","2021",2
44,"Madgen, Jack",11,5,5,16,0,0,0,0,4,0,0,2,0,0,0,2,14,0,0,4,0,0,89,21,"Collingwood","2021",2
37,"Maynard, Brayden",10,2,3,13,0,0,0,3,3,1,0,3,1,1,0,2,8,1,0,1,0,0,85,21,"Collingwood","2021",2
41,"Mihocek, Brody",8,6,1,9,3,0,0,1,0,3,0,3,1,2,0,4,4,2,3,0,0,0,86,21,"Collingwood","2021",2
30,"Moore, Darcy",14,6,8,22,0,0,0,2,6,0,0,4,3,2,2,13,5,3,0,5,1,0,100,21,"Collingwood","2021",2
9,"Noble, John",13,5,10,23,0,0,0,2,3,2,1,4,1,0,0,6,15,0,0,0,0,0,80,21,"Collingwood","2021",2
10,"Pendlebury, Scott",16,5,14,30,0,1,0,5,2,6,3,5,1,2,0,10,19,0,0,2,2,2,85,21,"Collingwood","2021",2
3,"Quaynor, Isaac",12,3,4,16,0,0,0,4,6,3,0,4,2,1,0,6,10,0,0,6,1,1,82,21,"Collingwood","2021",2
23,"Roughead, Jordan",5,4,3,8,0,0,0,4,2,0,0,0,0,0,0,2,6,1,0,7,0,0,100,21,"Collingwood","2021",2
0,"Ruscoe, Trey",1,1,1,2,1,0,0,1,0,0,0,0,0,0,0,1,1,0,1,0,0,0,34,21,"Collingwood","2021",2
22,"Sidebottom, Steele",14,5,6,20,1,0,0,2,1,4,2,4,0,1,0,7,14,0,0,2,0,2,82,21,"Collingwood","2021",2
36,"Sier, Brayden",4,1,12,16,0,0,0,3,0,0,4,1,0,0,0,9,7,0,0,0,0,0,62,21,"Collingwood","2021",2
24,"Thomas, Josh",5,3,2,7,0,0,0,3,0,1,0,0,1,0,0,3,5,0,0,2,0,2,65,21,"Collingwood","2021",2
