"Number","Player","Kicks","Marks","Handballs","Disposals","Goals","Behinds","Hitouts","Tackles","Rebounds50s","Inside50s","Clearances","Clangers","FreesFor","FreesAgainst","BrownlowVotes","ContestedPossessions","UncontestedPossessions","ContestedMarks","MarksInside50","OnePercenters","Bounces","GoalAssists","PercentagePlayed","PointDifference","Team","Season","Round"
11,"Aish, James",9,4,11,20,0,0,0,2,2,1,1,0,1,0,0,5,14,0,0,3,0,0,83,-64,"Fremantle","2021",21
0,"Bewley, Brett",6,1,3,9,0,0,0,0,1,2,1,3,0,1,0,3,6,0,0,0,0,0,17,-64,"Fremantle","2021",21
19,"Blakely, Connor",8,3,6,14,0,0,0,2,0,4,3,0,3,0,0,8,7,0,0,1,0,1,62,-64,"Fremantle","2021",21
8,"Brayshaw, Andrew",8,3,17,25,0,0,0,1,3,3,4,5,2,3,0,8,19,0,0,2,1,1,79,-64,"Fremantle","2021",21
5,"Cerra, Adam",15,6,9,24,0,0,0,4,0,10,4,4,1,0,0,6,17,0,1,0,0,1,84,-64,"Fremantle","2021",21
33,"Colyer, Travis",11,4,5,16,3,1,0,2,0,1,1,2,1,0,0,6,9,0,1,0,0,1,85,-64,"Fremantle","2021",21
12,"Crowden, Mitch",3,3,5,8,0,0,0,1,0,0,1,3,0,1,0,3,6,0,1,1,0,0,88,-64,"Fremantle","2021",21
4,"Darcy, Sean",7,6,10,17,1,1,29,1,0,2,5,1,1,1,0,11,7,2,1,3,0,0,79,-64,"Fremantle","2021",21
23,"Henry, Liam",8,4,2,10,1,0,0,1,2,1,1,1,0,1,0,2,8,0,2,1,3,0,84,-64,"Fremantle","2021",21
2,"Logue, Griffin",4,3,2,6,0,0,0,0,0,0,0,2,0,0,0,2,4,0,0,3,0,0,83,-64,"Fremantle","2021",21
22,"Meek, Lloyd",2,2,8,10,1,0,13,1,0,0,2,6,0,3,0,7,4,1,1,2,0,0,71,-64,"Fremantle","2021",21
16,"Mundy, David",11,3,17,28,0,0,0,3,1,7,5,8,3,2,0,13,15,0,0,0,0,0,75,-64,"Fremantle","2021",21
25,"Pearce, Alex",8,5,4,12,0,0,0,0,4,2,0,1,1,0,0,5,7,0,0,7,0,1,89,-64,"Fremantle","2021",21
13,"Ryan, Luke",15,6,2,17,0,0,0,0,6,0,0,3,0,3,0,3,8,1,0,3,0,0,94,-64,"Fremantle","2021",21
28,"Schultz, Lachie",5,3,3,8,0,1,0,2,0,1,0,1,0,0,0,3,6,0,1,1,0,1,80,-64,"Fremantle","2021",21
3,"Serong, Caleb",17,7,13,30,0,0,0,5,1,6,5,3,3,1,0,12,17,0,2,0,0,0,77,-64,"Fremantle","2021",21
20,"Taberner, Matthew",10,5,1,11,1,0,0,2,0,3,0,3,4,3,0,6,6,2,2,0,0,0,95,-64,"Fremantle","2021",21
35,"Treacy, Josh",6,6,7,13,1,0,0,1,0,2,1,0,0,0,0,7,6,4,1,0,0,0,88,-64,"Fremantle","2021",21
18,"Tucker, Darcy",5,3,11,16,0,0,0,1,0,1,0,1,2,1,0,7,11,0,0,0,0,0,84,-64,"Fremantle","2021",21
31,"Walker, Brandon",10,6,5,15,0,0,0,3,3,4,0,4,0,0,0,5,9,1,0,3,0,0,76,-64,"Fremantle","2021",21
34,"Western, Joel",2,0,2,4,0,0,0,0,0,1,0,1,0,0,0,0,3,0,0,0,0,0,70,-64,"Fremantle","2021",21
0,"Wilson, Nathan",5,2,1,6,0,0,0,1,3,1,0,1,0,0,0,1,5,0,0,3,1,0,66,-64,"Fremantle","2021",21
26,"Young, Hayden",16,10,3,19,0,0,0,2,7,1,2,3,1,0,0,4,14,0,0,3,2,0,88,-64,"Fremantle","2021",21
4,"Ah Chee, Callum",5,2,6,11,0,0,0,1,0,3,1,3,0,3,0,5,6,0,0,1,0,1,66,64,"Brisbane Lions","2021",21
31,"Andrews, Harris",11,9,9,20,0,0,0,1,4,0,0,4,2,2,0,8,11,1,0,15,0,0,100,64,"Brisbane Lions","2021",21
33,"Bailey, Zac",14,3,5,19,2,2,0,5,1,4,1,6,1,2,0,6,12,1,1,0,0,1,81,64,"Brisbane Lions","2021",21
7,"Berry, Jarrod",6,4,8,14,0,0,0,4,0,1,1,1,1,0,0,3,11,0,0,1,0,0,75,64,"Brisbane Lions","2021",21
0,"Berry, Tom",0,0,1,1,0,0,0,1,0,0,0,1,0,1,0,1,0,0,0,0,0,0,26,64,"Brisbane Lions","2021",21
14,"Birchall, Grant",10,4,11,21,0,0,0,1,6,1,0,0,0,0,0,3,16,0,0,2,1,0,78,64,"Brisbane Lions","2021",21
23,"Cameron, Charlie",13,6,4,17,2,0,0,5,1,1,0,2,1,0,0,4,14,0,2,0,1,2,89,64,"Brisbane Lions","2021",21
12,"Cockatoo, Nakia",5,0,3,8,2,0,0,6,0,0,0,2,0,2,0,5,5,0,0,3,0,0,74,64,"Brisbane Lions","2021",21
18,"Coleman, Keidean",2,3,5,7,0,0,0,2,0,0,1,0,0,0,0,4,3,1,0,1,0,0,83,64,"Brisbane Lions","2021",21
3,"Daniher, Joe",10,7,7,17,4,1,1,1,0,3,0,2,0,1,1,3,12,1,3,1,0,0,89,64,"Brisbane Lions","2021",21
21,"Fullarton, Tom",6,1,8,14,0,0,2,2,0,1,3,1,1,0,0,10,6,0,0,3,0,1,82,64,"Brisbane Lions","2021",21
35,"Lester, Ryan",6,6,5,11,0,0,0,1,0,1,0,1,0,1,0,2,8,1,0,8,0,0,92,64,"Brisbane Lions","2021",21
17,"Lyons, Jarryd",16,3,13,29,0,0,0,7,3,6,8,7,3,1,2,13,15,0,0,2,0,2,83,64,"Brisbane Lions","2021",21
36,"Mathieson, Rhys",5,2,12,17,0,1,0,5,1,2,4,4,2,3,0,9,7,0,1,0,0,1,73,64,"Brisbane Lions","2021",21
11,"McCarthy, Lincoln",8,4,3,11,3,2,0,0,0,2,1,2,0,0,0,3,7,0,2,0,0,0,84,64,"Brisbane Lions","2021",21
6,"McCluggage, Hugh",19,3,10,29,0,1,0,6,2,4,2,4,1,1,0,6,23,0,0,1,0,2,79,64,"Brisbane Lions","2021",21
46,"McInerney, Oscar",8,3,9,17,2,0,23,2,3,1,7,6,1,1,0,11,7,1,1,5,0,0,79,64,"Brisbane Lions","2021",21
25,"McStay, Daniel",11,8,4,15,2,1,0,5,0,3,0,1,3,0,0,3,12,0,1,4,0,1,87,64,"Brisbane Lions","2021",21
20,"Prior, Jaxon",4,3,3,7,0,0,0,1,1,0,0,1,0,0,0,2,6,1,0,3,0,0,82,64,"Brisbane Lions","2021",21
10,"Rich, Daniel",20,11,8,28,0,0,0,0,10,2,0,2,0,1,0,8,17,1,0,1,0,0,87,64,"Brisbane Lions","2021",21
0,"Robinson, Mitch",9,2,4,13,0,0,0,3,4,3,4,4,1,1,0,4,7,0,0,0,0,1,56,64,"Brisbane Lions","2021",21
37,"Starcevich, Brandon",10,4,2,12,0,0,0,2,3,3,0,4,1,1,0,3,8,0,0,2,0,0,78,64,"Brisbane Lions","2021",21
15,"Zorko, Dayne",24,0,10,34,1,1,0,10,5,11,7,7,2,2,3,17,14,0,0,2,0,0,78,64,"Brisbane Lions","2021",21
