"Number","Player","Kicks","Marks","Handballs","Disposals","Goals","Behinds","Hitouts","Tackles","Rebounds50s","Inside50s","Clearances","Clangers","FreesFor","FreesAgainst","BrownlowVotes","ContestedPossessions","UncontestedPossessions","ContestedMarks","MarksInside50","OnePercenters","Bounces","GoalAssists","PercentagePlayed","PointDifference","Team","Season","Round"
41,"Ah Chee, Brendon",4,3,8,12,0,0,0,5,0,2,1,1,0,1,0,5,8,0,0,2,0,1,82,30,"West Coast","2021",9
12,"Allen, Oscar",7,4,4,11,3,0,0,1,0,2,0,1,1,0,0,6,5,3,2,2,0,1,86,30,"West Coast","2021",9
37,"Barrass, Tom",12,7,2,14,0,0,0,0,1,0,0,1,1,0,0,3,9,0,0,3,0,0,84,30,"West Coast","2021",9
10,"Brander, Jarrod",14,4,5,19,0,2,0,0,1,4,2,1,1,0,0,4,15,0,1,0,0,0,82,30,"West Coast","2021",9
28,"Cole, Tom",11,4,3,14,0,0,0,3,7,1,1,5,2,0,0,3,11,0,0,4,0,1,90,30,"West Coast","2021",9
15,"Cripps, Jamie",16,10,9,25,1,0,0,3,2,8,0,2,0,1,0,3,23,0,0,1,2,1,82,30,"West Coast","2021",9
27,"Darling, Jack",11,8,4,15,5,2,1,1,0,3,0,7,1,3,2,7,9,5,6,0,0,0,92,30,"West Coast","2021",9
3,"Gaff, Andrew",19,7,11,30,0,0,0,3,3,3,2,2,0,1,0,4,24,0,1,2,1,1,86,30,"West Coast","2021",9
31,"Jones, Jamaine",3,2,4,7,1,0,0,7,2,1,0,0,0,0,0,3,5,0,0,0,1,0,73,30,"West Coast","2021",9
11,"Kelly, Tim",13,3,18,31,0,0,0,3,1,5,11,0,2,0,3,18,14,0,0,0,1,3,84,30,"West Coast","2021",9
17,"Kennedy, Josh",6,4,1,7,3,1,0,1,0,2,0,2,0,1,0,2,6,0,3,1,1,2,82,30,"West Coast","2021",9
7,"Langdon, Zac",0,0,0,0,0,0,0,0,0,0,0,0,0,0,0,0,0,0,0,0,0,0,0,30,"West Coast","2021",9
20,"McGovern, Jeremy",16,10,6,22,0,0,0,1,6,0,0,2,2,0,0,7,14,2,0,5,0,0,84,30,"West Coast","2021",9
9,"Naitanui, Nic",7,4,6,13,0,1,31,3,1,5,4,3,3,2,0,10,4,3,0,5,0,0,62,30,"West Coast","2021",9
30,"Nelson, Jackson",5,2,8,13,0,0,0,1,2,2,1,3,0,1,0,7,8,0,0,1,0,0,81,30,"West Coast","2021",9
21,"Petruccelle, Jack",6,3,8,14,1,0,0,0,0,2,2,3,0,1,0,8,8,0,1,0,0,1,80,30,"West Coast","2021",9
8,"Redden, Jack",6,7,20,26,0,0,0,7,0,2,3,3,1,2,0,10,16,1,0,2,0,0,84,30,"West Coast","2021",9
35,"Rotham, Josh",18,10,6,24,0,0,0,1,1,1,0,1,0,0,0,3,20,1,0,2,0,0,86,30,"West Coast","2021",9
4,"Sheed, Dom",14,6,9,23,0,1,0,2,1,3,4,3,1,2,0,7,16,0,1,1,0,0,82,30,"West Coast","2021",9
5,"Sheppard, Brad",9,3,8,17,0,0,0,5,4,0,0,1,1,0,0,7,10,0,0,5,0,0,89,30,"West Coast","2021",9
2,"Waterman, Jake",14,12,3,17,2,1,0,0,3,0,0,2,1,1,0,4,14,1,3,1,0,1,82,30,"West Coast","2021",9
32,"Williams, Bailey",4,2,1,5,0,1,9,1,0,2,0,1,0,1,0,5,1,2,0,2,0,1,61,30,"West Coast","2021",9
23,"Witherden, Alex",26,12,4,30,0,0,0,2,10,0,1,1,0,1,0,6,16,0,0,1,1,0,85,30,"West Coast","2021",9
21,"Berry, Sam",4,3,6,10,2,0,0,2,0,3,0,2,1,1,0,6,5,1,1,1,0,1,80,-30,"Adelaide","2021",9
16,"Brown, Luke",12,5,4,16,0,0,0,2,6,0,0,0,2,0,0,3,14,0,1,4,0,1,80,-30,"Adelaide","2021",9
41,"Butts, Jordon",8,5,3,11,0,0,0,1,2,1,0,0,2,0,0,4,6,1,0,3,0,0,83,-30,"Adelaide","2021",9
39,"Doedee, Tom",11,7,9,20,0,0,0,1,4,1,0,2,0,0,0,7,12,2,0,15,0,0,96,-30,"Adelaide","2021",9
32,"Fogarty, Darcy",7,4,5,12,1,2,0,0,0,3,0,2,1,2,0,7,5,2,1,0,0,0,79,-30,"Adelaide","2021",9
22,"Frampton, Billy",4,3,1,5,0,1,5,0,1,1,0,1,0,0,0,2,3,2,1,3,0,0,79,-30,"Adelaide","2021",9
17,"Hamill, Will",6,1,6,12,0,0,0,2,2,1,0,1,2,0,0,4,10,0,0,1,0,0,79,-30,"Adelaide","2021",9
1,"Jones, Chayce",12,1,7,19,0,1,0,0,1,1,0,5,0,0,0,4,13,0,0,1,0,0,79,-30,"Adelaide","2021",9
2,"Keays, Ben",16,5,16,32,0,1,0,3,2,10,6,8,0,1,0,11,21,0,0,2,0,2,85,-30,"Adelaide","2021",9
8,"Kelly, Jake",8,4,5,13,0,0,0,3,1,0,0,1,2,1,0,5,7,0,0,3,0,0,95,-30,"Adelaide","2021",9
29,"Laird, Rory",16,6,20,36,1,0,0,5,0,4,10,7,2,3,1,17,20,0,0,1,0,1,81,-30,"Adelaide","2021",9
14,"Mackay, David",11,1,3,14,0,0,0,2,0,3,0,1,1,0,0,4,9,0,0,1,0,0,81,-30,"Adelaide","2021",9
23,"McAdam, Shane",7,5,3,10,3,2,0,1,0,2,0,1,0,0,0,8,2,4,3,3,0,0,81,-30,"Adelaide","2021",9
36,"McPherson, Andrew",0,0,0,0,0,0,0,0,0,0,0,0,0,0,0,0,0,0,0,0,0,0,0,-30,"Adelaide","2021",9
43,"OBrien, Reilly",5,2,5,10,0,0,15,5,1,2,4,4,2,3,0,7,3,2,0,4,0,0,83,-30,"Adelaide","2021",9
37,"OConnor, Ronin",1,0,7,8,0,0,0,8,0,1,1,0,0,0,0,3,5,0,0,0,0,0,56,-30,"Adelaide","2021",9
31,"Rowe, James",10,4,12,22,1,0,0,1,0,2,0,3,0,0,0,8,16,0,1,1,0,0,85,-30,"Adelaide","2021",9
26,"Schoenberg, Harry",12,5,9,21,1,2,0,1,1,8,2,5,0,1,0,9,13,0,3,2,0,0,87,-30,"Adelaide","2021",9
11,"Seedsman, Paul",10,5,12,22,0,0,0,3,3,5,0,4,1,1,0,4,18,0,0,0,1,0,83,-30,"Adelaide","2021",9
38,"Sholl, Lachlan",9,3,15,24,0,0,0,1,1,0,2,2,1,1,0,9,15,0,0,1,0,0,82,-30,"Adelaide","2021",9
9,"Sloane, Rory",9,4,13,22,0,0,0,6,0,3,4,4,1,2,0,13,10,1,0,1,0,1,87,-30,"Adelaide","2021",9
33,"Smith, Brodie",17,5,5,22,0,0,0,0,7,4,0,2,0,0,0,2,17,0,0,2,0,1,80,-30,"Adelaide","2021",9
7,"Thilthorpe, Riley",6,4,5,11,2,1,0,0,0,1,1,2,0,1,0,6,5,1,2,3,0,0,82,-30,"Adelaide","2021",9
