"Number","Player","Kicks","Marks","Handballs","Disposals","Goals","Behinds","Hitouts","Tackles","Rebounds50s","Inside50s","Clearances","Clangers","FreesFor","FreesAgainst","BrownlowVotes","ContestedPossessions","UncontestedPossessions","ContestedMarks","MarksInside50","OnePercenters","Bounces","GoalAssists","PercentagePlayed","PointDifference","Team","Season","Round"
9,"Ainsworth, Ben",8,4,3,11,0,0,0,2,1,2,1,2,1,0,0,5,7,0,0,1,0,0,82,-98,"Gold Coast","2021",20
15,"Anderson, Noah",14,2,9,23,0,0,0,4,3,2,2,7,1,1,0,10,16,0,0,3,0,0,82,-98,"Gold Coast","2021",20
10,"Ballard, Charlie",14,10,4,18,0,0,0,2,2,0,0,3,0,1,0,6,13,2,0,7,0,0,97,-98,"Gold Coast","2021",20
3,"Bowes, Jack",10,5,3,13,0,0,0,1,2,1,2,4,0,2,0,2,10,0,0,2,0,1,83,-98,"Gold Coast","2021",20
7,"Brodie, Will",0,0,0,0,0,0,0,0,0,0,0,0,0,0,0,0,0,0,0,0,0,0,0,-98,"Gold Coast","2021",20
29,"Burgess, Chris",4,3,6,10,1,0,6,3,1,0,3,0,1,0,0,5,5,0,1,2,0,0,85,-98,"Gold Coast","2021",20
25,"Collins, Sam",8,4,7,15,0,0,0,1,5,0,0,3,1,1,0,4,10,0,0,10,0,0,98,-98,"Gold Coast","2021",20
19,"Corbett, Josh",7,2,2,9,1,2,0,0,0,3,0,3,1,1,0,4,5,0,2,4,0,0,79,-98,"Gold Coast","2021",20
50,"Farrar, Jy",9,7,10,19,0,0,0,0,3,1,0,2,0,0,0,4,15,0,0,7,5,0,84,-98,"Gold Coast","2021",20
8,"Fiorini, Brayden",15,11,8,23,0,0,0,6,3,3,3,3,1,0,0,6,18,0,0,2,0,1,76,-98,"Gold Coast","2021",20
26,"Flanders, Sam",6,4,2,8,1,0,0,6,0,2,0,0,0,0,0,0,9,0,1,0,0,1,78,-98,"Gold Coast","2021",20
40,"Jeffrey, Joel",3,1,2,5,0,1,0,3,0,1,0,1,0,0,0,2,3,0,1,2,0,0,69,-98,"Gold Coast","2021",20
34,"King, Ben",0,0,3,3,0,0,0,0,0,0,0,0,0,0,0,3,0,0,0,2,0,0,83,-98,"Gold Coast","2021",20
23,"Lemmens, Sean",11,4,3,14,0,0,0,1,6,0,0,5,1,1,0,4,10,0,0,1,0,0,89,-98,"Gold Coast","2021",20
13,"Lukosius, Jack",19,4,2,21,0,0,0,2,13,2,0,3,0,0,0,3,7,0,0,2,2,0,78,-98,"Gold Coast","2021",20
44,"Macpherson, Darcy",4,3,6,10,0,0,0,7,1,0,2,4,1,1,0,5,5,0,0,2,0,0,74,-98,"Gold Coast","2021",20
11,"Miller, Touk",19,2,15,34,0,1,0,10,2,6,7,8,4,1,0,17,17,0,0,2,0,0,83,-98,"Gold Coast","2021",20
27,"Powell, Wil",7,3,2,9,0,0,0,2,3,1,0,3,0,0,0,0,6,0,0,2,0,0,74,-98,"Gold Coast","2021",20
18,"Rowell, Matt",5,2,14,19,0,0,0,6,2,1,5,2,3,2,0,12,7,0,0,0,0,0,68,-98,"Gold Coast","2021",20
6,"Sexton, Alex",10,5,4,14,1,0,0,1,1,1,0,3,1,2,0,3,9,0,0,0,0,0,88,-98,"Gold Coast","2021",20
37,"Sharp, Jeremy",7,4,2,9,0,0,0,0,1,1,0,3,0,1,0,0,10,0,0,0,2,0,92,-98,"Gold Coast","2021",20
32,"Smith, Zac",1,0,6,7,0,0,19,1,0,0,3,1,0,0,0,5,2,0,0,9,0,0,75,-98,"Gold Coast","2021",20
24,"Swallow, David",17,9,9,26,0,1,0,3,4,0,0,2,0,2,0,8,18,2,0,2,0,0,82,-98,"Gold Coast","2021",20
17,"Bowey, Jake",5,3,8,13,0,0,0,2,0,1,0,1,0,1,0,0,13,0,0,0,0,0,81,98,"Melbourne","2021",20
10,"Brayshaw, Angus",15,6,4,19,0,1,0,1,0,5,3,2,0,0,0,7,12,0,2,1,0,0,81,98,"Melbourne","2021",20
50,"Brown, Ben",10,6,2,12,4,1,2,2,0,1,0,1,1,0,0,5,7,1,3,1,0,0,80,98,"Melbourne","2021",20
31,"Fritsch, Bayley",8,5,3,11,2,0,0,4,0,3,0,2,0,0,0,6,5,1,2,0,0,0,68,98,"Melbourne","2021",20
11,"Gawn, Max",14,5,2,16,2,1,31,1,0,3,4,1,0,0,2,11,7,1,1,1,0,1,83,98,"Melbourne","2021",20
4,"Harmes, James",10,5,14,24,0,3,0,8,1,4,3,4,3,2,0,9,18,1,2,1,3,0,77,98,"Melbourne","2021",20
29,"Hunt, Jayden",14,6,5,19,0,0,0,0,3,3,0,1,0,0,0,3,14,0,0,1,3,0,83,98,"Melbourne","2021",20
6,"Jackson, Luke",6,3,11,17,4,0,13,2,0,1,3,0,1,0,0,8,10,0,2,4,0,0,77,98,"Melbourne","2021",20
0,"Jordon, James",0,0,2,2,0,0,0,1,0,0,0,0,0,0,0,1,1,0,0,1,0,0,22,98,"Melbourne","2021",20
15,"Langdon, Ed",8,4,7,15,0,0,0,1,3,3,2,3,0,0,0,3,12,0,0,1,0,0,89,98,"Melbourne","2021",20
8,"Lever, Jake",11,8,3,14,0,0,0,1,1,0,0,1,0,1,0,4,10,3,0,5,0,0,97,98,"Melbourne","2021",20
1,"May, Steven",14,5,2,16,0,1,0,0,5,1,0,1,0,0,0,4,5,2,0,7,0,0,97,98,"Melbourne","2021",20
0,"McDonald, Tom",9,4,6,15,1,2,3,5,0,4,0,2,1,0,0,5,11,0,3,2,0,1,64,98,"Melbourne","2021",20
30,"Neal-Bullen, Alex",9,4,8,17,0,0,0,9,0,5,1,1,1,0,0,6,10,0,1,2,0,2,76,98,"Melbourne","2021",20
13,"Oliver, Clayton",13,2,22,35,1,1,0,5,2,6,10,4,3,3,1,19,17,0,0,3,0,2,88,98,"Melbourne","2021",20
5,"Petracca, Christian",19,10,13,32,1,0,0,5,2,10,6,5,0,1,3,13,19,1,2,1,0,2,89,98,"Melbourne","2021",20
35,"Petty, Harry",6,6,2,8,0,0,0,2,2,0,0,2,0,1,0,3,6,1,0,8,0,0,92,98,"Melbourne","2021",20
36,"Pickett, Kysaiah",11,3,4,15,2,1,0,3,1,5,0,1,1,0,0,3,12,0,0,1,0,0,79,98,"Melbourne","2021",20
24,"Rivers, Trent",10,4,8,18,0,0,0,2,2,5,0,0,2,0,0,5,12,1,0,4,1,0,69,98,"Melbourne","2021",20
3,"Salem, Christian",12,5,5,17,0,0,0,1,0,5,0,3,0,1,0,1,15,0,0,0,2,0,81,98,"Melbourne","2021",20
9,"Spargo, Charlie",8,4,5,13,1,0,0,2,1,1,0,2,1,0,0,3,10,0,0,0,0,1,74,98,"Melbourne","2021",20
32,"Sparrow, Tom",10,5,6,16,0,1,0,2,0,3,2,2,2,1,0,5,12,0,0,1,0,0,73,98,"Melbourne","2021",20
7,"Viney, Jack",9,3,13,22,0,1,0,4,0,2,7,8,0,5,0,15,10,0,1,1,0,2,78,98,"Melbourne","2021",20
