"Number","Player","Kicks","Marks","Handballs","Disposals","Goals","Behinds","Hitouts","Tackles","Rebounds50s","Inside50s","Clearances","Clangers","FreesFor","FreesAgainst","BrownlowVotes","ContestedPossessions","UncontestedPossessions","ContestedMarks","MarksInside50","OnePercenters","Bounces","GoalAssists","PercentagePlayed","PointDifference","Team","Season","Round"
30,"Atkins, Tom",13,3,6,19,0,0,0,7,2,1,0,4,0,2,0,6,14,0,0,1,0,1,78,5,"Geelong","2021",14
24,"Bews, Jed",10,5,5,15,0,1,0,2,2,1,0,2,0,0,0,4,12,1,0,2,0,0,88,5,"Geelong","2021",14
46,"Blicavs, Mark",6,2,13,19,0,0,26,3,2,3,9,2,2,0,0,15,6,1,0,8,0,0,88,5,"Geelong","2021",14
5,"Cameron, Jeremy",6,3,9,15,2,2,0,0,0,2,0,0,1,0,0,4,11,0,2,1,0,1,92,5,"Geelong","2021",14
45,"Close, Brad",7,3,11,18,1,0,0,5,0,4,1,3,1,1,0,7,12,0,1,2,0,0,80,5,"Geelong","2021",14
40,"Dahlhaus, Luke",11,1,10,21,1,1,0,6,1,3,0,3,1,1,0,7,13,0,0,1,0,1,74,5,"Geelong","2021",14
35,"Dangerfield, Patrick",13,4,13,26,0,3,0,1,2,4,3,3,1,1,0,11,15,1,2,2,0,0,78,5,"Geelong","2021",14
0,"Duncan, Mitch",0,0,2,2,0,0,0,1,1,0,0,0,0,0,0,1,1,0,0,2,0,0,6,5,"Geelong","2021",14
29,"Guthrie, Cameron",10,4,12,22,0,0,0,5,1,1,0,1,1,0,0,5,17,0,0,2,0,1,75,5,"Geelong","2021",14
26,"Hawkins, Tom",4,1,9,13,1,0,9,1,0,1,2,1,0,1,0,8,6,1,1,1,0,1,92,5,"Geelong","2021",14
38,"Henry, Jack",11,9,1,12,0,0,0,2,2,1,0,2,0,0,0,5,7,4,0,7,0,0,97,5,"Geelong","2021",14
0,"Higgins, Shaun",5,1,11,16,0,0,0,3,1,2,0,5,0,3,0,5,11,0,0,1,0,1,72,5,"Geelong","2021",14
8,"Kolodjashnij, Jake",2,3,5,7,0,0,0,0,1,0,0,0,0,0,0,3,4,0,0,4,0,0,96,5,"Geelong","2021",14
27,"Menegola, Sam",18,8,9,27,2,0,0,2,1,2,5,4,1,2,0,17,14,2,1,2,1,1,86,5,"Geelong","2021",14
19,"Narkle, Quinton",6,1,10,16,0,0,0,2,0,2,5,3,1,0,0,10,9,0,1,1,0,0,54,5,"Geelong","2021",14
42,"OConnor, Mark",2,1,9,11,0,0,0,3,1,0,0,0,0,0,0,2,9,0,0,3,0,0,78,5,"Geelong","2021",14
3,"Parfitt, Brandan",15,2,7,22,1,0,0,9,1,2,0,5,0,3,0,6,18,0,0,1,0,0,73,5,"Geelong","2021",14
17,"Ratugolea, Esava",3,1,6,9,1,0,13,3,0,2,1,3,0,1,0,6,2,1,0,1,0,0,78,5,"Geelong","2021",14
23,"Rohan, Gary",9,5,2,11,2,1,0,3,0,4,0,1,0,1,0,4,7,3,2,1,0,0,84,5,"Geelong","2021",14
14,"Selwood, Joel",15,2,14,29,1,0,0,6,3,4,10,6,3,2,1,17,15,0,1,6,1,1,82,5,"Geelong","2021",14
7,"Smith, Isaac",19,7,11,30,0,0,0,0,3,9,2,2,0,1,0,7,16,2,0,2,0,2,87,5,"Geelong","2021",14
44,"Stewart, Tom",24,13,3,27,0,0,0,1,9,3,0,3,0,0,2,7,17,3,0,5,0,0,85,5,"Geelong","2021",14
2,"Tuohy, Zach",22,2,5,27,0,0,0,2,5,2,0,5,1,2,0,6,15,0,0,1,0,0,79,5,"Geelong","2021",14
4,"Bontempelli, Marcus",18,5,12,30,1,2,0,7,1,11,8,6,1,1,3,17,17,2,1,7,2,2,87,-5,"Western Bulldogs","2021",14
17,"Bruce, Josh",4,4,4,8,3,1,1,2,0,2,0,1,0,1,0,2,6,1,2,2,0,1,91,-5,"Western Bulldogs","2021",14
12,"Cordy, Zaine",8,2,4,12,0,0,0,2,3,0,0,2,3,1,0,7,4,0,0,11,0,0,91,-5,"Western Bulldogs","2021",14
9,"Crozier, Hayden",7,3,3,10,0,0,0,0,1,2,0,3,0,1,0,0,10,0,0,4,0,0,75,-5,"Western Bulldogs","2021",14
31,"Dale, Bailey",11,2,3,14,0,0,0,0,4,1,0,1,0,0,0,1,10,0,0,4,0,0,78,-5,"Western Bulldogs","2021",14
35,"Daniel, Caleb",16,3,11,27,1,0,0,6,4,1,5,4,0,0,0,7,21,0,1,3,1,0,79,-5,"Western Bulldogs","2021",14
15,"Duryea, Taylor",13,4,9,22,0,0,0,5,3,2,1,1,2,0,0,4,14,1,0,5,1,0,87,-5,"Western Bulldogs","2021",14
44,"English, Tim",5,1,3,8,0,0,29,4,1,1,1,3,0,3,0,4,4,1,0,1,0,0,82,-5,"Western Bulldogs","2021",14
43,"Gardner, Ryan",8,3,4,12,0,0,0,2,4,1,1,2,1,1,0,3,8,0,0,4,0,0,85,-5,"Western Bulldogs","2021",14
29,"Hannan, Mitch",6,2,4,10,0,1,3,2,0,2,1,4,1,0,0,5,7,0,1,1,0,0,86,-5,"Western Bulldogs","2021",14
7,"Hunter, Lachie",14,10,9,23,0,0,0,3,1,3,0,4,1,0,0,4,19,0,2,3,1,0,84,-5,"Western Bulldogs","2021",14
39,"Johannisen, Jason",4,1,2,6,1,0,0,2,0,2,0,1,0,1,0,2,4,0,0,3,0,2,78,-5,"Western Bulldogs","2021",14
42,"Keath, Alex",5,3,4,9,0,0,2,3,4,0,3,1,0,0,0,9,3,1,0,10,0,0,100,-5,"Western Bulldogs","2021",14
21,"Liberatore, Tom",11,1,19,30,1,0,0,8,2,4,11,3,4,2,0,20,12,0,0,1,0,0,79,-5,"Western Bulldogs","2021",14
11,"Macrae, Jack",15,3,20,35,0,0,0,3,1,3,6,7,2,1,0,16,18,0,0,2,0,0,85,-5,"Western Bulldogs","2021",14
16,"McLean, Toby",9,5,12,21,1,0,0,2,1,2,3,5,1,0,0,7,14,0,1,3,0,2,71,-5,"Western Bulldogs","2021",14
0,"Naughton, Aaron",3,1,1,4,0,1,0,1,0,2,0,0,1,0,0,3,1,1,0,0,0,0,43,-5,"Western Bulldogs","2021",14
28,"Scott, Anthony",8,3,2,10,2,2,0,2,2,2,0,2,1,0,0,4,7,1,1,1,0,1,77,-5,"Western Bulldogs","2021",14
6,"Smith, Bailey",8,2,6,14,0,0,0,4,2,0,0,3,0,0,0,7,7,0,0,0,0,0,78,-5,"Western Bulldogs","2021",14
37,"Smith, Roarke",2,0,10,12,0,1,0,2,0,1,0,0,0,0,0,10,3,0,0,3,0,0,69,-5,"Western Bulldogs","2021",14
0,"Wallis, Mitch",3,1,4,7,0,0,0,1,0,1,0,0,0,0,0,2,5,0,0,0,0,0,41,-5,"Western Bulldogs","2021",14
19,"Weightman, Cody",10,3,4,14,1,1,0,1,0,3,2,2,3,1,0,8,6,1,2,2,0,0,72,-5,"Western Bulldogs","2021",14
34,"Williams, Bailey",12,6,12,24,0,0,0,2,6,3,0,0,0,0,0,5,16,1,0,8,0,0,82,-5,"Western Bulldogs","2021",14
