"Number","Player","Kicks","Marks","Handballs","Disposals","Goals","Behinds","Hitouts","Tackles","Rebounds50s","Inside50s","Clearances","Clangers","FreesFor","FreesAgainst","BrownlowVotes","ContestedPossessions","UncontestedPossessions","ContestedMarks","MarksInside50","OnePercenters","Bounces","GoalAssists","PercentagePlayed","PointDifference","Team","Season","Round"
16,"Butler, Dan",10,1,4,14,0,0,0,9,0,5,0,3,0,1,0,2,11,0,1,2,1,1,89,29,"St Kilda","2021",21
31,"Byrnes, Ryan",8,4,7,15,0,0,0,2,1,2,1,6,0,0,0,3,10,0,0,1,0,0,90,29,"St Kilda","2021",21
0,"Bytel, Jack",3,0,2,5,0,0,0,1,0,0,0,0,0,0,0,0,5,0,0,0,0,0,12,29,"St Kilda","2021",21
1,"Coffield, Nick",11,7,4,15,0,0,0,2,4,0,0,0,1,0,0,4,12,1,0,4,0,0,76,29,"St Kilda","2021",21
37,"Connolly, Leo",7,3,3,10,0,0,0,1,3,1,1,5,0,1,0,3,7,0,0,2,1,0,64,29,"St Kilda","2021",21
5,"Crouch, Brad",8,3,16,24,0,0,0,3,1,4,3,4,1,2,0,11,12,0,0,0,0,1,67,29,"St Kilda","2021",21
7,"Dunstan, Luke",13,4,13,26,0,0,0,5,0,4,3,5,3,2,0,10,18,0,0,2,0,0,85,29,"St Kilda","2021",21
22,"Higgins, Jack",10,4,6,16,4,1,0,1,0,3,0,2,0,0,1,7,8,0,2,2,0,0,87,29,"St Kilda","2021",21
34,"Highmore, Tom",13,9,8,21,0,0,0,2,0,1,0,2,0,1,0,5,14,2,0,4,0,0,85,29,"St Kilda","2021",21
8,"Hill, Bradley",18,4,8,26,0,0,0,0,2,4,0,4,1,2,0,1,23,0,0,5,1,0,86,29,"St Kilda","2021",21
3,"Jones, Zak",12,3,10,22,0,0,0,8,2,2,3,3,2,1,0,10,13,0,0,0,2,1,71,29,"St Kilda","2021",21
39,"Joyce, Darragh",3,2,5,8,0,0,3,1,2,0,0,1,0,1,0,3,5,0,0,4,0,0,72,29,"St Kilda","2021",21
25,"Kent, Dean",12,7,3,15,3,0,0,4,0,6,0,2,1,1,0,5,9,1,2,3,0,2,84,29,"St Kilda","2021",21
0,"King, Max",5,4,1,6,2,2,0,0,0,0,0,0,1,0,0,4,3,2,2,2,0,0,59,29,"St Kilda","2021",21
19,"Marshall, Rowan",13,6,12,25,0,0,29,3,0,3,8,6,2,2,2,18,9,1,0,4,0,0,84,29,"St Kilda","2021",21
36,"McKenzie, Daniel",13,7,7,20,0,0,0,1,1,5,1,4,0,2,0,8,13,0,0,3,0,1,75,29,"St Kilda","2021",21
28,"Membrey, Tim",10,6,5,15,2,0,0,4,0,2,0,4,1,1,0,6,9,1,5,0,0,0,94,29,"St Kilda","2021",21
6,"Ross, Sebastian",10,6,9,19,0,0,0,4,2,6,3,2,1,0,0,4,14,0,0,0,2,0,87,29,"St Kilda","2021",21
43,"Sharman, Cooper",6,5,5,11,2,1,1,2,0,1,0,1,0,0,0,6,4,2,4,0,0,1,83,29,"St Kilda","2021",21
35,"Sinclair, Jack",18,6,7,25,0,0,0,4,9,3,0,4,0,0,0,8,16,1,0,4,0,0,83,29,"St Kilda","2021",21
9,"Steele, Jack",15,6,19,34,1,1,0,7,0,5,7,1,3,0,3,14,20,0,2,2,0,1,88,29,"St Kilda","2021",21
29,"Webster, Jimmy",10,1,4,14,0,0,0,2,7,1,1,0,0,0,0,2,12,0,0,7,2,0,80,29,"St Kilda","2021",21
44,"Wilkie, Callum",10,4,6,16,0,0,0,1,4,0,0,2,0,1,0,3,12,0,0,4,0,0,100,29,"St Kilda","2021",21
22,"Blakey, Nick",13,7,6,19,0,0,0,3,4,5,0,4,0,0,0,4,16,0,0,4,3,0,74,-29,"Sydney","2021",21
4,"Clarke, Ryan",0,0,0,0,0,0,0,0,0,0,0,0,0,0,0,0,0,0,0,0,0,0,0,-29,"Sydney","2021",21
7,"Cunningham, Harry",12,5,9,21,0,0,0,2,4,0,0,1,1,0,0,8,12,0,0,5,0,0,87,-29,"Sydney","2021",21
34,"Dawson, Jordan",12,5,9,21,2,1,0,1,1,4,0,6,0,4,0,10,12,2,2,2,0,1,86,-29,"Sydney","2021",21
13,"Florent, Oliver",15,4,3,18,1,0,0,0,4,4,3,4,1,1,0,7,13,1,1,2,0,0,86,-29,"Sydney","2021",21
42,"Fox, Robbie",7,4,10,17,0,0,0,2,1,0,0,3,0,1,0,5,11,0,0,2,1,0,82,-29,"Sydney","2021",21
23,"Franklin, Lance",4,0,1,5,1,1,0,3,0,0,0,0,2,0,0,2,3,0,0,0,0,0,96,-29,"Sydney","2021",21
21,"Gulden, Errol",8,2,4,12,2,1,0,2,0,2,1,5,1,1,0,6,7,0,2,0,0,1,76,-29,"Sydney","2021",21
9,"Hayward, Will",5,0,4,9,2,1,0,5,0,1,0,0,3,0,0,5,4,0,0,2,0,1,79,-29,"Sydney","2021",21
5,"Heeney, Isaac",11,2,4,15,0,0,0,1,1,4,2,2,0,1,0,7,9,0,0,2,0,0,83,-29,"Sydney","2021",21
29,"Hewett, George",4,1,14,18,0,0,0,5,0,3,3,2,1,0,0,9,10,0,0,1,0,0,81,-29,"Sydney","2021",21
31,"Hickey, Tom",9,3,5,14,0,0,26,1,5,3,4,4,1,1,0,6,7,0,0,6,0,1,80,-29,"Sydney","2021",21
12,"Kennedy, Josh",14,5,10,24,0,0,0,1,1,5,5,3,1,0,0,11,12,0,0,0,0,0,74,-29,"Sydney","2021",21
44,"Lloyd, Jake",19,6,11,30,0,0,0,1,10,0,0,0,1,0,0,2,19,0,0,2,2,0,87,-29,"Sydney","2021",21
30,"McCartin, Tom",6,2,10,16,0,0,0,1,1,0,0,3,0,0,0,2,14,0,0,6,2,0,97,-29,"Sydney","2021",21
27,"McInerney, Justin",10,4,9,19,0,0,0,1,1,1,1,4,2,1,0,7,12,0,0,4,0,0,82,-29,"Sydney","2021",21
11,"Papley, Tom",12,5,3,15,2,0,0,1,1,5,2,2,1,0,0,2,12,0,0,0,0,0,88,-29,"Sydney","2021",21
26,"Parker, Luke",13,4,17,30,0,0,0,4,3,4,12,3,2,2,0,18,12,0,0,2,0,0,86,-29,"Sydney","2021",21
24,"Rampe, Dane",11,7,4,15,0,0,0,1,5,1,0,2,0,2,0,0,15,0,0,5,0,0,93,-29,"Sydney","2021",21
20,"Reid, Sam",6,5,5,11,0,0,9,4,0,1,2,1,1,0,0,6,5,2,1,3,0,1,88,-29,"Sydney","2021",21
8,"Rowbottom, James",6,1,8,14,0,0,0,5,1,3,4,3,0,0,0,7,7,0,0,1,0,0,70,-29,"Sydney","2021",21
3,"Stephens, Dylan",6,3,2,8,0,0,0,1,0,1,1,5,0,3,0,3,4,0,0,0,1,0,57,-29,"Sydney","2021",21
45,"Wicks, Sam",4,2,2,6,0,0,0,0,0,1,0,1,0,0,0,2,4,0,0,2,0,0,70,-29,"Sydney","2021",21
