"Number","Player","Kicks","Marks","Handballs","Disposals","Goals","Behinds","Hitouts","Tackles","Rebounds50s","Inside50s","Clearances","Clangers","FreesFor","FreesAgainst","BrownlowVotes","ContestedPossessions","UncontestedPossessions","ContestedMarks","MarksInside50","OnePercenters","Bounces","GoalAssists","PercentagePlayed","PointDifference","Team","Season","Round"
12,"Allen, Oscar",11,8,2,13,4,0,0,2,2,0,0,2,3,1,3,5,8,2,4,2,0,0,81,25,"West Coast","2021",1
37,"Barrass, Tom",15,13,7,22,0,0,0,2,1,2,0,2,0,1,1,7,14,3,0,2,1,0,86,25,"West Coast","2021",1
28,"Cole, Tom",14,8,8,22,0,0,0,1,5,2,1,1,1,0,0,6,15,1,0,2,1,0,79,25,"West Coast","2021",1
15,"Cripps, Jamie",12,8,8,20,1,3,0,1,0,3,0,2,2,1,0,4,16,0,3,1,0,0,91,25,"West Coast","2021",1
27,"Darling, Jack",8,4,6,14,2,1,0,3,0,3,1,4,2,2,0,9,7,1,2,3,0,0,96,25,"West Coast","2021",1
14,"Duggan, Liam",15,7,7,22,0,0,0,0,0,2,2,2,0,2,0,6,17,0,0,2,0,0,88,25,"West Coast","2021",1
3,"Gaff, Andrew",12,8,4,16,0,1,0,1,2,2,1,1,0,1,0,3,13,0,1,2,1,0,90,25,"West Coast","2021",1
25,"Hurn, Shannon",23,12,8,31,0,0,0,2,4,3,0,2,0,0,0,6,18,1,0,2,1,0,78,25,"West Coast","2021",1
31,"Jones, Jamaine",0,0,0,0,0,0,0,0,0,0,0,0,0,0,0,0,0,0,0,0,0,0,0,25,"West Coast","2021",1
11,"Kelly, Tim",19,7,9,28,0,1,0,3,1,9,5,0,2,0,0,10,19,0,0,1,3,1,82,25,"West Coast","2021",1
17,"Kennedy, Josh",8,5,2,10,2,2,0,1,0,2,0,3,1,2,0,2,7,1,2,0,0,1,86,25,"West Coast","2021",1
7,"Langdon, Zac",6,6,6,12,0,1,0,1,0,1,0,2,2,1,0,6,7,0,0,0,0,1,76,25,"West Coast","2021",1
20,"McGovern, Jeremy",15,7,3,18,0,0,0,2,7,0,0,2,1,1,0,5,13,1,0,3,0,0,76,25,"West Coast","2021",1
9,"Naitanui, Nic",4,0,10,14,0,1,22,1,0,3,6,2,1,1,0,10,4,0,0,0,0,1,66,25,"West Coast","2021",1
30,"Nelson, Jackson",14,5,5,19,0,0,0,1,1,1,0,1,0,0,0,5,11,0,0,3,0,0,85,25,"West Coast","2021",1
24,"ONeill, Xavier",9,2,9,18,0,0,0,2,0,2,0,2,1,0,0,5,12,0,0,1,0,0,72,25,"West Coast","2021",1
21,"Petruccelle, Jack",3,1,3,6,1,0,0,1,0,0,1,0,0,0,0,3,3,1,0,0,0,0,80,25,"West Coast","2021",1
8,"Redden, Jack",11,7,11,22,0,0,0,2,2,4,3,4,0,1,0,7,18,1,0,3,0,0,85,25,"West Coast","2021",1
35,"Rotham, Josh",12,9,4,16,0,0,0,2,3,0,0,2,1,0,0,2,14,0,0,4,0,0,85,25,"West Coast","2021",1
1,"Ryan, Liam",10,4,2,12,1,0,0,2,0,7,0,1,2,0,0,3,10,0,1,2,3,1,87,25,"West Coast","2021",1
4,"Sheed, Dom",23,12,11,34,0,1,0,3,4,4,9,7,1,1,2,11,23,0,0,1,2,1,86,25,"West Coast","2021",1
5,"Sheppard, Brad",13,8,5,18,0,0,0,1,4,2,1,2,0,0,0,3,15,1,0,1,0,1,95,25,"West Coast","2021",1
19,"Vardy, Nathan",2,3,1,3,1,0,1,0,0,0,0,0,0,0,0,2,1,2,1,2,0,0,52,25,"West Coast","2021",1
15,"Anderson, Noah",13,3,6,19,0,0,0,3,1,1,3,8,0,2,0,6,15,0,0,3,0,0,75,-25,"Gold Coast","2021",1
10,"Ballard, Charlie",17,12,4,21,0,0,0,0,1,0,0,5,1,2,0,4,17,1,0,6,0,0,94,-25,"Gold Coast","2021",1
3,"Bowes, Jack",28,14,2,30,0,0,0,2,7,1,1,2,0,1,0,2,22,0,0,3,2,0,92,-25,"Gold Coast","2021",1
7,"Brodie, Will",9,2,9,18,0,1,0,0,0,1,5,3,1,1,0,9,9,0,0,0,0,0,64,-25,"Gold Coast","2021",1
35,"Budarick, Connor",7,6,5,12,0,0,0,1,1,1,0,4,0,3,0,4,9,0,0,0,0,0,83,-25,"Gold Coast","2021",1
25,"Collins, Sam",15,10,3,18,0,0,0,2,6,0,0,3,4,0,0,5,15,0,0,9,0,0,92,-25,"Gold Coast","2021",1
12,"Day, Sam",3,2,7,10,0,2,0,1,0,0,0,3,0,2,0,6,4,0,1,3,0,0,86,-25,"Gold Coast","2021",1
4,"Ellis, Brandon",14,9,5,19,0,0,0,2,0,4,0,2,0,1,0,3,17,0,0,1,4,1,87,-25,"Gold Coast","2021",1
1,"Greenwood, Hugh",7,2,3,10,0,0,0,5,0,3,1,1,0,0,0,5,4,0,0,1,0,0,77,-25,"Gold Coast","2021",1
0,"Holman, Nick",4,3,5,9,1,0,0,1,0,1,1,0,0,0,0,2,7,0,0,0,0,0,63,-25,"Gold Coast","2021",1
34,"King, Ben",9,7,3,12,3,1,0,0,0,5,0,4,2,0,0,4,8,1,3,0,0,0,89,-25,"Gold Coast","2021",1
23,"Lemmens, Sean",11,7,5,16,0,0,0,2,3,2,0,3,0,3,0,3,12,1,0,1,0,0,87,-25,"Gold Coast","2021",1
13,"Lukosius, Jack",20,11,3,23,0,2,0,1,5,4,1,1,0,0,0,2,21,0,0,2,1,0,78,-25,"Gold Coast","2021",1
44,"Macpherson, Darcy",11,6,6,17,0,0,0,0,0,3,2,2,0,0,0,7,10,1,0,0,1,0,77,-25,"Gold Coast","2021",1
17,"Markov, Oleg",17,14,3,20,0,0,0,2,3,0,0,3,1,0,0,5,15,2,0,1,1,0,81,-25,"Gold Coast","2021",1
11,"Miller, Touk",11,1,9,20,1,1,0,2,0,4,4,3,2,1,0,7,13,0,0,0,0,0,83,-25,"Gold Coast","2021",1
27,"Powell, Wil",11,5,7,18,0,0,0,2,5,1,1,1,1,0,0,6,10,0,0,1,1,0,71,-25,"Gold Coast","2021",1
22,"Rankine, Izak",4,3,7,11,0,1,0,1,0,2,2,2,0,1,0,4,7,0,0,1,1,1,80,-25,"Gold Coast","2021",1
0,"Rowell, Matt",3,0,1,4,0,0,0,1,0,0,1,2,1,0,0,2,2,0,0,0,0,0,15,-25,"Gold Coast","2021",1
6,"Sexton, Alex",9,6,3,12,1,1,0,1,1,6,0,1,0,0,0,4,9,0,1,1,3,2,83,-25,"Gold Coast","2021",1
24,"Swallow, David",14,5,15,29,1,1,0,3,4,1,2,1,1,0,0,9,20,0,0,1,0,0,76,-25,"Gold Coast","2021",1
14,"Weller, Lachie",13,6,8,21,1,0,0,3,1,4,3,7,1,2,0,8,14,0,0,0,0,0,86,-25,"Gold Coast","2021",1
28,"Witts, Jarrod",6,3,6,12,0,0,31,4,1,0,3,3,0,1,0,7,4,2,0,3,0,0,80,-25,"Gold Coast","2021",1
