"Number","Player","Kicks","Marks","Handballs","Disposals","Goals","Behinds","Hitouts","Tackles","Rebounds50s","Inside50s","Clearances","Clangers","FreesFor","FreesAgainst","BrownlowVotes","ContestedPossessions","UncontestedPossessions","ContestedMarks","MarksInside50","OnePercenters","Bounces","GoalAssists","PercentagePlayed","PointDifference","Team","Season","Round"
16,"Campbell, Braeden",5,1,3,8,0,1,0,1,0,0,0,1,0,0,0,3,5,0,1,1,0,1,80,87,"Sydney","2021",23
7,"Cunningham, Harry",10,3,4,14,0,0,0,1,3,0,0,2,2,1,0,3,10,0,0,1,0,0,82,87,"Sydney","2021",23
34,"Dawson, Jordan",24,16,9,33,1,1,0,3,3,8,1,4,1,0,3,7,27,1,2,2,1,2,81,87,"Sydney","2021",23
13,"Florent, Oliver",14,7,7,21,0,0,0,0,4,3,1,2,0,0,0,8,12,1,0,1,3,0,80,87,"Sydney","2021",23
0,"Fox, Robbie",4,2,3,7,0,0,1,0,0,1,1,1,0,0,0,2,5,0,1,1,1,2,25,87,"Sydney","2021",23
23,"Franklin, Lance",9,7,4,13,6,2,0,5,1,3,1,5,1,2,1,5,10,2,5,2,0,0,75,87,"Sydney","2021",23
21,"Gulden, Errol",16,9,3,19,1,0,0,4,4,5,1,1,1,0,0,5,13,1,0,1,0,0,78,87,"Sydney","2021",23
9,"Hayward, Will",10,5,2,12,0,2,0,2,0,4,0,3,0,1,0,4,8,0,2,2,0,1,91,87,"Sydney","2021",23
5,"Heeney, Isaac",12,6,8,20,3,1,0,2,0,5,2,2,2,0,0,11,10,1,2,2,2,3,83,87,"Sydney","2021",23
29,"Hewett, George",10,6,13,23,0,0,0,6,0,6,2,2,1,1,0,8,16,0,0,0,0,2,86,87,"Sydney","2021",23
31,"Hickey, Tom",9,2,9,18,1,0,25,7,1,6,4,4,4,0,0,13,6,0,0,3,0,1,72,87,"Sydney","2021",23
44,"Lloyd, Jake",22,8,14,36,0,0,0,0,8,2,0,2,1,1,2,6,26,0,0,2,2,1,86,87,"Sydney","2021",23
30,"McCartin, Tom",8,5,4,12,0,0,0,0,2,0,0,0,2,0,0,4,9,0,0,6,0,0,93,87,"Sydney","2021",23
27,"McInerney, Justin",22,13,7,29,0,0,0,0,2,2,0,3,0,0,0,3,26,0,0,2,1,1,83,87,"Sydney","2021",23
41,"McLean, Hayden",8,6,2,10,2,1,6,4,0,1,1,2,0,0,0,3,7,1,4,5,0,0,86,87,"Sydney","2021",23
43,"Melican, Lewis",8,1,2,10,0,0,0,2,1,0,0,2,1,1,0,5,4,1,0,7,0,0,82,87,"Sydney","2021",23
0,"Mills, Callum",5,5,13,18,1,0,0,4,0,2,0,1,0,0,0,7,11,0,0,0,0,0,51,87,"Sydney","2021",23
38,"ORiordan, Colin",8,4,4,12,0,0,0,1,1,0,0,2,1,0,0,4,8,1,0,3,0,0,79,87,"Sydney","2021",23
11,"Papley, Tom",13,7,2,15,3,1,0,0,0,3,2,3,1,1,0,5,9,1,5,1,0,2,81,87,"Sydney","2021",23
26,"Parker, Luke",11,3,12,23,0,0,0,5,1,3,9,3,4,1,0,16,8,1,0,2,0,0,85,87,"Sydney","2021",23
24,"Rampe, Dane",13,4,4,17,0,0,0,1,8,0,0,2,0,1,0,6,8,2,0,2,0,0,90,87,"Sydney","2021",23
8,"Rowbottom, James",9,5,9,18,1,0,0,1,0,1,2,5,0,3,0,3,15,0,1,1,0,1,82,87,"Sydney","2021",23
45,"Wicks, Sam",5,4,4,9,2,0,0,2,1,0,0,2,0,2,0,1,8,0,1,2,1,0,69,87,"Sydney","2021",23
9,"Ainsworth, Ben",15,5,6,21,0,2,0,0,0,6,1,6,1,1,0,10,9,1,2,0,0,2,86,-87,"Gold Coast","2021",23
15,"Anderson, Noah",16,5,12,28,0,0,0,4,2,5,5,5,1,3,0,10,18,0,0,0,0,0,83,-87,"Gold Coast","2021",23
2,"Atkins, Rory",6,3,12,18,0,1,0,0,1,3,4,1,0,0,0,5,13,0,0,0,0,0,81,-87,"Gold Coast","2021",23
10,"Ballard, Charlie",4,5,5,9,0,0,0,3,0,0,0,0,0,0,0,2,8,0,0,3,0,0,88,-87,"Gold Coast","2021",23
29,"Burgess, Chris",4,2,2,6,0,0,9,5,0,1,1,1,0,0,0,4,3,1,0,5,0,0,85,-87,"Gold Coast","2021",23
25,"Collins, Sam",8,7,3,11,0,0,0,1,3,2,0,1,0,1,0,4,8,1,0,6,0,0,83,-87,"Gold Coast","2021",23
19,"Corbett, Josh",4,2,5,9,1,1,0,0,0,0,0,1,2,0,0,4,6,0,1,2,0,0,80,-87,"Gold Coast","2021",23
30,"Davies, Alex",5,2,11,16,0,2,0,6,0,3,2,4,0,2,0,14,3,1,1,1,0,0,65,-87,"Gold Coast","2021",23
50,"Farrar, Jy",8,6,7,15,0,0,0,2,1,2,0,4,1,2,0,3,14,0,0,3,2,1,87,-87,"Gold Coast","2021",23
8,"Fiorini, Brayden",12,3,8,20,0,1,0,3,1,4,6,2,0,1,0,10,13,0,0,2,0,1,86,-87,"Gold Coast","2021",23
0,"Harbrow, Jarrod",16,8,5,21,0,1,0,2,5,1,0,5,1,1,0,3,17,0,0,2,0,0,77,-87,"Gold Coast","2021",23
40,"Jeffrey, Joel",5,0,1,6,0,0,0,0,0,1,0,5,0,1,0,3,2,0,0,1,0,0,69,-87,"Gold Coast","2021",23
34,"King, Ben",7,5,1,8,4,1,0,0,0,2,0,3,0,2,0,3,5,1,2,0,0,0,95,-87,"Gold Coast","2021",23
23,"Lemmens, Sean",7,3,4,11,0,0,0,0,4,1,0,0,0,0,0,0,11,0,0,3,0,0,90,-87,"Gold Coast","2021",23
13,"Lukosius, Jack",14,6,2,16,0,0,0,1,6,1,0,2,2,0,0,5,8,0,0,3,0,0,76,-87,"Gold Coast","2021",23
44,"Macpherson, Darcy",11,5,4,15,0,1,0,4,1,3,1,5,0,3,0,7,8,1,0,1,0,0,76,-87,"Gold Coast","2021",23
11,"Miller, Touk",14,3,23,37,0,1,0,9,4,4,4,2,2,1,0,15,22,0,0,0,0,1,86,-87,"Gold Coast","2021",23
27,"Powell, Wil",8,4,5,13,0,0,0,4,4,0,1,4,0,1,0,1,9,0,0,1,1,0,81,-87,"Gold Coast","2021",23
18,"Rowell, Matt",10,3,7,17,0,0,0,4,0,4,5,3,2,1,0,9,8,0,0,1,0,0,73,-87,"Gold Coast","2021",23
6,"Sexton, Alex",6,3,2,8,1,0,0,0,0,2,0,2,1,0,0,2,6,0,1,0,0,0,77,-87,"Gold Coast","2021",23
0,"Sharp, Jeremy",1,0,1,2,0,0,0,0,0,0,1,0,1,0,0,1,1,0,0,0,0,0,8,-87,"Gold Coast","2021",23
32,"Smith, Zac",3,2,5,8,0,0,25,5,0,0,2,3,1,2,0,3,7,0,0,3,0,0,76,-87,"Gold Coast","2021",23
24,"Swallow, David",11,4,9,20,0,0,0,2,2,2,3,1,0,0,0,7,12,1,0,0,0,0,89,-87,"Gold Coast","2021",23
