"Number","Player","Kicks","Marks","Handballs","Disposals","Goals","Behinds","Hitouts","Tackles","Rebounds50s","Inside50s","Clearances","Clangers","FreesFor","FreesAgainst","BrownlowVotes","ContestedPossessions","UncontestedPossessions","ContestedMarks","MarksInside50","OnePercenters","Bounces","GoalAssists","PercentagePlayed","PointDifference","Team","Season","Round"
4,"Bontempelli, Marcus",20,5,6,26,4,3,0,6,2,8,4,0,0,0,3,9,17,1,2,3,2,1,83,111,"Western Bulldogs","2021",10
17,"Bruce, Josh",4,4,2,6,3,0,0,0,0,0,0,1,1,1,0,2,4,1,2,3,0,0,88,111,"Western Bulldogs","2021",10
12,"Cordy, Zaine",6,3,1,7,0,0,0,4,2,0,1,0,0,0,0,2,3,0,0,6,0,0,100,111,"Western Bulldogs","2021",10
9,"Crozier, Hayden",10,1,4,14,0,0,0,1,4,3,1,1,1,0,0,7,8,0,0,6,0,1,83,111,"Western Bulldogs","2021",10
31,"Dale, Bailey",21,2,13,34,2,0,0,1,4,5,1,1,0,1,1,8,23,0,0,3,1,0,81,111,"Western Bulldogs","2021",10
35,"Daniel, Caleb",9,4,16,25,0,0,0,4,3,1,0,1,1,0,0,11,15,0,0,4,2,1,83,111,"Western Bulldogs","2021",10
15,"Duryea, Taylor",8,5,9,17,0,0,0,1,5,1,0,0,0,0,0,1,16,0,0,3,0,0,84,111,"Western Bulldogs","2021",10
29,"Hannan, Mitch",11,4,4,15,1,0,0,4,0,6,1,1,1,0,0,6,9,1,0,0,0,0,83,111,"Western Bulldogs","2021",10
7,"Hunter, Lachie",13,8,11,24,1,1,0,2,3,7,1,1,2,0,0,3,21,0,2,2,0,1,84,111,"Western Bulldogs","2021",10
39,"Johannisen, Jason",8,5,11,19,1,1,0,4,0,2,0,2,1,0,0,8,12,0,0,4,1,1,83,111,"Western Bulldogs","2021",10
42,"Keath, Alex",8,6,7,15,0,0,2,1,3,1,1,1,0,1,0,7,12,1,0,8,0,0,100,111,"Western Bulldogs","2021",10
21,"Liberatore, Tom",13,5,18,31,1,0,0,4,0,10,8,3,0,1,0,14,19,2,0,2,1,1,85,111,"Western Bulldogs","2021",10
11,"Macrae, Jack",19,6,22,41,0,0,0,9,1,4,9,4,4,2,2,13,29,1,0,0,0,1,84,111,"Western Bulldogs","2021",10
30,"McNeil, Lachlan",2,1,4,6,0,0,0,7,0,1,0,1,1,0,0,4,2,0,0,1,0,0,76,111,"Western Bulldogs","2021",10
33,"Naughton, Aaron",11,9,4,15,5,4,0,2,0,2,0,1,2,1,0,7,8,3,7,0,0,0,83,111,"Western Bulldogs","2021",10
28,"Scott, Anthony",2,0,3,5,0,1,0,2,0,0,0,0,0,0,0,1,4,0,0,0,0,0,51,111,"Western Bulldogs","2021",10
6,"Smith, Bailey",15,4,11,26,0,1,0,7,2,5,7,5,3,1,0,8,18,0,0,0,1,2,81,111,"Western Bulldogs","2021",10
37,"Smith, Roarke",6,2,8,14,1,0,0,3,1,2,1,1,1,0,0,6,10,0,0,2,0,1,75,111,"Western Bulldogs","2021",10
41,"Sweet, Jordon",7,6,7,14,0,2,16,6,1,2,4,6,1,4,0,7,8,0,1,7,0,0,82,111,"Western Bulldogs","2021",10
0,"Treloar, Adam",4,0,10,14,0,0,0,1,1,1,4,3,1,0,0,5,8,0,0,0,0,1,35,111,"Western Bulldogs","2021",10
19,"Weightman, Cody",12,6,2,14,2,2,0,1,0,5,0,1,3,1,0,5,9,0,3,1,0,3,75,111,"Western Bulldogs","2021",10
34,"Williams, Bailey",10,6,4,14,0,1,0,4,3,2,1,0,0,0,0,4,10,1,0,1,1,0,78,111,"Western Bulldogs","2021",10
0,"Young, Lewis",1,2,2,3,0,0,3,0,0,1,0,0,0,0,0,1,2,1,0,1,0,1,43,111,"Western Bulldogs","2021",10
26,"Battle, Josh",9,4,7,16,0,0,0,2,2,4,0,3,1,0,0,2,14,0,0,1,0,0,74,-111,"St Kilda","2021",10
15,"Billings, Jack",13,6,4,17,1,0,0,2,1,4,0,1,0,1,0,1,15,0,0,2,0,1,88,-111,"St Kilda","2021",10
16,"Butler, Dan",5,2,0,5,1,0,0,3,0,2,0,4,1,2,0,4,2,0,0,2,0,0,83,-111,"St Kilda","2021",10
31,"Byrnes, Ryan",11,12,13,24,0,0,0,3,1,2,3,3,0,0,0,9,15,0,1,1,0,0,82,-111,"St Kilda","2021",10
23,"Bytel, Jack",5,1,7,12,0,0,0,3,0,1,4,2,3,1,0,8,5,0,0,0,0,0,58,-111,"St Kilda","2021",10
11,"Clark, Hunter",14,5,7,21,0,0,0,1,2,2,0,5,1,3,0,9,13,0,0,1,0,1,77,-111,"St Kilda","2021",10
5,"Crouch, Brad",9,2,12,21,0,0,0,6,3,1,6,9,1,3,0,11,10,0,0,1,0,0,80,-111,"St Kilda","2021",10
24,"Frawley, James",7,5,3,10,0,0,0,2,3,0,0,2,0,1,0,2,6,0,0,4,0,0,77,-111,"St Kilda","2021",10
14,"Geary, Jarryn",8,5,8,16,0,1,0,1,1,0,0,3,0,3,0,4,12,1,1,2,0,0,77,-111,"St Kilda","2021",10
22,"Higgins, Jack",5,3,8,13,0,0,0,4,0,1,1,2,0,0,0,4,8,0,0,3,0,0,86,-111,"St Kilda","2021",10
34,"Highmore, Tom",0,0,0,0,0,0,0,0,0,0,0,0,0,0,0,0,0,0,0,0,0,0,0,-111,"St Kilda","2021",10
8,"Hill, Bradley",8,3,7,15,0,0,0,2,2,1,1,3,0,2,0,4,14,0,0,1,0,0,89,-111,"St Kilda","2021",10
20,"Howard, Dougal",14,3,3,17,0,0,0,1,5,0,0,2,0,1,0,2,5,0,0,12,0,0,98,-111,"St Kilda","2021",10
12,"King, Max",2,1,4,6,0,1,1,1,0,2,0,0,0,0,0,3,3,0,0,2,0,0,80,-111,"St Kilda","2021",10
13,"Lonie, Jack",9,1,6,15,0,0,0,2,2,0,1,3,0,0,0,4,11,0,0,1,0,0,81,-111,"St Kilda","2021",10
27,"McKernan, Shaun",9,4,2,11,1,1,9,1,0,0,1,5,0,1,0,5,6,1,2,0,0,0,78,-111,"St Kilda","2021",10
28,"Membrey, Tim",12,9,2,14,2,0,2,0,1,2,0,4,2,0,0,6,8,2,3,6,0,0,93,-111,"St Kilda","2021",10
6,"Ross, Sebastian",8,1,15,23,0,0,0,3,4,2,5,3,0,1,0,9,15,0,0,1,1,0,82,-111,"St Kilda","2021",10
18,"Ryder, Paddy",9,2,3,12,0,0,41,1,1,7,5,4,3,2,0,9,2,2,0,5,0,0,73,-111,"St Kilda","2021",10
35,"Sinclair, Jack",18,5,10,28,0,0,0,3,9,4,1,0,0,0,0,7,18,1,0,1,2,1,85,-111,"St Kilda","2021",10
9,"Steele, Jack",7,3,18,25,0,0,0,5,0,7,3,5,1,1,0,14,12,0,0,1,1,0,81,-111,"St Kilda","2021",10
29,"Webster, Jimmy",7,5,10,17,0,0,0,2,4,0,0,1,0,0,0,7,10,0,0,6,0,0,81,-111,"St Kilda","2021",10
44,"Wilkie, Callum",10,4,1,11,0,0,0,0,5,0,0,1,0,1,0,3,5,1,0,7,0,0,96,-111,"St Kilda","2021",10
