"Number","Player","Kicks","Marks","Handballs","Disposals","Goals","Behinds","Hitouts","Tackles","Rebounds50s","Inside50s","Clearances","Clangers","FreesFor","FreesAgainst","BrownlowVotes","ContestedPossessions","UncontestedPossessions","ContestedMarks","MarksInside50","OnePercenters","Bounces","GoalAssists","PercentagePlayed","PointDifference","Team","Season","Round"
19,"Betts, Eddie",1,0,1,2,0,0,0,1,0,0,0,1,0,1,0,2,0,0,0,0,0,0,57,-39,"Carlton","2021",19
46,"Cottrell, Matthew",7,1,3,10,0,0,0,4,5,2,0,3,1,0,0,6,5,0,0,2,1,1,78,-39,"Carlton","2021",19
9,"Cripps, Patrick",11,4,10,21,3,1,0,2,0,6,5,4,2,2,0,8,13,0,1,1,1,0,89,-39,"Carlton","2021",19
35,"Curnow, Ed",12,6,8,20,1,0,0,2,1,5,3,3,1,1,0,8,11,0,0,3,1,3,89,-39,"Carlton","2021",19
12,"De Koning, Tom",10,6,7,17,0,0,22,1,1,0,2,5,2,2,0,7,11,2,2,3,0,0,83,-39,"Carlton","2021",19
2,"Dow, Paddy",11,4,13,24,0,0,0,3,2,5,5,3,1,1,0,10,13,0,0,1,3,0,81,-39,"Carlton","2021",19
25,"Fisher, Zac",8,3,5,13,1,3,0,0,0,0,0,0,0,0,0,3,9,0,2,0,0,0,85,-39,"Carlton","2021",19
14,"Jones, Liam",7,4,3,10,0,0,0,1,2,0,0,0,0,0,0,4,5,1,0,8,0,0,91,-39,"Carlton","2021",19
7,"Kennedy, Matthew",5,1,6,11,2,0,0,0,0,2,3,2,1,0,0,6,5,0,1,0,0,0,79,-39,"Carlton","2021",19
21,"Martin, Jack",7,5,6,13,1,1,0,2,0,2,0,3,1,2,0,6,9,1,2,2,0,1,81,-39,"Carlton","2021",19
0,"Murphy, Marc",5,1,5,10,0,1,0,0,1,0,0,0,1,0,0,3,7,0,0,0,0,1,40,-39,"Carlton","2021",19
24,"Newman, Nic",9,4,8,17,0,0,0,8,3,1,0,2,3,0,0,7,9,0,0,2,0,1,85,-39,"Carlton","2021",19
32,"Newnes, Jack",17,7,4,21,2,1,0,0,4,3,1,2,2,0,0,6,13,1,2,2,0,0,88,-39,"Carlton","2021",19
44,"Owies, Matthew",4,4,2,6,1,1,0,1,0,2,0,0,1,0,0,2,4,1,1,0,0,0,74,-39,"Carlton","2021",19
5,"Petrevski-Seton, Sam",9,5,5,14,0,0,0,5,1,1,1,2,1,0,0,6,9,1,1,1,0,1,68,-39,"Carlton","2021",19
20,"Plowman, Lachie",8,4,5,13,0,0,0,1,2,1,0,1,1,0,0,7,7,1,0,4,0,0,89,-39,"Carlton","2021",19
42,"Saad, Adam",14,5,7,21,0,0,0,1,4,5,0,3,1,0,0,4,13,1,0,4,0,1,85,-39,"Carlton","2021",19
1,"Silvagni, Jack",16,9,5,21,0,1,1,4,0,7,3,1,3,0,0,5,16,0,1,0,0,2,81,-39,"Carlton","2021",19
13,"Stocker, Liam",7,3,1,8,0,0,0,2,1,1,0,1,0,0,0,1,5,0,0,3,0,0,74,-39,"Carlton","2021",19
18,"Walsh, Sam",12,3,15,27,0,0,0,3,1,3,4,7,0,5,0,7,20,0,0,1,1,0,87,-39,"Carlton","2021",19
23,"Weitering, Jacob",12,6,6,18,0,0,0,0,5,0,0,1,1,0,0,6,10,1,0,5,0,0,100,-39,"Carlton","2021",19
31,"Williamson, Tom",9,7,3,12,0,0,0,2,1,0,0,1,0,1,0,1,11,0,0,1,0,0,78,-39,"Carlton","2021",19
0,"Williams, Zac",11,4,2,13,0,0,0,1,1,3,0,0,0,0,0,3,7,0,0,0,0,0,39,-39,"Carlton","2021",19
3,"Anderson, Jed",9,3,7,16,2,0,0,2,0,1,0,1,0,0,0,4,12,0,1,2,0,4,83,39,"North Melbourne","2021",19
18,"Atley, Shaun",11,7,3,14,0,0,0,1,4,0,0,0,0,0,0,2,12,0,0,2,1,0,89,39,"North Melbourne","2021",19
15,"Bosenavulagi, Atu",8,4,8,16,0,0,0,3,2,3,1,3,1,3,0,8,8,0,0,1,0,2,84,39,"North Melbourne","2021",19
10,"Cunnington, Ben",13,5,14,27,0,0,0,1,5,1,10,3,1,2,0,13,14,0,0,0,0,0,72,39,"North Melbourne","2021",19
9,"Davies-Uniacke, Luke",14,6,14,28,0,1,0,1,2,2,5,4,0,2,0,10,19,0,0,1,0,0,82,39,"North Melbourne","2021",19
14,"Dumont, Trent",16,7,11,27,0,0,0,2,5,4,3,2,0,0,0,6,21,1,0,1,0,1,81,39,"North Melbourne","2021",19
22,"Goldstein, Todd",10,4,5,15,1,0,30,1,0,5,4,3,3,2,0,7,8,0,0,3,0,1,88,39,"North Melbourne","2021",19
43,"Hall, Aaron",19,9,6,25,0,0,0,4,6,2,1,1,0,0,0,4,19,0,0,3,1,0,84,39,"North Melbourne","2021",19
20,"Larkey, Nick",12,8,8,20,7,1,0,1,0,3,0,3,0,0,3,7,11,3,6,1,1,0,90,39,"North Melbourne","2021",19
11,"McDonald, Luke",14,7,7,21,0,0,0,2,4,4,0,1,0,0,0,4,17,0,0,4,0,0,83,39,"North Melbourne","2021",19
23,"McKay, Ben",4,4,5,9,0,0,0,1,0,0,0,4,1,3,0,3,6,1,0,7,1,0,85,39,"North Melbourne","2021",19
0,"Phillips, Will",9,4,4,13,0,0,0,2,1,4,0,1,0,0,0,1,12,0,0,0,0,1,55,39,"North Melbourne","2021",19
0,"Polec, Jared",2,0,1,3,0,1,0,3,0,0,0,0,0,0,0,1,2,0,0,0,0,1,14,39,"North Melbourne","2021",19
8,"Scott, Bailey",8,4,18,26,0,0,0,2,0,4,2,1,1,0,0,10,16,1,1,1,0,3,86,39,"North Melbourne","2021",19
12,"Simpkin, Jy",15,8,16,31,0,0,0,5,1,3,8,5,4,0,1,12,19,0,0,0,0,1,80,39,"North Melbourne","2021",19
2,"Stephenson, Jaidyn",16,8,8,24,3,1,0,2,0,4,2,3,0,0,0,6,18,0,3,2,0,0,77,39,"North Melbourne","2021",19
5,"Taylor, Curtis",8,4,7,15,0,0,0,5,0,2,0,4,1,1,0,4,11,0,0,2,0,1,80,39,"North Melbourne","2021",19
26,"Thomas, Tarryn",13,4,10,23,4,1,0,5,0,7,4,2,2,1,2,12,13,1,2,1,2,1,81,39,"North Melbourne","2021",19
28,"Turner, Kayne",8,5,3,11,0,0,0,1,1,1,0,2,1,1,0,1,9,0,0,2,0,0,88,39,"North Melbourne","2021",19
19,"Walker, Josh",5,4,3,8,0,0,0,1,0,1,0,1,0,1,0,2,7,0,0,2,1,0,85,39,"North Melbourne","2021",19
38,"Xerri, Tristan",2,2,5,7,0,0,11,1,0,1,0,3,0,3,0,2,5,0,0,4,0,0,73,39,"North Melbourne","2021",19
7,"Ziebell, Jack",17,5,3,20,0,0,0,4,7,0,1,3,0,2,0,3,8,1,0,2,0,0,85,39,"North Melbourne","2021",19
44,"Zurhaar, Cameron",6,1,3,9,1,0,0,1,0,2,1,3,0,2,0,4,4,1,0,0,0,0,75,39,"North Melbourne","2021",19
