"Number","Player","Kicks","Marks","Handballs","Disposals","Goals","Behinds","Hitouts","Tackles","Rebounds50s","Inside50s","Clearances","Clangers","FreesFor","FreesAgainst","BrownlowVotes","ContestedPossessions","UncontestedPossessions","ContestedMarks","MarksInside50","OnePercenters","Bounces","GoalAssists","PercentagePlayed","PointDifference","Team","Season","Round"
16,"Aarts, Jake",4,1,7,11,1,0,0,2,1,0,0,0,1,0,0,5,6,0,0,1,1,2,84,-45,"Richmond","2021",3
12,"Astbury, David",9,5,6,15,0,0,3,1,3,2,1,3,1,1,0,6,9,1,0,2,0,0,89,-45,"Richmond","2021",3
7,"Baker, Liam",11,1,12,23,0,0,0,4,2,0,0,5,0,2,0,9,13,0,0,6,0,0,85,-45,"Richmond","2021",3
21,"Balta, Noah",3,3,11,14,0,0,1,3,3,1,1,1,0,1,0,4,8,0,0,5,2,0,85,-45,"Richmond","2021",3
29,"Bolton, Shai",4,2,3,7,0,2,0,3,0,1,0,3,0,0,0,5,2,1,2,2,0,0,82,-45,"Richmond","2021",3
35,"Broad, Nathan",15,6,3,18,0,0,0,1,7,0,0,4,0,1,0,2,15,0,0,2,0,0,90,-45,"Richmond","2021",3
22,"Caddy, Josh",13,6,9,22,0,2,0,2,2,4,0,4,0,2,0,2,20,0,0,2,1,0,87,-45,"Richmond","2021",3
11,"Castagna, Jason",10,5,7,17,2,1,0,1,0,4,1,2,1,0,0,6,11,1,1,0,0,1,84,-45,"Richmond","2021",3
9,"Cotchin, Trent",9,3,8,17,0,0,0,3,1,3,4,3,2,1,0,9,7,0,0,1,0,0,74,-45,"Richmond","2021",3
10,"Edwards, Shane",9,2,7,16,1,1,0,3,1,4,6,2,0,1,0,9,7,0,1,2,0,0,68,-45,"Richmond","2021",3
43,"Eggmolesse-Smith, Derek",6,1,3,9,0,0,0,2,3,0,1,3,1,2,0,2,5,0,0,0,0,0,68,-45,"Richmond","2021",3
34,"Graham, Jack",6,1,10,16,0,0,0,5,0,2,0,5,1,2,0,5,11,0,0,0,0,0,74,-45,"Richmond","2021",3
2,"Grimes, Dylan",6,5,6,12,0,0,0,3,1,0,0,1,0,0,0,2,9,0,0,4,0,0,91,-45,"Richmond","2021",3
23,"Lambert, Kane",10,6,12,22,0,1,0,4,1,3,0,5,0,1,0,4,19,0,0,1,0,2,84,-45,"Richmond","2021",3
19,"Lynch, Tom",8,8,4,12,3,3,0,3,0,2,0,4,1,2,0,8,6,3,4,4,0,1,92,-45,"Richmond","2021",3
4,"Martin, Dustin",10,1,10,20,0,0,0,1,0,6,4,0,0,0,0,9,15,0,0,3,0,0,86,-45,"Richmond","2021",3
33,"McIntosh, Kamdyn",9,4,4,13,0,0,0,0,2,3,1,4,0,2,0,4,9,1,0,0,3,0,65,-45,"Richmond","2021",3
25,"Nankervis, Toby",5,4,10,15,0,1,16,2,2,2,3,2,0,2,0,10,7,0,0,0,0,0,77,-45,"Richmond","2021",3
50,"Pickett, Marlion",7,3,9,16,0,0,0,5,2,2,2,6,2,3,0,8,9,0,0,7,0,0,82,-45,"Richmond","2021",3
0,"Prestia, Dion",1,0,2,3,0,0,0,1,0,1,0,0,1,0,0,1,2,0,0,0,0,0,8,-45,"Richmond","2021",3
8,"Riewoldt, Jack",8,5,2,10,1,1,0,1,1,3,0,6,1,1,0,3,7,1,2,1,1,0,93,-45,"Richmond","2021",3
0,"Rioli, Daniel",5,2,4,9,2,0,0,3,0,3,1,3,2,1,0,5,4,1,0,3,0,0,70,-45,"Richmond","2021",3
15,"Short, Jayden",20,5,3,23,0,0,0,2,11,1,0,3,1,0,0,4,15,0,0,1,3,0,82,-45,"Richmond","2021",3
32,"Bell, James",0,0,0,0,0,0,0,0,0,0,0,0,0,0,0,0,0,0,0,0,0,0,0,45,"Sydney","2021",3
22,"Blakey, Nick",9,4,4,13,0,1,0,2,3,5,0,1,0,1,0,4,8,0,0,0,2,0,82,45,"Sydney","2021",3
16,"Campbell, Braeden",10,5,2,12,0,0,0,0,4,0,0,4,0,0,0,2,9,0,0,1,0,0,70,45,"Sydney","2021",3
7,"Cunningham, Harry",9,3,4,13,0,0,0,1,3,1,0,1,1,0,0,3,8,0,0,1,0,0,87,45,"Sydney","2021",3
34,"Dawson, Jordan",21,9,6,27,0,1,0,1,5,7,0,3,1,1,0,4,19,1,0,4,0,0,80,45,"Sydney","2021",3
13,"Florent, Oliver",19,9,10,29,0,0,0,2,4,6,4,7,0,3,0,4,23,0,0,0,0,1,79,45,"Sydney","2021",3
21,"Gulden, Errol",15,9,3,18,0,1,0,4,0,6,0,1,3,0,0,3,14,0,1,1,0,1,88,45,"Sydney","2021",3
5,"Heeney, Isaac",9,3,2,11,2,2,0,3,0,3,0,0,2,0,0,4,9,1,1,1,0,1,80,45,"Sydney","2021",3
29,"Hewett, George",3,1,7,10,0,0,0,1,1,0,0,0,0,0,0,2,8,0,0,0,0,0,91,45,"Sydney","2021",3
31,"Hickey, Tom",9,5,6,15,2,0,16,1,0,0,3,3,0,0,1,7,8,0,2,2,0,0,79,45,"Sydney","2021",3
12,"Kennedy, Josh",11,5,16,27,0,0,0,2,0,7,7,3,0,2,0,15,13,0,0,0,0,1,69,45,"Sydney","2021",3
44,"Lloyd, Jake",23,11,6,29,0,0,0,1,8,2,0,1,1,0,0,4,18,0,0,2,1,1,84,45,"Sydney","2021",3
30,"McCartin, Tom",9,4,3,12,0,0,0,1,3,0,0,3,1,1,0,4,8,0,0,3,0,0,93,45,"Sydney","2021",3
6,"McDonald, Logan",7,3,1,8,2,2,0,1,0,1,0,0,1,0,0,5,4,0,2,2,0,2,75,45,"Sydney","2021",3
27,"McInerney, Justin",7,6,5,12,0,0,0,1,1,1,0,2,1,1,0,2,11,0,0,0,0,0,69,45,"Sydney","2021",3
41,"McLean, Hayden",5,4,3,8,1,0,2,1,0,1,0,1,0,0,0,5,4,1,1,5,0,0,92,45,"Sydney","2021",3
14,"Mills, Callum",15,8,16,31,0,0,0,2,2,4,8,3,2,0,3,13,19,1,0,2,0,1,83,45,"Sydney","2021",3
11,"Papley, Tom",12,3,5,17,4,1,0,1,0,4,1,1,2,0,2,9,8,0,0,0,0,0,90,45,"Sydney","2021",3
26,"Parker, Luke",16,5,13,29,1,1,0,3,0,5,5,5,4,3,0,15,16,0,1,4,0,1,71,45,"Sydney","2021",3
24,"Rampe, Dane",8,4,5,13,0,0,0,1,1,2,0,2,3,1,0,6,8,1,0,3,0,0,89,45,"Sydney","2021",3
20,"Reid, Sam",8,5,4,12,0,1,8,2,0,1,1,3,2,0,0,7,7,1,1,4,0,1,75,45,"Sydney","2021",3
1,"Warner, Chad",12,5,8,20,2,1,0,5,1,4,2,2,0,0,0,7,14,0,1,0,0,0,82,45,"Sydney","2021",3
45,"Wicks, Sam",16,13,5,21,3,2,0,3,0,2,0,4,1,2,0,4,17,1,5,2,0,2,92,45,"Sydney","2021",3
