"Number","Player","Kicks","Marks","Handballs","Disposals","Goals","Behinds","Hitouts","Tackles","Rebounds50s","Inside50s","Clearances","Clangers","FreesFor","FreesAgainst","BrownlowVotes","ContestedPossessions","UncontestedPossessions","ContestedMarks","MarksInside50","OnePercenters","Bounces","GoalAssists","PercentagePlayed","PointDifference","Team","Season","Round"
26,"Battle, Josh",12,11,4,16,0,0,0,4,1,0,0,1,0,1,0,6,10,1,0,1,0,0,86,20,"St Kilda","2021",4
15,"Billings, Jack",11,4,16,27,2,2,0,3,1,2,3,5,2,2,0,13,14,0,2,0,0,2,85,20,"St Kilda","2021",4
16,"Butler, Dan",14,1,2,16,3,2,0,3,0,6,1,2,0,1,0,3,12,0,1,0,0,1,84,20,"St Kilda","2021",4
23,"Bytel, Jack",6,1,13,19,0,0,0,7,0,3,5,3,0,1,0,10,9,0,0,0,1,0,66,20,"St Kilda","2021",4
2,"Carlisle, Jake",4,1,7,11,0,0,16,3,1,1,0,8,0,5,0,3,8,0,0,3,0,0,88,20,"St Kilda","2021",4
11,"Clark, Hunter",18,8,4,22,0,0,0,4,3,2,1,2,2,0,0,7,14,0,0,0,0,1,74,20,"St Kilda","2021",4
1,"Coffield, Nick",6,3,4,10,0,0,0,1,1,0,1,2,2,1,0,3,7,0,0,1,0,0,77,20,"St Kilda","2021",4
5,"Crouch, Brad",13,3,13,26,0,1,0,12,1,2,6,1,2,0,1,15,12,0,0,3,0,0,77,20,"St Kilda","2021",4
22,"Higgins, Jack",6,3,9,15,1,0,0,4,0,2,0,2,0,0,0,5,10,0,0,0,0,0,75,20,"St Kilda","2021",4
8,"Hill, Bradley",19,9,7,26,0,0,0,3,1,7,3,6,1,2,0,5,23,0,0,1,2,1,86,20,"St Kilda","2021",4
20,"Howard, Dougal",11,6,0,11,0,0,0,0,5,0,0,4,1,2,0,4,5,1,0,10,0,0,95,20,"St Kilda","2021",4
3,"Jones, Zak",15,4,11,26,0,0,0,2,1,5,10,2,1,1,0,12,14,0,0,1,0,0,71,20,"St Kilda","2021",4
12,"King, Max",9,4,4,13,5,2,2,0,0,0,0,2,2,0,2,6,6,1,4,3,0,2,88,20,"St Kilda","2021",4
21,"Long, Ben",0,0,0,0,0,0,0,0,0,0,0,0,0,0,0,0,0,0,0,0,0,0,0,20,"St Kilda","2021",4
13,"Lonie, Jack",7,2,5,12,0,1,0,4,0,3,0,3,0,0,0,4,6,0,0,1,0,0,80,20,"St Kilda","2021",4
19,"Marshall, Rowan",10,8,3,13,0,0,14,0,1,2,1,5,1,1,0,7,5,3,0,1,0,0,61,20,"St Kilda","2021",4
36,"McKenzie, Daniel",13,7,8,21,1,0,0,3,0,2,3,3,2,1,0,7,13,0,1,1,0,1,76,20,"St Kilda","2021",4
28,"Membrey, Tim",11,9,3,14,2,2,0,4,0,2,0,1,1,0,0,4,10,1,3,4,0,1,95,20,"St Kilda","2021",4
6,"Ross, Sebastian",14,6,6,20,0,1,0,2,1,3,2,7,0,2,0,7,13,0,0,1,0,0,85,20,"St Kilda","2021",4
35,"Sinclair, Jack",13,6,8,21,0,0,0,2,1,4,2,3,1,0,0,6,14,0,0,1,0,2,86,20,"St Kilda","2021",4
9,"Steele, Jack",15,5,18,33,1,0,0,6,0,7,6,4,1,2,3,17,19,0,0,3,0,0,88,20,"St Kilda","2021",4
29,"Webster, Jimmy",15,8,5,20,0,0,0,1,2,0,1,1,2,0,0,6,14,0,0,2,0,0,80,20,"St Kilda","2021",4
44,"Wilkie, Callum",12,6,0,12,0,0,0,1,2,0,1,3,0,2,0,2,11,0,0,14,2,0,97,20,"St Kilda","2021",4
12,"Allen, Oscar",9,4,5,14,2,0,6,3,0,3,3,2,4,1,0,8,6,0,2,4,0,2,74,-20,"West Coast","2021",4
37,"Barrass, Tom",11,9,3,14,0,0,0,2,1,1,0,2,0,1,0,7,7,4,0,9,0,0,83,-20,"West Coast","2021",4
10,"Brander, Jarrod",11,5,5,16,0,2,0,2,1,5,2,2,1,0,0,5,10,1,0,0,0,1,87,-20,"West Coast","2021",4
28,"Cole, Tom",12,5,5,17,0,0,0,1,0,2,0,4,3,2,0,5,11,0,0,0,0,0,83,-20,"West Coast","2021",4
15,"Cripps, Jamie",10,3,5,15,1,0,0,7,1,2,2,8,1,4,0,7,9,0,0,1,0,0,87,-20,"West Coast","2021",4
27,"Darling, Jack",4,2,2,6,2,0,2,1,0,1,0,3,2,2,0,4,2,1,2,1,0,1,94,-20,"West Coast","2021",4
14,"Duggan, Liam",12,6,7,19,0,0,0,5,3,1,2,4,1,1,0,7,12,0,0,3,0,0,83,-20,"West Coast","2021",4
3,"Gaff, Andrew",11,8,10,21,0,0,0,2,2,1,3,1,1,0,0,7,15,0,0,1,0,0,88,-20,"West Coast","2021",4
0,"Hurn, Shannon",1,1,0,1,0,0,0,0,0,0,0,0,0,0,0,0,1,0,0,0,0,0,8,-20,"West Coast","2021",4
31,"Jones, Jamaine",3,1,2,5,0,0,0,2,0,0,0,2,2,1,0,2,4,0,0,0,0,0,57,-20,"West Coast","2021",4
11,"Kelly, Tim",11,3,12,23,0,0,0,6,1,3,5,6,0,0,0,12,11,0,0,1,0,0,88,-20,"West Coast","2021",4
17,"Kennedy, Josh",9,6,2,11,2,0,1,0,0,3,0,5,2,2,0,5,6,2,3,1,0,1,89,-20,"West Coast","2021",4
20,"McGovern, Jeremy",20,10,2,22,0,0,0,0,9,0,0,4,0,1,0,5,9,3,0,6,0,0,90,-20,"West Coast","2021",4
9,"Naitanui, Nic",7,2,7,14,0,0,36,3,1,2,7,2,2,0,0,11,2,1,0,1,0,0,71,-20,"West Coast","2021",4
30,"Nelson, Jackson",14,6,2,16,0,0,0,1,5,2,0,3,0,0,0,4,11,0,0,2,0,0,81,-20,"West Coast","2021",4
21,"Petruccelle, Jack",10,4,3,13,4,0,0,3,0,4,0,2,1,2,0,6,7,1,0,0,0,0,76,-20,"West Coast","2021",4
8,"Redden, Jack",5,4,17,22,0,0,0,5,0,1,2,4,0,0,0,9,13,1,0,1,1,1,89,-20,"West Coast","2021",4
35,"Rotham, Josh",12,8,3,15,0,0,0,1,3,1,0,1,1,0,0,4,11,0,0,5,0,0,83,-20,"West Coast","2021",4
1,"Ryan, Liam",6,3,3,9,1,0,0,3,0,1,1,5,0,1,0,5,6,1,2,1,0,0,90,-20,"West Coast","2021",4
4,"Sheed, Dom",11,2,11,22,0,0,0,1,2,1,2,4,2,3,0,9,12,0,0,0,1,0,78,-20,"West Coast","2021",4
5,"Sheppard, Brad",11,6,6,17,0,0,0,2,6,1,0,1,0,0,0,2,13,0,0,9,0,0,97,-20,"West Coast","2021",4
2,"Waterman, Jake",6,3,2,8,0,0,0,2,2,0,0,3,0,0,0,2,7,0,0,1,0,0,70,-20,"West Coast","2021",4
0,"Winder, Isiah",2,1,3,5,1,0,0,1,0,1,1,0,1,0,0,3,2,0,0,0,0,0,56,-20,"West Coast","2021",4
