"Number","Player","Kicks","Marks","Handballs","Disposals","Goals","Behinds","Hitouts","Tackles","Rebounds50s","Inside50s","Clearances","Clangers","FreesFor","FreesAgainst","BrownlowVotes","ContestedPossessions","UncontestedPossessions","ContestedMarks","MarksInside50","OnePercenters","Bounces","GoalAssists","PercentagePlayed","PointDifference","Team","Season","Round"
13,"Cox, Nik",9,5,10,19,0,0,0,4,1,3,1,2,1,2,0,5,13,0,0,0,3,0,80,63,"Essendon","2021",17
12,"Cutler, Tom",9,9,9,18,0,1,0,1,3,4,0,1,0,0,0,3,15,0,0,2,3,0,78,63,"Essendon","2021",17
2,"Draper, Sam",5,2,5,10,0,0,17,3,0,2,6,2,1,1,0,5,4,0,1,6,1,1,74,63,"Essendon","2021",17
8,"Gleeson, Martin",8,7,3,11,0,0,0,2,2,2,0,0,0,0,0,1,11,0,0,7,0,0,83,63,"Essendon","2021",17
35,"Guelfi, Matt",3,4,9,12,0,0,0,4,2,0,1,2,0,1,0,6,5,0,0,1,1,0,72,63,"Essendon","2021",17
0,"Ham, Brayden",3,0,4,7,0,1,0,3,0,3,0,1,0,0,0,1,6,0,0,0,0,0,22,63,"Essendon","2021",17
19,"Hind, Nick",23,10,1,24,0,0,0,2,3,5,2,1,3,0,0,5,20,0,0,2,1,1,84,63,"Essendon","2021",17
26,"Hooker, Cale",4,1,7,11,1,3,1,1,0,0,1,4,1,1,0,9,5,0,1,1,0,0,81,63,"Essendon","2021",17
23,"Jones, Harry",3,3,2,5,1,0,1,1,0,1,0,0,0,0,0,1,4,0,1,1,0,1,81,63,"Essendon","2021",17
0,"Langford, Kyle",10,5,7,17,0,0,0,3,0,2,3,2,2,1,0,8,8,1,0,0,0,0,62,63,"Essendon","2021",17
15,"Laverde, Jayden",12,11,3,15,0,0,0,1,3,0,0,2,1,1,0,6,9,4,0,7,0,0,93,63,"Essendon","2021",17
43,"McDonald-Tipungwuti, Anthony",4,1,6,10,1,0,0,3,0,2,0,1,0,0,0,3,8,1,1,2,3,3,86,63,"Essendon","2021",17
7,"Merrett, Zach",18,4,17,35,0,0,0,3,0,6,5,2,3,0,3,9,25,0,0,2,1,1,85,63,"Essendon","2021",17
3,"Parish, Darcy",7,0,12,19,0,0,0,6,0,2,5,3,2,1,0,11,9,0,0,2,0,0,85,63,"Essendon","2021",17
16,"Perkins, Archie",12,4,6,18,3,3,0,2,0,4,0,0,2,0,2,6,11,1,2,1,0,0,73,63,"Essendon","2021",17
27,"Redman, Mason",18,11,7,25,0,1,0,0,6,4,0,1,0,1,1,5,18,3,0,2,1,0,79,63,"Essendon","2021",17
14,"Ridley, Jordan",19,11,4,23,0,0,0,1,3,1,0,2,1,1,0,4,14,1,0,8,0,0,97,63,"Essendon","2021",17
5,"Smith, Devon",9,3,8,17,0,1,0,3,0,7,1,4,0,3,0,5,12,0,1,2,1,2,83,63,"Essendon","2021",17
40,"Snelling, Will",12,4,12,24,1,1,0,2,2,2,1,2,1,0,0,4,18,0,2,0,0,0,74,63,"Essendon","2021",17
17,"Stewart, James",6,4,2,8,0,0,0,2,2,0,0,3,0,1,0,2,6,2,0,2,0,0,85,63,"Essendon","2021",17
25,"Stringer, Jake",14,3,9,23,1,1,0,6,1,7,8,4,2,1,0,13,9,1,0,1,0,0,83,63,"Essendon","2021",17
45,"Waterman, Alec",9,6,9,18,1,1,0,1,0,2,1,3,0,0,0,4,13,1,2,0,0,0,80,63,"Essendon","2021",17
20,"Wright, Peter",7,4,5,12,2,2,7,3,0,2,1,1,3,1,0,8,4,1,2,2,0,0,77,63,"Essendon","2021",17
21,"Berry, Sam",2,1,1,3,0,0,0,3,1,1,0,3,0,2,0,3,2,0,0,1,0,0,71,-63,"Adelaide","2021",17
41,"Butts, Jordon",11,10,1,12,0,0,0,1,5,0,0,1,0,0,0,2,10,2,0,5,0,0,89,-63,"Adelaide","2021",17
0,"Davis, Ben",5,4,2,7,0,0,0,1,1,0,0,0,0,0,0,1,6,0,0,0,0,0,49,-63,"Adelaide","2021",17
0,"Doedee, Tom",5,4,2,7,0,0,0,1,1,0,1,0,1,0,0,2,5,0,0,4,0,0,23,-63,"Adelaide","2021",17
22,"Frampton, Billy",11,11,6,17,0,2,0,0,3,1,1,4,0,1,0,6,11,2,2,2,0,0,93,-63,"Adelaide","2021",17
17,"Hamill, Will",4,3,10,14,0,0,0,0,0,0,1,0,3,0,0,8,6,0,0,0,0,0,82,-63,"Adelaide","2021",17
1,"Jones, Chayce",9,4,2,11,0,0,0,0,6,0,1,2,0,1,0,3,6,0,0,1,0,0,85,-63,"Adelaide","2021",17
2,"Keays, Ben",13,7,12,25,0,0,0,5,3,3,5,6,0,4,0,8,15,0,0,0,0,0,81,-63,"Adelaide","2021",17
8,"Kelly, Jake",18,12,1,19,0,0,0,3,4,1,0,3,0,0,0,1,15,0,0,3,0,0,100,-63,"Adelaide","2021",17
29,"Laird, Rory",12,7,21,33,0,0,0,5,1,2,6,3,0,1,0,14,19,0,0,0,0,0,82,-63,"Adelaide","2021",17
14,"Mackay, David",10,4,4,14,0,0,0,3,2,1,1,1,1,0,0,3,11,0,0,3,0,0,76,-63,"Adelaide","2021",17
25,"McHenry, Ned",4,0,0,4,0,0,0,2,0,1,0,2,1,2,0,2,2,0,0,1,0,0,74,-63,"Adelaide","2021",17
4,"Murphy, Lachlan",7,2,3,10,1,2,0,0,0,3,0,2,2,0,0,2,8,0,0,1,0,0,74,-63,"Adelaide","2021",17
28,"Murray, Nick",9,7,1,10,0,0,1,3,4,1,0,1,0,1,0,4,6,2,0,10,0,0,90,-63,"Adelaide","2021",17
43,"OBrien, Reilly",6,1,4,10,0,0,40,1,2,2,1,4,1,1,0,4,6,1,0,4,0,0,96,-63,"Adelaide","2021",17
10,"Pedlar, Luke",4,1,2,6,0,0,0,0,1,0,1,4,1,1,0,2,4,0,0,0,0,0,73,-63,"Adelaide","2021",17
31,"Rowe, James",6,3,7,13,0,1,0,1,0,1,0,1,0,1,0,3,9,0,0,0,0,0,75,-63,"Adelaide","2021",17
26,"Schoenberg, Harry",13,2,7,20,1,0,0,7,1,4,4,8,2,4,0,9,12,0,0,1,0,0,85,-63,"Adelaide","2021",17
11,"Seedsman, Paul",15,10,12,27,0,1,0,3,5,4,2,4,1,0,0,5,22,0,0,1,0,0,75,-63,"Adelaide","2021",17
38,"Sholl, Lachlan",7,1,8,15,0,0,0,0,1,0,1,1,0,0,0,3,12,0,0,0,0,0,80,-63,"Adelaide","2021",17
9,"Sloane, Rory",8,5,9,17,0,0,0,4,0,3,3,2,1,1,0,8,9,0,0,1,0,0,89,-63,"Adelaide","2021",17
33,"Smith, Brodie",24,8,4,28,0,0,0,1,7,3,2,6,0,2,0,6,17,0,0,1,0,0,72,-63,"Adelaide","2021",17
7,"Thilthorpe, Riley",5,1,3,8,0,2,2,1,0,0,0,3,2,1,0,5,3,0,0,1,0,0,86,-63,"Adelaide","2021",17
