"Number","Player","Kicks","Marks","Handballs","Disposals","Goals","Behinds","Hitouts","Tackles","Rebounds50s","Inside50s","Clearances","Clangers","FreesFor","FreesAgainst","BrownlowVotes","ContestedPossessions","UncontestedPossessions","ContestedMarks","MarksInside50","OnePercenters","Bounces","GoalAssists","PercentagePlayed","PointDifference","Team","Season","Round"
21,"Aliir, Aliir",11,8,3,14,0,0,0,2,2,1,0,1,1,1,0,7,7,3,0,2,0,0,95,54,"Port Adelaide","2021",2
15,"Amon, Karl",16,7,4,20,1,1,0,1,1,6,0,1,1,0,0,0,20,0,0,1,0,1,79,54,"Port Adelaide","2021",2
14,"Bergman, Miles",12,7,3,15,0,0,0,1,5,0,0,5,1,2,0,5,11,0,0,3,0,0,71,54,"Port Adelaide","2021",2
10,"Boak, Travis",14,1,16,30,0,1,0,4,1,6,9,3,2,0,0,17,14,0,0,3,0,2,75,54,"Port Adelaide","2021",2
3,"Burton, Ryan",11,6,6,17,0,0,0,1,1,0,0,3,1,2,0,4,12,0,0,0,0,0,79,54,"Port Adelaide","2021",2
18,"Butters, Zak",12,3,24,36,1,0,0,6,1,3,6,4,2,2,1,14,22,0,1,5,2,1,79,54,"Port Adelaide","2021",2
33,"Byrne-Jones, Darcy",13,2,8,21,0,0,0,2,2,5,4,4,2,2,0,9,10,0,0,4,0,1,85,54,"Port Adelaide","2021",2
17,"Clurey, Tom",8,4,2,10,0,0,0,2,2,1,0,3,2,1,0,3,7,0,0,2,0,0,89,54,"Port Adelaide","2021",2
22,"Dixon, Charlie",8,5,5,13,4,2,0,2,0,0,0,6,0,1,0,7,5,2,5,5,0,0,94,54,"Port Adelaide","2021",2
28,"Drew, Willem",10,1,15,25,0,1,0,1,0,4,5,3,1,1,0,10,14,0,1,1,0,1,71,54,"Port Adelaide","2021",2
7,"Duursma, Xavier",12,8,12,24,0,0,0,4,1,4,0,6,1,0,0,2,22,0,0,1,0,0,83,54,"Port Adelaide","2021",2
13,"Fantasia, Orazio",14,6,3,17,2,3,0,2,0,5,2,3,1,0,0,6,10,0,1,0,0,0,88,54,"Port Adelaide","2021",2
24,"Farrell, Kane",3,3,6,9,0,0,0,3,0,2,0,3,0,2,0,1,9,0,0,1,0,0,83,54,"Port Adelaide","2021",2
19,"Georgiades, Mitch",9,8,4,13,4,0,0,2,0,0,0,2,0,0,0,4,8,1,4,0,0,0,75,54,"Port Adelaide","2021",2
9,"Gray, Robbie",3,6,13,16,0,0,0,0,0,2,2,3,1,1,0,8,9,0,1,0,0,1,84,54,"Port Adelaide","2021",2
8,"Hartlett, Hamish",13,4,9,22,0,1,0,3,3,3,0,4,2,2,0,6,18,0,0,4,0,1,80,54,"Port Adelaide","2021",2
5,"Houston, Dan",21,4,4,25,1,0,0,4,6,6,1,1,0,1,2,8,13,2,0,2,3,3,78,54,"Port Adelaide","2021",2
1,"Jonas, Tom",7,5,8,15,0,0,0,1,3,2,0,3,1,0,0,3,11,0,0,3,0,0,97,54,"Port Adelaide","2021",2
38,"Ladhams, Peter",8,3,3,11,2,0,10,2,0,1,1,2,2,1,0,7,5,1,1,5,0,0,90,54,"Port Adelaide","2021",2
29,"Lycett, Scott",9,6,12,21,1,0,26,0,0,4,3,2,1,1,0,10,11,1,1,2,0,0,75,54,"Port Adelaide","2021",2
6,"Motlop, Steven",11,6,10,21,2,0,0,2,1,1,1,2,1,0,0,6,19,0,3,1,3,0,80,54,"Port Adelaide","2021",2
11,"Rockliff, Tom",0,0,0,0,0,0,0,0,0,0,0,0,0,0,0,0,0,0,0,0,0,0,0,54,"Port Adelaide","2021",2
16,"Wines, Ollie",17,0,21,38,0,0,0,5,0,6,5,6,0,0,3,17,20,0,0,0,0,3,71,54,"Port Adelaide","2021",2
28,"Cahill, Ned",2,2,5,7,0,0,0,0,0,1,1,3,0,0,0,1,7,0,0,0,0,1,71,-54,"Essendon","2021",2
0,"Caldwell, Jye",9,2,1,10,0,0,0,3,1,3,3,1,2,0,0,8,3,1,0,1,0,0,42,-54,"Essendon","2021",2
13,"Cox, Nik",7,3,6,13,1,0,0,3,0,4,0,2,1,0,0,3,8,0,1,0,0,0,79,-54,"Essendon","2021",2
0,"Cutler, Tom",8,3,2,10,0,0,0,2,2,0,0,1,0,0,0,3,7,0,0,0,0,0,27,-54,"Essendon","2021",2
2,"Draper, Sam",2,0,1,3,0,0,17,3,0,1,0,2,0,2,0,0,1,0,0,4,0,0,65,-54,"Essendon","2021",2
10,"Francis, Aaron",6,5,3,9,0,0,0,1,4,0,0,2,1,1,0,2,8,0,0,7,0,0,93,-54,"Essendon","2021",2
8,"Gleeson, Martin",9,5,10,19,0,0,0,2,1,1,0,1,0,0,0,3,15,0,0,2,0,0,86,-54,"Essendon","2021",2
33,"Ham, Brayden",13,4,2,15,0,1,0,3,2,5,1,3,2,0,0,7,9,1,1,0,0,0,79,-54,"Essendon","2021",2
19,"Hind, Nick",13,5,8,21,0,0,0,3,7,0,0,1,1,0,0,6,13,0,0,3,1,0,85,-54,"Essendon","2021",2
26,"Hooker, Cale",5,2,3,8,3,1,0,1,0,0,0,3,2,0,0,5,4,0,2,3,0,0,85,-54,"Essendon","2021",2
23,"Jones, Harry",2,1,2,4,0,0,2,0,0,2,0,3,0,1,0,2,2,0,0,2,0,0,79,-54,"Essendon","2021",2
4,"Langford, Kyle",8,5,9,17,1,0,0,1,0,1,1,2,1,1,0,9,10,1,1,3,0,0,73,-54,"Essendon","2021",2
15,"Laverde, Jayden",8,6,3,11,0,0,0,3,1,3,1,1,0,1,0,4,9,1,0,7,0,0,91,-54,"Essendon","2021",2
43,"McDonald-Tipungwuti, Anthony",10,2,5,15,3,1,0,3,1,3,2,5,2,3,0,8,6,0,1,1,0,0,79,-54,"Essendon","2021",2
1,"McGrath, Andrew",10,3,14,24,0,0,0,5,2,3,2,4,1,2,0,10,15,0,0,0,0,0,89,-54,"Essendon","2021",2
7,"Merrett, Zach",13,6,15,28,0,0,0,4,3,2,3,3,2,1,0,6,23,0,0,3,0,1,89,-54,"Essendon","2021",2
3,"Parish, Darcy",6,1,10,16,0,0,0,4,0,2,4,7,0,2,0,12,5,0,0,2,0,0,84,-54,"Essendon","2021",2
27,"Redman, Mason",14,8,10,24,0,0,0,3,6,0,0,5,0,2,0,5,19,0,0,0,0,0,85,-54,"Essendon","2021",2
14,"Ridley, Jordan",23,7,9,32,0,0,0,0,12,0,0,1,1,0,0,8,15,3,0,3,0,0,100,-54,"Essendon","2021",2
9,"Shiel, Dylan",10,0,8,18,0,2,0,2,0,2,8,2,1,1,0,10,6,0,0,1,1,0,64,-54,"Essendon","2021",2
5,"Smith, Devon",9,5,4,13,0,1,0,3,0,4,0,3,0,1,0,4,11,0,2,3,0,0,84,-54,"Essendon","2021",2
40,"Snelling, Will",7,4,4,11,1,0,0,5,1,2,0,4,1,2,0,2,9,0,1,0,0,1,84,-54,"Essendon","2021",2
20,"Wright, Peter",4,3,9,13,0,1,7,1,1,0,2,3,2,3,0,9,5,2,1,7,1,1,86,-54,"Essendon","2021",2
