"Number","Player","Kicks","Marks","Handballs","Disposals","Goals","Behinds","Hitouts","Tackles","Rebounds50s","Inside50s","Clearances","Clangers","FreesFor","FreesAgainst","BrownlowVotes","ContestedPossessions","UncontestedPossessions","ContestedMarks","MarksInside50","OnePercenters","Bounces","GoalAssists","PercentagePlayed","PointDifference","Team","Season","Round"
11,"Aish, James",11,3,9,20,0,0,0,5,4,1,3,4,0,1,0,5,13,0,0,3,0,0,83,15,"Fremantle","2021",22
41,"Banfield, Bailey",10,5,9,19,0,0,0,3,3,1,4,4,0,2,0,6,13,0,1,0,0,2,78,15,"Fremantle","2021",22
0,"Bewley, Brett",6,4,3,9,0,0,0,4,0,1,0,0,1,0,0,2,7,0,0,1,0,0,46,15,"Fremantle","2021",22
0,"Blakely, Connor",4,3,2,6,0,1,0,0,0,1,1,0,1,0,0,2,4,0,1,0,0,0,29,15,"Fremantle","2021",22
5,"Cerra, Adam",14,4,7,21,1,1,0,2,0,4,6,5,2,1,0,8,15,0,1,1,0,0,79,15,"Fremantle","2021",22
33,"Colyer, Travis",6,3,3,9,1,1,0,4,0,4,0,1,0,0,0,2,7,0,0,0,1,0,80,15,"Fremantle","2021",22
12,"Crowden, Mitch",6,0,10,16,0,1,0,1,0,3,1,0,0,0,0,6,10,0,0,0,0,1,78,15,"Fremantle","2021",22
4,"Darcy, Sean",10,3,7,17,1,0,29,4,1,2,7,2,0,1,0,11,4,1,1,1,0,0,83,15,"Fremantle","2021",22
23,"Henry, Liam",4,2,4,8,0,0,0,1,0,2,1,1,0,0,0,4,4,0,0,1,0,0,73,15,"Fremantle","2021",22
2,"Logue, Griffin",10,7,2,12,0,0,0,1,6,1,0,1,2,1,0,3,9,0,0,8,0,0,97,15,"Fremantle","2021",22
22,"Meek, Lloyd",2,2,5,7,0,0,8,2,0,0,1,2,0,1,0,5,3,2,0,4,0,0,70,15,"Fremantle","2021",22
16,"Mundy, David",11,3,17,28,1,0,0,6,3,4,7,3,0,3,2,16,14,0,0,1,0,0,73,15,"Fremantle","2021",22
25,"Pearce, Alex",4,2,5,9,0,0,0,4,3,0,0,0,1,0,0,4,5,0,0,5,0,0,92,15,"Fremantle","2021",22
13,"Ryan, Luke",22,10,4,26,0,0,0,2,11,0,0,2,0,0,1,6,11,1,0,5,2,0,85,15,"Fremantle","2021",22
28,"Schultz, Lachie",7,6,3,10,2,2,0,4,0,1,0,1,1,1,0,2,8,1,3,1,0,0,90,15,"Fremantle","2021",22
3,"Serong, Caleb",18,2,13,31,2,0,0,5,2,4,6,3,2,1,3,10,20,0,0,1,0,1,81,15,"Fremantle","2021",22
39,"Switkowski, Sam",5,1,8,13,0,0,0,2,0,2,2,5,1,3,0,6,9,0,0,2,0,0,81,15,"Fremantle","2021",22
20,"Taberner, Matthew",7,7,6,13,3,0,0,1,0,2,0,0,0,0,0,8,5,4,3,0,0,2,93,15,"Fremantle","2021",22
35,"Treacy, Josh",3,2,2,5,1,0,0,2,0,0,0,1,0,0,0,4,1,1,0,1,0,0,83,15,"Fremantle","2021",22
18,"Tucker, Darcy",11,2,6,17,0,0,0,3,4,3,2,2,0,0,0,5,12,0,0,0,0,2,82,15,"Fremantle","2021",22
31,"Walker, Brandon",10,5,3,13,0,1,0,1,1,1,0,1,0,0,0,5,8,2,0,1,1,0,77,15,"Fremantle","2021",22
38,"Watson, Tobe",9,8,4,13,0,0,0,3,2,0,0,0,1,0,0,3,10,0,0,1,0,0,80,15,"Fremantle","2021",22
26,"Young, Hayden",13,11,3,16,0,0,0,2,4,3,0,2,0,0,0,2,15,0,0,1,0,0,86,15,"Fremantle","2021",22
12,"Allen, Oscar",10,10,2,12,0,1,0,3,1,0,0,1,0,0,0,2,10,2,1,1,1,0,89,-15,"West Coast","2021",22
37,"Barrass, Tom",9,7,5,14,0,0,0,0,2,2,0,2,0,0,0,6,8,2,0,10,0,0,81,-15,"West Coast","2021",22
28,"Cole, Tom",14,7,4,18,0,0,0,2,1,3,0,2,0,0,0,2,16,0,0,1,0,1,82,-15,"West Coast","2021",22
15,"Cripps, Jamie",12,4,2,14,0,3,0,9,0,5,1,2,1,0,0,6,8,1,1,1,0,1,84,-15,"West Coast","2021",22
27,"Darling, Jack",9,7,4,13,2,2,0,2,0,6,0,3,1,2,0,7,6,2,3,3,0,1,100,-15,"West Coast","2021",22
16,"Edwards, Luke",8,5,5,13,0,1,0,3,2,0,1,3,0,2,0,1,13,0,1,0,0,0,74,-15,"West Coast","2021",22
29,"Foley, Luke",10,4,3,13,0,0,0,0,5,1,0,2,0,1,0,2,12,0,0,4,0,0,90,-15,"West Coast","2021",22
3,"Gaff, Andrew",17,9,15,32,0,0,0,4,0,2,3,3,2,0,0,13,19,0,0,0,0,0,93,-15,"West Coast","2021",22
0,"Kelly, Tim",5,0,2,7,0,0,0,3,1,1,1,3,0,1,0,3,4,0,0,0,0,0,39,-15,"West Coast","2021",22
17,"Kennedy, Josh",5,3,1,6,3,1,0,2,0,1,1,0,0,0,0,4,2,1,2,0,0,0,79,-15,"West Coast","2021",22
0,"Langdon, Zac",1,0,0,1,0,0,0,5,0,0,0,1,0,1,0,2,0,0,0,1,0,0,51,-15,"West Coast","2021",22
20,"McGovern, Jeremy",13,8,3,16,0,0,0,1,6,1,0,0,1,0,0,7,7,3,0,6,0,0,85,-15,"West Coast","2021",22
9,"Naitanui, Nic",6,1,9,15,0,0,36,2,0,3,7,1,1,0,0,13,4,1,0,1,0,0,75,-15,"West Coast","2021",22
30,"Nelson, Jackson",7,6,2,9,0,0,0,3,0,3,0,2,0,2,0,2,8,0,0,2,0,0,81,-15,"West Coast","2021",22
21,"Petruccelle, Jack",6,3,5,11,0,0,0,2,0,3,0,1,0,0,0,3,7,1,0,0,0,0,66,-15,"West Coast","2021",22
8,"Redden, Jack",14,4,11,25,0,1,0,9,1,6,5,2,2,0,0,11,14,0,0,2,0,1,90,-15,"West Coast","2021",22
1,"Ryan, Liam",10,7,3,13,3,1,0,2,0,2,0,2,0,1,0,5,9,2,3,0,1,0,86,-15,"West Coast","2021",22
4,"Sheed, Dom",8,3,8,16,0,0,0,2,1,3,5,3,0,0,0,6,10,0,0,0,0,0,85,-15,"West Coast","2021",22
5,"Sheppard, Brad",11,8,5,16,0,0,0,1,2,0,0,0,0,0,0,2,14,0,0,3,0,0,89,-15,"West Coast","2021",22
13,"Shuey, Luke",15,5,10,25,0,0,0,7,0,4,6,1,4,0,0,8,16,0,0,1,0,0,73,-15,"West Coast","2021",22
19,"Vardy, Nathan",0,1,5,5,0,0,12,1,1,0,3,3,1,1,0,6,1,0,1,1,0,1,47,-15,"West Coast","2021",22
23,"Witherden, Alex",20,6,5,25,1,0,0,2,4,2,0,1,1,0,0,4,17,0,0,3,0,0,84,-15,"West Coast","2021",22
6,"Yeo, Elliot",11,3,12,23,0,0,0,6,1,7,6,4,1,1,0,13,11,0,0,2,1,0,79,-15,"West Coast","2021",22
