"Number","Player","Kicks","Marks","Handballs","Disposals","Goals","Behinds","Hitouts","Tackles","Rebounds50s","Inside50s","Clearances","Clangers","FreesFor","FreesAgainst","BrownlowVotes","ContestedPossessions","UncontestedPossessions","ContestedMarks","MarksInside50","OnePercenters","Bounces","GoalAssists","PercentagePlayed","PointDifference","Team","Season","Round"
24,"Adams, Marcus",15,7,2,17,0,0,0,2,3,4,0,4,2,0,0,8,7,2,0,7,0,0,83,57,"Brisbane Lions","2021",5
4,"Ah Chee, Callum",3,0,7,10,0,0,0,4,0,3,1,2,0,1,0,5,5,0,0,2,0,1,80,57,"Brisbane Lions","2021",5
31,"Andrews, Harris",9,6,3,12,0,0,0,2,1,1,0,0,1,0,0,7,6,2,0,4,0,1,94,57,"Brisbane Lions","2021",5
33,"Bailey, Zac",6,1,4,10,0,1,0,4,0,3,1,4,0,2,0,7,5,0,0,1,0,1,81,57,"Brisbane Lions","2021",5
0,"Berry, Jarrod",4,0,4,8,0,1,0,4,1,0,0,4,0,2,0,3,5,0,0,1,0,0,38,57,"Brisbane Lions","2021",5
0,"Berry, Tom",3,0,4,7,0,0,0,2,0,2,0,4,0,1,0,3,4,0,0,1,0,0,40,57,"Brisbane Lions","2021",5
14,"Birchall, Grant",15,7,3,18,0,0,0,2,5,2,0,3,0,1,0,3,13,0,0,2,0,0,88,57,"Brisbane Lions","2021",5
23,"Cameron, Charlie",5,2,6,11,1,1,0,1,0,1,1,4,1,2,0,8,5,0,1,2,1,1,79,57,"Brisbane Lions","2021",5
3,"Daniher, Joe",21,8,4,25,2,1,6,3,3,5,3,7,1,4,1,11,9,2,2,1,1,0,89,57,"Brisbane Lions","2021",5
27,"Gardiner, Darcy",10,6,5,15,0,0,0,1,1,1,0,5,0,2,0,7,8,1,0,0,0,0,77,57,"Brisbane Lions","2021",5
30,"Hipwood, Eric",7,5,0,7,3,0,0,3,0,2,0,4,0,2,0,2,4,1,3,1,0,0,94,57,"Brisbane Lions","2021",5
35,"Lester, Ryan",7,3,5,12,0,0,0,1,3,1,1,4,1,2,0,6,5,0,0,3,0,0,90,57,"Brisbane Lions","2021",5
17,"Lyons, Jarryd",19,5,16,35,0,0,0,7,1,3,9,5,1,1,2,21,14,1,0,1,0,1,78,57,"Brisbane Lions","2021",5
11,"McCarthy, Lincoln",7,4,13,20,2,1,0,11,1,2,1,4,2,3,0,13,7,0,3,0,0,0,76,57,"Brisbane Lions","2021",5
6,"McCluggage, Hugh",21,6,11,32,1,2,0,4,3,5,2,3,1,0,0,9,22,0,1,0,0,1,86,57,"Brisbane Lions","2021",5
46,"McInerney, Oscar",0,1,8,8,0,0,31,0,0,1,3,2,2,1,0,8,2,1,0,5,0,0,76,57,"Brisbane Lions","2021",5
25,"McStay, Daniel",5,3,1,6,2,0,1,0,0,2,0,1,1,1,0,3,1,2,2,1,0,0,76,57,"Brisbane Lions","2021",5
9,"Neale, Lachie",19,7,18,37,2,0,0,4,2,6,8,2,1,0,3,16,19,0,1,0,0,0,82,57,"Brisbane Lions","2021",5
20,"Prior, Jaxon",9,3,1,10,2,0,0,0,0,3,0,1,0,0,0,2,8,0,0,2,0,0,64,57,"Brisbane Lions","2021",5
10,"Rich, Daniel",28,6,3,31,0,2,0,1,7,8,1,5,0,1,0,6,22,0,0,4,0,1,80,57,"Brisbane Lions","2021",5
5,"Robinson, Mitch",14,4,6,20,0,1,0,0,0,5,5,5,1,3,0,7,13,0,0,2,0,1,80,57,"Brisbane Lions","2021",5
37,"Starcevich, Brandon",6,3,1,7,0,0,0,1,1,2,0,3,0,1,0,2,5,1,0,1,0,0,88,57,"Brisbane Lions","2021",5
15,"Zorko, Dayne",19,5,7,26,0,0,0,6,3,5,5,6,1,1,0,11,12,0,1,1,0,1,81,57,"Brisbane Lions","2021",5
13,"Cox, Nik",8,2,2,10,0,2,3,2,1,2,1,4,3,2,0,5,5,0,0,1,0,0,75,-57,"Essendon","2021",5
10,"Francis, Aaron",6,3,8,14,0,0,0,0,5,0,1,1,2,0,0,8,6,0,0,10,0,0,90,-57,"Essendon","2021",5
0,"Guelfi, Matt",7,3,2,9,0,0,0,1,4,0,0,3,0,1,0,2,5,0,0,5,0,0,55,-57,"Essendon","2021",5
33,"Ham, Brayden",7,1,3,10,0,0,0,2,2,1,0,3,0,0,0,3,6,0,0,1,1,0,78,-57,"Essendon","2021",5
21,"Heppell, Dyson",13,4,11,24,0,0,0,4,6,0,2,6,0,1,0,9,11,0,0,1,0,0,87,-57,"Essendon","2021",5
19,"Hind, Nick",17,2,6,23,0,0,0,2,6,2,0,6,3,3,0,8,16,0,0,2,4,0,85,-57,"Essendon","2021",5
26,"Hooker, Cale",9,2,4,13,4,1,1,2,0,1,0,1,2,0,0,7,3,0,2,3,0,0,88,-57,"Essendon","2021",5
23,"Jones, Harry",2,0,5,7,0,0,0,1,0,1,0,0,1,0,0,3,4,0,0,0,0,0,70,-57,"Essendon","2021",5
4,"Langford, Kyle",15,5,12,27,0,0,0,5,2,4,3,4,1,2,0,8,19,1,0,0,0,1,89,-57,"Essendon","2021",5
15,"Laverde, Jayden",7,3,9,16,0,0,0,2,3,2,1,1,1,0,0,7,8,1,0,2,0,0,89,-57,"Essendon","2021",5
43,"McDonald-Tipungwuti, Anthony",7,3,3,10,1,1,0,3,0,3,0,5,0,2,0,5,5,0,1,0,0,0,83,-57,"Essendon","2021",5
1,"McGrath, Andrew",18,1,12,30,0,1,0,12,3,2,7,5,3,0,0,15,9,0,0,0,0,0,84,-57,"Essendon","2021",5
7,"Merrett, Zach",15,3,20,35,0,0,0,3,3,3,7,2,2,1,0,16,19,0,0,2,1,0,75,-57,"Essendon","2021",5
3,"Parish, Darcy",15,2,11,26,0,0,0,4,1,5,8,4,0,0,0,12,14,0,0,1,0,0,71,-57,"Essendon","2021",5
16,"Perkins, Archie",11,5,9,20,0,0,0,4,1,4,0,5,0,0,0,5,14,0,0,0,0,0,81,-57,"Essendon","2021",5
27,"Redman, Mason",8,4,9,17,0,0,0,5,4,1,0,6,1,0,0,8,7,2,0,0,0,0,84,-57,"Essendon","2021",5
31,"Reid, Zach",5,1,5,10,0,0,0,5,2,0,0,3,3,0,0,7,3,0,0,2,0,0,86,-57,"Essendon","2021",5
0,"Ridley, Jordan",2,0,0,2,0,0,0,2,2,0,0,0,1,0,0,1,0,0,0,2,0,0,24,-57,"Essendon","2021",5
5,"Smith, Devon",4,2,10,14,0,1,0,5,0,0,2,2,0,1,0,6,8,0,1,1,0,1,82,-57,"Essendon","2021",5
40,"Snelling, Will",5,1,14,19,0,0,0,5,4,2,1,3,2,0,0,4,14,0,0,5,0,1,79,-57,"Essendon","2021",5
25,"Stringer, Jake",6,0,3,9,1,1,0,2,0,3,1,4,1,1,0,2,6,0,0,0,0,0,81,-57,"Essendon","2021",5
45,"Waterman, Alec",5,1,0,5,0,0,0,5,0,3,1,3,3,0,0,4,2,0,0,1,0,0,81,-57,"Essendon","2021",5
20,"Wright, Peter",7,2,1,8,0,0,27,5,1,2,2,4,2,2,0,6,4,1,0,9,0,0,82,-57,"Essendon","2021",5
