"Number","Player","Kicks","Marks","Handballs","Disposals","Goals","Behinds","Hitouts","Tackles","Rebounds50s","Inside50s","Clearances","Clangers","FreesFor","FreesAgainst","BrownlowVotes","ContestedPossessions","UncontestedPossessions","ContestedMarks","MarksInside50","OnePercenters","Bounces","GoalAssists","PercentagePlayed","PointDifference","Team","Season","Round"
13,"Adams, Taylor",10,1,14,24,0,0,0,8,0,4,5,6,2,2,0,10,12,0,0,2,0,0,75,-29,"Collingwood","2021",18
8,"Bianco, Trent",11,7,5,16,1,0,0,1,3,1,0,2,0,0,0,4,12,0,1,1,1,0,80,-29,"Collingwood","2021",18
17,"Brown, Callum",3,2,10,13,0,0,0,4,1,1,4,2,2,1,0,8,5,0,0,0,0,0,72,-29,"Collingwood","2021",18
14,"Cameron, Darcy",5,3,2,7,1,0,5,1,0,2,1,1,1,1,0,5,2,2,1,1,0,0,82,-29,"Collingwood","2021",18
25,"Crisp, Jack",7,5,10,17,0,0,0,3,3,2,0,1,1,0,0,7,9,2,0,0,0,0,89,-29,"Collingwood","2021",18
2,"de Goey, Jordan",19,12,12,31,0,1,0,2,2,6,1,6,0,2,2,6,28,0,1,1,0,0,90,-29,"Collingwood","2021",18
5,"Elliott, Jamie",11,6,8,19,1,1,0,3,2,5,1,4,0,0,0,11,7,2,3,0,0,2,84,-29,"Collingwood","2021",18
4,"Grundy, Brodie",9,3,7,16,0,1,26,2,0,4,3,4,0,3,0,10,7,2,0,1,1,1,80,-29,"Collingwood","2021",18
35,"Henry, Oliver",8,7,4,12,3,1,0,1,0,1,0,4,0,0,0,3,9,1,4,0,0,0,73,-29,"Collingwood","2021",18
32,"Hoskin-Elliott, Will",9,5,1,10,1,0,0,2,1,1,0,3,0,1,0,1,8,0,2,0,0,1,75,-29,"Collingwood","2021",18
44,"Madgen, Jack",9,6,5,14,0,0,0,2,3,1,0,0,0,0,0,3,10,1,0,4,0,0,76,-29,"Collingwood","2021",18
37,"Maynard, Brayden",10,2,3,13,0,0,0,5,5,1,2,2,0,1,0,6,8,0,0,7,0,0,86,-29,"Collingwood","2021",18
16,"Mayne, Chris",18,10,8,26,0,0,0,3,3,0,1,2,1,1,0,4,18,1,0,3,0,0,79,-29,"Collingwood","2021",18
41,"Mihocek, Brody",11,9,3,14,1,1,0,3,0,4,0,4,2,1,0,6,8,2,1,0,0,1,89,-29,"Collingwood","2021",18
28,"Murphy, Nathan",7,4,3,10,0,0,0,3,1,1,0,1,0,0,0,1,9,0,1,0,0,0,84,-29,"Collingwood","2021",18
9,"Noble, John",16,11,9,25,0,0,0,4,2,2,1,2,0,1,0,6,18,1,0,0,0,1,84,-29,"Collingwood","2021",18
10,"Pendlebury, Scott",11,4,7,18,0,0,0,5,2,3,2,5,2,0,0,9,9,1,0,0,0,0,83,-29,"Collingwood","2021",18
0,"Poulter, Caleb",1,1,1,2,0,0,0,1,0,0,0,0,0,0,0,2,0,1,0,0,0,0,46,-29,"Collingwood","2021",18
3,"Quaynor, Isaac",10,7,12,22,0,0,0,3,4,0,0,3,2,1,0,7,17,1,0,4,1,0,88,-29,"Collingwood","2021",18
23,"Roughead, Jordan",4,2,4,8,0,0,0,3,5,1,0,4,0,1,0,2,5,0,0,13,0,0,100,-29,"Collingwood","2021",18
21,"Ruscoe, Trey",12,5,11,23,0,0,0,1,2,3,0,0,0,0,0,8,15,1,0,4,1,0,82,-29,"Collingwood","2021",18
22,"Sidebottom, Steele",13,5,3,16,1,0,0,2,2,2,1,3,1,2,0,4,11,0,0,0,1,0,83,-29,"Collingwood","2021",18
0,"Thomas, Josh",0,0,0,0,0,0,0,0,0,0,0,0,0,0,0,0,0,0,0,0,0,0,20,-29,"Collingwood","2021",18
19,"Betts, Eddie",8,3,4,12,2,2,0,4,0,0,0,1,0,1,0,5,6,1,2,3,0,0,84,29,"Carlton","2021",18
46,"Cottrell, Matthew",13,5,5,18,0,0,0,1,1,3,1,3,0,0,0,6,11,0,0,4,0,0,78,29,"Carlton","2021",18
35,"Curnow, Ed",16,7,5,21,0,0,0,0,2,7,1,2,0,0,0,3,18,0,0,1,0,0,89,29,"Carlton","2021",18
12,"De Koning, Tom",5,2,3,8,1,0,20,4,0,2,4,1,2,0,0,6,2,1,1,3,0,0,81,29,"Carlton","2021",18
2,"Dow, Paddy",4,3,13,17,0,0,0,0,1,0,5,3,2,1,0,9,8,0,1,0,0,1,73,29,"Carlton","2021",18
25,"Fisher, Zac",11,2,8,19,0,2,0,3,1,3,3,3,0,2,0,9,10,1,1,0,1,0,83,29,"Carlton","2021",18
8,"Fogarty, Lachie",0,0,0,0,0,0,0,0,0,0,0,0,0,0,0,0,0,0,0,0,0,0,0,29,"Carlton","2021",18
14,"Jones, Liam",6,6,3,9,0,0,0,0,1,0,1,1,1,0,0,6,4,2,0,3,0,0,98,29,"Carlton","2021",18
7,"Kennedy, Matthew",16,7,10,26,1,0,0,7,0,6,6,7,2,3,0,12,16,1,0,2,1,0,79,29,"Carlton","2021",18
21,"Martin, Jack",12,11,6,18,1,1,0,5,0,3,1,2,2,1,0,6,12,2,2,0,0,2,81,29,"Carlton","2021",18
10,"McKay, Harry",8,6,2,10,4,0,1,0,0,3,0,1,2,0,1,8,2,4,3,1,0,0,90,29,"Carlton","2021",18
24,"Newman, Nic",10,5,6,16,0,0,0,1,3,1,0,2,0,0,0,4,9,0,0,1,0,0,80,29,"Carlton","2021",18
32,"Newnes, Jack",8,4,3,11,0,0,0,0,0,1,1,1,1,0,0,4,7,0,1,0,0,0,66,29,"Carlton","2021",18
44,"Owies, Matthew",6,1,3,9,0,2,0,2,0,3,0,0,3,0,0,7,2,0,0,0,0,0,67,29,"Carlton","2021",18
5,"Petrevski-Seton, Sam",7,3,7,14,0,1,0,4,0,3,2,2,0,1,0,6,8,1,0,2,0,0,74,29,"Carlton","2021",18
20,"Plowman, Lachie",5,4,2,7,0,0,0,1,2,0,1,3,0,1,0,3,5,1,0,5,0,0,96,29,"Carlton","2021",18
42,"Saad, Adam",9,4,8,17,0,0,0,1,3,4,2,1,1,0,0,7,10,0,0,4,0,1,80,29,"Carlton","2021",18
1,"Silvagni, Jack",10,7,5,15,1,0,3,0,1,6,1,5,0,3,0,5,9,3,1,0,0,1,85,29,"Carlton","2021",18
13,"Stocker, Liam",12,4,5,17,1,0,0,1,6,3,1,2,0,0,0,4,12,0,0,1,0,0,81,29,"Carlton","2021",18
18,"Walsh, Sam",23,9,16,39,1,1,0,5,2,2,5,1,0,0,3,15,23,2,0,0,0,1,93,29,"Carlton","2021",18
23,"Weitering, Jacob",18,12,0,18,0,0,0,2,9,0,0,2,1,1,0,3,15,2,0,9,0,0,97,29,"Carlton","2021",18
31,"Williamson, Tom",9,4,4,13,0,1,0,1,2,2,0,1,0,0,0,3,10,0,0,0,0,0,77,29,"Carlton","2021",18
6,"Williams, Zac",14,6,2,16,1,0,0,0,2,2,1,1,1,0,0,5,9,0,0,0,1,0,68,29,"Carlton","2021",18
