"Number","Player","Kicks","Marks","Handballs","Disposals","Goals","Behinds","Hitouts","Tackles","Rebounds50s","Inside50s","Clearances","Clangers","FreesFor","FreesAgainst","BrownlowVotes","ContestedPossessions","UncontestedPossessions","ContestedMarks","MarksInside50","OnePercenters","Bounces","GoalAssists","PercentagePlayed","PointDifference","Team","Season","Round"
13,"Adams, Taylor",13,6,21,34,0,0,0,3,1,4,8,6,3,1,0,14,19,0,0,3,1,0,82,45,"Collingwood","2021",20
8,"Bianco, Trent",12,9,3,15,2,1,0,1,0,1,1,6,1,1,0,3,14,1,2,0,0,1,81,45,"Collingwood","2021",20
14,"Cameron, Darcy",6,5,3,9,1,0,5,0,0,1,0,1,1,0,0,3,7,1,1,2,0,1,86,45,"Collingwood","2021",20
25,"Crisp, Jack",18,9,18,36,0,0,0,2,3,1,2,1,0,0,3,8,26,1,0,4,0,0,91,45,"Collingwood","2021",20
2,"de Goey, Jordan",23,7,11,34,0,0,0,4,6,6,2,1,1,0,1,5,30,0,0,2,0,1,81,45,"Collingwood","2021",20
5,"Elliott, Jamie",11,7,3,14,2,2,0,5,1,1,2,5,1,3,0,3,11,0,3,1,0,0,78,45,"Collingwood","2021",20
33,"Ginnivan, Jack",8,5,2,10,1,0,0,0,0,5,1,4,1,1,0,3,7,0,1,0,0,1,74,45,"Collingwood","2021",20
4,"Grundy, Brodie",11,10,11,22,1,0,18,6,1,3,4,2,2,2,2,7,16,1,1,3,0,0,83,45,"Collingwood","2021",20
35,"Henry, Oliver",6,5,5,11,0,1,0,1,0,1,0,2,0,1,0,2,8,2,3,0,0,3,80,45,"Collingwood","2021",20
32,"Hoskin-Elliott, Will",17,12,6,23,1,0,0,1,1,2,0,2,0,1,0,4,18,1,2,0,2,0,86,45,"Collingwood","2021",20
38,"Howe, Jeremy",15,10,9,24,0,0,0,0,4,0,0,2,0,1,0,4,19,0,0,2,0,0,79,45,"Collingwood","2021",20
18,"Macrae, Finlay",6,4,9,15,0,0,0,2,0,4,0,1,1,0,0,4,11,0,0,0,0,1,67,45,"Collingwood","2021",20
44,"Madgen, Jack",9,3,9,18,0,0,0,2,1,0,0,2,0,1,0,3,16,0,0,6,0,0,82,45,"Collingwood","2021",20
37,"Maynard, Brayden",25,11,5,30,0,0,0,0,3,1,0,3,2,1,0,7,21,2,0,5,0,0,91,45,"Collingwood","2021",20
16,"Mayne, Chris",13,10,13,26,0,0,0,1,2,1,0,4,0,3,0,3,23,0,0,3,1,0,82,45,"Collingwood","2021",20
41,"Mihocek, Brody",12,11,3,15,2,0,0,0,0,2,1,0,0,0,0,3,12,0,3,1,0,0,82,45,"Collingwood","2021",20
28,"Murphy, Nathan",0,0,0,0,0,0,0,0,0,0,0,0,0,0,0,0,0,0,0,0,0,0,0,45,"Collingwood","2021",20
9,"Noble, John",14,10,8,22,1,0,0,2,1,2,1,2,0,0,0,4,17,0,1,0,0,1,81,45,"Collingwood","2021",20
3,"Quaynor, Isaac",8,3,11,19,1,0,0,3,2,3,0,0,0,0,0,9,10,1,0,2,0,0,88,45,"Collingwood","2021",20
23,"Roughead, Jordan",10,7,5,15,0,0,0,1,4,0,0,0,0,0,0,3,11,1,0,7,0,0,97,45,"Collingwood","2021",20
21,"Ruscoe, Trey",19,9,3,22,0,0,0,3,5,0,0,0,0,0,0,3,18,0,0,1,1,0,72,45,"Collingwood","2021",20
22,"Sidebottom, Steele",13,7,20,33,1,0,0,2,3,1,3,0,0,0,0,5,28,0,0,0,0,1,83,45,"Collingwood","2021",20
24,"Thomas, Josh",11,6,3,14,1,1,0,0,1,3,1,0,0,0,0,4,10,0,1,0,0,2,76,45,"Collingwood","2021",20
12,"Allen, Oscar",6,5,2,8,0,0,2,1,1,1,1,2,0,0,0,1,7,0,0,3,0,0,78,-45,"West Coast","2021",20
28,"Cole, Tom",4,3,10,14,0,0,0,0,1,1,1,1,0,0,0,5,9,0,0,2,0,0,85,-45,"West Coast","2021",20
15,"Cripps, Jamie",9,5,5,14,2,1,0,5,0,4,3,1,2,0,0,8,7,0,1,0,0,0,83,-45,"West Coast","2021",20
27,"Darling, Jack",6,5,2,8,1,0,1,1,0,1,0,2,0,2,0,3,5,2,2,0,0,0,90,-45,"West Coast","2021",20
14,"Duggan, Liam",7,6,6,13,0,0,0,1,4,1,0,0,0,0,0,2,11,0,0,1,0,0,85,-45,"West Coast","2021",20
42,"Edwards, Harry",9,7,1,10,0,0,0,1,1,1,0,2,1,1,0,2,8,0,0,4,0,0,91,-45,"West Coast","2021",20
3,"Gaff, Andrew",16,7,17,33,0,0,0,0,4,5,2,2,0,0,0,5,28,0,0,3,1,1,86,-45,"West Coast","2021",20
25,"Hurn, Shannon",13,5,6,19,0,0,0,1,3,0,0,2,1,0,0,4,10,1,0,0,0,0,79,-45,"West Coast","2021",20
34,"Hutchings, Mark",0,0,0,0,0,0,0,0,0,0,0,0,0,0,0,0,0,0,0,0,0,0,0,-45,"West Coast","2021",20
11,"Kelly, Tim",11,4,9,20,0,0,0,1,1,4,4,3,0,0,0,9,12,1,0,0,0,0,83,-45,"West Coast","2021",20
17,"Kennedy, Josh",9,4,5,14,1,4,0,1,1,3,0,1,2,0,0,4,10,0,2,1,0,0,84,-45,"West Coast","2021",20
7,"Langdon, Zac",4,5,13,17,0,0,0,2,1,2,1,3,0,1,0,7,9,1,0,1,0,2,85,-45,"West Coast","2021",20
20,"McGovern, Jeremy",15,7,4,19,0,0,0,2,4,0,0,2,0,0,0,2,14,1,0,3,0,0,80,-45,"West Coast","2021",20
9,"Naitanui, Nic",7,2,10,17,0,0,24,0,0,3,10,1,0,1,0,10,7,0,0,2,0,1,77,-45,"West Coast","2021",20
24,"ONeill, Xavier",5,2,4,9,0,0,0,1,0,2,0,5,1,1,0,1,9,0,0,0,0,0,75,-45,"West Coast","2021",20
21,"Petruccelle, Jack",6,4,1,7,0,2,0,2,0,0,0,0,0,0,0,4,4,1,1,1,0,0,60,-45,"West Coast","2021",20
8,"Redden, Jack",9,6,12,21,0,0,0,0,1,1,0,0,1,0,0,5,16,0,0,1,0,0,80,-45,"West Coast","2021",20
35,"Rotham, Josh",9,3,2,11,0,0,0,0,3,1,1,2,2,1,0,6,7,0,0,6,0,0,87,-45,"West Coast","2021",20
4,"Sheed, Dom",13,3,10,23,1,0,0,2,1,5,4,4,2,0,0,7,16,0,0,1,0,0,83,-45,"West Coast","2021",20
5,"Sheppard, Brad",12,4,10,22,0,0,0,1,0,2,1,2,1,0,0,3,20,0,0,3,0,0,94,-45,"West Coast","2021",20
2,"Waterman, Jake",14,9,8,22,0,1,0,2,0,2,0,1,2,0,0,2,19,1,3,2,0,0,75,-45,"West Coast","2021",20
36,"West, Connor",4,4,9,13,0,1,0,5,0,2,1,2,0,2,0,6,9,0,1,0,0,1,79,-45,"West Coast","2021",20
6,"Yeo, Elliot",9,1,11,20,1,0,0,3,1,4,5,7,1,4,0,7,13,0,0,0,0,0,81,-45,"West Coast","2021",20
