"Number","Player","Kicks","Marks","Handballs","Disposals","Goals","Behinds","Hitouts","Tackles","Rebounds50s","Inside50s","Clearances","Clangers","FreesFor","FreesAgainst","BrownlowVotes","ContestedPossessions","UncontestedPossessions","ContestedMarks","MarksInside50","OnePercenters","Bounces","GoalAssists","PercentagePlayed","PointDifference","Team","Season","Round"
12,"Allen, Oscar",12,6,2,14,0,2,1,3,0,6,0,2,1,0,0,2,12,1,1,7,0,1,94,-9,"West Coast","2021",21
28,"Cole, Tom",8,5,4,12,0,0,0,2,0,1,0,0,0,0,0,4,8,2,0,2,0,1,66,-9,"West Coast","2021",21
15,"Cripps, Jamie",7,2,5,12,2,2,0,2,0,1,1,4,1,1,0,3,10,0,2,3,0,0,89,-9,"West Coast","2021",21
27,"Darling, Jack",10,5,3,13,2,1,0,2,0,3,0,3,3,1,0,8,6,2,1,1,0,0,96,-9,"West Coast","2021",21
42,"Edwards, Harry",7,5,2,9,0,0,0,4,4,0,0,1,0,1,0,5,4,2,0,9,0,0,89,-9,"West Coast","2021",21
16,"Edwards, Luke",5,1,4,9,0,0,0,0,1,0,1,3,1,1,0,3,6,0,0,0,0,0,61,-9,"West Coast","2021",21
3,"Gaff, Andrew",14,4,9,23,0,0,0,1,3,3,3,7,4,1,0,10,14,0,0,1,0,0,89,-9,"West Coast","2021",21
0,"Hurn, Shannon",6,1,2,8,0,0,0,0,3,0,0,1,0,0,0,2,4,1,0,0,0,0,14,-9,"West Coast","2021",21
34,"Hutchings, Mark",9,3,7,16,0,0,0,6,1,2,2,4,1,0,0,5,11,0,0,2,0,0,82,-9,"West Coast","2021",21
11,"Kelly, Tim",11,3,15,26,0,1,0,4,2,2,5,3,1,1,0,10,15,0,0,0,0,1,89,-9,"West Coast","2021",21
17,"Kennedy, Josh",7,4,3,10,2,0,0,3,0,2,0,1,2,0,0,7,4,1,2,1,0,2,79,-9,"West Coast","2021",21
0,"Langdon, Zac",3,1,4,7,0,1,0,2,0,0,0,1,0,0,0,6,3,1,1,1,0,0,67,-9,"West Coast","2021",21
20,"McGovern, Jeremy",13,7,4,17,0,0,0,0,6,2,1,4,2,0,0,8,5,3,0,10,0,0,91,-9,"West Coast","2021",21
9,"Naitanui, Nic",7,2,5,12,1,0,29,3,1,2,5,5,1,2,0,9,1,2,1,7,0,1,61,-9,"West Coast","2021",21
30,"Nelson, Jackson",10,6,2,12,0,0,0,3,3,1,0,2,0,0,0,4,8,0,0,2,0,0,81,-9,"West Coast","2021",21
21,"Petruccelle, Jack",5,3,3,8,0,1,0,1,0,3,0,1,1,0,0,4,4,0,1,1,0,0,63,-9,"West Coast","2021",21
8,"Redden, Jack",19,8,11,30,1,0,0,3,2,3,6,4,3,1,0,14,16,0,0,1,0,0,92,-9,"West Coast","2021",21
4,"Sheed, Dom",12,4,15,27,0,0,0,4,1,5,2,4,2,0,0,9,17,0,0,0,1,0,89,-9,"West Coast","2021",21
5,"Sheppard, Brad",5,4,6,11,0,0,0,3,1,2,0,1,0,0,0,5,7,0,0,6,0,1,95,-9,"West Coast","2021",21
19,"Vardy, Nathan",3,2,0,3,0,0,10,1,0,1,0,2,0,2,0,1,2,0,0,5,0,0,64,-9,"West Coast","2021",21
36,"West, Connor",6,3,4,10,1,0,0,0,0,2,0,5,0,0,0,3,6,0,0,0,0,0,73,-9,"West Coast","2021",21
23,"Witherden, Alex",18,3,2,20,0,0,0,1,9,1,0,5,1,2,0,4,9,0,0,2,0,0,86,-9,"West Coast","2021",21
6,"Yeo, Elliot",18,1,13,31,0,0,0,7,1,8,14,9,4,4,2,20,11,0,0,1,2,0,89,-9,"West Coast","2021",21
17,"Bowey, Jake",10,3,11,21,0,0,0,1,2,2,3,2,0,1,0,10,11,0,0,1,0,0,70,9,"Melbourne","2021",21
10,"Brayshaw, Angus",10,2,4,14,0,0,0,1,0,1,0,4,0,1,0,2,13,0,0,1,0,0,77,9,"Melbourne","2021",21
50,"Brown, Ben",8,7,0,8,3,0,5,2,0,2,0,2,0,0,0,3,5,2,3,1,0,1,72,9,"Melbourne","2021",21
31,"Fritsch, Bayley",5,5,3,8,0,1,0,2,0,2,0,3,0,2,0,1,9,0,1,1,0,0,88,9,"Melbourne","2021",21
11,"Gawn, Max",10,3,4,14,0,1,25,3,1,5,5,2,1,1,0,8,6,2,2,0,0,1,96,9,"Melbourne","2021",21
4,"Harmes, James",16,2,9,25,1,1,0,4,1,5,3,3,2,2,0,9,16,0,0,0,0,0,54,9,"Melbourne","2021",21
0,"Hunt, Jayden",1,0,0,1,0,0,0,0,0,0,0,0,0,0,0,1,0,0,0,0,0,0,12,9,"Melbourne","2021",21
6,"Jackson, Luke",8,6,13,21,0,1,6,2,0,0,2,4,3,0,3,11,10,3,2,1,0,0,78,9,"Melbourne","2021",21
23,"Jordon, James",11,7,6,17,0,1,0,1,2,3,0,2,0,1,0,3,15,0,1,2,0,0,53,9,"Melbourne","2021",21
15,"Langdon, Ed",9,2,7,16,0,0,0,0,1,3,1,2,0,1,0,2,13,0,0,0,0,0,97,9,"Melbourne","2021",21
8,"Lever, Jake",6,1,5,11,0,0,0,1,4,2,0,4,1,3,0,4,5,0,0,11,0,0,98,9,"Melbourne","2021",21
1,"May, Steven",20,4,1,21,0,0,0,1,10,1,0,2,1,1,0,3,8,1,0,6,0,0,100,9,"Melbourne","2021",21
18,"Melksham, Jake",3,2,5,8,2,0,0,1,0,0,1,3,0,3,0,6,5,0,1,2,0,2,87,9,"Melbourne","2021",21
30,"Neal-Bullen, Alex",16,3,4,20,2,1,0,8,2,7,4,2,4,0,0,9,10,1,0,2,0,1,86,9,"Melbourne","2021",21
13,"Oliver, Clayton",11,0,17,28,0,0,0,3,0,1,9,7,0,4,0,21,7,0,0,0,0,0,90,9,"Melbourne","2021",21
5,"Petracca, Christian",10,1,18,28,1,1,0,6,1,4,6,5,0,0,1,9,19,0,0,0,0,0,88,9,"Melbourne","2021",21
35,"Petty, Harry",6,4,4,10,0,0,0,1,3,2,0,3,1,1,0,4,6,1,0,7,0,0,98,9,"Melbourne","2021",21
36,"Pickett, Kysaiah",5,0,4,9,1,0,0,0,0,1,0,4,1,0,0,5,2,0,0,0,0,0,81,9,"Melbourne","2021",21
24,"Rivers, Trent",10,5,5,15,0,1,0,1,3,2,0,2,0,2,0,7,7,1,0,3,0,0,71,9,"Melbourne","2021",21
3,"Salem, Christian",13,6,10,23,0,0,0,1,9,0,1,2,1,1,0,4,17,0,0,3,0,0,91,9,"Melbourne","2021",21
9,"Spargo, Charlie",5,4,4,9,0,0,0,1,0,2,1,2,2,1,0,4,5,1,1,0,0,0,83,9,"Melbourne","2021",21
32,"Sparrow, Tom",4,0,8,12,0,1,0,2,1,1,3,2,0,1,0,7,7,0,0,2,0,0,72,9,"Melbourne","2021",21
0,"Vandenberg, Aaron",8,1,3,11,0,0,0,4,0,2,2,6,0,2,0,3,7,0,0,0,0,0,58,9,"Melbourne","2021",21
