"Number","Player","Kicks","Marks","Handballs","Disposals","Goals","Behinds","Hitouts","Tackles","Rebounds50s","Inside50s","Clearances","Clangers","FreesFor","FreesAgainst","BrownlowVotes","ContestedPossessions","UncontestedPossessions","ContestedMarks","MarksInside50","OnePercenters","Bounces","GoalAssists","PercentagePlayed","PointDifference","Team","Season","Round"
19,"Betts, Eddie",2,1,3,5,1,0,0,1,0,2,0,2,0,1,0,2,3,0,1,0,0,0,80,-19,"Carlton","2021",21
9,"Cripps, Patrick",6,3,16,22,0,0,1,3,1,2,5,6,1,2,0,12,11,0,0,1,0,1,81,-19,"Carlton","2021",21
30,"Curnow, Charlie",11,5,1,12,1,2,0,3,1,4,0,6,0,2,0,3,9,0,1,1,0,1,80,-19,"Carlton","2021",21
35,"Curnow, Ed",18,8,7,25,1,0,0,1,3,2,3,3,1,1,0,6,18,0,1,0,0,0,84,-19,"Carlton","2021",21
12,"De Koning, Tom",4,3,4,8,0,1,20,1,1,3,5,4,0,4,0,6,5,1,2,2,0,0,85,-19,"Carlton","2021",21
2,"Dow, Paddy",1,1,7,8,0,0,0,5,0,1,1,1,0,1,0,4,4,0,0,1,0,0,70,-19,"Carlton","2021",21
25,"Fisher, Zac",5,1,7,12,0,1,0,0,0,1,1,3,1,1,0,6,8,0,0,2,3,0,76,-19,"Carlton","2021",21
36,"Honey, Josh",8,7,1,9,2,1,0,2,2,0,0,1,1,0,0,1,9,0,4,1,0,0,73,-19,"Carlton","2021",21
14,"Jones, Liam",9,4,2,11,0,0,0,3,2,1,1,2,3,1,0,6,4,0,0,11,0,0,91,-19,"Carlton","2021",21
7,"Kennedy, Matthew",14,5,9,23,0,0,0,5,3,5,3,3,2,1,0,7,16,0,0,1,0,0,70,-19,"Carlton","2021",21
21,"Martin, Jack",10,6,1,11,1,0,0,3,0,3,0,4,0,3,0,5,8,2,1,1,0,1,84,-19,"Carlton","2021",21
10,"McKay, Harry",12,8,1,13,1,0,3,2,0,4,0,3,2,0,0,6,7,2,3,0,0,1,80,-19,"Carlton","2021",21
3,"Murphy, Marc",0,0,0,0,0,0,0,0,0,0,0,0,0,0,0,0,0,0,0,0,0,0,0,-19,"Carlton","2021",21
24,"Newman, Nic",20,8,5,25,0,0,0,5,5,3,0,1,3,0,0,10,11,0,0,1,0,0,82,-19,"Carlton","2021",21
32,"Newnes, Jack",12,5,5,17,0,0,0,4,2,2,5,3,1,1,0,7,10,0,0,3,0,0,78,-19,"Carlton","2021",21
4,"OBrien, Lochie",7,4,7,14,0,0,0,3,3,2,1,2,0,0,0,4,11,0,0,2,0,0,83,-19,"Carlton","2021",21
20,"Plowman, Lachie",9,5,1,10,0,0,0,0,1,0,0,4,0,1,0,1,7,0,0,5,0,0,87,-19,"Carlton","2021",21
42,"Saad, Adam",9,3,5,14,0,0,0,2,5,2,0,0,1,0,0,6,7,0,0,2,0,0,81,-19,"Carlton","2021",21
1,"Silvagni, Jack",7,3,2,9,1,1,4,3,0,3,1,4,1,1,0,3,6,0,0,2,0,0,85,-19,"Carlton","2021",21
13,"Stocker, Liam",11,1,3,14,0,0,0,6,4,3,0,0,1,0,0,3,8,0,0,3,1,1,80,-19,"Carlton","2021",21
18,"Walsh, Sam",16,5,7,23,0,0,0,8,2,2,5,6,2,1,0,11,13,0,0,0,0,0,92,-19,"Carlton","2021",21
23,"Weitering, Jacob",14,6,2,16,0,0,0,0,3,1,0,1,2,1,0,9,7,2,0,8,0,0,98,-19,"Carlton","2021",21
31,"Williamson, Tom",7,6,5,12,0,0,0,1,1,3,0,1,0,0,0,2,10,0,0,2,0,0,81,-19,"Carlton","2021",21
9,"Ainsworth, Ben",15,10,5,20,0,1,0,2,1,2,1,1,0,0,0,3,18,0,1,1,0,1,85,19,"Gold Coast","2021",21
15,"Anderson, Noah",21,8,9,30,0,0,0,3,4,7,8,1,1,1,1,10,20,0,0,0,2,1,72,19,"Gold Coast","2021",21
10,"Ballard, Charlie",10,5,5,15,0,0,0,2,2,0,0,1,1,0,0,5,11,1,0,11,0,0,93,19,"Gold Coast","2021",21
0,"Bowes, Jack",11,5,4,15,0,0,0,3,3,2,0,0,0,0,0,6,8,1,0,2,2,0,55,19,"Gold Coast","2021",21
29,"Burgess, Chris",3,3,4,7,0,0,0,3,0,1,0,2,0,1,0,3,5,0,0,7,0,0,87,19,"Gold Coast","2021",21
25,"Collins, Sam",7,6,4,11,0,0,0,1,2,0,0,4,0,3,2,4,7,0,0,7,0,0,91,19,"Gold Coast","2021",21
19,"Corbett, Josh",9,9,8,17,1,0,0,0,0,1,0,4,1,1,0,5,12,0,3,3,0,0,87,19,"Gold Coast","2021",21
0,"Ellis, Brandon",6,5,1,7,1,0,0,1,0,2,1,1,0,1,0,2,6,0,1,1,0,0,35,19,"Gold Coast","2021",21
50,"Farrar, Jy",13,4,5,18,0,0,0,1,5,0,0,2,0,0,0,4,14,0,0,3,0,0,67,19,"Gold Coast","2021",21
8,"Fiorini, Brayden",15,4,8,23,1,0,0,11,1,4,3,4,2,2,0,13,10,0,1,1,0,0,69,19,"Gold Coast","2021",21
40,"Jeffrey, Joel",5,3,1,6,1,2,0,1,0,1,0,2,0,1,0,1,5,0,3,1,0,0,71,19,"Gold Coast","2021",21
34,"King, Ben",3,2,4,7,0,2,0,0,0,1,0,2,0,1,0,3,5,0,1,1,0,0,88,19,"Gold Coast","2021",21
23,"Lemmens, Sean",11,5,2,13,0,0,0,3,1,1,0,1,0,1,0,3,10,0,0,1,0,0,83,19,"Gold Coast","2021",21
13,"Lukosius, Jack",14,7,2,16,0,0,0,0,3,4,0,4,0,0,0,0,13,0,1,3,0,1,88,19,"Gold Coast","2021",21
44,"Macpherson, Darcy",10,6,11,21,0,1,0,5,1,1,4,2,1,2,0,9,10,0,1,2,0,0,85,19,"Gold Coast","2021",21
11,"Miller, Touk",21,7,13,34,2,0,0,4,1,5,7,3,2,0,3,12,23,0,0,1,1,1,90,19,"Gold Coast","2021",21
27,"Powell, Wil",21,8,7,28,1,0,0,7,10,1,2,2,3,0,0,11,14,1,0,6,0,0,91,19,"Gold Coast","2021",21
18,"Rowell, Matt",4,3,9,13,0,0,0,3,2,1,3,3,1,1,0,6,7,0,0,1,0,0,70,19,"Gold Coast","2021",21
6,"Sexton, Alex",16,10,4,20,1,0,0,2,0,9,1,7,1,1,0,5,14,1,0,0,2,1,86,19,"Gold Coast","2021",21
37,"Sharp, Jeremy",12,9,7,19,0,0,0,3,0,2,0,2,2,1,0,4,15,1,0,2,0,0,82,19,"Gold Coast","2021",21
32,"Smith, Zac",7,2,3,10,1,0,31,1,1,2,5,1,3,0,0,8,1,1,1,2,0,1,80,19,"Gold Coast","2021",21
24,"Swallow, David",12,5,4,16,0,0,0,5,3,4,5,5,3,3,0,8,10,0,0,0,0,0,79,19,"Gold Coast","2021",21
21,"Townsend, Jacob",8,5,2,10,2,0,3,4,1,1,1,3,1,2,0,5,5,2,0,2,0,1,68,19,"Gold Coast","2021",21
