"Number","Player","Kicks","Marks","Handballs","Disposals","Goals","Behinds","Hitouts","Tackles","Rebounds50s","Inside50s","Clearances","Clangers","FreesFor","FreesAgainst","BrownlowVotes","ContestedPossessions","UncontestedPossessions","ContestedMarks","MarksInside50","OnePercenters","Bounces","GoalAssists","PercentagePlayed","PointDifference","Team","Season","Round"
21,"Berry, Sam",3,1,10,13,0,0,0,1,0,2,4,4,0,1,0,7,6,0,0,3,0,0,71,-12,"Adelaide","2021",5
16,"Brown, Luke",9,4,6,15,0,0,0,5,3,2,0,1,1,1,0,5,9,0,0,2,0,0,83,-12,"Adelaide","2021",5
41,"Butts, Jordon",14,9,3,17,0,0,0,2,5,1,0,3,2,1,0,5,12,0,0,6,0,0,95,-12,"Adelaide","2021",5
39,"Doedee, Tom",12,6,11,23,0,0,0,1,7,2,1,4,0,2,0,7,14,1,0,10,0,0,98,-12,"Adelaide","2021",5
32,"Fogarty, Darcy",7,2,4,11,1,0,0,2,0,2,1,4,0,2,0,4,7,0,1,2,0,1,76,-12,"Adelaide","2021",5
22,"Frampton, Billy",7,4,3,10,0,1,3,0,0,2,1,3,2,0,0,6,4,2,1,3,0,0,75,-12,"Adelaide","2021",5
17,"Hamill, Will",6,1,7,13,0,0,0,3,3,1,0,4,1,0,0,5,7,1,0,1,0,0,69,-12,"Adelaide","2021",5
2,"Keays, Ben",17,4,14,31,0,1,0,1,1,5,2,4,1,2,0,10,19,0,0,3,0,0,89,-12,"Adelaide","2021",5
8,"Kelly, Jake",14,8,5,19,0,0,0,3,1,1,0,3,1,1,0,6,11,2,0,4,0,0,91,-12,"Adelaide","2021",5
29,"Laird, Rory",11,4,18,29,0,0,0,7,2,3,7,5,1,0,0,15,15,0,0,0,0,1,80,-12,"Adelaide","2021",5
27,"Lynch, Tom",8,5,6,14,1,1,0,2,0,2,2,0,1,0,0,4,10,0,1,1,0,0,78,-12,"Adelaide","2021",5
23,"McAdam, Shane",4,3,0,4,1,0,0,4,0,2,0,3,0,2,0,0,4,0,0,1,0,0,75,-12,"Adelaide","2021",5
25,"McHenry, Ned",4,2,8,12,1,0,0,3,0,0,0,2,1,1,0,6,8,0,2,3,0,0,82,-12,"Adelaide","2021",5
36,"McPherson, Andrew",5,3,7,12,0,0,0,0,0,1,0,1,1,0,0,2,10,1,0,2,0,0,80,-12,"Adelaide","2021",5
4,"Murphy, Lachlan",9,2,6,15,1,0,0,3,0,3,1,3,0,1,0,9,7,0,0,3,0,0,75,-12,"Adelaide","2021",5
28,"Murray, Nick",0,0,0,0,0,0,0,0,0,0,0,0,0,0,0,0,0,0,0,0,0,0,0,-12,"Adelaide","2021",5
43,"OBrien, Reilly",7,4,10,17,0,0,32,3,0,1,5,4,0,2,0,12,7,2,0,3,0,0,95,-12,"Adelaide","2021",5
31,"Rowe, James",7,1,5,12,2,0,0,3,0,4,1,2,3,1,0,8,4,0,0,0,0,2,80,-12,"Adelaide","2021",5
26,"Schoenberg, Harry",10,2,6,16,0,0,0,1,0,4,3,2,1,1,0,7,8,0,0,1,0,1,62,-12,"Adelaide","2021",5
11,"Seedsman, Paul",13,8,15,28,1,0,0,1,7,3,5,1,0,0,0,8,20,0,0,0,4,0,81,-12,"Adelaide","2021",5
38,"Sholl, Lachlan",15,8,8,23,1,0,0,3,4,6,1,2,0,0,0,4,20,0,0,1,0,0,92,-12,"Adelaide","2021",5
33,"Smith, Brodie",21,7,6,27,0,0,0,2,9,6,0,2,0,1,0,2,21,1,0,4,0,0,84,-12,"Adelaide","2021",5
13,"Walker, Taylor",10,6,3,13,2,3,2,1,0,2,1,3,2,1,0,7,6,3,4,3,0,2,89,-12,"Adelaide","2021",5
9,"Acres, Blake",14,2,5,19,0,0,0,5,0,3,2,2,2,1,0,5,14,0,0,2,2,1,79,12,"Fremantle","2021",5
11,"Aish, James",10,4,12,22,1,1,0,4,2,4,3,2,1,1,0,9,12,1,1,4,0,0,87,12,"Fremantle","2021",5
8,"Brayshaw, Andrew",18,4,15,33,0,0,0,4,1,6,7,6,2,1,3,17,16,0,0,2,1,0,77,12,"Fremantle","2021",5
0,"Cerra, Adam",1,1,3,4,0,0,0,1,0,1,1,0,1,0,0,3,1,0,0,0,0,0,10,12,"Fremantle","2021",5
27,"Chapman, Heath",8,6,7,15,0,0,0,1,2,1,0,1,1,0,0,4,11,1,0,1,0,0,80,12,"Fremantle","2021",5
33,"Colyer, Travis",10,5,3,13,2,0,0,0,0,5,0,2,0,0,0,3,11,1,0,0,0,2,71,12,"Fremantle","2021",5
6,"Conca, Reece",6,3,6,12,0,0,0,0,3,0,1,3,0,2,0,2,9,0,0,2,0,0,75,12,"Fremantle","2021",5
36,"Cox, Brennan",9,4,2,11,0,0,0,1,4,0,0,2,0,1,0,5,6,1,0,11,0,0,97,12,"Fremantle","2021",5
0,"Crowden, Mitch",3,1,4,7,0,1,0,2,0,1,1,0,0,0,0,5,2,0,0,0,0,1,62,12,"Fremantle","2021",5
4,"Darcy, Sean",5,3,9,14,1,0,35,5,0,2,4,3,1,1,0,12,2,2,1,3,0,0,78,12,"Fremantle","2021",5
43,"Frederick, Michael",10,5,2,12,1,2,0,0,0,5,3,0,0,0,0,5,8,0,0,2,2,0,86,12,"Fremantle","2021",5
7,"Fyfe, Nat",7,2,17,24,0,0,0,9,2,3,6,3,1,2,0,16,8,1,0,4,3,2,88,12,"Fremantle","2021",5
15,"Hughes, Ethan",9,4,7,16,0,0,0,3,3,2,1,1,0,0,0,6,11,0,0,3,0,0,86,12,"Fremantle","2021",5
37,"Lobb, Rory",8,3,3,11,0,3,4,2,2,2,0,5,2,1,0,6,5,1,1,2,0,1,81,12,"Fremantle","2021",5
2,"Logue, Griffin",6,6,4,10,0,0,0,1,4,1,0,5,1,3,0,4,6,2,0,5,0,0,95,12,"Fremantle","2021",5
16,"Mundy, David",15,4,13,28,1,0,0,8,1,6,6,2,1,0,0,13,18,1,0,3,1,1,80,12,"Fremantle","2021",5
13,"Ryan, Luke",21,10,3,24,0,0,0,3,11,1,0,0,2,0,2,8,13,3,0,1,1,0,89,12,"Fremantle","2021",5
28,"Schultz, Lachie",11,9,2,13,2,0,0,2,0,3,1,0,1,0,0,3,10,0,2,1,0,1,76,12,"Fremantle","2021",5
3,"Serong, Caleb",9,5,11,20,0,0,0,1,0,4,3,4,0,0,0,7,13,0,1,0,0,0,71,12,"Fremantle","2021",5
20,"Taberner, Matthew",11,8,4,15,4,1,0,0,0,1,0,4,1,1,1,6,9,3,5,2,0,0,93,12,"Fremantle","2021",5
35,"Treacy, Josh",3,2,2,5,0,0,0,1,0,1,0,2,1,1,0,3,2,0,2,0,0,0,76,12,"Fremantle","2021",5
10,"Walters, Michael",10,6,4,14,0,0,0,2,0,1,1,3,1,2,0,2,14,0,1,0,0,2,84,12,"Fremantle","2021",5
14,"Wilson, Nathan",14,5,3,17,0,0,0,2,7,1,2,3,1,1,0,7,10,0,0,4,2,0,77,12,"Fremantle","2021",5
