"Number","Player","Kicks","Marks","Handballs","Disposals","Goals","Behinds","Hitouts","Tackles","Rebounds50s","Inside50s","Clearances","Clangers","FreesFor","FreesAgainst","BrownlowVotes","ContestedPossessions","UncontestedPossessions","ContestedMarks","MarksInside50","OnePercenters","Bounces","GoalAssists","PercentagePlayed","PointDifference","Team","Season","Round"
7,"Ash, Lachie",16,3,5,21,0,0,0,0,5,5,0,4,1,1,0,7,12,0,0,0,0,0,83,-8,"Greater Western Sydney","2021",1
5,"Bruhn, Tanner",2,0,7,9,0,0,0,2,0,0,2,0,1,0,0,5,4,0,0,1,0,1,75,-8,"Greater Western Sydney","2021",1
44,"Buckley, Jack",6,1,4,10,0,1,0,4,2,1,1,2,1,1,0,7,5,0,0,3,0,1,77,-8,"Greater Western Sydney","2021",1
3,"Coniglio, Stephen",19,0,5,24,1,0,0,2,3,8,5,4,4,0,0,12,11,0,0,2,0,0,86,-8,"Greater Western Sydney","2021",1
13,"Cumming, Isaac",13,3,9,22,0,0,0,3,6,1,1,6,0,0,0,10,8,1,0,4,0,0,83,-8,"Greater Western Sydney","2021",1
1,"Davis, Phil",7,4,3,10,0,0,0,0,3,0,0,2,0,1,0,4,6,0,0,5,0,0,89,-8,"Greater Western Sydney","2021",1
24,"de Boer, Matt",6,2,8,14,0,0,0,3,1,3,3,2,2,0,0,8,5,1,0,5,0,0,79,-8,"Greater Western Sydney","2021",1
30,"Flynn, Matt",7,5,10,17,0,0,34,0,3,5,5,1,4,0,0,14,4,3,0,5,0,0,68,-8,"Greater Western Sydney","2021",1
4,"Greene, Toby",13,2,6,19,1,3,0,1,0,3,2,3,3,0,0,12,7,1,1,0,0,1,89,-8,"Greater Western Sydney","2021",1
12,"Green, Tom",3,2,13,16,1,0,0,2,0,1,1,4,0,1,0,7,9,0,0,0,0,0,68,-8,"Greater Western Sydney","2021",1
19,"Haynes, Nick",16,7,3,19,0,0,0,0,2,3,1,5,1,1,0,7,11,1,0,6,0,0,89,-8,"Greater Western Sydney","2021",1
37,"Hill, Bobby",6,2,2,8,1,0,0,6,1,3,0,3,0,2,0,1,7,0,1,0,1,1,66,-8,"Greater Western Sydney","2021",1
27,"Himmelberg, Harry",9,3,3,12,3,1,1,2,0,3,1,3,3,1,0,6,5,1,2,4,2,2,89,-8,"Greater Western Sydney","2021",1
2,"Hopper, Jacob",13,1,15,28,1,0,0,4,1,8,6,8,2,2,2,15,13,0,0,1,0,3,83,-8,"Greater Western Sydney","2021",1
39,"Idun, Connor",7,3,3,10,0,0,0,1,1,3,0,2,0,0,0,2,7,0,0,7,0,0,78,-8,"Greater Western Sydney","2021",1
25,"Keeffe, Lachlan",7,3,4,11,1,0,11,1,0,2,0,3,1,0,0,8,3,0,2,1,0,0,86,-8,"Greater Western Sydney","2021",1
22,"Kelly, Josh",15,3,11,26,0,0,0,4,4,3,5,4,2,1,0,11,18,0,0,3,1,0,82,-8,"Greater Western Sydney","2021",1
33,"OHalloran, Xavier",0,0,0,0,0,0,0,0,0,0,0,0,0,0,0,0,0,0,0,0,0,0,0,-8,"Greater Western Sydney","2021",1
36,"Perryman, Harry",15,7,11,26,0,1,0,3,7,4,0,4,0,0,0,6,17,1,0,6,0,0,81,-8,"Greater Western Sydney","2021",1
50,"Reid, Sam",4,1,0,4,0,1,0,2,2,1,0,0,0,0,0,1,0,1,0,1,0,0,85,-8,"Greater Western Sydney","2021",1
14,"Taranto, Tim",19,3,7,26,1,2,0,4,0,7,3,3,2,1,0,8,14,1,1,1,0,0,89,-8,"Greater Western Sydney","2021",1
15,"Taylor, Sam",3,1,11,14,0,0,0,1,2,1,0,2,0,0,0,6,9,1,0,13,0,0,95,-8,"Greater Western Sydney","2021",1
8,"Ward, Callan",12,3,13,25,1,0,1,2,0,3,4,3,2,2,0,12,15,0,0,1,0,0,79,-8,"Greater Western Sydney","2021",1
26,"Battle, Josh",8,1,3,11,1,1,0,3,2,2,0,2,2,1,0,6,4,0,0,1,0,0,81,8,"St Kilda","2021",1
15,"Billings, Jack",15,5,15,30,1,0,0,1,0,4,2,2,0,0,0,11,20,0,1,1,0,0,86,8,"St Kilda","2021",1
16,"Butler, Dan",9,0,1,10,1,0,0,7,0,2,1,2,1,1,0,2,2,0,0,0,1,1,90,8,"St Kilda","2021",1
23,"Bytel, Jack",9,1,4,13,0,0,0,10,1,5,6,2,1,0,0,7,5,0,0,2,0,0,78,8,"St Kilda","2021",1
11,"Clark, Hunter",17,4,7,24,0,0,0,5,5,5,7,4,0,2,0,12,13,0,0,1,0,1,78,8,"St Kilda","2021",1
1,"Coffield, Nick",13,4,4,17,0,0,0,3,6,1,1,6,1,0,0,6,11,0,0,1,1,0,93,8,"St Kilda","2021",1
4,"Gresham, Jade",21,5,7,28,0,0,0,3,1,7,5,8,0,3,1,6,16,0,0,0,0,1,67,8,"St Kilda","2021",1
22,"Higgins, Jack",8,3,4,12,2,1,0,4,0,4,2,2,1,1,0,6,7,0,2,2,0,1,81,8,"St Kilda","2021",1
34,"Highmore, Tom",10,2,9,19,0,0,0,4,4,2,2,6,1,3,0,7,11,0,0,4,0,0,70,8,"St Kilda","2021",1
8,"Hill, Bradley",8,3,8,16,1,1,0,2,3,1,3,2,0,1,0,6,9,0,0,1,0,0,80,8,"St Kilda","2021",1
20,"Howard, Dougal",15,1,2,17,0,0,0,1,9,1,0,2,0,0,0,2,5,0,0,15,0,0,96,8,"St Kilda","2021",1
41,"Hunter, Paul",5,1,4,9,0,0,19,2,2,0,1,4,0,3,0,4,5,0,0,8,0,0,71,8,"St Kilda","2021",1
21,"Long, Ben",13,5,4,17,0,0,0,1,4,2,3,3,0,1,0,10,9,0,0,6,0,0,86,8,"St Kilda","2021",1
13,"Lonie, Jack",6,2,5,11,2,0,0,3,0,1,0,0,0,0,0,2,9,0,1,0,0,0,89,8,"St Kilda","2021",1
36,"McKenzie, Daniel",6,2,3,9,0,0,0,4,1,2,0,1,0,0,0,2,6,0,0,1,1,0,70,8,"St Kilda","2021",1
27,"McKernan, Shaun",5,0,1,6,0,0,17,3,2,1,3,8,1,5,0,7,0,0,0,8,0,0,72,8,"St Kilda","2021",1
28,"Membrey, Tim",15,7,6,21,3,0,2,0,1,7,0,3,2,0,3,7,13,1,2,1,0,1,89,8,"St Kilda","2021",1
6,"Ross, Sebastian",11,4,8,19,2,0,0,2,0,4,4,4,0,0,0,8,11,0,1,1,0,0,79,8,"St Kilda","2021",1
35,"Sinclair, Jack",11,2,7,18,0,1,0,2,4,2,2,3,0,1,0,10,9,0,1,3,0,1,83,8,"St Kilda","2021",1
9,"Steele, Jack",13,0,7,20,0,1,0,8,3,5,7,7,2,4,0,11,8,0,0,5,1,1,87,8,"St Kilda","2021",1
29,"Webster, Jimmy",9,4,4,13,0,0,0,1,4,0,0,3,0,1,0,3,10,0,0,6,0,0,81,8,"St Kilda","2021",1
44,"Wilkie, Callum",8,0,4,12,0,0,0,2,4,0,0,3,2,1,0,5,5,0,0,2,0,0,92,8,"St Kilda","2021",1
32,"Wood, Mason",0,0,0,0,0,0,0,0,0,0,0,0,0,0,0,0,0,0,0,0,0,0,0,8,"St Kilda","2021",1
