"Number","Player","Kicks","Marks","Handballs","Disposals","Goals","Behinds","Hitouts","Tackles","Rebounds50s","Inside50s","Clearances","Clangers","FreesFor","FreesAgainst","BrownlowVotes","ContestedPossessions","UncontestedPossessions","ContestedMarks","MarksInside50","OnePercenters","Bounces","GoalAssists","PercentagePlayed","PointDifference","Team","Season","Round"
9,"Ainsworth, Ben",11,6,4,15,1,2,0,3,0,2,0,4,1,3,0,4,11,1,1,0,0,0,81,62,"Gold Coast","2022",12
15,"Anderson, Noah",17,4,4,21,0,0,0,6,1,4,3,4,1,0,0,10,12,0,0,4,0,0,84,62,"Gold Coast","2022",12
10,"Ballard, Charlie",10,4,2,12,0,0,0,1,4,0,0,6,1,2,0,2,6,1,0,7,0,0,86,62,"Gold Coast","2022",12
35,"Budarick, Connor",18,3,7,25,0,0,0,2,6,1,0,5,2,1,2,9,12,0,0,2,0,0,82,62,"Gold Coast","2022",12
1,"Chol, Mabior",4,1,2,6,1,1,2,0,0,0,2,1,0,1,0,4,1,0,1,4,0,0,78,62,"Gold Coast","2022",12
25,"Collins, Sam",6,3,5,11,0,0,0,4,1,1,0,3,1,1,0,6,6,0,0,13,0,0,92,62,"Gold Coast","2022",12
5,"Davies, Alex",11,3,5,16,1,0,2,4,1,6,2,3,1,1,0,7,9,0,0,2,0,0,72,62,"Gold Coast","2022",12
12,"Day, Sam",6,2,3,9,2,1,3,2,0,3,1,2,0,0,0,6,3,0,1,3,0,2,78,62,"Gold Coast","2022",12
4,"Ellis, Brandon",7,3,4,11,1,1,0,5,0,1,0,1,1,0,0,5,6,0,1,0,0,0,83,62,"Gold Coast","2022",12
50,"Farrar, Jy",15,4,2,17,0,0,0,1,3,3,1,2,1,0,0,8,10,0,0,4,1,0,83,62,"Gold Coast","2022",12
46,"Graham, Caleb",13,4,1,14,1,0,0,3,1,3,0,2,3,2,0,5,9,0,0,13,0,0,94,62,"Gold Coast","2022",12
7,"Holman, Nick",5,2,7,12,1,0,0,7,0,4,0,2,0,0,0,5,8,0,0,2,0,0,79,62,"Gold Coast","2022",12
40,"Jeffrey, Joel",10,5,1,11,1,2,0,1,0,3,0,2,3,0,0,6,6,1,1,1,0,1,77,62,"Gold Coast","2022",12
17,"Markov, Oleg",15,6,4,19,0,0,0,0,1,7,0,4,3,0,0,7,13,0,0,3,3,0,77,62,"Gold Coast","2022",12
11,"Miller, Touk",21,5,11,32,0,1,0,8,0,8,13,0,2,0,3,22,12,0,1,4,0,0,83,62,"Gold Coast","2022",12
27,"Powell, Wil",15,3,3,18,1,2,0,8,2,7,2,1,1,0,0,6,11,0,0,5,0,0,87,62,"Gold Coast","2022",12
22,"Rankine, Izak",12,2,4,16,2,3,0,2,0,4,4,1,1,0,0,10,9,0,1,1,2,1,88,62,"Gold Coast","2022",12
41,"Rosas, Malcolm",5,1,4,9,1,0,0,7,0,3,1,3,0,2,0,5,4,0,0,1,0,2,75,62,"Gold Coast","2022",12
18,"Rowell, Matt",20,0,5,25,1,0,0,11,2,7,9,6,2,5,1,17,6,0,0,3,0,0,85,62,"Gold Coast","2022",12
0,"Sharp, Jeremy",0,0,0,0,0,0,0,0,0,0,0,0,0,0,0,0,0,0,0,0,0,0,15,62,"Gold Coast","2022",12
24,"Swallow, David",11,3,11,22,1,1,0,3,1,3,7,3,1,2,0,13,8,0,0,1,0,1,74,62,"Gold Coast","2022",12
0,"Weller, Lachie",17,5,3,20,0,0,0,1,6,7,0,1,1,0,0,4,13,0,0,5,1,0,70,62,"Gold Coast","2022",12
28,"Witts, Jarrod",7,0,3,10,0,0,35,2,0,4,6,1,0,1,0,10,1,0,0,7,0,0,76,62,"Gold Coast","2022",12
3,"Anderson, Jed",14,4,4,18,1,0,0,3,4,1,5,5,3,3,0,10,7,0,0,3,0,0,72,-62,"North Melbourne","2022",12
0,"Bosenavulagi, Atu",3,2,2,5,0,0,0,3,1,0,0,1,0,1,0,3,2,0,0,0,0,0,44,-62,"North Melbourne","2022",12
4,"Corr, Aidan",14,3,0,14,0,0,0,4,11,0,0,0,0,0,0,2,3,1,0,7,0,0,91,-62,"North Melbourne","2022",12
25,"Curtis, Paul",7,3,2,9,0,0,0,4,1,3,0,2,0,1,0,3,7,0,1,0,0,1,86,-62,"North Melbourne","2022",12
9,"Davies-Uniacke, Luke",16,6,9,25,1,1,0,3,2,6,5,2,3,1,0,13,13,1,1,2,0,0,80,-62,"North Melbourne","2022",12
22,"Goldstein, Todd",2,1,9,11,1,0,27,2,1,1,4,1,0,0,0,7,4,1,1,5,0,1,86,-62,"North Melbourne","2022",12
18,"Greenwood, Hugh",15,1,6,21,0,0,0,8,0,3,5,5,0,2,0,16,4,0,0,3,0,1,80,-62,"North Melbourne","2022",12
37,"Hayden, Kyron",6,1,3,9,0,0,0,2,2,0,1,3,4,0,0,5,4,0,0,2,0,0,66,-62,"North Melbourne","2022",12
6,"Horne-Francis, Jason",10,2,5,15,1,0,0,4,1,2,3,6,1,2,0,6,8,0,0,1,0,0,72,-62,"North Melbourne","2022",12
20,"Larkey, Nick",7,3,7,14,1,0,0,0,0,1,0,2,2,1,0,7,7,1,1,5,0,0,93,-62,"North Melbourne","2022",12
11,"McDonald, Luke",16,3,4,20,0,0,0,3,11,0,1,5,0,1,0,6,7,0,0,8,0,0,89,-62,"North Melbourne","2022",12
0,"McKay, Ben",2,2,1,3,0,0,0,0,1,0,0,1,0,0,0,1,2,0,0,3,1,0,37,-62,"North Melbourne","2022",12
39,"Perez, Flynn",9,1,6,15,0,0,0,2,5,2,4,8,1,2,0,10,7,0,0,1,0,1,87,-62,"North Melbourne","2022",12
24,"Powell, Tom",9,2,5,14,0,0,0,4,3,3,5,4,0,0,0,6,7,0,1,0,0,0,68,-62,"North Melbourne","2022",12
8,"Scott, Bailey",11,1,3,14,0,0,0,3,7,0,0,1,0,0,0,4,4,0,0,2,0,0,91,-62,"North Melbourne","2022",12
12,"Simpkin, Jy",15,3,5,20,1,0,0,6,3,2,7,5,0,2,0,9,9,0,1,3,0,0,92,-62,"North Melbourne","2022",12
5,"Taylor, Curtis",10,1,2,12,0,0,0,2,2,4,0,4,1,1,0,6,6,0,0,2,0,0,79,-62,"North Melbourne","2022",12
26,"Thomas, Tarryn",15,1,4,19,0,0,0,5,0,4,5,4,3,1,0,11,9,1,0,0,0,0,76,-62,"North Melbourne","2022",12
28,"Turner, Kayne",3,1,0,3,0,0,0,0,0,2,0,2,0,0,0,2,2,0,0,1,0,0,85,-62,"North Melbourne","2022",12
19,"Walker, Josh",6,4,3,9,0,0,0,2,4,1,0,4,0,2,0,6,1,4,0,8,0,0,96,-62,"North Melbourne","2022",12
38,"Xerri, Tristan",2,0,2,4,0,0,24,4,2,0,0,4,0,0,0,2,2,0,0,4,0,0,72,-62,"North Melbourne","2022",12
17,"Young, Lachie",5,1,3,8,0,0,0,1,2,0,1,3,2,1,0,6,3,0,0,8,0,0,88,-62,"North Melbourne","2022",12
7,"Ziebell, Jack",9,2,3,12,1,0,0,4,0,0,1,10,1,5,0,6,5,0,0,2,0,0,72,-62,"North Melbourne","2022",12
