"Number","Player","Kicks","Marks","Handballs","Disposals","Goals","Behinds","Hitouts","Tackles","Rebounds50s","Inside50s","Clearances","Clangers","FreesFor","FreesAgainst","BrownlowVotes","ContestedPossessions","UncontestedPossessions","ContestedMarks","MarksInside50","OnePercenters","Bounces","GoalAssists","PercentagePlayed","PointDifference","Team","Season","Round"
27,"Darling, Jack",10,4,2,12,1,1,0,3,0,3,0,3,4,1,0,11,3,4,2,5,0,1,85,-55,"West Coast","2022",3
41,"Dixon, Hugh",6,2,4,10,0,1,7,4,0,2,4,1,3,0,0,8,3,1,0,5,0,0,77,-55,"West Coast","2022",3
42,"Edwards, Harry",7,2,0,7,0,0,0,0,2,0,0,5,0,3,0,2,6,0,0,3,0,0,95,-55,"West Coast","2022",3
16,"Edwards, Luke",8,3,3,11,0,0,0,2,0,0,1,3,0,2,0,2,11,0,0,1,0,0,68,-55,"West Coast","2022",3
29,"Foley, Luke",9,3,5,14,0,0,0,2,3,2,2,3,2,0,0,6,7,0,0,1,0,0,90,-55,"West Coast","2022",3
3,"Gaff, Andrew",12,5,13,25,0,0,0,5,1,1,1,2,1,0,0,5,20,0,0,2,0,0,80,-55,"West Coast","2022",3
19,"Hough, Brady",5,1,7,12,0,0,0,1,3,1,1,0,1,0,0,1,11,0,0,0,0,0,83,-55,"West Coast","2022",3
25,"Hurn, Shannon",20,12,7,27,0,0,0,1,6,3,0,2,2,0,0,11,11,2,0,1,1,0,72,-55,"West Coast","2022",3
0,"Jones, Jamaine",5,1,4,9,0,0,0,3,0,3,2,4,2,1,0,4,8,0,0,1,0,0,69,-55,"West Coast","2022",3
17,"Kennedy, Josh",7,4,2,9,2,1,0,3,0,3,0,3,2,3,0,5,4,1,3,1,0,0,90,-55,"West Coast","2022",3
7,"Langdon, Zac",5,2,3,8,0,0,0,3,1,2,1,0,1,0,0,6,2,1,0,0,0,1,90,-55,"West Coast","2022",3
20,"McGovern, Jeremy",18,11,3,21,0,0,0,0,8,3,1,2,1,1,0,9,11,4,0,12,0,0,88,-55,"West Coast","2022",3
28,"Naish, Patrick",16,3,6,22,0,0,0,5,3,5,1,4,1,0,0,9,11,0,0,0,0,0,83,-55,"West Coast","2022",3
9,"Naitanui, Nic",4,0,11,15,1,0,34,0,0,2,7,5,1,3,0,18,2,0,0,2,0,0,66,-55,"West Coast","2022",3
30,"Nelson, Jackson",13,5,3,16,1,0,0,3,0,2,2,4,3,0,0,4,11,0,0,4,0,0,92,-55,"West Coast","2022",3
10,"Petrevski-Seton, Sam",2,0,6,8,0,0,0,5,0,1,0,1,1,1,0,4,4,0,0,0,0,0,82,-55,"West Coast","2022",3
21,"Petruccelle, Jack",8,4,3,11,1,0,0,3,0,5,0,0,1,0,0,2,9,0,0,1,0,1,80,-55,"West Coast","2022",3
8,"Redden, Jack",9,4,12,21,0,0,0,1,2,1,4,3,2,0,0,8,14,0,0,1,0,0,80,-55,"West Coast","2022",3
35,"Rotham, Josh",8,7,5,13,0,0,0,1,3,2,0,2,0,1,0,0,12,0,0,6,0,0,89,-55,"West Coast","2022",3
1,"Ryan, Liam",9,4,2,11,1,0,0,1,0,3,0,10,0,4,0,7,4,2,1,1,0,0,73,-55,"West Coast","2022",3
0,"Waterman, Jake",0,0,0,0,0,0,0,0,0,0,0,0,0,0,0,0,0,0,0,0,0,0,9,-55,"West Coast","2022",3
36,"West, Connor",4,1,4,8,0,0,0,7,0,2,2,2,0,1,0,5,2,0,0,0,0,0,72,-55,"West Coast","2022",3
23,"Witherden, Alex",16,8,7,23,0,0,0,2,7,0,0,3,1,1,0,6,17,0,0,4,0,0,85,-55,"West Coast","2022",3
9,"Acres, Blake",16,10,6,22,1,0,0,5,0,5,1,3,0,2,0,6,17,1,1,2,0,1,83,55,"Fremantle","2022",3
11,"Aish, James",14,3,6,20,0,0,0,3,7,3,4,5,3,2,0,10,12,0,0,2,1,0,89,55,"Fremantle","2022",3
0,"Banfield, Bailey",6,6,1,7,1,1,0,0,0,1,0,0,0,0,0,2,6,0,2,1,1,1,42,55,"Fremantle","2022",3
8,"Brayshaw, Andrew",15,3,11,26,0,2,0,5,1,6,1,3,0,1,2,4,22,0,1,0,0,1,82,55,"Fremantle","2022",3
17,"Brodie, Will",6,3,17,23,0,0,0,5,1,4,8,6,2,2,1,17,7,0,0,3,0,0,83,55,"Fremantle","2022",3
27,"Chapman, Heath",16,8,7,23,0,0,0,0,7,1,0,2,1,1,0,5,17,0,0,2,0,0,84,55,"Fremantle","2022",3
6,"Clark, Jordan",15,7,6,21,0,0,0,3,4,2,0,4,0,1,0,4,16,0,0,2,1,1,87,55,"Fremantle","2022",3
33,"Colyer, Travis",11,7,3,14,1,0,0,4,0,4,0,2,1,1,0,4,11,0,1,3,0,1,82,55,"Fremantle","2022",3
36,"Cox, Brennan",11,7,3,14,0,0,0,2,4,0,0,1,0,1,0,3,9,2,0,12,0,0,87,55,"Fremantle","2022",3
28,"Erasmus, Neil",9,4,9,18,0,1,0,2,0,1,2,2,0,0,0,5,13,0,0,0,0,0,77,55,"Fremantle","2022",3
32,"Frederick, Michael",10,5,3,13,2,1,0,3,0,5,0,3,1,2,0,6,9,1,2,1,0,1,86,55,"Fremantle","2022",3
37,"Lobb, Rory",5,3,3,8,2,1,6,2,0,1,1,2,1,1,0,2,6,0,2,5,0,0,100,55,"Fremantle","2022",3
22,"Meek, Lloyd",7,2,6,13,0,0,12,2,2,2,4,2,3,2,0,8,5,0,0,6,0,0,85,55,"Fremantle","2022",3
30,"ODriscoll, Nathan",9,4,3,12,1,1,0,2,1,3,0,2,0,0,0,2,10,0,0,2,0,0,67,55,"Fremantle","2022",3
25,"Pearce, Alex",6,3,1,7,0,0,0,1,2,0,0,3,3,2,0,2,5,0,0,1,0,0,64,55,"Fremantle","2022",3
13,"Ryan, Luke",15,8,5,20,0,0,0,1,5,1,0,5,0,2,0,3,12,0,0,6,0,0,88,55,"Fremantle","2022",3
5,"Schultz, Lachie",11,8,12,23,2,0,0,3,0,3,0,4,0,2,3,6,16,0,2,1,0,3,83,55,"Fremantle","2022",3
39,"Switkowski, Sam",9,0,10,19,1,0,0,1,0,5,4,2,0,0,0,5,10,0,0,4,2,0,76,55,"Fremantle","2022",3
20,"Taberner, Matthew",9,9,2,11,3,1,0,0,0,4,0,3,1,2,0,5,7,3,3,1,0,0,68,55,"Fremantle","2022",3
0,"Tucker, Darcy",7,4,6,13,0,0,0,2,0,0,5,3,2,1,0,8,6,0,0,0,0,0,32,55,"Fremantle","2022",3
31,"Walker, Brandon",11,4,4,15,0,0,0,4,1,1,2,3,3,1,0,8,10,0,0,4,0,0,75,55,"Fremantle","2022",3
10,"Walters, Michael",10,2,7,17,1,2,0,1,0,2,4,6,1,1,0,8,8,0,1,2,0,2,90,55,"Fremantle","2022",3
26,"Young, Hayden",10,6,6,16,0,0,0,1,3,1,0,3,0,2,0,3,14,0,0,1,0,0,92,55,"Fremantle","2022",3
