"Number","Player","Kicks","Marks","Handballs","Disposals","Goals","Behinds","Hitouts","Tackles","Rebounds50s","Inside50s","Clearances","Clangers","FreesFor","FreesAgainst","BrownlowVotes","ContestedPossessions","UncontestedPossessions","ContestedMarks","MarksInside50","OnePercenters","Bounces","GoalAssists","PercentagePlayed","PointDifference","Team","Season","Round"
0,"Bonar, Aiden",3,1,5,8,0,0,0,0,0,0,0,1,0,0,0,4,3,0,0,2,0,0,57,15,"North Melbourne","2022",2
4,"Corr, Aidan",15,11,4,19,0,0,0,0,0,0,0,3,1,3,0,6,14,3,0,9,0,0,83,15,"North Melbourne","2022",2
0,"Davies-Uniacke, Luke",1,0,3,4,0,0,0,1,0,1,0,1,1,0,0,2,5,0,0,1,0,1,23,15,"North Melbourne","2022",2
22,"Goldstein, Todd",3,1,5,8,0,0,20,1,1,0,3,3,0,2,0,5,3,0,0,8,0,0,83,15,"North Melbourne","2022",2
18,"Greenwood, Hugh",18,2,11,29,0,0,0,10,1,4,9,5,1,1,2,16,12,0,1,0,0,2,87,15,"North Melbourne","2022",2
43,"Hall, Aaron",15,7,11,26,0,0,0,1,7,5,0,1,0,0,0,7,17,0,0,3,0,0,84,15,"North Melbourne","2022",2
6,"Horne-Francis, Jason",9,4,11,20,0,1,0,4,1,2,1,3,3,1,0,13,9,0,0,0,0,1,72,15,"North Melbourne","2022",2
20,"Larkey, Nick",11,7,5,16,6,3,0,1,1,1,0,1,3,0,3,7,8,3,6,2,0,0,93,15,"North Melbourne","2022",2
35,"Lazzaro, Charlie",2,4,4,6,0,0,0,4,0,0,0,2,1,2,0,3,4,1,0,1,0,0,79,15,"North Melbourne","2022",2
1,"Mahony, Jack",8,5,9,17,1,1,0,2,0,2,0,4,1,0,0,8,10,0,2,1,0,0,80,15,"North Melbourne","2022",2
11,"McDonald, Luke",14,4,6,20,0,0,0,2,6,4,0,6,1,3,0,6,13,1,0,3,0,0,90,15,"North Melbourne","2022",2
13,"Polec, Jared",16,7,3,19,0,1,0,2,1,1,2,4,1,0,0,3,16,0,0,0,1,0,82,15,"North Melbourne","2022",2
24,"Powell, Tom",10,4,10,20,0,0,0,4,2,3,3,3,1,1,0,7,14,0,0,2,0,0,74,15,"North Melbourne","2022",2
8,"Scott, Bailey",11,3,6,17,0,0,0,1,2,1,0,2,1,0,0,3,13,0,0,0,0,0,86,15,"North Melbourne","2022",2
12,"Simpkin, Jy",8,2,8,16,0,1,0,1,2,1,5,2,1,0,0,10,9,0,1,2,0,1,87,15,"North Melbourne","2022",2
5,"Taylor, Curtis",9,6,3,12,0,0,0,2,0,2,0,2,0,1,0,0,11,0,0,1,0,0,83,15,"North Melbourne","2022",2
26,"Thomas, Tarryn",5,4,5,10,1,0,0,2,1,2,2,3,1,1,0,3,8,1,0,0,2,0,38,15,"North Melbourne","2022",2
28,"Turner, Kayne",9,5,4,13,2,2,0,7,1,3,0,3,1,1,0,3,10,0,2,1,0,1,91,15,"North Melbourne","2022",2
19,"Walker, Josh",16,8,5,21,0,0,0,2,9,0,0,2,2,0,0,2,17,0,0,4,0,0,92,15,"North Melbourne","2022",2
38,"Xerri, Tristan",7,5,13,20,0,0,24,2,1,1,5,2,1,1,0,14,6,2,0,3,0,0,91,15,"North Melbourne","2022",2
17,"Young, Lachie",9,2,7,16,0,0,0,2,1,4,2,4,2,2,0,6,12,0,0,1,1,0,79,15,"North Melbourne","2022",2
7,"Ziebell, Jack",24,14,5,29,0,0,0,2,4,3,0,5,1,2,1,4,21,1,0,2,0,1,85,15,"North Melbourne","2022",2
44,"Zurhaar, Cameron",13,6,7,20,0,1,0,1,0,8,1,1,1,0,0,9,12,1,2,2,0,0,82,15,"North Melbourne","2022",2
0,"Ainsworth, Brayden",3,1,3,6,0,1,0,2,0,0,0,1,1,0,0,1,5,0,0,1,0,0,39,-15,"West Coast","2022",2
26,"Black, Aaron",11,4,4,15,1,0,0,2,0,3,4,0,0,0,0,5,9,0,0,0,0,0,75,-15,"West Coast","2022",2
27,"Darling, Jack",2,2,4,6,0,1,1,1,0,0,0,1,0,1,0,3,3,1,1,3,0,0,88,-15,"West Coast","2022",2
39,"Dewar, Angus",7,2,0,7,0,0,0,3,3,0,0,1,0,0,0,2,5,0,0,6,0,0,90,-15,"West Coast","2022",2
14,"Duggan, Liam",15,7,3,18,1,0,0,3,4,2,2,1,2,0,0,6,13,0,1,1,0,0,77,-15,"West Coast","2022",2
0,"Edwards, Luke",6,6,2,8,0,0,0,1,1,1,0,1,0,1,0,0,8,0,0,1,0,0,50,-15,"West Coast","2022",2
29,"Foley, Luke",11,9,3,14,0,0,0,5,2,0,1,6,0,4,0,2,15,0,0,2,0,0,93,-15,"West Coast","2022",2
22,"Giro, Stefan",5,4,4,9,0,0,0,0,0,3,0,2,2,0,0,3,7,0,0,0,0,0,92,-15,"West Coast","2022",2
25,"Hurn, Shannon",15,7,3,18,0,0,0,0,5,1,0,1,0,0,0,3,11,1,0,3,0,0,79,-15,"West Coast","2022",2
40,"Jamieson, Callum",1,2,3,4,0,0,0,0,1,0,0,2,0,1,0,2,2,0,0,5,0,0,74,-15,"West Coast","2022",2
11,"Kelly, Tim",10,3,8,18,0,0,0,6,2,5,5,8,0,1,0,10,8,0,0,1,2,0,82,-15,"West Coast","2022",2
20,"McGovern, Jeremy",14,9,4,18,0,0,0,1,6,3,0,1,1,0,0,7,10,2,0,10,0,0,91,-15,"West Coast","2022",2
31,"Mountford, Declan",7,1,5,12,1,0,0,2,1,4,3,1,1,0,0,8,3,0,0,1,0,0,79,-15,"West Coast","2022",2
36,"Naish, Patrick",13,8,8,21,0,0,0,4,3,1,2,2,0,1,0,7,15,0,0,2,1,0,93,-15,"West Coast","2022",2
24,"ONeill, Xavier",5,0,5,10,0,0,0,6,0,1,1,3,1,2,0,3,7,0,0,0,0,0,84,-15,"West Coast","2022",2
10,"Petrevski-Seton, Sam",10,5,9,19,0,0,0,8,0,2,0,4,0,1,0,8,10,0,0,3,0,0,78,-15,"West Coast","2022",2
21,"Petruccelle, Jack",6,1,4,10,0,2,0,0,0,1,2,4,2,2,0,5,5,0,1,1,0,1,80,-15,"West Coast","2022",2
44,"Rioli, Willie",13,4,5,18,4,0,0,2,1,3,3,6,1,3,0,10,9,1,2,2,0,0,76,-15,"West Coast","2022",2
1,"Ryan, Liam",15,6,2,17,0,3,0,1,0,8,0,3,5,1,0,7,11,0,3,0,0,1,77,-15,"West Coast","2022",2
13,"Shuey, Luke",12,4,11,23,0,1,0,9,2,4,8,4,2,2,0,12,9,0,0,0,1,1,69,-15,"West Coast","2022",2
32,"Williams, Bailey",6,1,3,9,1,0,11,4,0,4,2,1,3,1,0,7,1,1,0,3,0,0,75,-15,"West Coast","2022",2
34,"Williams, Jack",1,0,1,2,0,0,1,1,0,1,1,5,0,3,0,1,1,0,0,0,0,0,62,-15,"West Coast","2022",2
23,"Witherden, Alex",16,8,5,21,0,0,0,3,7,3,0,5,0,1,0,2,13,0,0,1,0,0,96,-15,"West Coast","2022",2
