"Number","Player","Kicks","Marks","Handballs","Disposals","Goals","Behinds","Hitouts","Tackles","Rebounds50s","Inside50s","Clearances","Clangers","FreesFor","FreesAgainst","BrownlowVotes","ContestedPossessions","UncontestedPossessions","ContestedMarks","MarksInside50","OnePercenters","Bounces","GoalAssists","PercentagePlayed","PointDifference","Team","Season","Round"
37,"Barrass, Tom",10,6,4,14,0,0,0,2,2,0,0,2,0,2,0,2,11,0,0,5,0,0,91,-101,"West Coast","2022",11
39,"Clark, Greg",9,2,5,14,0,0,0,4,4,3,1,1,3,0,0,9,6,0,0,0,0,0,74,-101,"West Coast","2022",11
15,"Cripps, Jamie",11,6,2,13,1,1,0,3,1,3,3,4,0,2,0,4,9,0,1,1,0,1,89,-101,"West Coast","2022",11
27,"Darling, Jack",11,8,3,14,4,0,0,2,0,1,0,3,2,2,0,8,6,3,5,3,0,0,95,-101,"West Coast","2022",11
14,"Duggan, Liam",8,6,4,12,0,0,0,2,1,1,1,0,0,0,0,4,10,0,0,3,0,0,81,-101,"West Coast","2022",11
42,"Edwards, Harry",7,7,2,9,0,0,0,1,2,0,0,0,0,0,0,4,5,2,0,7,0,0,83,-101,"West Coast","2022",11
3,"Gaff, Andrew",13,4,15,28,1,0,0,1,4,2,4,5,0,3,0,11,17,0,0,3,0,0,83,-101,"West Coast","2022",11
19,"Hough, Brady",15,11,8,23,0,0,0,1,3,0,0,3,1,0,0,5,18,0,0,1,0,0,88,-101,"West Coast","2022",11
40,"Jamieson, Callum",2,1,4,6,0,0,11,4,1,1,0,3,0,3,0,2,5,0,0,2,0,0,73,-101,"West Coast","2022",11
31,"Jones, Jamaine",9,1,2,11,0,0,0,0,2,0,0,3,0,1,0,2,10,0,0,0,0,0,74,-101,"West Coast","2022",11
11,"Kelly, Tim",18,6,20,38,1,0,0,5,0,9,11,4,1,3,0,19,21,0,0,0,0,1,81,-101,"West Coast","2022",11
17,"Kennedy, Josh",6,3,2,8,1,1,0,4,0,2,0,4,1,0,0,2,7,0,1,0,0,0,85,-101,"West Coast","2022",11
0,"McGovern, Jeremy",4,2,2,6,0,0,0,0,2,0,0,0,0,0,0,2,2,1,0,1,1,0,33,-101,"West Coast","2022",11
30,"Nelson, Jackson",15,4,8,23,0,0,0,4,3,1,0,3,1,1,0,3,17,0,0,1,0,0,90,-101,"West Coast","2022",11
10,"Petrevski-Seton, Sam",1,1,6,7,0,0,0,7,1,0,0,3,1,2,0,4,3,0,0,1,0,0,77,-101,"West Coast","2022",11
8,"Redden, Jack",12,9,8,20,0,0,0,5,1,3,2,1,2,1,0,7,14,0,0,1,0,0,77,-101,"West Coast","2022",11
0,"Rotham, Josh",8,2,0,8,0,0,0,1,5,1,0,2,1,1,0,3,7,0,0,4,0,0,53,-101,"West Coast","2022",11
13,"Shuey, Luke",10,4,7,17,0,1,0,5,0,4,4,1,0,1,0,5,11,0,0,0,0,1,68,-101,"West Coast","2022",11
2,"Waterman, Jake",5,4,1,6,0,0,0,2,1,0,0,0,1,0,0,2,5,0,0,2,0,0,82,-101,"West Coast","2022",11
36,"West, Connor",4,1,7,11,0,0,0,2,1,1,3,4,0,1,0,4,7,0,0,0,0,0,76,-101,"West Coast","2022",11
32,"Williams, Bailey",5,3,2,7,1,0,12,1,0,1,1,2,1,1,0,5,2,2,1,0,0,0,74,-101,"West Coast","2022",11
22,"Winder, Isiah",8,4,4,12,0,1,0,0,0,2,0,4,1,1,0,4,8,0,0,0,0,1,85,-101,"West Coast","2022",11
23,"Witherden, Alex",17,11,4,21,0,0,0,4,6,2,0,1,0,1,0,1,16,1,0,2,0,1,88,-101,"West Coast","2022",11
4,"Bontempelli, Marcus",11,4,10,21,1,2,0,2,0,7,5,3,2,1,0,14,7,2,3,1,1,1,84,101,"Western Bulldogs","2022",11
36,"Cleary, Luke",0,0,0,0,0,0,0,0,0,0,0,0,0,0,0,0,0,0,0,0,0,0,0,101,"Western Bulldogs","2022",11
31,"Dale, Bailey",20,2,8,28,1,0,0,0,5,5,0,3,1,1,0,8,19,0,0,0,4,0,81,101,"Western Bulldogs","2022",11
35,"Daniel, Caleb",17,4,9,26,0,0,0,2,5,3,0,1,1,1,0,3,18,0,0,0,4,2,83,101,"Western Bulldogs","2022",11
5,"Dunkley, Josh",10,12,15,25,2,0,0,7,1,3,2,0,3,0,1,5,20,0,2,1,0,2,85,101,"Western Bulldogs","2022",11
15,"Duryea, Taylor",14,7,5,19,1,0,0,3,0,5,1,2,1,0,0,6,13,1,0,2,0,0,84,101,"Western Bulldogs","2022",11
44,"English, Tim",14,4,11,25,1,1,28,4,0,6,7,0,5,0,3,14,8,2,1,4,1,1,80,101,"Western Bulldogs","2022",11
43,"Gardner, Ryan",6,4,9,15,0,0,0,2,4,1,0,4,0,3,0,5,10,0,0,8,0,0,93,101,"Western Bulldogs","2022",11
42,"Keath, Alex",7,5,6,13,2,0,0,1,2,2,0,2,0,1,0,4,10,1,0,2,1,0,91,101,"Western Bulldogs","2022",11
24,"Khamis, Buku",6,3,2,8,1,2,0,3,0,0,0,4,2,1,0,3,4,0,2,1,0,0,64,101,"Western Bulldogs","2022",11
21,"Liberatore, Tom",6,1,14,20,1,0,0,7,1,1,10,3,1,1,0,15,8,0,0,3,0,2,85,101,"Western Bulldogs","2022",11
11,"Macrae, Jack",13,4,17,30,0,0,0,6,1,7,5,4,1,1,0,7,23,0,0,3,0,3,77,101,"Western Bulldogs","2022",11
27,"McComb, Robbie",6,2,8,14,1,0,0,2,0,3,0,0,1,0,0,5,9,0,0,1,0,1,82,101,"Western Bulldogs","2022",11
30,"McNeil, Lachlan",10,6,4,14,2,0,0,4,0,4,0,1,1,1,0,2,13,1,1,0,0,0,76,101,"Western Bulldogs","2022",11
33,"Naughton, Aaron",8,3,3,11,4,1,0,3,0,2,0,4,1,1,0,4,8,1,3,1,0,0,84,101,"Western Bulldogs","2022",11
22,"OBrien, Tim",9,7,2,11,0,0,0,2,3,1,0,0,0,0,0,0,11,0,0,6,0,0,83,101,"Western Bulldogs","2022",11
20,"Richards, Ed",11,2,5,16,0,0,0,1,3,5,0,2,1,0,0,4,11,0,0,3,2,0,84,101,"Western Bulldogs","2022",11
28,"Scott, Anthony",6,2,7,13,1,0,0,4,1,1,3,1,2,1,0,8,6,0,0,1,0,1,79,101,"Western Bulldogs","2022",11
41,"Sweet, Jordon",1,1,5,6,0,0,16,2,0,0,0,1,0,1,0,1,5,0,0,1,0,0,71,101,"Western Bulldogs","2022",11
1,"Treloar, Adam",16,9,19,35,1,2,0,2,0,7,4,4,0,0,2,13,21,0,2,1,0,0,87,101,"Western Bulldogs","2022",11
19,"Weightman, Cody",9,5,3,12,2,1,0,0,1,0,1,2,0,0,0,6,6,3,4,1,0,0,80,101,"Western Bulldogs","2022",11
14,"West, Rhylee",5,4,8,13,2,0,0,1,0,1,1,3,0,2,0,6,9,0,2,1,0,3,80,101,"Western Bulldogs","2022",11
34,"Williams, Bailey",13,2,10,23,2,0,0,2,1,4,2,1,3,0,0,6,16,0,0,0,0,1,86,101,"Western Bulldogs","2022",11
