"Number","Player","Kicks","Marks","Handballs","Disposals","Goals","Behinds","Hitouts","Tackles","Rebounds50s","Inside50s","Clearances","Clangers","FreesFor","FreesAgainst","BrownlowVotes","ContestedPossessions","UncontestedPossessions","ContestedMarks","MarksInside50","OnePercenters","Bounces","GoalAssists","PercentagePlayed","PointDifference","Team","Season","Round"
6,"Caldwell, Jye",10,2,13,23,1,0,0,1,3,4,3,2,0,1,0,9,14,0,0,1,0,2,73,4,"Essendon","2022",4
2,"Draper, Sam",5,3,6,11,1,0,18,1,0,3,4,5,3,3,0,7,5,1,0,4,0,0,71,4,"Essendon","2022",4
22,"Durham, Sam",9,7,9,18,1,1,0,1,0,0,1,3,1,2,0,4,16,0,2,0,2,1,78,4,"Essendon","2022",4
35,"Guelfi, Matt",10,2,11,21,1,1,0,2,1,6,2,8,2,3,0,9,9,0,0,1,1,1,85,4,"Essendon","2022",4
33,"Ham, Brayden",5,2,2,7,0,0,0,0,2,1,0,1,0,0,0,3,4,0,0,0,0,0,84,4,"Essendon","2022",4
21,"Heppell, Dyson",15,7,10,25,0,0,0,2,5,3,0,3,2,1,0,9,15,1,0,3,1,0,77,4,"Essendon","2022",4
19,"Hind, Nick",20,8,4,24,0,0,0,2,4,4,1,3,0,0,0,6,17,0,0,0,3,1,80,4,"Essendon","2022",4
29,"Kelly, Jake",9,8,1,10,0,0,0,1,1,0,0,3,1,1,0,4,6,3,0,6,0,0,100,4,"Essendon","2022",4
15,"Laverde, Jayden",9,9,7,16,0,0,0,0,5,1,0,1,0,1,0,2,14,0,0,6,0,0,88,4,"Essendon","2022",4
37,"Martin, Nic",12,2,10,22,1,1,0,1,2,5,3,1,0,0,0,6,15,0,0,1,0,2,90,4,"Essendon","2022",4
1,"McGrath, Andrew",13,4,12,25,0,0,0,7,1,4,4,3,3,1,0,10,15,0,1,0,2,1,86,4,"Essendon","2022",4
3,"Parish, Darcy",14,3,24,38,0,0,0,3,1,5,8,5,1,0,3,17,22,0,0,3,0,1,78,4,"Essendon","2022",4
16,"Perkins, Archie",7,2,3,10,2,1,0,3,0,2,3,4,1,2,0,3,5,0,1,0,0,0,86,4,"Essendon","2022",4
34,"Phillips, Andrew",5,2,3,8,1,0,26,3,0,2,0,3,2,3,0,7,2,2,1,3,0,0,76,4,"Essendon","2022",4
27,"Redman, Mason",16,5,3,19,1,0,0,4,4,7,1,3,2,0,0,7,10,0,0,3,1,0,79,4,"Essendon","2022",4
14,"Ridley, Jordan",14,6,4,18,0,0,0,1,6,2,1,3,0,1,0,4,10,0,0,2,0,0,86,4,"Essendon","2022",4
9,"Shiel, Dylan",12,4,9,21,0,1,0,3,0,6,6,3,3,2,0,6,14,0,0,0,0,2,73,4,"Essendon","2022",4
0,"Smith, Devon",7,2,5,12,1,1,0,4,0,2,1,3,1,1,0,8,4,1,1,0,1,2,45,4,"Essendon","2022",4
0,"Snelling, Will",3,2,2,5,0,0,0,3,0,1,1,1,0,0,0,3,2,0,0,2,0,0,34,4,"Essendon","2022",4
40,"Wanganeen, Tex",2,1,0,2,0,0,0,3,0,0,0,2,0,0,0,0,2,0,0,1,0,0,66,4,"Essendon","2022",4
45,"Waterman, Alec",7,5,3,10,2,1,0,1,0,2,0,2,0,2,0,4,6,1,3,1,0,0,79,4,"Essendon","2022",4
20,"Wright, Peter",10,9,0,10,3,2,0,1,0,3,0,1,1,1,0,5,7,3,5,5,0,0,97,4,"Essendon","2022",4
30,"Zerk-Thatcher, Brandon",7,5,3,10,0,0,0,0,2,2,0,2,1,1,0,3,8,0,0,8,0,0,91,4,"Essendon","2022",4
16,"Brown, Luke",5,2,11,16,0,0,0,2,1,1,1,3,1,1,0,7,7,0,0,0,2,0,90,-4,"Adelaide","2022",4
41,"Butts, Jordon",6,3,4,10,0,0,0,0,3,0,0,1,3,1,0,8,3,1,0,5,0,0,88,-4,"Adelaide","2022",4
0,"Cook, Brayden",6,1,1,7,0,0,0,0,0,2,1,3,2,1,0,3,5,0,0,0,0,0,21,-4,"Adelaide","2022",4
5,"Crouch, Matt",9,3,17,26,0,0,0,1,3,2,5,5,1,3,0,12,13,0,0,0,0,1,64,-4,"Adelaide","2022",4
12,"Dawson, Jordan",15,7,12,27,0,0,0,1,5,5,0,9,0,3,0,10,18,1,0,3,2,0,84,-4,"Adelaide","2022",4
39,"Doedee, Tom",13,5,5,18,0,0,0,1,5,0,0,3,2,0,0,8,9,0,0,8,0,0,90,-4,"Adelaide","2022",4
22,"Frampton, Billy",9,3,7,16,0,0,0,0,7,2,0,2,2,0,0,6,9,0,0,6,0,0,90,-4,"Adelaide","2022",4
44,"Gollant, Lachlan",4,3,2,6,1,2,0,0,0,0,0,0,1,0,0,5,1,2,3,1,0,0,84,-4,"Adelaide","2022",4
34,"Himmelberg, Elliott",6,4,4,10,2,0,0,0,0,2,1,3,1,2,0,7,5,1,2,5,0,1,90,-4,"Adelaide","2022",4
0,"Hinge, Mitch",8,1,2,10,0,0,0,0,2,2,1,2,0,1,0,3,6,0,0,1,0,1,54,-4,"Adelaide","2022",4
1,"Jones, Chayce",9,3,6,15,0,0,0,3,1,1,2,1,1,0,0,4,8,0,0,4,0,0,80,-4,"Adelaide","2022",4
2,"Keays, Ben",19,3,8,27,1,0,0,12,3,5,5,7,1,1,2,11,17,0,0,1,0,0,86,-4,"Adelaide","2022",4
29,"Laird, Rory",14,8,24,38,0,0,0,3,4,4,8,5,3,2,0,15,25,0,0,2,0,2,77,-4,"Adelaide","2022",4
25,"McHenry, Ned",5,2,9,14,1,0,0,3,1,1,0,3,1,1,0,6,8,0,0,1,0,0,90,-4,"Adelaide","2022",4
4,"Murphy, Lachlan",7,4,5,12,0,1,0,2,0,3,0,1,0,1,0,3,10,1,0,3,0,2,82,-4,"Adelaide","2022",4
43,"OBrien, Reilly",4,2,4,8,0,0,25,3,0,3,2,4,2,3,0,7,2,1,0,3,0,0,90,-4,"Adelaide","2022",4
8,"Rachele, Josh",13,9,6,19,3,1,0,1,1,2,0,3,0,0,0,8,10,0,2,0,1,1,82,-4,"Adelaide","2022",4
31,"Rowe, James",6,3,4,10,2,0,0,1,1,3,1,3,2,1,0,3,7,0,0,0,0,1,69,-4,"Adelaide","2022",4
26,"Schoenberg, Harry",7,1,7,14,0,1,0,3,2,3,2,4,1,1,0,6,8,0,0,0,0,0,60,-4,"Adelaide","2022",4
38,"Sholl, Lachlan",15,2,5,20,1,0,0,1,3,3,5,0,0,0,0,6,14,0,0,1,0,0,83,-4,"Adelaide","2022",4
9,"Sloane, Rory",9,2,8,17,0,1,0,6,3,1,4,6,1,1,0,7,10,0,0,4,0,0,78,-4,"Adelaide","2022",4
33,"Smith, Brodie",10,4,5,15,0,0,0,1,5,1,1,3,0,0,0,2,10,0,0,3,0,0,86,-4,"Adelaide","2022",4
13,"Walker, Taylor",12,6,6,18,4,0,0,1,0,7,1,6,1,1,1,10,7,1,0,2,0,1,83,-4,"Adelaide","2022",4
