"Number","Player","Kicks","Marks","Handballs","Disposals","Goals","Behinds","Hitouts","Tackles","Rebounds50s","Inside50s","Clearances","Clangers","FreesFor","FreesAgainst","BrownlowVotes","ContestedPossessions","UncontestedPossessions","ContestedMarks","MarksInside50","OnePercenters","Bounces","GoalAssists","PercentagePlayed","PointDifference","Team","Season","Round"
21,"Aliir, Aliir",4,3,2,6,0,0,0,2,3,0,1,0,0,0,0,2,4,0,0,8,0,0,84,84,"Port Adelaide","2022",6
15,"Amon, Karl",18,3,7,25,1,0,0,4,1,8,2,6,1,1,0,5,18,0,1,2,0,0,84,84,"Port Adelaide","2022",6
10,"Boak, Travis",10,4,24,34,0,2,0,6,0,6,9,3,1,0,0,13,21,0,1,1,0,2,84,84,"Port Adelaide","2022",6
26,"Bonner, Riley",15,8,4,19,0,1,0,2,4,3,0,3,0,2,0,0,16,0,0,1,0,0,82,84,"Port Adelaide","2022",6
3,"Burton, Ryan",15,4,4,19,0,0,0,0,6,1,1,6,0,0,0,3,12,0,0,1,1,0,86,84,"Port Adelaide","2022",6
18,"Butters, Zak",6,1,5,11,0,0,0,1,0,2,3,1,2,1,0,7,4,0,0,0,0,1,67,84,"Port Adelaide","2022",6
33,"Byrne-Jones, Darcy",8,1,13,21,0,0,0,3,1,1,0,1,1,0,0,7,14,0,0,1,0,0,78,84,"Port Adelaide","2022",6
17,"Clurey, Tom",9,6,0,9,0,0,0,0,2,0,0,0,1,0,0,3,6,1,0,5,1,0,98,84,"Port Adelaide","2022",6
28,"Drew, Willem",8,5,18,26,0,0,0,10,1,2,6,5,1,2,0,13,14,0,1,3,0,2,73,84,"Port Adelaide","2022",6
43,"Dumont, Trent",4,3,9,13,0,0,0,2,1,1,2,0,0,0,0,5,8,0,0,3,0,1,79,84,"Port Adelaide","2022",6
24,"Farrell, Kane",11,3,6,17,1,0,0,3,1,6,2,1,1,0,0,4,14,0,0,3,0,1,82,84,"Port Adelaide","2022",6
11,"Finlayson, Jeremy",12,6,7,19,5,2,2,3,0,1,0,1,2,0,0,8,10,1,4,1,0,2,80,84,"Port Adelaide","2022",6
19,"Georgiades, Mitch",9,8,8,17,1,1,0,2,0,2,0,5,1,1,0,6,12,2,3,2,0,0,84,84,"Port Adelaide","2022",6
0,"Gray, Robbie",1,0,2,3,1,0,0,2,0,0,0,2,0,0,0,2,1,0,0,0,0,0,56,84,"Port Adelaide","2022",6
25,"Hayes, Sam",4,2,7,11,0,0,47,0,0,2,1,3,1,1,0,7,5,0,0,1,0,0,83,84,"Port Adelaide","2022",6
5,"Houston, Dan",25,6,8,33,1,1,0,4,5,5,3,7,2,0,0,14,17,2,0,4,0,0,75,84,"Port Adelaide","2022",6
1,"Jonas, Tom",8,5,3,11,0,0,0,1,1,0,1,1,3,1,0,6,5,0,0,4,0,0,95,84,"Port Adelaide","2022",6
0,"Jones, Lachie",1,0,3,4,0,0,0,2,0,1,0,2,0,0,0,2,2,0,0,1,0,0,34,84,"Port Adelaide","2022",6
4,"Marshall, Todd",12,11,2,14,5,1,4,7,0,2,0,2,1,0,1,5,9,2,5,2,0,0,79,84,"Port Adelaide","2022",6
6,"Motlop, Steven",6,4,4,10,1,0,0,5,0,2,0,2,0,1,0,5,7,1,1,1,0,2,78,84,"Port Adelaide","2022",6
2,"Powell-Pepper, Sam",13,9,4,17,1,0,1,8,0,5,0,6,1,1,0,2,15,1,3,0,0,1,81,84,"Port Adelaide","2022",6
20,"Rozee, Connor",13,7,18,31,0,0,0,5,0,5,8,3,3,0,2,15,17,0,0,1,0,2,83,84,"Port Adelaide","2022",6
16,"Wines, Ollie",19,6,14,33,1,0,0,3,3,10,6,7,0,1,3,13,22,0,0,2,0,0,74,84,"Port Adelaide","2022",6
37,"Barrass, Tom",8,6,9,17,0,0,2,1,3,0,4,4,0,2,0,10,8,2,0,5,0,0,82,-84,"West Coast","2022",6
15,"Cripps, Jamie",7,5,2,9,1,0,0,2,0,3,0,0,0,0,0,3,7,0,1,3,0,0,80,-84,"West Coast","2022",6
27,"Darling, Jack",9,7,5,14,1,2,0,2,0,0,0,3,1,1,0,7,7,2,2,4,0,1,97,-84,"West Coast","2022",6
14,"Duggan, Liam",10,5,7,17,0,0,0,0,2,2,1,2,1,0,0,4,13,0,0,0,0,0,78,-84,"West Coast","2022",6
42,"Edwards, Harry",5,5,4,9,0,0,0,2,3,0,0,0,0,0,0,3,6,1,0,4,0,0,95,-84,"West Coast","2022",6
29,"Foley, Luke",4,1,3,7,0,0,0,1,1,0,0,0,0,0,0,3,3,0,0,1,0,0,82,-84,"West Coast","2022",6
25,"Hurn, Shannon",20,10,4,24,0,0,0,4,5,2,0,4,0,2,0,3,18,1,0,3,0,0,78,-84,"West Coast","2022",6
11,"Kelly, Tim",18,7,13,31,0,1,0,3,4,8,6,9,2,1,0,12,18,0,1,1,2,0,83,-84,"West Coast","2022",6
17,"Kennedy, Josh",5,3,2,7,1,2,0,0,0,2,0,2,0,2,0,2,5,1,2,1,0,0,80,-84,"West Coast","2022",6
0,"Langdon, Zac",2,0,4,6,0,1,0,3,0,1,0,1,1,0,0,4,2,0,0,0,0,0,49,-84,"West Coast","2022",6
28,"Naish, Patrick",11,8,9,20,0,0,0,1,2,4,0,3,0,1,0,1,19,0,0,0,0,0,85,-84,"West Coast","2022",6
30,"Nelson, Jackson",5,2,9,14,0,0,0,2,1,0,1,2,0,1,0,5,8,0,0,2,0,0,93,-84,"West Coast","2022",6
24,"ONeill, Xavier",6,0,8,14,0,0,0,3,3,0,2,1,0,1,0,5,8,0,0,0,0,0,81,-84,"West Coast","2022",6
8,"Redden, Jack",4,2,8,12,0,0,0,4,1,0,2,1,0,1,0,5,7,1,0,1,0,0,83,-84,"West Coast","2022",6
44,"Rioli, Willie",5,1,3,8,0,0,0,1,1,0,5,1,0,1,0,6,2,0,0,2,0,0,75,-84,"West Coast","2022",6
1,"Ryan, Liam",7,3,2,9,1,1,0,2,0,1,1,1,1,0,0,2,6,0,1,1,0,2,75,-84,"West Coast","2022",6
13,"Shuey, Luke",15,1,7,22,0,0,0,8,5,1,6,6,4,5,0,11,13,0,0,1,2,0,71,-84,"West Coast","2022",6
34,"Strnadica, Luke",7,3,4,11,0,1,9,3,1,3,0,2,1,1,0,2,9,1,0,0,0,1,79,-84,"West Coast","2022",6
2,"Waterman, Jake",8,4,4,12,0,0,0,4,1,2,0,3,0,1,0,4,8,0,0,2,0,0,82,-84,"West Coast","2022",6
36,"West, Connor",8,3,9,17,0,0,0,5,1,3,3,2,1,0,0,7,10,1,0,0,0,0,76,-84,"West Coast","2022",6
32,"Williams, Bailey",6,2,3,9,0,0,17,3,1,1,0,2,0,1,0,2,8,1,1,0,0,0,73,-84,"West Coast","2022",6
23,"Witherden, Alex",24,7,10,34,0,0,0,1,11,0,1,2,0,0,0,9,16,0,0,1,0,0,91,-84,"West Coast","2022",6
0,"Yeo, Elliot",1,0,3,4,0,0,0,3,0,1,1,1,0,1,0,3,1,0,0,0,0,0,29,-84,"West Coast","2022",6
