"Number","Player","Kicks","Marks","Handballs","Disposals","Goals","Behinds","Hitouts","Tackles","Rebounds50s","Inside50s","Clearances","Clangers","FreesFor","FreesAgainst","BrownlowVotes","ContestedPossessions","UncontestedPossessions","ContestedMarks","MarksInside50","OnePercenters","Bounces","GoalAssists","PercentagePlayed","PointDifference","Team","Season","Round"
37,"Barrass, Tom",17,8,9,26,0,0,0,0,4,2,0,3,2,0,0,13,13,3,0,11,0,0,97,-28,"West Coast","2022",19
33,"Bazzo, Rhett",8,4,8,16,0,0,0,2,2,0,0,2,0,0,0,4,13,0,0,2,0,0,82,-28,"West Coast","2022",19
15,"Cripps, Jamie",8,1,5,13,0,0,0,4,0,3,5,2,2,1,0,9,4,0,0,0,0,1,86,-28,"West Coast","2022",19
49,"Culley, Jai",11,4,8,19,1,0,0,7,1,3,3,5,1,3,0,8,9,0,1,0,0,1,74,-28,"West Coast","2022",19
27,"Darling, Jack",6,3,2,8,2,1,1,3,2,1,0,4,2,2,0,4,5,0,2,1,0,0,100,-28,"West Coast","2022",19
14,"Duggan, Liam",17,10,7,24,0,0,0,2,4,4,0,4,1,1,0,8,16,0,0,2,1,0,81,-28,"West Coast","2022",19
42,"Edwards, Harry",12,9,2,14,0,0,0,0,2,1,1,4,1,2,0,4,11,0,0,4,0,0,92,-28,"West Coast","2022",19
29,"Foley, Luke",4,2,1,5,0,0,0,1,0,1,1,1,2,0,0,4,2,0,0,1,0,0,82,-28,"West Coast","2022",19
3,"Gaff, Andrew",9,2,8,17,0,0,0,6,0,3,6,2,0,1,0,9,8,0,0,1,0,0,83,-28,"West Coast","2022",19
19,"Hough, Brady",10,6,4,14,0,0,0,0,1,5,0,3,0,0,0,2,12,0,0,0,0,1,77,-28,"West Coast","2022",19
25,"Hurn, Shannon",14,5,3,17,0,0,0,2,5,1,0,0,1,0,0,3,11,1,0,0,0,0,83,-28,"West Coast","2022",19
31,"Jones, Jamaine",11,6,8,19,0,0,0,4,0,5,0,1,0,0,0,6,13,0,0,0,1,1,81,-28,"West Coast","2022",19
11,"Kelly, Tim",2,1,2,4,0,0,0,3,0,0,2,5,1,3,0,3,1,1,0,2,0,0,84,-28,"West Coast","2022",19
17,"Kennedy, Josh",7,6,3,10,2,0,0,2,1,1,0,1,1,0,0,4,7,1,2,1,0,0,88,-28,"West Coast","2022",19
24,"ONeill, Xavier",6,0,3,9,0,0,0,5,0,3,3,2,1,2,0,7,3,0,0,0,0,0,71,-28,"West Coast","2022",19
8,"Redden, Jack",9,8,16,25,0,0,0,8,2,1,4,1,0,0,0,7,18,0,0,1,0,0,84,-28,"West Coast","2022",19
35,"Rotham, Josh",10,7,4,14,2,0,8,2,2,2,0,0,1,0,0,4,11,0,2,2,0,0,67,-28,"West Coast","2022",19
1,"Ryan, Liam",13,7,0,13,1,0,0,2,0,3,1,5,1,2,0,5,9,0,1,1,0,1,81,-28,"West Coast","2022",19
13,"Shuey, Luke",12,2,6,18,0,0,0,6,2,1,5,2,1,0,0,7,10,0,0,5,0,0,71,-28,"West Coast","2022",19
2,"Waterman, Jake",5,3,1,6,1,1,0,2,0,2,0,1,1,1,0,2,4,1,1,2,0,0,82,-28,"West Coast","2022",19
36,"West, Connor",0,0,0,0,0,0,0,0,0,0,0,0,0,0,0,0,0,0,0,0,0,0,0,-28,"West Coast","2022",19
32,"Williams, Bailey",13,3,5,18,1,0,22,5,2,2,11,6,5,1,0,13,3,2,1,1,0,0,70,-28,"West Coast","2022",19
23,"Witherden, Alex",15,7,4,19,0,0,0,1,7,2,0,3,2,0,0,5,13,0,0,2,0,0,84,-28,"West Coast","2022",19
26,"Battle, Josh",5,4,3,8,0,0,0,2,3,0,0,2,0,1,0,1,7,0,0,7,0,0,95,28,"St Kilda","2022",19
0,"Billings, Jack",0,0,0,0,0,0,0,0,0,0,0,0,0,0,0,0,0,0,0,0,0,0,1,28,"St Kilda","2022",19
16,"Butler, Dan",10,3,4,14,5,0,0,3,0,4,0,5,2,1,1,4,10,1,2,1,0,2,83,28,"St Kilda","2022",19
13,"Byrnes, Ryan",10,7,8,18,0,0,0,1,2,3,1,3,0,1,0,5,12,0,0,2,1,0,79,28,"St Kilda","2022",19
11,"Clark, Hunter",11,2,7,18,0,0,0,3,2,3,0,6,0,4,0,7,11,0,0,2,0,0,78,28,"St Kilda","2022",19
5,"Crouch, Brad",18,5,13,31,1,0,0,11,4,5,9,3,2,0,2,15,16,1,0,0,0,0,76,28,"St Kilda","2022",19
4,"Gresham, Jade",7,1,7,14,0,1,0,3,0,2,2,3,0,2,0,7,7,0,0,0,2,0,61,28,"St Kilda","2022",19
22,"Higgins, Jack",9,5,6,15,2,1,0,1,0,3,0,2,1,1,0,8,7,1,3,0,0,2,82,28,"St Kilda","2022",19
8,"Hill, Bradley",7,2,12,19,0,0,0,2,0,2,1,4,1,0,0,5,16,0,0,1,1,2,86,28,"St Kilda","2022",19
12,"King, Max",6,5,6,12,2,1,0,1,0,2,0,3,0,1,0,6,6,1,1,1,0,1,89,28,"St Kilda","2022",19
31,"Lienert, Jarrod",10,2,6,16,0,0,3,3,1,1,2,3,1,0,0,7,9,0,0,2,0,0,60,28,"St Kilda","2022",19
0,"Long, Ben",4,2,1,5,1,0,0,7,0,1,1,2,1,1,0,1,4,0,0,1,0,0,62,28,"St Kilda","2022",19
19,"Marshall, Rowan",9,3,6,15,0,0,49,6,1,2,3,5,2,5,0,9,6,1,0,1,0,0,80,28,"St Kilda","2022",19
28,"Membrey, Tim",10,7,7,17,2,1,3,2,0,4,1,1,0,1,0,4,14,1,1,1,0,1,96,28,"St Kilda","2022",19
33,"Paton, Ben",6,2,9,15,0,0,0,4,1,1,0,1,0,1,0,6,10,0,0,3,0,0,80,28,"St Kilda","2022",19
6,"Ross, Sebastian",14,5,13,27,0,0,0,4,2,3,3,3,1,0,0,11,17,0,0,2,0,1,85,28,"St Kilda","2022",19
43,"Sharman, Cooper",9,4,5,14,0,0,0,0,2,0,0,1,1,0,0,2,10,0,0,4,0,0,80,28,"St Kilda","2022",19
35,"Sinclair, Jack",17,5,10,27,0,0,0,1,4,3,1,3,1,1,0,11,15,0,0,3,1,0,87,28,"St Kilda","2022",19
9,"Steele, Jack",16,10,24,40,0,0,0,8,3,6,10,5,2,2,3,14,25,0,0,1,0,0,92,28,"St Kilda","2022",19
29,"Webster, Jimmy",9,4,9,18,0,0,0,1,3,1,1,2,0,1,0,8,12,0,0,3,0,0,80,28,"St Kilda","2022",19
44,"Wilkie, Callum",11,8,3,14,0,0,0,1,6,0,0,1,1,1,0,4,11,0,0,8,1,0,100,28,"St Kilda","2022",19
17,"Windhager, Marcus",15,5,8,23,0,1,0,3,0,7,2,5,1,2,0,6,19,0,1,1,1,1,87,28,"St Kilda","2022",19
32,"Wood, Mason",11,5,10,21,1,1,0,4,2,0,2,2,2,0,0,10,12,1,0,2,0,0,81,28,"St Kilda","2022",19
