"Number","Player","Kicks","Marks","Handballs","Disposals","Goals","Behinds","Hitouts","Tackles","Rebounds50s","Inside50s","Clearances","Clangers","FreesFor","FreesAgainst","BrownlowVotes","ContestedPossessions","UncontestedPossessions","ContestedMarks","MarksInside50","OnePercenters","Bounces","GoalAssists","PercentagePlayed","PointDifference","Team","Season","Round"
13,"Adams, Taylor",7,0,14,21,0,0,0,7,0,3,4,3,2,1,0,12,8,0,0,1,0,1,76,4,"Collingwood","2022",11
6,"Brown, Tyler",5,2,1,6,1,0,0,0,0,0,0,3,0,1,0,3,5,0,0,4,0,0,64,4,"Collingwood","2022",11
14,"Cameron, Darcy",7,5,6,13,0,0,26,6,0,0,4,3,2,2,0,5,8,1,0,2,0,0,81,4,"Collingwood","2022",11
46,"Cox, Mason",8,6,3,11,1,1,11,4,1,2,3,6,3,4,0,11,2,4,1,3,0,0,71,4,"Collingwood","2022",11
25,"Crisp, Jack",10,5,17,27,0,1,0,6,1,6,5,4,1,1,2,14,12,1,0,2,0,0,84,4,"Collingwood","2022",11
7,"Daicos, Josh",18,10,5,23,0,0,0,1,5,5,1,3,1,1,0,5,16,0,0,0,1,0,89,4,"Collingwood","2022",11
35,"Daicos, Nick",9,3,7,16,0,0,0,1,3,1,0,2,1,1,0,5,11,0,0,0,0,0,79,4,"Collingwood","2022",11
2,"de Goey, Jordan",17,1,7,24,1,0,0,4,5,6,2,3,1,0,0,7,18,0,0,0,2,1,84,4,"Collingwood","2022",11
5,"Elliott, Jamie",10,6,4,14,1,1,0,1,0,4,0,0,1,0,0,8,5,1,2,1,0,1,81,4,"Collingwood","2022",11
33,"Ginnivan, Jack",7,5,2,9,0,2,0,1,0,2,0,3,1,1,0,2,7,0,2,0,1,0,77,4,"Collingwood","2022",11
16,"Henry, Oliver",7,4,3,10,3,1,0,3,0,1,0,6,0,1,0,4,6,0,4,1,0,1,77,4,"Collingwood","2022",11
32,"Hoskin-Elliott, Will",5,1,3,8,0,0,0,1,0,2,3,0,0,0,0,2,5,0,0,0,0,0,73,4,"Collingwood","2022",11
38,"Howe, Jeremy",18,5,2,20,0,0,0,0,11,2,0,6,1,1,0,10,9,2,0,8,0,0,90,4,"Collingwood","2022",11
1,"Lipinski, Patrick",11,2,10,21,2,0,0,1,1,3,2,5,1,2,0,9,13,0,1,1,0,0,77,4,"Collingwood","2022",11
37,"Maynard, Brayden",9,2,4,13,0,0,0,5,3,4,1,3,2,2,0,9,6,1,0,4,1,0,83,4,"Collingwood","2022",11
31,"McCreery, Beau",0,0,0,0,0,0,0,0,0,0,0,0,0,0,0,0,0,0,0,0,0,0,0,4,"Collingwood","2022",11
41,"Mihocek, Brody",3,3,2,5,0,1,0,1,0,1,0,2,0,2,0,2,3,1,2,2,0,2,95,4,"Collingwood","2022",11
30,"Moore, Darcy",6,3,4,10,0,0,0,1,3,2,0,1,0,1,0,5,2,2,0,10,2,1,100,4,"Collingwood","2022",11
28,"Murphy, Nathan",12,7,2,14,0,0,0,2,3,1,0,1,0,0,0,4,9,3,0,6,0,0,82,4,"Collingwood","2022",11
9,"Noble, John",14,9,7,21,0,0,0,4,3,1,1,2,1,1,0,5,16,0,1,2,1,1,78,4,"Collingwood","2022",11
10,"Pendlebury, Scott",10,4,8,18,0,0,0,3,2,2,1,3,1,1,0,5,12,0,1,0,0,0,90,4,"Collingwood","2022",11
3,"Quaynor, Isaac",9,4,3,12,0,1,0,1,3,1,1,1,0,1,0,2,11,0,0,1,0,0,89,4,"Collingwood","2022",11
22,"Sidebottom, Steele",11,8,6,17,2,1,0,2,0,2,0,2,1,0,0,6,12,1,4,4,2,1,81,4,"Collingwood","2022",11
0,"Carroll, Jack",6,4,2,8,0,0,0,2,0,2,0,7,0,1,0,0,10,0,0,0,0,0,55,-4,"Carlton","2022",11
5,"Cerra, Adam",20,5,10,30,1,0,0,4,5,6,7,7,5,1,0,14,17,0,0,1,0,1,82,-4,"Carlton","2022",11
46,"Cottrell, Matthew",7,2,8,15,0,0,0,1,0,1,0,3,0,0,0,2,12,0,0,0,0,0,83,-4,"Carlton","2022",11
9,"Cripps, Patrick",11,6,14,25,1,1,0,3,1,5,8,5,3,4,1,15,12,0,2,2,2,1,87,-4,"Carlton","2022",11
30,"Curnow, Charlie",8,4,1,9,4,2,0,0,0,1,0,2,0,0,0,5,6,1,2,4,0,0,98,-4,"Carlton","2022",11
12,"De Koning, Tom",4,4,8,12,0,1,16,3,1,1,1,2,0,1,0,6,6,2,0,3,0,0,80,-4,"Carlton","2022",11
15,"Docherty, Sam",21,6,10,31,0,0,0,3,7,2,0,4,1,0,0,6,19,0,0,2,0,1,89,-4,"Carlton","2022",11
2,"Dow, Paddy",6,3,15,21,0,0,0,5,1,4,5,6,1,2,0,10,13,0,0,1,0,0,65,-4,"Carlton","2022",11
19,"Durdin, Corey",4,1,3,7,1,0,0,2,0,2,0,2,0,2,0,3,6,0,0,0,0,1,77,-4,"Carlton","2022",11
25,"Fisher, Zac",7,4,10,17,0,2,0,0,0,1,2,2,1,0,0,7,9,0,1,1,0,0,88,-4,"Carlton","2022",11
29,"Hewett, George",13,4,18,31,0,0,0,7,1,5,2,2,1,0,0,8,21,0,0,0,0,0,75,-4,"Carlton","2022",11
3,"Motlop, Jesse",4,1,3,7,1,0,0,1,0,1,0,0,0,0,0,0,5,0,0,0,0,0,74,-4,"Carlton","2022",11
24,"Newman, Nic",9,2,11,20,0,0,0,2,7,1,1,3,2,0,0,6,13,0,0,8,0,0,85,-4,"Carlton","2022",11
32,"Newnes, Jack",9,4,6,15,0,0,0,4,2,1,0,3,1,2,0,5,10,0,0,1,0,0,78,-4,"Carlton","2022",11
4,"OBrien, Lochie",12,3,9,21,0,0,0,0,1,2,1,1,1,0,0,4,17,0,0,1,0,0,81,-4,"Carlton","2022",11
44,"Owies, Matthew",7,5,2,9,2,0,0,4,0,4,0,2,1,1,0,3,6,1,2,1,0,0,78,-4,"Carlton","2022",11
20,"Plowman, Lachie",5,5,9,14,0,0,0,2,1,0,0,1,1,0,0,8,8,1,0,8,0,0,91,-4,"Carlton","2022",11
42,"Saad, Adam",17,5,10,27,0,0,0,0,3,5,0,3,0,1,0,8,12,2,0,3,3,1,84,-4,"Carlton","2022",11
1,"Silvagni, Jack",7,8,9,16,0,1,3,3,0,2,2,3,2,3,0,9,9,2,2,2,0,1,84,-4,"Carlton","2022",11
13,"Stocker, Liam",11,3,1,12,0,0,0,1,2,1,0,2,1,0,0,3,7,0,0,4,0,1,76,-4,"Carlton","2022",11
18,"Walsh, Sam",19,5,16,35,1,0,0,3,4,7,4,6,1,1,3,13,23,0,0,0,0,0,77,-4,"Carlton","2022",11
0,"Weitering, Jacob",2,2,0,2,0,0,0,0,2,0,0,0,0,0,0,1,1,1,0,2,0,0,12,-4,"Carlton","2022",11
33,"Young, Lewis",1,0,4,5,0,0,0,0,1,2,0,1,2,1,0,4,2,0,0,12,0,0,100,-4,"Carlton","2022",11
