"Number","Player","Kicks","Marks","Handballs","Disposals","Goals","Behinds","Hitouts","Tackles","Rebounds50s","Inside50s","Clearances","Clangers","FreesFor","FreesAgainst","BrownlowVotes","ContestedPossessions","UncontestedPossessions","ContestedMarks","MarksInside50","OnePercenters","Bounces","GoalAssists","PercentagePlayed","PointDifference","Team","Season","Round"
9,"Ainsworth, Ben",6,2,4,10,2,1,0,6,0,3,1,0,2,0,0,5,5,0,2,1,2,1,79,67,"Gold Coast","2022",11
15,"Anderson, Noah",12,5,5,17,1,0,0,0,0,4,2,5,0,1,0,7,13,0,1,4,0,2,85,67,"Gold Coast","2022",11
10,"Ballard, Charlie",15,6,3,18,0,0,0,2,6,0,1,3,0,0,0,5,11,0,0,9,0,0,86,67,"Gold Coast","2022",11
35,"Budarick, Connor",9,4,4,13,0,0,0,0,2,2,0,4,1,1,0,8,5,2,0,3,1,0,85,67,"Gold Coast","2022",11
30,"Casboult, Levi",7,3,2,9,1,1,1,4,0,3,0,1,1,1,0,6,3,2,2,2,0,2,87,67,"Gold Coast","2022",11
1,"Chol, Mabior",8,4,1,9,3,0,5,3,0,3,0,2,4,2,0,7,2,2,2,1,0,0,73,67,"Gold Coast","2022",11
25,"Collins, Sam",6,6,2,8,0,0,0,2,1,0,0,3,2,1,0,3,6,1,0,5,0,0,93,67,"Gold Coast","2022",11
33,"Constable, Charlie",0,0,0,0,0,0,0,0,0,0,0,0,0,0,0,0,0,0,0,0,0,0,0,67,"Gold Coast","2022",11
5,"Davies, Alex",4,2,6,10,1,0,0,3,0,1,3,4,1,3,0,6,5,0,0,1,0,0,63,67,"Gold Coast","2022",11
4,"Ellis, Brandon",16,8,8,24,2,0,0,6,1,5,0,5,2,0,3,11,12,1,1,0,0,0,83,67,"Gold Coast","2022",11
46,"Graham, Caleb",6,3,2,8,0,0,0,4,2,2,0,1,1,1,0,3,4,0,0,6,0,0,100,67,"Gold Coast","2022",11
7,"Holman, Nick",7,2,7,14,0,1,0,13,0,5,0,2,2,0,0,8,6,0,0,2,0,1,82,67,"Gold Coast","2022",11
40,"Jeffrey, Joel",9,4,4,13,1,1,0,1,0,2,0,0,1,0,0,8,7,3,3,4,0,1,74,67,"Gold Coast","2022",11
17,"Markov, Oleg",11,4,6,17,0,0,0,2,4,4,0,0,0,0,0,3,12,0,1,2,2,0,76,67,"Gold Coast","2022",11
11,"Miller, Touk",18,4,6,24,1,1,0,6,2,4,6,4,2,2,1,11,11,0,0,1,0,1,83,67,"Gold Coast","2022",11
27,"Powell, Wil",10,1,0,10,0,1,0,1,5,3,0,4,1,4,0,4,6,0,0,3,0,0,75,67,"Gold Coast","2022",11
22,"Rankine, Izak",9,4,3,12,1,2,0,3,0,3,0,1,0,0,0,4,6,0,3,1,0,2,86,67,"Gold Coast","2022",11
41,"Rosas, Malcolm",7,2,1,8,3,1,0,3,0,0,0,2,2,0,0,4,3,2,2,1,0,1,67,67,"Gold Coast","2022",11
18,"Rowell, Matt",10,0,6,16,0,0,0,7,1,3,3,3,2,2,0,13,1,0,0,3,0,0,82,67,"Gold Coast","2022",11
20,"Sharp, Jeremy",11,7,4,15,0,1,0,1,0,5,1,1,1,0,0,5,10,0,0,0,0,0,92,67,"Gold Coast","2022",11
24,"Swallow, David",15,3,6,21,1,0,0,4,0,6,5,3,2,2,0,7,13,0,0,2,0,0,80,67,"Gold Coast","2022",11
14,"Weller, Lachie",20,4,7,27,1,0,0,3,9,4,4,4,2,1,2,7,12,0,0,2,2,0,86,67,"Gold Coast","2022",11
28,"Witts, Jarrod",10,0,8,18,0,0,34,1,2,0,9,2,3,1,0,14,4,0,0,6,0,0,82,67,"Gold Coast","2022",11
16,"Bramble, Lachlan",8,1,4,12,0,0,0,3,2,2,3,2,0,0,0,4,8,0,0,3,0,0,85,-67,"Hawthorn","2022",11
22,"Breust, Luke",3,1,8,11,1,1,0,1,0,0,0,2,1,1,0,8,4,0,0,1,0,1,65,-67,"Hawthorn","2022",11
30,"Butler, Sam",4,0,4,8,1,0,0,2,0,2,0,1,2,0,0,4,3,0,0,0,0,0,70,-67,"Hawthorn","2022",11
12,"Day, Will",10,4,9,19,0,0,0,2,2,4,0,5,3,2,0,3,15,0,0,1,0,1,84,-67,"Hawthorn","2022",11
8,"Frost, Sam",10,3,3,13,0,0,0,2,5,2,0,6,0,3,0,6,7,0,0,4,0,0,87,-67,"Hawthorn","2022",11
24,"Grainger-Barras, Denver",7,3,4,11,0,0,0,0,3,0,0,9,3,7,0,4,6,1,0,10,0,0,88,-67,"Hawthorn","2022",11
15,"Hardwick, Blake",7,0,2,9,0,0,0,3,1,0,0,2,1,0,0,3,4,0,0,2,0,0,88,-67,"Hawthorn","2022",11
17,"Howe, Daniel",10,5,5,15,0,1,2,3,1,2,2,3,1,2,0,8,5,1,1,2,0,0,79,-67,"Hawthorn","2022",11
4,"Impey, Jarman",6,3,6,12,0,0,0,0,2,2,0,5,0,3,0,3,8,0,0,1,0,0,76,-67,"Hawthorn","2022",11
9,"Jiath, Changkuoth",4,3,9,13,0,0,0,6,1,0,0,0,0,0,0,7,7,0,0,2,2,0,81,-67,"Hawthorn","2022",11
23,"Koschitzke, Jacob",6,2,4,10,1,3,6,3,0,1,0,0,1,0,0,4,4,0,2,4,0,0,88,-67,"Hawthorn","2022",11
2,"Lewis, Mitch",11,4,3,14,1,2,0,0,0,4,0,2,1,1,0,6,8,1,1,4,0,1,100,-67,"Hawthorn","2022",11
31,"Macdonald, Connor",8,3,6,14,0,0,0,1,0,2,3,3,0,0,0,7,7,0,0,1,0,0,76,-67,"Hawthorn","2022",11
0,"Maginness, Finn",0,0,3,3,0,0,0,3,0,0,0,0,1,0,0,2,1,0,0,0,0,0,35,-67,"Hawthorn","2022",11
3,"Mitchell, Tom",16,7,13,29,0,1,0,6,4,3,4,8,1,3,0,8,21,0,0,0,2,0,82,-67,"Hawthorn","2022",11
13,"Moore, Dylan",8,1,6,14,1,1,0,2,1,4,1,2,2,0,0,8,4,0,0,1,0,1,77,-67,"Hawthorn","2022",11
1,"Morrison, Harry",20,9,4,24,0,0,0,1,1,3,5,4,0,0,0,5,19,0,0,0,0,0,82,-67,"Hawthorn","2022",11
11,"Nash, Conor",7,2,4,11,0,0,0,5,0,2,2,5,1,4,0,7,5,0,0,3,0,0,71,-67,"Hawthorn","2022",11
44,"Newcombe, Jai",6,3,6,12,0,0,0,7,2,3,2,4,2,2,0,3,9,1,0,0,1,0,82,-67,"Hawthorn","2022",11
0,"Scrimshaw, Jack",9,2,7,16,0,0,0,0,9,0,0,2,0,0,0,2,10,0,0,1,2,0,43,-67,"Hawthorn","2022",11
26,"Shiels, Liam",10,2,6,16,0,0,0,3,1,3,1,6,1,1,0,4,7,0,0,1,0,0,76,-67,"Hawthorn","2022",11
6,"Sicily, James",19,8,2,21,0,0,0,1,9,1,0,1,0,1,0,7,12,1,0,14,0,0,100,-67,"Hawthorn","2022",11
20,"Wingard, Chad",5,2,5,10,2,0,0,1,0,4,0,4,1,2,0,2,8,0,1,1,1,0,83,-67,"Hawthorn","2022",11
