"Number","Player","Kicks","Marks","Handballs","Disposals","Goals","Behinds","Hitouts","Tackles","Rebounds50s","Inside50s","Clearances","Clangers","FreesFor","FreesAgainst","BrownlowVotes","ContestedPossessions","UncontestedPossessions","ContestedMarks","MarksInside50","OnePercenters","Bounces","GoalAssists","PercentagePlayed","PointDifference","Team","Season","Round"
7,"Ash, Lachie",9,3,4,13,0,0,0,0,2,2,2,1,0,0,0,4,7,0,0,0,0,0,81,-17,"Greater Western Sydney","2022",6
5,"Bruhn, Tanner",3,1,9,12,0,0,0,6,0,1,2,5,0,3,0,8,4,0,0,0,0,0,61,-17,"Greater Western Sydney","2022",6
17,"Callaghan, Finn",8,2,10,18,0,0,0,1,0,3,1,0,0,0,0,7,11,0,0,1,0,0,79,-17,"Greater Western Sydney","2022",6
3,"Coniglio, Stephen",9,2,12,21,0,1,0,5,1,1,7,0,1,0,0,12,7,0,0,2,1,0,77,-17,"Greater Western Sydney","2022",6
13,"Cumming, Isaac",15,3,7,22,0,0,0,2,8,1,1,2,0,0,0,2,10,0,0,1,0,0,86,-17,"Greater Western Sydney","2022",6
24,"de Boer, Matt",0,0,0,0,0,0,0,0,0,0,0,0,0,0,0,0,0,0,0,0,0,0,0,-17,"Greater Western Sydney","2022",6
30,"Flynn, Matt",4,4,5,9,2,0,30,4,0,1,2,1,2,1,0,10,0,4,2,3,0,0,85,-17,"Greater Western Sydney","2022",6
4,"Greene, Toby",6,3,8,14,1,2,0,1,0,1,0,1,1,0,0,6,8,0,2,0,0,0,91,-17,"Greater Western Sydney","2022",6
12,"Green, Tom",9,1,16,25,0,0,0,9,0,3,9,4,2,3,0,16,12,0,0,1,0,0,84,-17,"Greater Western Sydney","2022",6
19,"Haynes, Nick",17,10,4,21,0,0,0,0,7,3,0,2,2,0,0,5,15,1,0,8,0,0,87,-17,"Greater Western Sydney","2022",6
37,"Hill, Bobby",6,2,0,6,1,0,0,1,0,1,2,3,1,1,0,3,3,1,1,4,0,0,56,-17,"Greater Western Sydney","2022",6
27,"Himmelberg, Harry",7,3,2,9,1,2,0,7,0,2,0,4,1,3,0,5,8,0,1,4,0,0,95,-17,"Greater Western Sydney","2022",6
39,"Idun, Connor",6,1,8,14,0,2,0,3,1,1,1,3,1,1,0,9,6,0,0,2,0,1,82,-17,"Greater Western Sydney","2022",6
25,"Keeffe, Lachlan",3,0,2,5,0,0,0,3,1,1,0,4,2,3,0,5,0,0,0,4,0,1,94,-17,"Greater Western Sydney","2022",6
22,"Kelly, Josh",16,1,14,30,0,1,0,6,4,7,3,5,3,1,1,8,21,0,0,1,0,0,89,-17,"Greater Western Sydney","2022",6
40,"Kennedy, Adam",14,6,10,24,0,0,0,3,5,4,2,4,2,0,0,9,14,0,0,1,0,0,80,-17,"Greater Western Sydney","2022",6
36,"Perryman, Harry",11,4,7,18,0,0,0,4,3,1,1,5,1,0,0,10,8,0,0,1,0,0,77,-17,"Greater Western Sydney","2022",6
11,"Preuss, Braydon",10,6,3,13,1,1,47,1,1,6,4,6,2,3,0,12,2,4,0,1,0,0,74,-17,"Greater Western Sydney","2022",6
42,"Stein, Jake",3,1,2,5,0,0,0,0,2,0,0,1,1,0,0,4,2,0,0,1,0,0,77,-17,"Greater Western Sydney","2022",6
14,"Taranto, Tim",10,1,8,18,0,0,0,3,2,3,2,2,1,0,0,9,10,0,0,0,0,0,83,-17,"Greater Western Sydney","2022",6
15,"Taylor, Sam",10,6,2,12,0,0,0,2,5,0,0,3,1,0,0,3,7,0,0,15,0,0,95,-17,"Greater Western Sydney","2022",6
8,"Ward, Callan",12,4,9,21,2,1,0,9,0,5,2,2,1,1,0,6,15,2,0,1,0,0,83,-17,"Greater Western Sydney","2022",6
6,"Whitfield, Lachie",15,6,5,20,0,1,0,6,4,3,5,5,1,1,0,4,15,0,0,3,0,0,86,-17,"Greater Western Sydney","2022",6
26,"Battle, Josh",19,10,4,23,0,0,1,2,5,5,3,5,2,1,0,8,14,1,0,3,0,0,87,17,"St Kilda","2022",6
16,"Butler, Dan",4,1,2,6,0,0,0,4,0,2,0,1,1,0,0,1,5,0,0,0,0,0,86,17,"St Kilda","2022",6
5,"Crouch, Brad",12,2,11,23,2,0,0,4,1,3,4,4,1,2,2,12,11,0,0,1,0,1,89,17,"St Kilda","2022",6
4,"Gresham, Jade",12,3,7,19,1,1,0,9,0,7,0,5,1,2,0,4,17,1,1,0,0,0,86,17,"St Kilda","2022",6
0,"Hayes, Jack",2,2,0,2,1,0,0,0,0,0,0,0,0,0,0,1,1,1,2,0,0,0,11,17,"St Kilda","2022",6
22,"Higgins, Jack",13,9,5,18,4,3,0,3,0,6,0,2,1,0,3,8,11,0,4,1,0,1,81,17,"St Kilda","2022",6
8,"Hill, Bradley",5,2,5,10,0,0,0,1,0,2,1,2,0,1,0,4,7,0,0,1,2,0,90,17,"St Kilda","2022",6
20,"Howard, Dougal",10,5,1,11,0,0,0,3,5,1,0,1,1,1,0,5,6,1,0,17,0,0,100,17,"St Kilda","2022",6
12,"King, Max",9,6,2,11,1,7,0,2,0,0,0,3,2,2,0,5,7,3,6,2,0,0,95,17,"St Kilda","2022",6
0,"Lienert, Jarrod",3,1,3,6,0,0,0,2,2,0,2,1,0,0,0,4,1,0,0,3,0,0,49,17,"St Kilda","2022",6
21,"Long, Ben",9,6,5,14,0,0,0,5,2,0,1,5,1,2,0,5,10,0,0,3,0,0,76,17,"St Kilda","2022",6
19,"Marshall, Rowan",11,3,4,15,1,0,16,6,3,3,5,5,4,4,0,10,6,1,0,4,0,0,61,17,"St Kilda","2022",6
36,"McKenzie, Daniel",12,3,4,16,0,0,0,2,1,4,4,5,1,1,0,9,11,0,0,2,0,0,82,17,"St Kilda","2022",6
28,"Membrey, Tim",9,3,3,12,0,0,1,2,1,4,0,1,0,1,0,5,7,1,0,2,1,1,89,17,"St Kilda","2022",6
33,"Paton, Ben",8,3,5,13,0,0,0,2,0,1,1,3,1,2,0,6,7,0,0,0,0,0,86,17,"St Kilda","2022",6
6,"Ross, Sebastian",15,4,9,24,0,0,0,5,2,4,7,4,1,2,0,12,12,0,0,0,0,1,84,17,"St Kilda","2022",6
35,"Sinclair, Jack",15,6,10,25,0,0,0,1,6,2,2,2,0,1,0,8,16,0,0,3,0,0,83,17,"St Kilda","2022",6
9,"Steele, Jack",11,3,18,29,0,0,0,9,1,7,4,1,3,1,0,16,13,0,0,1,0,1,89,17,"St Kilda","2022",6
7,"Wanganeen-Milera, Nasiah",7,2,4,11,0,0,0,2,2,3,2,3,0,0,0,3,9,0,0,1,0,0,70,17,"St Kilda","2022",6
29,"Webster, Jimmy",9,3,0,9,0,0,0,4,5,0,0,1,1,0,0,2,5,0,0,0,0,0,80,17,"St Kilda","2022",6
44,"Wilkie, Callum",8,6,5,13,0,0,0,4,1,2,0,6,0,2,0,4,10,1,0,12,0,0,99,17,"St Kilda","2022",6
17,"Windhager, Marcus",6,4,3,9,0,0,0,7,0,1,0,3,0,1,0,2,8,0,0,1,0,0,64,17,"St Kilda","2022",6
32,"Wood, Mason",6,3,3,9,0,1,1,1,4,0,0,2,0,0,0,4,5,0,0,1,0,0,61,17,"St Kilda","2022",6
