"Number","Player","Kicks","Marks","Handballs","Disposals","Goals","Behinds","Hitouts","Tackles","Rebounds50s","Inside50s","Clearances","Clangers","FreesFor","FreesAgainst","BrownlowVotes","ContestedPossessions","UncontestedPossessions","ContestedMarks","MarksInside50","OnePercenters","Bounces","GoalAssists","PercentagePlayed","PointDifference","Team","Season","Round"
22,"Blakey, Nick",11,2,3,14,0,0,0,3,2,1,0,3,1,1,0,4,7,0,0,4,2,0,75,27,"Sydney","2022",22
16,"Campbell, Braeden",0,0,0,0,0,0,0,0,0,0,0,0,0,0,0,0,0,0,0,0,0,0,0,27,"Sydney","2022",22
4,"Clarke, Ryan",5,2,12,17,0,1,0,3,2,1,3,3,0,0,0,7,11,0,0,1,0,0,92,27,"Sydney","2022",22
13,"Florent, Oliver",11,6,6,17,0,0,0,3,1,3,0,2,2,1,0,7,11,1,0,2,0,1,84,27,"Sydney","2022",22
42,"Fox, Robbie",16,10,3,19,0,0,0,2,4,0,0,6,1,1,0,5,15,0,0,2,0,0,97,27,"Sydney","2022",22
23,"Franklin, Lance",12,3,3,15,3,1,0,1,0,3,0,5,1,0,1,6,7,0,1,2,1,2,95,27,"Sydney","2022",22
21,"Gulden, Errol",14,4,4,18,1,0,0,4,2,6,1,4,2,2,0,4,14,0,0,0,0,0,77,27,"Sydney","2022",22
9,"Hayward, Will",10,5,6,16,1,1,0,2,0,1,1,2,0,0,0,5,11,2,1,0,0,1,80,27,"Sydney","2022",22
5,"Heeney, Isaac",8,3,9,17,2,3,0,6,0,1,1,3,0,0,0,7,10,0,2,2,0,1,82,27,"Sydney","2022",22
31,"Hickey, Tom",9,3,10,19,0,0,27,3,0,1,3,5,2,3,0,18,3,1,0,5,0,0,75,27,"Sydney","2022",22
44,"Lloyd, Jake",15,6,3,18,0,0,0,8,7,2,2,5,1,1,0,4,10,0,0,2,0,0,85,27,"Sydney","2022",22
39,"McCartin, Paddy",13,5,4,17,0,0,0,0,0,0,1,2,3,2,0,8,11,1,0,5,0,0,78,27,"Sydney","2022",22
30,"McCartin, Tom",4,3,3,7,0,0,0,0,2,1,0,0,0,0,0,4,3,1,0,10,0,0,96,27,"Sydney","2022",22
6,"McDonald, Logan",4,4,6,10,0,1,0,0,0,1,0,2,0,1,0,8,4,0,1,4,0,0,65,27,"Sydney","2022",22
27,"McInerney, Justin",12,5,6,18,0,0,0,0,3,4,2,1,0,0,0,4,14,0,0,0,0,1,72,27,"Sydney","2022",22
14,"Mills, Callum",18,9,11,29,0,1,0,7,3,5,5,5,0,1,3,13,17,1,1,2,0,0,88,27,"Sydney","2022",22
11,"Papley, Tom",9,4,5,14,2,1,0,2,2,1,2,1,0,0,0,5,10,1,1,2,0,0,80,27,"Sydney","2022",22
26,"Parker, Luke",15,7,11,26,0,0,0,8,3,2,8,4,0,0,2,13,14,0,0,1,0,0,88,27,"Sydney","2022",22
24,"Rampe, Dane",8,2,4,12,1,0,0,3,2,2,0,4,0,3,0,2,9,0,0,7,0,0,85,27,"Sydney","2022",22
20,"Reid, Sam",7,6,10,17,0,1,3,5,0,4,3,4,1,1,0,10,7,3,2,5,0,0,80,27,"Sydney","2022",22
8,"Rowbottom, James",18,1,6,24,1,0,0,8,4,6,7,4,1,0,0,13,11,0,0,2,0,0,71,27,"Sydney","2022",22
3,"Stephens, Dylan",15,4,6,21,0,0,0,1,2,4,1,1,2,0,0,7,15,0,0,1,0,0,70,27,"Sydney","2022",22
1,"Warner, Chad",16,3,9,25,0,1,0,3,5,6,5,7,1,1,0,12,13,1,0,0,0,1,85,27,"Sydney","2022",22
8,"Bianco, Trent",9,6,5,14,0,0,0,2,5,3,2,1,0,0,0,3,9,0,0,3,0,0,79,-27,"Collingwood","2022",22
0,"Brown, Callum",5,3,9,14,0,0,0,0,1,3,0,0,0,0,0,4,10,1,0,1,1,0,46,-27,"Collingwood","2022",22
14,"Cameron, Darcy",11,2,4,15,1,0,31,4,2,1,1,5,5,3,0,8,7,1,0,3,0,0,77,-27,"Collingwood","2022",22
45,"Carmichael, Josh",5,0,6,11,0,1,0,2,1,1,5,3,0,0,0,9,4,0,0,3,0,0,74,-27,"Collingwood","2022",22
46,"Cox, Mason",8,4,3,11,1,0,19,0,1,1,0,2,1,0,0,7,3,2,1,2,0,0,58,-27,"Collingwood","2022",22
25,"Crisp, Jack",11,3,8,19,0,0,0,5,3,4,4,3,0,1,0,7,13,0,0,1,0,0,82,-27,"Collingwood","2022",22
7,"Daicos, Josh",17,3,8,25,1,1,0,3,1,7,7,4,0,2,0,13,11,0,0,0,0,0,88,-27,"Collingwood","2022",22
35,"Daicos, Nick",11,2,9,20,1,1,0,0,2,3,3,6,1,0,0,11,6,0,1,1,0,0,80,-27,"Collingwood","2022",22
5,"Elliott, Jamie",6,3,0,6,0,0,0,4,0,1,0,1,0,0,0,1,3,0,1,2,0,0,89,-27,"Collingwood","2022",22
0,"Ginnivan, Jack",3,0,4,7,1,0,0,0,0,2,1,0,1,0,0,6,3,0,0,1,0,0,36,-27,"Collingwood","2022",22
32,"Hoskin-Elliott, Will",6,2,3,9,0,0,0,6,0,3,0,2,3,1,0,7,6,0,0,0,0,0,67,-27,"Collingwood","2022",22
38,"Howe, Jeremy",12,7,8,20,0,0,0,1,10,1,1,4,0,0,0,8,9,3,0,7,0,0,95,-27,"Collingwood","2022",22
40,"Johnson, Ash",6,4,2,8,1,1,1,2,0,1,0,1,2,0,0,5,3,2,2,1,0,0,79,-27,"Collingwood","2022",22
1,"Lipinski, Patrick",5,2,10,15,0,0,0,0,0,1,1,2,0,0,0,4,11,0,0,1,0,0,79,-27,"Collingwood","2022",22
37,"Maynard, Brayden",15,6,3,18,0,0,0,3,2,5,1,2,0,0,0,3,12,0,0,2,2,0,92,-27,"Collingwood","2022",22
31,"McCreery, Beau",5,1,5,10,0,1,0,3,0,4,0,4,0,3,0,3,5,0,0,0,2,2,77,-27,"Collingwood","2022",22
41,"Mihocek, Brody",4,1,2,6,1,0,0,3,0,1,0,2,0,0,0,1,4,0,0,2,0,0,96,-27,"Collingwood","2022",22
30,"Moore, Darcy",6,3,4,10,0,0,0,1,4,1,0,1,0,0,0,4,4,1,0,6,1,0,90,-27,"Collingwood","2022",22
28,"Murphy, Nathan",9,3,5,14,0,0,0,1,4,0,0,2,0,2,0,5,7,0,0,2,0,0,87,-27,"Collingwood","2022",22
9,"Noble, John",13,6,7,20,0,0,0,5,4,4,0,2,0,0,0,1,18,0,0,2,2,0,82,-27,"Collingwood","2022",22
10,"Pendlebury, Scott",15,3,11,26,0,0,0,4,2,3,9,6,3,0,0,15,11,0,0,3,0,2,87,-27,"Collingwood","2022",22
3,"Quaynor, Isaac",7,4,2,9,0,0,0,2,1,1,0,1,1,1,0,4,5,0,0,1,0,0,79,-27,"Collingwood","2022",22
22,"Sidebottom, Steele",9,2,6,15,0,0,0,2,0,1,3,5,1,4,0,8,6,0,0,1,0,0,81,-27,"Collingwood","2022",22
