"Number","Player","Kicks","Marks","Handballs","Disposals","Goals","Behinds","Hitouts","Tackles","Rebounds50s","Inside50s","Clearances","Clangers","FreesFor","FreesAgainst","BrownlowVotes","ContestedPossessions","UncontestedPossessions","ContestedMarks","MarksInside50","OnePercenters","Bounces","GoalAssists","PercentagePlayed","PointDifference","Team","Season","Round"
22,"Breust, Luke",10,3,5,15,2,1,0,2,0,3,0,5,1,2,0,6,9,0,1,3,0,2,85,12,"Hawthorn","2022",5
8,"Frost, Sam",9,4,6,15,0,0,0,2,2,1,0,3,0,1,0,8,7,1,0,7,0,0,96,12,"Hawthorn","2022",5
24,"Grainger-Barras, Denver",1,0,4,5,0,0,0,3,1,0,1,2,0,0,0,4,2,0,0,4,0,0,71,12,"Hawthorn","2022",5
19,"Gunston, Jack",9,3,2,11,3,1,0,5,0,1,0,1,2,1,0,8,4,1,0,1,0,1,92,12,"Hawthorn","2022",5
15,"Hardwick, Blake",15,3,3,18,0,0,0,1,7,0,0,1,1,0,0,2,11,0,0,3,0,0,93,12,"Hawthorn","2022",5
4,"Impey, Jarman",15,5,5,20,0,0,0,4,3,3,0,0,2,0,0,5,15,0,0,0,1,0,78,12,"Hawthorn","2022",5
9,"Jiath, Changkuoth",9,4,10,19,0,0,0,1,1,1,1,1,2,0,0,8,11,1,0,4,1,0,88,12,"Hawthorn","2022",5
23,"Koschitzke, Jacob",3,1,3,6,0,0,11,2,0,3,0,3,0,0,0,1,5,0,0,2,0,0,68,12,"Hawthorn","2022",5
2,"Lewis, Mitch",12,7,4,16,3,0,0,0,0,2,0,3,0,1,0,4,11,0,3,1,0,0,97,12,"Hawthorn","2022",5
31,"Macdonald, Connor",8,3,8,16,0,0,0,0,0,5,0,3,0,0,0,9,7,0,0,1,0,1,82,12,"Hawthorn","2022",5
3,"Mitchell, Tom",14,1,19,33,1,1,0,1,0,6,9,4,3,1,0,21,12,0,0,2,1,1,80,12,"Hawthorn","2022",5
13,"Moore, Dylan",10,1,9,19,4,1,0,6,0,1,1,5,3,1,0,7,12,0,0,2,0,0,86,12,"Hawthorn","2022",5
1,"Morrison, Harry",15,9,6,21,0,0,0,2,2,2,2,4,0,0,0,7,14,0,0,0,0,0,79,12,"Hawthorn","2022",5
11,"Nash, Conor",5,1,5,10,0,0,5,3,0,2,4,3,1,2,0,7,3,0,0,1,0,0,66,12,"Hawthorn","2022",5
44,"Newcombe, Jai",19,7,12,31,0,0,0,3,3,6,2,8,2,1,2,9,23,0,0,1,0,1,84,12,"Hawthorn","2022",5
10,"OMeara, Jaeger",7,3,8,15,1,1,0,1,0,2,5,6,1,3,0,11,5,0,1,0,0,1,80,12,"Hawthorn","2022",5
21,"Phillips, Tom",4,1,5,9,0,0,0,4,3,0,0,3,1,1,0,3,6,0,0,1,0,1,76,12,"Hawthorn","2022",5
0,"Reeves, Ned",1,0,1,2,0,0,10,0,0,1,1,0,1,0,0,1,1,0,0,2,0,0,21,12,"Hawthorn","2022",5
14,"Scrimshaw, Jack",12,7,12,24,0,0,0,1,8,1,1,4,1,1,0,7,16,0,0,3,1,0,84,12,"Hawthorn","2022",5
26,"Shiels, Liam",10,6,3,13,0,0,0,4,0,3,2,1,0,0,0,4,8,0,0,3,0,0,76,12,"Hawthorn","2022",5
6,"Sicily, James",22,15,4,26,0,1,0,0,10,2,0,1,1,1,3,4,18,2,0,3,0,0,90,12,"Hawthorn","2022",5
25,"Ward, Josh",9,1,9,18,0,0,0,3,0,1,5,4,1,1,0,9,10,0,0,0,0,0,74,12,"Hawthorn","2022",5
0,"Worpel, James",9,3,5,14,0,0,0,5,1,1,2,5,2,1,0,7,7,0,0,1,0,0,55,12,"Hawthorn","2022",5
30,"Atkins, Tom",11,3,5,16,0,0,0,4,5,1,2,3,3,0,0,6,9,0,0,3,0,0,83,-12,"Geelong","2022",5
24,"Bews, Jed",5,0,3,8,0,0,0,4,0,1,0,3,0,1,0,0,6,0,0,1,0,0,75,-12,"Geelong","2022",5
46,"Blicavs, Mark",7,4,6,13,0,0,16,9,2,1,3,1,1,0,0,6,6,1,1,5,0,1,93,-12,"Geelong","2022",5
5,"Cameron, Jeremy",11,6,3,14,3,1,0,1,0,0,0,5,1,1,0,6,8,1,5,2,0,0,96,-12,"Geelong","2022",5
45,"Close, Brad",3,2,7,10,0,1,0,4,0,0,0,4,1,1,0,7,2,0,0,1,0,0,81,-12,"Geelong","2022",5
40,"Dahlhaus, Luke",1,0,9,10,0,0,0,0,0,0,0,4,0,1,0,3,6,0,0,0,0,0,62,-12,"Geelong","2022",5
35,"Dangerfield, Patrick",8,6,9,17,1,1,0,2,1,2,7,2,1,2,0,9,6,2,3,1,0,1,84,-12,"Geelong","2022",5
16,"De Koning, Sam",4,2,5,9,0,0,0,1,1,0,0,1,1,0,0,3,7,1,0,8,0,0,97,-12,"Geelong","2022",5
22,"Duncan, Mitch",14,7,11,25,0,0,0,0,3,4,3,5,0,2,0,9,17,0,0,1,1,1,88,-12,"Geelong","2022",5
29,"Guthrie, Cameron",8,3,12,20,0,0,0,3,0,1,2,0,0,0,0,9,11,0,0,3,0,0,62,-12,"Geelong","2022",5
26,"Hawkins, Tom",8,6,1,9,3,2,6,0,0,2,0,1,1,0,0,3,7,0,4,1,0,0,96,-12,"Geelong","2022",5
0,"Henry, Jack",4,2,4,8,0,0,0,2,2,0,0,3,1,1,0,2,7,0,0,8,0,0,68,-12,"Geelong","2022",5
9,"Holmes, Max",6,2,9,15,1,0,0,1,1,1,1,3,0,1,0,3,11,0,0,0,1,1,81,-12,"Geelong","2022",5
0,"Kolodjashnij, Jake",4,3,1,5,0,0,0,0,2,0,0,0,0,0,0,2,3,1,0,3,0,0,20,-12,"Geelong","2022",5
32,"Miers, Gryan",12,9,4,16,0,0,0,1,1,3,0,4,1,2,0,3,15,0,0,0,0,1,81,-12,"Geelong","2022",5
42,"OConnor, Mark",5,2,5,10,0,1,0,6,0,1,3,4,0,2,0,7,4,0,0,2,0,0,73,-12,"Geelong","2022",5
3,"Parfitt, Brandan",13,3,7,20,0,1,0,4,0,7,3,8,3,1,0,5,12,0,2,0,0,1,69,-12,"Geelong","2022",5
14,"Selwood, Joel",13,2,13,26,0,0,0,10,1,9,7,1,3,1,0,17,12,0,0,4,0,0,71,-12,"Geelong","2022",5
7,"Smith, Isaac",16,8,7,23,0,2,0,3,1,8,0,3,0,3,0,1,23,0,1,2,0,1,81,-12,"Geelong","2022",5
1,"Stanley, Rhys",10,4,3,13,0,0,25,1,0,5,5,6,1,3,0,7,5,2,0,6,0,1,82,-12,"Geelong","2022",5
18,"Stengle, Tyson",10,4,5,15,3,1,0,3,1,3,0,4,0,1,0,3,10,0,2,0,0,0,79,-12,"Geelong","2022",5
44,"Stewart, Tom",17,5,10,27,0,0,0,3,6,1,0,3,0,1,1,5,20,1,0,7,2,0,87,-12,"Geelong","2022",5
2,"Tuohy, Zach",14,3,8,22,0,0,0,3,6,4,0,5,0,1,0,10,9,1,0,3,1,0,91,-12,"Geelong","2022",5
