"Number","Player","Kicks","Marks","Handballs","Disposals","Goals","Behinds","Hitouts","Tackles","Rebounds50s","Inside50s","Clearances","Clangers","FreesFor","FreesAgainst","BrownlowVotes","ContestedPossessions","UncontestedPossessions","ContestedMarks","MarksInside50","OnePercenters","Bounces","GoalAssists","PercentagePlayed","PointDifference","Team","Season","Round"
12,"Bedford, Toby",0,0,0,0,0,0,0,0,0,0,0,0,0,0,0,0,0,0,0,0,0,0,0,29,"Melbourne","2022",3
17,"Bowey, Jake",13,7,5,18,0,0,0,3,2,2,3,3,2,2,0,7,12,0,0,1,0,1,82,29,"Melbourne","2022",3
10,"Brayshaw, Angus",24,20,10,34,0,0,0,1,3,5,0,0,0,0,3,4,30,1,0,1,0,1,87,29,"Melbourne","2022",3
31,"Fritsch, Bayley",8,4,1,9,2,2,0,3,1,3,0,2,2,1,0,4,5,0,2,3,0,1,92,29,"Melbourne","2022",3
11,"Gawn, Max",18,5,4,22,0,1,17,2,2,4,6,4,4,2,0,13,9,2,2,5,0,0,86,29,"Melbourne","2022",3
4,"Harmes, James",8,5,13,21,2,1,0,1,1,1,1,1,1,1,0,6,16,0,1,0,0,0,68,29,"Melbourne","2022",3
29,"Hunt, Jayden",12,5,4,16,0,0,0,0,1,2,0,3,1,1,0,5,11,0,0,0,1,0,77,29,"Melbourne","2022",3
6,"Jackson, Luke",4,4,12,16,0,1,11,0,0,1,2,1,1,0,0,12,4,2,1,0,0,0,78,29,"Melbourne","2022",3
23,"Jordon, James",10,6,6,16,0,0,0,1,0,4,2,3,0,0,0,6,9,0,0,1,0,0,81,29,"Melbourne","2022",3
15,"Langdon, Ed",16,5,15,31,1,1,0,1,3,2,1,6,0,0,1,5,25,0,1,2,0,0,100,29,"Melbourne","2022",3
1,"May, Steven",18,4,4,22,0,0,0,0,4,1,0,0,1,0,0,4,8,1,0,9,1,0,100,29,"Melbourne","2022",3
25,"McDonald, Tom",6,3,0,6,1,2,1,1,0,1,0,2,3,1,0,4,3,1,1,1,0,0,67,29,"Melbourne","2022",3
30,"Neal-Bullen, Alex",4,2,6,10,0,0,0,3,1,2,0,3,0,2,0,5,5,0,1,0,0,2,84,29,"Melbourne","2022",3
13,"Oliver, Clayton",20,8,18,38,0,1,0,1,2,15,8,8,1,3,2,18,21,0,0,2,1,3,88,29,"Melbourne","2022",3
5,"Petracca, Christian",11,3,10,21,1,2,0,4,0,6,2,3,0,1,0,9,13,0,1,0,0,1,92,29,"Melbourne","2022",3
36,"Pickett, Kysaiah",4,1,2,6,0,0,0,6,0,2,1,2,1,1,0,2,4,0,0,2,0,1,85,29,"Melbourne","2022",3
24,"Rivers, Trent",12,11,6,18,0,0,0,0,3,3,0,2,0,1,0,2,18,0,0,0,0,0,62,29,"Melbourne","2022",3
44,"Smith, Joel",7,4,4,11,0,0,0,2,1,3,0,3,0,1,0,6,5,2,0,4,0,0,91,29,"Melbourne","2022",3
9,"Spargo, Charlie",4,4,6,10,1,0,0,4,0,2,0,4,1,1,0,2,8,0,0,0,0,1,67,29,"Melbourne","2022",3
32,"Sparrow, Tom",8,3,6,14,1,0,0,1,1,1,3,1,1,0,0,3,11,0,1,1,0,0,60,29,"Melbourne","2022",3
20,"Tomlinson, Adam",8,5,2,10,0,0,0,0,4,0,0,2,0,1,0,4,5,1,0,4,0,0,100,29,"Melbourne","2022",3
7,"Viney, Jack",9,4,8,17,1,0,0,3,0,4,3,1,0,1,0,6,12,0,0,1,1,1,74,29,"Melbourne","2022",3
26,"Weideman, Sam",8,7,3,11,4,3,0,0,0,1,0,2,0,0,0,4,7,2,6,0,0,0,78,29,"Melbourne","2022",3
6,"Caldwell, Jye",13,6,3,16,0,1,0,7,1,1,5,2,2,1,0,8,8,1,1,0,0,0,76,-29,"Essendon","2022",3
12,"Cutler, Tom",13,6,4,17,1,0,0,0,2,4,3,3,0,1,0,5,11,1,1,1,0,1,95,-29,"Essendon","2022",3
2,"Draper, Sam",1,1,1,2,0,0,19,1,3,0,1,1,0,1,0,1,1,0,1,4,0,0,63,-29,"Essendon","2022",3
22,"Durham, Sam",4,2,10,14,0,0,0,2,2,1,0,3,2,1,0,3,10,0,0,4,0,1,75,-29,"Essendon","2022",3
35,"Guelfi, Matt",7,3,5,12,0,2,0,2,2,3,0,0,2,0,0,4,8,0,1,1,0,0,84,-29,"Essendon","2022",3
33,"Ham, Brayden",6,1,5,11,0,1,0,3,1,3,1,2,0,1,0,4,7,0,0,4,0,2,78,-29,"Essendon","2022",3
21,"Heppell, Dyson",14,7,8,22,0,0,0,3,3,3,1,4,2,0,0,2,20,0,0,2,0,0,81,-29,"Essendon","2022",3
19,"Hind, Nick",18,3,3,21,0,0,0,2,6,2,1,3,1,0,0,9,11,0,0,2,0,1,84,-29,"Essendon","2022",3
29,"Kelly, Jake",8,5,2,10,0,0,0,0,5,0,0,4,0,3,0,1,8,0,0,3,0,0,100,-29,"Essendon","2022",3
15,"Laverde, Jayden",7,6,8,15,0,1,0,2,3,1,1,4,0,2,0,6,9,0,0,4,0,0,82,-29,"Essendon","2022",3
37,"Martin, Nic",10,8,10,20,0,0,0,0,2,1,3,1,0,1,0,4,16,0,0,0,0,1,86,-29,"Essendon","2022",3
1,"McGrath, Andrew",9,2,10,19,1,0,0,3,1,1,5,4,1,1,0,10,8,0,0,1,1,0,82,-29,"Essendon","2022",3
3,"Parish, Darcy",12,2,12,24,0,0,0,3,0,5,6,2,2,0,0,12,10,0,0,0,0,0,81,-29,"Essendon","2022",3
16,"Perkins, Archie",8,2,3,11,1,0,0,4,1,1,1,0,3,0,0,5,7,0,0,0,0,0,85,-29,"Essendon","2022",3
34,"Phillips, Andrew",9,5,3,12,0,0,16,2,1,1,3,3,2,1,0,8,6,1,0,4,0,0,63,-29,"Essendon","2022",3
27,"Redman, Mason",9,3,4,13,0,0,0,3,4,2,0,2,0,0,0,2,7,0,0,0,0,0,78,-29,"Essendon","2022",3
14,"Ridley, Jordan",18,8,3,21,0,0,0,3,8,0,0,2,1,1,0,2,12,1,0,3,0,0,90,-29,"Essendon","2022",3
9,"Shiel, Dylan",9,4,16,25,0,0,0,5,2,3,6,3,1,0,0,12,12,0,0,0,0,2,78,-29,"Essendon","2022",3
5,"Smith, Devon",0,0,0,0,0,0,0,0,0,0,0,0,0,0,0,0,0,0,0,0,0,0,0,-29,"Essendon","2022",3
17,"Stewart, James",6,4,2,8,0,0,0,1,3,1,0,5,1,3,0,8,0,4,0,2,0,0,88,-29,"Essendon","2022",3
25,"Stringer, Jake",12,3,2,14,2,0,0,1,1,3,2,3,0,1,0,6,7,2,2,0,0,0,82,-29,"Essendon","2022",3
40,"Wanganeen, Tex",3,2,0,3,1,1,0,3,0,1,0,0,0,0,0,1,2,0,1,1,0,0,74,-29,"Essendon","2022",3
20,"Wright, Peter",10,5,0,10,4,1,0,1,0,2,0,2,0,1,0,4,4,3,5,1,0,1,93,-29,"Essendon","2022",3
