"Number","Player","Kicks","Marks","Handballs","Disposals","Goals","Behinds","Hitouts","Tackles","Rebounds50s","Inside50s","Clearances","Clangers","FreesFor","FreesAgainst","BrownlowVotes","ContestedPossessions","UncontestedPossessions","ContestedMarks","MarksInside50","OnePercenters","Bounces","GoalAssists","PercentagePlayed","PointDifference","Team","Season","Round"
21,"Berry, Sam",5,0,13,18,0,0,0,8,1,2,8,4,1,2,0,13,5,0,0,2,0,0,66,31,"Adelaide","2022",12
5,"Crouch, Matt",9,3,18,27,0,0,0,2,2,3,1,4,1,1,0,7,20,0,0,0,0,0,80,31,"Adelaide","2022",12
12,"Dawson, Jordan",19,9,4,23,0,0,0,1,11,2,0,1,0,1,0,3,17,0,0,1,1,0,90,31,"Adelaide","2022",12
39,"Doedee, Tom",9,2,3,12,0,0,0,3,3,2,1,3,1,1,0,4,6,0,0,7,0,0,87,31,"Adelaide","2022",12
32,"Fogarty, Darcy",9,5,3,12,3,0,0,5,0,5,0,3,1,1,0,8,6,1,3,2,0,1,78,31,"Adelaide","2022",12
17,"Hamill, Will",6,2,6,12,0,0,0,2,1,4,1,3,2,1,0,5,9,0,0,1,0,0,83,31,"Adelaide","2022",12
6,"Hately, Jackson",6,5,19,25,0,0,0,3,1,2,3,0,0,0,0,8,16,0,0,1,0,0,79,31,"Adelaide","2022",12
20,"Hinge, Mitch",13,6,5,18,0,0,0,1,2,4,0,2,1,1,0,6,10,0,0,2,0,0,81,31,"Adelaide","2022",12
2,"Keays, Ben",13,2,16,29,0,0,0,3,2,7,5,4,1,2,0,16,14,0,0,0,0,1,83,31,"Adelaide","2022",12
29,"Laird, Rory",10,2,23,33,1,0,0,9,0,6,8,6,4,2,2,17,18,0,0,1,0,1,75,31,"Adelaide","2022",12
23,"McAdam, Shane",6,2,6,12,3,1,0,4,0,0,0,0,3,0,0,6,6,0,0,1,0,0,85,31,"Adelaide","2022",12
25,"McHenry, Ned",6,4,6,12,0,0,0,2,2,1,1,2,1,1,0,2,10,0,0,0,0,1,77,31,"Adelaide","2022",12
30,"Milera, Wayne",9,2,6,15,1,1,0,3,0,1,1,4,0,1,0,4,11,0,1,0,0,1,80,31,"Adelaide","2022",12
4,"Murphy, Lachlan",6,1,7,13,0,2,0,6,0,1,2,3,0,2,0,8,5,0,1,0,0,1,80,31,"Adelaide","2022",12
28,"Murray, Nick",7,4,2,9,0,0,0,1,2,1,1,3,0,0,0,8,3,1,0,16,0,1,100,31,"Adelaide","2022",12
43,"OBrien, Reilly",5,2,4,9,0,0,40,1,2,5,0,1,1,0,0,3,6,1,0,4,0,0,82,31,"Adelaide","2022",12
0,"Parnell, Patrick",14,1,1,15,0,0,0,3,2,2,1,3,0,1,0,3,10,0,0,0,0,0,67,31,"Adelaide","2022",12
31,"Rowe, James",8,1,5,13,0,1,0,5,0,3,0,5,2,2,0,3,10,0,0,0,0,0,87,31,"Adelaide","2022",12
0,"Schoenberg, Harry",0,0,0,0,0,0,0,0,0,0,0,0,0,0,0,1,0,0,0,0,0,0,8,31,"Adelaide","2022",12
33,"Smith, Brodie",17,6,4,21,0,0,0,6,3,5,0,4,1,0,0,6,14,1,0,0,0,0,92,31,"Adelaide","2022",12
14,"Soligo, Jake",7,2,3,10,2,1,0,4,2,0,1,1,2,1,0,5,5,0,1,1,0,0,85,31,"Adelaide","2022",12
7,"Thilthorpe, Riley",4,2,3,7,0,0,7,1,0,1,2,1,0,0,0,4,3,0,0,2,0,0,68,31,"Adelaide","2022",12
13,"Walker, Taylor",13,8,9,22,3,1,1,2,0,2,1,4,2,2,3,13,11,4,5,1,0,2,87,31,"Adelaide","2022",12
37,"Barrass, Tom",13,10,5,18,0,0,0,2,5,3,0,1,1,1,0,9,10,1,0,10,0,0,97,-31,"West Coast","2022",12
39,"Clark, Greg",5,2,6,11,0,0,0,10,1,1,2,3,1,1,0,4,7,0,0,0,0,0,64,-31,"West Coast","2022",12
15,"Cripps, Jamie",10,0,4,14,1,0,0,5,0,4,3,3,3,0,0,5,9,0,0,3,1,0,93,-31,"West Coast","2022",12
27,"Darling, Jack",8,4,7,15,2,0,0,3,0,2,0,3,0,0,0,11,5,4,2,4,0,2,100,-31,"West Coast","2022",12
14,"Duggan, Liam",6,6,5,11,0,0,0,3,3,1,0,3,0,2,0,0,11,0,0,0,0,0,76,-31,"West Coast","2022",12
42,"Edwards, Harry",7,5,2,9,0,0,0,0,1,1,0,2,0,0,0,1,8,1,0,5,0,0,89,-31,"West Coast","2022",12
29,"Foley, Luke",9,2,4,13,0,0,0,2,2,0,0,2,1,1,0,5,8,0,0,2,0,0,71,-31,"West Coast","2022",12
3,"Gaff, Andrew",15,2,15,30,1,1,0,4,1,4,3,2,3,0,1,11,20,0,0,1,0,1,89,-31,"West Coast","2022",12
19,"Hough, Brady",9,6,2,11,0,0,0,3,4,0,0,6,0,2,0,4,7,1,0,1,0,0,83,-31,"West Coast","2022",12
25,"Hurn, Shannon",18,6,3,21,0,0,0,2,5,1,0,1,2,1,0,6,10,1,0,2,0,1,84,-31,"West Coast","2022",12
40,"Jamieson, Callum",5,2,6,11,0,0,9,4,1,2,3,2,3,0,0,6,5,0,0,4,0,0,56,-31,"West Coast","2022",12
11,"Kelly, Tim",11,4,13,24,0,0,0,2,3,4,3,6,0,3,0,12,12,0,0,3,1,0,87,-31,"West Coast","2022",12
17,"Kennedy, Josh",6,2,1,7,1,2,0,1,0,0,0,6,1,3,0,4,4,0,1,2,0,0,80,-31,"West Coast","2022",12
0,"Naish, Patrick",2,0,0,2,0,0,0,0,0,0,0,0,0,0,0,1,1,0,0,1,0,0,22,-31,"West Coast","2022",12
30,"Nelson, Jackson",13,5,8,21,0,0,0,0,3,2,2,2,0,0,0,6,16,0,0,1,0,0,92,-31,"West Coast","2022",12
10,"Petrevski-Seton, Sam",6,2,3,9,1,0,0,6,0,1,2,2,1,1,0,6,4,0,0,2,0,0,83,-31,"West Coast","2022",12
8,"Redden, Jack",16,5,9,25,1,0,0,7,3,2,4,2,1,0,0,8,17,0,0,0,0,0,82,-31,"West Coast","2022",12
13,"Shuey, Luke",18,5,9,27,0,0,0,6,5,8,10,6,4,1,0,14,12,0,0,4,0,1,75,-31,"West Coast","2022",12
2,"Waterman, Jake",12,9,2,14,0,1,0,2,1,2,0,4,1,0,0,2,10,1,2,2,0,1,85,-31,"West Coast","2022",12
36,"West, Connor",5,1,7,12,1,0,0,5,0,0,0,4,0,3,0,4,9,0,0,2,0,0,72,-31,"West Coast","2022",12
32,"Williams, Bailey",3,2,2,5,0,0,21,3,1,2,0,2,1,0,0,2,2,1,0,2,0,0,68,-31,"West Coast","2022",12
0,"Winder, Isiah",3,1,5,8,0,0,0,2,0,2,2,2,0,1,0,4,4,0,0,2,0,0,60,-31,"West Coast","2022",12
23,"Witherden, Alex",15,5,7,22,0,0,0,2,5,2,0,5,0,3,0,2,18,0,0,4,0,0,91,-31,"West Coast","2022",12
