"Number","Player","Kicks","Marks","Handballs","Disposals","Goals","Behinds","Hitouts","Tackles","Rebounds50s","Inside50s","Clearances","Clangers","FreesFor","FreesAgainst","BrownlowVotes","ContestedPossessions","UncontestedPossessions","ContestedMarks","MarksInside50","OnePercenters","Bounces","GoalAssists","PercentagePlayed","PointDifference","Team","Season","Round"
16,"Bramble, Lachlan",6,0,5,11,0,0,0,3,2,2,0,2,3,1,0,5,6,0,0,0,0,0,86,5,"Hawthorn","2022",10
22,"Breust, Luke",8,1,3,11,1,0,0,1,0,5,2,3,3,1,0,9,5,0,0,2,2,0,83,5,"Hawthorn","2022",10
30,"Butler, Sam",5,1,4,9,2,1,0,2,0,1,1,2,1,1,0,3,7,0,0,0,0,0,56,5,"Hawthorn","2022",10
0,"Day, Will",4,1,4,8,0,1,0,3,0,0,0,2,0,1,0,4,5,0,0,3,2,0,59,5,"Hawthorn","2022",10
8,"Frost, Sam",4,3,5,9,1,0,0,1,0,2,0,3,0,1,0,5,4,2,2,1,2,1,85,5,"Hawthorn","2022",10
24,"Grainger-Barras, Denver",6,2,5,11,0,0,0,4,4,2,2,3,4,2,0,9,2,2,0,3,0,0,77,5,"Hawthorn","2022",10
15,"Hardwick, Blake",10,5,1,11,0,0,0,0,4,0,1,1,0,1,0,3,7,1,0,6,1,0,89,5,"Hawthorn","2022",10
0,"Hartigan, Kyle",0,0,0,0,0,0,0,0,0,0,0,0,0,0,0,0,0,0,0,2,0,0,27,5,"Hawthorn","2022",10
17,"Howe, Daniel",8,3,7,15,0,0,0,3,0,1,1,3,2,0,0,3,11,0,0,6,0,0,84,5,"Hawthorn","2022",10
4,"Impey, Jarman",9,1,8,17,0,0,0,0,4,2,1,2,1,0,0,4,13,0,0,1,0,0,82,5,"Hawthorn","2022",10
9,"Jiath, Changkuoth",9,4,3,12,0,0,0,4,4,1,0,6,0,2,0,4,7,0,0,2,1,1,82,5,"Hawthorn","2022",10
23,"Koschitzke, Jacob",5,2,2,7,0,0,6,6,0,2,1,1,2,1,0,3,4,0,1,1,0,1,85,5,"Hawthorn","2022",10
2,"Lewis, Mitch",7,4,2,9,4,0,0,1,1,0,0,2,2,1,0,5,3,1,2,1,0,0,90,5,"Hawthorn","2022",10
18,"Lynch, Max",6,0,3,9,1,0,21,1,0,2,2,1,0,0,0,5,3,0,0,0,0,0,76,5,"Hawthorn","2022",10
3,"Mitchell, Tom",11,5,25,36,1,0,0,7,4,3,9,9,3,5,3,20,18,1,1,2,1,0,77,5,"Hawthorn","2022",10
13,"Moore, Dylan",11,3,8,19,2,1,0,3,0,6,2,3,5,0,0,11,8,0,1,1,0,0,83,5,"Hawthorn","2022",10
1,"Morrison, Harry",7,4,7,14,1,1,0,2,1,2,1,3,0,1,0,2,13,0,1,1,0,2,80,5,"Hawthorn","2022",10
11,"Nash, Conor",9,4,8,17,0,0,0,4,4,2,5,3,1,1,0,9,9,0,0,2,0,0,74,5,"Hawthorn","2022",10
44,"Newcombe, Jai",19,6,8,27,1,0,0,6,2,6,9,4,3,2,2,14,15,1,0,2,1,1,85,5,"Hawthorn","2022",10
10,"OMeara, Jaeger",11,0,7,18,0,0,0,5,1,2,4,1,1,1,0,11,7,0,0,4,0,0,77,5,"Hawthorn","2022",10
26,"Shiels, Liam",5,2,2,7,1,0,0,3,2,3,0,1,1,1,0,1,6,0,0,0,0,1,76,5,"Hawthorn","2022",10
6,"Sicily, James",19,7,5,24,0,0,0,2,10,2,0,3,4,1,1,8,10,3,0,12,0,0,100,5,"Hawthorn","2022",10
20,"Wingard, Chad",7,3,4,11,3,0,0,1,0,4,2,5,0,3,0,4,6,0,2,4,0,2,87,5,"Hawthorn","2022",10
4,"Ah Chee, Callum",5,4,7,12,0,0,0,1,0,0,2,4,2,4,0,6,7,0,0,1,0,0,81,-5,"Brisbane Lions","2022",10
31,"Andrews, Harris",7,6,5,12,0,0,0,0,2,1,1,4,1,3,0,4,7,1,0,12,0,0,98,-5,"Brisbane Lions","2022",10
43,"Answerth, Noah",8,4,3,11,0,0,0,5,3,1,0,3,0,2,0,0,11,0,0,2,0,0,77,-5,"Brisbane Lions","2022",10
33,"Bailey, Zac",10,1,3,13,0,3,0,1,0,7,1,6,1,4,0,6,8,0,1,2,0,1,85,-5,"Brisbane Lions","2022",10
7,"Berry, Jarrod",10,2,3,13,1,0,0,4,2,3,2,1,2,0,0,4,9,0,0,2,0,1,71,-5,"Brisbane Lions","2022",10
23,"Cameron, Charlie",5,2,1,6,3,2,0,2,0,0,0,1,1,0,0,6,3,0,2,3,0,1,89,-5,"Brisbane Lions","2022",10
18,"Coleman, Keidean",17,8,9,26,0,0,0,1,3,4,0,2,1,0,0,7,18,0,0,7,0,2,72,-5,"Brisbane Lions","2022",10
32,"Fort, Darcy",7,4,4,11,1,0,23,2,0,2,1,0,0,0,0,7,6,1,1,5,0,0,81,-5,"Brisbane Lions","2022",10
21,"Fullarton, Tom",5,3,7,12,1,0,3,1,0,2,1,1,2,1,0,11,2,2,2,3,0,3,71,-5,"Brisbane Lions","2022",10
27,"Gardiner, Darcy",7,4,4,11,0,0,0,6,2,0,0,5,1,3,0,7,6,1,0,4,0,0,85,-5,"Brisbane Lions","2022",10
30,"Hipwood, Eric",5,2,3,8,0,0,0,2,1,2,0,4,0,3,0,2,6,0,0,4,0,0,81,-5,"Brisbane Lions","2022",10
17,"Lyons, Jarryd",19,6,13,32,0,2,0,7,1,4,9,4,1,1,0,13,15,0,1,1,0,2,83,-5,"Brisbane Lions","2022",10
11,"McCarthy, Lincoln",7,2,3,10,2,0,0,4,1,1,0,6,1,3,0,6,4,1,1,0,0,0,85,-5,"Brisbane Lions","2022",10
0,"McCluggage, Hugh",13,6,7,20,0,0,0,7,0,6,3,6,1,2,0,7,14,0,0,1,0,0,70,-5,"Brisbane Lions","2022",10
46,"McInerney, Oscar",4,1,5,9,1,0,45,2,0,2,5,2,1,1,0,8,3,1,1,7,0,1,81,-5,"Brisbane Lions","2022",10
9,"Neale, Lachie",9,2,16,25,1,1,0,6,1,6,7,1,4,1,0,14,12,0,1,2,0,0,84,-5,"Brisbane Lions","2022",10
40,"Payne, Jack",11,7,1,12,1,0,0,1,2,2,0,1,2,0,0,8,4,3,1,3,0,0,90,-5,"Brisbane Lions","2022",10
20,"Prior, Jaxon",10,2,2,12,3,0,0,1,0,5,2,2,3,1,0,6,6,0,0,2,0,0,70,-5,"Brisbane Lions","2022",10
16,"Rayner, Cam",11,5,10,21,1,0,0,1,1,3,4,2,0,1,0,9,12,1,0,0,0,0,71,-5,"Brisbane Lions","2022",10
10,"Rich, Daniel",25,5,8,33,1,0,0,2,6,6,1,5,0,2,0,4,21,1,0,1,0,0,85,-5,"Brisbane Lions","2022",10
0,"Robinson, Mitch",2,0,0,2,0,0,0,0,0,0,0,0,1,0,0,2,0,0,0,0,0,0,11,-5,"Brisbane Lions","2022",10
37,"Starcevich, Brandon",13,2,2,15,0,0,0,6,4,1,0,2,1,1,0,4,11,0,0,3,0,0,93,-5,"Brisbane Lions","2022",10
15,"Zorko, Dayne",15,6,8,23,1,1,0,1,3,3,3,5,1,3,0,11,13,1,2,2,0,0,85,-5,"Brisbane Lions","2022",10
