"Number","Player","Kicks","Marks","Handballs","Disposals","Goals","Behinds","Hitouts","Tackles","Rebounds50s","Inside50s","Clearances","Clangers","FreesFor","FreesAgainst","BrownlowVotes","ContestedPossessions","UncontestedPossessions","ContestedMarks","MarksInside50","OnePercenters","Bounces","GoalAssists","PercentagePlayed","PointDifference","Team","Season","Round"
10,"Brayshaw, Angus",15,0,17,32,0,0,0,6,1,9,5,5,0,1,0,14,17,0,0,1,0,1,74,-7,"Melbourne","2022",21
50,"Brown, Ben",6,7,10,16,2,1,2,0,0,2,0,4,0,2,0,7,11,3,4,4,0,0,76,-7,"Melbourne","2022",21
31,"Fritsch, Bayley",5,2,6,11,2,1,0,2,0,2,1,2,1,1,0,6,7,1,1,0,0,1,87,-7,"Melbourne","2022",21
11,"Gawn, Max",21,10,10,31,0,2,27,3,1,7,10,5,1,1,0,14,14,4,2,5,0,1,91,-7,"Melbourne","2022",21
4,"Harmes, James",0,0,0,0,0,0,0,0,0,0,0,0,0,0,0,0,0,0,0,0,0,0,0,-7,"Melbourne","2022",21
14,"Hibberd, Michael",6,2,5,11,0,0,0,4,4,1,0,3,0,1,0,4,7,0,0,4,0,0,87,-7,"Melbourne","2022",21
29,"Hunt, Jayden",4,0,5,9,0,0,0,4,0,0,1,1,2,0,0,6,4,0,0,2,0,0,82,-7,"Melbourne","2022",21
6,"Jackson, Luke",5,4,12,17,0,0,9,3,0,3,3,0,0,0,0,11,5,2,0,2,0,2,69,-7,"Melbourne","2022",21
23,"Jordon, James",10,5,14,24,0,0,0,2,1,2,1,3,0,2,0,7,17,0,0,0,0,0,85,-7,"Melbourne","2022",21
15,"Langdon, Ed",12,1,10,22,1,0,0,1,2,3,1,2,0,0,0,5,18,0,1,1,0,0,100,-7,"Melbourne","2022",21
8,"Lever, Jake",6,3,8,14,0,0,0,0,3,2,0,1,0,0,0,4,8,1,0,3,0,0,89,-7,"Melbourne","2022",21
1,"May, Steven",12,3,6,18,0,0,0,2,3,0,0,5,0,1,0,8,5,2,0,6,0,0,100,-7,"Melbourne","2022",21
18,"Melksham, Jake",4,2,4,8,1,1,0,2,0,0,0,0,2,0,0,5,3,0,2,0,0,1,77,-7,"Melbourne","2022",21
30,"Neal-Bullen, Alex",6,2,8,14,1,0,0,5,0,5,1,2,0,1,0,2,13,0,0,1,0,0,79,-7,"Melbourne","2022",21
13,"Oliver, Clayton",14,3,28,42,0,0,0,8,0,5,14,7,3,1,3,24,21,0,0,2,0,1,88,-7,"Melbourne","2022",21
5,"Petracca, Christian",18,4,18,36,1,2,0,3,1,8,3,4,1,1,0,12,24,0,0,0,0,1,88,-7,"Melbourne","2022",21
35,"Petty, Harry",3,3,4,7,0,0,0,3,1,1,0,2,0,2,0,1,6,1,0,6,0,0,96,-7,"Melbourne","2022",21
36,"Pickett, Kysaiah",10,1,3,13,1,1,0,0,0,2,1,0,0,0,0,5,5,0,0,1,0,0,77,-7,"Melbourne","2022",21
24,"Rivers, Trent",7,2,5,12,0,0,0,0,2,4,2,2,0,1,0,5,6,1,0,0,0,0,63,-7,"Melbourne","2022",21
3,"Salem, Christian",15,4,9,24,1,1,0,4,3,2,2,1,1,0,0,6,13,0,0,1,0,0,84,-7,"Melbourne","2022",21
9,"Spargo, Charlie",7,2,2,9,1,0,0,1,1,3,0,0,0,0,0,0,9,0,0,5,0,0,59,-7,"Melbourne","2022",21
32,"Sparrow, Tom",2,2,7,9,1,0,0,0,0,1,0,1,0,0,0,3,7,0,1,0,0,0,63,-7,"Melbourne","2022",21
7,"Viney, Jack",13,1,17,30,1,0,0,6,2,3,8,6,2,1,0,13,17,0,0,2,0,1,87,-7,"Melbourne","2022",21
0,"Bianco, Trent",2,2,1,3,0,0,0,4,1,0,0,1,0,0,0,0,3,0,0,1,0,0,34,7,"Collingwood","2022",21
14,"Cameron, Darcy",4,1,2,6,0,0,21,3,0,0,1,0,0,0,0,5,2,0,0,2,0,1,79,7,"Collingwood","2022",21
45,"Carmichael, Josh",13,1,4,17,0,1,0,0,0,1,1,8,0,1,0,10,5,0,0,0,0,0,64,7,"Collingwood","2022",21
46,"Cox, Mason",8,2,0,8,1,0,22,0,5,2,2,5,1,2,0,5,2,1,1,5,0,0,50,7,"Collingwood","2022",21
25,"Crisp, Jack",11,3,13,24,0,2,0,8,1,6,4,5,0,1,0,13,11,0,0,1,0,0,83,7,"Collingwood","2022",21
7,"Daicos, Josh",8,0,7,15,1,0,0,4,0,3,1,4,0,2,0,4,12,0,0,0,0,0,88,7,"Collingwood","2022",21
35,"Daicos, Nick",18,4,13,31,0,0,0,5,7,2,1,3,2,2,1,10,17,0,0,1,2,1,82,7,"Collingwood","2022",21
2,"de Goey, Jordan",20,2,5,25,1,0,0,3,1,5,9,4,1,0,0,12,12,0,0,0,1,1,89,7,"Collingwood","2022",21
5,"Elliott, Jamie",12,3,1,13,4,0,0,4,0,1,1,4,3,1,2,7,6,1,2,1,0,0,84,7,"Collingwood","2022",21
33,"Ginnivan, Jack",4,1,1,5,0,0,0,3,0,1,0,0,1,0,0,5,1,0,0,0,0,0,70,7,"Collingwood","2022",21
0,"Hoskin-Elliott, Will",4,1,0,4,0,0,0,1,0,2,0,1,0,0,0,1,2,0,0,0,2,0,44,7,"Collingwood","2022",21
38,"Howe, Jeremy",11,7,7,18,0,0,0,1,3,3,0,2,3,0,0,10,10,1,0,6,1,1,97,7,"Collingwood","2022",21
40,"Johnson, Ash",6,4,1,7,4,0,0,2,0,0,0,2,1,0,0,5,3,2,3,1,0,0,78,7,"Collingwood","2022",21
1,"Lipinski, Patrick",12,5,5,17,1,0,0,6,2,2,5,2,0,0,0,7,10,0,1,1,0,2,77,7,"Collingwood","2022",21
37,"Maynard, Brayden",14,8,4,18,0,0,0,3,5,2,1,3,1,0,0,6,13,1,0,4,0,0,80,7,"Collingwood","2022",21
31,"McCreery, Beau",4,3,1,5,1,0,0,7,0,1,0,0,1,0,0,3,3,1,1,2,0,1,81,7,"Collingwood","2022",21
41,"Mihocek, Brody",5,3,4,9,2,1,0,1,0,1,0,1,0,1,0,3,6,1,1,1,0,1,97,7,"Collingwood","2022",21
30,"Moore, Darcy",6,5,6,12,0,0,0,1,5,0,1,2,0,1,0,6,4,2,0,8,1,0,91,7,"Collingwood","2022",21
28,"Murphy, Nathan",12,5,3,15,0,0,0,1,6,0,0,3,1,0,0,3,9,0,0,2,0,0,85,7,"Collingwood","2022",21
9,"Noble, John",12,6,3,15,0,0,0,2,3,2,0,2,0,1,0,2,12,0,0,1,0,0,83,7,"Collingwood","2022",21
10,"Pendlebury, Scott",11,3,9,20,0,0,0,6,3,3,2,5,1,1,0,11,12,0,0,3,0,1,86,7,"Collingwood","2022",21
3,"Quaynor, Isaac",8,4,1,9,0,0,0,5,4,1,0,2,0,0,0,2,6,0,0,4,0,0,83,7,"Collingwood","2022",21
22,"Sidebottom, Steele",12,9,8,20,0,0,0,1,3,3,2,2,0,0,0,8,13,0,0,5,1,1,97,7,"Collingwood","2022",21
