"Number","Player","Kicks","Marks","Handballs","Disposals","Goals","Behinds","Hitouts","Tackles","Rebounds50s","Inside50s","Clearances","Clangers","FreesFor","FreesAgainst","BrownlowVotes","ContestedPossessions","UncontestedPossessions","ContestedMarks","MarksInside50","OnePercenters","Bounces","GoalAssists","PercentagePlayed","PointDifference","Team","Season","Round"
9,"Acres, Blake",8,2,8,16,0,0,0,2,2,1,4,1,1,0,0,6,10,0,0,2,0,0,80,-36,"Fremantle","2022",10
11,"Aish, James",7,1,9,16,0,0,0,2,0,3,0,4,0,0,0,5,10,0,0,0,0,1,79,-36,"Fremantle","2022",10
41,"Banfield, Bailey",5,2,3,8,0,0,0,2,2,2,0,1,0,1,0,3,7,0,0,0,0,0,81,-36,"Fremantle","2022",10
8,"Brayshaw, Andrew",17,6,14,31,1,0,0,5,6,4,3,7,0,4,0,11,21,0,0,0,0,0,75,-36,"Fremantle","2022",10
17,"Brodie, Will",16,3,20,36,1,1,0,6,2,1,11,1,0,0,2,20,12,0,0,1,0,0,69,-36,"Fremantle","2022",10
27,"Chapman, Heath",12,5,6,18,0,0,0,1,4,1,0,4,0,2,0,8,12,0,0,2,0,0,79,-36,"Fremantle","2022",10
6,"Clark, Jordan",16,5,11,27,0,0,0,2,5,2,0,3,1,1,0,7,20,0,0,3,0,0,84,-36,"Fremantle","2022",10
33,"Colyer, Travis",7,4,6,13,0,0,0,2,1,1,1,2,0,0,0,3,10,0,0,2,0,0,75,-36,"Fremantle","2022",10
36,"Cox, Brennan",8,3,9,17,0,0,0,2,4,0,0,4,1,1,0,6,11,2,0,13,0,0,80,-36,"Fremantle","2022",10
4,"Darcy, Sean",15,3,6,21,0,0,44,3,2,4,10,2,4,0,0,18,4,2,0,5,0,0,83,-36,"Fremantle","2022",10
28,"Erasmus, Neil",0,0,0,0,0,0,0,0,0,0,0,0,0,0,0,0,0,0,0,0,0,0,0,-36,"Fremantle","2022",10
32,"Frederick, Michael",5,3,4,9,0,1,0,1,0,2,0,1,0,1,0,4,5,0,0,0,0,0,92,-36,"Fremantle","2022",10
37,"Lobb, Rory",5,2,5,10,1,1,15,1,0,0,0,4,2,1,0,5,5,1,0,3,0,0,95,-36,"Fremantle","2022",10
2,"Logue, Griffin",5,6,8,13,0,0,0,0,3,0,0,3,0,1,0,8,6,3,0,9,0,0,92,-36,"Fremantle","2022",10
16,"Mundy, David",15,2,19,34,1,1,0,3,2,6,3,5,2,0,0,12,20,0,0,2,0,0,67,-36,"Fremantle","2022",10
25,"Pearce, Alex",7,4,4,11,0,0,0,2,3,0,0,3,1,2,0,2,9,1,0,4,0,0,92,-36,"Fremantle","2022",10
13,"Ryan, Luke",14,4,6,20,0,0,0,1,6,3,1,0,2,0,0,8,8,0,0,8,0,0,87,-36,"Fremantle","2022",10
5,"Schultz, Lachie",9,4,4,13,0,1,0,2,2,2,0,5,1,2,0,8,6,0,2,2,0,0,80,-36,"Fremantle","2022",10
3,"Serong, Caleb",13,1,16,29,0,0,0,9,0,6,7,2,3,0,0,16,12,0,0,0,0,0,73,-36,"Fremantle","2022",10
39,"Switkowski, Sam",7,3,5,12,1,0,0,6,0,4,2,2,1,1,0,5,6,0,0,0,0,0,83,-36,"Fremantle","2022",10
20,"Taberner, Matthew",5,2,2,7,0,0,0,1,0,1,0,2,1,0,0,4,2,0,0,1,0,0,84,-36,"Fremantle","2022",10
10,"Walters, Michael",11,1,8,19,1,1,0,1,0,1,1,6,3,1,0,10,7,1,0,2,0,1,85,-36,"Fremantle","2022",10
26,"Young, Hayden",12,6,4,16,0,0,0,6,4,2,0,4,2,1,0,6,10,2,0,0,0,0,85,-36,"Fremantle","2022",10
13,"Adams, Taylor",16,3,4,20,0,0,0,9,1,2,5,3,1,1,0,12,10,0,0,1,0,0,76,36,"Collingwood","2022",10
6,"Brown, Tyler",6,2,6,12,0,0,2,6,2,3,2,3,0,1,0,5,7,0,0,1,0,0,72,36,"Collingwood","2022",10
14,"Cameron, Darcy",9,7,3,12,1,0,22,8,2,2,2,1,1,0,0,7,6,3,1,3,0,0,78,36,"Collingwood","2022",10
0,"Cox, Mason",1,0,1,2,0,0,9,3,0,0,0,2,0,2,0,1,1,0,0,1,0,0,25,36,"Collingwood","2022",10
25,"Crisp, Jack",16,3,11,27,1,0,0,5,1,7,8,8,2,1,3,16,9,0,0,2,0,0,74,36,"Collingwood","2022",10
7,"Daicos, Josh",14,3,6,20,0,0,0,3,1,7,6,7,0,4,0,6,9,0,0,0,0,2,81,36,"Collingwood","2022",10
35,"Daicos, Nick",13,4,10,23,0,0,0,1,4,2,3,2,0,0,0,6,12,0,0,0,0,0,81,36,"Collingwood","2022",10
2,"de Goey, Jordan",10,2,9,19,0,2,0,4,1,5,7,1,2,1,0,14,6,1,0,3,0,0,84,36,"Collingwood","2022",10
5,"Elliott, Jamie",7,2,6,13,0,0,0,4,0,1,1,2,0,1,0,4,9,0,0,1,0,0,76,36,"Collingwood","2022",10
33,"Ginnivan, Jack",11,2,1,12,2,2,0,3,0,3,0,2,2,0,0,4,7,1,1,3,1,0,84,36,"Collingwood","2022",10
0,"Henry, Oliver",11,5,2,13,4,1,0,1,0,2,1,3,2,0,1,4,8,1,3,2,0,1,62,36,"Collingwood","2022",10
32,"Hoskin-Elliott, Will",8,3,6,14,2,0,0,1,1,3,0,1,0,0,0,9,4,1,2,1,0,1,75,36,"Collingwood","2022",10
38,"Howe, Jeremy",10,3,3,13,0,0,0,1,3,2,0,1,2,1,0,5,7,1,0,7,0,0,93,36,"Collingwood","2022",10
1,"Lipinski, Patrick",15,6,14,29,0,0,0,3,2,3,5,6,1,1,0,11,16,0,1,1,0,1,89,36,"Collingwood","2022",10
37,"Maynard, Brayden",12,1,1,13,0,0,0,4,3,2,0,1,1,0,0,5,7,1,0,3,0,0,77,36,"Collingwood","2022",10
31,"McCreery, Beau",6,0,6,12,0,0,0,3,1,3,0,4,0,1,0,4,6,0,0,3,0,1,68,36,"Collingwood","2022",10
41,"Mihocek, Brody",5,1,1,6,2,0,0,6,0,1,0,1,2,1,0,3,2,0,0,1,0,0,89,36,"Collingwood","2022",10
30,"Moore, Darcy",8,4,4,12,0,0,0,2,4,2,0,3,0,1,0,7,2,2,0,15,0,0,98,36,"Collingwood","2022",10
28,"Murphy, Nathan",6,1,1,7,0,0,0,1,3,1,0,3,1,2,0,6,1,0,0,7,0,0,82,36,"Collingwood","2022",10
9,"Noble, John",13,4,5,18,0,0,0,5,4,2,0,3,1,1,0,6,12,0,0,6,0,1,84,36,"Collingwood","2022",10
10,"Pendlebury, Scott",6,1,10,16,0,0,0,9,1,0,3,4,0,1,0,7,7,0,0,3,0,0,83,36,"Collingwood","2022",10
3,"Quaynor, Isaac",9,1,4,13,0,0,0,4,3,2,0,4,1,2,0,5,6,1,0,5,0,0,85,36,"Collingwood","2022",10
22,"Sidebottom, Steele",16,4,7,23,0,0,0,3,1,5,2,6,0,3,0,5,16,0,0,5,0,0,84,36,"Collingwood","2022",10
