"Number","Player","Kicks","Marks","Handballs","Disposals","Goals","Behinds","Hitouts","Tackles","Rebounds50s","Inside50s","Clearances","Clangers","FreesFor","FreesAgainst","BrownlowVotes","ContestedPossessions","UncontestedPossessions","ContestedMarks","MarksInside50","OnePercenters","Bounces","GoalAssists","PercentagePlayed","PointDifference","Team","Season","Round"
8,"Frost, Sam",10,3,7,17,0,0,0,4,3,1,0,1,2,0,0,9,9,1,0,7,0,0,95,20,"Hawthorn","2022",1
24,"Grainger-Barras, Denver",5,2,0,5,0,0,0,1,2,0,0,0,1,0,0,1,5,0,0,4,0,0,82,20,"Hawthorn","2022",1
19,"Gunston, Jack",14,8,4,18,3,4,0,1,0,2,0,3,2,1,0,10,8,3,6,1,0,0,96,20,"Hawthorn","2022",1
15,"Hardwick, Blake",10,1,2,12,0,0,0,2,5,0,1,3,1,1,0,3,6,0,0,4,0,0,87,20,"Hawthorn","2022",1
9,"Jiath, Changkuoth",9,5,15,24,0,0,0,1,4,3,1,1,0,1,3,7,18,1,0,7,1,1,70,20,"Hawthorn","2022",1
2,"Lewis, Mitch",11,9,2,13,3,1,0,3,0,2,0,2,2,1,0,8,5,6,5,0,0,0,97,20,"Hawthorn","2022",1
0,"Lynch, Max",2,1,0,2,0,0,6,1,0,1,1,1,1,1,0,1,1,0,0,0,0,0,18,20,"Hawthorn","2022",1
31,"Macdonald, Connor",5,3,11,16,0,0,0,1,1,3,1,2,0,1,0,6,9,0,0,0,0,0,73,20,"Hawthorn","2022",1
32,"Maginness, Finn",11,3,3,14,1,0,0,5,3,3,0,5,0,2,0,3,12,0,0,0,0,0,86,20,"Hawthorn","2022",1
3,"Mitchell, Tom",12,4,17,29,0,1,0,3,1,5,6,6,3,3,1,11,18,0,1,0,0,1,82,20,"Hawthorn","2022",1
13,"Moore, Dylan",12,10,7,19,1,0,0,6,0,6,0,6,1,0,0,7,12,2,0,1,0,1,90,20,"Hawthorn","2022",1
1,"Morrison, Harry",12,6,10,22,0,0,0,3,5,2,1,2,3,0,0,7,16,0,0,2,0,0,87,20,"Hawthorn","2022",1
11,"Nash, Conor",6,2,4,10,0,0,3,7,0,2,3,1,1,1,0,4,6,0,0,1,0,0,64,20,"Hawthorn","2022",1
44,"Newcombe, Jai",13,6,5,18,1,1,0,3,1,4,1,5,2,3,0,8,11,1,2,1,2,3,83,20,"Hawthorn","2022",1
10,"OMeara, Jaeger",5,3,10,15,0,0,0,2,0,2,5,3,0,1,0,10,5,1,0,2,0,0,73,20,"Hawthorn","2022",1
0,"Phillips, Tom",11,8,6,17,0,0,0,5,2,1,0,3,0,1,0,4,13,0,0,0,0,2,61,20,"Hawthorn","2022",1
37,"Reeves, Ned",2,1,5,7,0,0,26,3,1,0,2,4,0,2,0,5,1,1,0,1,0,0,72,20,"Hawthorn","2022",1
14,"Scrimshaw, Jack",13,4,8,21,0,1,0,3,5,3,1,2,0,1,0,7,12,0,0,2,2,0,83,20,"Hawthorn","2022",1
26,"Shiels, Liam",13,4,12,25,0,1,0,2,2,1,0,4,1,0,0,6,20,0,0,2,0,0,84,20,"Hawthorn","2022",1
6,"Sicily, James",16,6,11,27,0,0,0,2,5,2,0,4,3,1,0,6,17,1,0,4,1,0,90,20,"Hawthorn","2022",1
25,"Ward, Josh",5,3,8,13,0,0,0,1,2,0,1,2,0,1,0,2,11,0,0,0,0,0,62,20,"Hawthorn","2022",1
20,"Wingard, Chad",9,1,2,11,2,0,0,2,0,2,0,2,1,0,0,2,7,0,0,2,0,0,88,20,"Hawthorn","2022",1
5,"Worpel, James",7,3,5,12,0,0,0,1,2,4,3,3,1,3,0,5,9,0,0,1,0,0,76,20,"Hawthorn","2022",1
21,"Coleman-Jones, Callum",1,1,3,4,0,0,2,2,0,0,0,2,2,1,0,2,3,0,0,0,0,1,73,-20,"North Melbourne","2022",1
4,"Corr, Aidan",7,4,2,9,0,0,0,1,3,0,1,2,0,0,0,2,7,0,0,3,0,0,89,-20,"North Melbourne","2022",1
9,"Davies-Uniacke, Luke",16,5,11,27,0,0,0,9,2,5,5,2,3,1,0,13,14,0,0,0,0,0,79,-20,"North Melbourne","2022",1
22,"Goldstein, Todd",7,4,6,13,2,0,12,0,1,1,4,2,3,1,0,9,3,2,2,2,0,0,73,-20,"North Melbourne","2022",1
18,"Greenwood, Hugh",10,3,9,19,0,0,0,3,0,3,4,1,2,0,0,9,9,0,0,1,0,0,72,-20,"North Melbourne","2022",1
43,"Hall, Aaron",26,11,5,31,0,0,0,1,8,6,1,3,0,0,0,6,20,1,0,1,2,0,90,-20,"North Melbourne","2022",1
6,"Horne-Francis, Jason",9,3,4,13,1,1,0,3,0,4,4,1,1,1,0,6,7,0,1,1,1,0,80,-20,"North Melbourne","2022",1
20,"Larkey, Nick",6,3,4,10,2,1,0,0,0,2,0,3,1,1,0,3,6,0,1,2,0,1,95,-20,"North Melbourne","2022",1
0,"Lazzaro, Charlie",5,4,6,11,0,1,0,0,0,4,0,4,0,1,0,3,8,0,0,0,0,0,58,-20,"North Melbourne","2022",1
1,"Mahony, Jack",7,2,5,12,1,0,0,4,1,3,3,4,1,2,0,4,7,1,0,2,0,0,72,-20,"North Melbourne","2022",1
11,"McDonald, Luke",24,12,3,27,0,1,0,0,7,4,0,2,0,2,2,7,14,4,0,6,0,0,93,-20,"North Melbourne","2022",1
0,"McKay, Ben",0,0,0,0,0,0,0,0,0,0,0,0,0,0,0,0,0,0,0,1,0,0,22,-20,"North Melbourne","2022",1
24,"Powell, Tom",12,8,9,21,0,0,0,2,1,2,0,3,0,0,0,8,13,0,0,0,0,0,83,-20,"North Melbourne","2022",1
8,"Scott, Bailey",8,4,8,16,0,0,0,2,2,1,0,2,1,1,0,2,14,0,0,2,0,0,93,-20,"North Melbourne","2022",1
12,"Simpkin, Jy",19,4,10,29,2,0,0,5,0,5,4,6,1,2,0,13,17,0,1,0,0,0,91,-20,"North Melbourne","2022",1
2,"Stephenson, Jaidyn",6,4,5,11,0,0,0,4,2,2,1,5,0,1,0,2,10,0,1,2,0,0,83,-20,"North Melbourne","2022",1
5,"Taylor, Curtis",10,6,6,16,0,1,0,3,1,3,1,1,1,1,0,7,10,0,1,3,0,1,82,-20,"North Melbourne","2022",1
26,"Thomas, Tarryn",8,4,3,11,0,0,0,2,1,1,3,3,2,1,0,6,4,1,0,1,3,0,73,-20,"North Melbourne","2022",1
28,"Turner, Kayne",6,5,4,10,0,0,0,2,2,1,0,5,2,3,0,4,7,0,0,2,0,0,83,-20,"North Melbourne","2022",1
38,"Xerri, Tristan",5,3,5,10,0,1,18,3,0,1,2,4,2,2,0,8,2,2,1,2,0,1,83,-20,"North Melbourne","2022",1
17,"Young, Lachie",7,4,6,13,0,1,0,2,2,0,0,2,0,1,0,3,10,1,0,2,0,0,75,-20,"North Melbourne","2022",1
7,"Ziebell, Jack",14,6,6,20,0,0,0,0,4,2,1,1,2,0,0,8,9,1,0,6,0,0,79,-20,"North Melbourne","2022",1
44,"Zurhaar, Cameron",4,1,4,8,0,1,0,2,0,3,0,4,1,3,0,5,4,0,0,7,0,0,79,-20,"North Melbourne","2022",1
