"Number","Player","Kicks","Marks","Handballs","Disposals","Goals","Behinds","Hitouts","Tackles","Rebounds50s","Inside50s","Clearances","Clangers","FreesFor","FreesAgainst","BrownlowVotes","ContestedPossessions","UncontestedPossessions","ContestedMarks","MarksInside50","OnePercenters","Bounces","GoalAssists","PercentagePlayed","PointDifference","Team","Season","Round"
12,"Bedford, Toby",5,2,6,11,2,0,0,2,1,1,1,0,0,0,0,5,6,0,0,0,0,2,75,64,"Melbourne","2022",15
17,"Bowey, Jake",6,3,5,11,0,0,0,2,0,1,1,0,0,0,0,4,7,0,0,0,0,0,69,64,"Melbourne","2022",15
10,"Brayshaw, Angus",17,8,12,29,0,0,0,2,5,1,1,3,1,1,0,11,21,1,0,2,0,0,85,64,"Melbourne","2022",15
50,"Brown, Ben",10,6,1,11,1,3,0,1,0,0,0,3,0,1,0,4,7,2,3,2,0,0,75,64,"Melbourne","2022",15
31,"Fritsch, Bayley",8,4,2,10,3,2,0,2,0,1,1,2,1,2,0,7,5,1,3,5,0,0,90,64,"Melbourne","2022",15
4,"Harmes, James",8,2,8,16,2,0,0,7,0,4,1,1,1,0,0,7,10,0,0,4,0,0,82,64,"Melbourne","2022",15
14,"Hibberd, Michael",5,6,9,14,0,0,0,5,2,1,0,3,0,0,0,6,9,0,0,1,0,0,85,64,"Melbourne","2022",15
29,"Hunt, Jayden",0,0,0,0,0,0,0,0,0,0,0,0,0,0,0,0,0,0,0,0,0,0,0,64,"Melbourne","2022",15
6,"Jackson, Luke",9,4,12,21,1,0,18,9,1,6,3,3,2,0,2,10,12,1,0,4,0,1,78,64,"Melbourne","2022",15
23,"Jordon, James",13,4,11,24,2,1,0,1,2,4,1,2,1,0,0,9,16,0,0,0,1,0,79,64,"Melbourne","2022",15
15,"Langdon, Ed",11,2,4,15,0,0,0,0,1,2,2,3,0,1,0,6,9,0,0,0,0,0,100,64,"Melbourne","2022",15
8,"Lever, Jake",10,8,10,20,0,0,0,2,4,2,0,1,1,0,1,10,9,2,0,8,0,0,89,64,"Melbourne","2022",15
1,"May, Steven",18,4,4,22,0,0,0,1,7,0,0,4,1,3,0,4,10,0,0,6,0,0,100,64,"Melbourne","2022",15
30,"Neal-Bullen, Alex",8,3,9,17,1,2,0,8,0,6,1,2,1,0,0,5,12,0,0,0,1,0,79,64,"Melbourne","2022",15
13,"Oliver, Clayton",14,3,21,35,0,1,0,2,4,3,12,4,0,0,0,21,16,0,0,2,0,2,87,64,"Melbourne","2022",15
5,"Petracca, Christian",20,6,11,31,0,2,0,2,2,9,8,5,0,1,0,14,18,1,3,0,0,1,86,64,"Melbourne","2022",15
35,"Petty, Harry",4,2,4,8,0,0,0,3,0,1,0,2,0,0,0,3,6,1,0,0,0,0,91,64,"Melbourne","2022",15
36,"Pickett, Kysaiah",9,4,3,12,2,0,0,2,0,0,0,3,1,1,0,3,7,0,2,2,0,0,78,64,"Melbourne","2022",15
3,"Salem, Christian",11,4,6,17,0,0,0,1,4,3,1,3,0,0,0,2,13,0,0,2,0,0,81,64,"Melbourne","2022",15
9,"Spargo, Charlie",9,4,4,13,1,1,0,3,1,3,2,1,1,0,0,6,9,0,1,1,0,3,67,64,"Melbourne","2022",15
32,"Sparrow, Tom",7,3,10,17,1,1,0,3,0,2,2,1,0,1,0,9,9,0,0,3,0,0,71,64,"Melbourne","2022",15
7,"Viney, Jack",17,1,17,34,0,0,0,7,0,10,8,6,2,0,3,19,14,0,1,1,0,1,81,64,"Melbourne","2022",15
26,"Weideman, Sam",4,1,7,11,0,1,10,3,1,2,1,1,0,0,0,5,7,0,1,2,0,1,71,64,"Melbourne","2022",15
24,"Adams, Marcus",3,2,2,5,0,0,0,1,1,0,0,1,2,1,0,2,3,0,0,8,0,0,96,-64,"Brisbane Lions","2022",15
0,"Ah Chee, Callum",2,2,3,5,0,0,0,1,0,1,0,0,0,0,0,0,5,0,0,0,0,0,18,-64,"Brisbane Lions","2022",15
31,"Andrews, Harris",15,12,3,18,0,0,0,1,5,1,0,2,0,1,0,7,12,2,0,15,0,0,89,-64,"Brisbane Lions","2022",15
43,"Answerth, Noah",9,7,5,14,0,0,0,2,3,0,0,3,0,0,0,4,10,0,0,4,0,0,86,-64,"Brisbane Lions","2022",15
7,"Berry, Jarrod",13,8,5,18,0,0,0,2,1,3,0,2,1,0,0,4,14,0,0,1,0,0,86,-64,"Brisbane Lions","2022",15
13,"Berry, Tom",1,0,7,8,0,0,0,2,0,2,2,4,0,1,0,4,4,0,0,0,0,1,65,-64,"Brisbane Lions","2022",15
23,"Cameron, Charlie",8,3,5,13,0,0,0,4,0,1,0,3,0,0,0,5,9,1,0,1,0,1,91,-64,"Brisbane Lions","2022",15
18,"Coleman, Keidean",14,10,5,19,0,0,0,2,5,0,0,2,0,0,0,4,12,0,0,2,0,0,78,-64,"Brisbane Lions","2022",15
3,"Daniher, Joe",6,3,3,9,1,3,0,2,0,2,0,0,3,0,0,7,2,2,1,1,0,0,97,-64,"Brisbane Lions","2022",15
30,"Hipwood, Eric",6,3,2,8,2,1,0,2,0,2,0,3,1,1,0,4,4,1,1,1,0,0,83,-64,"Brisbane Lions","2022",15
0,"Lyons, Jarryd",6,1,8,14,0,0,0,2,0,2,4,3,0,1,0,8,4,0,0,2,0,0,47,-64,"Brisbane Lions","2022",15
11,"McCarthy, Lincoln",9,3,1,10,1,1,0,2,0,2,0,0,0,0,0,4,5,0,1,1,0,0,82,-64,"Brisbane Lions","2022",15
6,"McCluggage, Hugh",19,6,8,27,0,1,0,11,1,6,3,6,0,0,0,8,18,1,0,0,1,0,90,-64,"Brisbane Lions","2022",15
46,"McInerney, Oscar",14,5,9,23,0,2,29,3,6,3,12,3,1,1,0,18,5,3,1,4,0,0,83,-64,"Brisbane Lions","2022",15
25,"McStay, Daniel",5,5,8,13,0,1,10,3,0,0,0,2,0,0,0,8,6,2,1,2,0,1,76,-64,"Brisbane Lions","2022",15
9,"Neale, Lachie",11,4,11,22,0,0,0,3,2,3,7,2,0,0,0,12,9,1,1,0,0,1,90,-64,"Brisbane Lions","2022",15
40,"Payne, Jack",9,6,4,13,0,0,0,5,5,1,0,3,1,1,0,5,8,2,0,6,0,0,76,-64,"Brisbane Lions","2022",15
16,"Rayner, Cam",8,2,6,14,1,1,0,8,0,4,4,3,0,1,0,7,6,0,1,2,0,1,77,-64,"Brisbane Lions","2022",15
10,"Rich, Daniel",25,8,8,33,0,0,0,0,7,6,1,2,0,1,0,4,20,0,0,1,0,0,85,-64,"Brisbane Lions","2022",15
2,"Robertson, Deven",1,1,7,8,0,0,0,6,0,1,1,3,0,1,0,3,5,0,0,1,0,0,83,-64,"Brisbane Lions","2022",15
5,"Robinson, Mitch",7,4,3,10,2,0,0,2,1,1,0,4,0,0,0,1,9,0,1,1,0,0,74,-64,"Brisbane Lions","2022",15
37,"Starcevich, Brandon",14,3,5,19,0,0,0,3,5,1,0,7,2,2,0,11,8,0,0,3,0,0,89,-64,"Brisbane Lions","2022",15
29,"Tunstill, James",6,2,3,9,0,0,0,1,0,1,1,1,0,1,0,2,9,0,0,1,0,0,58,-64,"Brisbane Lions","2022",15
