"Number","Player","Kicks","Marks","Handballs","Disposals","Goals","Behinds","Hitouts","Tackles","Rebounds50s","Inside50s","Clearances","Clangers","FreesFor","FreesAgainst","BrownlowVotes","ContestedPossessions","UncontestedPossessions","ContestedMarks","MarksInside50","OnePercenters","Bounces","GoalAssists","PercentagePlayed","PointDifference","Team","Season","Round"
30,"Atkins, Tom",8,6,7,15,0,0,0,5,3,0,0,1,0,0,0,4,11,1,0,1,1,0,91,10,"Geelong","2022",4
24,"Bews, Jed",7,0,4,11,1,0,0,3,2,3,0,1,1,1,0,6,5,0,0,0,0,0,88,10,"Geelong","2022",4
46,"Blicavs, Mark",9,7,13,22,0,2,20,8,1,3,5,2,3,2,0,9,15,0,2,3,0,1,76,10,"Geelong","2022",4
5,"Cameron, Jeremy",12,7,4,16,1,2,0,2,0,5,1,3,1,2,0,4,12,2,3,3,0,2,97,10,"Geelong","2022",4
45,"Close, Brad",8,3,6,14,0,1,0,3,0,6,2,1,2,0,0,8,7,0,1,2,0,1,87,10,"Geelong","2022",4
40,"Dahlhaus, Luke",10,7,5,15,1,1,0,1,0,2,0,0,0,0,0,5,11,0,1,1,0,0,67,10,"Geelong","2022",4
35,"Dangerfield, Patrick",7,2,12,19,0,0,0,5,1,2,4,5,1,2,0,9,9,1,0,2,0,0,79,10,"Geelong","2022",4
16,"De Koning, Sam",5,5,4,9,0,0,0,0,2,0,0,2,0,1,0,7,2,4,0,5,0,0,80,10,"Geelong","2022",4
22,"Duncan, Mitch",14,10,4,18,0,0,0,2,5,2,0,4,0,0,0,1,18,0,0,2,0,1,86,10,"Geelong","2022",4
29,"Guthrie, Cameron",7,3,8,15,0,0,0,6,2,0,5,1,0,0,0,8,7,0,0,2,0,0,66,10,"Geelong","2022",4
0,"Guthrie, Zach",2,0,2,4,0,0,0,0,1,1,0,0,1,0,0,2,2,0,0,0,0,0,20,10,"Geelong","2022",4
26,"Hawkins, Tom",9,7,5,14,5,3,4,3,0,0,2,2,1,0,3,8,6,5,7,1,0,0,95,10,"Geelong","2022",4
38,"Henry, Jack",9,5,4,13,0,0,0,0,1,0,0,3,1,2,0,4,9,0,0,3,0,0,93,10,"Geelong","2022",4
9,"Holmes, Max",11,3,8,19,0,0,0,0,0,3,2,3,0,0,0,7,12,0,0,2,0,1,69,10,"Geelong","2022",4
8,"Kolodjashnij, Jake",10,9,6,16,0,0,0,1,2,0,0,2,0,1,0,5,10,1,0,2,0,0,89,10,"Geelong","2022",4
32,"Miers, Gryan",10,5,15,25,0,1,0,2,1,3,0,4,0,0,0,7,18,1,0,1,0,0,88,10,"Geelong","2022",4
0,"Narkle, Quinton",9,4,6,15,1,0,0,0,2,2,1,7,1,1,0,3,14,0,1,0,0,0,48,10,"Geelong","2022",4
42,"OConnor, Mark",10,1,12,22,0,0,0,6,0,5,4,4,1,2,0,7,15,0,0,2,0,1,83,10,"Geelong","2022",4
3,"Parfitt, Brandan",10,1,10,20,0,0,0,7,1,4,5,4,1,1,0,8,12,0,1,3,0,0,70,10,"Geelong","2022",4
7,"Smith, Isaac",19,10,10,29,1,0,0,2,1,8,3,2,0,0,2,5,25,0,1,1,0,1,81,10,"Geelong","2022",4
1,"Stanley, Rhys",8,1,5,13,0,1,21,1,0,2,3,1,2,1,0,6,6,0,1,3,0,0,84,10,"Geelong","2022",4
18,"Stengle, Tyson",8,3,3,11,1,2,0,3,1,4,0,0,0,0,0,3,8,0,1,2,0,0,74,10,"Geelong","2022",4
2,"Tuohy, Zach",18,5,6,24,0,0,0,2,5,4,1,0,2,0,0,6,13,0,0,3,2,0,89,10,"Geelong","2022",4
24,"Adams, Marcus",10,8,2,12,0,0,0,1,7,0,0,5,0,1,0,2,10,1,0,1,0,0,100,-10,"Brisbane Lions","2022",4
4,"Ah Chee, Callum",9,4,4,13,0,1,0,1,0,4,0,0,2,0,0,3,12,0,1,1,0,0,71,-10,"Brisbane Lions","2022",4
31,"Andrews, Harris",11,12,5,16,0,0,0,0,5,0,0,1,0,1,0,6,11,4,0,6,0,0,100,-10,"Brisbane Lions","2022",4
43,"Answerth, Noah",11,6,2,13,0,0,0,4,4,1,0,4,0,2,0,2,11,0,0,3,0,1,83,-10,"Brisbane Lions","2022",4
33,"Bailey, Zac",10,2,5,15,0,0,0,1,2,3,4,4,0,1,0,8,7,0,0,1,0,0,82,-10,"Brisbane Lions","2022",4
7,"Berry, Jarrod",8,3,13,21,0,0,0,5,1,2,4,2,2,0,0,11,11,0,0,4,0,1,84,-10,"Brisbane Lions","2022",4
23,"Cameron, Charlie",10,4,6,16,2,0,0,0,0,3,0,4,0,1,0,6,10,0,1,3,0,2,87,-10,"Brisbane Lions","2022",4
12,"Cockatoo, Nakia",5,3,4,9,0,0,0,3,0,2,0,3,1,1,0,2,6,0,0,1,0,0,76,-10,"Brisbane Lions","2022",4
3,"Daniher, Joe",9,7,3,12,3,0,0,0,0,3,0,1,2,1,0,9,3,5,2,1,0,1,91,-10,"Brisbane Lions","2022",4
32,"Fort, Darcy",12,5,3,15,0,0,23,3,1,2,4,3,2,1,0,7,7,2,0,0,0,1,80,-10,"Brisbane Lions","2022",4
21,"Fullarton, Tom",4,2,3,7,1,0,1,1,0,0,0,3,0,1,0,2,5,0,1,1,0,1,70,-10,"Brisbane Lions","2022",4
27,"Gardiner, Darcy",5,3,5,10,0,0,0,2,2,0,0,1,1,0,0,6,3,1,0,7,0,0,96,-10,"Brisbane Lions","2022",4
17,"Lyons, Jarryd",15,6,6,21,0,0,0,6,3,2,1,4,1,0,0,8,14,0,0,1,0,0,77,-10,"Brisbane Lions","2022",4
11,"McCarthy, Lincoln",10,6,4,14,0,0,0,3,0,3,0,3,0,2,0,2,12,0,1,0,0,0,82,-10,"Brisbane Lions","2022",4
6,"McCluggage, Hugh",11,4,11,22,0,1,0,4,3,2,4,4,1,2,0,9,13,0,0,1,0,0,82,-10,"Brisbane Lions","2022",4
25,"McStay, Daniel",11,11,3,14,3,1,1,1,0,3,0,2,1,1,1,6,8,4,5,1,0,1,89,-10,"Brisbane Lions","2022",4
9,"Neale, Lachie",12,3,18,30,0,1,0,5,2,2,11,3,2,2,0,21,10,1,0,1,0,0,83,-10,"Brisbane Lions","2022",4
16,"Rayner, Cam",8,4,5,13,1,0,0,1,1,2,3,5,0,1,0,8,4,1,1,1,0,0,77,-10,"Brisbane Lions","2022",4
10,"Rich, Daniel",21,3,3,24,0,0,0,3,11,4,1,2,0,0,0,5,10,0,0,2,0,1,80,-10,"Brisbane Lions","2022",4
2,"Robertson, Deven",0,0,0,0,0,0,0,0,0,0,0,0,0,0,0,0,0,0,0,0,0,0,0,-10,"Brisbane Lions","2022",4
5,"Robinson, Mitch",12,4,5,17,0,0,0,3,2,2,0,3,1,0,0,5,12,0,0,0,0,0,69,-10,"Brisbane Lions","2022",4
37,"Starcevich, Brandon",9,4,1,10,1,0,0,1,1,1,0,2,0,0,0,3,8,1,0,1,2,0,76,-10,"Brisbane Lions","2022",4
15,"Zorko, Dayne",9,3,2,11,0,0,0,1,2,1,1,0,0,0,0,2,8,0,0,2,0,1,65,-10,"Brisbane Lions","2022",4
