"Number","Player","Kicks","Marks","Handballs","Disposals","Goals","Behinds","Hitouts","Tackles","Rebounds50s","Inside50s","Clearances","Clangers","FreesFor","FreesAgainst","BrownlowVotes","ContestedPossessions","UncontestedPossessions","ContestedMarks","MarksInside50","OnePercenters","Bounces","GoalAssists","PercentagePlayed","PointDifference","Team","Season","Round"
9,"Ainsworth, Ben",7,3,4,11,1,1,0,0,0,2,0,5,1,1,0,5,7,1,2,2,0,0,70,30,"Gold Coast","2022",4
15,"Anderson, Noah",25,2,10,35,1,0,0,1,1,8,10,6,1,0,3,15,19,0,0,4,0,0,87,30,"Gold Coast","2022",4
0,"Atkins, Rory",7,2,5,12,0,0,0,1,1,2,1,2,1,1,0,3,9,0,0,0,0,0,52,30,"Gold Coast","2022",4
10,"Ballard, Charlie",6,3,4,10,0,0,0,0,1,0,0,2,0,1,0,5,5,1,0,4,0,0,93,30,"Gold Coast","2022",4
30,"Casboult, Levi",4,3,3,7,1,2,0,1,0,0,0,1,0,0,0,3,4,2,2,0,0,0,95,30,"Gold Coast","2022",4
1,"Chol, Mabior",7,4,2,9,3,2,10,1,0,0,1,1,0,1,0,8,1,3,3,1,0,0,77,30,"Gold Coast","2022",4
25,"Collins, Sam",9,7,1,10,0,0,0,1,5,2,0,3,1,2,0,4,6,2,0,10,0,0,100,30,"Gold Coast","2022",4
19,"Corbett, Josh",8,7,4,12,2,1,0,1,0,4,0,1,0,0,0,2,10,1,3,1,0,0,87,30,"Gold Coast","2022",4
5,"Davies, Alex",6,1,9,15,0,0,0,1,1,4,6,6,1,2,0,11,4,0,0,1,1,0,58,30,"Gold Coast","2022",4
4,"Ellis, Brandon",15,7,8,23,0,1,0,3,6,4,0,2,1,0,0,7,15,1,1,2,0,0,85,30,"Gold Coast","2022",4
0,"Farrar, Jy",0,0,3,3,0,0,0,1,1,0,0,1,0,1,0,2,1,0,0,2,0,0,26,30,"Gold Coast","2022",4
8,"Fiorini, Brayden",14,5,2,16,0,0,0,2,4,4,0,3,0,1,0,1,14,0,0,2,0,0,78,30,"Gold Coast","2022",4
7,"Holman, Nick",5,1,3,8,0,1,0,3,0,2,0,4,0,1,0,3,5,0,1,2,0,0,80,30,"Gold Coast","2022",4
23,"Lemmens, Sean",8,4,5,13,0,0,0,0,2,0,0,2,1,1,0,3,10,0,0,1,0,0,83,30,"Gold Coast","2022",4
13,"Lukosius, Jack",10,5,4,14,0,3,0,5,2,3,1,2,0,2,0,5,8,0,0,2,0,3,84,30,"Gold Coast","2022",4
11,"Miller, Touk",12,2,20,32,0,1,0,0,2,3,8,2,0,0,0,21,11,0,0,0,0,0,84,30,"Gold Coast","2022",4
27,"Powell, Wil",13,6,4,17,0,0,0,3,2,6,0,2,2,2,0,3,10,1,0,4,0,2,83,30,"Gold Coast","2022",4
22,"Rankine, Izak",3,1,4,7,1,1,0,0,0,1,2,3,0,1,0,7,2,0,0,1,1,2,78,30,"Gold Coast","2022",4
41,"Rosas, Malcolm",6,2,6,12,3,0,0,1,0,2,1,1,0,0,0,3,9,0,1,0,0,0,64,30,"Gold Coast","2022",4
18,"Rowell, Matt",8,1,11,19,0,0,0,6,1,4,4,4,2,3,0,10,8,0,0,3,0,0,86,30,"Gold Coast","2022",4
24,"Swallow, David",10,3,3,13,0,0,0,1,2,4,2,3,2,0,0,5,7,0,0,2,1,0,86,30,"Gold Coast","2022",4
14,"Weller, Lachie",24,8,7,31,1,0,0,1,7,7,1,3,1,0,2,5,21,0,0,1,0,2,79,30,"Gold Coast","2022",4
28,"Witts, Jarrod",9,2,7,16,0,0,42,2,1,2,6,1,3,1,0,11,6,0,0,1,0,1,85,30,"Gold Coast","2022",4
0,"Boyd, Jordan",8,4,4,12,0,0,0,0,2,2,0,1,0,1,0,2,10,0,0,0,0,0,55,-30,"Carlton","2022",4
5,"Cerra, Adam",7,0,8,15,0,1,0,8,0,4,3,2,1,1,0,7,9,0,0,1,0,0,68,-30,"Carlton","2022",4
0,"Cripps, Patrick",3,1,4,7,1,0,0,2,0,2,2,2,2,0,0,3,5,0,1,0,0,0,23,-30,"Carlton","2022",4
30,"Curnow, Charlie",9,7,2,11,1,2,0,2,0,6,0,1,1,0,0,6,7,2,2,2,0,0,85,-30,"Carlton","2022",4
12,"De Koning, Tom",7,3,3,10,1,0,15,2,0,3,0,1,0,1,0,5,5,2,1,6,0,0,78,-30,"Carlton","2022",4
15,"Docherty, Sam",17,5,12,29,0,0,0,2,2,1,1,1,1,0,0,11,16,0,0,3,0,1,84,-30,"Carlton","2022",4
25,"Fisher, Zac",9,6,9,18,1,0,0,1,3,2,1,1,0,0,0,3,15,0,1,0,0,0,76,-30,"Carlton","2022",4
8,"Fogarty, Lachie",5,4,5,10,0,0,0,3,0,2,0,1,0,0,0,4,6,1,0,1,0,1,73,-30,"Carlton","2022",4
29,"Hewett, George",10,7,19,29,1,0,0,5,0,3,8,4,3,1,0,12,17,0,0,1,0,0,84,-30,"Carlton","2022",4
7,"Kennedy, Matthew",6,2,9,15,0,0,0,8,1,0,0,9,1,2,0,9,6,0,0,2,0,0,70,-30,"Carlton","2022",4
21,"Martin, Jack",8,7,3,11,0,2,0,1,1,3,0,4,2,1,0,4,7,1,1,0,0,0,77,-30,"Carlton","2022",4
10,"McKay, Harry",7,4,0,7,2,3,0,0,0,0,0,0,1,0,0,4,4,1,3,3,0,0,92,-30,"Carlton","2022",4
24,"Newman, Nic",17,6,7,24,0,1,0,4,5,1,0,5,1,2,0,4,19,0,0,0,0,0,81,-30,"Carlton","2022",4
4,"OBrien, Lochie",14,8,3,17,0,1,0,0,3,3,1,2,0,0,0,2,14,0,0,1,0,1,79,-30,"Carlton","2022",4
44,"Owies, Matthew",8,3,3,11,1,1,0,5,1,1,1,2,3,1,0,3,7,0,1,1,0,1,83,-30,"Carlton","2022",4
20,"Plowman, Lachie",4,4,5,9,0,0,0,3,1,0,0,1,0,0,0,3,7,0,0,6,0,0,76,-30,"Carlton","2022",4
42,"Saad, Adam",14,2,9,23,0,0,0,2,6,4,1,3,1,0,0,9,10,1,0,6,12,0,84,-30,"Carlton","2022",4
43,"Setterfield, Will",10,4,10,20,0,0,0,2,3,2,3,5,0,1,0,8,12,0,0,0,0,1,89,-30,"Carlton","2022",4
1,"Silvagni, Jack",10,4,8,18,0,1,4,4,0,2,2,4,1,1,0,7,11,0,0,1,0,0,81,-30,"Carlton","2022",4
18,"Walsh, Sam",13,6,15,28,0,1,0,4,1,3,1,5,0,3,0,8,20,0,0,0,0,0,89,-30,"Carlton","2022",4
23,"Weitering, Jacob",7,5,3,10,0,0,0,1,5,0,0,4,0,1,0,4,5,0,0,11,2,0,100,-30,"Carlton","2022",4
6,"Williams, Zac",31,5,5,36,0,0,0,5,11,3,2,6,2,1,1,7,20,0,0,4,1,0,80,-30,"Carlton","2022",4
33,"Young, Lewis",9,4,2,11,0,0,0,3,5,0,1,2,1,0,0,4,5,1,0,7,0,0,93,-30,"Carlton","2022",4
