"Number","Player","Kicks","Marks","Handballs","Disposals","Goals","Behinds","Hitouts","Tackles","Rebounds50s","Inside50s","Clearances","Clangers","FreesFor","FreesAgainst","BrownlowVotes","ContestedPossessions","UncontestedPossessions","ContestedMarks","MarksInside50","OnePercenters","Bounces","GoalAssists","PercentagePlayed","PointDifference","Team","Season","Round"
12,"Bedford, Toby",2,0,3,5,0,0,0,2,1,1,1,0,1,0,0,3,3,0,0,1,0,0,69,14,"Melbourne","2022",18
10,"Brayshaw, Angus",14,7,6,20,0,0,0,0,5,1,0,1,0,1,0,3,16,0,0,0,0,0,83,14,"Melbourne","2022",18
50,"Brown, Ben",9,8,5,14,2,1,1,2,0,1,1,3,1,2,0,8,7,3,3,3,0,0,78,14,"Melbourne","2022",18
27,"Dunstan, Luke",0,0,0,0,0,0,0,0,0,0,0,0,0,0,0,0,0,0,0,0,0,0,0,14,"Melbourne","2022",18
31,"Fritsch, Bayley",9,5,6,15,2,2,0,2,0,1,0,0,2,0,0,7,9,1,4,0,0,3,83,14,"Melbourne","2022",18
11,"Gawn, Max",8,6,8,16,0,0,18,0,0,2,3,3,2,1,0,4,12,0,1,4,0,0,89,14,"Melbourne","2022",18
4,"Harmes, James",6,1,11,17,0,0,0,8,0,2,3,2,0,0,0,8,9,0,0,2,0,0,69,14,"Melbourne","2022",18
14,"Hibberd, Michael",12,8,2,14,0,0,0,3,4,0,0,2,0,0,0,3,9,0,0,2,0,0,84,14,"Melbourne","2022",18
6,"Jackson, Luke",5,3,8,13,1,1,13,5,0,1,1,2,1,1,0,9,5,0,1,1,0,0,74,14,"Melbourne","2022",18
23,"Jordon, James",13,6,6,19,0,0,0,3,2,7,0,4,0,0,0,4,16,0,0,4,0,0,82,14,"Melbourne","2022",18
15,"Langdon, Ed",16,8,8,24,0,0,0,0,5,4,1,0,0,0,0,6,19,0,0,1,0,0,100,14,"Melbourne","2022",18
8,"Lever, Jake",4,1,3,7,0,0,0,2,2,0,0,3,0,1,0,3,2,0,0,2,0,0,90,14,"Melbourne","2022",18
1,"May, Steven",16,4,2,18,0,0,0,1,6,1,0,2,1,0,0,4,9,1,0,9,0,0,95,14,"Melbourne","2022",18
18,"Melksham, Jake",4,3,2,6,1,0,0,7,0,2,0,2,1,0,0,2,4,0,1,0,2,1,76,14,"Melbourne","2022",18
30,"Neal-Bullen, Alex",7,4,7,14,0,0,0,3,0,4,2,1,0,0,0,5,9,0,0,0,0,0,76,14,"Melbourne","2022",18
5,"Petracca, Christian",17,7,13,30,0,0,0,2,4,7,10,4,0,2,1,17,15,0,0,3,0,3,88,14,"Melbourne","2022",18
36,"Pickett, Kysaiah",13,2,1,14,6,1,0,0,0,3,0,3,1,1,3,8,5,0,2,1,1,0,84,14,"Melbourne","2022",18
24,"Rivers, Trent",4,4,7,11,0,0,0,0,3,0,0,1,0,1,0,2,9,0,0,2,0,0,65,14,"Melbourne","2022",18
3,"Salem, Christian",11,4,5,16,0,0,0,1,4,1,1,3,1,1,0,7,9,0,0,2,0,0,83,14,"Melbourne","2022",18
9,"Spargo, Charlie",10,6,7,17,0,0,0,1,1,5,0,2,1,0,0,3,14,0,0,1,1,0,72,14,"Melbourne","2022",18
32,"Sparrow, Tom",12,6,6,18,0,0,0,6,1,4,1,5,0,1,0,6,12,0,0,2,0,1,80,14,"Melbourne","2022",18
20,"Tomlinson, Adam",7,7,8,15,0,0,0,0,3,0,0,1,0,0,0,6,9,1,0,4,0,0,100,14,"Melbourne","2022",18
7,"Viney, Jack",18,6,10,28,0,0,0,3,2,2,3,8,3,1,0,6,20,0,1,2,0,1,80,14,"Melbourne","2022",18
21,"Aliir, Aliir",9,6,7,16,0,0,0,0,1,1,0,5,0,3,0,6,11,1,0,6,1,0,95,-14,"Port Adelaide","2022",18
15,"Amon, Karl",16,8,9,25,0,0,0,2,5,2,0,2,0,0,0,3,21,0,1,3,2,0,81,-14,"Port Adelaide","2022",18
14,"Bergman, Miles",11,8,5,16,2,0,0,1,0,1,2,2,0,0,0,6,10,0,1,3,1,0,76,-14,"Port Adelaide","2022",18
10,"Boak, Travis",16,6,13,29,2,1,0,3,1,10,5,5,0,1,0,9,19,0,0,2,0,0,82,-14,"Port Adelaide","2022",18
26,"Bonner, Riley",14,8,2,16,0,0,0,0,4,1,1,4,0,1,0,2,12,0,0,0,0,0,71,-14,"Port Adelaide","2022",18
36,"Burgoyne, Jase",0,0,0,0,0,0,0,0,0,0,0,0,0,0,0,0,0,0,0,0,0,0,0,-14,"Port Adelaide","2022",18
3,"Burton, Ryan",19,7,1,20,0,0,0,2,8,2,0,2,0,0,0,2,15,0,0,1,0,0,83,-14,"Port Adelaide","2022",18
18,"Butters, Zak",11,5,9,20,0,0,0,1,0,2,3,1,2,0,0,7,13,0,0,0,0,0,82,-14,"Port Adelaide","2022",18
33,"Byrne-Jones, Darcy",12,10,12,24,0,0,0,3,1,1,1,2,0,1,0,6,19,0,0,0,1,1,79,-14,"Port Adelaide","2022",18
17,"Clurey, Tom",5,5,3,8,0,0,0,1,2,0,0,1,1,1,0,3,6,1,0,7,2,0,93,-14,"Port Adelaide","2022",18
22,"Dixon, Charlie",9,4,6,15,1,0,11,3,0,3,2,2,2,1,0,8,7,3,0,1,0,1,86,-14,"Port Adelaide","2022",18
28,"Drew, Willem",13,5,10,23,1,0,0,3,1,5,4,3,1,0,0,10,13,0,2,2,0,1,83,-14,"Port Adelaide","2022",18
24,"Farrell, Kane",3,1,3,6,0,1,0,1,1,0,0,2,0,0,0,3,4,0,1,3,0,0,72,-14,"Port Adelaide","2022",18
11,"Finlayson, Jeremy",12,5,5,17,1,1,6,1,1,2,5,3,1,2,0,8,8,2,2,1,0,0,83,-14,"Port Adelaide","2022",18
19,"Georgiades, Mitch",1,1,3,4,0,1,0,0,0,0,0,0,0,0,0,0,4,0,1,1,0,0,78,-14,"Port Adelaide","2022",18
9,"Gray, Robbie",7,5,16,23,0,0,0,2,1,3,5,2,0,0,0,9,15,0,1,1,0,0,71,-14,"Port Adelaide","2022",18
5,"Houston, Dan",19,11,9,28,0,0,0,3,1,0,2,2,1,0,0,8,18,0,0,1,0,0,82,-14,"Port Adelaide","2022",18
1,"Jonas, Tom",13,10,4,17,0,0,0,1,4,2,0,5,1,3,0,4,13,0,0,8,0,0,96,-14,"Port Adelaide","2022",18
4,"Marshall, Todd",7,5,3,10,2,0,0,1,0,4,0,1,0,0,0,3,7,2,2,0,0,2,86,-14,"Port Adelaide","2022",18
44,"Mead, Jackson",3,1,6,9,0,0,0,3,0,0,3,4,1,1,0,4,4,0,0,0,0,0,68,-14,"Port Adelaide","2022",18
2,"Powell-Pepper, Sam",16,8,5,21,0,3,0,1,0,6,0,5,0,1,0,5,15,1,0,0,1,0,85,-14,"Port Adelaide","2022",18
20,"Rozee, Connor",15,2,18,33,1,0,0,3,1,6,4,6,3,0,2,11,22,0,0,1,0,1,86,-14,"Port Adelaide","2022",18
16,"Wines, Ollie",11,6,16,27,0,1,0,1,3,4,3,2,0,0,0,8,19,0,1,0,0,2,81,-14,"Port Adelaide","2022",18
