"Number","Player","Kicks","Marks","Handballs","Disposals","Goals","Behinds","Hitouts","Tackles","Rebounds50s","Inside50s","Clearances","Clangers","FreesFor","FreesAgainst","BrownlowVotes","ContestedPossessions","UncontestedPossessions","ContestedMarks","MarksInside50","OnePercenters","Bounces","GoalAssists","PercentagePlayed","PointDifference","Team","Season","Round"
11,"Aish, James",14,7,16,30,0,0,0,2,0,4,5,4,0,1,0,10,19,0,0,1,0,0,81,78,"Fremantle","2022",8
24,"Amiss, Jye",7,5,2,9,2,0,0,0,0,2,0,0,0,0,0,4,4,1,2,1,0,1,82,78,"Fremantle","2022",8
41,"Banfield, Bailey",15,8,3,18,2,3,0,5,0,3,0,4,0,1,0,3,15,1,4,0,0,1,86,78,"Fremantle","2022",8
8,"Brayshaw, Andrew",20,6,14,34,0,0,0,7,3,10,10,1,0,0,3,12,20,0,0,1,0,0,77,78,"Fremantle","2022",8
17,"Brodie, Will",15,2,22,37,0,0,0,4,3,5,4,5,2,3,1,7,30,0,0,1,2,0,67,78,"Fremantle","2022",8
27,"Chapman, Heath",11,5,14,25,0,0,0,3,3,3,0,1,1,0,0,10,13,1,0,7,0,1,90,78,"Fremantle","2022",8
6,"Clark, Jordan",15,7,8,23,1,1,0,3,4,3,1,2,2,1,0,2,20,1,0,0,0,0,82,78,"Fremantle","2022",8
36,"Cox, Brennan",9,3,6,15,1,0,4,3,1,2,0,2,0,1,0,4,9,2,0,3,0,0,91,78,"Fremantle","2022",8
4,"Darcy, Sean",9,7,8,17,1,0,42,3,2,5,4,0,1,0,2,10,7,4,1,2,0,0,82,78,"Fremantle","2022",8
28,"Erasmus, Neil",3,4,5,8,0,0,0,2,0,2,3,1,0,0,0,2,6,0,0,0,0,0,17,78,"Fremantle","2022",8
23,"Henry, Liam",4,3,5,9,0,1,0,1,0,2,0,5,0,1,0,1,8,0,0,0,0,0,83,78,"Fremantle","2022",8
16,"Mundy, David",10,4,11,21,1,0,0,6,3,2,8,2,0,1,0,11,14,0,0,4,1,0,72,78,"Fremantle","2022",8
30,"ODriscoll, Nathan",6,4,10,16,1,1,0,2,0,1,2,2,0,0,0,6,10,0,1,1,0,1,78,78,"Fremantle","2022",8
25,"Pearce, Alex",7,5,4,11,0,0,0,1,0,1,0,0,0,0,0,2,10,0,0,5,0,0,93,78,"Fremantle","2022",8
13,"Ryan, Luke",11,8,3,14,0,0,0,1,4,1,1,1,1,1,0,4,8,1,0,4,0,0,76,78,"Fremantle","2022",8
5,"Schultz, Lachie",4,3,3,7,1,1,0,1,0,2,0,1,0,1,0,3,4,0,2,2,0,2,85,78,"Fremantle","2022",8
3,"Serong, Caleb",12,3,15,27,0,0,0,9,0,5,6,2,4,1,0,13,14,0,0,3,0,0,79,78,"Fremantle","2022",8
39,"Switkowski, Sam",7,3,5,12,2,0,0,6,0,1,3,1,1,1,0,4,6,0,2,0,0,2,67,78,"Fremantle","2022",8
35,"Treacy, Josh",7,5,5,12,0,1,3,3,0,2,0,3,1,1,0,7,6,2,1,1,0,1,86,78,"Fremantle","2022",8
18,"Tucker, Darcy",7,2,5,12,0,0,0,0,1,2,0,2,0,0,0,2,10,0,0,2,0,0,81,78,"Fremantle","2022",8
31,"Walker, Brandon",10,3,3,13,0,0,0,3,1,3,0,1,1,0,0,0,12,0,0,1,2,1,80,78,"Fremantle","2022",8
10,"Walters, Michael",9,3,8,17,2,1,0,1,0,3,0,1,1,0,0,8,9,1,1,0,0,1,87,78,"Fremantle","2022",8
26,"Young, Hayden",12,5,8,20,1,0,0,3,3,3,0,3,1,0,0,4,14,0,0,3,0,0,78,78,"Fremantle","2022",8
3,"Anderson, Jed",4,1,8,12,0,0,0,1,0,0,2,5,0,0,0,5,7,0,0,1,0,0,76,-78,"North Melbourne","2022",8
15,"Bosenavulagi, Atu",7,3,2,9,0,0,0,3,2,1,0,2,0,0,0,2,7,0,0,1,0,0,71,-78,"North Melbourne","2022",8
21,"Coleman-Jones, Callum",7,3,2,9,1,0,10,1,0,1,2,1,1,0,0,7,2,2,0,2,0,0,66,-78,"North Melbourne","2022",8
4,"Corr, Aidan",8,7,4,12,0,0,0,0,1,0,0,0,0,0,0,2,9,0,0,3,1,0,89,-78,"North Melbourne","2022",8
25,"Curtis, Paul",4,3,3,7,0,1,0,3,0,2,0,5,0,2,0,7,3,1,0,0,0,0,81,-78,"North Melbourne","2022",8
9,"Davies-Uniacke, Luke",10,4,13,23,0,0,0,3,3,1,1,2,1,0,0,11,13,0,0,0,0,0,79,-78,"North Melbourne","2022",8
22,"Goldstein, Todd",6,1,10,16,0,0,34,1,3,3,4,3,1,2,0,12,4,0,0,10,0,0,96,-78,"North Melbourne","2022",8
18,"Greenwood, Hugh",5,2,10,15,0,0,0,4,2,0,1,4,1,2,0,9,7,0,0,0,0,0,73,-78,"North Melbourne","2022",8
6,"Horne-Francis, Jason",10,2,5,15,0,0,0,3,2,2,7,3,1,0,0,9,7,0,0,1,0,0,77,-78,"North Melbourne","2022",8
1,"Mahony, Jack",1,0,0,1,0,0,0,1,1,0,0,0,0,0,0,0,1,0,0,0,0,0,23,-78,"North Melbourne","2022",8
11,"McDonald, Luke",16,9,10,26,0,0,0,3,9,0,0,4,1,0,0,6,17,0,0,2,0,0,85,-78,"North Melbourne","2022",8
23,"McKay, Ben",10,8,1,11,0,0,0,2,3,0,1,2,1,1,0,8,4,5,0,4,0,0,60,-78,"North Melbourne","2022",8
39,"Perez, Flynn",12,4,6,18,0,0,0,2,5,4,2,4,1,0,0,4,14,0,0,3,0,0,83,-78,"North Melbourne","2022",8
8,"Scott, Bailey",8,4,6,14,0,0,0,2,2,1,0,2,1,0,0,5,10,0,0,1,1,0,90,-78,"North Melbourne","2022",8
12,"Simpkin, Jy",12,3,6,18,0,0,0,5,1,4,5,4,0,4,0,6,12,0,0,0,0,1,83,-78,"North Melbourne","2022",8
2,"Stephenson, Jaidyn",8,1,6,14,0,0,0,2,3,0,2,2,0,0,0,4,7,0,0,0,0,0,69,-78,"North Melbourne","2022",8
5,"Taylor, Curtis",4,2,4,8,0,0,0,2,3,1,0,5,0,2,0,4,5,0,0,0,1,0,83,-78,"North Melbourne","2022",8
26,"Thomas, Tarryn",16,3,2,18,0,0,0,7,0,4,4,5,1,0,0,10,9,0,1,1,0,0,77,-78,"North Melbourne","2022",8
28,"Turner, Kayne",6,2,4,10,0,0,0,0,4,0,0,2,0,1,0,2,8,0,0,2,0,0,89,-78,"North Melbourne","2022",8
19,"Walker, Josh",6,5,2,8,0,1,0,0,2,1,0,1,0,1,0,0,7,0,2,2,0,0,94,-78,"North Melbourne","2022",8
17,"Young, Lachie",14,9,5,19,0,0,0,0,6,0,0,0,1,0,0,4,12,1,0,6,0,0,90,-78,"North Melbourne","2022",8
7,"Ziebell, Jack",6,2,6,12,0,1,0,0,0,5,0,1,3,1,0,6,6,0,1,0,0,0,84,-78,"North Melbourne","2022",8
44,"Zurhaar, Cameron",7,7,2,9,2,1,0,1,0,2,0,0,0,0,0,5,4,3,3,0,0,0,81,-78,"North Melbourne","2022",8
