"Number","Player","Kicks","Marks","Handballs","Disposals","Goals","Behinds","Hitouts","Tackles","Rebounds50s","Inside50s","Clearances","Clangers","FreesFor","FreesAgainst","BrownlowVotes","ContestedPossessions","UncontestedPossessions","ContestedMarks","MarksInside50","OnePercenters","Bounces","GoalAssists","PercentagePlayed","PointDifference","Team","Season","Round"
21,"Aleer, Leek",7,6,0,7,0,0,0,2,1,1,0,0,1,0,0,3,4,2,0,5,0,0,79,27,"Greater Western Sydney","2022",21
7,"Ash, Lachie",8,6,5,13,0,0,0,3,2,5,0,1,0,0,0,5,9,1,0,2,0,1,82,27,"Greater Western Sydney","2022",21
32,"Briggs, Kieren",8,3,2,10,0,1,14,1,0,2,2,1,1,1,0,7,2,2,0,2,0,0,65,27,"Greater Western Sydney","2022",21
0,"Bruhn, Tanner",4,4,6,10,1,0,0,1,0,1,1,6,0,2,0,6,5,0,0,1,0,0,62,27,"Greater Western Sydney","2022",21
3,"Coniglio, Stephen",16,4,4,20,1,1,0,7,0,3,3,2,0,0,0,2,16,0,0,3,2,1,86,27,"Greater Western Sydney","2022",21
13,"Cumming, Isaac",17,10,4,21,0,0,0,0,4,2,0,2,1,1,0,6,12,0,0,1,0,0,85,27,"Greater Western Sydney","2022",21
4,"Greene, Toby",12,7,2,14,2,2,0,3,0,3,1,2,2,0,0,4,9,1,2,0,0,0,93,27,"Greater Western Sydney","2022",21
12,"Green, Tom",11,4,9,20,0,0,0,6,1,3,3,2,1,1,0,11,10,0,0,1,0,0,72,27,"Greater Western Sydney","2022",21
19,"Haynes, Nick",14,9,3,17,0,0,0,3,0,3,0,3,1,1,0,3,14,0,0,2,0,0,84,27,"Greater Western Sydney","2022",21
27,"Himmelberg, Harry",18,11,5,23,1,0,0,0,6,1,0,2,1,0,0,5,14,0,0,3,1,0,89,27,"Greater Western Sydney","2022",21
23,"Hogan, Jesse",13,12,4,17,4,2,1,3,0,2,0,5,1,2,3,8,10,3,4,2,0,0,87,27,"Greater Western Sydney","2022",21
2,"Hopper, Jacob",7,2,14,21,0,1,0,2,0,1,7,7,1,4,0,13,8,0,0,1,0,1,73,27,"Greater Western Sydney","2022",21
25,"Keeffe, Lachlan",7,6,1,8,0,0,0,0,1,0,0,1,0,1,0,1,7,0,0,4,0,0,79,27,"Greater Western Sydney","2022",21
22,"Kelly, Josh",16,5,3,19,1,0,0,4,2,2,0,1,0,0,0,1,18,0,0,2,1,0,82,27,"Greater Western Sydney","2022",21
40,"Kennedy, Adam",10,8,8,18,0,0,0,1,0,2,0,0,0,0,0,3,15,0,0,2,1,1,88,27,"Greater Western Sydney","2022",21
38,"Lloyd, Daniel",9,5,1,10,1,0,0,3,0,2,0,2,0,1,0,1,10,0,1,1,0,0,83,27,"Greater Western Sydney","2022",21
0,"Peatling, James",1,0,0,1,0,1,0,1,0,0,1,0,1,0,0,1,0,0,0,1,0,0,27,27,"Greater Western Sydney","2022",21
36,"Perryman, Harry",10,3,13,23,1,0,0,4,1,4,6,6,1,3,0,12,11,0,0,1,0,0,86,27,"Greater Western Sydney","2022",21
11,"Preuss, Braydon",8,4,1,9,0,1,23,1,2,5,3,4,0,2,0,5,4,2,0,0,0,1,72,27,"Greater Western Sydney","2022",21
26,"Riccardi, Jake",12,9,5,17,0,1,0,1,0,3,1,3,1,0,0,5,12,1,2,2,1,1,77,27,"Greater Western Sydney","2022",21
15,"Taylor, Sam",10,8,4,14,0,0,0,4,2,0,0,1,2,1,0,7,6,2,0,3,0,0,95,27,"Greater Western Sydney","2022",21
8,"Ward, Callan",14,10,11,25,1,0,0,1,1,3,5,4,1,1,1,7,18,1,0,0,0,2,77,27,"Greater Western Sydney","2022",21
6,"Whitfield, Lachie",19,8,10,29,1,1,0,2,4,5,3,6,2,2,2,10,19,1,1,1,0,1,78,27,"Greater Western Sydney","2022",21
42,"DAmbrosio, Massimo",0,0,0,0,0,0,0,0,0,0,0,0,0,0,0,0,0,0,0,0,0,0,0,-27,"Essendon","2022",21
2,"Draper, Sam",10,1,3,13,0,0,22,1,1,4,6,2,0,0,0,10,0,1,0,0,0,1,76,-27,"Essendon","2022",21
22,"Durham, Sam",9,2,14,23,0,1,0,3,2,3,1,3,1,2,0,9,13,0,0,0,0,1,82,-27,"Essendon","2022",21
35,"Guelfi, Matt",6,4,3,9,4,1,0,1,0,1,0,3,1,2,0,6,3,2,3,0,0,0,75,-27,"Essendon","2022",21
21,"Heppell, Dyson",8,5,5,13,0,0,0,1,1,1,1,1,0,0,0,3,10,0,1,0,0,0,78,-27,"Essendon","2022",21
19,"Hind, Nick",14,2,4,18,0,0,0,2,5,2,0,3,1,1,0,6,8,0,0,2,0,0,85,-27,"Essendon","2022",21
8,"Hobbs, Ben",5,2,8,13,1,0,0,2,0,2,0,3,1,3,0,6,9,0,0,0,0,0,70,-27,"Essendon","2022",21
23,"Jones, Harry",3,0,2,5,0,0,0,1,0,1,0,2,1,0,0,2,3,0,0,1,0,0,75,-27,"Essendon","2022",21
29,"Kelly, Jake",6,4,6,12,0,0,0,1,2,0,0,3,0,1,0,4,9,0,0,4,0,0,96,-27,"Essendon","2022",21
4,"Langford, Kyle",8,5,10,18,1,0,0,7,0,4,1,2,0,0,0,2,16,0,1,0,0,0,87,-27,"Essendon","2022",21
15,"Laverde, Jayden",10,8,7,17,0,0,0,3,2,1,2,2,1,1,0,6,12,0,0,2,0,0,84,-27,"Essendon","2022",21
37,"Martin, Nic",6,7,11,17,0,0,0,3,0,1,1,2,2,0,0,5,12,0,0,0,1,0,84,-27,"Essendon","2022",21
1,"McGrath, Andrew",5,3,8,13,0,0,0,2,2,1,2,2,0,0,0,5,7,1,0,1,0,1,78,-27,"Essendon","2022",21
7,"Merrett, Zach",11,1,7,18,0,0,0,1,1,4,2,2,4,1,0,8,12,0,0,2,0,2,85,-27,"Essendon","2022",21
3,"Parish, Darcy",12,2,16,28,0,1,0,6,1,6,7,3,2,1,0,14,13,0,0,0,0,1,85,-27,"Essendon","2022",21
16,"Perkins, Archie",5,5,5,10,1,1,0,2,0,0,1,3,1,2,0,4,8,1,2,1,0,0,76,-27,"Essendon","2022",21
27,"Redman, Mason",9,3,6,15,0,1,0,1,4,1,0,1,1,0,0,4,9,0,0,0,0,1,79,-27,"Essendon","2022",21
14,"Ridley, Jordan",13,6,3,16,0,0,0,1,7,0,0,1,0,0,0,2,9,0,0,7,1,0,96,-27,"Essendon","2022",21
11,"Snelling, Will",3,2,10,13,0,0,0,3,1,2,0,2,1,1,0,4,8,0,0,0,0,0,81,-27,"Essendon","2022",21
17,"Stewart, James",7,4,3,10,1,0,2,1,1,1,3,3,2,0,0,4,6,0,1,0,0,0,72,-27,"Essendon","2022",21
25,"Stringer, Jake",7,1,5,12,0,3,0,3,0,2,2,2,1,1,0,2,10,0,1,0,1,0,76,-27,"Essendon","2022",21
20,"Wright, Peter",7,5,4,11,2,0,3,1,1,1,1,3,1,1,0,5,6,2,1,4,0,0,100,-27,"Essendon","2022",21
30,"Zerk-Thatcher, Brandon",16,9,0,16,0,0,0,1,7,0,0,3,2,1,0,4,10,1,0,2,0,0,78,-27,"Essendon","2022",21
