"Number","Player","Kicks","Marks","Handballs","Disposals","Goals","Behinds","Hitouts","Tackles","Rebounds50s","Inside50s","Clearances","Clangers","FreesFor","FreesAgainst","BrownlowVotes","ContestedPossessions","UncontestedPossessions","ContestedMarks","MarksInside50","OnePercenters","Bounces","GoalAssists","PercentagePlayed","PointDifference","Team","Season","Round"
26,"Battle, Josh",10,4,4,14,0,0,0,1,2,1,0,1,0,1,0,6,7,0,0,5,0,0,83,33,"St Kilda","2022",3
16,"Butler, Dan",7,3,2,9,2,1,0,4,0,1,1,1,0,0,0,3,6,1,0,0,0,0,91,33,"St Kilda","2022",3
5,"Crouch, Brad",13,4,16,29,1,0,0,9,1,3,11,2,3,0,0,15,14,0,0,0,0,1,82,33,"St Kilda","2022",3
4,"Gresham, Jade",16,2,16,32,0,0,0,1,1,4,4,7,2,2,3,18,16,0,0,1,1,1,83,33,"St Kilda","2022",3
47,"Hayes, Jack",4,3,8,12,1,1,0,0,0,1,1,2,1,0,0,7,7,0,2,5,0,1,73,33,"St Kilda","2022",3
0,"Higgins, Jack",3,1,2,5,1,0,0,0,0,0,0,1,0,0,0,3,2,1,1,0,0,1,14,33,"St Kilda","2022",3
8,"Hill, Bradley",7,1,8,15,0,1,0,2,4,2,0,3,0,1,0,3,10,0,0,3,0,1,89,33,"St Kilda","2022",3
20,"Howard, Dougal",9,5,3,12,0,0,0,0,3,3,0,4,1,3,0,1,9,0,0,11,0,0,95,33,"St Kilda","2022",3
12,"King, Max",11,7,2,13,4,3,0,2,0,0,0,3,3,1,1,7,6,2,6,1,0,0,84,33,"St Kilda","2022",3
31,"Lienert, Jarrod",13,7,6,19,0,0,0,0,5,0,1,5,1,2,0,5,12,0,0,4,0,0,66,33,"St Kilda","2022",3
0,"Long, Ben",3,1,7,10,2,0,0,2,0,2,0,2,2,0,0,7,6,0,0,4,0,2,65,33,"St Kilda","2022",3
19,"Marshall, Rowan",5,3,4,9,2,0,14,3,1,2,3,5,2,2,0,7,4,1,1,1,0,1,90,33,"St Kilda","2022",3
36,"McKenzie, Daniel",11,4,10,21,0,1,0,3,2,1,2,3,1,1,0,7,13,1,0,2,1,0,75,33,"St Kilda","2022",3
28,"Membrey, Tim",9,3,6,15,3,1,0,1,0,4,0,3,2,1,0,5,10,0,1,0,0,1,93,33,"St Kilda","2022",3
33,"Paton, Ben",7,1,2,9,0,0,0,2,3,3,1,3,0,1,0,2,9,0,0,2,1,1,81,33,"St Kilda","2022",3
6,"Ross, Sebastian",12,2,16,28,0,0,0,3,1,5,4,3,0,0,0,8,21,0,0,0,0,0,83,33,"St Kilda","2022",3
18,"Ryder, Paddy",5,1,1,6,0,0,27,1,0,1,1,5,2,2,0,5,1,1,0,2,0,0,60,33,"St Kilda","2022",3
35,"Sinclair, Jack",13,5,11,24,0,0,0,4,3,3,3,2,1,0,0,11,14,0,0,6,2,1,86,33,"St Kilda","2022",3
9,"Steele, Jack",19,2,13,32,0,0,0,3,3,9,5,3,3,1,2,12,17,0,0,3,0,2,84,33,"St Kilda","2022",3
7,"Wanganeen-Milera, Nasiah",7,3,5,12,0,0,0,1,1,1,3,2,0,1,0,4,9,0,0,2,1,0,61,33,"St Kilda","2022",3
29,"Webster, Jimmy",7,3,9,16,0,0,0,0,5,0,0,1,0,0,0,3,12,0,0,2,0,0,83,33,"St Kilda","2022",3
44,"Wilkie, Callum",12,6,3,15,1,0,0,1,4,0,1,1,2,0,0,4,11,1,1,6,0,0,96,33,"St Kilda","2022",3
32,"Wood, Mason",11,2,12,23,1,0,0,0,2,3,4,1,1,0,0,10,14,0,0,3,0,0,83,33,"St Kilda","2022",3
0,"Aarts, Jake",3,1,4,7,0,0,0,2,0,1,1,1,1,1,0,2,5,0,1,0,0,0,36,-33,"Richmond","2022",3
7,"Baker, Liam",9,2,6,15,1,0,0,4,0,2,1,5,1,1,0,4,10,0,0,0,0,0,81,-33,"Richmond","2022",3
21,"Balta, Noah",4,2,1,5,2,0,1,3,0,1,0,2,1,1,0,2,3,1,2,2,0,0,79,-33,"Richmond","2022",3
29,"Bolton, Shai",7,2,7,14,3,0,0,2,0,4,3,4,0,1,0,8,7,0,1,1,0,2,89,-33,"Richmond","2022",3
35,"Broad, Nathan",16,12,9,25,0,0,0,1,7,2,0,2,0,1,0,10,17,1,0,7,1,0,93,-33,"Richmond","2022",3
11,"Castagna, Jason",6,6,9,15,1,0,0,5,1,1,0,1,0,0,0,6,9,1,1,0,0,1,80,-33,"Richmond","2022",3
9,"Cotchin, Trent",6,1,17,23,0,0,0,4,0,1,3,3,2,0,0,8,14,0,0,0,1,0,80,-33,"Richmond","2022",3
27,"Dow, Thomson",8,2,15,23,0,0,0,5,2,3,7,2,1,1,0,12,12,0,0,1,0,1,83,-33,"Richmond","2022",3
10,"Edwards, Shane",5,1,8,13,0,0,0,1,0,3,2,3,0,0,0,5,8,0,0,2,0,1,77,-33,"Richmond","2022",3
28,"Gibcus, Josh",3,2,5,8,0,0,0,3,1,1,0,0,1,0,0,3,5,0,0,7,0,1,87,-33,"Richmond","2022",3
34,"Graham, Jack",14,3,11,25,0,0,0,3,1,7,2,4,2,0,0,10,15,0,0,0,0,1,79,-33,"Richmond","2022",3
0,"Grimes, Dylan",3,1,2,5,0,0,0,0,0,0,0,3,0,1,0,4,2,1,0,5,0,0,54,-33,"Richmond","2022",3
19,"Lynch, Tom",10,4,1,11,1,2,0,0,0,3,0,0,3,0,0,7,6,2,1,3,0,0,95,-33,"Richmond","2022",3
33,"McIntosh, Kamdyn",12,5,4,16,0,0,0,0,1,5,1,1,0,0,0,1,15,0,0,2,0,0,83,-33,"Richmond","2022",3
25,"Nankervis, Toby",4,1,7,11,1,0,25,4,1,1,5,4,2,4,0,8,5,0,0,4,0,0,74,-33,"Richmond","2022",3
37,"Parker, Matthew",10,5,3,13,3,1,0,1,0,5,1,5,1,2,0,8,6,1,2,4,0,0,77,-33,"Richmond","2022",3
50,"Pickett, Marlion",10,7,6,16,0,1,0,3,2,3,3,6,1,3,0,4,14,1,0,1,0,0,78,-33,"Richmond","2022",3
45,"Ralphsmith, Hugo",10,5,4,14,1,0,0,1,2,2,1,3,0,1,0,4,8,0,0,0,0,0,78,-33,"Richmond","2022",3
17,"Rioli, Daniel",12,6,8,20,0,0,0,3,4,3,1,2,0,1,0,7,12,0,0,3,0,1,82,-33,"Richmond","2022",3
5,"Ross, Jack",8,4,8,16,0,0,0,3,1,4,1,3,0,2,0,4,14,0,0,1,0,0,81,-33,"Richmond","2022",3
15,"Short, Jayden",27,8,4,31,0,0,0,1,5,1,1,5,1,0,0,7,19,1,0,1,0,0,79,-33,"Richmond","2022",3
20,"Soldo, Ivan",3,1,2,5,0,0,12,4,0,2,0,6,1,4,0,1,4,0,0,0,0,0,59,-33,"Richmond","2022",3
6,"Tarrant, Robbie",6,5,3,9,0,0,0,0,3,0,1,3,1,3,0,2,6,1,0,5,0,0,96,-33,"Richmond","2022",3
