"Number","Player","Kicks","Marks","Handballs","Disposals","Goals","Behinds","Hitouts","Tackles","Rebounds50s","Inside50s","Clearances","Clangers","FreesFor","FreesAgainst","BrownlowVotes","ContestedPossessions","UncontestedPossessions","ContestedMarks","MarksInside50","OnePercenters","Bounces","GoalAssists","PercentagePlayed","PointDifference","Team","Season","Round"
26,"Battle, Josh",13,1,4,17,0,0,0,1,3,2,0,5,1,2,0,6,9,1,0,0,0,0,80,-1,"St Kilda","2022",7
16,"Butler, Dan",4,1,4,8,0,0,0,6,0,1,1,3,2,2,0,5,4,0,0,3,0,0,82,-1,"St Kilda","2022",7
38,"Campbell, Tom",6,2,5,11,0,1,10,1,0,3,3,3,1,1,0,9,3,1,1,5,0,0,50,-1,"St Kilda","2022",7
5,"Crouch, Brad",15,1,9,24,0,0,0,5,1,2,6,11,2,3,0,8,11,0,0,0,0,0,83,-1,"St Kilda","2022",7
4,"Gresham, Jade",16,4,6,22,0,3,0,2,0,5,1,3,3,0,0,12,7,0,0,0,0,0,74,-1,"St Kilda","2022",7
22,"Higgins, Jack",6,5,3,9,1,3,0,1,0,2,0,2,0,0,0,3,7,0,3,1,0,0,89,-1,"St Kilda","2022",7
8,"Hill, Bradley",13,4,7,20,0,0,0,3,1,4,0,6,1,2,0,6,12,0,0,2,1,2,93,-1,"St Kilda","2022",7
20,"Howard, Dougal",11,3,2,13,0,0,0,1,5,2,0,1,2,0,0,4,3,1,0,16,0,1,95,-1,"St Kilda","2022",7
12,"King, Max",7,3,2,9,2,2,0,0,0,2,0,0,2,0,0,6,3,1,2,1,0,0,91,-1,"St Kilda","2022",7
31,"Lienert, Jarrod",0,0,0,0,0,0,0,0,0,0,0,0,0,0,0,0,0,0,0,0,0,0,0,-1,"St Kilda","2022",7
21,"Long, Ben",11,4,5,16,0,0,0,3,2,1,0,3,2,2,0,5,11,0,0,4,0,0,81,-1,"St Kilda","2022",7
36,"McKenzie, Daniel",12,2,7,19,1,1,0,2,5,2,2,4,0,0,0,8,8,0,0,5,0,0,74,-1,"St Kilda","2022",7
28,"Membrey, Tim",8,3,6,14,0,0,0,2,0,5,0,3,1,1,0,6,8,1,0,5,0,0,88,-1,"St Kilda","2022",7
33,"Paton, Ben",13,1,5,18,0,0,0,7,5,1,0,4,2,0,0,10,4,0,0,3,0,0,85,-1,"St Kilda","2022",7
6,"Ross, Sebastian",24,4,7,31,0,0,0,4,4,7,3,5,0,1,1,9,22,0,0,2,0,0,84,-1,"St Kilda","2022",7
18,"Ryder, Paddy",7,4,1,8,0,2,27,2,0,1,4,3,1,2,0,5,3,1,1,2,0,0,76,-1,"St Kilda","2022",7
35,"Sinclair, Jack",18,1,5,23,0,0,0,3,9,4,0,6,1,0,0,9,10,0,0,2,0,0,85,-1,"St Kilda","2022",7
9,"Steele, Jack",15,5,12,27,0,0,0,8,1,5,6,4,2,1,2,12,12,1,0,2,0,0,87,-1,"St Kilda","2022",7
7,"Wanganeen-Milera, Nasiah",15,4,3,18,0,2,0,4,2,3,0,1,0,0,0,5,11,0,0,2,1,0,77,-1,"St Kilda","2022",7
29,"Webster, Jimmy",11,4,8,19,0,0,0,2,5,0,1,3,1,1,0,6,10,0,0,3,0,0,79,-1,"St Kilda","2022",7
44,"Wilkie, Callum",6,2,7,13,0,0,0,2,3,2,0,2,1,2,0,5,7,0,0,8,0,0,100,-1,"St Kilda","2022",7
17,"Windhager, Marcus",4,0,9,13,0,0,0,3,0,3,1,1,1,0,0,5,8,0,0,1,0,0,70,-1,"St Kilda","2022",7
32,"Wood, Mason",13,4,10,23,0,0,0,0,4,4,4,3,0,0,0,16,9,1,0,4,0,0,79,-1,"St Kilda","2022",7
21,"Aliir, Aliir",12,5,3,15,0,0,0,2,4,1,0,2,1,1,0,9,7,1,0,7,0,0,96,1,"Port Adelaide","2022",7
15,"Amon, Karl",18,4,5,23,0,1,0,1,2,9,1,3,2,1,0,4,19,0,0,2,0,0,82,1,"Port Adelaide","2022",7
10,"Boak, Travis",12,3,10,22,0,0,0,6,2,1,3,3,0,0,0,4,17,0,1,1,0,0,84,1,"Port Adelaide","2022",7
26,"Bonner, Riley",18,6,4,22,0,1,0,0,7,1,0,4,0,2,0,2,13,0,0,1,0,0,77,1,"Port Adelaide","2022",7
3,"Burton, Ryan",21,9,4,25,0,0,0,1,12,3,0,3,0,2,0,8,13,0,0,3,0,1,83,1,"Port Adelaide","2022",7
18,"Butters, Zak",14,3,9,23,0,1,0,1,3,5,5,2,0,0,0,11,10,0,0,1,3,0,70,1,"Port Adelaide","2022",7
33,"Byrne-Jones, Darcy",14,4,4,18,0,0,0,2,2,2,1,7,2,2,0,5,13,0,0,2,0,0,73,1,"Port Adelaide","2022",7
17,"Clurey, Tom",5,2,5,10,0,0,0,0,2,0,0,2,0,1,0,7,2,2,0,3,0,0,89,1,"Port Adelaide","2022",7
28,"Drew, Willem",4,1,9,13,0,0,0,4,1,2,2,2,3,0,0,8,6,0,0,1,0,0,68,1,"Port Adelaide","2022",7
43,"Dumont, Trent",14,4,6,20,0,0,0,3,3,2,2,4,1,1,0,6,12,0,0,1,0,0,84,1,"Port Adelaide","2022",7
0,"Duursma, Xavier",3,1,1,4,0,0,0,0,0,0,0,0,0,0,0,2,2,0,0,1,0,0,26,1,"Port Adelaide","2022",7
24,"Farrell, Kane",11,4,3,14,1,1,0,6,1,4,2,4,0,2,0,5,7,0,2,5,0,0,72,1,"Port Adelaide","2022",7
11,"Finlayson, Jeremy",4,0,6,10,0,1,0,2,0,1,1,3,1,2,0,6,5,0,0,5,0,0,71,1,"Port Adelaide","2022",7
0,"Georgiades, Mitch",4,2,4,8,0,1,0,1,1,2,0,4,2,2,0,3,5,0,1,1,0,0,65,1,"Port Adelaide","2022",7
9,"Gray, Robbie",8,4,7,15,2,2,0,2,0,3,0,1,0,0,0,5,10,1,1,2,0,1,89,1,"Port Adelaide","2022",7
25,"Hayes, Sam",4,2,3,7,0,0,12,2,1,0,2,1,2,1,0,5,3,0,0,7,0,0,80,1,"Port Adelaide","2022",7
5,"Houston, Dan",20,7,3,23,0,0,0,2,4,5,2,6,1,1,0,4,20,0,0,4,0,0,87,1,"Port Adelaide","2022",7
1,"Jonas, Tom",8,4,1,9,0,0,0,3,5,1,0,1,1,0,0,3,5,1,0,10,0,0,95,1,"Port Adelaide","2022",7
4,"Marshall, Todd",5,4,2,7,1,0,0,0,1,0,0,0,0,0,0,1,6,0,1,5,0,0,90,1,"Port Adelaide","2022",7
6,"Motlop, Steven",12,4,5,17,0,1,0,2,1,6,0,5,0,3,0,7,8,1,0,2,0,0,71,1,"Port Adelaide","2022",7
2,"Powell-Pepper, Sam",12,5,8,20,0,1,0,3,0,2,0,4,3,1,0,9,9,0,0,1,0,0,79,1,"Port Adelaide","2022",7
20,"Rozee, Connor",9,4,14,23,0,0,0,4,3,4,3,5,0,3,0,9,14,0,0,0,0,1,86,1,"Port Adelaide","2022",7
16,"Wines, Ollie",13,1,14,27,1,1,0,4,1,2,4,4,1,1,3,13,10,0,0,1,0,0,82,1,"Port Adelaide","2022",7
