"Number","Player","Kicks","Marks","Handballs","Disposals","Goals","Behinds","Hitouts","Tackles","Rebounds50s","Inside50s","Clearances","Clangers","FreesFor","FreesAgainst","BrownlowVotes","ContestedPossessions","UncontestedPossessions","ContestedMarks","MarksInside50","OnePercenters","Bounces","GoalAssists","PercentagePlayed","PointDifference","Team","Season","Round"
37,"Barrass, Tom",7,2,4,11,1,0,0,0,1,2,0,2,3,1,0,8,4,0,0,5,0,0,83,-27,"West Coast","2022",1
41,"Dixon, Hugh",3,3,4,7,1,0,0,0,0,2,0,0,0,0,0,2,5,1,1,3,0,0,96,-27,"West Coast","2022",1
42,"Edwards, Harry",7,3,2,9,0,0,0,2,1,0,0,1,3,1,0,4,5,0,0,6,0,0,79,-27,"West Coast","2022",1
29,"Foley, Luke",19,8,5,24,0,0,0,3,6,0,1,7,0,1,0,7,16,1,0,5,0,0,95,-27,"West Coast","2022",1
3,"Gaff, Andrew",18,6,14,32,0,0,0,2,4,4,5,8,1,3,0,12,22,0,0,2,0,0,89,-27,"West Coast","2022",1
19,"Hough, Brady",7,2,3,10,0,0,0,3,1,3,1,4,1,2,0,3,8,0,0,2,1,0,82,-27,"West Coast","2022",1
25,"Hurn, Shannon",20,4,4,24,0,0,0,0,8,0,0,3,0,0,0,3,9,0,0,5,0,0,83,-27,"West Coast","2022",1
31,"Jones, Jamaine",11,6,10,21,2,0,0,5,0,4,2,3,0,2,0,8,14,0,0,1,2,0,80,-27,"West Coast","2022",1
17,"Kennedy, Josh",6,4,3,9,2,0,0,1,0,4,0,4,0,2,0,1,8,0,1,0,0,1,90,-27,"West Coast","2022",1
7,"Langdon, Zac",3,2,9,12,1,0,0,3,0,2,1,0,0,0,0,6,7,1,1,2,0,1,90,-27,"West Coast","2022",1
20,"McGovern, Jeremy",13,7,6,19,0,0,0,2,7,0,0,2,1,0,0,5,10,2,0,8,0,0,86,-27,"West Coast","2022",1
36,"Naish, Patrick",14,3,4,18,0,0,0,1,4,5,1,4,0,1,0,5,13,0,0,0,0,0,89,-27,"West Coast","2022",1
9,"Naitanui, Nic",5,0,4,9,0,1,29,0,0,2,4,3,1,2,0,10,1,0,0,6,0,0,66,-27,"West Coast","2022",1
30,"Nelson, Jackson",11,6,7,18,0,0,0,2,2,1,5,2,1,0,0,10,10,0,0,2,0,1,85,-27,"West Coast","2022",1
24,"ONeill, Xavier",8,1,5,13,1,0,0,1,0,0,3,2,1,1,0,5,8,0,0,1,0,1,61,-27,"West Coast","2022",1
10,"Petrevski-Seton, Sam",10,5,5,15,0,0,0,3,0,3,2,4,0,2,0,5,10,0,0,1,0,0,73,-27,"West Coast","2022",1
21,"Petruccelle, Jack",10,6,2,12,2,2,0,0,0,1,0,2,0,1,0,3,9,1,2,1,1,0,82,-27,"West Coast","2022",1
8,"Redden, Jack",14,7,14,28,0,0,0,3,3,4,3,4,1,2,0,7,21,0,0,1,0,1,81,-27,"West Coast","2022",1
44,"Rioli, Willie",8,4,5,13,1,1,0,4,0,3,6,6,1,3,0,7,6,0,1,1,0,1,69,-27,"West Coast","2022",1
35,"Rotham, Josh",11,7,6,17,0,0,0,0,5,0,0,3,2,0,0,2,14,0,0,3,0,0,94,-27,"West Coast","2022",1
2,"Waterman, Jake",9,4,2,11,1,1,0,3,0,2,0,1,3,0,0,5,6,0,2,1,0,2,92,-27,"West Coast","2022",1
32,"Williams, Bailey",2,1,5,7,0,1,10,0,0,0,1,1,1,0,0,4,5,0,1,6,0,0,56,-27,"West Coast","2022",1
22,"Winder, Isiah",0,0,0,0,0,0,0,0,0,0,0,0,0,0,0,0,0,0,0,0,0,0,0,-27,"West Coast","2022",1
9,"Ainsworth, Ben",13,5,5,18,2,0,0,4,0,5,0,6,2,2,0,5,14,1,2,0,0,2,80,27,"Gold Coast","2022",1
15,"Anderson, Noah",13,5,10,23,0,0,0,5,1,6,4,2,0,1,0,10,15,0,0,0,1,1,91,27,"Gold Coast","2022",1
10,"Ballard, Charlie",11,6,2,13,0,0,0,2,3,1,0,5,0,3,0,2,11,2,0,6,0,0,86,27,"Gold Coast","2022",1
30,"Casboult, Levi",5,3,2,7,2,1,0,1,0,1,1,2,2,1,0,5,2,1,2,2,0,0,79,27,"Gold Coast","2022",1
1,"Chol, Mabior",6,1,2,8,2,0,7,2,0,1,0,4,0,2,0,3,3,0,0,1,0,0,83,27,"Gold Coast","2022",1
25,"Collins, Sam",5,5,5,10,0,0,0,0,1,0,0,2,1,0,0,5,5,1,0,4,0,0,96,27,"Gold Coast","2022",1
5,"Davies, Alex",7,0,5,12,1,0,0,5,1,2,1,2,2,0,0,10,3,0,0,1,0,2,70,27,"Gold Coast","2022",1
4,"Ellis, Brandon",9,2,10,19,0,1,0,6,2,5,3,1,1,1,0,6,13,0,0,1,0,1,83,27,"Gold Coast","2022",1
8,"Fiorini, Brayden",16,4,8,24,0,0,0,5,2,9,5,4,0,1,0,9,15,0,0,3,0,0,76,27,"Gold Coast","2022",1
46,"Graham, Caleb",4,2,3,7,0,0,0,0,0,0,0,2,0,1,0,1,6,0,0,8,0,0,80,27,"Gold Coast","2022",1
7,"Holman, Nick",5,2,9,14,1,1,0,6,0,1,0,0,1,0,0,9,5,0,1,0,0,1,91,27,"Gold Coast","2022",1
23,"Lemmens, Sean",9,2,4,13,0,0,0,3,1,1,1,4,1,0,0,6,7,0,0,1,0,0,83,27,"Gold Coast","2022",1
13,"Lukosius, Jack",11,5,1,12,1,2,0,3,0,5,0,4,1,2,0,5,6,1,3,0,0,1,89,27,"Gold Coast","2022",1
44,"Macpherson, Darcy",5,2,9,14,0,0,0,1,1,1,0,5,0,1,0,7,7,0,0,0,0,0,47,27,"Gold Coast","2022",1
11,"Miller, Touk",13,2,16,29,1,0,0,5,2,5,8,4,3,2,2,18,11,0,0,1,0,0,85,27,"Gold Coast","2022",1
27,"Powell, Wil",10,4,6,16,0,0,0,0,4,4,1,1,1,0,0,6,8,1,0,3,0,2,87,27,"Gold Coast","2022",1
22,"Rankine, Izak",18,6,5,23,4,1,0,1,1,1,2,5,0,2,1,7,13,0,5,1,0,2,88,27,"Gold Coast","2022",1
18,"Rowell, Matt",17,1,16,33,0,1,0,6,1,5,8,4,6,0,3,22,13,0,0,1,0,0,88,27,"Gold Coast","2022",1
6,"Sexton, Alex",0,0,0,0,0,0,0,0,0,0,0,0,0,0,0,0,0,0,0,0,0,0,0,27,"Gold Coast","2022",1
20,"Sharp, Jeremy",8,2,3,11,1,0,0,1,1,1,0,2,1,1,0,3,7,0,2,0,0,0,74,27,"Gold Coast","2022",1
24,"Swallow, David",6,3,8,14,0,0,0,0,2,2,0,1,0,0,0,3,11,0,0,0,0,0,79,27,"Gold Coast","2022",1
14,"Weller, Lachie",13,2,7,20,0,0,0,0,7,2,1,5,1,0,0,4,12,0,0,2,1,0,88,27,"Gold Coast","2022",1
28,"Witts, Jarrod",8,1,7,15,1,1,28,3,0,1,4,0,1,0,0,10,3,1,1,3,0,0,77,27,"Gold Coast","2022",1
