"Number","Player","Kicks","Marks","Handballs","Disposals","Goals","Behinds","Hitouts","Tackles","Rebounds50s","Inside50s","Clearances","Clangers","FreesFor","FreesAgainst","BrownlowVotes","ContestedPossessions","UncontestedPossessions","ContestedMarks","MarksInside50","OnePercenters","Bounces","GoalAssists","PercentagePlayed","PointDifference","Team","Season","Round"
26,"Battle, Josh",9,5,4,13,0,0,0,1,4,0,0,3,0,1,0,5,8,0,0,3,0,0,83,-17,"St Kilda","2022",1
16,"Butler, Dan",5,3,8,13,0,0,0,6,0,2,2,0,0,0,0,4,10,0,0,2,0,1,85,-17,"St Kilda","2022",1
13,"Byrnes, Ryan",4,2,7,11,0,0,0,0,1,1,1,2,0,1,0,5,7,0,0,0,0,0,62,-17,"St Kilda","2022",1
5,"Crouch, Brad",14,2,13,27,0,0,0,6,1,3,4,4,2,3,0,10,17,0,0,1,0,0,86,-17,"St Kilda","2022",1
4,"Gresham, Jade",14,6,10,24,2,1,0,2,2,7,6,2,1,1,0,9,16,0,1,0,1,1,85,-17,"St Kilda","2022",1
47,"Hayes, Jack",10,10,8,18,3,0,2,3,1,2,3,1,3,0,1,11,7,4,0,1,0,0,86,-17,"St Kilda","2022",1
22,"Higgins, Jack",12,4,5,17,0,4,0,1,2,3,1,3,0,0,0,8,9,0,2,0,0,2,86,-17,"St Kilda","2022",1
8,"Hill, Bradley",14,5,12,26,0,0,0,1,0,2,0,5,0,1,0,10,18,0,0,3,0,0,85,-17,"St Kilda","2022",1
20,"Howard, Dougal",6,4,3,9,0,0,0,1,3,0,0,5,1,3,0,5,4,0,0,10,0,0,98,-17,"St Kilda","2022",1
25,"Kent, Dean",3,2,1,4,1,0,0,1,0,2,0,3,0,2,0,2,3,0,0,1,0,0,62,-17,"St Kilda","2022",1
12,"King, Max",12,6,4,16,1,3,0,1,0,4,0,0,2,0,0,9,7,3,2,2,0,1,90,-17,"St Kilda","2022",1
19,"Marshall, Rowan",18,4,3,21,0,0,25,4,0,3,6,4,4,3,0,12,10,1,0,2,0,0,91,-17,"St Kilda","2022",1
36,"McKenzie, Daniel",10,4,3,13,0,0,0,2,0,2,0,3,1,2,0,4,10,0,0,5,0,0,85,-17,"St Kilda","2022",1
28,"Membrey, Tim",12,6,1,13,3,2,0,0,0,3,0,2,0,0,0,3,8,1,3,1,0,0,92,-17,"St Kilda","2022",1
24,"Owens, Mitch",2,1,4,6,0,0,0,2,0,0,1,4,0,1,0,3,3,0,0,0,0,0,49,-17,"St Kilda","2022",1
33,"Paton, Ben",12,7,8,20,0,0,0,1,6,1,0,1,0,0,0,7,12,0,0,2,0,0,79,-17,"St Kilda","2022",1
6,"Ross, Sebastian",9,3,10,19,0,0,0,4,1,1,1,1,1,1,0,8,13,0,0,3,0,0,82,-17,"St Kilda","2022",1
35,"Sinclair, Jack",19,5,6,25,1,1,0,4,5,2,4,4,1,0,0,9,12,1,0,1,0,0,82,-17,"St Kilda","2022",1
9,"Steele, Jack",15,5,13,28,0,0,0,7,2,3,6,9,2,3,0,12,14,0,0,2,0,0,90,-17,"St Kilda","2022",1
7,"Wanganeen-Milera, Nasiah",0,0,0,0,0,0,0,0,0,0,0,0,0,0,0,0,0,0,0,0,0,0,0,-17,"St Kilda","2022",1
29,"Webster, Jimmy",8,0,4,12,0,0,0,0,5,0,0,0,0,0,0,1,7,0,0,6,0,0,80,-17,"St Kilda","2022",1
44,"Wilkie, Callum",9,6,11,20,0,0,0,2,3,2,1,2,0,1,0,3,16,0,0,4,0,0,95,-17,"St Kilda","2022",1
32,"Wood, Mason",10,8,3,13,1,0,0,2,1,4,0,4,0,2,0,4,10,2,1,2,0,0,71,-17,"St Kilda","2022",1
13,"Adams, Taylor",9,0,16,25,0,0,0,3,1,5,11,4,3,1,0,16,11,0,0,3,1,2,73,17,"Collingwood","2022",1
8,"Bianco, Trent",4,3,3,7,0,1,0,2,0,1,0,4,2,3,0,3,4,0,2,0,0,0,74,17,"Collingwood","2022",1
6,"Brown, Tyler",2,1,7,9,0,0,0,3,1,1,0,1,0,0,0,6,3,0,0,0,0,0,53,17,"Collingwood","2022",1
46,"Cox, Mason",6,3,3,9,0,1,4,1,0,2,0,6,2,1,0,9,2,3,1,4,0,0,81,17,"Collingwood","2022",1
25,"Crisp, Jack",10,1,6,16,0,0,0,3,2,3,3,5,0,2,0,5,12,0,0,3,1,2,85,17,"Collingwood","2022",1
7,"Daicos, Josh",7,4,14,21,1,0,0,1,1,1,3,3,1,1,0,7,14,0,0,1,0,0,82,17,"Collingwood","2022",1
35,"Daicos, Nick",15,5,12,27,0,0,0,4,6,2,0,2,2,0,0,5,20,0,0,2,0,0,84,17,"Collingwood","2022",1
2,"de Goey, Jordan",15,5,12,27,2,3,0,2,1,4,5,2,0,0,2,9,18,0,2,4,0,0,88,17,"Collingwood","2022",1
5,"Elliott, Jamie",10,5,7,17,1,1,0,4,0,4,1,6,2,2,0,7,11,0,1,1,0,1,88,17,"Collingwood","2022",1
33,"Ginnivan, Jack",8,3,2,10,2,2,0,2,0,0,0,2,0,0,0,3,7,0,1,2,0,1,63,17,"Collingwood","2022",1
4,"Grundy, Brodie",9,2,8,17,0,0,37,5,1,5,5,7,2,4,0,9,7,0,0,4,0,1,85,17,"Collingwood","2022",1
16,"Henry, Oliver",8,3,2,10,2,1,0,2,1,1,0,1,1,0,0,3,6,0,2,0,0,0,83,17,"Collingwood","2022",1
38,"Howe, Jeremy",14,9,8,22,0,0,0,1,2,0,1,3,0,0,0,7,15,2,0,4,0,0,95,17,"Collingwood","2022",1
1,"Lipinski, Patrick",17,5,13,30,1,0,0,4,1,7,5,3,3,0,3,13,18,0,0,0,0,2,81,17,"Collingwood","2022",1
44,"Madgen, Jack",9,5,7,16,0,0,0,3,2,1,0,1,2,0,0,7,8,0,0,1,1,0,95,17,"Collingwood","2022",1
31,"McCreery, Beau",3,2,10,13,1,0,0,5,0,1,2,2,1,1,0,6,7,0,1,1,0,0,60,17,"Collingwood","2022",1
41,"Mihocek, Brody",9,4,5,14,3,2,0,3,0,0,0,2,2,1,0,7,7,1,2,0,0,1,90,17,"Collingwood","2022",1
30,"Moore, Darcy",15,7,1,16,0,0,0,2,6,2,0,3,0,1,0,2,8,1,0,9,1,1,91,17,"Collingwood","2022",1
9,"Noble, John",14,7,8,22,0,0,0,2,0,6,0,1,1,0,0,4,19,0,0,0,0,0,88,17,"Collingwood","2022",1
10,"Pendlebury, Scott",16,4,8,24,0,0,0,2,4,3,1,2,0,0,0,7,15,0,0,4,0,1,88,17,"Collingwood","2022",1
3,"Quaynor, Isaac",8,5,12,20,0,0,0,1,3,3,0,4,0,1,0,7,13,2,0,3,0,0,90,17,"Collingwood","2022",1
22,"Sidebottom, Steele",10,4,6,16,2,0,0,5,2,2,1,2,1,0,0,5,12,0,0,2,1,0,82,17,"Collingwood","2022",1
12,"Wilson, Tom",0,0,0,0,0,0,0,0,0,0,0,0,0,0,0,0,0,0,0,0,0,0,0,17,"Collingwood","2022",1
