"Number","Player","Kicks","Marks","Handballs","Disposals","Goals","Behinds","Hitouts","Tackles","Rebounds50s","Inside50s","Clearances","Clangers","FreesFor","FreesAgainst","BrownlowVotes","ContestedPossessions","UncontestedPossessions","ContestedMarks","MarksInside50","OnePercenters","Bounces","GoalAssists","PercentagePlayed","PointDifference","Team","Season","Round"
37,"Boyd, Jordan",10,2,3,13,0,0,0,0,3,4,1,1,1,1,0,5,6,0,0,3,0,0,74,48,"Carlton","2022",8
16,"Carroll, Jack",10,3,8,18,0,0,0,0,1,2,3,2,0,0,0,8,10,0,0,0,0,1,66,48,"Carlton","2022",8
5,"Cerra, Adam",17,4,10,27,0,0,0,7,0,10,6,5,1,2,0,9,18,0,0,1,0,1,82,48,"Carlton","2022",8
46,"Cottrell, Matthew",8,3,3,11,0,0,0,1,0,5,1,2,3,0,0,3,8,0,0,0,0,1,49,48,"Carlton","2022",8
9,"Cripps, Patrick",9,5,26,35,2,0,1,7,0,6,10,9,4,3,3,19,16,0,0,0,2,2,80,48,"Carlton","2022",8
30,"Curnow, Charlie",20,10,1,21,6,3,0,2,0,7,0,3,2,1,2,12,9,4,5,1,0,0,94,48,"Carlton","2022",8
12,"De Koning, Tom",8,1,3,11,0,0,17,1,0,5,4,3,4,2,0,7,5,1,0,6,0,1,79,48,"Carlton","2022",8
15,"Docherty, Sam",18,10,12,30,0,0,0,2,3,3,2,3,3,1,1,9,20,0,0,2,1,0,89,48,"Carlton","2022",8
19,"Durdin, Corey",4,2,5,9,0,0,0,4,1,3,1,0,0,0,0,4,5,0,0,3,0,1,69,48,"Carlton","2022",8
25,"Fisher, Zac",13,8,10,23,2,2,0,1,2,3,2,1,0,0,0,6,16,0,1,2,0,0,76,48,"Carlton","2022",8
7,"Kennedy, Matthew",16,4,7,23,1,1,0,2,0,7,2,0,2,0,0,6,17,0,1,0,1,0,72,48,"Carlton","2022",8
21,"Martin, Jack",1,1,1,2,0,1,0,2,0,0,0,0,0,0,0,2,0,1,1,0,0,0,32,48,"Carlton","2022",8
10,"McKay, Harry",7,0,2,9,3,2,1,0,0,2,2,3,5,1,0,8,2,0,0,1,0,0,87,48,"Carlton","2022",8
24,"Newman, Nic",13,9,8,21,0,0,0,1,3,1,0,4,0,2,0,3,17,0,0,4,0,1,85,48,"Carlton","2022",8
32,"Newnes, Jack",8,2,6,14,1,1,0,2,2,0,1,1,0,0,0,2,11,0,0,1,0,0,82,48,"Carlton","2022",8
4,"OBrien, Lochie",12,7,5,17,0,2,0,1,2,3,1,4,1,1,0,2,15,1,1,2,0,1,88,48,"Carlton","2022",8
44,"Owies, Matthew",3,1,4,7,0,1,0,5,0,1,0,1,1,1,0,4,4,0,1,1,0,0,79,48,"Carlton","2022",8
42,"Saad, Adam",9,4,5,14,0,0,0,1,3,3,1,2,0,1,0,2,12,0,0,2,5,0,76,48,"Carlton","2022",8
1,"Silvagni, Jack",9,7,4,13,2,0,0,2,1,3,2,2,1,1,0,6,8,0,1,2,0,0,76,48,"Carlton","2022",8
18,"Walsh, Sam",12,7,14,26,0,0,0,4,3,5,1,5,0,1,0,8,20,0,0,0,0,1,88,48,"Carlton","2022",8
23,"Weitering, Jacob",12,7,2,14,0,0,3,2,6,0,1,3,1,1,0,7,5,2,0,5,0,0,100,48,"Carlton","2022",8
6,"Williams, Zac",13,7,3,16,0,0,0,1,2,1,1,2,0,2,0,7,9,1,0,3,1,1,76,48,"Carlton","2022",8
33,"Young, Lewis",11,10,3,14,0,0,0,1,4,0,0,3,0,3,0,3,10,2,0,6,0,0,100,48,"Carlton","2022",8
21,"Berry, Sam",9,5,12,21,0,0,0,9,7,2,1,6,1,0,0,8,15,0,1,1,0,1,69,-48,"Adelaide","2022",8
16,"Brown, Luke",12,6,6,18,0,0,0,0,5,1,0,2,1,0,0,6,11,0,0,3,0,0,86,-48,"Adelaide","2022",8
41,"Butts, Jordon",9,6,4,13,0,0,0,0,3,0,0,4,0,3,0,4,8,1,0,3,0,0,85,-48,"Adelaide","2022",8
15,"Cook, Brayden",4,2,4,8,1,0,0,3,0,2,1,0,0,0,0,3,5,0,0,1,1,0,68,-48,"Adelaide","2022",8
12,"Dawson, Jordan",23,10,7,30,1,0,0,3,7,3,2,3,0,1,0,7,20,0,0,1,0,0,92,-48,"Adelaide","2022",8
39,"Doedee, Tom",13,5,3,16,0,0,0,1,3,2,0,1,2,1,0,4,10,0,0,5,0,0,97,-48,"Adelaide","2022",8
22,"Frampton, Billy",14,6,1,15,1,0,0,0,7,1,0,3,1,3,0,1,9,0,0,9,0,1,93,-48,"Adelaide","2022",8
44,"Gollant, Lachlan",7,3,2,9,0,1,0,0,0,2,0,2,2,1,0,2,7,0,0,1,0,0,73,-48,"Adelaide","2022",8
17,"Hamill, Will",7,4,8,15,0,0,0,0,3,1,1,2,0,1,0,7,8,1,0,6,0,1,69,-48,"Adelaide","2022",8
6,"Hately, Jackson",10,3,5,15,0,0,0,6,0,5,4,4,3,3,0,8,7,1,1,1,0,0,86,-48,"Adelaide","2022",8
34,"Himmelberg, Elliott",4,2,5,9,1,0,6,2,0,2,0,2,2,2,0,4,5,0,0,1,0,0,84,-48,"Adelaide","2022",8
20,"Hinge, Mitch",13,8,4,17,0,1,0,2,3,1,0,7,1,2,0,4,12,0,0,5,0,0,75,-48,"Adelaide","2022",8
1,"Jones, Chayce",11,3,7,18,0,1,0,2,5,5,3,5,0,3,0,7,12,0,0,1,1,2,87,-48,"Adelaide","2022",8
2,"Keays, Ben",11,3,18,29,0,0,0,6,1,3,2,5,2,2,0,11,18,0,0,1,0,0,83,-48,"Adelaide","2022",8
29,"Laird, Rory",14,5,19,33,0,0,0,7,2,5,8,5,2,1,0,12,22,0,0,0,0,0,75,-48,"Adelaide","2022",8
23,"McAdam, Shane",7,5,4,11,2,1,0,3,0,1,1,2,3,1,0,6,6,2,3,1,1,0,76,-48,"Adelaide","2022",8
4,"Murphy, Lachlan",7,4,2,9,0,0,0,1,3,3,0,2,1,0,0,4,4,0,0,0,0,0,62,-48,"Adelaide","2022",8
43,"OBrien, Reilly",3,0,4,7,0,0,38,2,0,0,5,2,1,1,0,7,1,0,0,5,0,0,77,-48,"Adelaide","2022",8
8,"Rachele, Josh",10,2,2,12,1,2,0,2,1,0,0,3,0,0,0,3,11,0,0,1,0,0,85,-48,"Adelaide","2022",8
31,"Rowe, James",2,1,3,5,0,0,0,0,0,0,0,1,0,0,0,1,4,0,0,1,0,0,23,-48,"Adelaide","2022",8
26,"Schoenberg, Harry",9,3,13,22,1,0,0,6,3,2,2,7,1,1,0,8,15,0,0,1,0,0,78,-48,"Adelaide","2022",8
38,"Sholl, Lachlan",9,4,6,15,0,0,0,0,4,2,1,2,0,1,0,3,12,0,0,0,0,1,83,-48,"Adelaide","2022",8
13,"Walker, Taylor",10,3,6,16,2,1,2,1,0,6,0,2,1,2,0,8,10,0,1,2,0,1,93,-48,"Adelaide","2022",8
