"Number","Player","Kicks","Marks","Handballs","Disposals","Goals","Behinds","Hitouts","Tackles","Rebounds50s","Inside50s","Clearances","Clangers","FreesFor","FreesAgainst","BrownlowVotes","ContestedPossessions","UncontestedPossessions","ContestedMarks","MarksInside50","OnePercenters","Bounces","GoalAssists","PercentagePlayed","PointDifference","Team","Season","Round"
9,"Acres, Blake",9,3,10,19,0,0,0,3,0,2,0,2,1,0,0,5,14,0,0,0,0,0,79,-46,"Fremantle","2022",20
11,"Aish, James",13,5,15,28,0,0,0,9,2,7,6,4,2,1,0,8,19,0,0,0,0,0,78,-46,"Fremantle","2022",20
41,"Banfield, Bailey",0,0,0,0,0,0,0,0,0,0,0,0,0,0,0,0,0,0,0,0,0,0,0,-46,"Fremantle","2022",20
8,"Brayshaw, Andrew",12,10,18,30,0,1,0,8,5,2,3,0,2,0,1,7,23,0,1,2,0,0,81,-46,"Fremantle","2022",20
17,"Brodie, Will",18,2,17,35,0,0,0,2,0,2,7,6,2,0,0,15,17,0,1,0,0,0,64,-46,"Fremantle","2022",20
27,"Chapman, Heath",8,4,2,10,0,0,0,2,1,2,0,3,0,0,0,2,8,0,0,2,0,0,79,-46,"Fremantle","2022",20
6,"Clark, Jordan",11,5,6,17,0,0,0,1,2,0,1,2,1,0,0,6,9,0,0,4,0,0,87,-46,"Fremantle","2022",20
33,"Colyer, Travis",5,4,1,6,0,1,0,0,1,2,0,1,0,1,0,0,7,0,0,0,1,1,76,-46,"Fremantle","2022",20
36,"Cox, Brennan",10,5,4,14,0,0,0,1,7,1,1,1,0,1,0,2,8,1,0,4,0,0,85,-46,"Fremantle","2022",20
4,"Darcy, Sean",7,2,12,19,0,0,37,4,0,2,4,5,1,4,0,11,6,1,0,5,0,1,84,-46,"Fremantle","2022",20
32,"Frederick, Michael",7,2,3,10,2,2,0,4,0,3,0,1,1,0,0,4,6,1,2,1,0,0,85,-46,"Fremantle","2022",20
23,"Henry, Liam",8,5,9,17,0,0,0,3,2,1,1,4,0,1,0,3,15,0,0,2,0,0,76,-46,"Fremantle","2022",20
37,"Lobb, Rory",5,5,3,8,0,0,1,1,1,0,0,4,0,1,0,2,6,1,0,4,0,0,92,-46,"Fremantle","2022",20
2,"Logue, Griffin",5,4,6,11,1,0,1,1,0,1,0,1,1,0,0,6,5,2,2,2,0,0,93,-46,"Fremantle","2022",20
16,"Mundy, David",13,3,22,35,0,0,0,2,1,4,10,5,0,0,0,15,20,0,0,0,0,0,69,-46,"Fremantle","2022",20
25,"Pearce, Alex",8,3,4,12,0,0,0,2,4,0,0,3,0,2,0,5,8,2,0,16,0,0,94,-46,"Fremantle","2022",20
13,"Ryan, Luke",19,7,6,25,0,0,0,2,10,0,1,1,0,0,0,6,12,0,0,7,1,0,86,-46,"Fremantle","2022",20
5,"Schultz, Lachie",5,3,3,8,0,2,0,2,0,1,1,2,0,0,0,3,6,0,1,2,0,0,86,-46,"Fremantle","2022",20
3,"Serong, Caleb",14,7,11,25,0,0,0,3,4,2,3,4,0,2,0,11,14,0,0,1,0,0,71,-46,"Fremantle","2022",20
20,"Taberner, Matthew",4,3,2,6,0,1,0,5,0,1,0,0,2,0,0,4,2,1,1,4,0,1,82,-46,"Fremantle","2022",20
31,"Walker, Brandon",11,3,5,16,0,1,0,3,4,2,1,2,0,0,0,6,9,0,0,1,1,0,81,-46,"Fremantle","2022",20
10,"Walters, Michael",9,3,5,14,2,0,0,2,0,2,0,5,1,2,0,6,7,0,0,0,0,0,85,-46,"Fremantle","2022",20
26,"Young, Hayden",11,4,15,26,0,0,0,5,3,3,2,3,0,1,0,10,17,0,0,3,0,0,87,-46,"Fremantle","2022",20
10,"Brayshaw, Angus",20,3,8,28,0,0,0,6,2,9,4,2,2,1,0,13,16,0,0,1,0,1,77,46,"Melbourne","2022",20
37,"Chandler, Kade",0,0,0,0,0,0,0,0,0,0,0,0,0,0,0,0,0,0,0,0,0,0,0,46,"Melbourne","2022",20
31,"Fritsch, Bayley",11,6,3,14,3,0,0,0,0,2,0,2,0,0,0,5,9,0,4,1,0,1,81,46,"Melbourne","2022",20
11,"Gawn, Max",11,2,3,14,0,1,28,3,0,7,4,2,4,1,0,12,4,2,2,6,0,1,88,46,"Melbourne","2022",20
14,"Hibberd, Michael",11,4,5,16,0,0,0,0,6,0,0,1,0,1,0,6,8,0,0,6,0,0,85,46,"Melbourne","2022",20
29,"Hunt, Jayden",8,2,4,12,0,1,0,2,1,1,0,1,0,1,0,3,9,1,0,1,0,0,86,46,"Melbourne","2022",20
6,"Jackson, Luke",6,1,7,13,0,0,7,3,1,2,2,2,2,1,0,11,3,1,0,0,1,0,72,46,"Melbourne","2022",20
23,"Jordon, James",8,2,12,20,1,0,0,3,1,2,2,2,0,0,0,6,13,0,0,1,0,0,77,46,"Melbourne","2022",20
15,"Langdon, Ed",10,4,13,23,1,0,0,0,2,2,3,1,0,0,0,10,13,0,1,0,0,0,100,46,"Melbourne","2022",20
8,"Lever, Jake",9,6,2,11,0,0,0,2,3,0,0,4,2,1,0,4,8,0,0,7,0,0,91,46,"Melbourne","2022",20
1,"May, Steven",10,3,3,13,0,0,0,0,6,1,0,1,0,1,0,1,4,0,0,12,0,0,90,46,"Melbourne","2022",20
18,"Melksham, Jake",9,6,2,11,1,3,0,0,0,4,0,0,0,0,0,3,8,1,3,1,0,1,81,46,"Melbourne","2022",20
30,"Neal-Bullen, Alex",2,0,5,7,0,0,0,5,0,3,1,3,0,1,0,2,6,0,0,1,0,0,78,46,"Melbourne","2022",20
13,"Oliver, Clayton",12,3,9,21,0,1,0,6,0,1,6,2,2,1,0,13,8,0,0,1,0,1,83,46,"Melbourne","2022",20
5,"Petracca, Christian",12,3,18,30,0,0,0,8,1,7,6,3,0,1,2,16,15,1,1,1,0,1,87,46,"Melbourne","2022",20
35,"Petty, Harry",4,2,5,9,0,0,0,2,1,0,1,2,0,2,0,5,4,0,0,6,0,0,98,46,"Melbourne","2022",20
36,"Pickett, Kysaiah",11,2,1,12,3,2,0,4,0,2,0,0,1,0,0,8,4,1,2,1,0,0,81,46,"Melbourne","2022",20
24,"Rivers, Trent",8,2,8,16,0,0,0,2,4,3,2,1,0,0,0,7,11,1,0,2,0,0,65,46,"Melbourne","2022",20
3,"Salem, Christian",7,2,10,17,0,0,0,0,3,1,2,2,0,1,0,9,9,1,0,0,0,0,83,46,"Melbourne","2022",20
9,"Spargo, Charlie",9,5,2,11,2,0,0,2,0,2,1,2,0,0,0,3,7,0,0,0,0,0,71,46,"Melbourne","2022",20
32,"Sparrow, Tom",10,1,7,17,0,0,0,5,1,6,4,4,1,1,0,9,8,0,0,0,0,0,64,46,"Melbourne","2022",20
7,"Viney, Jack",15,4,18,33,0,1,0,6,2,5,4,1,2,0,3,16,15,1,0,1,0,0,82,46,"Melbourne","2022",20
26,"Weideman, Sam",1,1,0,1,1,0,1,2,0,0,0,0,0,0,0,1,0,1,1,1,0,0,77,46,"Melbourne","2022",20
