"Number","Player","Kicks","Marks","Handballs","Disposals","Goals","Behinds","Hitouts","Tackles","Rebounds50s","Inside50s","Clearances","Clangers","FreesFor","FreesAgainst","BrownlowVotes","ContestedPossessions","UncontestedPossessions","ContestedMarks","MarksInside50","OnePercenters","Bounces","GoalAssists","PercentagePlayed","PointDifference","Team","Season","Round"
7,"Baker, Liam",12,6,6,18,0,0,0,1,5,1,1,2,0,1,0,5,12,0,0,3,3,0,87,61,"Richmond","2022",22
21,"Balta, Noah",7,7,2,9,0,0,0,2,2,0,0,0,1,0,0,4,6,2,0,7,2,0,94,61,"Richmond","2022",22
29,"Bolton, Shai",7,0,6,13,1,0,0,5,1,2,4,5,0,2,0,7,7,0,0,1,0,0,85,61,"Richmond","2022",22
35,"Broad, Nathan",13,0,9,22,0,0,0,0,4,2,1,3,0,0,0,7,13,0,0,2,2,0,82,61,"Richmond","2022",22
0,"Castagna, Jason",1,0,3,4,1,0,0,1,0,1,0,0,0,0,0,3,1,0,0,0,0,0,25,61,"Richmond","2022",22
9,"Cotchin, Trent",17,4,13,30,1,0,0,3,0,9,8,7,0,3,1,17,14,0,1,2,0,1,70,61,"Richmond","2022",22
38,"Cumberland, Noah",8,2,4,12,2,3,0,1,0,1,0,1,0,0,0,4,7,0,2,1,0,3,83,61,"Richmond","2022",22
10,"Edwards, Shane",8,4,5,13,2,0,0,2,0,3,0,1,0,1,0,2,10,0,1,1,0,3,74,61,"Richmond","2022",22
28,"Gibcus, Josh",6,4,6,12,0,0,0,2,2,1,0,2,0,0,0,4,7,1,0,6,0,1,87,61,"Richmond","2022",22
0,"Graham, Jack",5,1,6,11,0,0,0,3,1,3,2,1,0,0,0,2,8,0,0,0,0,2,56,61,"Richmond","2022",22
19,"Lynch, Tom",14,12,4,18,8,0,0,1,0,5,0,4,2,2,3,10,9,7,9,1,0,1,90,61,"Richmond","2022",22
33,"McIntosh, Kamdyn",10,4,7,17,0,0,0,1,3,4,0,2,0,0,0,9,9,0,0,6,0,1,87,61,"Richmond","2022",22
46,"Miller, Ben",3,3,5,8,1,0,13,3,0,4,2,2,0,0,0,3,5,0,1,5,0,0,70,61,"Richmond","2022",22
25,"Nankervis, Toby",4,0,6,10,0,0,34,3,1,0,1,5,1,3,0,7,2,0,0,2,0,0,72,61,"Richmond","2022",22
50,"Pickett, Marlion",9,7,7,16,0,1,0,1,1,1,1,2,1,2,0,6,11,1,0,3,0,0,85,61,"Richmond","2022",22
3,"Prestia, Dion",16,2,14,30,2,0,0,4,0,3,11,3,0,1,2,16,16,0,0,3,0,0,77,61,"Richmond","2022",22
8,"Riewoldt, Jack",7,4,4,11,0,0,0,1,0,3,1,0,0,0,0,7,4,2,0,2,0,0,87,61,"Richmond","2022",22
17,"Rioli, Daniel",12,2,13,25,0,0,0,3,5,2,1,4,1,2,0,7,16,0,0,3,3,0,83,61,"Richmond","2022",22
49,"Rioli, Maurice",10,3,2,12,2,1,0,4,0,2,1,5,2,1,0,4,9,0,2,2,1,1,72,61,"Richmond","2022",22
15,"Short, Jayden",19,7,7,26,0,1,0,1,5,4,4,2,0,0,0,7,19,0,0,2,0,2,87,61,"Richmond","2022",22
40,"Sonsie, Tyler",9,4,8,17,0,0,0,2,1,3,2,5,0,0,0,5,12,0,1,0,0,1,79,61,"Richmond","2022",22
6,"Tarrant, Robbie",3,2,3,6,0,0,0,1,1,1,0,1,1,1,0,1,6,0,0,7,0,0,87,61,"Richmond","2022",22
1,"Vlastuin, Nick",16,9,7,23,0,0,0,2,10,0,1,2,1,1,0,4,14,0,0,4,0,0,81,61,"Richmond","2022",22
36,"Blanck, James",8,1,3,11,0,0,0,5,5,1,1,4,3,2,0,7,3,1,0,5,0,0,91,-61,"Hawthorn","2022",22
22,"Breust, Luke",8,3,0,8,2,2,0,2,0,3,0,2,0,1,0,2,5,0,3,0,0,0,82,-61,"Hawthorn","2022",22
12,"Day, Will",7,2,7,14,0,0,0,1,4,2,0,0,0,0,0,3,8,0,0,1,0,0,74,-61,"Hawthorn","2022",22
24,"Grainger-Barras, Denver",6,3,3,9,0,0,0,3,3,0,0,4,0,1,0,2,6,0,0,2,0,0,79,-61,"Hawthorn","2022",22
19,"Gunston, Jack",8,5,2,10,2,3,0,0,0,1,0,2,0,2,0,4,6,0,5,0,0,1,88,-61,"Hawthorn","2022",22
15,"Hardwick, Blake",13,8,7,20,0,0,0,1,5,2,0,4,0,0,0,5,12,0,0,1,2,0,88,-61,"Hawthorn","2022",22
4,"Impey, Jarman",9,3,5,14,0,0,0,5,1,3,0,1,2,0,0,4,10,0,0,1,1,0,86,-61,"Hawthorn","2022",22
39,"Jeka, Emerson",4,3,6,10,0,0,0,2,1,0,0,2,1,0,0,5,6,2,0,5,0,0,90,-61,"Hawthorn","2022",22
23,"Koschitzke, Jacob",5,3,2,7,1,1,4,1,0,2,2,0,0,0,0,4,2,2,1,1,0,0,86,-61,"Hawthorn","2022",22
31,"Macdonald, Connor",0,0,0,0,0,0,0,0,0,0,0,0,0,0,0,0,0,0,0,0,0,0,0,-61,"Hawthorn","2022",22
32,"Maginness, Finn",6,0,4,10,0,0,0,4,3,1,3,2,1,0,0,6,4,0,0,1,0,0,86,-61,"Hawthorn","2022",22
7,"McEvoy, Ben",5,1,8,13,1,0,29,8,0,1,4,1,4,0,0,11,3,1,1,3,0,0,78,-61,"Hawthorn","2022",22
3,"Mitchell, Tom",13,3,19,32,0,0,0,5,2,5,3,2,1,1,0,11,22,0,0,2,1,2,72,-61,"Hawthorn","2022",22
13,"Moore, Dylan",8,3,16,24,0,1,0,5,1,5,3,4,1,0,0,9,16,0,0,0,1,1,83,-61,"Hawthorn","2022",22
1,"Morrison, Harry",9,5,6,15,0,0,0,1,2,3,1,2,2,0,0,9,8,1,0,2,0,0,80,-61,"Hawthorn","2022",22
11,"Nash, Conor",3,2,7,10,0,0,0,3,1,2,1,1,1,1,0,2,8,0,0,2,0,0,74,-61,"Hawthorn","2022",22
44,"Newcombe, Jai",10,3,19,29,0,0,0,6,2,3,4,3,0,1,0,10,20,0,0,1,1,1,83,-61,"Hawthorn","2022",22
10,"OMeara, Jaeger",8,4,7,15,0,0,0,3,0,3,3,0,0,0,0,5,9,0,1,1,0,0,81,-61,"Hawthorn","2022",22
14,"Scrimshaw, Jack",9,5,5,14,0,0,0,1,2,3,0,0,2,0,0,9,5,1,0,3,1,2,77,-61,"Hawthorn","2022",22
29,"Serong, Jai",3,2,1,4,1,0,0,2,0,1,0,2,1,0,0,1,3,0,2,0,0,0,70,-61,"Hawthorn","2022",22
26,"Shiels, Liam",6,4,8,14,1,2,0,2,0,3,1,3,1,1,0,6,7,0,1,2,0,0,74,-61,"Hawthorn","2022",22
6,"Sicily, James",23,9,7,30,1,0,0,0,1,5,2,5,0,0,0,9,19,3,1,3,1,0,96,-61,"Hawthorn","2022",22
25,"Ward, Josh",10,4,7,17,0,0,0,1,2,3,1,1,0,0,0,3,14,0,0,0,0,0,82,-61,"Hawthorn","2022",22
