"Number","Player","Kicks","Marks","Handballs","Disposals","Goals","Behinds","Hitouts","Tackles","Rebounds50s","Inside50s","Clearances","Clangers","FreesFor","FreesAgainst","BrownlowVotes","ContestedPossessions","UncontestedPossessions","ContestedMarks","MarksInside50","OnePercenters","Bounces","GoalAssists","PercentagePlayed","PointDifference","Team","Season","Round"
7,"Baker, Liam",4,1,6,10,0,0,0,3,3,0,0,2,0,1,0,2,7,0,0,0,0,0,81,27,"Richmond","2022",8
21,"Balta, Noah",12,9,6,18,0,0,0,2,5,3,0,2,1,0,0,4,13,2,0,6,0,1,96,27,"Richmond","2022",8
29,"Bolton, Shai",11,5,10,21,2,2,0,2,0,5,3,3,0,0,1,9,12,0,3,1,2,1,86,27,"Richmond","2022",8
35,"Broad, Nathan",9,5,14,23,0,0,0,0,6,2,0,3,1,0,0,6,13,0,0,2,1,1,86,27,"Richmond","2022",8
11,"Castagna, Jason",5,1,3,8,1,1,0,1,0,0,0,4,1,1,0,3,5,0,1,0,0,0,76,27,"Richmond","2022",8
9,"Cotchin, Trent",17,2,12,29,1,0,0,2,1,4,7,5,0,0,0,13,12,0,0,3,0,1,73,27,"Richmond","2022",8
10,"Edwards, Shane",11,3,6,17,0,0,0,2,1,3,1,0,2,0,0,7,9,0,0,0,0,1,86,27,"Richmond","2022",8
28,"Gibcus, Josh",7,3,5,12,0,0,0,1,2,0,1,1,0,0,0,3,8,1,0,10,0,0,93,27,"Richmond","2022",8
34,"Graham, Jack",15,7,15,30,0,0,0,6,1,9,5,3,0,1,2,10,20,0,0,0,0,0,82,27,"Richmond","2022",8
2,"Grimes, Dylan",8,3,2,10,0,0,0,2,5,0,0,3,0,1,0,2,7,0,0,2,0,0,87,27,"Richmond","2022",8
23,"Lambert, Kane",12,6,6,18,1,0,0,4,0,4,3,3,0,0,0,3,13,0,1,0,0,1,79,27,"Richmond","2022",8
19,"Lynch, Tom",19,11,6,25,6,1,0,0,0,5,0,3,1,0,3,11,13,3,6,0,0,0,96,27,"Richmond","2022",8
31,"Mansell, Rhyan",9,5,4,13,0,0,0,0,5,0,0,3,1,1,0,3,11,0,0,5,1,0,82,27,"Richmond","2022",8
4,"Martin, Dustin",15,5,8,23,2,1,0,0,0,3,2,5,1,2,0,7,18,0,2,1,0,0,85,27,"Richmond","2022",8
33,"McIntosh, Kamdyn",7,2,4,11,0,0,0,1,2,1,0,2,0,2,0,1,10,0,0,1,0,0,81,27,"Richmond","2022",8
25,"Nankervis, Toby",9,5,14,23,0,0,33,5,2,2,3,7,1,2,0,9,14,1,0,1,0,0,67,27,"Richmond","2022",8
50,"Pickett, Marlion",7,1,6,13,1,0,0,3,1,4,5,6,0,3,0,8,7,0,1,3,0,0,76,27,"Richmond","2022",8
8,"Riewoldt, Jack",9,6,6,15,2,2,0,0,0,2,0,3,1,2,0,11,5,2,5,4,0,1,92,27,"Richmond","2022",8
17,"Rioli, Daniel",13,4,7,20,0,0,0,0,5,1,0,2,0,1,0,6,12,0,0,2,0,1,78,27,"Richmond","2022",8
49,"Rioli, Maurice",8,3,6,14,0,0,0,2,0,5,0,3,1,0,0,8,6,0,0,2,0,3,73,27,"Richmond","2022",8
15,"Short, Jayden",21,5,6,27,0,0,0,2,2,6,4,6,2,2,0,10,17,0,0,1,0,0,85,27,"Richmond","2022",8
20,"Soldo, Ivan",6,2,2,8,1,0,16,1,2,2,1,5,2,3,0,2,4,0,0,3,0,0,61,27,"Richmond","2022",8
44,"Stack, Sydney",0,0,0,0,0,0,0,0,0,0,0,0,0,0,0,0,0,0,0,0,0,0,0,27,"Richmond","2022",8
13,"Adams, Taylor",15,1,14,29,1,1,0,2,0,7,5,4,2,0,0,12,17,1,0,0,0,1,75,-27,"Collingwood","2022",8
39,"Begg, Aiden",4,3,9,13,0,0,2,3,1,2,1,3,1,0,0,6,7,0,1,1,0,0,61,-27,"Collingwood","2022",8
8,"Bianco, Trent",4,4,3,7,0,0,0,1,1,1,1,2,0,0,0,1,5,0,0,0,0,0,70,-27,"Collingwood","2022",8
6,"Brown, Tyler",5,2,9,14,0,0,0,6,0,0,3,2,2,1,0,10,6,0,0,1,0,0,65,-27,"Collingwood","2022",8
14,"Cameron, Darcy",11,6,10,21,0,0,14,6,1,5,2,3,3,0,0,8,14,3,1,1,0,0,80,-27,"Collingwood","2022",8
25,"Crisp, Jack",12,4,18,30,1,0,0,6,1,9,1,4,0,1,0,9,17,0,0,1,0,0,83,-27,"Collingwood","2022",8
7,"Daicos, Josh",6,2,3,9,0,2,0,0,0,0,0,2,1,0,0,4,5,0,0,1,0,0,86,-27,"Collingwood","2022",8
35,"Daicos, Nick",16,6,9,25,0,1,0,1,3,5,1,6,0,2,0,4,21,0,0,1,1,1,79,-27,"Collingwood","2022",8
2,"de Goey, Jordan",8,3,14,22,0,1,0,1,2,4,6,4,0,1,0,8,13,0,0,0,0,1,80,-27,"Collingwood","2022",8
33,"Ginnivan, Jack",5,2,0,5,3,0,0,0,0,1,0,2,2,1,0,3,3,0,1,1,0,0,81,-27,"Collingwood","2022",8
16,"Henry, Oliver",8,4,2,10,2,2,0,0,0,2,0,0,0,0,0,2,8,1,3,1,0,1,83,-27,"Collingwood","2022",8
32,"Hoskin-Elliott, Will",8,5,6,14,2,0,0,0,1,3,1,1,0,0,0,7,8,1,1,1,0,0,85,-27,"Collingwood","2022",8
38,"Howe, Jeremy",9,6,8,17,0,0,0,1,6,0,0,1,1,0,0,4,11,0,0,5,0,0,96,-27,"Collingwood","2022",8
1,"Lipinski, Patrick",13,4,17,30,0,0,0,1,5,2,2,2,3,0,0,9,22,0,0,3,1,1,85,-27,"Collingwood","2022",8
44,"Madgen, Jack",0,0,0,0,0,0,0,0,0,0,0,0,0,0,0,0,0,0,0,0,0,0,0,-27,"Collingwood","2022",8
37,"Maynard, Brayden",11,3,4,15,0,0,0,0,2,4,1,5,0,1,0,4,11,0,0,8,0,1,86,-27,"Collingwood","2022",8
31,"McCreery, Beau",6,2,3,9,1,4,0,2,0,1,0,3,1,3,0,3,5,0,2,3,0,1,85,-27,"Collingwood","2022",8
41,"Mihocek, Brody",6,4,2,8,2,1,0,3,0,1,0,2,0,1,0,4,5,0,2,1,0,0,87,-27,"Collingwood","2022",8
30,"Moore, Darcy",10,5,3,13,0,0,0,3,8,0,0,3,0,1,0,6,3,3,0,12,0,0,100,-27,"Collingwood","2022",8
9,"Noble, John",9,3,7,16,0,0,0,5,3,2,0,2,1,1,0,3,14,0,0,1,1,0,87,-27,"Collingwood","2022",8
10,"Pendlebury, Scott",8,1,16,24,0,0,0,3,4,1,5,0,3,0,0,8,15,0,0,1,0,0,91,-27,"Collingwood","2022",8
3,"Quaynor, Isaac",8,2,9,17,0,0,0,2,5,2,1,4,2,0,0,7,9,0,0,2,1,0,76,-27,"Collingwood","2022",8
22,"Sidebottom, Steele",12,2,4,16,0,1,0,2,1,6,1,5,0,1,0,2,11,0,1,3,0,0,78,-27,"Collingwood","2022",8
