"Number","Player","Kicks","Marks","Handballs","Disposals","Goals","Behinds","Hitouts","Tackles","Rebounds50s","Inside50s","Clearances","Clangers","FreesFor","FreesAgainst","BrownlowVotes","ContestedPossessions","UncontestedPossessions","ContestedMarks","MarksInside50","OnePercenters","Bounces","GoalAssists","PercentagePlayed","PointDifference","Team","Season","Round"
26,"Battle, Josh",15,8,5,20,0,0,0,2,3,1,1,6,0,1,0,2,14,1,0,3,0,0,78,10,"St Kilda","2022",9
15,"Billings, Jack",16,8,6,22,1,1,0,1,2,5,2,4,1,2,0,6,17,0,2,2,0,1,78,10,"St Kilda","2022",9
5,"Crouch, Brad",13,3,23,36,0,1,0,7,4,5,5,2,2,0,3,18,18,0,0,1,0,1,81,10,"St Kilda","2022",9
4,"Gresham, Jade",12,2,18,30,0,1,0,6,1,4,8,2,2,1,0,13,17,0,0,0,3,0,85,10,"St Kilda","2022",9
0,"Higgins, Jack",1,0,1,2,0,0,0,1,0,1,0,0,1,0,0,1,1,0,0,0,0,0,25,10,"St Kilda","2022",9
8,"Hill, Bradley",14,6,6,20,0,0,0,1,3,1,1,0,0,0,0,5,16,0,0,1,0,0,86,10,"St Kilda","2022",9
20,"Howard, Dougal",7,3,2,9,0,0,0,1,5,0,1,2,1,2,0,5,3,0,0,2,0,0,97,10,"St Kilda","2022",9
3,"Jones, Zak",10,3,10,20,1,0,0,4,0,1,3,3,1,1,0,5,17,0,0,0,2,0,70,10,"St Kilda","2022",9
12,"King, Max",7,6,2,9,2,1,0,0,0,0,0,1,0,1,0,7,2,4,4,0,0,0,95,10,"St Kilda","2022",9
21,"Long, Ben",3,3,8,11,1,0,0,3,0,2,0,1,0,1,0,6,6,0,0,4,0,1,70,10,"St Kilda","2022",9
19,"Marshall, Rowan",7,2,5,12,1,1,18,7,1,2,5,0,1,0,0,4,6,1,1,1,0,1,83,10,"St Kilda","2022",9
36,"McKenzie, Daniel",10,7,10,20,0,0,0,3,1,3,1,1,2,0,0,9,10,0,0,3,0,2,88,10,"St Kilda","2022",9
28,"Membrey, Tim",12,6,6,18,2,1,0,0,0,4,1,1,2,0,0,10,9,1,2,1,0,0,88,10,"St Kilda","2022",9
33,"Paton, Ben",13,6,4,17,0,0,0,0,3,1,0,1,0,0,0,3,11,0,0,2,0,0,79,10,"St Kilda","2022",9
6,"Ross, Sebastian",13,4,10,23,0,0,0,3,3,7,4,3,2,3,0,7,17,0,0,1,2,1,81,10,"St Kilda","2022",9
18,"Ryder, Paddy",8,5,2,10,3,1,22,1,0,1,1,3,1,3,2,2,7,1,3,0,0,1,70,10,"St Kilda","2022",9
43,"Sharman, Cooper",6,4,3,9,1,1,0,3,0,3,1,1,1,1,0,3,6,0,1,1,0,0,77,10,"St Kilda","2022",9
35,"Sinclair, Jack",24,9,7,31,0,0,0,0,5,3,0,4,0,1,1,5,21,1,0,2,2,0,83,10,"St Kilda","2022",9
9,"Steele, Jack",12,4,10,22,0,0,0,3,1,2,3,2,0,1,0,8,13,0,0,1,0,0,74,10,"St Kilda","2022",9
29,"Webster, Jimmy",7,5,7,14,0,0,0,1,1,1,0,1,0,0,0,1,13,0,0,7,0,1,78,10,"St Kilda","2022",9
44,"Wilkie, Callum",13,7,6,19,0,0,0,1,6,1,0,1,1,1,0,6,12,2,0,3,0,0,98,10,"St Kilda","2022",9
0,"Windhager, Marcus",4,2,11,15,0,0,0,2,0,1,1,0,1,0,0,5,10,0,0,1,0,0,56,10,"St Kilda","2022",9
32,"Wood, Mason",14,7,5,19,1,1,0,0,1,3,1,1,0,0,0,4,15,1,1,1,0,0,77,10,"St Kilda","2022",9
30,"Atkins, Tom",9,4,9,18,0,0,0,5,1,0,0,1,1,0,0,6,11,0,0,4,0,0,84,-10,"Geelong","2022",9
46,"Blicavs, Mark",6,4,10,16,0,0,17,7,2,1,2,2,0,1,0,6,13,0,0,7,0,0,87,-10,"Geelong","2022",9
5,"Cameron, Jeremy",10,8,5,15,1,2,0,1,0,2,0,1,0,1,0,0,15,0,4,3,0,1,96,-10,"Geelong","2022",9
45,"Close, Brad",2,1,8,10,0,1,0,0,0,1,0,4,0,1,0,2,8,0,0,2,0,0,81,-10,"Geelong","2022",9
35,"Dangerfield, Patrick",8,0,13,21,0,0,0,3,1,3,5,3,2,1,0,11,10,0,0,0,0,0,82,-10,"Geelong","2022",9
16,"De Koning, Sam",2,4,13,15,0,0,0,0,2,0,0,0,3,0,0,11,5,2,0,5,0,0,100,-10,"Geelong","2022",9
22,"Duncan, Mitch",17,8,4,21,0,1,0,1,8,2,1,2,1,1,0,2,16,0,1,3,0,2,83,-10,"Geelong","2022",9
29,"Guthrie, Cameron",13,5,10,23,1,0,0,1,2,3,3,4,0,2,0,6,16,0,0,0,0,0,71,-10,"Geelong","2022",9
39,"Guthrie, Zach",11,5,6,17,0,0,0,7,5,4,1,5,1,2,0,6,11,0,0,0,0,0,81,-10,"Geelong","2022",9
26,"Hawkins, Tom",11,7,3,14,4,1,6,2,1,3,0,2,1,2,0,7,7,3,4,2,0,1,96,-10,"Geelong","2022",9
10,"Knevitt, Mitch",4,1,3,7,0,1,0,1,0,1,0,1,1,1,0,1,6,0,0,1,0,0,66,-10,"Geelong","2022",9
8,"Kolodjashnij, Jake",6,4,9,15,0,0,0,2,1,1,0,2,1,2,0,5,10,1,0,8,0,0,93,-10,"Geelong","2022",9
32,"Miers, Gryan",7,4,4,11,1,0,0,0,0,1,0,2,0,1,0,1,10,0,1,0,0,0,78,-10,"Geelong","2022",9
19,"Narkle, Quinton",5,4,11,16,0,0,0,2,1,3,2,1,0,0,0,9,7,0,0,0,0,1,66,-10,"Geelong","2022",9
42,"OConnor, Mark",11,5,8,19,0,0,0,2,1,2,0,3,0,1,0,5,15,0,0,2,0,0,80,-10,"Geelong","2022",9
3,"Parfitt, Brandan",10,3,9,19,0,0,0,2,1,4,5,3,0,0,0,8,10,0,0,1,0,1,62,-10,"Geelong","2022",9
14,"Selwood, Joel",13,2,9,22,0,1,0,5,3,5,10,3,3,2,0,12,11,0,0,3,0,1,74,-10,"Geelong","2022",9
7,"Smith, Isaac",15,6,8,23,1,1,0,2,1,9,1,2,2,0,0,4,17,0,0,1,1,0,86,-10,"Geelong","2022",9
1,"Stanley, Rhys",2,2,3,5,0,0,13,0,0,1,1,1,1,0,0,4,1,1,1,3,0,1,61,-10,"Geelong","2022",9
18,"Stengle, Tyson",7,2,5,12,1,2,0,0,0,1,0,4,0,0,0,4,8,1,1,0,0,0,81,-10,"Geelong","2022",9
12,"Stephens, Cooper",0,0,0,0,0,0,0,0,0,0,0,0,0,0,0,0,0,0,0,0,0,0,0,-10,"Geelong","2022",9
44,"Stewart, Tom",18,9,9,27,0,0,0,2,5,1,0,5,2,1,0,4,22,0,0,9,0,0,95,-10,"Geelong","2022",9
2,"Tuohy, Zach",18,6,8,26,2,0,0,0,4,3,4,1,0,0,0,6,17,1,0,2,2,0,95,-10,"Geelong","2022",9
