"Number","Player","Kicks","Marks","Handballs","Disposals","Goals","Behinds","Hitouts","Tackles","Rebounds50s","Inside50s","Clearances","Clangers","FreesFor","FreesAgainst","BrownlowVotes","ContestedPossessions","UncontestedPossessions","ContestedMarks","MarksInside50","OnePercenters","Bounces","GoalAssists","PercentagePlayed","PointDifference","Team","Season","Round"
0,"Aarts, Jake",0,0,5,5,0,0,0,0,0,0,1,0,0,0,0,2,3,0,0,1,0,0,15,36,"Richmond","2022",2
7,"Baker, Liam",9,3,5,14,1,0,0,1,0,3,3,3,1,1,0,8,7,0,0,1,0,0,84,36,"Richmond","2022",2
21,"Balta, Noah",8,6,2,10,4,2,0,1,0,1,0,1,2,0,2,5,5,3,3,1,1,0,86,36,"Richmond","2022",2
29,"Bolton, Shai",11,6,6,17,2,2,0,0,0,7,4,5,0,3,0,8,9,0,3,0,4,0,86,36,"Richmond","2022",2
35,"Broad, Nathan",14,9,8,22,0,0,0,5,6,3,0,2,1,0,0,3,19,0,0,2,1,0,85,36,"Richmond","2022",2
11,"Castagna, Jason",8,1,1,9,1,0,0,1,0,3,0,3,1,0,0,2,7,0,0,0,0,0,83,36,"Richmond","2022",2
9,"Cotchin, Trent",12,1,6,18,0,0,0,8,2,6,4,2,3,0,0,10,9,0,0,1,0,3,76,36,"Richmond","2022",2
0,"Dow, Thomson",7,1,7,14,0,0,0,0,3,2,5,4,0,2,0,9,6,0,0,1,0,0,68,36,"Richmond","2022",2
10,"Edwards, Shane",8,1,9,17,1,1,0,0,0,3,3,1,0,1,0,7,9,0,0,0,0,1,84,36,"Richmond","2022",2
28,"Gibcus, Josh",6,4,4,10,0,0,0,0,6,0,0,1,0,0,0,2,8,1,0,6,0,0,88,36,"Richmond","2022",2
34,"Graham, Jack",12,4,10,22,0,0,0,2,4,3,1,4,0,2,0,3,21,0,0,0,1,0,77,36,"Richmond","2022",2
19,"Lynch, Tom",7,3,4,11,3,2,0,0,0,1,1,2,2,1,0,7,4,1,1,2,0,2,87,36,"Richmond","2022",2
33,"McIntosh, Kamdyn",7,3,3,10,0,0,0,1,1,2,0,0,0,0,0,4,6,0,0,1,0,0,84,36,"Richmond","2022",2
46,"Miller, Ben",4,1,5,9,0,0,0,0,1,1,0,0,0,0,0,4,5,0,0,7,0,0,92,36,"Richmond","2022",2
25,"Nankervis, Toby",7,2,8,15,1,0,21,5,0,0,2,5,4,3,0,10,5,0,0,5,0,0,62,36,"Richmond","2022",2
37,"Parker, Matthew",12,7,4,16,0,0,0,2,0,5,0,1,5,1,0,10,6,2,0,0,1,1,81,36,"Richmond","2022",2
50,"Pickett, Marlion",9,5,9,18,0,1,0,2,1,3,2,4,1,0,0,10,9,1,1,4,0,1,84,36,"Richmond","2022",2
45,"Ralphsmith, Hugo",7,6,12,19,1,0,0,0,2,4,0,3,1,1,0,6,13,1,0,3,1,0,85,36,"Richmond","2022",2
17,"Rioli, Daniel",17,8,4,21,0,0,0,4,4,2,0,2,2,0,0,7,14,1,0,0,1,1,82,36,"Richmond","2022",2
5,"Ross, Jack",7,5,5,12,0,0,0,3,2,1,1,1,0,1,0,4,9,0,0,3,1,0,83,36,"Richmond","2022",2
15,"Short, Jayden",29,10,4,33,0,0,0,2,11,3,0,1,1,1,3,4,21,0,0,0,0,0,80,36,"Richmond","2022",2
20,"Soldo, Ivan",5,3,4,9,2,0,11,1,0,0,3,3,1,1,0,5,4,1,2,1,0,0,62,36,"Richmond","2022",2
6,"Tarrant, Robbie",2,2,6,8,0,0,0,0,2,0,0,0,1,0,0,3,4,0,0,12,0,0,88,36,"Richmond","2022",2
7,"Ash, Lachie",9,7,7,16,0,0,0,1,2,3,0,2,0,2,0,3,13,0,0,2,0,0,83,-36,"Greater Western Sydney","2022",2
31,"Brander, Jarrod",9,6,1,10,1,1,0,2,1,1,0,2,0,1,0,3,7,1,1,1,0,0,91,-36,"Greater Western Sydney","2022",2
5,"Bruhn, Tanner",6,4,10,16,1,0,0,5,0,4,3,0,2,0,0,6,10,0,0,1,2,0,86,-36,"Greater Western Sydney","2022",2
3,"Coniglio, Stephen",12,7,11,23,2,0,0,4,3,3,1,5,0,3,0,6,17,0,2,1,2,0,82,-36,"Greater Western Sydney","2022",2
13,"Cumming, Isaac",18,10,8,26,0,0,0,1,6,2,0,0,1,0,0,6,18,1,0,2,1,0,86,-36,"Greater Western Sydney","2022",2
1,"Davis, Phil",6,4,2,8,0,0,0,3,1,1,0,2,1,2,0,5,4,1,0,4,0,0,45,-36,"Greater Western Sydney","2022",2
0,"de Boer, Matt",8,2,2,10,0,1,0,3,0,3,0,0,2,0,0,3,7,0,0,2,0,0,64,-36,"Greater Western Sydney","2022",2
30,"Flynn, Matt",4,4,3,7,0,0,14,0,0,2,0,3,1,2,0,2,5,1,0,2,0,0,77,-36,"Greater Western Sydney","2022",2
12,"Green, Tom",15,6,19,34,0,1,1,1,3,5,6,5,1,2,0,15,19,0,2,2,0,0,74,-36,"Greater Western Sydney","2022",2
19,"Haynes, Nick",12,11,10,22,0,0,0,2,1,0,0,4,0,2,0,3,21,0,0,4,0,0,79,-36,"Greater Western Sydney","2022",2
37,"Hill, Bobby",7,1,1,8,0,2,0,3,0,3,0,3,0,2,0,3,6,0,0,2,0,0,67,-36,"Greater Western Sydney","2022",2
27,"Himmelberg, Harry",8,3,4,12,2,1,1,1,0,3,0,3,0,2,0,4,9,1,3,3,1,1,94,-36,"Greater Western Sydney","2022",2
23,"Hogan, Jesse",7,6,3,10,0,0,0,0,0,3,0,2,0,0,0,3,7,1,0,0,0,3,81,-36,"Greater Western Sydney","2022",2
39,"Idun, Connor",9,5,12,21,0,0,0,2,2,0,0,3,0,2,0,4,17,0,0,5,1,0,85,-36,"Greater Western Sydney","2022",2
22,"Kelly, Josh",15,7,11,26,2,1,0,2,1,6,3,4,1,2,0,11,16,0,1,1,0,1,87,-36,"Greater Western Sydney","2022",2
0,"Lloyd, Daniel",4,2,0,4,0,1,0,0,0,1,0,0,0,0,0,0,4,0,0,0,1,0,16,-36,"Greater Western Sydney","2022",2
33,"OHalloran, Xavier",11,2,4,15,0,0,0,3,3,4,0,1,0,0,0,2,13,0,0,5,0,0,85,-36,"Greater Western Sydney","2022",2
36,"Perryman, Harry",15,6,11,26,0,0,0,4,3,0,2,4,1,3,0,6,16,0,0,0,0,0,77,-36,"Greater Western Sydney","2022",2
26,"Riccardi, Jake",10,9,4,14,0,2,3,0,0,2,0,5,0,1,0,0,14,0,3,0,0,0,86,-36,"Greater Western Sydney","2022",2
14,"Taranto, Tim",14,6,13,27,2,0,0,1,1,4,2,3,2,0,1,5,22,0,0,0,0,0,86,-36,"Greater Western Sydney","2022",2
15,"Taylor, Sam",12,6,6,18,0,0,0,2,3,1,0,1,3,0,0,9,9,1,0,11,0,0,95,-36,"Greater Western Sydney","2022",2
8,"Ward, Callan",12,7,16,28,0,0,0,0,1,3,4,4,0,0,0,11,18,1,0,1,2,1,82,-36,"Greater Western Sydney","2022",2
6,"Whitfield, Lachie",13,6,10,23,0,0,0,2,3,1,3,4,3,0,0,5,15,1,0,3,0,0,90,-36,"Greater Western Sydney","2022",2
