"Number","Player","Kicks","Marks","Handballs","Disposals","Goals","Behinds","Hitouts","Tackles","Rebounds50s","Inside50s","Clearances","Clangers","FreesFor","FreesAgainst","BrownlowVotes","ContestedPossessions","UncontestedPossessions","ContestedMarks","MarksInside50","OnePercenters","Bounces","GoalAssists","PercentagePlayed","PointDifference","Team","Season","Round"
7,"Baker, Liam",11,3,10,21,2,0,0,3,1,5,1,2,0,1,0,8,13,0,1,1,0,1,85,35,"Richmond","2022",16
29,"Bolton, Shai",11,4,6,17,2,0,0,2,0,3,5,1,4,0,0,10,7,1,1,1,4,1,86,35,"Richmond","2022",16
35,"Broad, Nathan",20,11,5,25,0,0,0,2,8,2,0,3,1,0,1,3,19,1,0,4,4,0,88,35,"Richmond","2022",16
11,"Castagna, Jason",4,5,10,14,1,0,0,4,0,2,0,3,0,0,0,5,9,1,1,0,0,0,84,35,"Richmond","2022",16
10,"Edwards, Shane",7,2,4,11,2,1,0,0,0,0,0,0,1,0,0,3,9,0,1,2,2,1,79,35,"Richmond","2022",16
28,"Gibcus, Josh",9,5,2,11,1,0,0,0,2,2,0,5,0,0,0,1,10,0,0,8,0,0,93,35,"Richmond","2022",16
34,"Graham, Jack",10,5,14,24,0,0,0,1,1,5,4,3,2,3,0,9,18,0,0,0,0,1,84,35,"Richmond","2022",16
2,"Grimes, Dylan",10,7,4,14,0,0,0,3,2,0,0,2,0,1,0,3,10,0,0,4,1,0,87,35,"Richmond","2022",16
0,"Lambert, Kane",1,0,2,3,0,0,0,1,0,0,0,0,0,0,0,1,2,0,0,0,0,0,33,35,"Richmond","2022",16
19,"Lynch, Tom",5,5,1,6,2,1,0,1,0,1,0,0,0,0,0,4,2,4,3,1,0,0,87,35,"Richmond","2022",16
0,"Martin, Dustin",12,4,5,17,1,0,0,0,0,5,4,1,0,0,0,5,12,0,0,0,1,1,44,35,"Richmond","2022",16
33,"McIntosh, Kamdyn",10,8,7,17,2,0,0,2,1,2,2,1,1,0,0,3,14,0,2,1,1,1,84,35,"Richmond","2022",16
25,"Nankervis, Toby",5,2,10,15,0,0,22,4,1,0,2,3,0,2,0,7,9,0,0,3,0,0,67,35,"Richmond","2022",16
50,"Pickett, Marlion",12,7,13,25,2,0,0,5,3,6,0,5,4,2,2,10,15,2,0,0,0,1,80,35,"Richmond","2022",16
45,"Ralphsmith, Hugo",7,6,7,14,0,0,0,0,3,2,0,1,0,0,0,3,9,1,0,0,5,0,83,35,"Richmond","2022",16
8,"Riewoldt, Jack",5,4,1,6,3,2,0,1,0,1,0,1,1,1,0,4,4,2,3,2,0,0,93,35,"Richmond","2022",16
17,"Rioli, Daniel",15,5,13,28,1,1,0,1,4,5,3,0,1,0,0,7,19,1,0,1,6,2,81,35,"Richmond","2022",16
49,"Rioli, Maurice",5,3,2,7,1,0,0,2,1,1,0,2,0,1,0,1,4,0,1,0,1,0,80,35,"Richmond","2022",16
5,"Ross, Jack",8,5,9,17,0,0,0,3,1,5,3,2,1,1,0,4,12,0,0,0,0,0,77,35,"Richmond","2022",16
15,"Short, Jayden",15,5,7,22,0,0,0,3,5,3,5,6,1,1,0,9,13,0,0,0,0,1,80,35,"Richmond","2022",16
20,"Soldo, Ivan",2,1,3,5,0,0,9,1,1,0,2,2,1,1,0,4,3,0,0,3,0,0,57,35,"Richmond","2022",16
6,"Tarrant, Robbie",5,4,3,8,0,0,0,1,2,1,1,0,1,0,0,2,7,0,0,10,0,0,87,35,"Richmond","2022",16
1,"Vlastuin, Nick",15,6,6,21,0,0,0,1,5,2,0,6,1,2,0,6,12,0,0,1,0,1,82,35,"Richmond","2022",16
37,"Barrass, Tom",6,4,5,11,0,0,0,2,4,0,1,0,1,0,0,3,7,1,0,10,0,0,95,-35,"West Coast","2022",16
33,"Bazzo, Rhett",2,1,7,9,0,0,0,0,1,1,0,1,0,1,0,1,8,0,0,3,0,0,86,-35,"West Coast","2022",16
15,"Cripps, Jamie",18,7,6,24,3,2,0,2,2,11,2,5,0,1,0,9,15,0,1,1,1,1,95,-35,"West Coast","2022",16
27,"Darling, Jack",6,6,7,13,1,0,0,1,0,0,0,1,0,1,0,4,9,2,1,3,0,0,100,-35,"West Coast","2022",16
14,"Duggan, Liam",13,3,5,18,0,0,0,1,4,2,1,4,0,0,0,4,15,0,0,2,0,0,84,-35,"West Coast","2022",16
3,"Gaff, Andrew",9,2,12,21,0,1,0,0,0,4,1,2,0,1,0,7,14,0,1,0,0,1,81,-35,"West Coast","2022",16
19,"Hough, Brady",12,10,8,20,0,0,0,0,1,2,1,2,0,2,0,2,17,0,0,0,0,0,81,-35,"West Coast","2022",16
25,"Hurn, Shannon",12,8,8,20,0,0,0,0,3,1,0,0,0,0,0,6,12,3,0,1,1,0,85,-35,"West Coast","2022",16
31,"Jones, Jamaine",11,5,5,16,0,0,0,2,3,2,1,4,1,2,0,5,10,0,0,1,0,1,84,-35,"West Coast","2022",16
11,"Kelly, Tim",19,4,21,40,2,1,0,3,2,5,9,7,2,2,3,17,20,1,1,0,0,3,83,-35,"West Coast","2022",16
9,"Naitanui, Nic",11,3,8,19,1,0,26,2,0,6,6,3,0,2,0,12,4,1,0,2,0,0,69,-35,"West Coast","2022",16
0,"Petrevski-Seton, Sam",5,1,6,11,0,0,0,1,0,1,0,2,1,0,0,5,6,0,0,1,0,0,41,-35,"West Coast","2022",16
21,"Petruccelle, Jack",11,3,2,13,1,2,0,4,2,5,3,2,5,0,0,6,7,0,0,2,1,0,69,-35,"West Coast","2022",16
8,"Redden, Jack",12,6,12,24,0,0,0,4,1,4,2,2,1,1,0,9,15,1,0,1,0,0,83,-35,"West Coast","2022",16
44,"Rioli, Willie",10,4,5,15,1,0,0,3,0,1,3,5,1,2,0,7,8,0,1,0,0,0,83,-35,"West Coast","2022",16
35,"Rotham, Josh",5,5,6,11,0,0,0,1,2,1,0,3,0,2,0,2,10,0,0,4,0,0,84,-35,"West Coast","2022",16
1,"Ryan, Liam",10,7,3,13,1,2,0,0,0,4,0,4,0,0,0,3,10,0,3,1,0,1,73,-35,"West Coast","2022",16
13,"Shuey, Luke",8,1,18,26,0,0,0,4,3,1,11,3,1,1,0,15,11,0,0,0,1,0,73,-35,"West Coast","2022",16
26,"Trew, Zane",4,1,9,13,1,1,0,1,0,0,2,2,2,0,0,4,9,0,0,1,0,0,68,-35,"West Coast","2022",16
2,"Waterman, Jake",14,10,0,14,1,2,0,1,0,3,0,2,1,1,0,4,9,2,2,1,0,0,91,-35,"West Coast","2022",16
36,"West, Connor",4,3,3,7,1,0,0,1,0,1,0,0,0,0,0,0,7,0,0,0,0,1,73,-35,"West Coast","2022",16
32,"Williams, Bailey",3,2,3,6,0,1,11,0,0,2,1,0,0,0,0,2,5,1,1,1,0,0,76,-35,"West Coast","2022",16
0,"Yeo, Elliot",9,1,5,14,0,0,0,0,4,0,0,1,0,0,0,4,9,0,0,5,0,0,40,-35,"West Coast","2022",16
