"Number","Player","Kicks","Marks","Handballs","Disposals","Goals","Behinds","Hitouts","Tackles","Rebounds50s","Inside50s","Clearances","Clangers","FreesFor","FreesAgainst","BrownlowVotes","ContestedPossessions","UncontestedPossessions","ContestedMarks","MarksInside50","OnePercenters","Bounces","GoalAssists","PercentagePlayed","PointDifference","Team","Season","Round"
9,"Ainsworth, Ben",5,3,7,12,0,2,0,0,0,1,0,3,1,2,0,6,6,0,1,0,0,0,86,36,"Gold Coast","2022",9
15,"Anderson, Noah",22,0,4,26,1,0,0,3,3,4,5,8,0,0,1,12,9,0,0,3,0,0,83,36,"Gold Coast","2022",9
10,"Ballard, Charlie",10,5,2,12,0,0,0,3,4,1,0,7,2,2,0,4,9,1,0,5,0,0,87,36,"Gold Coast","2022",9
35,"Budarick, Connor",16,8,2,18,0,0,0,2,3,2,1,4,0,1,0,2,10,1,0,3,0,0,89,36,"Gold Coast","2022",9
30,"Casboult, Levi",5,1,2,7,2,1,2,1,0,0,1,4,2,1,0,5,2,1,1,0,0,0,85,36,"Gold Coast","2022",9
1,"Chol, Mabior",8,4,2,10,4,2,2,4,0,0,0,0,0,0,3,8,3,4,2,3,0,0,83,36,"Gold Coast","2022",9
25,"Collins, Sam",9,7,5,14,0,0,0,2,8,0,1,5,1,2,0,8,9,1,0,6,0,0,100,36,"Gold Coast","2022",9
4,"Ellis, Brandon",16,7,5,21,0,0,0,1,3,2,4,4,0,1,0,9,11,0,0,3,0,1,89,36,"Gold Coast","2022",9
50,"Farrar, Jy",6,2,7,13,0,0,0,1,1,2,0,2,0,1,0,6,6,0,0,2,1,0,68,36,"Gold Coast","2022",9
8,"Fiorini, Brayden",9,1,6,15,1,0,0,3,3,2,2,5,0,0,0,6,7,1,1,5,0,0,74,36,"Gold Coast","2022",9
7,"Holman, Nick",8,0,12,20,0,0,0,10,1,1,1,8,2,1,0,14,8,0,0,2,0,0,73,36,"Gold Coast","2022",9
40,"Jeffrey, Joel",5,1,2,7,0,0,0,2,0,2,0,2,0,0,0,5,3,0,0,0,0,0,61,36,"Gold Coast","2022",9
23,"Lemmens, Sean",14,10,3,17,0,0,0,3,10,1,0,6,0,2,0,3,14,0,0,4,3,0,80,36,"Gold Coast","2022",9
44,"Macpherson, Darcy",0,0,0,0,0,0,0,0,0,0,0,0,0,0,0,0,0,0,0,0,0,0,0,36,"Gold Coast","2022",9
11,"Miller, Touk",22,2,12,34,0,0,0,8,8,6,10,8,3,1,2,17,16,0,0,0,0,1,87,36,"Gold Coast","2022",9
27,"Powell, Wil",15,2,6,21,0,0,0,3,5,1,0,2,2,1,0,6,11,0,0,3,0,1,82,36,"Gold Coast","2022",9
22,"Rankine, Izak",9,1,9,18,0,2,0,4,0,1,2,3,4,2,0,15,5,0,0,1,0,2,89,36,"Gold Coast","2022",9
41,"Rosas, Malcolm",6,1,5,11,0,1,0,4,1,1,0,0,0,0,0,7,6,0,0,2,0,0,68,36,"Gold Coast","2022",9
18,"Rowell, Matt",12,0,6,18,0,0,0,8,3,2,9,4,1,2,0,15,2,0,0,1,0,0,84,36,"Gold Coast","2022",9
24,"Swallow, David",6,0,6,12,1,0,0,8,1,5,6,1,1,1,0,12,4,0,0,4,0,0,70,36,"Gold Coast","2022",9
16,"Thompson, Rory",3,2,2,5,0,0,0,3,0,0,0,4,0,2,0,3,3,0,0,14,0,0,94,36,"Gold Coast","2022",9
14,"Weller, Lachie",11,3,3,14,0,1,0,3,6,1,2,4,0,1,0,5,8,0,0,4,1,0,84,36,"Gold Coast","2022",9
28,"Witts, Jarrod",8,2,2,10,1,0,29,9,0,0,2,3,1,1,0,6,3,0,0,7,0,0,86,36,"Gold Coast","2022",9
9,"Acres, Blake",19,7,3,22,0,0,0,8,1,7,1,4,3,2,0,7,16,0,0,1,0,0,77,-36,"Fremantle","2022",9
11,"Aish, James",16,8,8,24,0,0,0,5,1,6,1,3,0,0,0,3,22,0,0,0,0,0,84,-36,"Fremantle","2022",9
41,"Banfield, Bailey",6,1,5,11,0,0,0,3,0,3,0,3,3,1,0,8,5,0,0,1,0,0,79,-36,"Fremantle","2022",9
8,"Brayshaw, Andrew",7,1,19,26,0,0,0,10,0,2,2,4,0,1,0,8,14,0,0,2,0,0,85,-36,"Fremantle","2022",9
17,"Brodie, Will",14,2,13,27,0,0,0,8,0,6,8,6,2,2,0,17,12,0,0,2,1,0,76,-36,"Fremantle","2022",9
27,"Chapman, Heath",8,3,10,18,0,0,0,0,1,3,0,3,0,1,0,7,10,0,0,4,0,0,80,-36,"Fremantle","2022",9
6,"Clark, Jordan",11,4,9,20,0,0,0,6,4,2,0,5,0,3,0,5,15,0,0,2,1,0,84,-36,"Fremantle","2022",9
33,"Colyer, Travis",9,1,3,12,0,0,0,6,0,6,1,1,0,1,0,4,6,0,0,1,0,0,85,-36,"Fremantle","2022",9
36,"Cox, Brennan",14,6,5,19,0,1,0,1,4,2,0,0,1,0,0,8,10,1,1,7,0,0,74,-36,"Fremantle","2022",9
4,"Darcy, Sean",5,0,4,9,1,0,39,1,0,2,1,6,1,2,0,6,3,0,0,6,0,0,83,-36,"Fremantle","2022",9
28,"Erasmus, Neil",7,3,6,13,1,1,0,2,0,3,1,4,0,0,0,6,8,0,1,2,0,0,69,-36,"Fremantle","2022",9
32,"Frederick, Michael",6,0,7,13,1,0,0,3,0,2,1,1,1,0,0,8,5,0,0,0,0,0,87,-36,"Fremantle","2022",9
37,"Lobb, Rory",4,2,1,5,1,0,7,1,0,2,0,3,1,2,0,2,3,0,0,4,0,1,89,-36,"Fremantle","2022",9
2,"Logue, Griffin",11,11,18,29,0,0,0,2,2,1,0,3,0,0,0,11,16,1,0,7,0,0,92,-36,"Fremantle","2022",9
16,"Mundy, David",7,1,11,18,0,1,0,7,0,2,4,2,0,0,0,10,7,0,0,3,1,0,78,-36,"Fremantle","2022",9
25,"Pearce, Alex",8,4,1,9,0,0,0,0,1,1,0,5,2,3,0,3,6,0,0,7,0,0,82,-36,"Fremantle","2022",9
13,"Ryan, Luke",14,5,5,19,0,0,0,2,5,1,0,4,0,1,0,3,13,0,0,3,0,0,82,-36,"Fremantle","2022",9
5,"Schultz, Lachie",10,3,3,13,0,3,0,6,1,1,1,2,3,1,0,6,5,1,1,1,0,0,78,-36,"Fremantle","2022",9
3,"Serong, Caleb",12,1,14,26,0,1,0,14,0,5,6,4,2,0,0,14,13,0,0,2,0,0,76,-36,"Fremantle","2022",9
35,"Treacy, Josh",3,1,3,6,0,0,0,1,0,2,0,3,2,0,0,5,1,0,0,2,0,0,83,-36,"Fremantle","2022",9
18,"Tucker, Darcy",7,1,5,12,0,0,0,3,2,3,2,4,2,0,0,5,7,0,0,2,0,0,78,-36,"Fremantle","2022",9
31,"Walker, Brandon",2,0,0,2,0,0,0,2,0,1,0,0,1,0,0,1,2,0,0,0,0,0,14,-36,"Fremantle","2022",9
26,"Young, Hayden",11,5,12,23,0,0,0,2,4,2,1,2,0,0,0,10,12,0,0,1,0,0,83,-36,"Fremantle","2022",9
