"Number","Player","Kicks","Marks","Handballs","Disposals","Goals","Behinds","Hitouts","Tackles","Rebounds50s","Inside50s","Clearances","Clangers","FreesFor","FreesAgainst","BrownlowVotes","ContestedPossessions","UncontestedPossessions","ContestedMarks","MarksInside50","OnePercenters","Bounces","GoalAssists","PercentagePlayed","PointDifference","Team","Season","Round"
3,"Anderson, Jed",9,4,16,25,0,0,0,4,1,3,2,5,1,1,0,8,16,0,0,1,0,1,73,-46,"North Melbourne","2022",19
16,"Bonar, Aiden",8,2,5,13,0,0,0,4,5,0,1,5,0,1,0,4,9,0,0,6,2,0,82,-46,"North Melbourne","2022",19
21,"Coleman-Jones, Callum",4,2,9,13,0,2,17,0,1,0,1,3,0,3,0,7,7,0,2,0,0,1,83,-46,"North Melbourne","2022",19
4,"Corr, Aidan",8,2,5,13,0,0,0,1,5,1,1,6,0,2,0,7,6,0,0,6,0,0,90,-46,"North Melbourne","2022",19
25,"Curtis, Paul",4,3,3,7,0,1,0,6,0,2,0,1,1,1,0,3,5,0,1,2,0,1,81,-46,"North Melbourne","2022",19
9,"Davies-Uniacke, Luke",12,4,18,30,2,0,0,5,0,3,6,4,0,1,1,11,18,0,1,2,0,0,84,-46,"North Melbourne","2022",19
22,"Goldstein, Todd",5,3,6,11,0,0,19,2,2,2,2,3,0,3,0,5,6,1,0,1,0,1,76,-46,"North Melbourne","2022",19
18,"Greenwood, Hugh",6,6,18,24,0,1,0,5,1,2,3,4,2,0,0,10,15,0,0,0,0,0,70,-46,"North Melbourne","2022",19
43,"Hall, Aaron",22,7,8,30,0,1,0,4,6,6,0,3,2,0,0,7,19,1,0,2,1,0,80,-46,"North Melbourne","2022",19
6,"Horne-Francis, Jason",8,2,3,11,1,1,0,0,2,3,0,5,1,3,0,3,9,0,0,0,1,2,73,-46,"North Melbourne","2022",19
35,"Lazzaro, Charlie",0,0,0,0,0,0,0,0,0,0,0,0,0,0,0,0,0,0,0,0,0,0,0,-46,"North Melbourne","2022",19
11,"McDonald, Luke",12,4,8,20,0,0,0,1,5,2,0,2,0,2,0,9,12,1,0,6,0,0,88,-46,"North Melbourne","2022",19
23,"McKay, Ben",12,10,5,17,0,0,0,0,2,0,0,2,0,1,0,5,11,3,0,3,1,0,89,-46,"North Melbourne","2022",19
39,"Perez, Flynn",11,6,9,20,0,0,0,2,4,2,0,4,0,1,0,3,17,1,0,2,2,1,87,-46,"North Melbourne","2022",19
24,"Powell, Tom",5,1,14,19,1,0,0,1,0,2,3,2,0,1,0,6,12,0,0,0,0,0,73,-46,"North Melbourne","2022",19
8,"Scott, Bailey",11,3,15,26,0,0,0,4,3,1,4,3,0,0,0,10,19,0,0,3,2,0,86,-46,"North Melbourne","2022",19
12,"Simpkin, Jy",8,2,6,14,0,0,0,3,0,1,2,5,1,1,0,5,9,0,0,0,0,0,85,-46,"North Melbourne","2022",19
36,"Spicer, Phoenix",4,1,1,5,1,0,0,2,0,0,0,2,0,0,0,3,3,0,1,0,0,0,84,-46,"North Melbourne","2022",19
2,"Stephenson, Jaidyn",8,6,10,18,1,0,0,3,0,2,2,2,1,1,0,5,14,1,1,0,0,1,87,-46,"North Melbourne","2022",19
5,"Taylor, Curtis",11,6,4,15,1,0,0,2,5,1,2,3,0,0,0,5,10,1,1,0,1,0,73,-46,"North Melbourne","2022",19
17,"Young, Lachie",8,5,9,17,0,0,0,7,5,1,0,0,0,0,0,3,14,0,0,3,2,1,83,-46,"North Melbourne","2022",19
7,"Ziebell, Jack",16,7,4,20,3,1,0,2,0,3,3,4,4,0,0,7,12,0,2,1,0,0,85,-46,"North Melbourne","2022",19
44,"Zurhaar, Cameron",10,9,3,13,1,2,0,1,0,1,0,1,0,0,0,3,10,0,4,0,0,1,87,-46,"North Melbourne","2022",19
36,"Blanck, James",7,3,0,7,0,0,0,2,2,2,0,2,2,1,0,3,5,0,0,5,0,0,88,46,"Hawthorn","2022",19
22,"Breust, Luke",6,4,2,8,2,0,0,4,0,4,0,2,1,0,0,5,3,1,1,0,0,1,83,46,"Hawthorn","2022",19
12,"Day, Will",6,3,4,10,0,0,0,1,1,2,1,2,0,1,0,2,8,0,0,2,0,0,84,46,"Hawthorn","2022",19
24,"Grainger-Barras, Denver",2,2,1,3,0,0,0,1,1,0,0,0,0,0,0,0,3,0,0,4,1,0,78,46,"Hawthorn","2022",19
19,"Gunston, Jack",15,7,2,17,5,4,0,3,0,1,0,2,2,0,3,5,13,0,6,4,0,1,86,46,"Hawthorn","2022",19
15,"Hardwick, Blake",17,7,6,23,0,0,0,1,5,2,0,0,0,0,0,5,13,0,0,2,0,1,92,46,"Hawthorn","2022",19
4,"Impey, Jarman",7,3,4,11,1,2,0,3,0,5,0,2,2,1,0,4,8,0,0,1,1,2,75,46,"Hawthorn","2022",19
2,"Lewis, Mitch",5,5,6,11,1,0,2,1,0,2,0,1,1,0,0,5,7,1,1,3,0,1,94,46,"Hawthorn","2022",19
31,"Macdonald, Connor",11,5,5,16,0,0,0,2,1,2,3,3,1,0,0,8,8,1,0,0,0,1,84,46,"Hawthorn","2022",19
32,"Maginness, Finn",5,2,4,9,1,0,0,4,0,4,1,4,0,1,0,1,8,0,0,1,0,1,87,46,"Hawthorn","2022",19
7,"McEvoy, Ben",3,2,14,17,0,0,14,0,0,0,3,2,3,0,0,11,8,0,0,3,0,0,74,46,"Hawthorn","2022",19
3,"Mitchell, Tom",12,7,20,32,1,0,0,4,0,4,5,7,2,5,2,9,25,0,1,2,1,2,77,46,"Hawthorn","2022",19
13,"Moore, Dylan",9,5,16,25,0,0,0,7,1,5,4,0,2,0,0,11,15,1,1,0,1,2,80,46,"Hawthorn","2022",19
35,"Morris, Josh",10,2,4,14,0,0,0,0,2,3,1,3,2,0,0,5,10,1,0,1,0,0,80,46,"Hawthorn","2022",19
1,"Morrison, Harry",10,2,2,12,2,0,0,3,2,4,1,0,2,0,0,2,11,0,0,0,0,0,82,46,"Hawthorn","2022",19
11,"Nash, Conor",7,2,11,18,0,0,0,3,0,6,4,8,0,3,0,6,14,0,0,3,1,0,72,46,"Hawthorn","2022",19
44,"Newcombe, Jai",13,3,17,30,2,1,0,3,0,7,9,4,0,0,0,15,13,1,1,1,2,0,76,46,"Hawthorn","2022",19
10,"OMeara, Jaeger",13,3,7,20,2,0,0,3,0,7,5,4,1,1,0,14,8,1,1,1,3,1,77,46,"Hawthorn","2022",19
21,"Phillips, Tom",0,0,0,0,0,0,0,0,0,0,0,0,0,0,0,0,0,0,0,0,0,0,0,46,"Hawthorn","2022",19
37,"Reeves, Ned",5,1,4,9,2,0,27,1,0,1,1,1,1,0,0,5,3,1,1,2,0,0,73,46,"Hawthorn","2022",19
14,"Scrimshaw, Jack",12,9,10,22,0,0,0,1,1,4,0,2,0,0,0,6,17,3,0,4,0,0,77,46,"Hawthorn","2022",19
6,"Sicily, James",18,5,6,24,0,0,0,1,8,2,1,4,0,0,0,6,16,1,0,1,0,0,100,46,"Hawthorn","2022",19
25,"Ward, Josh",10,3,12,22,0,0,0,3,1,1,3,2,0,0,0,7,14,1,0,2,0,0,81,46,"Hawthorn","2022",19
