"Number","Player","Kicks","Marks","Handballs","Disposals","Goals","Behinds","Hitouts","Tackles","Rebounds50s","Inside50s","Clearances","Clangers","FreesFor","FreesAgainst","BrownlowVotes","ContestedPossessions","UncontestedPossessions","ContestedMarks","MarksInside50","OnePercenters","Bounces","GoalAssists","PercentagePlayed","PointDifference","Team","Season","Round"
21,"Berry, Sam",8,1,6,14,0,0,0,13,3,2,1,3,1,1,0,6,12,0,0,1,0,0,69,-36,"Adelaide","2022",9
16,"Brown, Luke",6,3,4,10,0,0,0,0,1,0,1,2,1,1,0,3,5,0,0,0,0,0,92,-36,"Adelaide","2022",9
12,"Dawson, Jordan",22,7,2,24,0,0,0,3,4,7,2,4,1,1,0,7,17,1,0,1,0,2,88,-36,"Adelaide","2022",9
39,"Doedee, Tom",14,7,7,21,0,0,0,2,2,4,0,4,2,2,0,7,12,1,0,8,1,0,100,-36,"Adelaide","2022",9
32,"Fogarty, Darcy",6,3,3,9,0,0,0,3,0,3,0,0,0,0,0,3,5,0,0,6,0,0,79,-36,"Adelaide","2022",9
17,"Hamill, Will",9,4,4,13,0,0,0,1,2,1,0,2,0,1,0,6,7,0,0,1,0,0,67,-36,"Adelaide","2022",9
6,"Hately, Jackson",12,2,15,27,1,2,0,5,1,4,4,4,1,1,0,10,17,0,0,0,0,0,79,-36,"Adelaide","2022",9
34,"Himmelberg, Elliott",9,3,6,15,0,2,10,0,1,3,1,0,4,0,0,4,10,0,0,2,0,0,85,-36,"Adelaide","2022",9
20,"Hinge, Mitch",6,2,6,12,0,0,0,3,5,1,0,1,2,0,0,6,5,0,0,2,0,0,81,-36,"Adelaide","2022",9
1,"Jones, Chayce",8,1,3,11,0,0,0,2,1,2,0,2,0,0,0,8,3,1,0,3,0,1,80,-36,"Adelaide","2022",9
2,"Keays, Ben",12,5,15,27,0,0,0,4,1,4,10,5,1,2,0,18,10,0,1,2,0,0,82,-36,"Adelaide","2022",9
29,"Laird, Rory",17,3,16,33,0,0,0,10,1,4,9,5,1,3,0,17,16,0,0,1,0,0,80,-36,"Adelaide","2022",9
23,"McAdam, Shane",9,7,5,14,3,1,0,4,2,2,0,1,1,0,0,2,11,0,2,2,0,1,80,-36,"Adelaide","2022",9
25,"McHenry, Ned",6,1,8,14,2,0,0,3,1,1,0,6,1,2,0,8,4,0,0,3,0,0,83,-36,"Adelaide","2022",9
28,"Murray, Nick",6,2,3,9,0,0,0,2,2,1,0,2,2,0,0,4,4,0,0,7,0,0,96,-36,"Adelaide","2022",9
10,"Pedlar, Luke",0,0,0,0,0,0,0,0,0,0,0,0,0,0,0,0,0,0,0,0,0,0,0,-36,"Adelaide","2022",9
8,"Rachele, Josh",5,2,3,8,1,1,0,1,0,1,3,3,2,1,0,3,4,0,1,0,0,1,81,-36,"Adelaide","2022",9
31,"Rowe, James",11,5,12,23,1,1,0,2,2,5,3,4,2,1,0,10,14,0,1,1,0,2,78,-36,"Adelaide","2022",9
38,"Sholl, Lachlan",9,1,12,21,0,0,0,2,0,2,3,2,0,1,0,6,15,0,0,1,0,0,74,-36,"Adelaide","2022",9
33,"Smith, Brodie",11,1,7,18,0,0,0,4,7,0,1,5,1,3,0,7,7,0,0,4,0,0,86,-36,"Adelaide","2022",9
14,"Soligo, Jake",8,3,4,12,0,0,0,4,3,1,3,1,2,0,0,5,7,1,0,1,0,0,81,-36,"Adelaide","2022",9
45,"Strachan, Kieran",3,2,3,6,0,0,21,1,1,0,1,3,1,2,0,5,2,1,0,4,0,0,75,-36,"Adelaide","2022",9
13,"Walker, Taylor",9,6,3,12,1,4,3,4,0,5,0,0,2,0,0,4,8,0,3,1,0,0,87,-36,"Adelaide","2022",9
24,"Adams, Marcus",14,8,3,17,0,0,0,0,3,2,1,2,0,2,0,7,10,1,0,12,0,0,96,36,"Brisbane Lions","2022",9
4,"Ah Chee, Callum",2,2,6,8,0,1,0,1,1,1,1,1,0,1,0,5,3,0,1,0,0,0,71,36,"Brisbane Lions","2022",9
31,"Andrews, Harris",8,8,4,12,0,0,0,1,3,2,0,3,0,3,0,4,7,2,0,9,0,0,100,36,"Brisbane Lions","2022",9
43,"Answerth, Noah",10,5,8,18,0,0,0,1,5,1,2,6,1,1,0,10,9,1,0,3,0,0,83,36,"Brisbane Lions","2022",9
33,"Bailey, Zac",14,4,5,19,3,0,0,2,3,4,1,5,0,1,0,7,10,1,1,1,1,0,76,36,"Brisbane Lions","2022",9
7,"Berry, Jarrod",5,2,2,7,1,0,0,4,2,2,0,3,0,1,0,3,3,0,1,1,0,1,75,36,"Brisbane Lions","2022",9
13,"Berry, Tom",0,0,0,0,0,0,0,0,0,0,0,0,0,0,0,0,0,0,0,0,0,0,0,36,"Brisbane Lions","2022",9
23,"Cameron, Charlie",7,3,1,8,4,1,0,3,0,1,1,2,1,1,0,3,5,1,2,1,0,0,91,36,"Brisbane Lions","2022",9
18,"Coleman, Keidean",12,7,4,16,1,0,0,2,1,2,1,0,0,0,0,4,12,0,0,2,0,0,79,36,"Brisbane Lions","2022",9
32,"Fort, Darcy",10,0,3,13,0,0,19,1,3,3,4,6,1,2,0,13,1,0,0,2,0,0,77,36,"Brisbane Lions","2022",9
27,"Gardiner, Darcy",5,3,4,9,0,0,0,1,4,0,0,1,1,0,0,3,6,1,0,2,0,0,80,36,"Brisbane Lions","2022",9
30,"Hipwood, Eric",6,4,5,11,0,1,0,0,0,2,1,2,1,1,0,8,4,3,1,7,0,4,80,36,"Brisbane Lions","2022",9
17,"Lyons, Jarryd",11,3,13,24,1,0,0,7,0,4,8,4,2,1,0,16,8,0,0,3,0,1,78,36,"Brisbane Lions","2022",9
11,"McCarthy, Lincoln",7,3,2,9,1,0,0,5,0,4,0,1,0,0,0,5,5,1,0,1,0,0,84,36,"Brisbane Lions","2022",9
6,"McCluggage, Hugh",15,3,7,22,0,1,0,5,0,4,3,5,2,3,1,10,12,0,0,0,0,3,79,36,"Brisbane Lions","2022",9
46,"McInerney, Oscar",5,1,6,11,1,0,40,7,0,4,4,1,3,0,0,8,3,0,0,4,0,1,89,36,"Brisbane Lions","2022",9
9,"Neale, Lachie",16,7,20,36,1,0,0,1,1,4,7,6,2,2,3,19,15,0,0,0,0,0,85,36,"Brisbane Lions","2022",9
40,"Payne, Jack",4,2,2,6,0,1,0,3,0,1,0,0,2,0,0,4,2,0,1,2,0,0,81,36,"Brisbane Lions","2022",9
20,"Prior, Jaxon",12,2,4,16,0,1,0,1,1,2,0,3,1,0,0,5,10,0,0,1,0,0,73,36,"Brisbane Lions","2022",9
16,"Rayner, Cam",11,3,3,14,1,0,0,3,1,5,3,6,0,4,0,6,8,0,0,1,0,0,80,36,"Brisbane Lions","2022",9
10,"Rich, Daniel",20,4,6,26,0,0,0,2,6,2,1,4,1,1,0,3,15,0,0,0,0,1,83,36,"Brisbane Lions","2022",9
37,"Starcevich, Brandon",9,1,6,15,0,0,0,5,3,2,2,1,2,0,0,8,7,0,0,1,0,0,79,36,"Brisbane Lions","2022",9
15,"Zorko, Dayne",21,5,5,26,2,0,0,4,6,5,5,6,2,2,2,11,12,0,0,0,1,1,81,36,"Brisbane Lions","2022",9
