"Number","Player","Kicks","Marks","Handballs","Disposals","Goals","Behinds","Hitouts","Tackles","Rebounds50s","Inside50s","Clearances","Clangers","FreesFor","FreesAgainst","BrownlowVotes","ContestedPossessions","UncontestedPossessions","ContestedMarks","MarksInside50","OnePercenters","Bounces","GoalAssists","PercentagePlayed","PointDifference","Team","Season","Round"
26,"Battle, Josh",8,5,6,14,0,0,0,1,0,0,0,4,0,2,0,4,10,1,0,1,0,0,81,53,"St Kilda","2022",11
13,"Byrnes, Ryan",0,0,0,0,0,0,0,0,0,0,0,0,0,0,0,0,0,0,0,0,0,0,0,53,"St Kilda","2022",11
5,"Crouch, Brad",6,2,18,24,0,0,0,9,0,0,8,2,1,0,0,13,12,0,0,2,0,1,80,53,"St Kilda","2022",11
4,"Gresham, Jade",18,3,12,30,2,2,0,4,1,4,7,5,2,0,2,15,16,0,1,1,1,0,88,53,"St Kilda","2022",11
8,"Hill, Bradley",23,9,10,33,1,1,0,1,3,6,0,3,0,0,1,4,28,0,0,0,3,0,86,53,"St Kilda","2022",11
20,"Howard, Dougal",10,6,2,12,0,0,0,1,5,2,0,1,0,0,0,1,10,0,0,4,0,0,94,53,"St Kilda","2022",11
3,"Jones, Zak",10,2,11,21,0,1,0,10,0,3,3,3,2,1,0,9,14,0,1,0,0,1,77,53,"St Kilda","2022",11
12,"King, Max",6,4,1,7,3,1,0,0,0,0,1,2,0,0,0,3,4,1,4,1,0,0,90,53,"St Kilda","2022",11
21,"Long, Ben",5,3,9,14,0,0,0,4,0,4,1,2,1,0,0,8,7,0,0,1,0,1,80,53,"St Kilda","2022",11
19,"Marshall, Rowan",10,4,5,15,1,0,21,3,0,1,1,4,2,1,0,6,9,0,0,2,0,0,77,53,"St Kilda","2022",11
36,"McKenzie, Daniel",13,7,6,19,1,0,0,3,0,2,1,5,0,2,0,7,14,0,0,2,0,0,71,53,"St Kilda","2022",11
28,"Membrey, Tim",11,7,3,14,2,0,0,4,0,4,0,3,2,0,0,4,10,1,2,1,0,2,97,53,"St Kilda","2022",11
24,"Owens, Mitch",7,3,7,14,2,0,0,10,1,3,1,4,2,1,0,6,9,0,1,3,0,0,75,53,"St Kilda","2022",11
33,"Paton, Ben",11,9,4,15,0,0,0,1,1,4,0,2,0,0,0,2,12,0,0,3,2,0,79,53,"St Kilda","2022",11
6,"Ross, Sebastian",15,5,13,28,1,0,0,5,3,4,4,4,2,1,0,12,15,0,0,0,3,1,83,53,"St Kilda","2022",11
18,"Ryder, Paddy",5,2,4,9,1,1,27,1,0,1,2,6,1,4,0,10,2,2,0,1,0,0,65,53,"St Kilda","2022",11
43,"Sharman, Cooper",3,2,4,7,1,0,0,1,1,2,1,2,1,0,0,8,2,1,1,5,0,0,78,53,"St Kilda","2022",11
35,"Sinclair, Jack",27,10,5,32,0,0,0,3,5,7,0,4,0,0,3,4,23,1,0,1,1,1,86,53,"St Kilda","2022",11
7,"Wanganeen-Milera, Nasiah",10,9,7,17,0,1,0,1,0,2,0,4,0,0,0,5,14,0,0,0,5,1,75,53,"St Kilda","2022",11
29,"Webster, Jimmy",9,5,3,12,0,0,0,1,2,0,0,2,0,1,0,1,10,0,0,1,1,0,74,53,"St Kilda","2022",11
44,"Wilkie, Callum",13,12,6,19,0,0,0,1,4,0,0,2,1,2,0,7,12,4,0,9,0,0,100,53,"St Kilda","2022",11
17,"Windhager, Marcus",6,5,4,10,1,0,0,1,0,1,0,4,2,2,0,4,9,0,1,1,0,0,87,53,"St Kilda","2022",11
32,"Wood, Mason",15,8,3,18,0,0,0,2,0,8,2,3,2,1,0,5,13,0,0,0,0,1,78,53,"St Kilda","2022",11
3,"Anderson, Jed",16,8,12,28,1,0,0,12,1,1,7,3,2,1,0,12,16,2,2,1,0,1,77,-53,"North Melbourne","2022",11
4,"Corr, Aidan",10,9,8,18,0,0,0,2,3,0,0,2,1,2,0,4,13,0,0,5,0,0,88,-53,"North Melbourne","2022",11
25,"Curtis, Paul",7,4,3,10,1,0,0,1,0,3,0,3,1,1,0,4,7,1,1,0,0,0,81,-53,"North Melbourne","2022",11
9,"Davies-Uniacke, Luke",9,6,8,17,0,0,0,4,2,4,5,1,0,1,0,9,10,0,0,1,1,0,85,-53,"North Melbourne","2022",11
22,"Goldstein, Todd",8,6,8,16,2,0,30,2,1,3,5,5,3,1,0,12,5,3,2,7,0,0,91,-53,"North Melbourne","2022",11
18,"Greenwood, Hugh",2,0,5,7,0,0,0,5,1,1,2,1,1,1,0,4,3,0,0,1,0,0,63,-53,"North Melbourne","2022",11
37,"Hayden, Kyron",8,6,5,13,0,0,0,1,3,0,1,3,0,1,0,3,12,0,0,3,0,0,85,-53,"North Melbourne","2022",11
6,"Horne-Francis, Jason",7,4,8,15,0,1,0,5,1,2,4,3,2,2,0,7,8,0,0,1,0,0,77,-53,"North Melbourne","2022",11
20,"Larkey, Nick",2,2,0,2,0,1,0,1,0,0,0,2,0,0,0,1,1,1,1,0,0,0,96,-53,"North Melbourne","2022",11
1,"Mahony, Jack",0,0,0,0,0,0,0,0,0,0,0,0,0,0,0,0,0,0,0,0,0,0,0,-53,"North Melbourne","2022",11
11,"McDonald, Luke",17,8,9,26,0,0,0,2,4,0,1,0,1,0,0,5,16,0,0,2,0,0,90,-53,"North Melbourne","2022",11
39,"Perez, Flynn",5,6,4,9,0,0,0,4,0,0,2,1,0,1,0,2,7,0,0,2,0,0,85,-53,"North Melbourne","2022",11
24,"Powell, Tom",6,1,10,16,0,0,0,1,3,1,3,1,1,0,0,7,9,0,0,0,0,0,69,-53,"North Melbourne","2022",11
8,"Scott, Bailey",17,8,1,18,0,0,0,1,4,1,0,2,0,1,0,1,18,0,0,0,0,1,85,-53,"North Melbourne","2022",11
12,"Simpkin, Jy",20,3,9,29,1,0,0,3,3,9,10,13,0,2,0,14,15,0,1,0,1,1,89,-53,"North Melbourne","2022",11
5,"Taylor, Curtis",11,3,5,16,0,0,0,1,2,2,1,4,0,1,0,6,11,0,0,0,0,0,87,-53,"North Melbourne","2022",11
26,"Thomas, Tarryn",8,1,4,12,0,0,0,3,1,3,2,4,0,1,0,3,10,0,0,2,0,0,67,-53,"North Melbourne","2022",11
28,"Turner, Kayne",9,2,4,13,0,0,0,1,2,0,0,3,2,0,0,4,9,0,0,3,1,0,84,-53,"North Melbourne","2022",11
19,"Walker, Josh",8,7,5,13,0,0,0,1,5,0,0,1,0,0,0,3,8,0,0,7,0,0,87,-53,"North Melbourne","2022",11
38,"Xerri, Tristan",2,2,0,2,0,0,17,4,0,0,0,2,0,2,0,0,2,0,0,1,0,0,58,-53,"North Melbourne","2022",11
17,"Young, Lachie",7,6,1,8,0,0,0,2,2,1,0,2,0,1,0,2,9,0,0,5,1,0,82,-53,"North Melbourne","2022",11
7,"Ziebell, Jack",8,2,2,10,1,1,0,10,0,1,0,2,2,0,0,7,3,1,2,0,0,1,84,-53,"North Melbourne","2022",11
44,"Zurhaar, Cameron",7,3,4,11,1,3,0,2,0,2,1,4,2,2,0,7,5,2,1,0,0,0,86,-53,"North Melbourne","2022",11
