"Number","Player","Kicks","Marks","Handballs","Disposals","Goals","Behinds","Hitouts","Tackles","Rebounds50s","Inside50s","Clearances","Clangers","FreesFor","FreesAgainst","BrownlowVotes","ContestedPossessions","UncontestedPossessions","ContestedMarks","MarksInside50","OnePercenters","Bounces","GoalAssists","PercentagePlayed","PointDifference","Team","Season","Round"
26,"Battle, Josh",11,3,2,13,0,0,0,3,4,0,0,6,2,1,0,3,10,0,0,1,0,0,49,-14,"St Kilda","2022",23
16,"Butler, Dan",8,0,3,11,1,0,0,7,1,0,0,6,2,2,0,7,3,0,0,1,0,0,76,-14,"St Kilda","2022",23
38,"Campbell, Tom",8,5,4,12,0,0,17,4,0,4,5,2,6,0,0,10,2,3,0,5,0,0,84,-14,"St Kilda","2022",23
0,"Clark, Hunter",4,0,0,4,0,0,0,1,0,2,2,0,0,0,0,1,3,0,0,0,0,0,34,-14,"St Kilda","2022",23
10,"Hannebery, Dan",18,2,12,30,0,0,0,6,0,7,7,3,2,1,3,13,17,0,0,0,0,0,70,-14,"St Kilda","2022",23
22,"Higgins, Jack",9,7,4,13,1,2,0,1,0,1,0,1,0,0,0,6,9,0,2,2,0,0,73,-14,"St Kilda","2022",23
8,"Hill, Bradley",12,8,6,18,0,0,0,3,2,3,0,1,0,1,0,2,17,0,0,4,0,0,82,-14,"St Kilda","2022",23
20,"Howard, Dougal",9,9,3,12,0,0,0,0,2,0,0,3,0,1,0,2,10,0,0,5,0,0,100,-14,"St Kilda","2022",23
3,"Jones, Zak",7,4,7,14,0,0,0,3,1,2,0,2,0,0,0,2,13,0,0,1,0,0,76,-14,"St Kilda","2022",23
0,"Kent, Dean",2,1,2,4,0,0,0,4,0,2,0,0,0,0,0,0,4,0,0,1,0,2,38,-14,"St Kilda","2022",23
12,"King, Max",9,7,3,12,5,0,0,0,0,2,0,2,1,2,0,5,7,1,3,1,0,0,94,-14,"St Kilda","2022",23
31,"Lienert, Jarrod",17,9,3,20,0,0,0,0,7,1,1,4,1,3,0,4,14,0,0,7,0,0,71,-14,"St Kilda","2022",23
21,"Long, Ben",17,17,10,27,1,0,0,3,8,3,0,2,1,1,2,11,15,5,0,1,0,0,84,-14,"St Kilda","2022",23
19,"Marshall, Rowan",4,0,4,8,0,0,21,2,0,1,1,3,1,1,0,6,3,0,0,1,0,0,84,-14,"St Kilda","2022",23
28,"Membrey, Tim",11,8,3,14,1,0,0,0,0,2,0,1,0,0,0,2,12,1,2,2,0,0,92,-14,"St Kilda","2022",23
24,"Owens, Mitch",9,1,9,18,0,1,0,2,1,2,3,2,1,1,0,9,9,0,0,1,0,0,87,-14,"St Kilda","2022",23
33,"Paton, Ben",13,8,7,20,0,0,0,1,3,1,0,3,1,1,0,6,13,0,0,2,0,0,77,-14,"St Kilda","2022",23
6,"Ross, Sebastian",13,5,16,29,0,1,0,3,0,5,7,5,0,0,0,14,18,0,0,3,0,0,86,-14,"St Kilda","2022",23
35,"Sinclair, Jack",20,2,7,27,0,0,0,5,4,4,1,5,2,1,0,13,8,0,0,2,3,2,87,-14,"St Kilda","2022",23
9,"Steele, Jack",12,10,15,27,1,0,0,9,1,4,6,3,1,0,1,12,16,1,2,4,0,1,85,-14,"St Kilda","2022",23
7,"Wanganeen-Milera, Nasiah",15,6,4,19,0,2,0,1,2,3,1,6,0,1,0,5,13,0,0,0,1,1,82,-14,"St Kilda","2022",23
44,"Wilkie, Callum",10,7,3,13,0,0,0,0,2,0,0,0,1,0,0,3,10,0,0,7,0,0,100,-14,"St Kilda","2022",23
17,"Windhager, Marcus",6,1,5,11,1,0,0,1,0,2,1,2,0,0,0,3,9,0,1,1,0,0,90,-14,"St Kilda","2022",23
22,"Blakey, Nick",12,2,5,17,0,0,0,1,7,1,0,5,0,1,0,4,9,0,0,3,1,1,74,14,"Sydney","2022",23
4,"Clarke, Ryan",4,1,6,10,0,0,0,5,0,1,1,3,0,1,0,4,7,0,0,3,0,1,86,14,"Sydney","2022",23
13,"Florent, Oliver",16,5,5,21,0,1,0,1,5,4,2,4,0,1,0,10,13,0,1,3,0,0,86,14,"Sydney","2022",23
42,"Fox, Robbie",11,5,6,17,0,0,0,0,4,1,0,1,0,0,0,3,15,0,0,0,0,0,88,14,"Sydney","2022",23
23,"Franklin, Lance",8,4,3,11,2,1,0,1,0,5,0,5,2,2,0,7,5,2,1,1,1,1,93,14,"Sydney","2022",23
21,"Gulden, Errol",15,5,5,20,1,0,0,4,4,1,1,3,1,0,0,5,14,0,1,0,0,0,77,14,"Sydney","2022",23
9,"Hayward, Will",11,8,4,15,3,1,0,2,0,2,0,2,0,1,0,4,11,1,1,1,0,1,89,14,"Sydney","2022",23
5,"Heeney, Isaac",16,6,7,23,2,2,0,3,0,5,2,4,3,3,0,15,10,2,1,0,0,0,86,14,"Sydney","2022",23
31,"Hickey, Tom",6,1,4,10,0,0,24,1,1,2,2,4,1,3,0,9,3,1,0,5,0,1,72,14,"Sydney","2022",23
44,"Lloyd, Jake",14,7,10,24,0,0,0,1,3,2,1,1,0,0,0,3,16,0,0,3,0,1,89,14,"Sydney","2022",23
39,"McCartin, Paddy",4,1,4,8,0,0,0,2,2,1,1,2,1,1,0,6,2,0,0,7,0,0,69,14,"Sydney","2022",23
30,"McCartin, Tom",1,0,1,2,0,0,0,2,0,1,0,1,0,1,0,1,1,0,0,7,0,0,95,14,"Sydney","2022",23
6,"McDonald, Logan",8,5,3,11,2,0,0,1,0,0,1,2,0,0,0,4,8,0,1,1,0,1,68,14,"Sydney","2022",23
27,"McInerney, Justin",11,4,5,16,0,1,0,0,2,4,0,3,0,0,0,3,13,1,0,2,0,0,72,14,"Sydney","2022",23
14,"Mills, Callum",11,6,7,18,0,0,0,4,1,3,1,1,0,0,0,8,11,1,0,1,0,1,82,14,"Sydney","2022",23
0,"Papley, Tom",6,4,2,8,1,0,0,1,1,1,0,3,1,0,0,3,5,0,1,0,0,0,31,14,"Sydney","2022",23
26,"Parker, Luke",11,3,9,20,0,0,0,4,3,2,7,2,0,1,0,11,9,0,1,1,0,0,82,14,"Sydney","2022",23
24,"Rampe, Dane",8,4,5,13,0,0,0,1,2,1,0,1,2,0,0,3,10,0,0,5,0,1,98,14,"Sydney","2022",23
20,"Reid, Sam",6,4,6,12,0,2,4,5,0,0,2,5,0,4,0,10,2,3,0,2,0,0,79,14,"Sydney","2022",23
8,"Rowbottom, James",13,3,11,24,1,1,0,7,3,6,7,4,2,1,0,15,9,0,0,2,0,0,79,14,"Sydney","2022",23
3,"Stephens, Dylan",14,5,3,17,0,0,0,1,1,3,1,2,1,2,0,6,14,0,0,0,0,1,77,14,"Sydney","2022",23
1,"Warner, Chad",10,0,10,20,1,1,0,5,1,4,2,5,1,0,0,11,8,0,0,1,1,0,89,14,"Sydney","2022",23
0,"Wicks, Sam",3,1,7,10,0,0,0,4,0,0,0,1,2,0,0,8,2,0,1,0,0,0,39,14,"Sydney","2022",23
