"Number","Player","Kicks","Marks","Handballs","Disposals","Goals","Behinds","Hitouts","Tackles","Rebounds50s","Inside50s","Clearances","Clangers","FreesFor","FreesAgainst","BrownlowVotes","ContestedPossessions","UncontestedPossessions","ContestedMarks","MarksInside50","OnePercenters","Bounces","GoalAssists","PercentagePlayed","PointDifference","Team","Season","Round"
4,"Bontempelli, Marcus",10,4,9,19,1,0,0,5,0,4,7,3,1,1,0,14,5,1,1,3,0,1,81,32,"Western Bulldogs","2022",7
12,"Cordy, Zaine",3,1,3,6,1,0,5,1,0,1,0,6,0,3,0,3,3,0,0,1,0,0,70,32,"Western Bulldogs","2022",7
31,"Dale, Bailey",19,7,9,28,0,0,0,2,9,3,1,2,1,1,0,3,19,0,0,1,0,0,87,32,"Western Bulldogs","2022",7
35,"Daniel, Caleb",18,4,14,32,0,0,0,3,3,4,0,3,2,1,0,10,18,0,0,0,2,0,82,32,"Western Bulldogs","2022",7
5,"Dunkley, Josh",16,6,13,29,2,1,0,6,0,6,1,2,4,0,3,16,14,2,1,5,0,1,87,32,"Western Bulldogs","2022",7
15,"Duryea, Taylor",9,7,10,19,0,0,0,0,1,1,0,2,1,0,0,5,16,1,0,2,0,1,81,32,"Western Bulldogs","2022",7
43,"Gardner, Ryan",7,7,0,7,0,0,0,5,2,0,0,2,0,2,0,1,7,0,0,10,1,0,100,32,"Western Bulldogs","2022",7
21,"Liberatore, Tom",14,5,10,24,0,0,0,2,0,6,7,3,1,1,0,13,10,0,0,2,0,1,81,32,"Western Bulldogs","2022",7
11,"Macrae, Jack",14,5,14,28,0,0,0,4,2,6,5,5,2,3,1,7,20,0,0,1,0,0,82,32,"Western Bulldogs","2022",7
8,"Martin, Stefan",1,0,9,10,0,0,21,0,0,0,4,4,3,3,0,9,2,0,0,2,0,0,79,32,"Western Bulldogs","2022",7
27,"McComb, Robbie",12,4,9,21,2,0,0,1,2,2,3,5,1,0,0,7,13,0,0,0,0,0,80,32,"Western Bulldogs","2022",7
30,"McNeil, Lachlan",4,1,2,6,3,0,0,5,0,1,0,2,3,1,0,3,3,0,1,1,0,0,80,32,"Western Bulldogs","2022",7
33,"Naughton, Aaron",6,4,7,13,0,1,1,3,0,2,0,4,1,1,0,11,1,3,2,1,0,4,79,32,"Western Bulldogs","2022",7
22,"OBrien, Tim",7,5,4,11,0,0,0,1,2,0,0,1,0,1,0,4,8,0,0,8,0,0,91,32,"Western Bulldogs","2022",7
20,"Richards, Ed",16,9,4,20,0,0,0,1,3,4,0,2,0,0,0,3,17,1,0,3,6,0,77,32,"Western Bulldogs","2022",7
0,"Schache, Josh",1,1,1,2,0,1,0,0,0,0,0,1,0,0,0,1,1,1,1,1,0,0,12,32,"Western Bulldogs","2022",7
6,"Smith, Bailey",16,4,10,26,1,0,0,3,2,7,3,4,2,0,2,7,18,0,0,0,0,2,92,32,"Western Bulldogs","2022",7
37,"Smith, Roarke",7,3,4,11,1,0,0,2,1,2,1,1,1,1,0,4,7,0,1,1,0,0,73,32,"Western Bulldogs","2022",7
1,"Treloar, Adam",11,4,11,22,0,0,0,4,0,4,6,3,1,2,0,8,15,0,0,1,4,1,78,32,"Western Bulldogs","2022",7
23,"Vandermeer, Laitham",6,4,6,12,1,1,0,3,0,2,0,2,0,0,0,5,8,0,2,0,0,0,81,32,"Western Bulldogs","2022",7
0,"Wallis, Mitch",8,5,3,11,2,1,0,1,0,3,0,3,1,1,0,2,9,0,2,2,0,0,67,32,"Western Bulldogs","2022",7
19,"Weightman, Cody",8,3,1,9,2,1,0,3,0,4,0,2,1,2,0,3,7,1,1,3,0,1,78,32,"Western Bulldogs","2022",7
34,"Williams, Bailey",10,3,4,14,0,0,0,2,2,4,0,4,1,1,0,6,8,0,0,4,0,0,83,32,"Western Bulldogs","2022",7
26,"Baldwin, Kaine",3,1,2,5,1,0,1,3,0,2,1,2,2,1,0,3,2,0,0,1,0,0,71,-32,"Essendon","2022",7
6,"Caldwell, Jye",9,3,11,20,0,1,0,4,1,1,4,5,1,3,0,12,9,0,0,2,0,0,71,-32,"Essendon","2022",7
0,"Cox, Nik",3,3,4,7,0,0,0,1,1,0,0,1,1,1,0,1,6,1,0,0,0,0,28,-32,"Essendon","2022",7
12,"Cutler, Tom",11,6,10,21,2,0,0,1,4,1,0,0,0,0,0,6,16,0,2,3,1,0,96,-32,"Essendon","2022",7
2,"Draper, Sam",10,1,6,16,1,2,32,0,4,0,7,6,4,4,0,11,6,0,0,2,0,0,77,-32,"Essendon","2022",7
22,"Durham, Sam",6,3,11,17,0,0,0,2,3,2,1,7,1,3,0,6,12,1,0,3,0,0,78,-32,"Essendon","2022",7
35,"Guelfi, Matt",9,7,8,17,1,0,0,2,0,4,1,6,1,1,0,8,10,2,1,0,0,0,77,-32,"Essendon","2022",7
21,"Heppell, Dyson",14,5,15,29,0,0,0,2,4,3,1,1,3,0,0,9,18,1,0,1,0,2,82,-32,"Essendon","2022",7
8,"Hobbs, Ben",3,3,7,10,0,0,0,1,0,3,0,4,0,2,0,1,8,0,0,0,0,1,86,-32,"Essendon","2022",7
29,"Kelly, Jake",9,5,6,15,0,0,0,1,2,1,0,1,1,1,0,2,13,0,0,3,0,0,97,-32,"Essendon","2022",7
15,"Laverde, Jayden",9,6,3,12,0,0,0,5,5,0,0,2,1,1,0,6,5,2,0,0,0,0,84,-32,"Essendon","2022",7
37,"Martin, Nic",14,4,11,25,0,1,0,4,2,4,2,1,1,1,0,9,16,0,0,2,0,0,89,-32,"Essendon","2022",7
1,"McGrath, Andrew",12,0,9,21,0,1,0,4,4,2,3,1,3,0,0,9,12,0,0,1,0,0,79,-32,"Essendon","2022",7
7,"Merrett, Zach",9,4,27,36,0,0,0,2,3,2,1,7,0,3,0,7,30,0,0,3,1,0,81,-32,"Essendon","2022",7
3,"Parish, Darcy",13,5,19,32,0,0,0,3,2,4,4,2,0,1,0,13,20,0,0,1,0,2,82,-32,"Essendon","2022",7
16,"Perkins, Archie",8,6,4,12,0,0,0,1,1,4,1,1,1,0,0,3,9,0,0,0,0,1,70,-32,"Essendon","2022",7
27,"Redman, Mason",20,6,9,29,0,1,0,1,4,2,0,3,2,0,0,5,25,0,0,3,0,0,81,-32,"Essendon","2022",7
31,"Reid, Zach",5,3,3,8,0,0,0,4,1,0,0,1,1,1,0,4,4,0,0,1,0,0,88,-32,"Essendon","2022",7
14,"Ridley, Jordan",16,8,4,20,0,0,0,2,7,0,1,1,1,0,0,6,13,1,0,13,0,0,89,-32,"Essendon","2022",7
0,"Shiel, Dylan",6,2,5,11,0,0,0,3,1,2,3,2,0,1,0,6,5,0,0,0,0,0,39,-32,"Essendon","2022",7
25,"Stringer, Jake",9,3,2,11,1,1,0,4,0,2,2,4,0,1,0,5,7,1,1,1,0,1,79,-32,"Essendon","2022",7
45,"Waterman, Alec",2,2,5,7,0,0,0,1,0,0,0,0,0,0,0,3,3,0,0,1,0,0,77,-32,"Essendon","2022",7
20,"Wright, Peter",8,4,4,12,4,1,9,1,0,0,1,3,1,2,0,7,8,2,3,4,0,1,100,-32,"Essendon","2022",7
