"Number","Player","Kicks","Marks","Handballs","Disposals","Goals","Behinds","Hitouts","Tackles","Rebounds50s","Inside50s","Clearances","Clangers","FreesFor","FreesAgainst","BrownlowVotes","ContestedPossessions","UncontestedPossessions","ContestedMarks","MarksInside50","OnePercenters","Bounces","GoalAssists","PercentagePlayed","PointDifference","Team","Season","Round"
4,"Bontempelli, Marcus",11,6,10,21,0,0,0,3,1,5,7,4,3,1,0,12,12,0,0,5,4,2,82,-17,"Western Bulldogs","2022",21
17,"Bruce, Josh",7,6,4,11,1,1,2,1,1,2,2,2,0,2,0,3,7,1,2,1,0,0,80,-17,"Western Bulldogs","2022",21
12,"Cordy, Zaine",0,0,4,4,0,0,0,0,2,0,0,0,0,0,0,1,3,0,0,5,0,0,92,-17,"Western Bulldogs","2022",21
31,"Dale, Bailey",12,6,9,21,0,0,0,2,6,1,1,4,0,1,0,4,14,1,0,2,3,0,88,-17,"Western Bulldogs","2022",21
35,"Daniel, Caleb",12,4,8,20,0,0,0,2,3,1,0,2,0,2,0,3,12,0,0,1,0,0,86,-17,"Western Bulldogs","2022",21
10,"Darcy, Sam",9,8,1,10,0,0,0,0,1,0,0,3,0,1,0,4,6,2,0,3,0,0,75,-17,"Western Bulldogs","2022",21
5,"Dunkley, Josh",11,3,22,33,1,1,0,4,1,4,6,1,3,1,1,21,14,1,0,4,0,1,84,-17,"Western Bulldogs","2022",21
44,"English, Tim",11,6,6,17,1,1,20,2,3,5,2,1,2,0,0,8,10,1,1,3,1,0,83,-17,"Western Bulldogs","2022",21
38,"Garcia, Riley",6,2,7,13,0,0,0,3,0,2,0,2,1,0,0,7,8,1,0,0,0,0,79,-17,"Western Bulldogs","2022",21
42,"Keath, Alex",8,4,3,11,0,0,0,0,4,0,0,2,0,1,0,3,7,0,0,6,0,0,94,-17,"Western Bulldogs","2022",21
21,"Liberatore, Tom",12,7,16,28,0,0,0,5,1,5,8,8,1,3,0,15,15,0,0,1,0,0,80,-17,"Western Bulldogs","2022",21
11,"Macrae, Jack",17,6,12,29,0,0,0,2,2,5,3,3,0,0,0,7,25,0,0,4,0,2,81,-17,"Western Bulldogs","2022",21
16,"McLean, Toby",0,0,0,0,0,0,0,0,0,0,0,0,0,0,0,0,0,0,0,0,0,0,0,-17,"Western Bulldogs","2022",21
30,"McNeil, Lachlan",7,2,6,13,0,0,0,5,1,1,1,2,2,0,0,7,7,0,0,3,0,0,79,-17,"Western Bulldogs","2022",21
33,"Naughton, Aaron",8,5,1,9,3,0,2,4,0,3,1,3,0,0,0,4,5,2,1,1,0,1,82,-17,"Western Bulldogs","2022",21
20,"Richards, Ed",18,7,5,23,0,0,0,1,3,4,0,1,1,0,0,3,20,1,0,4,3,0,87,-17,"Western Bulldogs","2022",21
6,"Smith, Bailey",17,2,13,30,1,0,0,5,3,5,2,7,1,0,0,7,23,0,0,1,1,0,85,-17,"Western Bulldogs","2022",21
1,"Treloar, Adam",9,4,15,24,0,0,0,0,4,1,2,2,0,0,0,4,15,0,0,1,3,0,82,-17,"Western Bulldogs","2022",21
2,"Ugle-Hagan, Jamarra",10,6,2,12,0,3,0,0,0,4,0,4,1,0,0,4,9,0,4,2,1,0,76,-17,"Western Bulldogs","2022",21
23,"Vandermeer, Laitham",4,2,7,11,1,0,0,4,0,3,0,2,1,0,0,7,4,0,0,0,0,1,77,-17,"Western Bulldogs","2022",21
19,"Weightman, Cody",4,1,3,7,3,0,0,3,0,0,0,1,2,1,0,3,4,0,1,0,0,0,76,-17,"Western Bulldogs","2022",21
14,"West, Rhylee",5,1,1,6,0,1,0,2,0,2,0,2,0,0,0,3,3,0,0,0,0,0,72,-17,"Western Bulldogs","2022",21
34,"Williams, Bailey",4,2,3,7,0,0,0,1,0,2,1,1,0,1,0,3,5,0,0,0,0,0,77,-17,"Western Bulldogs","2022",21
9,"Acres, Blake",12,7,7,19,0,1,0,1,1,4,0,3,0,0,0,3,16,0,1,0,0,2,81,17,"Fremantle","2022",21
11,"Aish, James",9,3,10,19,0,0,0,2,2,3,2,2,0,0,0,6,13,0,0,1,0,0,84,17,"Fremantle","2022",21
8,"Brayshaw, Andrew",10,6,11,21,1,0,0,8,2,0,5,3,1,0,0,9,8,0,1,1,0,0,76,17,"Fremantle","2022",21
17,"Brodie, Will",10,3,7,17,0,0,0,7,0,4,1,6,1,3,0,5,12,0,0,0,0,1,62,17,"Fremantle","2022",21
27,"Chapman, Heath",16,11,8,24,0,0,0,1,5,1,0,2,0,2,0,2,23,1,0,1,0,1,86,17,"Fremantle","2022",21
6,"Clark, Jordan",19,10,7,26,0,0,0,3,5,1,1,3,1,1,0,3,20,0,0,4,0,0,86,17,"Fremantle","2022",21
36,"Cox, Brennan",14,9,4,18,0,0,0,2,6,0,1,3,1,1,0,7,9,1,0,13,0,0,89,17,"Fremantle","2022",21
4,"Darcy, Sean",6,3,6,12,0,0,30,3,1,3,1,3,1,1,0,3,9,1,0,1,0,1,82,17,"Fremantle","2022",21
32,"Frederick, Michael",6,6,3,9,3,0,0,3,0,1,0,0,0,0,0,1,8,0,3,0,0,0,77,17,"Fremantle","2022",21
0,"Henry, Liam",1,0,2,3,0,0,0,1,0,1,0,1,1,0,0,3,0,0,0,0,0,0,22,17,"Fremantle","2022",21
37,"Lobb, Rory",7,7,0,7,4,2,0,2,0,1,0,1,0,1,2,2,5,2,6,7,0,0,100,17,"Fremantle","2022",21
2,"Logue, Griffin",9,8,6,15,1,2,12,2,0,0,3,1,1,1,0,8,9,2,2,7,0,0,96,17,"Fremantle","2022",21
16,"Mundy, David",9,3,13,22,0,0,0,2,2,6,2,4,1,2,0,6,16,0,0,0,0,0,67,17,"Fremantle","2022",21
30,"ODriscoll, Nathan",12,5,8,20,1,0,0,1,0,4,0,5,0,3,0,5,15,0,0,2,2,1,70,17,"Fremantle","2022",21
25,"Pearce, Alex",9,7,6,15,0,0,0,1,3,1,0,1,0,0,0,5,11,1,0,6,0,0,95,17,"Fremantle","2022",21
13,"Ryan, Luke",25,15,7,32,0,0,0,4,11,2,1,0,1,0,3,3,22,0,0,5,1,0,86,17,"Fremantle","2022",21
5,"Schultz, Lachie",10,6,5,15,1,0,0,3,1,5,1,2,2,1,0,7,9,0,0,1,0,3,85,17,"Fremantle","2022",21
3,"Serong, Caleb",14,3,10,24,0,0,0,3,1,5,8,2,1,1,0,11,14,0,0,1,0,0,76,17,"Fremantle","2022",21
0,"Taberner, Matthew",7,8,2,9,2,1,0,0,0,1,0,0,0,0,0,1,8,1,3,0,0,0,56,17,"Fremantle","2022",21
18,"Tucker, Darcy",9,4,9,18,0,2,0,3,0,4,3,2,1,1,0,6,12,0,1,0,1,2,83,17,"Fremantle","2022",21
31,"Walker, Brandon",11,4,2,13,0,0,0,0,1,0,0,4,0,0,0,1,11,0,0,3,0,0,77,17,"Fremantle","2022",21
10,"Walters, Michael",7,6,4,11,1,0,0,1,0,3,0,1,1,0,0,4,8,1,1,1,0,1,82,17,"Fremantle","2022",21
26,"Young, Hayden",9,6,10,19,0,1,0,3,2,0,0,0,0,0,0,3,16,1,0,1,0,0,79,17,"Fremantle","2022",21
