"Number","Player","Kicks","Marks","Handballs","Disposals","Goals","Behinds","Hitouts","Tackles","Rebounds50s","Inside50s","Clearances","Clangers","FreesFor","FreesAgainst","BrownlowVotes","ContestedPossessions","UncontestedPossessions","ContestedMarks","MarksInside50","OnePercenters","Bounces","GoalAssists","PercentagePlayed","PointDifference","Team","Season","Round"
16,"Bonar, Aiden",4,3,10,14,0,0,0,2,2,1,0,2,1,1,0,5,8,0,0,3,0,0,83,-67,"North Melbourne","2022",23
30,"Comben, Charlie",4,3,2,6,0,2,5,3,0,0,1,2,2,2,0,2,4,0,2,0,0,0,71,-67,"North Melbourne","2022",23
4,"Corr, Aidan",24,9,4,28,0,0,0,3,15,1,0,4,0,2,0,6,15,1,0,3,0,0,84,-67,"North Melbourne","2022",23
10,"Cunnington, Ben",3,2,11,14,0,0,0,3,0,0,2,3,0,2,0,5,9,0,0,1,0,0,67,-67,"North Melbourne","2022",23
9,"Davies-Uniacke, Luke",10,5,16,26,1,1,0,3,2,4,7,4,0,2,0,16,13,0,0,0,1,0,80,-67,"North Melbourne","2022",23
42,"Dawson, Kallan",7,7,8,15,0,1,0,0,1,2,0,1,1,0,0,3,12,0,0,3,0,0,83,-67,"North Melbourne","2022",23
31,"Goater, Josh",12,5,9,21,0,1,0,3,3,0,0,2,1,0,0,6,15,0,0,2,1,0,80,-67,"North Melbourne","2022",23
22,"Goldstein, Todd",7,6,9,16,0,0,30,2,1,2,2,5,2,4,0,4,14,0,0,6,0,0,90,-67,"North Melbourne","2022",23
18,"Greenwood, Hugh",11,4,12,23,1,1,0,10,2,0,4,2,2,1,0,11,12,0,0,3,0,0,79,-67,"North Melbourne","2022",23
6,"Horne-Francis, Jason",13,4,7,20,0,0,0,3,1,3,1,7,3,2,0,7,15,0,0,1,2,1,73,-67,"North Melbourne","2022",23
20,"Larkey, Nick",8,7,6,14,1,0,0,1,0,2,0,2,1,0,0,6,8,3,2,2,0,0,93,-67,"North Melbourne","2022",23
35,"Lazzaro, Charlie",3,1,5,8,0,0,0,3,1,1,2,2,0,1,0,4,5,0,0,0,1,1,75,-67,"North Melbourne","2022",23
1,"Mahony, Jack",6,3,2,8,1,0,0,2,1,3,0,1,0,0,0,1,8,0,0,1,0,0,73,-67,"North Melbourne","2022",23
11,"McDonald, Luke",16,5,7,23,0,0,0,3,11,1,0,1,0,0,0,5,13,2,0,5,1,0,86,-67,"North Melbourne","2022",23
23,"McKay, Ben",7,8,6,13,0,0,0,1,2,0,0,1,0,0,0,5,8,2,0,6,0,0,88,-67,"North Melbourne","2022",23
39,"Perez, Flynn",14,2,10,24,0,0,0,1,3,5,0,3,1,0,0,5,17,0,0,1,0,0,88,-67,"North Melbourne","2022",23
24,"Powell, Tom",6,2,11,17,0,0,0,1,2,3,1,0,0,0,0,5,12,0,0,0,2,0,68,-67,"North Melbourne","2022",23
8,"Scott, Bailey",12,5,11,23,1,0,0,2,1,3,1,5,1,0,0,4,19,0,0,2,2,0,85,-67,"North Melbourne","2022",23
12,"Simpkin, Jy",15,5,10,25,0,0,0,3,1,7,3,1,2,0,0,9,17,0,0,0,1,0,87,-67,"North Melbourne","2022",23
5,"Taylor, Curtis",17,10,8,25,1,1,0,3,2,2,0,1,0,0,0,2,20,1,2,0,0,0,92,-67,"North Melbourne","2022",23
28,"Turner, Kayne",0,0,0,0,0,0,0,0,0,0,0,0,0,0,0,0,0,0,0,0,0,0,0,-67,"North Melbourne","2022",23
17,"Young, Lachie",12,9,14,26,0,0,0,1,4,3,0,4,1,2,0,3,24,0,0,3,1,1,88,-67,"North Melbourne","2022",23
44,"Zurhaar, Cameron",6,1,6,12,0,2,0,0,0,2,2,3,1,0,0,8,3,0,0,0,0,1,87,-67,"North Melbourne","2022",23
9,"Ainsworth, Ben",19,10,5,24,1,2,0,1,0,4,0,2,1,0,0,3,20,0,2,0,1,1,78,67,"Gold Coast","2022",23
15,"Anderson, Noah",20,5,10,30,1,1,0,4,3,9,6,4,2,2,2,7,22,0,0,2,6,1,86,67,"Gold Coast","2022",23
31,"Andrew, Mac",4,1,3,7,0,0,0,4,1,0,1,0,2,0,0,7,2,0,0,3,0,0,78,67,"Gold Coast","2022",23
30,"Casboult, Levi",5,4,2,7,0,1,1,1,0,2,0,4,0,0,0,0,7,0,3,2,0,1,87,67,"Gold Coast","2022",23
1,"Chol, Mabior",13,9,5,18,1,3,6,1,0,4,1,5,1,3,0,11,8,3,3,3,0,1,84,67,"Gold Coast","2022",23
25,"Collins, Sam",9,9,3,12,0,0,0,1,4,0,0,0,0,0,0,1,11,0,0,3,0,0,95,67,"Gold Coast","2022",23
0,"Constable, Charlie",4,2,0,4,0,0,0,0,1,1,0,1,0,0,0,0,3,0,0,0,0,0,10,67,"Gold Coast","2022",23
5,"Davies, Alex",8,1,7,15,2,0,0,4,0,3,1,3,2,1,0,11,4,0,0,2,0,1,78,67,"Gold Coast","2022",23
4,"Ellis, Brandon",16,4,8,24,0,0,0,5,4,2,0,0,0,0,0,4,14,0,0,2,3,0,75,67,"Gold Coast","2022",23
50,"Farrar, Jy",5,4,5,10,0,0,0,0,2,0,0,5,0,3,0,4,7,0,0,4,1,0,83,67,"Gold Coast","2022",23
26,"Flanders, Sam",12,3,6,18,0,0,0,3,1,3,0,1,0,0,0,4,12,1,1,2,2,0,81,67,"Gold Coast","2022",23
46,"Graham, Caleb",7,4,4,11,0,0,0,0,3,1,0,0,0,0,0,2,8,1,0,10,0,0,92,67,"Gold Coast","2022",23
36,"Hollands, Elijah",12,7,8,20,0,3,0,0,1,7,3,5,0,3,0,9,11,0,1,0,0,0,88,67,"Gold Coast","2022",23
0,"Lemmens, Sean",11,5,4,15,0,0,0,4,4,1,2,3,2,2,0,7,7,1,0,3,0,0,70,67,"Gold Coast","2022",23
13,"Lukosius, Jack",17,7,3,20,1,1,0,1,1,10,0,5,1,0,0,7,12,0,1,4,0,3,80,67,"Gold Coast","2022",23
44,"Macpherson, Darcy",12,5,8,20,0,0,0,1,3,4,1,3,1,1,0,10,10,1,0,0,0,0,83,67,"Gold Coast","2022",23
11,"Miller, Touk",12,3,13,25,1,0,0,7,3,2,9,5,0,1,0,13,13,0,0,2,0,0,92,67,"Gold Coast","2022",23
47,"Paul Oea, Hewago",6,2,4,10,0,0,0,4,0,2,0,3,0,1,0,2,7,0,0,1,0,0,65,67,"Gold Coast","2022",23
41,"Rosas, Malcolm",9,4,5,14,2,3,0,4,0,1,2,2,1,0,0,5,10,0,1,0,0,1,74,67,"Gold Coast","2022",23
18,"Rowell, Matt",8,2,7,15,0,0,0,10,4,3,3,0,1,0,0,9,7,0,0,1,0,1,75,67,"Gold Coast","2022",23
6,"Sexton, Alex",14,6,0,14,6,2,0,0,0,4,0,3,1,2,1,4,11,1,3,1,1,0,83,67,"Gold Coast","2022",23
24,"Swallow, David",21,9,12,33,1,1,0,4,3,8,9,2,3,0,3,18,17,0,0,5,0,0,82,67,"Gold Coast","2022",23
28,"Witts, Jarrod",5,3,6,11,0,0,28,2,0,1,6,3,1,0,0,9,4,1,1,3,0,3,83,67,"Gold Coast","2022",23
