"Number","Player","Kicks","Marks","Handballs","Disposals","Goals","Behinds","Hitouts","Tackles","Rebounds50s","Inside50s","Clearances","Clangers","FreesFor","FreesAgainst","BrownlowVotes","ContestedPossessions","UncontestedPossessions","ContestedMarks","MarksInside50","OnePercenters","Bounces","GoalAssists","PercentagePlayed","PointDifference","Team","Season","Round"
3,"Anderson, Jed",7,3,15,22,0,1,0,1,0,4,2,2,0,2,0,4,18,0,0,1,0,0,69,4,"North Melbourne","2022",18
16,"Bonar, Aiden",7,3,7,14,0,0,0,1,3,0,1,2,0,2,0,5,11,0,0,5,0,0,73,4,"North Melbourne","2022",18
21,"Coleman-Jones, Callum",7,5,11,18,0,1,7,5,0,3,4,3,4,1,0,10,7,1,1,2,0,1,87,4,"North Melbourne","2022",18
4,"Corr, Aidan",8,2,2,10,0,0,0,0,3,0,0,0,0,0,0,3,2,1,0,12,0,0,87,4,"North Melbourne","2022",18
25,"Curtis, Paul",7,3,7,14,3,0,0,2,0,1,0,1,1,0,0,8,6,2,2,0,1,0,81,4,"North Melbourne","2022",18
9,"Davies-Uniacke, Luke",18,7,10,28,0,0,0,5,4,6,4,5,2,3,1,9,22,0,0,1,0,0,84,4,"North Melbourne","2022",18
22,"Goldstein, Todd",3,2,12,15,1,0,25,4,2,4,5,1,1,0,0,10,6,0,0,3,0,2,85,4,"North Melbourne","2022",18
18,"Greenwood, Hugh",7,3,17,24,0,1,0,6,2,1,7,1,1,1,0,12,10,1,0,1,0,0,75,4,"North Melbourne","2022",18
6,"Horne-Francis, Jason",8,3,4,12,0,0,0,3,0,2,0,1,0,0,0,3,9,0,0,1,1,0,71,4,"North Melbourne","2022",18
0,"Larkey, Nick",2,2,5,7,0,0,0,0,0,1,0,2,0,1,0,4,4,0,0,0,0,1,65,4,"North Melbourne","2022",18
0,"Lazzaro, Charlie",2,0,2,4,0,2,0,0,0,0,2,0,0,0,0,2,2,0,0,0,0,0,16,4,"North Melbourne","2022",18
11,"McDonald, Luke",10,8,9,19,0,0,0,4,8,0,0,2,0,1,0,1,15,0,1,6,0,0,91,4,"North Melbourne","2022",18
23,"McKay, Ben",7,6,6,13,0,0,0,3,3,1,0,5,1,2,0,9,5,4,0,5,0,0,95,4,"North Melbourne","2022",18
39,"Perez, Flynn",11,4,4,15,0,0,0,4,5,2,0,4,1,1,0,3,11,0,0,1,0,1,87,4,"North Melbourne","2022",18
24,"Powell, Tom",7,4,10,17,0,0,0,1,3,2,3,1,0,0,0,4,13,0,0,0,3,1,81,4,"North Melbourne","2022",18
8,"Scott, Bailey",18,6,8,26,1,0,0,0,3,4,1,4,0,2,0,4,20,0,1,0,0,0,84,4,"North Melbourne","2022",18
12,"Simpkin, Jy",17,3,17,34,1,0,0,6,2,7,8,5,1,2,2,18,19,0,0,1,1,1,83,4,"North Melbourne","2022",18
36,"Spicer, Phoenix",5,1,3,8,0,0,0,2,0,3,1,2,1,0,0,3,5,0,0,0,0,2,70,4,"North Melbourne","2022",18
2,"Stephenson, Jaidyn",21,4,2,23,1,0,0,1,12,1,1,0,1,0,0,4,10,0,0,0,1,1,81,4,"North Melbourne","2022",18
5,"Taylor, Curtis",7,3,9,16,0,1,0,1,3,1,2,3,1,0,0,5,11,0,0,1,1,0,81,4,"North Melbourne","2022",18
17,"Young, Lachie",10,4,3,13,1,0,0,8,2,2,0,3,2,1,0,3,11,0,0,4,1,0,85,4,"North Melbourne","2022",18
7,"Ziebell, Jack",3,1,7,10,0,1,0,3,0,1,0,2,0,2,0,4,6,0,0,2,0,2,81,4,"North Melbourne","2022",18
44,"Zurhaar, Cameron",8,3,4,12,6,1,0,2,0,0,2,0,1,0,3,8,4,0,2,2,0,0,86,4,"North Melbourne","2022",18
0,"Aarts, Jake",1,1,1,2,0,0,0,0,0,0,0,0,0,0,0,0,2,0,1,0,0,0,19,-4,"Richmond","2022",18
7,"Baker, Liam",5,2,4,9,1,1,0,4,0,1,0,0,2,0,0,1,8,0,2,1,0,0,81,-4,"Richmond","2022",18
21,"Balta, Noah",6,3,2,8,1,1,1,0,0,2,1,3,1,1,0,6,2,1,2,2,0,0,77,-4,"Richmond","2022",18
29,"Bolton, Shai",13,4,5,18,0,2,0,1,0,7,5,1,1,0,0,8,9,0,1,2,2,0,85,-4,"Richmond","2022",18
35,"Broad, Nathan",7,3,4,11,0,0,0,2,2,1,0,1,0,1,0,2,8,0,0,3,0,0,96,-4,"Richmond","2022",18
9,"Cotchin, Trent",13,6,11,24,0,0,0,3,1,3,5,2,3,1,0,12,12,0,0,0,0,1,78,-4,"Richmond","2022",18
38,"Cumberland, Noah",10,4,4,14,3,4,0,4,0,7,2,1,1,0,0,9,5,1,2,2,0,0,80,-4,"Richmond","2022",18
10,"Edwards, Shane",6,1,5,11,0,0,0,0,1,1,1,1,1,1,0,5,6,0,0,0,0,0,74,-4,"Richmond","2022",18
0,"Gibcus, Josh",2,2,1,3,0,1,4,2,0,0,0,3,0,2,0,1,3,0,1,1,0,0,52,-4,"Richmond","2022",18
34,"Graham, Jack",14,6,8,22,1,0,0,3,0,6,1,4,2,0,0,9,13,0,0,0,1,1,77,-4,"Richmond","2022",18
2,"Grimes, Dylan",8,6,4,12,0,0,0,0,3,0,0,1,1,1,0,7,5,3,0,11,0,0,92,-4,"Richmond","2022",18
33,"McIntosh, Kamdyn",11,5,4,15,0,1,0,1,3,1,0,4,1,2,0,3,11,1,1,0,0,0,83,-4,"Richmond","2022",18
46,"Miller, Ben",10,3,2,12,1,0,0,3,4,3,0,1,2,0,0,3,7,0,0,6,0,1,98,-4,"Richmond","2022",18
25,"Nankervis, Toby",10,4,10,20,0,2,36,2,0,7,4,8,0,6,0,9,13,0,0,4,0,2,84,-4,"Richmond","2022",18
50,"Pickett, Marlion",6,4,8,14,0,0,0,5,2,1,1,4,0,1,0,3,11,0,0,0,0,0,84,-4,"Richmond","2022",18
3,"Prestia, Dion",11,7,15,26,0,0,0,2,2,4,4,5,2,1,0,11,18,0,1,2,0,1,79,-4,"Richmond","2022",18
45,"Ralphsmith, Hugo",7,5,5,12,0,0,0,2,3,0,0,3,0,1,0,1,10,0,0,0,1,0,66,-4,"Richmond","2022",18
8,"Riewoldt, Jack",14,8,2,16,2,6,0,2,0,2,1,2,2,0,0,5,11,1,5,2,0,0,97,-4,"Richmond","2022",18
17,"Rioli, Daniel",8,4,4,12,1,0,0,3,2,4,0,2,0,0,0,5,7,1,0,2,2,0,79,-4,"Richmond","2022",18
15,"Short, Jayden",17,6,7,24,1,1,0,2,1,7,3,1,0,0,0,7,17,0,1,1,0,0,74,-4,"Richmond","2022",18
40,"Sonsie, Tyler",11,1,8,19,0,0,0,1,2,4,4,2,1,0,0,5,13,0,0,1,1,1,74,-4,"Richmond","2022",18
6,"Tarrant, Robbie",4,6,7,11,0,0,0,2,1,3,0,0,0,0,0,7,4,3,0,9,0,0,90,-4,"Richmond","2022",18
1,"Vlastuin, Nick",14,9,8,22,0,0,0,6,4,3,0,0,1,0,0,8,15,0,0,1,0,2,81,-4,"Richmond","2022",18
