"Number","Player","Kicks","Marks","Handballs","Disposals","Goals","Behinds","Hitouts","Tackles","Rebounds50s","Inside50s","Clearances","Clangers","FreesFor","FreesAgainst","BrownlowVotes","ContestedPossessions","UncontestedPossessions","ContestedMarks","MarksInside50","OnePercenters","Bounces","GoalAssists","PercentagePlayed","PointDifference","Team","Season","Round"
26,"Baldwin, Kaine",6,4,2,8,1,1,0,3,0,2,1,1,1,1,0,5,3,2,2,1,0,0,82,27,"Essendon","2022",8
24,"Bryan, Nick",5,3,1,6,0,1,11,4,0,1,1,1,1,1,0,3,4,1,1,3,0,1,62,27,"Essendon","2022",8
6,"Caldwell, Jye",10,5,10,20,1,1,0,7,0,3,3,4,0,2,0,9,11,0,1,2,0,1,74,27,"Essendon","2022",8
12,"Cutler, Tom",16,8,5,21,0,0,0,0,5,5,0,2,0,2,0,4,13,0,0,2,1,0,92,27,"Essendon","2022",8
2,"Draper, Sam",4,1,0,4,0,0,29,4,0,4,5,3,0,3,0,5,1,1,0,4,1,0,69,27,"Essendon","2022",8
10,"Francis, Aaron",6,5,3,9,2,0,0,3,0,4,0,5,0,0,0,4,5,2,3,4,0,0,82,27,"Essendon","2022",8
33,"Ham, Brayden",5,4,4,9,0,0,0,0,1,2,1,0,0,0,0,2,7,0,1,1,0,1,86,27,"Essendon","2022",8
21,"Heppell, Dyson",14,12,11,25,0,0,0,1,3,4,1,2,1,0,0,8,16,0,0,1,0,0,87,27,"Essendon","2022",8
19,"Hind, Nick",18,4,5,23,0,0,0,2,8,1,0,1,1,0,0,5,15,0,0,2,9,0,80,27,"Essendon","2022",8
8,"Hobbs, Ben",13,7,6,19,1,2,0,4,1,1,1,1,2,1,0,7,12,0,2,1,0,0,73,27,"Essendon","2022",8
15,"Laverde, Jayden",9,3,4,13,0,0,0,0,1,1,1,2,0,1,0,8,6,1,0,1,0,0,92,27,"Essendon","2022",8
28,"Lord, Alastair",0,0,0,0,0,0,0,0,0,0,0,0,0,0,0,0,0,0,0,0,0,0,0,27,"Essendon","2022",8
37,"Martin, Nic",15,9,7,22,2,2,0,1,0,3,0,3,0,0,0,4,18,0,2,1,0,1,94,27,"Essendon","2022",8
1,"McGrath, Andrew",9,4,7,16,0,1,0,2,5,1,0,0,0,0,0,5,10,0,1,0,2,0,87,27,"Essendon","2022",8
7,"Merrett, Zach",13,3,15,28,1,0,0,2,4,6,6,3,2,0,2,14,15,0,0,2,0,0,82,27,"Essendon","2022",8
3,"Parish, Darcy",16,6,16,32,1,1,0,7,2,5,6,2,1,1,0,13,18,0,1,1,0,0,86,27,"Essendon","2022",8
16,"Perkins, Archie",9,1,6,15,1,0,0,6,0,3,1,3,2,0,0,6,10,0,0,0,0,1,78,27,"Essendon","2022",8
27,"Redman, Mason",19,6,8,27,0,0,0,1,5,3,0,4,0,1,0,5,18,0,0,0,1,0,82,27,"Essendon","2022",8
31,"Reid, Zach",4,4,5,9,0,0,0,3,1,0,0,2,0,1,0,2,7,0,0,4,0,0,83,27,"Essendon","2022",8
9,"Shiel, Dylan",12,5,3,15,0,1,0,3,0,4,6,2,3,1,0,6,9,0,0,2,0,2,68,27,"Essendon","2022",8
5,"Smith, Devon",6,2,4,10,0,1,0,6,0,2,0,3,0,1,0,1,8,0,2,0,0,3,77,27,"Essendon","2022",8
20,"Wright, Peter",12,8,4,16,6,0,1,0,0,2,0,7,3,3,3,7,9,2,4,3,0,0,100,27,"Essendon","2022",8
30,"Zerk-Thatcher, Brandon",2,1,3,5,0,0,0,0,0,0,0,0,0,0,0,1,3,0,0,4,0,0,85,27,"Essendon","2022",8
16,"Bramble, Lachlan",8,5,8,16,0,0,0,2,1,2,0,1,1,1,0,4,14,0,0,2,1,2,86,-27,"Hawthorn","2022",8
22,"Breust, Luke",4,2,4,8,1,0,0,1,0,3,0,3,1,0,0,4,4,0,1,1,0,0,76,-27,"Hawthorn","2022",8
45,"Callow, Jackson",3,3,7,10,0,1,5,2,0,2,0,1,0,0,0,6,4,2,1,0,0,0,70,-27,"Hawthorn","2022",8
12,"Day, Will",12,5,11,23,0,0,0,1,4,2,1,2,0,1,0,5,15,1,0,2,0,0,79,-27,"Hawthorn","2022",8
8,"Frost, Sam",6,4,4,10,0,0,0,1,2,1,0,5,1,4,0,4,5,0,0,2,1,0,99,-27,"Hawthorn","2022",8
24,"Grainger-Barras, Denver",5,2,1,6,0,0,0,1,2,0,0,1,1,1,0,0,5,0,0,2,0,0,61,-27,"Hawthorn","2022",8
19,"Gunston, Jack",10,8,1,11,2,4,0,3,0,3,0,2,0,1,0,7,5,4,4,2,0,1,98,-27,"Hawthorn","2022",8
15,"Hardwick, Blake",8,6,2,10,0,0,0,1,1,0,0,1,0,0,0,1,9,0,0,1,0,0,82,-27,"Hawthorn","2022",8
4,"Impey, Jarman",12,7,11,23,0,0,0,0,3,3,0,1,1,0,0,4,18,0,0,0,3,0,78,-27,"Hawthorn","2022",8
23,"Koschitzke, Jacob",4,1,3,7,2,0,0,2,0,0,0,1,1,1,0,6,4,0,1,3,0,0,88,-27,"Hawthorn","2022",8
18,"Lynch, Max",8,4,4,12,2,1,18,1,0,3,3,2,2,2,0,7,6,1,3,1,0,1,79,-27,"Hawthorn","2022",8
31,"Macdonald, Connor",7,2,3,10,1,1,0,3,0,1,0,0,0,0,0,2,8,0,1,1,0,0,68,-27,"Hawthorn","2022",8
32,"Maginness, Finn",8,5,10,18,1,1,0,4,1,2,2,3,1,1,0,8,10,0,0,2,0,0,78,-27,"Hawthorn","2022",8
3,"Mitchell, Tom",5,3,9,14,0,0,0,3,1,2,4,2,0,1,0,6,8,0,0,0,0,0,78,-27,"Hawthorn","2022",8
13,"Moore, Dylan",14,11,6,20,1,1,0,0,2,3,0,3,1,0,0,2,18,0,2,2,1,0,92,-27,"Hawthorn","2022",8
1,"Morrison, Harry",16,7,7,23,1,1,0,1,3,3,4,4,0,1,0,8,16,1,1,1,0,1,88,-27,"Hawthorn","2022",8
44,"Newcombe, Jai",10,8,18,28,0,0,0,4,3,3,5,1,2,1,1,11,17,0,0,0,1,0,83,-27,"Hawthorn","2022",8
10,"OMeara, Jaeger",17,5,11,28,0,2,0,6,2,6,4,6,3,2,0,11,17,0,1,0,1,2,88,-27,"Hawthorn","2022",8
14,"Scrimshaw, Jack",15,6,10,25,0,0,0,3,7,1,0,2,0,0,0,5,20,1,0,1,0,1,83,-27,"Hawthorn","2022",8
26,"Shiels, Liam",0,0,0,0,0,0,0,0,0,0,0,0,0,0,0,0,0,0,0,0,0,0,0,-27,"Hawthorn","2022",8
6,"Sicily, James",16,7,6,22,0,1,0,1,7,3,0,1,2,0,0,7,10,2,0,9,0,0,92,-27,"Hawthorn","2022",8
25,"Ward, Josh",6,2,8,14,0,0,0,3,1,1,2,1,1,0,0,2,12,0,0,2,0,1,75,-27,"Hawthorn","2022",8
5,"Worpel, James",6,0,9,15,0,1,0,2,0,3,4,2,1,0,0,9,7,0,0,1,1,0,80,-27,"Hawthorn","2022",8
