"Number","Player","Kicks","Marks","Handballs","Disposals","Goals","Behinds","Hitouts","Tackles","Rebounds50s","Inside50s","Clearances","Clangers","FreesFor","FreesAgainst","BrownlowVotes","ContestedPossessions","UncontestedPossessions","ContestedMarks","MarksInside50","OnePercenters","Bounces","GoalAssists","PercentagePlayed","PointDifference","Team","Season","Round"
30,"Atkins, Tom",12,2,9,21,0,0,0,3,0,4,8,4,3,2,0,13,9,0,0,3,0,0,81,3,"Geelong","2022",15
24,"Bews, Jed",9,4,6,15,0,0,0,3,1,3,0,2,2,0,0,3,12,0,0,0,0,0,80,3,"Geelong","2022",15
46,"Blicavs, Mark",12,5,5,17,1,1,8,3,1,4,3,4,0,1,0,7,10,2,1,2,0,0,85,3,"Geelong","2022",15
5,"Cameron, Jeremy",10,8,6,16,3,1,0,0,2,0,0,3,1,2,0,4,12,2,3,2,1,0,95,3,"Geelong","2022",15
45,"Close, Brad",6,4,6,12,1,1,0,2,0,4,1,1,1,1,0,4,8,0,0,0,0,1,83,3,"Geelong","2022",15
16,"De Koning, Sam",7,3,8,15,0,0,0,0,5,0,1,1,3,0,0,11,4,2,0,5,0,0,90,3,"Geelong","2022",15
22,"Duncan, Mitch",20,9,5,25,0,0,0,1,5,6,1,6,2,0,0,4,18,0,0,0,1,0,80,3,"Geelong","2022",15
29,"Guthrie, Cameron",16,5,12,28,0,1,0,6,1,4,3,4,2,1,0,11,16,0,1,0,0,0,82,3,"Geelong","2022",15
39,"Guthrie, Zach",8,5,4,12,0,0,0,2,1,2,1,2,1,0,0,4,9,0,0,3,1,0,81,3,"Geelong","2022",15
26,"Hawkins, Tom",6,4,2,8,0,1,2,0,0,4,0,3,0,2,0,3,6,1,1,3,0,1,95,3,"Geelong","2022",15
38,"Henry, Jack",6,3,4,10,2,1,0,3,0,3,0,1,1,0,0,7,4,3,1,2,0,0,86,3,"Geelong","2022",15
9,"Holmes, Max",5,3,5,10,0,0,0,2,0,0,1,1,0,0,0,5,5,1,1,0,0,0,64,3,"Geelong","2022",15
8,"Kolodjashnij, Jake",7,3,3,10,0,0,0,1,2,1,0,4,2,0,0,5,6,1,0,3,0,0,81,3,"Geelong","2022",15
27,"Menegola, Sam",13,5,5,18,0,1,0,1,3,2,1,7,2,0,0,6,12,0,1,2,0,1,77,3,"Geelong","2022",15
32,"Miers, Gryan",7,3,3,10,1,1,0,3,0,1,0,1,2,0,0,3,8,0,0,1,0,1,73,3,"Geelong","2022",15
42,"OConnor, Mark",6,3,7,13,0,0,0,2,2,0,0,1,1,0,0,9,5,1,0,3,0,1,77,3,"Geelong","2022",15
14,"Selwood, Joel",10,3,8,18,0,0,0,3,1,4,6,4,0,1,0,9,8,0,0,1,0,0,80,3,"Geelong","2022",15
7,"Smith, Isaac",11,8,9,20,1,1,0,0,3,3,0,3,0,0,0,4,15,0,1,2,2,0,81,3,"Geelong","2022",15
1,"Stanley, Rhys",3,1,3,6,0,0,18,0,0,1,2,3,2,2,0,5,2,0,0,4,0,1,75,3,"Geelong","2022",15
18,"Stengle, Tyson",14,6,4,18,3,0,0,0,0,5,1,2,0,1,3,5,13,0,3,1,0,1,75,3,"Geelong","2022",15
12,"Stephens, Cooper",0,0,0,0,0,0,0,0,0,0,0,0,0,0,0,0,0,0,0,0,0,0,0,3,"Geelong","2022",15
44,"Stewart, Tom",21,6,8,29,0,0,0,2,9,3,2,2,1,0,0,13,14,1,0,3,0,0,94,3,"Geelong","2022",15
2,"Tuohy, Zach",8,2,9,17,1,0,0,3,2,3,1,5,0,0,0,5,12,0,1,1,0,0,86,3,"Geelong","2022",15
7,"Baker, Liam",14,4,10,24,1,0,0,4,3,8,7,3,2,2,2,14,11,0,0,3,0,2,75,-3,"Richmond","2022",15
29,"Bolton, Shai",10,5,4,14,3,2,0,0,0,2,0,4,1,2,1,6,8,3,4,1,2,1,87,-3,"Richmond","2022",15
35,"Broad, Nathan",11,7,5,16,0,0,0,1,5,1,0,3,0,1,0,1,12,0,0,7,1,0,86,-3,"Richmond","2022",15
42,"Clarke, Judson",3,2,1,4,1,0,0,0,1,0,0,2,0,0,0,1,3,0,1,1,3,0,71,-3,"Richmond","2022",15
10,"Edwards, Shane",5,2,8,13,1,0,0,1,2,0,0,3,0,1,0,6,9,0,0,2,0,0,77,-3,"Richmond","2022",15
28,"Gibcus, Josh",1,1,2,3,0,0,0,0,2,0,0,0,0,0,0,1,2,0,0,4,0,0,71,-3,"Richmond","2022",15
34,"Graham, Jack",8,3,9,17,0,1,0,4,0,4,3,4,2,1,0,7,11,0,0,1,0,0,82,-3,"Richmond","2022",15
2,"Grimes, Dylan",11,6,5,16,0,0,0,2,4,0,0,4,2,1,0,8,7,0,0,3,0,0,93,-3,"Richmond","2022",15
19,"Lynch, Tom",7,6,5,12,3,1,0,2,0,0,0,4,0,2,0,9,2,5,4,1,0,0,89,-3,"Richmond","2022",15
4,"Martin, Dustin",12,6,7,19,1,2,0,2,0,2,3,6,0,3,0,9,11,0,2,2,0,0,90,-3,"Richmond","2022",15
33,"McIntosh, Kamdyn",14,8,7,21,0,0,0,5,2,4,0,4,0,1,0,2,18,0,0,5,3,0,84,-3,"Richmond","2022",15
25,"Nankervis, Toby",12,4,10,22,0,0,25,5,3,3,5,5,0,2,0,11,11,0,0,1,0,0,74,-3,"Richmond","2022",15
50,"Pickett, Marlion",9,6,7,16,0,0,0,0,1,5,1,5,1,2,0,6,10,1,0,1,0,1,86,-3,"Richmond","2022",15
0,"Prestia, Dion",2,1,2,4,0,0,0,1,0,0,0,0,0,0,0,0,4,0,0,2,0,0,16,-3,"Richmond","2022",15
45,"Ralphsmith, Hugo",11,3,2,13,1,0,0,0,2,2,1,2,0,0,0,3,8,0,0,3,1,1,83,-3,"Richmond","2022",15
8,"Riewoldt, Jack",7,4,0,7,0,0,0,4,1,6,0,6,1,3,0,4,6,1,0,3,0,1,91,-3,"Richmond","2022",15
17,"Rioli, Daniel",12,6,15,27,0,0,0,1,2,3,1,4,0,0,0,5,21,0,0,0,1,0,87,-3,"Richmond","2022",15
49,"Rioli, Maurice",6,3,0,6,2,0,0,1,0,2,0,1,0,0,0,1,5,0,3,4,1,0,80,-3,"Richmond","2022",15
5,"Ross, Jack",11,5,14,25,0,0,0,0,0,3,6,2,1,0,0,9,16,0,0,0,1,1,74,-3,"Richmond","2022",15
15,"Short, Jayden",18,5,3,21,0,0,0,8,4,5,3,5,0,1,0,2,17,0,0,2,1,0,83,-3,"Richmond","2022",15
0,"Soldo, Ivan",5,3,2,7,0,1,8,1,3,0,2,0,1,0,0,2,3,0,1,0,0,0,49,-3,"Richmond","2022",15
6,"Tarrant, Robbie",7,7,3,10,0,0,0,2,1,1,0,5,0,3,0,4,7,2,0,4,0,0,86,-3,"Richmond","2022",15
1,"Vlastuin, Nick",20,12,4,24,0,0,0,4,7,1,1,2,2,1,0,6,14,2,0,3,0,1,86,-3,"Richmond","2022",15
