"Number","Player","Kicks","Marks","Handballs","Disposals","Goals","Behinds","Hitouts","Tackles","Rebounds50s","Inside50s","Clearances","Clangers","FreesFor","FreesAgainst","BrownlowVotes","ContestedPossessions","UncontestedPossessions","ContestedMarks","MarksInside50","OnePercenters","Bounces","GoalAssists","PercentagePlayed","PointDifference","Team","Season","Round"
15,"Amon, Karl",15,6,3,18,0,3,0,4,1,7,0,1,1,0,0,3,16,0,0,4,0,0,85,-32,"Port Adelaide","2022",4
14,"Bergman, Miles",14,10,11,25,0,1,0,0,2,2,1,7,0,1,0,8,17,0,0,1,0,0,86,-32,"Port Adelaide","2022",4
10,"Boak, Travis",18,8,17,35,0,0,0,4,4,6,5,5,2,1,0,15,21,0,0,2,0,0,88,-32,"Port Adelaide","2022",4
26,"Bonner, Riley",23,9,14,37,0,0,0,1,3,0,1,3,3,2,0,12,21,1,0,1,0,0,79,-32,"Port Adelaide","2022",4
3,"Burton, Ryan",23,9,3,26,0,1,0,2,6,3,0,5,2,2,0,3,20,0,0,3,0,0,81,-32,"Port Adelaide","2022",4
18,"Butters, Zak",16,4,7,23,0,1,0,2,2,1,4,5,0,2,0,5,15,0,0,4,2,0,78,-32,"Port Adelaide","2022",4
33,"Byrne-Jones, Darcy",18,6,8,26,0,1,0,1,1,2,3,7,0,2,0,7,15,0,0,0,1,0,78,-32,"Port Adelaide","2022",4
17,"Clurey, Tom",14,14,3,17,0,0,0,1,4,1,0,0,0,0,0,1,16,0,0,9,2,0,82,-32,"Port Adelaide","2022",4
28,"Drew, Willem",6,6,12,18,0,0,0,10,2,1,6,1,1,0,0,11,8,1,0,3,0,0,88,-32,"Port Adelaide","2022",4
0,"Dumont, Trent",4,2,8,12,0,0,0,0,2,2,0,1,0,0,0,3,10,0,0,2,0,0,41,-32,"Port Adelaide","2022",4
19,"Georgiades, Mitch",7,5,6,13,1,0,0,1,0,4,0,4,2,1,0,6,8,0,0,2,2,0,83,-32,"Port Adelaide","2022",4
5,"Houston, Dan",16,7,5,21,1,1,0,4,2,3,0,4,1,3,0,7,15,0,0,6,1,0,81,-32,"Port Adelaide","2022",4
1,"Jonas, Tom",17,11,7,24,0,0,0,4,6,1,1,7,1,2,0,9,16,2,0,12,0,0,97,-32,"Port Adelaide","2022",4
34,"Jones, Lachie",11,5,5,16,0,0,0,3,7,0,3,4,3,0,0,5,10,1,0,5,0,0,94,-32,"Port Adelaide","2022",4
29,"Lycett, Scott",4,3,6,10,0,0,22,1,0,2,2,2,1,2,0,2,7,0,0,2,0,0,81,-32,"Port Adelaide","2022",4
4,"Marshall, Todd",6,4,3,9,0,0,5,2,0,1,0,0,0,0,0,6,5,1,1,1,0,1,81,-32,"Port Adelaide","2022",4
32,"Mayes, Sam",3,2,2,5,0,1,0,0,0,1,0,1,0,1,0,2,3,0,0,1,0,0,89,-32,"Port Adelaide","2022",4
41,"McEntee, Jed",4,4,2,6,0,0,0,2,1,1,0,0,0,0,0,1,5,0,0,0,0,0,70,-32,"Port Adelaide","2022",4
44,"Mead, Jackson",11,3,3,14,0,0,0,3,0,1,1,4,0,1,0,3,11,0,0,1,0,0,68,-32,"Port Adelaide","2022",4
6,"Motlop, Steven",9,2,2,11,2,0,0,2,1,1,0,3,1,2,0,3,8,0,0,1,0,0,82,-32,"Port Adelaide","2022",4
2,"Powell-Pepper, Sam",10,9,9,19,0,1,0,3,1,4,1,3,1,1,0,4,15,0,2,0,0,1,82,-32,"Port Adelaide","2022",4
20,"Rozee, Connor",10,5,6,16,0,1,0,0,0,3,0,3,0,1,0,3,15,0,0,4,0,0,82,-32,"Port Adelaide","2022",4
0,"Wines, Ollie",1,1,6,7,0,0,0,4,0,1,2,0,2,0,0,4,3,0,0,0,0,0,24,-32,"Port Adelaide","2022",4
12,"Bedford, Toby",0,0,0,0,0,0,0,0,0,0,0,0,0,0,0,0,0,0,0,0,0,0,0,32,"Melbourne","2022",4
17,"Bowey, Jake",4,1,7,11,0,0,0,3,0,2,0,3,1,0,0,3,9,0,0,2,0,0,80,32,"Melbourne","2022",4
10,"Brayshaw, Angus",12,6,11,23,0,0,0,0,2,1,2,4,0,2,0,8,16,0,0,2,1,0,86,32,"Melbourne","2022",4
31,"Fritsch, Bayley",5,3,4,9,3,0,0,0,0,1,0,2,1,0,0,5,4,1,2,1,0,0,84,32,"Melbourne","2022",4
11,"Gawn, Max",18,12,7,25,1,1,33,2,3,7,6,10,0,4,3,12,12,5,2,2,0,0,89,32,"Melbourne","2022",4
4,"Harmes, James",7,7,16,23,2,0,0,3,3,3,3,3,1,0,2,7,15,0,1,1,0,1,69,32,"Melbourne","2022",4
29,"Hunt, Jayden",5,2,2,7,0,0,0,1,5,0,0,1,0,0,0,2,7,0,0,6,1,0,82,32,"Melbourne","2022",4
6,"Jackson, Luke",8,5,6,14,1,2,8,6,3,0,2,0,3,0,0,8,7,2,2,4,0,0,76,32,"Melbourne","2022",4
23,"Jordon, James",13,2,14,27,0,0,0,1,0,4,1,2,0,0,0,7,22,0,0,2,0,1,76,32,"Melbourne","2022",4
15,"Langdon, Ed",15,3,11,26,1,0,0,1,3,3,3,5,1,0,1,10,15,0,0,2,0,0,93,32,"Melbourne","2022",4
8,"Lever, Jake",3,2,4,7,0,0,0,0,0,1,0,1,1,1,0,3,3,0,0,2,0,0,87,32,"Melbourne","2022",4
1,"May, Steven",20,9,3,23,0,1,0,1,11,2,0,3,2,2,0,7,8,3,0,4,0,0,97,32,"Melbourne","2022",4
25,"McDonald, Tom",7,3,1,8,1,0,0,2,0,2,0,2,0,0,0,4,4,2,1,2,0,1,75,32,"Melbourne","2022",4
30,"Neal-Bullen, Alex",9,1,11,20,0,0,0,3,2,2,1,4,3,3,0,9,11,0,0,0,2,0,86,32,"Melbourne","2022",4
13,"Oliver, Clayton",10,1,9,19,0,0,0,4,0,4,6,3,1,0,0,8,13,0,0,3,0,0,85,32,"Melbourne","2022",4
5,"Petracca, Christian",11,1,13,24,0,1,0,5,1,6,2,10,0,2,0,13,12,0,1,2,0,1,90,32,"Melbourne","2022",4
36,"Pickett, Kysaiah",6,2,2,8,0,0,0,6,0,1,0,6,1,4,0,3,6,0,0,1,0,1,79,32,"Melbourne","2022",4
24,"Rivers, Trent",7,2,3,10,0,0,0,1,2,0,0,1,1,1,0,2,7,1,0,0,0,0,73,32,"Melbourne","2022",4
9,"Spargo, Charlie",9,5,7,16,0,1,0,1,0,4,1,2,3,1,0,5,10,0,1,1,1,1,72,32,"Melbourne","2022",4
32,"Sparrow, Tom",12,1,7,19,0,0,0,1,1,10,5,4,1,0,0,8,11,0,0,3,0,0,70,32,"Melbourne","2022",4
20,"Tomlinson, Adam",6,3,1,7,0,0,0,1,3,1,0,1,0,0,0,1,5,0,0,4,0,0,96,32,"Melbourne","2022",4
7,"Viney, Jack",7,2,14,21,1,0,0,6,2,0,7,6,2,1,0,16,7,0,1,2,0,0,78,32,"Melbourne","2022",4
26,"Weideman, Sam",3,3,4,7,0,0,0,2,0,1,0,2,2,0,0,6,2,2,0,0,0,1,76,32,"Melbourne","2022",4
