"Number","Player","Kicks","Marks","Handballs","Disposals","Goals","Behinds","Hitouts","Tackles","Rebounds50s","Inside50s","Clearances","Clangers","FreesFor","FreesAgainst","BrownlowVotes","ContestedPossessions","UncontestedPossessions","ContestedMarks","MarksInside50","OnePercenters","Bounces","GoalAssists","PercentagePlayed","PointDifference","Team","Season","Round"
9,"Acres, Blake",14,7,7,21,1,0,0,4,0,6,1,1,0,0,0,5,15,1,0,3,0,0,84,35,"Fremantle","2022",6
11,"Aish, James",9,4,2,11,0,0,0,0,1,1,0,2,0,0,0,2,9,0,0,0,0,0,76,35,"Fremantle","2022",6
0,"Banfield, Bailey",0,0,0,0,0,0,0,0,0,0,0,0,0,0,0,0,0,0,0,0,0,0,18,35,"Fremantle","2022",6
8,"Brayshaw, Andrew",16,5,11,27,0,1,0,8,0,4,7,3,4,2,0,11,15,0,0,1,0,1,72,35,"Fremantle","2022",6
17,"Brodie, Will",12,2,15,27,1,0,0,2,1,3,5,3,0,1,0,11,17,1,0,1,0,0,74,35,"Fremantle","2022",6
6,"Clark, Jordan",16,9,6,22,0,0,0,1,2,5,0,1,1,0,0,5,17,0,0,2,1,1,90,35,"Fremantle","2022",6
33,"Colyer, Travis",10,3,4,14,0,0,0,1,1,2,0,0,1,0,0,4,9,0,1,0,0,1,85,35,"Fremantle","2022",6
36,"Cox, Brennan",13,12,4,17,0,0,0,1,3,2,0,3,0,3,0,4,13,4,0,5,0,0,89,35,"Fremantle","2022",6
0,"Darcy, Sean",6,6,6,12,1,1,24,3,0,3,3,4,0,3,0,7,4,2,2,1,0,1,63,35,"Fremantle","2022",6
32,"Frederick, Michael",1,1,1,2,0,0,0,2,0,2,0,6,1,5,0,1,3,0,0,1,0,0,85,35,"Fremantle","2022",6
37,"Lobb, Rory",7,5,7,14,3,1,26,0,0,1,0,3,1,1,2,8,7,3,4,6,0,2,96,35,"Fremantle","2022",6
2,"Logue, Griffin",9,8,3,12,0,0,0,0,3,0,0,0,0,0,0,4,8,2,0,12,0,0,86,35,"Fremantle","2022",6
16,"Mundy, David",10,3,12,22,0,0,0,5,1,3,7,0,1,0,0,13,10,0,0,2,0,0,71,35,"Fremantle","2022",6
30,"ODriscoll, Nathan",9,5,4,13,0,1,0,1,1,1,0,1,1,0,0,0,12,0,0,2,2,0,70,35,"Fremantle","2022",6
25,"Pearce, Alex",4,2,5,9,0,0,0,1,1,1,0,2,0,1,1,4,5,0,0,1,0,0,91,35,"Fremantle","2022",6
13,"Ryan, Luke",21,10,2,23,0,0,0,0,9,1,0,2,1,0,0,3,13,1,0,6,0,0,84,35,"Fremantle","2022",6
5,"Schultz, Lachie",12,11,4,16,3,3,0,5,1,2,0,1,2,0,0,3,14,0,3,0,0,1,86,35,"Fremantle","2022",6
3,"Serong, Caleb",12,3,13,25,0,0,0,1,3,4,4,5,0,3,0,9,16,0,0,0,0,0,73,35,"Fremantle","2022",6
39,"Switkowski, Sam",7,2,12,19,2,2,0,2,0,4,2,2,1,1,0,11,7,0,1,1,0,1,75,35,"Fremantle","2022",6
20,"Taberner, Matthew",9,3,2,11,1,0,0,1,0,4,0,0,3,0,0,5,5,0,0,0,0,1,93,35,"Fremantle","2022",6
18,"Tucker, Darcy",8,5,6,14,0,0,0,0,0,4,1,2,0,1,0,6,8,1,0,1,0,0,72,35,"Fremantle","2022",6
31,"Walker, Brandon",11,3,6,17,0,0,0,2,2,1,0,1,1,0,0,5,12,0,0,4,0,0,84,35,"Fremantle","2022",6
10,"Walters, Michael",5,2,5,10,2,0,0,5,0,2,3,2,3,2,0,7,6,0,0,2,0,1,84,35,"Fremantle","2022",6
0,"Boyd, Jordan",4,5,4,8,0,0,0,2,0,0,0,3,0,3,0,2,6,0,0,5,0,0,55,-35,"Carlton","2022",6
5,"Cerra, Adam",13,4,19,32,0,0,0,5,0,4,7,4,4,2,0,17,17,0,0,2,0,0,80,-35,"Carlton","2022",6
46,"Cottrell, Matthew",6,5,8,14,0,0,0,3,0,0,0,0,0,0,0,3,11,0,0,1,0,0,81,-35,"Carlton","2022",6
9,"Cripps, Patrick",10,4,22,32,3,1,1,5,1,1,8,4,3,2,3,19,15,0,2,0,0,0,82,-35,"Carlton","2022",6
30,"Curnow, Charlie",7,7,0,7,2,1,0,1,0,3,0,1,1,0,0,6,3,4,3,2,0,1,96,-35,"Carlton","2022",6
12,"De Koning, Tom",10,6,7,17,0,1,15,1,0,2,5,1,3,0,0,11,7,3,0,7,0,0,83,-35,"Carlton","2022",6
15,"Docherty, Sam",22,7,10,32,0,0,0,3,10,1,1,2,2,0,0,6,24,0,0,4,0,0,86,-35,"Carlton","2022",6
19,"Durdin, Corey",4,3,1,5,0,0,0,2,0,1,0,1,0,1,0,0,5,0,0,0,0,0,74,-35,"Carlton","2022",6
25,"Fisher, Zac",3,4,6,9,0,0,0,3,0,0,0,4,0,2,0,1,9,0,0,0,1,0,82,-35,"Carlton","2022",6
29,"Hewett, George",15,4,15,30,0,0,0,8,2,8,6,6,2,2,0,12,17,0,0,0,1,2,76,-35,"Carlton","2022",6
21,"Martin, Jack",6,2,3,9,1,1,0,4,1,0,0,2,0,0,0,6,3,1,1,0,0,2,77,-35,"Carlton","2022",6
10,"McKay, Harry",3,0,0,3,1,1,1,1,0,0,0,0,2,0,0,3,0,0,0,1,0,0,86,-35,"Carlton","2022",6
24,"Newman, Nic",14,6,8,22,0,0,0,3,5,1,0,4,0,3,0,1,19,0,0,4,1,0,81,-35,"Carlton","2022",6
32,"Newnes, Jack",9,5,6,15,0,0,0,0,0,5,0,2,0,0,0,1,14,0,0,0,0,0,81,-35,"Carlton","2022",6
44,"Owies, Matthew",6,3,3,9,1,0,0,3,0,2,1,3,0,1,0,3,6,0,0,0,0,0,71,-35,"Carlton","2022",6
26,"Parks, Luke",4,3,5,9,0,0,0,1,1,0,0,1,0,0,0,4,5,0,0,7,0,0,82,-35,"Carlton","2022",6
0,"Pittonet, Marc",1,1,2,3,0,0,1,1,0,0,1,0,1,0,0,3,0,1,0,0,0,0,7,-35,"Carlton","2022",6
42,"Saad, Adam",13,8,10,23,0,0,0,1,2,1,1,2,2,0,0,5,17,1,0,4,3,0,82,-35,"Carlton","2022",6
43,"Setterfield, Will",7,3,2,9,0,0,0,3,3,1,0,3,0,1,0,1,8,0,0,3,0,1,82,-35,"Carlton","2022",6
18,"Walsh, Sam",18,3,18,36,0,1,0,4,0,3,3,3,1,0,0,9,27,0,0,2,0,0,79,-35,"Carlton","2022",6
23,"Weitering, Jacob",14,13,7,21,0,0,0,0,11,0,0,2,1,2,0,7,14,1,0,14,0,0,100,-35,"Carlton","2022",6
6,"Williams, Zac",13,4,4,17,0,0,0,2,4,4,3,4,1,2,0,5,10,0,0,5,1,0,82,-35,"Carlton","2022",6
33,"Young, Lewis",14,10,5,19,1,0,0,0,1,1,0,0,0,0,0,4,15,1,1,4,0,0,94,-35,"Carlton","2022",6
