"Number","Player","Kicks","Marks","Handballs","Disposals","Goals","Behinds","Hitouts","Tackles","Rebounds50s","Inside50s","Clearances","Clangers","FreesFor","FreesAgainst","BrownlowVotes","ContestedPossessions","UncontestedPossessions","ContestedMarks","MarksInside50","OnePercenters","Bounces","GoalAssists","PercentagePlayed","PointDifference","Team","Season","Round"
26,"Baldwin, Kaine",3,1,0,3,0,1,4,2,0,0,0,0,1,0,0,1,1,0,0,2,0,0,78,-11,"Essendon","2022",6
6,"Caldwell, Jye",10,2,7,17,0,0,0,4,0,4,2,3,1,1,0,7,10,0,0,0,0,2,71,-11,"Essendon","2022",6
13,"Cox, Nik",3,5,7,10,0,0,0,1,0,2,0,2,0,1,0,4,7,0,1,2,0,0,78,-11,"Essendon","2022",6
2,"Draper, Sam",6,3,10,16,0,1,27,2,1,5,4,6,2,3,0,8,8,1,0,5,0,0,76,-11,"Essendon","2022",6
22,"Durham, Sam",8,4,9,17,0,0,0,4,2,1,1,1,3,0,0,9,9,0,0,0,3,0,78,-11,"Essendon","2022",6
35,"Guelfi, Matt",7,6,5,12,2,1,0,2,0,5,1,4,1,2,0,3,9,0,1,0,0,1,84,-11,"Essendon","2022",6
21,"Heppell, Dyson",9,4,10,19,0,0,0,1,1,2,2,1,0,0,0,4,15,0,0,1,1,0,81,-11,"Essendon","2022",6
0,"Hind, Nick",8,2,6,14,0,0,0,1,3,1,0,2,2,0,0,5,9,0,0,0,0,1,27,-11,"Essendon","2022",6
8,"Hobbs, Ben",6,4,3,9,0,0,0,3,1,3,1,4,1,1,0,3,8,0,0,0,0,0,72,-11,"Essendon","2022",6
29,"Kelly, Jake",5,5,5,10,0,0,0,1,0,0,0,3,1,3,0,4,7,1,0,6,0,0,100,-11,"Essendon","2022",6
0,"Laverde, Jayden",3,2,4,7,0,0,0,2,2,0,0,4,0,1,0,4,3,1,0,3,0,0,54,-11,"Essendon","2022",6
37,"Martin, Nic",12,7,10,22,0,0,0,2,4,3,2,0,1,0,0,5,17,0,0,1,0,0,91,-11,"Essendon","2022",6
1,"McGrath, Andrew",15,9,16,31,0,0,0,1,2,5,4,1,0,0,0,10,21,0,0,1,0,0,83,-11,"Essendon","2022",6
7,"Merrett, Zach",16,4,20,36,0,0,0,4,3,6,4,4,2,1,0,6,31,0,0,3,0,1,81,-11,"Essendon","2022",6
3,"Parish, Darcy",13,1,31,44,0,0,0,2,5,3,12,4,2,0,1,15,29,0,1,2,1,0,85,-11,"Essendon","2022",6
16,"Perkins, Archie",10,4,6,16,2,0,0,1,0,2,0,1,0,1,0,5,10,1,2,0,0,1,81,-11,"Essendon","2022",6
27,"Redman, Mason",15,5,6,21,0,0,0,2,2,5,1,1,0,1,0,4,18,0,0,5,0,2,74,-11,"Essendon","2022",6
14,"Ridley, Jordan",14,6,5,19,0,0,0,0,3,0,0,2,1,0,0,3,15,0,0,5,0,0,81,-11,"Essendon","2022",6
9,"Shiel, Dylan",10,6,16,26,0,0,0,2,1,4,5,2,2,0,0,6,20,0,1,0,2,2,81,-11,"Essendon","2022",6
25,"Stringer, Jake",8,4,2,10,3,2,0,2,0,0,1,2,0,1,0,3,7,0,4,1,0,0,76,-11,"Essendon","2022",6
45,"Waterman, Alec",5,5,5,10,4,1,0,0,0,1,0,1,0,0,0,6,4,3,5,1,1,0,72,-11,"Essendon","2022",6
20,"Wright, Peter",5,3,3,8,1,1,5,0,0,0,1,6,2,0,0,4,4,1,2,4,0,0,100,-11,"Essendon","2022",6
30,"Zerk-Thatcher, Brandon",4,3,6,10,0,0,0,1,2,0,2,2,0,0,0,4,5,0,0,9,0,0,97,-11,"Essendon","2022",6
13,"Adams, Taylor",11,5,7,18,1,0,0,4,0,4,2,6,1,3,0,4,14,0,3,1,0,1,67,11,"Collingwood","2022",6
0,"Brown, Callum",1,1,3,4,0,0,0,3,0,0,0,0,0,0,0,1,3,0,0,0,0,0,53,11,"Collingwood","2022",6
14,"Cameron, Darcy",5,5,3,8,1,1,3,1,0,2,1,3,3,1,0,7,3,2,1,4,0,0,82,11,"Collingwood","2022",6
25,"Crisp, Jack",12,5,12,24,1,0,0,5,3,4,4,3,1,1,0,8,14,0,0,1,2,0,81,11,"Collingwood","2022",6
7,"Daicos, Josh",11,3,9,20,0,0,0,3,1,2,0,3,0,1,0,5,16,0,0,0,2,0,86,11,"Collingwood","2022",6
35,"Daicos, Nick",11,6,12,23,0,0,0,2,3,4,3,5,0,2,0,6,16,0,0,0,3,0,75,11,"Collingwood","2022",6
2,"de Goey, Jordan",15,8,12,27,0,0,0,2,3,8,7,11,1,3,2,12,15,0,0,2,0,0,86,11,"Collingwood","2022",6
33,"Ginnivan, Jack",11,5,1,12,5,0,0,1,0,2,0,5,1,2,3,3,8,0,3,2,0,0,79,11,"Collingwood","2022",6
4,"Grundy, Brodie",9,6,7,16,1,0,33,2,2,2,3,4,2,1,0,10,8,2,0,6,2,2,83,11,"Collingwood","2022",6
32,"Hoskin-Elliott, Will",12,5,6,18,0,0,0,1,1,3,0,4,0,0,0,5,12,0,0,0,0,1,90,11,"Collingwood","2022",6
38,"Howe, Jeremy",14,13,8,22,0,0,0,0,6,0,0,2,0,1,0,6,14,4,0,2,0,0,96,11,"Collingwood","2022",6
0,"Kreuger, Nathan",0,0,0,0,0,0,0,1,0,0,0,0,0,0,0,0,0,0,0,1,0,0,25,11,"Collingwood","2022",6
1,"Lipinski, Patrick",7,1,11,18,0,0,0,4,2,1,4,4,0,1,0,6,13,1,0,0,0,1,79,11,"Collingwood","2022",6
44,"Madgen, Jack",5,3,4,9,0,0,0,2,1,0,0,0,0,0,0,2,7,1,0,3,0,0,74,11,"Collingwood","2022",6
37,"Maynard, Brayden",10,5,5,15,0,0,0,6,3,1,0,1,0,1,0,7,8,1,0,4,0,0,88,11,"Collingwood","2022",6
31,"McCreery, Beau",4,3,3,7,0,0,0,2,0,3,1,1,1,0,0,2,4,0,0,1,0,1,75,11,"Collingwood","2022",6
26,"McInnes, Reef",2,0,0,2,1,1,0,0,0,0,0,1,0,0,0,1,1,0,0,0,0,0,62,11,"Collingwood","2022",6
41,"Mihocek, Brody",7,3,1,8,4,0,0,1,0,0,0,3,1,1,0,5,2,2,2,0,0,0,94,11,"Collingwood","2022",6
30,"Moore, Darcy",12,7,0,12,0,0,0,0,6,1,0,2,1,2,0,3,7,1,0,10,0,0,97,11,"Collingwood","2022",6
9,"Noble, John",16,8,7,23,0,0,0,0,2,2,0,2,0,0,0,3,20,0,0,2,0,1,86,11,"Collingwood","2022",6
10,"Pendlebury, Scott",11,3,14,25,0,0,0,4,5,2,5,1,2,1,0,11,13,0,0,0,0,0,79,11,"Collingwood","2022",6
3,"Quaynor, Isaac",10,6,3,13,1,0,0,5,1,4,0,3,1,1,0,4,10,0,0,1,0,1,81,11,"Collingwood","2022",6
22,"Sidebottom, Steele",11,4,3,14,0,0,0,3,1,3,1,4,1,0,0,3,9,0,0,0,1,1,81,11,"Collingwood","2022",6
