"Number","Player","Kicks","Marks","Handballs","Disposals","Goals","Behinds","Hitouts","Tackles","Rebounds50s","Inside50s","Clearances","Clangers","FreesFor","FreesAgainst","BrownlowVotes","ContestedPossessions","UncontestedPossessions","ContestedMarks","MarksInside50","OnePercenters","Bounces","GoalAssists","PercentagePlayed","PointDifference","Team","Season","Round"
21,"Berry, Sam",8,3,9,17,0,0,0,9,2,2,3,2,2,1,0,5,12,1,0,1,0,0,70,-21,"Adelaide","2022",10
16,"Brown, Luke",7,5,4,11,0,0,0,2,1,1,0,0,2,0,0,4,7,0,0,0,0,0,85,-21,"Adelaide","2022",10
12,"Dawson, Jordan",19,10,3,22,2,0,0,1,5,2,0,2,2,0,1,4,17,1,2,3,0,1,93,-21,"Adelaide","2022",10
39,"Doedee, Tom",11,5,7,18,0,0,0,0,1,2,0,1,1,0,0,6,8,2,0,8,0,0,100,-21,"Adelaide","2022",10
32,"Fogarty, Darcy",5,5,1,6,0,0,0,1,0,3,0,3,0,3,0,3,4,2,0,7,0,0,71,-21,"Adelaide","2022",10
17,"Hamill, Will",5,2,11,16,0,0,0,1,2,1,0,1,1,0,0,7,10,0,0,0,0,0,72,-21,"Adelaide","2022",10
6,"Hately, Jackson",13,2,5,18,0,0,0,8,3,3,4,1,4,0,0,6,11,0,0,0,0,0,63,-21,"Adelaide","2022",10
20,"Hinge, Mitch",9,4,2,11,0,0,0,1,2,1,0,1,1,0,0,2,8,0,0,6,0,0,96,-21,"Adelaide","2022",10
1,"Jones, Chayce",5,4,4,9,0,0,0,1,1,0,2,3,0,1,0,4,4,0,0,1,0,0,71,-21,"Adelaide","2022",10
2,"Keays, Ben",15,2,12,27,0,0,0,3,1,6,9,5,1,0,0,12,15,0,0,3,0,0,89,-21,"Adelaide","2022",10
29,"Laird, Rory",12,2,12,24,0,1,0,8,2,1,5,5,1,1,0,11,13,0,0,1,0,0,79,-21,"Adelaide","2022",10
23,"McAdam, Shane",5,5,5,10,2,0,0,0,0,1,0,3,0,2,0,1,8,0,1,1,0,0,77,-21,"Adelaide","2022",10
25,"McHenry, Ned",8,3,8,16,0,1,0,2,0,0,3,1,4,1,0,9,10,0,0,1,0,0,79,-21,"Adelaide","2022",10
4,"Murphy, Lachlan",10,3,3,13,0,1,0,2,1,7,1,2,2,0,0,5,9,0,0,0,0,0,82,-21,"Adelaide","2022",10
28,"Murray, Nick",6,5,1,7,0,0,0,1,3,0,0,1,0,0,0,2,5,2,0,3,0,0,93,-21,"Adelaide","2022",10
0,"Rachele, Josh",6,0,5,11,1,1,0,1,0,3,1,2,1,0,0,5,5,0,0,0,0,0,68,-21,"Adelaide","2022",10
31,"Rowe, James",9,3,5,14,1,1,0,1,0,2,1,2,3,1,0,6,8,0,0,0,0,1,76,-21,"Adelaide","2022",10
0,"Sholl, Lachlan",0,0,1,1,0,0,0,2,0,0,1,0,0,0,0,1,0,0,0,0,0,0,14,-21,"Adelaide","2022",10
33,"Smith, Brodie",23,11,5,28,0,1,0,1,5,4,3,4,0,3,0,6,20,1,1,2,0,1,83,-21,"Adelaide","2022",10
14,"Soligo, Jake",10,2,9,19,1,1,0,3,1,4,1,1,4,0,0,8,10,0,0,3,0,0,87,-21,"Adelaide","2022",10
45,"Strachan, Kieran",12,4,5,17,0,2,19,5,1,2,2,4,2,3,0,8,8,1,1,2,0,0,85,-21,"Adelaide","2022",10
7,"Thilthorpe, Riley",7,5,3,10,1,2,3,1,0,1,0,3,0,1,0,6,4,1,2,3,0,0,78,-21,"Adelaide","2022",10
13,"Walker, Taylor",6,4,5,11,1,2,0,1,0,1,0,4,0,3,0,7,6,1,3,1,0,1,89,-21,"Adelaide","2022",10
26,"Battle, Josh",12,6,7,19,0,0,0,2,2,0,0,2,1,0,0,6,9,1,0,1,0,0,88,21,"St Kilda","2022",10
15,"Billings, Jack",6,2,6,12,0,0,0,2,1,2,0,3,1,2,0,3,8,0,0,0,0,1,76,21,"St Kilda","2022",10
13,"Byrnes, Ryan",0,0,0,0,0,0,0,0,0,0,0,0,0,0,0,0,0,0,0,0,0,0,0,21,"St Kilda","2022",10
5,"Crouch, Brad",13,5,18,31,1,0,0,3,0,4,4,6,1,2,0,14,17,0,0,1,0,2,86,21,"St Kilda","2022",10
4,"Gresham, Jade",11,1,16,27,0,0,0,4,0,7,5,4,1,1,0,15,12,0,0,0,1,1,88,21,"St Kilda","2022",10
8,"Hill, Bradley",20,10,10,30,1,0,0,1,5,3,1,4,0,3,2,7,23,1,0,0,0,2,86,21,"St Kilda","2022",10
20,"Howard, Dougal",9,7,4,13,0,0,0,3,4,1,0,2,2,1,0,3,9,1,0,11,0,0,100,21,"St Kilda","2022",10
3,"Jones, Zak",12,2,11,23,0,0,0,3,1,5,5,4,1,1,0,8,14,0,0,1,0,1,77,21,"St Kilda","2022",10
12,"King, Max",6,6,1,7,6,0,0,0,0,0,0,0,0,0,3,6,2,4,6,3,0,0,95,21,"St Kilda","2022",10
21,"Long, Ben",1,1,3,4,0,0,0,2,0,1,0,3,1,3,0,2,2,0,0,2,0,0,83,21,"St Kilda","2022",10
19,"Marshall, Rowan",10,5,7,17,1,1,21,0,1,1,2,4,2,3,0,11,6,3,2,7,0,0,85,21,"St Kilda","2022",10
36,"McKenzie, Daniel",4,4,6,10,0,0,0,3,1,1,0,0,0,0,0,2,9,0,0,1,0,0,72,21,"St Kilda","2022",10
28,"Membrey, Tim",7,3,1,8,2,2,0,1,0,1,0,2,0,1,0,2,6,0,2,5,1,0,92,21,"St Kilda","2022",10
33,"Paton, Ben",6,3,8,14,0,0,0,3,3,1,1,2,1,1,0,6,10,0,0,1,0,0,80,21,"St Kilda","2022",10
6,"Ross, Sebastian",10,4,7,17,0,0,0,1,1,3,1,6,2,4,0,6,12,0,1,4,0,0,85,21,"St Kilda","2022",10
18,"Ryder, Paddy",4,3,4,8,1,0,24,3,0,0,3,6,1,4,0,6,4,1,1,2,0,0,73,21,"St Kilda","2022",10
43,"Sharman, Cooper",8,4,1,9,1,0,0,0,0,4,0,1,0,0,0,3,6,1,1,2,0,0,67,21,"St Kilda","2022",10
35,"Sinclair, Jack",22,5,10,32,0,0,0,2,6,3,1,4,2,0,0,6,19,0,0,5,0,1,83,21,"St Kilda","2022",10
7,"Wanganeen-Milera, Nasiah",10,5,1,11,0,0,0,2,4,1,1,4,0,0,0,1,10,0,0,0,2,0,71,21,"St Kilda","2022",10
29,"Webster, Jimmy",8,4,3,11,0,0,0,0,4,1,0,4,1,1,0,2,7,1,0,3,0,0,62,21,"St Kilda","2022",10
44,"Wilkie, Callum",12,7,7,19,0,0,0,3,4,1,1,2,2,1,0,7,13,1,0,11,0,1,100,21,"St Kilda","2022",10
17,"Windhager, Marcus",10,3,5,15,0,0,0,1,0,3,3,5,1,2,0,6,10,0,0,1,0,1,79,21,"St Kilda","2022",10
32,"Wood, Mason",7,3,6,13,1,0,0,0,0,2,1,5,0,1,0,4,8,0,1,0,1,1,70,21,"St Kilda","2022",10
