"Number","Player","Kicks","Marks","Handballs","Disposals","Goals","Behinds","Hitouts","Tackles","Rebounds50s","Inside50s","Clearances","Clangers","FreesFor","FreesAgainst","BrownlowVotes","ContestedPossessions","UncontestedPossessions","ContestedMarks","MarksInside50","OnePercenters","Bounces","GoalAssists","PercentagePlayed","PointDifference","Team","Season","Round"
24,"Adams, Marcus",11,7,5,16,1,0,0,2,3,1,0,3,1,0,0,7,10,1,0,4,0,0,94,7,"Brisbane Lions","2022",5
4,"Ah Chee, Callum",10,3,3,13,1,0,0,4,1,3,1,5,1,2,0,5,6,2,1,1,0,0,83,7,"Brisbane Lions","2022",5
31,"Andrews, Harris",6,5,10,16,0,0,0,2,0,1,0,4,1,1,0,7,10,2,0,8,0,0,100,7,"Brisbane Lions","2022",5
43,"Answerth, Noah",13,2,3,16,0,0,0,0,5,1,3,10,1,3,0,6,7,0,0,1,0,0,77,7,"Brisbane Lions","2022",5
33,"Bailey, Zac",13,7,6,19,3,1,0,2,1,2,4,3,3,2,0,7,12,0,2,2,0,0,80,7,"Brisbane Lions","2022",5
7,"Berry, Jarrod",6,3,14,20,0,0,0,3,1,3,1,2,1,1,0,4,16,0,0,0,0,3,79,7,"Brisbane Lions","2022",5
23,"Cameron, Charlie",7,5,7,14,1,0,0,2,1,2,2,3,0,0,0,6,8,0,1,0,0,0,88,7,"Brisbane Lions","2022",5
12,"Cockatoo, Nakia",0,0,0,0,0,0,0,0,0,0,0,0,0,0,0,0,0,0,0,0,0,0,0,7,"Brisbane Lions","2022",5
3,"Daniher, Joe",10,7,2,12,4,1,0,2,0,2,0,5,2,1,0,8,5,3,5,0,0,0,92,7,"Brisbane Lions","2022",5
32,"Fort, Darcy",4,3,2,6,1,0,9,1,0,1,1,3,0,2,0,3,4,1,1,3,0,0,82,7,"Brisbane Lions","2022",5
27,"Gardiner, Darcy",9,4,6,15,0,0,0,1,5,0,0,6,2,4,0,5,9,0,0,7,0,0,87,7,"Brisbane Lions","2022",5
1,"Lohmann, Kai",3,1,6,9,0,0,0,5,2,3,1,3,1,2,0,6,3,0,0,0,0,1,66,7,"Brisbane Lions","2022",5
17,"Lyons, Jarryd",15,3,6,21,1,0,0,3,2,3,6,3,2,0,0,7,11,0,0,3,0,0,76,7,"Brisbane Lions","2022",5
11,"McCarthy, Lincoln",9,4,7,16,0,0,0,1,0,6,0,1,1,0,0,9,7,1,0,2,0,1,79,7,"Brisbane Lions","2022",5
6,"McCluggage, Hugh",14,5,13,27,0,1,0,6,5,4,4,1,2,0,0,12,14,0,0,0,0,0,82,7,"Brisbane Lions","2022",5
46,"McInerney, Oscar",5,1,6,11,0,0,14,6,0,0,6,4,2,1,0,8,2,0,0,0,0,0,79,7,"Brisbane Lions","2022",5
25,"McStay, Daniel",8,7,3,11,1,1,2,1,0,2,0,1,0,0,0,3,9,1,2,1,0,3,92,7,"Brisbane Lions","2022",5
9,"Neale, Lachie",14,5,19,33,1,1,0,5,1,5,4,6,0,1,3,12,21,0,1,0,0,0,84,7,"Brisbane Lions","2022",5
16,"Rayner, Cam",7,4,5,12,1,0,0,1,0,3,2,4,3,1,0,7,5,1,0,1,0,1,68,7,"Brisbane Lions","2022",5
10,"Rich, Daniel",17,2,8,25,0,1,0,3,6,4,1,4,0,1,0,5,14,0,0,0,0,0,84,7,"Brisbane Lions","2022",5
5,"Robinson, Mitch",14,5,6,20,0,0,0,3,3,4,3,1,0,0,0,9,10,0,0,1,0,0,69,7,"Brisbane Lions","2022",5
37,"Starcevich, Brandon",13,5,2,15,0,0,0,1,7,1,1,1,3,1,0,5,11,0,0,2,1,0,84,7,"Brisbane Lions","2022",5
15,"Zorko, Dayne",23,8,5,28,0,1,0,2,4,3,1,5,0,1,0,6,21,0,0,2,0,2,74,7,"Brisbane Lions","2022",5
13,"Adams, Taylor",15,4,7,22,0,1,0,8,2,6,4,5,0,4,0,8,15,0,0,0,0,0,66,-7,"Collingwood","2022",5
17,"Brown, Callum",2,2,10,12,0,0,0,7,0,0,0,3,0,2,0,4,8,0,0,1,0,0,79,-7,"Collingwood","2022",5
0,"Cameron, Darcy",6,3,1,7,1,0,6,0,0,1,1,3,2,1,0,3,3,1,0,2,0,0,58,-7,"Collingwood","2022",5
46,"Cox, Mason",2,2,2,4,0,1,7,4,0,1,1,1,1,1,0,3,1,1,0,1,0,0,66,-7,"Collingwood","2022",5
25,"Crisp, Jack",19,3,17,36,0,0,0,8,2,6,11,9,2,3,1,17,20,0,0,5,1,0,84,-7,"Collingwood","2022",5
7,"Daicos, Josh",13,2,9,22,1,0,0,9,0,4,1,3,2,1,0,4,17,0,1,0,0,0,83,-7,"Collingwood","2022",5
35,"Daicos, Nick",13,4,14,27,0,0,0,1,3,0,1,4,0,1,0,5,19,0,0,1,0,0,81,-7,"Collingwood","2022",5
2,"de Goey, Jordan",13,4,8,21,4,1,0,2,3,8,4,1,4,1,2,8,14,0,0,2,0,0,85,-7,"Collingwood","2022",5
4,"Grundy, Brodie",6,0,8,14,0,0,26,0,0,2,7,5,0,2,0,11,3,0,0,5,0,0,74,-7,"Collingwood","2022",5
32,"Hoskin-Elliott, Will",8,6,7,15,1,0,0,2,0,2,0,3,1,1,0,4,10,1,1,0,0,1,87,-7,"Collingwood","2022",5
38,"Howe, Jeremy",10,9,4,14,0,0,0,0,6,1,0,2,0,1,0,3,11,1,0,10,0,0,97,-7,"Collingwood","2022",5
15,"Kreuger, Nathan",7,5,5,12,2,2,0,1,0,2,0,2,3,0,0,8,5,1,2,4,1,0,86,-7,"Collingwood","2022",5
1,"Lipinski, Patrick",7,3,15,22,0,0,0,3,3,5,4,1,1,0,0,11,10,0,0,2,0,0,72,-7,"Collingwood","2022",5
44,"Madgen, Jack",4,3,9,13,0,0,0,3,2,1,0,1,1,1,0,3,10,0,0,3,0,0,83,-7,"Collingwood","2022",5
37,"Maynard, Brayden",13,4,6,19,0,0,0,2,1,5,0,6,0,2,0,2,15,1,0,2,0,0,89,-7,"Collingwood","2022",5
26,"McInnes, Reef",6,4,4,10,2,2,0,3,0,2,0,3,1,1,0,3,7,0,3,0,0,2,72,-7,"Collingwood","2022",5
30,"Moore, Darcy",11,7,6,17,2,0,0,1,7,1,0,2,2,1,0,9,6,1,1,4,0,0,100,-7,"Collingwood","2022",5
0,"Noble, John",2,0,4,6,0,0,0,1,1,0,0,0,0,0,0,1,4,0,0,0,1,0,26,-7,"Collingwood","2022",5
10,"Pendlebury, Scott",11,4,16,27,0,0,0,1,1,6,4,3,3,1,0,11,17,0,0,1,0,3,82,-7,"Collingwood","2022",5
3,"Quaynor, Isaac",8,2,6,14,0,0,0,4,5,2,0,1,1,1,0,4,9,0,0,2,0,0,88,-7,"Collingwood","2022",5
23,"Roughead, Jordan",4,3,2,6,0,0,0,0,2,0,0,2,0,0,0,2,4,0,0,2,0,0,90,-7,"Collingwood","2022",5
22,"Sidebottom, Steele",10,4,4,14,0,0,0,1,0,5,0,4,0,1,0,2,12,0,0,1,0,1,84,-7,"Collingwood","2022",5
12,"Wilson, Tom",4,0,3,7,1,0,0,1,0,2,0,2,0,0,0,4,3,0,0,1,0,0,69,-7,"Collingwood","2022",5
