"Number","Player","Kicks","Marks","Handballs","Disposals","Goals","Behinds","Hitouts","Tackles","Rebounds50s","Inside50s","Clearances","Clangers","FreesFor","FreesAgainst","BrownlowVotes","ContestedPossessions","UncontestedPossessions","ContestedMarks","MarksInside50","OnePercenters","Bounces","GoalAssists","PercentagePlayed","PointDifference","Team","Season","Round"
32,"Bell, James",7,3,3,10,1,1,0,5,1,2,0,1,3,0,0,6,5,1,0,0,0,0,86,58,"Sydney","2022",9
22,"Blakey, Nick",21,6,5,26,0,0,0,1,8,0,0,1,1,1,0,5,10,0,0,2,1,0,81,58,"Sydney","2022",9
4,"Clarke, Ryan",0,0,0,0,0,0,0,0,0,0,0,0,0,0,0,0,0,0,0,0,0,0,0,58,"Sydney","2022",9
13,"Florent, Oliver",13,6,7,20,0,0,0,1,4,0,0,2,0,0,0,1,17,0,0,1,0,1,82,58,"Sydney","2022",9
23,"Franklin, Lance",15,6,1,16,2,4,0,0,0,4,0,1,0,1,0,5,11,2,5,1,0,1,86,58,"Sydney","2022",9
21,"Gulden, Errol",20,7,6,26,1,0,0,2,2,6,2,3,1,0,0,11,16,0,0,3,0,0,83,58,"Sydney","2022",9
9,"Hayward, Will",8,4,4,12,2,2,0,3,1,1,1,5,0,4,0,5,7,0,1,0,0,0,87,58,"Sydney","2022",9
5,"Heeney, Isaac",6,5,7,13,1,2,0,5,0,3,0,2,0,0,0,7,7,1,2,3,0,0,86,58,"Sydney","2022",9
31,"Hickey, Tom",4,3,5,9,1,1,10,2,0,1,0,3,1,3,0,6,4,0,2,1,0,0,69,58,"Sydney","2022",9
12,"Kennedy, Josh",10,2,8,18,1,0,0,0,2,3,4,2,0,0,0,5,12,0,0,0,2,0,76,58,"Sydney","2022",9
19,"Ladhams, Peter",8,4,4,12,0,2,14,1,0,0,0,2,2,1,0,6,7,1,2,2,0,0,73,58,"Sydney","2022",9
44,"Lloyd, Jake",18,7,6,24,0,0,0,4,5,1,0,2,2,1,0,5,17,0,0,1,0,1,81,58,"Sydney","2022",9
39,"McCartin, Paddy",10,4,5,15,0,0,0,1,1,1,0,2,2,1,0,5,10,0,0,6,0,0,80,58,"Sydney","2022",9
30,"McCartin, Tom",9,8,3,12,0,0,0,0,4,1,0,6,0,1,0,5,9,1,0,17,0,0,95,58,"Sydney","2022",9
6,"McDonald, Logan",4,5,2,6,0,1,0,2,0,0,0,1,0,0,0,3,3,2,2,1,0,2,89,58,"Sydney","2022",9
27,"McInerney, Justin",9,4,8,17,0,0,0,0,1,4,0,3,0,0,0,4,12,0,0,2,0,1,91,58,"Sydney","2022",9
14,"Mills, Callum",21,7,8,29,0,0,0,13,2,7,7,1,4,0,3,12,18,0,0,3,0,0,84,58,"Sydney","2022",9
11,"Papley, Tom",13,10,8,21,2,3,0,2,1,4,3,3,1,0,1,8,13,0,4,1,0,2,75,58,"Sydney","2022",9
26,"Parker, Luke",15,5,8,23,1,0,0,3,2,7,5,1,1,0,0,7,15,0,0,1,0,0,76,58,"Sydney","2022",9
24,"Rampe, Dane",8,7,4,12,0,0,0,1,3,3,1,1,1,1,0,5,8,0,0,5,0,0,90,58,"Sydney","2022",9
8,"Rowbottom, James",13,3,9,22,0,0,0,4,2,2,5,1,3,0,0,10,12,0,0,1,0,1,74,58,"Sydney","2022",9
1,"Warner, Chad",16,7,16,32,0,1,0,3,2,6,5,3,1,2,2,10,22,0,0,1,2,1,80,58,"Sydney","2022",9
15,"Wicks, Sam",7,4,12,19,2,0,0,2,0,4,0,4,1,2,0,7,13,0,1,1,0,1,75,58,"Sydney","2022",9
24,"Bryan, Nick",4,4,2,6,0,0,9,0,2,1,0,2,1,2,0,2,4,1,1,0,0,0,63,-58,"Essendon","2022",9
0,"Caldwell, Jye",4,2,6,10,0,0,0,3,1,2,3,1,1,1,0,6,4,0,0,0,0,0,50,-58,"Essendon","2022",9
12,"Cutler, Tom",16,3,5,21,0,0,0,1,4,4,1,3,0,1,0,9,11,0,1,4,0,0,88,-58,"Essendon","2022",9
2,"Draper, Sam",2,1,2,4,0,0,16,1,1,2,1,9,2,6,0,4,1,1,0,1,0,0,73,-58,"Essendon","2022",9
22,"Durham, Sam",7,5,3,10,0,1,0,0,1,3,0,2,1,2,0,2,8,1,0,0,0,0,72,-58,"Essendon","2022",9
10,"Francis, Aaron",3,2,1,4,1,1,0,0,0,1,0,1,1,0,0,3,3,0,1,2,0,0,84,-58,"Essendon","2022",9
35,"Guelfi, Matt",6,2,7,13,0,1,0,2,0,2,1,4,1,2,0,9,4,1,1,4,0,1,74,-58,"Essendon","2022",9
21,"Heppell, Dyson",14,4,9,23,0,0,0,0,4,2,0,4,1,0,0,5,15,1,0,4,0,0,89,-58,"Essendon","2022",9
19,"Hind, Nick",14,3,4,18,0,1,0,2,4,3,1,1,0,0,0,3,14,0,0,3,2,1,80,-58,"Essendon","2022",9
8,"Hobbs, Ben",8,5,9,17,1,1,0,1,0,3,3,4,1,2,0,9,8,0,1,0,0,0,80,-58,"Essendon","2022",9
29,"Kelly, Jake",3,4,6,9,0,0,0,1,2,0,0,2,0,2,0,3,7,1,0,1,0,0,83,-58,"Essendon","2022",9
15,"Laverde, Jayden",10,7,8,18,0,0,0,1,1,2,0,1,2,1,0,7,11,0,0,4,0,0,84,-58,"Essendon","2022",9
37,"Martin, Nic",8,5,7,15,1,1,0,1,1,1,3,2,1,0,0,4,12,0,1,0,0,0,86,-58,"Essendon","2022",9
1,"McGrath, Andrew",15,3,7,22,0,1,0,2,4,3,1,3,1,0,0,6,15,0,0,1,2,0,86,-58,"Essendon","2022",9
7,"Merrett, Zach",6,4,8,14,0,0,0,1,1,5,2,2,1,0,0,4,11,0,0,2,0,0,83,-58,"Essendon","2022",9
3,"Parish, Darcy",12,4,19,31,0,0,0,1,1,5,5,3,0,1,0,12,19,0,0,0,0,0,82,-58,"Essendon","2022",9
16,"Perkins, Archie",6,3,3,9,1,0,0,5,0,3,1,2,1,1,0,5,4,1,0,0,0,0,75,-58,"Essendon","2022",9
27,"Redman, Mason",16,6,3,19,0,0,0,0,7,1,0,1,1,0,0,4,10,0,0,3,0,0,84,-58,"Essendon","2022",9
31,"Reid, Zach",10,10,3,13,0,0,0,2,5,0,0,3,0,0,0,1,12,0,0,3,0,0,87,-58,"Essendon","2022",9
14,"Ridley, Jordan",18,3,4,22,0,2,0,1,7,1,1,1,1,0,0,7,7,1,0,5,0,0,92,-58,"Essendon","2022",9
9,"Shiel, Dylan",5,1,15,20,0,0,0,2,0,2,5,5,0,2,0,12,9,0,0,1,0,0,77,-58,"Essendon","2022",9
0,"Waterman, Alec",3,1,2,5,0,0,0,2,0,1,0,1,0,0,0,3,2,0,0,0,0,1,24,-58,"Essendon","2022",9
20,"Wright, Peter",5,1,3,8,2,0,1,1,0,2,0,1,1,1,0,5,4,0,0,5,0,0,100,-58,"Essendon","2022",9
