"Number","Player","Kicks","Marks","Handballs","Disposals","Goals","Behinds","Hitouts","Tackles","Rebounds50s","Inside50s","Clearances","Clangers","FreesFor","FreesAgainst","BrownlowVotes","ContestedPossessions","UncontestedPossessions","ContestedMarks","MarksInside50","OnePercenters","Bounces","GoalAssists","PercentagePlayed","PointDifference","Team","Season","Round"
16,"Brown, Luke",12,3,3,15,0,0,0,5,7,1,0,1,4,0,0,7,9,0,0,4,0,0,85,-1,"Adelaide","2022",1
41,"Butts, Jordon",6,5,2,8,0,0,0,1,3,0,0,0,1,0,0,4,5,0,0,10,0,0,90,-1,"Adelaide","2022",1
5,"Crouch, Matt",9,3,21,30,0,0,0,4,1,3,6,4,1,4,0,13,17,0,0,2,0,0,66,-1,"Adelaide","2022",1
12,"Dawson, Jordan",12,6,5,17,1,1,0,1,4,0,1,1,0,0,0,5,11,1,0,3,0,0,87,-1,"Adelaide","2022",1
39,"Doedee, Tom",9,5,8,17,0,0,0,0,2,2,0,2,0,0,0,5,11,1,0,3,0,0,89,-1,"Adelaide","2022",1
32,"Fogarty, Darcy",5,4,2,7,2,0,0,3,0,2,1,3,1,2,0,3,4,0,2,1,0,0,87,-1,"Adelaide","2022",1
34,"Himmelberg, Elliott",4,1,2,6,0,0,0,1,0,2,0,3,1,1,0,2,5,0,0,1,0,1,93,-1,"Adelaide","2022",1
20,"Hinge, Mitch",7,4,7,14,0,0,0,1,2,3,1,4,0,1,0,6,8,0,0,0,0,0,75,-1,"Adelaide","2022",1
1,"Jones, Chayce",11,3,5,16,0,0,0,0,5,1,1,2,2,0,0,6,9,0,0,0,0,0,93,-1,"Adelaide","2022",1
2,"Keays, Ben",24,4,13,37,0,1,0,5,1,8,4,3,1,0,3,7,29,0,0,0,0,1,86,-1,"Adelaide","2022",1
25,"McHenry, Ned",9,3,3,12,0,1,0,6,0,4,0,3,3,1,0,5,7,0,0,1,0,1,90,-1,"Adelaide","2022",1
0,"McPherson, Andrew",6,3,4,10,0,0,0,1,1,2,0,5,1,0,0,4,6,0,0,1,0,0,24,-1,"Adelaide","2022",1
30,"Milera, Wayne",8,4,6,14,0,1,0,0,1,0,0,2,1,0,0,4,10,0,1,0,0,0,61,-1,"Adelaide","2022",1
28,"Murray, Nick",9,7,4,13,0,0,0,2,5,1,0,2,2,0,0,7,7,2,0,3,0,0,84,-1,"Adelaide","2022",1
43,"OBrien, Reilly",6,3,6,12,0,2,26,2,1,1,2,1,4,0,0,10,4,2,1,5,0,0,84,-1,"Adelaide","2022",1
8,"Rachele, Josh",13,5,1,14,5,1,0,3,0,2,1,0,1,0,1,6,7,0,3,1,0,0,85,-1,"Adelaide","2022",1
31,"Rowe, James",10,4,11,21,2,1,0,2,1,3,1,1,2,0,0,7,13,0,1,0,0,1,83,-1,"Adelaide","2022",1
26,"Schoenberg, Harry",12,3,11,23,0,0,0,3,0,6,6,7,1,2,0,8,15,0,0,2,1,0,78,-1,"Adelaide","2022",1
0,"Sholl, Lachlan",13,9,10,23,0,0,0,1,3,3,1,3,2,1,0,10,15,0,1,1,0,1,62,-1,"Adelaide","2022",1
9,"Sloane, Rory",11,4,9,20,0,0,0,6,3,1,7,4,3,1,0,13,9,0,1,3,0,0,84,-1,"Adelaide","2022",1
33,"Smith, Brodie",8,4,10,18,1,1,0,1,2,3,0,2,1,2,0,5,13,0,0,2,0,1,70,-1,"Adelaide","2022",1
14,"Soligo, Jake",4,1,1,5,0,0,0,0,0,0,1,1,0,0,0,4,1,1,0,1,0,1,63,-1,"Adelaide","2022",1
7,"Thilthorpe, Riley",7,4,0,7,1,1,3,3,1,0,2,1,0,0,0,2,4,1,2,1,0,0,84,-1,"Adelaide","2022",1
9,"Acres, Blake",11,4,6,17,0,0,0,3,2,6,4,3,2,1,0,9,9,0,0,0,0,0,80,1,"Fremantle","2022",1
41,"Banfield, Bailey",9,3,1,10,1,2,0,2,0,3,0,4,1,3,0,4,8,1,1,1,0,1,87,1,"Fremantle","2022",1
8,"Brayshaw, Andrew",20,6,8,28,0,1,0,7,0,9,8,4,3,2,2,12,17,0,0,2,0,1,85,1,"Fremantle","2022",1
17,"Brodie, Will",9,0,13,22,0,1,0,5,0,3,7,2,3,0,0,13,7,0,0,0,0,0,65,1,"Fremantle","2022",1
27,"Chapman, Heath",9,4,5,14,0,0,0,2,3,2,0,2,0,2,0,6,8,1,0,3,0,0,85,1,"Fremantle","2022",1
6,"Clark, Jordan",13,3,7,20,1,0,0,2,7,6,2,7,0,2,0,6,14,0,0,6,1,0,83,1,"Fremantle","2022",1
33,"Colyer, Travis",0,0,0,0,0,0,0,0,0,0,0,0,0,0,0,0,0,0,0,0,0,0,0,1,"Fremantle","2022",1
36,"Cox, Brennan",8,3,2,10,0,0,0,0,5,1,0,3,1,3,0,2,6,0,0,6,0,0,88,1,"Fremantle","2022",1
32,"Frederick, Michael",6,4,2,8,1,1,0,1,0,2,0,2,0,0,0,4,5,1,0,2,0,1,83,1,"Fremantle","2022",1
23,"Henry, Liam",4,2,4,8,0,0,0,1,1,1,2,2,0,2,0,4,6,0,0,2,1,0,71,1,"Fremantle","2022",1
37,"Lobb, Rory",6,6,7,13,2,3,9,1,0,0,0,0,0,0,0,7,6,1,6,4,0,2,95,1,"Fremantle","2022",1
2,"Logue, Griffin",6,4,3,9,0,0,0,4,4,0,0,2,1,0,0,4,5,1,0,3,0,0,81,1,"Fremantle","2022",1
22,"Meek, Lloyd",2,1,11,13,0,0,32,3,0,1,2,3,1,3,0,3,10,0,0,7,0,0,78,1,"Fremantle","2022",1
16,"Mundy, David",9,1,14,23,0,1,0,5,3,1,7,3,2,0,0,15,9,0,0,0,0,0,81,1,"Fremantle","2022",1
25,"Pearce, Alex",5,3,1,6,0,0,0,0,2,0,0,2,0,1,0,3,3,1,0,3,0,0,97,1,"Fremantle","2022",1
13,"Ryan, Luke",11,4,4,15,0,1,0,0,5,1,0,3,0,3,0,3,8,0,0,5,0,0,86,1,"Fremantle","2022",1
5,"Schultz, Lachie",6,2,3,9,3,2,0,5,0,2,0,4,0,3,0,4,7,0,1,3,0,1,84,1,"Fremantle","2022",1
3,"Serong, Caleb",8,2,15,23,0,1,0,3,1,4,3,4,2,2,0,10,14,0,0,1,0,1,77,1,"Fremantle","2022",1
39,"Switkowski, Sam",4,1,14,18,1,0,0,6,0,2,2,0,0,0,0,8,11,0,0,1,3,0,81,1,"Fremantle","2022",1
35,"Treacy, Josh",5,3,3,8,1,1,0,1,0,3,0,3,0,2,0,2,6,0,1,4,0,0,86,1,"Fremantle","2022",1
18,"Tucker, Darcy",10,7,5,15,1,1,0,1,1,2,1,1,0,0,0,5,10,0,1,1,0,0,70,1,"Fremantle","2022",1
10,"Walters, Michael",3,2,4,7,0,0,0,3,0,3,0,4,0,3,0,2,6,0,0,0,0,1,79,1,"Fremantle","2022",1
26,"Young, Hayden",11,8,6,17,0,0,0,3,2,3,0,3,0,0,0,3,12,1,0,3,0,0,81,1,"Fremantle","2022",1
