"Number","Player","Kicks","Marks","Handballs","Disposals","Goals","Behinds","Hitouts","Tackles","Rebounds50s","Inside50s","Clearances","Clangers","FreesFor","FreesAgainst","BrownlowVotes","ContestedPossessions","UncontestedPossessions","ContestedMarks","MarksInside50","OnePercenters","Bounces","GoalAssists","PercentagePlayed","PointDifference","Team","Season","Round"
30,"Atkins, Tom",11,6,8,19,0,0,0,5,1,1,4,1,0,0,0,5,14,0,0,1,0,1,88,35,"Geelong","2022",10
24,"Bews, Jed",6,3,7,13,0,0,0,1,2,1,2,3,0,1,0,6,7,0,0,3,0,0,83,35,"Geelong","2022",10
46,"Blicavs, Mark",9,4,9,18,0,0,31,4,2,4,9,5,3,3,0,11,8,0,0,1,0,0,90,35,"Geelong","2022",10
5,"Cameron, Jeremy",17,4,7,24,3,1,0,3,2,8,3,3,3,2,2,13,14,3,0,1,1,1,96,35,"Geelong","2022",10
45,"Close, Brad",7,2,15,22,1,1,0,4,0,2,0,1,0,0,0,6,16,1,0,3,1,2,85,35,"Geelong","2022",10
0,"Dangerfield, Patrick",6,1,12,18,0,0,0,2,1,1,6,4,1,3,0,9,7,0,0,0,0,1,63,35,"Geelong","2022",10
16,"De Koning, Sam",6,5,10,16,0,0,2,1,1,1,0,0,3,0,0,10,6,2,0,4,0,0,100,35,"Geelong","2022",10
22,"Duncan, Mitch",12,7,7,19,0,0,0,1,2,2,2,2,1,0,0,4,14,0,0,2,1,1,81,35,"Geelong","2022",10
31,"Evans, Francis",7,3,4,11,0,0,0,2,1,1,0,3,2,0,0,3,9,0,0,0,0,0,66,35,"Geelong","2022",10
29,"Guthrie, Cameron",15,4,23,38,0,1,0,3,0,4,10,6,1,1,3,16,23,0,0,1,0,1,76,35,"Geelong","2022",10
39,"Guthrie, Zach",9,3,7,16,0,0,0,1,2,2,0,0,3,0,0,7,10,1,0,4,0,1,81,35,"Geelong","2022",10
26,"Hawkins, Tom",8,4,8,16,2,2,2,1,0,3,1,3,1,1,0,12,6,2,2,5,0,0,97,35,"Geelong","2022",10
8,"Kolodjashnij, Jake",7,1,4,11,1,0,0,1,1,3,0,4,1,2,0,6,6,0,0,4,0,0,89,35,"Geelong","2022",10
0,"Miers, Gryan",2,2,1,3,0,0,0,0,0,0,0,0,0,0,0,0,3,0,0,0,0,0,5,35,"Geelong","2022",10
42,"OConnor, Mark",10,6,3,13,0,1,0,5,5,0,0,1,0,0,0,2,11,0,1,3,0,0,83,35,"Geelong","2022",10
3,"Parfitt, Brandan",7,1,18,25,0,1,0,8,1,3,4,4,1,2,0,9,15,0,0,3,0,0,68,35,"Geelong","2022",10
23,"Rohan, Gary",3,1,4,7,0,1,0,5,0,1,0,2,0,1,0,2,5,0,0,2,0,0,79,35,"Geelong","2022",10
14,"Selwood, Joel",9,3,8,17,1,0,0,2,1,2,2,3,2,0,0,4,16,0,1,3,0,0,72,35,"Geelong","2022",10
7,"Smith, Isaac",13,6,6,19,0,0,0,1,2,6,1,1,0,0,0,5,14,0,0,1,1,0,81,35,"Geelong","2022",10
18,"Stengle, Tyson",8,2,4,12,3,0,0,2,1,3,0,1,0,1,0,1,11,0,1,1,0,0,78,35,"Geelong","2022",10
12,"Stephens, Cooper",11,5,5,16,0,0,0,2,0,6,2,2,1,0,0,7,9,0,0,0,0,0,64,35,"Geelong","2022",10
44,"Stewart, Tom",19,8,8,27,0,0,1,1,6,0,0,4,1,3,0,8,16,1,0,7,0,0,91,35,"Geelong","2022",10
2,"Tuohy, Zach",14,2,7,21,0,0,0,1,4,3,0,2,0,0,0,4,15,0,0,1,4,0,84,35,"Geelong","2022",10
21,"Aliir, Aliir",9,3,8,17,0,0,0,0,7,0,0,3,1,2,0,7,11,0,0,6,0,0,93,-35,"Port Adelaide","2022",10
15,"Amon, Karl",11,8,12,23,0,0,0,2,1,3,2,2,0,0,0,8,14,0,0,4,2,1,80,-35,"Port Adelaide","2022",10
10,"Boak, Travis",13,4,12,25,0,0,0,2,0,5,7,2,0,0,0,11,16,0,1,2,0,1,76,-35,"Port Adelaide","2022",10
3,"Burton, Ryan",16,4,6,22,0,0,0,0,9,0,1,2,0,2,0,4,10,0,0,2,0,0,71,-35,"Port Adelaide","2022",10
18,"Butters, Zak",13,6,11,24,0,0,0,4,5,2,3,1,2,1,0,9,17,1,0,2,3,0,82,-35,"Port Adelaide","2022",10
33,"Byrne-Jones, Darcy",14,7,4,18,0,0,0,3,3,0,0,2,0,0,0,1,17,0,0,1,0,0,81,-35,"Port Adelaide","2022",10
17,"Clurey, Tom",10,7,3,13,0,0,0,0,2,1,0,2,0,0,0,2,10,1,0,2,0,0,96,-35,"Port Adelaide","2022",10
28,"Drew, Willem",7,5,13,20,0,0,0,5,0,1,4,3,0,1,0,7,14,1,0,3,0,0,69,-35,"Port Adelaide","2022",10
43,"Dumont, Trent",13,6,10,23,0,0,0,2,3,1,1,1,0,0,0,2,23,0,0,0,0,0,80,-35,"Port Adelaide","2022",10
24,"Farrell, Kane",14,7,4,18,2,0,0,1,1,8,0,1,1,1,0,5,13,1,0,0,3,1,76,-35,"Port Adelaide","2022",10
11,"Finlayson, Jeremy",11,4,2,13,1,1,2,2,0,3,1,3,0,2,0,4,8,0,1,1,0,0,79,-35,"Port Adelaide","2022",10
45,"Frederick, Martin",0,0,0,0,0,0,0,0,0,0,0,0,0,0,0,0,0,0,0,0,0,0,0,-35,"Port Adelaide","2022",10
19,"Georgiades, Mitch",6,4,7,13,0,2,0,2,0,1,0,1,3,1,0,10,3,2,1,2,0,0,86,-35,"Port Adelaide","2022",10
9,"Gray, Robbie",7,8,7,14,2,1,0,4,1,0,1,5,0,2,0,4,10,1,7,3,0,2,94,-35,"Port Adelaide","2022",10
25,"Hayes, Sam",5,2,5,10,0,0,35,0,0,2,5,1,4,0,0,6,4,0,0,4,0,1,70,-35,"Port Adelaide","2022",10
5,"Houston, Dan",23,11,7,30,0,0,0,2,5,4,2,2,0,1,0,8,22,3,0,6,0,0,84,-35,"Port Adelaide","2022",10
1,"Jonas, Tom",7,4,4,11,0,0,0,4,4,0,0,4,1,2,0,6,5,1,0,3,0,0,89,-35,"Port Adelaide","2022",10
34,"Jones, Lachie",6,5,2,8,0,0,0,2,0,1,0,5,1,2,0,1,7,0,0,3,0,0,86,-35,"Port Adelaide","2022",10
4,"Marshall, Todd",5,2,1,6,2,0,0,6,0,1,0,3,0,1,0,3,2,0,2,1,0,0,84,-35,"Port Adelaide","2022",10
6,"Motlop, Steven",4,3,3,7,0,0,0,3,0,1,0,1,0,1,0,2,5,0,1,2,0,0,79,-35,"Port Adelaide","2022",10
2,"Powell-Pepper, Sam",4,1,5,9,0,0,3,2,0,1,2,4,3,3,0,5,4,0,0,0,0,0,78,-35,"Port Adelaide","2022",10
20,"Rozee, Connor",11,1,11,22,0,1,0,1,2,3,1,5,2,0,0,7,13,0,0,0,0,0,81,-35,"Port Adelaide","2022",10
16,"Wines, Ollie",12,7,17,29,0,0,0,4,2,5,5,2,2,2,1,9,20,0,0,0,0,0,84,-35,"Port Adelaide","2022",10
