"Number","Player","Kicks","Marks","Handballs","Disposals","Goals","Behinds","Hitouts","Tackles","Rebounds50s","Inside50s","Clearances","Clangers","FreesFor","FreesAgainst","BrownlowVotes","ContestedPossessions","UncontestedPossessions","ContestedMarks","MarksInside50","OnePercenters","Bounces","GoalAssists","PercentagePlayed","PointDifference","Team","Season","Round"
37,"Barrass, Tom",15,10,4,19,0,0,4,0,5,0,1,1,4,0,0,5,15,0,0,14,0,0,87,-74,"West Coast","2022",9
39,"Clark, Greg",7,4,6,13,0,1,0,5,1,2,2,4,1,2,0,5,9,0,0,2,0,1,72,-74,"West Coast","2022",9
15,"Cripps, Jamie",6,3,7,13,1,0,0,2,1,3,1,3,0,2,0,6,5,0,0,0,0,0,86,-74,"West Coast","2022",9
27,"Darling, Jack",5,4,6,11,1,1,0,4,0,1,0,2,0,1,0,4,7,1,2,4,0,0,100,-74,"West Coast","2022",9
41,"Dixon, Hugh",5,1,6,11,0,0,0,2,0,2,0,1,1,0,0,8,3,1,0,1,0,0,89,-74,"West Coast","2022",9
14,"Duggan, Liam",14,7,12,26,0,0,0,1,4,1,1,7,0,0,0,5,21,0,0,1,1,1,83,-74,"West Coast","2022",9
42,"Edwards, Harry",12,10,3,15,0,0,0,2,3,0,0,3,1,1,0,5,11,2,0,8,0,0,86,-74,"West Coast","2022",9
29,"Foley, Luke",9,6,4,13,0,1,0,1,2,3,0,4,2,1,0,5,10,0,1,2,0,0,74,-74,"West Coast","2022",9
40,"Jamieson, Callum",4,2,4,8,0,0,6,1,0,1,0,2,1,1,0,3,5,0,1,2,0,0,68,-74,"West Coast","2022",9
31,"Jones, Jamaine",8,2,7,15,0,0,0,5,1,0,2,4,2,4,0,5,10,0,0,0,0,0,78,-74,"West Coast","2022",9
11,"Kelly, Tim",16,3,16,32,0,1,0,2,3,4,5,5,0,1,0,13,20,0,0,0,2,0,80,-74,"West Coast","2022",9
20,"McGovern, Jeremy",13,6,10,23,1,0,2,4,4,1,0,4,1,2,0,7,13,0,0,7,0,0,89,-74,"West Coast","2022",9
0,"Naish, Patrick",2,1,1,3,0,1,0,0,1,0,1,0,0,0,0,1,2,0,0,0,0,0,11,-74,"West Coast","2022",9
30,"Nelson, Jackson",5,2,4,9,0,0,0,3,1,0,0,1,1,0,0,3,6,0,0,2,0,0,83,-74,"West Coast","2022",9
10,"Petrevski-Seton, Sam",6,3,8,14,0,1,0,2,0,1,2,2,1,0,0,6,8,0,1,0,0,1,82,-74,"West Coast","2022",9
8,"Redden, Jack",9,2,11,20,0,0,0,7,1,1,5,4,1,0,0,10,11,0,0,4,0,1,81,-74,"West Coast","2022",9
35,"Rotham, Josh",15,10,4,19,0,0,0,5,4,0,0,2,2,0,0,4,14,0,0,2,0,0,92,-74,"West Coast","2022",9
0,"Ryan, Liam",5,1,0,5,0,0,0,2,0,4,0,1,1,1,0,1,4,0,0,0,1,0,70,-74,"West Coast","2022",9
2,"Waterman, Jake",7,6,2,9,1,0,0,3,1,0,0,2,0,1,0,1,8,0,1,1,0,0,86,-74,"West Coast","2022",9
36,"West, Connor",16,3,13,29,0,0,0,7,3,8,5,0,3,0,0,12,17,0,1,0,0,0,66,-74,"West Coast","2022",9
32,"Williams, Bailey",4,2,4,8,1,0,7,1,0,1,1,1,0,0,0,3,5,0,1,1,0,0,74,-74,"West Coast","2022",9
22,"Winder, Isiah",5,2,5,10,0,0,0,0,0,2,0,2,0,0,0,3,7,0,0,1,0,0,75,-74,"West Coast","2022",9
23,"Witherden, Alex",20,12,4,24,0,0,0,2,7,0,1,2,3,1,0,3,17,0,0,2,1,0,86,-74,"West Coast","2022",9
17,"Bowey, Jake",11,1,6,17,0,0,0,1,5,3,0,1,3,0,0,9,9,0,0,2,0,0,83,74,"Melbourne","2022",9
10,"Brayshaw, Angus",16,8,8,24,0,0,0,1,2,3,0,1,0,0,0,3,20,0,0,3,0,0,85,74,"Melbourne","2022",9
50,"Brown, Ben",4,2,2,6,2,0,0,0,0,1,0,1,1,1,0,4,2,0,1,2,0,0,76,74,"Melbourne","2022",9
0,"Chandler, Kade",1,0,2,3,0,1,0,0,0,0,0,1,0,1,0,2,0,0,0,0,0,0,13,74,"Melbourne","2022",9
31,"Fritsch, Bayley",7,5,4,11,3,1,0,1,0,1,0,2,1,2,0,3,9,0,3,0,1,2,81,74,"Melbourne","2022",9
11,"Gawn, Max",10,5,7,17,0,1,26,0,1,4,3,4,1,0,0,7,10,2,0,2,0,0,86,74,"Melbourne","2022",9
0,"Harmes, James",10,2,7,17,0,1,0,1,0,3,0,5,1,3,0,4,12,0,1,1,0,1,53,74,"Melbourne","2022",9
29,"Hunt, Jayden",6,4,6,12,0,0,0,1,3,3,0,3,0,0,0,5,7,0,0,2,2,0,82,74,"Melbourne","2022",9
6,"Jackson, Luke",5,2,14,19,0,1,16,2,0,2,4,5,3,3,0,11,9,0,0,4,0,1,69,74,"Melbourne","2022",9
23,"Jordon, James",15,6,12,27,0,0,0,2,2,6,3,1,0,0,0,6,21,0,0,0,1,0,84,74,"Melbourne","2022",9
15,"Langdon, Ed",15,5,9,24,0,0,0,2,2,3,1,3,1,1,0,5,19,0,0,0,0,0,100,74,"Melbourne","2022",9
8,"Lever, Jake",9,6,3,12,0,0,0,0,2,1,0,3,0,1,0,3,8,1,0,7,0,0,92,74,"Melbourne","2022",9
1,"May, Steven",16,5,3,19,0,0,0,0,5,0,0,3,1,1,0,5,7,1,0,7,0,0,100,74,"Melbourne","2022",9
25,"McDonald, Tom",8,5,6,14,4,1,5,2,1,2,1,5,0,2,2,5,9,1,5,1,0,0,87,74,"Melbourne","2022",9
30,"Neal-Bullen, Alex",7,6,10,17,1,0,0,5,0,4,0,2,2,1,0,6,12,0,0,1,0,2,73,74,"Melbourne","2022",9
13,"Oliver, Clayton",10,2,19,29,0,1,0,4,0,4,7,4,0,0,0,13,16,0,0,0,0,1,79,74,"Melbourne","2022",9
5,"Petracca, Christian",18,6,10,28,2,4,0,8,0,4,3,5,2,1,3,10,19,0,2,0,0,1,86,74,"Melbourne","2022",9
35,"Petty, Harry",7,2,6,13,0,0,0,0,2,0,2,1,0,0,0,4,6,0,0,5,0,0,79,74,"Melbourne","2022",9
36,"Pickett, Kysaiah",13,4,7,20,3,2,0,0,0,6,2,3,1,3,1,8,12,0,1,1,0,0,85,74,"Melbourne","2022",9
24,"Rivers, Trent",7,3,6,13,0,0,0,4,0,1,0,0,0,0,0,3,10,0,0,1,0,0,80,74,"Melbourne","2022",9
9,"Spargo, Charlie",9,2,6,15,1,1,0,2,0,3,0,1,1,1,0,2,13,0,0,0,1,1,77,74,"Melbourne","2022",9
32,"Sparrow, Tom",8,2,11,19,0,0,0,4,2,2,4,4,0,3,0,6,14,0,0,1,0,0,72,74,"Melbourne","2022",9
7,"Viney, Jack",10,3,17,27,0,0,0,12,2,3,7,3,0,1,0,13,13,0,0,3,1,1,78,74,"Melbourne","2022",9
