"Number","Player","Kicks","Marks","Handballs","Disposals","Goals","Behinds","Hitouts","Tackles","Rebounds50s","Inside50s","Clearances","Clangers","FreesFor","FreesAgainst","BrownlowVotes","ContestedPossessions","UncontestedPossessions","ContestedMarks","MarksInside50","OnePercenters","Bounces","GoalAssists","PercentagePlayed","PointDifference","Team","Season","Round"
3,"Anderson, Jed",11,5,9,20,0,0,0,5,0,5,4,4,0,1,0,12,10,0,0,4,0,0,67,-47,"North Melbourne","2022",10
0,"Bosenavulagi, Atu",0,0,0,0,0,0,0,0,0,0,0,0,0,0,0,0,0,0,0,0,0,0,6,-47,"North Melbourne","2022",10
4,"Corr, Aidan",24,13,5,29,0,0,0,1,11,0,0,8,0,5,0,3,22,1,0,12,0,0,89,-47,"North Melbourne","2022",10
25,"Curtis, Paul",4,2,2,6,0,0,0,1,1,1,0,0,0,0,0,3,3,0,0,0,0,0,84,-47,"North Melbourne","2022",10
9,"Davies-Uniacke, Luke",11,7,16,27,0,1,0,6,4,2,5,8,1,3,0,11,18,0,0,1,1,1,93,-47,"North Melbourne","2022",10
22,"Goldstein, Todd",2,2,10,12,1,0,33,4,1,0,1,2,0,2,0,4,9,1,1,7,0,0,75,-47,"North Melbourne","2022",10
18,"Greenwood, Hugh",5,0,5,10,0,1,0,7,0,3,6,1,1,0,0,10,1,0,0,0,0,2,75,-47,"North Melbourne","2022",10
37,"Hayden, Kyron",7,4,4,11,0,0,0,1,4,0,0,2,0,1,0,4,7,0,0,3,0,0,81,-47,"North Melbourne","2022",10
6,"Horne-Francis, Jason",10,4,7,17,1,0,0,3,2,0,4,6,4,1,0,10,7,0,0,0,1,0,84,-47,"North Melbourne","2022",10
20,"Larkey, Nick",6,4,2,8,1,0,0,1,0,1,0,4,2,1,0,6,2,2,1,3,0,0,96,-47,"North Melbourne","2022",10
11,"McDonald, Luke",22,1,9,31,0,0,0,5,7,4,2,3,0,0,0,5,16,0,0,1,0,1,87,-47,"North Melbourne","2022",10
39,"Perez, Flynn",10,4,7,17,0,0,0,2,3,3,2,1,3,0,0,5,12,0,0,0,1,0,82,-47,"North Melbourne","2022",10
24,"Powell, Tom",8,5,7,15,0,0,0,1,2,0,3,1,1,0,0,7,9,1,0,0,0,0,76,-47,"North Melbourne","2022",10
8,"Scott, Bailey",16,12,11,27,0,0,0,2,3,0,0,2,0,1,1,4,22,0,0,0,0,0,87,-47,"North Melbourne","2022",10
12,"Simpkin, Jy",16,6,5,21,0,0,0,3,3,4,1,8,0,1,0,2,18,0,0,0,0,0,80,-47,"North Melbourne","2022",10
0,"Taylor, Curtis",9,6,3,12,0,0,0,1,3,0,1,2,1,1,0,3,10,0,0,0,0,0,67,-47,"North Melbourne","2022",10
26,"Thomas, Tarryn",7,4,9,16,0,1,0,1,1,6,1,4,0,2,0,4,11,0,1,1,0,0,76,-47,"North Melbourne","2022",10
28,"Turner, Kayne",14,7,3,17,0,0,0,5,4,0,0,3,1,1,0,4,13,0,0,1,0,0,79,-47,"North Melbourne","2022",10
19,"Walker, Josh",8,6,11,19,0,0,0,1,4,0,0,3,1,1,0,7,12,0,0,5,0,0,90,-47,"North Melbourne","2022",10
38,"Xerri, Tristan",1,0,1,2,1,0,15,3,0,0,0,2,0,2,0,0,2,0,0,2,0,1,63,-47,"North Melbourne","2022",10
17,"Young, Lachie",13,10,5,18,0,0,0,2,5,1,0,1,0,0,0,3,15,0,0,5,1,0,87,-47,"North Melbourne","2022",10
7,"Ziebell, Jack",11,6,5,16,1,0,0,3,0,1,1,2,1,1,0,7,10,3,2,2,0,0,84,-47,"North Melbourne","2022",10
44,"Zurhaar, Cameron",9,3,0,9,3,1,0,1,0,3,1,3,2,1,0,5,3,1,1,0,0,0,91,-47,"North Melbourne","2022",10
0,"Bedford, Toby",5,2,2,7,1,1,0,3,0,2,1,1,1,1,0,1,6,0,0,0,0,0,49,47,"Melbourne","2022",10
17,"Bowey, Jake",8,4,4,12,0,0,0,0,0,0,2,2,0,1,0,4,8,0,1,2,0,0,78,47,"Melbourne","2022",10
10,"Brayshaw, Angus",11,5,7,18,0,0,0,2,2,2,1,6,0,1,0,4,14,1,0,2,0,0,88,47,"Melbourne","2022",10
50,"Brown, Ben",6,3,2,8,0,2,0,1,0,1,0,2,1,1,0,5,3,2,1,1,0,2,79,47,"Melbourne","2022",10
27,"Dunstan, Luke",8,1,14,22,0,0,0,3,1,3,4,7,0,2,0,11,13,0,0,1,0,0,72,47,"Melbourne","2022",10
31,"Fritsch, Bayley",8,4,4,12,3,2,0,3,0,2,0,3,2,1,0,4,9,0,1,0,1,0,84,47,"Melbourne","2022",10
11,"Gawn, Max",12,3,3,15,1,2,24,0,0,4,8,3,2,1,0,9,5,1,2,2,0,1,87,47,"Melbourne","2022",10
29,"Hunt, Jayden",5,0,0,5,0,0,0,3,4,1,0,1,0,0,0,2,1,0,0,3,0,0,80,47,"Melbourne","2022",10
6,"Jackson, Luke",4,3,11,15,0,0,7,3,0,2,5,2,2,1,0,9,6,1,0,1,0,0,77,47,"Melbourne","2022",10
23,"Jordon, James",11,3,11,22,0,0,0,0,0,3,0,3,0,1,0,3,19,0,0,0,0,1,89,47,"Melbourne","2022",10
0,"Langdon, Ed",5,1,1,6,1,0,0,0,1,0,0,1,1,0,0,2,4,0,0,0,0,0,25,47,"Melbourne","2022",10
8,"Lever, Jake",8,4,8,16,0,0,0,2,3,2,0,1,1,0,0,6,9,1,0,6,1,0,100,47,"Melbourne","2022",10
1,"May, Steven",12,4,2,14,0,0,0,1,8,2,0,1,2,0,0,7,4,2,0,4,0,0,100,47,"Melbourne","2022",10
25,"McDonald, Tom",6,2,5,11,3,2,2,1,0,0,0,1,3,0,0,11,0,2,2,0,0,0,73,47,"Melbourne","2022",10
18,"Melksham, Jake",5,3,2,7,1,1,0,1,1,2,1,2,0,1,0,2,5,0,0,1,0,0,79,47,"Melbourne","2022",10
30,"Neal-Bullen, Alex",8,2,4,12,0,1,0,4,1,9,2,1,1,0,0,6,8,0,0,2,1,0,83,47,"Melbourne","2022",10
13,"Oliver, Clayton",22,5,23,45,0,0,0,6,0,13,11,2,3,1,3,22,24,1,0,1,0,0,86,47,"Melbourne","2022",10
5,"Petracca, Christian",16,5,14,30,0,1,0,5,1,11,6,5,3,0,2,13,17,0,0,0,0,4,91,47,"Melbourne","2022",10
35,"Petty, Harry",3,3,3,6,0,0,0,3,2,1,0,0,0,0,0,2,3,1,0,3,1,0,82,47,"Melbourne","2022",10
36,"Pickett, Kysaiah",7,1,0,7,2,0,0,6,0,2,1,2,0,1,0,2,2,0,1,1,0,0,82,47,"Melbourne","2022",10
24,"Rivers, Trent",7,4,2,9,1,0,0,0,1,4,0,2,1,2,0,2,8,0,0,3,0,0,71,47,"Melbourne","2022",10
9,"Spargo, Charlie",5,3,8,13,0,0,0,3,1,3,0,3,1,2,0,5,9,0,0,0,0,2,74,47,"Melbourne","2022",10
32,"Sparrow, Tom",11,1,9,20,1,0,0,6,0,5,7,3,1,1,0,8,12,0,0,2,0,0,70,47,"Melbourne","2022",10
