"Number","Player","Kicks","Marks","Handballs","Disposals","Goals","Behinds","Hitouts","Tackles","Rebounds50s","Inside50s","Clearances","Clangers","FreesFor","FreesAgainst","BrownlowVotes","ContestedPossessions","UncontestedPossessions","ContestedMarks","MarksInside50","OnePercenters","Bounces","GoalAssists","PercentagePlayed","PointDifference","Team","Season","Round"
7,"Baker, Liam",19,7,8,27,0,1,0,2,6,3,1,3,0,0,0,7,18,0,0,3,0,0,85,15,"Richmond","2022",14
0,"Balta, Noah",6,1,6,12,1,1,5,0,0,0,2,6,1,3,0,7,3,0,1,1,0,0,49,15,"Richmond","2022",14
29,"Bolton, Shai",8,1,7,15,2,1,0,3,0,3,1,2,1,1,0,11,6,0,1,2,0,0,86,15,"Richmond","2022",14
35,"Broad, Nathan",16,6,6,22,0,0,0,1,11,1,1,0,1,0,0,6,12,1,0,7,0,0,85,15,"Richmond","2022",14
42,"Clarke, Judson",6,4,4,10,0,1,0,1,0,2,0,2,0,1,0,5,5,0,1,1,0,0,70,15,"Richmond","2022",14
9,"Cotchin, Trent",9,1,7,16,0,0,0,1,1,6,5,3,0,1,0,8,8,0,0,3,0,0,69,15,"Richmond","2022",14
10,"Edwards, Shane",10,2,8,18,1,1,0,0,0,4,1,5,0,0,0,5,10,0,1,2,0,1,83,15,"Richmond","2022",14
28,"Gibcus, Josh",5,3,2,7,0,0,0,0,2,0,0,2,1,0,0,2,5,0,0,10,0,0,74,15,"Richmond","2022",14
34,"Graham, Jack",12,2,7,19,0,0,0,10,0,9,3,4,2,0,0,11,10,0,0,0,0,2,85,15,"Richmond","2022",14
2,"Grimes, Dylan",5,1,3,8,0,0,0,1,2,0,0,1,0,0,0,5,1,1,0,9,0,0,97,15,"Richmond","2022",14
23,"Lambert, Kane",11,4,12,23,0,1,0,2,1,3,2,7,0,0,0,5,18,0,1,1,0,0,84,15,"Richmond","2022",14
19,"Lynch, Tom",8,4,3,11,3,0,0,3,0,3,0,3,1,1,0,5,7,2,2,6,0,0,86,15,"Richmond","2022",14
33,"McIntosh, Kamdyn",14,5,1,15,0,0,0,3,3,2,1,2,0,0,0,7,9,0,0,3,0,0,79,15,"Richmond","2022",14
25,"Nankervis, Toby",9,2,5,14,0,0,26,5,1,1,6,2,1,1,0,13,2,1,0,5,0,0,78,15,"Richmond","2022",14
50,"Pickett, Marlion",12,4,8,20,1,1,0,3,0,6,0,5,3,0,0,5,15,0,0,2,0,0,86,15,"Richmond","2022",14
3,"Prestia, Dion",13,1,20,33,0,1,0,4,2,3,13,6,1,2,3,19,11,0,0,0,0,0,83,15,"Richmond","2022",14
45,"Ralphsmith, Hugo",9,2,4,13,0,0,0,4,0,4,0,3,1,0,0,9,4,1,0,2,1,0,70,15,"Richmond","2022",14
8,"Riewoldt, Jack",9,2,4,13,2,0,1,5,0,4,1,6,4,2,0,7,6,0,1,1,0,0,81,15,"Richmond","2022",14
17,"Rioli, Daniel",13,5,6,19,1,0,0,4,2,2,1,3,1,3,0,3,13,0,1,0,2,1,84,15,"Richmond","2022",14
0,"Rioli, Maurice",3,1,1,4,0,1,0,1,0,1,0,0,0,0,0,1,3,0,0,0,0,1,17,15,"Richmond","2022",14
15,"Short, Jayden",24,5,1,25,0,0,0,3,3,16,2,8,0,0,0,7,17,0,0,1,3,1,87,15,"Richmond","2022",14
6,"Tarrant, Robbie",2,1,2,4,0,0,0,0,1,1,0,1,0,1,0,3,2,0,0,8,0,0,94,15,"Richmond","2022",14
1,"Vlastuin, Nick",14,5,10,24,0,0,0,4,7,2,1,2,2,0,0,9,10,0,0,6,1,0,86,15,"Richmond","2022",14
37,"Boyd, Jordan",11,1,5,16,0,0,0,5,3,3,0,2,2,1,0,10,7,1,0,3,0,1,82,-15,"Carlton","2022",14
46,"Cottrell, Matthew",12,3,9,21,0,0,0,3,4,5,2,5,0,1,0,9,12,0,0,2,2,1,84,-15,"Carlton","2022",14
9,"Cripps, Patrick",9,4,25,34,0,0,0,5,0,3,4,10,3,2,2,15,15,1,0,0,0,1,84,-15,"Carlton","2022",14
30,"Curnow, Charlie",7,4,2,9,1,2,0,1,0,3,0,2,0,0,0,2,7,0,2,1,0,0,97,-15,"Carlton","2022",14
12,"De Koning, Tom",6,3,5,11,0,1,24,2,3,0,3,2,1,0,0,7,4,2,1,1,0,0,82,-15,"Carlton","2022",14
15,"Docherty, Sam",25,11,6,31,0,0,0,3,10,3,2,5,0,1,1,8,17,2,0,1,2,0,88,-15,"Carlton","2022",14
19,"Durdin, Corey",6,2,1,7,1,0,0,1,0,3,0,3,0,0,0,2,5,0,0,1,0,1,80,-15,"Carlton","2022",14
38,"Durdin, Sam",4,2,5,9,0,0,0,2,5,0,1,3,0,1,0,7,2,0,0,9,0,0,75,-15,"Carlton","2022",14
25,"Fisher, Zac",8,1,10,18,0,1,0,0,2,3,2,5,0,0,0,10,9,0,0,2,0,0,81,-15,"Carlton","2022",14
0,"Fogarty, Lachie",0,0,0,0,0,0,0,0,0,0,0,0,0,0,0,0,0,0,0,0,0,0,10,-15,"Carlton","2022",14
29,"Hewett, George",7,0,18,25,1,1,0,3,3,2,2,2,0,0,0,15,10,0,0,2,0,0,76,-15,"Carlton","2022",14
7,"Kennedy, Matthew",11,5,10,21,0,0,0,0,2,4,5,1,2,0,0,10,12,0,0,0,0,1,60,-15,"Carlton","2022",14
0,"Martin, Jack",7,2,1,8,1,0,0,3,0,2,0,6,2,2,0,4,5,0,0,0,0,1,67,-15,"Carlton","2022",14
10,"McKay, Harry",7,5,3,10,4,2,0,1,0,1,0,3,1,2,0,8,2,4,4,1,0,0,100,-15,"Carlton","2022",14
24,"Newman, Nic",13,8,7,20,0,0,0,1,5,0,0,1,0,1,0,6,12,0,0,2,0,0,92,-15,"Carlton","2022",14
32,"Newnes, Jack",15,5,5,20,0,2,0,2,3,4,0,4,0,2,0,5,15,0,1,1,0,0,72,-15,"Carlton","2022",14
4,"OBrien, Lochie",15,4,9,24,1,1,0,0,4,5,1,6,0,0,0,7,15,0,1,0,0,1,80,-15,"Carlton","2022",14
44,"Owies, Matthew",4,1,2,6,0,0,0,3,1,1,0,0,0,0,0,4,2,1,1,0,0,0,75,-15,"Carlton","2022",14
20,"Plowman, Lachie",5,4,8,13,0,0,0,2,4,0,1,2,1,1,0,6,9,0,0,3,0,0,81,-15,"Carlton","2022",14
42,"Saad, Adam",15,3,10,25,0,0,0,4,7,0,0,6,1,0,0,9,8,1,0,5,15,0,84,-15,"Carlton","2022",14
1,"Silvagni, Jack",7,4,7,14,0,0,4,2,0,2,2,4,3,3,0,8,8,0,0,3,0,0,72,-15,"Carlton","2022",14
18,"Walsh, Sam",20,5,14,34,0,1,0,2,3,7,2,4,0,1,0,11,24,0,1,0,0,0,80,-15,"Carlton","2022",14
33,"Young, Lewis",8,2,4,12,0,0,0,4,6,0,0,4,1,2,0,5,8,1,0,22,0,0,100,-15,"Carlton","2022",14
