"Number","Player","Kicks","Marks","Handballs","Disposals","Goals","Behinds","Hitouts","Tackles","Rebounds50s","Inside50s","Clearances","Clangers","FreesFor","FreesAgainst","BrownlowVotes","ContestedPossessions","UncontestedPossessions","ContestedMarks","MarksInside50","OnePercenters","Bounces","GoalAssists","PercentagePlayed","PointDifference","Team","Season","Round"
22,"Breust, Luke",3,1,2,5,2,0,0,2,0,1,0,1,1,1,0,4,3,1,1,0,0,0,74,-41,"Hawthorn","2022",6
12,"Day, Will",15,6,3,18,0,0,0,1,3,3,0,2,0,2,0,1,12,0,0,0,0,0,86,-41,"Hawthorn","2022",6
8,"Frost, Sam",13,8,8,21,0,0,0,2,8,0,0,6,1,3,0,3,16,0,0,5,1,0,97,-41,"Hawthorn","2022",6
24,"Grainger-Barras, Denver",9,7,1,10,0,0,0,1,6,1,0,2,1,1,0,2,8,0,0,3,2,0,73,-41,"Hawthorn","2022",6
19,"Gunston, Jack",8,3,2,10,1,1,0,0,0,4,0,2,4,0,0,5,5,0,1,1,0,0,95,-41,"Hawthorn","2022",6
15,"Hardwick, Blake",12,4,5,17,0,0,0,2,3,1,0,2,2,0,0,9,6,0,0,7,0,0,92,-41,"Hawthorn","2022",6
4,"Impey, Jarman",1,0,1,2,0,0,0,4,0,0,0,3,0,2,0,1,2,0,0,0,0,0,82,-41,"Hawthorn","2022",6
23,"Koschitzke, Jacob",5,2,1,6,3,0,0,1,0,0,0,2,0,0,0,2,3,0,2,2,0,0,90,-41,"Hawthorn","2022",6
18,"Lynch, Max",4,4,4,8,0,0,23,0,0,2,2,2,0,1,0,6,4,1,0,1,0,0,64,-41,"Hawthorn","2022",6
31,"Macdonald, Connor",4,4,5,9,1,0,0,0,0,1,0,3,0,2,0,3,6,0,0,0,0,0,69,-41,"Hawthorn","2022",6
32,"Maginness, Finn",11,9,3,14,0,1,0,1,6,2,1,3,0,0,0,5,10,1,1,1,0,0,84,-41,"Hawthorn","2022",6
3,"Mitchell, Tom",11,6,15,26,0,1,0,7,3,1,3,4,2,1,0,11,14,0,1,0,0,0,82,-41,"Hawthorn","2022",6
13,"Moore, Dylan",10,7,9,19,1,1,0,1,1,3,0,1,2,0,0,6,13,1,1,0,1,0,83,-41,"Hawthorn","2022",6
1,"Morrison, Harry",12,6,8,20,0,0,0,4,4,2,0,8,0,6,0,4,16,0,0,2,1,0,88,-41,"Hawthorn","2022",6
11,"Nash, Conor",7,1,7,14,0,1,4,5,0,1,4,2,2,2,0,8,6,0,0,4,1,0,77,-41,"Hawthorn","2022",6
44,"Newcombe, Jai",13,3,10,23,0,0,0,6,1,6,2,7,3,1,0,9,15,0,0,2,1,2,82,-41,"Hawthorn","2022",6
10,"OMeara, Jaeger",11,3,9,20,0,0,0,10,3,6,10,6,2,3,0,12,8,0,0,1,0,0,83,-41,"Hawthorn","2022",6
14,"Scrimshaw, Jack",14,7,5,19,0,0,0,0,2,4,0,0,0,0,0,4,14,1,0,2,1,0,74,-41,"Hawthorn","2022",6
26,"Shiels, Liam",0,0,0,0,0,0,0,0,0,0,0,0,0,0,0,0,0,0,0,0,0,0,0,-41,"Hawthorn","2022",6
6,"Sicily, James",17,11,4,21,0,0,0,2,10,0,0,4,0,0,0,5,13,2,0,6,0,0,91,-41,"Hawthorn","2022",6
25,"Ward, Josh",7,2,7,14,0,0,0,5,1,2,2,7,1,2,0,6,9,0,0,0,0,1,83,-41,"Hawthorn","2022",6
20,"Wingard, Chad",8,5,4,12,1,1,0,4,0,0,1,2,0,1,0,5,8,2,3,1,0,2,81,-41,"Hawthorn","2022",6
5,"Worpel, James",4,1,7,11,1,0,0,3,0,2,3,3,1,1,0,9,4,0,0,0,0,0,70,-41,"Hawthorn","2022",6
32,"Bell, James",4,2,2,6,0,0,0,1,0,2,0,1,0,0,0,2,5,0,0,2,0,1,76,41,"Sydney","2022",6
22,"Blakey, Nick",15,5,4,19,0,0,0,2,7,3,0,1,1,1,0,5,13,0,0,3,0,1,85,41,"Sydney","2022",6
16,"Campbell, Braeden",7,2,3,10,0,0,0,2,2,0,0,6,0,4,0,4,6,0,0,3,0,0,77,41,"Sydney","2022",6
7,"Cunningham, Harry",9,3,2,11,0,0,0,2,1,2,0,1,2,0,0,4,8,0,0,2,0,0,90,41,"Sydney","2022",6
13,"Florent, Oliver",7,3,2,9,1,1,0,3,1,2,0,1,1,0,0,0,9,0,0,0,0,1,72,41,"Sydney","2022",6
23,"Franklin, Lance",13,6,5,18,3,4,0,2,0,2,0,4,2,2,1,8,8,2,5,0,0,1,90,41,"Sydney","2022",6
21,"Gulden, Errol",12,2,8,20,1,0,0,3,1,8,2,4,1,1,0,8,13,0,0,1,1,1,81,41,"Sydney","2022",6
9,"Hayward, Will",7,6,7,14,1,0,0,6,0,2,0,1,0,0,0,5,9,0,0,0,0,1,92,41,"Sydney","2022",6
5,"Heeney, Isaac",6,6,9,15,1,1,0,3,0,0,3,7,2,3,0,13,5,1,1,2,0,0,88,41,"Sydney","2022",6
0,"Kennedy, Josh",6,1,5,11,0,0,0,2,1,2,2,2,0,1,0,5,6,0,0,2,0,1,29,41,"Sydney","2022",6
19,"Ladhams, Peter",10,7,9,19,0,1,34,2,0,5,6,2,1,2,2,8,10,1,0,5,0,0,81,41,"Sydney","2022",6
44,"Lloyd, Jake",15,3,7,22,0,0,0,1,5,2,0,2,0,0,0,3,13,0,0,4,0,0,88,41,"Sydney","2022",6
0,"McCartin, Paddy",4,2,6,10,0,0,0,1,2,1,1,1,1,0,0,5,5,0,0,3,0,0,48,41,"Sydney","2022",6
30,"McCartin, Tom",3,3,2,5,0,0,0,2,2,2,0,1,1,0,0,4,1,2,0,5,0,0,95,41,"Sydney","2022",6
6,"McDonald, Logan",6,3,2,8,1,2,0,2,0,3,0,0,1,0,0,2,6,0,2,1,0,0,44,41,"Sydney","2022",6
27,"McInerney, Justin",16,8,6,22,1,0,0,1,2,7,2,4,1,0,0,5,17,0,0,1,0,0,86,41,"Sydney","2022",6
2,"McLean, Hayden",5,6,8,13,1,0,6,1,0,0,1,2,1,1,0,7,6,5,1,4,0,2,78,41,"Sydney","2022",6
14,"Mills, Callum",23,11,14,37,1,0,0,5,2,9,6,2,6,0,3,17,22,2,0,2,0,1,74,41,"Sydney","2022",6
26,"Parker, Luke",12,3,17,29,0,0,0,3,3,2,7,3,2,0,0,11,17,0,1,1,0,0,85,41,"Sydney","2022",6
24,"Rampe, Dane",4,3,6,10,0,0,0,1,1,0,0,3,0,3,0,4,6,2,0,4,1,0,96,41,"Sydney","2022",6
25,"Ronke, Ben",11,3,4,15,3,1,0,1,1,4,0,4,1,1,0,5,10,0,2,1,0,1,89,41,"Sydney","2022",6
8,"Rowbottom, James",12,2,10,22,0,1,0,6,0,7,8,7,4,2,0,11,12,0,1,1,0,1,75,41,"Sydney","2022",6
1,"Warner, Chad",15,5,9,24,2,0,0,5,1,3,3,6,1,1,0,11,14,0,0,0,0,1,79,41,"Sydney","2022",6
