"Number","Player","Kicks","Marks","Handballs","Disposals","Goals","Behinds","Hitouts","Tackles","Rebounds50s","Inside50s","Clearances","Clangers","FreesFor","FreesAgainst","BrownlowVotes","ContestedPossessions","UncontestedPossessions","ContestedMarks","MarksInside50","OnePercenters","Bounces","GoalAssists","PercentagePlayed","PointDifference","Team","Season","Round"
30,"Atkins, Tom",10,2,8,18,0,0,0,11,0,1,3,0,4,0,0,10,7,0,0,1,0,0,76,112,"Geelong","2022",16
24,"Bews, Jed",3,1,6,9,0,0,0,0,0,3,0,0,0,0,0,4,5,0,0,3,1,0,86,112,"Geelong","2022",16
46,"Blicavs, Mark",6,5,19,25,1,0,4,5,0,2,6,1,1,1,0,12,14,1,2,2,0,2,83,112,"Geelong","2022",16
5,"Cameron, Jeremy",18,10,12,30,4,3,0,3,0,4,1,4,2,1,3,8,20,2,5,0,1,0,96,112,"Geelong","2022",16
45,"Close, Brad",8,3,2,10,2,0,0,6,0,2,0,2,3,1,0,3,6,0,1,0,0,0,83,112,"Geelong","2022",16
35,"Dangerfield, Patrick",10,5,9,19,1,0,0,4,0,8,6,2,1,1,0,7,13,0,1,1,0,1,62,112,"Geelong","2022",16
22,"Duncan, Mitch",21,14,9,30,0,0,0,0,5,4,2,3,1,2,0,6,25,1,1,0,0,2,88,112,"Geelong","2022",16
29,"Guthrie, Cameron",16,4,13,29,1,1,0,7,1,6,5,2,0,0,1,12,18,0,2,1,0,0,69,112,"Geelong","2022",16
39,"Guthrie, Zach",14,7,6,20,1,0,0,1,2,4,0,4,1,1,0,4,16,0,0,1,0,0,92,112,"Geelong","2022",16
26,"Hawkins, Tom",17,10,2,19,6,3,2,0,1,2,1,6,0,3,2,6,10,2,7,0,1,2,97,112,"Geelong","2022",16
38,"Henry, Jack",6,5,5,11,0,0,0,1,1,1,0,1,1,0,0,2,9,0,0,6,0,0,99,112,"Geelong","2022",16
4,"Higgins, Shaun",0,2,5,5,0,0,0,0,0,0,0,0,0,0,0,1,4,0,0,0,0,0,20,112,"Geelong","2022",16
9,"Holmes, Max",7,5,4,11,0,1,0,4,0,1,0,0,1,0,0,4,7,1,2,1,0,0,68,112,"Geelong","2022",16
8,"Kolodjashnij, Jake",5,1,5,10,0,0,0,4,1,3,1,2,1,1,0,8,3,0,0,4,0,0,64,112,"Geelong","2022",16
27,"Menegola, Sam",14,3,8,22,1,1,0,0,1,7,1,4,0,1,0,5,17,0,0,2,1,2,79,112,"Geelong","2022",16
32,"Miers, Gryan",9,4,3,12,0,1,0,3,0,3,1,1,0,0,0,4,9,0,1,2,0,1,79,112,"Geelong","2022",16
19,"Narkle, Quinton",8,4,3,11,2,1,0,2,2,1,2,2,0,2,0,4,8,0,2,2,0,0,62,112,"Geelong","2022",16
42,"OConnor, Mark",6,4,6,12,0,0,0,0,0,2,0,1,0,0,0,6,7,1,0,3,0,0,89,112,"Geelong","2022",16
23,"Rohan, Gary",6,2,5,11,0,0,0,3,0,6,0,1,2,0,0,7,4,0,0,0,0,3,88,112,"Geelong","2022",16
7,"Smith, Isaac",14,7,12,26,0,0,0,1,4,3,2,3,0,1,0,5,18,0,0,4,0,2,84,112,"Geelong","2022",16
1,"Stanley, Rhys",9,7,8,17,0,0,25,2,0,2,2,3,2,0,0,6,11,1,0,5,0,0,76,112,"Geelong","2022",16
18,"Stengle, Tyson",9,3,3,12,2,0,0,1,0,4,2,1,0,0,0,5,7,0,1,0,0,1,78,112,"Geelong","2022",16
2,"Tuohy, Zach",20,4,7,27,0,1,0,2,2,5,0,1,2,0,0,6,19,0,0,0,0,1,84,112,"Geelong","2022",16
3,"Anderson, Jed",11,3,8,19,0,0,0,5,1,4,0,4,1,1,0,9,10,1,0,4,1,1,81,-112,"North Melbourne","2022",16
15,"Bosenavulagi, Atu",8,4,7,15,0,0,0,2,1,0,0,2,1,0,0,4,11,0,0,3,0,0,85,-112,"North Melbourne","2022",16
4,"Corr, Aidan",19,11,4,23,0,0,0,0,4,0,0,6,1,1,0,4,17,0,0,0,0,0,92,-112,"North Melbourne","2022",16
25,"Curtis, Paul",6,6,5,11,1,0,0,3,1,2,0,3,1,1,0,1,9,0,1,0,0,0,75,-112,"North Melbourne","2022",16
9,"Davies-Uniacke, Luke",18,7,18,36,0,0,0,6,2,5,7,8,0,2,0,18,18,2,0,0,0,0,88,-112,"North Melbourne","2022",16
22,"Goldstein, Todd",3,2,4,7,0,0,15,3,0,1,0,3,0,1,0,2,4,0,0,4,0,0,87,-112,"North Melbourne","2022",16
18,"Greenwood, Hugh",11,3,8,19,0,0,0,8,2,3,7,5,1,1,0,10,10,0,0,2,0,0,82,-112,"North Melbourne","2022",16
0,"Hall, Aaron",3,1,0,3,0,0,0,0,1,0,0,0,0,0,0,0,3,0,0,0,0,0,2,-112,"North Melbourne","2022",16
20,"Larkey, Nick",3,2,4,7,1,0,0,0,0,1,0,0,0,0,0,3,4,1,1,1,0,0,91,-112,"North Melbourne","2022",16
35,"Lazzaro, Charlie",9,5,7,16,0,0,0,1,3,1,0,3,0,1,0,5,11,0,0,0,0,1,90,-112,"North Melbourne","2022",16
1,"Mahony, Jack",5,3,0,5,1,0,0,5,0,1,1,3,0,1,0,1,4,0,2,1,0,0,82,-112,"North Melbourne","2022",16
11,"McDonald, Luke",17,6,7,24,0,0,0,1,10,1,2,3,1,2,0,6,12,0,0,4,0,0,95,-112,"North Melbourne","2022",16
23,"McKay, Ben",1,0,2,3,0,0,0,1,0,0,0,2,0,0,0,3,0,0,0,3,0,0,90,-112,"North Melbourne","2022",16
24,"Powell, Tom",7,2,6,13,0,0,0,4,3,1,3,3,0,1,0,6,7,0,0,2,0,0,81,-112,"North Melbourne","2022",16
12,"Simpkin, Jy",16,2,11,27,0,0,0,7,1,2,4,5,0,1,0,9,15,0,0,0,0,0,87,-112,"North Melbourne","2022",16
0,"Spicer, Phoenix",2,1,0,2,0,2,0,3,0,0,0,0,1,0,0,1,1,0,1,2,0,0,64,-112,"North Melbourne","2022",16
2,"Stephenson, Jaidyn",19,8,6,25,0,0,0,1,9,0,0,3,0,0,0,1,16,0,0,1,0,0,75,-112,"North Melbourne","2022",16
5,"Taylor, Curtis",10,5,4,14,0,0,0,2,3,0,1,5,2,2,0,7,8,0,0,6,0,0,91,-112,"North Melbourne","2022",16
28,"Turner, Kayne",3,3,0,3,0,0,0,1,0,0,0,0,0,0,0,0,3,0,0,1,0,0,17,-112,"North Melbourne","2022",16
19,"Walker, Josh",11,6,5,16,0,0,0,0,6,1,1,1,3,0,0,10,6,2,0,7,0,0,93,-112,"North Melbourne","2022",16
38,"Xerri, Tristan",3,1,2,5,1,0,23,5,0,0,2,1,1,1,0,4,0,1,0,2,0,0,73,-112,"North Melbourne","2022",16
17,"Young, Lachie",9,7,3,12,0,0,0,1,5,1,0,3,1,2,0,2,11,0,0,9,0,0,92,-112,"North Melbourne","2022",16
44,"Zurhaar, Cameron",5,4,1,6,1,0,0,4,0,1,0,5,1,3,0,2,4,0,0,0,0,0,85,-112,"North Melbourne","2022",16
