"Number","Player","Kicks","Marks","Handballs","Disposals","Goals","Behinds","Hitouts","Tackles","Rebounds50s","Inside50s","Clearances","Clangers","FreesFor","FreesAgainst","BrownlowVotes","ContestedPossessions","UncontestedPossessions","ContestedMarks","MarksInside50","OnePercenters","Bounces","GoalAssists","PercentagePlayed","PointDifference","Team","Season","Round"
7,"Baker, Liam",17,1,9,26,1,2,0,0,2,7,5,3,1,1,2,10,15,0,1,6,0,0,86,12,"Richmond","2022",13
21,"Balta, Noah",7,2,4,11,1,0,0,3,1,3,1,3,3,1,0,5,7,1,0,0,0,0,83,12,"Richmond","2022",13
29,"Bolton, Shai",10,2,9,19,0,5,0,1,1,4,2,6,0,3,0,11,10,0,1,1,3,1,84,12,"Richmond","2022",13
35,"Broad, Nathan",14,5,4,18,0,0,0,0,6,0,0,1,1,0,0,3,11,0,0,7,0,0,88,12,"Richmond","2022",13
42,"Clarke, Judson",7,3,4,11,2,0,0,3,0,3,0,2,2,0,0,5,6,0,1,2,0,0,71,12,"Richmond","2022",13
9,"Cotchin, Trent",12,5,13,25,0,0,0,0,2,3,3,6,0,2,0,8,17,0,0,3,0,0,77,12,"Richmond","2022",13
10,"Edwards, Shane",6,1,6,12,0,1,0,2,0,1,0,2,0,0,0,5,7,0,0,1,0,1,83,12,"Richmond","2022",13
28,"Gibcus, Josh",3,1,3,6,1,0,0,2,2,1,0,1,1,1,0,5,3,0,0,6,0,0,85,12,"Richmond","2022",13
34,"Graham, Jack",8,3,9,17,1,0,0,10,0,4,2,3,2,1,0,9,10,0,0,3,0,0,80,12,"Richmond","2022",13
2,"Grimes, Dylan",9,4,1,10,0,0,0,1,2,2,0,2,1,1,0,7,3,2,0,8,0,0,93,12,"Richmond","2022",13
23,"Lambert, Kane",0,0,0,0,0,0,0,0,0,0,0,0,0,0,0,0,0,0,0,0,0,0,0,12,"Richmond","2022",13
4,"Martin, Dustin",10,2,3,13,2,0,0,0,0,6,2,6,1,4,0,8,5,2,0,1,0,2,88,12,"Richmond","2022",13
33,"McIntosh, Kamdyn",9,6,3,12,1,0,1,2,2,2,0,1,1,0,0,3,9,1,1,2,3,0,88,12,"Richmond","2022",13
25,"Nankervis, Toby",7,3,9,16,0,0,29,4,1,3,3,3,1,2,0,7,7,1,0,3,0,1,71,12,"Richmond","2022",13
50,"Pickett, Marlion",12,5,2,14,0,0,0,5,3,5,0,3,2,1,0,5,9,0,0,0,0,0,81,12,"Richmond","2022",13
3,"Prestia, Dion",11,0,14,25,0,0,0,2,1,6,6,3,2,0,0,12,13,0,0,1,0,1,83,12,"Richmond","2022",13
45,"Ralphsmith, Hugo",6,4,9,15,0,1,0,4,0,1,0,6,1,2,0,5,10,0,1,2,0,0,67,12,"Richmond","2022",13
8,"Riewoldt, Jack",8,4,4,12,1,1,0,2,0,3,0,5,0,1,0,4,7,3,2,4,0,0,93,12,"Richmond","2022",13
17,"Rioli, Daniel",8,5,10,18,1,0,0,0,3,2,0,0,0,0,0,6,10,1,0,1,1,0,85,12,"Richmond","2022",13
15,"Short, Jayden",19,5,4,23,0,0,0,2,3,4,4,4,1,1,0,11,13,0,0,5,1,0,86,12,"Richmond","2022",13
20,"Soldo, Ivan",5,4,5,10,0,0,11,2,0,1,1,1,2,0,0,6,4,2,0,2,0,1,56,12,"Richmond","2022",13
6,"Tarrant, Robbie",7,7,5,12,0,0,0,2,1,1,0,1,1,0,0,6,6,1,0,8,0,0,89,12,"Richmond","2022",13
1,"Vlastuin, Nick",14,9,6,20,0,0,0,2,8,2,1,0,1,0,0,5,12,0,1,2,0,0,83,12,"Richmond","2022",13
21,"Aliir, Aliir",8,4,3,11,0,0,0,2,3,0,0,3,0,1,0,5,5,0,0,6,0,0,98,-12,"Port Adelaide","2022",13
15,"Amon, Karl",21,10,8,29,1,1,0,2,5,3,4,9,1,1,3,8,22,0,2,2,0,0,82,-12,"Port Adelaide","2022",13
10,"Boak, Travis",13,6,12,25,0,0,0,4,0,7,9,4,2,1,1,12,14,0,0,3,0,2,82,-12,"Port Adelaide","2022",13
26,"Bonner, Riley",15,8,8,23,0,0,0,0,8,1,1,3,0,0,0,4,15,0,0,1,0,0,80,-12,"Port Adelaide","2022",13
3,"Burton, Ryan",19,8,6,25,0,0,0,3,8,2,0,2,1,1,0,5,17,0,0,2,0,1,80,-12,"Port Adelaide","2022",13
18,"Butters, Zak",7,1,13,20,0,0,0,1,0,2,3,1,1,0,0,14,7,1,0,1,0,0,81,-12,"Port Adelaide","2022",13
33,"Byrne-Jones, Darcy",13,6,10,23,0,0,0,4,4,3,1,2,1,1,0,6,17,0,0,1,0,1,80,-12,"Port Adelaide","2022",13
17,"Clurey, Tom",7,2,2,9,0,0,0,2,4,0,0,0,1,0,0,4,5,0,0,9,0,0,87,-12,"Port Adelaide","2022",13
22,"Dixon, Charlie",5,4,5,10,1,0,9,0,0,0,1,3,1,3,0,8,2,4,1,2,0,0,84,-12,"Port Adelaide","2022",13
28,"Drew, Willem",8,3,14,22,0,0,0,3,1,2,3,4,0,2,0,11,11,0,1,0,0,1,71,-12,"Port Adelaide","2022",13
0,"Dumont, Trent",4,0,11,15,0,0,0,1,1,2,2,3,0,0,0,4,10,0,0,1,0,1,57,-12,"Port Adelaide","2022",13
24,"Farrell, Kane",9,1,3,12,1,0,0,2,1,3,0,2,1,0,0,5,7,0,0,1,0,0,77,-12,"Port Adelaide","2022",13
11,"Finlayson, Jeremy",13,3,1,14,1,1,9,5,2,5,4,4,1,3,0,7,7,0,0,3,1,0,86,-12,"Port Adelaide","2022",13
0,"Frederick, Martin",0,0,1,1,0,0,0,0,0,0,0,0,0,0,0,1,0,0,0,0,0,0,21,-12,"Port Adelaide","2022",13
9,"Gray, Robbie",1,0,5,6,0,0,0,3,0,1,0,0,1,0,0,5,4,0,0,1,0,0,84,-12,"Port Adelaide","2022",13
5,"Houston, Dan",15,6,11,26,0,0,0,1,4,1,1,6,1,2,0,11,14,1,0,3,0,0,84,-12,"Port Adelaide","2022",13
1,"Jonas, Tom",7,2,3,10,0,0,0,1,3,0,1,0,0,0,0,5,6,0,0,4,0,0,91,-12,"Port Adelaide","2022",13
34,"Jones, Lachie",9,4,8,17,0,0,0,2,0,1,0,5,1,1,0,4,12,0,0,2,0,0,76,-12,"Port Adelaide","2022",13
4,"Marshall, Todd",11,6,2,13,3,1,0,1,0,4,0,3,2,0,0,6,6,3,3,0,0,0,89,-12,"Port Adelaide","2022",13
6,"Motlop, Steven",3,3,0,3,0,0,0,2,0,0,0,2,0,2,0,0,3,0,1,1,0,1,78,-12,"Port Adelaide","2022",13
2,"Powell-Pepper, Sam",8,2,6,14,1,1,0,5,0,2,1,3,2,2,0,4,10,0,1,2,0,0,79,-12,"Port Adelaide","2022",13
20,"Rozee, Connor",14,3,10,24,1,0,0,3,4,4,3,7,3,1,0,7,15,0,0,1,0,0,78,-12,"Port Adelaide","2022",13
16,"Wines, Ollie",8,2,18,26,1,0,0,2,3,5,5,5,1,3,0,10,16,0,0,1,0,0,74,-12,"Port Adelaide","2022",13
