"Number","Player","Kicks","Marks","Handballs","Disposals","Goals","Behinds","Hitouts","Tackles","Rebounds50s","Inside50s","Clearances","Clangers","FreesFor","FreesAgainst","BrownlowVotes","ContestedPossessions","UncontestedPossessions","ContestedMarks","MarksInside50","OnePercenters","Bounces","GoalAssists","PercentagePlayed","PointDifference","Team","Season","Round"
26,"Battle, Josh",15,11,12,27,0,0,0,1,2,4,0,1,1,0,0,7,19,2,0,3,0,0,88,-41,"St Kilda","2022",17
15,"Billings, Jack",14,7,4,18,0,0,0,5,3,4,0,0,3,0,0,6,14,0,0,2,0,0,77,-41,"St Kilda","2022",17
16,"Butler, Dan",9,1,5,14,2,1,0,6,0,2,0,3,0,0,0,5,7,0,0,0,0,0,75,-41,"St Kilda","2022",17
5,"Crouch, Brad",14,3,16,30,0,0,0,6,3,2,7,5,2,1,0,12,15,0,0,0,0,2,78,-41,"St Kilda","2022",17
4,"Gresham, Jade",7,1,9,16,0,1,0,3,0,4,4,1,0,0,0,5,11,0,0,0,0,0,80,-41,"St Kilda","2022",17
22,"Higgins, Jack",7,2,6,13,1,0,0,1,0,2,1,2,1,1,0,6,7,0,1,0,1,1,76,-41,"St Kilda","2022",17
34,"Highmore, Tom",13,7,7,20,0,0,0,2,2,0,1,4,1,1,0,8,11,2,0,3,0,0,76,-41,"St Kilda","2022",17
8,"Hill, Bradley",13,4,15,28,0,1,0,0,2,2,4,2,0,1,0,6,19,0,0,1,1,0,82,-41,"St Kilda","2022",17
3,"Jones, Zak",15,4,12,27,0,0,0,3,2,3,6,5,3,3,0,13,15,0,0,2,1,0,76,-41,"St Kilda","2022",17
39,"Joyce, Darragh",4,0,3,7,0,0,0,1,1,0,0,3,1,1,0,4,4,0,0,10,0,0,90,-41,"St Kilda","2022",17
12,"King, Max",4,3,7,11,2,1,0,1,0,0,0,1,2,0,0,6,5,1,2,0,0,1,92,-41,"St Kilda","2022",17
21,"Long, Ben",0,0,0,0,0,0,0,0,0,0,0,0,0,0,0,0,0,0,0,0,0,0,0,-41,"St Kilda","2022",17
19,"Marshall, Rowan",11,8,12,23,0,1,14,2,2,2,1,4,1,1,0,10,12,1,1,2,0,0,88,-41,"St Kilda","2022",17
28,"Membrey, Tim",7,8,1,8,2,1,0,1,0,2,0,0,0,0,0,3,7,2,4,3,0,0,85,-41,"St Kilda","2022",17
6,"Ross, Sebastian",13,2,11,24,0,0,0,2,1,6,4,3,0,0,0,9,18,0,0,4,0,1,86,-41,"St Kilda","2022",17
18,"Ryder, Paddy",4,0,1,5,0,0,23,1,0,2,2,3,2,1,0,4,2,0,0,3,0,0,75,-41,"St Kilda","2022",17
35,"Sinclair, Jack",22,7,5,27,1,0,0,2,4,0,0,2,1,1,0,5,19,1,0,3,0,0,84,-41,"St Kilda","2022",17
9,"Steele, Jack",12,8,16,28,0,0,0,7,1,3,4,1,1,0,0,7,21,0,0,2,0,1,84,-41,"St Kilda","2022",17
7,"Wanganeen-Milera, Nasiah",7,5,7,14,1,0,0,1,1,5,0,1,1,0,0,4,11,0,1,0,1,1,79,-41,"St Kilda","2022",17
29,"Webster, Jimmy",13,6,8,21,0,0,0,0,4,1,0,3,0,2,0,6,15,0,0,2,0,0,85,-41,"St Kilda","2022",17
44,"Wilkie, Callum",7,7,9,16,0,0,0,0,2,1,0,4,0,3,0,3,13,0,0,5,0,0,96,-41,"St Kilda","2022",17
17,"Windhager, Marcus",4,1,3,7,0,0,0,2,0,3,0,2,1,1,0,3,4,0,0,2,0,0,77,-41,"St Kilda","2022",17
32,"Wood, Mason",10,7,4,14,1,2,0,0,0,4,2,3,1,0,0,6,9,2,2,0,0,1,72,-41,"St Kilda","2022",17
11,"Aish, James",13,6,8,21,0,0,0,1,4,2,2,2,0,1,0,5,17,0,0,1,0,0,78,41,"Fremantle","2022",17
41,"Banfield, Bailey",9,5,2,11,2,2,0,1,1,1,1,2,1,0,0,6,7,2,2,0,0,0,74,41,"Fremantle","2022",17
8,"Brayshaw, Andrew",20,6,16,36,1,0,0,10,3,6,1,8,0,4,3,8,29,0,0,2,2,3,79,41,"Fremantle","2022",17
17,"Brodie, Will",12,4,17,29,2,0,0,1,4,4,6,5,1,2,2,9,21,0,0,0,0,1,72,41,"Fremantle","2022",17
6,"Clark, Jordan",13,4,17,30,0,1,0,4,4,4,0,3,1,0,1,5,25,0,0,0,0,0,85,41,"Fremantle","2022",17
33,"Colyer, Travis",8,5,4,12,0,0,0,1,2,2,1,0,0,0,0,3,10,0,0,2,1,1,82,41,"Fremantle","2022",17
36,"Cox, Brennan",15,9,5,20,0,0,0,0,1,1,0,2,1,1,0,5,12,0,0,6,0,0,91,41,"Fremantle","2022",17
4,"Darcy, Sean",5,1,11,16,2,0,27,3,0,3,6,3,1,2,0,8,8,0,1,1,0,2,88,41,"Fremantle","2022",17
32,"Frederick, Michael",7,3,4,11,3,1,0,3,0,5,0,0,1,0,0,1,10,0,0,0,1,0,82,41,"Fremantle","2022",17
7,"Fyfe, Nat",10,6,11,21,3,1,0,2,1,3,1,5,1,3,0,10,12,1,4,2,0,1,81,41,"Fremantle","2022",17
23,"Henry, Liam",0,0,0,0,0,0,0,0,0,0,0,0,0,0,0,0,0,0,0,0,0,0,0,41,"Fremantle","2022",17
15,"Hughes, Ethan",2,2,9,11,0,0,0,0,0,1,1,1,0,0,0,5,7,0,0,2,0,0,78,41,"Fremantle","2022",17
37,"Lobb, Rory",8,4,6,14,2,2,4,0,1,0,0,2,2,0,0,13,2,3,2,1,0,1,100,41,"Fremantle","2022",17
2,"Logue, Griffin",6,6,11,17,0,0,0,1,1,0,0,1,0,1,0,6,10,0,0,15,0,0,93,41,"Fremantle","2022",17
16,"Mundy, David",4,2,14,18,0,0,0,4,0,1,3,0,1,0,0,5,13,0,0,0,0,2,72,41,"Fremantle","2022",17
13,"Ryan, Luke",11,7,6,17,0,0,0,2,3,0,0,0,0,0,0,4,10,0,0,1,0,0,82,41,"Fremantle","2022",17
5,"Schultz, Lachie",14,7,6,20,2,1,0,5,2,2,3,5,2,4,0,6,15,0,1,0,0,1,80,41,"Fremantle","2022",17
3,"Serong, Caleb",11,2,14,25,0,0,0,3,1,1,4,0,1,0,0,9,16,0,0,0,0,0,75,41,"Fremantle","2022",17
20,"Taberner, Matthew",9,5,3,12,0,0,0,2,0,4,0,2,3,1,0,5,7,2,0,1,0,1,81,41,"Fremantle","2022",17
31,"Walker, Brandon",7,3,7,14,0,0,0,5,3,1,3,3,0,1,0,4,11,0,0,3,0,1,79,41,"Fremantle","2022",17
10,"Walters, Michael",4,3,10,14,0,1,0,3,0,1,1,2,1,0,0,8,6,2,1,1,0,0,78,41,"Fremantle","2022",17
14,"Wilson, Nathan",14,7,2,16,0,0,0,1,5,0,0,3,0,2,0,1,14,0,0,4,0,0,81,41,"Fremantle","2022",17
26,"Young, Hayden",15,8,8,23,0,0,0,2,5,3,0,2,0,0,0,2,20,0,0,2,0,0,89,41,"Fremantle","2022",17
