"Number","Player","Kicks","Marks","Handballs","Disposals","Goals","Behinds","Hitouts","Tackles","Rebounds50s","Inside50s","Clearances","Clangers","FreesFor","FreesAgainst","BrownlowVotes","ContestedPossessions","UncontestedPossessions","ContestedMarks","MarksInside50","OnePercenters","Bounces","GoalAssists","PercentagePlayed","PointDifference","Team","Season","Round"
7,"Baker, Liam",10,3,11,21,0,1,0,2,2,4,0,5,0,2,0,8,12,0,2,1,0,0,83,0,"Richmond","2022",19
21,"Balta, Noah",11,5,2,13,1,2,0,1,0,5,1,5,1,1,0,10,3,3,1,0,0,0,80,0,"Richmond","2022",19
29,"Bolton, Shai",9,3,6,15,2,0,0,2,1,6,2,4,0,1,0,8,9,0,1,1,3,0,88,0,"Richmond","2022",19
35,"Broad, Nathan",15,8,7,22,0,0,0,0,7,1,0,3,0,3,0,2,21,0,0,6,0,0,96,0,"Richmond","2022",19
9,"Cotchin, Trent",14,4,9,23,0,0,0,4,1,1,4,5,1,1,0,10,11,0,0,0,0,0,83,0,"Richmond","2022",19
38,"Cumberland, Noah",7,4,5,12,1,1,0,6,0,4,0,5,3,2,0,7,5,1,1,0,0,1,81,0,"Richmond","2022",19
10,"Edwards, Shane",6,4,9,15,0,0,0,1,2,3,1,2,0,0,0,4,11,0,0,0,0,1,71,0,"Richmond","2022",19
34,"Graham, Jack",3,1,8,11,0,0,0,5,0,2,1,2,0,0,0,4,7,0,0,1,0,0,87,0,"Richmond","2022",19
2,"Grimes, Dylan",10,5,7,17,0,0,0,2,3,1,0,3,2,0,0,6,10,0,0,6,0,0,81,0,"Richmond","2022",19
33,"McIntosh, Kamdyn",14,6,2,16,1,0,0,6,3,2,2,2,2,0,0,6,12,0,0,2,0,0,80,0,"Richmond","2022",19
0,"Miller, Ben",11,6,2,13,0,0,0,1,8,1,0,0,2,0,0,3,10,0,1,8,0,0,82,0,"Richmond","2022",19
25,"Nankervis, Toby",2,1,8,10,0,0,10,3,0,1,0,3,0,1,0,6,3,1,1,4,0,0,74,0,"Richmond","2022",19
50,"Pickett, Marlion",10,3,3,13,0,0,0,3,2,4,2,4,0,1,0,6,8,0,0,3,0,0,82,0,"Richmond","2022",19
3,"Prestia, Dion",17,5,13,30,0,0,0,3,2,4,8,5,1,0,2,16,13,0,0,0,0,1,87,0,"Richmond","2022",19
45,"Ralphsmith, Hugo",5,2,4,9,0,0,0,1,0,0,0,0,0,0,0,1,8,0,0,1,0,0,74,0,"Richmond","2022",19
8,"Riewoldt, Jack",10,6,2,12,1,3,0,2,0,5,0,4,0,1,0,2,10,0,2,2,0,0,84,0,"Richmond","2022",19
17,"Rioli, Daniel",7,5,8,15,0,0,0,3,0,3,0,1,0,0,0,5,9,0,0,2,0,0,81,0,"Richmond","2022",19
0,"Rioli, Maurice",1,0,1,2,0,0,0,2,0,0,0,1,1,1,0,2,0,0,0,0,0,0,11,0,"Richmond","2022",19
15,"Short, Jayden",10,5,5,15,0,0,0,7,3,0,2,2,0,0,0,5,10,0,0,0,0,0,81,0,"Richmond","2022",19
20,"Soldo, Ivan",6,4,4,10,0,1,22,4,0,1,2,2,1,2,0,2,7,0,1,2,0,0,77,0,"Richmond","2022",19
40,"Sonsie, Tyler",6,2,5,11,1,0,0,1,1,1,3,1,0,0,0,6,6,0,0,2,0,0,67,0,"Richmond","2022",19
6,"Tarrant, Robbie",11,8,3,14,0,0,0,1,3,1,0,0,0,0,0,4,10,0,0,6,0,0,92,0,"Richmond","2022",19
1,"Vlastuin, Nick",13,6,10,23,0,0,0,6,5,1,0,1,2,0,0,8,11,0,0,4,0,0,81,0,"Richmond","2022",19
9,"Acres, Blake",17,6,5,22,0,0,0,5,2,5,3,6,0,1,0,5,18,0,0,0,0,0,78,0,"Fremantle","2022",19
11,"Aish, James",13,8,10,23,1,0,0,0,3,3,1,0,0,0,0,5,18,0,0,0,0,0,87,0,"Fremantle","2022",19
41,"Banfield, Bailey",4,1,3,7,1,1,0,2,0,2,1,0,0,0,0,3,5,0,0,2,0,1,80,0,"Fremantle","2022",19
8,"Brayshaw, Andrew",7,3,21,28,0,2,0,7,1,1,3,7,2,2,1,9,19,0,0,2,0,0,78,0,"Fremantle","2022",19
17,"Brodie, Will",15,6,11,26,1,0,0,4,0,3,4,5,1,1,0,11,16,0,0,2,0,0,76,0,"Fremantle","2022",19
27,"Chapman, Heath",9,5,7,16,0,0,0,1,5,0,1,1,2,0,0,5,11,0,0,0,1,0,89,0,"Fremantle","2022",19
6,"Clark, Jordan",15,7,9,24,0,1,0,3,5,4,3,3,2,1,0,8,18,0,0,4,0,1,90,0,"Fremantle","2022",19
0,"Colyer, Travis",4,1,4,8,0,0,0,3,0,4,0,2,0,2,0,1,8,0,0,0,0,0,35,0,"Fremantle","2022",19
36,"Cox, Brennan",15,7,8,23,0,0,0,0,7,0,0,2,0,1,0,6,14,2,0,9,0,0,97,0,"Fremantle","2022",19
4,"Darcy, Sean",5,1,6,11,0,0,28,2,1,1,4,0,2,0,0,8,4,0,0,3,0,0,83,0,"Fremantle","2022",19
32,"Frederick, Michael",9,5,4,13,0,1,0,2,2,3,0,1,0,0,0,2,11,0,1,1,1,0,77,0,"Fremantle","2022",19
0,"Fyfe, Nat",3,2,4,7,1,0,0,1,0,1,2,1,0,1,0,5,3,2,2,1,0,0,47,0,"Fremantle","2022",19
23,"Henry, Liam",7,3,6,13,0,0,0,1,0,1,0,0,1,0,0,2,11,0,0,0,0,0,70,0,"Fremantle","2022",19
2,"Logue, Griffin",2,1,9,11,1,1,6,6,0,0,2,2,0,0,0,5,7,0,1,4,0,0,99,0,"Fremantle","2022",19
16,"Mundy, David",10,3,13,23,0,0,0,3,1,3,6,4,1,0,0,13,11,0,0,2,0,0,74,0,"Fremantle","2022",19
25,"Pearce, Alex",9,6,6,15,0,0,0,2,1,0,0,1,0,0,0,4,10,1,0,1,0,0,85,0,"Fremantle","2022",19
13,"Ryan, Luke",20,11,4,24,0,0,0,6,5,1,2,4,2,1,0,7,14,0,0,5,1,0,88,0,"Fremantle","2022",19
5,"Schultz, Lachie",3,4,9,12,0,0,0,3,1,2,0,1,1,0,0,4,8,0,0,0,0,0,82,0,"Fremantle","2022",19
3,"Serong, Caleb",13,1,14,27,0,0,0,0,4,3,6,4,1,1,0,11,15,0,0,0,0,2,73,0,"Fremantle","2022",19
20,"Taberner, Matthew",6,4,2,8,1,1,0,1,0,1,0,2,0,1,0,5,3,3,2,1,0,0,79,0,"Fremantle","2022",19
31,"Walker, Brandon",13,6,3,16,0,0,0,1,0,5,0,2,1,1,0,4,12,0,0,2,0,0,71,0,"Fremantle","2022",19
10,"Walters, Michael",4,1,6,10,1,0,0,4,0,2,1,5,0,2,0,4,6,0,0,0,0,0,84,0,"Fremantle","2022",19
26,"Young, Hayden",23,14,8,31,0,0,0,2,5,5,0,1,0,1,3,8,22,1,0,1,1,0,80,0,"Fremantle","2022",19
