"Number","Player","Kicks","Marks","Handballs","Disposals","Goals","Behinds","Hitouts","Tackles","Rebounds50s","Inside50s","Clearances","Clangers","FreesFor","FreesAgainst","BrownlowVotes","ContestedPossessions","UncontestedPossessions","ContestedMarks","MarksInside50","OnePercenters","Bounces","GoalAssists","PercentagePlayed","PointDifference","Team","Season","Round"
13,"Adams, Taylor",6,2,17,23,0,0,0,3,2,4,5,6,1,3,0,10,13,0,1,0,0,1,80,-48,"Collingwood","2022",9
39,"Begg, Aiden",0,1,2,2,0,0,5,1,0,0,0,2,0,1,0,1,1,0,0,1,0,0,62,-48,"Collingwood","2022",9
17,"Brown, Callum",1,0,4,5,0,0,0,2,0,1,1,1,1,0,0,3,2,0,0,0,0,0,65,-48,"Collingwood","2022",9
6,"Brown, Tyler",5,0,8,13,0,0,0,5,0,2,2,4,1,2,0,5,8,0,0,0,0,0,71,-48,"Collingwood","2022",9
14,"Cameron, Darcy",7,5,4,11,0,0,33,3,1,2,2,2,1,0,0,4,7,2,1,0,0,1,87,-48,"Collingwood","2022",9
25,"Crisp, Jack",11,5,13,24,2,0,0,5,4,4,5,3,0,1,0,7,17,0,0,2,2,0,76,-48,"Collingwood","2022",9
7,"Daicos, Josh",10,3,4,14,0,1,0,2,2,3,1,3,0,1,0,3,11,0,0,0,0,0,86,-48,"Collingwood","2022",9
35,"Daicos, Nick",10,4,11,21,0,0,0,0,5,0,1,3,2,1,0,6,13,0,0,0,0,0,83,-48,"Collingwood","2022",9
2,"de Goey, Jordan",8,7,12,20,1,0,0,2,2,3,4,4,0,2,0,6,14,1,0,0,1,0,85,-48,"Collingwood","2022",9
16,"Henry, Oliver",8,6,2,10,0,3,0,1,0,3,0,1,1,0,0,3,6,1,5,2,0,0,91,-48,"Collingwood","2022",9
32,"Hoskin-Elliott, Will",10,7,3,13,1,0,0,2,1,2,0,4,1,0,0,5,8,0,1,2,1,0,83,-48,"Collingwood","2022",9
38,"Howe, Jeremy",18,9,4,22,0,0,0,3,8,0,0,1,3,1,0,5,14,1,0,7,0,0,95,-48,"Collingwood","2022",9
1,"Lipinski, Patrick",11,1,12,23,1,1,0,5,2,3,1,5,0,2,0,8,14,0,0,1,0,1,85,-48,"Collingwood","2022",9
0,"Macrae, Finlay",1,0,3,4,0,0,0,2,0,1,0,1,1,0,0,3,1,0,0,2,0,0,27,-48,"Collingwood","2022",9
0,"Madgen, Jack",0,0,3,3,0,0,0,2,0,0,0,0,0,0,0,0,3,0,0,2,0,0,27,-48,"Collingwood","2022",9
37,"Maynard, Brayden",18,5,5,23,0,0,0,3,10,1,0,7,1,0,0,8,12,1,0,8,0,0,89,-48,"Collingwood","2022",9
31,"McCreery, Beau",2,1,1,3,0,0,0,0,0,1,0,0,0,0,0,0,3,0,0,2,0,1,77,-48,"Collingwood","2022",9
41,"Mihocek, Brody",5,6,4,9,1,2,0,3,0,1,0,3,0,1,0,3,7,0,3,1,0,0,90,-48,"Collingwood","2022",9
30,"Moore, Darcy",12,7,5,17,0,0,0,0,3,1,0,4,1,3,0,4,6,2,0,5,2,0,96,-48,"Collingwood","2022",9
9,"Noble, John",12,6,6,18,0,0,0,2,3,5,0,3,3,1,0,6,13,0,0,0,4,0,89,-48,"Collingwood","2022",9
24,"Poulter, Caleb",10,2,3,13,0,0,0,4,3,3,3,3,0,3,0,5,8,0,0,3,0,0,77,-48,"Collingwood","2022",9
3,"Quaynor, Isaac",8,5,8,16,1,0,0,4,3,2,1,2,1,0,0,6,10,1,0,1,1,0,94,-48,"Collingwood","2022",9
22,"Sidebottom, Steele",10,3,6,16,0,0,0,2,2,4,1,3,0,0,0,5,11,0,0,2,0,1,87,-48,"Collingwood","2022",9
4,"Bontempelli, Marcus",20,8,6,26,1,2,0,5,2,6,5,4,1,2,0,11,15,1,2,1,2,1,87,48,"Western Bulldogs","2022",9
36,"Cleary, Luke",9,7,4,13,0,0,0,2,0,1,0,1,0,0,0,3,11,0,0,0,0,0,81,48,"Western Bulldogs","2022",9
12,"Cordy, Zaine",6,2,5,11,0,0,9,4,0,0,1,3,1,1,0,7,4,1,1,4,0,1,72,48,"Western Bulldogs","2022",9
31,"Dale, Bailey",20,11,9,29,0,0,0,0,6,5,2,2,1,2,0,4,18,0,0,5,1,0,87,48,"Western Bulldogs","2022",9
35,"Daniel, Caleb",20,10,14,34,0,0,0,1,5,3,0,2,1,0,0,8,23,0,0,0,0,0,88,48,"Western Bulldogs","2022",9
5,"Dunkley, Josh",15,9,9,24,3,0,0,2,0,4,3,4,3,2,1,9,17,2,2,1,0,0,80,48,"Western Bulldogs","2022",9
15,"Duryea, Taylor",9,8,2,11,0,0,0,0,0,1,0,1,0,0,0,2,9,0,0,3,0,0,78,48,"Western Bulldogs","2022",9
43,"Gardner, Ryan",8,6,2,10,0,0,0,1,4,0,0,1,1,0,0,3,7,0,0,11,0,0,95,48,"Western Bulldogs","2022",9
42,"Keath, Alex",8,7,4,12,0,0,0,3,2,1,0,1,0,0,0,2,9,0,0,6,0,0,83,48,"Western Bulldogs","2022",9
24,"Khamis, Buku",8,4,2,10,3,1,0,0,0,1,0,4,1,1,0,5,5,1,2,1,0,0,67,48,"Western Bulldogs","2022",9
21,"Liberatore, Tom",15,5,16,31,0,0,0,8,4,4,5,2,1,0,0,12,21,0,0,3,0,1,85,48,"Western Bulldogs","2022",9
11,"Macrae, Jack",18,8,19,37,0,1,0,3,1,5,9,6,0,2,0,14,23,0,0,0,1,0,78,48,"Western Bulldogs","2022",9
27,"McComb, Robbie",4,2,9,13,0,0,0,1,0,3,1,4,1,1,0,7,6,0,0,0,0,1,80,48,"Western Bulldogs","2022",9
30,"McNeil, Lachlan",4,1,4,8,0,0,0,5,0,1,1,2,2,1,0,3,5,0,1,0,0,0,83,48,"Western Bulldogs","2022",9
33,"Naughton, Aaron",14,6,2,16,3,2,0,2,0,5,0,3,3,0,0,7,8,2,1,1,0,0,79,48,"Western Bulldogs","2022",9
20,"Richards, Ed",15,9,5,20,0,0,0,4,4,4,0,3,1,1,0,4,16,1,0,5,3,2,89,48,"Western Bulldogs","2022",9
28,"Scott, Anthony",8,5,3,11,1,0,0,1,1,2,0,1,2,0,0,5,6,0,1,4,0,0,76,48,"Western Bulldogs","2022",9
6,"Smith, Bailey",22,3,19,41,0,2,0,1,5,9,6,8,0,1,2,16,26,0,1,0,2,2,92,48,"Western Bulldogs","2022",9
37,"Smith, Roarke",0,0,0,0,0,0,0,0,0,0,0,0,0,0,0,0,0,0,0,0,0,0,0,48,"Western Bulldogs","2022",9
41,"Sweet, Jordon",6,5,7,13,0,0,26,3,1,2,1,1,0,0,0,4,8,0,0,7,0,0,81,48,"Western Bulldogs","2022",9
1,"Treloar, Adam",21,3,14,35,3,1,0,3,1,4,8,4,3,0,3,15,21,0,2,0,0,0,79,48,"Western Bulldogs","2022",9
14,"West, Rhylee",9,5,7,16,0,0,0,5,1,3,1,6,0,4,0,4,13,0,0,2,0,2,82,48,"Western Bulldogs","2022",9
34,"Williams, Bailey",10,5,6,16,0,2,0,1,1,4,0,1,0,0,0,1,15,0,1,2,0,0,79,48,"Western Bulldogs","2022",9
