"Number","Player","Kicks","Marks","Handballs","Disposals","Goals","Behinds","Hitouts","Tackles","Rebounds50s","Inside50s","Clearances","Clangers","FreesFor","FreesAgainst","BrownlowVotes","ContestedPossessions","UncontestedPossessions","ContestedMarks","MarksInside50","OnePercenters","Bounces","GoalAssists","PercentagePlayed","PointDifference","Team","Season","Round"
3,"Anderson, Jed",13,4,14,27,0,0,0,3,2,4,7,4,2,1,0,13,13,1,0,1,0,0,70,-38,"North Melbourne","2022",21
21,"Coleman-Jones, Callum",7,2,3,10,1,0,12,2,0,3,2,3,1,1,0,5,4,1,1,2,0,0,63,-38,"North Melbourne","2022",21
4,"Corr, Aidan",8,5,2,10,0,0,0,2,4,0,0,2,0,2,0,4,6,2,0,8,0,0,94,-38,"North Melbourne","2022",21
25,"Curtis, Paul",7,4,4,11,0,0,0,5,0,3,0,3,0,1,0,4,9,0,0,2,0,1,80,-38,"North Melbourne","2022",21
9,"Davies-Uniacke, Luke",14,4,16,30,1,1,0,5,1,6,6,5,1,1,0,14,15,0,0,1,2,2,79,-38,"North Melbourne","2022",21
42,"Dawson, Kallan",7,2,7,14,0,0,0,4,1,1,0,4,0,0,0,5,7,0,0,2,0,0,83,-38,"North Melbourne","2022",21
22,"Goldstein, Todd",6,4,13,19,0,1,19,4,0,2,3,3,3,1,0,10,10,1,0,3,0,1,87,-38,"North Melbourne","2022",21
18,"Greenwood, Hugh",3,1,6,9,0,0,0,5,0,2,4,0,2,0,0,7,4,0,0,3,0,1,78,-38,"North Melbourne","2022",21
43,"Hall, Aaron",15,7,5,20,1,0,0,3,3,3,0,2,0,0,0,5,10,1,0,1,0,0,79,-38,"North Melbourne","2022",21
6,"Horne-Francis, Jason",8,3,5,13,0,0,0,2,1,2,5,3,1,1,0,9,6,0,1,2,1,0,71,-38,"North Melbourne","2022",21
20,"Larkey, Nick",9,3,2,11,7,0,0,1,0,0,0,1,4,0,1,8,2,3,3,0,0,0,91,-38,"North Melbourne","2022",21
35,"Lazzaro, Charlie",6,2,6,12,0,0,0,0,0,1,1,1,0,0,0,3,9,0,1,1,0,1,80,-38,"North Melbourne","2022",21
11,"McDonald, Luke",12,4,5,17,0,0,0,3,5,1,2,2,1,1,0,6,11,0,0,2,0,0,93,-38,"North Melbourne","2022",21
39,"Perez, Flynn",0,0,0,0,0,0,0,0,0,0,0,0,0,0,0,0,0,0,0,0,0,0,0,-38,"North Melbourne","2022",21
24,"Powell, Tom",6,4,7,13,0,0,0,1,0,4,1,1,0,0,0,2,10,0,0,0,0,1,63,-38,"North Melbourne","2022",21
8,"Scott, Bailey",9,1,6,15,0,0,0,1,4,2,0,3,0,1,0,3,14,0,0,1,2,0,84,-38,"North Melbourne","2022",21
12,"Simpkin, Jy",18,5,13,31,0,1,0,6,4,6,6,4,3,1,0,12,19,0,1,1,0,2,85,-38,"North Melbourne","2022",21
2,"Stephenson, Jaidyn",19,8,12,31,0,0,0,3,6,0,0,3,0,1,0,3,20,0,0,0,0,0,78,-38,"North Melbourne","2022",21
5,"Taylor, Curtis",12,8,11,23,1,0,0,1,1,2,0,3,0,2,0,9,15,0,3,1,0,0,90,-38,"North Melbourne","2022",21
19,"Walker, Josh",7,8,5,12,0,0,0,1,3,1,0,4,0,1,0,5,7,3,0,2,0,0,88,-38,"North Melbourne","2022",21
17,"Young, Lachie",10,4,3,13,0,0,0,4,4,3,1,2,1,0,0,3,10,0,0,6,0,0,85,-38,"North Melbourne","2022",21
7,"Ziebell, Jack",5,3,3,8,0,0,0,1,0,1,0,1,0,0,0,3,8,0,0,2,0,0,87,-38,"North Melbourne","2022",21
44,"Zurhaar, Cameron",7,3,2,9,2,1,0,3,0,0,0,4,0,3,0,3,5,0,2,0,0,0,92,-38,"North Melbourne","2022",21
22,"Blakey, Nick",14,4,7,21,0,1,0,3,5,3,1,3,3,0,0,5,11,1,0,3,1,1,79,38,"Sydney","2022",21
4,"Clarke, Ryan",4,1,5,9,0,1,0,1,0,3,0,4,0,1,0,5,6,0,1,5,0,0,83,38,"Sydney","2022",21
13,"Florent, Oliver",12,5,5,17,0,0,0,2,0,5,0,3,1,0,0,7,12,0,1,0,1,2,80,38,"Sydney","2022",21
42,"Fox, Robbie",9,1,3,12,0,0,0,5,1,2,0,3,1,0,0,3,7,0,0,1,1,0,90,38,"Sydney","2022",21
23,"Franklin, Lance",10,5,2,12,4,3,0,3,0,0,0,3,1,2,0,3,9,0,3,0,0,0,84,38,"Sydney","2022",21
21,"Gulden, Errol",10,3,7,17,1,0,0,6,1,6,2,0,0,0,0,6,11,0,0,5,0,1,77,38,"Sydney","2022",21
9,"Hayward, Will",8,7,8,16,1,2,0,6,0,1,2,2,1,1,0,8,9,2,1,1,0,0,85,38,"Sydney","2022",21
5,"Heeney, Isaac",11,5,10,21,2,1,0,5,1,2,2,5,0,0,0,11,9,1,2,1,0,0,88,38,"Sydney","2022",21
31,"Hickey, Tom",13,3,7,20,0,0,38,1,0,5,9,4,1,0,0,15,5,1,0,0,0,1,75,38,"Sydney","2022",21
44,"Lloyd, Jake",12,5,8,20,0,0,0,5,4,1,1,1,0,0,0,5,11,1,0,1,0,0,88,38,"Sydney","2022",21
39,"McCartin, Paddy",5,1,1,6,0,0,0,3,1,2,0,1,2,0,0,6,2,0,0,8,0,1,84,38,"Sydney","2022",21
30,"McCartin, Tom",5,2,12,17,0,0,0,2,3,0,1,5,1,4,0,9,9,1,0,5,0,0,91,38,"Sydney","2022",21
6,"McDonald, Logan",6,2,3,9,2,2,0,6,0,0,0,2,1,1,0,4,5,0,1,2,0,1,74,38,"Sydney","2022",21
27,"McInerney, Justin",9,4,11,20,0,0,0,1,1,1,2,2,0,0,0,4,15,0,0,0,0,0,74,38,"Sydney","2022",21
14,"Mills, Callum",11,4,12,23,0,1,0,5,1,4,5,2,2,1,0,12,9,0,0,3,0,1,85,38,"Sydney","2022",21
11,"Papley, Tom",14,7,2,16,3,0,0,1,1,3,0,6,1,2,0,5,10,0,2,1,0,1,78,38,"Sydney","2022",21
26,"Parker, Luke",15,3,14,29,0,0,0,9,1,5,7,5,0,1,2,12,17,0,1,1,0,0,80,38,"Sydney","2022",21
24,"Rampe, Dane",12,3,3,15,0,0,0,2,9,1,0,3,1,2,0,1,12,0,0,10,0,0,92,38,"Sydney","2022",21
20,"Reid, Sam",6,4,2,8,2,0,7,2,0,3,2,4,1,2,0,5,4,1,2,2,0,0,83,38,"Sydney","2022",21
25,"Ronke, Ben",0,0,0,0,0,0,0,0,0,0,0,0,0,0,0,0,0,0,0,0,0,0,0,38,"Sydney","2022",21
8,"Rowbottom, James",12,3,10,22,0,1,0,6,2,2,2,5,0,0,0,11,10,0,0,0,0,2,76,38,"Sydney","2022",21
3,"Stephens, Dylan",9,2,5,14,0,1,0,3,1,2,0,3,1,0,0,2,12,0,0,3,0,0,72,38,"Sydney","2022",21
1,"Warner, Chad",13,3,7,20,3,2,0,4,1,7,6,5,0,2,3,10,11,0,1,1,0,0,82,38,"Sydney","2022",21
