"Number","Player","Kicks","Marks","Handballs","Disposals","Goals","Behinds","Hitouts","Tackles","Rebounds50s","Inside50s","Clearances","Clangers","FreesFor","FreesAgainst","BrownlowVotes","ContestedPossessions","UncontestedPossessions","ContestedMarks","MarksInside50","OnePercenters","Bounces","GoalAssists","PercentagePlayed","PointDifference","Team","Season","Round"
37,"Barrass, Tom",13,6,3,16,0,0,0,0,4,0,0,2,0,2,0,6,8,2,0,8,0,0,93,-63,"West Coast","2022",5
15,"Cripps, Jamie",9,4,2,11,1,1,0,2,0,3,1,0,2,0,0,4,7,0,0,0,0,1,85,-63,"West Coast","2022",5
27,"Darling, Jack",6,2,4,10,1,0,0,0,0,3,0,2,1,0,0,5,4,0,0,1,0,0,92,-63,"West Coast","2022",5
41,"Dixon, Hugh",5,2,4,9,0,0,11,4,0,3,0,0,3,0,0,5,4,0,0,1,0,0,78,-63,"West Coast","2022",5
14,"Duggan, Liam",14,8,11,25,0,0,0,1,7,0,1,5,1,2,0,7,19,0,0,2,0,0,83,-63,"West Coast","2022",5
42,"Edwards, Harry",9,7,3,12,0,0,0,1,2,0,1,0,0,0,0,2,10,0,0,7,0,0,89,-63,"West Coast","2022",5
29,"Foley, Luke",12,7,5,17,0,0,0,4,4,2,0,3,2,0,0,3,15,1,0,1,0,0,88,-63,"West Coast","2022",5
25,"Hurn, Shannon",12,5,3,15,0,0,0,2,4,0,0,1,0,0,0,1,9,0,0,3,0,0,72,-63,"West Coast","2022",5
31,"Jones, Jamaine",5,1,3,8,0,0,0,4,0,2,1,3,0,2,0,3,6,0,0,0,0,0,73,-63,"West Coast","2022",5
11,"Kelly, Tim",9,5,7,16,0,0,0,4,2,4,3,2,0,1,0,5,11,0,0,0,0,1,79,-63,"West Coast","2022",5
17,"Kennedy, Josh",6,3,0,6,2,1,0,2,0,1,0,3,1,3,0,2,4,0,2,0,0,0,77,-63,"West Coast","2022",5
7,"Langdon, Zac",3,1,9,12,0,0,0,3,0,1,0,2,1,2,0,8,5,0,0,0,0,1,89,-63,"West Coast","2022",5
28,"Naish, Patrick",15,5,11,26,0,1,0,1,5,2,1,8,1,2,0,7,18,0,1,0,1,0,93,-63,"West Coast","2022",5
30,"Nelson, Jackson",4,2,7,11,0,0,0,2,0,0,3,0,0,0,0,3,8,0,0,1,0,0,87,-63,"West Coast","2022",5
8,"Redden, Jack",6,3,14,20,1,0,0,5,0,0,4,2,0,1,0,12,9,0,1,1,0,0,88,-63,"West Coast","2022",5
44,"Rioli, Willie",7,5,2,9,0,0,0,5,2,0,0,4,1,1,0,4,7,0,0,1,0,0,70,-63,"West Coast","2022",5
35,"Rotham, Josh",7,5,6,13,0,0,0,2,1,0,0,3,0,0,0,1,11,0,0,3,0,0,87,-63,"West Coast","2022",5
1,"Ryan, Liam",9,4,1,10,3,0,0,3,0,2,0,3,3,0,0,7,3,2,1,0,0,0,80,-63,"West Coast","2022",5
13,"Shuey, Luke",11,0,7,18,0,0,0,4,3,2,7,2,2,0,0,9,8,0,0,4,0,0,70,-63,"West Coast","2022",5
2,"Waterman, Jake",0,0,0,0,0,0,0,0,0,0,0,0,0,0,0,0,0,0,0,0,0,0,0,-63,"West Coast","2022",5
32,"Williams, Bailey",8,2,3,11,1,0,14,2,3,3,3,7,0,4,0,7,4,0,1,2,0,0,80,-63,"West Coast","2022",5
23,"Witherden, Alex",20,9,3,23,0,0,0,2,9,0,0,0,1,0,0,3,14,0,0,5,0,0,82,-63,"West Coast","2022",5
6,"Yeo, Elliot",9,3,6,15,0,1,0,4,1,1,2,2,0,0,0,7,10,0,0,1,0,0,66,-63,"West Coast","2022",5
32,"Bell, James",10,3,0,10,1,1,0,1,0,1,0,3,0,0,0,4,6,1,0,1,0,0,77,63,"Sydney","2022",5
22,"Blakey, Nick",15,5,5,20,1,0,0,0,3,1,0,5,0,3,0,5,14,0,0,2,2,0,82,63,"Sydney","2022",5
16,"Campbell, Braeden",7,2,3,10,0,0,0,2,2,1,1,0,1,0,0,5,6,0,0,2,0,0,77,63,"Sydney","2022",5
7,"Cunningham, Harry",6,5,6,12,0,0,0,0,0,0,0,2,0,1,0,3,10,1,0,1,0,0,91,63,"Sydney","2022",5
13,"Florent, Oliver",6,2,10,16,0,0,0,4,1,1,2,0,1,0,0,3,12,0,0,1,0,0,82,63,"Sydney","2022",5
21,"Gulden, Errol",21,7,6,27,0,1,0,1,0,4,1,5,1,1,0,8,18,0,1,1,0,1,79,63,"Sydney","2022",5
9,"Hayward, Will",12,7,4,16,2,1,0,1,0,9,1,3,0,1,0,4,13,0,1,0,0,2,81,63,"Sydney","2022",5
5,"Heeney, Isaac",12,8,4,16,3,2,0,6,0,3,3,3,0,3,0,8,8,4,4,1,1,2,74,63,"Sydney","2022",5
12,"Kennedy, Josh",0,0,0,0,0,0,0,0,0,0,0,0,0,0,0,0,0,0,0,0,0,0,0,63,"Sydney","2022",5
19,"Ladhams, Peter",13,4,11,24,1,0,25,2,1,5,5,5,3,1,2,13,11,0,0,5,0,0,86,63,"Sydney","2022",5
44,"Lloyd, Jake",18,7,6,24,0,0,0,2,3,3,1,2,1,0,0,5,17,0,0,3,1,0,82,63,"Sydney","2022",5
39,"McCartin, Paddy",9,4,1,10,0,0,0,0,1,1,0,1,1,1,0,4,6,1,0,6,0,0,88,63,"Sydney","2022",5
30,"McCartin, Tom",8,7,7,15,0,0,0,0,2,1,0,3,1,1,0,7,8,1,0,8,0,0,91,63,"Sydney","2022",5
6,"McDonald, Logan",10,8,2,12,2,0,0,4,0,4,0,1,0,0,0,3,9,1,0,1,0,3,69,63,"Sydney","2022",5
27,"McInerney, Justin",16,5,8,24,1,1,0,0,0,2,3,2,2,0,0,5,19,0,3,1,1,0,82,63,"Sydney","2022",5
2,"McLean, Hayden",8,5,5,13,2,1,2,5,0,0,0,1,3,0,0,8,6,1,2,2,0,2,94,63,"Sydney","2022",5
14,"Mills, Callum",17,5,11,28,0,0,0,4,1,8,6,3,2,0,3,17,13,0,0,0,0,0,77,63,"Sydney","2022",5
26,"Parker, Luke",16,8,10,26,2,1,0,5,0,6,5,6,1,1,1,13,13,0,1,2,0,1,88,63,"Sydney","2022",5
24,"Rampe, Dane",4,2,4,8,0,0,0,2,1,0,1,3,1,3,0,4,5,0,0,3,0,0,89,63,"Sydney","2022",5
20,"Reid, Sam",5,1,7,12,0,1,7,3,0,3,0,0,1,0,0,8,4,1,1,3,0,0,74,63,"Sydney","2022",5
25,"Ronke, Ben",11,3,8,19,1,2,0,4,0,5,0,3,0,1,0,8,10,0,1,1,0,2,81,63,"Sydney","2022",5
8,"Rowbottom, James",13,4,10,23,0,0,0,5,4,5,2,3,0,1,0,7,17,0,0,2,0,1,79,63,"Sydney","2022",5
1,"Warner, Chad",6,1,14,20,2,0,0,0,0,2,4,2,1,1,0,6,14,0,1,0,1,0,77,63,"Sydney","2022",5
