"Number","Player","Kicks","Marks","Handballs","Disposals","Goals","Behinds","Hitouts","Tackles","Rebounds50s","Inside50s","Clearances","Clangers","FreesFor","FreesAgainst","BrownlowVotes","ContestedPossessions","UncontestedPossessions","ContestedMarks","MarksInside50","OnePercenters","Bounces","GoalAssists","PercentagePlayed","PointDifference","Team","Season","Round"
9,"Acres, Blake",17,4,8,25,0,0,0,1,4,4,3,7,4,3,0,7,19,0,0,1,0,0,78,-10,"Fremantle","2022",2
11,"Aish, James",13,4,6,19,0,1,0,2,0,2,0,3,2,1,0,4,14,0,0,1,0,0,86,-10,"Fremantle","2022",2
41,"Banfield, Bailey",3,1,2,5,0,0,0,3,1,2,0,3,1,2,0,2,3,0,0,0,0,0,74,-10,"Fremantle","2022",2
8,"Brayshaw, Andrew",26,10,14,40,1,2,0,8,0,7,4,1,5,0,3,13,27,0,0,0,0,0,82,-10,"Fremantle","2022",2
17,"Brodie, Will",13,6,13,26,0,0,0,7,3,5,4,4,1,1,0,8,19,0,0,0,0,0,61,-10,"Fremantle","2022",2
27,"Chapman, Heath",7,6,6,13,0,0,0,4,0,1,1,2,0,0,0,4,11,0,0,2,0,1,73,-10,"Fremantle","2022",2
6,"Clark, Jordan",9,4,7,16,0,0,0,2,3,1,2,2,0,0,0,4,12,0,0,2,0,0,86,-10,"Fremantle","2022",2
33,"Colyer, Travis",10,3,2,12,2,0,0,0,1,3,1,4,1,1,0,5,8,0,0,1,0,0,81,-10,"Fremantle","2022",2
0,"Darcy, Sean",4,3,6,10,0,0,12,0,0,3,3,1,0,0,0,7,3,1,0,4,0,1,56,-10,"Fremantle","2022",2
32,"Frederick, Michael",3,1,3,6,0,1,0,3,0,0,0,2,0,0,0,1,4,0,0,1,0,0,79,-10,"Fremantle","2022",2
21,"Hamling, Joel",6,4,4,10,0,0,0,0,1,1,0,2,1,2,0,1,10,0,0,7,2,0,87,-10,"Fremantle","2022",2
37,"Lobb, Rory",8,3,5,13,2,0,1,1,1,0,0,2,3,0,0,11,2,2,1,2,0,0,100,-10,"Fremantle","2022",2
2,"Logue, Griffin",8,7,6,14,0,0,0,1,2,1,0,2,0,1,0,2,10,0,0,8,0,0,91,-10,"Fremantle","2022",2
22,"Meek, Lloyd",5,5,2,7,1,0,16,3,1,0,1,2,0,2,0,3,5,1,1,9,0,0,83,-10,"Fremantle","2022",2
0,"ODriscoll, Nathan",1,0,1,2,1,0,0,0,0,0,0,0,0,0,0,0,2,0,0,1,0,0,21,-10,"Fremantle","2022",2
25,"Pearce, Alex",11,7,5,16,0,0,0,0,4,0,0,2,1,0,0,7,8,1,0,4,0,0,86,-10,"Fremantle","2022",2
13,"Ryan, Luke",27,9,5,32,0,0,0,2,8,0,1,5,4,1,0,10,17,1,0,4,1,0,84,-10,"Fremantle","2022",2
5,"Schultz, Lachie",7,3,3,10,0,0,0,1,0,3,0,4,0,2,0,4,6,0,0,2,0,1,81,-10,"Fremantle","2022",2
3,"Serong, Caleb",8,1,12,20,0,0,0,4,1,2,2,5,2,3,0,8,12,0,0,1,0,0,81,-10,"Fremantle","2022",2
39,"Switkowski, Sam",3,0,14,17,0,1,0,4,0,1,2,3,0,1,0,11,6,0,0,2,1,1,79,-10,"Fremantle","2022",2
18,"Tucker, Darcy",8,5,8,16,0,0,0,5,3,2,1,3,0,1,0,4,12,0,0,0,0,0,82,-10,"Fremantle","2022",2
10,"Walters, Michael",6,3,2,8,1,1,0,2,0,3,0,3,1,1,0,3,5,0,1,0,0,0,86,-10,"Fremantle","2022",2
26,"Young, Hayden",18,9,13,31,0,0,0,0,6,1,1,5,1,2,0,11,19,3,0,2,0,0,81,-10,"Fremantle","2022",2
26,"Battle, Josh",18,13,3,21,0,0,0,5,4,3,0,6,1,1,0,7,14,3,0,3,1,1,84,10,"St Kilda","2022",2
16,"Butler, Dan",7,2,3,10,1,0,0,6,0,3,0,3,0,1,0,4,6,0,0,0,2,1,77,10,"St Kilda","2022",2
13,"Byrnes, Ryan",8,0,3,11,0,1,0,3,0,5,0,0,1,0,0,3,8,0,0,0,0,1,72,10,"St Kilda","2022",2
5,"Crouch, Brad",15,4,14,29,0,0,0,5,0,2,4,9,4,4,0,14,16,0,0,0,0,0,74,10,"St Kilda","2022",2
4,"Gresham, Jade",16,3,9,25,0,2,0,1,0,8,5,7,1,2,0,9,14,0,0,0,0,1,87,10,"St Kilda","2022",2
47,"Hayes, Jack",5,3,7,12,0,0,6,4,0,2,3,2,4,1,0,7,6,1,1,0,0,0,75,10,"St Kilda","2022",2
22,"Higgins, Jack",11,5,5,16,4,2,0,4,0,2,1,2,2,0,1,4,10,0,4,0,0,0,87,10,"St Kilda","2022",2
8,"Hill, Bradley",17,6,13,30,0,0,0,1,5,1,1,7,1,2,0,5,22,0,0,2,1,1,80,10,"St Kilda","2022",2
39,"Joyce, Darragh",7,4,4,11,0,0,0,1,3,0,1,2,0,1,0,4,7,0,0,6,0,0,90,10,"St Kilda","2022",2
12,"King, Max",8,6,3,11,4,1,0,0,0,1,0,3,1,2,2,9,4,4,4,0,0,0,84,10,"St Kilda","2022",2
31,"Lienert, Jarrod",16,5,2,18,0,0,0,1,7,0,1,5,0,2,0,1,15,0,0,2,0,0,77,10,"St Kilda","2022",2
19,"Marshall, Rowan",4,3,5,9,0,0,26,1,0,2,1,0,3,0,0,3,6,0,0,4,0,0,88,10,"St Kilda","2022",2
36,"McKenzie, Daniel",16,5,3,19,0,0,0,0,3,5,2,5,0,1,0,9,10,1,0,4,2,0,77,10,"St Kilda","2022",2
28,"Membrey, Tim",6,5,8,14,0,3,0,2,0,2,0,4,1,3,0,8,7,1,3,1,0,0,93,10,"St Kilda","2022",2
33,"Paton, Ben",8,6,8,16,0,0,0,0,3,1,0,3,1,0,0,6,10,0,0,1,0,0,85,10,"St Kilda","2022",2
6,"Ross, Sebastian",6,4,15,21,0,0,0,1,1,2,5,3,0,3,0,8,12,0,0,0,0,0,77,10,"St Kilda","2022",2
43,"Sharman, Cooper",0,0,0,0,0,0,0,0,0,0,0,0,0,0,0,0,0,0,0,0,0,0,0,10,"St Kilda","2022",2
35,"Sinclair, Jack",16,2,9,25,0,0,0,6,1,5,6,1,1,0,0,11,13,0,0,4,2,0,79,10,"St Kilda","2022",2
9,"Steele, Jack",7,0,16,23,0,1,0,13,0,2,6,3,2,1,0,12,12,0,0,1,0,0,82,10,"St Kilda","2022",2
7,"Wanganeen-Milera, Nasiah",10,4,3,13,0,0,0,2,0,1,0,2,0,1,0,4,9,0,0,1,0,0,72,10,"St Kilda","2022",2
29,"Webster, Jimmy",10,8,4,14,0,0,0,2,3,1,0,3,1,1,0,3,11,0,0,0,0,0,87,10,"St Kilda","2022",2
44,"Wilkie, Callum",12,8,4,16,0,0,0,2,1,1,0,1,0,1,0,4,12,2,0,6,0,0,97,10,"St Kilda","2022",2
32,"Wood, Mason",7,4,7,14,0,0,0,0,2,1,1,1,0,0,0,7,7,0,0,0,0,0,78,10,"St Kilda","2022",2
