"Number","Player","Kicks","Marks","Handballs","Disposals","Goals","Behinds","Hitouts","Tackles","Rebounds50s","Inside50s","Clearances","Clangers","FreesFor","FreesAgainst","BrownlowVotes","ContestedPossessions","UncontestedPossessions","ContestedMarks","MarksInside50","OnePercenters","Bounces","GoalAssists","PercentagePlayed","PointDifference","Team","Season","Round"
12,"Bedford, Toby",0,0,0,0,0,0,0,0,0,0,0,0,0,0,0,0,0,0,0,0,0,0,0,-12,"Melbourne","2022",12
17,"Bowey, Jake",11,3,3,14,0,0,0,3,2,1,1,2,3,1,0,3,8,0,0,1,0,0,69,-12,"Melbourne","2022",12
10,"Brayshaw, Angus",19,7,5,24,0,1,0,3,5,2,2,1,1,0,0,5,16,0,0,3,0,0,79,-12,"Melbourne","2022",12
50,"Brown, Ben",2,2,2,4,0,1,1,1,0,0,0,2,0,2,0,1,5,0,1,1,0,1,68,-12,"Melbourne","2022",12
38,"Brown, Mitch",5,4,3,8,0,0,0,4,0,4,0,2,1,0,0,3,5,1,0,2,0,1,83,-12,"Melbourne","2022",12
31,"Fritsch, Bayley",6,4,1,7,3,0,0,0,0,2,0,1,0,1,0,3,5,0,2,1,0,0,88,-12,"Melbourne","2022",12
11,"Gawn, Max",18,9,10,28,3,1,30,0,1,6,5,5,5,2,3,23,6,6,2,1,0,0,97,-12,"Melbourne","2022",12
4,"Harmes, James",8,3,5,13,0,0,0,2,0,4,0,3,2,1,0,4,9,0,0,3,0,1,69,-12,"Melbourne","2022",12
29,"Hunt, Jayden",0,0,3,3,0,0,0,0,2,0,0,0,0,0,0,2,1,0,0,1,0,0,85,-12,"Melbourne","2022",12
6,"Jackson, Luke",7,4,6,13,1,1,8,4,0,1,1,7,1,3,0,6,8,1,2,0,0,1,65,-12,"Melbourne","2022",12
23,"Jordon, James",14,2,10,24,1,1,0,2,1,5,0,2,4,0,0,7,18,0,0,3,0,0,72,-12,"Melbourne","2022",12
15,"Langdon, Ed",13,4,10,23,1,0,0,2,3,2,3,2,0,1,0,8,15,0,1,2,0,0,100,-12,"Melbourne","2022",12
8,"Lever, Jake",3,2,5,8,0,0,0,4,0,0,0,1,0,0,0,3,4,0,0,8,0,0,100,-12,"Melbourne","2022",12
30,"Neal-Bullen, Alex",8,1,12,20,0,1,0,3,1,2,3,1,3,1,0,12,9,0,0,1,0,0,83,-12,"Melbourne","2022",12
13,"Oliver, Clayton",9,4,20,29,0,0,0,7,3,2,7,4,1,2,0,19,14,0,0,3,1,0,91,-12,"Melbourne","2022",12
5,"Petracca, Christian",15,4,10,25,0,0,0,3,1,5,3,5,0,0,0,10,12,0,0,0,0,1,91,-12,"Melbourne","2022",12
35,"Petty, Harry",7,3,1,8,0,0,0,1,1,2,0,1,0,0,0,4,5,2,0,7,0,0,83,-12,"Melbourne","2022",12
36,"Pickett, Kysaiah",5,1,6,11,0,0,0,2,1,2,1,4,0,3,0,6,7,0,0,3,0,2,76,-12,"Melbourne","2022",12
3,"Salem, Christian",17,9,3,20,0,0,0,3,9,3,0,2,1,1,0,1,16,0,0,2,0,0,84,-12,"Melbourne","2022",12
9,"Spargo, Charlie",8,6,2,10,0,0,0,1,1,1,0,1,0,1,0,3,8,1,0,1,0,0,76,-12,"Melbourne","2022",12
32,"Sparrow, Tom",6,2,6,12,0,0,0,3,1,2,2,3,0,2,0,5,7,0,0,1,0,0,60,-12,"Melbourne","2022",12
20,"Tomlinson, Adam",9,4,3,12,0,0,0,1,7,0,0,6,0,2,0,5,5,1,0,6,0,0,100,-12,"Melbourne","2022",12
7,"Viney, Jack",15,2,17,32,0,0,0,4,2,5,5,9,1,1,0,17,15,0,0,1,1,1,82,-12,"Melbourne","2022",12
36,"Amartey, Joel",2,1,1,3,0,1,0,3,0,1,0,1,1,1,0,3,1,0,0,4,0,0,64,12,"Sydney","2022",12
22,"Blakey, Nick",16,6,2,18,0,0,0,3,5,1,2,1,2,0,0,3,9,0,0,6,1,0,80,12,"Sydney","2022",12
13,"Florent, Oliver",10,6,2,12,0,0,0,1,3,2,2,2,0,0,0,3,8,0,0,2,0,0,92,12,"Sydney","2022",12
42,"Fox, Robbie",8,6,0,8,0,0,0,0,3,1,0,1,1,0,0,1,7,0,0,2,1,0,93,12,"Sydney","2022",12
21,"Gulden, Errol",14,4,3,17,1,0,0,5,2,3,1,1,3,0,0,10,7,0,0,1,0,1,78,12,"Sydney","2022",12
9,"Hayward, Will",6,4,3,9,0,0,0,6,0,1,0,6,0,2,0,6,2,2,0,0,0,0,87,12,"Sydney","2022",12
5,"Heeney, Isaac",15,8,4,19,1,2,0,1,0,8,3,3,1,1,0,9,11,1,2,1,0,0,83,12,"Sydney","2022",12
19,"Ladhams, Peter",6,1,7,13,0,0,16,1,1,2,5,3,2,3,0,9,5,1,0,5,0,0,77,12,"Sydney","2022",12
44,"Lloyd, Jake",15,9,7,22,0,0,0,1,7,2,1,4,0,0,0,6,15,1,0,1,0,0,88,12,"Sydney","2022",12
39,"McCartin, Paddy",13,6,2,15,0,0,0,2,5,1,0,3,2,1,0,6,8,0,0,10,0,0,73,12,"Sydney","2022",12
30,"McCartin, Tom",5,4,2,7,0,0,0,7,4,1,0,3,0,2,0,2,5,1,0,8,0,0,86,12,"Sydney","2022",12
6,"McDonald, Logan",11,5,5,16,3,2,0,1,0,3,0,2,0,1,0,6,9,1,2,2,0,0,87,12,"Sydney","2022",12
27,"McInerney, Justin",11,8,2,13,0,1,0,1,1,3,1,0,0,0,0,2,11,1,2,1,1,1,91,12,"Sydney","2022",12
14,"Mills, Callum",15,7,11,26,0,0,0,10,2,3,6,4,1,1,2,12,13,1,0,1,0,0,88,12,"Sydney","2022",12
0,"ORiordan, Colin",0,0,1,1,0,0,0,0,0,0,0,0,0,0,0,1,0,0,0,0,0,0,8,12,"Sydney","2022",12
11,"Papley, Tom",7,3,4,11,2,1,0,0,0,3,0,5,1,3,0,7,6,1,1,1,0,1,90,12,"Sydney","2022",12
26,"Parker, Luke",9,1,8,17,0,0,0,9,0,3,3,1,3,0,0,10,7,0,0,0,0,0,73,12,"Sydney","2022",12
24,"Rampe, Dane",12,5,1,13,0,0,0,1,3,1,1,1,1,1,0,4,8,0,0,4,1,0,91,12,"Sydney","2022",12
20,"Reid, Sam",8,5,8,16,3,1,4,10,0,2,1,2,2,2,1,12,5,4,2,5,0,0,79,12,"Sydney","2022",12
0,"Ronke, Ben",1,1,3,4,0,0,0,0,0,0,0,0,0,0,0,2,2,0,0,0,0,0,46,12,"Sydney","2022",12
8,"Rowbottom, James",12,4,4,16,0,0,0,8,3,4,6,5,3,3,0,10,6,0,0,1,0,1,83,12,"Sydney","2022",12
1,"Warner, Chad",16,2,3,19,0,2,0,5,2,4,4,3,1,0,0,9,11,0,1,2,1,2,77,12,"Sydney","2022",12
15,"Wicks, Sam",6,2,4,10,0,1,0,0,0,3,0,3,0,2,0,3,7,1,0,2,0,1,87,12,"Sydney","2022",12
