"Number","Player","Kicks","Marks","Handballs","Disposals","Goals","Behinds","Hitouts","Tackles","Rebounds50s","Inside50s","Clearances","Clangers","FreesFor","FreesAgainst","BrownlowVotes","ContestedPossessions","UncontestedPossessions","ContestedMarks","MarksInside50","OnePercenters","Bounces","GoalAssists","PercentagePlayed","PointDifference","Team","Season","Round"
9,"Ainsworth, Ben",10,8,9,19,0,0,0,4,0,4,0,7,0,1,0,4,16,0,1,0,0,4,91,-60,"Gold Coast","2022",22
15,"Anderson, Noah",18,5,8,26,1,0,0,4,2,3,6,5,0,1,0,7,16,0,0,1,0,1,88,-60,"Gold Coast","2022",22
31,"Andrew, Mac",9,6,3,12,0,0,0,1,3,2,0,5,0,2,0,4,9,3,1,1,0,1,88,-60,"Gold Coast","2022",22
30,"Casboult, Levi",0,1,1,1,0,0,0,2,0,0,0,6,0,3,0,1,0,1,1,1,0,0,80,-60,"Gold Coast","2022",22
1,"Chol, Mabior",6,4,0,6,0,1,0,0,0,3,1,2,0,1,0,2,4,0,0,2,0,0,86,-60,"Gold Coast","2022",22
25,"Collins, Sam",9,5,5,14,0,0,0,2,4,0,1,2,2,0,0,6,9,0,0,9,0,0,95,-60,"Gold Coast","2022",22
5,"Davies, Alex",5,2,5,10,1,0,0,2,0,1,2,5,2,4,0,8,3,0,0,2,0,0,55,-60,"Gold Coast","2022",22
0,"Day, Sam",4,2,0,4,1,0,1,1,0,2,0,0,2,0,0,3,2,0,1,1,0,0,41,-60,"Gold Coast","2022",22
4,"Ellis, Brandon",27,9,5,32,0,0,0,3,9,1,3,0,0,0,0,8,15,0,0,0,1,0,90,-60,"Gold Coast","2022",22
50,"Farrar, Jy",13,8,5,18,0,0,0,1,6,1,1,1,0,0,0,4,14,0,0,5,3,0,91,-60,"Gold Coast","2022",22
26,"Flanders, Sam",5,3,5,10,1,0,0,5,0,1,0,4,1,1,0,3,8,0,0,0,0,0,72,-60,"Gold Coast","2022",22
46,"Graham, Caleb",7,5,3,10,0,0,0,3,3,0,1,0,2,0,0,4,5,0,0,5,0,0,90,-60,"Gold Coast","2022",22
36,"Hollands, Elijah",9,4,9,18,1,0,0,1,1,2,3,2,1,0,0,8,11,1,0,1,0,0,83,-60,"Gold Coast","2022",22
23,"Lemmens, Sean",7,2,4,11,0,0,0,4,4,0,1,1,2,1,0,7,5,0,0,2,0,0,90,-60,"Gold Coast","2022",22
13,"Lukosius, Jack",11,7,4,15,1,1,0,1,2,1,0,4,0,0,0,4,10,1,2,3,0,0,76,-60,"Gold Coast","2022",22
44,"Macpherson, Darcy",11,4,5,16,0,0,0,2,6,0,0,5,0,1,0,4,8,0,0,0,0,0,65,-60,"Gold Coast","2022",22
11,"Miller, Touk",28,8,8,36,0,0,0,3,6,7,5,6,3,2,2,14,24,0,0,2,0,0,93,-60,"Gold Coast","2022",22
22,"Rankine, Izak",9,3,5,14,2,1,0,4,0,2,1,3,2,1,0,6,7,0,0,0,0,0,81,-60,"Gold Coast","2022",22
41,"Rosas, Malcolm",6,5,5,11,0,0,0,8,1,4,1,4,0,1,0,5,6,0,0,2,0,0,75,-60,"Gold Coast","2022",22
18,"Rowell, Matt",8,3,1,9,0,0,0,9,3,1,4,2,0,1,0,5,4,0,0,1,0,0,71,-60,"Gold Coast","2022",22
0,"Sharp, Jeremy",2,2,2,4,0,1,0,0,0,1,0,1,0,1,0,2,2,0,1,0,0,0,32,-60,"Gold Coast","2022",22
24,"Swallow, David",15,5,4,19,0,0,0,1,1,6,4,3,1,0,0,8,11,0,0,1,0,0,79,-60,"Gold Coast","2022",22
28,"Witts, Jarrod",5,4,11,16,1,0,41,2,1,0,4,3,1,1,0,9,8,0,1,4,0,0,85,-60,"Gold Coast","2022",22
30,"Atkins, Tom",5,2,10,15,0,1,0,9,0,1,3,2,1,2,0,6,11,0,0,2,0,1,73,60,"Geelong","2022",22
24,"Bews, Jed",6,2,5,11,0,0,0,2,1,3,0,5,0,0,0,5,6,0,0,2,0,0,84,60,"Geelong","2022",22
46,"Blicavs, Mark",11,6,16,27,2,0,8,4,1,2,3,2,1,0,1,13,14,1,1,0,0,0,82,60,"Geelong","2022",22
5,"Cameron, Jeremy",16,8,5,21,3,3,0,3,0,5,2,3,1,2,3,7,14,3,4,0,0,1,87,60,"Geelong","2022",22
45,"Close, Brad",6,2,12,18,0,0,0,4,0,2,1,1,1,0,0,8,10,0,0,0,0,0,83,60,"Geelong","2022",22
35,"Dangerfield, Patrick",13,6,11,24,0,1,0,2,1,5,7,4,1,2,0,15,11,1,3,5,0,1,69,60,"Geelong","2022",22
16,"De Koning, Sam",5,3,6,11,0,0,0,0,1,1,0,0,2,0,0,8,4,1,0,4,0,0,96,60,"Geelong","2022",22
29,"Guthrie, Cameron",18,7,12,30,1,0,0,3,2,2,4,3,0,1,0,10,18,1,0,1,1,0,72,60,"Geelong","2022",22
39,"Guthrie, Zach",10,4,8,18,0,0,0,2,7,2,1,1,2,1,0,7,12,0,0,7,0,1,84,60,"Geelong","2022",22
26,"Hawkins, Tom",9,6,4,13,1,0,4,2,0,2,1,2,0,1,0,7,7,2,3,5,0,4,91,60,"Geelong","2022",22
38,"Henry, Jack",10,7,2,12,0,0,1,1,2,3,1,2,1,0,0,5,7,1,0,5,0,1,96,60,"Geelong","2022",22
9,"Holmes, Max",14,6,6,20,2,1,0,1,2,6,0,4,1,0,0,7,13,0,0,3,1,1,74,60,"Geelong","2022",22
8,"Kolodjashnij, Jake",9,9,4,13,0,0,0,2,2,3,0,0,1,0,0,2,12,1,0,2,0,0,87,60,"Geelong","2022",22
27,"Menegola, Sam",14,5,5,19,1,0,0,1,2,4,0,4,0,0,0,2,17,0,0,1,0,0,74,60,"Geelong","2022",22
32,"Miers, Gryan",12,7,9,21,2,0,0,1,0,7,1,4,0,1,0,8,15,0,1,1,0,1,81,60,"Geelong","2022",22
0,"OConnor, Mark",5,4,3,8,0,0,0,1,2,0,0,0,1,0,0,2,6,0,0,2,0,0,40,60,"Geelong","2022",22
3,"Parfitt, Brandan",16,3,12,28,2,0,0,4,0,5,4,5,1,2,0,10,16,0,1,2,0,0,72,60,"Geelong","2022",22
23,"Rohan, Gary",6,1,2,8,0,0,0,1,0,6,0,5,1,2,0,2,6,0,0,3,0,0,90,60,"Geelong","2022",22
14,"Selwood, Joel",15,3,6,21,0,1,0,6,2,3,6,4,4,2,0,8,12,0,1,4,0,0,65,60,"Geelong","2022",22
0,"Stanley, Rhys",2,1,2,4,0,0,13,1,0,1,1,2,1,1,0,2,2,0,0,3,0,1,44,60,"Geelong","2022",22
18,"Stengle, Tyson",10,5,5,15,3,1,0,3,0,3,1,2,0,1,0,4,12,1,4,0,0,0,83,60,"Geelong","2022",22
44,"Stewart, Tom",16,6,5,21,0,0,0,3,4,4,1,3,2,0,0,10,10,0,0,4,0,1,85,60,"Geelong","2022",22
2,"Tuohy, Zach",13,4,5,18,1,0,0,3,3,2,1,3,0,1,0,4,12,1,0,4,1,0,87,60,"Geelong","2022",22
