"Number","Player","Kicks","Marks","Handballs","Disposals","Goals","Behinds","Hitouts","Tackles","Rebounds50s","Inside50s","Clearances","Clangers","FreesFor","FreesAgainst","BrownlowVotes","ContestedPossessions","UncontestedPossessions","ContestedMarks","MarksInside50","OnePercenters","Bounces","GoalAssists","PercentagePlayed","PointDifference","Team","Season","Round"
0,"Bianco, Trent",1,0,0,1,0,0,0,0,0,0,0,0,0,0,0,0,1,0,0,0,0,0,18,-13,"Collingwood","2022",4
17,"Brown, Callum",8,1,11,19,0,0,0,5,2,2,3,4,0,0,0,6,10,0,0,0,0,0,64,-13,"Collingwood","2022",4
14,"Cameron, Darcy",5,4,3,8,1,1,1,3,0,0,0,2,1,1,0,5,4,2,1,3,0,0,79,-13,"Collingwood","2022",4
25,"Crisp, Jack",15,6,14,29,0,1,0,4,4,9,4,5,1,3,0,13,17,0,1,5,0,2,85,-13,"Collingwood","2022",4
7,"Daicos, Josh",15,6,13,28,1,0,0,4,2,1,2,6,2,2,0,8,21,0,3,1,0,0,85,-13,"Collingwood","2022",4
35,"Daicos, Nick",19,7,13,32,0,1,0,5,1,5,4,5,1,0,3,5,26,0,0,1,0,1,79,-13,"Collingwood","2022",4
0,"Elliott, Jamie",6,2,6,12,0,0,0,9,0,3,3,1,1,0,0,8,4,0,0,2,0,0,62,-13,"Collingwood","2022",4
33,"Ginnivan, Jack",9,3,3,12,2,2,0,2,0,3,2,3,4,1,0,5,7,0,1,0,0,1,78,-13,"Collingwood","2022",4
4,"Grundy, Brodie",14,5,5,19,0,0,33,6,1,7,8,4,3,1,1,14,5,1,0,3,0,0,87,-13,"Collingwood","2022",4
16,"Henry, Oliver",5,2,1,6,1,1,0,0,0,2,1,3,1,1,0,3,3,0,1,0,0,1,59,-13,"Collingwood","2022",4
32,"Hoskin-Elliott, Will",6,2,4,10,1,0,0,2,0,1,0,1,1,0,0,5,6,0,1,0,0,0,86,-13,"Collingwood","2022",4
38,"Howe, Jeremy",10,5,4,14,0,0,0,1,3,2,0,1,2,1,0,4,9,1,0,6,0,0,96,-13,"Collingwood","2022",4
1,"Lipinski, Patrick",6,3,15,21,0,0,0,6,0,2,2,4,1,2,0,6,16,0,0,0,0,0,78,-13,"Collingwood","2022",4
44,"Madgen, Jack",7,5,2,9,0,0,0,1,3,0,0,0,0,0,0,1,7,1,0,2,0,0,93,-13,"Collingwood","2022",4
37,"Maynard, Brayden",15,7,7,22,1,0,0,3,3,6,0,5,2,4,0,8,12,1,0,7,0,0,82,-13,"Collingwood","2022",4
26,"McInnes, Reef",2,1,4,6,0,1,0,0,0,1,0,1,1,0,0,3,3,0,0,0,0,0,73,-13,"Collingwood","2022",4
41,"Mihocek, Brody",10,8,3,13,2,1,0,2,0,4,0,4,1,2,0,7,6,6,5,1,0,1,87,-13,"Collingwood","2022",4
30,"Moore, Darcy",10,5,4,14,0,0,0,2,4,1,1,3,2,2,0,4,10,0,0,5,0,0,100,-13,"Collingwood","2022",4
9,"Noble, John",7,4,6,13,0,0,0,3,2,1,0,2,1,1,0,2,12,1,0,0,0,0,69,-13,"Collingwood","2022",4
10,"Pendlebury, Scott",12,3,11,23,0,1,0,2,2,3,3,0,1,0,0,7,17,0,0,3,0,0,91,-13,"Collingwood","2022",4
3,"Quaynor, Isaac",6,2,5,11,0,0,0,3,0,2,0,0,0,0,0,6,7,1,0,4,0,0,83,-13,"Collingwood","2022",4
22,"Sidebottom, Steele",7,2,7,14,0,0,0,4,0,0,2,1,1,0,0,6,7,0,0,1,0,0,89,-13,"Collingwood","2022",4
12,"Wilson, Tom",11,5,5,16,1,0,0,1,0,6,0,4,1,0,0,3,13,0,0,1,0,0,79,-13,"Collingwood","2022",4
37,"Barrass, Tom",9,6,2,11,0,0,0,0,5,0,0,0,1,0,0,6,4,3,0,13,0,0,80,13,"West Coast","2022",4
27,"Darling, Jack",7,5,3,10,2,0,0,2,0,2,0,2,1,2,0,5,6,1,2,4,0,1,90,13,"West Coast","2022",4
41,"Dixon, Hugh",8,6,8,16,0,0,5,4,0,2,3,2,2,2,0,10,6,0,0,4,0,1,79,13,"West Coast","2022",4
14,"Duggan, Liam",16,10,3,19,0,0,0,1,3,5,2,4,0,1,0,7,13,0,0,2,0,0,84,13,"West Coast","2022",4
0,"Edwards, Luke",5,2,10,15,1,0,0,2,1,1,3,1,0,0,0,7,8,0,1,0,0,0,57,13,"West Coast","2022",4
29,"Foley, Luke",11,5,2,13,0,1,0,3,2,2,0,1,0,0,0,2,9,1,0,2,0,0,90,13,"West Coast","2022",4
19,"Hough, Brady",8,4,7,15,0,0,0,1,1,2,0,5,0,1,0,5,10,0,0,0,0,0,84,13,"West Coast","2022",4
25,"Hurn, Shannon",13,3,4,17,0,0,0,2,5,1,1,6,1,1,0,3,8,1,0,2,0,0,81,13,"West Coast","2022",4
31,"Jones, Jamaine",6,2,0,6,0,0,0,5,2,2,4,2,2,1,0,8,3,0,0,2,0,0,81,13,"West Coast","2022",4
17,"Kennedy, Josh",5,2,0,5,3,0,0,2,0,2,0,1,1,1,0,1,3,0,1,0,0,0,82,13,"West Coast","2022",4
7,"Langdon, Zac",9,6,6,15,1,0,0,1,0,4,0,2,2,2,0,8,10,1,1,0,1,1,87,13,"West Coast","2022",4
20,"McGovern, Jeremy",12,8,10,22,0,0,0,0,5,1,0,2,0,0,2,4,16,0,0,6,0,0,94,13,"West Coast","2022",4
28,"Naish, Patrick",14,4,9,23,1,0,0,0,8,1,0,4,1,3,0,6,17,0,0,0,0,1,83,13,"West Coast","2022",4
9,"Naitanui, Nic",6,0,10,16,0,0,26,3,1,4,5,7,1,6,0,15,2,0,0,0,0,1,68,13,"West Coast","2022",4
30,"Nelson, Jackson",8,6,8,16,0,0,0,2,3,0,1,3,0,2,0,5,13,0,0,4,0,1,85,13,"West Coast","2022",4
24,"ONeill, Xavier",14,3,10,24,0,0,0,1,1,2,5,2,1,1,0,9,14,0,0,2,0,1,71,13,"West Coast","2022",4
8,"Redden, Jack",9,4,13,22,0,0,0,3,2,1,3,7,2,3,0,6,17,0,0,1,0,1,81,13,"West Coast","2022",4
44,"Rioli, Willie",10,3,3,13,3,0,0,2,1,3,3,5,2,1,0,10,5,1,2,2,0,1,73,13,"West Coast","2022",4
0,"Rotham, Josh",0,0,0,0,0,0,0,0,0,0,0,0,0,0,0,0,0,0,0,0,0,0,25,13,"West Coast","2022",4
1,"Ryan, Liam",9,5,0,9,2,0,0,1,0,2,1,1,2,0,0,3,7,0,4,1,0,2,80,13,"West Coast","2022",4
2,"Waterman, Jake",6,2,2,8,1,1,0,0,1,2,0,1,1,0,0,2,6,0,1,1,0,1,90,13,"West Coast","2022",4
36,"West, Connor",10,6,6,16,0,0,0,4,3,2,2,4,0,0,0,6,11,0,0,0,0,0,67,13,"West Coast","2022",4
23,"Witherden, Alex",19,7,8,27,0,0,0,2,7,1,1,1,1,1,0,8,18,0,0,1,0,0,88,13,"West Coast","2022",4
