"Number","Player","Kicks","Marks","Handballs","Disposals","Goals","Behinds","Hitouts","Tackles","Rebounds50s","Inside50s","Clearances","Clangers","FreesFor","FreesAgainst","BrownlowVotes","ContestedPossessions","UncontestedPossessions","ContestedMarks","MarksInside50","OnePercenters","Bounces","GoalAssists","PercentagePlayed","PointDifference","Team","Season","Round"
10,"Brayshaw, Angus",24,3,14,38,0,0,0,4,4,6,12,6,1,1,3,19,21,0,0,1,0,0,82,5,"Melbourne","2022",22
50,"Brown, Ben",6,3,2,8,1,2,5,3,0,2,1,1,1,0,0,4,5,2,1,5,0,0,78,5,"Melbourne","2022",22
31,"Fritsch, Bayley",1,0,3,4,1,0,0,8,0,2,0,3,0,1,0,2,2,0,0,2,0,0,77,5,"Melbourne","2022",22
11,"Gawn, Max",12,7,8,20,1,1,33,1,0,5,4,4,1,1,0,14,6,5,2,2,0,0,89,5,"Melbourne","2022",22
4,"Harmes, James",0,0,0,0,0,0,0,0,0,0,0,0,0,0,0,0,0,0,0,0,0,0,0,5,"Melbourne","2022",22
14,"Hibberd, Michael",12,7,4,16,0,0,0,1,4,1,0,2,0,0,0,5,9,2,0,0,0,0,92,5,"Melbourne","2022",22
29,"Hunt, Jayden",14,3,5,19,0,0,0,2,4,4,1,2,0,1,0,7,12,1,0,4,1,0,80,5,"Melbourne","2022",22
6,"Jackson, Luke",7,4,5,12,0,2,19,2,0,1,1,4,2,0,0,9,3,4,2,0,0,0,64,5,"Melbourne","2022",22
23,"Jordon, James",9,2,8,17,0,0,0,3,0,2,1,3,2,0,0,4,13,0,0,0,0,0,84,5,"Melbourne","2022",22
15,"Langdon, Ed",7,2,6,13,1,0,0,0,1,1,1,3,0,0,0,5,7,0,0,0,0,0,89,5,"Melbourne","2022",22
8,"Lever, Jake",3,1,4,7,0,0,0,3,0,1,1,1,0,0,0,4,3,0,0,6,0,0,85,5,"Melbourne","2022",22
1,"May, Steven",22,6,3,25,0,0,0,2,11,1,1,1,3,0,0,8,9,2,0,6,0,0,97,5,"Melbourne","2022",22
18,"Melksham, Jake",13,7,2,15,4,2,0,1,0,5,1,1,0,0,1,9,7,4,5,1,2,1,92,5,"Melbourne","2022",22
30,"Neal-Bullen, Alex",8,2,5,13,0,1,0,5,0,3,1,3,1,1,0,10,3,0,0,0,0,0,77,5,"Melbourne","2022",22
13,"Oliver, Clayton",11,3,18,29,0,0,0,9,0,8,6,4,1,2,0,19,10,0,0,2,0,1,89,5,"Melbourne","2022",22
5,"Petracca, Christian",10,3,14,24,1,1,0,1,3,2,3,3,0,0,0,10,14,0,0,1,0,1,88,5,"Melbourne","2022",22
35,"Petty, Harry",4,1,5,9,0,0,0,4,2,0,0,3,1,3,0,3,6,0,0,9,0,0,95,5,"Melbourne","2022",22
36,"Pickett, Kysaiah",9,2,3,12,2,1,0,3,0,2,1,2,1,0,0,7,5,0,0,1,0,0,78,5,"Melbourne","2022",22
24,"Rivers, Trent",8,1,6,14,0,0,0,4,4,2,2,0,1,0,0,8,6,0,0,8,0,1,69,5,"Melbourne","2022",22
3,"Salem, Christian",14,8,8,22,0,0,0,6,3,3,0,4,1,1,0,6,15,2,0,3,0,1,83,5,"Melbourne","2022",22
9,"Spargo, Charlie",2,2,2,4,0,1,0,4,0,0,0,0,0,0,0,1,3,0,1,1,0,0,64,5,"Melbourne","2022",22
32,"Sparrow, Tom",5,1,5,10,0,0,0,4,1,1,1,4,3,2,0,6,7,0,0,2,0,1,67,5,"Melbourne","2022",22
7,"Viney, Jack",12,4,14,26,0,0,0,4,0,6,6,5,4,0,0,15,12,0,0,1,0,0,80,5,"Melbourne","2022",22
46,"Cottrell, Matthew",14,3,4,18,0,0,0,2,2,2,2,0,0,0,0,7,9,1,0,2,0,1,92,-5,"Carlton","2022",22
9,"Cripps, Patrick",9,4,17,26,0,0,0,12,1,1,10,4,0,1,0,16,11,1,0,2,0,0,89,-5,"Carlton","2022",22
30,"Curnow, Charlie",14,5,0,14,1,4,0,3,0,4,0,6,2,3,0,6,7,1,1,4,1,2,94,-5,"Carlton","2022",22
15,"Docherty, Sam",17,4,11,28,0,0,0,10,3,4,6,6,1,1,2,12,17,0,0,1,0,0,78,-5,"Carlton","2022",22
2,"Dow, Paddy",0,0,0,0,0,0,0,0,0,0,0,0,0,0,0,0,0,0,0,0,0,0,0,-5,"Carlton","2022",22
19,"Durdin, Corey",8,0,3,11,1,1,0,1,0,1,2,2,0,0,0,6,6,0,0,2,0,1,70,-5,"Carlton","2022",22
25,"Fisher, Zac",8,0,11,19,1,1,0,3,1,3,2,2,0,0,0,8,11,0,0,1,0,0,83,-5,"Carlton","2022",22
22,"Marchbank, Caleb",8,3,3,11,0,0,0,3,5,0,0,1,0,0,0,1,10,0,0,5,0,0,87,-5,"Carlton","2022",22
21,"Martin, Jack",9,3,0,9,3,1,0,3,0,3,0,3,1,2,0,6,4,1,2,0,0,0,63,-5,"Carlton","2022",22
11,"McGovern, Mitch",16,3,2,18,0,0,0,3,8,5,1,2,2,0,0,7,5,0,0,8,0,1,76,-5,"Carlton","2022",22
10,"McKay, Harry",9,7,1,10,3,1,3,2,0,1,0,1,1,0,0,7,3,4,4,4,0,0,92,-5,"Carlton","2022",22
3,"Motlop, Jesse",4,1,2,6,0,0,0,4,0,0,0,4,0,1,0,4,1,0,0,2,0,0,79,-5,"Carlton","2022",22
32,"Newnes, Jack",6,1,6,12,0,0,0,4,2,0,0,3,0,2,0,5,7,1,0,0,0,0,79,-5,"Carlton","2022",22
4,"OBrien, Lochie",7,2,5,12,0,0,0,4,1,1,0,4,1,1,0,5,7,0,0,0,0,0,74,-5,"Carlton","2022",22
44,"Owies, Matthew",9,1,1,10,0,1,0,4,1,3,1,2,1,1,0,6,5,0,0,1,0,0,72,-5,"Carlton","2022",22
27,"Pittonet, Marc",2,1,2,4,0,0,27,3,2,1,1,4,0,3,0,2,3,0,0,3,0,0,78,-5,"Carlton","2022",22
42,"Saad, Adam",18,0,4,22,0,0,0,5,7,2,2,1,0,0,0,8,11,0,0,3,3,0,82,-5,"Carlton","2022",22
43,"Setterfield, Will",14,5,12,26,0,0,0,6,2,7,5,6,0,2,0,12,16,0,0,1,0,0,78,-5,"Carlton","2022",22
1,"Silvagni, Jack",11,2,5,16,1,3,6,7,1,1,7,1,2,1,0,9,8,0,0,1,0,1,79,-5,"Carlton","2022",22
13,"Stocker, Liam",11,2,4,15,0,0,0,4,3,3,2,3,0,1,0,3,12,0,0,2,0,0,76,-5,"Carlton","2022",22
18,"Walsh, Sam",9,3,18,27,0,0,0,4,2,3,6,6,0,3,0,15,13,0,0,0,0,0,80,-5,"Carlton","2022",22
23,"Weitering, Jacob",5,2,2,7,0,0,0,0,2,1,0,2,1,0,0,4,3,0,0,4,0,0,100,-5,"Carlton","2022",22
33,"Young, Lewis",9,9,9,18,0,0,0,0,4,2,0,2,1,1,0,7,11,3,0,25,0,0,100,-5,"Carlton","2022",22
