"Number","Player","Kicks","Marks","Handballs","Disposals","Goals","Behinds","Hitouts","Tackles","Rebounds50s","Inside50s","Clearances","Clangers","FreesFor","FreesAgainst","BrownlowVotes","ContestedPossessions","UncontestedPossessions","ContestedMarks","MarksInside50","OnePercenters","Bounces","GoalAssists","PercentagePlayed","PointDifference","Team","Season","Round"
0,"Bell, James",1,0,1,2,0,0,0,0,0,0,0,1,0,0,0,0,1,0,0,0,0,0,6,-24,"Sydney","2022",7
22,"Blakey, Nick",15,2,3,18,0,0,0,2,6,4,0,2,2,1,0,6,11,0,0,7,1,0,75,-24,"Sydney","2022",7
16,"Campbell, Braeden",9,3,4,13,0,0,0,3,3,2,0,4,1,2,0,1,9,0,0,2,0,0,79,-24,"Sydney","2022",7
0,"Cunningham, Harry",3,3,6,9,0,0,0,4,2,0,0,0,0,0,0,4,4,0,0,2,0,0,79,-24,"Sydney","2022",7
13,"Florent, Oliver",8,2,8,16,0,0,0,3,2,1,2,2,1,0,0,6,10,1,0,0,0,0,81,-24,"Sydney","2022",7
23,"Franklin, Lance",10,7,5,15,6,0,0,2,0,2,1,3,1,2,2,5,9,2,4,1,0,0,91,-24,"Sydney","2022",7
21,"Gulden, Errol",10,1,8,18,2,0,0,2,1,2,5,5,2,1,0,9,9,0,0,0,0,1,84,-24,"Sydney","2022",7
9,"Hayward, Will",9,7,2,11,1,2,0,3,0,2,0,6,0,1,0,6,5,2,2,2,0,0,82,-24,"Sydney","2022",7
5,"Heeney, Isaac",11,3,7,18,3,0,0,5,1,3,5,2,4,1,0,7,11,0,1,0,0,0,86,-24,"Sydney","2022",7
12,"Kennedy, Josh",9,4,10,19,0,0,0,6,1,4,6,3,0,0,0,10,9,0,0,2,0,0,70,-24,"Sydney","2022",7
19,"Ladhams, Peter",8,4,15,23,0,1,25,3,2,0,4,6,2,3,0,12,13,0,1,5,0,0,84,-24,"Sydney","2022",7
44,"Lloyd, Jake",13,2,11,24,0,0,0,1,8,3,2,3,0,0,0,5,13,0,0,4,0,0,92,-24,"Sydney","2022",7
30,"McCartin, Tom",5,1,4,9,0,0,0,2,6,0,0,5,0,2,0,3,3,0,0,8,0,0,93,-24,"Sydney","2022",7
27,"McInerney, Justin",10,4,7,17,0,0,0,1,2,3,1,3,1,0,0,5,12,0,0,1,0,0,80,-24,"Sydney","2022",7
2,"McLean, Hayden",4,4,4,8,0,2,0,1,0,1,0,2,0,2,0,3,5,2,1,2,0,1,95,-24,"Sydney","2022",7
14,"Mills, Callum",16,7,14,30,1,0,0,7,3,3,2,2,3,1,0,11,20,0,1,1,0,2,77,-24,"Sydney","2022",7
11,"Papley, Tom",6,2,4,10,0,0,0,3,0,2,2,3,0,1,0,4,8,0,0,2,0,0,70,-24,"Sydney","2022",7
26,"Parker, Luke",13,4,20,33,0,0,0,6,2,5,8,4,4,0,0,21,12,1,0,3,0,1,84,-24,"Sydney","2022",7
24,"Rampe, Dane",2,0,3,5,0,0,0,1,1,1,0,3,0,1,0,2,3,0,0,8,0,0,92,-24,"Sydney","2022",7
20,"Reid, Sam",6,4,5,11,0,1,6,6,0,3,0,4,0,2,0,5,5,3,1,2,0,0,82,-24,"Sydney","2022",7
25,"Ronke, Ben",5,2,4,9,0,0,0,3,1,3,0,0,1,0,0,7,2,1,0,0,0,1,65,-24,"Sydney","2022",7
8,"Rowbottom, James",7,1,8,15,0,0,0,5,0,4,1,2,1,1,0,2,12,0,0,0,0,1,76,-24,"Sydney","2022",7
1,"Warner, Chad",12,5,12,24,0,2,0,8,1,7,5,4,1,2,0,8,19,0,0,2,1,3,79,-24,"Sydney","2022",7
24,"Adams, Marcus",8,2,1,9,0,0,0,2,4,1,0,5,3,0,0,4,5,0,0,6,0,0,94,24,"Brisbane Lions","2022",7
4,"Ah Chee, Callum",10,6,6,16,1,0,0,3,1,3,0,4,1,1,0,6,10,0,1,0,0,1,70,24,"Brisbane Lions","2022",7
31,"Andrews, Harris",14,9,3,17,0,0,0,2,8,0,1,0,0,0,0,4,11,1,0,10,0,0,100,24,"Brisbane Lions","2022",7
43,"Answerth, Noah",13,5,5,18,0,0,0,2,1,2,1,8,1,4,0,5,11,0,0,2,0,0,82,24,"Brisbane Lions","2022",7
33,"Bailey, Zac",9,1,3,12,1,1,0,3,0,2,0,4,0,1,0,3,9,0,0,1,0,0,79,24,"Brisbane Lions","2022",7
7,"Berry, Jarrod",9,1,8,17,0,0,0,2,3,0,2,6,0,1,0,5,10,0,0,0,0,3,79,24,"Brisbane Lions","2022",7
23,"Cameron, Charlie",6,2,3,9,3,0,0,5,0,1,0,2,1,1,0,6,1,1,2,0,1,0,88,24,"Brisbane Lions","2022",7
18,"Coleman, Keidean",10,4,5,15,0,0,0,3,4,1,0,4,2,1,0,4,10,0,0,4,0,0,64,24,"Brisbane Lions","2022",7
0,"Daniher, Joe",3,1,0,3,0,2,0,0,0,1,1,1,1,0,0,3,1,1,0,1,0,0,34,24,"Brisbane Lions","2022",7
32,"Fort, Darcy",14,2,2,16,1,0,19,1,2,6,8,3,3,0,0,11,5,0,1,3,0,0,84,24,"Brisbane Lions","2022",7
27,"Gardiner, Darcy",8,5,6,14,0,0,0,2,1,2,0,1,0,1,0,6,8,0,0,9,0,0,94,24,"Brisbane Lions","2022",7
17,"Lyons, Jarryd",14,2,6,20,1,0,0,5,0,6,7,3,0,1,0,7,11,0,0,0,0,1,72,24,"Brisbane Lions","2022",7
0,"Madden, James",1,0,3,4,0,0,0,1,0,0,1,0,0,0,0,5,0,0,0,2,0,0,36,24,"Brisbane Lions","2022",7
11,"McCarthy, Lincoln",8,3,5,13,1,1,0,2,0,4,1,3,0,1,0,5,7,0,1,1,0,0,85,24,"Brisbane Lions","2022",7
6,"McCluggage, Hugh",16,5,12,28,0,1,0,3,1,6,4,3,2,2,0,9,18,0,0,1,0,0,80,24,"Brisbane Lions","2022",7
46,"McInerney, Oscar",8,1,8,16,0,0,24,3,0,4,3,6,2,1,0,11,5,0,0,0,0,0,78,24,"Brisbane Lions","2022",7
25,"McStay, Daniel",10,6,6,16,3,0,2,4,0,3,1,8,1,3,0,7,8,2,1,1,0,1,96,24,"Brisbane Lions","2022",7
9,"Neale, Lachie",15,3,22,37,1,0,0,9,1,6,11,3,2,0,3,26,12,0,0,1,1,1,90,24,"Brisbane Lions","2022",7
20,"Prior, Jaxon",5,2,4,9,0,0,0,2,1,2,1,1,1,0,0,5,4,0,0,2,0,0,65,24,"Brisbane Lions","2022",7
16,"Rayner, Cam",10,5,1,11,3,2,0,0,0,2,1,2,1,1,0,4,6,1,2,0,0,0,80,24,"Brisbane Lions","2022",7
10,"Rich, Daniel",19,8,1,20,0,0,0,1,7,1,0,2,1,2,0,3,10,1,0,2,0,0,81,24,"Brisbane Lions","2022",7
37,"Starcevich, Brandon",10,6,3,13,0,0,0,3,4,1,0,1,0,1,0,3,9,0,0,3,0,0,86,24,"Brisbane Lions","2022",7
15,"Zorko, Dayne",19,8,3,22,2,3,0,2,4,6,4,2,1,2,1,6,15,0,0,2,0,2,85,24,"Brisbane Lions","2022",7
