"Number","Player","Kicks","Marks","Handballs","Disposals","Goals","Behinds","Hitouts","Tackles","Rebounds50s","Inside50s","Clearances","Clangers","FreesFor","FreesAgainst","BrownlowVotes","ContestedPossessions","UncontestedPossessions","ContestedMarks","MarksInside50","OnePercenters","Bounces","GoalAssists","PercentagePlayed","PointDifference","Team","Season","Round"
39,"Clark, Greg",15,7,9,24,0,0,0,6,2,3,4,1,2,0,0,9,14,0,0,3,0,0,83,-109,"West Coast","2022",7
15,"Cripps, Jamie",9,5,3,12,0,2,0,2,2,2,1,2,2,1,0,6,6,1,1,1,0,1,88,-109,"West Coast","2022",7
27,"Darling, Jack",8,4,7,15,1,1,0,3,0,1,0,5,1,2,0,8,7,0,1,4,0,0,92,-109,"West Coast","2022",7
41,"Dixon, Hugh",2,3,5,7,0,1,5,1,0,1,1,1,0,1,0,3,5,1,1,1,0,1,80,-109,"West Coast","2022",7
14,"Duggan, Liam",12,9,16,28,0,0,0,0,2,1,2,0,2,0,0,11,17,1,0,5,1,0,74,-109,"West Coast","2022",7
42,"Edwards, Harry",7,6,7,14,0,0,0,1,1,0,0,4,2,2,0,6,9,1,0,10,0,0,96,-109,"West Coast","2022",7
0,"Gaff, Andrew",7,4,7,14,0,0,0,0,0,2,2,1,0,0,0,3,12,0,0,0,0,0,46,-109,"West Coast","2022",7
25,"Hurn, Shannon",12,7,6,18,0,0,0,1,0,0,0,3,0,1,0,7,8,3,0,3,0,0,82,-109,"West Coast","2022",7
11,"Kelly, Tim",12,4,9,21,1,0,0,6,4,3,4,12,2,6,0,8,17,0,0,2,0,0,81,-109,"West Coast","2022",7
17,"Kennedy, Josh",6,5,1,7,4,1,0,0,0,0,0,3,0,1,0,5,2,4,4,2,0,0,88,-109,"West Coast","2022",7
20,"McGovern, Jeremy",9,8,2,11,0,0,0,2,3,1,0,6,0,0,0,6,6,3,0,10,0,0,75,-109,"West Coast","2022",7
28,"Naish, Patrick",17,5,7,24,0,0,0,3,4,4,0,7,2,0,0,4,20,0,0,2,0,1,81,-109,"West Coast","2022",7
30,"Nelson, Jackson",5,4,6,11,0,0,0,0,1,1,0,2,0,0,0,3,8,0,0,2,0,0,86,-109,"West Coast","2022",7
24,"ONeill, Xavier",7,2,3,10,0,0,0,0,1,4,0,3,0,2,0,3,8,0,0,0,0,1,65,-109,"West Coast","2022",7
10,"Petrevski-Seton, Sam",12,5,5,17,0,0,0,0,4,0,0,1,0,0,0,2,13,0,0,3,1,0,83,-109,"West Coast","2022",7
8,"Redden, Jack",16,15,11,27,0,0,0,3,4,2,3,4,0,1,0,5,21,0,0,0,0,1,79,-109,"West Coast","2022",7
0,"Rioli, Willie",6,2,1,7,0,1,0,1,2,0,0,1,0,1,0,3,4,0,0,0,0,1,31,-109,"West Coast","2022",7
1,"Ryan, Liam",4,2,0,4,1,1,0,1,0,0,0,1,1,1,0,2,1,1,1,0,0,0,82,-109,"West Coast","2022",7
13,"Shuey, Luke",19,4,9,28,0,0,0,6,2,5,6,7,0,3,0,6,20,0,0,0,0,0,68,-109,"West Coast","2022",7
34,"Strnadica, Luke",5,0,5,10,1,0,10,2,0,1,4,2,2,0,0,6,5,0,0,4,0,0,84,-109,"West Coast","2022",7
2,"Waterman, Jake",4,4,2,6,0,0,0,2,0,1,0,2,0,1,0,3,3,1,0,1,0,0,81,-109,"West Coast","2022",7
36,"West, Connor",10,3,9,19,0,0,0,2,1,2,2,1,4,0,0,5,13,0,0,2,0,0,82,-109,"West Coast","2022",7
23,"Witherden, Alex",15,10,9,24,0,0,0,1,6,2,1,1,0,0,0,6,16,2,0,2,1,0,91,-109,"West Coast","2022",7
7,"Baker, Liam",12,6,10,22,0,0,0,2,2,2,1,2,1,0,0,7,16,1,0,2,0,0,77,109,"Richmond","2022",7
21,"Balta, Noah",13,7,3,16,0,0,0,0,4,3,0,0,1,0,0,6,10,2,0,4,1,1,94,109,"Richmond","2022",7
29,"Bolton, Shai",21,8,9,30,3,2,0,4,0,7,7,5,1,2,2,11,16,0,1,1,6,4,89,109,"Richmond","2022",7
35,"Broad, Nathan",3,2,5,8,0,0,0,2,1,0,0,5,0,2,0,3,5,2,0,2,0,0,78,109,"Richmond","2022",7
11,"Castagna, Jason",14,7,5,19,2,2,0,0,0,3,0,4,0,0,0,7,12,2,2,1,0,3,77,109,"Richmond","2022",7
26,"Collier-Dawkins, Riley",5,2,11,16,0,0,0,4,1,1,5,1,1,1,0,7,9,0,0,3,0,1,82,109,"Richmond","2022",7
10,"Edwards, Shane",11,4,4,15,0,0,0,1,1,5,3,1,2,0,0,5,10,0,0,0,0,1,82,109,"Richmond","2022",7
28,"Gibcus, Josh",8,6,4,12,0,0,0,3,3,2,0,2,2,0,0,6,6,2,0,10,0,0,92,109,"Richmond","2022",7
34,"Graham, Jack",9,2,6,15,0,0,0,3,0,7,1,1,2,0,0,5,10,0,0,0,0,2,83,109,"Richmond","2022",7
2,"Grimes, Dylan",7,1,2,9,0,0,0,1,2,0,0,2,2,1,0,4,3,0,0,3,0,0,75,109,"Richmond","2022",7
23,"Lambert, Kane",12,7,10,22,0,0,0,0,2,5,3,4,1,0,0,7,12,0,0,0,1,0,73,109,"Richmond","2022",7
19,"Lynch, Tom",17,14,2,19,7,5,0,2,0,3,1,4,3,3,3,13,7,8,9,2,0,1,91,109,"Richmond","2022",7
33,"McIntosh, Kamdyn",15,4,6,21,3,0,0,0,2,3,0,4,1,3,0,4,17,0,1,3,2,0,84,109,"Richmond","2022",7
25,"Nankervis, Toby",5,2,9,14,1,0,25,3,0,2,2,1,0,0,0,6,6,0,0,1,0,1,74,109,"Richmond","2022",7
0,"Prestia, Dion",9,3,7,16,1,0,0,2,0,3,4,3,2,0,0,8,8,0,1,0,0,0,55,109,"Richmond","2022",7
8,"Riewoldt, Jack",6,6,5,11,4,0,0,1,0,1,0,2,0,0,0,5,6,2,4,0,0,0,98,109,"Richmond","2022",7
17,"Rioli, Daniel",16,7,7,23,0,0,0,1,3,5,0,3,1,1,0,4,18,1,0,2,1,1,80,109,"Richmond","2022",7
49,"Rioli, Maurice",7,3,7,14,3,0,0,4,0,0,0,2,1,1,0,8,7,0,2,2,0,0,68,109,"Richmond","2022",7
0,"Ross, Jack",2,2,4,6,0,0,0,1,0,1,2,2,0,1,0,4,2,0,0,0,0,0,28,109,"Richmond","2022",7
15,"Short, Jayden",27,7,4,31,0,1,0,3,1,9,5,2,0,0,1,9,23,0,0,4,1,3,84,109,"Richmond","2022",7
20,"Soldo, Ivan",7,5,3,10,1,0,20,0,0,0,0,3,0,2,0,0,9,0,2,1,0,0,69,109,"Richmond","2022",7
44,"Stack, Sydney",3,3,2,5,0,1,0,2,0,2,0,1,0,1,0,2,4,0,1,3,0,1,83,109,"Richmond","2022",7
1,"Vlastuin, Nick",16,10,8,24,0,0,0,3,6,1,0,4,2,2,0,9,13,2,0,5,0,0,86,109,"Richmond","2022",7
