"Number","Player","Kicks","Marks","Handballs","Disposals","Goals","Behinds","Hitouts","Tackles","Rebounds50s","Inside50s","Clearances","Clangers","FreesFor","FreesAgainst","BrownlowVotes","ContestedPossessions","UncontestedPossessions","ContestedMarks","MarksInside50","OnePercenters","Bounces","GoalAssists","PercentagePlayed","PointDifference","Team","Season","Round"
24,"Adams, Marcus",14,4,3,17,0,0,0,1,7,1,1,4,1,2,0,7,8,1,0,6,0,0,92,17,"Brisbane Lions","2022",19
4,"Ah Chee, Callum",8,6,6,14,1,0,0,3,0,4,0,2,0,2,0,7,7,1,0,2,0,1,74,17,"Brisbane Lions","2022",19
31,"Andrews, Harris",6,5,8,14,0,0,0,0,2,1,0,2,0,1,0,7,7,1,0,11,0,0,96,17,"Brisbane Lions","2022",19
43,"Answerth, Noah",11,7,2,13,0,0,0,0,3,4,0,4,2,3,0,4,10,1,0,2,0,0,79,17,"Brisbane Lions","2022",19
33,"Bailey, Zac",17,6,7,24,1,0,0,2,3,3,6,6,2,1,0,10,13,0,1,0,0,0,80,17,"Brisbane Lions","2022",19
7,"Berry, Jarrod",10,1,3,13,0,0,0,6,2,3,1,4,0,1,0,3,11,0,0,3,0,0,75,17,"Brisbane Lions","2022",19
23,"Cameron, Charlie",10,3,3,13,3,1,0,8,0,0,1,1,3,0,0,6,5,0,2,1,0,1,86,17,"Brisbane Lions","2022",19
3,"Daniher, Joe",8,4,2,10,3,4,0,0,0,1,0,1,0,0,0,4,6,1,3,0,0,0,92,17,"Brisbane Lions","2022",19
0,"Fort, Darcy",0,0,0,0,0,0,2,0,0,0,0,0,0,0,0,0,0,0,0,0,0,0,13,17,"Brisbane Lions","2022",19
27,"Gardiner, Darcy",9,3,5,14,0,0,0,2,1,2,0,2,2,0,0,6,8,1,0,1,0,0,81,17,"Brisbane Lions","2022",19
30,"Hipwood, Eric",6,4,3,9,1,1,0,0,0,1,1,3,2,2,0,4,5,1,1,1,0,0,88,17,"Brisbane Lions","2022",19
17,"Lyons, Jarryd",13,4,8,21,1,1,0,4,0,5,5,4,1,1,0,9,11,0,0,1,0,2,80,17,"Brisbane Lions","2022",19
36,"Mathieson, Rhys",10,2,8,18,2,0,0,3,1,2,3,5,3,2,0,8,8,0,1,0,0,1,74,17,"Brisbane Lions","2022",19
11,"McCarthy, Lincoln",6,1,3,9,2,0,0,1,0,2,2,1,0,1,0,6,5,1,1,0,0,1,77,17,"Brisbane Lions","2022",19
6,"McCluggage, Hugh",15,8,10,25,1,1,0,1,2,3,3,2,0,1,1,5,20,0,1,0,0,0,80,17,"Brisbane Lions","2022",19
46,"McInerney, Oscar",2,1,5,7,1,0,19,4,1,0,3,2,0,0,0,4,5,0,0,5,0,0,86,17,"Brisbane Lions","2022",19
25,"McStay, Daniel",7,5,4,11,0,0,6,2,0,2,0,1,1,0,0,6,6,1,0,1,0,0,78,17,"Brisbane Lions","2022",19
9,"Neale, Lachie",13,3,19,32,0,0,0,2,2,7,9,3,1,0,0,18,15,0,0,1,3,0,88,17,"Brisbane Lions","2022",19
16,"Rayner, Cam",2,2,8,10,0,0,0,3,1,1,0,0,0,0,0,4,6,0,0,0,0,1,70,17,"Brisbane Lions","2022",19
0,"Rich, Daniel",13,3,1,14,0,0,0,1,3,4,1,2,3,0,0,3,8,0,0,4,0,0,74,17,"Brisbane Lions","2022",19
5,"Robinson, Mitch",10,2,5,15,0,0,0,2,3,2,5,6,1,2,0,9,4,0,0,0,0,1,62,17,"Brisbane Lions","2022",19
37,"Starcevich, Brandon",13,7,1,14,0,0,0,2,4,1,1,2,1,0,0,3,9,1,0,1,0,0,93,17,"Brisbane Lions","2022",19
15,"Zorko, Dayne",17,6,3,20,0,2,0,2,2,5,1,0,1,0,0,4,15,0,1,1,0,1,80,17,"Brisbane Lions","2022",19
9,"Ainsworth, Ben",8,3,3,11,1,0,0,1,0,5,1,2,3,1,0,4,7,0,1,0,0,3,76,-17,"Gold Coast","2022",19
15,"Anderson, Noah",20,6,11,31,0,0,0,3,3,8,6,4,3,2,0,13,19,0,0,0,0,1,87,-17,"Gold Coast","2022",19
2,"Atkins, Rory",15,7,6,21,0,0,0,1,6,5,1,7,0,3,0,5,16,0,0,2,1,0,67,-17,"Gold Coast","2022",19
0,"Ballard, Charlie",6,3,4,10,0,0,0,0,3,0,1,2,0,0,0,3,7,0,0,4,1,0,61,-17,"Gold Coast","2022",19
30,"Casboult, Levi",4,4,3,7,4,0,0,0,0,1,0,2,1,2,0,7,0,4,4,2,0,0,95,-17,"Gold Coast","2022",19
1,"Chol, Mabior",7,7,1,8,2,1,4,2,1,3,1,8,1,5,0,4,7,1,4,1,0,0,82,-17,"Gold Coast","2022",19
25,"Collins, Sam",9,6,1,10,0,0,0,1,3,1,0,1,0,0,0,5,5,2,0,8,0,0,100,-17,"Gold Coast","2022",19
4,"Ellis, Brandon",18,4,11,29,2,0,0,2,3,1,1,4,0,0,2,7,16,0,0,3,0,0,86,-17,"Gold Coast","2022",19
50,"Farrar, Jy",11,6,0,11,0,0,0,1,4,2,1,0,0,0,0,1,8,0,0,3,2,0,82,-17,"Gold Coast","2022",19
26,"Flanders, Sam",4,2,7,11,0,0,0,0,1,1,1,2,0,0,0,4,8,0,0,0,0,0,70,-17,"Gold Coast","2022",19
46,"Graham, Caleb",9,5,4,13,0,0,0,1,2,3,0,2,1,0,0,5,8,2,0,10,0,0,96,-17,"Gold Coast","2022",19
36,"Hollands, Elijah",7,5,3,10,2,1,0,3,1,1,1,3,0,1,0,4,6,1,2,0,0,0,80,-17,"Gold Coast","2022",19
7,"Holman, Nick",1,1,7,8,0,0,0,2,0,1,0,1,0,0,0,5,3,0,0,0,0,0,79,-17,"Gold Coast","2022",19
23,"Lemmens, Sean",2,0,2,4,0,0,0,3,0,1,1,2,0,2,0,4,1,0,0,4,0,0,85,-17,"Gold Coast","2022",19
13,"Lukosius, Jack",9,1,2,11,1,2,0,2,0,3,1,2,1,0,0,4,8,0,1,5,0,2,78,-17,"Gold Coast","2022",19
44,"Macpherson, Darcy",4,0,3,7,0,0,0,4,0,3,0,2,3,2,0,5,3,0,0,0,0,2,58,-17,"Gold Coast","2022",19
0,"Markov, Oleg",7,2,0,7,0,0,0,1,3,0,0,1,0,0,0,1,5,0,0,1,2,0,22,-17,"Gold Coast","2022",19
11,"Miller, Touk",20,2,14,34,0,0,0,7,1,6,4,3,1,1,3,13,20,0,0,2,0,1,90,-17,"Gold Coast","2022",19
22,"Rankine, Izak",5,2,5,10,1,0,0,2,0,2,1,2,0,2,0,2,7,0,1,1,0,1,87,-17,"Gold Coast","2022",19
18,"Rowell, Matt",7,3,14,21,0,1,0,4,2,1,9,3,1,2,0,12,8,0,1,1,0,0,80,-17,"Gold Coast","2022",19
20,"Sharp, Jeremy",6,5,2,8,0,1,0,0,0,3,0,0,1,0,0,2,7,0,0,2,0,0,72,-17,"Gold Coast","2022",19
24,"Swallow, David",7,7,3,10,1,0,0,4,2,1,3,1,0,1,0,4,7,1,1,2,0,0,77,-17,"Gold Coast","2022",19
28,"Witts, Jarrod",6,2,8,14,0,0,50,7,2,0,3,4,3,0,0,8,5,0,0,0,0,0,87,-17,"Gold Coast","2022",19
