"Number","Player","Kicks","Marks","Handballs","Disposals","Goals","Behinds","Hitouts","Tackles","Rebounds50s","Inside50s","Clearances","Clangers","FreesFor","FreesAgainst","BrownlowVotes","ContestedPossessions","UncontestedPossessions","ContestedMarks","MarksInside50","OnePercenters","Bounces","GoalAssists","PercentagePlayed","PointDifference","Team","Season","Round"
22,"Blakey, Nick",18,5,7,25,0,1,0,4,11,3,1,3,1,1,0,6,12,0,1,1,3,0,86,-14,"Sydney","2022",8
16,"Campbell, Braeden",4,1,2,6,0,0,0,4,1,1,0,1,2,0,0,3,3,0,0,2,0,0,79,-14,"Sydney","2022",8
4,"Clarke, Ryan",0,0,0,0,0,0,0,0,0,0,0,0,0,0,0,0,0,0,0,0,0,0,0,-14,"Sydney","2022",8
13,"Florent, Oliver",13,9,4,17,0,0,0,1,4,3,0,3,0,1,0,2,16,0,0,0,2,1,75,-14,"Sydney","2022",8
23,"Franklin, Lance",6,4,5,11,1,0,0,1,0,2,0,7,0,5,0,6,7,1,2,0,0,0,93,-14,"Sydney","2022",8
21,"Gulden, Errol",8,5,3,11,0,0,0,5,4,3,1,1,1,0,0,4,8,0,1,1,0,1,87,-14,"Sydney","2022",8
9,"Hayward, Will",4,3,4,8,0,1,0,5,0,1,1,3,0,2,0,6,3,2,0,1,0,1,88,-14,"Sydney","2022",8
5,"Heeney, Isaac",10,5,3,13,0,3,0,4,0,1,2,3,0,1,0,7,6,0,2,1,0,1,90,-14,"Sydney","2022",8
12,"Kennedy, Josh",8,4,6,14,1,0,0,2,1,0,2,3,1,1,0,6,8,1,1,1,0,0,73,-14,"Sydney","2022",8
19,"Ladhams, Peter",7,2,9,16,0,0,16,2,1,5,4,6,4,4,0,9,8,0,0,3,0,0,74,-14,"Sydney","2022",8
44,"Lloyd, Jake",18,5,8,26,0,0,0,5,6,2,2,2,4,0,0,8,9,0,0,3,3,0,85,-14,"Sydney","2022",8
39,"McCartin, Paddy",17,10,2,19,0,0,0,1,7,0,0,5,0,1,0,7,12,2,0,2,0,0,87,-14,"Sydney","2022",8
30,"McCartin, Tom",8,6,2,10,0,0,0,1,1,0,0,2,2,1,0,7,3,3,0,7,0,0,97,-14,"Sydney","2022",8
6,"McDonald, Logan",3,2,6,9,1,0,0,1,0,1,0,1,1,0,0,6,3,0,1,0,0,1,80,-14,"Sydney","2022",8
27,"McInerney, Justin",13,5,5,18,1,0,0,0,2,2,1,5,0,1,0,6,12,2,0,0,0,0,80,-14,"Sydney","2022",8
2,"McLean, Hayden",4,4,1,5,1,0,7,0,2,0,0,2,0,1,0,1,5,1,1,3,0,0,68,-14,"Sydney","2022",8
14,"Mills, Callum",11,6,9,20,0,0,0,4,0,3,4,6,0,3,0,6,15,0,0,1,0,0,86,-14,"Sydney","2022",8
11,"Papley, Tom",6,2,3,9,1,0,0,0,0,2,1,0,0,0,0,3,6,0,1,1,0,1,79,-14,"Sydney","2022",8
26,"Parker, Luke",10,3,6,16,1,1,0,8,0,3,5,4,0,2,0,9,9,0,1,3,0,0,78,-14,"Sydney","2022",8
24,"Rampe, Dane",7,4,5,12,0,0,0,1,3,1,0,2,0,0,0,2,10,0,0,5,0,1,93,-14,"Sydney","2022",8
25,"Ronke, Ben",7,2,4,11,0,1,0,2,0,1,0,2,2,0,0,7,4,0,1,1,0,0,73,-14,"Sydney","2022",8
8,"Rowbottom, James",8,3,8,16,0,1,0,4,1,1,4,3,0,1,0,5,10,1,0,0,0,0,70,-14,"Sydney","2022",8
1,"Warner, Chad",11,6,8,19,1,3,0,7,1,6,1,4,1,1,0,8,13,0,1,0,0,0,79,-14,"Sydney","2022",8
9,"Ainsworth, Ben",11,8,6,17,1,0,0,2,0,1,1,5,0,2,0,6,13,0,3,2,0,1,90,14,"Gold Coast","2022",8
10,"Ballard, Charlie",12,10,4,16,0,0,0,2,2,2,0,2,1,1,0,7,10,2,1,2,0,1,83,14,"Gold Coast","2022",8
35,"Budarick, Connor",16,11,3,19,0,0,0,4,4,2,0,2,1,1,0,4,13,1,0,1,0,0,77,14,"Gold Coast","2022",8
30,"Casboult, Levi",6,5,1,7,2,1,1,0,0,2,0,5,0,3,0,3,4,2,2,0,0,0,100,14,"Gold Coast","2022",8
1,"Chol, Mabior",3,0,3,6,1,1,4,0,0,0,0,2,1,2,0,7,1,0,0,5,0,1,90,14,"Gold Coast","2022",8
25,"Collins, Sam",9,5,1,10,0,0,0,2,3,0,0,0,5,0,0,5,6,1,0,9,0,0,99,14,"Gold Coast","2022",8
5,"Davies, Alex",5,3,3,8,0,0,0,3,1,1,0,3,0,1,0,4,5,0,0,0,0,0,58,14,"Gold Coast","2022",8
4,"Ellis, Brandon",19,10,7,26,0,1,0,1,3,1,2,2,0,0,0,6,17,0,1,2,0,0,88,14,"Gold Coast","2022",8
50,"Farrar, Jy",11,8,4,15,0,0,0,0,1,2,0,2,0,0,0,3,11,1,0,4,0,0,75,14,"Gold Coast","2022",8
8,"Fiorini, Brayden",21,7,8,29,0,1,0,4,2,6,3,4,1,0,3,9,20,0,0,0,0,1,75,14,"Gold Coast","2022",8
7,"Holman, Nick",5,2,2,7,0,3,0,1,0,2,1,1,0,0,0,4,4,0,1,0,0,0,76,14,"Gold Coast","2022",8
23,"Lemmens, Sean",14,10,0,14,0,0,0,1,6,1,0,1,0,0,0,0,13,0,0,3,0,0,93,14,"Gold Coast","2022",8
13,"Lukosius, Jack",6,3,0,6,1,1,0,1,0,2,0,0,2,0,0,4,2,1,1,3,0,0,51,14,"Gold Coast","2022",8
44,"Macpherson, Darcy",5,4,3,8,0,0,0,2,0,3,0,2,1,1,0,4,4,0,1,0,0,1,19,14,"Gold Coast","2022",8
11,"Miller, Touk",11,6,9,20,1,1,0,4,0,1,5,1,0,0,0,11,10,0,1,0,0,0,85,14,"Gold Coast","2022",8
27,"Powell, Wil",15,5,4,19,0,1,0,1,5,3,1,4,1,1,0,10,7,0,0,4,1,0,88,14,"Gold Coast","2022",8
22,"Rankine, Izak",12,1,1,13,2,2,0,1,1,4,2,2,3,1,0,9,5,0,0,0,5,1,78,14,"Gold Coast","2022",8
41,"Rosas, Malcolm",5,1,2,7,0,0,0,1,0,2,0,3,0,1,0,1,5,0,0,2,0,0,56,14,"Gold Coast","2022",8
18,"Rowell, Matt",9,0,7,16,0,0,0,5,1,5,7,2,3,2,0,15,2,0,0,0,0,0,84,14,"Gold Coast","2022",8
24,"Swallow, David",15,7,9,24,1,1,0,7,0,8,6,1,1,0,2,9,15,0,0,0,0,0,79,14,"Gold Coast","2022",8
16,"Thompson, Rory",5,4,2,7,0,0,0,2,1,1,0,1,0,0,0,2,5,0,0,4,0,0,84,14,"Gold Coast","2022",8
14,"Weller, Lachie",11,4,3,14,1,0,0,1,0,4,1,0,2,0,0,5,8,0,0,0,2,1,90,14,"Gold Coast","2022",8
28,"Witts, Jarrod",9,4,10,19,0,0,37,2,2,2,7,3,4,3,1,11,8,1,0,2,0,0,81,14,"Gold Coast","2022",8
