"Number","Player","Kicks","Marks","Handballs","Disposals","Goals","Behinds","Hitouts","Tackles","Rebounds50s","Inside50s","Clearances","Clangers","FreesFor","FreesAgainst","BrownlowVotes","ContestedPossessions","UncontestedPossessions","ContestedMarks","MarksInside50","OnePercenters","Bounces","GoalAssists","PercentagePlayed","PointDifference","Team","Season","Round"
0,"Caldwell, Jye",3,2,10,13,0,0,0,2,1,0,2,2,1,1,0,7,9,1,0,1,0,2,58,48,"Essendon","2022",20
42,"DAmbrosio, Massimo",6,3,7,13,0,0,0,1,1,2,0,1,1,0,0,4,9,0,0,0,0,0,84,48,"Essendon","2022",20
2,"Draper, Sam",4,1,4,8,0,1,35,1,0,5,2,1,1,0,0,4,6,0,0,6,0,0,75,48,"Essendon","2022",20
22,"Durham, Sam",8,10,10,18,0,0,0,0,1,2,0,1,0,0,0,2,16,0,0,2,4,1,83,48,"Essendon","2022",20
35,"Guelfi, Matt",8,2,5,13,1,0,0,0,0,1,2,3,1,1,0,5,8,1,0,3,0,1,79,48,"Essendon","2022",20
21,"Heppell, Dyson",14,10,14,28,0,0,0,3,4,4,2,2,1,1,0,5,22,1,0,3,0,0,83,48,"Essendon","2022",20
19,"Hind, Nick",20,9,4,24,0,0,0,0,4,5,0,6,0,1,0,5,17,1,0,3,4,1,75,48,"Essendon","2022",20
8,"Hobbs, Ben",9,3,8,17,0,1,0,3,0,2,0,3,0,1,0,2,15,0,0,0,0,0,71,48,"Essendon","2022",20
23,"Jones, Harry",4,4,3,7,2,0,0,2,0,1,0,0,0,0,0,2,5,2,2,0,0,0,68,48,"Essendon","2022",20
29,"Kelly, Jake",14,9,5,19,0,0,0,2,4,1,0,5,1,2,0,3,16,1,0,3,0,0,93,48,"Essendon","2022",20
4,"Langford, Kyle",12,10,9,21,2,0,0,5,1,4,2,2,0,1,0,4,17,0,1,0,0,0,87,48,"Essendon","2022",20
15,"Laverde, Jayden",17,12,6,23,0,0,0,2,3,4,1,2,3,0,0,8,15,1,0,2,0,2,90,48,"Essendon","2022",20
37,"Martin, Nic",3,3,14,17,0,0,0,4,2,2,1,1,0,0,0,7,11,0,0,1,0,1,79,48,"Essendon","2022",20
0,"Menzie, Jye",5,3,5,10,0,0,0,1,0,2,0,0,0,0,0,3,6,0,0,0,0,1,25,48,"Essendon","2022",20
7,"Merrett, Zach",25,6,13,38,1,1,0,10,2,8,8,3,6,0,3,13,25,0,0,0,0,0,86,48,"Essendon","2022",20
16,"Perkins, Archie",7,5,2,9,0,1,0,1,1,1,0,1,0,0,0,4,5,0,1,0,0,2,74,48,"Essendon","2022",20
27,"Redman, Mason",25,10,7,32,1,0,0,4,7,2,0,2,1,1,0,5,26,2,0,3,0,1,85,48,"Essendon","2022",20
14,"Ridley, Jordan",15,4,5,20,0,0,0,4,7,1,1,2,0,0,0,4,12,0,0,3,0,0,85,48,"Essendon","2022",20
11,"Snelling, Will",7,4,12,19,0,0,0,6,0,5,0,2,1,1,0,6,14,0,1,1,0,0,78,48,"Essendon","2022",20
17,"Stewart, James",7,7,6,13,3,0,0,0,0,0,0,2,0,1,0,4,10,2,3,2,0,2,75,48,"Essendon","2022",20
25,"Stringer, Jake",12,3,2,14,5,3,0,7,0,4,1,2,2,1,2,4,9,0,2,2,0,1,79,48,"Essendon","2022",20
20,"Wright, Peter",9,8,4,13,2,2,6,0,2,4,0,4,0,1,0,2,12,1,3,2,0,0,100,48,"Essendon","2022",20
30,"Zerk-Thatcher, Brandon",10,8,4,14,0,0,0,0,1,0,0,0,0,0,0,4,11,0,0,11,0,0,87,48,"Essendon","2022",20
3,"Anderson, Jed",10,6,10,20,1,2,0,3,0,3,2,3,2,1,0,6,14,0,1,1,0,0,72,-48,"North Melbourne","2022",20
34,"Archer, Jackson",2,0,4,6,0,0,0,6,4,1,1,0,1,0,0,3,3,0,0,3,0,0,80,-48,"North Melbourne","2022",20
16,"Bonar, Aiden",7,4,3,10,0,0,0,3,2,1,1,0,0,0,0,1,8,0,0,6,0,0,78,-48,"North Melbourne","2022",20
21,"Coleman-Jones, Callum",7,5,8,15,1,0,4,0,0,4,0,5,0,1,0,4,11,0,0,0,0,0,68,-48,"North Melbourne","2022",20
9,"Davies-Uniacke, Luke",10,2,13,23,0,0,0,3,1,5,5,5,0,2,0,6,17,0,0,1,1,0,83,-48,"North Melbourne","2022",20
42,"Dawson, Kallan",9,6,4,13,0,0,0,1,5,0,0,0,0,0,0,2,12,0,0,5,1,0,93,-48,"North Melbourne","2022",20
22,"Goldstein, Todd",7,3,11,18,1,0,22,2,0,2,7,5,1,2,0,12,8,0,0,1,0,0,94,-48,"North Melbourne","2022",20
18,"Greenwood, Hugh",5,5,12,17,0,1,0,4,1,1,7,1,1,1,0,9,9,1,1,1,0,0,69,-48,"North Melbourne","2022",20
6,"Horne-Francis, Jason",11,9,10,21,0,0,0,1,0,4,3,2,1,2,0,9,14,1,0,0,0,0,76,-48,"North Melbourne","2022",20
20,"Larkey, Nick",5,4,2,7,0,3,0,0,0,1,0,1,0,1,0,3,4,2,3,0,0,0,93,-48,"North Melbourne","2022",20
35,"Lazzaro, Charlie",3,1,7,10,0,0,0,2,0,4,1,0,0,0,0,4,6,0,0,0,0,1,83,-48,"North Melbourne","2022",20
11,"McDonald, Luke",17,8,4,21,0,0,0,1,9,1,0,4,0,3,0,5,11,2,0,6,0,0,90,-48,"North Melbourne","2022",20
23,"McKay, Ben",1,1,6,7,0,0,0,1,0,0,0,1,2,0,0,7,2,0,0,10,0,0,93,-48,"North Melbourne","2022",20
24,"Powell, Tom",9,4,11,20,0,0,0,2,2,3,4,4,0,0,0,7,14,0,0,0,1,0,65,-48,"North Melbourne","2022",20
8,"Scott, Bailey",11,0,8,19,1,1,0,0,4,4,1,1,1,0,0,2,17,0,0,1,1,0,81,-48,"North Melbourne","2022",20
12,"Simpkin, Jy",19,2,22,41,0,1,0,5,4,6,6,5,1,1,1,10,31,0,0,2,0,0,91,-48,"North Melbourne","2022",20
36,"Spicer, Phoenix",3,2,4,7,0,1,0,0,1,0,0,1,0,0,0,2,5,0,0,0,0,1,77,-48,"North Melbourne","2022",20
2,"Stephenson, Jaidyn",19,5,15,34,0,0,0,3,7,1,2,2,1,1,0,8,17,0,0,1,0,1,85,-48,"North Melbourne","2022",20
5,"Taylor, Curtis",12,3,3,15,0,0,0,2,1,2,0,5,0,2,0,4,13,0,0,2,0,0,88,-48,"North Melbourne","2022",20
28,"Turner, Kayne",9,5,7,16,1,0,0,2,0,3,0,2,0,0,0,5,10,0,0,1,0,0,81,-48,"North Melbourne","2022",20
19,"Walker, Josh",0,0,0,0,0,0,0,0,0,0,0,0,0,0,0,0,0,0,0,0,0,0,0,-48,"North Melbourne","2022",20
7,"Ziebell, Jack",4,3,12,16,0,0,0,1,0,0,1,3,1,0,0,7,10,0,0,1,0,1,75,-48,"North Melbourne","2022",20
44,"Zurhaar, Cameron",12,7,6,18,4,0,0,0,0,5,1,4,1,2,0,6,11,1,2,0,0,0,83,-48,"North Melbourne","2022",20
