"Number","Player","Kicks","Marks","Handballs","Disposals","Goals","Behinds","Hitouts","Tackles","Rebounds50s","Inside50s","Clearances","Clangers","FreesFor","FreesAgainst","BrownlowVotes","ContestedPossessions","UncontestedPossessions","ContestedMarks","MarksInside50","OnePercenters","Bounces","GoalAssists","PercentagePlayed","PointDifference","Team","Season","Round"
24,"Adams, Marcus",13,10,4,17,0,0,0,1,4,3,0,3,0,2,0,5,13,3,0,5,0,2,97,108,"Brisbane Lions","2022",3
4,"Ah Chee, Callum",9,4,11,20,1,0,0,0,1,3,0,3,3,2,0,11,11,1,0,1,0,0,80,108,"Brisbane Lions","2022",3
31,"Andrews, Harris",8,7,6,14,0,0,0,1,1,0,0,0,0,0,0,7,6,2,0,8,0,0,100,108,"Brisbane Lions","2022",3
43,"Answerth, Noah",10,5,10,20,0,0,0,2,1,4,0,1,1,1,0,7,15,2,0,1,0,0,83,108,"Brisbane Lions","2022",3
33,"Bailey, Zac",13,2,4,17,4,1,0,4,3,4,3,4,1,1,0,8,10,0,2,3,0,1,84,108,"Brisbane Lions","2022",3
7,"Berry, Jarrod",13,5,8,21,0,1,0,5,3,3,1,5,0,1,0,4,17,0,0,5,0,1,76,108,"Brisbane Lions","2022",3
23,"Cameron, Charlie",13,10,4,17,2,6,0,4,0,0,0,3,0,1,0,7,9,3,8,3,0,0,84,108,"Brisbane Lions","2022",3
12,"Cockatoo, Nakia",9,4,7,16,1,1,0,1,0,5,1,2,1,1,0,8,8,0,1,1,0,2,78,108,"Brisbane Lions","2022",3
3,"Daniher, Joe",13,9,2,15,3,1,0,2,0,4,1,3,0,1,0,3,12,0,4,1,2,1,86,108,"Brisbane Lions","2022",3
32,"Fort, Darcy",6,2,5,11,1,0,15,5,0,2,2,2,1,1,0,8,5,1,1,5,0,1,82,108,"Brisbane Lions","2022",3
27,"Gardiner, Darcy",10,10,4,14,0,0,0,1,1,0,1,0,0,0,0,3,10,3,1,5,0,0,88,108,"Brisbane Lions","2022",3
17,"Lyons, Jarryd",24,8,4,28,2,0,0,2,3,9,6,2,1,1,3,7,19,0,2,2,1,4,68,108,"Brisbane Lions","2022",3
11,"McCarthy, Lincoln",12,8,3,15,5,1,0,2,0,5,0,1,0,1,1,5,10,1,5,1,0,0,77,108,"Brisbane Lions","2022",3
6,"McCluggage, Hugh",21,6,8,29,0,1,0,4,0,8,4,6,1,2,0,8,21,0,0,1,1,1,83,108,"Brisbane Lions","2022",3
46,"McInerney, Oscar",5,1,7,12,1,0,11,2,0,2,7,2,2,0,0,12,1,1,0,2,0,0,76,108,"Brisbane Lions","2022",3
25,"McStay, Daniel",9,6,5,14,2,2,1,3,0,5,0,1,2,0,0,9,7,1,1,0,0,1,91,108,"Brisbane Lions","2022",3
9,"Neale, Lachie",12,1,15,27,0,0,0,4,1,5,5,2,1,0,0,13,13,0,0,0,0,2,84,108,"Brisbane Lions","2022",3
16,"Rayner, Cam",8,4,8,16,0,3,0,2,1,3,2,3,2,1,0,7,9,0,1,1,0,1,71,108,"Brisbane Lions","2022",3
10,"Rich, Daniel",16,6,5,21,0,0,0,1,8,3,2,2,0,0,0,5,11,1,0,2,0,0,78,108,"Brisbane Lions","2022",3
5,"Robinson, Mitch",8,4,4,12,1,0,0,3,2,3,2,2,1,1,0,5,7,0,0,0,0,0,81,108,"Brisbane Lions","2022",3
22,"Sharp, Harry",0,0,0,0,0,0,0,0,0,0,0,0,0,0,0,0,0,0,0,0,0,0,0,108,"Brisbane Lions","2022",3
37,"Starcevich, Brandon",9,5,5,14,0,0,0,1,2,1,1,0,1,0,0,8,6,1,0,5,0,0,84,108,"Brisbane Lions","2022",3
15,"Zorko, Dayne",22,10,6,28,0,0,0,0,2,6,1,3,1,1,2,6,23,0,0,3,0,0,71,108,"Brisbane Lions","2022",3
0,"Bonar, Aiden",0,0,0,0,0,0,0,0,0,0,0,1,0,1,0,0,0,0,0,1,0,0,20,-108,"North Melbourne","2022",3
4,"Corr, Aidan",10,5,5,15,0,0,0,1,5,2,0,4,1,1,0,4,11,0,0,8,0,0,92,-108,"North Melbourne","2022",3
40,"Ford, Eddie",3,6,3,6,0,0,0,2,0,1,0,0,0,0,0,2,4,2,0,1,0,0,68,-108,"North Melbourne","2022",3
22,"Goldstein, Todd",4,1,3,7,1,0,17,0,0,1,2,1,0,1,0,3,4,0,0,2,0,0,78,-108,"North Melbourne","2022",3
18,"Greenwood, Hugh",8,1,11,19,0,0,0,10,2,2,6,6,0,0,0,11,8,0,0,3,0,0,86,-108,"North Melbourne","2022",3
43,"Hall, Aaron",19,1,6,25,1,0,0,2,8,0,1,7,0,0,0,4,12,0,0,2,0,0,84,-108,"North Melbourne","2022",3
6,"Horne-Francis, Jason",11,2,10,21,0,0,0,2,2,2,7,5,3,1,0,11,11,0,0,1,2,0,76,-108,"North Melbourne","2022",3
20,"Larkey, Nick",5,3,2,7,2,1,0,1,0,1,0,1,2,0,0,3,4,0,1,1,0,0,90,-108,"North Melbourne","2022",3
1,"Mahony, Jack",12,5,6,18,0,0,0,1,2,3,4,4,1,2,0,7,13,0,1,0,0,0,77,-108,"North Melbourne","2022",3
11,"McDonald, Luke",7,4,3,10,0,0,0,2,7,1,0,5,0,1,0,1,9,0,0,3,0,0,86,-108,"North Melbourne","2022",3
0,"McKay, Ben",3,4,5,8,0,0,0,0,1,0,0,1,1,1,0,3,5,1,0,5,0,0,72,-108,"North Melbourne","2022",3
13,"Polec, Jared",6,3,3,9,1,0,0,1,2,0,1,3,1,1,0,2,7,0,0,1,1,0,77,-108,"North Melbourne","2022",3
24,"Powell, Tom",4,1,3,7,1,0,0,3,1,1,3,2,1,0,0,4,2,0,0,1,0,0,65,-108,"North Melbourne","2022",3
8,"Scott, Bailey",6,2,4,10,0,0,0,1,5,0,0,0,0,0,0,1,8,0,0,2,0,0,80,-108,"North Melbourne","2022",3
12,"Simpkin, Jy",16,6,15,31,0,0,0,4,2,3,4,7,2,3,0,13,20,0,0,1,1,0,82,-108,"North Melbourne","2022",3
2,"Stephenson, Jaidyn",12,3,10,22,0,0,0,2,1,6,5,1,0,0,0,11,11,0,1,1,1,0,87,-108,"North Melbourne","2022",3
5,"Taylor, Curtis",18,8,5,23,1,2,0,0,4,5,1,3,0,0,0,4,19,0,2,2,0,1,75,-108,"North Melbourne","2022",3
28,"Turner, Kayne",6,1,4,10,0,1,0,3,1,2,2,0,1,0,0,4,6,0,0,1,0,0,83,-108,"North Melbourne","2022",3
19,"Walker, Josh",3,4,4,7,0,0,0,0,1,0,1,3,0,2,0,3,4,1,0,5,0,0,90,-108,"North Melbourne","2022",3
38,"Xerri, Tristan",4,1,7,11,0,0,25,8,0,2,5,5,2,3,0,8,2,0,0,0,0,0,86,-108,"North Melbourne","2022",3
17,"Young, Lachie",10,4,11,21,0,0,0,1,1,4,1,0,2,0,0,9,12,1,0,5,0,1,83,-108,"North Melbourne","2022",3
7,"Ziebell, Jack",13,1,5,18,0,0,0,0,8,0,1,2,0,1,0,5,7,0,0,4,1,0,76,-108,"North Melbourne","2022",3
44,"Zurhaar, Cameron",5,0,6,11,0,1,0,1,0,4,2,5,1,1,0,5,5,0,0,2,0,1,87,-108,"North Melbourne","2022",3
