"Number","Player","Kicks","Marks","Handballs","Disposals","Goals","Behinds","Hitouts","Tackles","Rebounds50s","Inside50s","Clearances","Clangers","FreesFor","FreesAgainst","BrownlowVotes","ContestedPossessions","UncontestedPossessions","ContestedMarks","MarksInside50","OnePercenters","Bounces","GoalAssists","PercentagePlayed","PointDifference","Team","Season","Round"
22,"Breust, Luke",8,3,4,12,3,1,0,3,0,4,1,1,2,0,0,5,7,1,1,2,0,1,79,-69,"Hawthorn","2022",4
0,"Day, Will",5,4,2,7,0,0,0,2,1,1,0,1,1,0,0,3,5,1,0,2,0,0,32,-69,"Hawthorn","2022",4
8,"Frost, Sam",12,7,4,16,0,0,0,1,3,1,0,4,2,2,0,2,16,0,0,6,0,0,100,-69,"Hawthorn","2022",4
24,"Grainger-Barras, Denver",4,3,2,6,0,0,0,0,1,0,0,2,1,1,0,2,5,0,0,3,0,0,81,-69,"Hawthorn","2022",4
19,"Gunston, Jack",2,2,1,3,0,1,0,2,0,0,0,1,0,1,0,0,3,0,1,2,0,0,88,-69,"Hawthorn","2022",4
15,"Hardwick, Blake",11,5,8,19,0,0,0,2,2,0,0,3,0,0,0,6,10,0,0,1,0,0,86,-69,"Hawthorn","2022",4
17,"Howe, Daniel",7,6,6,13,0,0,0,0,1,1,0,2,0,0,0,4,9,0,0,1,0,1,70,-69,"Hawthorn","2022",4
4,"Impey, Jarman",14,6,6,20,0,1,0,1,2,3,0,3,1,1,0,1,16,0,0,0,0,0,70,-69,"Hawthorn","2022",4
9,"Jiath, Changkuoth",13,4,9,22,0,0,0,0,3,2,0,7,0,3,0,4,21,0,0,3,0,0,83,-69,"Hawthorn","2022",4
2,"Lewis, Mitch",11,8,1,12,3,5,0,1,0,2,0,3,0,1,0,3,9,2,6,0,1,1,100,-69,"Hawthorn","2022",4
31,"Macdonald, Connor",2,2,8,10,0,0,0,0,0,1,0,1,0,1,0,1,9,0,0,0,0,0,80,-69,"Hawthorn","2022",4
0,"Maginness, Finn",7,0,6,13,0,1,0,1,0,2,1,3,0,1,0,4,9,0,0,1,0,0,34,-69,"Hawthorn","2022",4
3,"Mitchell, Tom",10,3,22,32,0,0,0,4,1,5,9,2,4,0,0,18,13,0,0,3,0,0,82,-69,"Hawthorn","2022",4
13,"Moore, Dylan",7,1,7,14,2,0,0,4,0,3,0,3,5,0,0,9,5,0,0,0,0,1,84,-69,"Hawthorn","2022",4
1,"Morrison, Harry",11,3,8,19,0,0,0,4,1,4,2,2,2,0,0,5,13,0,0,0,0,0,83,-69,"Hawthorn","2022",4
11,"Nash, Conor",5,2,6,11,0,0,8,2,0,2,1,1,1,1,0,4,7,0,0,1,0,0,89,-69,"Hawthorn","2022",4
44,"Newcombe, Jai",15,5,8,23,0,2,0,3,1,4,6,7,1,3,0,6,17,0,0,1,0,0,81,-69,"Hawthorn","2022",4
10,"OMeara, Jaeger",9,3,11,20,1,0,0,4,1,3,6,4,0,2,0,11,10,0,1,2,0,0,74,-69,"Hawthorn","2022",4
37,"Reeves, Ned",6,4,4,10,1,0,17,3,0,3,4,5,3,4,0,7,3,3,1,5,0,0,72,-69,"Hawthorn","2022",4
14,"Scrimshaw, Jack",11,8,7,18,0,0,0,0,0,3,0,3,0,0,0,3,16,0,0,2,1,1,84,-69,"Hawthorn","2022",4
6,"Sicily, James",14,8,6,20,0,0,0,2,4,0,1,1,1,1,0,9,7,2,0,8,1,0,89,-69,"Hawthorn","2022",4
25,"Ward, Josh",4,2,5,9,0,0,0,1,1,0,2,3,1,2,0,6,7,0,0,1,0,0,75,-69,"Hawthorn","2022",4
5,"Worpel, James",4,0,1,5,0,1,0,1,0,1,1,3,0,3,0,4,2,0,0,4,0,0,72,-69,"Hawthorn","2022",4
26,"Battle, Josh",16,7,1,17,0,0,0,2,2,1,0,2,3,1,0,4,14,0,0,3,0,0,82,69,"St Kilda","2022",4
16,"Butler, Dan",11,2,4,15,2,1,0,5,0,2,0,0,3,0,0,7,7,0,1,1,0,3,87,69,"St Kilda","2022",4
13,"Byrnes, Ryan",0,0,0,0,0,0,0,0,0,0,0,0,0,0,0,0,0,0,0,0,0,0,0,69,"St Kilda","2022",4
5,"Crouch, Brad",15,5,14,29,0,0,0,7,1,6,8,4,2,0,0,10,19,0,0,0,0,1,79,69,"St Kilda","2022",4
4,"Gresham, Jade",13,3,7,20,4,0,0,1,0,3,4,2,3,1,0,10,13,0,0,0,2,2,83,69,"St Kilda","2022",4
8,"Hill, Bradley",16,9,7,23,4,0,0,1,0,5,0,6,0,1,1,4,18,0,3,2,0,1,84,69,"St Kilda","2022",4
20,"Howard, Dougal",8,4,8,16,0,0,0,2,5,1,0,0,1,0,0,3,10,1,0,10,0,0,97,69,"St Kilda","2022",4
12,"King, Max",14,11,3,17,4,1,0,1,0,4,0,5,3,2,0,8,9,2,7,2,0,2,90,69,"St Kilda","2022",4
31,"Lienert, Jarrod",16,8,7,23,0,0,0,2,7,1,0,0,0,0,0,4,15,0,0,2,0,0,80,69,"St Kilda","2022",4
21,"Long, Ben",5,3,7,12,1,2,0,3,0,1,1,2,0,1,0,6,7,1,2,3,0,0,79,69,"St Kilda","2022",4
19,"Marshall, Rowan",7,2,4,11,0,0,13,3,2,2,2,2,3,1,0,8,6,0,0,3,0,0,78,69,"St Kilda","2022",4
36,"McKenzie, Daniel",8,4,11,19,0,1,0,0,1,3,0,1,0,0,0,7,12,0,0,2,0,1,72,69,"St Kilda","2022",4
28,"Membrey, Tim",12,8,3,15,4,1,0,0,0,0,1,4,0,1,0,4,10,1,4,1,0,0,89,69,"St Kilda","2022",4
33,"Paton, Ben",8,5,8,16,0,0,0,3,4,0,0,4,0,3,0,4,13,1,0,2,3,0,84,69,"St Kilda","2022",4
6,"Ross, Sebastian",17,6,9,26,0,0,0,1,0,5,2,4,0,0,0,7,18,0,1,1,4,2,80,69,"St Kilda","2022",4
18,"Ryder, Paddy",8,3,2,10,2,1,20,4,0,2,3,12,2,7,0,5,3,1,1,1,0,1,67,69,"St Kilda","2022",4
35,"Sinclair, Jack",17,6,18,35,0,0,0,2,3,2,2,0,0,0,2,10,21,0,0,3,3,2,88,69,"St Kilda","2022",4
9,"Steele, Jack",15,10,18,33,1,1,0,4,2,3,5,7,2,2,3,15,19,1,2,1,0,1,78,69,"St Kilda","2022",4
7,"Wanganeen-Milera, Nasiah",13,7,5,18,0,1,0,0,0,1,1,2,0,1,0,2,17,0,1,0,0,1,77,69,"St Kilda","2022",4
29,"Webster, Jimmy",13,6,7,20,0,0,0,1,4,2,0,4,2,0,0,5,15,0,0,1,0,0,75,69,"St Kilda","2022",4
44,"Wilkie, Callum",8,3,2,10,0,0,0,1,3,1,0,2,1,1,0,4,6,1,0,5,0,0,94,69,"St Kilda","2022",4
17,"Windhager, Marcus",5,2,10,15,0,0,0,4,1,1,1,7,0,1,0,4,11,0,0,0,0,0,77,69,"St Kilda","2022",4
32,"Wood, Mason",6,3,6,12,0,0,0,6,0,0,0,2,2,1,0,6,6,0,0,0,0,1,79,69,"St Kilda","2022",4
