"Number","Player","Kicks","Marks","Handballs","Disposals","Goals","Behinds","Hitouts","Tackles","Rebounds50s","Inside50s","Clearances","Clangers","FreesFor","FreesAgainst","BrownlowVotes","ContestedPossessions","UncontestedPossessions","ContestedMarks","MarksInside50","OnePercenters","Bounces","GoalAssists","PercentagePlayed","PointDifference","Team","Season","Round"
13,"Adams, Taylor",8,1,20,28,0,0,0,4,0,3,7,6,2,1,2,17,9,0,0,0,0,1,82,4,"Collingwood","2022",19
8,"Bianco, Trent",10,2,3,13,0,0,0,6,1,3,0,3,1,1,0,4,9,0,0,1,0,1,70,4,"Collingwood","2022",19
14,"Cameron, Darcy",4,1,0,4,1,0,10,2,1,1,0,4,1,2,0,4,1,1,1,5,0,1,80,4,"Collingwood","2022",19
0,"Carmichael, Josh",4,2,1,5,2,0,0,0,0,0,0,1,0,0,0,1,3,0,2,0,0,0,17,4,"Collingwood","2022",19
46,"Cox, Mason",5,4,3,8,0,0,24,1,2,2,0,2,2,1,0,5,4,2,0,4,0,0,78,4,"Collingwood","2022",19
25,"Crisp, Jack",10,4,13,23,0,0,0,4,4,5,3,5,2,2,0,10,13,0,0,0,1,1,84,4,"Collingwood","2022",19
7,"Daicos, Josh",12,3,7,19,1,0,0,0,3,6,5,3,1,1,0,8,12,0,0,0,4,2,91,4,"Collingwood","2022",19
35,"Daicos, Nick",12,3,9,21,0,1,0,4,2,2,1,2,2,0,0,3,16,0,1,0,2,0,85,4,"Collingwood","2022",19
5,"Elliott, Jamie",9,5,5,14,2,1,0,2,0,1,1,2,0,1,0,7,6,1,2,0,1,0,86,4,"Collingwood","2022",19
33,"Ginnivan, Jack",4,2,1,5,0,0,0,3,0,2,1,0,1,0,0,2,4,0,0,0,0,1,81,4,"Collingwood","2022",19
32,"Hoskin-Elliott, Will",7,6,4,11,0,0,0,1,0,2,1,4,0,2,0,3,6,0,0,1,0,0,86,4,"Collingwood","2022",19
38,"Howe, Jeremy",11,9,9,20,0,0,0,0,6,1,0,3,0,1,0,5,14,1,0,6,0,0,94,4,"Collingwood","2022",19
40,"Johnson, Ash",6,4,0,6,3,1,0,1,0,2,0,1,1,0,0,3,3,2,3,1,0,1,60,4,"Collingwood","2022",19
1,"Lipinski, Patrick",9,1,8,17,0,1,0,2,2,2,3,5,1,2,0,7,9,0,0,2,0,0,77,4,"Collingwood","2022",19
0,"Maynard, Brayden",5,4,4,9,0,0,0,0,1,0,0,1,1,0,0,3,6,0,0,2,0,0,56,4,"Collingwood","2022",19
31,"McCreery, Beau",7,3,6,13,0,1,0,3,0,4,0,3,1,1,0,4,10,0,0,2,0,0,80,4,"Collingwood","2022",19
41,"Mihocek, Brody",5,2,7,12,2,0,0,3,0,1,0,2,1,1,0,6,4,1,1,1,0,1,96,4,"Collingwood","2022",19
30,"Moore, Darcy",10,5,2,12,0,0,0,0,7,0,0,3,0,1,0,3,3,2,0,10,1,0,92,4,"Collingwood","2022",19
28,"Murphy, Nathan",9,3,1,10,0,0,0,0,3,0,0,1,0,1,0,6,5,0,0,4,0,0,92,4,"Collingwood","2022",19
9,"Noble, John",8,1,3,11,0,0,0,1,1,0,1,5,1,5,0,4,7,0,0,0,0,0,80,4,"Collingwood","2022",19
10,"Pendlebury, Scott",9,2,7,16,1,0,0,5,1,5,2,5,0,1,0,6,10,0,0,2,0,1,83,4,"Collingwood","2022",19
3,"Quaynor, Isaac",8,4,4,12,0,0,0,1,1,3,0,3,2,0,0,5,7,2,0,4,2,0,79,4,"Collingwood","2022",19
22,"Sidebottom, Steele",7,5,5,12,0,0,0,4,3,2,1,3,0,1,0,3,9,0,0,1,1,0,72,4,"Collingwood","2022",19
6,"Caldwell, Jye",5,0,10,15,0,0,0,6,1,1,5,2,0,1,0,8,7,0,0,0,0,1,86,-4,"Essendon","2022",19
2,"Draper, Sam",12,6,4,16,1,0,16,0,2,5,7,3,1,2,1,11,3,3,1,4,0,1,60,-4,"Essendon","2022",19
22,"Durham, Sam",10,10,13,23,0,1,0,1,3,3,1,2,1,1,0,8,16,1,1,2,0,0,85,-4,"Essendon","2022",19
35,"Guelfi, Matt",10,6,7,17,2,0,0,3,0,1,1,6,1,2,0,7,11,1,1,2,0,0,85,-4,"Essendon","2022",19
0,"Ham, Brayden",0,0,1,1,0,0,0,4,0,0,0,0,0,0,0,0,1,0,0,0,0,0,36,-4,"Essendon","2022",19
21,"Heppell, Dyson",17,11,9,26,0,0,0,4,3,5,1,3,2,1,0,5,22,0,0,1,0,1,83,-4,"Essendon","2022",19
19,"Hind, Nick",15,7,4,19,0,0,0,1,2,1,1,2,1,1,0,5,12,0,0,0,0,0,82,-4,"Essendon","2022",19
8,"Hobbs, Ben",7,1,8,15,0,0,0,5,1,2,0,5,4,3,0,8,8,0,0,1,1,0,65,-4,"Essendon","2022",19
23,"Jones, Harry",4,4,4,8,1,1,0,2,0,0,0,1,2,0,0,4,4,2,1,1,0,0,90,-4,"Essendon","2022",19
29,"Kelly, Jake",6,4,5,11,0,0,0,0,2,1,0,2,0,1,0,5,5,0,0,2,0,0,97,-4,"Essendon","2022",19
4,"Langford, Kyle",7,3,2,9,1,2,0,2,0,1,0,1,0,1,0,6,3,2,1,0,0,0,83,-4,"Essendon","2022",19
15,"Laverde, Jayden",9,7,4,13,0,0,0,3,3,2,1,0,0,0,0,2,11,1,0,1,0,0,76,-4,"Essendon","2022",19
37,"Martin, Nic",15,5,7,22,1,0,0,1,2,1,2,4,1,1,0,5,18,0,1,2,0,0,92,-4,"Essendon","2022",19
1,"McGrath, Andrew",13,6,3,16,0,1,0,3,3,2,1,2,1,0,0,3,14,0,0,2,1,0,79,-4,"Essendon","2022",19
7,"Merrett, Zach",23,4,15,38,0,0,0,2,4,7,9,9,2,0,3,15,23,0,0,1,0,2,81,-4,"Essendon","2022",19
34,"Phillips, Andrew",4,1,1,5,1,0,10,1,0,1,2,2,1,1,0,3,1,1,1,3,0,1,53,-4,"Essendon","2022",19
0,"Redman, Mason",9,1,1,10,0,0,0,2,3,1,0,2,2,0,0,3,5,0,0,1,0,0,43,-4,"Essendon","2022",19
14,"Ridley, Jordan",16,7,2,18,0,0,0,2,2,1,0,2,1,0,0,6,8,1,0,4,1,0,85,-4,"Essendon","2022",19
9,"Shiel, Dylan",13,6,17,30,0,1,0,3,1,6,4,2,0,0,0,8,20,0,0,1,3,0,79,-4,"Essendon","2022",19
11,"Snelling, Will",6,5,14,20,0,0,0,8,1,4,1,1,1,0,0,6,13,0,1,1,0,0,87,-4,"Essendon","2022",19
25,"Stringer, Jake",10,1,5,15,1,1,0,7,0,4,5,4,2,1,0,7,8,0,0,1,0,0,78,-4,"Essendon","2022",19
20,"Wright, Peter",11,8,1,12,3,1,0,0,1,2,0,3,2,2,0,5,8,1,3,6,0,1,100,-4,"Essendon","2022",19
30,"Zerk-Thatcher, Brandon",6,4,1,7,0,0,0,2,0,0,0,2,0,2,0,2,5,1,0,9,0,0,95,-4,"Essendon","2022",19
