"Number","Player","Kicks","Marks","Handballs","Disposals","Goals","Behinds","Hitouts","Tackles","Rebounds50s","Inside50s","Clearances","Clangers","FreesFor","FreesAgainst","BrownlowVotes","ContestedPossessions","UncontestedPossessions","ContestedMarks","MarksInside50","OnePercenters","Bounces","GoalAssists","PercentagePlayed","PointDifference","Team","Season","Round"
5,"Cerra, Adam",10,5,6,16,0,0,0,1,0,0,0,4,1,0,0,4,13,0,0,2,0,0,71,-15,"Carlton","2022",16
46,"Cottrell, Matthew",9,4,5,14,1,1,0,3,0,3,0,1,1,0,0,4,11,0,0,2,0,0,93,-15,"Carlton","2022",16
9,"Cripps, Patrick",10,3,21,31,0,0,0,1,0,5,8,4,1,0,0,19,11,1,0,1,0,1,83,-15,"Carlton","2022",16
30,"Curnow, Charlie",9,5,0,9,1,4,0,3,0,2,0,3,2,1,0,5,4,1,3,1,0,0,91,-15,"Carlton","2022",16
12,"De Koning, Tom",4,2,8,12,0,1,24,3,2,2,1,2,1,1,0,9,2,2,1,2,0,0,84,-15,"Carlton","2022",16
15,"Docherty, Sam",12,2,10,22,0,0,0,4,5,2,0,4,1,0,0,8,10,0,0,2,1,0,77,-15,"Carlton","2022",16
19,"Durdin, Corey",6,2,4,10,0,1,0,4,0,1,0,0,1,0,0,7,3,0,0,3,0,1,64,-15,"Carlton","2022",16
25,"Fisher, Zac",11,3,10,21,1,1,0,3,2,2,1,5,0,2,0,6,15,0,2,0,0,1,87,-15,"Carlton","2022",16
29,"Hewett, George",7,2,15,22,0,1,0,10,0,2,6,2,1,0,0,7,15,0,1,0,0,0,78,-15,"Carlton","2022",16
36,"Honey, Josh",4,2,6,10,0,1,0,1,0,1,1,0,0,0,0,4,6,1,1,2,0,1,68,-15,"Carlton","2022",16
17,"Kemp, Brodie",8,5,5,13,0,0,0,1,0,1,0,2,0,2,0,4,9,2,0,5,0,0,95,-15,"Carlton","2022",16
7,"Kennedy, Matthew",13,3,8,21,2,0,0,5,2,4,5,4,1,1,0,10,11,1,0,0,0,0,66,-15,"Carlton","2022",16
10,"McKay, Harry",11,7,3,14,2,1,1,2,0,3,0,2,3,0,0,8,5,3,4,3,0,0,96,-15,"Carlton","2022",16
3,"Motlop, Jesse",7,3,2,9,3,1,0,2,0,1,0,1,0,0,0,5,4,1,1,0,1,0,62,-15,"Carlton","2022",16
24,"Newman, Nic",14,8,6,20,0,0,0,3,4,3,0,1,0,0,0,5,14,1,0,7,0,0,88,-15,"Carlton","2022",16
32,"Newnes, Jack",7,2,6,13,0,0,0,1,2,3,1,1,1,1,0,6,9,0,0,1,0,1,87,-15,"Carlton","2022",16
4,"OBrien, Lochie",9,3,3,12,0,0,0,3,1,3,0,0,2,0,0,3,11,0,1,0,0,0,81,-15,"Carlton","2022",16
20,"Plowman, Lachie",13,7,4,17,0,0,0,3,5,0,0,4,2,1,0,5,13,0,0,2,0,0,80,-15,"Carlton","2022",16
42,"Saad, Adam",18,5,7,25,0,0,0,2,10,2,2,2,1,0,0,13,13,1,0,3,1,1,79,-15,"Carlton","2022",16
43,"Setterfield, Will",0,0,0,0,0,0,0,0,0,0,0,0,0,0,0,0,0,0,0,0,0,0,0,-15,"Carlton","2022",16
1,"Silvagni, Jack",10,4,5,15,0,1,5,2,0,4,0,1,0,0,0,1,14,0,1,2,0,0,85,-15,"Carlton","2022",16
18,"Walsh, Sam",12,0,21,33,0,0,0,2,2,5,6,2,1,0,0,16,17,0,0,1,0,0,86,-15,"Carlton","2022",16
33,"Young, Lewis",6,4,2,8,0,0,0,2,4,0,0,2,1,0,0,8,1,3,0,12,0,0,100,-15,"Carlton","2022",16
26,"Battle, Josh",5,2,4,9,0,0,0,2,3,0,0,1,0,1,0,2,6,0,0,1,0,0,96,15,"St Kilda","2022",16
15,"Billings, Jack",15,10,9,24,0,0,0,2,5,4,3,2,0,1,0,6,18,0,0,2,0,0,82,15,"St Kilda","2022",16
16,"Butler, Dan",4,1,4,8,2,1,0,3,0,1,2,2,1,2,0,5,3,0,1,1,0,2,75,15,"St Kilda","2022",16
11,"Clark, Hunter",8,3,9,17,0,0,0,4,0,1,0,2,2,0,0,6,11,0,0,2,0,0,62,15,"St Kilda","2022",16
5,"Crouch, Brad",9,5,14,23,0,0,0,11,1,4,3,6,0,1,0,11,11,0,0,0,0,0,82,15,"St Kilda","2022",16
4,"Gresham, Jade",13,1,16,29,0,2,0,2,0,5,6,4,0,1,0,10,17,0,0,1,1,1,86,15,"St Kilda","2022",16
22,"Higgins, Jack",7,2,4,11,2,1,0,1,1,3,0,3,0,2,0,5,6,0,1,2,0,1,81,15,"St Kilda","2022",16
0,"Highmore, Tom",4,3,8,12,0,0,0,0,2,0,1,0,0,0,0,4,8,1,0,3,0,0,51,15,"St Kilda","2022",16
8,"Hill, Bradley",21,2,6,27,0,0,0,0,4,3,0,5,0,2,0,3,21,0,0,2,4,0,83,15,"St Kilda","2022",16
0,"Howard, Dougal",3,3,3,6,0,0,0,0,0,0,0,3,0,2,0,2,4,0,0,4,0,0,45,15,"St Kilda","2022",16
3,"Jones, Zak",11,3,10,21,0,0,0,5,1,3,5,2,1,1,0,5,16,0,0,1,0,0,70,15,"St Kilda","2022",16
12,"King, Max",10,7,2,12,3,1,0,1,0,2,0,2,0,1,0,8,3,4,2,2,0,0,93,15,"St Kilda","2022",16
19,"Marshall, Rowan",12,12,10,22,0,1,10,1,1,4,4,4,0,0,0,12,10,4,1,1,0,0,75,15,"St Kilda","2022",16
28,"Membrey, Tim",8,5,2,10,4,0,0,2,2,0,0,0,1,0,1,4,6,1,1,1,0,1,84,15,"St Kilda","2022",16
6,"Ross, Sebastian",18,6,9,27,0,0,0,3,1,5,3,2,0,0,0,9,18,0,0,1,2,0,78,15,"St Kilda","2022",16
18,"Ryder, Paddy",8,3,3,11,2,1,31,5,1,1,1,2,2,1,2,6,5,0,1,6,0,0,84,15,"St Kilda","2022",16
35,"Sinclair, Jack",28,11,9,37,0,0,0,1,6,6,2,1,1,0,3,8,21,1,0,4,3,0,81,15,"St Kilda","2022",16
9,"Steele, Jack",11,5,13,24,1,1,0,9,2,2,3,1,0,1,0,6,17,0,0,0,0,0,84,15,"St Kilda","2022",16
7,"Wanganeen-Milera, Nasiah",9,7,5,14,0,0,0,4,0,1,2,0,0,0,0,3,11,2,0,1,2,0,64,15,"St Kilda","2022",16
29,"Webster, Jimmy",12,7,7,19,0,0,0,0,5,2,0,1,0,1,0,4,14,0,0,3,0,1,82,15,"St Kilda","2022",16
44,"Wilkie, Callum",12,7,3,15,0,0,0,0,3,0,0,5,0,3,0,3,11,1,0,7,0,0,100,15,"St Kilda","2022",16
17,"Windhager, Marcus",6,4,5,11,0,0,0,4,0,3,0,1,1,1,0,5,8,1,1,1,0,0,87,15,"St Kilda","2022",16
32,"Wood, Mason",8,4,4,12,0,0,0,1,1,3,1,4,0,0,0,3,9,2,0,1,0,1,75,15,"St Kilda","2022",16
