"Number","Player","Kicks","Marks","Handballs","Disposals","Goals","Behinds","Hitouts","Tackles","Rebounds50s","Inside50s","Clearances","Clangers","FreesFor","FreesAgainst","BrownlowVotes","ContestedPossessions","UncontestedPossessions","ContestedMarks","MarksInside50","OnePercenters","Bounces","GoalAssists","PercentagePlayed","PointDifference","Team","Season","Round"
24,"Adams, Marcus",6,5,5,11,0,0,0,2,5,1,0,1,0,0,0,3,8,2,0,7,0,0,100,-10,"Brisbane Lions","2022",17
33,"Bailey, Zac",11,6,6,17,0,1,0,2,0,6,3,4,0,1,0,3,14,0,0,0,0,1,80,-10,"Brisbane Lions","2022",17
23,"Cameron, Charlie",7,3,5,12,1,0,0,1,0,2,0,2,2,0,0,8,6,0,1,3,0,0,87,-10,"Brisbane Lions","2022",17
12,"Cockatoo, Nakia",9,1,1,10,0,1,0,8,3,3,3,0,1,0,0,6,4,0,0,1,0,0,79,-10,"Brisbane Lions","2022",17
3,"Daniher, Joe",5,2,5,10,1,1,0,0,0,2,0,4,0,2,0,6,4,0,0,2,0,2,91,-10,"Brisbane Lions","2022",17
32,"Fort, Darcy",8,3,3,11,1,0,13,5,2,2,2,4,0,2,0,8,4,1,1,1,0,1,73,-10,"Brisbane Lions","2022",17
21,"Fullarton, Tom",6,5,3,9,0,0,0,1,1,2,0,0,0,0,0,3,6,1,0,4,0,0,76,-10,"Brisbane Lions","2022",17
30,"Hipwood, Eric",8,7,2,10,1,1,0,1,0,3,0,4,0,2,0,2,9,1,2,0,0,1,85,-10,"Brisbane Lions","2022",17
35,"Lester, Ryan",9,2,5,14,0,0,0,4,1,1,1,1,3,0,0,6,7,0,0,3,0,0,83,-10,"Brisbane Lions","2022",17
17,"Lyons, Jarryd",9,0,8,17,0,0,0,7,2,4,6,3,0,1,0,10,6,0,0,1,0,0,72,-10,"Brisbane Lions","2022",17
14,"Madden, James",9,7,1,10,0,0,0,2,2,2,0,2,0,1,0,4,6,3,1,0,1,0,77,-10,"Brisbane Lions","2022",17
36,"Mathieson, Rhys",0,0,0,0,0,0,0,0,0,0,0,0,0,0,0,0,0,0,0,0,0,0,0,-10,"Brisbane Lions","2022",17
11,"McCarthy, Lincoln",9,2,4,13,3,0,0,3,1,3,2,6,1,1,0,5,8,0,0,2,0,0,77,-10,"Brisbane Lions","2022",17
6,"McCluggage, Hugh",16,6,13,29,0,1,0,2,1,4,4,7,3,2,0,11,18,0,0,1,0,2,83,-10,"Brisbane Lions","2022",17
46,"McInerney, Oscar",7,5,8,15,2,2,21,1,1,2,1,1,2,0,0,11,6,2,2,1,0,1,81,-10,"Brisbane Lions","2022",17
39,"Michael, Carter",7,3,1,8,1,0,0,2,2,0,0,0,1,0,0,2,5,0,0,2,0,0,79,-10,"Brisbane Lions","2022",17
9,"Neale, Lachie",9,2,12,21,0,1,0,3,1,1,7,2,3,2,0,15,6,1,0,1,0,1,89,-10,"Brisbane Lions","2022",17
40,"Payne, Jack",7,3,2,9,0,0,0,1,6,0,0,1,0,0,0,4,5,0,0,11,0,0,96,-10,"Brisbane Lions","2022",17
16,"Rayner, Cam",8,3,4,12,1,2,1,2,0,4,1,3,1,0,0,7,5,2,1,0,1,0,71,-10,"Brisbane Lions","2022",17
5,"Robinson, Mitch",9,3,10,19,2,0,0,3,0,1,3,6,0,1,0,6,11,0,1,2,0,0,86,-10,"Brisbane Lions","2022",17
22,"Sharp, Harry",7,1,0,7,0,0,0,2,1,1,0,3,0,1,0,1,6,0,0,1,1,0,68,-10,"Brisbane Lions","2022",17
37,"Starcevich, Brandon",21,7,5,26,0,0,0,5,8,3,0,8,2,3,0,3,12,0,0,2,0,1,88,-10,"Brisbane Lions","2022",17
29,"Tunstill, James",8,1,3,11,0,0,0,0,2,2,2,3,0,0,0,2,9,0,0,0,0,0,76,-10,"Brisbane Lions","2022",17
6,"Caldwell, Jye",14,4,12,26,1,0,0,7,2,4,2,7,3,1,0,8,18,1,1,0,1,1,87,10,"Essendon","2022",17
0,"DAmbrosio, Massimo",10,6,3,13,0,0,0,1,3,0,1,5,0,1,0,3,11,0,0,0,0,0,52,10,"Essendon","2022",17
2,"Draper, Sam",8,2,5,13,1,0,17,0,0,3,4,3,0,3,0,9,6,1,1,3,0,1,75,10,"Essendon","2022",17
22,"Durham, Sam",11,5,8,19,0,0,0,2,0,3,4,4,2,1,0,10,10,0,0,2,0,0,79,10,"Essendon","2022",17
35,"Guelfi, Matt",12,7,8,20,1,0,0,3,1,1,0,1,2,1,0,8,12,1,1,0,0,1,75,10,"Essendon","2022",17
0,"Ham, Brayden",1,0,1,2,0,0,0,0,0,0,1,3,0,2,0,2,0,0,0,1,0,0,25,10,"Essendon","2022",17
21,"Heppell, Dyson",9,6,6,15,1,0,0,2,3,2,0,2,0,1,0,3,12,1,0,3,0,0,76,10,"Essendon","2022",17
19,"Hind, Nick",20,3,7,27,0,0,0,5,8,3,1,4,1,1,0,7,16,0,1,2,6,0,87,10,"Essendon","2022",17
8,"Hobbs, Ben",8,5,5,13,1,2,0,2,1,0,1,3,1,1,0,6,7,0,1,0,0,0,63,10,"Essendon","2022",17
23,"Jones, Harry",5,5,3,8,0,1,0,2,0,1,0,1,0,0,0,3,5,1,2,0,0,0,83,10,"Essendon","2022",17
29,"Kelly, Jake",8,4,3,11,0,0,0,3,0,0,0,3,1,2,0,3,11,0,0,1,0,0,95,10,"Essendon","2022",17
4,"Langford, Kyle",13,7,5,18,4,1,0,3,0,4,0,4,1,0,0,5,12,1,4,0,0,1,81,10,"Essendon","2022",17
15,"Laverde, Jayden",10,8,11,21,0,0,0,4,2,5,0,1,0,0,0,9,12,2,0,7,0,0,87,10,"Essendon","2022",17
37,"Martin, Nic",5,4,8,13,0,0,0,2,0,3,0,2,0,1,0,3,9,0,0,1,3,1,88,10,"Essendon","2022",17
1,"McGrath, Andrew",14,4,4,18,0,0,0,1,3,6,0,1,1,1,0,5,10,0,1,1,0,1,84,10,"Essendon","2022",17
7,"Merrett, Zach",16,5,15,31,0,1,0,8,0,6,6,2,1,0,2,10,19,0,0,0,1,3,85,10,"Essendon","2022",17
34,"Phillips, Andrew",3,3,4,7,0,0,15,3,0,1,0,3,0,1,0,6,3,2,0,2,0,0,60,10,"Essendon","2022",17
14,"Ridley, Jordan",22,10,4,26,0,0,0,0,6,1,0,2,2,0,1,6,16,1,0,1,0,0,91,10,"Essendon","2022",17
9,"Shiel, Dylan",12,3,13,25,1,0,0,5,0,4,8,2,1,0,0,11,11,0,0,1,1,0,76,10,"Essendon","2022",17
11,"Snelling, Will",7,1,8,15,0,0,0,3,0,3,1,3,0,0,0,4,11,0,0,0,0,0,80,10,"Essendon","2022",17
25,"Stringer, Jake",7,3,2,9,0,2,0,5,0,3,5,3,0,2,0,5,5,0,2,2,0,1,82,10,"Essendon","2022",17
20,"Wright, Peter",11,8,0,11,5,2,0,0,1,2,0,1,1,0,3,6,5,4,4,6,0,1,100,10,"Essendon","2022",17
30,"Zerk-Thatcher, Brandon",9,7,12,21,0,0,0,2,6,1,1,0,2,0,0,5,16,0,0,3,0,0,91,10,"Essendon","2022",17
