"Number","Player","Kicks","Marks","Handballs","Disposals","Goals","Behinds","Hitouts","Tackles","Rebounds50s","Inside50s","Clearances","Clangers","FreesFor","FreesAgainst","BrownlowVotes","ContestedPossessions","UncontestedPossessions","ContestedMarks","MarksInside50","OnePercenters","Bounces","GoalAssists","PercentagePlayed","PointDifference","Team","Season","Round"
16,"Bramble, Lachlan",15,5,9,24,0,0,0,1,6,0,1,2,0,0,0,3,12,1,0,2,0,1,81,-4,"Hawthorn","2022",12
22,"Breust, Luke",6,1,3,9,1,2,0,2,0,3,0,2,1,2,0,8,3,1,1,1,0,1,78,-4,"Hawthorn","2022",12
30,"Butler, Sam",4,2,9,13,1,0,0,1,0,0,1,7,1,3,0,7,7,0,0,1,0,1,69,-4,"Hawthorn","2022",12
12,"Day, Will",14,8,3,17,0,0,0,2,9,1,0,2,0,0,0,2,11,0,0,6,2,0,72,-4,"Hawthorn","2022",12
19,"Gunston, Jack",4,2,4,8,0,0,0,0,0,1,0,1,0,0,0,1,8,0,0,3,0,1,74,-4,"Hawthorn","2022",12
15,"Hardwick, Blake",8,4,6,14,0,0,0,5,0,0,0,3,1,0,0,5,6,2,0,8,0,0,94,-4,"Hawthorn","2022",12
28,"Hartigan, Kyle",3,2,4,7,0,0,0,1,0,0,0,3,1,0,0,5,2,1,0,7,0,0,93,-4,"Hawthorn","2022",12
17,"Howe, Daniel",0,0,0,0,0,0,0,0,0,0,0,0,0,0,0,0,0,0,0,0,0,0,0,-4,"Hawthorn","2022",12
4,"Impey, Jarman",10,2,10,20,0,0,0,4,4,2,0,6,2,1,0,8,13,0,0,0,2,0,79,-4,"Hawthorn","2022",12
9,"Jiath, Changkuoth",7,3,10,17,1,0,0,3,3,2,0,3,0,2,0,5,12,0,0,7,1,0,86,-4,"Hawthorn","2022",12
23,"Koschitzke, Jacob",6,2,1,7,1,0,5,3,0,1,3,1,1,0,0,4,3,0,0,6,0,0,86,-4,"Hawthorn","2022",12
2,"Lewis, Mitch",10,3,4,14,4,0,0,0,0,2,0,1,3,1,0,8,7,0,1,5,0,0,98,-4,"Hawthorn","2022",12
31,"Macdonald, Connor",8,2,2,10,1,1,0,4,1,0,1,3,0,0,0,3,7,0,0,0,0,0,65,-4,"Hawthorn","2022",12
3,"Mitchell, Tom",13,2,19,32,0,0,0,7,5,4,3,8,1,0,0,14,17,0,0,0,0,0,83,-4,"Hawthorn","2022",12
13,"Moore, Dylan",12,6,4,16,0,0,0,2,1,2,4,3,1,1,0,6,10,1,0,1,0,0,80,-4,"Hawthorn","2022",12
1,"Morrison, Harry",12,6,12,24,0,0,0,2,4,2,0,4,0,1,0,4,20,0,0,2,0,0,80,-4,"Hawthorn","2022",12
11,"Nash, Conor",12,1,6,18,0,0,0,6,4,5,3,7,1,1,0,8,9,0,0,1,0,1,80,-4,"Hawthorn","2022",12
44,"Newcombe, Jai",12,2,11,23,0,1,0,12,3,2,8,10,1,3,2,13,11,0,0,4,0,0,88,-4,"Hawthorn","2022",12
10,"OMeara, Jaeger",10,1,8,18,0,0,0,10,0,4,7,5,1,2,0,10,7,1,0,1,0,1,77,-4,"Hawthorn","2022",12
37,"Reeves, Ned",4,2,3,7,0,1,30,4,1,1,3,4,2,4,0,4,3,0,1,7,0,0,75,-4,"Hawthorn","2022",12
26,"Shiels, Liam",10,2,12,22,0,0,0,7,2,2,1,5,1,0,0,6,14,0,0,2,0,0,80,-4,"Hawthorn","2022",12
6,"Sicily, James",20,7,4,24,0,0,0,1,12,2,1,10,0,3,0,6,16,0,0,11,0,0,100,-4,"Hawthorn","2022",12
20,"Wingard, Chad",11,0,6,17,1,2,0,4,0,4,1,3,2,2,0,10,7,0,0,2,1,1,83,-4,"Hawthorn","2022",12
13,"Adams, Taylor",20,4,8,28,0,0,0,7,1,5,7,10,3,4,0,14,15,0,0,3,0,0,84,4,"Collingwood","2022",12
0,"Brown, Tyler",0,0,1,1,0,0,0,3,0,0,1,0,0,0,0,1,0,0,0,0,0,0,14,4,"Collingwood","2022",12
14,"Cameron, Darcy",19,9,7,26,1,1,19,3,3,3,6,4,3,2,3,15,12,1,2,1,0,0,81,4,"Collingwood","2022",12
46,"Cox, Mason",3,1,4,7,0,0,17,2,0,1,2,2,1,1,0,5,3,0,0,9,0,0,61,4,"Collingwood","2022",12
25,"Crisp, Jack",15,5,10,25,0,0,0,5,1,7,3,3,0,0,0,9,14,0,0,4,0,2,81,4,"Collingwood","2022",12
7,"Daicos, Josh",7,3,12,19,0,0,0,0,1,2,0,1,1,0,0,5,14,0,0,0,0,0,86,4,"Collingwood","2022",12
35,"Daicos, Nick",22,3,14,36,0,0,0,1,6,4,1,3,2,0,1,8,25,0,0,0,1,0,84,4,"Collingwood","2022",12
2,"de Goey, Jordan",15,4,6,21,1,2,0,3,0,6,2,2,1,1,0,10,11,0,2,1,0,1,91,4,"Collingwood","2022",12
33,"Ginnivan, Jack",6,2,4,10,2,0,0,3,0,2,1,3,2,0,0,6,5,0,0,1,0,0,85,4,"Collingwood","2022",12
16,"Henry, Oliver",9,4,3,12,2,2,0,2,0,2,0,3,1,0,0,5,7,1,3,3,0,0,86,4,"Collingwood","2022",12
32,"Hoskin-Elliott, Will",7,4,9,16,0,0,0,3,0,3,1,6,0,1,0,7,8,0,0,5,0,1,82,4,"Collingwood","2022",12
38,"Howe, Jeremy",10,4,5,15,0,0,0,1,2,2,0,3,1,1,0,6,11,0,0,7,0,0,94,4,"Collingwood","2022",12
1,"Lipinski, Patrick",16,2,13,29,1,0,0,4,0,6,4,6,1,2,0,16,16,1,1,3,0,0,86,4,"Collingwood","2022",12
37,"Maynard, Brayden",9,6,8,17,0,0,0,3,4,2,0,4,0,1,0,5,12,2,0,1,1,0,78,4,"Collingwood","2022",12
31,"McCreery, Beau",6,1,5,11,1,0,0,7,0,1,3,1,1,1,0,10,1,0,0,7,0,0,67,4,"Collingwood","2022",12
0,"McInnes, Reef",3,1,4,7,0,0,0,4,0,1,0,2,0,1,0,2,4,0,0,2,0,0,52,4,"Collingwood","2022",12
41,"Mihocek, Brody",7,2,4,11,1,3,0,2,1,1,0,2,2,1,0,7,4,1,2,1,0,1,89,4,"Collingwood","2022",12
30,"Moore, Darcy",10,4,6,16,0,0,0,3,4,3,0,4,0,3,0,5,6,1,0,8,0,0,98,4,"Collingwood","2022",12
28,"Murphy, Nathan",7,3,6,13,0,0,0,1,5,0,0,0,2,0,0,7,9,1,0,10,0,0,84,4,"Collingwood","2022",12
9,"Noble, John",14,5,4,18,0,0,0,2,0,4,0,2,3,1,0,4,15,0,0,2,0,0,77,4,"Collingwood","2022",12
10,"Pendlebury, Scott",10,2,15,25,0,0,0,0,0,6,1,3,1,0,0,6,18,0,0,0,0,0,74,4,"Collingwood","2022",12
3,"Quaynor, Isaac",6,1,10,16,0,0,0,2,0,0,1,1,1,0,0,11,6,1,0,4,0,0,86,4,"Collingwood","2022",12
22,"Sidebottom, Steele",14,5,10,24,1,1,0,3,1,4,1,2,0,0,0,5,19,0,0,4,1,0,82,4,"Collingwood","2022",12
