"Number","Player","Kicks","Marks","Handballs","Disposals","Goals","Behinds","Hitouts","Tackles","Rebounds50s","Inside50s","Clearances","Clangers","FreesFor","FreesAgainst","BrownlowVotes","ContestedPossessions","UncontestedPossessions","ContestedMarks","MarksInside50","OnePercenters","Bounces","GoalAssists","PercentagePlayed","PointDifference","Team","Season","Round"
36,"Blanck, James",6,3,6,12,0,0,0,0,2,0,1,2,2,2,0,6,7,1,0,9,0,0,86,32,"Hawthorn","2022",17
22,"Breust, Luke",11,4,0,11,2,1,0,5,0,3,2,1,1,0,0,6,5,2,3,0,0,1,83,32,"Hawthorn","2022",17
24,"Grainger-Barras, Denver",5,1,5,10,0,0,0,0,0,0,0,3,0,3,0,4,6,0,0,3,0,0,84,32,"Hawthorn","2022",17
15,"Hardwick, Blake",19,8,13,32,0,0,0,4,5,1,0,0,1,0,0,8,21,0,0,1,0,0,92,32,"Hawthorn","2022",17
4,"Impey, Jarman",12,5,2,14,1,3,0,3,0,3,1,0,1,0,0,7,7,1,1,2,1,0,75,32,"Hawthorn","2022",17
9,"Jiath, Changkuoth",14,8,10,24,0,0,0,1,4,3,0,4,2,0,3,4,22,0,0,1,5,0,82,32,"Hawthorn","2022",17
23,"Koschitzke, Jacob",4,2,4,8,1,0,0,1,0,2,0,2,1,2,0,4,6,0,1,3,0,2,88,32,"Hawthorn","2022",17
2,"Lewis, Mitch",8,3,4,12,5,1,0,3,0,2,1,3,3,1,1,7,5,1,2,1,0,1,91,32,"Hawthorn","2022",17
31,"Macdonald, Connor",7,6,4,11,0,0,0,2,2,1,0,2,0,1,0,4,6,1,1,1,0,0,75,32,"Hawthorn","2022",17
32,"Maginness, Finn",7,2,6,13,0,0,0,7,0,2,0,1,1,0,0,7,5,0,0,2,0,1,94,32,"Hawthorn","2022",17
7,"McEvoy, Ben",2,2,5,7,0,1,20,4,0,0,1,2,0,1,0,3,7,0,0,3,0,0,80,32,"Hawthorn","2022",17
3,"Mitchell, Tom",8,2,20,28,0,0,0,4,1,2,6,2,0,0,0,16,12,0,0,4,0,0,73,32,"Hawthorn","2022",17
13,"Moore, Dylan",18,7,11,29,0,0,0,7,1,8,5,3,4,0,0,10,18,0,0,0,1,1,79,32,"Hawthorn","2022",17
35,"Morris, Josh",5,2,5,10,0,0,0,1,2,2,0,1,2,0,0,3,8,0,0,1,0,0,74,32,"Hawthorn","2022",17
1,"Morrison, Harry",15,7,6,21,1,0,0,5,2,4,2,6,0,1,0,6,14,2,0,2,0,1,86,32,"Hawthorn","2022",17
11,"Nash, Conor",10,5,12,22,1,0,0,4,2,3,2,0,2,0,0,9,13,0,0,1,2,0,87,32,"Hawthorn","2022",17
44,"Newcombe, Jai",11,3,14,25,0,0,0,2,2,6,8,6,1,1,0,13,11,0,0,0,1,0,72,32,"Hawthorn","2022",17
10,"OMeara, Jaeger",12,4,8,20,1,0,0,5,0,7,3,3,3,1,0,9,12,0,1,1,1,0,73,32,"Hawthorn","2022",17
37,"Reeves, Ned",4,0,2,6,1,0,26,2,0,1,1,2,0,1,0,3,3,0,0,1,0,0,65,32,"Hawthorn","2022",17
14,"Scrimshaw, Jack",14,5,11,25,0,1,0,3,3,2,1,4,1,0,0,9,13,2,0,1,1,0,81,32,"Hawthorn","2022",17
26,"Shiels, Liam",0,0,0,0,0,0,0,0,0,0,0,0,0,0,0,0,0,0,0,0,0,0,0,32,"Hawthorn","2022",17
6,"Sicily, James",21,13,2,23,0,0,0,1,7,1,0,7,1,1,0,4,18,1,0,8,0,0,100,32,"Hawthorn","2022",17
25,"Ward, Josh",11,4,5,16,0,0,0,2,2,1,2,3,1,0,0,6,11,0,0,1,0,0,76,32,"Hawthorn","2022",17
21,"Berry, Sam",11,4,7,18,0,0,0,7,3,6,3,6,0,4,0,5,13,0,0,1,0,0,76,-32,"Adelaide","2022",17
41,"Butts, Jordon",5,5,5,10,0,0,0,0,2,1,0,3,0,2,0,3,7,0,0,4,0,0,94,-32,"Adelaide","2022",17
5,"Crouch, Matt",10,4,18,28,0,0,0,6,1,1,7,1,0,1,0,11,17,0,0,0,0,0,68,-32,"Adelaide","2022",17
40,"Davis, Ben",0,0,0,0,0,0,0,0,0,0,0,0,0,0,0,0,0,0,0,0,0,0,0,-32,"Adelaide","2022",17
12,"Dawson, Jordan",9,1,6,15,0,0,0,10,1,3,2,3,0,2,0,6,10,0,0,1,0,0,91,-32,"Adelaide","2022",17
39,"Doedee, Tom",12,8,9,21,0,0,0,2,6,1,0,1,1,0,0,3,16,1,0,3,0,0,100,-32,"Adelaide","2022",17
32,"Fogarty, Darcy",5,2,5,10,2,1,0,2,0,1,0,4,2,2,0,7,3,1,2,0,0,0,83,-32,"Adelaide","2022",17
17,"Hamill, Will",7,3,8,15,0,0,0,3,2,1,0,2,1,2,0,7,7,1,0,3,0,0,76,-32,"Adelaide","2022",17
6,"Hately, Jackson",10,2,8,18,0,0,0,3,3,2,1,6,0,2,0,3,16,0,0,1,0,0,84,-32,"Adelaide","2022",17
1,"Jones, Chayce",9,6,4,13,0,0,0,1,0,1,0,1,0,0,0,3,11,0,0,1,0,0,89,-32,"Adelaide","2022",17
2,"Keays, Ben",14,6,16,30,1,1,0,5,0,1,6,5,2,1,0,9,19,0,0,0,0,1,85,-32,"Adelaide","2022",17
29,"Laird, Rory",13,3,29,42,0,0,0,7,2,5,4,8,1,1,2,14,27,0,0,1,0,1,75,-32,"Adelaide","2022",17
25,"McHenry, Ned",9,6,5,14,1,0,0,5,1,6,0,4,0,3,0,3,11,2,0,0,1,0,80,-32,"Adelaide","2022",17
30,"Milera, Wayne",6,6,3,9,1,0,0,3,1,2,0,0,1,0,0,2,7,0,1,3,1,1,77,-32,"Adelaide","2022",17
28,"Murray, Nick",9,7,2,11,0,0,0,1,1,2,1,2,2,1,0,5,7,1,0,6,0,0,86,-32,"Adelaide","2022",17
43,"OBrien, Reilly",6,4,7,13,0,0,32,3,4,2,3,4,2,0,0,8,4,2,0,3,0,0,88,-32,"Adelaide","2022",17
37,"Parnell, Patrick",8,2,7,15,0,0,0,2,2,3,0,1,0,0,0,3,13,0,0,2,1,0,75,-32,"Adelaide","2022",17
31,"Rowe, James",4,0,3,7,0,0,0,3,0,1,1,0,2,0,0,6,1,0,0,0,0,1,73,-32,"Adelaide","2022",17
26,"Schoenberg, Harry",10,1,15,25,0,0,0,1,1,0,7,6,0,2,0,13,15,0,0,2,0,0,76,-32,"Adelaide","2022",17
33,"Smith, Brodie",20,8,4,24,0,0,0,3,7,3,1,4,0,2,0,5,18,0,0,4,1,1,81,-32,"Adelaide","2022",17
14,"Soligo, Jake",6,2,7,13,0,0,0,1,1,0,3,3,0,1,0,5,8,0,0,1,0,0,83,-32,"Adelaide","2022",17
7,"Thilthorpe, Riley",7,5,6,13,2,0,6,1,2,0,3,3,1,1,0,8,5,3,4,2,0,0,67,-32,"Adelaide","2022",17
13,"Walker, Taylor",6,4,5,11,1,1,3,3,0,2,1,4,0,0,0,4,7,1,3,2,0,0,93,-32,"Adelaide","2022",17
