"Number","Player","Kicks","Marks","Handballs","Disposals","Goals","Behinds","Hitouts","Tackles","Rebounds50s","Inside50s","Clearances","Clangers","FreesFor","FreesAgainst","BrownlowVotes","ContestedPossessions","UncontestedPossessions","ContestedMarks","MarksInside50","OnePercenters","Bounces","GoalAssists","PercentagePlayed","PointDifference","Team","Season","Round"
37,"Barrass, Tom",5,5,5,10,0,0,0,0,1,0,0,2,1,1,0,6,6,1,0,14,0,0,100,-63,"West Coast","2022",17
33,"Bazzo, Rhett",6,1,2,8,0,0,0,3,2,0,0,3,1,0,0,2,5,0,0,1,0,0,85,-63,"West Coast","2022",17
0,"Clark, Greg",1,0,0,1,0,0,0,0,0,0,0,2,0,1,0,1,1,0,0,2,0,0,21,-63,"West Coast","2022",17
27,"Darling, Jack",8,5,4,12,1,1,0,1,1,1,0,1,2,1,0,4,8,0,1,3,0,0,100,-63,"West Coast","2022",17
14,"Duggan, Liam",19,8,3,22,0,0,0,3,8,1,1,3,2,1,0,5,15,0,0,2,1,0,82,-63,"West Coast","2022",17
42,"Edwards, Harry",8,8,2,10,0,0,0,2,2,0,0,3,0,2,0,4,7,2,0,3,0,0,96,-63,"West Coast","2022",17
29,"Foley, Luke",5,2,3,8,1,0,0,3,0,2,0,0,1,0,0,5,3,0,0,1,0,1,84,-63,"West Coast","2022",17
3,"Gaff, Andrew",20,8,10,30,0,0,0,1,5,5,5,5,1,0,0,14,16,0,0,1,0,0,86,-63,"West Coast","2022",17
19,"Hough, Brady",8,3,3,11,0,0,0,1,1,2,0,3,0,0,0,3,8,1,0,0,0,0,85,-63,"West Coast","2022",17
25,"Hurn, Shannon",27,10,1,28,0,0,0,2,12,2,0,2,1,1,0,5,14,2,0,1,0,0,84,-63,"West Coast","2022",17
31,"Jones, Jamaine",10,5,7,17,0,1,0,0,4,4,0,6,0,3,0,4,15,0,0,2,0,1,78,-63,"West Coast","2022",17
11,"Kelly, Tim",12,5,9,21,0,1,0,3,4,5,2,8,1,3,0,10,11,0,0,3,0,1,83,-63,"West Coast","2022",17
17,"Kennedy, Josh",7,3,1,8,2,1,0,2,0,1,0,1,2,0,0,6,2,1,2,1,0,0,93,-63,"West Coast","2022",17
9,"Naitanui, Nic",3,3,4,7,0,0,26,2,0,2,4,1,0,1,0,6,1,2,0,3,0,0,64,-63,"West Coast","2022",17
10,"Petrevski-Seton, Sam",8,4,7,15,0,0,0,4,3,0,0,4,3,1,0,6,8,0,0,1,0,0,75,-63,"West Coast","2022",17
0,"Petruccelle, Jack",5,2,3,8,0,0,0,4,0,0,0,0,0,0,0,5,3,1,0,0,0,0,50,-63,"West Coast","2022",17
8,"Redden, Jack",9,6,9,18,0,0,0,5,3,3,5,0,1,0,0,7,9,0,0,1,0,1,83,-63,"West Coast","2022",17
44,"Rioli, Willie",6,3,4,10,1,0,0,5,1,2,2,1,0,0,0,5,5,0,1,0,1,0,81,-63,"West Coast","2022",17
1,"Ryan, Liam",3,2,0,3,0,0,0,0,0,0,0,2,0,2,0,2,1,1,0,0,0,0,76,-63,"West Coast","2022",17
13,"Shuey, Luke",14,3,8,22,0,0,0,6,1,3,3,9,2,3,0,5,18,0,0,1,0,0,68,-63,"West Coast","2022",17
26,"Trew, Zane",5,0,2,7,0,0,0,2,1,1,3,0,0,0,0,5,2,0,0,0,0,0,71,-63,"West Coast","2022",17
2,"Waterman, Jake",7,3,4,11,2,0,0,0,0,0,1,1,2,0,0,2,7,0,1,0,0,0,89,-63,"West Coast","2022",17
32,"Williams, Bailey",6,1,5,11,1,0,17,1,3,0,6,0,2,0,0,9,2,0,1,4,0,0,67,-63,"West Coast","2022",17
5,"Cerra, Adam",18,7,9,27,0,0,0,3,1,8,2,5,1,0,0,9,20,2,0,4,1,0,81,63,"Carlton","2022",17
46,"Cottrell, Matthew",8,6,4,12,1,0,0,2,1,0,1,1,0,0,0,2,10,1,2,0,1,0,78,63,"Carlton","2022",17
9,"Cripps, Patrick",11,6,13,24,1,0,0,2,0,3,10,7,2,2,1,17,10,1,1,4,0,1,78,63,"Carlton","2022",17
30,"Curnow, Charlie",14,8,1,15,5,3,0,0,1,2,0,2,1,2,0,8,8,2,7,2,0,1,91,63,"Carlton","2022",17
12,"De Koning, Tom",10,1,6,16,0,0,17,2,3,3,7,3,2,1,0,10,5,1,0,2,0,0,78,63,"Carlton","2022",17
15,"Docherty, Sam",21,8,7,28,0,0,0,4,6,7,2,1,0,1,0,7,19,1,0,1,2,1,83,63,"Carlton","2022",17
19,"Durdin, Corey",6,1,4,10,2,1,0,5,0,4,0,0,0,0,0,3,7,0,1,2,1,1,81,63,"Carlton","2022",17
25,"Fisher, Zac",15,4,3,18,2,1,0,2,0,4,0,3,4,1,0,4,15,0,0,1,0,0,81,63,"Carlton","2022",17
0,"Hayes, Will",3,2,2,5,0,0,0,0,0,1,0,0,0,0,0,1,4,0,1,0,0,0,10,63,"Carlton","2022",17
29,"Hewett, George",13,3,13,26,0,0,0,5,2,2,9,2,0,0,0,12,17,0,0,1,0,1,75,63,"Carlton","2022",17
36,"Honey, Josh",0,0,4,4,0,0,0,1,0,0,0,0,0,0,0,4,1,0,0,1,0,1,64,63,"Carlton","2022",17
7,"Kennedy, Matthew",13,7,14,27,0,0,0,7,0,4,5,3,3,1,2,14,13,0,0,1,0,0,80,63,"Carlton","2022",17
10,"McKay, Harry",13,7,0,13,5,3,0,4,0,2,1,4,3,2,3,7,5,2,4,1,0,0,93,63,"Carlton","2022",17
3,"Motlop, Jesse",5,4,6,11,0,1,0,2,1,4,0,2,0,2,0,4,9,0,1,0,1,0,72,63,"Carlton","2022",17
24,"Newman, Nic",11,8,4,15,0,0,0,1,0,4,0,4,0,2,0,6,10,0,0,4,0,0,85,63,"Carlton","2022",17
0,"Newnes, Jack",10,7,4,14,0,0,0,1,0,2,0,2,1,2,0,2,13,0,0,3,0,0,70,63,"Carlton","2022",17
4,"OBrien, Lochie",13,4,1,14,0,0,0,3,2,5,1,4,1,1,0,3,12,0,0,0,0,0,80,63,"Carlton","2022",17
20,"Plowman, Lachie",5,2,4,9,0,0,0,1,3,0,0,3,0,2,0,2,7,0,0,5,0,0,84,63,"Carlton","2022",17
42,"Saad, Adam",11,4,2,13,0,0,0,1,2,3,0,0,0,0,0,3,11,0,0,5,3,0,77,63,"Carlton","2022",17
1,"Silvagni, Jack",11,6,6,17,0,1,7,6,0,6,4,5,0,1,0,9,6,2,0,1,1,0,83,63,"Carlton","2022",17
18,"Walsh, Sam",14,5,11,25,1,1,0,3,0,4,4,3,1,2,0,9,14,0,1,0,0,1,85,63,"Carlton","2022",17
23,"Weitering, Jacob",10,6,1,11,0,0,0,3,1,1,0,1,0,0,0,2,9,0,0,5,0,0,92,63,"Carlton","2022",17
33,"Young, Lewis",9,7,5,14,0,0,0,1,2,0,0,2,1,0,0,5,8,2,0,12,0,0,100,63,"Carlton","2022",17
