"Number","Player","Kicks","Marks","Handballs","Disposals","Goals","Behinds","Hitouts","Tackles","Rebounds50s","Inside50s","Clearances","Clangers","FreesFor","FreesAgainst","BrownlowVotes","ContestedPossessions","UncontestedPossessions","ContestedMarks","MarksInside50","OnePercenters","Bounces","GoalAssists","PercentagePlayed","PointDifference","Team","Season","Round"
12,"Bedford, Toby",5,1,4,9,2,0,0,3,0,3,1,2,0,0,0,3,5,0,1,3,1,0,69,10,"Melbourne","2022",7
17,"Bowey, Jake",13,4,8,21,0,0,0,1,3,2,5,5,1,1,0,7,13,0,0,1,0,0,75,10,"Melbourne","2022",7
10,"Brayshaw, Angus",15,10,11,26,0,0,0,3,3,1,0,2,1,0,0,5,21,1,0,0,0,0,89,10,"Melbourne","2022",7
50,"Brown, Ben",9,3,2,11,4,0,0,2,0,3,0,2,4,2,0,4,8,0,0,2,0,0,86,10,"Melbourne","2022",7
0,"Chandler, Kade",2,2,1,3,0,0,0,0,0,0,0,0,0,0,0,0,3,0,0,0,0,0,16,10,"Melbourne","2022",7
27,"Dunstan, Luke",7,5,4,11,0,0,0,2,0,4,2,1,0,0,0,5,7,1,0,1,0,3,67,10,"Melbourne","2022",7
31,"Fritsch, Bayley",6,1,3,9,1,1,0,1,0,2,1,2,3,0,0,8,1,0,1,2,0,1,84,10,"Melbourne","2022",7
11,"Gawn, Max",19,6,10,29,2,0,35,3,1,4,9,5,1,2,3,14,14,1,3,1,0,0,89,10,"Melbourne","2022",7
4,"Harmes, James",11,3,5,16,0,1,0,3,0,4,0,2,1,0,0,5,12,0,0,2,0,1,74,10,"Melbourne","2022",7
29,"Hunt, Jayden",5,3,4,9,0,0,0,1,3,2,0,2,0,0,0,2,7,0,0,4,0,0,91,10,"Melbourne","2022",7
23,"Jordon, James",7,2,12,19,0,0,0,6,3,1,2,3,1,0,0,7,12,0,0,0,1,0,82,10,"Melbourne","2022",7
15,"Langdon, Ed",6,0,3,9,0,1,0,3,0,2,2,2,1,0,0,7,3,0,0,3,0,1,100,10,"Melbourne","2022",7
8,"Lever, Jake",4,2,6,10,0,0,0,5,1,1,0,1,1,0,0,8,3,1,0,3,0,0,100,10,"Melbourne","2022",7
1,"May, Steven",17,3,3,20,0,0,0,1,15,0,0,5,1,2,0,3,4,1,0,9,0,0,100,10,"Melbourne","2022",7
25,"McDonald, Tom",7,5,6,13,2,2,1,1,0,0,0,1,1,1,0,7,7,1,4,5,0,1,78,10,"Melbourne","2022",7
18,"Melksham, Jake",9,5,3,12,0,1,0,3,0,5,2,4,1,1,0,5,7,1,1,2,0,1,75,10,"Melbourne","2022",7
13,"Oliver, Clayton",18,7,15,33,0,1,0,5,0,8,5,5,3,1,2,10,23,0,0,1,0,1,89,10,"Melbourne","2022",7
5,"Petracca, Christian",17,5,14,31,1,1,0,2,3,8,3,1,2,0,0,8,24,0,2,1,0,3,89,10,"Melbourne","2022",7
24,"Rivers, Trent",13,5,4,17,0,0,0,0,4,1,0,4,2,1,0,4,12,0,0,0,0,0,68,10,"Melbourne","2022",7
0,"Smith, Joel",1,0,4,5,0,0,0,2,1,0,0,1,0,0,0,5,1,0,0,2,0,0,59,10,"Melbourne","2022",7
9,"Spargo, Charlie",5,4,3,8,0,1,0,2,0,3,0,0,0,0,0,1,7,0,0,1,0,0,71,10,"Melbourne","2022",7
7,"Viney, Jack",9,5,14,23,0,0,0,6,1,2,5,4,0,1,0,10,15,0,0,4,0,0,76,10,"Melbourne","2022",7
26,"Weideman, Sam",3,1,5,8,1,0,6,4,1,0,1,3,2,2,0,6,2,1,1,0,0,0,71,10,"Melbourne","2022",7
16,"Bramble, Lachlan",6,2,2,8,0,1,0,2,1,0,1,1,0,0,0,2,5,0,0,1,0,0,77,-10,"Hawthorn","2022",7
22,"Breust, Luke",7,2,3,10,1,3,0,2,0,1,0,1,1,1,0,3,8,0,2,3,0,1,80,-10,"Hawthorn","2022",7
45,"Callow, Jackson",1,3,5,6,0,0,3,1,1,1,0,2,0,2,0,2,4,1,0,1,0,0,63,-10,"Hawthorn","2022",7
12,"Day, Will",11,5,9,20,0,0,0,2,2,3,1,4,1,1,0,7,15,0,0,5,0,0,84,-10,"Hawthorn","2022",7
8,"Frost, Sam",6,8,5,11,0,0,0,3,4,1,0,6,1,5,0,2,9,0,0,6,0,0,100,-10,"Hawthorn","2022",7
19,"Gunston, Jack",9,3,9,18,0,3,0,0,0,5,0,3,0,1,0,7,11,0,1,3,0,3,95,-10,"Hawthorn","2022",7
15,"Hardwick, Blake",11,6,6,17,0,0,0,0,4,0,1,3,0,1,0,6,7,2,0,3,0,0,89,-10,"Hawthorn","2022",7
0,"Howe, Daniel",2,1,0,2,0,0,0,1,0,1,1,1,0,1,0,0,1,0,0,0,0,0,12,-10,"Hawthorn","2022",7
4,"Impey, Jarman",16,6,5,21,0,0,0,2,4,1,0,2,0,1,0,2,20,0,0,0,1,0,86,-10,"Hawthorn","2022",7
23,"Koschitzke, Jacob",5,3,5,10,4,0,0,2,0,1,0,2,1,2,0,5,4,0,3,1,0,0,87,-10,"Hawthorn","2022",7
18,"Lynch, Max",3,0,5,8,0,0,19,3,0,1,2,1,1,0,0,5,2,0,0,2,0,0,81,-10,"Hawthorn","2022",7
31,"Macdonald, Connor",6,3,5,11,1,0,0,1,0,1,0,0,0,0,0,5,6,0,0,0,0,0,62,-10,"Hawthorn","2022",7
32,"Maginness, Finn",5,3,7,12,0,0,0,1,1,2,0,3,0,1,0,3,9,0,0,1,0,0,96,-10,"Hawthorn","2022",7
3,"Mitchell, Tom",10,6,12,22,1,0,0,7,1,2,6,7,3,2,0,10,13,0,0,0,0,0,71,-10,"Hawthorn","2022",7
13,"Moore, Dylan",20,11,13,33,1,0,0,3,2,3,1,2,1,0,0,6,29,0,1,1,0,1,87,-10,"Hawthorn","2022",7
0,"Nash, Conor",6,1,4,10,0,0,0,3,0,4,2,2,0,1,0,4,7,0,0,3,0,0,69,-10,"Hawthorn","2022",7
44,"Newcombe, Jai",14,7,7,21,0,0,0,3,3,4,2,6,0,3,0,6,18,0,0,1,0,0,77,-10,"Hawthorn","2022",7
10,"OMeara, Jaeger",12,2,12,24,1,2,0,5,0,5,4,2,1,1,0,13,11,0,0,1,0,0,72,-10,"Hawthorn","2022",7
14,"Scrimshaw, Jack",11,5,9,20,0,0,0,2,7,0,0,1,2,0,0,8,10,1,0,3,2,0,82,-10,"Hawthorn","2022",7
26,"Shiels, Liam",6,7,4,10,0,0,0,3,3,2,0,0,0,0,0,2,7,1,0,1,0,1,76,-10,"Hawthorn","2022",7
6,"Sicily, James",21,13,5,26,0,0,0,1,9,3,0,4,1,1,1,7,16,2,0,5,1,0,92,-10,"Hawthorn","2022",7
20,"Wingard, Chad",9,3,8,17,1,2,0,1,0,3,2,1,1,0,0,6,10,0,1,2,0,0,82,-10,"Hawthorn","2022",7
5,"Worpel, James",14,3,12,26,1,0,0,3,0,6,4,10,0,2,0,14,12,0,0,2,0,0,79,-10,"Hawthorn","2022",7
