"Number","Player","Kicks","Marks","Handballs","Disposals","Goals","Behinds","Hitouts","Tackles","Rebounds50s","Inside50s","Clearances","Clangers","FreesFor","FreesAgainst","BrownlowVotes","ContestedPossessions","UncontestedPossessions","ContestedMarks","MarksInside50","OnePercenters","Bounces","GoalAssists","PercentagePlayed","PointDifference","Team","Season","Round"
9,"Ainsworth, Ben",8,3,2,10,0,0,0,3,0,4,2,2,0,1,0,5,7,0,2,2,0,0,84,-5,"Gold Coast","2022",16
15,"Anderson, Noah",22,5,8,30,1,0,0,3,5,3,6,6,1,0,0,15,18,0,1,1,1,0,93,-5,"Gold Coast","2022",16
10,"Ballard, Charlie",8,9,5,13,0,1,0,0,0,3,0,2,0,0,0,5,8,3,0,1,0,0,98,-5,"Gold Coast","2022",16
3,"Bowes, Jack",13,2,5,18,0,0,0,3,4,2,3,3,0,2,0,5,10,0,0,3,0,1,79,-5,"Gold Coast","2022",16
35,"Budarick, Connor",13,5,4,17,0,0,0,1,7,0,0,2,1,0,0,8,6,0,0,3,0,0,79,-5,"Gold Coast","2022",16
30,"Casboult, Levi",8,6,2,10,1,2,1,0,1,3,0,4,0,1,0,4,6,3,3,0,0,0,100,-5,"Gold Coast","2022",16
1,"Chol, Mabior",5,3,2,7,1,1,0,1,0,1,0,2,2,0,0,5,3,1,3,3,0,0,94,-5,"Gold Coast","2022",16
25,"Collins, Sam",7,4,6,13,0,0,0,0,2,0,0,1,0,1,0,4,9,1,0,8,0,0,100,-5,"Gold Coast","2022",16
4,"Ellis, Brandon",11,7,4,15,0,1,0,3,0,2,0,1,1,0,0,2,11,0,1,1,0,0,95,-5,"Gold Coast","2022",16
8,"Fiorini, Brayden",0,0,0,0,0,0,0,0,0,0,0,0,0,0,0,0,0,0,0,0,0,0,0,-5,"Gold Coast","2022",16
26,"Flanders, Sam",8,3,6,14,0,0,0,1,2,2,0,2,0,0,0,7,7,0,0,2,0,1,69,-5,"Gold Coast","2022",16
46,"Graham, Caleb",5,3,0,5,0,0,2,0,2,0,0,1,0,1,0,0,4,0,0,12,0,0,85,-5,"Gold Coast","2022",16
7,"Holman, Nick",6,1,11,17,0,0,0,7,0,1,1,8,1,3,0,12,6,0,1,1,0,0,83,-5,"Gold Coast","2022",16
23,"Lemmens, Sean",11,6,1,12,0,0,0,2,3,1,0,2,0,0,0,5,5,1,0,2,0,0,85,-5,"Gold Coast","2022",16
17,"Markov, Oleg",16,2,2,18,0,0,0,5,2,2,0,6,1,0,0,6,9,0,0,1,2,0,78,-5,"Gold Coast","2022",16
11,"Miller, Touk",20,3,11,31,0,1,0,10,4,7,10,6,0,0,2,18,11,0,0,0,0,0,85,-5,"Gold Coast","2022",16
47,"Paul Oea, Hewago",5,2,1,6,1,0,0,1,1,1,1,0,1,0,0,1,5,0,0,1,0,1,49,-5,"Gold Coast","2022",16
22,"Rankine, Izak",11,2,7,18,4,1,0,3,0,1,2,1,0,0,1,6,11,0,1,3,0,0,88,-5,"Gold Coast","2022",16
41,"Rosas, Malcolm",5,0,7,12,0,0,0,1,0,3,3,4,1,1,0,10,2,0,0,1,0,1,69,-5,"Gold Coast","2022",16
18,"Rowell, Matt",16,1,7,23,0,0,0,5,2,9,5,4,2,1,0,17,8,0,0,4,0,0,87,-5,"Gold Coast","2022",16
24,"Swallow, David",15,3,9,24,0,0,0,3,1,7,7,5,0,0,0,11,13,0,0,3,0,1,81,-5,"Gold Coast","2022",16
21,"Tsitas, James",3,3,2,5,0,0,0,1,0,0,0,1,0,1,0,1,4,0,1,0,0,1,35,-5,"Gold Coast","2022",16
28,"Witts, Jarrod",3,2,9,12,0,0,30,1,0,2,2,3,1,1,0,6,6,0,0,5,0,0,84,-5,"Gold Coast","2022",16
13,"Adams, Taylor",13,2,7,20,0,1,0,3,1,3,3,4,0,2,0,7,15,0,1,2,0,2,82,5,"Collingwood","2022",16
14,"Cameron, Darcy",10,6,5,15,0,1,18,2,1,2,1,1,1,1,0,8,7,2,1,1,0,0,84,5,"Collingwood","2022",16
34,"Chugg, Isaac",0,0,0,0,0,0,0,0,0,0,0,0,0,0,0,0,0,0,0,0,0,0,0,5,"Collingwood","2022",16
46,"Cox, Mason",7,4,2,9,0,0,21,2,0,0,1,3,2,0,0,4,5,1,0,3,0,0,78,5,"Collingwood","2022",16
25,"Crisp, Jack",11,5,7,18,0,0,0,5,3,3,1,2,1,0,0,6,13,0,1,2,0,0,78,5,"Collingwood","2022",16
7,"Daicos, Josh",12,6,7,19,3,0,0,0,2,1,3,2,0,0,0,9,10,0,1,1,0,0,79,5,"Collingwood","2022",16
35,"Daicos, Nick",22,4,15,37,0,1,0,2,8,4,3,3,0,0,3,7,25,0,0,0,1,2,85,5,"Collingwood","2022",16
2,"de Goey, Jordan",5,0,6,11,0,0,0,3,0,3,4,4,1,1,0,8,3,0,0,0,0,0,83,5,"Collingwood","2022",16
5,"Elliott, Jamie",11,7,2,13,0,2,0,5,0,2,1,0,0,0,0,5,6,3,2,2,0,0,83,5,"Collingwood","2022",16
33,"Ginnivan, Jack",7,4,1,8,3,0,0,0,0,3,0,2,1,0,0,4,4,1,3,0,0,0,74,5,"Collingwood","2022",16
16,"Henry, Oliver",7,5,1,8,1,2,0,0,1,2,0,2,1,1,0,5,4,1,3,1,0,0,73,5,"Collingwood","2022",16
32,"Hoskin-Elliott, Will",9,5,8,17,1,0,0,0,0,2,2,2,0,0,0,7,11,0,0,4,1,0,88,5,"Collingwood","2022",16
1,"Lipinski, Patrick",11,3,9,20,0,0,0,3,1,5,0,2,0,2,0,4,15,0,0,1,0,0,70,5,"Collingwood","2022",16
37,"Maynard, Brayden",11,4,7,18,0,0,0,5,4,3,1,3,2,0,0,10,7,0,0,7,2,1,88,5,"Collingwood","2022",16
31,"McCreery, Beau",3,0,3,6,0,0,0,5,0,2,2,0,0,0,0,3,2,0,0,1,0,0,68,5,"Collingwood","2022",16
41,"Mihocek, Brody",8,8,5,13,1,1,0,0,0,2,0,4,0,0,0,3,10,1,3,1,0,0,94,5,"Collingwood","2022",16
30,"Moore, Darcy",8,7,5,13,0,0,0,1,7,0,1,2,0,0,0,6,5,2,0,12,1,0,93,5,"Collingwood","2022",16
28,"Murphy, Nathan",11,6,6,17,0,0,0,1,4,0,0,5,2,2,0,6,11,2,0,6,0,0,96,5,"Collingwood","2022",16
9,"Noble, John",11,3,12,23,0,0,0,1,2,2,0,0,1,0,0,8,15,0,0,4,1,0,84,5,"Collingwood","2022",16
10,"Pendlebury, Scott",11,3,6,17,0,0,0,5,1,3,2,3,1,0,0,7,8,0,1,0,0,1,79,5,"Collingwood","2022",16
3,"Quaynor, Isaac",11,5,4,15,0,0,0,3,6,1,0,2,0,1,0,7,7,0,0,3,0,0,84,5,"Collingwood","2022",16
21,"Ruscoe, Trey",8,6,4,12,0,1,0,2,3,1,0,1,0,0,0,5,5,1,1,2,0,0,69,5,"Collingwood","2022",16
22,"Sidebottom, Steele",14,3,13,27,0,0,0,5,1,2,3,6,0,2,0,5,22,0,0,2,0,0,89,5,"Collingwood","2022",16
