"Number","Player","Kicks","Marks","Handballs","Disposals","Goals","Behinds","Hitouts","Tackles","Rebounds50s","Inside50s","Clearances","Clangers","FreesFor","FreesAgainst","BrownlowVotes","ContestedPossessions","UncontestedPossessions","ContestedMarks","MarksInside50","OnePercenters","Bounces","GoalAssists","PercentagePlayed","PointDifference","Team","Season","Round"
4,"Bontempelli, Marcus",17,3,10,27,1,2,0,7,0,11,8,3,2,0,0,12,16,0,0,3,0,1,85,42,"Western Bulldogs","2022",15
9,"Crozier, Hayden",10,8,4,14,0,0,0,1,3,1,0,1,0,0,0,4,11,1,0,4,0,0,86,42,"Western Bulldogs","2022",15
31,"Dale, Bailey",21,6,7,28,1,0,0,1,9,3,0,3,2,3,0,6,14,0,0,2,2,0,87,42,"Western Bulldogs","2022",15
35,"Daniel, Caleb",15,4,7,22,0,0,0,4,6,3,0,1,0,0,0,1,18,0,0,2,1,1,80,42,"Western Bulldogs","2022",15
5,"Dunkley, Josh",13,5,14,27,2,0,0,3,1,3,4,1,2,1,2,10,18,0,0,4,0,0,89,42,"Western Bulldogs","2022",15
43,"Gardner, Ryan",12,9,8,20,0,0,0,1,4,0,0,0,0,0,0,8,13,2,0,6,0,0,96,42,"Western Bulldogs","2022",15
39,"Johannisen, Jason",11,6,7,18,2,0,0,1,0,2,1,0,0,0,0,7,10,2,1,0,0,0,77,42,"Western Bulldogs","2022",15
42,"Keath, Alex",10,7,8,18,0,0,0,2,2,2,0,5,1,3,0,4,16,1,0,4,0,1,90,42,"Western Bulldogs","2022",15
21,"Liberatore, Tom",14,0,16,30,1,1,0,8,0,6,11,6,0,1,3,16,14,0,0,2,0,1,77,42,"Western Bulldogs","2022",15
11,"Macrae, Jack",14,4,17,31,0,0,0,2,2,4,6,4,1,0,1,12,22,0,0,6,1,1,80,42,"Western Bulldogs","2022",15
27,"McComb, Robbie",6,2,8,14,1,0,0,2,1,3,1,1,0,0,0,5,8,0,0,1,0,0,75,42,"Western Bulldogs","2022",15
0,"McNeil, Lachlan",1,0,0,1,0,0,0,1,0,0,0,1,0,1,0,1,0,0,0,1,0,0,41,42,"Western Bulldogs","2022",15
33,"Naughton, Aaron",8,6,2,10,3,1,0,4,0,3,0,1,0,0,0,5,5,3,4,1,0,2,86,42,"Western Bulldogs","2022",15
22,"OBrien, Tim",11,6,4,15,1,0,0,0,2,2,1,1,2,0,0,7,10,0,1,4,0,0,78,42,"Western Bulldogs","2022",15
0,"Richards, Ed",5,5,4,9,0,0,0,2,2,0,1,0,1,0,0,3,6,0,0,3,0,0,31,42,"Western Bulldogs","2022",15
13,"Schache, Josh",8,7,4,12,2,1,3,3,1,0,1,1,0,0,0,7,5,3,2,0,0,0,84,42,"Western Bulldogs","2022",15
28,"Scott, Anthony",11,3,11,22,0,0,0,3,0,4,1,1,1,0,0,4,20,0,0,3,1,1,87,42,"Western Bulldogs","2022",15
41,"Sweet, Jordon",4,0,3,7,1,0,32,5,1,1,3,0,3,0,0,5,2,0,0,1,0,0,75,42,"Western Bulldogs","2022",15
1,"Treloar, Adam",9,3,18,27,0,0,0,1,0,2,2,3,1,0,0,13,15,0,0,0,1,0,79,42,"Western Bulldogs","2022",15
2,"Ugle-Hagan, Jamarra",8,6,3,11,1,1,0,1,0,2,0,1,0,0,0,6,5,4,3,1,0,0,76,42,"Western Bulldogs","2022",15
19,"Weightman, Cody",1,1,0,1,0,0,0,0,0,1,0,1,0,0,0,0,1,0,0,0,0,0,76,42,"Western Bulldogs","2022",15
14,"West, Rhylee",12,6,7,19,3,3,0,5,1,4,1,1,3,0,0,12,7,2,2,2,0,3,78,42,"Western Bulldogs","2022",15
34,"Williams, Bailey",7,1,6,13,0,1,0,1,1,0,0,3,0,1,0,2,12,0,0,2,0,0,85,42,"Western Bulldogs","2022",15
36,"Blanck, James",5,2,5,10,0,0,0,1,4,1,0,1,0,0,0,3,7,0,0,4,0,0,88,-42,"Hawthorn","2022",15
16,"Bramble, Lachlan",10,4,6,16,0,2,0,1,5,2,0,0,0,0,0,2,13,0,1,1,1,1,79,-42,"Hawthorn","2022",15
22,"Breust, Luke",11,3,4,15,3,1,0,3,1,3,0,2,1,0,0,6,9,1,1,0,0,0,78,-42,"Hawthorn","2022",15
30,"Butler, Sam",5,3,4,9,1,0,0,0,0,1,0,2,0,1,0,5,4,2,1,0,0,0,80,-42,"Hawthorn","2022",15
15,"Hardwick, Blake",10,6,1,11,0,0,0,1,2,0,0,0,0,0,0,0,8,0,0,3,0,0,79,-42,"Hawthorn","2022",15
17,"Howe, Daniel",15,7,5,20,0,0,0,1,4,3,0,4,2,1,0,5,15,0,0,4,0,0,88,-42,"Hawthorn","2022",15
4,"Impey, Jarman",11,4,6,17,0,0,0,3,0,4,1,3,1,1,0,6,11,1,0,1,0,1,82,-42,"Hawthorn","2022",15
9,"Jiath, Changkuoth",10,6,6,16,0,1,0,1,0,3,0,5,0,1,0,4,14,0,0,0,4,0,78,-42,"Hawthorn","2022",15
23,"Koschitzke, Jacob",3,2,3,6,0,1,4,3,0,2,1,4,0,2,0,6,2,1,1,4,0,0,93,-42,"Hawthorn","2022",15
2,"Lewis, Mitch",11,9,4,15,4,2,0,2,0,1,0,2,1,2,0,6,9,3,4,0,0,1,98,-42,"Hawthorn","2022",15
31,"Macdonald, Connor",12,4,7,19,0,1,0,1,1,1,1,1,0,0,0,7,11,0,1,0,0,2,79,-42,"Hawthorn","2022",15
3,"Mitchell, Tom",10,4,12,22,0,1,0,4,0,3,6,3,1,1,0,10,13,0,1,1,0,1,78,-42,"Hawthorn","2022",15
13,"Moore, Dylan",9,6,7,16,2,1,0,8,0,4,0,1,1,0,0,5,12,1,1,0,0,2,78,-42,"Hawthorn","2022",15
35,"Morris, Josh",0,0,0,0,0,0,0,0,0,0,0,0,0,0,0,0,0,0,0,0,0,0,0,-42,"Hawthorn","2022",15
1,"Morrison, Harry",11,4,5,16,0,0,0,3,1,4,1,4,0,1,0,4,12,0,1,2,0,0,81,-42,"Hawthorn","2022",15
11,"Nash, Conor",4,1,12,16,0,0,6,4,0,2,1,4,0,2,0,5,12,0,0,3,1,0,76,-42,"Hawthorn","2022",15
44,"Newcombe, Jai",8,5,11,19,1,0,0,4,3,3,1,4,1,1,0,5,13,1,0,0,1,0,79,-42,"Hawthorn","2022",15
10,"OMeara, Jaeger",9,5,12,21,0,0,0,3,1,5,5,4,0,1,0,11,12,0,1,2,1,1,75,-42,"Hawthorn","2022",15
37,"Reeves, Ned",2,1,6,8,1,0,31,2,0,0,4,2,0,0,0,8,2,0,1,5,0,0,75,-42,"Hawthorn","2022",15
14,"Scrimshaw, Jack",13,12,13,26,0,0,0,1,5,0,1,1,0,1,0,10,15,3,0,4,0,0,86,-42,"Hawthorn","2022",15
26,"Shiels, Liam",5,2,5,10,0,0,0,4,0,1,1,3,1,1,0,5,5,0,0,1,0,0,78,-42,"Hawthorn","2022",15
6,"Sicily, James",21,9,1,22,0,0,0,0,9,0,0,3,1,3,0,4,15,0,0,3,2,0,96,-42,"Hawthorn","2022",15
5,"Worpel, James",9,1,16,25,0,0,0,3,1,5,7,3,0,0,0,16,9,0,0,1,0,0,76,-42,"Hawthorn","2022",15
