"Number","Player","Kicks","Marks","Handballs","Disposals","Goals","Behinds","Hitouts","Tackles","Rebounds50s","Inside50s","Clearances","Clangers","FreesFor","FreesAgainst","BrownlowVotes","ContestedPossessions","UncontestedPossessions","ContestedMarks","MarksInside50","OnePercenters","Bounces","GoalAssists","PercentagePlayed","PointDifference","Team","Season","Round"
9,"Acres, Blake",11,7,8,19,0,0,0,1,2,2,1,3,0,1,0,5,14,0,0,4,0,0,85,14,"Fremantle","2022",12
11,"Aish, James",19,9,10,29,1,0,0,3,2,6,2,1,1,0,0,7,22,0,0,2,0,0,86,14,"Fremantle","2022",12
41,"Banfield, Bailey",8,3,4,12,4,1,0,1,0,1,0,2,1,1,0,8,5,1,1,1,0,0,87,14,"Fremantle","2022",12
8,"Brayshaw, Andrew",19,4,20,39,0,1,0,6,3,5,9,9,3,2,3,16,21,1,0,4,0,1,83,14,"Fremantle","2022",12
17,"Brodie, Will",9,1,16,25,0,1,0,5,0,3,10,1,2,1,0,16,9,0,0,3,0,1,70,14,"Fremantle","2022",12
6,"Clark, Jordan",8,3,7,15,0,0,0,6,4,1,0,4,1,0,0,5,10,0,0,2,0,0,76,14,"Fremantle","2022",12
33,"Colyer, Travis",15,8,2,17,0,1,0,1,1,4,0,2,1,0,0,3,15,0,0,0,6,2,77,14,"Fremantle","2022",12
36,"Cox, Brennan",8,3,8,16,0,0,0,3,5,0,2,3,0,1,0,4,10,0,0,7,0,0,82,14,"Fremantle","2022",12
12,"Crowden, Mitch",0,0,0,0,0,0,0,0,0,0,0,0,0,0,0,0,0,0,0,0,0,0,0,14,"Fremantle","2022",12
4,"Darcy, Sean",2,1,8,10,0,0,26,0,1,1,4,2,0,2,0,6,5,0,0,1,0,0,71,14,"Fremantle","2022",12
32,"Frederick, Michael",14,10,4,18,3,0,0,2,0,7,0,1,0,0,0,1,17,0,2,0,1,1,82,14,"Fremantle","2022",12
15,"Hughes, Ethan",10,5,8,18,0,0,0,0,2,4,0,3,0,2,0,2,16,0,0,3,0,0,81,14,"Fremantle","2022",12
37,"Lobb, Rory",8,6,1,9,3,1,0,2,2,0,1,5,0,2,0,5,3,3,5,1,0,1,100,14,"Fremantle","2022",12
2,"Logue, Griffin",9,7,4,13,2,0,0,1,0,3,0,4,1,2,0,6,7,3,2,4,0,0,96,14,"Fremantle","2022",12
22,"Meek, Lloyd",5,2,4,9,1,0,12,2,1,0,3,1,1,1,0,7,3,1,0,4,0,0,58,14,"Fremantle","2022",12
16,"Mundy, David",10,3,10,20,0,0,0,2,1,3,4,3,1,2,0,7,14,0,1,1,0,1,76,14,"Fremantle","2022",12
25,"Pearce, Alex",6,5,5,11,0,0,0,1,2,0,0,3,0,2,0,4,8,1,0,8,0,0,100,14,"Fremantle","2022",12
13,"Ryan, Luke",15,4,5,20,0,0,0,2,6,3,0,4,2,2,0,7,10,1,0,5,0,0,87,14,"Fremantle","2022",12
5,"Schultz, Lachie",4,2,4,8,0,0,0,2,0,4,0,1,1,1,0,5,3,1,0,1,0,1,80,14,"Fremantle","2022",12
3,"Serong, Caleb",9,1,22,31,1,0,0,7,1,3,6,4,2,2,2,13,19,0,0,0,0,1,78,14,"Fremantle","2022",12
18,"Tucker, Darcy",4,1,4,8,0,0,0,3,0,0,1,1,0,1,0,1,7,0,0,2,0,0,72,14,"Fremantle","2022",12
31,"Walker, Brandon",9,5,5,14,0,0,0,1,2,0,0,5,0,1,0,5,10,0,0,8,0,0,91,14,"Fremantle","2022",12
26,"Young, Hayden",16,8,7,23,0,0,0,2,5,1,4,2,1,0,0,6,18,0,0,3,0,0,83,14,"Fremantle","2022",12
24,"Adams, Marcus",9,4,2,11,0,0,0,1,3,1,1,2,0,0,0,5,5,2,0,7,0,1,100,-14,"Brisbane Lions","2022",12
0,"Ah Chee, Callum",1,1,2,3,1,0,0,1,0,0,0,0,0,0,0,1,2,0,0,2,0,0,40,-14,"Brisbane Lions","2022",12
31,"Andrews, Harris",5,3,1,6,0,0,0,0,2,0,0,2,1,1,0,6,4,0,0,12,0,0,100,-14,"Brisbane Lions","2022",12
43,"Answerth, Noah",11,7,2,13,0,0,0,1,2,0,0,2,1,0,0,2,10,0,1,4,0,0,69,-14,"Brisbane Lions","2022",12
33,"Bailey, Zac",12,2,10,22,4,0,0,1,2,4,1,3,0,1,1,11,11,0,0,2,0,1,85,-14,"Brisbane Lions","2022",12
7,"Berry, Jarrod",10,6,5,15,0,0,0,3,4,2,0,0,1,0,0,3,12,0,0,2,0,0,84,-14,"Brisbane Lions","2022",12
23,"Cameron, Charlie",11,5,4,15,3,0,0,2,1,0,1,1,1,0,0,8,7,1,2,0,0,0,88,-14,"Brisbane Lions","2022",12
18,"Coleman, Keidean",9,2,6,15,1,0,0,2,1,3,0,2,2,0,0,6,10,0,0,3,0,1,76,-14,"Brisbane Lions","2022",12
32,"Fort, Darcy",6,0,2,8,0,0,19,3,0,0,5,3,1,0,0,8,2,0,0,6,0,0,77,-14,"Brisbane Lions","2022",12
0,"Gardiner, Darcy",1,1,6,7,0,0,0,0,0,0,0,1,0,0,0,0,7,0,0,3,0,0,35,-14,"Brisbane Lions","2022",12
30,"Hipwood, Eric",7,6,5,12,1,1,0,1,0,4,0,5,0,2,0,3,10,1,3,4,0,1,84,-14,"Brisbane Lions","2022",12
17,"Lyons, Jarryd",16,3,8,24,0,0,0,10,1,6,5,2,2,1,0,11,12,0,1,1,0,0,82,-14,"Brisbane Lions","2022",12
11,"McCarthy, Lincoln",7,2,4,11,1,0,0,5,0,4,1,3,4,2,0,7,6,0,1,2,0,1,75,-14,"Brisbane Lions","2022",12
6,"McCluggage, Hugh",18,10,6,24,0,1,0,6,2,4,2,6,0,1,0,7,19,1,0,3,0,0,82,-14,"Brisbane Lions","2022",12
46,"McInerney, Oscar",3,3,7,10,0,0,25,1,0,3,3,2,3,1,0,7,6,0,0,8,0,0,78,-14,"Brisbane Lions","2022",12
25,"McStay, Daniel",8,6,5,13,2,2,0,0,0,1,1,2,1,1,0,7,7,2,3,5,0,1,83,-14,"Brisbane Lions","2022",12
9,"Neale, Lachie",16,5,15,31,0,0,0,4,1,3,4,5,1,2,0,11,19,0,0,0,1,0,85,-14,"Brisbane Lions","2022",12
20,"Prior, Jaxon",8,2,4,12,0,0,0,1,1,2,0,5,2,1,0,3,10,0,0,1,0,0,74,-14,"Brisbane Lions","2022",12
16,"Rayner, Cam",10,4,10,20,0,0,0,1,2,4,5,4,0,0,0,12,8,1,1,0,1,2,74,-14,"Brisbane Lions","2022",12
10,"Rich, Daniel",26,7,6,32,0,0,0,4,8,7,1,3,1,1,0,6,18,0,0,3,0,0,83,-14,"Brisbane Lions","2022",12
2,"Robertson, Deven",5,4,8,13,0,0,0,1,0,0,1,0,0,0,0,3,8,0,0,0,0,0,77,-14,"Brisbane Lions","2022",12
37,"Starcevich, Brandon",14,4,3,17,0,0,0,1,4,1,0,3,2,0,0,7,10,1,0,2,0,0,91,-14,"Brisbane Lions","2022",12
15,"Zorko, Dayne",14,4,7,21,0,0,0,8,1,5,5,5,3,4,0,8,13,0,0,3,0,1,77,-14,"Brisbane Lions","2022",12
