"Number","Player","Kicks","Marks","Handballs","Disposals","Goals","Behinds","Hitouts","Tackles","Rebounds50s","Inside50s","Clearances","Clangers","FreesFor","FreesAgainst","BrownlowVotes","ContestedPossessions","UncontestedPossessions","ContestedMarks","MarksInside50","OnePercenters","Bounces","GoalAssists","PercentagePlayed","PointDifference","Team","Season","Round"
13,"Adams, Taylor",9,1,11,20,0,0,0,4,0,3,4,4,2,3,0,10,11,0,0,1,0,1,81,26,"Collingwood","2022",13
6,"Brown, Tyler",0,0,0,0,0,0,0,0,0,0,0,0,0,0,0,0,0,0,0,0,0,0,0,26,"Collingwood","2022",13
14,"Cameron, Darcy",6,3,9,15,0,0,19,5,1,1,3,2,1,0,0,12,4,2,0,2,0,0,82,26,"Collingwood","2022",13
46,"Cox, Mason",16,8,5,21,1,2,9,2,1,4,2,4,0,2,1,10,10,3,2,5,0,1,66,26,"Collingwood","2022",13
25,"Crisp, Jack",13,4,16,29,1,0,0,6,2,6,2,4,1,1,0,10,20,0,0,1,0,2,83,26,"Collingwood","2022",13
7,"Daicos, Josh",9,2,9,18,0,0,0,0,0,5,4,1,0,1,0,9,9,0,0,0,0,2,81,26,"Collingwood","2022",13
35,"Daicos, Nick",16,6,17,33,0,0,0,3,5,1,3,3,2,0,0,10,22,0,0,1,4,0,87,26,"Collingwood","2022",13
2,"de Goey, Jordan",10,2,12,22,0,1,0,3,2,4,6,4,0,1,0,10,12,0,0,1,1,0,84,26,"Collingwood","2022",13
5,"Elliott, Jamie",9,3,10,19,3,1,0,3,0,2,0,4,0,1,0,4,14,0,1,3,0,1,84,26,"Collingwood","2022",13
33,"Ginnivan, Jack",6,2,2,8,1,2,0,0,0,0,0,1,1,1,0,2,6,0,1,1,0,0,80,26,"Collingwood","2022",13
16,"Henry, Oliver",5,3,0,5,1,0,0,0,0,2,0,0,0,0,0,2,3,1,1,1,0,1,74,26,"Collingwood","2022",13
32,"Hoskin-Elliott, Will",12,5,8,20,0,0,0,2,2,3,3,4,0,1,0,5,14,0,0,3,0,1,84,26,"Collingwood","2022",13
38,"Howe, Jeremy",5,5,4,9,0,0,0,0,4,0,0,2,0,0,0,2,7,0,0,8,0,0,93,26,"Collingwood","2022",13
1,"Lipinski, Patrick",12,6,6,18,0,1,0,3,3,0,2,2,0,1,0,6,13,0,1,0,0,1,70,26,"Collingwood","2022",13
37,"Maynard, Brayden",16,4,9,25,0,0,0,4,3,3,1,2,2,0,0,11,9,2,0,4,0,0,83,26,"Collingwood","2022",13
31,"McCreery, Beau",8,4,5,13,1,1,0,5,1,5,0,2,1,1,0,5,8,0,0,2,4,1,75,26,"Collingwood","2022",13
41,"Mihocek, Brody",11,10,5,16,4,0,0,0,0,4,0,3,0,1,3,8,8,5,6,2,0,0,91,26,"Collingwood","2022",13
30,"Moore, Darcy",9,8,5,14,0,0,0,1,3,0,0,3,0,1,0,6,6,3,0,12,0,0,96,26,"Collingwood","2022",13
28,"Murphy, Nathan",7,4,2,9,0,0,0,1,6,1,0,1,0,0,0,3,6,2,0,6,0,0,79,26,"Collingwood","2022",13
9,"Noble, John",11,2,7,18,0,0,0,1,5,1,0,4,1,1,0,8,11,0,0,1,3,0,78,26,"Collingwood","2022",13
10,"Pendlebury, Scott",13,5,8,21,0,0,0,3,1,4,1,5,0,1,0,1,21,0,0,5,1,0,79,26,"Collingwood","2022",13
3,"Quaynor, Isaac",12,5,4,16,0,0,0,3,5,3,1,1,3,0,0,4,12,0,0,5,0,0,84,26,"Collingwood","2022",13
22,"Sidebottom, Steele",6,3,5,11,0,0,0,2,0,1,2,1,0,1,0,6,5,0,0,1,0,0,85,26,"Collingwood","2022",13
17,"Bowey, Jake",11,4,8,19,0,0,0,0,5,2,0,2,1,0,0,6,12,0,0,1,0,0,74,-26,"Melbourne","2022",13
10,"Brayshaw, Angus",22,11,7,29,0,0,0,3,6,0,0,3,2,0,0,6,22,0,0,1,1,0,84,-26,"Melbourne","2022",13
50,"Brown, Ben",5,4,3,8,2,2,0,1,0,1,0,2,0,1,0,5,5,1,3,2,0,0,84,-26,"Melbourne","2022",13
38,"Brown, Mitch",5,2,4,9,0,0,0,1,0,0,0,0,0,0,0,0,9,0,0,4,0,0,67,-26,"Melbourne","2022",13
0,"Chandler, Kade",1,1,0,1,0,0,0,0,0,0,0,0,0,0,0,0,1,0,0,0,0,0,22,-26,"Melbourne","2022",13
31,"Fritsch, Bayley",7,2,3,10,1,0,0,2,1,3,0,3,1,1,0,5,6,0,0,1,0,0,87,-26,"Melbourne","2022",13
11,"Gawn, Max",9,4,4,13,0,0,15,2,2,1,1,3,0,1,0,3,9,1,0,6,0,0,85,-26,"Melbourne","2022",13
4,"Harmes, James",9,5,7,16,0,0,0,3,1,4,1,5,0,1,0,3,13,0,0,0,0,1,71,-26,"Melbourne","2022",13
14,"Hibberd, Michael",16,3,6,22,0,0,0,1,8,0,1,1,0,0,0,8,7,1,0,3,0,0,92,-26,"Melbourne","2022",13
6,"Jackson, Luke",7,2,9,16,1,1,9,5,0,0,3,4,1,0,0,8,8,2,2,1,0,1,83,-26,"Melbourne","2022",13
23,"Jordon, James",23,8,6,29,1,0,0,3,4,5,1,2,1,0,0,4,25,0,0,0,1,1,80,-26,"Melbourne","2022",13
15,"Langdon, Ed",6,4,4,10,0,0,0,1,1,3,0,0,0,0,0,1,9,0,0,0,0,0,100,-26,"Melbourne","2022",13
8,"Lever, Jake",7,5,6,13,0,0,0,2,4,1,0,5,0,1,0,2,10,0,0,4,0,0,100,-26,"Melbourne","2022",13
30,"Neal-Bullen, Alex",13,5,9,22,0,1,0,3,1,2,0,3,2,0,0,6,15,0,1,1,0,0,76,-26,"Melbourne","2022",13
13,"Oliver, Clayton",21,7,22,43,1,0,0,3,2,8,6,4,3,1,2,16,25,0,0,1,0,0,87,-26,"Melbourne","2022",13
5,"Petracca, Christian",12,4,20,32,0,0,0,1,1,9,8,6,0,2,0,19,15,0,0,0,0,0,84,-26,"Melbourne","2022",13
35,"Petty, Harry",7,6,4,11,0,0,0,1,0,1,0,1,1,1,0,3,8,2,0,9,0,0,90,-26,"Melbourne","2022",13
36,"Pickett, Kysaiah",6,0,2,8,1,0,0,2,0,2,0,5,0,2,0,3,5,0,0,0,2,0,76,-26,"Melbourne","2022",13
3,"Salem, Christian",14,7,11,25,0,0,0,2,2,1,1,1,1,1,0,7,16,0,0,1,0,0,87,-26,"Melbourne","2022",13
9,"Spargo, Charlie",7,6,5,12,0,0,0,6,1,1,0,0,2,0,0,4,8,0,0,0,0,0,70,-26,"Melbourne","2022",13
32,"Sparrow, Tom",6,4,13,19,0,0,0,5,1,2,2,2,1,1,0,8,12,0,0,2,0,0,74,-26,"Melbourne","2022",13
0,"Turner, Daniel",3,2,2,5,0,0,0,2,0,1,1,1,0,0,0,2,3,0,0,2,0,0,49,-26,"Melbourne","2022",13
7,"Viney, Jack",17,7,16,33,1,0,0,12,1,5,3,9,2,1,0,13,21,0,0,3,0,0,80,-26,"Melbourne","2022",13
