"Number","Player","Kicks","Marks","Handballs","Disposals","Goals","Behinds","Hitouts","Tackles","Rebounds50s","Inside50s","Clearances","Clangers","FreesFor","FreesAgainst","BrownlowVotes","ContestedPossessions","UncontestedPossessions","ContestedMarks","MarksInside50","OnePercenters","Bounces","GoalAssists","PercentagePlayed","PointDifference","Team","Season","Round"
9,"Ainsworth, Ben",18,14,8,26,2,1,0,1,0,6,0,3,1,0,0,7,20,0,3,1,0,0,88,2,"Gold Coast","2022",17
15,"Anderson, Noah",22,9,4,26,2,0,0,7,4,5,6,3,0,0,3,12,13,0,1,0,2,0,86,2,"Gold Coast","2022",17
0,"Atkins, Rory",6,1,1,7,0,0,0,1,1,1,0,1,0,0,0,0,6,0,0,2,1,0,39,2,"Gold Coast","2022",17
10,"Ballard, Charlie",15,11,3,18,0,0,0,0,4,0,1,4,1,1,0,5,11,2,0,7,0,0,89,2,"Gold Coast","2022",17
3,"Bowes, Jack",19,8,5,24,0,0,0,4,5,5,3,6,2,2,0,6,15,0,0,2,1,0,78,2,"Gold Coast","2022",17
30,"Casboult, Levi",5,2,5,10,0,0,0,1,0,0,0,3,1,2,0,5,4,1,1,2,0,0,93,2,"Gold Coast","2022",17
1,"Chol, Mabior",7,4,2,9,3,2,0,1,0,0,0,0,1,0,0,10,1,3,4,2,0,0,85,2,"Gold Coast","2022",17
25,"Collins, Sam",8,7,7,15,0,0,0,2,6,1,0,2,2,0,0,7,10,2,0,9,1,0,100,2,"Gold Coast","2022",17
12,"Day, Sam",5,2,2,7,1,0,2,0,0,2,1,3,1,1,0,4,2,2,1,2,0,1,67,2,"Gold Coast","2022",17
4,"Ellis, Brandon",20,8,6,26,0,0,0,2,6,3,0,2,1,0,0,7,13,0,0,2,0,0,95,2,"Gold Coast","2022",17
8,"Fiorini, Brayden",13,3,4,17,1,0,0,4,2,3,1,5,1,2,0,7,10,0,0,2,0,1,78,2,"Gold Coast","2022",17
26,"Flanders, Sam",1,0,3,4,0,0,0,1,0,3,0,0,0,0,0,2,4,0,0,1,0,0,71,2,"Gold Coast","2022",17
46,"Graham, Caleb",10,3,4,14,0,0,0,0,7,1,0,5,1,1,0,7,6,1,0,11,0,0,90,2,"Gold Coast","2022",17
7,"Holman, Nick",6,3,9,15,1,1,0,1,0,2,1,2,0,1,0,6,9,1,1,0,0,0,87,2,"Gold Coast","2022",17
23,"Lemmens, Sean",5,0,1,6,0,0,0,2,4,0,1,7,1,1,0,6,0,0,0,0,0,0,56,2,"Gold Coast","2022",17
13,"Lukosius, Jack",11,1,1,12,0,0,0,2,4,3,0,2,1,0,0,3,5,0,0,2,0,1,65,2,"Gold Coast","2022",17
11,"Miller, Touk",18,4,9,27,1,0,0,4,2,7,13,2,0,0,1,16,12,0,0,2,0,1,89,2,"Gold Coast","2022",17
47,"Paul Oea, Hewago",4,0,2,6,1,0,0,3,0,1,0,2,1,1,0,2,4,0,0,0,0,1,63,2,"Gold Coast","2022",17
0,"Rosas, Malcolm",2,0,2,4,0,0,0,1,0,0,0,5,0,1,0,1,3,0,0,0,0,0,38,2,"Gold Coast","2022",17
18,"Rowell, Matt",8,2,10,18,1,0,0,11,2,3,5,6,1,2,0,11,6,0,0,1,0,0,88,2,"Gold Coast","2022",17
20,"Sharp, Jeremy",11,4,3,14,0,1,0,0,1,2,0,2,1,0,0,1,12,0,1,0,0,0,86,2,"Gold Coast","2022",17
24,"Swallow, David",14,7,9,23,1,0,0,2,2,7,3,2,1,0,0,10,14,0,1,0,0,2,81,2,"Gold Coast","2022",17
28,"Witts, Jarrod",9,5,8,17,0,0,39,2,0,2,4,6,2,1,0,11,7,1,0,4,0,0,87,2,"Gold Coast","2022",17
16,"Aarts, Jake",6,2,7,13,1,1,0,7,0,2,3,3,1,1,0,10,3,0,1,1,0,0,83,-2,"Richmond","2022",17
7,"Baker, Liam",10,4,9,19,0,0,0,1,4,2,0,3,1,1,0,4,15,0,0,2,0,0,86,-2,"Richmond","2022",17
29,"Bolton, Shai",19,3,10,29,3,3,0,1,1,6,8,6,0,1,2,18,12,2,1,5,3,1,86,-2,"Richmond","2022",17
35,"Broad, Nathan",15,8,6,21,0,0,0,0,9,1,0,4,0,1,0,3,19,0,0,1,0,0,86,-2,"Richmond","2022",17
11,"Castagna, Jason",11,6,4,15,0,2,0,2,1,2,0,3,1,0,0,4,12,1,3,1,0,0,81,-2,"Richmond","2022",17
0,"Cumberland, Noah",9,2,1,10,2,3,0,1,0,1,0,1,1,0,0,6,3,1,2,1,0,0,71,-2,"Richmond","2022",17
27,"Dow, Thomson",5,1,8,13,0,0,0,2,0,4,6,3,1,1,0,8,6,0,0,1,0,0,74,-2,"Richmond","2022",17
10,"Edwards, Shane",5,2,7,12,1,0,0,2,0,2,1,1,0,1,0,4,8,0,0,0,0,1,83,-2,"Richmond","2022",17
34,"Graham, Jack",10,3,5,15,1,0,0,8,1,7,2,4,1,2,0,7,9,0,0,0,2,0,76,-2,"Richmond","2022",17
2,"Grimes, Dylan",5,2,2,7,0,0,0,0,2,0,0,5,0,2,0,4,1,1,0,3,0,0,86,-2,"Richmond","2022",17
0,"Lynch, Tom",1,1,0,1,0,1,0,0,0,0,0,0,0,0,0,0,1,0,1,0,0,0,7,-2,"Richmond","2022",17
33,"McIntosh, Kamdyn",10,5,6,16,0,0,0,0,3,4,0,4,0,0,0,7,8,1,0,1,0,0,82,-2,"Richmond","2022",17
46,"Miller, Ben",6,3,3,9,0,0,0,2,5,0,0,1,0,1,0,3,4,1,0,4,0,0,94,-2,"Richmond","2022",17
25,"Nankervis, Toby",5,1,5,10,0,0,18,2,2,0,3,5,1,3,0,4,6,0,0,2,0,0,75,-2,"Richmond","2022",17
50,"Pickett, Marlion",11,5,6,17,1,1,0,4,1,3,1,3,1,0,0,4,12,0,2,3,0,0,79,-2,"Richmond","2022",17
3,"Prestia, Dion",15,6,9,24,0,1,0,3,2,5,7,3,1,1,0,10,15,0,0,1,0,0,80,-2,"Richmond","2022",17
45,"Ralphsmith, Hugo",11,4,9,20,0,0,0,1,3,6,0,1,0,1,0,1,15,0,0,3,0,0,77,-2,"Richmond","2022",17
8,"Riewoldt, Jack",8,5,1,9,3,0,0,1,0,4,0,3,0,3,0,4,6,1,2,1,1,1,96,-2,"Richmond","2022",17
17,"Rioli, Daniel",12,5,19,31,0,0,0,4,6,3,1,3,3,0,0,12,15,0,0,2,4,0,83,-2,"Richmond","2022",17
49,"Rioli, Maurice",1,1,2,3,0,1,0,3,0,1,0,1,0,1,0,2,2,0,1,1,0,1,65,-2,"Richmond","2022",17
15,"Short, Jayden",17,6,3,20,1,0,0,2,2,6,1,2,3,0,0,7,13,0,0,0,1,1,83,-2,"Richmond","2022",17
20,"Soldo, Ivan",5,2,1,6,0,0,12,1,0,2,2,1,0,0,0,6,1,1,0,5,0,0,78,-2,"Richmond","2022",17
6,"Tarrant, Robbie",8,5,6,14,0,0,0,2,1,2,0,1,1,0,0,7,8,0,0,13,0,1,92,-2,"Richmond","2022",17
