"Number","Player","Kicks","Marks","Handballs","Disposals","Goals","Behinds","Hitouts","Tackles","Rebounds50s","Inside50s","Clearances","Clangers","FreesFor","FreesAgainst","BrownlowVotes","ContestedPossessions","UncontestedPossessions","ContestedMarks","MarksInside50","OnePercenters","Bounces","GoalAssists","PercentagePlayed","PointDifference","Team","Season","Round"
6,"Caldwell, Jye",11,4,7,18,0,0,0,5,1,4,0,3,1,1,0,4,14,0,0,2,0,0,81,-26,"Essendon","2022",13
12,"Cutler, Tom",10,6,4,14,0,0,0,2,3,2,0,4,1,2,0,2,11,0,0,2,0,0,80,-26,"Essendon","2022",13
2,"Draper, Sam",6,4,5,11,2,0,19,2,2,3,2,5,1,3,0,7,4,3,1,3,0,0,70,-26,"Essendon","2022",13
22,"Durham, Sam",5,3,3,8,0,0,0,2,1,0,2,2,0,1,0,4,3,1,0,1,0,0,82,-26,"Essendon","2022",13
35,"Guelfi, Matt",7,2,4,11,0,1,0,3,1,4,0,4,2,2,0,5,6,1,1,1,0,1,77,-26,"Essendon","2022",13
21,"Heppell, Dyson",13,7,11,24,1,1,0,2,3,2,2,4,0,0,0,9,12,1,0,2,0,1,83,-26,"Essendon","2022",13
19,"Hind, Nick",15,4,7,22,0,0,0,1,5,1,0,1,0,0,0,4,17,0,0,0,3,1,86,-26,"Essendon","2022",13
8,"Hobbs, Ben",10,6,7,17,1,0,0,3,1,5,0,3,2,1,0,9,8,1,0,0,0,1,77,-26,"Essendon","2022",13
23,"Jones, Harry",5,1,5,10,2,1,0,2,0,0,0,3,1,0,0,5,5,1,1,1,0,0,84,-26,"Essendon","2022",13
29,"Kelly, Jake",9,6,5,14,0,0,0,2,6,1,0,3,0,1,0,3,8,1,0,0,0,0,95,-26,"Essendon","2022",13
15,"Laverde, Jayden",7,3,3,10,0,0,0,7,2,1,0,3,0,1,0,3,7,0,0,1,0,0,84,-26,"Essendon","2022",13
37,"Martin, Nic",9,5,4,13,0,0,0,5,2,5,0,2,0,1,0,3,11,0,0,1,0,0,85,-26,"Essendon","2022",13
7,"Merrett, Zach",18,1,8,26,0,1,0,4,1,5,6,6,1,1,0,9,17,0,0,2,0,0,82,-26,"Essendon","2022",13
0,"Parish, Darcy",5,0,5,10,0,0,0,1,1,2,5,0,1,0,0,5,4,0,0,0,0,0,55,-26,"Essendon","2022",13
16,"Perkins, Archie",11,3,7,18,0,1,0,4,0,3,4,2,0,1,0,7,11,0,0,0,0,0,81,-26,"Essendon","2022",13
34,"Phillips, Andrew",6,1,0,6,0,0,24,9,2,2,3,6,1,2,0,4,1,1,0,3,0,0,72,-26,"Essendon","2022",13
27,"Redman, Mason",11,5,6,17,0,1,0,4,2,1,0,3,0,1,0,6,10,1,1,2,1,0,73,-26,"Essendon","2022",13
31,"Reid, Zach",2,0,2,4,0,0,0,2,1,0,0,0,1,0,0,3,1,0,0,6,0,0,87,-26,"Essendon","2022",13
14,"Ridley, Jordan",11,6,3,14,0,0,0,3,7,0,0,1,1,1,0,4,7,1,0,7,1,0,94,-26,"Essendon","2022",13
9,"Shiel, Dylan",9,5,18,27,1,0,0,10,0,1,8,2,2,1,0,15,13,0,0,0,1,0,73,-26,"Essendon","2022",13
25,"Stringer, Jake",7,1,2,9,0,1,0,0,1,2,0,5,0,3,0,6,5,0,1,2,0,0,78,-26,"Essendon","2022",13
0,"Waterman, Alec",0,0,4,4,0,0,0,2,0,0,0,1,0,0,0,4,0,0,0,0,0,0,21,-26,"Essendon","2022",13
20,"Wright, Peter",9,7,4,13,0,2,0,0,0,2,0,3,1,0,0,4,9,2,2,2,0,0,100,-26,"Essendon","2022",13
37,"Boyd, Jordan",4,3,2,6,0,0,0,3,1,0,0,0,1,0,0,1,6,0,0,1,0,0,81,26,"Carlton","2022",13
0,"Cerra, Adam",1,0,1,2,0,0,0,0,0,0,0,0,0,0,0,1,1,0,0,0,0,0,8,26,"Carlton","2022",13
0,"Cottrell, Matthew",10,2,6,16,1,0,0,1,0,2,0,1,0,0,0,6,9,0,0,0,0,1,85,26,"Carlton","2022",13
9,"Cripps, Patrick",13,4,15,28,1,0,0,5,2,5,8,2,2,1,1,13,16,0,0,1,0,0,83,26,"Carlton","2022",13
30,"Curnow, Charlie",8,6,3,11,2,1,0,3,0,2,0,4,2,0,0,5,7,1,3,2,0,1,94,26,"Carlton","2022",13
12,"De Koning, Tom",5,2,5,10,0,0,23,1,1,1,3,0,2,0,0,8,3,1,0,3,0,0,77,26,"Carlton","2022",13
15,"Docherty, Sam",24,9,9,33,0,0,0,4,7,3,0,3,2,0,3,6,23,0,0,1,0,0,85,26,"Carlton","2022",13
19,"Durdin, Corey",4,2,2,6,0,2,0,3,0,0,0,2,0,2,0,2,4,0,1,0,0,0,80,26,"Carlton","2022",13
25,"Fisher, Zac",9,2,6,15,1,1,0,4,0,3,1,3,2,1,0,6,10,0,0,1,1,0,76,26,"Carlton","2022",13
29,"Hewett, George",14,6,14,28,0,0,0,0,0,4,5,3,2,1,0,10,18,0,0,2,0,2,73,26,"Carlton","2022",13
7,"Kennedy, Matthew",15,8,9,24,0,0,0,2,3,4,5,4,1,1,0,7,14,0,0,0,1,0,67,26,"Carlton","2022",13
22,"Marchbank, Caleb",7,4,1,8,0,0,0,2,1,2,0,3,1,3,0,1,7,0,0,4,0,0,83,26,"Carlton","2022",13
21,"Martin, Jack",8,4,1,9,1,0,0,4,1,4,1,3,0,1,0,3,6,0,1,1,0,1,77,26,"Carlton","2022",13
10,"McKay, Harry",12,8,3,15,3,1,1,0,0,2,1,1,2,0,0,12,4,4,4,2,0,1,90,26,"Carlton","2022",13
24,"Newman, Nic",20,10,9,29,0,0,0,3,5,1,0,3,0,1,2,5,19,0,0,0,2,0,89,26,"Carlton","2022",13
32,"Newnes, Jack",18,7,7,25,0,0,0,1,2,4,3,7,0,2,0,6,18,0,1,2,0,0,78,26,"Carlton","2022",13
4,"OBrien, Lochie",8,6,8,16,0,0,0,1,1,2,1,4,2,1,0,5,12,0,0,4,0,0,84,26,"Carlton","2022",13
44,"Owies, Matthew",5,3,2,7,2,0,0,3,0,2,0,1,1,0,0,3,5,0,1,3,1,1,70,26,"Carlton","2022",13
20,"Plowman, Lachie",6,3,6,12,0,0,0,3,1,2,0,1,0,0,0,4,10,0,0,6,0,0,82,26,"Carlton","2022",13
42,"Saad, Adam",15,5,4,19,0,0,0,6,6,3,1,1,1,0,0,3,14,0,0,2,4,0,81,26,"Carlton","2022",13
1,"Silvagni, Jack",12,6,4,16,1,1,2,3,0,2,2,3,2,0,0,5,9,1,2,1,0,0,75,26,"Carlton","2022",13
18,"Walsh, Sam",13,6,16,29,0,0,0,2,2,6,4,6,0,2,0,9,19,0,0,1,0,1,82,26,"Carlton","2022",13
33,"Young, Lewis",10,7,8,18,0,0,0,1,6,0,0,0,0,0,0,7,8,1,0,10,0,0,100,26,"Carlton","2022",13
