"Number","Player","Kicks","Marks","Handballs","Disposals","Goals","Behinds","Hitouts","Tackles","Rebounds50s","Inside50s","Clearances","Clangers","FreesFor","FreesAgainst","BrownlowVotes","ContestedPossessions","UncontestedPossessions","ContestedMarks","MarksInside50","OnePercenters","Bounces","GoalAssists","PercentagePlayed","PointDifference","Team","Season","Round"
16,"Carroll, Jack",9,7,1,10,0,0,0,0,0,3,0,1,1,0,0,1,9,0,0,0,0,1,74,15,"Carlton","2022",10
5,"Cerra, Adam",6,0,7,13,0,1,0,3,0,2,4,2,0,1,0,6,9,0,0,2,0,0,68,15,"Carlton","2022",10
46,"Cottrell, Matthew",9,3,9,18,0,0,0,1,3,2,0,2,1,0,0,9,9,1,0,0,0,0,91,15,"Carlton","2022",10
9,"Cripps, Patrick",6,1,13,19,1,0,3,7,0,3,4,7,2,5,0,11,11,0,0,2,1,0,84,15,"Carlton","2022",10
30,"Curnow, Charlie",10,6,1,11,6,1,0,2,0,3,0,0,3,0,3,6,6,1,3,2,0,0,98,15,"Carlton","2022",10
12,"De Koning, Tom",8,5,4,12,1,0,23,1,0,6,2,5,0,2,0,7,6,4,1,6,0,0,74,15,"Carlton","2022",10
15,"Docherty, Sam",19,6,2,21,0,1,0,3,9,1,0,2,0,1,0,1,15,0,0,3,0,0,84,15,"Carlton","2022",10
19,"Durdin, Corey",8,2,4,12,2,1,0,3,0,0,0,2,2,0,0,6,6,0,0,1,0,2,80,15,"Carlton","2022",10
25,"Fisher, Zac",14,3,4,18,2,1,0,1,2,3,2,2,2,2,0,9,11,0,0,0,1,1,84,15,"Carlton","2022",10
29,"Hewett, George",13,1,19,32,0,0,0,7,1,4,9,3,1,1,1,17,15,0,0,2,0,1,79,15,"Carlton","2022",10
17,"Kemp, Brodie",0,0,0,0,0,0,0,0,0,0,0,0,0,0,0,0,0,0,0,0,0,0,0,15,"Carlton","2022",10
7,"Kennedy, Matthew",7,2,14,21,1,0,0,5,0,5,1,3,4,3,0,13,9,1,0,1,0,1,78,15,"Carlton","2022",10
3,"Motlop, Jesse",8,2,4,12,1,3,0,0,0,2,0,2,1,1,0,5,7,0,1,0,0,0,64,15,"Carlton","2022",10
24,"Newman, Nic",12,6,11,23,0,0,0,2,3,2,2,2,1,1,0,10,12,1,0,2,0,1,82,15,"Carlton","2022",10
4,"OBrien, Lochie",13,5,4,17,0,0,0,2,4,3,0,0,1,0,0,2,15,0,0,5,0,0,81,15,"Carlton","2022",10
44,"Owies, Matthew",7,2,8,15,1,2,0,4,0,1,1,0,1,0,0,10,4,1,1,0,0,0,78,15,"Carlton","2022",10
20,"Plowman, Lachie",8,4,3,11,0,0,0,1,3,3,0,1,1,1,0,4,7,2,0,2,0,0,77,15,"Carlton","2022",10
42,"Saad, Adam",17,6,4,21,0,0,0,4,5,2,1,1,1,1,0,5,14,1,0,0,4,1,85,15,"Carlton","2022",10
1,"Silvagni, Jack",7,4,3,10,0,0,5,3,2,0,1,2,2,1,0,6,4,1,1,1,0,0,75,15,"Carlton","2022",10
13,"Stocker, Liam",6,0,6,12,0,0,0,3,2,1,1,1,2,0,0,5,7,0,0,1,0,0,77,15,"Carlton","2022",10
18,"Walsh, Sam",11,5,23,34,0,0,0,4,2,3,4,2,3,0,0,15,19,0,0,1,0,1,92,15,"Carlton","2022",10
23,"Weitering, Jacob",11,7,3,14,0,0,0,1,3,0,0,0,1,0,0,6,9,2,0,14,0,0,100,15,"Carlton","2022",10
33,"Young, Lewis",8,4,6,14,0,0,0,3,3,0,0,2,2,1,0,6,9,1,0,7,0,0,95,15,"Carlton","2022",10
32,"Bell, James",6,3,3,9,0,1,0,1,0,1,0,3,0,0,0,3,6,0,0,0,0,1,62,-15,"Sydney","2022",10
22,"Blakey, Nick",18,4,3,21,0,1,0,4,7,1,0,1,1,0,0,6,6,2,0,3,1,1,80,-15,"Sydney","2022",10
0,"Campbell, Braeden",10,4,1,11,0,0,0,2,1,3,1,0,1,0,0,3,8,0,0,2,0,0,43,-15,"Sydney","2022",10
13,"Florent, Oliver",13,6,8,21,0,0,0,1,4,4,2,1,0,0,0,4,16,0,0,2,0,0,80,-15,"Sydney","2022",10
23,"Franklin, Lance",6,3,0,6,2,0,0,4,0,1,0,3,1,3,0,1,5,0,1,1,0,0,97,-15,"Sydney","2022",10
21,"Gulden, Errol",20,5,3,23,1,0,0,2,0,8,3,5,3,3,0,7,15,0,0,0,1,0,74,-15,"Sydney","2022",10
9,"Hayward, Will",8,3,2,10,2,0,0,2,0,3,0,0,2,0,0,5,5,0,1,0,0,1,83,-15,"Sydney","2022",10
5,"Heeney, Isaac",14,4,10,24,0,0,0,1,6,4,7,3,2,1,0,15,10,0,0,2,0,0,88,-15,"Sydney","2022",10
31,"Hickey, Tom",6,4,6,12,0,0,14,0,0,3,2,6,0,4,0,8,5,2,0,2,0,0,66,-15,"Sydney","2022",10
0,"Kennedy, Josh",2,2,4,6,0,0,0,2,0,0,1,2,0,1,0,3,3,0,0,0,0,0,35,-15,"Sydney","2022",10
19,"Ladhams, Peter",4,0,8,12,0,0,10,2,0,1,1,5,3,3,0,7,5,0,0,1,0,0,56,-15,"Sydney","2022",10
44,"Lloyd, Jake",13,5,6,19,0,0,0,1,3,0,0,1,1,1,0,4,14,0,0,1,0,0,83,-15,"Sydney","2022",10
39,"McCartin, Paddy",14,8,2,16,0,0,0,1,1,2,0,2,2,1,0,7,9,1,0,5,0,1,81,-15,"Sydney","2022",10
30,"McCartin, Tom",5,4,6,11,0,0,0,1,2,2,0,3,0,1,0,5,6,1,0,8,0,0,100,-15,"Sydney","2022",10
6,"McDonald, Logan",10,10,4,14,3,3,0,0,0,1,0,1,1,1,0,6,8,3,5,2,0,1,93,-15,"Sydney","2022",10
27,"McInerney, Justin",11,4,1,12,1,0,0,2,0,2,0,2,0,0,0,2,10,0,1,1,0,1,90,-15,"Sydney","2022",10
14,"Mills, Callum",12,8,11,23,0,0,0,8,2,4,4,3,1,1,0,9,15,0,0,1,0,1,87,-15,"Sydney","2022",10
38,"ORiordan, Colin",3,1,6,9,0,0,0,0,1,0,0,1,1,1,0,5,4,1,0,1,0,0,69,-15,"Sydney","2022",10
11,"Papley, Tom",8,6,2,10,3,2,0,2,0,2,0,2,0,1,0,3,7,1,5,0,0,1,88,-15,"Sydney","2022",10
26,"Parker, Luke",15,9,11,26,1,0,0,7,2,5,5,7,1,2,2,13,14,0,1,1,0,1,91,-15,"Sydney","2022",10
24,"Rampe, Dane",7,6,6,13,0,0,0,0,3,1,0,1,0,1,0,3,10,0,0,3,0,0,97,-15,"Sydney","2022",10
1,"Warner, Chad",13,2,7,20,0,0,0,5,1,4,8,12,1,4,0,12,11,0,0,0,1,0,83,-15,"Sydney","2022",10
15,"Wicks, Sam",6,6,4,10,0,1,0,2,0,4,0,4,0,3,0,5,6,1,0,0,0,1,73,-15,"Sydney","2022",10
