"Number","Player","Kicks","Marks","Handballs","Disposals","Goals","Behinds","Hitouts","Tackles","Rebounds50s","Inside50s","Clearances","Clangers","FreesFor","FreesAgainst","BrownlowVotes","ContestedPossessions","UncontestedPossessions","ContestedMarks","MarksInside50","OnePercenters","Bounces","GoalAssists","PercentagePlayed","PointDifference","Team","Season","Round"
36,"Amartey, Joel",5,1,4,9,1,1,1,3,0,1,0,1,1,0,0,5,4,1,0,0,0,0,59,33,"Sydney","2022",19
22,"Blakey, Nick",19,7,7,26,0,0,0,2,8,5,0,5,0,2,0,7,13,2,0,4,1,0,78,33,"Sydney","2022",19
4,"Clarke, Ryan",9,2,7,16,1,0,0,7,0,3,0,2,1,0,0,8,7,0,0,0,0,0,88,33,"Sydney","2022",19
13,"Florent, Oliver",10,3,3,13,0,0,0,5,3,3,1,0,1,0,0,4,11,0,0,2,0,0,90,33,"Sydney","2022",19
42,"Fox, Robbie",18,8,7,25,0,0,0,3,6,1,2,1,0,0,0,6,16,0,0,7,0,0,82,33,"Sydney","2022",19
23,"Franklin, Lance",7,3,3,10,3,0,0,5,0,4,2,4,4,1,0,8,3,1,3,2,0,2,87,33,"Sydney","2022",19
21,"Gulden, Errol",11,2,5,16,1,1,0,4,0,5,2,4,1,3,0,8,9,0,0,0,0,1,78,33,"Sydney","2022",19
9,"Hayward, Will",8,2,6,14,3,1,0,4,0,1,1,2,0,0,0,9,4,1,0,3,0,1,86,33,"Sydney","2022",19
5,"Heeney, Isaac",10,1,5,15,2,2,0,10,0,2,4,1,4,0,0,11,5,1,1,2,0,1,83,33,"Sydney","2022",19
31,"Hickey, Tom",10,2,7,17,0,0,22,4,0,2,4,3,0,0,0,9,7,1,0,2,0,0,63,33,"Sydney","2022",19
44,"Lloyd, Jake",14,8,8,22,0,0,0,0,5,2,1,2,1,1,0,6,13,0,0,0,0,0,85,33,"Sydney","2022",19
39,"McCartin, Paddy",7,5,3,10,0,0,0,0,5,0,0,1,0,0,0,5,5,2,0,7,0,0,79,33,"Sydney","2022",19
30,"McCartin, Tom",2,5,6,8,0,0,0,2,1,1,0,0,0,0,0,5,4,1,0,11,0,0,94,33,"Sydney","2022",19
27,"McInerney, Justin",15,8,10,25,0,0,0,0,1,3,1,2,0,1,0,7,19,0,0,1,0,0,80,33,"Sydney","2022",19
14,"Mills, Callum",13,7,14,27,1,0,0,6,3,3,3,3,0,0,0,8,19,1,0,0,0,1,83,33,"Sydney","2022",19
11,"Papley, Tom",13,3,9,22,2,2,0,5,1,8,5,4,1,1,0,11,10,0,2,0,1,3,82,33,"Sydney","2022",19
26,"Parker, Luke",11,3,18,29,0,0,0,12,2,2,8,6,0,4,3,18,10,0,0,0,0,0,89,33,"Sydney","2022",19
24,"Rampe, Dane",10,7,2,12,0,0,0,2,2,0,0,1,0,0,0,1,9,0,0,6,0,0,92,33,"Sydney","2022",19
20,"Reid, Sam",7,4,7,14,1,3,13,3,1,2,1,0,1,0,0,7,7,0,4,4,0,0,89,33,"Sydney","2022",19
8,"Rowbottom, James",14,3,12,26,0,1,0,8,0,6,8,5,0,1,0,14,11,0,0,1,0,1,72,33,"Sydney","2022",19
3,"Stephens, Dylan",18,3,7,25,1,0,0,6,3,2,3,3,4,1,0,12,17,0,0,4,1,0,73,33,"Sydney","2022",19
1,"Warner, Chad",18,4,7,25,1,0,0,8,3,4,5,3,0,1,1,10,13,0,0,0,3,1,88,33,"Sydney","2022",19
15,"Wicks, Sam",0,0,0,0,0,0,0,0,0,0,0,0,0,0,0,0,0,0,0,0,0,0,0,33,"Sydney","2022",19
21,"Berry, Sam",11,1,13,24,2,0,0,14,4,4,7,6,0,2,2,20,7,0,0,4,0,2,80,-33,"Adelaide","2022",19
41,"Butts, Jordon",7,4,4,11,0,0,0,3,1,1,0,2,1,0,0,7,2,3,0,7,0,0,100,-33,"Adelaide","2022",19
0,"Cook, Brayden",4,0,1,5,0,1,0,4,0,2,0,2,0,0,0,0,4,0,0,0,0,0,57,-33,"Adelaide","2022",19
12,"Dawson, Jordan",15,5,5,20,1,1,0,7,4,7,2,3,1,1,0,5,12,1,1,4,0,0,93,-33,"Adelaide","2022",19
39,"Doedee, Tom",5,1,5,10,0,0,0,3,4,1,0,4,0,2,0,3,4,0,0,8,0,0,95,-33,"Adelaide","2022",19
32,"Fogarty, Darcy",6,3,2,8,1,2,0,0,0,3,0,0,0,0,0,3,5,2,1,0,0,0,87,-33,"Adelaide","2022",19
17,"Hamill, Will",4,1,3,7,0,0,0,3,3,0,0,2,1,2,0,4,3,1,0,6,0,0,79,-33,"Adelaide","2022",19
20,"Hinge, Mitch",7,0,4,11,0,0,0,3,2,3,3,3,0,1,0,6,5,0,0,3,0,0,85,-33,"Adelaide","2022",19
1,"Jones, Chayce",4,3,5,9,0,1,0,2,1,0,2,0,0,0,0,4,5,0,1,0,1,0,83,-33,"Adelaide","2022",19
2,"Keays, Ben",11,2,11,22,0,0,0,12,2,2,7,3,2,1,0,14,10,0,0,3,0,0,80,-33,"Adelaide","2022",19
29,"Laird, Rory",28,1,10,38,1,1,0,6,2,14,11,4,3,1,0,21,17,0,0,0,0,0,80,-33,"Adelaide","2022",19
0,"McAdam, Shane",2,1,1,3,0,0,0,0,0,1,0,1,0,0,0,0,2,0,0,0,0,1,12,-33,"Adelaide","2022",19
25,"McHenry, Ned",6,0,3,9,1,1,0,4,0,2,0,0,3,0,0,6,6,0,0,1,0,0,80,-33,"Adelaide","2022",19
30,"Milera, Wayne",4,3,5,9,1,0,0,1,1,1,0,1,0,0,0,3,6,0,0,2,0,1,70,-33,"Adelaide","2022",19
4,"Murphy, Lachlan",5,1,8,13,1,0,0,3,1,1,3,1,1,0,0,7,5,0,0,2,0,0,83,-33,"Adelaide","2022",19
28,"Murray, Nick",7,1,8,15,0,0,0,0,7,0,0,6,2,3,0,8,5,0,0,9,0,0,93,-33,"Adelaide","2022",19
43,"OBrien, Reilly",5,0,6,11,0,0,51,7,1,1,4,4,1,1,0,9,3,0,0,8,0,1,88,-33,"Adelaide","2022",19
37,"Parnell, Patrick",4,1,5,9,0,0,0,2,1,1,0,1,0,0,0,3,4,0,0,2,0,0,76,-33,"Adelaide","2022",19
26,"Schoenberg, Harry",12,0,6,18,0,1,0,4,2,5,5,3,1,1,0,8,9,0,0,1,0,1,65,-33,"Adelaide","2022",19
33,"Smith, Brodie",15,1,5,20,0,0,0,2,6,4,0,3,0,1,0,8,7,0,0,0,0,0,81,-33,"Adelaide","2022",19
14,"Soligo, Jake",9,2,11,20,1,1,0,4,1,1,1,4,0,1,0,9,12,0,0,4,0,1,83,-33,"Adelaide","2022",19
7,"Thilthorpe, Riley",4,2,3,7,0,1,8,1,0,3,0,4,0,0,0,4,3,1,0,4,0,0,60,-33,"Adelaide","2022",19
13,"Walker, Taylor",5,2,6,11,3,1,2,2,0,1,0,6,0,2,0,6,6,1,2,1,0,0,91,-33,"Adelaide","2022",19
