"Number","Player","Kicks","Marks","Handballs","Disposals","Goals","Behinds","Hitouts","Tackles","Rebounds50s","Inside50s","Clearances","Clangers","FreesFor","FreesAgainst","BrownlowVotes","ContestedPossessions","UncontestedPossessions","ContestedMarks","MarksInside50","OnePercenters","Bounces","GoalAssists","PercentagePlayed","PointDifference","Team","Season","Round"
7,"Ash, Lachie",9,4,5,14,0,0,0,2,1,0,1,2,0,0,0,3,12,0,0,0,0,0,80,-53,"Greater Western Sydney","2022",8
17,"Callaghan, Finn",12,7,3,15,0,0,0,2,3,5,0,6,0,1,0,0,14,0,0,1,0,0,74,-53,"Greater Western Sydney","2022",8
3,"Coniglio, Stephen",8,3,8,16,0,0,0,5,0,2,1,3,2,2,0,6,11,0,0,1,0,0,85,-53,"Greater Western Sydney","2022",8
13,"Cumming, Isaac",25,6,4,29,0,1,0,2,12,1,0,3,1,1,0,5,17,1,0,1,2,0,77,-53,"Greater Western Sydney","2022",8
24,"de Boer, Matt",0,0,0,0,0,0,0,0,0,0,0,0,0,0,0,0,0,0,0,0,0,0,0,-53,"Greater Western Sydney","2022",8
30,"Flynn, Matt",1,1,4,5,0,0,18,0,1,0,2,2,0,0,0,2,3,0,1,1,0,0,70,-53,"Greater Western Sydney","2022",8
4,"Greene, Toby",8,5,2,10,2,2,0,1,0,4,2,2,1,0,0,4,6,1,1,1,0,1,90,-53,"Greater Western Sydney","2022",8
12,"Green, Tom",9,2,17,26,0,1,0,9,2,2,8,10,0,2,0,16,12,0,0,2,1,0,84,-53,"Greater Western Sydney","2022",8
43,"Hamilton, Cooper",7,2,3,10,0,0,0,3,3,0,0,1,2,1,0,3,7,0,0,2,0,0,90,-53,"Greater Western Sydney","2022",8
19,"Haynes, Nick",6,4,3,9,0,0,0,1,3,0,0,0,0,0,0,3,6,0,0,7,0,0,83,-53,"Greater Western Sydney","2022",8
37,"Hill, Bobby",5,1,6,11,0,1,0,2,0,2,0,1,1,1,0,6,5,0,0,0,0,0,70,-53,"Greater Western Sydney","2022",8
27,"Himmelberg, Harry",7,3,4,11,1,0,0,2,0,1,0,3,1,0,0,4,6,0,1,1,0,0,90,-53,"Greater Western Sydney","2022",8
23,"Hogan, Jesse",9,8,3,12,1,3,0,1,0,1,0,1,1,1,0,5,7,3,3,1,0,0,81,-53,"Greater Western Sydney","2022",8
39,"Idun, Connor",6,4,8,14,0,0,0,2,3,1,0,2,0,1,0,1,11,0,0,0,0,0,81,-53,"Greater Western Sydney","2022",8
25,"Keeffe, Lachlan",4,1,4,8,0,0,0,2,3,0,0,0,0,0,0,3,5,0,0,1,0,0,89,-53,"Greater Western Sydney","2022",8
22,"Kelly, Josh",12,2,15,27,0,1,0,4,3,2,3,4,0,0,0,9,17,0,0,1,1,0,81,-53,"Greater Western Sydney","2022",8
40,"Kennedy, Adam",9,4,1,10,0,0,0,2,3,1,1,1,0,0,0,1,8,0,0,3,1,0,81,-53,"Greater Western Sydney","2022",8
36,"Perryman, Harry",11,4,14,25,0,0,0,3,2,3,0,3,0,0,0,7,18,0,0,1,0,0,83,-53,"Greater Western Sydney","2022",8
11,"Preuss, Braydon",9,4,8,17,0,0,31,1,0,6,3,3,4,1,0,10,7,2,0,2,0,2,78,-53,"Greater Western Sydney","2022",8
14,"Taranto, Tim",13,4,11,24,0,0,0,4,0,3,3,3,3,1,0,9,15,0,0,1,0,0,86,-53,"Greater Western Sydney","2022",8
15,"Taylor, Sam",8,5,7,15,0,0,0,0,3,0,1,2,3,1,0,12,4,3,0,5,0,0,100,-53,"Greater Western Sydney","2022",8
8,"Ward, Callan",10,1,13,23,0,1,0,1,2,6,7,5,2,2,0,11,13,0,0,1,0,0,64,-53,"Greater Western Sydney","2022",8
6,"Whitfield, Lachie",17,9,9,26,0,1,0,1,4,3,2,4,1,3,0,7,18,0,1,0,0,1,82,-53,"Greater Western Sydney","2022",8
30,"Atkins, Tom",8,6,8,16,0,1,0,3,2,1,1,0,0,0,0,4,12,0,0,2,0,0,86,53,"Geelong","2022",8
24,"Bews, Jed",0,0,1,1,0,0,0,0,0,0,0,1,1,1,0,1,1,0,0,1,0,0,15,53,"Geelong","2022",8
46,"Blicavs, Mark",12,7,13,25,0,0,21,8,1,6,8,5,3,2,3,11,15,0,0,4,0,0,93,53,"Geelong","2022",8
5,"Cameron, Jeremy",10,7,2,12,5,2,0,2,0,1,0,3,1,1,2,2,9,0,5,2,0,0,95,53,"Geelong","2022",8
45,"Close, Brad",5,4,7,12,1,1,0,4,1,0,0,4,0,3,0,3,10,0,1,0,0,0,80,53,"Geelong","2022",8
35,"Dangerfield, Patrick",20,6,8,28,0,0,0,1,2,5,5,7,1,3,0,13,12,0,1,1,0,1,69,53,"Geelong","2022",8
16,"De Koning, Sam",4,8,13,17,0,0,2,1,4,1,0,2,0,1,0,7,11,1,0,7,0,0,94,53,"Geelong","2022",8
22,"Duncan, Mitch",20,12,13,33,0,0,0,0,4,2,0,3,2,0,0,5,26,1,0,0,0,0,89,53,"Geelong","2022",8
31,"Evans, Francis",2,2,8,10,0,0,0,2,0,1,1,2,0,0,0,5,6,0,0,1,0,0,75,53,"Geelong","2022",8
29,"Guthrie, Cameron",13,7,12,25,0,0,0,6,2,5,1,4,2,1,0,3,20,0,0,1,0,0,73,53,"Geelong","2022",8
39,"Guthrie, Zach",19,12,4,23,1,0,0,1,2,2,0,3,0,1,0,5,18,4,0,1,0,0,77,53,"Geelong","2022",8
26,"Hawkins, Tom",6,5,5,11,1,2,2,2,0,2,1,3,0,1,0,6,5,1,3,1,0,1,94,53,"Geelong","2022",8
10,"Knevitt, Mitch",6,7,9,15,0,1,0,2,0,3,2,1,0,0,0,4,12,1,0,0,0,0,51,53,"Geelong","2022",8
8,"Kolodjashnij, Jake",15,6,6,21,0,0,0,1,3,2,0,0,1,0,0,6,14,1,0,7,0,0,94,53,"Geelong","2022",8
32,"Miers, Gryan",7,5,8,15,0,0,0,2,2,1,0,2,0,1,0,3,10,0,1,0,0,1,82,53,"Geelong","2022",8
19,"Narkle, Quinton",12,7,7,19,1,2,0,3,2,6,3,2,0,0,0,5,14,0,1,1,2,2,67,53,"Geelong","2022",8
42,"OConnor, Mark",16,7,5,21,0,1,0,1,2,2,0,0,2,0,0,5,16,1,0,1,0,0,94,53,"Geelong","2022",8
3,"Parfitt, Brandan",6,2,14,20,0,1,0,4,0,2,4,4,2,0,0,8,12,0,1,0,0,0,68,53,"Geelong","2022",8
7,"Smith, Isaac",16,3,5,21,0,2,0,2,2,6,0,3,0,0,0,1,15,0,0,1,0,0,84,53,"Geelong","2022",8
18,"Stengle, Tyson",16,6,4,20,3,2,0,5,0,5,1,4,3,1,1,9,12,0,1,0,1,0,86,53,"Geelong","2022",8
12,"Stephens, Cooper",8,4,11,19,0,0,0,1,5,0,4,4,0,3,0,8,12,0,1,0,0,1,67,53,"Geelong","2022",8
44,"Stewart, Tom",19,11,4,23,0,0,0,1,2,4,0,7,0,3,0,3,17,0,0,4,0,1,81,53,"Geelong","2022",8
2,"Tuohy, Zach",15,7,13,28,0,0,0,1,3,3,2,1,0,0,0,8,19,0,0,0,0,2,85,53,"Geelong","2022",8
