"Number","Player","Kicks","Marks","Handballs","Disposals","Goals","Behinds","Hitouts","Tackles","Rebounds50s","Inside50s","Clearances","Clangers","FreesFor","FreesAgainst","BrownlowVotes","ContestedPossessions","UncontestedPossessions","ContestedMarks","MarksInside50","OnePercenters","Bounces","GoalAssists","PercentagePlayed","PointDifference","Team","Season","Round"
5,"Cerra, Adam",10,1,22,32,0,0,0,4,0,5,4,4,1,1,0,9,23,0,0,1,0,0,77,3,"Carlton","2022",5
46,"Cottrell, Matthew",12,8,10,22,0,0,0,4,1,2,1,2,1,1,0,6,17,1,0,1,0,0,84,3,"Carlton","2022",5
30,"Curnow, Charlie",14,5,1,15,5,1,0,3,0,5,0,4,3,1,2,7,7,2,3,4,0,0,88,3,"Carlton","2022",5
15,"Docherty, Sam",13,4,8,21,0,0,0,1,7,0,0,1,0,0,0,1,15,0,0,2,2,0,86,3,"Carlton","2022",5
2,"Dow, Paddy",0,0,0,0,0,0,0,0,0,0,0,0,0,0,0,0,0,0,0,0,0,0,0,3,"Carlton","2022",5
19,"Durdin, Corey",5,2,3,8,1,0,0,3,0,0,0,1,1,0,0,4,4,0,0,0,0,0,82,3,"Carlton","2022",5
25,"Fisher, Zac",12,2,10,22,2,1,0,2,1,5,0,3,1,0,0,5,17,0,0,0,0,0,76,3,"Carlton","2022",5
29,"Hewett, George",10,1,23,33,0,0,0,2,0,5,13,3,2,2,1,19,15,0,0,0,0,0,73,3,"Carlton","2022",5
7,"Kennedy, Matthew",6,5,14,20,0,0,0,1,0,2,5,3,0,2,0,9,12,0,0,1,0,0,71,3,"Carlton","2022",5
21,"Martin, Jack",9,3,8,17,2,0,0,1,0,3,0,2,0,0,0,7,10,1,1,1,0,2,77,3,"Carlton","2022",5
10,"McKay, Harry",11,5,7,18,3,1,3,2,0,1,0,6,3,3,0,14,5,3,3,2,0,2,93,3,"Carlton","2022",5
24,"Newman, Nic",8,4,4,12,0,0,0,2,1,2,1,1,0,0,0,3,8,2,0,3,0,0,79,3,"Carlton","2022",5
32,"Newnes, Jack",11,5,7,18,0,1,0,3,1,6,1,1,0,0,0,2,16,0,1,1,1,2,81,3,"Carlton","2022",5
44,"Owies, Matthew",6,2,0,6,0,0,0,5,0,2,0,3,2,2,0,3,3,0,0,5,0,2,77,3,"Carlton","2022",5
26,"Parks, Luke",4,2,3,7,0,0,0,0,3,0,0,2,0,1,0,4,4,0,0,5,0,0,77,3,"Carlton","2022",5
27,"Pittonet, Marc",2,0,11,13,0,0,27,3,0,1,2,4,1,3,0,5,10,0,0,3,0,0,79,3,"Carlton","2022",5
42,"Saad, Adam",9,1,11,20,0,0,0,2,4,1,1,3,1,0,0,6,13,0,0,4,3,0,80,3,"Carlton","2022",5
43,"Setterfield, Will",10,6,8,18,0,1,0,2,1,2,1,4,0,1,0,5,14,0,1,1,0,1,84,3,"Carlton","2022",5
1,"Silvagni, Jack",8,2,5,13,1,2,8,3,0,1,2,2,2,2,0,8,5,0,1,0,0,0,79,3,"Carlton","2022",5
18,"Walsh, Sam",12,3,26,38,0,0,0,6,3,5,4,3,1,3,3,12,28,0,0,2,0,0,79,3,"Carlton","2022",5
23,"Weitering, Jacob",8,6,5,13,0,0,0,0,3,1,0,4,0,0,0,4,8,1,0,7,0,0,100,3,"Carlton","2022",5
6,"Williams, Zac",20,1,4,24,0,0,0,0,8,1,2,3,1,0,0,6,11,0,0,4,5,0,78,3,"Carlton","2022",5
33,"Young, Lewis",2,3,12,14,0,0,0,0,1,0,1,3,0,1,0,6,8,0,0,7,0,0,100,3,"Carlton","2022",5
21,"Aliir, Aliir",5,2,3,8,0,0,0,0,1,0,0,4,0,2,0,3,5,0,0,6,0,0,96,-3,"Port Adelaide","2022",5
15,"Amon, Karl",8,2,7,15,0,0,0,10,2,5,1,2,1,1,0,6,9,0,0,0,0,0,80,-3,"Port Adelaide","2022",5
14,"Bergman, Miles",7,6,3,10,0,1,0,3,0,1,0,3,0,1,0,1,9,0,1,4,0,1,73,-3,"Port Adelaide","2022",5
10,"Boak, Travis",13,4,10,23,1,0,0,0,2,6,11,4,1,1,0,12,14,0,0,4,0,2,83,-3,"Port Adelaide","2022",5
26,"Bonner, Riley",8,2,3,11,0,0,0,0,1,1,0,0,1,0,0,4,6,0,0,2,0,0,80,-3,"Port Adelaide","2022",5
3,"Burton, Ryan",23,6,6,29,2,0,0,0,3,1,0,1,2,0,0,8,13,0,0,3,0,0,84,-3,"Port Adelaide","2022",5
18,"Butters, Zak",18,7,14,32,1,1,0,1,1,5,6,3,1,2,0,9,22,1,1,1,4,1,83,-3,"Port Adelaide","2022",5
33,"Byrne-Jones, Darcy",16,12,10,26,0,0,0,1,4,2,0,3,2,1,0,5,21,0,0,2,0,0,83,-3,"Port Adelaide","2022",5
17,"Clurey, Tom",9,7,0,9,0,0,0,1,2,0,0,2,1,2,0,3,6,1,0,7,0,0,91,-3,"Port Adelaide","2022",5
28,"Drew, Willem",3,0,10,13,0,0,0,5,1,0,6,2,1,2,0,12,5,0,0,3,0,1,76,-3,"Port Adelaide","2022",5
43,"Dumont, Trent",12,6,5,17,0,0,0,3,2,1,1,1,0,1,0,3,14,0,0,0,0,0,70,-3,"Port Adelaide","2022",5
11,"Finlayson, Jeremy",9,8,3,12,1,2,2,2,0,2,1,2,1,0,0,2,10,0,4,4,0,1,86,-3,"Port Adelaide","2022",5
19,"Georgiades, Mitch",11,9,2,13,2,0,0,1,0,3,0,2,0,0,0,3,10,2,2,1,0,0,87,-3,"Port Adelaide","2022",5
9,"Gray, Robbie",7,3,6,13,3,1,0,3,0,2,1,1,2,0,0,4,8,1,2,0,1,0,84,-3,"Port Adelaide","2022",5
25,"Hayes, Sam",2,1,3,5,0,0,20,4,0,0,1,2,3,1,0,6,2,0,0,4,0,0,68,-3,"Port Adelaide","2022",5
5,"Houston, Dan",21,9,4,25,0,1,0,1,3,3,0,4,0,1,0,9,17,1,1,2,0,1,89,-3,"Port Adelaide","2022",5
1,"Jonas, Tom",15,9,4,19,0,0,0,1,5,2,1,6,2,3,0,5,13,0,0,1,0,0,90,-3,"Port Adelaide","2022",5
4,"Marshall, Todd",9,5,1,10,0,0,1,5,0,3,0,0,2,0,0,6,5,1,0,5,0,1,83,-3,"Port Adelaide","2022",5
41,"McEntee, Jed",0,0,0,0,0,0,0,0,0,0,0,0,0,0,0,0,0,0,0,0,0,0,0,-3,"Port Adelaide","2022",5
44,"Mead, Jackson",8,4,2,10,0,0,0,0,1,1,0,0,0,0,0,0,10,0,0,1,0,0,68,-3,"Port Adelaide","2022",5
6,"Motlop, Steven",11,6,5,16,0,2,0,4,2,2,1,1,2,1,0,7,12,0,1,2,0,0,78,-3,"Port Adelaide","2022",5
2,"Powell-Pepper, Sam",11,5,5,16,2,1,1,1,1,4,1,1,0,0,0,8,9,0,0,0,0,1,81,-3,"Port Adelaide","2022",5
20,"Rozee, Connor",13,8,11,24,1,0,0,6,5,3,2,2,1,1,0,4,20,0,2,0,0,0,87,-3,"Port Adelaide","2022",5
