"Number","Player","Kicks","Marks","Handballs","Disposals","Goals","Behinds","Hitouts","Tackles","Rebounds50s","Inside50s","Clearances","Clangers","FreesFor","FreesAgainst","BrownlowVotes","ContestedPossessions","UncontestedPossessions","ContestedMarks","MarksInside50","OnePercenters","Bounces","GoalAssists","PercentagePlayed","PointDifference","Team","Season","Round"
37,"Boyd, Jordan",6,2,5,11,0,1,0,1,1,0,0,4,0,1,0,6,5,0,0,2,0,0,69,1,"Carlton","2022",3
5,"Cerra, Adam",12,3,11,23,0,0,0,2,1,6,2,4,1,2,0,9,13,0,0,1,0,0,72,1,"Carlton","2022",3
9,"Cripps, Patrick",11,6,20,31,1,1,0,11,0,5,6,6,2,2,3,12,20,1,1,3,0,0,85,1,"Carlton","2022",3
30,"Curnow, Charlie",10,6,0,10,3,1,0,1,0,3,0,2,1,0,0,7,2,5,3,0,0,1,78,1,"Carlton","2022",3
12,"De Koning, Tom",4,0,3,7,0,0,14,5,0,2,2,1,0,0,0,5,1,0,0,0,0,0,81,1,"Carlton","2022",3
15,"Docherty, Sam",23,13,10,33,0,0,0,3,2,1,1,4,1,1,1,7,26,0,1,1,2,1,86,1,"Carlton","2022",3
19,"Durdin, Corey",9,5,2,11,1,2,0,3,1,4,1,2,1,0,0,7,6,1,0,0,0,1,81,1,"Carlton","2022",3
25,"Fisher, Zac",7,1,9,16,0,0,0,5,0,2,1,2,1,1,0,6,10,0,0,1,0,1,75,1,"Carlton","2022",3
29,"Hewett, George",14,5,14,28,0,0,0,9,0,4,9,3,1,1,2,11,19,0,0,4,0,0,77,1,"Carlton","2022",3
7,"Kennedy, Matthew",16,7,14,30,0,0,0,2,2,6,4,6,1,1,0,11,21,0,0,1,0,0,66,1,"Carlton","2022",3
0,"Martin, Jack",0,0,0,0,0,0,0,0,0,0,0,1,0,0,0,0,0,0,0,0,0,0,2,1,"Carlton","2022",3
10,"McKay, Harry",9,5,2,11,2,0,0,1,0,5,0,4,3,4,0,8,3,3,1,0,0,0,85,1,"Carlton","2022",3
24,"Newman, Nic",16,5,5,21,0,0,0,5,6,2,1,5,1,3,0,6,14,1,0,5,0,0,88,1,"Carlton","2022",3
4,"OBrien, Lochie",15,8,4,19,0,0,0,1,1,2,0,4,0,1,0,1,17,0,1,2,0,1,80,1,"Carlton","2022",3
44,"Owies, Matthew",11,6,2,13,1,0,0,5,0,3,0,2,1,0,0,4,9,0,1,0,0,2,82,1,"Carlton","2022",3
0,"Pittonet, Marc",7,3,5,12,0,0,20,3,2,1,6,1,2,0,0,9,4,0,0,3,0,0,75,1,"Carlton","2022",3
20,"Plowman, Lachie",3,2,5,8,0,0,0,0,0,1,1,0,0,0,0,4,4,0,0,6,1,0,77,1,"Carlton","2022",3
43,"Setterfield, Will",14,4,4,18,0,0,0,4,1,5,1,1,0,0,0,9,10,1,0,1,0,0,88,1,"Carlton","2022",3
1,"Silvagni, Jack",13,11,1,14,3,1,0,2,0,3,0,6,1,3,0,3,13,1,2,0,0,0,87,1,"Carlton","2022",3
18,"Walsh, Sam",18,8,14,32,0,0,0,1,3,6,2,2,2,0,0,9,23,0,0,1,0,0,85,1,"Carlton","2022",3
23,"Weitering, Jacob",9,4,5,14,0,0,0,2,5,1,0,3,2,0,0,6,7,0,0,10,0,0,100,1,"Carlton","2022",3
6,"Williams, Zac",20,6,7,27,0,0,0,1,7,2,0,5,2,0,0,4,16,0,0,3,5,0,80,1,"Carlton","2022",3
33,"Young, Lewis",6,5,4,10,0,0,0,1,3,0,0,1,0,0,0,3,7,0,0,11,0,0,100,1,"Carlton","2022",3
22,"Breust, Luke",8,3,6,14,2,0,0,3,0,6,0,5,2,1,0,6,8,0,1,1,0,4,78,-1,"Hawthorn","2022",3
12,"Day, Will",13,7,9,22,0,0,0,3,4,1,1,2,1,0,0,6,15,1,0,1,0,0,80,-1,"Hawthorn","2022",3
8,"Frost, Sam",8,7,4,12,0,0,0,0,3,0,0,4,2,2,0,6,7,1,0,6,0,0,90,-1,"Hawthorn","2022",3
24,"Grainger-Barras, Denver",10,6,8,18,0,0,0,2,2,1,0,2,1,1,0,7,10,1,0,4,0,0,84,-1,"Hawthorn","2022",3
19,"Gunston, Jack",4,3,3,7,2,1,0,1,0,2,0,2,0,2,0,3,4,0,2,4,1,0,90,-1,"Hawthorn","2022",3
15,"Hardwick, Blake",12,6,6,18,0,0,0,2,7,1,0,4,0,2,0,4,12,0,0,3,0,0,88,-1,"Hawthorn","2022",3
0,"Howe, Daniel",8,4,7,15,0,0,0,4,0,2,1,3,0,0,0,4,10,0,0,3,0,0,65,-1,"Hawthorn","2022",3
9,"Jiath, Changkuoth",20,8,7,27,0,0,0,3,11,1,0,3,3,1,0,8,18,2,0,2,5,0,83,-1,"Hawthorn","2022",3
2,"Lewis, Mitch",4,4,2,6,1,0,0,0,0,0,1,2,0,1,0,3,4,1,2,3,0,0,92,-1,"Hawthorn","2022",3
31,"Macdonald, Connor",10,4,5,15,1,2,0,1,2,1,0,2,0,0,0,4,11,0,0,0,1,0,81,-1,"Hawthorn","2022",3
32,"Maginness, Finn",4,0,6,10,0,0,0,2,1,0,1,4,1,1,0,5,6,0,0,2,0,0,86,-1,"Hawthorn","2022",3
3,"Mitchell, Tom",13,4,10,23,1,0,0,3,4,3,6,4,1,1,0,12,12,0,0,1,0,1,83,-1,"Hawthorn","2022",3
13,"Moore, Dylan",16,9,5,21,2,1,0,2,0,5,2,3,3,0,0,8,12,1,2,3,0,0,76,-1,"Hawthorn","2022",3
1,"Morrison, Harry",11,7,8,19,1,0,0,3,4,2,3,1,0,0,0,7,14,0,0,3,0,1,84,-1,"Hawthorn","2022",3
11,"Nash, Conor",7,1,9,16,0,0,8,5,1,4,0,3,0,1,0,7,10,0,0,3,0,1,73,-1,"Hawthorn","2022",3
44,"Newcombe, Jai",12,6,5,17,0,0,0,6,2,5,4,2,2,0,0,5,13,0,0,0,2,0,82,-1,"Hawthorn","2022",3
10,"OMeara, Jaeger",6,2,11,17,0,0,0,4,2,1,3,4,0,2,0,8,9,0,0,1,0,0,80,-1,"Hawthorn","2022",3
37,"Reeves, Ned",2,2,5,7,0,0,23,2,0,2,2,5,0,4,0,4,3,0,0,2,0,0,64,-1,"Hawthorn","2022",3
0,"Scrimshaw, Jack",2,0,1,3,0,0,0,0,1,0,0,0,0,0,0,0,3,0,0,0,0,0,19,-1,"Hawthorn","2022",3
6,"Sicily, James",18,9,6,24,0,0,0,3,5,1,0,6,2,2,0,8,14,1,0,4,1,0,93,-1,"Hawthorn","2022",3
25,"Ward, Josh",10,4,10,20,0,0,0,1,1,4,3,2,0,1,0,8,12,0,0,1,0,1,76,-1,"Hawthorn","2022",3
20,"Wingard, Chad",8,2,4,12,1,1,0,4,0,0,1,1,0,0,0,4,7,1,1,0,0,0,84,-1,"Hawthorn","2022",3
5,"Worpel, James",16,5,7,23,0,0,0,3,2,4,3,4,2,1,0,10,11,0,0,2,0,0,72,-1,"Hawthorn","2022",3
