"Number","Player","Kicks","Marks","Handballs","Disposals","Goals","Behinds","Hitouts","Tackles","Rebounds50s","Inside50s","Clearances","Clangers","FreesFor","FreesAgainst","BrownlowVotes","ContestedPossessions","UncontestedPossessions","ContestedMarks","MarksInside50","OnePercenters","Bounces","GoalAssists","PercentagePlayed","PointDifference","Team","Season","Round"
6,"Caldwell, Jye",8,3,10,18,0,0,0,5,2,4,1,4,1,1,0,4,13,0,0,1,0,1,72,-66,"Essendon","2022",23
42,"DAmbrosio, Massimo",4,1,5,9,2,0,0,4,0,2,0,4,1,1,0,4,5,0,1,0,0,1,82,-66,"Essendon","2022",23
2,"Draper, Sam",10,2,1,11,1,1,23,3,1,3,7,3,0,0,0,8,1,1,0,7,0,0,77,-66,"Essendon","2022",23
22,"Durham, Sam",3,1,3,6,0,0,0,0,2,0,1,1,0,1,0,4,3,0,0,2,0,0,70,-66,"Essendon","2022",23
35,"Guelfi, Matt",6,2,4,10,0,1,0,2,0,1,1,3,0,1,0,5,3,1,0,4,0,0,83,-66,"Essendon","2022",23
21,"Heppell, Dyson",9,4,8,17,1,0,0,4,2,0,1,2,3,1,0,6,12,0,0,3,0,0,86,-66,"Essendon","2022",23
19,"Hind, Nick",18,2,2,20,0,0,0,2,9,4,0,3,2,0,0,4,11,0,0,0,0,1,80,-66,"Essendon","2022",23
18,"Hurley, Michael",5,2,1,6,1,0,0,0,0,2,0,0,2,0,0,2,5,0,2,1,0,0,75,-66,"Essendon","2022",23
29,"Kelly, Jake",9,6,8,17,0,0,0,0,3,0,1,3,0,3,0,5,11,0,1,1,0,0,82,-66,"Essendon","2022",23
15,"Laverde, Jayden",8,5,3,11,0,0,0,2,1,1,0,2,0,2,0,1,10,0,0,2,0,0,88,-66,"Essendon","2022",23
37,"Martin, Nic",8,4,11,19,0,0,0,3,1,2,1,10,1,1,0,10,9,0,0,1,1,0,83,-66,"Essendon","2022",23
1,"McGrath, Andrew",9,7,9,18,0,0,0,5,2,1,0,0,0,0,0,5,13,1,0,0,1,0,86,-66,"Essendon","2022",23
0,"Menzie, Jye",5,4,4,9,1,0,0,2,0,2,1,1,0,1,0,4,5,0,1,1,0,0,56,-66,"Essendon","2022",23
7,"Merrett, Zach",19,3,18,37,0,1,0,6,2,6,8,5,4,2,0,19,17,0,0,0,0,0,85,-66,"Essendon","2022",23
3,"Parish, Darcy",12,4,16,28,1,0,0,2,2,3,6,1,1,0,0,12,16,0,0,0,0,0,77,-66,"Essendon","2022",23
16,"Perkins, Archie",7,4,0,7,0,0,0,1,0,3,0,2,1,0,0,2,5,1,1,0,0,1,77,-66,"Essendon","2022",23
27,"Redman, Mason",11,4,4,15,0,0,0,0,3,0,0,2,0,2,0,1,12,0,0,2,0,0,82,-66,"Essendon","2022",23
31,"Reid, Zach",4,3,3,7,0,0,0,0,0,1,0,1,0,0,0,2,4,0,0,2,0,0,77,-66,"Essendon","2022",23
14,"Ridley, Jordan",13,8,3,16,0,0,0,0,3,1,0,5,0,1,0,4,12,1,0,6,0,0,82,-66,"Essendon","2022",23
9,"Shiel, Dylan",12,3,16,28,0,1,0,3,1,5,7,5,0,0,0,10,15,0,0,1,1,1,83,-66,"Essendon","2022",23
0,"Stringer, Jake",1,0,2,3,1,0,0,0,0,1,0,0,0,0,0,2,1,0,0,0,0,0,25,-66,"Essendon","2022",23
20,"Wright, Peter",10,8,1,11,3,2,7,2,1,0,0,1,3,0,0,7,7,2,5,1,0,1,97,-66,"Essendon","2022",23
30,"Zerk-Thatcher, Brandon",4,3,2,6,0,0,0,0,0,0,0,2,2,1,0,3,5,1,0,4,0,0,94,-66,"Essendon","2022",23
7,"Baker, Liam",12,2,14,26,0,0,0,0,3,2,0,1,1,0,0,8,16,0,0,3,1,0,85,66,"Richmond","2022",23
21,"Balta, Noah",12,7,5,17,0,0,0,0,8,1,0,3,0,1,0,3,13,2,0,3,0,0,84,66,"Richmond","2022",23
29,"Bolton, Shai",8,2,4,12,1,2,0,2,0,4,1,5,1,5,0,6,8,0,2,2,1,1,81,66,"Richmond","2022",23
35,"Broad, Nathan",10,6,4,14,0,0,0,2,4,0,0,1,0,0,0,2,12,0,0,5,0,0,92,66,"Richmond","2022",23
0,"Castagna, Jason",0,0,0,0,0,0,0,0,0,0,0,0,0,0,0,0,0,0,0,0,0,0,14,66,"Richmond","2022",23
9,"Cotchin, Trent",12,2,13,25,1,0,0,2,0,2,4,3,3,0,1,12,12,0,0,1,0,1,76,66,"Richmond","2022",23
38,"Cumberland, Noah",5,2,7,12,3,0,0,1,0,2,1,2,0,0,0,6,6,1,1,2,1,0,76,66,"Richmond","2022",23
10,"Edwards, Shane",10,3,2,12,3,0,0,1,1,3,0,1,0,1,0,3,9,0,1,0,1,0,74,66,"Richmond","2022",23
28,"Gibcus, Josh",4,2,4,8,0,0,0,1,0,1,0,2,0,1,0,8,3,1,0,7,0,0,79,66,"Richmond","2022",23
0,"Lynch, Tom",16,9,3,19,5,2,0,2,0,5,0,1,6,0,2,12,8,4,4,1,0,0,72,66,"Richmond","2022",23
33,"McIntosh, Kamdyn",7,3,3,10,1,0,0,2,2,0,2,0,0,0,0,3,8,0,2,3,1,0,82,66,"Richmond","2022",23
46,"Miller, Ben",2,2,6,8,1,0,6,3,0,1,1,1,2,0,0,7,3,0,0,3,0,1,72,66,"Richmond","2022",23
25,"Nankervis, Toby",10,4,11,21,0,1,23,3,2,4,4,5,0,3,0,4,15,0,1,4,0,0,76,66,"Richmond","2022",23
50,"Pickett, Marlion",6,6,6,12,1,0,0,5,1,2,1,2,0,2,0,6,7,1,1,3,0,0,84,66,"Richmond","2022",23
3,"Prestia, Dion",20,7,11,31,1,2,0,5,2,8,5,4,1,1,3,7,23,0,1,1,0,0,78,66,"Richmond","2022",23
8,"Riewoldt, Jack",8,4,4,12,1,2,0,2,0,1,1,4,2,3,0,11,3,2,3,3,0,5,90,66,"Richmond","2022",23
17,"Rioli, Daniel",12,7,9,21,0,0,0,3,0,7,0,0,1,0,0,8,13,0,0,1,1,1,85,66,"Richmond","2022",23
49,"Rioli, Maurice",8,4,3,11,1,0,0,4,0,2,0,3,0,0,0,1,10,0,3,1,1,0,80,66,"Richmond","2022",23
5,"Ross, Jack",10,7,11,21,1,0,0,0,0,5,1,1,0,1,0,3,18,0,0,3,1,2,80,66,"Richmond","2022",23
15,"Short, Jayden",14,5,11,25,0,0,0,2,3,6,5,1,0,0,0,7,18,0,0,1,3,2,85,66,"Richmond","2022",23
40,"Sonsie, Tyler",11,4,8,19,1,3,0,1,0,1,0,2,0,0,0,6,13,0,2,0,1,1,81,66,"Richmond","2022",23
6,"Tarrant, Robbie",5,3,5,10,0,0,0,0,1,0,0,3,0,2,0,2,7,0,0,4,0,0,92,66,"Richmond","2022",23
1,"Vlastuin, Nick",14,7,7,21,0,0,0,3,3,1,0,2,1,1,0,4,11,1,0,3,1,0,83,66,"Richmond","2022",23
