"Number","Player","Kicks","Marks","Handballs","Disposals","Goals","Behinds","Hitouts","Tackles","Rebounds50s","Inside50s","Clearances","Clangers","FreesFor","FreesAgainst","BrownlowVotes","ContestedPossessions","UncontestedPossessions","ContestedMarks","MarksInside50","OnePercenters","Bounces","GoalAssists","PercentagePlayed","PointDifference","Team","Season","Round"
36,"Blanck, James",0,0,0,0,0,0,0,0,0,0,0,0,0,0,0,0,0,0,0,0,0,0,0,7,"Hawthorn","2022",21
22,"Breust, Luke",8,2,7,15,1,2,0,2,0,3,1,3,2,0,0,9,7,0,2,0,0,0,74,7,"Hawthorn","2022",21
30,"Butler, Sam",3,1,3,6,0,0,0,1,0,3,0,3,1,1,0,4,3,0,0,1,0,1,75,7,"Hawthorn","2022",21
12,"Day, Will",11,5,9,20,0,0,0,0,5,2,0,2,2,2,0,7,12,0,0,1,0,0,82,7,"Hawthorn","2022",21
24,"Grainger-Barras, Denver",5,3,1,6,0,0,0,2,3,0,0,3,0,2,0,0,6,0,0,6,0,0,81,7,"Hawthorn","2022",21
19,"Gunston, Jack",11,8,3,14,5,1,0,0,0,1,0,1,0,0,0,5,9,2,5,2,0,1,94,7,"Hawthorn","2022",21
15,"Hardwick, Blake",11,5,5,16,0,0,0,1,5,0,2,6,0,1,0,6,8,0,0,3,0,0,87,7,"Hawthorn","2022",21
4,"Impey, Jarman",7,5,3,10,0,1,0,1,0,2,0,3,1,3,0,2,9,0,0,0,0,0,79,7,"Hawthorn","2022",21
39,"Jeka, Emerson",12,7,4,16,0,0,0,0,3,1,0,7,0,1,0,4,12,2,0,4,0,0,94,7,"Hawthorn","2022",21
23,"Koschitzke, Jacob",9,5,4,13,1,0,3,2,0,4,0,4,0,1,0,4,7,1,1,2,0,0,78,7,"Hawthorn","2022",21
31,"Macdonald, Connor",9,0,5,14,0,1,0,3,1,2,0,3,2,1,0,7,8,0,0,0,0,0,76,7,"Hawthorn","2022",21
32,"Maginness, Finn",6,2,4,10,0,1,0,10,0,3,1,4,0,1,0,1,8,0,0,0,0,1,89,7,"Hawthorn","2022",21
7,"McEvoy, Ben",5,1,3,8,1,0,31,6,2,2,1,1,3,0,0,4,5,1,0,9,1,0,88,7,"Hawthorn","2022",21
3,"Mitchell, Tom",8,4,17,25,0,0,0,4,1,2,4,2,0,1,0,12,13,0,0,2,0,0,76,7,"Hawthorn","2022",21
13,"Moore, Dylan",12,4,14,26,0,1,0,6,1,3,8,5,3,1,0,15,13,0,0,2,0,1,84,7,"Hawthorn","2022",21
1,"Morrison, Harry",15,6,5,20,0,0,0,4,4,0,3,4,0,0,0,4,14,0,0,2,0,0,88,7,"Hawthorn","2022",21
11,"Nash, Conor",12,7,7,19,0,0,0,6,2,5,1,0,1,0,0,7,12,0,0,0,1,0,82,7,"Hawthorn","2022",21
44,"Newcombe, Jai",11,7,16,27,0,0,0,1,4,3,3,3,1,1,2,11,16,0,0,1,1,0,76,7,"Hawthorn","2022",21
10,"OMeara, Jaeger",14,4,6,20,1,1,0,8,1,7,8,3,0,1,1,13,10,1,2,2,0,1,75,7,"Hawthorn","2022",21
14,"Scrimshaw, Jack",16,6,5,21,0,0,0,2,5,1,1,8,1,2,0,9,10,0,0,3,2,0,70,7,"Hawthorn","2022",21
29,"Serong, Jai",4,3,5,9,0,0,0,3,0,2,0,4,0,2,0,5,6,1,0,1,0,1,70,7,"Hawthorn","2022",21
6,"Sicily, James",18,8,8,26,0,0,0,2,6,0,0,4,2,1,0,4,18,1,0,7,1,0,100,7,"Hawthorn","2022",21
25,"Ward, Josh",14,3,6,20,1,1,0,4,0,4,4,4,1,1,0,8,11,0,0,1,1,3,83,7,"Hawthorn","2022",21
9,"Ainsworth, Ben",13,6,4,17,1,1,0,5,0,3,0,1,4,0,0,5,12,0,2,1,0,1,91,-7,"Gold Coast","2022",21
15,"Anderson, Noah",18,3,8,26,0,2,0,2,0,9,5,6,0,2,0,10,15,0,0,0,0,0,93,-7,"Gold Coast","2022",21
31,"Andrew, Mac",9,8,5,14,0,0,0,3,3,4,0,3,1,0,0,4,10,2,1,2,0,0,79,-7,"Gold Coast","2022",21
2,"Atkins, Rory",0,0,0,0,0,0,0,0,0,0,0,0,0,0,0,0,0,0,0,0,0,0,0,-7,"Gold Coast","2022",21
30,"Casboult, Levi",2,2,2,4,1,1,0,3,0,0,0,4,0,1,0,3,2,1,2,2,0,0,93,-7,"Gold Coast","2022",21
1,"Chol, Mabior",5,5,3,8,0,3,3,0,0,1,0,1,0,0,0,2,5,1,2,1,0,0,81,-7,"Gold Coast","2022",21
25,"Collins, Sam",2,1,6,8,0,0,0,1,1,0,0,4,1,1,0,7,2,1,0,6,0,0,100,-7,"Gold Coast","2022",21
5,"Davies, Alex",3,3,7,10,0,0,0,5,0,0,0,1,0,1,0,6,4,0,0,0,0,0,53,-7,"Gold Coast","2022",21
4,"Ellis, Brandon",23,6,7,30,0,0,0,0,5,1,2,4,1,1,0,6,19,0,0,2,0,0,85,-7,"Gold Coast","2022",21
50,"Farrar, Jy",17,6,3,20,0,0,0,3,8,5,0,1,0,0,0,5,13,0,0,3,2,0,80,-7,"Gold Coast","2022",21
46,"Graham, Caleb",9,7,5,14,0,0,0,2,6,0,1,1,2,0,0,5,10,0,0,11,0,0,91,-7,"Gold Coast","2022",21
36,"Hollands, Elijah",18,9,5,23,2,0,0,3,2,5,1,4,3,0,0,6,17,1,1,2,1,0,80,-7,"Gold Coast","2022",21
7,"Holman, Nick",8,3,4,12,2,1,0,7,0,0,1,3,3,1,0,8,5,0,1,3,0,0,79,-7,"Gold Coast","2022",21
23,"Lemmens, Sean",8,2,4,12,0,0,0,3,6,0,0,5,1,3,0,6,4,1,0,5,0,0,88,-7,"Gold Coast","2022",21
13,"Lukosius, Jack",14,6,3,17,0,1,0,3,1,3,1,2,0,0,0,6,10,0,1,3,0,0,86,-7,"Gold Coast","2022",21
44,"Macpherson, Darcy",13,3,6,19,0,0,0,8,3,3,0,4,4,1,0,11,9,0,0,3,0,0,78,-7,"Gold Coast","2022",21
11,"Miller, Touk",8,0,13,21,0,0,0,10,1,0,7,3,1,1,0,18,3,0,0,0,0,0,84,-7,"Gold Coast","2022",21
22,"Rankine, Izak",8,3,3,11,0,1,0,3,0,5,1,3,1,1,0,8,5,0,0,1,0,1,87,-7,"Gold Coast","2022",21
41,"Rosas, Malcolm",4,1,5,9,0,0,0,1,0,1,0,3,0,1,0,6,3,0,0,0,1,1,59,-7,"Gold Coast","2022",21
18,"Rowell, Matt",6,1,9,15,0,0,0,8,0,2,5,5,1,5,0,8,7,0,0,1,0,1,78,-7,"Gold Coast","2022",21
20,"Sharp, Jeremy",10,4,1,11,1,0,0,2,0,2,0,2,0,0,0,2,9,0,0,2,0,0,61,-7,"Gold Coast","2022",21
24,"Swallow, David",18,6,15,33,0,1,0,7,3,5,6,6,0,0,0,15,18,0,0,1,0,0,83,-7,"Gold Coast","2022",21
28,"Witts, Jarrod",9,4,5,14,1,0,44,3,1,4,6,4,0,1,3,10,4,1,0,7,0,0,91,-7,"Gold Coast","2022",21
