"Number","Player","Kicks","Marks","Handballs","Disposals","Goals","Behinds","Hitouts","Tackles","Rebounds50s","Inside50s","Clearances","Clangers","FreesFor","FreesAgainst","BrownlowVotes","ContestedPossessions","UncontestedPossessions","ContestedMarks","MarksInside50","OnePercenters","Bounces","GoalAssists","PercentagePlayed","PointDifference","Team","Season","Round"
21,"Berry, Sam",12,0,9,21,0,0,0,17,5,1,5,6,1,4,0,13,9,0,0,3,0,0,81,-5,"Adelaide","2022",18
41,"Butts, Jordon",7,1,1,8,0,0,0,3,3,0,0,4,2,2,0,3,5,0,0,4,0,0,94,-5,"Adelaide","2022",18
12,"Dawson, Jordan",15,2,5,20,0,0,0,6,8,2,1,2,0,0,0,3,10,0,0,7,1,0,94,-5,"Adelaide","2022",18
39,"Doedee, Tom",3,0,6,9,0,0,0,1,1,0,0,2,0,1,0,5,3,0,0,3,0,0,91,-5,"Adelaide","2022",18
32,"Fogarty, Darcy",3,3,6,9,2,0,0,1,0,0,1,1,0,0,0,6,3,3,1,1,0,0,91,-5,"Adelaide","2022",18
17,"Hamill, Will",6,2,8,14,0,0,0,4,3,1,1,0,1,0,0,8,6,0,0,2,0,0,80,-5,"Adelaide","2022",18
20,"Hinge, Mitch",8,3,8,16,1,0,0,2,1,7,1,2,0,0,0,6,8,0,0,0,0,0,77,-5,"Adelaide","2022",18
1,"Jones, Chayce",15,3,4,19,0,0,0,1,5,3,3,4,4,0,0,10,9,0,0,1,0,0,80,-5,"Adelaide","2022",18
2,"Keays, Ben",14,0,8,22,0,0,0,5,3,4,10,6,1,1,0,12,7,0,0,0,0,2,86,-5,"Adelaide","2022",18
29,"Laird, Rory",19,0,12,31,0,1,0,20,4,4,9,4,1,0,0,17,13,0,0,1,0,0,81,-5,"Adelaide","2022",18
23,"McAdam, Shane",5,4,6,11,1,1,0,1,0,0,0,1,0,0,0,2,9,0,2,1,0,0,79,-5,"Adelaide","2022",18
25,"McHenry, Ned",6,2,4,10,0,0,0,5,1,3,0,5,1,3,0,5,6,0,0,1,0,0,79,-5,"Adelaide","2022",18
30,"Milera, Wayne",3,0,8,11,0,0,0,2,0,1,1,2,1,2,0,6,7,0,0,2,0,0,77,-5,"Adelaide","2022",18
4,"Murphy, Lachlan",6,1,0,6,3,1,0,3,0,2,0,0,0,0,0,3,4,0,0,1,0,1,79,-5,"Adelaide","2022",18
28,"Murray, Nick",2,1,3,5,0,0,0,3,2,1,0,3,1,2,0,3,3,1,0,8,0,0,96,-5,"Adelaide","2022",18
43,"OBrien, Reilly",7,0,6,13,0,0,40,2,1,2,4,5,1,2,0,9,3,0,0,4,0,0,86,-5,"Adelaide","2022",18
37,"Parnell, Patrick",7,0,3,10,0,0,0,5,0,3,0,1,1,0,0,3,6,0,0,2,0,1,76,-5,"Adelaide","2022",18
31,"Rowe, James",0,0,0,0,0,0,0,0,0,0,0,0,0,0,0,0,0,0,0,0,0,0,0,-5,"Adelaide","2022",18
26,"Schoenberg, Harry",6,1,10,16,0,0,0,6,1,3,3,4,1,2,0,10,8,0,0,0,0,1,62,-5,"Adelaide","2022",18
33,"Smith, Brodie",18,4,1,19,0,0,0,6,9,1,2,3,2,0,0,4,10,0,0,2,0,0,79,-5,"Adelaide","2022",18
14,"Soligo, Jake",9,0,8,17,0,0,0,8,0,5,3,5,2,1,0,10,6,0,0,0,0,0,89,-5,"Adelaide","2022",18
7,"Thilthorpe, Riley",11,7,6,17,1,3,7,4,0,5,3,3,1,1,0,12,4,3,3,0,1,0,53,-5,"Adelaide","2022",18
13,"Walker, Taylor",10,5,3,13,5,1,2,2,0,1,0,3,1,1,1,9,6,1,3,3,0,2,92,-5,"Adelaide","2022",18
8,"Bianco, Trent",9,3,11,20,0,0,0,6,1,4,1,3,2,1,0,9,13,0,0,0,0,0,74,5,"Collingwood","2022",18
14,"Cameron, Darcy",11,1,6,17,1,0,31,5,3,4,2,4,2,0,0,10,6,0,0,2,0,0,77,5,"Collingwood","2022",18
45,"Carmichael, Josh",24,3,0,24,1,0,0,8,1,4,6,10,1,3,0,7,8,0,0,1,0,0,61,5,"Collingwood","2022",18
46,"Cox, Mason",7,1,1,8,0,0,27,3,0,3,5,1,2,1,0,3,2,0,0,5,0,0,70,5,"Collingwood","2022",18
25,"Crisp, Jack",12,2,6,18,0,0,0,10,1,6,4,4,1,1,0,7,9,0,0,1,0,0,80,5,"Collingwood","2022",18
7,"Daicos, Josh",15,3,9,24,0,1,0,4,2,5,4,5,0,1,0,9,13,0,0,0,0,0,85,5,"Collingwood","2022",18
35,"Daicos, Nick",25,3,15,40,3,0,0,5,8,5,2,6,1,2,3,9,23,0,0,0,1,0,86,5,"Collingwood","2022",18
5,"Elliott, Jamie",8,3,10,18,1,1,0,6,0,2,3,5,1,3,0,8,10,0,2,0,0,1,90,5,"Collingwood","2022",18
33,"Ginnivan, Jack",5,2,8,13,1,1,0,3,0,1,2,5,1,2,0,8,6,0,1,0,0,0,81,5,"Collingwood","2022",18
16,"Henry, Oliver",0,0,0,0,0,0,0,0,0,0,0,0,0,0,0,0,0,0,0,0,0,0,0,5,"Collingwood","2022",18
32,"Hoskin-Elliott, Will",6,0,3,9,0,0,0,5,1,2,1,4,0,1,0,3,4,0,0,0,0,0,94,5,"Collingwood","2022",18
38,"Howe, Jeremy",5,1,9,14,0,0,0,5,2,1,0,1,2,0,0,5,7,0,0,9,1,0,96,5,"Collingwood","2022",18
40,"Johnson, Ash",6,2,5,11,2,1,0,4,0,1,0,2,1,2,0,6,2,0,1,2,0,0,77,5,"Collingwood","2022",18
1,"Lipinski, Patrick",13,2,15,28,0,0,0,13,2,4,6,1,0,0,0,9,15,0,0,0,0,2,84,5,"Collingwood","2022",18
37,"Maynard, Brayden",10,6,6,16,0,0,0,12,2,2,3,4,0,1,0,7,10,0,0,5,0,1,91,5,"Collingwood","2022",18
31,"McCreery, Beau",6,2,6,12,1,1,0,7,0,2,2,2,0,1,0,5,6,0,1,2,0,0,75,5,"Collingwood","2022",18
41,"Mihocek, Brody",10,1,0,10,2,0,1,6,0,3,0,3,1,0,0,4,2,0,1,0,0,1,90,5,"Collingwood","2022",18
30,"Moore, Darcy",8,4,3,11,0,0,0,0,4,0,0,0,0,0,0,5,4,1,0,7,0,0,98,5,"Collingwood","2022",18
28,"Murphy, Nathan",6,1,0,6,0,0,0,1,4,1,1,1,1,0,0,2,4,0,0,5,0,0,79,5,"Collingwood","2022",18
9,"Noble, John",9,2,4,13,0,0,0,3,3,2,1,3,1,1,0,5,7,0,0,1,0,0,73,5,"Collingwood","2022",18
10,"Pendlebury, Scott",12,2,17,29,1,0,0,12,2,2,4,7,3,1,2,11,16,0,0,4,0,2,77,5,"Collingwood","2022",18
21,"Ruscoe, Trey",9,0,4,13,0,0,0,1,0,3,0,1,0,0,0,6,8,0,0,3,0,1,75,5,"Collingwood","2022",18
22,"Sidebottom, Steele",12,1,8,20,1,0,0,7,0,4,4,5,2,1,0,11,6,0,0,3,0,1,86,5,"Collingwood","2022",18
