"Number","Player","Kicks","Marks","Handballs","Disposals","Goals","Behinds","Hitouts","Tackles","Rebounds50s","Inside50s","Clearances","Clangers","FreesFor","FreesAgainst","BrownlowVotes","ContestedPossessions","UncontestedPossessions","ContestedMarks","MarksInside50","OnePercenters","Bounces","GoalAssists","PercentagePlayed","PointDifference","Team","Season","Round"
30,"Atkins, Tom",10,4,7,17,0,0,0,6,1,2,1,3,1,0,0,6,11,1,0,2,0,0,84,-3,"Geelong","2022",7
24,"Bews, Jed",3,2,2,5,0,0,0,2,0,1,0,3,0,1,0,2,3,0,0,3,0,0,90,-3,"Geelong","2022",7
46,"Blicavs, Mark",11,4,9,20,2,0,20,4,3,4,4,2,5,0,2,14,6,2,1,3,0,0,79,-3,"Geelong","2022",7
5,"Cameron, Jeremy",6,4,8,14,0,0,0,2,0,1,0,4,0,2,0,4,10,1,1,1,0,0,97,-3,"Geelong","2022",7
45,"Close, Brad",6,2,15,21,0,1,0,4,0,3,0,3,1,0,0,7,13,0,1,1,1,1,78,-3,"Geelong","2022",7
0,"Dahlhaus, Luke",3,3,4,7,1,0,0,0,0,1,0,2,0,1,0,2,4,0,1,1,0,0,52,-3,"Geelong","2022",7
16,"De Koning, Sam",6,7,6,12,0,0,0,0,3,0,0,1,0,0,0,5,7,3,0,7,0,0,100,-3,"Geelong","2022",7
28,"Dempsey, Oliver",0,0,3,3,0,0,0,1,0,0,0,0,1,0,0,1,2,0,0,0,0,0,59,-3,"Geelong","2022",7
22,"Duncan, Mitch",16,7,3,19,0,0,0,0,3,5,2,6,0,2,0,3,13,0,0,2,1,0,83,-3,"Geelong","2022",7
29,"Guthrie, Cameron",16,2,19,35,0,0,0,2,1,6,8,4,3,1,0,14,21,0,0,3,0,2,81,-3,"Geelong","2022",7
26,"Hawkins, Tom",4,4,5,9,2,2,3,2,0,0,0,2,0,1,0,7,2,3,4,2,0,0,96,-3,"Geelong","2022",7
4,"Higgins, Shaun",15,3,6,21,0,0,0,5,3,3,3,4,3,1,0,6,15,0,1,0,0,2,78,-3,"Geelong","2022",7
0,"Holmes, Max",2,0,2,4,0,0,0,1,0,2,1,1,0,0,0,2,2,0,0,0,0,0,13,-3,"Geelong","2022",7
8,"Kolodjashnij, Jake",9,6,3,12,0,0,0,0,0,1,0,3,1,2,0,1,11,1,0,5,0,0,90,-3,"Geelong","2022",7
32,"Miers, Gryan",6,2,4,10,0,1,0,6,1,2,0,5,2,2,0,5,7,1,1,1,0,0,82,-3,"Geelong","2022",7
42,"OConnor, Mark",6,2,6,12,0,0,0,1,4,0,0,0,0,0,0,2,9,0,0,2,0,0,82,-3,"Geelong","2022",7
3,"Parfitt, Brandan",8,2,11,19,0,0,0,6,2,3,5,3,2,1,0,13,8,0,0,0,0,0,67,-3,"Geelong","2022",7
14,"Selwood, Joel",8,3,12,20,0,0,0,1,0,3,4,2,2,0,0,10,8,0,0,2,0,0,74,-3,"Geelong","2022",7
7,"Smith, Isaac",10,4,8,18,0,0,0,3,1,6,1,4,1,0,0,5,9,0,0,0,1,0,80,-3,"Geelong","2022",7
1,"Stanley, Rhys",5,4,6,11,2,0,21,2,2,2,1,6,0,4,0,9,2,4,2,2,0,0,79,-3,"Geelong","2022",7
18,"Stengle, Tyson",11,3,3,14,3,0,0,5,0,3,3,3,4,1,0,8,6,1,1,1,0,0,85,-3,"Geelong","2022",7
44,"Stewart, Tom",26,14,14,40,0,0,0,4,9,6,1,8,2,3,3,10,29,2,0,6,0,1,82,-3,"Geelong","2022",7
2,"Tuohy, Zach",12,4,8,20,0,0,0,0,4,0,3,3,1,2,0,8,9,1,0,1,1,0,88,-3,"Geelong","2022",7
9,"Acres, Blake",19,6,8,27,1,1,0,4,4,8,2,5,1,2,1,10,16,1,1,1,0,0,81,3,"Fremantle","2022",7
11,"Aish, James",12,7,7,19,0,0,0,1,3,1,0,0,2,0,0,7,12,1,1,0,0,1,81,3,"Fremantle","2022",7
41,"Banfield, Bailey",0,0,0,0,0,0,0,0,0,0,0,0,0,0,0,0,0,0,0,0,0,0,0,3,"Fremantle","2022",7
8,"Brayshaw, Andrew",16,3,12,28,0,0,0,4,3,5,3,9,1,5,0,8,21,0,0,1,0,0,81,3,"Fremantle","2022",7
17,"Brodie, Will",9,1,10,19,0,2,0,4,1,2,3,2,2,2,0,9,11,0,0,0,0,0,64,3,"Fremantle","2022",7
6,"Clark, Jordan",14,3,10,24,0,0,0,2,5,3,5,6,0,3,0,7,17,0,0,2,0,1,87,3,"Fremantle","2022",7
33,"Colyer, Travis",6,2,7,13,0,0,0,3,0,3,0,0,1,0,0,5,10,0,0,2,2,2,87,3,"Fremantle","2022",7
36,"Cox, Brennan",7,0,4,11,0,0,0,1,6,0,0,5,1,1,0,6,5,0,0,5,0,0,82,3,"Fremantle","2022",7
32,"Frederick, Michael",5,4,5,10,2,0,0,2,0,1,2,0,0,0,0,5,5,0,0,0,0,0,80,3,"Fremantle","2022",7
37,"Lobb, Rory",5,3,10,15,2,1,8,1,0,0,1,0,2,0,0,10,6,1,2,5,0,0,100,3,"Fremantle","2022",7
2,"Logue, Griffin",4,3,9,13,0,0,0,1,4,1,0,2,0,0,0,9,4,0,0,6,0,0,95,3,"Fremantle","2022",7
22,"Meek, Lloyd",2,1,10,12,0,0,28,3,1,2,4,5,4,3,0,9,4,1,0,3,0,0,86,3,"Fremantle","2022",7
16,"Mundy, David",4,1,18,22,0,0,0,3,0,2,7,1,0,1,0,11,13,0,1,2,0,0,69,3,"Fremantle","2022",7
30,"ODriscoll, Nathan",8,6,9,17,1,0,0,0,2,2,1,3,0,1,0,3,16,0,0,2,0,0,64,3,"Fremantle","2022",7
25,"Pearce, Alex",4,2,7,11,0,0,0,3,3,0,1,2,2,0,0,4,6,0,0,3,0,0,96,3,"Fremantle","2022",7
13,"Ryan, Luke",13,2,7,20,0,0,0,1,7,2,0,3,0,1,0,2,14,0,0,4,1,0,81,3,"Fremantle","2022",7
5,"Schultz, Lachie",11,6,3,14,2,1,0,3,0,2,1,4,0,4,0,3,9,0,1,2,0,0,87,3,"Fremantle","2022",7
3,"Serong, Caleb",13,2,12,25,0,0,0,4,0,3,4,6,2,1,0,9,16,0,0,0,0,0,76,3,"Fremantle","2022",7
39,"Switkowski, Sam",7,0,11,18,1,1,0,5,1,3,5,0,3,0,0,8,9,0,0,0,0,1,81,3,"Fremantle","2022",7
35,"Treacy, Josh",4,1,1,5,0,0,0,4,0,2,0,4,2,1,0,3,2,0,0,4,0,1,84,3,"Fremantle","2022",7
18,"Tucker, Darcy",10,8,7,17,1,0,0,0,2,1,5,1,0,0,0,5,11,0,0,0,0,0,70,3,"Fremantle","2022",7
31,"Walker, Brandon",6,1,3,9,0,0,0,2,1,2,0,4,0,2,0,4,5,0,0,2,0,0,78,3,"Fremantle","2022",7
10,"Walters, Michael",8,6,4,12,0,0,0,6,1,2,0,4,1,2,0,4,8,1,2,1,0,0,90,3,"Fremantle","2022",7
