"Number","Player","Kicks","Marks","Handballs","Disposals","Goals","Behinds","Hitouts","Tackles","Rebounds50s","Inside50s","Clearances","Clangers","FreesFor","FreesAgainst","BrownlowVotes","ContestedPossessions","UncontestedPossessions","ContestedMarks","MarksInside50","OnePercenters","Bounces","GoalAssists","PercentagePlayed","PointDifference","Team","Season","Round"
9,"Ainsworth, Ben",9,4,11,20,3,2,0,0,0,2,1,2,1,0,1,8,12,0,2,1,0,1,84,43,"Gold Coast","2022",14
15,"Anderson, Noah",20,5,8,28,0,1,0,3,1,11,6,3,2,0,3,11,16,0,0,1,1,1,93,43,"Gold Coast","2022",14
10,"Ballard, Charlie",9,5,4,13,0,0,0,1,3,1,0,5,2,2,0,3,8,0,0,7,0,0,91,43,"Gold Coast","2022",14
0,"Bowes, Jack",5,2,4,9,0,0,0,0,1,0,1,0,0,0,0,3,3,0,0,0,1,0,41,43,"Gold Coast","2022",14
35,"Budarick, Connor",12,5,3,15,0,0,0,2,3,1,0,3,1,0,0,4,11,0,0,1,0,0,52,43,"Gold Coast","2022",14
30,"Casboult, Levi",4,3,1,5,3,0,0,1,0,1,0,6,0,4,0,1,4,1,2,2,0,0,100,43,"Gold Coast","2022",14
1,"Chol, Mabior",8,4,3,11,3,0,2,1,0,3,2,4,2,2,0,9,1,3,2,2,0,0,75,43,"Gold Coast","2022",14
25,"Collins, Sam",7,4,1,8,0,0,0,3,4,0,0,5,1,1,0,3,6,0,0,12,1,0,100,43,"Gold Coast","2022",14
5,"Davies, Alex",4,1,3,7,1,0,0,4,1,2,1,2,1,1,0,3,4,0,0,1,0,0,60,43,"Gold Coast","2022",14
4,"Ellis, Brandon",13,6,4,17,0,0,0,0,0,7,0,2,0,1,0,3,13,0,0,1,0,1,95,43,"Gold Coast","2022",14
50,"Farrar, Jy",11,5,4,15,0,0,0,2,3,2,0,3,1,3,0,6,6,1,0,3,0,0,72,43,"Gold Coast","2022",14
26,"Flanders, Sam",7,3,5,12,2,1,0,1,1,1,1,1,0,0,0,4,8,0,0,1,0,0,66,43,"Gold Coast","2022",14
46,"Graham, Caleb",8,5,3,11,0,0,0,0,5,2,1,3,0,1,0,5,6,1,0,11,0,0,100,43,"Gold Coast","2022",14
7,"Holman, Nick",10,2,5,15,2,0,0,2,2,6,0,4,3,3,0,13,2,1,0,0,1,1,90,43,"Gold Coast","2022",14
40,"Jeffrey, Joel",6,2,3,9,1,0,0,2,0,4,0,1,0,0,0,4,5,0,0,2,1,0,57,43,"Gold Coast","2022",14
23,"Lemmens, Sean",10,5,5,15,0,0,0,1,0,2,0,3,0,0,0,7,6,2,0,4,0,1,74,43,"Gold Coast","2022",14
17,"Markov, Oleg",6,4,4,10,0,0,0,0,2,1,1,3,0,1,0,2,8,0,0,0,0,0,78,43,"Gold Coast","2022",14
11,"Miller, Touk",15,4,9,24,0,0,0,5,2,5,3,4,1,2,0,9,16,0,0,1,0,2,80,43,"Gold Coast","2022",14
0,"Powell, Wil",9,1,3,12,0,1,0,2,1,4,0,3,0,0,0,4,8,0,0,0,1,1,48,43,"Gold Coast","2022",14
22,"Rankine, Izak",10,5,7,17,3,2,0,1,0,0,2,2,2,0,0,8,9,0,5,1,0,2,88,43,"Gold Coast","2022",14
18,"Rowell, Matt",13,2,6,19,0,0,0,11,1,4,7,1,5,0,0,12,6,0,0,1,0,0,88,43,"Gold Coast","2022",14
24,"Swallow, David",14,3,7,21,0,0,0,4,3,1,3,3,5,1,0,13,11,1,0,4,0,1,83,43,"Gold Coast","2022",14
28,"Witts, Jarrod",7,0,5,12,0,0,39,1,0,2,6,1,3,0,0,9,2,0,0,2,0,1,85,43,"Gold Coast","2022",14
21,"Berry, Sam",10,2,15,25,0,0,0,7,1,3,12,5,2,0,0,14,9,0,1,3,0,2,66,-43,"Adelaide","2022",14
41,"Butts, Jordon",5,5,7,12,0,0,0,1,3,1,0,0,0,0,0,4,8,0,0,2,0,0,94,-43,"Adelaide","2022",14
5,"Crouch, Matt",10,4,21,31,0,0,0,7,3,1,7,9,1,4,0,12,20,0,0,3,0,0,74,-43,"Adelaide","2022",14
12,"Dawson, Jordan",22,6,10,32,1,0,0,2,10,3,0,5,0,0,0,6,21,0,1,6,2,1,91,-43,"Adelaide","2022",14
39,"Doedee, Tom",12,7,5,17,0,0,0,3,3,1,1,5,3,3,0,3,16,0,0,7,0,0,89,-43,"Adelaide","2022",14
32,"Fogarty, Darcy",9,5,2,11,2,0,1,1,0,4,0,4,0,2,0,5,7,2,1,1,0,0,88,-43,"Adelaide","2022",14
17,"Hamill, Will",3,0,2,5,1,0,0,1,0,1,1,1,1,0,0,3,4,0,0,0,0,0,77,-43,"Adelaide","2022",14
6,"Hately, Jackson",9,2,16,25,0,0,0,4,2,4,2,6,3,0,0,7,19,0,0,3,0,1,79,-43,"Adelaide","2022",14
2,"Keays, Ben",13,2,14,27,0,0,0,2,2,2,4,7,0,2,0,12,13,1,0,1,0,0,80,-43,"Adelaide","2022",14
29,"Laird, Rory",12,4,30,42,0,1,0,6,2,2,5,8,0,3,2,11,29,0,0,1,1,0,79,-43,"Adelaide","2022",14
23,"McAdam, Shane",8,7,4,12,1,1,0,6,0,1,0,2,1,1,0,3,9,2,2,0,1,1,75,-43,"Adelaide","2022",14
25,"McHenry, Ned",6,1,8,14,0,0,0,4,2,2,1,3,4,0,0,6,8,0,0,0,0,0,78,-43,"Adelaide","2022",14
30,"Milera, Wayne",6,3,13,19,0,1,0,2,1,2,0,2,0,2,0,5,14,0,0,2,0,1,89,-43,"Adelaide","2022",14
0,"Murphy, Lachlan",6,3,2,8,1,0,0,1,0,0,1,2,0,0,0,3,4,0,2,0,0,0,30,-43,"Adelaide","2022",14
28,"Murray, Nick",2,1,2,4,0,0,0,1,1,0,0,2,0,2,0,1,3,0,0,7,0,0,97,-43,"Adelaide","2022",14
43,"OBrien, Reilly",7,2,8,15,0,0,33,4,1,2,2,2,1,2,0,5,8,0,0,3,0,0,93,-43,"Adelaide","2022",14
37,"Parnell, Patrick",11,10,3,14,0,1,0,2,2,1,0,1,0,1,0,1,13,0,1,1,1,1,74,-43,"Adelaide","2022",14
8,"Rachele, Josh",4,1,6,10,1,0,0,0,0,1,1,3,0,2,0,5,5,0,0,1,0,0,71,-43,"Adelaide","2022",14
31,"Rowe, James",12,7,12,24,1,2,0,1,1,5,1,3,1,1,0,8,16,0,2,1,0,0,83,-43,"Adelaide","2022",14
33,"Smith, Brodie",14,2,6,20,0,0,0,2,4,2,0,3,1,1,0,5,13,0,0,2,0,0,84,-43,"Adelaide","2022",14
14,"Soligo, Jake",14,5,6,20,0,0,0,3,5,2,2,5,0,1,0,9,12,1,0,0,0,0,78,-43,"Adelaide","2022",14
0,"Thilthorpe, Riley",4,3,1,5,1,0,2,1,0,0,0,0,0,0,0,2,2,1,1,1,0,0,40,-43,"Adelaide","2022",14
13,"Walker, Taylor",12,8,2,14,1,3,3,5,0,4,0,4,4,2,0,10,7,2,3,2,0,1,91,-43,"Adelaide","2022",14
