"Number","Player","Kicks","Marks","Handballs","Disposals","Goals","Behinds","Hitouts","Tackles","Rebounds50s","Inside50s","Clearances","Clangers","FreesFor","FreesAgainst","BrownlowVotes","ContestedPossessions","UncontestedPossessions","ContestedMarks","MarksInside50","OnePercenters","Bounces","GoalAssists","PercentagePlayed","PointDifference","Team","Season","Round"
0,"Atkins, Tom",8,3,9,17,0,0,0,5,1,3,3,3,0,0,0,4,13,0,0,0,0,1,53,85,"Geelong","2022",23
24,"Bews, Jed",8,4,5,13,0,1,0,0,2,1,1,1,0,0,0,2,10,1,1,1,0,1,87,85,"Geelong","2022",23
46,"Blicavs, Mark",7,5,18,25,0,0,16,4,0,1,3,3,2,2,3,11,15,0,1,1,0,0,82,85,"Geelong","2022",23
15,"Ceglar, Jonathon",10,2,14,24,0,0,29,1,2,2,11,4,0,1,0,15,9,0,0,5,0,0,69,85,"Geelong","2022",23
45,"Close, Brad",11,6,11,22,1,0,0,3,1,4,3,2,1,0,0,9,15,0,1,2,1,0,90,85,"Geelong","2022",23
35,"Dangerfield, Patrick",14,5,8,22,0,1,0,1,0,11,1,6,0,1,0,11,12,0,1,2,0,0,81,85,"Geelong","2022",23
16,"De Koning, Sam",5,3,6,11,0,0,0,0,0,1,0,1,1,0,0,3,8,1,0,1,0,0,100,85,"Geelong","2022",23
29,"Guthrie, Cameron",6,0,3,9,2,0,0,1,0,1,3,0,0,0,0,2,5,0,0,0,0,0,27,85,"Geelong","2022",23
39,"Guthrie, Zach",5,5,6,11,0,0,0,1,1,1,0,2,1,1,0,5,7,1,0,5,0,0,88,85,"Geelong","2022",23
26,"Hawkins, Tom",13,9,4,17,4,3,3,2,0,3,0,2,1,2,0,9,9,1,6,2,0,0,95,85,"Geelong","2022",23
38,"Henry, Jack",7,6,5,12,1,0,0,0,0,2,0,2,0,1,0,4,7,0,2,0,0,3,98,85,"Geelong","2022",23
9,"Holmes, Max",13,7,8,21,0,0,0,2,0,6,2,1,0,1,0,7,14,0,1,1,0,2,86,85,"Geelong","2022",23
0,"Kolodjashnij, Jake",1,0,2,3,0,0,0,0,0,0,0,0,1,0,0,1,2,0,0,2,0,0,18,85,"Geelong","2022",23
32,"Miers, Gryan",8,2,8,16,1,0,0,3,0,2,0,3,1,0,0,3,13,0,0,0,0,3,85,85,"Geelong","2022",23
42,"OConnor, Mark",8,3,5,13,0,0,0,1,2,1,0,1,1,0,0,4,9,0,0,1,0,0,90,85,"Geelong","2022",23
3,"Parfitt, Brandan",15,3,13,28,0,0,0,3,0,1,7,6,0,1,0,12,12,0,0,0,0,1,71,85,"Geelong","2022",23
17,"Ratugolea, Esava",6,3,1,7,0,0,0,1,1,0,0,1,0,1,0,2,4,1,0,6,0,0,88,85,"Geelong","2022",23
23,"Rohan, Gary",7,5,4,11,2,0,0,1,0,2,0,2,0,1,0,1,11,0,0,2,0,0,69,85,"Geelong","2022",23
14,"Selwood, Joel",12,6,16,28,2,0,0,1,2,1,5,3,1,2,2,10,19,0,2,1,0,0,70,85,"Geelong","2022",23
7,"Smith, Isaac",18,8,5,23,1,4,0,0,1,10,0,1,0,0,0,1,20,0,0,2,2,2,87,85,"Geelong","2022",23
18,"Stengle, Tyson",10,4,8,18,4,2,0,2,1,2,2,3,1,0,1,7,11,0,2,0,1,0,90,85,"Geelong","2022",23
44,"Stewart, Tom",16,6,6,22,0,0,0,2,3,3,0,2,1,1,0,8,15,0,0,4,0,0,91,85,"Geelong","2022",23
2,"Tuohy, Zach",18,7,6,24,1,2,0,0,3,4,1,3,0,0,0,3,20,0,1,1,0,0,87,85,"Geelong","2022",23
37,"Barrass, Tom",13,6,5,18,0,0,0,1,7,0,1,3,4,0,0,7,11,1,0,8,0,0,97,-85,"West Coast","2022",23
33,"Bazzo, Rhett",13,9,2,15,0,0,0,0,4,3,0,1,0,0,0,3,12,1,0,1,0,0,82,-85,"West Coast","2022",23
0,"Clark, Greg",0,0,5,5,0,0,0,0,1,0,0,0,0,0,0,1,4,0,0,0,0,0,19,-85,"West Coast","2022",23
15,"Cripps, Jamie",12,6,1,13,3,0,0,5,0,3,1,2,2,0,0,4,8,0,3,0,0,1,87,-85,"West Coast","2022",23
49,"Culley, Jai",7,1,5,12,0,0,0,10,0,4,3,2,0,1,0,4,6,0,0,0,0,0,73,-85,"West Coast","2022",23
27,"Darling, Jack",6,5,3,9,2,0,0,2,0,0,0,1,1,0,0,4,5,2,1,1,0,0,100,-85,"West Coast","2022",23
41,"Dixon, Hugh",2,2,2,4,0,0,2,2,0,1,0,0,0,0,0,1,3,0,0,3,0,0,76,-85,"West Coast","2022",23
14,"Duggan, Liam",18,11,6,24,0,0,0,3,6,0,1,3,0,1,0,3,21,1,0,3,1,0,84,-85,"West Coast","2022",23
42,"Edwards, Harry",8,6,3,11,0,0,0,1,0,0,0,1,1,0,0,6,6,2,0,4,0,0,82,-85,"West Coast","2022",23
29,"Foley, Luke",5,4,3,8,0,0,0,1,3,0,2,1,0,0,0,3,5,0,0,0,0,0,83,-85,"West Coast","2022",23
25,"Hurn, Shannon",23,10,9,32,0,0,0,1,2,1,1,2,0,1,0,6,15,0,0,2,0,1,84,-85,"West Coast","2022",23
31,"Jones, Jamaine",23,5,5,28,0,0,0,1,10,2,1,5,0,1,0,6,18,0,0,1,0,0,81,-85,"West Coast","2022",23
11,"Kelly, Tim",10,3,18,28,1,0,0,3,2,4,2,0,2,0,0,13,15,0,1,1,0,0,84,-85,"West Coast","2022",23
7,"Langdon, Zac",7,7,6,13,0,0,0,4,0,0,0,3,1,1,0,1,12,0,0,0,0,0,86,-85,"West Coast","2022",23
30,"Nelson, Jackson",4,2,8,12,0,0,0,4,0,0,3,2,0,1,0,5,7,0,0,1,0,0,76,-85,"West Coast","2022",23
24,"ONeill, Xavier",7,3,4,11,0,0,0,4,1,0,1,2,0,0,0,2,9,0,0,1,0,0,73,-85,"West Coast","2022",23
10,"Petrevski-Seton, Sam",10,7,6,16,0,0,0,0,1,0,1,1,0,1,0,3,12,0,0,3,0,0,78,-85,"West Coast","2022",23
8,"Redden, Jack",15,8,10,25,0,1,0,2,2,3,1,2,0,0,0,3,20,0,1,2,0,3,79,-85,"West Coast","2022",23
0,"Rioli, Willie",2,1,1,3,0,0,0,1,0,1,0,2,0,2,0,1,2,0,0,1,1,0,66,-85,"West Coast","2022",23
35,"Rotham, Josh",5,2,0,5,0,0,0,2,1,1,0,3,0,3,0,0,5,0,0,1,0,1,81,-85,"West Coast","2022",23
1,"Ryan, Liam",9,8,4,13,1,1,0,2,0,0,0,0,0,0,0,7,7,3,2,0,0,0,80,-85,"West Coast","2022",23
13,"Shuey, Luke",12,4,8,20,0,0,0,8,0,1,6,3,2,0,0,8,14,0,0,2,0,0,67,-85,"West Coast","2022",23
32,"Williams, Bailey",8,6,17,25,0,0,16,3,2,3,5,2,2,0,0,17,10,2,1,4,0,1,80,-85,"West Coast","2022",23
