"Number","Player","Kicks","Marks","Handballs","Disposals","Goals","Behinds","Hitouts","Tackles","Rebounds50s","Inside50s","Clearances","Clangers","FreesFor","FreesAgainst","BrownlowVotes","ContestedPossessions","UncontestedPossessions","ContestedMarks","MarksInside50","OnePercenters","Bounces","GoalAssists","PercentagePlayed","PointDifference","Team","Season","Round"
7,"Ash, Lachie",16,5,5,21,0,1,0,5,0,7,2,2,1,1,0,10,10,0,1,2,0,1,81,22,"Greater Western Sydney","2022",16
46,"Brown, Callum",10,4,3,13,4,1,0,6,0,3,1,3,2,1,3,7,6,2,1,1,0,0,69,22,"Greater Western Sydney","2022",16
5,"Bruhn, Tanner",4,1,3,7,1,0,0,3,1,0,0,2,1,1,0,7,2,0,1,3,0,0,69,22,"Greater Western Sydney","2022",16
3,"Coniglio, Stephen",24,0,7,31,0,0,0,8,0,7,5,5,0,0,0,13,16,0,0,1,0,1,83,22,"Greater Western Sydney","2022",16
13,"Cumming, Isaac",22,2,7,29,0,0,0,2,5,3,2,2,0,0,0,11,11,1,0,4,0,0,91,22,"Greater Western Sydney","2022",16
1,"Davis, Phil",6,4,6,12,0,0,0,1,1,1,0,2,1,0,0,5,7,0,0,6,0,0,78,22,"Greater Western Sydney","2022",16
30,"Flynn, Matt",9,1,6,15,0,0,46,3,1,4,3,2,3,1,0,11,3,1,0,2,0,0,78,22,"Greater Western Sydney","2022",16
4,"Greene, Toby",11,3,2,13,0,0,0,3,0,3,2,2,3,1,0,8,5,2,1,2,0,0,92,22,"Greater Western Sydney","2022",16
12,"Green, Tom",8,1,15,23,0,0,0,6,3,3,5,3,0,0,0,14,8,0,0,2,0,0,86,22,"Greater Western Sydney","2022",16
19,"Haynes, Nick",9,2,4,13,0,0,0,0,0,5,1,5,1,0,0,5,7,0,2,1,0,1,81,22,"Greater Western Sydney","2022",16
27,"Himmelberg, Harry",14,3,4,18,0,0,0,4,8,2,0,4,0,3,0,6,9,1,0,5,1,1,88,22,"Greater Western Sydney","2022",16
23,"Hogan, Jesse",12,8,10,22,2,2,6,3,0,4,0,3,1,1,0,8,11,2,2,2,0,1,82,22,"Greater Western Sydney","2022",16
39,"Idun, Connor",6,1,3,9,0,0,0,4,3,0,1,4,1,0,0,7,4,0,0,10,0,0,90,22,"Greater Western Sydney","2022",16
22,"Kelly, Josh",15,2,15,30,0,0,0,10,2,5,5,4,3,0,0,16,12,0,0,1,0,1,83,22,"Greater Western Sydney","2022",16
40,"Kennedy, Adam",10,0,2,12,0,0,0,3,2,2,3,3,0,0,0,3,7,0,0,6,0,0,75,22,"Greater Western Sydney","2022",16
38,"Lloyd, Daniel",7,0,4,11,1,0,0,3,1,0,0,3,0,0,0,6,3,0,0,1,0,0,85,22,"Greater Western Sydney","2022",16
33,"OHalloran, Xavier",5,0,2,7,0,0,0,4,0,1,2,4,0,1,0,2,4,0,0,0,0,0,79,22,"Greater Western Sydney","2022",16
28,"Sproule, Zach",0,0,0,0,0,0,0,0,0,0,0,0,0,0,0,0,0,0,0,0,0,0,0,22,"Greater Western Sydney","2022",16
14,"Taranto, Tim",24,1,6,30,0,0,0,10,7,4,3,4,1,1,2,10,13,0,0,0,0,1,87,22,"Greater Western Sydney","2022",16
15,"Taylor, Sam",9,2,11,20,0,0,0,6,8,0,0,4,1,1,0,14,8,0,0,14,0,0,96,22,"Greater Western Sydney","2022",16
8,"Ward, Callan",14,3,8,22,1,0,0,2,4,4,5,5,1,2,0,10,13,0,0,0,0,0,74,22,"Greater Western Sydney","2022",16
10,"Wehr, Jacob",12,1,3,15,2,0,0,3,2,1,2,4,1,1,0,9,4,0,0,2,0,0,73,22,"Greater Western Sydney","2022",16
6,"Whitfield, Lachie",16,7,16,32,0,0,0,4,3,4,2,8,3,2,0,9,22,0,0,3,0,0,81,22,"Greater Western Sydney","2022",16
36,"Blanck, James",4,0,2,6,0,0,0,1,1,0,0,0,0,0,0,5,2,0,0,9,0,0,85,-22,"Hawthorn","2022",16
16,"Bramble, Lachlan",13,3,4,17,0,0,0,4,3,1,1,3,0,1,0,7,9,0,0,3,0,0,83,-22,"Hawthorn","2022",16
22,"Breust, Luke",9,0,5,14,1,0,0,3,0,3,1,5,2,1,0,7,6,0,0,3,0,0,76,-22,"Hawthorn","2022",16
30,"Butler, Sam",6,2,0,6,0,1,0,2,0,3,0,1,0,0,0,2,4,1,0,2,0,0,73,-22,"Hawthorn","2022",16
12,"Day, Will",10,1,6,16,1,0,0,4,1,1,1,4,0,1,0,5,6,0,0,6,0,0,87,-22,"Hawthorn","2022",16
19,"Gunston, Jack",6,1,1,7,0,1,0,4,0,1,0,2,0,0,0,2,4,0,1,1,0,0,78,-22,"Hawthorn","2022",16
15,"Hardwick, Blake",8,1,2,10,0,0,0,3,3,3,1,1,1,0,0,3,4,0,0,9,0,0,86,-22,"Hawthorn","2022",16
4,"Impey, Jarman",7,1,4,11,0,0,0,3,0,2,1,2,1,1,0,8,3,0,0,1,0,1,82,-22,"Hawthorn","2022",16
9,"Jiath, Changkuoth",13,3,3,16,0,0,0,2,3,4,1,2,2,0,0,7,6,1,0,4,0,0,80,-22,"Hawthorn","2022",16
23,"Koschitzke, Jacob",9,0,1,10,1,0,2,8,1,2,1,7,2,2,0,4,2,0,0,3,0,0,74,-22,"Hawthorn","2022",16
2,"Lewis, Mitch",4,2,7,11,0,1,0,2,0,0,0,4,1,2,0,8,2,1,1,4,0,0,92,-22,"Hawthorn","2022",16
31,"Macdonald, Connor",12,4,3,15,1,0,0,3,1,3,1,4,0,1,0,5,10,0,1,0,0,0,82,-22,"Hawthorn","2022",16
3,"Mitchell, Tom",18,2,17,35,0,1,0,7,5,4,5,4,2,2,1,18,17,0,1,2,0,0,79,-22,"Hawthorn","2022",16
13,"Moore, Dylan",9,2,7,16,1,0,0,7,2,3,1,2,2,0,0,10,5,0,1,2,0,0,88,-22,"Hawthorn","2022",16
1,"Morrison, Harry",22,4,3,25,1,0,0,6,2,7,4,5,0,2,0,10,12,0,0,1,0,0,81,-22,"Hawthorn","2022",16
11,"Nash, Conor",11,0,6,17,0,0,0,8,1,3,4,8,0,0,0,8,4,0,0,0,0,0,76,-22,"Hawthorn","2022",16
44,"Newcombe, Jai",14,2,8,22,0,1,0,5,4,6,2,5,1,2,0,13,10,0,0,2,0,0,77,-22,"Hawthorn","2022",16
10,"OMeara, Jaeger",15,2,11,26,0,0,0,7,3,5,7,6,0,2,0,12,10,0,0,1,0,1,84,-22,"Hawthorn","2022",16
37,"Reeves, Ned",11,0,2,13,0,0,39,4,2,2,5,6,1,3,0,9,0,0,0,9,0,0,78,-22,"Hawthorn","2022",16
14,"Scrimshaw, Jack",14,4,4,18,0,0,0,1,4,3,0,3,0,1,0,6,10,1,0,6,0,0,84,-22,"Hawthorn","2022",16
0,"Shiels, Liam",8,1,5,13,1,0,0,6,0,1,4,5,1,0,0,9,4,0,1,1,0,0,63,-22,"Hawthorn","2022",16
6,"Sicily, James",23,1,2,25,0,1,0,3,15,2,0,5,1,3,0,10,10,1,0,14,0,0,100,-22,"Hawthorn","2022",16
0,"Worpel, James",2,0,2,4,0,0,0,0,0,0,2,2,0,0,0,3,2,0,0,0,0,0,11,-22,"Hawthorn","2022",16
