"Number","Player","Kicks","Marks","Handballs","Disposals","Goals","Behinds","Hitouts","Tackles","Rebounds50s","Inside50s","Clearances","Clangers","FreesFor","FreesAgainst","BrownlowVotes","ContestedPossessions","UncontestedPossessions","ContestedMarks","MarksInside50","OnePercenters","Bounces","GoalAssists","PercentagePlayed","PointDifference","Team","Season","Round"
22,"Blakey, Nick",19,2,12,31,0,0,0,2,5,5,0,2,2,0,0,8,18,0,0,4,1,2,74,51,"Sydney","2022",15
16,"Campbell, Braeden",3,3,6,9,0,0,0,1,0,3,0,0,0,0,0,4,7,0,0,2,0,0,72,51,"Sydney","2022",15
4,"Clarke, Ryan",5,2,5,10,2,0,0,1,0,1,0,2,0,2,0,3,7,1,2,0,0,0,81,51,"Sydney","2022",15
13,"Florent, Oliver",15,12,12,27,1,0,0,1,2,4,0,2,0,0,0,3,23,0,0,0,1,0,87,51,"Sydney","2022",15
42,"Fox, Robbie",14,6,8,22,0,0,0,4,2,2,2,2,2,0,0,7,15,0,0,7,0,0,87,51,"Sydney","2022",15
23,"Franklin, Lance",13,5,0,13,1,1,0,2,0,5,0,5,3,0,0,9,5,2,1,3,0,1,88,51,"Sydney","2022",15
21,"Gulden, Errol",10,4,10,20,0,0,0,1,1,4,3,2,2,1,0,6,15,0,0,1,1,1,81,51,"Sydney","2022",15
9,"Hayward, Will",4,1,3,7,1,1,0,1,0,2,1,1,0,1,0,4,4,0,1,2,0,1,83,51,"Sydney","2022",15
5,"Heeney, Isaac",6,4,5,11,3,0,0,3,0,1,0,1,1,0,0,0,10,0,3,0,0,0,89,51,"Sydney","2022",15
31,"Hickey, Tom",10,6,12,22,1,0,17,0,3,1,7,2,1,2,0,15,10,1,1,7,0,0,76,51,"Sydney","2022",15
44,"Lloyd, Jake",23,9,16,39,0,0,0,3,5,2,1,2,1,0,1,10,24,0,0,2,0,0,86,51,"Sydney","2022",15
39,"McCartin, Paddy",12,8,1,13,0,0,0,0,4,1,0,3,1,0,0,2,11,1,0,4,0,0,84,51,"Sydney","2022",15
30,"McCartin, Tom",8,6,7,15,0,0,0,0,2,0,0,2,2,2,2,8,8,1,0,7,0,0,88,51,"Sydney","2022",15
6,"McDonald, Logan",3,2,4,7,0,2,0,1,0,0,0,2,2,0,0,5,3,0,1,0,0,0,72,51,"Sydney","2022",15
14,"Mills, Callum",10,5,13,23,0,0,0,6,2,2,2,4,1,0,0,9,14,0,0,0,0,1,87,51,"Sydney","2022",15
11,"Papley, Tom",11,5,8,19,2,1,0,4,1,4,4,4,2,0,3,10,10,0,1,1,2,1,87,51,"Sydney","2022",15
26,"Parker, Luke",9,3,10,19,1,1,0,6,0,3,7,3,2,0,0,9,7,0,1,0,0,0,80,51,"Sydney","2022",15
24,"Rampe, Dane",13,5,3,16,0,0,0,2,6,1,0,1,2,1,0,4,12,1,0,5,1,0,94,51,"Sydney","2022",15
20,"Reid, Sam",6,7,4,10,0,1,5,5,1,2,0,0,1,0,0,2,8,0,1,4,0,1,75,51,"Sydney","2022",15
8,"Rowbottom, James",10,3,3,13,0,0,0,8,2,4,3,2,1,1,0,7,7,0,0,3,0,0,77,51,"Sydney","2022",15
3,"Stephens, Dylan",16,4,7,23,0,0,0,2,1,4,3,3,0,1,0,8,13,0,0,1,0,0,79,51,"Sydney","2022",15
28,"Taylor, Lewis",0,0,0,0,0,0,0,0,0,0,0,0,0,0,0,0,0,0,0,0,0,0,0,51,"Sydney","2022",15
1,"Warner, Chad",14,6,5,19,0,2,0,3,3,4,0,2,1,1,0,3,16,1,1,1,0,1,73,51,"Sydney","2022",15
26,"Battle, Josh",9,8,5,14,0,0,0,1,4,0,0,2,1,1,0,5,8,1,0,4,0,0,87,-51,"St Kilda","2022",15
15,"Billings, Jack",15,6,6,21,1,0,0,3,3,1,0,2,1,0,0,5,15,1,1,0,0,0,82,-51,"St Kilda","2022",15
16,"Butler, Dan",4,1,1,5,1,1,0,6,0,0,0,1,2,0,0,4,2,0,0,0,0,0,73,-51,"St Kilda","2022",15
13,"Byrnes, Ryan",9,3,8,17,0,0,0,1,4,2,0,4,0,1,0,2,14,0,0,0,0,0,80,-51,"St Kilda","2022",15
11,"Clark, Hunter",9,3,8,17,0,0,0,2,2,1,1,3,1,1,0,8,10,1,0,3,0,0,83,-51,"St Kilda","2022",15
5,"Crouch, Brad",13,5,14,27,0,0,0,4,2,2,5,3,0,1,0,10,16,0,1,1,0,0,79,-51,"St Kilda","2022",15
4,"Gresham, Jade",6,3,12,18,0,0,0,6,0,1,2,3,0,2,0,8,12,0,0,1,0,1,83,-51,"St Kilda","2022",15
20,"Howard, Dougal",8,7,6,14,0,0,0,0,3,1,0,3,0,1,0,3,9,1,0,10,0,0,92,-51,"St Kilda","2022",15
3,"Jones, Zak",9,1,10,19,0,0,0,2,0,4,7,7,1,5,0,12,9,0,0,2,0,0,72,-51,"St Kilda","2022",15
39,"Joyce, Darragh",0,0,0,0,0,0,0,0,0,0,0,0,0,0,0,0,0,0,0,0,0,0,0,-51,"St Kilda","2022",15
12,"King, Max",6,4,2,8,0,1,0,1,0,0,0,5,1,3,0,5,4,3,2,0,0,0,88,-51,"St Kilda","2022",15
21,"Long, Ben",9,4,3,12,0,1,0,2,1,4,0,8,0,2,0,0,12,0,0,1,2,0,67,-51,"St Kilda","2022",15
19,"Marshall, Rowan",16,7,7,23,0,0,42,1,2,6,5,1,2,0,0,12,10,1,0,2,0,0,90,-51,"St Kilda","2022",15
28,"Membrey, Tim",6,7,8,14,1,0,0,0,1,4,0,4,0,2,0,5,9,1,0,1,0,1,92,-51,"St Kilda","2022",15
33,"Paton, Ben",7,1,7,14,0,0,0,3,0,2,0,0,0,0,0,3,8,0,0,0,0,0,75,-51,"St Kilda","2022",15
6,"Ross, Sebastian",16,9,15,31,0,1,0,8,2,2,3,7,1,4,0,8,24,0,0,0,0,0,80,-51,"St Kilda","2022",15
43,"Sharman, Cooper",6,2,0,6,0,0,3,0,0,1,0,2,0,0,0,2,4,0,1,2,0,0,80,-51,"St Kilda","2022",15
35,"Sinclair, Jack",13,4,4,17,0,0,0,3,4,2,4,1,1,0,0,6,9,0,0,1,0,0,89,-51,"St Kilda","2022",15
9,"Steele, Jack",10,5,19,29,0,1,0,10,2,4,8,4,0,0,0,13,16,0,0,2,0,0,89,-51,"St Kilda","2022",15
7,"Wanganeen-Milera, Nasiah",14,2,8,22,0,0,0,3,3,4,1,6,0,0,0,7,15,0,0,1,1,0,64,-51,"St Kilda","2022",15
29,"Webster, Jimmy",12,9,4,16,0,0,0,2,4,0,0,2,1,1,0,3,12,0,0,1,0,0,77,-51,"St Kilda","2022",15
44,"Wilkie, Callum",11,6,5,16,0,0,0,1,3,2,0,4,0,3,0,7,11,2,0,6,0,0,100,-51,"St Kilda","2022",15
17,"Windhager, Marcus",9,6,6,15,1,1,0,2,2,1,0,1,0,0,0,2,13,0,0,0,0,0,79,-51,"St Kilda","2022",15
