"Number","Player","Kicks","Marks","Handballs","Disposals","Goals","Behinds","Hitouts","Tackles","Rebounds50s","Inside50s","Clearances","Clangers","FreesFor","FreesAgainst","BrownlowVotes","ContestedPossessions","UncontestedPossessions","ContestedMarks","MarksInside50","OnePercenters","Bounces","GoalAssists","PercentagePlayed","PointDifference","Team","Season","Round"
24,"Adams, Marcus",2,2,0,2,0,0,0,1,1,0,0,0,0,0,0,0,3,0,0,5,0,0,65,33,"Brisbane Lions","2022",21
0,"Ah Chee, Callum",4,1,2,6,0,0,0,1,0,1,0,0,0,0,0,1,5,0,0,0,0,0,26,33,"Brisbane Lions","2022",21
31,"Andrews, Harris",8,7,3,11,0,0,0,2,2,0,0,2,1,1,0,4,7,2,0,11,0,0,98,33,"Brisbane Lions","2022",21
43,"Answerth, Noah",6,5,3,9,0,0,0,1,0,1,0,2,0,1,0,2,7,0,0,1,0,0,74,33,"Brisbane Lions","2022",21
33,"Bailey, Zac",15,6,4,19,4,1,0,3,0,7,0,3,0,0,2,3,16,0,2,2,0,2,77,33,"Brisbane Lions","2022",21
7,"Berry, Jarrod",13,7,9,22,1,0,0,0,5,2,4,5,0,2,0,10,12,0,1,2,0,0,89,33,"Brisbane Lions","2022",21
23,"Cameron, Charlie",5,4,6,11,2,0,0,5,0,1,0,3,0,1,0,3,7,0,2,1,0,2,83,33,"Brisbane Lions","2022",21
18,"Coleman, Keidean",10,3,4,14,0,0,0,2,1,5,0,1,1,0,0,5,9,0,0,3,0,1,78,33,"Brisbane Lions","2022",21
3,"Daniher, Joe",5,4,2,7,0,0,0,0,0,4,0,2,0,1,0,2,5,1,0,0,0,0,95,33,"Brisbane Lions","2022",21
27,"Gardiner, Darcy",12,8,2,14,0,0,0,0,6,1,0,1,1,1,0,5,10,1,0,5,0,0,94,33,"Brisbane Lions","2022",21
30,"Hipwood, Eric",9,5,4,13,1,2,2,2,0,3,0,2,0,1,0,4,9,2,2,1,0,1,84,33,"Brisbane Lions","2022",21
17,"Lyons, Jarryd",16,4,4,20,0,0,0,4,1,2,6,3,1,1,0,12,8,0,0,1,0,0,78,33,"Brisbane Lions","2022",21
36,"Mathieson, Rhys",13,5,11,24,1,1,0,3,3,2,5,2,3,0,0,11,13,0,1,2,0,1,75,33,"Brisbane Lions","2022",21
11,"McCarthy, Lincoln",9,3,8,17,1,1,0,2,1,5,3,5,1,1,0,6,12,0,1,1,1,1,73,33,"Brisbane Lions","2022",21
6,"McCluggage, Hugh",13,6,15,28,0,1,0,4,0,7,3,5,1,0,0,7,21,0,0,1,2,1,85,33,"Brisbane Lions","2022",21
46,"McInerney, Oscar",11,4,8,19,0,0,37,4,0,6,8,7,0,3,0,16,6,1,1,2,0,0,81,33,"Brisbane Lions","2022",21
25,"McStay, Daniel",9,7,7,16,4,0,5,1,0,3,2,3,0,1,1,9,8,3,3,1,0,1,84,33,"Brisbane Lions","2022",21
9,"Neale, Lachie",16,5,16,32,1,0,0,3,3,3,9,2,4,0,3,20,12,1,0,1,3,0,90,33,"Brisbane Lions","2022",21
16,"Rayner, Cam",10,6,6,16,0,1,0,1,0,4,2,0,0,0,0,2,13,0,0,1,0,2,77,33,"Brisbane Lions","2022",21
10,"Rich, Daniel",14,5,4,18,0,0,0,2,4,3,0,3,0,2,0,2,11,0,0,3,0,1,89,33,"Brisbane Lions","2022",21
0,"Robinson, Mitch",10,4,3,13,1,0,0,0,4,2,1,0,1,0,0,3,10,0,0,1,1,1,41,33,"Brisbane Lions","2022",21
37,"Starcevich, Brandon",10,5,5,15,0,0,0,4,1,2,0,1,1,0,0,5,10,0,0,1,0,0,85,33,"Brisbane Lions","2022",21
15,"Zorko, Dayne",19,7,3,22,1,1,0,1,2,5,4,5,2,1,0,5,16,0,1,1,0,2,80,33,"Brisbane Lions","2022",21
5,"Cerra, Adam",15,5,7,22,0,0,0,5,1,4,4,3,1,1,0,10,14,0,0,2,0,0,84,-33,"Carlton","2022",21
46,"Cottrell, Matthew",13,6,4,17,0,0,0,1,0,5,1,2,0,0,0,5,15,0,0,2,0,1,89,-33,"Carlton","2022",21
9,"Cripps, Patrick",7,1,17,24,1,1,0,7,2,4,7,3,2,1,0,17,7,0,1,0,0,1,90,-33,"Carlton","2022",21
30,"Curnow, Charlie",12,6,0,12,2,0,0,0,0,4,0,1,1,0,0,6,5,1,3,1,0,2,92,-33,"Carlton","2022",21
12,"De Koning, Tom",5,2,1,6,0,0,22,2,0,3,3,1,0,1,0,7,0,2,0,6,0,0,77,-33,"Carlton","2022",21
15,"Docherty, Sam",19,7,9,28,0,0,0,2,9,1,2,4,0,1,0,7,21,0,0,3,2,1,92,-33,"Carlton","2022",21
2,"Dow, Paddy",6,2,7,13,0,1,0,1,0,0,3,2,0,1,0,6,7,0,0,0,0,0,64,-33,"Carlton","2022",21
0,"Durdin, Corey",2,0,1,3,1,0,0,0,0,0,1,0,0,0,0,2,1,0,0,0,0,0,16,-33,"Carlton","2022",21
25,"Fisher, Zac",10,0,6,16,2,2,0,2,0,3,2,1,1,1,0,6,11,0,0,1,0,0,74,-33,"Carlton","2022",21
22,"Marchbank, Caleb",3,4,5,8,0,0,0,0,3,1,0,0,0,0,0,2,6,0,0,3,0,0,77,-33,"Carlton","2022",21
0,"Martin, Jack",8,4,4,12,1,2,0,3,0,0,1,2,0,1,0,3,9,0,2,3,0,0,60,-33,"Carlton","2022",21
11,"McGovern, Mitch",13,10,5,18,0,0,0,2,4,1,0,2,0,0,0,2,12,1,0,2,0,0,80,-33,"Carlton","2022",21
10,"McKay, Harry",8,6,1,9,1,2,1,0,0,3,0,1,1,1,0,4,6,2,2,2,0,0,96,-33,"Carlton","2022",21
3,"Motlop, Jesse",3,1,3,6,2,0,0,1,0,0,0,0,1,0,0,4,2,1,1,0,0,0,63,-33,"Carlton","2022",21
32,"Newnes, Jack",10,3,3,13,1,0,0,2,3,3,1,3,1,3,0,5,8,0,1,1,4,1,80,-33,"Carlton","2022",21
4,"OBrien, Lochie",13,6,5,18,0,0,0,2,4,1,2,2,1,1,0,4,14,0,1,1,0,1,73,-33,"Carlton","2022",21
44,"Owies, Matthew",4,3,4,8,1,1,0,4,0,3,1,1,2,0,0,4,4,0,1,4,0,1,79,-33,"Carlton","2022",21
42,"Saad, Adam",16,1,8,24,0,0,0,2,10,2,2,3,2,0,0,11,8,0,0,5,9,0,84,-33,"Carlton","2022",21
43,"Setterfield, Will",11,7,7,18,0,0,0,1,3,3,1,4,0,0,0,6,13,0,0,2,1,0,81,-33,"Carlton","2022",21
1,"Silvagni, Jack",7,3,2,9,0,0,6,4,0,2,1,3,0,2,0,4,5,1,0,1,0,0,74,-33,"Carlton","2022",21
18,"Walsh, Sam",12,2,15,27,0,0,0,6,6,3,6,4,2,3,0,10,17,0,0,1,3,0,88,-33,"Carlton","2022",21
23,"Weitering, Jacob",14,9,2,16,0,0,0,2,4,0,0,2,1,0,0,8,8,4,0,3,0,0,97,-33,"Carlton","2022",21
33,"Young, Lewis",5,4,7,12,0,0,6,2,3,0,0,3,1,0,0,5,9,0,0,11,0,0,91,-33,"Carlton","2022",21
