"Number","Player","Kicks","Marks","Handballs","Disposals","Goals","Behinds","Hitouts","Tackles","Rebounds50s","Inside50s","Clearances","Clangers","FreesFor","FreesAgainst","BrownlowVotes","ContestedPossessions","UncontestedPossessions","ContestedMarks","MarksInside50","OnePercenters","Bounces","GoalAssists","PercentagePlayed","PointDifference","Team","Season","Round"
9,"Acres, Blake",10,3,9,19,0,0,0,0,1,3,3,3,0,0,0,5,15,0,0,0,0,0,79,-17,"Fremantle","2022",18
11,"Aish, James",5,1,7,12,0,0,0,2,1,2,1,0,1,0,0,3,10,0,0,1,0,0,81,-17,"Fremantle","2022",18
41,"Banfield, Bailey",8,5,6,14,2,0,0,3,0,3,0,1,2,0,0,8,9,0,1,1,0,0,72,-17,"Fremantle","2022",18
8,"Brayshaw, Andrew",7,5,13,20,0,0,0,4,1,4,1,0,0,0,0,6,14,0,0,3,0,0,83,-17,"Fremantle","2022",18
17,"Brodie, Will",13,3,11,24,0,0,0,5,1,5,4,1,1,0,0,8,17,0,0,1,0,0,71,-17,"Fremantle","2022",18
27,"Chapman, Heath",11,7,8,19,0,0,0,4,2,2,1,2,1,1,0,9,11,2,0,1,0,1,77,-17,"Fremantle","2022",18
6,"Clark, Jordan",7,1,10,17,0,0,0,1,5,1,2,1,1,0,0,5,11,0,0,5,0,0,89,-17,"Fremantle","2022",18
33,"Colyer, Travis",14,3,4,18,0,1,0,1,1,2,3,2,2,1,0,7,12,0,0,2,1,0,72,-17,"Fremantle","2022",18
36,"Cox, Brennan",9,8,6,15,0,0,0,0,5,2,0,0,0,0,0,9,6,3,0,4,0,0,77,-17,"Fremantle","2022",18
4,"Darcy, Sean",4,1,4,8,0,0,41,3,3,2,3,0,2,0,0,4,4,0,0,3,0,0,80,-17,"Fremantle","2022",18
32,"Frederick, Michael",4,1,5,9,0,0,0,5,0,2,0,1,0,1,0,3,6,0,1,0,0,0,85,-17,"Fremantle","2022",18
7,"Fyfe, Nat",1,0,14,15,0,0,0,5,0,0,2,4,1,4,0,8,7,0,0,1,1,2,82,-17,"Fremantle","2022",18
15,"Hughes, Ethan",0,0,0,0,0,0,0,0,0,0,0,0,0,0,0,0,0,0,0,0,0,0,0,-17,"Fremantle","2022",18
37,"Lobb, Rory",9,5,4,13,1,4,7,1,0,3,0,1,0,0,0,4,8,1,3,3,0,1,100,-17,"Fremantle","2022",18
2,"Logue, Griffin",2,2,4,6,0,0,0,0,1,0,0,0,0,0,0,2,4,0,0,6,0,0,93,-17,"Fremantle","2022",18
16,"Mundy, David",9,4,12,21,1,0,0,2,2,2,5,1,1,1,0,10,12,0,1,1,0,0,69,-17,"Fremantle","2022",18
13,"Ryan, Luke",22,5,2,24,0,0,0,4,9,1,1,2,3,1,0,7,10,1,0,4,0,0,94,-17,"Fremantle","2022",18
5,"Schultz, Lachie",5,0,4,9,2,0,0,2,0,1,1,2,0,1,0,4,7,0,0,3,0,2,85,-17,"Fremantle","2022",18
3,"Serong, Caleb",11,3,9,20,0,0,0,3,0,4,4,3,1,0,0,8,12,0,0,0,0,0,78,-17,"Fremantle","2022",18
20,"Taberner, Matthew",11,6,2,13,2,2,0,0,0,1,0,0,1,0,0,5,8,1,2,3,0,0,79,-17,"Fremantle","2022",18
31,"Walker, Brandon",9,5,6,15,0,0,0,1,4,0,0,7,0,3,0,3,12,0,0,1,0,0,91,-17,"Fremantle","2022",18
10,"Walters, Michael",11,2,5,16,1,1,0,4,2,2,4,2,2,1,0,7,7,0,0,1,0,1,86,-17,"Fremantle","2022",18
26,"Young, Hayden",14,9,9,23,0,0,0,2,5,2,0,4,0,2,0,6,14,1,0,1,0,0,80,-17,"Fremantle","2022",18
36,"Amartey, Joel",4,2,1,5,2,0,0,2,0,1,0,3,0,1,0,0,5,0,1,1,0,0,54,17,"Sydney","2022",18
22,"Blakey, Nick",9,3,4,13,0,0,0,3,1,0,1,2,0,1,0,3,5,0,0,3,0,0,75,17,"Sydney","2022",18
4,"Clarke, Ryan",4,4,8,12,0,1,0,4,0,2,1,1,1,1,0,4,10,0,0,1,0,0,89,17,"Sydney","2022",18
7,"Cunningham, Harry",0,0,0,0,0,0,0,0,0,0,0,0,0,0,0,0,0,0,0,0,0,0,0,17,"Sydney","2022",18
13,"Florent, Oliver",18,11,3,21,0,1,0,3,6,4,1,2,0,1,0,4,17,0,0,1,2,0,88,17,"Sydney","2022",18
42,"Fox, Robbie",18,13,6,24,0,0,0,1,2,0,1,1,1,0,0,7,18,1,0,8,0,0,80,17,"Sydney","2022",18
23,"Franklin, Lance",5,2,2,7,1,0,0,2,0,1,0,2,0,0,0,5,2,2,1,0,0,0,89,17,"Sydney","2022",18
21,"Gulden, Errol",18,8,5,23,2,1,0,3,1,5,1,2,0,1,1,7,16,1,1,0,0,1,81,17,"Sydney","2022",18
9,"Hayward, Will",12,7,5,17,1,1,0,1,0,4,1,2,3,1,0,9,8,2,2,1,0,1,77,17,"Sydney","2022",18
5,"Heeney, Isaac",10,5,8,18,1,2,0,5,0,3,2,2,1,0,0,7,10,1,2,2,0,3,86,17,"Sydney","2022",18
31,"Hickey, Tom",4,2,5,9,0,1,15,1,0,1,1,2,0,1,0,6,3,1,0,4,0,0,71,17,"Sydney","2022",18
44,"Lloyd, Jake",22,13,3,25,0,0,0,3,3,1,0,1,1,1,0,2,20,0,0,0,1,0,80,17,"Sydney","2022",18
39,"McCartin, Paddy",10,4,1,11,0,0,0,2,1,4,0,1,1,1,0,4,6,1,0,5,0,0,76,17,"Sydney","2022",18
30,"McCartin, Tom",9,5,7,16,0,0,0,0,3,0,1,1,0,0,0,9,8,0,0,9,0,0,96,17,"Sydney","2022",18
27,"McInerney, Justin",12,6,4,16,0,0,0,1,1,5,0,1,0,0,0,4,12,1,0,1,0,0,84,17,"Sydney","2022",18
14,"Mills, Callum",16,9,10,26,0,1,0,9,1,4,3,2,0,0,2,6,19,0,2,1,0,1,86,17,"Sydney","2022",18
11,"Papley, Tom",14,4,3,17,2,2,0,1,0,2,3,1,2,1,0,8,7,0,2,2,0,1,80,17,"Sydney","2022",18
26,"Parker, Luke",15,11,9,24,0,2,0,1,0,5,4,4,1,2,0,10,14,1,0,1,0,0,87,17,"Sydney","2022",18
24,"Rampe, Dane",14,11,4,18,0,0,0,5,7,1,0,2,1,0,0,3,14,0,0,6,0,0,96,17,"Sydney","2022",18
20,"Reid, Sam",3,4,6,9,0,1,4,1,0,1,0,3,1,2,0,3,6,0,1,3,0,0,89,17,"Sydney","2022",18
8,"Rowbottom, James",9,4,3,12,0,0,0,7,1,1,2,3,1,1,0,4,8,0,0,0,0,1,78,17,"Sydney","2022",18
3,"Stephens, Dylan",10,4,3,13,1,0,0,4,1,3,0,4,1,2,0,3,9,0,0,1,0,0,78,17,"Sydney","2022",18
1,"Warner, Chad",24,6,11,35,1,1,0,3,6,6,7,5,2,2,3,15,20,0,0,0,1,2,81,17,"Sydney","2022",18
