"Number","Player","Kicks","Marks","Handballs","Disposals","Goals","Behinds","Hitouts","Tackles","Rebounds50s","Inside50s","Clearances","Clangers","FreesFor","FreesAgainst","BrownlowVotes","ContestedPossessions","UncontestedPossessions","ContestedMarks","MarksInside50","OnePercenters","Bounces","GoalAssists","PercentagePlayed","PointDifference","Team","Season","Round"
9,"Ainsworth, Ben",10,6,2,12,1,1,0,4,0,3,0,2,0,0,0,1,11,0,2,0,0,2,83,3,"Gold Coast","2022",20
15,"Anderson, Noah",16,4,13,29,1,0,0,0,1,3,6,6,2,3,1,11,19,0,0,0,0,3,83,3,"Gold Coast","2022",20
31,"Andrew, Mac",5,3,4,9,0,0,0,0,1,0,0,1,0,0,0,3,6,0,0,2,0,0,77,3,"Gold Coast","2022",20
2,"Atkins, Rory",12,1,5,17,0,0,0,0,5,6,0,1,1,0,0,5,10,0,0,0,2,0,75,3,"Gold Coast","2022",20
30,"Casboult, Levi",3,2,3,6,1,2,1,2,0,1,1,2,1,1,0,4,2,0,1,2,0,0,84,3,"Gold Coast","2022",20
1,"Chol, Mabior",6,5,1,7,5,0,1,1,0,1,0,0,1,0,0,7,2,3,4,2,0,0,86,3,"Gold Coast","2022",20
25,"Collins, Sam",7,6,4,11,0,0,0,2,1,0,0,0,1,0,0,7,5,1,0,9,0,0,100,3,"Gold Coast","2022",20
50,"Farrar, Jy",6,3,2,8,0,0,0,1,0,1,0,1,0,0,0,1,7,1,0,3,1,0,83,3,"Gold Coast","2022",20
46,"Graham, Caleb",4,4,2,6,0,0,0,0,2,1,0,2,0,1,0,1,5,1,0,6,0,0,100,3,"Gold Coast","2022",20
36,"Hollands, Elijah",6,1,8,14,0,0,0,4,0,3,3,3,2,2,0,7,7,0,0,1,0,1,75,3,"Gold Coast","2022",20
7,"Holman, Nick",3,1,4,7,1,1,0,8,0,2,0,1,1,1,0,6,3,0,0,1,2,1,81,3,"Gold Coast","2022",20
23,"Lemmens, Sean",8,3,4,12,0,0,0,6,0,0,0,2,1,0,0,5,5,0,0,2,0,0,87,3,"Gold Coast","2022",20
13,"Lukosius, Jack",10,4,3,13,0,2,0,1,4,3,2,3,0,1,0,6,6,1,0,1,0,0,87,3,"Gold Coast","2022",20
44,"Macpherson, Darcy",11,5,5,16,0,1,0,5,0,6,1,3,2,0,0,5,11,0,2,1,0,1,60,3,"Gold Coast","2022",20
17,"Markov, Oleg",8,4,5,13,0,0,0,3,1,2,1,2,1,0,0,4,9,0,0,0,0,1,78,3,"Gold Coast","2022",20
11,"Miller, Touk",16,1,15,31,0,1,0,10,2,8,15,4,3,1,3,21,11,0,0,0,0,3,92,3,"Gold Coast","2022",20
47,"Paul Oea, Hewago",0,0,0,0,0,0,0,0,0,0,0,0,0,0,0,0,0,0,0,0,0,0,0,3,"Gold Coast","2022",20
22,"Rankine, Izak",8,2,4,12,3,1,0,3,0,3,0,3,0,3,0,5,7,0,2,1,0,1,84,3,"Gold Coast","2022",20
41,"Rosas, Malcolm",6,3,3,9,2,0,0,2,0,2,1,5,0,2,0,4,7,0,0,0,0,0,59,3,"Gold Coast","2022",20
18,"Rowell, Matt",11,3,8,19,0,0,0,3,2,4,6,2,0,1,0,14,5,0,0,1,0,0,85,3,"Gold Coast","2022",20
20,"Sharp, Jeremy",14,5,5,19,2,0,0,1,2,5,0,3,0,0,0,3,15,0,1,0,2,0,75,3,"Gold Coast","2022",20
24,"Swallow, David",11,4,11,22,0,0,0,9,2,2,7,3,2,1,0,13,9,1,0,1,0,0,78,3,"Gold Coast","2022",20
28,"Witts, Jarrod",6,4,4,10,0,1,35,1,0,1,2,2,0,0,0,6,4,2,1,1,0,1,88,3,"Gold Coast","2022",20
37,"Barrass, Tom",14,11,5,19,0,0,0,0,6,0,0,2,1,1,0,4,15,3,0,5,0,0,100,-3,"West Coast","2022",20
15,"Cripps, Jamie",7,6,6,13,1,1,0,3,0,1,1,3,0,2,0,4,10,0,3,0,1,1,90,-3,"West Coast","2022",20
0,"Culley, Jai",5,2,5,10,0,0,0,2,0,0,1,3,0,1,0,3,8,0,0,1,0,0,54,-3,"West Coast","2022",20
27,"Darling, Jack",11,8,3,14,6,0,0,3,0,2,0,3,2,1,2,6,7,3,5,0,0,0,100,-3,"West Coast","2022",20
0,"Dixon, Hugh",2,0,1,3,0,0,0,0,0,0,0,0,0,0,0,1,1,0,0,1,0,2,19,-3,"West Coast","2022",20
14,"Duggan, Liam",15,7,7,22,0,0,0,4,3,2,0,2,2,0,0,5,14,0,0,2,2,1,84,-3,"West Coast","2022",20
42,"Edwards, Harry",5,5,1,6,0,0,0,1,1,0,0,2,0,1,0,2,4,2,0,2,0,0,94,-3,"West Coast","2022",20
29,"Foley, Luke",16,7,6,22,0,0,0,1,5,0,2,4,1,1,0,7,13,0,0,1,2,0,93,-3,"West Coast","2022",20
3,"Gaff, Andrew",13,11,10,23,0,0,0,4,3,0,1,5,1,1,0,6,19,1,0,0,0,0,89,-3,"West Coast","2022",20
19,"Hough, Brady",9,3,2,11,0,0,0,1,5,1,0,1,0,0,0,1,8,0,0,1,0,0,73,-3,"West Coast","2022",20
25,"Hurn, Shannon",21,6,5,26,0,0,0,2,5,2,1,0,2,0,0,6,14,1,0,0,1,1,78,-3,"West Coast","2022",20
31,"Jones, Jamaine",10,1,8,18,1,0,0,5,4,0,3,2,3,0,0,9,8,0,0,1,1,0,79,-3,"West Coast","2022",20
11,"Kelly, Tim",14,4,14,28,0,0,0,6,3,8,7,8,0,3,0,11,19,0,0,0,1,3,85,-3,"West Coast","2022",20
9,"Naitanui, Nic",1,2,14,15,0,0,30,3,0,0,3,1,0,1,0,11,5,0,0,5,0,0,72,-3,"West Coast","2022",20
24,"ONeill, Xavier",11,2,6,17,0,0,0,4,3,1,1,5,0,2,0,5,11,0,0,0,0,0,77,-3,"West Coast","2022",20
21,"Petruccelle, Jack",11,6,2,13,3,0,0,3,0,6,1,2,1,0,0,4,9,1,2,0,1,0,66,-3,"West Coast","2022",20
8,"Redden, Jack",15,6,8,23,2,0,0,5,0,1,1,2,2,2,0,8,15,0,1,1,0,0,87,-3,"West Coast","2022",20
44,"Rioli, Willie",6,3,8,14,0,0,0,3,0,3,4,1,0,1,0,5,11,0,0,2,0,1,83,-3,"West Coast","2022",20
1,"Ryan, Liam",11,8,5,16,2,1,0,4,1,6,0,6,1,0,0,7,9,1,2,2,3,2,81,-3,"West Coast","2022",20
13,"Shuey, Luke",9,3,15,24,0,0,0,4,1,4,4,0,1,0,0,9,15,0,0,1,0,3,75,-3,"West Coast","2022",20
2,"Waterman, Jake",5,2,3,8,1,0,0,0,0,1,0,1,0,0,0,4,5,0,2,1,0,0,92,-3,"West Coast","2022",20
36,"West, Connor",7,5,10,17,0,2,0,5,0,2,1,4,0,1,0,3,14,0,1,0,1,0,59,-3,"West Coast","2022",20
32,"Williams, Bailey",4,2,2,6,0,2,11,1,0,0,2,0,0,0,0,3,2,0,1,1,0,0,70,-3,"West Coast","2022",20
