"Number","Player","Kicks","Marks","Handballs","Disposals","Goals","Behinds","Hitouts","Tackles","Rebounds50s","Inside50s","Clearances","Clangers","FreesFor","FreesAgainst","BrownlowVotes","ContestedPossessions","UncontestedPossessions","ContestedMarks","MarksInside50","OnePercenters","Bounces","GoalAssists","PercentagePlayed","PointDifference","Team","Season","Round"
15,"Amon, Karl",22,8,16,38,0,2,0,6,2,5,5,4,0,0,0,12,24,1,0,0,0,0,85,-64,"Port Adelaide","2022",2
10,"Boak, Travis",18,7,21,39,0,1,0,9,0,7,11,2,1,1,3,18,21,1,1,1,0,0,83,-64,"Port Adelaide","2022",2
26,"Bonner, Riley",16,2,9,25,0,0,0,2,2,4,1,5,0,1,0,6,20,0,0,4,1,0,84,-64,"Port Adelaide","2022",2
3,"Burton, Ryan",13,2,6,19,0,1,0,2,7,2,1,1,0,1,0,7,11,0,1,3,0,0,88,-64,"Port Adelaide","2022",2
18,"Butters, Zak",19,5,10,29,0,0,0,11,0,6,5,2,1,0,0,9,18,0,0,0,2,1,88,-64,"Port Adelaide","2022",2
33,"Byrne-Jones, Darcy",5,4,15,20,0,0,0,1,0,1,0,2,0,0,0,2,19,0,0,1,2,0,83,-64,"Port Adelaide","2022",2
28,"Drew, Willem",10,1,13,23,0,1,0,9,2,2,6,1,2,1,0,6,15,0,0,1,0,1,63,-64,"Port Adelaide","2022",2
50,"Duursma, Xavier",8,5,9,17,0,0,0,2,0,0,3,3,2,0,0,7,11,0,0,0,0,0,76,-64,"Port Adelaide","2022",2
11,"Finlayson, Jeremy",4,2,7,11,0,2,4,2,0,0,2,3,0,0,0,7,4,0,2,3,0,1,87,-64,"Port Adelaide","2022",2
19,"Georgiades, Mitch",8,7,5,13,0,3,0,3,0,0,0,5,0,2,0,7,5,4,3,0,0,1,84,-64,"Port Adelaide","2022",2
5,"Houston, Dan",12,5,8,20,1,0,0,0,1,2,0,1,1,1,0,6,14,0,0,2,0,0,74,-64,"Port Adelaide","2022",2
1,"Jonas, Tom",6,3,7,13,0,0,0,0,3,1,0,3,0,2,0,4,9,0,0,7,0,0,97,-64,"Port Adelaide","2022",2
34,"Jones, Lachie",10,3,7,17,0,0,0,2,3,3,0,4,1,1,0,7,11,0,0,7,2,0,85,-64,"Port Adelaide","2022",2
29,"Lycett, Scott",8,5,9,17,1,0,25,2,0,6,7,4,2,0,0,10,6,0,0,3,1,0,75,-64,"Port Adelaide","2022",2
4,"Marshall, Todd",2,2,2,4,0,0,0,2,0,1,0,1,0,0,0,1,3,0,1,4,0,0,84,-64,"Port Adelaide","2022",2
0,"McKenzie, Trent",4,1,3,7,0,0,0,1,0,0,0,1,0,0,0,2,3,1,0,4,0,0,60,-64,"Port Adelaide","2022",2
0,"Mead, Jackson",2,1,4,6,0,0,0,1,0,1,2,0,0,0,0,2,4,0,0,1,0,0,25,-64,"Port Adelaide","2022",2
6,"Motlop, Steven",7,2,4,11,1,0,0,4,0,2,1,1,2,1,0,4,8,0,0,0,0,0,78,-64,"Port Adelaide","2022",2
2,"Powell-Pepper, Sam",10,4,7,17,3,1,0,5,0,4,5,4,0,1,0,9,8,0,0,2,0,0,82,-64,"Port Adelaide","2022",2
20,"Rozee, Connor",7,3,6,13,1,1,0,2,0,2,0,6,3,4,0,4,9,0,1,2,0,0,81,-64,"Port Adelaide","2022",2
8,"Sinn, Josh",5,3,6,11,0,0,0,0,1,2,0,2,0,0,0,2,9,0,0,0,0,0,68,-64,"Port Adelaide","2022",2
31,"Skinner, Sam",3,2,7,10,0,0,0,1,1,1,0,0,0,0,0,5,6,0,0,4,0,0,92,-64,"Port Adelaide","2022",2
16,"Wines, Ollie",22,5,14,36,0,1,0,4,2,6,5,7,0,0,0,10,24,1,0,2,0,0,77,-64,"Port Adelaide","2022",2
22,"Breust, Luke",8,2,3,11,3,0,0,3,0,4,0,0,2,0,0,5,6,0,1,0,0,1,76,64,"Hawthorn","2022",2
8,"Frost, Sam",4,3,9,13,0,0,0,3,3,0,0,2,0,1,0,8,5,1,0,9,0,0,97,64,"Hawthorn","2022",2
24,"Grainger-Barras, Denver",6,4,0,6,0,0,0,3,5,0,0,1,1,1,0,1,4,1,0,7,0,0,85,64,"Hawthorn","2022",2
19,"Gunston, Jack",7,5,5,12,3,0,0,1,1,0,0,1,2,1,0,6,6,1,2,0,0,2,82,64,"Hawthorn","2022",2
15,"Hardwick, Blake",14,2,3,17,0,0,0,3,7,2,0,2,2,0,0,5,7,0,0,4,0,0,78,64,"Hawthorn","2022",2
9,"Jiath, Changkuoth",5,1,6,11,0,0,0,2,0,0,0,2,0,0,0,4,4,0,0,2,1,0,78,64,"Hawthorn","2022",2
2,"Lewis, Mitch",9,7,2,11,5,0,0,1,0,0,0,2,0,0,2,3,7,2,5,3,0,1,91,64,"Hawthorn","2022",2
31,"Macdonald, Connor",9,2,9,18,1,1,0,2,0,5,2,4,0,0,0,6,12,0,1,1,1,0,73,64,"Hawthorn","2022",2
32,"Maginness, Finn",4,3,6,10,0,0,0,3,1,0,0,2,0,1,0,4,5,0,0,3,0,0,92,64,"Hawthorn","2022",2
7,"McEvoy, Ben",4,4,10,14,0,0,16,2,0,2,1,2,1,0,0,7,6,2,0,2,0,0,81,64,"Hawthorn","2022",2
3,"Mitchell, Tom",17,4,11,28,0,1,0,4,3,3,5,5,2,2,1,11,18,0,0,1,0,1,84,64,"Hawthorn","2022",2
13,"Moore, Dylan",7,4,10,17,2,2,0,2,0,2,1,2,0,0,0,8,11,0,2,0,0,1,83,64,"Hawthorn","2022",2
1,"Morrison, Harry",11,4,6,17,0,0,0,2,2,2,2,0,0,0,0,5,11,1,0,0,0,1,86,64,"Hawthorn","2022",2
11,"Nash, Conor",8,2,8,16,1,0,3,0,2,4,3,4,0,2,0,12,5,0,0,3,0,2,79,64,"Hawthorn","2022",2
44,"Newcombe, Jai",8,1,7,15,1,0,0,4,1,2,1,3,1,2,0,5,10,0,0,4,1,1,81,64,"Hawthorn","2022",2
10,"OMeara, Jaeger",11,5,11,22,0,0,0,6,1,6,4,3,0,1,0,11,12,0,0,1,0,3,77,64,"Hawthorn","2022",2
0,"Phillips, Tom",5,2,6,11,0,0,0,4,1,0,1,1,1,0,0,4,9,0,0,0,0,0,51,64,"Hawthorn","2022",2
37,"Reeves, Ned",4,3,2,6,0,0,34,1,1,2,1,3,0,2,0,3,5,0,0,4,0,0,68,64,"Hawthorn","2022",2
14,"Scrimshaw, Jack",17,6,5,22,0,0,0,1,8,1,1,0,1,0,0,5,13,1,0,2,2,0,81,64,"Hawthorn","2022",2
6,"Sicily, James",15,7,5,20,0,0,0,1,8,3,0,2,2,1,0,6,10,2,0,1,0,0,90,64,"Hawthorn","2022",2
25,"Ward, Josh",15,5,5,20,1,1,0,2,0,2,4,5,0,0,0,3,16,0,0,1,0,0,71,64,"Hawthorn","2022",2
0,"Wingard, Chad",2,1,1,3,2,0,0,0,0,0,1,2,1,1,0,4,0,1,1,1,0,0,35,64,"Hawthorn","2022",2
5,"Worpel, James",11,3,11,22,0,0,0,2,4,6,3,1,1,0,0,13,11,0,0,2,1,1,82,64,"Hawthorn","2022",2
