"Number","Player","Kicks","Marks","Handballs","Disposals","Goals","Behinds","Hitouts","Tackles","Rebounds50s","Inside50s","Clearances","Clangers","FreesFor","FreesAgainst","BrownlowVotes","ContestedPossessions","UncontestedPossessions","ContestedMarks","MarksInside50","OnePercenters","Bounces","GoalAssists","PercentagePlayed","PointDifference","Team","Season","Round"
0,"Aarts, Jake",2,0,2,4,0,0,0,2,0,1,0,1,0,1,0,2,1,0,0,1,0,1,29,32,"Richmond","2022",10
7,"Baker, Liam",14,5,16,30,0,0,0,6,3,3,3,3,1,1,2,9,16,1,1,3,0,1,86,32,"Richmond","2022",10
29,"Bolton, Shai",11,2,5,16,2,2,0,3,0,3,1,9,0,4,0,8,8,0,0,1,0,0,86,32,"Richmond","2022",10
35,"Broad, Nathan",10,6,3,13,0,0,0,0,3,0,1,2,0,2,0,4,10,1,0,7,1,0,83,32,"Richmond","2022",10
11,"Castagna, Jason",7,3,12,19,1,0,0,1,1,4,1,4,1,0,0,9,10,1,1,0,0,1,77,32,"Richmond","2022",10
9,"Cotchin, Trent",10,4,15,25,0,0,0,0,2,4,6,3,0,1,0,12,14,0,0,2,0,0,83,32,"Richmond","2022",10
10,"Edwards, Shane",14,7,7,21,1,1,0,1,2,4,0,1,1,0,0,3,17,0,0,0,0,1,80,32,"Richmond","2022",10
28,"Gibcus, Josh",8,3,4,12,0,0,0,3,0,2,0,1,3,0,0,7,6,1,0,2,0,1,87,32,"Richmond","2022",10
2,"Grimes, Dylan",7,5,5,12,0,0,0,2,2,0,0,4,2,2,0,7,6,1,0,7,0,0,84,32,"Richmond","2022",10
0,"Lambert, Kane",4,4,4,8,0,0,0,0,0,1,0,1,0,0,0,1,7,0,0,0,0,0,55,32,"Richmond","2022",10
19,"Lynch, Tom",7,4,1,8,0,4,0,2,0,0,0,3,1,2,0,5,3,2,3,0,0,0,62,32,"Richmond","2022",10
4,"Martin, Dustin",12,1,5,17,0,2,0,5,1,4,4,3,0,1,0,10,7,1,0,1,0,0,87,32,"Richmond","2022",10
33,"McIntosh, Kamdyn",14,4,5,19,0,0,0,0,3,6,2,5,1,0,0,7,13,0,0,3,0,0,89,32,"Richmond","2022",10
25,"Nankervis, Toby",12,5,7,19,0,0,20,1,3,1,3,3,2,2,0,14,7,3,0,7,0,0,75,32,"Richmond","2022",10
3,"Prestia, Dion",17,5,19,36,0,0,0,1,6,5,6,4,1,0,3,12,25,0,0,2,0,2,80,32,"Richmond","2022",10
8,"Riewoldt, Jack",9,10,2,11,4,2,0,3,0,3,0,4,0,1,1,4,8,2,6,3,0,1,87,32,"Richmond","2022",10
17,"Rioli, Daniel",8,2,18,26,0,0,0,3,6,0,0,2,1,0,0,9,17,0,0,2,2,0,80,32,"Richmond","2022",10
49,"Rioli, Maurice",6,2,4,10,2,0,0,5,0,2,0,1,1,1,0,3,6,0,2,0,0,0,76,32,"Richmond","2022",10
5,"Ross, Jack",12,5,7,19,0,0,0,6,3,4,0,3,1,0,0,8,13,0,0,3,0,1,83,32,"Richmond","2022",10
15,"Short, Jayden",18,9,11,29,0,0,0,4,2,2,1,3,0,2,0,5,22,0,0,0,0,0,81,32,"Richmond","2022",10
20,"Soldo, Ivan",4,3,2,6,1,0,16,1,0,2,2,4,1,3,0,3,3,1,1,3,0,0,69,32,"Richmond","2022",10
6,"Tarrant, Robbie",10,8,5,15,0,0,0,0,2,3,0,3,0,1,0,6,9,1,0,9,0,0,92,32,"Richmond","2022",10
1,"Vlastuin, Nick",11,3,9,20,0,0,0,2,3,1,0,4,3,1,0,5,12,0,0,4,1,0,88,32,"Richmond","2022",10
24,"Bryan, Nick",6,1,4,10,1,0,6,4,1,1,3,5,1,0,0,7,3,0,0,2,0,0,69,-32,"Essendon","2022",10
12,"Cutler, Tom",10,4,5,15,0,0,0,2,4,1,0,2,0,1,0,2,12,0,0,4,1,0,77,-32,"Essendon","2022",10
2,"Draper, Sam",4,1,4,8,0,1,14,1,0,2,2,5,2,2,0,6,1,0,0,2,0,0,74,-32,"Essendon","2022",10
22,"Durham, Sam",7,3,7,14,0,0,0,2,3,1,0,1,1,1,0,7,8,0,0,1,0,0,70,-32,"Essendon","2022",10
10,"Francis, Aaron",2,3,2,4,1,0,0,3,0,2,0,3,0,2,0,0,4,0,1,2,0,0,80,-32,"Essendon","2022",10
0,"Guelfi, Matt",4,4,8,12,0,0,0,0,1,0,1,2,0,1,0,6,6,0,0,2,0,1,67,-32,"Essendon","2022",10
21,"Heppell, Dyson",14,8,9,23,0,0,0,6,5,0,0,3,1,0,0,8,13,0,0,2,0,0,91,-32,"Essendon","2022",10
19,"Hind, Nick",12,0,3,15,0,0,0,2,4,2,1,1,2,1,0,6,8,0,0,3,2,1,82,-32,"Essendon","2022",10
8,"Hobbs, Ben",6,2,4,10,2,0,0,3,0,1,1,0,2,0,0,4,7,0,1,1,0,0,78,-32,"Essendon","2022",10
29,"Kelly, Jake",9,7,4,13,0,0,0,2,4,0,0,3,1,2,0,3,10,0,0,3,0,0,95,-32,"Essendon","2022",10
15,"Laverde, Jayden",9,4,8,17,0,0,0,2,5,1,0,4,3,1,0,11,6,2,0,8,0,0,74,-32,"Essendon","2022",10
37,"Martin, Nic",10,4,9,19,0,0,0,1,1,0,1,2,1,0,0,4,17,0,0,2,0,0,95,-32,"Essendon","2022",10
1,"McGrath, Andrew",6,4,15,21,0,0,0,4,2,2,4,1,2,0,0,9,12,0,0,1,0,0,78,-32,"Essendon","2022",10
7,"Merrett, Zach",19,4,14,33,0,0,0,2,3,9,4,5,0,0,0,9,24,0,0,0,0,1,80,-32,"Essendon","2022",10
3,"Parish, Darcy",19,3,24,43,0,0,0,8,2,6,6,8,0,0,0,19,24,0,0,1,0,1,88,-32,"Essendon","2022",10
16,"Perkins, Archie",6,2,3,9,1,0,0,2,0,4,0,3,2,0,0,4,5,0,1,0,0,0,79,-32,"Essendon","2022",10
27,"Redman, Mason",25,10,4,29,0,1,0,5,8,6,2,4,2,1,0,5,20,1,0,2,0,0,85,-32,"Essendon","2022",10
31,"Reid, Zach",7,3,5,12,0,0,0,3,2,0,0,2,2,0,0,7,5,0,0,5,0,0,97,-32,"Essendon","2022",10
9,"Shiel, Dylan",10,2,9,19,1,0,0,7,0,5,5,3,2,2,0,9,11,0,0,2,0,0,71,-32,"Essendon","2022",10
5,"Smith, Devon",5,1,6,11,0,0,0,0,0,1,2,4,0,2,0,6,4,0,0,1,0,1,86,-32,"Essendon","2022",10
0,"Wanganeen, Tex",1,0,0,1,0,1,0,1,0,0,0,1,0,0,0,0,1,0,0,0,0,0,8,-32,"Essendon","2022",10
45,"Waterman, Alec",6,2,3,9,1,1,0,3,0,3,0,4,0,4,0,5,3,0,1,1,0,1,77,-32,"Essendon","2022",10
20,"Wright, Peter",5,3,4,9,0,0,0,1,0,2,0,2,1,0,0,6,1,2,0,3,0,0,100,-32,"Essendon","2022",10
