"Number","Player","Kicks","Marks","Handballs","Disposals","Goals","Behinds","Hitouts","Tackles","Rebounds50s","Inside50s","Clearances","Clangers","FreesFor","FreesAgainst","BrownlowVotes","ContestedPossessions","UncontestedPossessions","ContestedMarks","MarksInside50","OnePercenters","Bounces","GoalAssists","PercentagePlayed","PointDifference","Team","Season","Round"
0,"Adams, Taylor",5,1,4,9,0,0,0,4,0,2,4,2,2,0,0,6,3,0,0,0,0,0,37,6,"Collingwood","2022",20
8,"Bianco, Trent",7,4,4,11,0,0,0,1,1,0,0,2,0,0,0,3,8,0,0,0,0,2,68,6,"Collingwood","2022",20
14,"Cameron, Darcy",14,4,2,16,1,0,26,2,1,0,3,3,1,1,0,12,4,2,0,3,0,0,89,6,"Collingwood","2022",20
0,"Carmichael, Josh",10,2,2,12,1,0,0,0,0,5,1,2,0,0,0,4,7,0,1,1,0,0,40,6,"Collingwood","2022",20
46,"Cox, Mason",6,3,2,8,1,0,20,2,1,2,2,4,1,3,0,4,5,0,1,3,0,0,71,6,"Collingwood","2022",20
25,"Crisp, Jack",6,3,10,16,0,0,0,4,0,3,3,3,1,0,0,9,8,0,0,2,0,0,90,6,"Collingwood","2022",20
7,"Daicos, Josh",19,7,7,26,0,1,0,3,6,3,3,7,5,2,1,9,15,0,1,1,4,0,89,6,"Collingwood","2022",20
35,"Daicos, Nick",12,1,9,21,0,0,0,3,4,3,1,3,2,2,0,6,11,0,0,0,1,0,89,6,"Collingwood","2022",20
2,"de Goey, Jordan",14,2,9,23,2,1,0,2,0,4,5,7,2,1,3,13,10,1,2,4,1,1,85,6,"Collingwood","2022",20
5,"Elliott, Jamie",8,4,3,11,2,0,0,1,0,1,0,4,0,0,0,3,7,0,2,0,0,2,81,6,"Collingwood","2022",20
33,"Ginnivan, Jack",4,1,4,8,3,0,0,1,0,0,0,4,0,2,0,5,4,0,1,1,0,1,67,6,"Collingwood","2022",20
32,"Hoskin-Elliott, Will",12,6,0,12,2,0,0,0,1,4,0,2,0,1,0,1,11,1,0,1,0,0,86,6,"Collingwood","2022",20
38,"Howe, Jeremy",5,2,4,9,0,0,0,1,5,0,1,1,1,0,0,5,4,0,0,4,1,0,62,6,"Collingwood","2022",20
40,"Johnson, Ash",8,4,4,12,1,1,0,1,0,5,0,0,2,0,0,9,4,1,1,0,0,1,81,6,"Collingwood","2022",20
1,"Lipinski, Patrick",16,7,5,21,0,0,0,2,2,3,4,3,0,1,0,8,11,2,0,0,0,1,83,6,"Collingwood","2022",20
37,"Maynard, Brayden",16,2,5,21,0,0,0,3,2,3,0,4,2,2,0,8,12,0,0,3,0,0,89,6,"Collingwood","2022",20
31,"McCreery, Beau",4,2,3,7,0,0,0,3,1,1,0,0,0,0,0,2,4,0,0,0,0,0,77,6,"Collingwood","2022",20
30,"Moore, Darcy",10,4,2,12,0,0,0,3,5,2,0,0,0,0,0,4,4,1,0,9,0,0,92,6,"Collingwood","2022",20
28,"Murphy, Nathan",10,6,3,13,0,0,0,1,5,0,0,1,3,1,0,3,11,0,0,4,0,0,93,6,"Collingwood","2022",20
9,"Noble, John",9,2,4,13,0,0,0,4,5,2,1,1,0,1,0,6,6,0,0,0,2,0,79,6,"Collingwood","2022",20
10,"Pendlebury, Scott",9,2,7,16,0,0,0,3,0,8,6,1,0,1,0,6,11,0,0,0,0,1,82,6,"Collingwood","2022",20
3,"Quaynor, Isaac",5,0,3,8,0,1,0,2,1,2,1,0,1,0,0,4,3,0,0,5,0,0,82,6,"Collingwood","2022",20
22,"Sidebottom, Steele",7,3,6,13,0,1,0,3,0,2,1,0,0,0,0,6,8,0,1,1,0,1,88,6,"Collingwood","2022",20
21,"Aliir, Aliir",6,3,7,13,0,0,0,2,3,0,0,4,2,1,0,7,7,1,0,5,0,0,97,-6,"Port Adelaide","2022",20
15,"Amon, Karl",14,6,12,26,1,1,0,0,0,6,3,2,0,1,0,6,20,1,1,0,0,0,68,-6,"Port Adelaide","2022",20
14,"Bergman, Miles",9,5,5,14,0,0,0,3,2,3,0,4,0,0,0,4,9,1,0,3,0,0,83,-6,"Port Adelaide","2022",20
10,"Boak, Travis",8,2,19,27,2,1,0,2,1,4,3,6,3,3,0,10,18,0,1,0,0,2,74,-6,"Port Adelaide","2022",20
36,"Burgoyne, Jase",11,7,6,17,1,0,0,2,3,1,1,1,1,0,0,3,14,0,1,0,1,0,83,-6,"Port Adelaide","2022",20
3,"Burton, Ryan",14,1,3,17,0,0,0,5,5,0,0,4,0,2,0,4,6,1,0,1,0,0,79,-6,"Port Adelaide","2022",20
18,"Butters, Zak",17,5,8,25,2,1,0,3,3,3,4,7,2,2,0,10,15,1,1,1,1,1,84,-6,"Port Adelaide","2022",20
33,"Byrne-Jones, Darcy",13,5,17,30,0,0,0,0,7,0,5,2,1,0,0,14,18,0,0,2,0,0,72,-6,"Port Adelaide","2022",20
22,"Dixon, Charlie",5,2,4,9,1,0,4,1,0,2,2,5,0,2,0,7,1,1,1,1,0,2,86,-6,"Port Adelaide","2022",20
28,"Drew, Willem",0,0,0,0,0,0,0,0,0,0,0,0,0,0,0,0,0,0,0,0,0,0,0,-6,"Port Adelaide","2022",20
7,"Duursma, Xavier",11,7,10,21,0,0,0,0,2,1,1,4,0,1,0,3,19,1,0,1,0,1,70,-6,"Port Adelaide","2022",20
24,"Farrell, Kane",15,6,5,20,0,0,0,6,6,3,1,2,0,0,0,4,16,0,0,1,0,0,84,-6,"Port Adelaide","2022",20
11,"Finlayson, Jeremy",13,2,7,20,1,1,13,3,5,2,6,1,1,0,0,12,9,1,0,6,0,0,79,-6,"Port Adelaide","2022",20
19,"Georgiades, Mitch",3,1,2,5,1,1,0,2,0,0,0,3,1,1,0,4,2,1,1,0,0,0,68,-6,"Port Adelaide","2022",20
9,"Gray, Robbie",9,1,9,18,0,0,0,5,1,1,4,5,1,1,0,8,9,0,0,0,0,0,74,-6,"Port Adelaide","2022",20
1,"Jonas, Tom",7,4,5,12,0,0,0,3,1,0,0,1,1,0,0,9,4,1,0,7,0,0,98,-6,"Port Adelaide","2022",20
34,"Jones, Lachie",5,5,6,11,0,0,0,5,0,3,1,5,0,2,0,1,10,0,0,4,0,0,78,-6,"Port Adelaide","2022",20
4,"Marshall, Todd",9,4,5,14,1,2,0,3,0,1,0,6,1,1,0,6,9,0,2,2,0,0,94,-6,"Port Adelaide","2022",20
41,"McEntee, Jed",5,2,5,10,0,1,0,2,0,1,0,3,1,1,0,6,4,0,1,0,0,0,78,-6,"Port Adelaide","2022",20
12,"McKenzie, Trent",6,1,3,9,0,0,0,1,0,0,1,0,1,0,0,4,2,0,0,5,0,0,91,-6,"Port Adelaide","2022",20
2,"Powell-Pepper, Sam",11,5,7,18,2,0,0,3,1,7,2,3,2,0,0,7,11,2,1,0,1,0,90,-6,"Port Adelaide","2022",20
20,"Rozee, Connor",13,6,22,35,0,0,0,5,2,8,4,6,0,2,2,10,24,0,0,1,0,0,83,-6,"Port Adelaide","2022",20
16,"Wines, Ollie",17,2,13,30,0,0,0,6,0,6,6,7,0,3,0,12,19,0,0,3,0,2,86,-6,"Port Adelaide","2022",20
