"Number","Player","Kicks","Marks","Handballs","Disposals","Goals","Behinds","Hitouts","Tackles","Rebounds50s","Inside50s","Clearances","Clangers","FreesFor","FreesAgainst","BrownlowVotes","ContestedPossessions","UncontestedPossessions","ContestedMarks","MarksInside50","OnePercenters","Bounces","GoalAssists","PercentagePlayed","PointDifference","Team","Season","Round"
36,"Amartey, Joel",7,5,1,8,0,1,2,3,0,2,1,2,0,1,0,3,4,2,2,3,0,1,72,73,"Sydney","2022",20
22,"Blakey, Nick",13,7,8,21,1,0,0,0,3,2,1,0,1,0,0,8,11,1,0,3,0,1,76,73,"Sydney","2022",20
4,"Clarke, Ryan",6,4,6,12,0,1,0,3,0,3,1,1,0,1,0,5,7,0,1,0,0,1,93,73,"Sydney","2022",20
13,"Florent, Oliver",14,8,5,19,0,1,0,1,3,4,1,4,0,0,0,3,14,0,0,0,1,0,86,73,"Sydney","2022",20
42,"Fox, Robbie",9,4,10,19,0,0,0,4,2,0,0,2,0,1,0,8,10,0,0,2,0,0,92,73,"Sydney","2022",20
23,"Franklin, Lance",10,6,3,13,3,1,0,4,0,4,0,4,1,1,0,5,10,0,1,2,0,0,88,73,"Sydney","2022",20
21,"Gulden, Errol",24,12,9,33,2,0,0,4,0,10,3,3,1,0,2,9,24,1,1,0,0,1,74,73,"Sydney","2022",20
9,"Hayward, Will",9,6,3,12,1,0,0,2,0,3,0,1,0,0,0,0,12,0,0,0,0,2,78,73,"Sydney","2022",20
5,"Heeney, Isaac",11,4,6,17,3,2,0,4,0,1,3,4,1,0,0,8,9,1,3,0,0,0,81,73,"Sydney","2022",20
31,"Hickey, Tom",7,1,3,10,0,0,18,1,0,5,4,2,1,1,0,6,5,0,0,1,0,1,71,73,"Sydney","2022",20
12,"Kennedy, Josh",0,0,0,0,0,0,0,0,0,0,0,0,0,0,0,0,0,0,0,0,0,0,0,73,"Sydney","2022",20
44,"Lloyd, Jake",17,11,10,27,0,0,0,2,6,0,0,2,0,2,0,4,18,0,0,1,0,0,84,73,"Sydney","2022",20
39,"McCartin, Paddy",12,9,4,16,0,0,0,1,2,1,1,1,0,0,0,8,7,4,0,4,0,0,87,73,"Sydney","2022",20
30,"McCartin, Tom",4,4,7,11,0,0,0,1,2,0,0,0,0,0,0,3,8,2,0,7,0,0,89,73,"Sydney","2022",20
27,"McInerney, Justin",9,3,12,21,0,0,0,3,1,3,3,2,2,0,0,5,16,0,0,2,4,0,72,73,"Sydney","2022",20
14,"Mills, Callum",15,8,12,27,1,0,0,5,2,5,3,4,0,1,0,10,17,1,0,2,0,0,84,73,"Sydney","2022",20
11,"Papley, Tom",13,3,6,19,2,0,0,5,0,7,4,7,2,1,0,10,9,0,1,0,1,0,80,73,"Sydney","2022",20
26,"Parker, Luke",15,4,19,34,0,1,0,7,2,4,6,6,0,2,3,16,17,1,1,1,0,1,82,73,"Sydney","2022",20
24,"Rampe, Dane",15,7,5,20,0,0,0,3,5,2,1,4,2,1,0,4,17,0,0,3,0,1,87,73,"Sydney","2022",20
20,"Reid, Sam",10,5,8,18,3,1,13,4,0,2,4,3,2,1,1,12,5,2,2,4,0,1,85,73,"Sydney","2022",20
8,"Rowbottom, James",14,3,9,23,1,1,0,13,2,3,4,4,4,1,0,9,15,0,0,0,0,1,81,73,"Sydney","2022",20
3,"Stephens, Dylan",11,5,7,18,0,0,0,3,0,3,1,3,0,0,0,7,12,0,0,2,0,0,77,73,"Sydney","2022",20
1,"Warner, Chad",13,2,7,20,0,1,0,1,1,5,2,2,1,0,0,8,12,0,0,2,2,0,81,73,"Sydney","2022",20
21,"Aleer, Leek",4,3,1,5,0,0,0,1,2,0,0,2,0,1,0,0,5,0,0,1,0,0,70,-73,"Greater Western Sydney","2022",20
7,"Ash, Lachie",7,2,3,10,0,0,0,1,3,0,1,1,0,0,0,4,3,0,0,3,0,0,85,-73,"Greater Western Sydney","2022",20
46,"Brown, Callum",1,0,1,2,0,0,0,1,0,1,0,2,0,1,0,1,2,0,0,2,0,0,79,-73,"Greater Western Sydney","2022",20
13,"Cumming, Isaac",16,5,2,18,0,0,0,4,6,3,0,2,0,1,0,0,13,0,0,3,0,0,84,-73,"Greater Western Sydney","2022",20
4,"Greene, Toby",9,3,2,11,2,2,0,2,0,4,1,3,0,1,0,7,4,1,2,2,0,0,97,-73,"Greater Western Sydney","2022",20
12,"Green, Tom",7,2,10,17,0,0,1,2,2,3,3,4,0,1,0,6,11,0,0,0,0,0,79,-73,"Greater Western Sydney","2022",20
19,"Haynes, Nick",9,6,4,13,0,0,0,1,3,0,0,2,0,0,0,5,8,1,0,5,0,0,88,-73,"Greater Western Sydney","2022",20
27,"Himmelberg, Harry",11,5,5,16,1,0,0,1,5,2,0,2,1,0,0,6,8,2,1,2,1,1,93,-73,"Greater Western Sydney","2022",20
23,"Hogan, Jesse",5,7,7,12,1,1,1,3,0,1,0,1,0,1,0,6,6,1,3,1,0,1,82,-73,"Greater Western Sydney","2022",20
2,"Hopper, Jacob",8,3,7,15,0,0,0,6,3,1,4,3,1,1,0,8,10,0,0,2,0,1,72,-73,"Greater Western Sydney","2022",20
25,"Keeffe, Lachlan",0,0,0,0,0,0,0,0,0,0,0,0,0,0,0,0,0,0,0,0,0,0,0,-73,"Greater Western Sydney","2022",20
22,"Kelly, Josh",13,5,12,25,0,1,0,4,4,3,4,5,2,2,0,12,13,0,0,0,0,0,92,-73,"Greater Western Sydney","2022",20
40,"Kennedy, Adam",8,3,2,10,0,0,0,0,2,0,0,3,2,1,0,5,5,0,0,1,0,0,75,-73,"Greater Western Sydney","2022",20
38,"Lloyd, Daniel",3,2,4,7,0,0,0,2,0,1,0,1,0,1,0,4,3,0,0,0,0,0,79,-73,"Greater Western Sydney","2022",20
33,"OHalloran, Xavier",6,2,1,7,0,1,0,2,1,1,1,1,1,0,0,4,3,0,0,0,0,0,85,-73,"Greater Western Sydney","2022",20
20,"Peatling, James",8,3,3,11,0,2,0,2,0,4,1,3,1,1,0,2,9,0,0,0,0,1,62,-73,"Greater Western Sydney","2022",20
36,"Perryman, Harry",13,2,9,22,0,0,0,3,3,3,4,3,1,1,0,12,10,0,0,0,0,0,85,-73,"Greater Western Sydney","2022",20
11,"Preuss, Braydon",8,3,2,10,1,1,33,4,3,2,1,5,1,3,0,6,4,1,1,0,0,0,72,-73,"Greater Western Sydney","2022",20
14,"Taranto, Tim",8,5,8,16,0,1,0,4,2,4,3,4,2,1,0,6,10,0,0,1,0,0,84,-73,"Greater Western Sydney","2022",20
15,"Taylor, Sam",14,10,7,21,0,0,0,1,7,1,1,3,1,1,0,15,6,5,0,6,0,0,100,-73,"Greater Western Sydney","2022",20
8,"Ward, Callan",9,3,12,21,0,0,1,1,3,1,6,4,0,0,0,9,11,0,0,1,0,0,73,-73,"Greater Western Sydney","2022",20
10,"Wehr, Jacob",8,1,2,10,0,0,0,3,0,0,2,1,1,0,0,6,4,0,0,1,0,0,79,-73,"Greater Western Sydney","2022",20
6,"Whitfield, Lachie",13,4,9,22,0,0,0,2,3,1,2,1,0,0,0,8,11,0,0,1,0,0,85,-73,"Greater Western Sydney","2022",20
