"Number","Player","Kicks","Marks","Handballs","Disposals","Goals","Behinds","Hitouts","Tackles","Rebounds50s","Inside50s","Clearances","Clangers","FreesFor","FreesAgainst","BrownlowVotes","ContestedPossessions","UncontestedPossessions","ContestedMarks","MarksInside50","OnePercenters","Bounces","GoalAssists","PercentagePlayed","PointDifference","Team","Season","Round"
5,"Cerra, Adam",9,4,14,23,0,0,0,4,0,3,5,2,1,0,0,10,14,0,0,3,0,1,77,-30,"Carlton","2022",18
46,"Cottrell, Matthew",3,3,10,13,0,0,0,2,0,1,0,1,0,0,0,4,9,0,0,1,0,1,85,-30,"Carlton","2022",18
9,"Cripps, Patrick",11,3,6,17,1,0,1,6,1,2,4,5,2,1,0,8,8,0,0,1,0,0,82,-30,"Carlton","2022",18
30,"Curnow, Charlie",7,3,3,10,3,2,0,2,0,1,0,2,1,1,0,8,2,2,2,1,0,0,90,-30,"Carlton","2022",18
12,"De Koning, Tom",10,2,4,14,1,0,21,4,1,3,5,3,1,0,0,8,5,2,0,3,0,0,80,-30,"Carlton","2022",18
15,"Docherty, Sam",17,3,12,29,0,0,0,4,6,0,0,7,1,2,0,5,22,0,0,4,0,0,88,-30,"Carlton","2022",18
19,"Durdin, Corey",5,4,4,9,0,0,0,0,2,2,0,4,0,0,0,3,6,0,1,2,0,0,66,-30,"Carlton","2022",18
25,"Fisher, Zac",17,6,10,27,0,2,0,2,2,2,0,2,2,0,0,6,21,0,1,0,0,0,78,-30,"Carlton","2022",18
40,"Hayes, Will",12,5,11,23,0,0,0,1,1,2,2,6,0,1,0,9,15,0,1,1,0,1,77,-30,"Carlton","2022",18
29,"Hewett, George",13,5,13,26,1,1,0,4,3,3,5,5,2,2,0,9,17,0,1,1,0,0,80,-30,"Carlton","2022",18
36,"Honey, Josh",0,0,0,0,0,0,0,0,0,0,0,0,0,0,0,0,0,0,0,0,0,0,0,-30,"Carlton","2022",18
7,"Kennedy, Matthew",10,6,13,23,0,0,0,6,0,4,2,2,1,0,0,7,17,0,0,1,0,0,77,-30,"Carlton","2022",18
10,"McKay, Harry",6,4,3,9,0,1,1,1,0,2,0,0,1,0,0,2,7,0,1,1,0,0,91,-30,"Carlton","2022",18
3,"Motlop, Jesse",4,3,7,11,1,0,0,5,0,1,0,2,0,2,0,4,6,0,1,1,0,0,71,-30,"Carlton","2022",18
24,"Newman, Nic",17,5,9,26,0,0,0,5,4,2,1,4,1,1,0,10,13,0,0,3,0,0,82,-30,"Carlton","2022",18
32,"Newnes, Jack",6,3,6,12,0,0,0,3,1,2,1,2,0,0,0,2,11,0,0,2,0,0,79,-30,"Carlton","2022",18
20,"Plowman, Lachie",4,0,6,10,0,0,0,2,0,1,0,0,1,0,0,5,5,0,0,3,0,0,73,-30,"Carlton","2022",18
42,"Saad, Adam",13,4,4,17,0,0,0,2,2,1,0,2,1,0,0,2,12,0,0,1,4,0,79,-30,"Carlton","2022",18
1,"Silvagni, Jack",8,1,9,17,1,0,1,1,0,5,2,5,2,3,0,8,9,0,0,2,0,1,82,-30,"Carlton","2022",18
13,"Stocker, Liam",10,4,5,15,0,0,0,0,5,1,0,4,0,2,0,4,9,0,0,2,0,0,82,-30,"Carlton","2022",18
18,"Walsh, Sam",13,6,20,33,0,0,0,4,2,3,8,4,1,3,1,12,23,0,0,0,3,0,82,-30,"Carlton","2022",18
23,"Weitering, Jacob",4,3,3,7,0,0,0,1,1,1,0,1,0,0,0,3,5,0,0,4,0,0,100,-30,"Carlton","2022",18
33,"Young, Lewis",10,5,5,15,0,0,0,0,5,0,0,4,1,0,0,6,10,0,0,12,0,0,100,-30,"Carlton","2022",18
30,"Atkins, Tom",8,1,9,17,1,0,0,8,1,2,1,4,0,2,0,6,11,0,0,0,0,0,66,30,"Geelong","2022",18
0,"Bews, Jed",8,5,6,14,0,0,0,1,1,1,1,1,0,0,0,4,9,0,0,1,0,0,57,30,"Geelong","2022",18
46,"Blicavs, Mark",6,4,14,20,0,0,8,5,1,1,5,3,0,1,0,11,10,3,0,1,0,0,78,30,"Geelong","2022",18
5,"Cameron, Jeremy",14,5,4,18,3,3,0,3,0,5,0,3,1,1,0,3,13,0,4,2,0,2,96,30,"Geelong","2022",18
45,"Close, Brad",10,5,8,18,0,1,0,6,0,2,1,1,1,0,0,5,13,0,2,0,0,1,79,30,"Geelong","2022",18
35,"Dangerfield, Patrick",11,4,11,22,0,0,0,3,0,5,3,4,1,1,0,11,9,2,1,0,0,0,62,30,"Geelong","2022",18
16,"De Koning, Sam",8,5,3,11,0,0,0,0,4,1,0,1,1,1,0,4,8,2,0,5,0,0,96,30,"Geelong","2022",18
22,"Duncan, Mitch",20,9,6,26,0,0,0,1,5,1,1,2,0,0,0,3,19,1,0,1,1,0,81,30,"Geelong","2022",18
29,"Guthrie, Cameron",12,3,11,23,0,1,0,5,0,1,5,1,1,0,0,12,12,0,0,0,0,0,74,30,"Geelong","2022",18
39,"Guthrie, Zach",10,5,2,12,1,0,0,3,2,2,0,2,1,2,0,2,8,1,0,0,0,0,80,30,"Geelong","2022",18
26,"Hawkins, Tom",9,6,5,14,2,1,4,1,1,0,1,1,0,0,0,7,9,1,3,5,0,0,97,30,"Geelong","2022",18
38,"Henry, Jack",9,5,4,13,0,0,0,1,2,0,0,2,1,1,0,6,8,0,0,8,0,0,100,30,"Geelong","2022",18
9,"Holmes, Max",11,4,4,15,2,0,0,1,3,3,1,2,2,0,0,3,11,0,1,1,0,0,84,30,"Geelong","2022",18
8,"Kolodjashnij, Jake",2,1,5,7,0,0,0,0,1,1,1,3,0,2,0,4,4,0,0,6,1,0,98,30,"Geelong","2022",18
0,"Menegola, Sam",1,0,0,1,0,0,0,0,0,1,0,0,1,0,0,1,0,0,0,0,0,1,20,30,"Geelong","2022",18
32,"Miers, Gryan",8,3,8,16,1,0,0,1,0,2,1,3,1,0,0,6,9,0,0,1,0,0,78,30,"Geelong","2022",18
42,"OConnor, Mark",6,1,6,12,0,0,0,4,1,3,0,4,1,1,0,7,6,0,0,2,0,0,81,30,"Geelong","2022",18
23,"Rohan, Gary",4,0,1,5,0,1,0,2,0,2,0,0,2,0,0,4,3,0,0,2,0,2,83,30,"Geelong","2022",18
14,"Selwood, Joel",14,9,11,25,0,1,0,4,1,5,3,2,4,1,2,8,17,1,2,2,0,2,70,30,"Geelong","2022",18
7,"Smith, Isaac",10,6,6,16,0,1,0,2,3,1,1,7,0,2,0,1,10,0,0,0,0,0,83,30,"Geelong","2022",18
1,"Stanley, Rhys",6,2,8,14,1,0,26,1,2,2,3,3,0,2,0,5,10,0,1,4,0,0,75,30,"Geelong","2022",18
18,"Stengle, Tyson",10,2,7,17,1,1,0,3,0,6,1,3,0,0,0,8,9,0,2,2,1,0,80,30,"Geelong","2022",18
2,"Tuohy, Zach",14,5,10,24,0,0,0,6,5,4,3,3,0,2,3,7,14,0,0,2,1,0,81,30,"Geelong","2022",18
