"Number","Player","Kicks","Marks","Handballs","Disposals","Goals","Behinds","Hitouts","Tackles","Rebounds50s","Inside50s","Clearances","Clangers","FreesFor","FreesAgainst","BrownlowVotes","ContestedPossessions","UncontestedPossessions","ContestedMarks","MarksInside50","OnePercenters","Bounces","GoalAssists","PercentagePlayed","PointDifference","Team","Season","Round"
7,"Cunningham, Harry",13,8,4,17,2,0,0,5,1,5,0,2,1,2,0,2,15,0,2,0,6,0,81,54,"Sydney","2017",7
13,"Florent, Oliver",4,1,6,10,0,0,0,1,0,1,1,1,0,0,0,4,7,0,0,1,0,1,77,54,"Sydney","2017",7
23,"Franklin, Lance",16,9,0,16,8,4,0,2,0,7,0,2,1,1,3,3,13,2,6,0,2,1,88,54,"Sydney","2017",7
39,"Grundy, Heath",10,7,10,20,0,1,0,4,4,1,0,4,0,1,0,7,12,0,0,4,0,0,91,54,"Sydney","2017",7
4,"Hannebery, Dan",13,5,13,26,1,0,0,8,1,5,2,5,0,1,0,8,18,1,2,1,0,1,86,54,"Sydney","2017",7
9,"Hayward, Will",6,1,3,9,2,2,0,2,1,0,0,3,2,1,0,2,7,0,1,1,0,1,79,54,"Sydney","2017",7
5,"Heeney, Isaac",15,5,7,22,1,0,0,5,0,4,7,2,2,0,0,8,14,0,1,1,0,0,81,54,"Sydney","2017",7
29,"Hewett, George",7,3,9,16,0,0,0,4,0,2,2,3,0,1,0,4,11,0,0,0,0,0,70,54,"Sydney","2017",7
10,"Jones, Zak",13,6,14,27,1,1,0,2,2,4,6,1,1,0,2,13,15,0,1,2,4,1,87,54,"Sydney","2017",7
12,"Kennedy, Josh",7,1,13,20,1,0,0,3,0,4,7,6,2,4,0,13,9,0,1,1,0,0,84,54,"Sydney","2017",7
44,"Lloyd, Jake",15,7,14,29,0,0,0,2,1,2,0,4,0,1,0,3,25,0,1,1,1,2,84,54,"Sydney","2017",7
31,"Marsh, Harrison",10,6,6,16,0,0,0,1,5,2,0,1,0,0,0,4,12,2,1,1,2,0,86,54,"Sydney","2017",7
3,"McVeigh, Jarrad",9,4,6,15,0,0,0,1,2,0,0,0,0,0,0,3,11,0,0,1,0,1,68,54,"Sydney","2017",7
43,"Melican, Lewis",10,5,6,16,0,0,0,3,7,0,0,2,0,0,0,7,9,1,0,4,0,0,94,54,"Sydney","2017",7
14,"Mills, Callum",9,4,8,17,0,0,0,2,1,1,0,2,0,0,0,3,13,1,0,1,0,0,87,54,"Sydney","2017",7
35,"Naismith, Sam",5,3,4,9,0,0,16,3,1,1,3,0,2,0,0,4,5,0,0,0,0,0,61,54,"Sydney","2017",7
41,"Papley, Tom",10,6,9,19,0,1,0,1,1,4,0,1,1,0,0,8,11,0,1,0,0,2,80,54,"Sydney","2017",7
26,"Parker, Luke",15,4,15,30,1,1,0,1,2,4,4,7,1,3,1,8,19,1,0,2,0,1,89,54,"Sydney","2017",7
20,"Reid, Sam",4,5,8,12,0,1,0,0,0,0,0,2,0,0,0,5,7,2,1,0,0,2,86,54,"Sydney","2017",7
18,"Sinclair, Callum",8,5,7,15,2,0,16,0,0,3,3,4,0,1,0,6,9,1,2,2,0,0,81,54,"Sydney","2017",7
40,"Smith, Nick",6,3,4,10,0,0,0,2,4,2,0,2,0,1,0,4,6,0,0,2,2,0,84,54,"Sydney","2017",7
22,"Towers, Dean",9,4,11,20,1,0,0,3,2,2,1,2,2,1,0,10,10,0,1,1,0,0,75,54,"Sydney","2017",7
0,"Rushed",0,0,0,0,0,4,0,0,0,0,0,0,0,0,0,0,0,0,0,0,0,0,0,54,"Sydney","2017",7
31,"Andrews, Harris",7,7,8,15,0,0,0,1,1,0,0,4,0,1,0,4,12,0,0,5,1,0,99,-54,"Brisbane Lions","2017",7
43,"Barrett, Jake",7,2,6,13,1,0,0,6,0,1,3,2,0,0,0,4,8,0,1,0,0,0,81,-54,"Brisbane Lions","2017",7
17,"Beams, Claye",5,4,8,13,0,0,0,0,4,0,2,0,0,0,0,5,7,0,0,1,0,0,67,-54,"Brisbane Lions","2017",7
13,"Berry, Jarrod",5,2,6,11,1,0,0,4,0,4,2,1,0,0,0,4,7,0,1,1,0,1,66,-54,"Brisbane Lions","2017",7
33,"Close, Michael",7,6,6,13,1,0,3,3,0,1,1,4,1,1,0,5,8,2,3,1,0,0,81,-54,"Brisbane Lions","2017",7
27,"Gardiner, Darcy",10,4,2,12,0,0,0,1,0,3,0,0,0,0,0,2,10,1,0,2,0,0,87,-54,"Brisbane Lions","2017",7
2,"Harwood, Ryan",9,8,8,17,0,0,0,2,2,1,1,3,1,1,0,5,12,0,0,2,0,0,77,-54,"Brisbane Lions","2017",7
30,"Hipwood, Eric",4,0,3,7,0,0,0,0,1,1,1,4,0,1,0,2,3,0,0,2,0,1,86,-54,"Brisbane Lions","2017",7
1,"Keays, Ben",9,4,9,18,1,0,0,2,0,6,3,2,1,0,0,11,7,0,0,2,0,0,81,-54,"Brisbane Lions","2017",7
35,"Lester, Ryan",12,7,6,18,2,1,0,3,2,1,1,2,0,0,0,7,11,0,2,2,0,1,85,-54,"Brisbane Lions","2017",7
12,"Martin, Stefan",10,4,11,21,0,0,40,2,1,4,8,5,1,3,0,11,10,0,0,2,0,0,90,-54,"Brisbane Lions","2017",7
32,"Mayes, Sam",10,6,5,15,0,1,0,2,2,3,0,1,1,0,0,5,11,0,0,6,1,0,90,-54,"Brisbane Lions","2017",7
6,"McCluggage, Hugh",11,5,4,15,0,0,0,2,2,3,0,1,1,1,0,5,11,0,0,1,1,0,77,-54,"Brisbane Lions","2017",7
25,"McStay, Daniel",5,3,5,10,0,0,0,1,1,0,0,2,2,0,0,5,5,0,0,5,0,0,93,-54,"Brisbane Lions","2017",7
22,"Paparone, Marco",19,9,9,28,0,0,0,1,2,4,2,3,0,0,0,5,23,0,0,0,0,0,78,-54,"Brisbane Lions","2017",7
10,"Rich, Daniel",10,4,5,15,0,0,0,2,3,1,1,2,0,1,0,5,10,0,0,3,0,0,85,-54,"Brisbane Lions","2017",7
18,"Robertson, Nick",7,3,5,12,1,0,0,2,0,3,0,3,2,3,0,7,4,1,0,0,0,0,81,-54,"Brisbane Lions","2017",7
5,"Robinson, Mitch",5,2,2,7,0,0,0,1,1,1,1,2,0,2,0,2,5,0,0,2,0,0,57,-54,"Brisbane Lions","2017",7
38,"Rockliff, Tom",21,7,11,32,2,1,0,11,2,6,7,2,4,0,0,12,20,0,0,0,0,1,83,-54,"Brisbane Lions","2017",7
23,"Schache, Josh",8,4,3,11,2,2,0,0,0,2,0,2,2,0,0,5,7,0,1,1,1,1,84,-54,"Brisbane Lions","2017",7
28,"Taylor, Lewis",10,1,7,17,0,1,0,3,1,1,0,1,1,0,0,8,9,0,0,0,0,0,84,-54,"Brisbane Lions","2017",7
15,"Zorko, Dayne",11,5,10,21,1,1,0,6,5,2,4,5,1,1,0,9,13,0,0,1,1,0,89,-54,"Brisbane Lions","2017",7
0,"Rushed",0,0,0,0,0,2,0,0,0,0,0,0,0,0,0,0,0,0,0,0,0,0,0,-54,"Brisbane Lions","2017",7
