"Number","Player","Kicks","Marks","Handballs","Disposals","Goals","Behinds","Hitouts","Tackles","Rebounds50s","Inside50s","Clearances","Clangers","FreesFor","FreesAgainst","BrownlowVotes","ContestedPossessions","UncontestedPossessions","ContestedMarks","MarksInside50","OnePercenters","Bounces","GoalAssists","PercentagePlayed","PointDifference","Team","Season","Round"
1,"Ballantyne, Hayden",7,2,2,9,1,0,0,4,0,1,1,4,0,2,0,3,5,0,1,0,0,0,77,-52,"Fremantle","2017",18
19,"Blakely, Connor",20,9,9,29,0,0,0,2,7,1,4,1,1,0,0,10,17,2,0,2,0,0,85,-52,"Fremantle","2017",18
17,"Crozier, Hayden",8,7,6,14,0,1,0,3,1,1,0,2,0,0,0,4,10,0,0,0,0,1,82,-52,"Fremantle","2017",18
4,"Darcy, Sean",3,3,8,11,0,1,31,6,0,1,3,3,1,2,0,9,4,2,0,3,0,0,86,-52,"Fremantle","2017",18
39,"Deluca, Josh",3,0,8,11,0,1,0,3,0,1,2,4,0,1,0,7,5,0,0,1,0,0,84,-52,"Fremantle","2017",18
7,"Fyfe, Nat",12,2,11,23,1,0,0,5,0,1,7,3,1,1,0,15,8,2,0,1,0,0,87,-52,"Fremantle","2017",18
21,"Hamling, Joel",10,6,11,21,0,0,0,1,2,0,0,2,2,0,0,9,11,1,0,6,0,0,94,-52,"Fremantle","2017",18
9,"Hill, Bradley",14,5,11,25,0,0,0,0,3,5,1,4,1,1,0,5,22,0,0,1,2,1,81,-52,"Fremantle","2017",18
32,"Hill, Stephen",15,3,6,21,0,0,0,2,5,2,2,3,0,1,0,5,17,0,0,2,0,0,80,-52,"Fremantle","2017",18
15,"Hughes, Ethan",8,8,6,14,0,0,0,3,5,1,0,3,0,1,0,5,9,0,0,9,0,0,93,-52,"Fremantle","2017",18
37,"Johnson, Michael",6,4,5,11,0,0,4,3,0,0,0,1,0,0,0,3,8,1,1,1,0,0,87,-52,"Fremantle","2017",18
22,"Kersten, Shane",12,7,6,18,2,2,0,1,0,2,0,1,1,0,0,5,11,0,3,3,0,0,84,-52,"Fremantle","2017",18
2,"Logue, Griffin",9,8,6,15,0,0,0,2,1,1,0,1,1,1,0,5,11,0,0,5,0,0,68,-52,"Fremantle","2017",18
23,"McCarthy, Cam",10,4,1,11,2,0,0,4,0,4,0,4,1,1,0,1,9,0,2,1,0,1,92,-52,"Fremantle","2017",18
16,"Mundy, David",14,1,7,21,0,0,0,2,0,6,3,3,0,0,0,9,12,0,0,0,0,2,80,-52,"Fremantle","2017",18
27,"Neale, Lachie",14,6,13,27,0,0,0,3,1,5,6,2,0,1,0,10,17,0,0,1,0,0,68,-52,"Fremantle","2017",18
43,"Nyhuis, Ryan",6,3,5,11,1,0,0,4,1,3,1,1,1,0,0,4,7,0,1,0,0,1,94,-52,"Fremantle","2017",18
34,"Spurr, Lee",7,3,4,11,0,0,0,1,2,1,1,0,1,0,0,3,8,0,0,5,0,0,82,-52,"Fremantle","2017",18
8,"Suban, Nick",5,2,8,13,0,0,0,4,2,1,1,2,1,1,0,6,8,0,0,3,0,0,84,-52,"Fremantle","2017",18
18,"Tucker, Darcy",3,1,5,8,0,0,0,3,0,1,0,0,0,0,0,1,7,0,0,1,0,0,62,-52,"Fremantle","2017",18
10,"Walters, Michael",8,2,2,10,0,0,0,2,1,1,2,4,3,2,0,7,4,0,1,3,0,0,66,-52,"Fremantle","2017",18
14,"Weller, Lachie",11,8,11,22,0,0,0,0,2,0,1,4,0,1,0,6,16,0,0,2,0,0,83,-52,"Fremantle","2017",18
0,"Rushed",0,0,0,0,0,1,0,0,0,0,0,0,0,0,0,0,0,0,0,0,0,0,0,-52,"Fremantle","2017",18
30,"Brand, Kaiden",9,9,9,18,0,0,0,0,1,1,0,0,0,0,0,3,15,0,0,4,0,0,100,52,"Hawthorn","2017",18
22,"Breust, Luke",14,5,8,22,2,0,0,6,1,6,1,6,1,1,0,10,12,1,0,2,0,2,82,52,"Hawthorn","2017",18
9,"Burgoyne, Shaun",8,5,11,19,1,1,0,4,0,1,0,2,1,1,0,7,12,0,1,1,0,3,74,52,"Hawthorn","2017",18
5,"Burton, Ryan",11,5,10,21,0,0,0,2,3,2,0,3,0,1,0,7,13,1,0,4,0,0,80,52,"Hawthorn","2017",18
8,"Duryea, Taylor",7,5,10,17,0,2,0,0,0,3,0,1,0,0,0,3,14,0,2,3,0,2,86,52,"Hawthorn","2017",18
44,"Glass, Conor",10,5,5,15,0,0,0,2,2,4,0,0,0,0,0,5,10,1,0,5,0,0,82,52,"Hawthorn","2017",18
19,"Gunston, Jack",23,8,12,35,1,0,0,2,5,3,0,1,1,0,2,4,32,0,0,1,0,0,88,52,"Hawthorn","2017",18
37,"Hardwick, Blake",17,6,6,23,0,0,0,2,2,3,0,1,1,1,0,7,14,2,0,6,0,2,84,52,"Hawthorn","2017",18
4,"Hartung, Billy",11,9,9,20,1,0,0,0,1,1,0,3,1,1,0,3,18,0,1,2,5,0,80,52,"Hawthorn","2017",18
31,"Henderson, Ricky",13,10,6,19,2,1,0,2,0,5,0,0,1,0,0,2,17,0,1,0,0,2,73,52,"Hawthorn","2017",18
15,"Hodge, Luke",13,6,8,21,0,0,0,3,3,1,1,3,1,0,0,6,15,1,0,5,0,0,83,52,"Hawthorn","2017",18
17,"Howe, Daniel",7,5,5,12,2,0,0,6,0,1,1,1,0,0,0,5,7,1,0,3,0,0,82,52,"Hawthorn","2017",18
29,"Langford, Will",5,2,11,16,0,1,0,3,1,1,3,6,0,5,0,6,8,0,1,0,0,1,81,52,"Hawthorn","2017",18
7,"McEvoy, Ben",7,6,7,14,1,0,29,2,0,2,3,1,2,1,0,7,9,1,1,7,0,0,82,52,"Hawthorn","2017",18
3,"Mitchell, Tom",16,7,21,37,0,1,0,5,2,2,5,2,1,1,3,10,27,0,1,0,1,2,85,52,"Hawthorn","2017",18
23,"OBrien, Tim",5,3,3,8,1,0,3,4,0,2,0,0,2,0,0,7,1,2,1,2,0,0,66,52,"Hawthorn","2017",18
2,"Roughead, Jarryd",6,3,14,20,2,0,0,3,0,2,0,3,0,0,0,6,14,1,1,1,0,1,89,52,"Hawthorn","2017",18
25,"Schoenmakers, Ryan",9,2,8,17,1,2,0,1,0,1,1,3,1,2,0,6,9,1,0,1,0,0,74,52,"Hawthorn","2017",18
26,"Shiels, Liam",11,5,14,25,0,2,0,5,0,4,4,2,1,0,1,6,17,0,1,1,0,0,82,52,"Hawthorn","2017",18
21,"Sicily, James",15,11,14,29,0,0,0,0,3,1,1,4,1,1,0,12,18,4,0,1,0,0,84,52,"Hawthorn","2017",18
16,"Smith, Isaac",13,6,7,20,1,0,0,2,3,3,2,0,1,0,0,4,16,0,1,1,0,0,85,52,"Hawthorn","2017",18
11,"Whitecross, Brendan",7,7,11,18,0,0,0,1,0,0,1,1,0,0,0,1,16,0,1,1,0,0,78,52,"Hawthorn","2017",18
0,"Totals",237,130,209,446,15,10,32,55,27,49,23,43,16,15,6,127,314,16,13,51,6,15,0,52,"Hawthorn","2017",18
