"Number","Player","Kicks","Marks","Handballs","Disposals","Goals","Behinds","Hitouts","Tackles","Rebounds50s","Inside50s","Clearances","Clangers","FreesFor","FreesAgainst","BrownlowVotes","ContestedPossessions","UncontestedPossessions","ContestedMarks","MarksInside50","OnePercenters","Bounces","GoalAssists","PercentagePlayed","PointDifference","Team","Season","Round"
32,"Bugg, Tomas",8,4,6,14,0,4,0,3,0,1,0,3,1,1,0,8,8,1,4,4,0,1,75,-14,"Melbourne","2017",9
17,"Frost, Sam",8,5,7,15,1,0,0,5,4,1,0,4,1,3,0,7,8,0,0,4,0,1,83,-14,"Melbourne","2017",9
36,"Garlett, Jeff",6,1,1,7,0,0,0,3,1,1,1,0,0,0,0,1,5,0,0,0,2,1,90,-14,"Melbourne","2017",9
19,"Hannan, Mitch",12,5,2,14,3,0,0,1,0,4,1,1,0,0,0,8,5,3,2,1,0,2,83,-14,"Melbourne","2017",9
14,"Hibberd, Michael",17,7,16,33,0,0,0,1,8,4,0,3,1,1,1,6,26,1,0,1,0,0,89,-14,"Melbourne","2017",9
29,"Hunt, Jayden",7,2,5,12,0,0,0,3,3,2,0,5,0,1,0,5,8,0,0,2,2,1,83,-14,"Melbourne","2017",9
39,"Jetta, Neville",5,1,5,10,1,0,0,4,2,1,0,0,1,0,0,6,4,0,1,6,1,0,78,-14,"Melbourne","2017",9
2,"Jones, Nathan",14,0,12,26,1,0,0,6,0,10,0,4,0,1,0,7,19,0,0,1,0,1,86,-14,"Melbourne","2017",9
16,"Kent, Dean",8,4,5,13,1,0,0,2,3,1,0,2,0,0,0,0,13,0,0,2,0,0,77,-14,"Melbourne","2017",9
6,"Lewis, Jordan",7,2,18,25,1,1,0,2,0,1,8,1,1,0,0,11,15,0,1,3,0,1,89,-14,"Melbourne","2017",9
28,"McDonald, Oscar",8,5,4,12,0,0,0,0,3,1,0,6,0,4,0,4,9,1,0,8,0,0,93,-14,"Melbourne","2017",9
25,"McDonald, Tom",10,7,11,21,0,1,5,3,4,2,2,1,0,1,0,11,10,1,0,5,0,0,94,-14,"Melbourne","2017",9
13,"Oliver, Clayton",8,2,18,26,1,1,0,6,0,5,4,3,0,0,0,10,15,0,0,1,0,0,69,-14,"Melbourne","2017",9
21,"Pedersen, Cameron",8,5,10,18,2,0,18,9,1,2,4,2,1,2,0,7,11,1,1,0,0,0,91,-14,"Melbourne","2017",9
5,"Petracca, Christian",7,4,10,17,0,0,0,4,3,5,2,2,0,1,0,10,8,1,0,1,0,0,78,-14,"Melbourne","2017",9
3,"Salem, Christian",7,2,6,13,1,0,0,2,4,1,1,2,1,2,0,3,7,0,0,1,0,0,84,-14,"Melbourne","2017",9
12,"Tyson, Dom",14,4,12,26,0,0,0,2,1,5,4,2,0,1,0,9,17,0,0,1,0,2,69,-14,"Melbourne","2017",9
23,"Vince, Bernie",8,1,4,12,0,1,0,5,0,1,2,2,2,1,0,7,5,0,0,1,0,0,77,-14,"Melbourne","2017",9
7,"Viney, Jack",6,1,15,21,1,0,0,9,0,3,7,2,1,0,0,13,9,0,1,2,0,1,85,-14,"Melbourne","2017",9
42,"Wagner, Josh",3,0,9,12,0,0,0,7,1,0,1,0,0,0,0,4,9,0,0,4,0,0,82,-14,"Melbourne","2017",9
4,"Watts, Jack",4,2,10,14,0,0,5,1,0,2,0,1,0,1,0,5,9,1,0,0,0,0,76,-14,"Melbourne","2017",9
26,"Weideman, Sam",3,5,7,10,0,0,0,0,0,1,2,1,0,1,0,5,5,1,1,1,0,0,69,-14,"Melbourne","2017",9
0,"Rushed",0,0,0,0,0,4,0,0,0,0,0,0,0,0,0,0,0,0,0,0,0,0,0,-14,"Melbourne","2017",9
18,"Atley, Shaun",4,3,11,15,0,0,0,3,1,3,1,1,0,0,0,4,11,0,0,0,0,0,69,14,"North Melbourne","2017",9
50,"Brown, Ben",10,6,3,13,5,2,3,1,1,1,0,2,3,2,3,7,6,2,5,1,0,0,90,14,"North Melbourne","2017",9
13,"Clarke, Ryan",7,3,11,18,0,0,0,2,0,3,4,2,1,0,0,7,11,0,0,1,0,0,70,14,"North Melbourne","2017",9
10,"Cunnington, Ben",11,3,15,26,1,0,0,4,3,1,8,5,1,2,2,17,8,0,0,1,0,0,68,14,"North Melbourne","2017",9
27,"Garner, Taylor",7,3,6,13,2,0,0,4,0,4,1,0,2,0,0,4,9,1,0,0,1,0,72,14,"North Melbourne","2017",9
43,"Gibson, Sam",13,5,13,26,0,0,0,2,1,4,1,1,0,0,0,5,20,0,0,0,0,1,87,14,"North Melbourne","2017",9
22,"Goldstein, Todd",8,3,9,17,0,1,61,8,1,2,2,1,3,0,0,9,5,2,1,1,0,1,97,14,"North Melbourne","2017",9
6,"Hansen, Lachlan",3,5,5,8,0,0,0,2,2,0,0,1,0,1,0,2,6,1,0,4,0,0,90,14,"North Melbourne","2017",9
4,"Higgins, Shaun",11,4,7,18,1,4,0,4,0,3,2,3,1,1,0,7,14,0,3,0,1,1,83,14,"North Melbourne","2017",9
8,"Hrovat, Nathan",10,6,5,15,0,0,0,9,2,3,0,1,1,0,0,4,11,0,0,0,2,0,72,14,"North Melbourne","2017",9
34,"Macmillan, Jamie",11,2,6,17,0,0,0,5,3,1,0,0,0,0,0,3,11,0,0,2,0,0,84,14,"North Melbourne","2017",9
11,"McDonald, Luke",10,4,6,16,1,0,0,9,0,5,2,3,1,0,0,5,11,1,1,1,0,1,72,14,"North Melbourne","2017",9
17,"Mullett, Aaron",8,5,9,17,0,0,0,2,2,2,0,1,0,0,0,4,10,0,0,2,2,0,88,14,"North Melbourne","2017",9
9,"Swallow, Andrew",7,2,10,17,0,0,0,9,1,2,5,4,1,1,0,12,5,0,1,1,0,0,70,14,"North Melbourne","2017",9
25,"Tarrant, Robbie",10,3,5,15,0,0,0,3,3,3,1,1,3,0,0,12,4,2,0,5,0,2,89,14,"North Melbourne","2017",9
16,"Thompson, Scott",10,8,6,16,0,0,0,2,5,4,0,1,0,0,0,4,12,1,0,6,0,1,90,14,"North Melbourne","2017",9
28,"Turner, Kayne",11,6,9,20,0,0,0,6,0,8,0,2,2,0,0,7,13,0,0,0,0,1,80,14,"North Melbourne","2017",9
33,"Vickers-Willis, Ed",3,0,11,14,0,0,0,6,3,1,0,1,3,0,0,8,8,0,0,3,0,1,90,14,"North Melbourne","2017",9
30,"Waite, Jarrad",4,4,6,10,0,1,3,1,0,1,0,2,0,1,0,1,10,0,1,0,0,1,85,14,"North Melbourne","2017",9
2,"Williams, Marley",9,1,7,16,1,0,0,3,5,0,1,3,0,1,0,7,8,0,0,4,0,0,94,14,"North Melbourne","2017",9
32,"Wood, Mason",13,4,3,16,3,3,0,2,0,4,0,2,0,0,0,6,10,0,3,1,0,1,84,14,"North Melbourne","2017",9
7,"Ziebell, Jack",16,5,4,20,1,1,0,7,4,4,6,2,0,1,0,9,11,0,1,2,1,0,76,14,"North Melbourne","2017",9
0,"Rushed",0,0,0,0,0,2,0,0,0,0,0,0,0,0,0,0,0,0,0,0,0,0,0,14,"North Melbourne","2017",9
