"Number","Player","Kicks","Marks","Handballs","Disposals","Goals","Behinds","Hitouts","Tackles","Rebounds50s","Inside50s","Clearances","Clangers","FreesFor","FreesAgainst","BrownlowVotes","ContestedPossessions","UncontestedPossessions","ContestedMarks","MarksInside50","OnePercenters","Bounces","GoalAssists","PercentagePlayed","PointDifference","Team","Season","Round"
12,"Boekhorst, Blaine",11,2,4,15,1,0,0,3,2,3,1,2,0,0,0,4,11,0,0,2,1,0,71,-20,"Carlton","2017",17
7,"Buckley, Dylan",5,0,3,8,0,0,0,1,2,1,0,1,1,0,0,2,4,0,0,0,0,0,53,-20,"Carlton","2017",17
38,"Byrne, Ciaran",7,6,5,12,0,0,0,0,1,1,0,2,0,2,0,3,9,0,0,1,0,0,70,-20,"Carlton","2017",17
41,"Casboult, Levi",5,4,7,12,1,1,4,1,0,1,0,1,1,0,0,5,7,1,1,1,0,0,91,-20,"Carlton","2017",17
30,"Curnow, Charlie",9,8,5,14,2,1,0,1,0,2,0,0,0,0,0,4,11,1,3,1,0,0,84,-20,"Carlton","2017",17
15,"Docherty, Sam",19,9,10,29,0,0,0,4,4,1,1,6,3,4,0,9,22,0,0,4,0,1,91,-20,"Carlton","2017",17
25,"Fisher, Zac",6,2,7,13,0,1,0,4,0,0,0,2,0,1,0,3,11,0,0,0,0,0,79,-20,"Carlton","2017",17
4,"Gibbs, Bryce",20,3,12,32,1,0,0,4,4,3,8,7,4,2,1,10,19,0,1,0,0,0,86,-20,"Carlton","2017",17
32,"Graham, Nick",14,5,9,23,1,0,0,4,1,6,6,3,3,1,0,10,13,0,1,0,0,2,77,-20,"Carlton","2017",17
14,"Jones, Liam",8,6,1,9,0,0,0,3,1,1,0,1,1,1,0,2,7,1,0,7,0,0,95,-20,"Carlton","2017",17
11,"Kerridge, Sam",12,5,18,30,0,1,0,2,3,2,3,5,1,2,0,12,19,0,1,2,1,1,87,-20,"Carlton","2017",17
8,"Kreuzer, Matthew",5,4,7,12,0,0,50,1,1,2,5,2,0,0,0,9,5,1,0,2,0,0,87,-20,"Carlton","2017",17
13,"Lamb, Jed",16,7,6,22,0,0,0,3,0,6,1,3,2,0,0,6,15,0,0,0,0,2,88,-20,"Carlton","2017",17
3,"Murphy, Marc",19,7,8,27,0,0,0,4,2,3,1,5,1,2,0,7,20,0,0,0,1,1,95,-20,"Carlton","2017",17
5,"Petrevski-Seton, Sam",8,4,5,13,0,0,0,5,0,3,4,3,0,2,0,7,6,0,0,1,0,1,75,-20,"Carlton","2017",17
20,"Plowman, Lachie",7,6,7,14,0,0,0,2,3,0,0,0,0,0,0,6,9,0,0,5,0,0,96,-20,"Carlton","2017",17
44,"Silvagni, Alex",4,5,3,7,0,0,0,6,2,0,0,1,0,1,0,4,4,1,0,3,0,0,60,-20,"Carlton","2017",17
1,"Silvagni, Jack",11,9,3,14,0,1,0,3,0,2,0,1,1,0,0,1,13,0,1,0,0,0,81,-20,"Carlton","2017",17
6,"Simpson, Kade",17,7,6,23,0,0,0,5,7,1,2,2,1,0,0,7,14,0,1,0,0,0,97,-20,"Carlton","2017",17
19,"Sumner, Liam",4,1,2,6,0,0,0,0,0,0,0,1,0,1,0,3,3,0,0,0,0,0,69,-20,"Carlton","2017",17
23,"Weitering, Jacob",7,5,3,10,0,1,0,2,1,1,0,3,2,0,0,8,4,2,0,6,0,0,88,-20,"Carlton","2017",17
46,"Wright, Matthew",10,8,5,15,3,0,0,0,2,1,0,0,0,0,0,6,9,2,5,0,0,1,81,-20,"Carlton","2017",17
0,"Rushed",0,0,0,0,0,2,0,0,0,0,0,0,0,0,0,0,0,0,0,0,0,0,0,-20,"Carlton","2017",17
24,"Biggs, Shane",13,4,9,22,0,0,0,1,2,1,0,1,0,0,0,6,14,0,0,4,1,1,78,20,"Western Bulldogs","2017",17
4,"Bontempelli, Marcus",19,6,11,30,2,1,0,4,1,6,5,7,4,4,3,13,17,3,0,2,1,0,90,20,"Western Bulldogs","2017",17
12,"Cordy, Zaine",8,5,6,14,0,0,0,4,0,0,0,1,1,0,0,7,8,0,0,6,0,0,95,20,"Western Bulldogs","2017",17
6,"Dahlhaus, Luke",10,3,19,29,0,0,0,4,1,6,2,6,1,0,0,8,21,1,0,1,1,0,79,20,"Western Bulldogs","2017",17
31,"Dale, Bailey",18,5,9,27,2,1,0,1,3,3,2,1,0,0,0,5,22,0,2,1,0,1,82,20,"Western Bulldogs","2017",17
35,"Daniel, Caleb",18,2,7,25,0,0,0,0,1,4,1,7,0,2,0,7,17,0,0,2,0,1,87,20,"Western Bulldogs","2017",17
22,"Honeychurch, Mitch",6,4,11,17,1,2,0,4,0,4,3,3,3,1,0,6,11,0,1,4,1,0,85,20,"Western Bulldogs","2017",17
7,"Hunter, Lachie",9,7,3,12,1,1,0,5,1,2,0,3,1,1,0,2,10,1,1,1,1,1,92,20,"Western Bulldogs","2017",17
39,"Johannisen, Jason",13,2,10,23,1,1,0,1,4,3,2,2,1,0,0,8,13,0,1,0,1,0,92,20,"Western Bulldogs","2017",17
21,"Liberatore, Tom",4,5,14,18,0,0,0,7,0,0,5,1,1,1,0,8,11,0,2,3,0,0,82,20,"Western Bulldogs","2017",17
11,"Macrae, Jack",14,8,17,31,0,0,0,6,1,5,2,2,2,1,2,9,22,0,0,0,3,2,89,20,"Western Bulldogs","2017",17
16,"McLean, Toby",12,4,14,26,2,1,0,5,3,2,3,3,1,1,0,10,17,1,1,0,0,1,80,20,"Western Bulldogs","2017",17
38,"Morris, Dale",3,5,8,11,0,0,0,1,1,0,0,0,0,0,0,3,8,1,0,13,0,0,86,20,"Western Bulldogs","2017",17
2,"Murphy, Robert",6,2,14,20,0,0,0,0,0,2,0,3,0,2,0,3,17,0,1,0,0,0,75,20,"Western Bulldogs","2017",17
42,"Picken, Liam",9,6,9,18,1,1,0,2,1,1,0,3,0,1,0,5,12,2,2,2,0,1,87,20,"Western Bulldogs","2017",17
43,"Redpath, Jack",3,2,3,6,0,0,1,1,0,2,0,3,0,2,0,2,4,0,0,1,0,1,81,20,"Western Bulldogs","2017",17
23,"Roughead, Jordan",3,4,4,7,0,0,18,7,0,2,3,1,0,0,0,5,2,2,0,4,0,0,90,20,"Western Bulldogs","2017",17
9,"Stringer, Jake",2,1,5,7,1,0,0,1,0,1,1,1,0,1,0,2,4,0,0,0,0,0,24,20,"Western Bulldogs","2017",17
1,"Suckling, Matt",19,3,6,25,0,0,0,3,4,3,0,1,0,1,0,5,14,0,0,0,1,0,79,20,"Western Bulldogs","2017",17
3,"Wallis, Mitch",7,3,18,25,1,0,0,3,1,1,4,3,3,1,0,16,9,1,0,0,0,0,81,20,"Western Bulldogs","2017",17
34,"Williams, Bailey",7,7,7,14,0,0,0,1,4,1,0,1,1,0,0,3,12,1,0,1,0,0,84,20,"Western Bulldogs","2017",17
33,"Young, Lewis",10,9,11,21,0,0,0,0,1,1,0,4,0,2,0,5,16,2,0,1,1,0,85,20,"Western Bulldogs","2017",17
0,"Rushed",0,0,0,0,0,2,0,0,0,0,0,0,0,0,0,0,0,0,0,0,0,0,0,20,"Western Bulldogs","2017",17
