"Number","Player","Kicks","Marks","Handballs","Disposals","Goals","Behinds","Hitouts","Tackles","Rebounds50s","Inside50s","Clearances","Clangers","FreesFor","FreesAgainst","BrownlowVotes","ContestedPossessions","UncontestedPossessions","ContestedMarks","MarksInside50","OnePercenters","Bounces","GoalAssists","PercentagePlayed","PointDifference","Team","Season","Round"
21,"Atkins, Rory",24,6,13,37,0,1,0,4,5,5,4,6,0,1,3,11,25,1,1,4,2,1,79,100,"Adelaide","2017",10
18,"Betts, Eddie",9,3,5,14,3,2,0,4,0,3,0,4,0,4,0,7,7,1,1,3,0,0,84,100,"Adelaide","2017",10
16,"Brown, Luke",10,5,6,16,0,0,0,2,3,3,1,3,1,0,0,7,8,0,0,3,4,0,87,100,"Adelaide","2017",10
23,"Cameron, Charlie",9,2,4,13,3,0,0,4,0,3,0,1,1,0,0,5,7,0,1,1,1,1,88,100,"Adelaide","2017",10
2,"Crouch, Brad",12,2,18,30,0,1,0,6,3,6,8,6,3,2,0,16,12,0,1,1,1,2,76,100,"Adelaide","2017",10
44,"Crouch, Matt",18,3,17,35,0,0,0,6,0,5,5,5,0,1,0,13,20,0,0,1,0,1,79,100,"Adelaide","2017",10
26,"Douglas, Richard",8,2,11,19,0,0,0,5,0,2,4,1,1,1,0,11,9,0,0,3,0,1,80,100,"Adelaide","2017",10
20,"Greenwood, Hugh",4,1,7,11,0,1,0,6,0,1,1,2,1,0,0,10,4,0,0,2,0,0,62,100,"Adelaide","2017",10
15,"Hartigan, Kyle",9,4,5,14,0,0,0,0,2,3,0,2,0,0,0,4,11,0,0,8,1,0,87,100,"Adelaide","2017",10
24,"Jacobs, Sam",7,5,6,13,1,1,40,3,0,3,2,3,0,1,0,4,9,1,1,3,0,1,84,100,"Adelaide","2017",10
4,"Jenkins, Josh",11,7,3,14,3,1,9,6,1,3,1,1,1,0,0,7,8,2,1,2,0,0,88,100,"Adelaide","2017",10
8,"Kelly, Jake",9,3,8,17,0,0,0,8,1,1,0,2,1,0,0,6,11,1,0,0,0,0,80,100,"Adelaide","2017",10
29,"Laird, Rory",15,3,12,27,0,0,0,0,5,2,1,3,0,0,0,11,17,0,0,2,0,0,87,100,"Adelaide","2017",10
6,"Lever, Jake",20,11,9,29,0,0,0,0,6,6,0,4,0,0,0,7,20,0,0,8,0,1,86,100,"Adelaide","2017",10
27,"Lynch, Tom",12,4,9,21,0,1,0,1,0,3,3,2,0,0,0,9,10,1,0,1,0,1,88,100,"Adelaide","2017",10
14,"Mackay, David",13,2,4,17,0,2,0,3,1,5,1,2,1,0,0,4,14,0,0,2,0,0,81,100,"Adelaide","2017",10
30,"Milera, Wayne",11,5,5,16,3,1,0,4,0,2,1,2,1,2,0,5,11,0,1,0,0,0,71,100,"Adelaide","2017",10
22,"Otten, Andy",11,8,6,17,4,0,0,4,0,2,0,4,1,1,1,9,9,3,4,2,0,1,77,100,"Adelaide","2017",10
9,"Sloane, Rory",17,5,13,30,2,1,0,13,1,5,8,3,3,1,2,17,16,1,1,9,0,0,80,100,"Adelaide","2017",10
33,"Smith, Brodie",13,4,7,20,0,1,0,1,2,6,1,1,1,1,0,6,12,0,0,2,0,1,79,100,"Adelaide","2017",10
12,"Talia, Daniel",11,5,7,18,0,0,0,1,3,1,0,2,3,1,0,6,11,0,0,8,0,0,94,100,"Adelaide","2017",10
13,"Walker, Taylor",7,3,0,7,1,2,0,2,0,2,0,4,0,3,0,2,4,0,1,1,0,0,84,100,"Adelaide","2017",10
0,"Rushed",0,0,0,0,0,8,0,0,0,0,0,0,0,0,0,0,0,0,0,0,0,0,0,100,"Adelaide","2017",10
19,"Blakely, Connor",16,3,13,29,0,2,0,8,2,3,12,3,2,0,0,14,11,0,0,2,0,1,75,-100,"Fremantle","2017",10
17,"Crozier, Hayden",9,2,4,13,0,0,0,6,5,0,0,2,0,1,0,3,9,1,0,2,0,0,80,-100,"Fremantle","2017",10
7,"Fyfe, Nat",12,2,13,25,1,0,0,6,2,5,5,13,0,6,0,13,13,1,0,6,1,1,89,-100,"Fremantle","2017",10
28,"Grey, Brady",8,1,4,12,0,0,0,5,1,2,3,1,1,0,0,8,4,0,0,1,0,0,75,-100,"Fremantle","2017",10
12,"Griffin, Jonathon",5,0,1,6,0,0,31,3,2,1,2,0,2,0,0,4,2,0,0,11,0,0,87,-100,"Fremantle","2017",10
21,"Hamling, Joel",10,7,7,17,0,0,0,3,5,1,0,4,2,1,0,5,11,0,0,6,0,0,95,-100,"Fremantle","2017",10
9,"Hill, Bradley",8,5,5,13,0,0,0,1,0,5,2,5,0,1,0,4,10,0,0,1,1,0,81,-100,"Fremantle","2017",10
32,"Hill, Stephen",13,1,4,17,0,0,0,1,1,1,1,2,0,0,0,5,10,0,0,4,0,0,78,-100,"Fremantle","2017",10
15,"Hughes, Ethan",8,4,7,15,0,0,0,3,2,2,0,2,0,1,0,4,11,0,0,1,0,0,84,-100,"Fremantle","2017",10
5,"Ibbotson, Garrick",11,4,6,17,0,0,0,1,3,0,0,6,2,0,0,7,8,0,0,1,0,0,87,-100,"Fremantle","2017",10
37,"Johnson, Michael",8,2,6,14,0,0,0,1,3,0,0,4,1,1,0,5,10,0,0,4,0,0,89,-100,"Fremantle","2017",10
22,"Kersten, Shane",6,2,4,10,0,1,0,1,0,2,0,1,0,0,0,5,3,2,0,0,0,0,89,-100,"Fremantle","2017",10
23,"McCarthy, Cam",7,1,3,10,1,1,0,1,1,2,0,1,0,0,0,4,4,0,0,0,0,0,86,-100,"Fremantle","2017",10
16,"Mundy, David",4,1,3,7,0,1,0,6,1,0,1,1,0,0,0,5,2,0,1,0,0,1,78,-100,"Fremantle","2017",10
27,"Neale, Lachie",5,1,12,17,0,0,0,5,0,2,2,4,1,1,0,9,5,0,0,1,0,0,70,-100,"Fremantle","2017",10
6,"Pearce, Danyle",9,0,4,13,0,0,0,6,2,3,0,3,0,1,0,6,5,0,0,1,0,0,78,-100,"Fremantle","2017",10
34,"Spurr, Lee",13,4,2,15,0,0,0,1,4,1,0,2,4,0,0,7,8,0,0,2,0,0,87,-100,"Fremantle","2017",10
33,"Sutcliffe, Cam",9,2,6,15,0,1,0,5,1,3,3,1,0,0,0,5,10,0,0,3,0,0,79,-100,"Fremantle","2017",10
20,"Taberner, Matthew",5,1,2,7,0,0,3,4,0,0,1,6,1,3,0,1,4,0,0,2,0,0,81,-100,"Fremantle","2017",10
18,"Tucker, Darcy",13,4,7,20,2,0,0,1,2,3,0,1,0,0,0,8,12,1,0,1,0,0,70,-100,"Fremantle","2017",10
10,"Walters, Michael",5,1,6,11,0,0,0,4,0,3,3,3,1,3,0,8,4,0,0,2,1,1,77,-100,"Fremantle","2017",10
14,"Weller, Lachie",19,4,11,30,2,0,0,1,7,1,1,2,2,0,0,9,17,0,1,4,0,0,87,-100,"Fremantle","2017",10
0,"Rushed",0,0,0,0,0,1,0,0,0,0,0,0,0,0,0,0,0,0,0,0,0,0,0,-100,"Fremantle","2017",10
