"Number","Player","Kicks","Marks","Handballs","Disposals","Goals","Behinds","Hitouts","Tackles","Rebounds50s","Inside50s","Clearances","Clangers","FreesFor","FreesAgainst","BrownlowVotes","ContestedPossessions","UncontestedPossessions","ContestedMarks","MarksInside50","OnePercenters","Bounces","GoalAssists","PercentagePlayed","PointDifference","Team","Season","Round"
41,"Casboult, Levi",9,7,3,12,2,1,8,3,0,2,1,1,1,0,0,7,5,5,2,4,0,0,86,-12,"Carlton","2017",15
9,"Cripps, Patrick",8,6,21,29,1,1,0,6,3,2,9,2,2,1,0,19,10,3,2,3,0,1,91,-12,"Carlton","2017",15
28,"Cuningham, David",7,3,3,10,1,0,0,4,0,2,1,2,0,1,0,4,6,0,1,0,0,1,68,-12,"Carlton","2017",15
30,"Curnow, Charlie",18,11,4,22,1,0,1,0,0,4,2,5,1,2,0,7,12,4,2,2,0,0,80,-12,"Carlton","2017",15
15,"Docherty, Sam",23,11,7,30,0,0,0,4,3,3,1,1,0,0,0,4,25,0,0,4,3,1,94,-12,"Carlton","2017",15
25,"Fisher, Zac",4,0,5,9,0,0,0,4,0,0,1,1,0,0,0,7,2,0,0,0,0,0,68,-12,"Carlton","2017",15
4,"Gibbs, Bryce",16,5,14,30,2,0,0,15,0,4,7,3,0,1,1,17,14,1,1,2,0,1,87,-12,"Carlton","2017",15
32,"Graham, Nick",14,8,10,24,0,1,0,2,3,1,1,3,1,1,0,6,19,0,0,0,0,0,69,-12,"Carlton","2017",15
14,"Jones, Liam",12,9,7,19,0,0,0,3,3,1,0,1,3,0,3,12,8,5,0,10,0,0,98,-12,"Carlton","2017",15
11,"Kerridge, Sam",14,5,13,27,1,0,0,5,6,4,0,3,1,1,0,9,18,0,0,0,2,0,90,-12,"Carlton","2017",15
8,"Kreuzer, Matthew",10,8,4,14,0,0,42,5,1,2,1,1,1,1,0,8,6,4,1,1,0,0,88,-12,"Carlton","2017",15
22,"Marchbank, Caleb",11,3,3,14,0,0,0,0,3,2,0,2,2,2,0,6,8,0,0,6,0,0,70,-12,"Carlton","2017",15
3,"Murphy, Marc",16,6,13,29,0,0,0,9,3,5,2,2,2,0,0,6,23,0,0,0,0,0,90,-12,"Carlton","2017",15
20,"Plowman, Lachie",5,4,7,12,0,0,0,0,2,1,1,1,0,0,0,6,7,0,0,5,0,0,88,-12,"Carlton","2017",15
21,"Sheehan, Ciaran",6,2,4,10,0,0,0,1,1,3,0,2,0,1,0,4,7,0,0,3,0,0,79,-12,"Carlton","2017",15
1,"Silvagni, Jack",3,2,2,5,1,0,0,6,0,3,0,1,0,0,0,0,5,0,0,1,2,0,80,-12,"Carlton","2017",15
6,"Simpson, Kade",16,7,10,26,0,0,0,3,1,5,3,2,1,1,0,5,21,0,0,1,4,2,94,-12,"Carlton","2017",15
19,"Sumner, Liam",3,3,1,4,1,1,0,2,0,1,0,1,0,1,0,1,3,0,2,2,0,0,68,-12,"Carlton","2017",15
39,"Thomas, Dale",11,7,7,18,1,0,0,1,0,3,1,6,1,1,0,5,13,0,1,1,1,0,73,-12,"Carlton","2017",15
23,"Weitering, Jacob",13,4,9,22,0,0,0,0,3,0,0,1,2,0,0,9,10,1,0,3,2,0,80,-12,"Carlton","2017",15
43,"White, Simon",12,6,6,18,0,0,0,3,1,1,0,3,1,0,0,5,13,0,0,2,0,0,80,-12,"Carlton","2017",15
46,"Wright, Matthew",9,0,1,10,1,0,0,7,0,1,2,2,1,1,0,4,8,0,0,2,0,0,79,-12,"Carlton","2017",15
0,"Rushed",0,0,0,0,0,1,0,0,0,0,0,0,0,0,0,0,0,0,0,0,0,0,0,-12,"Carlton","2017",15
21,"Atkins, Rory",5,4,10,15,0,1,0,1,1,1,0,2,1,2,0,5,10,1,1,0,2,1,85,12,"Adelaide","2017",15
1,"Beech, Jonathon",3,4,8,11,0,0,0,2,0,4,0,2,0,2,0,4,7,0,0,0,0,0,71,12,"Adelaide","2017",15
18,"Betts, Eddie",9,3,2,11,2,2,0,6,0,1,3,2,0,0,0,5,5,0,3,1,0,1,84,12,"Adelaide","2017",15
16,"Brown, Luke",10,6,5,15,0,0,0,2,2,2,0,1,0,1,0,6,9,1,0,0,0,0,80,12,"Adelaide","2017",15
2,"Crouch, Brad",14,5,16,30,0,1,0,10,1,5,6,3,1,0,2,10,19,0,1,2,0,0,84,12,"Adelaide","2017",15
44,"Crouch, Matt",12,1,17,29,1,0,0,5,3,1,9,2,0,0,0,14,16,0,0,3,0,1,75,12,"Adelaide","2017",15
26,"Douglas, Richard",18,2,7,25,0,0,0,3,3,7,8,6,1,2,0,13,13,0,0,0,2,2,82,12,"Adelaide","2017",15
20,"Greenwood, Hugh",3,1,9,12,0,0,0,9,0,1,3,0,0,0,0,7,5,1,0,1,0,1,62,12,"Adelaide","2017",15
15,"Hartigan, Kyle",1,0,0,1,0,0,0,1,0,0,0,1,0,0,0,0,1,0,0,2,0,0,58,12,"Adelaide","2017",15
24,"Jacobs, Sam",3,2,7,10,1,0,31,3,0,1,3,2,0,1,0,7,4,1,0,4,0,0,85,12,"Adelaide","2017",15
4,"Jenkins, Josh",10,5,3,13,3,1,9,13,0,3,0,4,1,2,0,6,8,2,2,1,0,0,90,12,"Adelaide","2017",15
8,"Kelly, Jake",5,1,6,11,0,0,0,3,1,0,0,2,1,1,0,3,8,0,0,0,0,0,77,12,"Adelaide","2017",15
3,"Knight, Riley",5,4,13,18,2,1,0,5,0,0,0,3,1,0,0,7,12,0,1,2,0,0,85,12,"Adelaide","2017",15
29,"Laird, Rory",12,5,13,25,0,0,0,1,9,1,1,5,1,2,0,7,17,0,0,2,0,0,84,12,"Adelaide","2017",15
6,"Lever, Jake",8,3,6,14,0,0,0,6,4,0,0,1,3,0,0,10,5,0,0,4,0,0,96,12,"Adelaide","2017",15
14,"Mackay, David",15,3,6,21,0,0,0,3,4,4,3,5,2,1,0,8,13,0,0,0,0,0,88,12,"Adelaide","2017",15
41,"McGovern, Mitch",6,6,3,9,1,0,0,3,0,3,0,0,1,0,0,4,6,1,2,1,0,2,82,12,"Adelaide","2017",15
30,"Milera, Wayne",7,2,5,12,0,0,0,1,1,4,1,0,1,0,0,4,8,0,0,0,0,0,68,12,"Adelaide","2017",15
9,"Sloane, Rory",11,4,8,19,1,0,0,6,1,4,0,3,1,3,0,6,14,1,1,4,0,0,87,12,"Adelaide","2017",15
33,"Smith, Brodie",18,6,12,30,1,1,0,0,4,5,1,3,0,1,0,8,21,1,1,2,1,0,89,12,"Adelaide","2017",15
12,"Talia, Daniel",5,2,4,9,0,0,0,1,1,0,0,0,0,0,0,2,7,1,0,4,0,0,98,12,"Adelaide","2017",15
13,"Walker, Taylor",5,4,8,13,1,2,0,3,0,3,0,3,0,2,0,4,10,0,0,2,0,0,89,12,"Adelaide","2017",15
0,"Rushed",0,0,0,0,0,2,0,0,0,0,0,0,0,0,0,0,0,0,0,0,0,0,0,12,"Adelaide","2017",15
