"Number","Player","Kicks","Marks","Handballs","Disposals","Goals","Behinds","Hitouts","Tackles","Rebounds50s","Inside50s","Clearances","Clangers","FreesFor","FreesAgainst","BrownlowVotes","ContestedPossessions","UncontestedPossessions","ContestedMarks","MarksInside50","OnePercenters","Bounces","GoalAssists","PercentagePlayed","PointDifference","Team","Season","Round"
8,"Acres, Blake",13,4,17,30,1,1,0,3,1,4,0,1,1,0,0,6,24,1,1,1,3,2,77,49,"St Kilda","2017",22
15,"Billings, Jack",8,8,17,25,1,2,0,3,0,6,1,0,0,0,0,6,19,0,1,0,0,2,92,49,"St Kilda","2017",22
22,"Brown, Nathan",0,1,6,6,0,0,0,1,1,0,0,1,0,1,0,3,3,0,0,7,0,0,90,49,"St Kilda","2017",22
27,"Bruce, Josh",9,8,4,13,3,3,1,1,0,1,0,3,1,0,0,5,8,2,6,4,0,0,89,49,"St Kilda","2017",22
2,"Carlisle, Jake",9,6,3,12,0,0,0,2,2,1,0,2,0,1,0,3,9,0,0,2,0,0,97,49,"St Kilda","2017",22
7,"Dunstan, Luke",15,4,17,32,0,2,0,6,1,2,6,2,1,0,1,11,21,0,2,1,0,3,72,49,"St Kilda","2017",22
14,"Geary, Jarryn",8,5,9,17,0,0,0,7,0,2,0,0,0,0,0,6,10,2,0,0,0,0,91,49,"St Kilda","2017",22
19,"Gilbert, Sam",4,4,4,8,0,0,0,2,2,1,0,1,0,1,0,3,6,0,0,1,0,0,60,49,"St Kilda","2017",22
4,"Gresham, Jade",10,3,6,16,3,1,0,1,1,4,4,1,0,0,0,6,9,0,0,0,4,1,88,49,"St Kilda","2017",22
18,"Longer, Billy",2,1,4,6,0,1,33,3,0,0,4,0,1,0,0,4,2,0,0,6,0,0,83,49,"St Kilda","2017",22
28,"Membrey, Tim",11,8,3,14,3,0,0,0,0,3,0,2,0,0,0,4,10,1,1,3,0,1,84,49,"St Kilda","2017",22
16,"Newnes, Jack",10,8,15,25,0,1,0,3,2,6,1,2,0,2,0,4,21,0,0,1,2,0,90,49,"St Kilda","2017",22
12,"Riewoldt, Nick",9,8,6,15,2,0,0,2,1,3,1,3,3,0,0,5,10,1,2,0,0,0,87,49,"St Kilda","2017",22
17,"Roberton, Dylan",10,5,9,19,0,0,0,3,2,2,0,2,0,1,0,6,12,0,0,2,1,0,90,49,"St Kilda","2017",22
6,"Ross, Sebastian",12,2,24,36,0,1,0,4,4,6,7,3,0,0,2,11,25,0,0,1,1,1,74,49,"St Kilda","2017",22
5,"Savage, Shane",15,4,4,19,2,0,0,1,2,4,0,3,0,0,0,3,17,0,1,2,0,0,82,49,"St Kilda","2017",22
35,"Sinclair, Jack",10,3,13,23,1,0,0,5,0,5,2,2,0,1,0,7,14,0,0,3,1,1,86,49,"St Kilda","2017",22
9,"Steele, Jack",8,3,14,22,1,0,0,11,1,1,4,1,2,1,0,8,14,0,1,0,0,0,78,49,"St Kilda","2017",22
3,"Steven, Jack",14,1,26,40,0,1,0,5,1,5,11,1,2,1,3,15,28,0,0,2,0,3,80,49,"St Kilda","2017",22
25,"Stevens, Koby",6,7,18,24,0,0,0,3,2,1,2,3,0,2,0,6,21,0,0,0,0,0,73,49,"St Kilda","2017",22
29,"Webster, Jimmy",11,2,7,18,0,0,0,1,6,2,1,2,0,0,0,3,15,0,0,2,0,0,72,49,"St Kilda","2017",22
44,"Weller, Maverick",7,3,5,12,1,0,0,3,0,2,1,2,1,1,0,7,6,0,0,0,0,1,66,49,"St Kilda","2017",22
0,"Rushed",0,0,0,0,0,6,0,0,0,0,0,0,0,0,0,0,0,0,0,0,0,0,0,49,"St Kilda","2017",22
18,"Atley, Shaun",11,3,6,17,0,0,0,2,1,3,0,3,0,0,0,2,15,0,1,2,2,1,88,-49,"North Melbourne","2017",22
50,"Brown, Ben",9,8,0,9,2,2,0,2,0,3,0,0,1,0,0,4,5,4,4,0,0,1,100,-49,"North Melbourne","2017",22
13,"Clarke, Ryan",12,4,13,25,0,0,0,1,7,1,0,2,0,0,0,2,18,0,0,0,0,0,84,-49,"North Melbourne","2017",22
10,"Cunnington, Ben",12,5,24,36,2,0,0,7,4,0,3,5,2,2,0,22,14,1,1,1,0,1,79,-49,"North Melbourne","2017",22
14,"Dumont, Trent",10,1,8,18,0,0,0,4,2,2,2,1,0,0,0,5,13,0,0,0,0,0,86,-49,"North Melbourne","2017",22
24,"Durdin, Sam",3,2,4,7,0,0,0,2,2,0,1,2,0,2,0,3,4,0,0,4,0,0,90,-49,"North Melbourne","2017",22
27,"Garner, Taylor",9,6,15,24,2,0,0,1,1,5,1,3,0,1,0,9,15,2,1,4,0,0,90,-49,"North Melbourne","2017",22
43,"Gibson, Sam",10,5,11,21,1,0,0,5,2,2,1,1,0,0,0,3,17,1,1,2,0,1,91,-49,"North Melbourne","2017",22
22,"Goldstein, Todd",5,7,10,15,1,0,24,3,0,2,0,1,0,0,0,6,9,1,1,1,0,0,70,-49,"North Melbourne","2017",22
4,"Higgins, Shaun",14,4,18,32,0,1,0,4,1,6,10,3,0,0,0,14,17,1,1,0,0,2,86,-49,"North Melbourne","2017",22
8,"Hrovat, Nathan",6,5,4,10,2,1,0,1,0,0,1,0,0,0,0,3,7,0,5,1,0,0,79,-49,"North Melbourne","2017",22
11,"McDonald, Luke",11,5,15,26,0,0,0,3,2,4,2,5,1,1,0,8,18,0,0,3,0,0,85,-49,"North Melbourne","2017",22
42,"Mountford, Declan",10,5,10,20,0,0,0,4,2,1,0,4,2,1,0,5,15,1,0,1,4,1,87,-49,"North Melbourne","2017",22
26,"Nielson, Dan",0,0,0,0,0,0,0,0,0,0,0,0,0,0,0,0,0,0,0,0,0,0,20,-49,"North Melbourne","2017",22
31,"Preuss, Braydon",5,4,3,8,0,1,13,0,1,2,0,2,0,1,0,4,5,0,1,2,0,0,71,-49,"North Melbourne","2017",22
21,"Simpkin, Jy",4,3,7,11,1,0,0,2,0,2,0,1,1,0,0,6,6,1,0,1,1,0,75,-49,"North Melbourne","2017",22
9,"Swallow, Andrew",9,3,11,20,0,0,0,7,3,2,5,4,0,1,0,12,8,1,0,2,0,0,81,-49,"North Melbourne","2017",22
25,"Tarrant, Robbie",14,4,6,20,0,0,0,1,7,2,0,4,0,2,0,7,9,1,0,4,0,0,92,-49,"North Melbourne","2017",22
16,"Thompson, Scott",7,6,11,18,0,0,0,3,2,1,0,3,0,1,0,9,7,2,0,9,0,0,93,-49,"North Melbourne","2017",22
28,"Turner, Kayne",5,1,13,18,0,0,0,5,1,1,0,1,2,0,0,5,14,0,0,2,0,1,86,-49,"North Melbourne","2017",22
7,"Ziebell, Jack",7,2,7,14,1,0,0,3,0,2,0,3,2,0,0,7,7,0,1,0,0,0,90,-49,"North Melbourne","2017",22
44,"Zurhaar, Cameron",6,3,1,7,0,1,0,4,0,3,0,0,1,0,0,2,5,0,1,1,0,1,77,-49,"North Melbourne","2017",22
0,"Totals",179,86,197,376,12,6,37,64,38,44,26,48,12,12,0,138,228,16,18,40,7,9,0,-49,"North Melbourne","2017",22
