"Number","Player","Kicks","Marks","Handballs","Disposals","Goals","Behinds","Hitouts","Tackles","Rebounds50s","Inside50s","Clearances","Clangers","FreesFor","FreesAgainst","BrownlowVotes","ContestedPossessions","UncontestedPossessions","ContestedMarks","MarksInside50","OnePercenters","Bounces","GoalAssists","PercentagePlayed","PointDifference","Team","Season","Round"
12,"Astbury, David",10,9,5,15,0,0,0,1,2,3,0,3,0,1,0,3,11,2,0,3,0,0,89,31,"Richmond","2017",17
35,"Broad, Nathan",9,4,2,11,0,0,0,2,0,0,0,0,3,0,0,3,8,0,0,4,0,0,72,31,"Richmond","2017",17
40,"Butler, Dan",10,4,6,16,3,0,0,7,0,2,0,2,1,1,0,6,11,0,0,0,2,0,79,31,"Richmond","2017",17
22,"Caddy, Josh",8,1,11,19,0,0,0,4,2,4,4,2,1,1,0,12,8,1,0,1,0,0,85,31,"Richmond","2017",17
46,"Castagna, Jason",6,2,4,10,2,1,0,1,0,0,1,1,1,0,0,4,6,0,2,0,1,0,78,31,"Richmond","2017",17
9,"Cotchin, Trent",13,4,15,28,1,1,0,6,1,5,3,4,2,0,1,15,14,1,0,2,2,5,79,31,"Richmond","2017",17
10,"Edwards, Shane",9,3,12,21,1,2,0,1,0,2,3,3,0,1,0,8,13,1,2,3,1,2,82,31,"Richmond","2017",17
5,"Ellis, Brandon",15,5,12,27,1,0,0,1,6,2,1,1,0,0,0,5,21,0,0,1,1,0,88,31,"Richmond","2017",17
6,"Grigg, Shaun",6,1,15,21,0,0,0,1,0,0,2,2,1,0,0,8,13,0,0,1,0,1,89,31,"Richmond","2017",17
2,"Grimes, Dylan",3,1,6,9,0,1,0,1,0,2,0,2,0,1,0,2,8,0,0,3,0,0,79,31,"Richmond","2017",17
23,"Lambert, Kane",8,2,14,22,0,0,0,4,0,3,3,1,0,0,0,6,15,0,0,0,0,0,77,31,"Richmond","2017",17
4,"Martin, Dustin",24,4,16,40,2,2,0,2,0,12,14,11,2,3,3,18,18,0,1,0,1,0,80,31,"Richmond","2017",17
33,"McIntosh, Kamdyn",10,6,5,15,0,1,0,1,1,4,0,2,0,1,0,2,13,1,1,0,3,0,85,31,"Richmond","2017",17
26,"Miles, Anthony",10,8,14,24,0,0,0,4,2,2,3,2,1,2,0,9,17,0,0,3,0,1,74,31,"Richmond","2017",17
25,"Nankervis, Toby",5,4,13,18,0,0,14,2,0,4,2,5,0,2,0,10,9,1,0,3,0,2,77,31,"Richmond","2017",17
3,"Prestia, Dion",14,2,5,19,1,1,0,4,2,5,3,0,1,0,0,5,13,0,0,2,2,0,90,31,"Richmond","2017",17
18,"Rance, Alex",5,3,8,13,0,0,0,1,2,1,0,3,2,3,0,7,7,0,0,6,0,0,100,31,"Richmond","2017",17
8,"Riewoldt, Jack",11,6,3,14,4,4,0,2,0,5,0,3,1,1,2,7,9,2,5,4,0,0,94,31,"Richmond","2017",17
17,"Rioli, Daniel",6,6,7,13,1,0,0,1,0,1,0,6,0,3,0,5,12,0,1,3,0,2,77,31,"Richmond","2017",17
15,"Short, Jayden",17,5,2,19,0,0,0,0,3,5,0,6,0,1,0,1,18,0,0,0,2,0,86,31,"Richmond","2017",17
47,"Soldo, Ivan",4,2,4,8,0,0,21,4,0,2,2,3,1,0,0,3,5,0,0,1,0,0,56,31,"Richmond","2017",17
1,"Vlastuin, Nick",9,8,8,17,0,1,0,4,2,3,0,4,0,1,0,4,13,1,1,4,1,0,87,31,"Richmond","2017",17
0,"Rushed",0,0,0,0,0,2,0,0,0,0,0,0,0,0,0,0,0,0,0,0,0,0,0,31,"Richmond","2017",17
31,"Andrews, Harris",8,8,8,16,0,0,0,0,4,0,0,5,1,2,0,10,8,5,0,7,0,0,98,-31,"Brisbane Lions","2017",17
4,"Bastinac, Ryan",9,5,8,17,1,0,0,4,2,1,4,0,1,0,0,7,11,0,1,2,0,0,80,-31,"Brisbane Lions","2017",17
9,"Beams, Dayne",11,7,10,21,0,0,0,5,3,0,4,3,1,0,0,9,13,1,0,3,0,1,83,-31,"Brisbane Lions","2017",17
13,"Berry, Jarrod",8,7,4,12,0,0,0,7,1,5,0,2,1,1,0,2,10,0,1,1,0,2,72,-31,"Brisbane Lions","2017",17
20,"Cox, Cedric",7,3,5,12,0,0,0,1,3,0,0,3,1,0,0,6,7,1,0,8,0,0,75,-31,"Brisbane Lions","2017",17
26,"Cutler, Tom",8,6,6,14,1,1,0,2,1,4,0,1,0,0,0,1,12,0,0,0,0,1,82,-31,"Brisbane Lions","2017",17
30,"Hipwood, Eric",7,2,1,8,2,2,0,0,0,2,0,2,1,2,0,3,6,0,1,2,0,0,78,-31,"Brisbane Lions","2017",17
1,"Keays, Ben",8,4,4,12,2,0,0,4,0,1,0,4,1,3,0,3,9,0,2,0,0,1,71,-31,"Brisbane Lions","2017",17
35,"Lester, Ryan",4,2,4,8,0,0,0,3,1,0,1,1,1,0,0,2,6,0,0,1,0,0,79,-31,"Brisbane Lions","2017",17
12,"Martin, Stefan",5,2,7,12,0,0,28,4,0,3,3,1,3,1,0,6,6,1,0,2,0,0,83,-31,"Brisbane Lions","2017",17
36,"Mathieson, Rhys",6,2,10,16,1,0,0,4,3,0,3,3,2,1,0,9,9,0,0,1,0,0,80,-31,"Brisbane Lions","2017",17
32,"Mayes, Sam",11,6,8,19,0,0,0,0,6,2,1,1,1,1,0,4,14,0,0,5,0,0,88,-31,"Brisbane Lions","2017",17
6,"McCluggage, Hugh",8,4,6,14,1,1,0,2,1,2,2,2,1,0,0,5,8,0,0,1,1,1,77,-31,"Brisbane Lions","2017",17
25,"McStay, Daniel",10,10,4,14,0,0,0,1,5,2,0,0,0,0,0,5,9,2,0,6,0,0,88,-31,"Brisbane Lions","2017",17
10,"Rich, Daniel",12,5,7,19,0,0,0,2,6,3,0,3,2,0,0,7,12,0,0,3,0,1,76,-31,"Brisbane Lions","2017",17
18,"Robertson, Nick",11,7,5,16,0,0,0,4,3,1,0,3,0,3,0,1,16,0,0,3,2,0,93,-31,"Brisbane Lions","2017",17
38,"Rockliff, Tom",11,6,3,14,0,0,0,4,1,1,1,3,0,1,0,3,10,0,1,0,0,0,87,-31,"Brisbane Lions","2017",17
23,"Schache, Josh",7,5,7,14,2,0,0,1,0,1,0,2,2,0,0,5,9,1,2,1,0,0,74,-31,"Brisbane Lions","2017",17
28,"Taylor, Lewis",15,4,9,24,0,0,0,4,3,2,1,5,2,0,0,7,16,0,0,1,0,1,93,-31,"Brisbane Lions","2017",17
14,"Walker, Josh",8,7,3,11,1,0,5,0,0,2,1,3,0,0,0,5,6,2,2,2,0,0,91,-31,"Brisbane Lions","2017",17
29,"Witherden, Alex",18,1,10,28,0,0,0,4,3,4,2,4,1,1,0,8,14,0,0,1,1,0,75,-31,"Brisbane Lions","2017",17
15,"Zorko, Dayne",6,0,5,11,1,1,0,4,1,3,3,2,0,1,0,5,6,0,0,1,0,0,76,-31,"Brisbane Lions","2017",17
0,"Rushed",0,0,0,0,0,4,0,0,0,0,0,0,0,0,0,0,0,0,0,0,0,0,0,-31,"Brisbane Lions","2017",17
