"Number","Player","Kicks","Marks","Handballs","Disposals","Goals","Behinds","Hitouts","Tackles","Rebounds50s","Inside50s","Clearances","Clangers","FreesFor","FreesAgainst","BrownlowVotes","ContestedPossessions","UncontestedPossessions","ContestedMarks","MarksInside50","OnePercenters","Bounces","GoalAssists","PercentagePlayed","PointDifference","Team","Season","Round"
29,"Ambrose, Patrick",5,4,11,16,0,0,0,2,1,2,0,2,1,2,0,5,13,0,0,4,0,1,87,25,"Essendon","2017",1
12,"Baguley, Mark",8,8,9,17,0,0,0,3,2,0,2,2,0,0,0,9,9,2,0,6,0,0,86,25,"Essendon","2017",1
32,"Colyer, Travis",10,6,5,15,0,0,0,1,1,2,3,0,1,0,0,7,8,0,0,1,4,0,72,25,"Essendon","2017",1
6,"Daniher, Joe",12,7,5,17,3,3,4,1,0,4,2,1,2,0,0,6,11,1,3,1,0,1,87,25,"Essendon","2017",1
13,"Fantasia, Orazio",8,4,8,16,4,1,0,1,1,0,0,3,1,1,2,9,8,1,1,0,0,0,78,25,"Essendon","2017",1
8,"Gleeson, Martin",14,6,1,15,0,0,0,1,3,1,0,4,0,3,0,1,15,0,0,2,1,0,84,25,"Essendon","2017",1
9,"Goddard, Brendon",17,10,12,29,0,1,0,5,2,6,7,1,1,0,0,10,20,0,1,5,0,0,73,25,"Essendon","2017",1
15,"Green, Josh",8,4,3,11,0,0,0,1,0,4,0,1,0,0,0,5,7,0,0,1,0,2,77,25,"Essendon","2017",1
36,"Hartley, Michael",6,4,7,13,0,0,0,3,3,1,0,1,1,0,0,6,7,0,0,10,0,0,85,25,"Essendon","2017",1
21,"Heppell, Dyson",18,8,16,34,3,0,0,7,4,4,1,3,3,1,3,16,18,1,2,2,0,0,81,25,"Essendon","2017",1
26,"Hooker, Cale",7,2,3,10,3,1,0,1,0,1,2,1,1,0,0,7,3,1,1,2,0,1,86,25,"Essendon","2017",1
18,"Hurley, Michael",17,7,4,21,0,0,0,0,6,1,1,4,0,1,0,3,14,0,0,3,1,0,87,25,"Essendon","2017",1
47,"Kelly, James",11,8,10,21,0,0,0,1,3,2,1,0,0,0,0,3,18,0,0,2,0,1,86,25,"Essendon","2017",1
30,"Langford, Kyle",6,5,5,11,0,2,0,4,0,0,0,1,1,0,0,5,6,0,2,0,0,0,84,25,"Essendon","2017",1
43,"McDonald-Tipungwuti, Anthony",10,5,7,17,0,1,0,3,0,4,0,2,2,1,0,4,11,0,3,0,1,3,73,25,"Essendon","2017",1
1,"McGrath, Andrew",12,6,10,22,0,0,0,5,5,1,1,1,2,0,0,7,15,1,0,1,0,0,81,25,"Essendon","2017",1
44,"McKernan, Shaun",8,5,9,17,1,0,27,3,1,3,5,9,1,6,0,7,12,0,0,5,0,0,90,25,"Essendon","2017",1
7,"Merrett, Zach",23,7,14,37,0,1,0,3,2,7,5,3,1,1,1,12,25,0,0,1,0,0,80,25,"Essendon","2017",1
3,"Parish, Darcy",17,7,8,25,0,1,0,6,3,7,1,6,1,0,0,8,17,0,0,0,0,1,83,25,"Essendon","2017",1
5,"Stanton, Brent",15,10,4,19,2,0,0,1,3,2,0,1,0,0,0,1,18,0,0,0,0,0,78,25,"Essendon","2017",1
4,"Watson, Jobe",13,7,14,27,0,1,0,8,1,2,4,2,1,0,0,6,20,0,2,0,0,0,78,25,"Essendon","2017",1
11,"Zaharakis, David",11,5,7,18,1,0,0,5,4,2,1,3,0,0,0,7,13,0,1,1,1,1,84,25,"Essendon","2017",1
0,"Rushed",0,0,0,0,0,2,0,0,0,0,0,0,0,0,0,0,0,0,0,0,0,0,0,25,"Essendon","2017",1
14,"Birchall, Grant",12,4,10,22,0,0,0,1,2,4,0,1,0,1,0,3,19,0,0,2,0,0,83,-25,"Hawthorn","2017",1
22,"Breust, Luke",9,3,7,16,1,1,0,2,0,2,2,1,0,1,0,8,8,1,2,0,0,0,84,-25,"Hawthorn","2017",1
9,"Burgoyne, Shaun",11,4,11,22,0,1,0,0,3,5,1,3,1,0,0,6,14,0,0,2,0,1,81,-25,"Hawthorn","2017",1
8,"Duryea, Taylor",7,4,5,12,0,0,0,0,1,4,0,2,0,1,0,4,10,0,0,2,1,0,76,-25,"Hawthorn","2017",1
12,"Frawley, James",6,5,7,13,0,0,0,3,1,0,0,2,0,0,0,3,9,0,0,8,0,0,92,-25,"Hawthorn","2017",1
6,"Gibson, Josh",8,3,6,14,0,0,0,1,2,0,0,3,2,2,0,5,9,0,0,9,0,0,95,-25,"Hawthorn","2017",1
19,"Gunston, Jack",8,5,8,16,0,0,0,1,3,1,1,0,1,0,0,7,10,0,0,3,0,1,93,-25,"Hawthorn","2017",1
4,"Hartung, Billy",12,3,9,21,1,1,0,0,4,1,3,2,0,0,0,7,14,0,0,3,0,0,75,-25,"Hawthorn","2017",1
31,"Henderson, Ricky",13,3,8,21,0,0,0,2,3,1,0,2,0,1,0,3,18,0,0,0,0,1,70,-25,"Hawthorn","2017",1
29,"Langford, Will",17,3,10,27,0,2,0,3,1,6,7,3,2,1,0,14,11,0,0,0,0,0,70,-25,"Hawthorn","2017",1
7,"McEvoy, Ben",6,3,4,10,2,0,27,2,0,0,3,1,2,0,0,5,6,1,1,5,0,1,71,-25,"Hawthorn","2017",1
3,"Mitchell, Tom",17,9,20,37,0,2,0,4,1,10,4,6,1,3,0,16,22,0,0,2,0,1,87,-25,"Hawthorn","2017",1
10,"OMeara, Jaeger",9,3,14,23,0,3,0,1,1,2,8,4,0,2,0,14,9,0,1,1,0,1,76,-25,"Hawthorn","2017",1
28,"Puopolo, Paul",5,2,8,13,2,0,0,7,0,2,1,3,2,1,0,4,8,0,0,1,0,0,87,-25,"Hawthorn","2017",1
33,"Rioli, Cyril",7,1,1,8,1,1,0,3,0,0,0,3,0,1,0,4,3,0,1,2,0,0,73,-25,"Hawthorn","2017",1
2,"Roughead, Jarryd",8,4,4,12,2,1,0,6,0,3,2,2,1,1,0,5,7,2,2,3,0,0,95,-25,"Hawthorn","2017",1
25,"Schoenmakers, Ryan",9,5,2,11,1,0,1,1,2,1,0,0,0,0,0,6,5,1,1,3,0,0,84,-25,"Hawthorn","2017",1
26,"Shiels, Liam",11,4,9,20,1,0,0,2,4,5,1,3,0,0,0,8,11,0,0,3,0,0,91,-25,"Hawthorn","2017",1
21,"Sicily, James",5,4,6,11,0,0,0,1,0,1,0,3,1,2,0,5,6,0,0,2,1,0,72,-25,"Hawthorn","2017",1
16,"Smith, Isaac",18,5,4,22,1,0,0,1,3,9,2,0,0,0,0,5,18,0,0,1,3,0,84,-25,"Hawthorn","2017",1
24,"Stratton, Ben",7,3,4,11,0,0,0,2,1,0,0,2,1,1,0,3,6,1,0,7,0,0,92,-25,"Hawthorn","2017",1
27,"Vickery, Ty",5,2,7,12,0,2,11,5,1,2,3,2,2,2,0,7,4,0,1,1,0,0,71,-25,"Hawthorn","2017",1
0,"Rushed",0,0,0,0,0,5,0,0,0,0,0,0,0,0,0,0,0,0,0,0,0,0,0,-25,"Hawthorn","2017",1
