"Number","Player","Kicks","Marks","Handballs","Disposals","Goals","Behinds","Hitouts","Tackles","Rebounds50s","Inside50s","Clearances","Clangers","FreesFor","FreesAgainst","BrownlowVotes","ContestedPossessions","UncontestedPossessions","ContestedMarks","MarksInside50","OnePercenters","Bounces","GoalAssists","PercentagePlayed","PointDifference","Team","Season","Round"
25,"Adams, Marcus",9,7,11,20,0,0,0,5,2,1,0,2,1,0,0,9,13,2,0,6,0,0,92,23,"Western Bulldogs","2017",2
24,"Biggs, Shane",16,3,9,25,0,0,0,2,7,2,0,2,1,0,0,9,15,1,0,4,1,1,78,23,"Western Bulldogs","2017",2
4,"Bontempelli, Marcus",17,4,13,30,2,1,0,7,1,6,5,3,2,2,3,12,19,1,2,2,0,0,87,23,"Western Bulldogs","2017",2
5,"Boyd, Matthew",13,5,8,21,0,0,0,0,4,3,2,1,1,0,0,5,14,0,0,0,0,0,84,23,"Western Bulldogs","2017",2
17,"Boyd, Tom",5,2,2,7,2,0,15,2,1,1,1,3,1,1,0,6,2,1,1,5,0,0,76,23,"Western Bulldogs","2017",2
15,"Campbell, Tom",7,1,7,14,0,1,33,6,0,7,3,3,3,1,0,6,5,0,0,2,0,1,79,23,"Western Bulldogs","2017",2
13,"Cloke, Travis",11,7,7,18,3,2,0,1,0,4,0,1,3,0,0,10,9,1,2,1,0,1,81,23,"Western Bulldogs","2017",2
12,"Cordy, Zaine",10,5,5,15,0,0,0,1,1,2,0,2,2,1,0,7,9,0,0,3,0,0,90,23,"Western Bulldogs","2017",2
8,"Crameri, Stewart",4,2,3,7,0,1,0,7,0,2,1,1,0,0,0,4,4,0,0,1,0,0,72,23,"Western Bulldogs","2017",2
6,"Dahlhaus, Luke",9,6,16,25,0,0,0,2,2,3,5,2,2,1,0,14,13,1,1,1,0,2,74,23,"Western Bulldogs","2017",2
35,"Daniel, Caleb",11,2,7,18,0,0,0,4,1,3,0,2,0,0,0,3,15,0,0,3,0,0,79,23,"Western Bulldogs","2017",2
7,"Hunter, Lachie",11,6,14,25,1,1,0,1,2,3,2,4,1,0,0,8,16,0,0,1,0,1,85,23,"Western Bulldogs","2017",2
39,"Johannisen, Jason",17,2,6,23,0,0,0,2,2,1,1,2,1,1,0,5,17,0,0,2,2,0,86,23,"Western Bulldogs","2017",2
46,"Jong, Lin",8,8,15,23,1,1,0,7,1,1,4,2,1,0,0,11,12,3,2,2,1,0,73,23,"Western Bulldogs","2017",2
21,"Liberatore, Tom",5,2,14,19,0,0,0,16,1,1,6,4,1,3,0,16,4,0,0,0,0,0,85,23,"Western Bulldogs","2017",2
11,"Macrae, Jack",9,3,11,20,0,0,0,8,3,2,4,0,2,0,0,8,12,0,0,0,0,1,84,23,"Western Bulldogs","2017",2
2,"Murphy, Robert",16,6,4,20,1,1,0,3,0,4,0,0,2,0,0,4,16,0,1,1,2,1,80,23,"Western Bulldogs","2017",2
42,"Picken, Liam",15,6,6,21,2,1,0,2,4,2,1,3,3,1,0,11,9,2,2,0,0,2,78,23,"Western Bulldogs","2017",2
18,"Roberts, Fletcher",7,3,3,10,0,0,0,3,3,0,0,0,2,0,0,4,5,1,0,8,0,0,97,23,"Western Bulldogs","2017",2
9,"Stringer, Jake",9,3,6,15,3,1,0,3,0,6,0,6,1,5,0,7,9,1,1,1,0,1,83,23,"Western Bulldogs","2017",2
1,"Suckling, Matt",10,3,10,20,1,0,0,1,3,2,0,0,1,0,0,4,17,0,0,3,0,0,76,23,"Western Bulldogs","2017",2
10,"Wood, Easton",10,9,6,16,0,0,0,1,2,2,0,2,0,1,0,6,10,5,0,5,0,0,83,23,"Western Bulldogs","2017",2
0,"Rushed",0,0,0,0,0,4,0,0,0,0,0,0,0,0,0,0,0,0,0,0,0,0,0,23,"Western Bulldogs","2017",2
36,"Aliir, Aliir",6,3,8,14,0,0,0,1,6,0,0,4,0,2,0,6,8,1,0,4,0,0,86,-23,"Sydney","2017",2
7,"Cunningham, Harry",8,3,7,15,0,0,0,2,2,3,0,3,1,0,0,7,9,0,0,1,0,1,80,-23,"Sydney","2017",2
13,"Florent, Oliver",8,1,5,13,1,0,0,2,0,1,1,3,1,1,0,5,7,0,0,0,0,1,77,-23,"Sydney","2017",2
42,"Fox, Robbie",2,0,11,13,0,0,0,3,0,1,1,1,0,1,0,9,3,0,0,0,0,0,82,-23,"Sydney","2017",2
23,"Franklin, Lance",18,11,4,22,4,3,0,4,1,10,1,7,1,4,2,6,16,2,3,2,0,1,93,-23,"Sydney","2017",2
39,"Grundy, Heath",3,3,10,13,0,0,0,1,2,0,0,2,0,0,0,3,10,1,0,8,0,0,94,-23,"Sydney","2017",2
4,"Hannebery, Dan",7,2,12,19,0,0,0,7,0,4,3,2,0,0,0,7,12,0,1,0,0,0,84,-23,"Sydney","2017",2
9,"Hayward, Will",11,3,5,16,0,1,0,6,0,6,1,1,0,1,0,8,9,1,0,1,0,1,87,-23,"Sydney","2017",2
29,"Hewett, George",9,1,8,17,0,0,0,6,1,4,4,4,0,3,0,10,6,0,0,0,0,0,82,-23,"Sydney","2017",2
15,"Jack, Kieren",12,2,7,19,0,1,0,3,0,4,1,4,0,1,0,8,12,0,0,1,0,3,82,-23,"Sydney","2017",2
10,"Jones, Zak",9,4,11,20,0,0,0,0,3,4,0,6,1,3,0,7,12,1,0,2,0,1,87,-23,"Sydney","2017",2
12,"Kennedy, Josh",6,1,18,24,0,0,0,8,2,2,6,2,3,2,0,14,12,0,0,1,0,0,90,-23,"Sydney","2017",2
11,"Laidler, Jeremy",8,5,8,16,1,0,0,3,2,0,1,2,0,2,0,3,12,0,1,3,0,0,75,-23,"Sydney","2017",2
44,"Lloyd, Jake",20,4,14,34,0,0,0,3,8,5,1,3,1,0,0,8,20,0,0,1,0,0,94,-23,"Sydney","2017",2
31,"Marsh, Harrison",4,1,3,7,0,0,0,0,3,0,0,2,0,2,0,2,5,0,0,4,0,0,83,-23,"Sydney","2017",2
14,"Mills, Callum",10,1,5,15,0,1,0,4,2,4,3,3,1,2,0,7,8,1,0,2,0,0,89,-23,"Sydney","2017",2
35,"Naismith, Sam",4,1,6,10,0,0,25,5,2,0,5,5,2,4,0,12,0,1,0,2,0,0,82,-23,"Sydney","2017",2
28,"Newman, Nic",6,4,10,16,1,0,0,6,1,3,0,2,0,1,0,3,12,0,1,2,0,0,72,-23,"Sydney","2017",2
26,"Parker, Luke",12,4,9,21,0,1,0,6,2,1,4,1,3,1,0,11,10,2,1,0,0,0,84,-23,"Sydney","2017",2
20,"Reid, Sam",9,5,6,15,6,1,5,1,0,0,0,1,2,0,1,8,7,2,4,5,0,1,90,-23,"Sydney","2017",2
40,"Smith, Nick",9,2,3,12,0,0,0,2,4,1,1,2,1,1,0,7,6,1,0,5,0,1,98,-23,"Sydney","2017",2
8,"Tippett, Kurt",1,1,0,1,0,0,2,1,0,1,1,0,1,0,0,2,0,1,0,0,0,0,10,-23,"Sydney","2017",2
0,"Rushed",0,0,0,0,0,1,0,0,0,0,0,0,0,0,0,0,0,0,0,0,0,0,0,-23,"Sydney","2017",2
