"Number","Player","Kicks","Marks","Handballs","Disposals","Goals","Behinds","Hitouts","Tackles","Rebounds50s","Inside50s","Clearances","Clangers","FreesFor","FreesAgainst","BrownlowVotes","ContestedPossessions","UncontestedPossessions","ContestedMarks","MarksInside50","OnePercenters","Bounces","GoalAssists","PercentagePlayed","PointDifference","Team","Season","Round"
41,"Casboult, Levi",6,5,6,12,1,2,6,1,0,1,0,1,1,1,0,7,6,1,3,3,0,0,89,1,"Carlton","2017",12
9,"Cripps, Patrick",6,1,15,21,0,0,0,5,0,2,4,3,2,0,0,12,9,0,0,0,0,0,83,1,"Carlton","2017",12
28,"Cuningham, David",8,5,11,19,2,0,0,1,2,2,1,3,0,1,0,10,10,0,2,0,0,0,79,1,"Carlton","2017",12
30,"Curnow, Charlie",4,3,5,9,0,1,0,4,0,1,0,1,1,1,0,6,3,1,0,2,0,0,79,1,"Carlton","2017",12
35,"Curnow, Ed",10,5,8,18,1,0,0,3,2,0,1,2,1,1,0,6,12,0,0,1,0,0,86,1,"Carlton","2017",12
15,"Docherty, Sam",25,12,10,35,0,0,0,5,8,4,1,4,1,1,0,5,27,0,0,2,1,0,94,1,"Carlton","2017",12
25,"Fisher, Zac",5,2,7,12,0,1,0,1,1,1,0,1,0,0,0,7,5,0,0,0,0,0,77,1,"Carlton","2017",12
4,"Gibbs, Bryce",15,6,12,27,1,1,0,4,2,4,5,5,1,1,0,11,15,0,0,1,0,0,85,1,"Carlton","2017",12
14,"Jones, Liam",11,8,3,14,0,0,0,3,5,1,0,4,0,1,0,4,11,0,0,14,0,0,95,1,"Carlton","2017",12
8,"Kreuzer, Matthew",15,6,6,21,1,1,33,8,1,2,3,3,5,1,3,12,8,1,2,1,0,0,88,1,"Carlton","2017",12
13,"Lamb, Jed",10,4,5,15,1,0,0,0,0,3,0,2,1,1,0,4,11,0,1,0,0,1,70,1,"Carlton","2017",12
22,"Marchbank, Caleb",13,7,5,18,0,0,0,4,5,4,0,4,1,0,0,7,11,1,0,3,0,0,92,1,"Carlton","2017",12
3,"Murphy, Marc",16,9,14,30,0,0,0,1,0,4,3,5,0,1,0,8,22,0,0,1,0,1,88,1,"Carlton","2017",12
20,"Plowman, Lachie",5,7,5,10,0,0,0,1,1,2,0,2,0,0,0,4,7,1,0,10,0,0,100,1,"Carlton","2017",12
44,"Silvagni, Alex",0,0,0,0,0,0,0,1,0,0,0,0,0,0,0,0,0,0,0,1,0,0,4,1,"Carlton","2017",12
1,"Silvagni, Jack",8,2,2,10,1,0,0,3,0,3,0,1,2,1,0,5,5,0,0,1,0,2,79,1,"Carlton","2017",12
6,"Simpson, Kade",9,4,11,20,0,1,0,2,4,0,0,1,1,0,0,5,15,0,0,3,0,0,95,1,"Carlton","2017",12
19,"Sumner, Liam",6,0,3,9,0,0,0,1,0,2,0,3,0,1,0,2,8,0,0,2,0,1,72,1,"Carlton","2017",12
39,"Thomas, Dale",12,8,7,19,0,1,0,2,2,3,1,4,1,0,0,6,15,0,1,1,1,1,83,1,"Carlton","2017",12
23,"Weitering, Jacob",11,6,3,14,0,0,0,2,4,0,1,4,1,3,0,1,13,0,0,2,0,0,95,1,"Carlton","2017",12
31,"Williamson, Tom",5,2,5,10,0,0,0,1,2,0,1,3,1,1,0,5,6,0,0,0,0,0,81,1,"Carlton","2017",12
46,"Wright, Matthew",14,5,2,16,2,0,0,2,1,2,2,2,2,1,0,5,10,1,1,1,0,0,85,1,"Carlton","2017",12
0,"Rushed",0,0,0,0,0,3,0,0,0,0,0,0,0,0,0,0,0,0,0,0,0,0,0,1,"Carlton","2017",12
18,"Cameron, Jeremy",8,6,3,11,1,0,0,3,0,3,0,5,0,3,0,3,10,1,1,0,0,0,81,-1,"Greater Western Sydney","2017",12
35,"Corr, Aidan",9,5,8,17,0,0,0,2,3,0,1,0,1,0,0,5,12,1,0,9,0,0,92,-1,"Greater Western Sydney","2017",12
1,"Davis, Phil",4,6,9,13,0,0,0,1,0,1,0,1,0,1,0,4,7,0,0,5,0,0,82,-1,"Greater Western Sydney","2017",12
24,"de Boer, Matt",6,6,11,17,1,0,0,6,0,2,0,2,0,1,0,5,11,0,1,0,0,1,81,-1,"Greater Western Sydney","2017",12
4,"Greene, Toby",14,10,9,23,0,5,0,5,1,7,2,4,2,2,0,12,12,3,4,0,0,0,87,-1,"Greater Western Sydney","2017",12
27,"Himmelberg, Harry",7,1,2,9,0,0,0,2,0,3,0,1,3,0,0,2,7,0,0,0,0,1,79,-1,"Greater Western Sydney","2017",12
17,"Johnson, Steve",10,6,7,17,0,1,0,3,0,2,1,2,1,1,0,3,13,0,0,1,0,0,68,-1,"Greater Western Sydney","2017",12
22,"Kelly, Josh",10,1,19,29,0,2,0,10,0,4,6,4,0,2,0,9,21,0,0,0,0,0,83,-1,"Greater Western Sydney","2017",12
15,"Kennedy, Matthew",10,3,8,18,0,0,0,5,4,2,3,1,1,1,0,6,12,0,0,1,2,0,72,-1,"Greater Western Sydney","2017",12
41,"Mumford, Shane",3,3,9,12,0,0,30,7,0,6,3,4,0,3,0,3,9,0,0,7,0,0,87,-1,"Greater Western Sydney","2017",12
12,"Patton, Jonathon",6,3,4,10,2,0,0,1,0,1,0,1,1,0,0,4,5,0,1,0,0,0,92,-1,"Greater Western Sydney","2017",12
36,"Perryman, Harry",3,3,4,7,0,0,0,3,2,1,1,0,0,0,0,4,2,1,0,1,0,0,64,-1,"Greater Western Sydney","2017",12
50,"Reid, Sam",4,2,7,11,0,1,0,1,0,1,1,5,0,2,0,4,8,0,2,3,0,0,82,-1,"Greater Western Sydney","2017",12
9,"Scully, Tom",9,3,16,25,0,1,0,2,1,3,2,3,1,1,0,11,16,0,0,2,2,1,82,-1,"Greater Western Sydney","2017",12
23,"Shaw, Heath",17,9,8,25,0,0,0,1,7,2,0,6,0,0,0,6,16,1,0,1,5,0,92,-1,"Greater Western Sydney","2017",12
5,"Shiel, Dylan",18,3,14,32,2,1,0,4,1,4,8,2,2,0,2,11,20,0,1,0,0,0,70,-1,"Greater Western Sydney","2017",12
14,"Taranto, Tim",3,1,6,9,1,0,0,4,1,0,1,3,2,1,0,4,7,0,0,1,0,0,76,-1,"Greater Western Sydney","2017",12
20,"Tomlinson, Adam",5,2,8,13,0,0,0,0,2,3,0,3,0,2,0,5,9,0,0,6,0,0,94,-1,"Greater Western Sydney","2017",12
8,"Ward, Callan",14,6,12,26,1,1,0,1,2,3,7,1,0,0,0,9,17,0,0,1,0,1,78,-1,"Greater Western Sydney","2017",12
6,"Whitfield, Lachie",11,10,18,29,1,1,0,5,3,3,4,3,2,1,1,10,21,1,1,3,0,1,84,-1,"Greater Western Sydney","2017",12
29,"Williams, Zac",14,2,4,18,0,1,0,1,1,2,1,3,0,0,0,2,16,0,0,1,1,0,87,-1,"Greater Western Sydney","2017",12
16,"Wilson, Nathan",11,4,6,17,0,0,0,2,1,2,0,1,1,1,0,1,15,0,0,1,1,0,87,-1,"Greater Western Sydney","2017",12
0,"Rushed",0,0,0,0,0,2,0,0,0,0,0,0,0,0,0,0,0,0,0,0,0,0,0,-1,"Greater Western Sydney","2017",12
