"Number","Player","Kicks","Marks","Handballs","Disposals","Goals","Behinds","Hitouts","Tackles","Rebounds50s","Inside50s","Clearances","Clangers","FreesFor","FreesAgainst","BrownlowVotes","ContestedPossessions","UncontestedPossessions","ContestedMarks","MarksInside50","OnePercenters","Bounces","GoalAssists","PercentagePlayed","PointDifference","Team","Season","Round"
1,"Boak, Travis",13,9,5,18,0,0,0,5,2,6,1,4,1,1,0,9,11,1,1,1,0,1,81,-13,"Port Adelaide","2017",15
5,"Broadbent, Matthew",9,4,4,13,0,0,0,1,3,0,0,0,1,0,0,6,8,0,0,1,0,0,81,-13,"Port Adelaide","2017",15
33,"Byrne-Jones, Darcy",14,6,2,16,0,0,0,2,2,0,1,2,1,0,0,5,12,1,0,3,0,0,90,-13,"Port Adelaide","2017",15
17,"Clurey, Tom",7,5,2,9,0,0,0,3,1,1,0,2,1,0,0,3,6,0,0,7,0,0,92,-13,"Port Adelaide","2017",15
22,"Dixon, Charlie",8,9,4,12,1,1,3,2,0,1,0,4,0,0,0,5,7,3,2,2,0,1,95,-13,"Port Adelaide","2017",15
7,"Ebert, Brad",7,4,11,18,1,0,0,4,1,3,3,2,1,2,0,7,11,1,0,0,0,0,86,-13,"Port Adelaide","2017",15
9,"Gray, Robbie",10,5,4,14,1,3,0,0,1,2,0,4,0,1,0,5,9,2,3,1,0,0,92,-13,"Port Adelaide","2017",15
46,"Gray, Sam",12,7,6,18,1,2,0,7,1,5,0,2,1,0,0,5,12,1,1,2,1,0,84,-13,"Port Adelaide","2017",15
8,"Hartlett, Hamish",8,7,6,14,0,0,0,1,4,1,0,0,0,0,0,4,10,0,0,3,0,0,48,-13,"Port Adelaide","2017",15
43,"Houston, Dan",12,9,9,21,0,0,0,5,3,2,0,5,0,0,0,8,13,1,0,4,0,0,77,-13,"Port Adelaide","2017",15
24,"Impey, Jarman",10,4,2,12,0,1,0,4,1,3,0,0,2,0,0,7,5,1,1,2,1,0,75,-13,"Port Adelaide","2017",15
42,"Jonas, Tom",11,6,9,20,0,0,0,3,5,0,0,2,0,1,0,7,13,1,0,9,0,0,98,-13,"Port Adelaide","2017",15
3,"Neade, Jake",7,1,6,13,1,0,0,5,0,4,2,3,2,0,0,6,6,0,0,1,0,0,61,-13,"Port Adelaide","2017",15
29,"Pittard, Jasper",11,4,6,17,0,0,0,3,4,2,0,4,1,2,0,5,11,2,0,5,0,1,90,-13,"Port Adelaide","2017",15
21,"Polec, Jared",16,7,9,25,0,0,0,0,2,3,4,3,0,0,0,7,18,1,0,0,0,0,82,-13,"Port Adelaide","2017",15
2,"Powell-Pepper, Sam",13,3,11,24,2,2,0,2,2,4,2,3,1,1,0,10,15,0,0,0,0,0,58,-13,"Port Adelaide","2017",15
4,"Ryder, Paddy",10,5,7,17,0,0,42,5,1,6,3,3,1,1,0,10,7,3,0,0,0,0,88,-13,"Port Adelaide","2017",15
12,"Trengove, Jackson",6,1,5,11,1,1,0,1,0,1,1,4,0,2,0,8,3,1,0,2,0,1,96,-13,"Port Adelaide","2017",15
39,"Westhoff, Justin",12,4,9,21,0,0,7,3,3,4,3,1,1,0,0,9,11,1,0,5,0,1,81,-13,"Port Adelaide","2017",15
19,"White, Matt",14,9,3,17,0,3,0,3,1,3,2,2,3,0,0,6,12,1,3,2,0,0,80,-13,"Port Adelaide","2017",15
16,"Wines, Ollie",13,7,15,28,0,1,0,4,0,2,10,6,0,1,0,17,10,1,1,0,0,0,76,-13,"Port Adelaide","2017",15
20,"Wingard, Chad",27,6,12,39,0,1,0,4,2,14,10,7,1,0,1,17,20,0,0,1,1,0,90,-13,"Port Adelaide","2017",15
0,"Totals",250,122,147,397,8,15,52,67,39,67,42,63,18,12,1,166,230,22,12,51,3,5,0,-13,"Port Adelaide","2017",15
12,"Astbury, David",9,4,8,17,0,0,0,2,6,1,0,1,1,0,0,3,13,0,0,2,0,0,100,13,"Richmond","2017",15
40,"Butler, Dan",5,3,3,8,3,0,0,6,0,1,0,2,0,1,0,4,4,1,2,0,2,0,86,13,"Richmond","2017",15
22,"Caddy, Josh",12,4,8,20,0,1,0,7,0,2,4,1,0,0,0,8,10,1,1,3,1,1,74,13,"Richmond","2017",15
46,"Castagna, Jason",4,4,9,13,0,0,0,3,0,3,1,1,0,0,0,6,7,1,0,1,2,1,84,13,"Richmond","2017",15
9,"Cotchin, Trent",11,4,4,15,1,0,0,5,2,3,3,1,2,0,0,5,10,0,1,0,1,2,84,13,"Richmond","2017",15
10,"Edwards, Shane",8,2,12,20,0,1,0,1,3,2,1,3,0,2,0,10,10,0,0,1,0,2,78,13,"Richmond","2017",15
5,"Ellis, Brandon",16,8,13,29,0,0,0,3,7,1,2,5,0,1,0,8,19,0,0,0,1,0,89,13,"Richmond","2017",15
6,"Grigg, Shaun",13,5,13,26,0,1,0,1,3,6,1,2,0,1,0,2,23,0,0,0,0,0,81,13,"Richmond","2017",15
2,"Grimes, Dylan",6,3,7,13,0,0,0,3,1,0,0,1,2,0,0,10,5,1,0,7,0,0,88,13,"Richmond","2017",15
23,"Lambert, Kane",19,7,14,33,0,1,0,10,1,6,6,6,0,0,2,12,20,0,0,1,0,0,84,13,"Richmond","2017",15
27,"Lloyd, Sam",8,4,5,13,1,0,0,5,2,3,0,0,2,0,0,5,7,0,2,0,0,1,81,13,"Richmond","2017",15
31,"Markov, Oleg",4,0,5,9,0,1,0,1,1,0,1,3,0,2,0,5,5,0,0,1,0,0,71,13,"Richmond","2017",15
4,"Martin, Dustin",22,8,14,36,1,2,0,4,2,8,4,6,1,4,3,10,25,0,0,3,3,1,81,13,"Richmond","2017",15
33,"McIntosh, Kamdyn",12,6,8,20,0,0,0,5,3,2,0,5,0,1,0,4,17,0,0,4,0,0,80,13,"Richmond","2017",15
37,"Menadue, Connor",3,3,13,16,0,0,0,2,2,1,1,2,0,0,0,6,10,1,0,0,0,0,67,13,"Richmond","2017",15
25,"Nankervis, Toby",8,5,13,21,0,0,28,5,6,1,6,4,1,2,0,10,9,0,0,5,0,0,83,13,"Richmond","2017",15
3,"Prestia, Dion",11,3,13,24,0,0,0,3,0,2,5,5,0,0,0,8,15,0,0,1,0,0,82,13,"Richmond","2017",15
18,"Rance, Alex",10,3,9,19,0,0,0,6,7,0,0,2,2,0,0,7,9,1,0,10,0,0,96,13,"Richmond","2017",15
8,"Riewoldt, Jack",4,6,6,10,1,0,1,4,0,3,1,3,0,1,0,7,6,2,2,3,0,1,100,13,"Richmond","2017",15
17,"Rioli, Daniel",3,1,3,6,1,0,0,2,0,2,0,4,0,2,0,1,6,0,0,2,0,0,83,13,"Richmond","2017",15
15,"Short, Jayden",15,8,5,20,1,0,0,1,6,3,0,3,0,1,0,4,16,1,0,0,3,0,76,13,"Richmond","2017",15
44,"Stengle, Tyson",6,1,2,8,2,0,0,0,0,2,0,0,1,0,0,3,4,0,1,0,0,0,52,13,"Richmond","2017",15
0,"Rushed",0,0,0,0,0,3,0,0,0,0,0,0,0,0,0,0,0,0,0,0,0,0,0,13,"Richmond","2017",15
