"Number","Player","Kicks","Marks","Handballs","Disposals","Goals","Behinds","Hitouts","Tackles","Rebounds50s","Inside50s","Clearances","Clangers","FreesFor","FreesAgainst","BrownlowVotes","ContestedPossessions","UncontestedPossessions","ContestedMarks","MarksInside50","OnePercenters","Bounces","GoalAssists","PercentagePlayed","PointDifference","Team","Season","Round"
13,"Florent, Oliver",7,4,6,13,1,0,0,0,0,2,0,0,1,0,0,7,6,1,0,0,0,0,81,1,"Sydney","2017",14
23,"Franklin, Lance",15,5,2,17,0,6,0,3,0,4,0,0,2,0,0,9,8,2,3,0,0,0,97,1,"Sydney","2017",14
39,"Grundy, Heath",15,8,11,26,0,0,0,1,3,3,0,2,1,1,0,9,18,3,0,4,0,1,90,1,"Sydney","2017",14
4,"Hannebery, Dan",9,3,20,29,1,0,0,3,3,2,3,5,0,2,0,10,19,0,0,0,0,0,85,1,"Sydney","2017",14
9,"Hayward, Will",6,4,2,8,1,1,0,1,0,3,0,1,0,0,0,3,4,1,1,2,0,0,80,1,"Sydney","2017",14
5,"Heeney, Isaac",16,5,5,21,2,0,0,9,1,4,3,4,1,0,1,9,13,1,1,2,0,0,91,1,"Sydney","2017",14
29,"Hewett, George",8,5,8,16,0,0,0,3,2,4,5,1,0,1,0,7,9,0,0,0,0,0,68,1,"Sydney","2017",14
15,"Jack, Kieren",9,6,4,13,0,2,0,4,0,2,1,0,2,0,0,5,9,0,1,1,0,0,77,1,"Sydney","2017",14
12,"Kennedy, Josh",19,5,17,36,0,0,0,3,1,5,7,3,0,0,2,16,20,0,0,2,0,1,89,1,"Sydney","2017",14
44,"Lloyd, Jake",19,10,12,31,0,0,0,1,7,0,2,3,1,0,0,6,24,0,0,0,1,0,92,1,"Sydney","2017",14
43,"Melican, Lewis",5,3,10,15,0,0,0,0,3,1,0,1,1,1,0,6,9,1,0,2,0,0,75,1,"Sydney","2017",14
14,"Mills, Callum",17,8,9,26,0,0,0,4,5,5,2,2,0,0,0,6,21,2,0,1,0,0,88,1,"Sydney","2017",14
35,"Naismith, Sam",6,1,4,10,0,1,24,1,0,1,1,5,0,4,0,3,7,0,0,2,0,0,61,1,"Sydney","2017",14
28,"Newman, Nic",9,4,4,13,2,1,0,5,1,1,2,1,1,1,0,5,9,0,0,2,0,0,85,1,"Sydney","2017",14
41,"Papley, Tom",5,4,7,12,1,0,0,6,0,2,2,3,1,0,0,5,6,0,2,1,0,0,82,1,"Sydney","2017",14
26,"Parker, Luke",12,9,14,26,1,1,0,4,0,1,2,5,1,5,0,10,16,1,3,1,0,2,89,1,"Sydney","2017",14
24,"Rampe, Dane",11,4,6,17,0,1,0,2,2,2,2,4,0,2,0,7,8,1,0,0,0,1,95,1,"Sydney","2017",14
20,"Reid, Sam",12,9,1,13,1,3,0,1,2,3,0,2,1,0,0,4,9,2,3,3,0,0,91,1,"Sydney","2017",14
16,"Rohan, Gary",7,5,5,12,1,0,0,2,3,1,0,0,1,0,0,7,5,3,1,2,2,0,74,1,"Sydney","2017",14
18,"Sinclair, Callum",7,2,5,12,0,0,10,4,0,4,3,1,2,0,0,6,6,1,0,0,0,1,50,1,"Sydney","2017",14
40,"Smith, Nick",10,5,3,13,0,1,0,1,4,0,1,4,2,1,0,4,9,0,0,4,0,0,85,1,"Sydney","2017",14
22,"Towers, Dean",10,3,2,12,0,1,0,6,1,1,0,4,0,0,0,3,9,0,0,0,0,0,73,1,"Sydney","2017",14
0,"Rushed",0,0,0,0,0,2,0,0,0,0,0,0,0,0,0,0,0,0,0,0,0,0,0,1,"Sydney","2017",14
12,"Baguley, Mark",8,4,6,14,0,0,0,3,1,0,0,5,2,3,0,3,11,1,0,4,0,0,90,-1,"Essendon","2017",14
2,"Bellchambers, Tom",6,4,3,9,1,0,25,1,1,2,1,0,3,0,0,5,5,1,1,1,0,0,84,-1,"Essendon","2017",14
32,"Colyer, Travis",8,2,10,18,1,1,0,3,1,1,3,1,0,0,0,13,6,0,0,1,0,1,68,-1,"Essendon","2017",14
6,"Daniher, Joe",12,7,4,16,1,2,0,2,2,5,0,3,2,2,0,7,9,2,0,0,1,0,94,-1,"Essendon","2017",14
13,"Fantasia, Orazio",11,6,5,16,1,4,0,2,0,3,1,3,0,1,0,7,7,1,3,2,0,1,83,-1,"Essendon","2017",14
8,"Gleeson, Martin",7,9,9,16,0,0,0,1,2,0,0,4,0,2,0,8,9,2,0,7,0,0,89,-1,"Essendon","2017",14
9,"Goddard, Brendon",9,6,14,23,0,0,0,4,3,2,0,4,0,0,0,6,15,0,0,0,0,1,87,-1,"Essendon","2017",14
15,"Green, Josh",10,3,3,13,0,3,0,4,2,0,1,0,2,0,0,6,7,0,1,0,0,0,80,-1,"Essendon","2017",14
36,"Hartley, Michael",2,2,2,4,0,0,0,4,3,0,0,1,0,1,0,1,4,0,0,11,0,0,97,-1,"Essendon","2017",14
21,"Heppell, Dyson",8,3,10,18,0,0,0,2,1,1,4,4,0,0,0,8,10,0,0,1,0,0,82,-1,"Essendon","2017",14
40,"Howlett, Ben",5,1,11,16,0,0,0,6,0,4,2,4,0,2,0,8,9,0,0,1,0,1,74,-1,"Essendon","2017",14
18,"Hurley, Michael",21,8,9,30,1,0,0,0,9,3,0,4,0,2,3,7,18,1,0,6,0,0,95,-1,"Essendon","2017",14
47,"Kelly, James",9,5,6,15,0,0,0,2,1,3,0,1,1,0,0,4,11,0,0,5,0,0,88,-1,"Essendon","2017",14
30,"Langford, Kyle",8,5,8,16,0,1,0,1,1,3,2,0,0,0,0,4,14,0,1,3,0,0,69,-1,"Essendon","2017",14
43,"McDonald-Tipungwuti, Anthony",5,2,8,13,1,1,0,3,0,4,3,3,1,1,0,8,8,0,1,3,0,0,70,-1,"Essendon","2017",14
1,"McGrath, Andrew",6,2,7,13,0,0,0,0,2,2,2,1,1,0,0,4,9,0,0,1,0,0,69,-1,"Essendon","2017",14
45,"McKenna, Conor",11,2,4,15,1,0,0,1,1,3,0,1,0,0,0,3,10,0,0,4,2,0,77,-1,"Essendon","2017",14
44,"McKernan, Shaun",4,4,3,7,2,0,2,1,0,1,0,1,1,1,0,3,4,1,2,0,0,0,77,-1,"Essendon","2017",14
7,"Merrett, Zach",16,4,17,33,0,0,0,6,4,5,8,3,2,0,0,14,19,0,0,1,0,2,76,-1,"Essendon","2017",14
17,"Stewart, James",5,3,4,9,2,0,0,1,0,2,0,2,1,2,0,4,6,0,1,0,0,0,91,-1,"Essendon","2017",14
4,"Watson, Jobe",11,7,7,18,0,0,0,6,1,2,1,3,1,1,0,4,15,0,1,0,0,0,79,-1,"Essendon","2017",14
11,"Zaharakis, David",16,6,12,28,1,0,0,2,4,6,2,1,1,0,0,6,22,0,1,0,0,1,79,-1,"Essendon","2017",14
0,"Rushed",0,0,0,0,0,1,0,0,0,0,0,0,0,0,0,0,0,0,0,0,0,0,0,-1,"Essendon","2017",14
