"Number","Player","Kicks","Marks","Handballs","Disposals","Goals","Behinds","Hitouts","Tackles","Rebounds50s","Inside50s","Clearances","Clangers","FreesFor","FreesAgainst","BrownlowVotes","ContestedPossessions","UncontestedPossessions","ContestedMarks","MarksInside50","OnePercenters","Bounces","GoalAssists","PercentagePlayed","PointDifference","Team","Season","Round"
21,"Atkins, Rory",15,4,6,21,1,0,0,2,3,5,3,4,0,0,0,5,15,1,0,1,1,1,81,-41,"Adelaide","2017",8
18,"Betts, Eddie",7,1,2,9,2,0,0,2,1,1,2,4,0,2,0,6,3,0,0,0,0,0,84,-41,"Adelaide","2017",8
16,"Brown, Luke",7,3,13,20,0,0,0,0,6,1,0,3,0,1,0,8,11,1,0,5,0,0,80,-41,"Adelaide","2017",8
23,"Cameron, Charlie",5,1,5,10,0,0,0,5,4,0,1,1,1,0,0,5,5,0,0,1,3,0,86,-41,"Adelaide","2017",8
2,"Crouch, Brad",8,2,18,26,0,0,0,3,2,2,6,6,0,0,0,14,13,0,0,1,0,2,66,-41,"Adelaide","2017",8
44,"Crouch, Matt",15,2,14,29,0,1,0,3,2,5,3,3,0,1,0,9,20,0,0,1,0,0,75,-41,"Adelaide","2017",8
26,"Douglas, Richard",11,2,11,22,0,2,0,9,1,3,7,1,1,1,0,16,8,0,1,0,0,1,85,-41,"Adelaide","2017",8
17,"Hampton, Curtly",6,1,9,15,0,0,0,4,0,3,2,4,3,2,0,11,4,0,0,1,0,1,67,-41,"Adelaide","2017",8
15,"Hartigan, Kyle",3,3,8,11,0,0,0,0,1,1,0,1,0,0,0,3,7,0,0,5,0,0,79,-41,"Adelaide","2017",8
24,"Jacobs, Sam",8,5,5,13,0,1,74,4,0,1,2,3,1,3,0,8,8,3,1,3,0,0,87,-41,"Adelaide","2017",8
4,"Jenkins, Josh",7,6,3,10,2,1,2,2,0,2,0,2,0,0,0,6,5,3,3,1,0,0,86,-41,"Adelaide","2017",8
8,"Kelly, Jake",6,3,10,16,0,0,0,3,0,0,1,1,0,0,0,4,12,0,0,6,0,0,91,-41,"Adelaide","2017",8
29,"Laird, Rory",11,4,26,37,1,0,0,2,3,0,2,2,0,0,0,13,24,0,1,2,0,0,85,-41,"Adelaide","2017",8
27,"Lynch, Tom",7,5,9,16,0,0,0,3,0,4,0,4,0,0,0,3,13,0,0,2,0,0,91,-41,"Adelaide","2017",8
14,"Mackay, David",8,4,4,12,0,0,0,3,1,3,0,2,0,0,0,1,11,0,0,0,0,0,76,-41,"Adelaide","2017",8
32,"Menzel, Troy",7,4,4,11,0,1,0,3,0,3,0,3,1,1,0,4,6,0,0,2,1,1,61,-41,"Adelaide","2017",8
30,"Milera, Wayne",9,5,11,20,0,0,0,1,2,2,2,3,3,1,0,6,14,0,1,0,0,1,84,-41,"Adelaide","2017",8
22,"Otten, Andy",6,3,9,15,0,2,0,2,1,0,0,4,0,2,0,5,8,2,2,11,0,0,90,-41,"Adelaide","2017",8
9,"Sloane, Rory",6,0,5,11,0,1,0,12,2,5,4,6,1,5,0,9,4,0,0,1,0,0,80,-41,"Adelaide","2017",8
33,"Smith, Brodie",16,5,10,26,1,0,0,1,4,4,2,5,1,2,0,8,17,0,1,3,1,0,89,-41,"Adelaide","2017",8
12,"Talia, Daniel",6,3,8,14,0,0,0,5,0,2,0,0,1,0,0,3,10,1,0,9,0,0,90,-41,"Adelaide","2017",8
13,"Walker, Taylor",10,3,5,15,2,2,0,2,0,2,1,1,3,0,0,9,7,1,2,1,0,0,88,-41,"Adelaide","2017",8
0,"Rushed",0,0,0,0,0,1,0,0,0,0,0,0,0,0,0,0,0,0,0,0,0,0,0,-41,"Adelaide","2017",8
32,"Bugg, Tomas",5,2,6,11,2,0,0,3,0,0,1,0,1,0,0,6,5,1,2,2,0,0,78,41,"Melbourne","2017",8
17,"Frost, Sam",10,4,8,18,0,0,0,5,5,1,1,5,0,3,0,6,13,0,0,9,0,0,94,41,"Melbourne","2017",8
36,"Garlett, Jeff",7,2,3,10,2,1,0,6,0,1,1,1,2,0,0,5,5,1,2,1,0,2,89,41,"Melbourne","2017",8
19,"Hannan, Mitch",5,2,3,8,1,0,0,2,0,1,2,3,0,1,0,5,3,1,1,4,0,0,69,41,"Melbourne","2017",8
14,"Hibberd, Michael",20,8,14,34,0,0,0,0,9,3,1,3,1,2,0,9,24,0,0,6,0,0,86,41,"Melbourne","2017",8
29,"Hunt, Jayden",7,2,5,12,0,0,0,2,1,2,0,2,0,0,0,4,8,0,0,4,0,0,44,41,"Melbourne","2017",8
39,"Jetta, Neville",6,5,11,17,0,0,0,1,0,0,1,1,0,0,0,6,11,0,0,4,0,0,94,41,"Melbourne","2017",8
2,"Jones, Nathan",12,8,13,25,2,0,0,6,3,3,4,0,2,0,0,11,16,0,1,2,0,0,85,41,"Melbourne","2017",8
16,"Kent, Dean",12,4,7,19,2,0,0,2,0,5,0,4,3,0,0,7,12,0,1,1,0,1,86,41,"Melbourne","2017",8
6,"Lewis, Jordan",10,3,17,27,0,0,0,1,3,4,6,5,2,1,0,14,13,0,0,0,0,1,83,41,"Melbourne","2017",8
28,"McDonald, Oscar",8,4,6,14,0,0,0,2,2,1,1,1,0,0,0,4,10,0,0,7,0,0,94,41,"Melbourne","2017",8
25,"McDonald, Tom",11,7,9,20,2,1,2,2,0,3,1,4,0,1,2,9,10,2,2,3,0,2,88,41,"Melbourne","2017",8
13,"Oliver, Clayton",9,1,21,30,1,0,0,10,1,5,4,2,1,1,1,15,15,0,0,1,0,1,74,41,"Melbourne","2017",8
21,"Pedersen, Cameron",12,2,1,13,3,0,22,3,2,3,5,1,1,1,0,8,5,0,1,2,0,0,86,41,"Melbourne","2017",8
5,"Petracca, Christian",13,5,11,24,1,0,0,5,0,3,7,3,1,0,0,15,8,1,3,1,0,4,78,41,"Melbourne","2017",8
3,"Salem, Christian",21,3,10,31,0,0,0,5,9,1,0,3,2,0,0,5,21,0,0,0,0,0,82,41,"Melbourne","2017",8
12,"Tyson, Dom",11,2,9,20,0,1,0,6,0,5,0,6,0,2,0,5,16,1,1,2,0,0,73,41,"Melbourne","2017",8
23,"Vince, Bernie",9,0,5,14,0,0,0,6,0,2,2,5,1,1,0,4,11,0,0,2,0,0,86,41,"Melbourne","2017",8
7,"Viney, Jack",11,2,19,30,1,1,0,12,1,3,7,2,3,1,3,15,16,0,0,2,0,0,86,41,"Melbourne","2017",8
42,"Wagner, Josh",8,1,11,19,0,0,0,2,0,2,3,1,0,0,0,7,11,0,0,2,0,0,81,41,"Melbourne","2017",8
4,"Watts, Jack",3,4,11,14,0,0,5,3,0,2,1,1,0,0,0,6,8,1,0,0,0,0,83,41,"Melbourne","2017",8
26,"Weideman, Sam",3,2,7,10,0,0,0,5,0,3,1,2,1,2,0,6,5,1,1,2,0,0,81,41,"Melbourne","2017",8
0,"Rushed",0,0,0,0,0,1,0,0,0,0,0,0,0,0,0,0,0,0,0,0,0,0,0,41,"Melbourne","2017",8
