"Number","Player","Kicks","Marks","Handballs","Disposals","Goals","Behinds","Hitouts","Tackles","Rebounds50s","Inside50s","Clearances","Clangers","FreesFor","FreesAgainst","BrownlowVotes","ContestedPossessions","UncontestedPossessions","ContestedMarks","MarksInside50","OnePercenters","Bounces","GoalAssists","PercentagePlayed","PointDifference","Team","Season","Round"
10,"Brayshaw, Angus",11,8,6,17,1,0,0,2,1,2,0,0,0,0,0,3,14,1,1,2,0,1,63,13,"Melbourne","2017",22
36,"Garlett, Jeff",4,2,4,8,2,1,0,2,0,2,0,0,1,0,0,2,5,0,2,2,1,1,88,13,"Melbourne","2017",22
11,"Gawn, Max",3,3,6,9,0,0,38,0,3,1,2,1,0,1,0,4,5,1,0,0,0,0,86,13,"Melbourne","2017",22
19,"Hannan, Mitch",8,1,6,14,0,1,0,3,0,2,2,4,3,0,0,6,8,0,0,1,0,2,83,13,"Melbourne","2017",22
43,"Harmes, James",9,3,4,13,1,0,0,3,1,4,0,3,0,0,0,4,11,1,1,2,0,1,73,13,"Melbourne","2017",22
14,"Hibberd, Michael",13,7,10,23,0,0,0,4,6,2,0,4,1,1,0,12,10,2,0,1,0,1,95,13,"Melbourne","2017",22
1,"Hogan, Jesse",10,9,5,15,6,0,0,1,0,1,0,3,1,0,3,7,9,2,8,1,0,1,86,13,"Melbourne","2017",22
29,"Hunt, Jayden",9,1,9,18,0,0,0,5,1,2,3,6,1,0,0,5,12,0,0,2,2,0,91,13,"Melbourne","2017",22
39,"Jetta, Neville",10,7,3,13,0,0,0,2,2,1,0,1,0,0,0,4,8,1,0,2,0,0,83,13,"Melbourne","2017",22
2,"Jones, Nathan",13,2,19,32,0,0,0,7,1,5,8,4,0,2,0,13,17,0,0,1,0,2,85,13,"Melbourne","2017",22
6,"Lewis, Jordan",12,9,13,25,0,0,0,3,0,5,3,1,0,1,0,5,20,0,0,2,0,0,85,13,"Melbourne","2017",22
28,"McDonald, Oscar",7,4,2,9,0,0,0,0,4,0,0,1,1,0,0,1,9,0,0,8,0,0,96,13,"Melbourne","2017",22
25,"McDonald, Tom",4,1,1,5,0,0,0,4,1,0,0,1,0,1,0,3,2,0,0,5,0,0,96,13,"Melbourne","2017",22
18,"Melksham, Jake",20,7,9,29,1,1,0,4,2,4,3,2,2,0,0,5,23,0,1,1,1,2,85,13,"Melbourne","2017",22
30,"Neal-Bullen, Alex",7,0,10,17,0,0,0,3,0,5,3,4,0,1,0,7,10,0,0,1,1,1,84,13,"Melbourne","2017",22
13,"Oliver, Clayton",8,3,22,30,0,0,0,5,1,3,7,4,2,2,0,16,14,1,0,0,0,0,75,13,"Melbourne","2017",22
21,"Pedersen, Cameron",13,7,11,24,3,2,9,3,0,6,0,4,3,1,1,5,19,0,3,2,2,0,92,13,"Melbourne","2017",22
5,"Petracca, Christian",6,4,16,22,1,0,0,3,0,3,3,3,1,0,0,12,10,2,0,0,0,2,78,13,"Melbourne","2017",22
15,"Stretch, Billy",7,6,5,12,0,0,0,2,1,2,1,2,0,1,0,3,10,0,0,1,0,0,66,13,"Melbourne","2017",22
12,"Tyson, Dom",8,3,19,27,0,0,0,3,2,1,1,4,0,2,0,14,14,0,0,1,0,0,68,13,"Melbourne","2017",22
23,"Vince, Bernie",8,3,2,10,1,0,0,3,2,0,0,2,0,1,0,2,9,0,1,2,1,0,81,13,"Melbourne","2017",22
42,"Wagner, Josh",4,2,10,14,0,0,0,6,0,0,0,3,0,0,0,6,9,0,1,1,1,0,62,13,"Melbourne","2017",22
0,"Rushed",0,0,0,0,0,3,0,0,0,0,0,0,0,0,0,0,0,0,0,0,0,0,0,13,"Melbourne","2017",22
37,"Allison, Jacob",7,4,9,16,1,0,0,3,1,0,1,1,0,1,0,5,12,0,1,0,0,0,67,-13,"Brisbane Lions","2017",22
31,"Andrews, Harris",7,7,4,11,0,0,0,0,1,1,0,2,0,1,0,5,5,3,0,5,0,0,97,-13,"Brisbane Lions","2017",22
43,"Barrett, Jake",6,3,7,13,1,0,0,2,0,1,0,3,1,0,0,4,8,0,1,0,0,1,95,-13,"Brisbane Lions","2017",22
4,"Bastinac, Ryan",12,6,10,22,1,0,0,3,2,1,2,1,1,0,0,7,14,1,2,0,0,0,85,-13,"Brisbane Lions","2017",22
17,"Beams, Claye",6,4,8,14,0,0,0,4,0,3,3,1,0,0,0,6,8,0,0,1,0,0,61,-13,"Brisbane Lions","2017",22
9,"Beams, Dayne",16,7,17,33,3,1,0,4,3,6,5,5,3,1,2,16,18,1,4,3,0,0,78,-13,"Brisbane Lions","2017",22
33,"Close, Michael",6,4,2,8,1,0,0,2,0,1,0,1,0,0,0,2,6,1,0,5,0,0,77,-13,"Brisbane Lions","2017",22
27,"Gardiner, Darcy",10,8,4,14,1,0,0,4,5,0,1,1,0,0,0,5,11,2,1,8,0,0,91,-13,"Brisbane Lions","2017",22
30,"Hipwood, Eric",5,5,5,10,1,0,0,0,0,2,0,2,0,1,0,2,9,2,1,1,0,3,82,-13,"Brisbane Lions","2017",22
35,"Lester, Ryan",9,5,9,18,0,0,0,4,2,1,2,2,0,1,0,5,15,0,0,2,0,0,82,-13,"Brisbane Lions","2017",22
12,"Martin, Stefan",6,5,9,15,0,0,27,1,0,2,4,3,0,0,0,8,5,1,1,1,0,1,84,-13,"Brisbane Lions","2017",22
36,"Mathieson, Rhys",6,1,13,19,0,0,1,3,1,3,7,2,5,1,0,12,7,0,0,2,0,0,76,-13,"Brisbane Lions","2017",22
32,"Mayes, Sam",14,6,5,19,0,0,0,0,5,1,0,3,1,1,0,3,15,0,0,4,0,0,84,-13,"Brisbane Lions","2017",22
6,"McCluggage, Hugh",8,5,9,17,1,0,0,4,1,2,4,4,2,1,0,5,12,0,0,0,0,2,73,-13,"Brisbane Lions","2017",22
25,"McStay, Daniel",6,5,7,13,0,0,0,2,1,1,0,3,0,2,0,5,8,2,0,6,0,1,88,-13,"Brisbane Lions","2017",22
10,"Rich, Daniel",16,2,9,25,0,1,0,0,3,3,1,3,0,0,0,11,13,0,0,1,0,0,80,-13,"Brisbane Lions","2017",22
18,"Robertson, Nick",7,3,9,16,0,0,0,6,2,1,0,3,0,1,0,3,13,0,0,3,0,0,90,-13,"Brisbane Lions","2017",22
38,"Rockliff, Tom",9,6,7,16,2,0,0,3,0,3,0,1,0,1,0,5,11,2,2,0,0,2,85,-13,"Brisbane Lions","2017",22
28,"Taylor, Lewis",16,3,6,22,0,1,0,2,2,5,0,0,0,0,0,2,22,0,0,1,1,0,81,-13,"Brisbane Lions","2017",22
14,"Walker, Josh",9,8,5,14,1,1,6,1,0,1,0,1,0,1,0,7,7,5,1,2,0,0,91,-13,"Brisbane Lions","2017",22
29,"Witherden, Alex",13,6,5,18,0,0,0,5,3,1,0,3,0,2,0,2,13,0,0,0,0,1,70,-13,"Brisbane Lions","2017",22
15,"Zorko, Dayne",16,7,10,26,1,0,0,8,3,6,5,4,1,1,0,8,18,0,0,3,0,0,84,-13,"Brisbane Lions","2017",22
0,"Rushed",0,0,0,0,0,3,0,0,0,0,0,0,0,0,0,0,0,0,0,0,0,0,0,-13,"Brisbane Lions","2017",22
