"Number","Player","Kicks","Marks","Handballs","Disposals","Goals","Behinds","Hitouts","Tackles","Rebounds50s","Inside50s","Clearances","Clangers","FreesFor","FreesAgainst","BrownlowVotes","ContestedPossessions","UncontestedPossessions","ContestedMarks","MarksInside50","OnePercenters","Bounces","GoalAssists","PercentagePlayed","PointDifference","Team","Season","Round"
19,"Blakely, Connor",7,2,17,24,0,0,0,3,1,1,4,1,1,0,0,8,15,0,0,0,0,0,73,5,"Fremantle","2017",5
17,"Crozier, Hayden",8,1,1,9,1,2,0,6,0,2,1,2,3,1,0,6,3,1,0,2,0,0,83,5,"Fremantle","2017",5
7,"Fyfe, Nat",11,3,15,26,0,1,0,4,0,4,8,3,4,2,2,19,12,1,0,3,0,1,91,5,"Fremantle","2017",5
28,"Grey, Brady",6,3,4,10,1,1,0,6,0,2,0,2,1,1,0,4,6,0,1,0,1,0,77,5,"Fremantle","2017",5
21,"Hamling, Joel",4,3,7,11,0,0,0,5,2,1,0,2,1,2,0,3,8,0,0,13,0,0,95,5,"Fremantle","2017",5
9,"Hill, Bradley",17,8,6,23,1,0,0,2,3,2,2,3,0,1,0,4,19,0,1,0,1,0,80,5,"Fremantle","2017",5
32,"Hill, Stephen",13,1,12,25,0,0,0,7,6,2,2,1,1,0,0,7,15,0,0,1,0,0,67,5,"Fremantle","2017",5
15,"Hughes, Ethan",7,2,5,12,0,0,0,2,3,1,1,2,0,1,0,4,7,0,0,0,0,0,79,5,"Fremantle","2017",5
5,"Ibbotson, Garrick",10,3,7,17,0,0,0,1,2,0,1,3,0,0,0,4,13,0,0,6,0,0,91,5,"Fremantle","2017",5
37,"Johnson, Michael",11,7,15,26,1,0,1,0,2,1,0,2,2,0,0,12,13,3,0,0,1,0,82,5,"Fremantle","2017",5
22,"Kersten, Shane",8,5,2,10,1,1,0,4,1,4,1,2,0,1,0,6,5,1,1,1,0,2,88,5,"Fremantle","2017",5
26,"Langdon, Ed",10,4,6,16,2,0,0,0,0,2,1,4,0,2,0,5,12,0,1,0,1,1,76,5,"Fremantle","2017",5
2,"Logue, Griffin",5,4,4,9,1,3,0,0,0,0,1,1,1,1,0,6,3,1,3,0,0,0,62,5,"Fremantle","2017",5
23,"McCarthy, Cam",11,5,5,16,1,1,0,1,0,4,0,1,1,0,0,6,9,1,2,1,0,0,93,5,"Fremantle","2017",5
16,"Mundy, David",11,2,19,30,0,0,0,1,1,1,6,2,1,1,0,15,14,1,0,3,0,0,88,5,"Fremantle","2017",5
27,"Neale, Lachie",13,3,9,22,0,0,0,7,1,4,7,4,1,3,0,11,11,0,0,2,1,3,81,5,"Fremantle","2017",5
31,"Sandilands, Aaron",4,3,6,10,0,0,55,3,1,3,1,5,0,4,1,3,7,1,0,4,0,0,84,5,"Fremantle","2017",5
11,"Sheridan, Tom",8,3,11,19,0,0,0,1,2,1,0,1,1,0,0,8,11,0,0,0,0,0,83,5,"Fremantle","2017",5
34,"Spurr, Lee",14,7,10,24,0,0,0,2,4,0,2,2,1,0,0,7,17,1,0,2,0,0,92,5,"Fremantle","2017",5
18,"Tucker, Darcy",10,4,7,17,0,0,0,1,2,4,3,1,1,0,0,6,10,0,0,0,0,0,57,5,"Fremantle","2017",5
10,"Walters, Michael",5,5,4,9,0,0,0,0,0,2,0,2,0,1,0,1,9,0,2,1,0,1,87,5,"Fremantle","2017",5
14,"Weller, Lachie",14,3,12,26,0,0,0,3,3,7,1,8,3,2,0,7,19,0,0,0,0,0,92,5,"Fremantle","2017",5
0,"Rushed",0,0,0,0,0,4,0,0,0,0,0,0,0,0,0,0,0,0,0,0,0,0,0,5,"Fremantle","2017",5
18,"Atley, Shaun",10,5,10,20,1,0,0,3,2,3,0,2,0,0,0,3,17,0,1,0,1,0,80,-5,"North Melbourne","2017",5
50,"Brown, Ben",8,6,2,10,1,1,6,1,0,2,0,4,1,1,0,3,8,1,1,0,0,0,76,-5,"North Melbourne","2017",5
10,"Cunnington, Ben",9,3,20,29,1,0,0,5,0,1,10,7,1,4,3,14,15,0,1,1,0,1,79,-5,"North Melbourne","2017",5
14,"Dumont, Trent",11,3,13,24,1,0,0,5,0,5,8,1,2,0,0,12,12,0,0,1,0,1,83,-5,"North Melbourne","2017",5
27,"Garner, Taylor",8,4,9,17,0,1,0,3,1,2,1,1,1,0,0,6,11,1,1,2,0,1,89,-5,"North Melbourne","2017",5
43,"Gibson, Sam",8,6,10,18,0,0,0,2,1,2,1,1,0,0,0,3,15,0,0,1,0,0,92,-5,"North Melbourne","2017",5
22,"Goldstein, Todd",6,2,7,13,1,0,21,3,1,2,2,3,3,1,0,6,10,0,0,4,0,0,83,-5,"North Melbourne","2017",5
6,"Hansen, Lachlan",6,4,7,13,0,0,0,2,1,3,0,1,0,1,0,0,12,0,0,7,0,0,91,-5,"North Melbourne","2017",5
8,"Hrovat, Nathan",8,2,13,21,1,0,0,4,1,0,1,3,3,1,0,12,9,0,0,0,0,0,80,-5,"North Melbourne","2017",5
34,"Macmillan, Jamie",15,5,11,26,0,0,0,3,3,3,0,2,1,0,0,5,20,0,0,2,2,1,86,-5,"North Melbourne","2017",5
11,"McDonald, Luke",11,4,8,19,0,1,0,8,0,6,2,2,2,0,0,5,14,0,0,1,0,1,77,-5,"North Melbourne","2017",5
17,"Mullett, Aaron",11,6,8,19,0,0,0,5,3,1,0,2,0,0,0,3,14,0,0,0,0,0,82,-5,"North Melbourne","2017",5
21,"Simpkin, Jy",8,3,4,12,1,0,0,3,0,0,0,1,3,0,0,5,8,0,1,0,0,0,71,-5,"North Melbourne","2017",5
9,"Swallow, Andrew",8,3,7,15,0,1,0,6,0,4,3,7,1,2,0,10,5,1,2,1,0,0,62,-5,"North Melbourne","2017",5
25,"Tarrant, Robbie",8,2,9,17,0,0,0,3,6,0,0,4,3,3,0,6,11,0,0,5,0,0,92,-5,"North Melbourne","2017",5
12,"Thomas, Lindsay",3,1,3,6,0,0,0,3,0,0,1,6,0,3,0,3,3,0,0,2,0,0,83,-5,"North Melbourne","2017",5
16,"Thompson, Scott",4,3,8,12,0,0,0,1,2,0,0,0,0,0,0,6,7,1,0,4,0,0,91,-5,"North Melbourne","2017",5
28,"Turner, Kayne",5,4,4,9,1,0,0,2,0,4,0,1,0,1,0,1,8,0,1,1,0,1,84,-5,"North Melbourne","2017",5
33,"Vickers-Willis, Ed",8,5,7,15,0,1,0,1,0,0,0,2,0,1,0,5,10,0,1,1,0,0,77,-5,"North Melbourne","2017",5
2,"Williams, Marley",14,5,10,24,0,0,0,3,10,1,0,3,1,1,0,7,17,0,0,6,0,0,84,-5,"North Melbourne","2017",5
32,"Wood, Mason",11,8,3,14,1,1,0,2,0,2,0,1,0,1,0,5,10,1,2,1,0,0,87,-5,"North Melbourne","2017",5
7,"Ziebell, Jack",10,3,7,17,0,0,0,3,2,3,6,4,0,3,0,10,8,0,0,3,0,0,72,-5,"North Melbourne","2017",5
0,"Rushed",0,0,0,0,0,2,0,0,0,0,0,0,0,0,0,0,0,0,0,0,0,0,0,-5,"North Melbourne","2017",5
