"Number","Player","Kicks","Marks","Handballs","Disposals","Goals","Behinds","Hitouts","Tackles","Rebounds50s","Inside50s","Clearances","Clangers","FreesFor","FreesAgainst","BrownlowVotes","ContestedPossessions","UncontestedPossessions","ContestedMarks","MarksInside50","OnePercenters","Bounces","GoalAssists","PercentagePlayed","PointDifference","Team","Season","Round"
37,"Barrass, Tom",5,5,5,10,0,0,0,1,3,0,0,1,0,0,0,6,3,4,0,2,0,1,82,-32,"West Coast","2017",16
15,"Cripps, Jamie",7,5,9,16,1,1,0,4,0,2,2,2,1,0,0,7,9,2,1,0,0,1,81,-32,"West Coast","2017",16
27,"Darling, Jack",8,5,3,11,4,1,0,1,0,3,0,4,2,1,0,6,6,0,3,3,0,0,91,-32,"West Coast","2017",16
14,"Duggan, Liam",16,5,6,22,0,1,0,3,7,4,2,4,1,1,0,5,17,0,0,1,0,1,85,-32,"West Coast","2017",16
3,"Gaff, Andrew",15,3,13,28,0,0,0,2,3,2,2,5,1,2,0,8,22,0,0,0,0,0,92,-32,"West Coast","2017",16
25,"Hurn, Shannon",7,2,7,14,0,0,0,1,2,0,1,1,1,1,0,6,6,0,0,2,0,0,83,-32,"West Coast","2017",16
34,"Hutchings, Mark",6,3,11,17,0,1,0,5,1,1,2,1,0,0,0,9,8,1,1,2,0,1,86,-32,"West Coast","2017",16
23,"Jetta, Lewis",9,3,3,12,2,0,0,3,3,2,0,0,1,0,0,2,9,1,1,0,0,0,85,-32,"West Coast","2017",16
39,"Karpany, Malcolm",5,2,5,10,0,0,0,3,0,4,1,0,1,0,0,5,5,0,0,0,0,0,68,-32,"West Coast","2017",16
2,"LeCras, Mark",10,4,3,13,4,0,0,2,1,2,4,4,1,1,0,3,7,1,2,0,1,1,88,-32,"West Coast","2017",16
29,"Lycett, Scott",6,3,6,12,0,0,18,0,1,1,1,1,1,0,0,3,9,0,1,1,0,0,55,-32,"West Coast","2017",16
16,"Mackenzie, Eric",0,2,4,4,0,0,0,1,2,0,0,2,0,1,0,1,4,0,0,3,0,0,81,-32,"West Coast","2017",16
20,"McGovern, Jeremy",6,6,6,12,0,1,0,4,2,1,0,0,2,0,0,7,6,2,2,6,0,1,90,-32,"West Coast","2017",16
1,"Mitchell, Sam",12,3,14,26,0,0,0,1,3,4,1,3,1,0,0,6,19,0,0,1,2,1,89,-32,"West Coast","2017",16
21,"Petrie, Drew",4,5,6,10,1,0,1,1,0,2,0,5,0,3,0,3,7,0,2,4,0,1,93,-32,"West Coast","2017",16
11,"Priddis, Matt",7,1,12,19,0,1,0,6,2,1,5,1,1,0,0,9,10,0,0,1,0,0,78,-32,"West Coast","2017",16
4,"Sheed, Dom",8,0,7,15,0,1,0,4,0,2,3,3,0,2,0,7,10,0,0,0,0,0,77,-32,"West Coast","2017",16
5,"Sheppard, Brad",6,4,3,9,0,0,0,1,3,1,0,3,0,2,0,2,7,1,0,4,0,0,88,-32,"West Coast","2017",16
13,"Shuey, Luke",12,3,9,21,0,0,0,1,0,5,7,2,1,0,0,14,10,0,0,2,1,0,78,-32,"West Coast","2017",16
19,"Vardy, Nathan",3,2,4,7,1,0,14,3,0,0,3,1,4,1,0,6,2,1,0,3,0,0,67,-32,"West Coast","2017",16
12,"Wellingham, Sharrod",8,3,7,15,0,1,0,2,1,1,2,2,1,1,0,4,10,0,0,3,1,0,81,-32,"West Coast","2017",16
6,"Yeo, Elliot",16,6,5,21,0,0,0,2,2,4,4,3,2,0,0,9,11,1,0,1,1,0,84,-32,"West Coast","2017",16
0,"Rushed",0,0,0,0,0,2,0,0,0,0,0,0,0,0,0,0,0,0,0,0,0,0,0,-32,"West Coast","2017",16
30,"Atley, Joe",3,2,11,14,0,0,0,3,0,1,3,4,1,2,0,9,6,0,0,1,0,0,55,32,"Port Adelaide","2017",16
1,"Boak, Travis",11,9,14,25,1,0,0,5,1,5,1,2,0,1,0,4,20,0,1,0,1,2,81,32,"Port Adelaide","2017",16
33,"Byrne-Jones, Darcy",9,2,3,12,0,0,0,2,2,3,1,0,0,0,0,5,7,2,0,3,0,0,87,32,"Port Adelaide","2017",16
17,"Clurey, Tom",5,5,6,11,0,0,0,0,2,0,0,1,0,1,0,5,6,2,0,4,0,0,99,32,"Port Adelaide","2017",16
22,"Dixon, Charlie",10,7,4,14,5,1,0,1,0,2,0,3,1,2,1,7,6,2,7,3,0,1,97,32,"Port Adelaide","2017",16
7,"Ebert, Brad",14,6,17,31,0,0,0,8,1,4,8,5,0,0,3,11,19,1,0,2,0,2,82,32,"Port Adelaide","2017",16
9,"Gray, Robbie",9,5,4,13,3,1,0,1,1,3,1,1,3,0,0,6,8,0,2,0,0,3,98,32,"Port Adelaide","2017",16
46,"Gray, Sam",6,4,2,8,0,0,0,3,0,3,0,2,0,1,0,3,7,0,0,0,0,1,76,32,"Port Adelaide","2017",16
8,"Hartlett, Hamish",11,9,5,16,1,1,0,0,1,3,0,1,1,0,0,5,10,1,0,3,0,0,78,32,"Port Adelaide","2017",16
36,"Hombsch, Jack",5,2,2,7,0,0,0,0,1,0,0,2,1,1,0,2,6,0,0,5,0,0,90,32,"Port Adelaide","2017",16
43,"Houston, Dan",14,11,5,19,0,0,0,1,5,0,0,2,2,0,0,5,15,0,0,2,0,0,71,32,"Port Adelaide","2017",16
24,"Impey, Jarman",6,3,2,8,0,0,0,3,0,3,1,2,1,1,0,2,6,0,0,0,4,0,63,32,"Port Adelaide","2017",16
42,"Jonas, Tom",8,3,9,17,0,0,0,4,2,1,1,1,0,0,0,5,12,0,0,7,0,0,90,32,"Port Adelaide","2017",16
29,"Pittard, Jasper",6,2,11,17,0,0,0,3,3,2,1,3,0,0,0,3,13,0,0,6,0,1,85,32,"Port Adelaide","2017",16
21,"Polec, Jared",12,3,7,19,0,1,0,0,0,7,2,4,0,2,0,6,15,0,1,1,1,0,90,32,"Port Adelaide","2017",16
2,"Powell-Pepper, Sam",11,3,5,16,0,2,0,5,0,1,0,5,2,3,0,7,10,1,1,1,0,0,63,32,"Port Adelaide","2017",16
4,"Ryder, Paddy",9,5,8,17,2,0,39,6,1,2,1,3,2,0,2,10,7,3,1,1,0,0,90,32,"Port Adelaide","2017",16
12,"Trengove, Jackson",7,5,8,15,2,1,11,3,0,2,4,4,0,3,0,7,8,1,3,1,0,0,68,32,"Port Adelaide","2017",16
39,"Westhoff, Justin",14,7,9,23,2,1,0,3,3,1,3,1,0,0,0,8,15,2,4,5,0,2,88,32,"Port Adelaide","2017",16
19,"White, Matt",6,2,4,10,0,0,0,4,1,5,2,5,1,3,0,3,9,0,0,1,1,0,74,32,"Port Adelaide","2017",16
16,"Wines, Ollie",13,2,15,28,1,1,0,7,0,6,8,4,1,1,0,13,15,0,1,1,3,0,79,32,"Port Adelaide","2017",16
20,"Wingard, Chad",13,1,8,21,1,1,0,1,0,6,7,1,0,1,0,8,13,0,0,1,0,2,96,32,"Port Adelaide","2017",16
0,"Rushed",0,0,0,0,0,2,0,0,0,0,0,0,0,0,0,0,0,0,0,0,0,0,0,32,"Port Adelaide","2017",16
