"Number","Player","Kicks","Marks","Handballs","Disposals","Goals","Behinds","Hitouts","Tackles","Rebounds50s","Inside50s","Clearances","Clangers","FreesFor","FreesAgainst","BrownlowVotes","ContestedPossessions","UncontestedPossessions","ContestedMarks","MarksInside50","OnePercenters","Bounces","GoalAssists","PercentagePlayed","PointDifference","Team","Season","Round"
14,"Birchall, Grant",11,6,9,20,0,0,0,2,2,1,0,2,0,0,0,3,16,0,0,1,0,0,77,24,"Hawthorn","2017",15
30,"Brand, Kaiden",13,11,7,20,0,0,0,2,3,1,1,0,1,0,0,3,17,1,0,5,0,0,92,24,"Hawthorn","2017",15
22,"Breust, Luke",11,6,7,18,2,1,0,6,0,4,1,0,2,0,0,7,11,0,1,0,0,2,77,24,"Hawthorn","2017",15
9,"Burgoyne, Shaun",10,5,13,23,1,0,0,5,2,5,6,2,0,1,0,14,10,0,1,2,0,2,78,24,"Hawthorn","2017",15
5,"Burton, Ryan",15,6,14,29,0,0,0,3,2,5,0,4,0,2,1,6,22,2,0,1,0,0,79,24,"Hawthorn","2017",15
8,"Duryea, Taylor",12,5,6,18,2,2,0,3,0,1,0,1,0,0,0,6,13,1,1,2,0,1,94,24,"Hawthorn","2017",15
19,"Gunston, Jack",8,3,13,21,1,0,0,7,0,1,4,3,0,0,0,10,13,0,0,4,0,2,87,24,"Hawthorn","2017",15
37,"Hardwick, Blake",9,5,10,19,0,0,0,3,1,1,0,0,2,0,0,9,10,0,0,3,0,0,87,24,"Hawthorn","2017",15
4,"Hartung, Billy",11,8,11,22,0,0,0,1,2,4,1,1,1,0,0,1,20,0,0,0,3,1,67,24,"Hawthorn","2017",15
34,"Heatherley, Kurt",6,4,9,15,0,0,0,2,5,1,0,2,0,0,0,7,8,1,0,6,0,0,82,24,"Hawthorn","2017",15
31,"Henderson, Ricky",10,7,8,18,1,0,0,5,0,3,0,4,0,0,0,3,16,0,1,1,1,0,76,24,"Hawthorn","2017",15
15,"Hodge, Luke",18,12,9,27,0,0,0,0,4,1,1,3,0,1,0,5,20,0,0,4,0,0,93,24,"Hawthorn","2017",15
17,"Howe, Daniel",13,6,13,26,0,0,0,8,1,3,8,4,1,0,0,12,16,0,1,5,0,1,86,24,"Hawthorn","2017",15
29,"Langford, Will",10,4,9,19,0,1,0,5,1,1,0,3,0,0,0,6,14,0,1,3,1,1,70,24,"Hawthorn","2017",15
7,"McEvoy, Ben",3,1,6,9,1,0,32,1,0,1,3,0,2,0,0,5,4,0,0,2,0,0,81,24,"Hawthorn","2017",15
3,"Mitchell, Tom",14,7,21,35,2,0,0,6,5,2,7,6,0,2,3,12,24,0,2,1,0,0,88,24,"Hawthorn","2017",15
23,"OBrien, Tim",11,7,3,14,2,1,2,1,0,3,0,1,0,0,0,2,12,1,3,0,0,1,69,24,"Hawthorn","2017",15
2,"Roughead, Jarryd",5,3,14,19,2,1,1,3,1,1,3,3,0,0,0,12,8,0,3,3,0,0,89,24,"Hawthorn","2017",15
25,"Schoenmakers, Ryan",11,5,5,16,2,1,0,0,0,3,1,0,0,0,0,4,11,1,2,2,0,1,80,24,"Hawthorn","2017",15
26,"Shiels, Liam",15,5,5,20,1,1,0,4,2,6,2,3,1,0,0,4,15,0,1,0,0,0,76,24,"Hawthorn","2017",15
21,"Sicily, James",15,11,10,25,1,0,0,2,9,1,1,4,0,0,0,6,18,2,0,2,0,0,90,24,"Hawthorn","2017",15
16,"Smith, Isaac",11,4,9,20,0,1,0,2,0,5,1,0,1,0,0,4,17,0,0,0,3,0,83,24,"Hawthorn","2017",15
0,"Rushed",0,0,0,0,0,1,0,0,0,0,0,0,0,0,0,0,0,0,0,0,0,0,0,24,"Hawthorn","2017",15
13,"Adams, Taylor",16,6,13,29,0,0,0,3,2,3,6,11,0,3,0,7,20,0,0,0,0,2,69,-24,"Collingwood","2017",15
29,"Broomhead, Tim",10,4,10,20,1,1,0,2,0,0,1,2,0,0,0,7,12,0,0,0,0,0,84,-24,"Collingwood","2017",15
46,"Cox, Mason",6,4,1,7,3,0,3,3,0,0,1,2,0,0,0,3,4,1,3,1,0,0,78,-24,"Collingwood","2017",15
25,"Crisp, Jack",10,8,8,18,0,0,0,9,3,0,0,1,1,0,0,6,12,1,0,2,0,0,87,-24,"Collingwood","2017",15
2,"de Goey, Jordan",14,3,18,32,0,1,0,6,2,8,7,2,0,1,2,11,21,0,0,0,0,2,83,-24,"Collingwood","2017",15
15,"Dunn, Lynden",6,3,4,10,0,0,0,3,2,0,0,1,0,0,0,2,6,0,0,2,0,0,93,-24,"Collingwood","2017",15
5,"Elliott, Jamie",5,5,5,10,1,1,0,2,0,2,0,3,0,2,0,1,9,0,2,1,0,0,77,-24,"Collingwood","2017",15
1,"Fasolo, Alex",13,8,4,17,3,1,0,3,1,4,0,3,1,0,0,6,11,0,1,1,2,2,83,-24,"Collingwood","2017",15
6,"Goldsack, Tyson",6,3,3,9,0,0,0,3,2,0,0,0,0,0,0,3,5,0,0,2,0,0,53,-24,"Collingwood","2017",15
19,"Greenwood, Levi",10,6,5,15,1,0,0,2,0,3,1,0,0,0,0,2,13,0,1,2,0,0,84,-24,"Collingwood","2017",15
4,"Grundy, Brodie",5,2,16,21,0,0,29,4,1,2,6,4,0,1,0,14,8,1,0,2,0,0,84,-24,"Collingwood","2017",15
32,"Hoskin-Elliott, Will",11,7,8,19,0,0,0,5,1,4,1,3,1,0,0,4,16,0,0,0,0,0,81,-24,"Collingwood","2017",15
38,"Howe, Jeremy",12,10,11,23,0,0,0,1,2,3,0,7,0,1,0,9,15,2,0,1,0,0,96,-24,"Collingwood","2017",15
8,"Langdon, Tom",5,5,11,16,0,0,0,3,2,1,1,0,0,0,0,9,7,3,0,3,0,0,85,-24,"Collingwood","2017",15
37,"Maynard, Brayden",15,11,2,17,0,1,0,3,4,4,0,2,0,1,0,2,15,0,0,4,0,0,85,-24,"Collingwood","2017",15
30,"Moore, Darcy",6,4,2,8,1,1,6,3,1,2,0,1,0,1,0,7,2,3,1,3,0,0,65,-24,"Collingwood","2017",15
10,"Pendlebury, Scott",11,8,10,21,0,1,0,3,1,5,3,0,0,0,0,6,14,1,2,1,1,3,88,-24,"Collingwood","2017",15
21,"Phillips, Tom",16,6,13,29,1,0,0,2,1,3,0,3,0,0,0,3,25,1,0,1,1,0,83,-24,"Collingwood","2017",15
31,"Ramsay, Jackson",4,2,5,9,0,0,0,2,0,1,0,0,0,0,0,3,6,0,0,0,0,0,88,-24,"Collingwood","2017",15
22,"Sidebottom, Steele",18,5,7,25,1,1,0,2,3,6,2,4,2,0,0,4,21,0,0,3,0,1,92,-24,"Collingwood","2017",15
24,"Thomas, Josh",11,4,10,21,1,0,0,2,1,4,1,3,1,0,0,9,13,0,1,2,1,1,82,-24,"Collingwood","2017",15
7,"Treloar, Adam",10,1,19,29,1,0,0,6,2,1,5,3,0,1,0,11,17,0,1,1,5,0,81,-24,"Collingwood","2017",15
0,"Rushed",0,0,0,0,0,2,0,0,0,0,0,0,0,0,0,0,0,0,0,0,0,0,0,-24,"Collingwood","2017",15
