"Number","Player","Kicks","Marks","Handballs","Disposals","Goals","Behinds","Hitouts","Tackles","Rebounds50s","Inside50s","Clearances","Clangers","FreesFor","FreesAgainst","BrownlowVotes","ContestedPossessions","UncontestedPossessions","ContestedMarks","MarksInside50","OnePercenters","Bounces","GoalAssists","PercentagePlayed","PointDifference","Team","Season","Round"
21,"Atkins, Rory",18,8,5,23,0,1,0,4,0,7,2,1,0,0,0,4,18,1,0,0,0,1,79,76,"Adelaide","2017",6
18,"Betts, Eddie",13,5,3,16,1,1,0,3,0,4,2,6,0,2,0,7,8,1,3,4,0,0,87,76,"Adelaide","2017",6
16,"Brown, Luke",9,4,8,17,0,0,0,5,2,0,0,0,1,0,0,4,12,0,0,2,0,0,84,76,"Adelaide","2017",6
23,"Cameron, Charlie",10,7,3,13,2,1,0,6,1,3,0,2,2,0,0,7,8,2,3,2,0,1,84,76,"Adelaide","2017",6
2,"Crouch, Brad",10,0,16,26,0,0,0,6,3,4,9,3,0,1,0,14,12,0,0,0,0,1,68,76,"Adelaide","2017",6
44,"Crouch, Matt",15,4,23,38,1,0,0,3,2,2,8,4,1,0,2,15,24,0,0,1,0,0,72,76,"Adelaide","2017",6
26,"Douglas, Richard",14,0,11,25,1,0,0,5,0,4,7,2,3,0,0,18,9,0,0,1,0,1,78,76,"Adelaide","2017",6
17,"Hampton, Curtly",8,2,6,14,0,1,0,2,0,4,4,3,0,1,0,6,6,0,1,0,1,0,82,76,"Adelaide","2017",6
15,"Hartigan, Kyle",7,5,3,10,0,0,0,2,3,1,0,3,1,1,0,4,6,2,0,1,0,0,86,76,"Adelaide","2017",6
24,"Jacobs, Sam",15,9,11,26,1,1,50,2,2,8,3,3,2,1,0,9,16,3,2,1,1,1,86,76,"Adelaide","2017",6
4,"Jenkins, Josh",5,4,6,11,1,0,1,2,0,1,0,1,1,1,0,4,9,1,1,0,0,1,87,76,"Adelaide","2017",6
8,"Kelly, Jake",12,10,16,28,0,0,0,1,2,1,1,2,0,1,0,11,17,0,0,5,0,0,90,76,"Adelaide","2017",6
29,"Laird, Rory",16,5,18,34,0,0,0,4,8,2,1,1,1,1,0,6,28,0,0,1,0,0,85,76,"Adelaide","2017",6
6,"Lever, Jake",9,8,11,20,0,0,1,1,2,0,0,2,0,1,0,10,11,3,0,5,0,0,91,76,"Adelaide","2017",6
27,"Lynch, Tom",13,9,9,22,3,2,0,1,1,5,1,1,0,0,0,12,10,4,3,0,0,2,90,76,"Adelaide","2017",6
14,"Mackay, David",13,4,8,21,0,0,0,3,0,3,3,5,2,1,0,8,14,0,0,1,1,0,75,76,"Adelaide","2017",6
30,"Milera, Wayne",9,4,7,16,1,0,0,3,3,1,0,2,1,1,0,6,12,0,0,0,0,2,78,76,"Adelaide","2017",6
22,"Otten, Andy",10,6,4,14,1,1,11,3,0,1,1,1,2,0,0,7,7,2,3,1,0,1,79,76,"Adelaide","2017",6
9,"Sloane, Rory",15,8,18,33,3,0,0,8,2,1,4,2,0,0,3,13,20,2,1,2,0,0,73,76,"Adelaide","2017",6
33,"Smith, Brodie",9,8,13,22,1,0,0,3,2,3,0,2,1,0,0,3,19,1,0,1,0,0,77,76,"Adelaide","2017",6
12,"Talia, Daniel",9,8,8,17,0,0,0,3,5,1,0,0,1,0,0,6,12,1,0,9,0,0,86,76,"Adelaide","2017",6
13,"Walker, Taylor",11,7,4,15,5,2,0,0,0,4,0,5,2,3,1,7,8,2,4,2,0,2,82,76,"Adelaide","2017",6
0,"Rushed",0,0,0,0,0,4,0,0,0,0,0,0,0,0,0,0,0,0,0,0,0,0,0,76,"Adelaide","2017",6
12,"Astbury, David",11,8,9,20,0,0,0,0,1,1,0,6,1,2,0,10,10,1,0,6,0,0,91,-76,"Richmond","2017",6
40,"Butler, Dan",6,1,3,9,1,0,0,5,0,5,2,1,0,1,0,3,7,0,1,0,3,0,83,-76,"Richmond","2017",6
22,"Caddy, Josh",6,4,5,11,0,1,0,6,0,1,2,2,0,1,0,6,5,2,0,3,0,0,83,-76,"Richmond","2017",6
46,"Castagna, Jason",3,1,5,8,0,0,0,2,0,2,0,3,1,1,0,3,4,0,0,2,0,0,86,-76,"Richmond","2017",6
30,"Conca, Reece",6,2,8,14,0,0,0,3,3,1,0,3,0,1,0,3,10,0,0,1,1,0,65,-76,"Richmond","2017",6
9,"Cotchin, Trent",16,4,10,26,0,0,0,11,2,6,6,5,2,1,0,16,11,2,0,2,1,0,76,-76,"Richmond","2017",6
5,"Ellis, Brandon",7,1,14,21,0,0,0,2,2,5,2,1,0,0,0,9,12,0,0,0,1,0,77,-76,"Richmond","2017",6
6,"Grigg, Shaun",7,1,10,17,0,0,2,5,1,4,4,1,0,0,0,8,8,1,0,0,0,1,79,-76,"Richmond","2017",6
2,"Grimes, Dylan",4,1,5,9,0,0,0,2,1,0,1,1,2,1,0,5,4,0,0,5,0,0,79,-76,"Richmond","2017",6
14,"Houli, Bachar",8,2,9,17,0,0,0,3,3,2,0,0,0,0,0,7,6,1,0,0,0,2,87,-76,"Richmond","2017",6
23,"Lambert, Kane",9,4,15,24,1,1,0,8,1,2,3,2,0,0,0,7,17,1,2,0,0,1,73,-76,"Richmond","2017",6
31,"Markov, Oleg",7,1,4,11,2,0,0,0,1,0,0,0,1,0,0,6,5,1,1,1,0,0,68,-76,"Richmond","2017",6
4,"Martin, Dustin",16,4,9,25,1,0,0,6,0,8,7,4,2,1,0,15,13,1,1,0,0,0,94,-76,"Richmond","2017",6
33,"McIntosh, Kamdyn",12,2,5,17,0,0,0,2,2,4,0,5,1,2,0,6,11,0,0,8,2,1,81,-76,"Richmond","2017",6
38,"Morris, Steven",5,1,3,8,0,0,0,6,1,2,0,5,1,0,0,3,5,0,0,4,0,1,76,-76,"Richmond","2017",6
25,"Nankervis, Toby",5,2,9,14,0,0,38,7,2,3,5,5,1,4,0,10,4,1,0,7,0,0,82,-76,"Richmond","2017",6
3,"Prestia, Dion",10,1,6,16,0,0,0,4,3,0,5,2,0,0,0,9,8,0,0,1,0,0,76,-76,"Richmond","2017",6
18,"Rance, Alex",9,5,10,19,0,0,0,0,8,1,0,1,2,1,0,10,11,0,0,12,0,0,93,-76,"Richmond","2017",6
8,"Riewoldt, Jack",9,4,4,13,2,0,1,2,0,2,1,3,1,1,0,8,3,2,1,1,0,0,93,-76,"Richmond","2017",6
17,"Rioli, Daniel",5,6,7,12,2,1,0,3,0,0,0,3,0,0,0,4,8,1,3,3,0,0,85,-76,"Richmond","2017",6
15,"Short, Jayden",13,2,1,14,1,0,0,2,2,0,0,1,0,1,0,2,11,0,0,0,0,0,83,-76,"Richmond","2017",6
1,"Vlastuin, Nick",3,1,6,9,0,0,0,3,1,1,0,3,0,3,0,5,3,0,0,0,0,2,89,-76,"Richmond","2017",6
0,"Rushed",0,0,0,0,0,1,0,0,0,0,0,0,0,0,0,0,0,0,0,0,0,0,0,-76,"Richmond","2017",6
