"Number","Player","Kicks","Marks","Handballs","Disposals","Goals","Behinds","Hitouts","Tackles","Rebounds50s","Inside50s","Clearances","Clangers","FreesFor","FreesAgainst","BrownlowVotes","ContestedPossessions","UncontestedPossessions","ContestedMarks","MarksInside50","OnePercenters","Bounces","GoalAssists","PercentagePlayed","PointDifference","Team","Season","Round"
32,"Bugg, Tomas",3,2,3,6,0,1,0,4,0,1,0,2,0,1,0,2,4,0,0,0,0,0,82,-35,"Melbourne","2017",15
17,"Frost, Sam",9,5,3,12,0,0,0,0,4,0,0,2,0,0,0,5,6,1,0,8,0,0,95,-35,"Melbourne","2017",15
11,"Gawn, Max",7,5,5,12,0,0,29,2,2,0,1,1,1,1,0,7,6,3,0,4,0,1,78,-35,"Melbourne","2017",15
19,"Hannan, Mitch",6,0,5,11,1,1,0,5,2,1,3,3,4,2,0,7,4,0,0,1,0,0,87,-35,"Melbourne","2017",15
43,"Harmes, James",6,2,6,12,0,1,0,1,0,3,0,1,0,0,0,4,8,0,1,2,0,0,74,-35,"Melbourne","2017",15
14,"Hibberd, Michael",21,4,12,33,0,0,0,2,11,2,1,1,0,0,0,2,26,0,0,6,0,1,90,-35,"Melbourne","2017",15
29,"Hunt, Jayden",3,4,4,7,1,0,0,3,2,2,0,2,0,1,0,0,7,0,1,0,0,0,81,-35,"Melbourne","2017",15
39,"Jetta, Neville",5,3,11,16,0,0,0,8,1,0,0,3,1,1,0,8,9,1,0,6,0,0,91,-35,"Melbourne","2017",15
6,"Lewis, Jordan",11,3,5,16,0,0,0,1,0,5,3,4,2,2,0,5,11,0,0,1,0,0,91,-35,"Melbourne","2017",15
28,"McDonald, Oscar",12,8,6,18,0,0,0,2,5,0,1,1,1,0,0,4,14,2,0,10,0,0,95,-35,"Melbourne","2017",15
25,"McDonald, Tom",8,6,11,19,2,0,2,2,0,3,1,5,3,4,0,9,12,1,1,5,0,1,94,-35,"Melbourne","2017",15
18,"Melksham, Jake",8,3,9,17,1,0,0,3,0,4,4,5,1,4,0,8,9,0,0,1,2,0,87,-35,"Melbourne","2017",15
30,"Neal-Bullen, Alex",5,1,7,12,0,2,0,2,0,0,1,0,0,0,0,5,7,0,1,0,0,0,84,-35,"Melbourne","2017",15
13,"Oliver, Clayton",7,4,17,24,0,0,0,6,2,3,3,2,0,0,0,12,12,0,0,1,0,0,71,-35,"Melbourne","2017",15
21,"Pedersen, Cameron",5,3,10,15,0,0,6,4,1,1,1,4,2,1,0,8,8,0,0,1,0,0,86,-35,"Melbourne","2017",15
5,"Petracca, Christian",5,1,14,19,2,0,0,4,0,4,3,3,0,0,0,10,7,1,0,0,0,0,86,-35,"Melbourne","2017",15
15,"Stretch, Billy",2,1,7,9,0,0,0,4,0,2,0,1,1,0,0,4,5,1,0,0,0,0,83,-35,"Melbourne","2017",15
12,"Tyson, Dom",10,1,11,21,0,0,0,8,1,4,3,3,2,1,0,9,13,0,0,0,1,0,76,-35,"Melbourne","2017",15
23,"Vince, Bernie",14,1,6,20,0,1,0,3,5,2,1,1,2,1,0,4,13,0,0,0,0,0,84,-35,"Melbourne","2017",15
7,"Viney, Jack",9,4,8,17,0,0,0,3,0,2,1,2,0,1,0,2,14,0,0,0,0,0,43,-35,"Melbourne","2017",15
42,"Wagner, Josh",10,3,10,20,0,0,0,2,2,0,0,6,0,1,0,8,12,0,0,3,0,0,70,-35,"Melbourne","2017",15
41,"White, Mitch",5,4,6,11,0,0,0,1,1,0,0,2,0,0,0,1,10,0,0,0,0,0,71,-35,"Melbourne","2017",15
0,"Rushed",0,0,0,0,0,2,0,0,0,0,0,0,0,0,0,0,0,0,0,0,0,0,0,-35,"Melbourne","2017",15
13,"Florent, Oliver",5,3,4,9,0,1,0,2,1,2,1,2,0,1,0,2,7,0,0,2,1,0,75,35,"Sydney","2017",15
23,"Franklin, Lance",15,11,4,19,4,3,0,1,0,8,0,4,1,3,2,5,14,3,4,1,0,1,98,35,"Sydney","2017",15
39,"Grundy, Heath",10,7,10,20,0,0,0,1,4,1,0,1,2,0,0,4,16,1,0,6,0,0,94,35,"Sydney","2017",15
4,"Hannebery, Dan",5,3,11,16,0,0,0,2,0,1,1,1,0,1,0,8,9,0,0,0,0,1,77,35,"Sydney","2017",15
5,"Heeney, Isaac",16,3,8,24,1,1,0,2,2,1,5,2,1,1,0,12,11,0,0,0,0,0,87,35,"Sydney","2017",15
29,"Hewett, George",15,10,14,29,0,0,0,4,2,2,3,5,3,3,0,11,17,0,0,0,0,0,85,35,"Sydney","2017",15
15,"Jack, Kieren",16,5,7,23,1,0,0,10,1,5,2,1,2,0,0,7,17,0,0,0,0,2,86,35,"Sydney","2017",15
10,"Jones, Zak",17,6,9,26,0,0,0,5,2,7,1,5,2,1,0,6,20,0,0,2,1,1,78,35,"Sydney","2017",15
12,"Kennedy, Josh",12,3,16,28,0,1,0,6,0,2,10,4,1,1,1,14,14,0,0,2,0,0,90,35,"Sydney","2017",15
44,"Lloyd, Jake",19,5,8,27,1,0,0,1,1,1,1,2,1,1,0,4,22,0,0,1,0,0,88,35,"Sydney","2017",15
3,"McVeigh, Jarrad",14,10,10,24,0,0,0,1,4,2,0,0,0,0,0,6,17,0,0,4,0,0,70,35,"Sydney","2017",15
43,"Melican, Lewis",9,5,5,14,0,0,0,3,4,1,0,2,1,2,0,5,9,0,0,5,0,1,91,35,"Sydney","2017",15
14,"Mills, Callum",0,0,0,0,0,0,0,0,0,0,0,0,1,0,0,0,1,0,0,0,0,0,4,35,"Sydney","2017",15
35,"Naismith, Sam",5,4,7,12,0,1,27,2,1,1,1,2,0,1,0,8,4,2,1,5,0,0,82,35,"Sydney","2017",15
28,"Newman, Nic",19,8,6,25,0,1,0,5,1,3,1,5,2,0,0,7,17,0,2,3,0,0,85,35,"Sydney","2017",15
41,"Papley, Tom",12,5,13,25,2,1,0,4,1,0,2,5,0,3,0,7,18,0,1,1,1,0,80,35,"Sydney","2017",15
26,"Parker, Luke",20,6,18,38,1,2,0,6,3,5,9,3,2,0,3,19,17,1,1,1,0,0,90,35,"Sydney","2017",15
24,"Rampe, Dane",11,6,10,21,0,0,0,1,2,1,0,0,0,0,0,7,15,0,0,6,0,0,98,35,"Sydney","2017",15
20,"Reid, Sam",9,8,5,14,1,1,2,1,1,1,1,3,2,0,0,6,8,4,4,4,0,1,95,35,"Sydney","2017",15
16,"Rohan, Gary",11,8,5,16,0,3,0,3,0,6,0,4,0,1,0,6,10,1,4,3,0,0,81,35,"Sydney","2017",15
40,"Smith, Nick",4,5,9,13,0,0,0,1,0,0,0,2,0,1,0,5,8,1,0,3,0,0,86,35,"Sydney","2017",15
22,"Towers, Dean",10,5,6,16,0,1,0,4,0,4,0,1,0,0,0,8,8,1,0,1,0,2,79,35,"Sydney","2017",15
0,"Rushed",0,0,0,0,0,3,0,0,0,0,0,0,0,0,0,0,0,0,0,0,0,0,0,35,"Sydney","2017",15
