"Number","Player","Kicks","Marks","Handballs","Disposals","Goals","Behinds","Hitouts","Tackles","Rebounds50s","Inside50s","Clearances","Clangers","FreesFor","FreesAgainst","BrownlowVotes","ContestedPossessions","UncontestedPossessions","ContestedMarks","MarksInside50","OnePercenters","Bounces","GoalAssists","PercentagePlayed","PointDifference","Team","Season","Round"
12,"Astbury, David",7,6,3,10,0,0,0,0,3,0,0,3,0,3,0,1,9,0,0,6,0,0,97,19,"Richmond","2017",2
40,"Butler, Dan",4,3,9,13,1,1,0,3,1,3,0,0,1,0,0,6,6,0,1,0,0,1,78,19,"Richmond","2017",2
22,"Caddy, Josh",14,4,5,19,1,2,0,5,2,1,4,1,1,0,0,8,9,0,2,1,0,0,83,19,"Richmond","2017",2
46,"Castagna, Jason",3,2,5,8,0,0,0,2,0,2,0,2,0,1,0,5,4,1,0,0,0,0,74,19,"Richmond","2017",2
30,"Conca, Reece",14,3,4,18,0,0,0,3,5,0,1,3,1,1,0,6,10,0,0,0,0,0,82,19,"Richmond","2017",2
9,"Cotchin, Trent",17,2,9,26,2,1,0,7,3,8,7,1,3,0,2,13,9,0,0,0,1,1,84,19,"Richmond","2017",2
10,"Edwards, Shane",12,3,5,17,1,2,0,6,3,4,3,3,2,1,0,9,7,1,1,0,0,0,74,19,"Richmond","2017",2
5,"Ellis, Brandon",11,3,3,14,1,1,0,3,3,1,1,3,1,0,0,6,8,0,0,0,0,1,82,19,"Richmond","2017",2
24,"Griffiths, Ben",5,4,1,6,0,1,3,0,0,3,1,4,1,3,0,4,2,2,1,1,0,0,49,19,"Richmond","2017",2
6,"Grigg, Shaun",10,4,7,17,1,0,0,1,1,1,3,2,1,0,0,9,8,0,0,0,0,0,87,19,"Richmond","2017",2
2,"Grimes, Dylan",2,2,1,3,0,0,0,4,0,1,0,1,0,1,0,1,1,1,0,5,0,0,68,19,"Richmond","2017",2
14,"Houli, Bachar",12,3,11,23,1,1,0,1,7,2,0,0,0,0,0,3,13,0,0,2,5,1,89,19,"Richmond","2017",2
23,"Lambert, Kane",2,2,10,12,0,0,0,1,0,2,0,2,0,1,0,5,7,0,0,1,0,0,82,19,"Richmond","2017",2
7,"Lennon, Ben",6,2,3,9,1,0,0,3,0,1,0,3,2,1,0,5,4,0,1,1,0,2,79,19,"Richmond","2017",2
4,"Martin, Dustin",17,3,8,25,2,2,0,1,0,4,3,5,1,3,0,15,11,1,1,0,0,0,89,19,"Richmond","2017",2
25,"Nankervis, Toby",12,5,9,21,0,0,18,2,3,6,7,1,2,1,0,14,7,3,0,1,0,1,87,19,"Richmond","2017",2
3,"Prestia, Dion",15,1,9,24,0,2,0,4,1,3,6,5,1,2,0,11,15,0,1,0,0,1,84,19,"Richmond","2017",2
18,"Rance, Alex",9,7,8,17,0,0,0,1,3,0,0,3,3,3,0,7,8,2,0,13,0,0,98,19,"Richmond","2017",2
8,"Riewoldt, Jack",6,4,5,11,2,1,0,6,0,1,1,4,0,2,0,4,7,2,3,1,0,0,93,19,"Richmond","2017",2
17,"Rioli, Daniel",6,6,7,13,1,0,0,1,0,4,0,2,1,1,0,5,8,1,2,0,1,0,83,19,"Richmond","2017",2
15,"Short, Jayden",15,3,3,18,0,0,0,2,3,3,0,3,0,0,0,3,14,0,0,0,1,0,79,19,"Richmond","2017",2
1,"Vlastuin, Nick",8,3,4,12,0,0,0,2,2,4,3,2,0,1,0,5,7,1,0,1,1,0,79,19,"Richmond","2017",2
0,"Rushed",0,0,0,0,0,1,0,0,0,0,0,0,0,0,0,0,0,0,0,0,0,0,0,19,"Richmond","2017",2
13,"Adams, Taylor",12,3,13,25,0,0,0,7,1,4,6,2,3,1,0,11,14,0,0,1,0,0,64,-19,"Collingwood","2017",2
14,"Aish, James",6,2,10,16,0,1,0,5,0,3,1,3,0,2,0,5,11,0,1,0,0,0,74,-19,"Collingwood","2017",2
11,"Blair, Jarryd",1,1,8,9,0,0,0,4,1,0,1,0,0,0,0,5,4,0,1,1,0,0,81,-19,"Collingwood","2017",2
29,"Broomhead, Tim",6,1,6,12,1,0,0,2,0,4,0,0,1,0,0,4,8,0,0,0,0,2,80,-19,"Collingwood","2017",2
25,"Crisp, Jack",9,2,6,15,0,1,0,1,0,3,3,4,3,2,0,7,9,0,0,1,0,0,71,-19,"Collingwood","2017",2
1,"Fasolo, Alex",8,6,3,11,0,3,0,1,1,2,0,4,0,2,0,4,8,1,2,1,1,1,90,-19,"Collingwood","2017",2
6,"Goldsack, Tyson",5,3,9,14,0,0,0,3,3,0,1,4,1,0,0,11,4,1,0,7,0,0,85,-19,"Collingwood","2017",2
4,"Grundy, Brodie",10,4,13,23,1,1,45,2,2,6,6,3,4,3,0,14,7,2,0,3,0,0,88,-19,"Collingwood","2017",2
32,"Hoskin-Elliott, Will",15,12,6,21,3,0,0,3,2,2,0,1,1,0,1,4,17,2,2,0,1,1,80,-19,"Collingwood","2017",2
38,"Howe, Jeremy",10,6,5,15,0,0,0,3,3,4,1,1,0,0,0,7,7,3,0,7,0,1,93,-19,"Collingwood","2017",2
37,"Maynard, Brayden",7,0,7,14,0,0,0,2,3,1,0,2,3,1,0,9,4,0,0,2,0,0,78,-19,"Collingwood","2017",2
16,"Mayne, Chris",5,3,7,12,1,1,0,4,0,0,1,0,3,0,0,3,9,0,1,0,0,1,75,-19,"Collingwood","2017",2
30,"Moore, Darcy",8,7,0,8,1,1,0,0,0,2,0,3,0,2,0,4,5,3,2,3,0,0,82,-19,"Collingwood","2017",2
10,"Pendlebury, Scott",18,6,14,32,0,0,0,4,2,4,5,5,0,2,0,13,19,1,0,0,1,1,86,-19,"Collingwood","2017",2
21,"Phillips, Tom",8,3,10,18,0,0,0,2,0,6,2,2,0,1,0,7,12,0,0,0,0,1,81,-19,"Collingwood","2017",2
31,"Ramsay, Jackson",3,1,8,11,0,0,0,6,2,0,0,2,1,1,0,6,7,0,0,3,0,0,77,-19,"Collingwood","2017",2
20,"Reid, Ben",12,5,2,14,0,0,0,1,4,2,0,2,2,0,0,5,9,0,0,4,0,0,91,-19,"Collingwood","2017",2
41,"Schade, Henry",7,6,8,15,0,0,0,1,3,1,2,4,0,1,0,6,9,0,0,6,0,0,90,-19,"Collingwood","2017",2
22,"Sidebottom, Steele",8,3,13,21,0,1,0,1,0,1,4,1,0,0,0,9,12,0,0,1,4,2,87,-19,"Collingwood","2017",2
40,"Smith, Josh",16,7,3,19,0,0,0,1,3,1,0,1,0,1,0,2,16,0,0,1,0,0,85,-19,"Collingwood","2017",2
7,"Treloar, Adam",20,6,15,35,2,1,0,2,2,5,3,6,1,1,3,10,24,1,3,0,0,0,81,-19,"Collingwood","2017",2
9,"White, Jesse",8,1,3,11,2,1,4,0,1,2,1,4,2,1,0,5,6,0,0,1,0,1,80,-19,"Collingwood","2017",2
0,"Rushed",0,0,0,0,0,3,0,0,0,0,0,0,0,0,0,0,0,0,0,0,0,0,0,-19,"Collingwood","2017",2
