"Number","Player","Kicks","Marks","Handballs","Disposals","Goals","Behinds","Hitouts","Tackles","Rebounds50s","Inside50s","Clearances","Clangers","FreesFor","FreesAgainst","BrownlowVotes","ContestedPossessions","UncontestedPossessions","ContestedMarks","MarksInside50","OnePercenters","Bounces","GoalAssists","PercentagePlayed","PointDifference","Team","Season","Round"
7,"Cunningham, Harry",4,2,10,14,0,0,0,4,1,1,0,1,1,0,0,4,10,0,0,1,3,0,78,81,"Sydney","2017",23
23,"Franklin, Lance",21,10,4,25,10,2,0,2,0,6,1,3,3,1,3,11,13,2,8,0,1,2,94,81,"Sydney","2017",23
39,"Grundy, Heath",14,8,8,22,0,0,0,1,5,4,0,2,1,0,0,9,12,2,0,4,0,0,95,81,"Sydney","2017",23
9,"Hayward, Will",3,2,0,3,3,0,0,2,0,1,1,2,1,2,0,1,2,1,2,1,0,0,77,81,"Sydney","2017",23
5,"Heeney, Isaac",9,6,3,12,1,2,0,1,1,2,1,1,1,0,0,7,6,4,3,3,0,1,75,81,"Sydney","2017",23
29,"Hewett, George",11,4,9,20,0,2,0,2,1,3,4,3,1,1,0,10,10,1,2,1,0,1,87,81,"Sydney","2017",23
15,"Jack, Kieren",11,5,5,16,0,0,0,3,2,4,3,2,1,1,0,6,11,0,0,2,0,1,74,81,"Sydney","2017",23
10,"Jones, Zak",16,3,9,25,0,0,0,4,4,7,2,3,2,0,0,7,17,1,0,1,2,3,75,81,"Sydney","2017",23
12,"Kennedy, Josh",13,2,17,30,1,1,0,6,1,3,8,2,1,2,2,18,13,0,0,1,0,0,89,81,"Sydney","2017",23
44,"Lloyd, Jake",11,4,11,22,0,1,0,3,3,3,3,2,0,1,0,4,18,0,0,1,0,0,83,81,"Sydney","2017",23
3,"McVeigh, Jarrad",8,6,6,14,0,2,0,2,0,0,0,1,2,1,0,3,12,0,0,0,0,0,90,81,"Sydney","2017",23
43,"Melican, Lewis",5,4,6,11,0,0,0,1,1,0,0,3,0,0,0,2,9,0,0,8,0,0,90,81,"Sydney","2017",23
14,"Mills, Callum",10,7,10,20,0,0,0,4,7,2,1,1,2,0,0,6,13,0,0,3,0,1,87,81,"Sydney","2017",23
28,"Newman, Nic",16,5,5,21,1,0,0,3,4,5,1,5,0,3,0,5,13,0,1,3,2,2,81,81,"Sydney","2017",23
26,"Parker, Luke",12,4,16,28,0,0,0,8,2,4,8,4,4,1,1,15,12,0,0,1,1,1,85,81,"Sydney","2017",23
24,"Rampe, Dane",12,7,5,17,0,0,0,1,3,0,0,2,0,1,0,2,14,0,0,4,0,0,94,81,"Sydney","2017",23
20,"Reid, Sam",6,9,6,12,1,0,3,1,0,2,0,2,0,1,0,4,10,2,2,1,0,0,89,81,"Sydney","2017",23
16,"Rohan, Gary",10,4,1,11,3,0,0,6,0,4,2,0,1,0,0,5,4,2,1,2,0,1,79,81,"Sydney","2017",23
18,"Sinclair, Callum",10,6,7,17,0,0,22,4,0,5,3,3,2,1,0,7,9,2,0,1,0,0,76,81,"Sydney","2017",23
40,"Smith, Nick",4,4,7,11,0,0,0,2,3,1,0,1,1,1,0,3,8,0,0,6,0,0,83,81,"Sydney","2017",23
8,"Tippett, Kurt",3,2,5,8,1,0,6,1,1,1,1,1,0,0,0,3,5,0,0,0,0,0,34,81,"Sydney","2017",23
22,"Towers, Dean",12,4,4,16,0,2,1,2,1,7,2,2,1,1,0,7,9,0,0,2,0,0,84,81,"Sydney","2017",23
0,"Totals",221,108,154,375,21,12,32,63,40,65,41,46,25,18,6,139,230,17,19,46,9,13,0,81,"Sydney","2017",23
27,"Armfield, Dennis",11,6,4,15,0,0,0,1,2,3,0,4,0,0,0,3,12,0,0,2,0,0,82,-81,"Carlton","2017",23
12,"Boekhorst, Blaine",14,8,5,19,3,0,0,1,3,5,1,4,0,2,0,5,15,0,0,1,0,0,81,-81,"Carlton","2017",23
38,"Byrne, Ciaran",2,2,2,4,0,0,0,2,1,0,0,0,0,0,0,1,4,0,0,0,0,0,26,-81,"Carlton","2017",23
41,"Casboult, Levi",5,4,3,8,1,0,6,1,0,2,1,3,0,3,0,6,2,2,1,0,0,0,92,-81,"Carlton","2017",23
30,"Curnow, Charlie",10,2,1,11,2,1,0,0,1,1,0,2,0,1,0,5,5,1,1,0,0,0,90,-81,"Carlton","2017",23
15,"Docherty, Sam",15,3,5,20,0,0,0,1,8,2,0,3,1,1,0,8,10,0,0,2,2,0,95,-81,"Carlton","2017",23
25,"Fisher, Zac",6,3,7,13,0,0,0,3,0,2,1,1,1,1,0,5,10,0,0,0,0,0,75,-81,"Carlton","2017",23
4,"Gibbs, Bryce",16,6,8,24,0,0,0,4,3,3,4,4,0,1,0,5,18,0,0,0,0,0,81,-81,"Carlton","2017",23
32,"Graham, Nick",10,3,6,16,0,1,0,4,1,3,1,3,1,1,0,4,12,0,0,0,0,0,78,-81,"Carlton","2017",23
14,"Jones, Liam",5,4,3,8,0,0,0,3,4,1,0,4,1,3,0,4,5,0,0,15,0,0,98,-81,"Carlton","2017",23
11,"Kerridge, Sam",5,3,11,16,0,0,0,6,0,1,0,4,1,3,0,6,10,0,0,0,0,0,84,-81,"Carlton","2017",23
8,"Kreuzer, Matthew",12,3,4,16,1,0,37,4,2,6,9,4,1,2,0,12,4,2,0,3,0,0,87,-81,"Carlton","2017",23
13,"Lamb, Jed",8,6,2,10,0,1,0,1,0,4,0,3,1,1,0,1,8,0,0,0,0,0,85,-81,"Carlton","2017",23
3,"Murphy, Marc",18,10,14,32,0,0,0,1,1,2,6,2,2,1,0,13,19,0,1,0,1,1,90,-81,"Carlton","2017",23
5,"Petrevski-Seton, Sam",5,2,5,10,0,0,0,3,1,0,1,1,1,0,0,5,6,0,0,0,0,0,80,-81,"Carlton","2017",23
33,"Pickett, Jarrod",6,3,3,9,1,1,0,3,0,1,0,3,2,2,0,7,4,1,3,0,2,0,76,-81,"Carlton","2017",23
6,"Simpson, Kade",20,9,9,29,0,0,0,3,6,7,1,3,1,0,0,12,15,2,0,2,1,0,96,-81,"Carlton","2017",23
16,"Smedts, Billie",4,2,4,8,0,0,0,4,0,0,0,2,1,0,0,3,6,0,0,3,0,0,76,-81,"Carlton","2017",23
39,"Thomas, Dale",10,6,8,18,0,1,0,3,1,2,1,2,1,1,0,3,14,0,0,2,2,0,70,-81,"Carlton","2017",23
23,"Weitering, Jacob",19,14,5,24,0,0,0,1,5,2,0,3,1,0,0,8,16,3,0,3,1,1,98,-81,"Carlton","2017",23
31,"Williamson, Tom",9,5,4,13,0,0,0,1,2,1,0,2,0,0,0,2,11,0,0,4,0,0,79,-81,"Carlton","2017",23
46,"Wright, Matthew",13,7,10,23,0,2,0,3,2,3,2,5,2,1,0,13,9,0,0,0,1,1,83,-81,"Carlton","2017",23
0,"Rushed",0,0,0,0,0,2,0,0,0,0,0,0,0,0,0,0,0,0,0,0,0,0,0,-81,"Carlton","2017",23
