"Number","Player","Kicks","Marks","Handballs","Disposals","Goals","Behinds","Hitouts","Tackles","Rebounds50s","Inside50s","Clearances","Clangers","FreesFor","FreesAgainst","BrownlowVotes","ContestedPossessions","UncontestedPossessions","ContestedMarks","MarksInside50","OnePercenters","Bounces","GoalAssists","PercentagePlayed","PointDifference","Team","Season","Round"
12,"Astbury, David",10,9,5,15,0,0,0,1,5,0,0,0,1,0,0,6,10,2,0,6,0,0,90,41,"Richmond","2017",23
35,"Broad, Nathan",9,5,3,12,0,0,0,4,4,2,0,5,1,2,0,6,8,1,0,3,1,0,77,41,"Richmond","2017",23
40,"Butler, Dan",10,2,4,14,2,2,0,1,0,4,0,1,2,0,0,4,9,0,2,0,0,2,84,41,"Richmond","2017",23
46,"Castagna, Jason",2,2,2,4,0,0,0,4,0,3,0,1,1,1,0,0,4,0,0,2,4,2,77,41,"Richmond","2017",23
9,"Cotchin, Trent",13,4,13,26,1,0,0,2,0,5,8,5,2,2,1,13,13,1,0,1,0,0,70,41,"Richmond","2017",23
10,"Edwards, Shane",3,4,13,16,0,1,0,4,0,2,3,0,0,0,0,9,7,2,0,0,0,0,87,41,"Richmond","2017",23
5,"Ellis, Brandon",14,7,16,30,0,0,0,2,1,2,1,4,2,0,0,10,18,0,0,2,1,1,85,41,"Richmond","2017",23
34,"Graham, Jack",7,3,11,18,1,0,0,7,0,3,2,2,1,1,0,6,12,0,1,0,0,0,69,41,"Richmond","2017",23
6,"Grigg, Shaun",18,7,6,24,3,1,1,5,3,6,3,3,2,2,2,10,14,0,2,0,0,1,89,41,"Richmond","2017",23
2,"Grimes, Dylan",7,5,3,10,0,0,0,3,1,1,0,2,1,1,0,3,9,0,0,8,0,0,83,41,"Richmond","2017",23
14,"Houli, Bachar",14,3,12,26,0,0,0,3,5,2,0,2,0,1,0,5,19,0,0,1,0,0,90,41,"Richmond","2017",23
23,"Lambert, Kane",10,5,11,21,0,0,0,3,1,2,0,3,0,0,0,5,15,1,1,0,0,1,83,41,"Richmond","2017",23
31,"Markov, Oleg",3,4,10,13,0,0,0,1,1,1,2,0,0,0,0,3,10,0,0,1,0,0,73,41,"Richmond","2017",23
4,"Martin, Dustin",20,4,16,36,2,0,0,1,0,7,3,5,0,1,3,14,21,0,0,0,2,2,79,41,"Richmond","2017",23
33,"McIntosh, Kamdyn",12,6,1,13,0,0,0,3,0,3,0,3,0,1,0,1,12,0,1,1,0,3,72,41,"Richmond","2017",23
25,"Nankervis, Toby",9,4,9,18,0,0,31,9,1,5,2,7,1,2,0,6,12,0,0,3,0,0,84,41,"Richmond","2017",23
3,"Prestia, Dion",12,2,11,23,2,0,0,3,0,4,7,4,1,0,0,12,11,0,0,0,0,1,81,41,"Richmond","2017",23
18,"Rance, Alex",8,6,9,17,0,0,0,1,5,1,0,0,2,0,0,10,9,3,0,7,0,1,89,41,"Richmond","2017",23
8,"Riewoldt, Jack",10,6,4,14,3,1,0,1,0,2,1,1,1,0,0,7,8,1,3,1,0,0,96,41,"Richmond","2017",23
17,"Rioli, Daniel",2,0,5,7,0,1,0,2,0,0,0,1,0,1,0,1,5,0,0,0,0,1,72,41,"Richmond","2017",23
21,"Townsend, Jacob",9,5,3,12,5,0,0,2,0,3,0,4,0,1,0,4,6,0,3,0,0,0,83,41,"Richmond","2017",23
1,"Vlastuin, Nick",17,8,5,22,0,0,0,2,7,0,2,0,0,0,0,9,12,0,0,3,0,0,88,41,"Richmond","2017",23
0,"Rushed",0,0,0,0,0,2,0,0,0,0,0,0,0,0,0,0,0,0,0,0,0,0,0,41,"Richmond","2017",23
8,"Acres, Blake",9,3,9,18,0,0,2,0,2,2,2,1,4,0,0,6,13,0,0,0,0,1,83,-41,"St Kilda","2017",23
15,"Billings, Jack",12,5,16,28,2,2,0,4,1,1,1,4,0,1,0,8,20,0,2,1,0,1,89,-41,"St Kilda","2017",23
22,"Brown, Nathan",0,1,6,6,0,0,0,2,3,0,0,1,0,1,0,4,3,0,0,10,0,0,90,-41,"St Kilda","2017",23
27,"Bruce, Josh",7,5,4,11,1,1,0,3,2,2,0,4,2,2,0,6,5,2,2,0,0,0,95,-41,"St Kilda","2017",23
2,"Carlisle, Jake",11,8,8,19,0,0,0,3,4,1,0,1,1,1,0,9,7,3,0,0,0,0,92,-41,"St Kilda","2017",23
7,"Dunstan, Luke",12,3,18,30,0,2,0,5,1,5,10,1,0,0,0,11,17,0,1,1,0,0,77,-41,"St Kilda","2017",23
14,"Geary, Jarryn",0,0,1,1,0,0,0,0,0,0,0,0,0,0,0,0,1,0,0,0,0,0,8,-41,"St Kilda","2017",23
4,"Gresham, Jade",14,4,2,16,5,1,0,2,1,4,3,1,0,1,0,5,11,0,2,1,1,2,81,-41,"St Kilda","2017",23
18,"Longer, Billy",5,2,7,12,1,0,46,5,2,1,1,4,2,2,0,7,6,2,0,8,0,1,87,-41,"St Kilda","2017",23
13,"Lonie, Jack",6,1,5,11,0,1,0,6,1,1,0,6,1,2,0,5,7,0,0,2,0,1,75,-41,"St Kilda","2017",23
28,"Membrey, Tim",7,7,6,13,2,1,0,1,0,2,0,1,1,1,0,4,9,0,3,2,1,0,90,-41,"St Kilda","2017",23
16,"Newnes, Jack",9,4,5,14,0,0,0,2,3,2,0,3,0,1,0,4,11,0,0,0,0,0,91,-41,"St Kilda","2017",23
12,"Riewoldt, Nick",10,8,5,15,1,0,0,2,0,5,2,3,0,1,0,6,10,2,1,1,0,0,94,-41,"St Kilda","2017",23
17,"Roberton, Dylan",8,1,5,13,0,0,0,1,3,0,0,5,0,1,0,3,8,0,0,3,0,0,85,-41,"St Kilda","2017",23
6,"Ross, Sebastian",13,2,12,25,0,0,0,3,2,4,2,2,1,0,0,8,16,0,0,1,0,0,82,-41,"St Kilda","2017",23
5,"Savage, Shane",16,2,9,25,0,0,0,1,1,4,1,3,0,1,0,5,20,0,0,1,2,0,86,-41,"St Kilda","2017",23
35,"Sinclair, Jack",8,2,13,21,0,0,0,4,2,3,4,2,2,0,0,15,9,0,0,2,1,0,88,-41,"St Kilda","2017",23
9,"Steele, Jack",7,3,21,28,0,0,0,8,1,0,5,5,1,1,0,13,17,2,0,5,0,0,89,-41,"St Kilda","2017",23
3,"Steven, Jack",15,0,11,26,0,0,0,4,1,7,8,5,0,0,0,13,13,0,0,0,0,2,79,-41,"St Kilda","2017",23
25,"Stevens, Koby",6,4,18,24,0,1,0,4,0,4,2,3,1,1,0,12,13,0,1,1,0,1,77,-41,"St Kilda","2017",23
29,"Webster, Jimmy",10,0,8,18,0,0,0,0,3,3,0,3,0,0,0,6,11,0,0,3,1,1,86,-41,"St Kilda","2017",23
44,"Weller, Maverick",5,1,15,20,0,0,0,3,3,1,3,5,0,1,0,8,12,1,0,2,0,0,74,-41,"St Kilda","2017",23
0,"Totals",190,66,204,394,12,9,48,63,36,52,44,63,16,18,0,158,239,12,12,44,6,10,0,-41,"St Kilda","2017",23
