"Number","Player","Kicks","Marks","Handballs","Disposals","Goals","Behinds","Hitouts","Tackles","Rebounds50s","Inside50s","Clearances","Clangers","FreesFor","FreesAgainst","BrownlowVotes","ContestedPossessions","UncontestedPossessions","ContestedMarks","MarksInside50","OnePercenters","Bounces","GoalAssists","PercentagePlayed","PointDifference","Team","Season","Round"
12,"Astbury, David",7,5,8,15,0,0,0,3,1,0,0,1,1,1,0,6,10,2,0,8,0,0,95,15,"Richmond","2017",10
29,"Bolton, Shai",4,1,4,8,0,2,0,5,0,0,0,2,0,1,0,5,4,1,1,0,0,1,65,15,"Richmond","2017",10
22,"Caddy, Josh",10,5,4,14,2,4,0,2,1,5,1,5,1,2,0,6,9,0,3,1,2,0,77,15,"Richmond","2017",10
46,"Castagna, Jason",4,1,5,9,0,0,0,5,0,4,0,1,2,0,0,4,5,0,0,0,0,0,81,15,"Richmond","2017",10
9,"Cotchin, Trent",17,3,14,31,0,0,0,3,0,8,7,3,1,0,0,15,15,0,0,3,0,0,80,15,"Richmond","2017",10
67,"Edwards, Shane",13,2,5,18,2,1,0,2,2,4,0,3,0,2,0,3,14,0,2,2,0,1,72,15,"Richmond","2017",10
5,"Ellis, Brandon",20,9,10,30,1,0,0,3,1,2,2,1,1,0,1,13,18,2,0,7,0,0,83,15,"Richmond","2017",10
43,"Elton, Todd",3,2,2,5,1,0,2,0,0,1,1,0,1,0,0,3,2,0,1,1,0,0,72,15,"Richmond","2017",10
6,"Grigg, Shaun",16,8,8,24,0,0,0,2,1,9,3,4,1,0,0,6,18,0,1,3,1,1,91,15,"Richmond","2017",10
2,"Grimes, Dylan",7,2,7,14,0,0,0,2,5,2,1,4,2,1,0,4,9,0,0,6,0,0,83,15,"Richmond","2017",10
14,"Houli, Bachar",17,9,10,27,0,0,0,6,4,2,3,3,1,0,0,11,14,0,0,3,2,0,86,15,"Richmond","2017",10
23,"Lambert, Kane",7,2,8,15,0,0,0,4,0,1,1,3,1,2,0,10,7,0,0,2,0,1,82,15,"Richmond","2017",10
27,"Lloyd, Sam",8,3,4,12,1,1,0,3,1,2,1,5,0,2,0,4,8,0,2,2,0,1,82,15,"Richmond","2017",10
4,"Martin, Dustin",23,5,7,30,1,1,0,7,0,5,6,2,0,0,3,13,14,0,1,0,1,1,87,15,"Richmond","2017",10
33,"McIntosh, Kamdyn",10,4,6,16,0,0,0,1,4,3,1,1,0,0,0,5,9,0,0,3,0,1,73,15,"Richmond","2017",10
37,"Menadue, Connor",7,5,5,12,0,0,0,5,1,4,1,0,1,0,0,3,8,0,0,1,4,1,67,15,"Richmond","2017",10
25,"Nankervis, Toby",8,2,5,13,1,0,22,1,2,5,2,1,1,0,0,6,5,1,1,4,0,0,88,15,"Richmond","2017",10
3,"Prestia, Dion",14,2,8,22,0,0,0,1,3,5,1,3,0,1,0,7,15,0,0,0,0,0,84,15,"Richmond","2017",10
18,"Rance, Alex",14,6,5,19,0,0,0,6,3,2,1,0,3,0,0,6,12,0,0,5,0,0,100,15,"Richmond","2017",10
8,"Riewoldt, Jack",11,8,3,14,2,3,4,3,0,2,0,1,0,0,0,3,10,1,4,0,0,0,97,15,"Richmond","2017",10
17,"Rioli, Daniel",4,2,6,10,0,1,0,3,0,2,1,0,1,0,0,6,5,0,0,3,0,0,74,15,"Richmond","2017",10
15,"Short, Jayden",10,6,0,10,0,0,0,3,1,3,0,4,0,3,0,1,10,0,0,3,2,0,80,15,"Richmond","2017",10
0,"Rushed",0,0,0,0,0,2,0,0,0,0,0,0,0,0,0,0,0,0,0,0,0,0,0,15,"Richmond","2017",10
12,"Baguley, Mark",8,9,10,18,0,0,0,3,6,0,0,3,0,1,0,6,14,1,0,9,0,0,84,-15,"Essendon","2017",10
2,"Bellchambers, Tom",3,2,6,9,0,0,40,4,2,0,1,4,3,4,0,7,3,1,0,1,0,0,84,-15,"Essendon","2017",10
32,"Colyer, Travis",10,4,7,17,0,0,0,3,2,4,5,4,0,0,0,7,10,0,1,2,0,1,75,-15,"Essendon","2017",10
6,"Daniher, Joe",9,6,8,17,3,0,2,1,2,1,1,6,1,2,0,6,12,0,2,2,0,1,94,-15,"Essendon","2017",10
49,"Dea, Matt",10,5,3,13,0,0,0,2,5,0,0,2,1,0,0,5,8,2,0,6,0,0,95,-15,"Essendon","2017",10
13,"Fantasia, Orazio",7,3,7,14,1,0,0,3,0,3,1,2,2,0,0,8,6,1,1,1,1,1,76,-15,"Essendon","2017",10
9,"Goddard, Brendon",10,4,18,28,2,0,0,3,5,1,4,2,0,1,0,7,21,1,1,2,0,0,84,-15,"Essendon","2017",10
15,"Green, Josh",3,0,4,7,1,0,0,4,0,0,0,1,1,1,0,5,2,0,0,1,0,0,72,-15,"Essendon","2017",10
36,"Hartley, Michael",6,4,7,13,0,0,0,4,2,1,1,1,1,1,0,5,8,1,0,12,0,0,94,-15,"Essendon","2017",10
21,"Heppell, Dyson",18,7,9,27,1,0,0,6,3,3,7,2,1,0,0,11,17,1,0,6,0,0,83,-15,"Essendon","2017",10
26,"Hooker, Cale",5,4,6,11,0,1,2,2,0,1,0,4,0,0,0,5,6,1,1,1,0,0,90,-15,"Essendon","2017",10
18,"Hurley, Michael",18,5,9,27,0,0,0,2,8,2,0,7,0,0,0,10,12,1,0,5,0,0,95,-15,"Essendon","2017",10
47,"Kelly, James",9,4,10,19,0,0,0,5,2,5,1,3,1,0,0,4,14,0,0,2,0,1,73,-15,"Essendon","2017",10
43,"McDonald-Tipungwuti, Anthony",5,1,5,10,0,2,0,3,0,1,1,1,0,0,0,5,6,0,1,0,0,1,75,-15,"Essendon","2017",10
1,"McGrath, Andrew",12,4,14,26,0,0,0,2,4,0,0,2,1,0,0,6,16,2,0,4,1,0,88,-15,"Essendon","2017",10
45,"McKenna, Conor",5,1,13,18,0,0,0,0,1,0,1,2,0,2,0,7,10,0,0,2,0,0,72,-15,"Essendon","2017",10
7,"Merrett, Zach",15,2,10,25,0,2,0,7,4,4,2,2,0,0,0,6,20,0,0,0,0,0,79,-15,"Essendon","2017",10
23,"Myers, David",7,1,8,15,0,0,0,4,2,2,4,2,0,1,0,7,9,0,0,0,0,0,69,-15,"Essendon","2017",10
3,"Parish, Darcy",7,5,17,24,0,0,0,4,2,4,3,3,1,0,0,10,15,0,0,0,0,2,79,-15,"Essendon","2017",10
17,"Stewart, James",9,2,5,14,1,0,3,2,0,4,0,5,2,2,0,7,8,0,0,1,0,0,82,-15,"Essendon","2017",10
4,"Watson, Jobe",8,4,20,28,0,0,0,2,1,0,5,4,0,2,0,10,18,0,0,2,1,0,79,-15,"Essendon","2017",10
11,"Zaharakis, David",19,5,16,35,1,0,0,6,4,6,1,5,0,1,2,4,29,0,1,2,1,0,79,-15,"Essendon","2017",10
0,"Rushed",0,0,0,0,0,1,0,0,0,0,0,0,0,0,0,0,0,0,0,0,0,0,0,-15,"Essendon","2017",10
