"Number","Player","Kicks","Marks","Handballs","Disposals","Goals","Behinds","Hitouts","Tackles","Rebounds50s","Inside50s","Clearances","Clangers","FreesFor","FreesAgainst","BrownlowVotes","ContestedPossessions","UncontestedPossessions","ContestedMarks","MarksInside50","OnePercenters","Bounces","GoalAssists","PercentagePlayed","PointDifference","Team","Season","Round"
13,"Adams, Taylor",22,7,12,34,3,0,0,6,0,6,8,5,1,1,2,15,17,0,0,1,1,0,66,0,"Collingwood","2017",19
11,"Blair, Jarryd",4,1,8,12,2,1,0,5,1,0,3,1,1,1,0,11,3,0,1,4,1,0,75,0,"Collingwood","2017",19
25,"Crisp, Jack",10,3,8,18,0,1,0,2,4,3,1,2,0,0,0,7,11,1,0,3,0,1,85,0,"Collingwood","2017",19
2,"de Goey, Jordan",9,0,9,18,0,1,0,6,0,7,5,2,0,1,0,10,7,0,0,1,0,1,82,0,"Collingwood","2017",19
15,"Dunn, Lynden",7,4,6,13,0,0,0,0,4,1,0,2,1,1,0,4,7,1,0,2,0,0,85,0,"Collingwood","2017",19
5,"Elliott, Jamie",11,5,4,15,1,1,0,0,1,7,0,0,0,0,0,3,12,1,0,4,3,0,76,0,"Collingwood","2017",19
1,"Fasolo, Alex",11,5,5,16,0,0,0,5,1,3,0,3,2,0,0,8,8,1,1,1,0,0,80,0,"Collingwood","2017",19
6,"Goldsack, Tyson",8,4,8,16,0,1,0,0,2,0,0,1,1,0,0,7,9,1,0,6,0,0,86,0,"Collingwood","2017",19
19,"Greenwood, Levi",2,1,10,12,0,1,0,10,0,0,2,3,2,2,0,4,8,0,0,1,0,0,81,0,"Collingwood","2017",19
4,"Grundy, Brodie",5,2,16,21,0,0,40,6,2,1,6,6,0,3,0,15,7,0,0,6,0,0,86,0,"Collingwood","2017",19
32,"Hoskin-Elliott, Will",12,6,4,16,1,1,0,1,0,3,0,0,1,0,0,1,15,0,0,3,0,0,81,0,"Collingwood","2017",19
38,"Howe, Jeremy",18,8,13,31,0,0,0,2,5,4,1,1,2,0,0,8,23,2,0,6,1,1,96,0,"Collingwood","2017",19
8,"Langdon, Tom",11,5,10,21,0,0,0,2,2,3,0,1,1,0,0,8,15,0,0,5,0,0,81,0,"Collingwood","2017",19
37,"Maynard, Brayden",13,2,7,20,0,0,0,2,6,0,1,4,1,1,0,6,13,0,0,1,4,0,86,0,"Collingwood","2017",19
30,"Moore, Darcy",14,8,0,14,1,2,7,3,0,1,1,1,2,0,0,6,7,2,2,1,0,0,84,0,"Collingwood","2017",19
21,"Phillips, Tom",4,2,12,16,0,0,0,3,0,1,2,1,0,0,0,5,11,0,0,1,0,1,84,0,"Collingwood","2017",19
20,"Reid, Ben",5,1,1,6,2,1,0,6,0,1,0,1,0,0,0,2,5,0,1,5,0,1,87,0,"Collingwood","2017",19
12,"Scharenberg, Matt",12,11,12,24,0,0,0,1,3,2,0,1,1,0,0,8,17,1,0,2,0,0,83,0,"Collingwood","2017",19
22,"Sidebottom, Steele",21,5,12,33,0,1,0,3,1,5,4,2,1,0,0,18,15,0,0,0,0,2,84,0,"Collingwood","2017",19
24,"Thomas, Josh",6,1,7,13,1,0,0,2,0,3,3,3,1,0,0,4,9,0,1,0,0,1,72,0,"Collingwood","2017",19
7,"Treloar, Adam",11,2,16,27,1,0,0,12,1,2,3,6,0,2,0,10,15,0,0,0,0,0,86,0,"Collingwood","2017",19
3,"Wells, Daniel",17,9,17,34,3,1,0,3,0,6,5,3,0,0,3,7,27,0,2,0,1,2,73,0,"Collingwood","2017",19
0,"Rushed",0,0,0,0,0,1,0,0,0,0,0,0,0,0,0,0,0,0,0,0,0,0,0,0,"Collingwood","2017",19
21,"Atkins, Rory",12,3,4,16,0,0,0,3,2,5,0,1,0,0,0,4,12,0,0,1,0,0,82,0,"Adelaide","2017",19
16,"Brown, Luke",7,1,3,10,0,0,0,2,5,0,1,2,0,0,0,1,7,0,0,3,0,0,83,0,"Adelaide","2017",19
23,"Cameron, Charlie",6,1,3,9,1,3,0,8,0,4,0,3,0,2,0,4,5,0,1,1,1,2,87,0,"Adelaide","2017",19
44,"Crouch, Matt",13,0,23,36,0,0,0,10,2,4,9,2,2,0,1,15,24,0,0,2,0,0,78,0,"Adelaide","2017",19
26,"Douglas, Richard",16,4,12,28,0,0,0,2,3,4,6,1,0,0,0,10,16,0,1,0,0,2,82,0,"Adelaide","2017",19
20,"Greenwood, Hugh",7,2,8,15,0,0,0,3,0,3,5,2,1,1,0,9,5,0,0,2,0,0,63,0,"Adelaide","2017",19
24,"Jacobs, Sam",7,3,7,14,0,0,39,5,2,1,4,2,2,2,0,8,8,0,0,2,1,0,84,0,"Adelaide","2017",19
4,"Jenkins, Josh",7,4,6,13,3,0,7,3,0,3,0,4,0,2,0,2,11,0,2,2,0,1,93,0,"Adelaide","2017",19
42,"Keath, Alex",7,4,3,10,0,0,0,2,5,1,1,5,0,2,0,4,6,1,0,7,0,0,87,0,"Adelaide","2017",19
8,"Kelly, Jake",9,5,8,17,0,0,0,4,0,1,0,2,0,2,0,4,13,0,0,2,0,0,89,0,"Adelaide","2017",19
3,"Knight, Riley",5,5,12,17,1,0,0,8,0,1,2,0,1,0,0,6,11,0,1,1,0,2,76,0,"Adelaide","2017",19
29,"Laird, Rory",12,5,13,25,0,0,0,0,4,3,0,2,1,0,0,8,17,0,0,2,0,1,80,0,"Adelaide","2017",19
27,"Lynch, Tom",12,7,7,19,1,0,0,1,0,4,1,5,2,2,0,5,13,0,3,0,0,2,82,0,"Adelaide","2017",19
14,"Mackay, David",11,6,11,22,1,1,0,2,2,2,1,3,0,0,0,3,18,0,1,1,0,0,80,0,"Adelaide","2017",19
41,"McGovern, Mitch",9,8,1,10,4,2,0,1,0,1,0,1,0,1,0,2,8,1,5,1,0,0,82,0,"Adelaide","2017",19
30,"Milera, Wayne",9,3,6,15,0,0,0,2,1,1,1,4,0,0,0,5,10,0,1,0,0,1,74,0,"Adelaide","2017",19
22,"Otten, Andy",7,4,9,16,2,0,0,0,1,1,0,0,1,0,0,2,14,0,1,7,0,0,76,0,"Adelaide","2017",19
11,"Seedsman, Paul",13,5,3,16,1,0,0,4,2,2,0,3,1,1,0,4,12,0,1,1,1,0,62,0,"Adelaide","2017",19
9,"Sloane, Rory",5,1,11,16,0,0,0,3,2,0,3,5,1,2,0,7,10,0,0,1,0,0,81,0,"Adelaide","2017",19
33,"Smith, Brodie",15,8,11,26,1,0,0,3,7,6,1,2,0,1,0,6,18,1,0,5,1,0,89,0,"Adelaide","2017",19
12,"Talia, Daniel",3,6,9,12,0,0,0,0,3,0,1,1,0,0,0,4,8,0,0,8,0,0,97,0,"Adelaide","2017",19
13,"Walker, Taylor",5,4,9,14,1,0,0,2,0,4,0,0,0,0,0,4,10,1,1,2,0,4,95,0,"Adelaide","2017",19
0,"Rushed",0,0,0,0,0,1,0,0,0,0,0,0,0,0,0,0,0,0,0,0,0,0,0,0,"Adelaide","2017",19
