"Number","Player","Kicks","Marks","Handballs","Disposals","Goals","Behinds","Hitouts","Tackles","Rebounds50s","Inside50s","Clearances","Clangers","FreesFor","FreesAgainst","BrownlowVotes","ContestedPossessions","UncontestedPossessions","ContestedMarks","MarksInside50","OnePercenters","Bounces","GoalAssists","PercentagePlayed","PointDifference","Team","Season","Round"
15,"Billings, Jack",4,2,15,19,1,0,0,1,1,1,1,3,0,1,0,4,14,0,2,1,0,0,90,67,"St Kilda","2017",16
22,"Brown, Nathan",1,1,2,3,0,0,0,0,0,1,0,2,0,1,0,0,3,0,0,6,0,0,92,67,"St Kilda","2017",16
27,"Bruce, Josh",9,7,5,14,2,5,2,1,1,0,0,0,0,0,0,5,9,2,4,1,0,2,87,67,"St Kilda","2017",16
2,"Carlisle, Jake",9,5,2,11,0,0,0,1,2,0,0,0,0,0,0,1,6,1,0,1,0,0,96,67,"St Kilda","2017",16
14,"Geary, Jarryn",8,7,10,18,0,0,0,1,3,2,0,1,0,1,0,6,11,3,0,4,0,0,86,67,"St Kilda","2017",16
19,"Gilbert, Sam",7,4,12,19,0,0,6,7,2,3,0,6,2,1,0,8,12,0,0,3,0,1,73,67,"St Kilda","2017",16
4,"Gresham, Jade",13,3,8,21,2,1,0,1,1,7,2,5,1,1,0,7,14,0,1,0,2,0,88,67,"St Kilda","2017",16
21,"Long, Ben",5,2,6,11,0,0,0,5,0,5,1,2,1,2,0,5,5,0,0,2,0,0,75,67,"St Kilda","2017",16
18,"Longer, Billy",2,4,9,11,1,0,39,5,0,1,5,2,2,1,0,8,4,2,0,5,0,0,73,67,"St Kilda","2017",16
13,"Lonie, Jack",5,3,13,18,0,1,0,3,1,1,2,1,2,0,0,10,9,0,0,0,0,1,82,67,"St Kilda","2017",16
36,"McKenzie, Daniel",7,5,2,9,1,0,0,2,1,0,1,6,1,1,0,4,7,2,1,2,0,0,63,67,"St Kilda","2017",16
28,"Membrey, Tim",7,9,4,11,5,0,0,2,0,2,0,0,0,0,2,7,4,5,5,1,0,1,87,67,"St Kilda","2017",16
11,"Montagna, Leigh",18,7,13,31,2,0,0,3,4,2,1,6,1,0,1,3,27,0,0,4,0,0,88,67,"St Kilda","2017",16
16,"Newnes, Jack",14,5,11,25,0,0,0,2,3,7,0,3,0,0,0,5,19,0,0,3,3,1,61,67,"St Kilda","2017",16
12,"Riewoldt, Nick",13,12,2,15,3,2,0,3,0,2,0,0,1,0,0,3,12,2,5,1,0,1,90,67,"St Kilda","2017",16
17,"Roberton, Dylan",17,2,3,20,0,0,0,1,6,2,0,0,1,0,0,4,13,0,0,0,0,0,85,67,"St Kilda","2017",16
6,"Ross, Sebastian",18,4,15,33,1,0,0,8,2,5,5,2,3,1,3,10,22,0,0,1,0,2,80,67,"St Kilda","2017",16
5,"Savage, Shane",16,8,6,22,0,0,0,3,1,4,0,2,1,1,0,5,18,2,0,1,1,0,90,67,"St Kilda","2017",16
35,"Sinclair, Jack",11,4,17,28,0,0,0,2,2,5,3,0,1,0,0,13,15,1,0,2,0,3,91,67,"St Kilda","2017",16
9,"Steele, Jack",9,1,19,28,0,1,0,9,1,4,3,7,0,2,0,10,18,0,0,3,0,1,74,67,"St Kilda","2017",16
3,"Steven, Jack",16,8,17,33,1,1,0,3,1,5,7,6,0,1,0,14,22,1,1,1,4,0,77,67,"St Kilda","2017",16
25,"Stevens, Koby",12,6,17,29,2,0,0,3,2,5,3,7,1,1,0,10,22,0,0,1,1,2,71,67,"St Kilda","2017",16
0,"Rushed",0,0,0,0,0,1,0,0,0,0,0,0,0,0,0,0,0,0,0,0,0,0,0,67,"St Kilda","2017",16
12,"Astbury, David",12,9,5,17,0,0,0,3,6,2,0,1,0,0,0,6,11,2,0,5,0,1,97,-67,"Richmond","2017",16
40,"Butler, Dan",8,3,3,11,1,1,0,1,0,2,1,3,0,2,0,4,8,0,2,0,0,1,79,-67,"Richmond","2017",16
22,"Caddy, Josh",14,3,7,21,1,2,0,4,3,3,2,6,1,1,0,9,12,0,2,1,0,0,85,-67,"Richmond","2017",16
46,"Castagna, Jason",5,5,5,10,2,1,0,4,0,3,0,3,0,1,0,3,8,0,3,0,0,0,85,-67,"Richmond","2017",16
9,"Cotchin, Trent",10,3,7,17,1,0,0,3,2,4,5,6,2,2,0,12,7,0,0,2,0,0,80,-67,"Richmond","2017",16
10,"Edwards, Shane",4,4,17,21,0,0,0,1,4,1,3,3,2,0,0,13,9,0,1,6,0,1,75,-67,"Richmond","2017",16
5,"Ellis, Brandon",16,7,5,21,1,1,0,1,3,2,1,2,0,0,0,4,17,1,0,3,0,0,80,-67,"Richmond","2017",16
6,"Grigg, Shaun",15,8,14,29,1,2,0,5,3,5,2,4,2,1,0,7,22,0,4,0,0,1,82,-67,"Richmond","2017",16
2,"Grimes, Dylan",2,1,4,6,0,0,0,0,0,0,0,2,0,0,0,3,2,1,0,1,0,0,45,-67,"Richmond","2017",16
28,"Hunt, Taylor",3,2,7,10,0,0,0,1,1,2,0,1,0,0,0,5,5,0,0,2,0,1,86,-67,"Richmond","2017",16
23,"Lambert, Kane",10,7,14,24,0,0,0,5,0,2,3,1,0,0,0,8,16,0,1,1,0,1,85,-67,"Richmond","2017",16
27,"Lloyd, Sam",6,6,4,10,1,1,0,1,0,3,1,0,1,0,0,4,6,2,2,1,3,0,84,-67,"Richmond","2017",16
4,"Martin, Dustin",13,1,6,19,1,0,0,5,1,4,5,7,2,3,0,11,10,0,0,1,0,0,85,-67,"Richmond","2017",16
33,"McIntosh, Kamdyn",6,4,2,8,0,0,0,3,1,1,0,2,0,0,0,3,6,2,0,1,0,0,81,-67,"Richmond","2017",16
37,"Menadue, Connor",8,3,8,16,0,0,0,2,2,1,1,5,1,1,0,6,10,1,0,0,0,0,80,-67,"Richmond","2017",16
25,"Nankervis, Toby",7,5,6,13,0,0,18,3,3,2,0,2,1,2,0,8,5,2,0,2,0,0,89,-67,"Richmond","2017",16
3,"Prestia, Dion",7,2,11,18,0,1,0,1,2,1,3,1,0,0,0,6,12,1,1,1,0,0,78,-67,"Richmond","2017",16
18,"Rance, Alex",5,5,6,11,0,0,0,3,2,0,1,4,0,2,0,6,6,1,0,9,0,0,97,-67,"Richmond","2017",16
8,"Riewoldt, Jack",6,6,1,7,1,1,0,2,0,2,0,1,1,1,0,1,6,0,4,1,0,1,97,-67,"Richmond","2017",16
17,"Rioli, Daniel",2,1,6,8,0,0,0,2,0,2,0,0,0,0,0,4,6,0,0,0,0,0,81,-67,"Richmond","2017",16
15,"Short, Jayden",11,5,3,14,0,0,0,0,3,3,1,1,1,1,0,2,12,0,0,1,1,0,74,-67,"Richmond","2017",16
44,"Stengle, Tyson",5,3,3,8,0,1,0,4,0,0,0,1,1,1,0,3,5,0,0,0,0,0,76,-67,"Richmond","2017",16
0,"Totals",175,93,144,319,10,11,18,54,36,45,29,56,15,18,0,128,201,13,20,38,4,7,0,-67,"Richmond","2017",16
