"Number","Player","Kicks","Marks","Handballs","Disposals","Goals","Behinds","Hitouts","Tackles","Rebounds50s","Inside50s","Clearances","Clangers","FreesFor","FreesAgainst","BrownlowVotes","ContestedPossessions","UncontestedPossessions","ContestedMarks","MarksInside50","OnePercenters","Bounces","GoalAssists","PercentagePlayed","PointDifference","Team","Season","Round"
32,"Bugg, Tomas",6,3,16,22,0,1,0,4,1,3,4,1,2,0,0,10,13,0,0,2,0,1,82,-2,"Melbourne","2017",4
17,"Frost, Sam",9,6,7,16,0,0,0,1,4,0,0,1,0,0,0,5,12,1,0,6,0,0,88,-2,"Melbourne","2017",4
36,"Garlett, Jeff",9,5,6,15,3,1,0,8,2,2,0,1,1,0,0,9,5,1,1,2,1,0,86,-2,"Melbourne","2017",4
19,"Hannan, Mitch",9,5,3,12,0,1,0,0,1,5,0,1,2,0,0,5,7,2,1,1,0,1,77,-2,"Melbourne","2017",4
43,"Harmes, James",12,8,7,19,2,2,0,2,1,6,1,3,1,1,0,5,14,0,2,0,4,0,79,-2,"Melbourne","2017",4
29,"Hunt, Jayden",10,4,8,18,0,0,0,2,3,3,3,4,0,0,0,8,10,0,0,7,2,0,86,-2,"Melbourne","2017",4
39,"Jetta, Neville",5,3,7,12,0,0,0,4,2,0,0,1,3,0,0,5,7,0,0,5,0,0,83,-2,"Melbourne","2017",4
2,"Jones, Nathan",8,1,10,18,0,0,0,8,2,5,3,3,1,1,0,6,12,0,0,0,0,1,81,-2,"Melbourne","2017",4
16,"Kent, Dean",10,6,6,16,1,1,0,1,0,3,0,2,0,1,0,4,12,1,1,0,0,1,73,-2,"Melbourne","2017",4
25,"McDonald, Tom",15,6,6,21,0,0,0,0,7,0,0,7,0,2,0,5,15,0,0,10,0,0,98,-2,"Melbourne","2017",4
18,"Melksham, Jake",10,3,0,10,0,1,0,3,2,3,0,4,0,1,0,0,10,0,0,4,0,0,78,-2,"Melbourne","2017",4
30,"Neal-Bullen, Alex",12,3,12,24,1,0,0,5,3,4,3,5,0,0,0,8,14,0,1,1,0,1,84,-2,"Melbourne","2017",4
13,"Oliver, Clayton",9,3,17,26,0,0,0,8,1,3,10,3,3,2,0,17,9,0,0,1,0,1,72,-2,"Melbourne","2017",4
5,"Petracca, Christian",9,4,11,20,2,0,0,4,1,3,1,4,0,1,0,8,12,2,0,1,0,1,77,-2,"Melbourne","2017",4
3,"Salem, Christian",14,4,9,23,1,0,0,2,1,1,2,1,1,0,0,4,18,0,0,0,0,0,79,-2,"Melbourne","2017",4
33,"Spencer, Jake",6,4,7,13,2,0,15,3,2,1,3,4,3,3,0,10,4,2,2,7,0,0,85,-2,"Melbourne","2017",4
15,"Stretch, Billy",5,2,11,16,0,0,0,1,1,1,1,0,0,0,0,5,11,0,0,0,0,0,83,-2,"Melbourne","2017",4
12,"Tyson, Dom",18,9,10,28,0,1,0,5,1,4,3,6,0,2,0,7,22,0,0,1,0,0,73,-2,"Melbourne","2017",4
23,"Vince, Bernie",17,6,8,25,0,0,0,1,2,2,1,2,1,0,0,9,14,0,0,0,0,0,89,-2,"Melbourne","2017",4
7,"Viney, Jack",6,4,10,16,1,1,0,8,2,1,1,2,2,1,0,8,9,1,2,0,0,0,74,-2,"Melbourne","2017",4
4,"Watts, Jack",8,5,6,14,2,2,7,2,0,0,0,2,0,0,0,4,11,2,3,3,0,1,85,-2,"Melbourne","2017",4
26,"Weideman, Sam",3,1,2,5,0,1,0,0,0,0,0,0,1,0,0,2,4,0,0,1,0,0,87,-2,"Melbourne","2017",4
0,"Rushed",0,0,0,0,0,2,0,0,0,0,0,0,0,0,0,0,0,0,0,0,0,0,0,-2,"Melbourne","2017",4
24,"Balic, Harley",8,4,7,15,1,0,0,5,1,3,2,3,0,1,0,6,10,0,0,1,0,0,66,2,"Fremantle","2017",4
19,"Blakely, Connor",9,3,14,23,0,0,0,2,0,3,5,4,3,0,0,8,16,0,0,1,0,0,85,2,"Fremantle","2017",4
17,"Crozier, Hayden",7,2,2,9,1,0,0,6,0,4,1,0,0,0,0,5,4,1,0,1,0,0,78,2,"Fremantle","2017",4
7,"Fyfe, Nat",11,6,14,25,1,1,0,4,2,3,7,6,2,3,2,17,9,3,1,2,0,0,91,2,"Fremantle","2017",4
28,"Grey, Brady",5,1,1,6,1,0,0,7,0,2,0,3,0,2,0,0,7,0,0,0,0,0,73,2,"Fremantle","2017",4
21,"Hamling, Joel",2,3,6,8,0,0,0,1,3,0,0,3,0,1,0,2,7,0,0,10,0,0,95,2,"Fremantle","2017",4
9,"Hill, Bradley",12,7,7,19,0,2,0,3,3,3,3,5,1,1,0,6,12,1,2,0,0,3,84,2,"Fremantle","2017",4
32,"Hill, Stephen",10,2,8,18,1,0,0,3,2,1,3,0,0,0,0,6,13,0,1,0,1,1,67,2,"Fremantle","2017",4
15,"Hughes, Ethan",14,5,3,17,0,0,0,3,4,4,0,3,1,0,0,4,12,0,0,2,0,0,82,2,"Fremantle","2017",4
5,"Ibbotson, Garrick",2,3,6,8,0,0,0,3,1,0,0,1,0,0,0,2,8,0,0,3,0,0,90,2,"Fremantle","2017",4
37,"Johnson, Michael",9,5,9,18,0,0,5,3,4,0,3,3,1,1,0,8,11,1,0,3,0,0,87,2,"Fremantle","2017",4
22,"Kersten, Shane",8,5,6,14,1,0,0,2,0,5,0,3,0,1,0,4,9,0,1,1,0,0,84,2,"Fremantle","2017",4
26,"Langdon, Ed",10,4,4,14,0,0,0,1,3,1,0,0,0,0,0,2,12,0,0,1,0,0,80,2,"Fremantle","2017",4
2,"Logue, Griffin",4,1,2,6,0,0,0,1,0,1,0,0,0,0,0,1,5,0,0,0,0,1,60,2,"Fremantle","2017",4
23,"McCarthy, Cam",15,6,5,20,2,3,0,2,0,8,1,3,0,0,0,9,11,0,0,2,0,2,90,2,"Fremantle","2017",4
16,"Mundy, David",9,3,14,23,3,0,0,7,4,5,1,1,1,0,1,10,13,1,1,1,0,2,81,2,"Fremantle","2017",4
27,"Neale, Lachie",11,4,11,22,4,1,0,6,1,2,4,0,3,0,3,12,11,0,3,0,1,1,84,2,"Fremantle","2017",4
31,"Sandilands, Aaron",2,5,12,14,0,0,53,2,0,0,3,6,1,4,0,13,2,4,0,2,0,0,80,2,"Fremantle","2017",4
11,"Sheridan, Tom",6,5,5,11,0,0,0,4,0,1,2,1,1,0,0,4,7,0,0,2,0,0,81,2,"Fremantle","2017",4
34,"Spurr, Lee",12,2,6,18,0,0,0,3,2,1,0,3,0,2,0,5,13,0,0,0,0,1,96,2,"Fremantle","2017",4
10,"Walters, Michael",13,5,7,20,1,0,0,3,0,6,2,5,1,3,0,6,16,0,1,3,0,1,80,2,"Fremantle","2017",4
14,"Weller, Lachie",14,4,13,27,0,1,0,2,3,5,1,4,0,2,0,5,21,0,0,3,0,0,87,2,"Fremantle","2017",4
0,"Rushed",0,0,0,0,0,2,0,0,0,0,0,0,0,0,0,0,0,0,0,0,0,0,0,2,"Fremantle","2017",4
