"Number","Player","Kicks","Marks","Handballs","Disposals","Goals","Behinds","Hitouts","Tackles","Rebounds50s","Inside50s","Clearances","Clangers","FreesFor","FreesAgainst","BrownlowVotes","ContestedPossessions","UncontestedPossessions","ContestedMarks","MarksInside50","OnePercenters","Bounces","GoalAssists","PercentagePlayed","PointDifference","Team","Season","Round"
19,"Blakely, Connor",9,5,14,23,1,1,0,3,0,3,1,0,1,0,0,5,19,1,1,1,0,0,80,-42,"Fremantle","2017",1
3,"Dawson, Zac",2,0,3,5,0,0,0,3,1,0,1,1,2,1,0,5,1,0,0,7,0,0,97,-42,"Fremantle","2017",1
7,"Fyfe, Nat",12,6,16,28,1,0,0,5,1,5,6,6,4,2,0,14,13,2,1,3,0,1,94,-42,"Fremantle","2017",1
12,"Griffin, Jonathon",6,5,4,10,0,2,15,6,0,2,0,4,1,1,0,3,7,1,2,1,0,0,79,-42,"Fremantle","2017",1
21,"Hamling, Joel",4,4,4,8,0,0,0,1,2,0,0,2,0,1,0,1,6,0,0,3,0,0,91,-42,"Fremantle","2017",1
9,"Hill, Bradley",11,4,6,17,1,0,0,0,2,3,0,3,0,1,0,1,16,0,0,0,0,0,80,-42,"Fremantle","2017",1
32,"Hill, Stephen",19,4,6,25,1,0,0,4,1,6,8,0,0,0,0,12,13,1,0,2,0,2,80,-42,"Fremantle","2017",1
5,"Ibbotson, Garrick",10,5,10,20,0,0,0,0,5,0,0,0,0,0,0,5,14,1,0,5,0,0,77,-42,"Fremantle","2017",1
37,"Johnson, Michael",7,4,7,14,0,0,0,2,0,1,0,6,1,2,0,7,7,0,0,1,0,0,91,-42,"Fremantle","2017",1
22,"Kersten, Shane",5,3,2,7,0,0,0,1,0,1,0,6,0,2,0,3,5,0,0,1,0,0,79,-42,"Fremantle","2017",1
26,"Langdon, Ed",14,5,6,20,1,1,0,2,0,3,2,2,0,1,0,5,14,0,2,0,0,0,84,-42,"Fremantle","2017",1
23,"McCarthy, Cam",9,2,3,12,1,5,0,1,0,3,1,3,1,1,0,4,7,0,2,0,0,0,89,-42,"Fremantle","2017",1
16,"Mundy, David",17,2,14,31,0,2,0,0,1,9,9,2,0,1,0,14,17,0,0,1,0,2,70,-42,"Fremantle","2017",1
27,"Neale, Lachie",7,5,16,23,1,0,0,5,1,1,8,6,4,2,0,13,12,1,1,1,0,0,70,-42,"Fremantle","2017",1
6,"Pearce, Danyle",9,4,12,21,1,0,0,2,0,7,1,1,1,0,0,9,12,0,0,0,0,1,81,-42,"Fremantle","2017",1
31,"Sandilands, Aaron",4,1,11,15,0,0,48,0,1,2,9,3,1,0,0,8,8,0,0,3,0,0,85,-42,"Fremantle","2017",1
34,"Spurr, Lee",14,9,12,26,0,0,0,4,3,0,1,1,2,0,0,7,16,1,0,1,0,0,86,-42,"Fremantle","2017",1
8,"Suban, Nick",7,4,3,10,1,0,0,4,0,0,0,3,2,1,0,4,7,0,1,1,0,0,89,-42,"Fremantle","2017",1
33,"Sutcliffe, Cam",15,6,6,21,0,0,0,0,2,0,0,2,0,1,0,2,18,0,0,3,0,0,76,-42,"Fremantle","2017",1
18,"Tucker, Darcy",5,3,10,15,0,0,0,0,0,0,0,1,1,0,0,6,9,0,0,0,0,2,53,-42,"Fremantle","2017",1
10,"Walters, Michael",5,2,3,8,1,0,0,1,0,0,2,1,1,1,0,6,3,1,1,2,0,0,89,-42,"Fremantle","2017",1
14,"Weller, Lachie",15,5,8,23,0,0,0,1,3,5,0,1,0,0,0,5,18,0,0,2,2,0,81,-42,"Fremantle","2017",1
0,"Rushed",0,0,0,0,0,2,0,0,0,0,0,0,0,0,0,0,0,0,0,0,0,0,0,-42,"Fremantle","2017",1
46,"Blicavs, Mark",7,4,7,14,0,0,4,0,0,2,0,5,0,2,0,8,6,3,1,4,0,1,75,42,"Geelong","2017",1
5,"Cockatoo, Nakia",5,1,4,9,1,1,0,4,0,2,1,2,1,1,0,5,4,0,0,2,3,0,78,42,"Geelong","2017",1
18,"Cowan, Josh",6,2,8,14,0,0,0,4,1,2,1,2,1,1,0,5,9,0,0,1,0,0,65,42,"Geelong","2017",1
35,"Dangerfield, Patrick",9,4,15,24,3,0,0,9,0,3,4,7,1,2,2,15,11,2,3,2,2,1,91,42,"Geelong","2017",1
22,"Duncan, Mitch",15,9,15,30,1,1,0,6,3,3,4,4,1,2,1,9,20,0,1,1,0,0,82,42,"Geelong","2017",1
26,"Hawkins, Tom",8,5,5,13,3,1,0,3,0,4,0,3,1,1,0,11,2,4,1,2,0,2,93,42,"Geelong","2017",1
25,"Henderson, Lachie",14,11,5,19,0,0,0,1,5,0,0,4,1,2,0,2,17,0,0,4,0,0,95,42,"Geelong","2017",1
33,"Horlin-Smith, George",8,1,8,16,0,1,0,5,1,3,4,4,0,2,0,7,10,0,1,0,0,1,64,42,"Geelong","2017",1
13,"Lonergan, Tom",5,4,4,9,0,0,0,0,1,0,0,0,0,0,0,3,6,1,0,5,1,0,94,42,"Geelong","2017",1
4,"Mackie, Andrew",11,6,7,18,0,0,0,3,5,0,0,2,2,0,0,9,10,2,0,3,0,0,90,42,"Geelong","2017",1
6,"McCarthy, Lincoln",6,1,5,11,3,0,0,7,1,4,1,6,2,2,0,6,6,1,1,1,0,1,76,42,"Geelong","2017",1
10,"Menzel, Daniel",11,4,5,16,2,2,0,1,0,4,1,0,0,0,0,9,6,2,2,1,0,0,81,42,"Geelong","2017",1
32,"Motlop, Steven",8,1,10,18,3,0,0,2,0,3,2,3,0,1,0,6,13,0,0,0,9,0,86,42,"Geelong","2017",1
21,"Murdoch, Jordan",9,3,10,19,1,0,0,3,2,2,2,4,0,0,0,8,11,0,0,1,0,0,72,42,"Geelong","2017",1
3,"Parfitt, Brandan",2,2,7,9,0,0,0,3,1,1,0,0,1,0,0,3,7,0,0,3,1,1,68,42,"Geelong","2017",1
36,"Ruggles, Tom",12,3,9,21,0,0,0,3,5,3,1,3,3,1,0,9,10,1,0,3,0,1,68,42,"Geelong","2017",1
14,"Selwood, Joel",15,3,13,28,0,0,0,6,2,2,7,4,2,1,3,11,17,0,0,0,2,2,83,42,"Geelong","2017",1
1,"Stanley, Rhys",8,5,6,14,0,1,14,6,2,3,2,3,0,3,0,7,8,3,1,4,0,0,82,42,"Geelong","2017",1
44,"Stewart, Tom",7,2,3,10,0,0,0,2,1,0,0,0,1,0,0,4,5,1,0,2,1,0,87,42,"Geelong","2017",1
7,"Taylor, Harry",5,4,12,17,0,0,0,0,1,1,0,3,0,1,0,5,12,0,0,2,0,2,92,42,"Geelong","2017",1
40,"Thurlow, Jackson",7,2,3,10,0,0,0,1,3,0,0,1,0,0,0,2,7,0,0,1,0,0,86,42,"Geelong","2017",1
2,"Tuohy, Zach",16,6,8,24,1,0,0,3,3,1,3,0,1,0,0,6,15,0,0,2,0,0,92,42,"Geelong","2017",1
0,"Totals",194,83,169,363,18,7,18,72,37,43,33,60,18,22,6,150,212,20,11,44,19,12,0,42,"Geelong","2017",1
