"Number","Player","Kicks","Marks","Handballs","Disposals","Goals","Behinds","Hitouts","Tackles","Rebounds50s","Inside50s","Clearances","Clangers","FreesFor","FreesAgainst","BrownlowVotes","ContestedPossessions","UncontestedPossessions","ContestedMarks","MarksInside50","OnePercenters","Bounces","GoalAssists","PercentagePlayed","PointDifference","Team","Season","Round"
21,"Atkins, Rory",8,2,15,23,2,0,0,3,1,4,2,2,2,1,0,9,15,0,1,2,0,0,86,65,"Adelaide","2017",4
18,"Betts, Eddie",9,5,13,22,6,2,0,3,0,2,3,2,0,1,3,15,8,1,5,1,0,1,93,65,"Adelaide","2017",4
16,"Brown, Luke",6,2,3,9,0,0,0,1,2,1,0,3,1,1,0,2,8,0,0,1,0,0,87,65,"Adelaide","2017",4
23,"Cameron, Charlie",13,3,3,16,1,1,0,3,0,7,2,2,1,0,0,5,10,0,1,0,7,1,72,65,"Adelaide","2017",4
44,"Crouch, Matt",10,2,21,31,0,0,0,4,0,2,4,4,1,1,0,10,22,0,0,1,0,0,76,65,"Adelaide","2017",4
26,"Douglas, Richard",11,1,9,20,1,1,0,5,1,5,4,2,0,1,0,8,12,0,1,2,0,1,80,65,"Adelaide","2017",4
17,"Hampton, Curtly",5,1,10,15,0,0,0,3,0,1,2,3,0,3,0,10,5,0,1,1,0,1,78,65,"Adelaide","2017",4
15,"Hartigan, Kyle",7,3,5,12,0,0,0,2,3,1,0,3,0,2,0,4,8,0,0,2,0,0,90,65,"Adelaide","2017",4
24,"Jacobs, Sam",5,2,12,17,0,0,33,7,3,1,4,1,2,0,0,6,12,0,0,2,0,1,83,65,"Adelaide","2017",4
8,"Kelly, Jake",2,1,3,5,0,0,0,1,0,0,0,0,0,0,0,2,3,0,0,0,0,0,45,65,"Adelaide","2017",4
3,"Knight, Riley",8,7,12,20,0,0,0,1,1,3,2,1,1,0,0,7,13,0,0,0,0,2,73,65,"Adelaide","2017",4
29,"Laird, Rory",16,2,20,36,1,0,0,2,5,1,2,3,3,0,0,10,24,0,0,3,0,0,87,65,"Adelaide","2017",4
6,"Lever, Jake",8,5,5,13,0,0,0,0,2,1,0,1,1,0,0,6,7,3,0,7,0,0,85,65,"Adelaide","2017",4
27,"Lynch, Tom",9,9,5,14,2,1,0,2,0,3,0,3,1,1,0,4,10,2,3,0,0,0,95,65,"Adelaide","2017",4
14,"Mackay, David",12,2,9,21,0,0,0,3,1,6,2,2,2,0,0,10,13,0,0,2,1,1,83,65,"Adelaide","2017",4
32,"Menzel, Troy",6,3,3,9,1,2,0,5,0,0,1,1,0,0,0,3,6,1,2,1,0,0,76,65,"Adelaide","2017",4
30,"Milera, Wayne",10,2,9,19,0,0,0,0,2,4,1,2,0,2,0,4,15,0,0,0,1,3,77,65,"Adelaide","2017",4
22,"Otten, Andy",6,1,7,13,2,1,6,0,0,1,0,0,1,0,0,8,5,1,1,5,0,0,87,65,"Adelaide","2017",4
9,"Sloane, Rory",20,3,14,34,2,0,0,9,2,8,8,4,1,1,1,16,18,0,0,3,1,1,76,65,"Adelaide","2017",4
33,"Smith, Brodie",16,6,17,33,1,0,0,1,5,4,1,5,0,0,0,6,24,1,0,4,0,1,89,65,"Adelaide","2017",4
12,"Talia, Daniel",4,3,8,12,0,0,0,3,2,1,1,2,0,1,0,5,5,1,0,9,0,0,92,65,"Adelaide","2017",4
13,"Walker, Taylor",15,10,4,19,5,0,0,2,0,7,0,4,0,0,2,7,11,3,4,0,0,4,91,65,"Adelaide","2017",4
0,"Rushed",0,0,0,0,0,1,0,0,0,0,0,0,0,0,0,0,0,0,0,0,0,0,0,65,"Adelaide","2017",4
29,"Ambrose, Patrick",4,4,6,10,0,0,0,0,1,2,0,2,0,1,0,2,8,1,0,8,0,0,85,-65,"Essendon","2017",4
12,"Baguley, Mark",12,6,3,15,0,0,0,1,3,1,1,4,0,1,0,2,10,0,0,4,0,0,85,-65,"Essendon","2017",4
28,"Brown, Mitch",13,5,16,29,0,0,0,1,2,2,0,4,0,1,0,6,23,0,0,5,0,0,86,-65,"Essendon","2017",4
32,"Colyer, Travis",15,7,9,24,3,1,0,5,3,5,0,6,1,0,0,9,15,2,3,0,5,2,77,-65,"Essendon","2017",4
6,"Daniher, Joe",11,10,8,19,2,2,7,0,2,1,0,2,1,1,0,3,15,0,3,0,1,0,94,-65,"Essendon","2017",4
13,"Fantasia, Orazio",7,1,11,18,1,1,0,4,1,5,1,3,3,2,0,5,14,0,0,1,1,2,82,-65,"Essendon","2017",4
9,"Goddard, Brendon",15,6,19,34,0,0,0,2,1,3,8,4,0,1,0,15,20,0,0,5,0,1,82,-65,"Essendon","2017",4
15,"Green, Josh",8,2,4,12,0,2,0,2,0,4,1,1,0,0,0,7,5,0,0,0,0,1,73,-65,"Essendon","2017",4
21,"Heppell, Dyson",11,2,11,22,0,0,0,1,0,3,4,2,1,0,0,9,13,0,0,0,0,0,85,-65,"Essendon","2017",4
26,"Hooker, Cale",4,6,4,8,0,0,0,3,0,2,0,3,1,0,0,5,4,2,0,2,0,0,87,-65,"Essendon","2017",4
18,"Hurley, Michael",15,8,8,23,0,0,0,0,4,1,0,0,0,0,0,2,20,0,0,5,1,0,98,-65,"Essendon","2017",4
47,"Kelly, James",9,4,16,25,0,0,0,2,0,1,1,3,0,1,0,8,18,0,0,2,0,0,84,-65,"Essendon","2017",4
30,"Langford, Kyle",8,5,7,15,2,0,0,3,1,3,0,2,0,0,0,2,12,0,2,1,0,0,83,-65,"Essendon","2017",4
22,"Leuenberger, Matthew",7,1,7,14,0,0,38,1,2,0,2,5,0,3,0,6,8,0,0,4,0,0,82,-65,"Essendon","2017",4
43,"McDonald-Tipungwuti, Anthony",8,5,8,16,4,0,0,2,1,2,3,6,1,2,0,8,8,1,3,0,0,0,73,-65,"Essendon","2017",4
1,"McGrath, Andrew",8,4,20,28,0,0,0,4,2,2,0,2,1,1,0,6,22,0,1,3,2,1,87,-65,"Essendon","2017",4
45,"McKenna, Conor",10,5,8,18,0,0,0,3,2,1,0,3,1,1,0,6,12,0,1,1,1,0,73,-65,"Essendon","2017",4
7,"Merrett, Zach",19,5,16,35,0,0,0,7,3,2,5,1,2,0,0,12,24,0,0,0,0,1,76,-65,"Essendon","2017",4
3,"Parish, Darcy",11,4,13,24,0,0,0,1,5,2,5,3,0,0,0,7,16,0,0,0,0,1,75,-65,"Essendon","2017",4
5,"Stanton, Brent",13,8,9,22,0,0,0,1,3,2,1,1,1,0,0,6,15,0,0,2,0,1,74,-65,"Essendon","2017",4
4,"Watson, Jobe",6,3,10,16,0,0,0,2,0,0,4,3,2,1,0,8,8,0,0,2,0,0,67,-65,"Essendon","2017",4
11,"Zaharakis, David",15,8,15,30,1,0,0,3,1,3,3,6,0,2,0,8,22,0,1,1,0,0,90,-65,"Essendon","2017",4
0,"Rushed",0,0,0,0,0,4,0,0,0,0,0,0,0,0,0,0,0,0,0,0,0,0,0,-65,"Essendon","2017",4
