"Number","Player","Kicks","Marks","Handballs","Disposals","Goals","Behinds","Hitouts","Tackles","Rebounds50s","Inside50s","Clearances","Clangers","FreesFor","FreesAgainst","BrownlowVotes","ContestedPossessions","UncontestedPossessions","ContestedMarks","MarksInside50","OnePercenters","Bounces","GoalAssists","PercentagePlayed","PointDifference","Team","Season","Round"
23,"Franklin, Lance",13,9,3,16,3,5,0,2,0,3,0,2,1,1,0,5,12,2,6,3,0,0,98,46,"Sydney","2017",12
39,"Grundy, Heath",12,7,10,22,0,0,0,2,2,2,0,2,1,0,1,10,13,2,0,1,0,0,89,46,"Sydney","2017",12
4,"Hannebery, Dan",12,6,16,28,1,0,0,4,2,3,8,5,0,1,0,17,12,0,0,1,0,0,86,46,"Sydney","2017",12
9,"Hayward, Will",9,6,2,11,0,2,0,3,0,3,0,0,1,0,0,4,7,1,1,1,0,1,74,46,"Sydney","2017",12
5,"Heeney, Isaac",17,5,14,31,0,1,0,4,5,6,3,4,2,0,3,15,16,0,0,2,0,0,87,46,"Sydney","2017",12
29,"Hewett, George",8,5,4,12,1,0,0,1,0,2,0,2,2,2,0,4,8,1,1,0,0,0,82,46,"Sydney","2017",12
15,"Jack, Kieren",9,2,7,16,0,1,0,2,0,3,2,1,1,1,0,10,7,0,0,3,0,1,61,46,"Sydney","2017",12
10,"Jones, Zak",8,1,8,16,0,1,0,3,1,7,2,2,1,1,0,5,11,0,0,2,0,1,74,46,"Sydney","2017",12
12,"Kennedy, Josh",15,2,22,37,1,0,0,3,0,7,6,7,2,1,0,17,21,0,1,1,0,0,91,46,"Sydney","2017",12
44,"Lloyd, Jake",23,10,8,31,1,0,0,0,2,0,2,2,1,0,0,7,23,0,1,2,1,0,91,46,"Sydney","2017",12
31,"Marsh, Harrison",10,6,5,15,0,0,0,0,1,2,0,0,1,0,0,2,13,0,0,2,0,0,81,46,"Sydney","2017",12
43,"Melican, Lewis",8,4,6,14,0,0,0,2,2,1,0,2,2,0,0,5,9,1,0,5,0,0,88,46,"Sydney","2017",12
14,"Mills, Callum",10,9,4,14,0,0,0,3,1,1,0,3,0,2,0,4,11,1,0,6,0,0,83,46,"Sydney","2017",12
35,"Naismith, Sam",4,1,4,8,0,0,33,3,1,2,1,3,2,1,0,4,2,0,0,4,0,1,65,46,"Sydney","2017",12
28,"Newman, Nic",14,7,4,18,0,0,1,3,4,5,1,2,0,0,0,4,14,1,0,1,0,2,70,46,"Sydney","2017",12
41,"Papley, Tom",9,0,12,21,2,1,0,8,0,7,2,1,1,0,0,8,12,0,0,2,0,1,87,46,"Sydney","2017",12
26,"Parker, Luke",15,4,8,23,1,0,0,8,1,8,5,2,0,1,0,10,12,1,1,1,0,0,85,46,"Sydney","2017",12
24,"Rampe, Dane",8,6,8,16,0,0,0,2,4,0,0,1,0,1,0,2,14,0,0,3,0,0,91,46,"Sydney","2017",12
20,"Reid, Sam",10,10,6,16,2,2,0,2,1,0,0,2,0,0,2,9,7,7,5,1,0,0,86,46,"Sydney","2017",12
18,"Sinclair, Callum",5,1,11,16,0,0,31,4,1,2,5,3,2,0,0,10,6,0,0,3,0,0,67,46,"Sydney","2017",12
40,"Smith, Nick",12,4,6,18,0,0,0,1,3,2,0,0,1,0,0,4,13,0,0,5,0,0,80,46,"Sydney","2017",12
22,"Towers, Dean",10,1,5,15,0,0,0,3,0,4,2,2,1,1,0,6,9,0,0,1,0,1,84,46,"Sydney","2017",12
0,"Rushed",0,0,0,0,0,3,0,0,0,0,0,0,0,0,0,0,0,0,0,0,0,0,0,46,"Sydney","2017",12
25,"Adams, Marcus",9,7,5,14,0,0,0,1,5,1,0,5,0,2,0,4,8,2,0,3,0,0,49,-46,"Western Bulldogs","2017",12
24,"Biggs, Shane",12,4,7,19,0,0,0,3,4,0,0,0,1,0,0,3,16,1,0,0,0,0,75,-46,"Western Bulldogs","2017",12
4,"Bontempelli, Marcus",12,6,6,18,0,1,1,11,3,3,3,6,0,5,0,8,11,0,1,4,0,1,85,-46,"Western Bulldogs","2017",12
5,"Boyd, Matthew",14,7,8,22,0,0,0,2,9,1,1,3,2,1,0,7,18,0,0,7,0,0,83,-46,"Western Bulldogs","2017",12
13,"Cloke, Travis",5,3,3,8,0,0,2,4,0,0,0,1,0,1,0,3,4,0,0,1,0,1,87,-46,"Western Bulldogs","2017",12
6,"Dahlhaus, Luke",12,2,16,28,1,0,0,5,2,4,2,2,0,1,0,10,18,1,1,0,1,0,77,-46,"Western Bulldogs","2017",12
31,"Dale, Bailey",6,1,5,11,0,1,0,0,2,2,2,3,1,2,0,3,7,0,0,0,0,1,83,-46,"Western Bulldogs","2017",12
35,"Daniel, Caleb",8,1,20,28,1,0,0,4,2,1,3,2,1,1,0,13,17,0,0,2,0,0,83,-46,"Western Bulldogs","2017",12
29,"Dickson, Tory",4,2,8,12,1,1,0,5,0,1,0,2,0,0,0,5,7,0,1,1,0,0,83,-46,"Western Bulldogs","2017",12
44,"English, Tim",0,1,7,7,0,0,8,3,2,0,0,0,0,0,0,2,5,0,0,3,0,0,77,-46,"Western Bulldogs","2017",12
7,"Hunter, Lachie",9,3,13,22,0,0,0,1,5,0,2,2,0,0,0,12,10,0,0,2,0,0,82,-46,"Western Bulldogs","2017",12
39,"Johannisen, Jason",5,0,4,9,0,0,0,1,1,3,0,5,0,0,0,3,6,0,0,1,0,1,80,-46,"Western Bulldogs","2017",12
46,"Jong, Lin",4,1,9,13,0,0,0,4,0,2,2,3,3,2,0,9,5,0,0,3,0,0,87,-46,"Western Bulldogs","2017",12
11,"Macrae, Jack",9,5,23,32,0,0,0,4,2,1,4,0,1,0,0,12,20,0,0,2,0,0,92,-46,"Western Bulldogs","2017",12
16,"McLean, Toby",9,2,12,21,1,0,0,5,2,3,2,6,0,3,0,7,15,0,1,2,0,1,77,-46,"Western Bulldogs","2017",12
42,"Picken, Liam",13,2,10,23,0,0,0,3,1,4,2,3,1,0,0,6,14,0,0,0,0,0,86,-46,"Western Bulldogs","2017",12
18,"Roberts, Fletcher",2,1,3,5,0,0,0,3,1,0,0,1,0,0,0,4,1,0,0,7,0,0,100,-46,"Western Bulldogs","2017",12
23,"Roughead, Jordan",5,2,4,9,0,0,5,5,2,4,1,2,1,0,0,10,1,2,1,5,0,0,84,-46,"Western Bulldogs","2017",12
9,"Stringer, Jake",6,1,5,11,1,2,0,1,0,2,1,2,0,0,0,4,7,0,0,1,0,0,77,-46,"Western Bulldogs","2017",12
1,"Suckling, Matt",11,6,9,20,0,0,0,1,3,1,1,2,1,1,0,5,14,1,0,3,0,0,82,-46,"Western Bulldogs","2017",12
3,"Wallis, Mitch",10,3,14,24,0,0,0,2,1,5,4,2,1,1,0,12,13,0,0,1,0,0,88,-46,"Western Bulldogs","2017",12
10,"Wood, Easton",11,5,4,15,1,0,0,3,3,1,1,2,0,2,0,4,11,0,0,1,0,0,84,-46,"Western Bulldogs","2017",12
0,"Rushed",0,0,0,0,0,1,0,0,0,0,0,0,0,0,0,0,0,0,0,0,0,0,0,-46,"Western Bulldogs","2017",12
