"Number","Player","Kicks","Marks","Handballs","Disposals","Goals","Behinds","Hitouts","Tackles","Rebounds50s","Inside50s","Clearances","Clangers","FreesFor","FreesAgainst","BrownlowVotes","ContestedPossessions","UncontestedPossessions","ContestedMarks","MarksInside50","OnePercenters","Bounces","GoalAssists","PercentagePlayed","PointDifference","Team","Season","Round"
13,"Adams, Taylor",18,8,15,33,0,0,0,3,2,7,6,5,2,2,1,13,21,1,0,2,0,2,80,18,"Collingwood","2017",9
14,"Aish, James",4,2,7,11,0,0,0,1,1,0,0,2,0,0,0,3,7,0,0,0,0,0,52,18,"Collingwood","2017",9
11,"Blair, Jarryd",4,0,10,14,0,1,0,5,0,3,3,2,1,1,0,7,6,0,0,0,0,0,81,18,"Collingwood","2017",9
25,"Crisp, Jack",10,7,9,19,1,0,0,6,1,2,1,1,1,0,0,7,13,0,1,2,0,0,82,18,"Collingwood","2017",9
2,"de Goey, Jordan",6,4,4,10,0,0,0,6,0,1,0,1,0,0,0,3,7,0,0,1,0,1,82,18,"Collingwood","2017",9
15,"Dunn, Lynden",8,5,11,19,0,0,0,3,3,1,2,1,1,1,0,7,11,0,0,5,0,0,85,18,"Collingwood","2017",9
5,"Elliott, Jamie",8,6,6,14,3,0,0,2,0,2,0,1,0,0,0,3,11,0,3,0,1,2,74,18,"Collingwood","2017",9
1,"Fasolo, Alex",4,2,4,8,0,0,0,3,0,2,0,4,0,1,0,4,6,0,0,2,0,0,90,18,"Collingwood","2017",9
6,"Goldsack, Tyson",9,7,7,16,0,1,1,1,1,3,2,1,0,1,0,7,10,2,0,10,0,0,82,18,"Collingwood","2017",9
19,"Greenwood, Levi",8,6,7,15,1,1,0,7,0,4,0,1,0,1,0,3,12,0,3,1,0,0,80,18,"Collingwood","2017",9
4,"Grundy, Brodie",10,3,7,17,0,0,44,6,4,1,7,2,1,1,0,13,6,0,0,2,0,0,81,18,"Collingwood","2017",9
32,"Hoskin-Elliott, Will",15,3,3,18,0,0,0,6,3,4,1,3,2,1,0,6,12,0,0,1,0,1,85,18,"Collingwood","2017",9
38,"Howe, Jeremy",18,13,7,25,1,0,0,3,6,0,1,1,0,0,0,6,17,2,0,4,1,0,91,18,"Collingwood","2017",9
37,"Maynard, Brayden",16,7,6,22,1,0,0,1,2,4,0,4,0,2,0,4,19,0,0,4,0,0,84,18,"Collingwood","2017",9
30,"Moore, Darcy",4,5,7,11,2,1,4,3,0,1,1,0,1,0,0,13,2,4,3,2,0,0,90,18,"Collingwood","2017",9
10,"Pendlebury, Scott",20,2,16,36,1,0,0,9,3,9,7,3,4,0,2,13,20,0,0,2,0,3,80,18,"Collingwood","2017",9
21,"Phillips, Tom",14,5,10,24,0,0,0,3,4,1,1,4,1,0,0,7,19,0,0,3,0,0,77,18,"Collingwood","2017",9
41,"Schade, Henry",5,5,7,12,0,0,0,2,1,0,0,0,0,0,0,3,9,0,0,4,0,0,86,18,"Collingwood","2017",9
22,"Sidebottom, Steele",14,6,13,27,1,0,0,5,3,2,2,3,0,1,0,7,20,0,0,1,0,0,81,18,"Collingwood","2017",9
40,"Smith, Josh",17,11,5,22,1,0,0,3,1,1,0,1,0,0,0,0,22,0,1,3,0,0,91,18,"Collingwood","2017",9
7,"Treloar, Adam",13,3,21,34,1,1,0,7,1,2,5,2,1,0,0,15,20,0,0,2,2,1,85,18,"Collingwood","2017",9
3,"Wells, Daniel",5,3,11,16,0,1,0,7,0,1,6,0,1,0,0,7,11,0,1,2,0,1,80,18,"Collingwood","2017",9
0,"Rushed",0,0,0,0,0,6,0,0,0,0,0,0,0,0,0,0,0,0,0,0,0,0,0,18,"Collingwood","2017",9
22,"Breust, Luke",11,1,4,15,3,0,0,2,0,4,0,1,2,0,0,8,11,1,1,3,0,1,77,-18,"Hawthorn","2017",9
9,"Burgoyne, Shaun",8,2,7,15,0,0,0,2,2,1,3,3,0,2,0,5,10,0,0,2,0,0,81,-18,"Hawthorn","2017",9
5,"Burton, Ryan",13,9,3,16,0,0,0,3,3,3,2,3,0,1,0,3,13,1,0,1,2,0,90,-18,"Hawthorn","2017",9
8,"Duryea, Taylor",11,6,3,14,0,0,0,3,3,3,0,1,1,0,0,4,10,0,0,4,1,0,76,-18,"Hawthorn","2017",9
6,"Gibson, Josh",3,4,5,8,0,0,0,0,0,0,0,1,0,0,0,3,5,0,0,8,0,0,100,-18,"Hawthorn","2017",9
19,"Gunston, Jack",10,4,7,17,0,1,0,6,0,4,0,1,2,0,0,8,11,0,1,2,0,1,87,-18,"Hawthorn","2017",9
37,"Hardwick, Blake",9,6,7,16,0,0,0,4,3,1,0,3,0,1,0,5,11,0,0,2,0,0,80,-18,"Hawthorn","2017",9
4,"Hartung, Billy",7,3,8,15,0,0,0,2,0,2,1,2,0,0,0,1,14,0,1,1,0,0,78,-18,"Hawthorn","2017",9
34,"Heatherley, Kurt",6,4,5,11,0,0,0,4,3,0,1,1,0,0,0,4,6,0,0,6,0,0,93,-18,"Hawthorn","2017",9
31,"Henderson, Ricky",16,9,5,21,0,0,0,0,6,5,4,3,0,1,0,6,15,0,0,0,0,0,73,-18,"Hawthorn","2017",9
15,"Hodge, Luke",13,6,7,20,0,0,0,3,1,1,2,2,0,1,0,6,13,1,0,3,0,0,87,-18,"Hawthorn","2017",9
17,"Howe, Daniel",9,3,5,14,0,0,0,8,0,2,3,1,0,1,0,7,9,0,0,2,0,1,80,-18,"Hawthorn","2017",9
29,"Langford, Will",10,3,6,16,0,0,0,4,1,3,3,1,1,0,0,9,8,0,0,3,0,0,65,-18,"Hawthorn","2017",9
7,"McEvoy, Ben",2,0,9,11,1,0,37,7,1,1,1,1,0,0,0,5,6,0,0,5,0,1,80,-18,"Hawthorn","2017",9
3,"Mitchell, Tom",22,8,28,50,0,1,0,8,2,3,5,4,4,2,3,22,28,1,1,2,0,0,90,-18,"Hawthorn","2017",9
28,"Puopolo, Paul",6,1,9,15,2,0,0,13,0,1,0,1,1,0,0,8,5,0,0,2,0,0,85,-18,"Hawthorn","2017",9
2,"Roughead, Jarryd",10,6,8,18,0,1,1,3,1,1,2,2,0,1,0,8,11,1,1,3,0,1,90,-18,"Hawthorn","2017",9
26,"Shiels, Liam",15,3,10,25,1,0,0,8,1,4,8,4,0,3,0,12,11,0,0,1,0,0,75,-18,"Hawthorn","2017",9
21,"Sicily, James",6,3,6,12,3,1,0,6,0,2,0,2,0,2,0,4,8,1,1,0,0,0,84,-18,"Hawthorn","2017",9
16,"Smith, Isaac",15,5,11,26,0,0,0,5,3,5,5,1,1,0,0,10,14,0,0,2,1,2,86,-18,"Hawthorn","2017",9
27,"Vickery, Ty",2,2,3,5,1,0,14,0,0,0,0,1,0,1,0,3,1,1,1,3,0,0,73,-18,"Hawthorn","2017",9
11,"Whitecross, Brendan",8,5,4,12,0,1,0,1,2,1,0,0,0,0,0,3,9,0,0,2,0,0,69,-18,"Hawthorn","2017",9
0,"Rushed",0,0,0,0,0,1,0,0,0,0,0,0,0,0,0,0,0,0,0,0,0,0,0,-18,"Hawthorn","2017",9
