"Number","Player","Kicks","Marks","Handballs","Disposals","Goals","Behinds","Hitouts","Tackles","Rebounds50s","Inside50s","Clearances","Clangers","FreesFor","FreesAgainst","BrownlowVotes","ContestedPossessions","UncontestedPossessions","ContestedMarks","MarksInside50","OnePercenters","Bounces","GoalAssists","PercentagePlayed","PointDifference","Team","Season","Round"
19,"Blakely, Connor",19,7,14,33,0,0,0,9,5,5,5,5,1,3,1,12,25,0,0,0,0,0,88,35,"Fremantle","2017",9
17,"Crozier, Hayden",9,1,3,12,3,0,0,4,0,2,1,3,1,0,0,7,5,0,0,1,0,1,81,35,"Fremantle","2017",9
7,"Fyfe, Nat",14,5,16,30,0,2,0,0,3,6,4,5,2,1,0,15,15,1,0,2,0,0,85,35,"Fremantle","2017",9
28,"Grey, Brady",3,3,4,7,0,0,0,4,0,3,0,1,0,1,0,1,6,0,0,0,0,1,78,35,"Fremantle","2017",9
21,"Hamling, Joel",7,4,7,14,0,0,0,4,2,2,0,1,2,0,0,5,9,2,0,4,0,0,94,35,"Fremantle","2017",9
9,"Hill, Bradley",12,3,6,18,2,0,0,5,2,4,0,3,0,0,0,2,15,0,1,1,0,0,84,35,"Fremantle","2017",9
32,"Hill, Stephen",12,1,5,17,0,0,0,5,0,4,3,3,0,0,0,9,6,0,0,1,0,1,69,35,"Fremantle","2017",9
15,"Hughes, Ethan",7,4,7,14,0,0,0,2,3,1,1,3,0,3,0,4,9,1,0,2,0,0,80,35,"Fremantle","2017",9
5,"Ibbotson, Garrick",7,4,5,12,0,0,0,0,3,0,0,1,1,0,0,7,5,1,0,4,0,0,89,35,"Fremantle","2017",9
37,"Johnson, Michael",13,6,2,15,0,0,0,3,1,0,0,2,1,0,0,5,7,3,0,4,0,0,92,35,"Fremantle","2017",9
22,"Kersten, Shane",9,3,4,13,2,1,0,1,1,0,0,6,2,0,0,3,7,0,0,1,0,0,88,35,"Fremantle","2017",9
26,"Langdon, Ed",4,2,8,12,0,0,0,4,0,1,1,2,0,0,0,5,7,1,0,4,0,0,75,35,"Fremantle","2017",9
23,"McCarthy, Cam",5,2,3,8,1,0,0,6,0,3,1,0,1,0,0,3,5,0,0,1,0,0,90,35,"Fremantle","2017",9
16,"Mundy, David",11,2,17,28,0,0,0,7,2,6,9,3,2,1,0,18,12,0,0,5,0,0,75,35,"Fremantle","2017",9
27,"Neale, Lachie",14,4,23,37,1,1,0,1,4,1,8,5,1,2,3,20,16,1,0,1,2,0,79,35,"Fremantle","2017",9
6,"Pearce, Danyle",13,2,6,19,0,0,0,5,0,5,2,4,1,1,0,11,7,0,0,1,0,0,83,35,"Fremantle","2017",9
31,"Sandilands, Aaron",5,0,6,11,0,0,39,3,0,1,4,6,2,1,0,4,6,0,0,5,0,1,75,35,"Fremantle","2017",9
34,"Spurr, Lee",8,4,2,10,0,0,0,3,3,1,0,4,0,2,0,3,8,0,0,2,0,0,81,35,"Fremantle","2017",9
33,"Sutcliffe, Cam",7,3,4,11,0,0,0,3,2,0,1,3,0,3,0,6,8,0,0,4,0,0,81,35,"Fremantle","2017",9
20,"Taberner, Matthew",5,1,0,5,1,0,4,4,1,1,0,3,2,2,0,4,0,1,0,3,0,0,93,35,"Fremantle","2017",9
10,"Walters, Michael",17,3,10,27,3,2,0,4,0,3,3,4,5,1,2,14,12,0,1,1,0,2,85,35,"Fremantle","2017",9
14,"Weller, Lachie",17,5,9,26,0,0,0,2,3,3,0,3,0,0,0,4,18,0,0,4,0,0,90,35,"Fremantle","2017",9
0,"Rushed",0,0,0,0,0,2,0,0,0,0,0,0,0,0,0,0,0,0,0,0,0,0,0,35,"Fremantle","2017",9
41,"Casboult, Levi",5,4,4,9,2,0,10,3,1,1,0,9,0,4,0,3,6,2,2,3,0,0,92,-35,"Carlton","2017",9
9,"Cripps, Patrick",10,3,11,21,0,0,0,8,1,3,5,2,2,0,0,14,7,1,0,1,0,0,91,-35,"Carlton","2017",9
28,"Cuningham, David",6,1,7,13,0,0,0,5,2,3,0,3,2,2,0,9,6,0,0,0,0,0,76,-35,"Carlton","2017",9
30,"Curnow, Charlie",7,4,2,9,0,0,0,1,1,0,0,3,1,0,0,5,2,2,0,1,0,0,86,-35,"Carlton","2017",9
35,"Curnow, Ed",17,4,14,31,0,0,0,6,1,6,3,3,1,0,0,15,15,0,0,0,0,0,89,-35,"Carlton","2017",9
15,"Docherty, Sam",23,11,4,27,1,0,0,1,4,2,0,8,2,1,0,8,18,1,0,3,0,0,98,-35,"Carlton","2017",9
25,"Fisher, Zac",7,1,6,13,1,0,0,2,0,3,0,4,4,0,0,7,6,0,0,1,0,1,77,-35,"Carlton","2017",9
4,"Gibbs, Bryce",19,5,15,34,1,0,0,6,4,4,9,7,1,0,0,14,19,0,0,1,0,0,92,-35,"Carlton","2017",9
32,"Graham, Nick",14,1,3,17,0,0,0,8,1,4,4,3,3,1,0,9,8,0,0,1,2,0,84,-35,"Carlton","2017",9
8,"Kreuzer, Matthew",11,5,11,22,0,2,26,6,1,3,2,1,0,1,0,10,11,0,1,3,0,0,88,-35,"Carlton","2017",9
22,"Marchbank, Caleb",13,6,4,17,0,0,0,3,4,1,0,7,1,4,0,4,12,1,0,3,0,0,100,-35,"Carlton","2017",9
3,"Murphy, Marc",21,3,11,32,1,1,0,2,2,3,7,3,1,1,0,16,15,0,0,1,0,1,88,-35,"Carlton","2017",9
5,"Petrevski-Seton, Sam",5,3,3,8,0,0,0,10,1,0,1,2,0,1,0,3,5,0,0,1,0,0,82,-35,"Carlton","2017",9
20,"Plowman, Lachie",12,7,6,18,0,0,0,1,2,0,1,3,2,3,0,6,13,0,0,5,0,0,98,-35,"Carlton","2017",9
17,"Rowe, Sam",1,1,1,2,0,0,0,0,0,0,0,0,0,0,0,0,2,0,0,0,0,0,15,-35,"Carlton","2017",9
44,"Silvagni, Alex",6,8,9,15,0,0,0,4,2,1,0,3,0,2,0,5,10,2,0,4,0,0,98,-35,"Carlton","2017",9
1,"Silvagni, Jack",9,7,3,12,0,2,0,1,0,0,1,1,0,0,0,4,8,1,3,2,0,0,88,-35,"Carlton","2017",9
6,"Simpson, Kade",15,6,4,19,0,1,0,2,1,4,1,3,0,2,0,6,14,0,1,0,0,0,96,-35,"Carlton","2017",9
39,"Thomas, Dale",5,2,3,8,1,0,0,0,1,0,0,2,0,1,0,3,6,0,0,1,0,1,43,-35,"Carlton","2017",9
23,"Weitering, Jacob",14,8,3,17,0,0,0,0,4,1,0,0,0,0,0,3,13,0,1,8,1,0,90,-35,"Carlton","2017",9
31,"Williamson, Tom",14,8,3,17,0,0,0,1,4,1,1,2,0,1,0,3,14,0,0,3,0,0,81,-35,"Carlton","2017",9
46,"Wright, Matthew",13,2,4,17,0,1,0,2,1,3,0,3,1,0,0,3,13,0,0,2,0,0,85,-35,"Carlton","2017",9
0,"Rushed",0,0,0,0,0,2,0,0,0,0,0,0,0,0,0,0,0,0,0,0,0,0,0,-35,"Carlton","2017",9
