"Number","Player","Kicks","Marks","Handballs","Disposals","Goals","Behinds","Hitouts","Tackles","Rebounds50s","Inside50s","Clearances","Clangers","FreesFor","FreesAgainst","BrownlowVotes","ContestedPossessions","UncontestedPossessions","ContestedMarks","MarksInside50","OnePercenters","Bounces","GoalAssists","PercentagePlayed","PointDifference","Team","Season","Round"
30,"Brand, Kaiden",10,6,8,18,0,0,0,0,3,1,0,3,0,1,0,4,12,2,0,6,0,0,100,6,"Hawthorn","2017",19
22,"Breust, Luke",5,2,8,13,0,1,0,8,0,2,3,4,1,2,0,10,4,1,1,0,0,0,87,6,"Hawthorn","2017",19
9,"Burgoyne, Shaun",11,4,6,17,2,1,0,5,0,4,2,2,1,1,0,8,8,0,2,0,0,0,79,6,"Hawthorn","2017",19
5,"Burton, Ryan",13,5,8,21,0,0,0,2,3,1,0,2,0,2,0,7,12,0,0,5,0,0,91,6,"Hawthorn","2017",19
8,"Duryea, Taylor",9,7,4,13,1,0,0,3,0,1,0,0,2,0,0,5,8,2,2,1,0,3,86,6,"Hawthorn","2017",19
44,"Glass, Conor",7,3,4,11,0,0,0,1,0,0,0,1,0,1,0,2,10,0,0,1,0,0,82,6,"Hawthorn","2017",19
19,"Gunston, Jack",13,7,5,18,0,0,0,0,2,1,0,3,0,0,0,4,15,2,0,0,0,1,87,6,"Hawthorn","2017",19
37,"Hardwick, Blake",4,1,2,6,0,0,0,3,2,0,0,0,1,0,0,3,3,0,0,2,0,0,33,6,"Hawthorn","2017",19
4,"Hartung, Billy",12,5,3,15,0,1,0,2,1,2,1,1,0,0,0,1,14,0,1,1,3,0,85,6,"Hawthorn","2017",19
31,"Henderson, Ricky",8,8,4,12,0,0,0,2,0,2,0,0,0,0,0,0,12,0,0,3,0,0,75,6,"Hawthorn","2017",19
15,"Hodge, Luke",16,9,7,23,0,0,0,3,4,0,1,4,2,1,0,5,17,2,0,2,0,0,87,6,"Hawthorn","2017",19
17,"Howe, Daniel",8,3,11,19,0,1,0,6,1,0,4,0,2,0,0,12,8,1,0,1,0,0,81,6,"Hawthorn","2017",19
29,"Langford, Will",14,4,8,22,0,1,0,1,0,5,2,5,2,1,0,8,11,1,2,1,0,0,77,6,"Hawthorn","2017",19
7,"McEvoy, Ben",9,8,7,16,0,0,23,3,1,3,2,1,2,1,0,10,7,5,1,7,0,0,79,6,"Hawthorn","2017",19
3,"Mitchell, Tom",12,1,14,26,0,0,0,8,3,2,3,4,1,2,0,11,15,0,0,2,0,0,86,6,"Hawthorn","2017",19
23,"OBrien, Tim",12,4,4,16,1,0,3,3,0,1,0,1,1,1,0,6,8,1,0,2,0,1,80,6,"Hawthorn","2017",19
2,"Roughead, Jarryd",12,8,12,24,2,1,2,3,1,2,1,2,2,0,3,8,16,1,1,1,0,0,88,6,"Hawthorn","2017",19
25,"Schoenmakers, Ryan",7,6,3,10,2,1,0,1,0,0,0,2,0,1,0,3,7,2,2,1,0,0,83,6,"Hawthorn","2017",19
26,"Shiels, Liam",17,3,11,28,2,0,0,5,1,7,5,6,0,2,2,8,17,0,0,0,1,0,87,6,"Hawthorn","2017",19
21,"Sicily, James",16,14,10,26,0,1,0,0,2,4,0,5,1,2,0,6,20,1,0,2,0,1,92,6,"Hawthorn","2017",19
16,"Smith, Isaac",16,12,10,26,0,0,0,3,2,5,2,2,1,1,0,8,17,0,1,0,2,1,87,6,"Hawthorn","2017",19
11,"Whitecross, Brendan",10,7,6,16,0,0,0,3,0,5,1,2,1,1,0,4,14,0,0,2,0,1,67,6,"Hawthorn","2017",19
0,"Rushed",0,0,0,0,0,4,0,0,0,0,0,0,0,0,0,0,0,0,0,0,0,0,0,6,"Hawthorn","2017",19
6,"Foote, Jordan",3,0,6,9,0,0,0,0,0,1,0,2,1,0,0,2,7,0,0,0,0,0,71,-6,"Sydney","2017",19
23,"Franklin, Lance",11,5,2,13,1,1,0,5,0,5,0,6,1,4,0,3,11,0,0,3,0,3,97,-6,"Sydney","2017",19
39,"Grundy, Heath",9,2,8,17,0,0,0,1,6,2,0,2,1,1,0,6,12,0,0,2,2,0,95,-6,"Sydney","2017",19
4,"Hannebery, Dan",6,2,14,20,0,0,0,2,0,2,2,1,2,1,0,10,11,0,0,0,0,0,76,-6,"Sydney","2017",19
9,"Hayward, Will",3,0,2,5,1,0,0,1,0,0,0,0,0,0,0,0,4,0,0,0,0,0,73,-6,"Sydney","2017",19
5,"Heeney, Isaac",10,4,15,25,0,0,0,3,0,1,2,5,0,2,0,13,12,0,0,0,1,1,87,-6,"Sydney","2017",19
29,"Hewett, George",8,5,10,18,2,0,0,2,0,1,3,1,1,0,0,10,8,0,2,0,0,1,91,-6,"Sydney","2017",19
15,"Jack, Kieren",14,4,3,17,0,1,0,2,2,0,2,2,1,0,0,5,12,0,0,0,0,0,79,-6,"Sydney","2017",19
10,"Jones, Zak",7,3,12,19,0,0,0,2,4,2,0,1,0,1,0,7,11,0,0,0,1,0,92,-6,"Sydney","2017",19
12,"Kennedy, Josh",4,2,10,14,0,0,0,3,1,2,4,1,0,1,0,7,8,0,0,2,0,0,76,-6,"Sydney","2017",19
3,"McVeigh, Jarrad",14,4,7,21,1,0,0,2,5,2,0,3,0,1,0,3,16,0,0,3,0,0,80,-6,"Sydney","2017",19
43,"Melican, Lewis",6,2,3,9,0,0,0,3,2,1,0,3,0,2,0,5,6,0,0,8,0,0,84,-6,"Sydney","2017",19
14,"Mills, Callum",14,5,7,21,0,0,0,3,2,6,0,1,0,1,0,4,15,2,0,1,0,0,80,-6,"Sydney","2017",19
35,"Naismith, Sam",4,1,7,11,0,0,21,1,1,2,3,2,2,2,0,6,4,0,0,4,0,0,56,-6,"Sydney","2017",19
28,"Newman, Nic",14,7,15,29,0,0,0,4,1,2,2,2,2,0,0,6,22,0,0,0,0,0,85,-6,"Sydney","2017",19
41,"Papley, Tom",15,4,2,17,3,3,0,4,1,4,1,0,2,0,0,3,14,0,1,0,2,1,86,-6,"Sydney","2017",19
26,"Parker, Luke",13,6,11,24,0,1,0,8,2,4,9,4,2,3,1,10,12,0,1,1,0,1,89,-6,"Sydney","2017",19
24,"Rampe, Dane",12,12,6,18,0,0,0,2,6,1,0,1,0,0,0,1,17,0,0,4,0,0,97,-6,"Sydney","2017",19
27,"Robinson, Dan",4,1,6,10,0,0,0,4,0,2,0,2,2,0,0,5,5,0,0,3,0,0,67,-6,"Sydney","2017",19
18,"Sinclair, Callum",6,3,5,11,1,1,17,3,2,1,0,2,1,1,0,7,3,2,1,7,0,0,81,-6,"Sydney","2017",19
40,"Smith, Nick",9,6,4,13,0,0,0,4,2,0,0,2,1,0,0,3,10,0,0,4,0,0,86,-6,"Sydney","2017",19
22,"Towers, Dean",7,3,7,14,0,0,1,8,2,2,0,3,1,0,0,7,8,1,0,0,0,0,73,-6,"Sydney","2017",19
0,"Rushed",0,0,0,0,0,5,0,0,0,0,0,0,0,0,0,0,0,0,0,0,0,0,0,-6,"Sydney","2017",19
