"Number","Player","Kicks","Marks","Handballs","Disposals","Goals","Behinds","Hitouts","Tackles","Rebounds50s","Inside50s","Clearances","Clangers","FreesFor","FreesAgainst","BrownlowVotes","ContestedPossessions","UncontestedPossessions","ContestedMarks","MarksInside50","OnePercenters","Bounces","GoalAssists","PercentagePlayed","PointDifference","Team","Season","Round"
30,"Atley, Joe",3,2,10,13,0,0,0,2,1,0,3,4,0,2,0,4,9,0,0,0,0,0,59,70,"Port Adelaide","2017",17
25,"Austin, Logan",7,4,3,10,0,0,0,3,4,0,0,3,1,2,0,3,7,0,0,6,1,0,98,70,"Port Adelaide","2017",17
1,"Boak, Travis",9,9,15,24,0,0,0,4,1,0,2,4,0,1,0,6,19,0,0,1,0,0,86,70,"Port Adelaide","2017",17
33,"Byrne-Jones, Darcy",7,4,6,13,0,0,0,2,2,1,2,2,0,0,0,4,9,0,0,1,0,0,81,70,"Port Adelaide","2017",17
17,"Clurey, Tom",8,3,2,10,0,0,0,1,3,0,0,1,0,1,0,1,9,0,0,2,1,0,91,70,"Port Adelaide","2017",17
22,"Dixon, Charlie",12,7,6,18,1,0,0,4,0,6,0,2,4,1,0,10,8,1,2,6,0,2,96,70,"Port Adelaide","2017",17
7,"Ebert, Brad",18,2,12,30,0,2,0,5,2,8,14,2,0,1,2,19,11,0,0,4,0,3,86,70,"Port Adelaide","2017",17
9,"Gray, Robbie",7,5,12,19,2,3,0,2,0,0,1,4,3,1,0,7,11,0,3,0,0,1,94,70,"Port Adelaide","2017",17
46,"Gray, Sam",15,10,10,25,4,1,0,1,1,1,0,0,0,0,0,7,17,2,3,0,0,1,83,70,"Port Adelaide","2017",17
8,"Hartlett, Hamish",12,1,7,19,1,0,0,4,3,3,0,0,2,0,0,8,12,0,0,0,0,0,72,70,"Port Adelaide","2017",17
43,"Houston, Dan",9,5,1,10,0,0,0,5,3,0,0,3,1,2,0,2,7,0,0,1,0,0,75,70,"Port Adelaide","2017",17
24,"Impey, Jarman",7,1,4,11,0,0,0,2,1,5,0,3,1,2,0,4,8,0,0,1,3,2,74,70,"Port Adelaide","2017",17
42,"Jonas, Tom",5,4,5,10,0,0,0,1,0,0,0,1,1,1,0,4,6,0,0,8,0,0,96,70,"Port Adelaide","2017",17
29,"Pittard, Jasper",12,4,5,17,0,0,0,0,3,3,1,2,1,1,0,3,15,0,0,4,0,0,87,70,"Port Adelaide","2017",17
21,"Polec, Jared",15,6,8,23,1,0,0,3,1,4,1,4,0,2,0,3,19,0,1,1,1,1,79,70,"Port Adelaide","2017",17
2,"Powell-Pepper, Sam",13,8,13,26,2,1,0,3,0,3,3,7,1,1,0,11,13,1,3,1,0,0,70,70,"Port Adelaide","2017",17
4,"Ryder, Paddy",8,5,6,14,0,1,37,1,0,3,6,4,2,2,1,9,5,2,1,3,0,0,78,70,"Port Adelaide","2017",17
12,"Trengove, Jackson",8,3,6,14,2,2,10,2,0,1,1,6,1,4,0,6,8,1,2,0,0,1,81,70,"Port Adelaide","2017",17
39,"Westhoff, Justin",21,12,6,27,1,0,0,1,1,6,1,3,1,0,0,10,18,2,2,4,0,1,86,70,"Port Adelaide","2017",17
19,"White, Matt",9,1,6,15,1,0,0,2,0,2,1,3,1,2,0,6,10,0,0,1,0,0,72,70,"Port Adelaide","2017",17
16,"Wines, Ollie",14,6,17,31,1,0,0,5,1,3,7,5,0,2,0,16,15,1,1,1,1,0,69,70,"Port Adelaide","2017",17
20,"Wingard, Chad",17,6,13,30,3,1,0,5,1,6,6,2,2,0,3,18,11,4,4,1,0,1,87,70,"Port Adelaide","2017",17
0,"Rushed",0,0,0,0,0,2,0,0,0,0,0,0,0,0,0,0,0,0,0,0,0,0,0,70,"Port Adelaide","2017",17
18,"Atley, Shaun",7,4,11,18,2,0,0,3,1,1,1,0,0,0,0,4,14,1,1,0,1,0,86,-70,"North Melbourne","2017",17
50,"Brown, Ben",7,4,3,10,3,0,0,0,0,1,0,2,2,2,0,6,3,2,3,2,0,1,100,-70,"North Melbourne","2017",17
10,"Cunnington, Ben",14,5,19,33,0,0,0,8,0,4,11,3,4,1,0,26,8,2,0,0,0,0,83,-70,"North Melbourne","2017",17
38,"Daw, Majak",4,1,1,5,0,1,21,2,0,1,1,1,1,1,0,3,3,0,0,3,0,0,93,-70,"North Melbourne","2017",17
27,"Garner, Taylor",6,2,9,15,1,0,0,9,0,1,2,2,2,0,0,7,10,0,0,3,1,0,83,-70,"North Melbourne","2017",17
43,"Gibson, Sam",6,5,10,16,0,0,0,3,2,4,0,6,1,2,0,6,9,0,0,1,0,2,88,-70,"North Melbourne","2017",17
22,"Goldstein, Todd",2,0,4,6,0,0,22,6,0,0,1,1,1,1,0,3,3,0,0,0,0,0,93,-70,"North Melbourne","2017",17
39,"Hibberd, Mitchell",1,0,1,2,0,0,0,1,0,1,0,1,0,0,0,0,2,0,0,1,0,0,7,-70,"North Melbourne","2017",17
4,"Higgins, Shaun",16,3,10,26,1,0,0,6,2,3,1,6,1,3,0,4,21,1,0,0,0,1,82,-70,"North Melbourne","2017",17
8,"Hrovat, Nathan",9,3,6,15,1,0,0,1,2,2,1,2,1,0,0,5,9,0,0,0,0,0,80,-70,"North Melbourne","2017",17
11,"McDonald, Luke",13,9,11,24,0,1,0,3,4,5,1,3,2,1,0,9,16,3,1,1,0,0,89,-70,"North Melbourne","2017",17
42,"Mountford, Declan",4,0,7,11,0,0,0,6,1,2,0,3,0,0,0,2,9,0,0,3,0,0,86,-70,"North Melbourne","2017",17
17,"Mullett, Aaron",15,3,12,27,0,1,0,3,9,2,0,1,2,1,0,6,16,0,0,1,0,0,90,-70,"North Melbourne","2017",17
26,"Nielson, Dan",5,6,4,9,0,0,0,2,2,0,0,6,0,5,0,4,5,1,0,7,0,0,97,-70,"North Melbourne","2017",17
21,"Simpkin, Jy",7,4,8,15,0,1,0,4,1,2,2,1,3,0,0,7,8,0,1,0,0,0,79,-70,"North Melbourne","2017",17
9,"Swallow, Andrew",11,2,13,24,0,0,0,11,1,2,6,2,2,0,0,12,11,0,0,1,0,0,77,-70,"North Melbourne","2017",17
25,"Tarrant, Robbie",11,8,9,20,0,0,0,2,2,1,0,3,0,2,0,5,14,0,0,5,0,0,97,-70,"North Melbourne","2017",17
12,"Thomas, Lindsay",8,4,4,12,0,0,0,2,1,2,1,1,0,1,0,2,9,0,0,3,0,0,83,-70,"North Melbourne","2017",17
16,"Thompson, Scott",2,1,8,10,0,0,0,4,1,0,0,3,1,2,0,4,8,0,0,6,0,0,91,-70,"North Melbourne","2017",17
41,"Wagner, Corey",7,1,5,12,0,0,0,4,1,0,0,2,2,0,0,2,10,0,0,3,0,0,62,-70,"North Melbourne","2017",17
7,"Ziebell, Jack",11,4,5,16,0,0,0,8,1,2,2,2,2,0,0,4,12,0,0,1,0,0,72,-70,"North Melbourne","2017",17
44,"Zurhaar, Cameron",4,1,2,6,0,1,0,3,0,3,0,3,1,0,0,4,2,0,0,0,0,0,84,-70,"North Melbourne","2017",17
0,"Rushed",0,0,0,0,0,4,0,0,0,0,0,0,0,0,0,0,0,0,0,0,0,0,0,-70,"North Melbourne","2017",17
