"Number","Player","Kicks","Marks","Handballs","Disposals","Goals","Behinds","Hitouts","Tackles","Rebounds50s","Inside50s","Clearances","Clangers","FreesFor","FreesAgainst","BrownlowVotes","ContestedPossessions","UncontestedPossessions","ContestedMarks","MarksInside50","OnePercenters","Bounces","GoalAssists","PercentagePlayed","PointDifference","Team","Season","Round"
9,"Ablett, Gary",27,3,9,36,2,1,0,4,2,8,10,2,1,0,3,14,21,0,1,1,1,0,86,86,"Gold Coast","2017",3
20,"Barlow, Michael",14,4,20,34,0,1,0,1,3,7,2,2,1,1,0,14,20,1,1,2,0,1,91,86,"Gold Coast","2017",3
29,"Bowes, Jack",8,4,3,11,0,0,0,4,1,2,0,0,1,0,0,3,8,0,0,2,0,1,69,86,"Gold Coast","2017",3
8,"Fiorini, Brayden",8,3,10,18,2,0,0,3,0,1,1,1,0,0,0,7,12,0,1,0,1,1,64,86,"Gold Coast","2017",3
33,"Hall, Aaron",20,6,9,29,2,1,0,3,2,7,2,4,1,0,2,5,24,0,0,0,0,0,79,86,"Gold Coast","2017",3
5,"Harbrow, Jarrod",12,7,14,26,1,0,0,4,3,3,2,0,0,0,0,6,19,0,0,4,0,0,84,86,"Gold Coast","2017",3
38,"Joyce, Jesse",9,2,10,19,0,1,0,2,1,1,2,0,1,0,0,8,11,0,0,6,0,0,81,86,"Gold Coast","2017",3
10,"Kolodjashnij, Kade",11,7,15,26,0,0,0,1,1,1,2,1,1,1,0,6,21,0,0,5,0,0,92,86,"Gold Coast","2017",3
23,"Lemmens, Sean",5,2,6,11,1,0,0,2,0,1,0,4,1,1,0,6,7,0,0,3,2,0,69,86,"Gold Coast","2017",3
19,"Lynch, Tom",11,7,7,18,2,3,0,2,1,4,0,2,5,1,0,10,8,3,2,2,1,1,98,86,"Gold Coast","2017",3
25,"Lyons, Jarryd",10,2,20,30,0,0,0,4,2,2,10,6,0,2,0,18,11,0,0,0,0,0,71,86,"Gold Coast","2017",3
4,"Martin, Jack",12,5,11,23,3,0,0,5,2,4,1,2,1,1,0,8,14,0,0,1,1,3,79,86,"Gold Coast","2017",3
32,"Matera, Brandon",12,4,7,19,6,0,0,2,1,2,2,1,1,0,1,7,11,0,1,0,0,0,76,86,"Gold Coast","2017",3
17,"May, Steven",15,8,8,23,0,0,0,2,1,0,0,4,1,1,0,7,15,1,0,5,1,0,90,86,"Gold Coast","2017",3
11,"Miller, Touk",7,5,21,28,2,0,0,4,1,2,2,2,1,0,0,12,17,0,2,2,0,0,83,86,"Gold Coast","2017",3
3,"Rosa, Matt",12,4,13,25,0,0,0,1,0,4,3,3,1,2,0,7,16,0,0,1,0,0,83,86,"Gold Coast","2017",3
42,"Saad, Adam",13,4,10,23,0,0,0,2,2,2,0,3,0,0,0,7,18,0,0,4,4,0,81,86,"Gold Coast","2017",3
6,"Sexton, Alex",16,7,9,25,0,1,0,0,1,7,1,3,0,2,0,4,19,0,0,3,0,4,82,86,"Gold Coast","2017",3
24,"Swallow, David",15,4,19,34,0,1,0,6,1,1,9,2,0,0,0,17,17,0,0,1,0,0,70,86,"Gold Coast","2017",3
16,"Thompson, Rory",7,4,5,12,0,0,0,2,3,2,0,1,1,1,0,5,7,0,0,8,0,0,95,86,"Gold Coast","2017",3
28,"Witts, Jarrod",5,1,8,13,0,0,40,2,1,1,2,3,0,1,0,3,9,1,0,4,0,0,86,86,"Gold Coast","2017",3
30,"Wright, Peter",7,5,8,15,0,1,8,1,0,2,0,1,1,0,0,6,8,0,1,3,0,0,89,86,"Gold Coast","2017",3
0,"Rushed",0,0,0,0,0,3,0,0,0,0,0,0,0,0,0,0,0,0,0,0,0,0,0,86,"Gold Coast","2017",3
30,"Brand, Kaiden",11,4,6,17,0,0,0,1,3,1,0,1,1,0,0,5,8,1,0,5,0,0,95,-86,"Hawthorn","2017",3
22,"Breust, Luke",3,1,4,7,0,1,0,3,0,0,1,3,0,3,0,7,1,0,0,4,0,0,74,-86,"Hawthorn","2017",3
9,"Burgoyne, Shaun",11,8,6,17,0,1,0,4,1,4,2,0,1,0,0,6,11,0,0,4,0,0,82,-86,"Hawthorn","2017",3
5,"Burton, Ryan",13,4,4,17,1,0,0,5,5,0,0,1,0,1,0,3,10,1,0,1,0,0,81,-86,"Hawthorn","2017",3
12,"Frawley, James",9,9,3,12,0,0,0,3,2,1,0,7,0,5,0,2,10,1,0,9,0,0,99,-86,"Hawthorn","2017",3
6,"Gibson, Josh",10,1,10,20,0,0,0,3,3,4,0,2,2,1,0,4,16,0,0,10,0,1,98,-86,"Hawthorn","2017",3
19,"Gunston, Jack",13,9,2,15,0,3,0,3,0,5,0,3,0,0,0,3,13,1,3,1,0,0,92,-86,"Hawthorn","2017",3
31,"Henderson, Ricky",14,9,15,29,0,0,0,2,6,1,0,1,0,0,0,6,23,0,0,2,0,0,74,-86,"Hawthorn","2017",3
15,"Hodge, Luke",12,5,8,20,0,0,0,3,2,2,1,2,1,0,0,6,13,0,0,1,0,0,78,-86,"Hawthorn","2017",3
29,"Langford, Will",6,0,9,15,0,0,0,3,1,3,1,4,0,1,0,10,5,0,0,0,0,0,83,-86,"Hawthorn","2017",3
7,"McEvoy, Ben",2,4,7,9,0,0,28,3,0,0,0,1,1,0,0,5,5,2,0,3,0,0,76,-86,"Hawthorn","2017",3
42,"Miles, Teia",5,3,2,7,0,0,0,1,0,0,0,2,0,1,0,1,7,0,0,0,0,0,77,-86,"Hawthorn","2017",3
3,"Mitchell, Tom",11,6,16,27,0,1,0,8,1,4,4,3,2,1,0,10,19,0,0,0,0,1,86,-86,"Hawthorn","2017",3
10,"OMeara, Jaeger",7,3,7,14,1,0,0,3,0,1,2,2,0,0,0,5,8,0,1,0,0,0,81,-86,"Hawthorn","2017",3
28,"Puopolo, Paul",3,1,6,9,1,0,0,1,0,0,1,1,0,0,0,5,3,0,1,2,0,0,66,-86,"Hawthorn","2017",3
33,"Rioli, Cyril",5,4,8,13,1,1,0,3,0,1,1,0,1,0,0,3,10,0,0,1,0,0,86,-86,"Hawthorn","2017",3
2,"Roughead, Jarryd",10,5,4,14,3,0,2,3,1,1,0,2,2,1,0,8,7,1,3,2,1,1,85,-86,"Hawthorn","2017",3
26,"Shiels, Liam",9,3,12,21,0,0,0,7,2,2,6,3,2,0,0,9,10,0,0,1,0,0,77,-86,"Hawthorn","2017",3
16,"Smith, Isaac",16,4,5,21,0,1,0,7,1,5,5,5,0,2,0,6,15,0,0,0,0,0,87,-86,"Hawthorn","2017",3
24,"Stratton, Ben",9,3,9,18,0,0,0,0,6,0,1,4,0,1,0,6,11,0,1,6,0,0,94,-86,"Hawthorn","2017",3
27,"Vickery, Ty",3,0,6,9,0,1,9,4,1,0,1,2,0,1,0,5,5,0,0,1,0,0,62,-86,"Hawthorn","2017",3
11,"Whitecross, Brendan",8,3,4,12,0,1,0,4,2,1,0,1,1,1,0,3,9,0,0,1,0,0,68,-86,"Hawthorn","2017",3
0,"Rushed",0,0,0,0,0,1,0,0,0,0,0,0,0,0,0,0,0,0,0,0,0,0,0,-86,"Hawthorn","2017",3
