"Number","Player","Kicks","Marks","Handballs","Disposals","Goals","Behinds","Hitouts","Tackles","Rebounds50s","Inside50s","Clearances","Clangers","FreesFor","FreesAgainst","BrownlowVotes","ContestedPossessions","UncontestedPossessions","ContestedMarks","MarksInside50","OnePercenters","Bounces","GoalAssists","PercentagePlayed","PointDifference","Team","Season","Round"
30,"Brand, Kaiden",9,6,7,16,0,0,0,3,1,1,0,1,1,0,0,2,13,0,0,7,0,0,98,9,"Hawthorn","2017",23
22,"Breust, Luke",6,3,9,15,0,1,0,0,0,3,1,4,0,0,0,5,10,0,1,0,0,0,77,9,"Hawthorn","2017",23
9,"Burgoyne, Shaun",6,4,15,21,1,0,0,2,0,1,5,0,1,0,0,8,13,0,2,1,0,1,82,9,"Hawthorn","2017",23
8,"Duryea, Taylor",9,6,8,17,0,0,0,3,1,1,1,1,0,0,0,3,15,0,2,0,0,1,77,9,"Hawthorn","2017",23
44,"Glass, Conor",8,3,6,14,0,0,0,1,2,0,2,3,0,2,0,4,10,0,0,0,0,0,70,9,"Hawthorn","2017",23
19,"Gunston, Jack",18,8,8,26,0,0,0,3,5,2,0,2,0,0,0,4,21,0,0,1,0,0,86,9,"Hawthorn","2017",23
37,"Hardwick, Blake",12,4,8,20,0,0,0,3,2,1,0,2,1,2,0,2,18,0,0,3,0,0,88,9,"Hawthorn","2017",23
4,"Hartung, Billy",11,3,12,23,0,1,0,0,2,1,1,0,0,0,0,4,20,0,0,2,0,1,86,9,"Hawthorn","2017",23
15,"Hodge, Luke",9,3,5,14,0,0,0,1,2,1,0,2,0,1,0,2,12,0,0,3,0,0,89,9,"Hawthorn","2017",23
17,"Howe, Daniel",6,3,6,12,0,0,0,4,3,0,2,0,0,0,0,3,9,0,0,0,0,0,70,9,"Hawthorn","2017",23
29,"Langford, Will",9,4,6,15,0,0,0,2,0,3,5,3,1,1,0,6,9,0,1,0,0,1,80,9,"Hawthorn","2017",23
7,"McEvoy, Ben",7,5,10,17,0,0,29,9,0,2,5,1,4,1,0,10,9,2,0,5,0,1,81,9,"Hawthorn","2017",23
3,"Mitchell, Tom",13,7,19,32,0,0,0,6,3,3,4,2,1,1,0,12,20,0,0,1,0,0,91,9,"Hawthorn","2017",23
35,"Morrison, Harry",10,6,11,21,0,1,0,1,1,3,2,2,0,0,0,4,18,0,1,2,0,2,67,9,"Hawthorn","2017",23
23,"OBrien, Tim",14,10,4,18,1,0,2,0,1,2,2,1,2,0,0,6,12,2,1,5,0,0,82,9,"Hawthorn","2017",23
10,"OMeara, Jaeger",7,0,18,25,0,0,0,11,1,1,5,0,0,0,1,12,10,0,0,0,0,0,71,9,"Hawthorn","2017",23
28,"Puopolo, Paul",11,3,8,19,3,0,0,6,1,4,1,0,2,0,0,10,10,1,1,1,0,2,84,9,"Hawthorn","2017",23
2,"Roughead, Jarryd",11,10,8,19,5,2,0,6,0,1,0,1,0,1,3,5,14,3,7,3,0,0,92,9,"Hawthorn","2017",23
25,"Schoenmakers, Ryan",7,5,4,11,1,0,2,0,1,4,1,1,1,0,0,6,5,1,1,1,0,0,73,9,"Hawthorn","2017",23
26,"Shiels, Liam",12,5,10,22,0,1,0,8,1,1,6,3,1,0,0,8,14,0,0,0,0,0,77,9,"Hawthorn","2017",23
21,"Sicily, James",20,12,11,31,1,0,0,0,4,1,1,3,0,0,0,6,24,1,0,4,0,0,90,9,"Hawthorn","2017",23
16,"Smith, Isaac",14,5,7,21,3,0,0,4,1,4,2,1,0,1,0,4,17,0,0,1,0,0,89,9,"Hawthorn","2017",23
0,"Rushed",0,0,0,0,0,3,0,0,0,0,0,0,0,0,0,0,0,0,0,0,0,0,0,9,"Hawthorn","2017",23
24,"Biggs, Shane",8,5,8,16,0,0,0,0,3,0,0,1,0,0,0,4,12,0,0,4,0,0,90,-9,"Western Bulldogs","2017",23
4,"Bontempelli, Marcus",12,5,9,21,0,0,0,4,0,4,3,4,1,0,0,8,15,0,1,4,0,1,80,-9,"Western Bulldogs","2017",23
5,"Boyd, Matthew",21,12,12,33,1,0,0,1,3,2,1,2,0,0,0,6,28,2,1,4,0,1,85,-9,"Western Bulldogs","2017",23
15,"Campbell, Tom",1,2,2,3,1,0,25,3,0,0,2,2,0,2,0,4,1,1,1,2,0,0,58,-9,"Western Bulldogs","2017",23
12,"Cordy, Zaine",7,7,6,13,0,0,0,0,3,0,1,0,1,0,0,6,7,3,0,3,1,0,97,-9,"Western Bulldogs","2017",23
6,"Dahlhaus, Luke",7,3,12,19,1,1,0,1,0,3,3,2,1,0,0,7,12,0,1,0,1,1,84,-9,"Western Bulldogs","2017",23
31,"Dale, Bailey",7,3,7,14,2,0,0,2,2,3,1,3,1,1,0,3,12,0,0,1,0,0,89,-9,"Western Bulldogs","2017",23
35,"Daniel, Caleb",5,2,12,17,0,0,0,0,0,2,0,1,0,1,0,3,15,0,0,0,0,3,81,-9,"Western Bulldogs","2017",23
20,"Dunkley, Josh",8,4,8,16,0,0,0,5,0,2,2,3,0,1,0,8,9,0,0,2,1,0,86,-9,"Western Bulldogs","2017",23
7,"Hunter, Lachie",10,3,5,15,2,1,0,1,1,3,3,4,0,1,0,7,7,1,2,0,3,0,83,-9,"Western Bulldogs","2017",23
39,"Johannisen, Jason",9,4,6,15,0,0,0,1,0,4,0,2,0,0,0,5,11,1,0,0,1,0,85,-9,"Western Bulldogs","2017",23
21,"Liberatore, Tom",10,5,13,23,1,0,0,2,2,5,1,2,0,1,0,12,11,0,3,0,0,1,83,-9,"Western Bulldogs","2017",23
27,"Lipinski, Patrick",6,4,12,18,0,3,0,1,0,1,0,1,0,0,0,4,14,0,1,1,0,0,81,-9,"Western Bulldogs","2017",23
11,"Macrae, Jack",12,3,21,33,0,0,0,7,1,6,5,1,1,0,2,15,18,0,0,0,0,0,89,-9,"Western Bulldogs","2017",23
16,"McLean, Toby",10,4,16,26,1,1,0,6,0,4,0,1,1,0,0,5,21,0,0,0,0,0,78,-9,"Western Bulldogs","2017",23
38,"Morris, Dale",1,4,10,11,0,0,0,1,0,0,0,1,0,0,0,3,9,0,0,11,0,0,97,-9,"Western Bulldogs","2017",23
2,"Murphy, Robert",10,4,5,15,1,0,0,1,1,4,1,1,1,0,0,6,9,1,2,1,3,2,77,-9,"Western Bulldogs","2017",23
42,"Picken, Liam",8,4,8,16,3,2,0,4,0,3,0,4,1,1,0,8,8,0,2,1,0,0,80,-9,"Western Bulldogs","2017",23
23,"Roughead, Jordan",5,3,5,10,0,0,29,0,0,1,0,5,2,4,0,5,4,1,0,3,0,0,71,-9,"Western Bulldogs","2017",23
1,"Suckling, Matt",13,4,4,17,0,0,0,1,3,0,0,1,0,0,0,2,16,1,0,0,0,1,77,-9,"Western Bulldogs","2017",23
34,"Williams, Bailey",7,3,7,14,0,1,0,4,3,3,0,3,0,1,0,3,9,0,0,2,0,0,68,-9,"Western Bulldogs","2017",23
33,"Young, Lewis",3,2,5,8,0,0,0,1,0,0,0,2,0,2,0,1,8,0,0,1,0,0,82,-9,"Western Bulldogs","2017",23
0,"Rushed",0,0,0,0,0,3,0,0,0,0,0,0,0,0,0,0,0,0,0,0,0,0,0,-9,"Western Bulldogs","2017",23
