"Number","Player","Kicks","Marks","Handballs","Disposals","Goals","Behinds","Hitouts","Tackles","Rebounds50s","Inside50s","Clearances","Clangers","FreesFor","FreesAgainst","BrownlowVotes","ContestedPossessions","UncontestedPossessions","ContestedMarks","MarksInside50","OnePercenters","Bounces","GoalAssists","PercentagePlayed","PointDifference","Team","Season","Round"
12,"Astbury, David",6,6,7,13,0,0,0,1,3,0,0,2,2,1,0,5,8,0,0,2,0,0,100,11,"Richmond","2017",3
40,"Butler, Dan",9,2,8,17,2,1,0,1,1,3,0,2,2,1,0,7,9,0,0,0,3,0,89,11,"Richmond","2017",3
22,"Caddy, Josh",6,0,9,15,0,0,0,4,1,3,1,5,0,3,0,6,6,0,0,0,0,0,87,11,"Richmond","2017",3
46,"Castagna, Jason",11,8,5,16,1,1,0,6,1,4,0,2,0,0,0,3,13,0,3,1,1,2,87,11,"Richmond","2017",3
30,"Conca, Reece",16,6,9,25,0,3,0,4,4,3,1,0,0,0,0,3,19,0,1,4,1,0,82,11,"Richmond","2017",3
9,"Cotchin, Trent",21,3,13,34,0,0,0,5,5,6,5,10,3,6,2,19,16,0,0,3,3,0,76,11,"Richmond","2017",3
5,"Ellis, Brandon",15,4,5,20,0,0,0,3,4,4,1,4,1,2,0,7,14,1,0,2,0,1,84,11,"Richmond","2017",3
43,"Elton, Todd",3,3,6,9,0,0,5,4,1,1,0,4,1,0,0,4,6,1,1,1,0,0,68,11,"Richmond","2017",3
6,"Grigg, Shaun",9,5,12,21,1,0,1,4,0,2,1,0,1,0,0,7,14,0,1,2,0,0,83,11,"Richmond","2017",3
2,"Grimes, Dylan",4,3,5,9,0,0,0,3,0,1,0,2,1,1,0,3,5,0,0,1,0,0,82,11,"Richmond","2017",3
14,"Houli, Bachar",16,2,7,23,1,0,0,3,9,2,0,3,3,0,0,6,12,0,1,2,0,0,85,11,"Richmond","2017",3
23,"Lambert, Kane",11,1,8,19,1,0,0,6,1,4,1,2,1,0,0,9,12,0,0,0,0,1,79,11,"Richmond","2017",3
7,"Lennon, Ben",5,1,3,8,0,0,0,1,0,2,0,2,1,1,0,4,3,0,0,1,0,0,76,11,"Richmond","2017",3
4,"Martin, Dustin",33,3,7,40,2,1,0,5,4,9,15,4,1,0,3,21,16,0,1,1,0,0,86,11,"Richmond","2017",3
33,"McIntosh, Kamdyn",12,4,10,22,0,1,0,6,0,5,2,2,1,0,0,10,12,0,0,1,0,0,81,11,"Richmond","2017",3
25,"Nankervis, Toby",8,4,10,18,0,0,21,2,0,3,4,5,0,4,0,8,10,0,0,8,0,0,82,11,"Richmond","2017",3
3,"Prestia, Dion",7,1,11,18,0,0,0,4,3,0,2,3,1,0,0,7,12,0,0,3,0,1,80,11,"Richmond","2017",3
18,"Rance, Alex",12,4,8,20,0,0,0,3,6,0,0,3,0,1,1,8,11,2,0,16,0,0,96,11,"Richmond","2017",3
8,"Riewoldt, Jack",17,8,5,22,1,2,0,4,0,5,0,6,2,1,0,5,13,1,4,1,0,1,87,11,"Richmond","2017",3
17,"Rioli, Daniel",3,0,6,9,2,0,0,2,0,1,0,3,0,1,0,7,3,0,0,4,1,0,78,11,"Richmond","2017",3
15,"Short, Jayden",7,0,4,11,0,0,0,1,2,3,1,4,0,2,0,5,7,0,0,0,0,0,76,11,"Richmond","2017",3
1,"Vlastuin, Nick",5,1,5,10,0,0,0,4,1,2,0,2,0,2,0,5,4,0,0,4,0,1,56,11,"Richmond","2017",3
0,"Rushed",0,0,0,0,0,1,0,0,0,0,0,0,0,0,0,0,0,0,0,0,0,0,0,11,"Richmond","2017",3
37,"Barrass, Tom",8,5,2,10,0,0,0,0,3,0,0,0,1,0,0,3,7,1,0,9,0,0,80,-11,"West Coast","2017",3
15,"Cripps, Jamie",8,5,2,10,1,0,0,2,0,1,0,1,0,1,0,1,9,0,1,3,1,0,80,-11,"West Coast","2017",3
27,"Darling, Jack",10,6,6,16,1,2,0,4,0,5,1,3,2,1,0,6,9,0,2,1,0,0,91,-11,"West Coast","2017",3
3,"Gaff, Andrew",20,2,13,33,0,0,0,3,6,4,7,3,3,0,0,17,17,0,0,3,1,0,90,-11,"West Coast","2017",3
22,"Giles, Jonathan",4,2,5,9,0,0,22,4,2,1,3,2,0,0,0,8,1,2,0,5,0,0,62,-11,"West Coast","2017",3
33,"Hill, Josh",9,5,3,12,0,1,0,3,1,3,0,2,1,0,0,5,6,2,1,2,1,0,86,-11,"West Coast","2017",3
25,"Hurn, Shannon",9,7,8,17,0,0,0,1,3,2,0,1,0,0,0,2,14,0,0,5,0,0,92,-11,"West Coast","2017",3
34,"Hutchings, Mark",6,3,10,16,1,1,0,3,1,3,0,2,0,0,0,4,13,0,2,2,1,1,68,-11,"West Coast","2017",3
23,"Jetta, Lewis",9,3,5,14,0,0,0,1,1,4,2,2,1,1,0,4,10,0,1,0,0,1,71,-11,"West Coast","2017",3
17,"Kennedy, Josh",7,5,3,10,2,1,2,1,0,0,0,2,1,1,0,5,5,1,3,1,0,0,100,-11,"West Coast","2017",3
2,"LeCras, Mark",11,4,6,17,3,4,0,2,0,2,1,2,2,1,0,7,8,0,2,0,0,0,84,-11,"West Coast","2017",3
7,"Masten, Chris",11,5,15,26,0,1,0,5,3,3,0,1,0,0,0,4,22,0,1,1,0,1,87,-11,"West Coast","2017",3
20,"McGovern, Jeremy",9,4,4,13,0,0,0,1,5,2,0,3,1,1,0,5,8,0,0,7,1,0,87,-11,"West Coast","2017",3
1,"Mitchell, Sam",14,4,11,25,0,0,0,2,2,5,2,6,0,2,0,6,18,0,0,0,1,1,86,-11,"West Coast","2017",3
30,"Nelson, Jackson",7,4,5,12,0,0,0,3,2,2,1,2,0,2,0,1,9,1,0,1,1,1,75,-11,"West Coast","2017",3
11,"Priddis, Matt",10,0,13,23,0,0,0,8,2,5,5,1,2,0,0,10,14,0,0,2,0,1,87,-11,"West Coast","2017",3
8,"Redden, Jack",5,1,13,18,0,0,0,6,1,1,4,6,4,5,0,11,7,0,0,2,0,0,69,-11,"West Coast","2017",3
5,"Sheppard, Brad",5,2,6,11,0,0,0,6,2,2,0,1,2,0,0,4,8,0,0,2,0,0,89,-11,"West Coast","2017",3
13,"Shuey, Luke",15,5,15,30,0,0,0,4,0,6,10,4,3,3,0,15,15,0,0,2,0,0,83,-11,"West Coast","2017",3
19,"Vardy, Nathan",5,2,2,7,0,0,28,0,2,2,2,2,3,0,0,4,3,0,0,5,0,0,61,-11,"West Coast","2017",3
12,"Wellingham, Sharrod",13,8,8,21,0,0,0,3,7,0,0,3,0,1,0,5,15,0,0,1,1,0,81,-11,"West Coast","2017",3
6,"Yeo, Elliot",13,4,7,20,0,1,0,5,6,3,0,5,1,2,0,7,16,0,0,7,0,0,90,-11,"West Coast","2017",3
0,"Rushed",0,0,0,0,0,6,0,0,0,0,0,0,0,0,0,0,0,0,0,0,0,0,0,-11,"West Coast","2017",3
