"Number","Player","Kicks","Marks","Handballs","Disposals","Goals","Behinds","Hitouts","Tackles","Rebounds50s","Inside50s","Clearances","Clangers","FreesFor","FreesAgainst","BrownlowVotes","ContestedPossessions","UncontestedPossessions","ContestedMarks","MarksInside50","OnePercenters","Bounces","GoalAssists","PercentagePlayed","PointDifference","Team","Season","Round"
13,"Florent, Oliver",4,2,7,11,0,0,0,2,1,0,2,1,0,0,0,7,4,0,0,0,0,1,77,67,"Sydney","2017",16
23,"Franklin, Lance",15,7,4,19,3,4,0,4,0,5,0,5,2,2,0,6,14,1,4,1,0,1,84,67,"Sydney","2017",16
39,"Grundy, Heath",11,7,13,24,0,0,0,2,2,0,0,3,1,1,0,10,14,3,0,6,0,0,96,67,"Sydney","2017",16
4,"Hannebery, Dan",7,2,8,15,0,0,0,10,1,3,3,2,0,0,0,4,11,0,0,0,0,1,77,67,"Sydney","2017",16
5,"Heeney, Isaac",12,6,8,20,0,0,0,5,4,4,3,1,0,0,0,8,13,2,0,0,0,1,80,67,"Sydney","2017",16
29,"Hewett, George",8,3,9,17,2,0,0,6,0,1,2,3,0,0,0,7,9,1,2,1,0,0,78,67,"Sydney","2017",16
15,"Jack, Kieren",14,5,8,22,0,1,0,4,0,2,4,0,0,0,0,8,13,0,1,2,0,1,79,67,"Sydney","2017",16
10,"Jones, Zak",6,4,3,9,2,1,0,2,1,2,0,4,0,2,0,4,7,0,1,0,0,1,79,67,"Sydney","2017",16
44,"Lloyd, Jake",18,3,12,30,0,1,0,0,4,6,2,4,0,0,0,6,21,0,1,2,0,0,89,67,"Sydney","2017",16
3,"McVeigh, Jarrad",9,6,11,20,0,1,0,1,0,0,0,2,0,0,0,6,14,1,0,2,0,0,70,67,"Sydney","2017",16
43,"Melican, Lewis",7,3,7,14,1,0,0,1,2,2,1,0,0,0,0,5,9,1,1,7,0,0,80,67,"Sydney","2017",16
14,"Mills, Callum",13,4,9,22,0,0,0,2,5,2,1,4,0,1,0,6,16,1,0,0,0,0,84,67,"Sydney","2017",16
35,"Naismith, Sam",1,1,2,3,0,0,31,3,0,0,0,1,0,1,0,2,1,1,0,4,0,0,80,67,"Sydney","2017",16
28,"Newman, Nic",10,4,11,21,0,2,0,5,3,3,0,3,1,1,0,11,9,0,1,1,0,1,83,67,"Sydney","2017",16
41,"Papley, Tom",11,1,9,20,1,0,0,6,1,2,5,4,0,1,0,11,9,0,0,1,1,0,79,67,"Sydney","2017",16
26,"Parker, Luke",12,6,17,29,0,2,0,7,2,2,10,2,2,1,2,17,15,0,2,0,0,0,84,67,"Sydney","2017",16
24,"Rampe, Dane",16,13,9,25,0,0,0,1,6,1,0,2,1,0,1,7,18,2,1,3,0,0,98,67,"Sydney","2017",16
20,"Reid, Sam",6,4,4,10,1,1,0,2,1,2,0,1,2,1,0,6,4,1,2,0,0,0,83,67,"Sydney","2017",16
27,"Robinson, Dan",6,2,8,14,0,0,0,2,0,4,2,3,1,1,0,6,10,0,0,1,0,0,81,67,"Sydney","2017",16
16,"Rohan, Gary",15,9,1,16,5,2,0,2,0,8,0,4,2,2,3,7,9,3,4,0,1,2,74,67,"Sydney","2017",16
40,"Smith, Nick",11,5,5,16,0,0,0,2,2,0,0,1,1,0,0,4,11,0,0,2,0,0,89,67,"Sydney","2017",16
22,"Towers, Dean",11,2,10,21,2,0,0,3,0,4,2,2,0,0,0,8,13,0,0,2,0,0,78,67,"Sydney","2017",16
0,"Rushed",0,0,0,0,0,1,0,0,0,0,0,0,0,0,0,0,0,0,0,0,0,0,0,67,"Sydney","2017",16
13,"Ah Chee, Callum",7,3,5,12,1,0,0,5,0,3,0,2,0,0,0,5,7,0,0,0,0,0,79,-67,"Gold Coast","2017",16
27,"Ainsworth, Ben",3,2,3,6,0,1,0,2,1,1,0,1,1,0,0,3,3,0,1,0,0,0,74,-67,"Gold Coast","2017",16
29,"Bowes, Jack",13,4,3,16,0,1,0,4,2,3,1,2,3,0,0,6,11,0,0,1,0,0,77,-67,"Gold Coast","2017",16
39,"Davis, Ryan",10,4,4,14,0,0,0,2,1,1,0,3,1,1,0,5,8,0,0,3,0,0,72,-67,"Gold Coast","2017",16
8,"Fiorini, Brayden",11,5,10,21,0,0,0,0,1,0,1,2,0,0,0,7,14,0,0,0,0,0,81,-67,"Gold Coast","2017",16
5,"Harbrow, Jarrod",12,5,5,17,0,0,0,1,5,1,0,5,2,2,0,7,9,0,0,0,0,0,83,-67,"Gold Coast","2017",16
23,"Lemmens, Sean",3,0,5,8,0,1,0,3,0,0,0,2,1,0,0,3,5,0,0,0,0,1,78,-67,"Gold Coast","2017",16
7,"Lonergan, Jesse",10,4,8,18,0,0,0,2,2,4,1,4,0,2,0,8,11,0,0,1,0,1,70,-67,"Gold Coast","2017",16
19,"Lynch, Tom",9,4,2,11,3,1,0,4,0,1,0,4,1,1,0,3,7,1,2,1,1,0,98,-67,"Gold Coast","2017",16
25,"Lyons, Jarryd",13,6,14,27,0,0,0,7,1,6,5,0,0,0,0,13,13,0,0,5,0,0,79,-67,"Gold Coast","2017",16
44,"Macpherson, Darcy",5,3,3,8,0,0,0,6,0,1,0,1,0,1,0,3,5,0,2,0,0,0,82,-67,"Gold Coast","2017",16
4,"Martin, Jack",13,9,5,18,1,1,0,5,1,0,1,2,1,1,0,6,13,0,0,0,0,0,84,-67,"Gold Coast","2017",16
17,"May, Steven",13,8,3,16,0,0,0,0,3,1,0,3,2,1,0,6,8,1,0,4,0,0,87,-67,"Gold Coast","2017",16
18,"McKenzie, Trent",12,6,5,17,0,0,0,2,4,1,0,1,0,1,0,1,14,0,0,7,0,0,86,-67,"Gold Coast","2017",16
11,"Miller, Touk",7,5,17,24,0,0,0,10,0,1,5,2,0,0,0,8,14,0,1,0,0,0,79,-67,"Gold Coast","2017",16
3,"Rosa, Matt",9,4,12,21,0,1,0,3,0,4,3,2,0,0,0,5,14,0,1,2,0,2,87,-67,"Gold Coast","2017",16
42,"Saad, Adam",12,6,5,17,0,1,0,0,1,2,1,1,0,0,0,6,10,1,0,4,4,0,83,-67,"Gold Coast","2017",16
6,"Sexton, Alex",22,13,2,24,0,0,0,1,3,5,1,1,0,1,0,5,20,1,0,2,0,0,89,-67,"Gold Coast","2017",16
24,"Swallow, David",16,2,13,29,1,0,0,5,2,4,9,3,1,0,0,18,10,0,0,1,0,1,72,-67,"Gold Coast","2017",16
16,"Thompson, Rory",8,5,4,12,0,0,0,3,1,1,0,3,1,2,0,4,7,0,1,7,0,0,88,-67,"Gold Coast","2017",16
28,"Witts, Jarrod",9,4,3,12,0,1,44,5,1,4,4,0,0,0,0,6,5,1,1,2,0,0,81,-67,"Gold Coast","2017",16
30,"Wright, Peter",5,4,3,8,1,0,6,3,2,0,0,4,0,0,0,5,4,1,1,2,0,0,89,-67,"Gold Coast","2017",16
0,"Rushed",0,0,0,0,0,1,0,0,0,0,0,0,0,0,0,0,0,0,0,0,0,0,0,-67,"Gold Coast","2017",16
