"Number","Player","Kicks","Marks","Handballs","Disposals","Goals","Behinds","Hitouts","Tackles","Rebounds50s","Inside50s","Clearances","Clangers","FreesFor","FreesAgainst","BrownlowVotes","ContestedPossessions","UncontestedPossessions","ContestedMarks","MarksInside50","OnePercenters","Bounces","GoalAssists","PercentagePlayed","PointDifference","Team","Season","Round"
26,"Battle, Josh",3,2,2,5,1,0,0,0,0,1,0,2,0,0,0,1,3,0,1,0,0,0,61,-61,"St Kilda","2017",17
15,"Billings, Jack",11,7,7,18,0,3,0,1,1,3,3,2,1,0,0,7,11,1,2,1,0,0,88,-61,"St Kilda","2017",17
22,"Brown, Nathan",1,1,4,5,0,0,0,1,0,0,0,0,0,0,0,1,3,0,0,2,0,0,97,-61,"St Kilda","2017",17
27,"Bruce, Josh",6,6,9,15,1,0,4,1,1,5,2,0,1,0,0,6,8,1,0,0,0,0,91,-61,"St Kilda","2017",17
2,"Carlisle, Jake",12,11,7,19,1,0,0,3,4,1,0,5,0,1,0,7,11,3,1,4,0,0,92,-61,"St Kilda","2017",17
14,"Geary, Jarryn",12,4,7,19,0,0,0,1,8,0,1,6,1,1,0,4,14,0,0,3,0,0,83,-61,"St Kilda","2017",17
19,"Gilbert, Sam",6,0,3,9,0,0,2,4,2,1,2,2,1,0,0,7,2,0,0,2,0,0,56,-61,"St Kilda","2017",17
4,"Gresham, Jade",7,3,5,12,1,2,0,1,0,4,2,0,0,0,0,6,7,0,1,1,2,2,81,-61,"St Kilda","2017",17
1,"Hickey, Tom",6,0,6,12,0,1,19,2,0,1,5,3,2,1,0,8,3,0,0,1,0,0,79,-61,"St Kilda","2017",17
21,"Long, Ben",2,0,9,11,0,0,0,5,0,0,0,3,1,1,0,7,5,0,0,1,0,0,72,-61,"St Kilda","2017",17
13,"Lonie, Jack",10,1,7,17,1,2,0,4,0,4,3,4,0,1,0,8,9,0,1,1,0,1,88,-61,"St Kilda","2017",17
36,"McKenzie, Daniel",6,3,7,13,0,0,0,0,1,2,2,3,0,2,0,4,8,0,0,2,0,0,63,-61,"St Kilda","2017",17
11,"Montagna, Leigh",9,5,10,19,0,0,0,2,2,4,0,1,0,0,0,4,15,0,0,1,0,0,89,-61,"St Kilda","2017",17
16,"Newnes, Jack",13,5,14,27,0,1,0,2,5,3,1,3,0,2,0,5,23,1,1,3,0,0,89,-61,"St Kilda","2017",17
12,"Riewoldt, Nick",9,5,7,16,1,0,0,3,0,3,0,1,2,1,0,8,10,1,1,3,0,0,98,-61,"St Kilda","2017",17
17,"Roberton, Dylan",20,8,6,26,0,0,0,2,11,1,0,4,1,0,0,3,19,1,0,2,0,0,85,-61,"St Kilda","2017",17
6,"Ross, Sebastian",9,3,11,20,0,0,0,4,1,2,4,2,0,1,0,5,16,0,0,1,0,0,81,-61,"St Kilda","2017",17
5,"Savage, Shane",16,8,15,31,0,0,0,1,2,4,1,0,0,0,0,7,21,2,0,1,2,1,88,-61,"St Kilda","2017",17
35,"Sinclair, Jack",6,8,13,19,1,1,0,2,1,0,1,0,0,0,0,4,15,1,2,1,1,0,91,-61,"St Kilda","2017",17
9,"Steele, Jack",8,2,9,17,0,1,0,3,1,3,1,3,0,0,0,6,13,1,0,0,0,1,70,-61,"St Kilda","2017",17
3,"Steven, Jack",17,4,13,30,0,3,0,4,1,1,3,1,1,0,0,9,21,0,0,1,0,1,80,-61,"St Kilda","2017",17
25,"Stevens, Koby",4,4,12,16,0,0,0,4,0,1,1,3,0,3,0,3,14,0,0,1,0,0,75,-61,"St Kilda","2017",17
0,"Rushed",0,0,0,0,0,1,0,0,0,0,0,0,0,0,0,0,0,0,0,0,0,0,0,-61,"St Kilda","2017",17
12,"Baguley, Mark",10,9,7,17,0,0,0,2,4,1,1,0,0,0,0,2,17,0,0,2,0,0,82,61,"Essendon","2017",17
2,"Bellchambers, Tom",8,4,6,14,2,0,26,5,1,1,3,1,1,0,0,8,6,1,2,1,0,0,86,61,"Essendon","2017",17
24,"Bird, Craig",7,2,11,18,0,0,0,4,0,4,3,2,1,0,0,5,13,0,0,0,0,0,66,61,"Essendon","2017",17
32,"Colyer, Travis",12,5,8,20,1,2,0,4,0,3,2,2,1,0,0,6,14,0,2,0,1,1,75,61,"Essendon","2017",17
6,"Daniher, Joe",12,9,2,14,4,0,5,2,0,3,1,3,0,1,0,5,8,3,4,1,2,0,88,61,"Essendon","2017",17
13,"Fantasia, Orazio",6,3,6,12,0,3,0,2,1,1,0,0,0,0,0,5,7,1,1,2,0,1,82,61,"Essendon","2017",17
8,"Gleeson, Martin",16,10,3,19,0,0,0,3,4,4,0,1,1,0,0,7,12,3,0,0,2,0,84,61,"Essendon","2017",17
9,"Goddard, Brendon",18,10,7,25,0,0,0,1,1,3,0,2,0,0,0,3,22,1,0,2,0,0,86,61,"Essendon","2017",17
15,"Green, Josh",5,0,7,12,2,0,0,3,0,3,0,2,0,0,0,4,8,0,0,0,0,0,59,61,"Essendon","2017",17
36,"Hartley, Michael",16,9,2,18,0,0,0,1,3,3,0,1,0,1,0,3,14,2,0,5,0,1,95,61,"Essendon","2017",17
21,"Heppell, Dyson",14,7,12,26,0,1,0,1,0,6,2,8,0,2,0,9,17,0,2,2,0,2,80,61,"Essendon","2017",17
26,"Hooker, Cale",7,8,7,14,1,1,1,3,0,1,0,2,0,1,0,7,7,3,1,2,1,0,90,61,"Essendon","2017",17
18,"Hurley, Michael",16,9,11,27,1,0,0,2,6,1,0,0,2,0,0,7,15,0,1,5,0,0,95,61,"Essendon","2017",17
47,"Kelly, James",17,13,11,28,0,0,0,7,3,3,0,4,1,1,2,8,21,3,0,1,0,0,83,61,"Essendon","2017",17
43,"McDonald-Tipungwuti, Anthony",8,7,4,12,2,1,0,5,0,2,1,4,2,1,0,6,6,1,3,0,0,1,76,61,"Essendon","2017",17
1,"McGrath, Andrew",6,5,17,23,0,0,0,2,2,0,0,0,0,0,0,5,18,0,0,3,0,0,76,61,"Essendon","2017",17
45,"McKenna, Conor",18,8,2,20,1,0,0,0,5,2,1,5,0,0,0,0,14,0,0,0,4,1,85,61,"Essendon","2017",17
7,"Merrett, Zach",18,5,19,37,0,0,0,10,1,5,6,7,3,2,1,15,21,0,0,0,0,0,79,61,"Essendon","2017",17
23,"Myers, David",8,3,12,20,1,1,0,3,0,4,6,2,0,1,0,10,10,0,1,1,0,1,68,61,"Essendon","2017",17
3,"Parish, Darcy",7,2,6,13,0,1,0,2,0,2,0,1,0,0,0,4,9,0,1,0,0,1,82,61,"Essendon","2017",17
17,"Stewart, James",12,7,9,21,0,4,0,1,0,3,1,1,2,1,0,10,11,1,2,0,0,3,97,61,"Essendon","2017",17
11,"Zaharakis, David",15,3,17,32,2,0,0,5,3,6,2,5,0,0,3,6,25,0,0,0,1,0,86,61,"Essendon","2017",17
0,"Rushed",0,0,0,0,0,2,0,0,0,0,0,0,0,0,0,0,0,0,0,0,0,0,0,61,"Essendon","2017",17
