"Number","Player","Kicks","Marks","Handballs","Disposals","Goals","Behinds","Hitouts","Tackles","Rebounds50s","Inside50s","Clearances","Clangers","FreesFor","FreesAgainst","BrownlowVotes","ContestedPossessions","UncontestedPossessions","ContestedMarks","MarksInside50","OnePercenters","Bounces","GoalAssists","PercentagePlayed","PointDifference","Team","Season","Round"
31,"Andrews, Harris",11,8,3,14,0,0,0,2,2,0,0,3,1,1,0,6,9,1,0,8,2,0,97,-52,"Brisbane Lions","2017",4
17,"Beams, Claye",13,8,4,17,0,0,0,2,4,3,0,3,2,1,0,4,11,2,0,0,0,1,86,-52,"Brisbane Lions","2017",4
9,"Beams, Dayne",13,4,12,25,2,1,0,1,1,3,4,2,2,0,0,9,15,1,1,1,1,0,84,-52,"Brisbane Lions","2017",4
7,"Bell, Tom",5,3,7,12,1,0,0,5,0,0,1,2,1,1,0,5,6,0,0,0,0,0,85,-52,"Brisbane Lions","2017",4
13,"Berry, Jarrod",7,2,3,10,0,0,0,3,1,1,1,5,2,3,0,4,6,0,0,1,0,0,74,-52,"Brisbane Lions","2017",4
8,"Bewick, Rohan",11,7,7,18,0,0,0,4,6,0,0,5,1,3,0,4,14,0,0,2,0,1,87,-52,"Brisbane Lions","2017",4
20,"Cox, Cedric",6,4,4,10,0,0,0,2,0,3,1,1,1,0,0,4,6,1,0,0,2,0,82,-52,"Brisbane Lions","2017",4
26,"Cutler, Tom",1,0,0,1,0,0,0,0,1,0,0,0,0,0,0,0,0,0,0,1,0,0,13,-52,"Brisbane Lions","2017",4
27,"Gardiner, Darcy",9,5,4,13,0,0,0,2,2,0,0,4,0,2,0,3,10,0,0,13,0,0,88,-52,"Brisbane Lions","2017",4
30,"Hipwood, Eric",4,2,0,4,2,0,0,0,0,2,0,4,0,1,0,0,4,0,0,0,0,0,82,-52,"Brisbane Lions","2017",4
35,"Lester, Ryan",9,7,7,16,0,1,0,2,0,3,1,2,2,1,0,5,10,0,2,1,0,1,84,-52,"Brisbane Lions","2017",4
12,"Martin, Stefan",9,3,9,18,0,0,52,2,2,1,6,3,3,1,2,8,10,0,0,2,0,0,94,-52,"Brisbane Lions","2017",4
32,"Mayes, Sam",19,7,5,24,0,0,0,1,4,7,1,1,1,0,0,3,21,0,0,1,0,0,89,-52,"Brisbane Lions","2017",4
6,"McCluggage, Hugh",8,7,8,16,0,0,0,3,1,1,1,5,1,2,0,3,14,1,1,1,0,0,86,-52,"Brisbane Lions","2017",4
25,"McStay, Daniel",8,4,3,11,0,0,0,1,0,2,0,3,1,0,0,3,7,1,0,4,0,1,85,-52,"Brisbane Lions","2017",4
10,"Rich, Daniel",15,7,6,21,0,0,0,3,5,3,0,2,1,1,0,6,16,0,0,3,0,0,86,-52,"Brisbane Lions","2017",4
18,"Robertson, Nick",5,4,6,11,0,0,0,5,2,1,0,0,1,0,0,4,6,0,0,1,0,0,76,-52,"Brisbane Lions","2017",4
5,"Robinson, Mitch",14,11,15,29,1,1,0,4,2,6,4,5,0,2,0,8,20,0,2,1,0,1,82,-52,"Brisbane Lions","2017",4
38,"Rockliff, Tom",19,8,14,33,0,0,0,11,2,5,15,1,4,0,0,21,11,0,0,1,0,0,84,-52,"Brisbane Lions","2017",4
23,"Schache, Josh",5,6,8,13,1,2,1,0,0,0,2,1,0,0,0,2,11,0,3,1,0,1,83,-52,"Brisbane Lions","2017",4
28,"Taylor, Lewis",14,4,4,18,1,0,0,1,1,5,0,1,1,0,0,4,17,0,0,1,1,0,89,-52,"Brisbane Lions","2017",4
15,"Zorko, Dayne",23,6,3,26,2,2,0,8,0,5,6,6,3,1,0,11,13,2,0,0,1,0,85,-52,"Brisbane Lions","2017",4
0,"Totals",228,117,132,360,10,7,53,62,36,51,43,59,28,20,2,117,237,9,9,43,7,6,0,-52,"Brisbane Lions","2017",4
12,"Astbury, David",11,5,5,16,0,0,0,1,5,1,0,3,1,0,0,7,9,2,0,4,0,0,92,52,"Richmond","2017",4
40,"Butler, Dan",7,4,7,14,1,1,0,3,0,2,0,3,1,2,0,5,10,0,1,0,1,1,86,52,"Richmond","2017",4
22,"Caddy, Josh",11,2,7,18,1,0,0,0,1,3,5,2,1,1,0,7,10,0,0,1,0,0,73,52,"Richmond","2017",4
46,"Castagna, Jason",12,6,4,16,4,1,0,2,1,7,2,5,0,1,0,6,10,0,4,1,3,0,78,52,"Richmond","2017",4
30,"Conca, Reece",9,4,8,17,0,0,0,0,5,2,1,2,1,2,0,3,13,0,0,2,2,0,77,52,"Richmond","2017",4
9,"Cotchin, Trent",12,4,8,20,1,0,0,1,4,3,5,2,2,2,0,10,9,1,0,3,0,1,80,52,"Richmond","2017",4
5,"Ellis, Brandon",11,3,10,21,0,1,0,4,3,3,0,1,2,1,0,4,16,0,0,2,1,0,89,52,"Richmond","2017",4
43,"Elton, Todd",4,2,9,13,0,2,2,1,0,1,1,3,1,2,0,6,7,1,1,1,0,0,82,52,"Richmond","2017",4
6,"Grigg, Shaun",17,6,14,31,1,0,0,4,3,9,3,5,0,2,3,11,18,0,0,2,0,1,85,52,"Richmond","2017",4
2,"Grimes, Dylan",7,2,4,11,1,0,0,2,1,0,0,2,1,1,0,7,4,1,1,0,0,0,84,52,"Richmond","2017",4
14,"Houli, Bachar",11,4,9,20,0,1,0,3,4,2,0,2,0,0,0,6,12,1,0,1,0,1,87,52,"Richmond","2017",4
23,"Lambert, Kane",6,2,3,9,0,0,0,5,0,3,1,1,1,1,0,2,8,0,0,0,0,2,93,52,"Richmond","2017",4
4,"Martin, Dustin",12,4,4,16,0,3,0,3,1,3,1,6,1,3,0,7,10,1,2,0,0,0,79,52,"Richmond","2017",4
33,"McIntosh, Kamdyn",9,2,6,15,0,0,0,2,2,4,0,2,1,1,0,6,8,0,0,0,1,0,75,52,"Richmond","2017",4
37,"Menadue, Connor",5,3,4,9,1,0,0,0,0,3,0,2,2,1,0,3,6,0,0,0,0,0,67,52,"Richmond","2017",4
25,"Nankervis, Toby",8,3,3,11,1,0,17,4,1,1,2,5,0,2,0,7,5,1,1,2,0,0,82,52,"Richmond","2017",4
3,"Prestia, Dion",10,2,12,22,0,0,0,7,3,2,5,5,1,2,0,10,12,0,0,1,0,1,72,52,"Richmond","2017",4
18,"Rance, Alex",6,3,4,10,0,0,0,2,3,0,1,3,0,1,0,3,7,0,0,8,1,0,95,52,"Richmond","2017",4
8,"Riewoldt, Jack",12,8,3,15,4,2,1,0,0,3,0,1,1,0,1,9,6,2,6,2,0,0,87,52,"Richmond","2017",4
17,"Rioli, Daniel",5,2,5,10,2,0,0,1,0,2,0,2,0,2,0,3,7,0,0,1,0,1,87,52,"Richmond","2017",4
15,"Short, Jayden",10,3,2,12,0,0,0,1,2,3,0,1,0,0,0,2,10,0,0,0,0,0,74,52,"Richmond","2017",4
1,"Vlastuin, Nick",5,0,6,11,0,0,0,4,0,3,3,1,3,1,0,6,6,0,0,1,0,2,77,52,"Richmond","2017",4
0,"Rushed",0,0,0,0,0,6,0,0,0,0,0,0,0,0,0,0,0,0,0,0,0,0,0,52,"Richmond","2017",4
