"Number","Player","Kicks","Marks","Handballs","Disposals","Goals","Behinds","Hitouts","Tackles","Rebounds50s","Inside50s","Clearances","Clangers","FreesFor","FreesAgainst","BrownlowVotes","ContestedPossessions","UncontestedPossessions","ContestedMarks","MarksInside50","OnePercenters","Bounces","GoalAssists","PercentagePlayed","PointDifference","Team","Season","Round"
25,"Adams, Marcus",12,10,4,16,1,1,0,2,4,4,0,1,0,0,0,8,9,3,2,4,0,0,86,32,"Western Bulldogs","2017",5
24,"Biggs, Shane",9,4,9,18,0,0,0,1,2,0,0,4,2,0,0,7,10,1,0,3,1,0,81,32,"Western Bulldogs","2017",5
4,"Bontempelli, Marcus",12,6,10,22,1,1,0,7,0,4,2,5,2,2,0,12,11,2,3,1,0,0,85,32,"Western Bulldogs","2017",5
5,"Boyd, Matthew",14,5,9,23,0,0,0,2,0,2,0,3,1,1,0,4,19,0,0,0,0,0,80,32,"Western Bulldogs","2017",5
17,"Boyd, Tom",3,2,6,9,1,1,13,2,0,1,1,1,2,1,0,2,8,0,1,2,0,0,80,32,"Western Bulldogs","2017",5
15,"Campbell, Tom",3,2,6,9,0,0,26,3,0,1,1,2,1,1,0,7,2,0,0,0,0,3,64,32,"Western Bulldogs","2017",5
12,"Cordy, Zaine",9,7,4,13,0,0,0,4,2,1,0,0,2,0,0,3,10,0,0,6,0,0,85,32,"Western Bulldogs","2017",5
6,"Dahlhaus, Luke",10,8,18,28,1,1,0,8,3,5,1,0,1,0,0,7,21,0,0,2,0,1,78,32,"Western Bulldogs","2017",5
20,"Dunkley, Josh",8,4,7,15,3,0,0,4,0,5,2,1,1,0,0,4,11,2,2,1,3,1,71,32,"Western Bulldogs","2017",5
7,"Hunter, Lachie",11,2,7,18,0,1,0,3,0,6,5,6,1,0,0,10,9,0,0,3,0,0,91,32,"Western Bulldogs","2017",5
39,"Johannisen, Jason",18,2,10,28,1,0,0,2,4,6,3,8,0,3,0,8,18,0,0,5,0,1,79,32,"Western Bulldogs","2017",5
46,"Jong, Lin",7,2,13,20,0,2,0,3,2,1,4,0,1,0,0,12,7,0,1,3,0,1,77,32,"Western Bulldogs","2017",5
21,"Liberatore, Tom",3,1,17,20,0,0,0,3,0,1,7,5,0,2,0,14,6,0,0,1,0,0,80,32,"Western Bulldogs","2017",5
11,"Macrae, Jack",13,3,16,29,1,0,0,3,1,5,5,2,0,1,0,10,18,0,1,3,0,0,82,32,"Western Bulldogs","2017",5
16,"McLean, Toby",13,5,11,24,2,1,0,6,1,4,2,4,1,1,1,10,13,1,2,0,0,0,77,32,"Western Bulldogs","2017",5
2,"Murphy, Robert",12,6,8,20,1,1,0,3,3,3,1,2,0,0,0,2,17,0,2,0,1,2,83,32,"Western Bulldogs","2017",5
42,"Picken, Liam",13,4,13,26,1,1,0,4,2,2,1,3,0,0,0,7,19,1,1,2,0,1,89,32,"Western Bulldogs","2017",5
18,"Roberts, Fletcher",8,4,5,13,0,0,0,0,3,1,0,0,2,0,0,3,8,0,0,13,0,0,100,32,"Western Bulldogs","2017",5
14,"Smith, Clay",12,4,4,16,1,1,0,3,1,2,2,3,1,1,0,5,12,0,2,1,0,2,87,32,"Western Bulldogs","2017",5
9,"Stringer, Jake",12,5,4,16,3,3,0,2,1,3,4,3,1,0,0,8,10,0,2,3,0,0,78,32,"Western Bulldogs","2017",5
1,"Suckling, Matt",11,5,11,22,0,2,0,2,0,2,0,3,1,1,0,7,16,1,1,1,0,2,79,32,"Western Bulldogs","2017",5
10,"Wood, Easton",10,9,4,14,0,2,0,2,0,3,0,0,0,0,0,1,14,0,1,5,1,0,89,32,"Western Bulldogs","2017",5
0,"Rushed",0,0,0,0,0,2,0,0,0,0,0,0,0,0,0,0,0,0,0,0,0,0,0,32,"Western Bulldogs","2017",5
31,"Andrews, Harris",10,6,5,15,0,0,0,0,4,0,0,5,0,3,0,5,9,2,0,9,0,0,97,-32,"Brisbane Lions","2017",5
4,"Bastinac, Ryan",7,3,9,16,0,0,0,7,2,1,2,6,0,3,0,4,13,0,0,1,0,0,68,-32,"Brisbane Lions","2017",5
17,"Beams, Claye",11,6,4,15,1,0,0,3,1,3,1,2,0,0,0,3,11,0,1,0,1,2,79,-32,"Brisbane Lions","2017",5
9,"Beams, Dayne",21,5,15,36,0,0,0,5,2,6,9,6,1,1,2,18,19,0,0,0,0,0,83,-32,"Brisbane Lions","2017",5
13,"Berry, Jarrod",2,2,4,6,0,0,0,2,1,1,0,3,0,2,0,1,6,0,0,0,0,0,73,-32,"Brisbane Lions","2017",5
20,"Cox, Cedric",4,2,5,9,0,0,0,2,0,0,0,4,1,0,0,5,4,0,0,2,0,0,76,-32,"Brisbane Lions","2017",5
24,"Dawson, Liam",7,2,1,8,0,0,0,1,3,0,0,5,0,1,0,2,5,0,0,5,0,0,88,-32,"Brisbane Lions","2017",5
2,"Harwood, Ryan",6,3,7,13,0,0,0,7,1,1,0,1,0,0,0,2,11,0,0,3,0,1,85,-32,"Brisbane Lions","2017",5
30,"Hipwood, Eric",8,5,4,12,3,2,0,4,0,4,0,0,0,0,0,6,6,1,2,0,0,0,73,-32,"Brisbane Lions","2017",5
1,"Keays, Ben",6,1,6,12,2,0,0,5,0,1,1,3,0,2,0,6,5,0,0,1,0,0,83,-32,"Brisbane Lions","2017",5
35,"Lester, Ryan",9,5,3,12,2,0,0,2,0,1,0,2,2,0,0,6,6,1,2,1,0,0,79,-32,"Brisbane Lions","2017",5
12,"Martin, Stefan",5,6,13,18,0,0,49,4,2,2,5,4,0,1,0,6,12,0,0,1,0,0,96,-32,"Brisbane Lions","2017",5
32,"Mayes, Sam",13,7,10,23,0,0,0,6,1,3,1,1,1,0,0,3,20,0,0,4,0,1,81,-32,"Brisbane Lions","2017",5
6,"McCluggage, Hugh",7,2,8,15,1,1,0,2,0,2,1,2,1,0,0,2,13,0,0,0,0,1,78,-32,"Brisbane Lions","2017",5
25,"McStay, Daniel",5,5,7,12,0,0,0,4,1,0,1,2,1,0,0,6,6,1,0,9,0,0,84,-32,"Brisbane Lions","2017",5
10,"Rich, Daniel",19,4,1,20,0,0,0,0,5,2,0,6,1,0,0,3,15,0,0,3,0,1,80,-32,"Brisbane Lions","2017",5
18,"Robertson, Nick",6,1,1,7,0,0,0,4,3,2,0,2,1,2,0,1,4,0,0,7,0,0,86,-32,"Brisbane Lions","2017",5
5,"Robinson, Mitch",7,3,14,21,1,0,0,8,1,4,5,3,2,3,0,13,9,0,0,0,0,3,83,-32,"Brisbane Lions","2017",5
38,"Rockliff, Tom",15,10,15,30,1,0,0,4,4,3,5,4,0,1,0,12,18,1,1,3,0,0,86,-32,"Brisbane Lions","2017",5
23,"Schache, Josh",5,4,1,6,0,0,1,0,1,2,0,0,0,0,0,0,6,0,0,1,0,2,78,-32,"Brisbane Lions","2017",5
28,"Taylor, Lewis",11,6,11,22,1,0,0,3,0,2,1,2,0,1,0,8,12,0,0,2,0,1,83,-32,"Brisbane Lions","2017",5
15,"Zorko, Dayne",26,6,6,32,2,2,0,8,5,4,8,3,3,0,3,12,16,1,2,2,0,0,81,-32,"Brisbane Lions","2017",5
0,"Rushed",0,0,0,0,0,1,0,0,0,0,0,0,0,0,0,0,0,0,0,0,0,0,0,-32,"Brisbane Lions","2017",5
