"Number","Player","Kicks","Marks","Handballs","Disposals","Goals","Behinds","Hitouts","Tackles","Rebounds50s","Inside50s","Clearances","Clangers","FreesFor","FreesAgainst","BrownlowVotes","ContestedPossessions","UncontestedPossessions","ContestedMarks","MarksInside50","OnePercenters","Bounces","GoalAssists","PercentagePlayed","PointDifference","Team","Season","Round"
13,"Adams, Taylor",17,3,16,33,1,1,0,3,1,3,5,6,1,5,0,12,19,0,0,0,1,0,74,45,"Collingwood","2017",10
11,"Blair, Jarryd",2,1,12,14,0,0,0,2,1,0,1,3,1,0,0,7,10,0,0,1,0,1,75,45,"Collingwood","2017",10
29,"Broomhead, Tim",10,3,7,17,1,1,0,3,0,4,4,1,2,0,0,6,12,0,0,1,0,0,71,45,"Collingwood","2017",10
25,"Crisp, Jack",12,8,10,22,0,0,0,1,1,5,0,4,1,2,0,5,18,1,0,3,3,0,78,45,"Collingwood","2017",10
2,"de Goey, Jordan",7,7,8,15,0,0,0,4,0,2,0,2,1,0,0,6,11,1,2,1,0,1,85,45,"Collingwood","2017",10
15,"Dunn, Lynden",14,6,1,15,1,0,0,1,1,3,0,2,0,1,0,2,13,0,0,4,0,0,77,45,"Collingwood","2017",10
5,"Elliott, Jamie",13,8,1,14,4,4,0,4,0,1,0,4,2,3,0,6,8,1,4,2,0,0,83,45,"Collingwood","2017",10
1,"Fasolo, Alex",12,6,5,17,2,4,0,2,0,4,0,2,0,2,0,4,12,1,3,2,1,0,82,45,"Collingwood","2017",10
6,"Goldsack, Tyson",3,1,11,14,0,0,0,4,2,2,0,0,0,0,0,8,6,0,0,18,0,0,87,45,"Collingwood","2017",10
19,"Greenwood, Levi",11,6,5,16,0,2,0,3,2,3,0,1,2,0,0,6,10,1,1,1,1,0,80,45,"Collingwood","2017",10
4,"Grundy, Brodie",5,1,14,19,0,0,38,6,0,2,4,6,2,1,0,12,9,1,0,2,0,2,87,45,"Collingwood","2017",10
32,"Hoskin-Elliott, Will",7,4,10,17,0,0,0,3,1,3,1,1,1,0,0,7,10,0,0,4,0,0,84,45,"Collingwood","2017",10
38,"Howe, Jeremy",10,7,7,17,0,0,0,1,2,2,0,3,0,1,0,4,11,0,0,3,0,1,92,45,"Collingwood","2017",10
37,"Maynard, Brayden",17,3,8,25,1,0,0,3,1,7,2,2,2,0,0,5,20,0,0,0,0,1,91,45,"Collingwood","2017",10
30,"Moore, Darcy",11,10,2,13,3,2,5,2,0,2,0,3,0,1,0,5,9,3,6,2,0,0,76,45,"Collingwood","2017",10
10,"Pendlebury, Scott",20,3,11,31,0,0,0,8,3,9,7,1,2,0,3,12,17,0,0,2,0,3,81,45,"Collingwood","2017",10
21,"Phillips, Tom",9,4,11,20,0,1,0,1,0,1,2,2,1,1,0,4,16,0,0,2,0,0,78,45,"Collingwood","2017",10
12,"Scharenberg, Matt",10,7,6,16,0,0,0,1,0,4,0,1,0,0,0,7,9,0,0,2,0,0,89,45,"Collingwood","2017",10
22,"Sidebottom, Steele",20,8,14,34,1,1,0,7,0,5,3,5,1,3,2,4,28,0,1,2,0,2,83,45,"Collingwood","2017",10
40,"Smith, Josh",16,7,9,25,1,0,0,3,2,1,1,2,1,1,0,5,20,1,1,1,0,0,89,45,"Collingwood","2017",10
7,"Treloar, Adam",16,3,14,30,1,1,0,5,1,7,7,2,0,1,0,17,13,0,0,2,3,2,85,45,"Collingwood","2017",10
67,"Wells, Daniel",11,8,9,20,2,1,0,0,0,2,1,2,0,0,0,2,17,1,3,2,0,0,73,45,"Collingwood","2017",10
0,"Rushed",0,0,0,0,0,3,0,0,0,0,0,0,0,0,0,0,0,0,0,0,0,0,0,45,"Collingwood","2017",10
31,"Andrews, Harris",4,6,5,9,0,0,0,0,1,0,0,2,1,2,0,5,7,1,0,7,0,0,88,-45,"Brisbane Lions","2017",10
43,"Barrett, Jake",6,3,12,18,1,1,0,7,1,2,2,1,1,0,0,4,14,0,0,0,0,1,74,-45,"Brisbane Lions","2017",10
4,"Bastinac, Ryan",4,1,8,12,0,0,0,7,1,4,0,2,0,0,0,6,6,0,0,4,0,0,84,-45,"Brisbane Lions","2017",10
50,"Beams, Dayne",15,3,13,28,3,1,0,5,3,3,6,5,3,2,1,11,17,1,0,1,0,0,86,-45,"Brisbane Lions","2017",10
13,"Berry, Jarrod",3,1,3,6,1,0,0,5,0,1,0,1,2,1,0,6,1,1,1,1,0,1,73,-45,"Brisbane Lions","2017",10
26,"Cutler, Tom",14,6,6,20,1,0,0,1,7,1,0,1,0,0,0,1,15,1,1,1,0,0,86,-45,"Brisbane Lions","2017",10
27,"Gardiner, Darcy",6,5,3,9,0,0,0,6,2,1,0,4,2,2,0,5,5,0,0,10,0,0,85,-45,"Brisbane Lions","2017",10
40,"Hammelmann, Matthew",3,1,5,8,1,0,0,1,0,1,0,1,1,0,0,2,5,0,0,1,0,0,77,-45,"Brisbane Lions","2017",10
30,"Hipwood, Eric",4,2,2,6,1,0,0,0,0,2,0,3,0,2,0,3,4,1,0,3,0,1,87,-45,"Brisbane Lions","2017",10
1,"Keays, Ben",4,1,7,11,0,0,0,2,1,0,1,3,0,0,0,5,5,0,0,2,0,1,74,-45,"Brisbane Lions","2017",10
35,"Lester, Ryan",4,3,4,8,0,0,0,3,3,0,0,0,1,0,0,2,6,0,0,3,0,0,81,-45,"Brisbane Lions","2017",10
12,"Martin, Stefan",11,0,6,17,0,0,20,1,0,2,5,6,1,2,0,9,3,0,0,2,0,2,86,-45,"Brisbane Lions","2017",10
36,"Mathieson, Rhys",10,2,4,14,1,0,0,4,1,3,3,6,3,4,0,8,8,0,0,0,0,0,72,-45,"Brisbane Lions","2017",10
32,"Mayes, Sam",16,4,4,20,0,0,0,2,6,1,1,3,0,0,0,4,14,1,0,2,0,0,85,-45,"Brisbane Lions","2017",10
6,"McCluggage, Hugh",12,5,7,19,0,1,0,0,1,2,2,3,0,0,0,7,10,0,0,0,0,0,77,-45,"Brisbane Lions","2017",10
25,"McStay, Daniel",7,5,3,10,0,0,0,2,4,0,0,1,0,0,0,4,6,1,0,4,0,0,86,-45,"Brisbane Lions","2017",10
22,"Paparone, Marco",9,5,5,14,0,0,0,1,3,0,0,1,1,0,0,2,13,0,1,2,0,1,82,-45,"Brisbane Lions","2017",10
10,"Rich, Daniel",9,2,5,14,1,0,0,1,6,2,1,5,1,3,0,4,11,1,0,4,0,0,82,-45,"Brisbane Lions","2017",10
18,"Robertson, Nick",10,4,7,17,0,0,0,3,3,2,1,1,2,0,0,9,7,0,0,1,0,0,88,-45,"Brisbane Lions","2017",10
44,"Smith, Archie",3,3,6,9,1,0,7,2,0,1,0,1,0,0,0,7,2,2,1,2,0,2,76,-45,"Brisbane Lions","2017",10
28,"Taylor, Lewis",7,2,6,13,0,0,0,3,0,2,0,1,0,0,0,3,10,0,0,1,0,0,81,-45,"Brisbane Lions","2017",10
15,"Zorko, Dayne",15,5,13,28,2,1,0,7,2,3,10,6,3,2,0,18,11,1,2,1,1,0,91,-45,"Brisbane Lions","2017",10
0,"Rushed",0,0,0,0,0,2,0,0,0,0,0,0,0,0,0,0,0,0,0,0,0,0,0,-45,"Brisbane Lions","2017",10
