"Number","Player","Kicks","Marks","Handballs","Disposals","Goals","Behinds","Hitouts","Tackles","Rebounds50s","Inside50s","Clearances","Clangers","FreesFor","FreesAgainst","BrownlowVotes","ContestedPossessions","UncontestedPossessions","ContestedMarks","MarksInside50","OnePercenters","Bounces","GoalAssists","PercentagePlayed","PointDifference","Team","Season","Round"
22,"Breust, Luke",14,7,5,19,1,2,0,5,1,3,1,4,2,2,0,9,10,2,3,0,0,1,80,38,"Hawthorn","2017",8
9,"Burgoyne, Shaun",11,4,8,19,1,0,0,4,4,3,1,2,2,2,0,8,11,0,0,4,0,0,84,38,"Hawthorn","2017",8
5,"Burton, Ryan",16,5,9,25,0,0,0,2,6,2,0,3,1,0,1,10,14,1,0,2,0,1,91,38,"Hawthorn","2017",8
32,"Fitzpatrick, Jack",3,4,8,11,0,0,13,0,0,0,1,1,1,1,0,4,6,0,1,4,0,0,66,38,"Hawthorn","2017",8
12,"Frawley, James",8,4,4,12,0,0,0,1,3,0,0,2,1,1,0,5,6,0,0,7,0,0,81,38,"Hawthorn","2017",8
6,"Gibson, Josh",6,6,6,12,0,0,0,2,0,1,0,5,2,3,0,4,10,2,0,15,0,0,98,38,"Hawthorn","2017",8
19,"Gunston, Jack",15,7,0,15,1,0,0,2,1,2,1,3,0,1,0,5,10,1,1,3,0,2,92,38,"Hawthorn","2017",8
37,"Hardwick, Blake",3,2,2,5,0,0,0,1,0,4,1,1,1,1,0,4,1,1,0,2,0,0,84,38,"Hawthorn","2017",8
4,"Hartung, Billy",15,8,11,26,1,0,0,0,2,5,2,1,1,0,0,5,23,0,0,2,0,1,82,38,"Hawthorn","2017",8
31,"Henderson, Ricky",13,9,8,21,3,1,0,4,1,3,2,1,0,0,0,4,17,0,4,0,1,1,87,38,"Hawthorn","2017",8
15,"Hodge, Luke",17,9,3,20,0,0,0,7,2,3,0,4,0,1,0,1,18,0,0,4,0,0,90,38,"Hawthorn","2017",8
17,"Howe, Daniel",11,10,10,21,1,0,0,3,3,1,1,1,2,0,0,7,14,0,0,2,0,0,75,38,"Hawthorn","2017",8
29,"Langford, Will",11,1,5,16,0,0,0,5,0,5,5,3,0,0,0,10,5,0,1,1,0,1,78,38,"Hawthorn","2017",8
7,"McEvoy, Ben",8,4,10,18,1,0,34,4,0,4,7,7,2,2,0,13,5,3,2,4,0,2,92,38,"Hawthorn","2017",8
3,"Mitchell, Tom",14,6,22,36,0,0,0,9,2,3,6,4,1,3,3,13,23,0,0,1,2,1,89,38,"Hawthorn","2017",8
23,"OBrien, Tim",7,5,2,9,2,1,2,5,2,1,0,1,1,0,0,3,6,1,2,3,0,0,78,38,"Hawthorn","2017",8
28,"Puopolo, Paul",11,2,9,20,0,1,0,8,1,4,6,1,3,0,0,11,8,0,0,0,0,2,79,38,"Hawthorn","2017",8
33,"Rioli, Cyril",9,4,6,15,1,2,0,0,0,3,0,0,0,0,0,4,11,0,2,0,0,0,57,38,"Hawthorn","2017",8
2,"Roughead, Jarryd",7,3,12,19,2,0,1,3,0,2,3,2,1,1,0,11,7,0,1,0,0,1,92,38,"Hawthorn","2017",8
26,"Shiels, Liam",17,5,8,25,1,1,0,8,0,4,5,4,2,1,0,10,17,0,1,2,0,1,83,38,"Hawthorn","2017",8
16,"Smith, Isaac",11,3,5,16,2,0,0,0,1,3,5,2,1,1,0,7,7,0,0,0,1,0,86,38,"Hawthorn","2017",8
24,"Stratton, Ben",2,3,1,3,0,0,0,1,0,0,0,0,0,0,0,0,3,0,0,2,0,0,56,38,"Hawthorn","2017",8
0,"Rushed",0,0,0,0,0,3,0,0,0,0,0,0,0,0,0,0,0,0,0,0,0,0,0,38,"Hawthorn","2017",8
31,"Andrews, Harris",8,5,3,11,0,0,0,1,3,2,0,2,0,2,0,3,8,1,0,10,0,0,97,-38,"Brisbane Lions","2017",8
43,"Barrett, Jake",5,1,8,13,2,0,0,2,0,0,1,1,1,0,0,7,6,0,0,0,0,0,76,-38,"Brisbane Lions","2017",8
17,"Beams, Claye",5,1,4,9,0,0,0,2,2,2,0,4,0,1,0,2,6,0,0,1,0,0,70,-38,"Brisbane Lions","2017",8
7,"Bell, Tom",8,3,11,19,1,0,0,3,1,4,2,6,0,2,0,8,11,0,0,0,0,0,83,-38,"Brisbane Lions","2017",8
13,"Berry, Jarrod",7,5,6,13,1,0,0,4,0,3,1,0,1,0,0,4,9,0,0,1,0,0,76,-38,"Brisbane Lions","2017",8
8,"Bewick, Rohan",8,4,5,13,1,0,0,3,1,0,0,2,0,0,0,3,10,0,1,0,0,0,76,-38,"Brisbane Lions","2017",8
33,"Close, Michael",3,1,3,6,0,0,0,4,0,2,0,4,2,3,0,4,2,0,0,0,0,1,80,-38,"Brisbane Lions","2017",8
27,"Gardiner, Darcy",5,3,6,11,0,0,0,0,3,1,0,1,2,0,0,6,6,0,0,7,0,0,83,-38,"Brisbane Lions","2017",8
2,"Harwood, Ryan",8,5,8,16,0,0,0,5,4,0,1,1,0,0,0,3,12,0,0,2,0,0,80,-38,"Brisbane Lions","2017",8
30,"Hipwood, Eric",9,4,1,10,2,2,0,1,0,1,0,1,3,0,0,8,1,3,3,2,0,1,82,-38,"Brisbane Lions","2017",8
1,"Keays, Ben",6,2,7,13,0,0,0,12,2,1,1,3,0,2,0,3,11,0,0,0,0,0,81,-38,"Brisbane Lions","2017",8
35,"Lester, Ryan",10,6,10,20,1,1,0,8,0,3,3,4,2,1,0,8,11,1,3,1,1,1,74,-38,"Brisbane Lions","2017",8
12,"Martin, Stefan",6,1,7,13,0,0,63,10,1,1,6,2,2,2,2,9,3,0,0,2,0,0,88,-38,"Brisbane Lions","2017",8
32,"Mayes, Sam",6,2,6,12,0,0,0,0,4,0,1,2,1,0,0,6,5,0,0,1,0,0,85,-38,"Brisbane Lions","2017",8
22,"Paparone, Marco",8,1,1,9,0,1,0,2,2,2,0,1,0,0,0,1,8,0,0,2,0,0,90,-38,"Brisbane Lions","2017",8
10,"Rich, Daniel",17,3,5,22,0,0,0,3,4,2,2,5,1,2,0,9,9,1,0,0,0,1,88,-38,"Brisbane Lions","2017",8
18,"Robertson, Nick",3,0,5,8,0,0,0,2,1,2,0,3,1,2,0,4,4,0,0,1,0,0,85,-38,"Brisbane Lions","2017",8
38,"Rockliff, Tom",14,1,16,30,1,0,0,13,0,5,16,5,1,2,0,21,6,0,0,2,0,1,74,-38,"Brisbane Lions","2017",8
23,"Schache, Josh",6,3,2,8,0,0,0,1,0,2,0,1,1,0,0,3,5,0,0,0,0,0,76,-38,"Brisbane Lions","2017",8
28,"Taylor, Lewis",3,3,6,9,0,1,0,2,2,1,0,0,0,0,0,1,8,0,0,0,0,0,87,-38,"Brisbane Lions","2017",8
14,"Walker, Josh",5,6,5,10,2,0,0,4,2,0,0,3,0,2,0,4,7,2,1,2,0,0,81,-38,"Brisbane Lions","2017",8
15,"Zorko, Dayne",22,1,9,31,0,1,0,11,4,9,8,7,2,3,0,14,17,0,0,1,1,1,88,-38,"Brisbane Lions","2017",8
0,"Rushed",0,0,0,0,0,3,0,0,0,0,0,0,0,0,0,0,0,0,0,0,0,0,0,-38,"Brisbane Lions","2017",8
