"Number","Player","Kicks","Marks","Handballs","Disposals","Goals","Behinds","Hitouts","Tackles","Rebounds50s","Inside50s","Clearances","Clangers","FreesFor","FreesAgainst","BrownlowVotes","ContestedPossessions","UncontestedPossessions","ContestedMarks","MarksInside50","OnePercenters","Bounces","GoalAssists","PercentagePlayed","PointDifference","Team","Season","Round"
15,"Cripps, Jamie",12,3,6,18,3,1,0,2,0,5,1,3,0,1,0,8,10,1,2,0,0,1,83,17,"West Coast","2017",21
27,"Darling, Jack",9,4,3,12,2,2,0,3,0,2,0,5,3,1,0,6,8,1,2,2,0,0,87,17,"West Coast","2017",21
14,"Duggan, Liam",9,5,7,16,0,0,0,0,3,2,0,1,0,0,0,6,10,1,0,2,0,0,78,17,"West Coast","2017",21
3,"Gaff, Andrew",12,4,12,24,0,0,0,2,4,2,0,2,0,1,0,5,17,0,0,1,0,1,86,17,"West Coast","2017",21
25,"Hurn, Shannon",8,1,9,17,0,0,0,3,3,3,0,0,2,0,0,5,9,0,0,0,0,1,88,17,"West Coast","2017",21
34,"Hutchings, Mark",3,0,5,8,1,0,0,2,0,0,1,1,0,1,0,4,5,0,0,0,0,0,77,17,"West Coast","2017",21
23,"Jetta, Lewis",11,3,4,15,0,0,0,2,1,1,1,3,1,0,0,3,12,0,0,1,1,1,73,17,"West Coast","2017",21
17,"Kennedy, Josh",10,5,2,12,6,3,0,1,0,1,0,4,2,2,2,6,6,1,5,2,0,1,90,17,"West Coast","2017",21
16,"Mackenzie, Eric",6,3,7,13,0,0,0,2,2,2,0,2,4,2,0,6,7,0,0,8,0,0,92,17,"West Coast","2017",21
20,"McGovern, Jeremy",14,11,6,20,0,1,0,0,2,1,0,2,0,0,0,6,14,3,0,5,0,0,85,17,"West Coast","2017",21
1,"Mitchell, Sam",15,5,9,24,0,0,0,1,5,3,4,3,0,1,0,7,17,1,0,1,1,0,86,17,"West Coast","2017",21
30,"Nelson, Jackson",5,3,3,8,0,0,0,1,4,0,1,2,0,2,0,1,7,0,0,0,0,0,71,17,"West Coast","2017",21
24,"Partington, Luke",4,2,3,7,1,1,0,1,0,1,3,0,1,0,0,4,5,0,0,2,0,1,70,17,"West Coast","2017",21
21,"Petrie, Drew",6,3,2,8,0,0,9,2,3,1,2,5,3,3,0,8,2,1,0,1,0,0,80,17,"West Coast","2017",21
11,"Priddis, Matt",5,1,12,17,0,0,0,10,1,2,5,4,0,4,0,9,10,0,0,1,0,1,75,17,"West Coast","2017",21
8,"Redden, Jack",12,2,9,21,2,0,0,6,3,3,3,6,2,4,0,10,13,0,0,1,0,0,85,17,"West Coast","2017",21
4,"Sheed, Dom",9,4,7,16,0,0,0,1,1,0,3,2,0,0,0,7,9,0,0,1,0,1,68,17,"West Coast","2017",21
5,"Sheppard, Brad",8,5,9,17,0,0,0,1,0,2,1,0,1,0,0,3,13,1,0,0,0,0,85,17,"West Coast","2017",21
13,"Shuey, Luke",13,1,10,23,0,0,0,2,0,6,9,2,1,1,0,14,11,0,0,2,2,0,84,17,"West Coast","2017",21
19,"Vardy, Nathan",5,4,7,12,0,0,35,1,0,2,2,4,1,1,0,3,9,0,0,3,0,1,83,17,"West Coast","2017",21
12,"Wellingham, Sharrod",7,3,4,11,0,1,0,1,2,0,1,5,0,3,0,3,8,0,1,0,0,0,86,17,"West Coast","2017",21
6,"Yeo, Elliot",13,6,9,22,0,0,0,1,4,7,2,2,2,0,0,13,8,1,0,1,0,0,86,17,"West Coast","2017",21
0,"Rushed",0,0,0,0,0,1,0,0,0,0,0,0,0,0,0,0,0,0,0,0,0,0,0,17,"West Coast","2017",21
27,"Armfield, Dennis",5,3,4,9,0,0,0,3,1,2,0,1,0,0,0,1,8,0,0,3,1,0,71,-17,"Carlton","2017",21
12,"Boekhorst, Blaine",10,4,4,14,1,0,0,2,1,2,1,2,0,1,0,3,12,0,0,0,0,2,68,-17,"Carlton","2017",21
41,"Casboult, Levi",3,6,4,7,2,0,5,3,0,0,0,3,0,3,0,1,7,1,4,0,0,1,82,-17,"Carlton","2017",21
30,"Curnow, Charlie",15,8,4,19,1,1,0,5,0,6,2,2,3,1,0,10,12,1,1,3,0,0,91,-17,"Carlton","2017",21
15,"Docherty, Sam",14,6,9,23,0,0,0,0,5,1,0,3,0,0,0,4,15,0,0,2,0,0,88,-17,"Carlton","2017",21
25,"Fisher, Zac",3,4,12,15,1,0,0,2,1,1,0,1,0,0,0,1,14,0,1,0,0,0,69,-17,"Carlton","2017",21
4,"Gibbs, Bryce",13,5,13,26,1,1,0,3,0,3,7,4,2,0,0,11,16,0,1,1,0,1,92,-17,"Carlton","2017",21
14,"Jones, Liam",9,2,4,13,0,0,0,4,0,0,0,2,3,1,0,6,5,1,0,8,0,0,98,-17,"Carlton","2017",21
11,"Kerridge, Sam",9,7,15,24,0,0,0,6,2,2,3,2,3,2,0,9,17,0,0,0,0,2,86,-17,"Carlton","2017",21
8,"Kreuzer, Matthew",9,3,8,17,0,1,33,7,3,2,5,4,3,2,1,15,3,2,1,4,0,0,83,-17,"Carlton","2017",21
13,"Lamb, Jed",12,6,2,14,1,2,0,5,0,2,1,1,1,1,0,2,9,0,2,1,0,0,86,-17,"Carlton","2017",21
3,"Murphy, Marc",21,5,8,29,2,2,0,3,2,10,6,4,3,2,3,6,24,0,2,0,0,1,92,-17,"Carlton","2017",21
5,"Petrevski-Seton, Sam",10,3,9,19,0,0,0,6,1,0,6,2,3,2,0,12,8,0,0,0,0,0,70,-17,"Carlton","2017",21
33,"Pickett, Jarrod",6,1,4,10,1,0,0,1,0,3,1,2,0,1,0,5,5,0,0,0,2,0,69,-17,"Carlton","2017",21
20,"Plowman, Lachie",10,6,5,15,0,0,0,1,0,2,0,3,0,0,0,2,14,0,0,5,0,0,87,-17,"Carlton","2017",21
1,"Silvagni, Jack",9,3,4,13,2,1,0,2,1,0,0,3,1,0,0,8,6,2,1,1,0,0,79,-17,"Carlton","2017",21
6,"Simpson, Kade",15,7,7,22,0,0,0,1,5,2,1,2,1,2,0,6,14,0,0,2,0,0,94,-17,"Carlton","2017",21
16,"Smedts, Billie",7,5,4,11,0,0,0,4,0,3,1,2,1,1,0,3,9,0,0,0,1,0,67,-17,"Carlton","2017",21
39,"Thomas, Dale",15,3,9,24,0,1,0,2,1,8,3,7,3,0,0,6,18,0,1,0,0,1,74,-17,"Carlton","2017",21
23,"Weitering, Jacob",9,7,7,16,0,0,0,1,2,0,0,5,0,4,0,6,11,1,0,4,0,0,100,-17,"Carlton","2017",21
31,"Williamson, Tom",9,4,3,12,0,0,0,2,3,1,0,1,0,0,0,3,8,0,0,0,3,0,75,-17,"Carlton","2017",21
46,"Wright, Matthew",10,1,7,17,0,0,0,2,0,5,0,2,0,0,0,3,12,0,0,0,0,3,80,-17,"Carlton","2017",21
0,"Rushed",0,0,0,0,0,2,0,0,0,0,0,0,0,0,0,0,0,0,0,0,0,0,0,-17,"Carlton","2017",21
