"Number","Player","Kicks","Marks","Handballs","Disposals","Goals","Behinds","Hitouts","Tackles","Rebounds50s","Inside50s","Clearances","Clangers","FreesFor","FreesAgainst","BrownlowVotes","ContestedPossessions","UncontestedPossessions","ContestedMarks","MarksInside50","OnePercenters","Bounces","GoalAssists","PercentagePlayed","PointDifference","Team","Season","Round"
13,"Adams, Taylor",14,9,15,29,0,0,0,4,1,2,3,3,2,2,0,6,24,0,0,1,0,0,73,-31,"Collingwood","2017",14
14,"Aish, James",10,6,2,12,0,1,0,3,1,1,0,3,1,1,0,2,11,0,1,0,0,0,81,-31,"Collingwood","2017",14
29,"Broomhead, Tim",5,6,9,14,0,1,0,1,0,1,0,2,0,2,0,3,10,0,1,0,0,1,73,-31,"Collingwood","2017",14
17,"Brown, Callum",1,1,8,9,1,0,0,0,0,0,2,0,1,0,0,5,5,0,0,1,0,0,65,-31,"Collingwood","2017",14
25,"Crisp, Jack",12,10,15,27,0,0,0,0,4,1,0,0,0,0,0,5,21,0,0,1,0,0,85,-31,"Collingwood","2017",14
39,"Crocker, Ben",4,3,4,8,1,1,0,2,0,1,0,2,1,1,0,2,7,0,1,0,0,0,66,-31,"Collingwood","2017",14
2,"de Goey, Jordan",12,3,9,21,1,0,0,1,3,1,5,1,1,0,0,10,13,1,0,2,0,0,79,-31,"Collingwood","2017",14
15,"Dunn, Lynden",6,3,6,12,0,0,0,0,2,0,0,1,1,1,0,2,9,0,0,2,0,0,87,-31,"Collingwood","2017",14
1,"Fasolo, Alex",9,6,2,11,2,2,0,2,0,2,1,2,2,1,0,6,5,2,3,1,0,0,83,-31,"Collingwood","2017",14
6,"Goldsack, Tyson",6,3,13,19,0,0,0,2,1,1,0,3,1,0,0,8,11,0,0,6,0,0,82,-31,"Collingwood","2017",14
19,"Greenwood, Levi",14,7,4,18,0,1,0,3,1,5,0,3,0,0,0,4,14,0,0,2,0,1,80,-31,"Collingwood","2017",14
4,"Grundy, Brodie",9,8,10,19,0,0,27,3,0,3,2,5,1,2,0,11,10,5,0,4,0,0,87,-31,"Collingwood","2017",14
32,"Hoskin-Elliott, Will",12,4,11,23,0,0,0,2,1,4,0,1,0,0,0,10,13,1,0,4,0,1,77,-31,"Collingwood","2017",14
38,"Howe, Jeremy",20,11,7,27,0,1,0,3,7,2,0,3,1,1,0,7,19,3,1,4,0,0,96,-31,"Collingwood","2017",14
8,"Langdon, Tom",9,6,15,24,0,0,0,3,0,3,1,4,2,2,0,8,18,1,0,3,0,0,85,-31,"Collingwood","2017",14
37,"Maynard, Brayden",12,5,5,17,0,0,0,3,3,2,2,1,1,0,0,5,10,0,0,0,0,0,87,-31,"Collingwood","2017",14
30,"Moore, Darcy",6,3,3,9,3,0,4,3,0,0,1,3,0,2,0,3,5,1,1,2,0,0,87,-31,"Collingwood","2017",14
10,"Pendlebury, Scott",18,4,14,32,0,0,0,7,2,8,6,6,1,2,1,11,23,0,0,2,0,0,85,-31,"Collingwood","2017",14
21,"Phillips, Tom",7,5,12,19,0,0,0,6,1,1,3,0,1,0,0,10,10,0,0,2,0,0,89,-31,"Collingwood","2017",14
20,"Reid, Ben",15,8,5,20,1,1,0,0,2,2,0,4,2,1,0,5,14,0,1,1,0,1,83,-31,"Collingwood","2017",14
22,"Sidebottom, Steele",21,8,15,36,0,0,0,3,2,3,4,3,1,2,0,13,26,0,0,3,2,1,89,-31,"Collingwood","2017",14
7,"Treloar, Adam",13,5,22,35,0,0,0,6,2,4,5,6,0,0,0,9,25,0,0,1,1,1,82,-31,"Collingwood","2017",14
0,"Totals",235,124,206,441,9,8,31,57,33,47,35,56,20,20,1,145,303,14,9,42,3,6,0,-31,"Collingwood","2017",14
1,"Boak, Travis",9,4,12,21,0,0,0,3,3,1,3,1,0,0,0,11,8,0,0,1,0,1,87,31,"Port Adelaide","2017",14
33,"Byrne-Jones, Darcy",10,6,6,16,0,1,0,4,2,2,2,1,2,0,0,4,12,0,0,0,2,0,90,31,"Port Adelaide","2017",14
17,"Clurey, Tom",13,7,4,17,0,0,0,1,3,0,0,2,0,1,0,5,12,3,0,3,1,0,89,31,"Port Adelaide","2017",14
22,"Dixon, Charlie",10,6,2,12,1,1,0,2,0,7,0,4,1,2,0,5,6,2,1,2,0,1,93,31,"Port Adelaide","2017",14
7,"Ebert, Brad",7,1,8,15,0,0,0,7,0,1,2,5,1,3,0,6,8,0,0,0,0,0,80,31,"Port Adelaide","2017",14
9,"Gray, Robbie",8,5,12,20,5,1,0,1,0,2,1,1,1,0,3,9,12,2,4,4,3,3,92,31,"Port Adelaide","2017",14
46,"Gray, Sam",16,7,4,20,2,2,0,1,5,4,2,2,0,1,0,5,16,1,1,0,1,0,84,31,"Port Adelaide","2017",14
8,"Hartlett, Hamish",11,4,14,25,0,1,0,3,4,1,1,3,1,2,0,8,17,0,0,2,1,0,80,31,"Port Adelaide","2017",14
36,"Hombsch, Jack",4,1,6,10,0,0,0,2,2,2,0,2,2,1,0,6,4,0,0,5,0,0,83,31,"Port Adelaide","2017",14
43,"Houston, Dan",6,5,7,13,0,0,0,0,2,0,0,1,0,1,0,6,6,1,0,2,0,0,83,31,"Port Adelaide","2017",14
24,"Impey, Jarman",14,6,1,15,1,3,0,1,0,3,0,2,1,0,0,4,11,1,1,2,2,1,66,31,"Port Adelaide","2017",14
42,"Jonas, Tom",12,9,5,17,0,0,0,3,4,0,0,2,1,0,0,7,11,1,0,8,0,0,92,31,"Port Adelaide","2017",14
3,"Neade, Jake",6,3,6,12,1,0,0,1,0,2,0,2,2,1,0,4,9,0,0,1,0,0,71,31,"Port Adelaide","2017",14
29,"Pittard, Jasper",11,6,12,23,0,0,0,1,3,4,0,4,0,2,0,2,21,0,0,7,0,0,83,31,"Port Adelaide","2017",14
2,"Powell-Pepper, Sam",9,4,11,20,0,0,0,8,1,4,5,3,2,1,0,12,8,0,2,0,0,0,67,31,"Port Adelaide","2017",14
4,"Ryder, Paddy",9,5,1,10,0,1,29,2,0,3,4,2,1,2,0,8,4,3,1,2,0,1,86,31,"Port Adelaide","2017",14
12,"Trengove, Jackson",10,3,5,15,0,0,6,5,1,1,3,4,0,1,0,9,6,2,0,1,0,0,67,31,"Port Adelaide","2017",14
39,"Westhoff, Justin",6,5,6,12,0,0,0,2,1,0,1,1,0,0,0,4,8,0,0,0,0,0,84,31,"Port Adelaide","2017",14
19,"White, Matt",15,5,6,21,1,1,0,2,2,4,0,4,1,1,0,6,15,0,0,2,0,1,78,31,"Port Adelaide","2017",14
16,"Wines, Ollie",12,3,11,23,1,2,0,5,2,7,4,2,3,1,2,14,9,1,1,1,0,1,76,31,"Port Adelaide","2017",14
20,"Wingard, Chad",11,4,3,14,1,0,0,7,1,5,5,2,1,0,0,3,8,0,0,1,0,1,84,31,"Port Adelaide","2017",14
11,"Young, Aaron",1,3,11,12,0,0,0,3,0,0,0,1,0,0,0,4,8,0,0,2,0,1,84,31,"Port Adelaide","2017",14
0,"Rushed",0,0,0,0,0,2,0,0,0,0,0,0,0,0,0,0,0,0,0,0,0,0,0,31,"Port Adelaide","2017",14
