"Number","Player","Kicks","Marks","Handballs","Disposals","Goals","Behinds","Hitouts","Tackles","Rebounds50s","Inside50s","Clearances","Clangers","FreesFor","FreesAgainst","BrownlowVotes","ContestedPossessions","UncontestedPossessions","ContestedMarks","MarksInside50","OnePercenters","Bounces","GoalAssists","PercentagePlayed","PointDifference","Team","Season","Round"
1,"Ballantyne, Hayden",10,4,6,16,1,0,0,6,0,4,3,0,2,0,0,6,10,0,1,1,0,1,77,-104,"Fremantle","2017",22
13,"Bennell, Harley",4,1,2,6,2,0,0,3,0,0,1,1,1,1,0,3,3,0,0,1,0,0,48,-104,"Fremantle","2017",22
36,"Cox, Brennan",7,7,3,10,0,1,6,1,0,2,0,2,0,1,0,3,7,3,1,0,0,0,77,-104,"Fremantle","2017",22
17,"Crozier, Hayden",8,4,5,13,2,1,0,8,0,0,0,3,1,1,0,4,9,1,2,2,0,0,87,-104,"Fremantle","2017",22
4,"Darcy, Sean",3,0,9,12,0,0,45,2,1,3,2,3,1,3,0,7,5,0,0,1,0,0,84,-104,"Fremantle","2017",22
39,"Deluca, Josh",5,0,7,12,1,0,0,2,0,1,1,3,1,0,0,6,4,0,0,2,0,0,84,-104,"Fremantle","2017",22
7,"Fyfe, Nat",14,6,16,30,1,0,0,2,2,9,8,5,1,4,0,20,14,2,1,3,3,1,87,-104,"Fremantle","2017",22
21,"Hamling, Joel",5,3,4,9,0,0,0,0,1,1,1,1,1,1,0,5,4,0,0,6,0,0,94,-104,"Fremantle","2017",22
9,"Hill, Bradley",16,4,10,26,0,1,0,3,0,4,4,4,0,0,0,8,17,0,0,0,0,0,90,-104,"Fremantle","2017",22
32,"Hill, Stephen",15,1,9,24,0,0,0,2,3,0,3,5,0,1,0,13,9,0,0,3,0,0,86,-104,"Fremantle","2017",22
15,"Hughes, Ethan",6,2,6,12,0,0,0,1,4,0,0,3,1,0,0,7,5,1,0,3,0,0,86,-104,"Fremantle","2017",22
37,"Johnson, Michael",8,5,5,13,0,1,0,3,1,0,0,1,0,0,0,3,10,0,0,1,0,0,89,-104,"Fremantle","2017",22
2,"Logue, Griffin",1,2,3,4,0,0,0,1,0,0,0,1,0,0,0,1,2,0,0,2,0,0,79,-104,"Fremantle","2017",22
23,"McCarthy, Cam",2,1,3,5,0,1,0,1,0,2,1,1,0,0,0,3,2,0,0,0,0,1,81,-104,"Fremantle","2017",22
16,"Mundy, David",8,5,19,27,0,0,0,2,1,3,6,2,0,0,0,16,13,0,0,1,0,0,78,-104,"Fremantle","2017",22
43,"Nyhuis, Ryan",6,2,3,9,0,0,0,4,2,0,0,5,2,1,0,6,5,0,0,0,0,0,84,-104,"Fremantle","2017",22
38,"Ryan, Luke",9,3,2,11,0,0,0,7,1,2,1,4,1,2,0,2,9,0,0,2,0,0,80,-104,"Fremantle","2017",22
8,"Suban, Nick",7,2,5,12,0,0,0,8,1,3,2,2,1,1,0,7,5,0,0,1,0,0,72,-104,"Fremantle","2017",22
33,"Sutcliffe, Cam",5,0,7,12,0,0,0,4,1,2,1,5,0,2,0,6,8,0,0,2,0,0,81,-104,"Fremantle","2017",22
20,"Taberner, Matthew",7,5,4,11,0,2,1,2,0,0,0,2,0,2,0,4,7,2,2,2,0,1,100,-104,"Fremantle","2017",22
18,"Tucker, Darcy",9,3,3,12,0,0,0,11,3,3,1,4,1,1,0,2,10,0,0,1,0,0,74,-104,"Fremantle","2017",22
14,"Weller, Lachie",11,1,10,21,0,0,0,0,3,2,2,4,0,0,0,3,18,0,0,3,1,0,83,-104,"Fremantle","2017",22
0,"Rushed",0,0,0,0,0,2,0,0,0,0,0,0,0,0,0,0,0,0,0,0,0,0,0,-104,"Fremantle","2017",22
12,"Astbury, David",9,8,10,19,0,0,0,0,2,1,0,2,0,0,0,5,14,1,0,3,0,0,96,104,"Richmond","2017",22
35,"Broad, Nathan",8,5,11,19,0,0,0,3,3,1,0,1,0,1,0,7,12,0,0,2,1,1,71,104,"Richmond","2017",22
40,"Butler, Dan",10,3,7,17,3,1,0,1,0,5,2,2,4,2,0,7,11,0,0,1,1,0,80,104,"Richmond","2017",22
46,"Castagna, Jason",1,3,7,8,0,1,0,1,0,1,0,0,0,0,0,2,6,1,1,1,0,2,70,104,"Richmond","2017",22
9,"Cotchin, Trent",11,1,7,18,0,0,0,1,0,2,5,2,2,1,0,13,6,0,0,1,0,0,77,104,"Richmond","2017",22
10,"Edwards, Shane",4,1,10,14,1,0,0,5,1,3,3,1,0,1,0,5,8,0,0,1,0,1,80,104,"Richmond","2017",22
5,"Ellis, Brandon",16,9,17,33,0,0,0,1,3,0,1,4,1,2,0,9,25,0,0,1,3,0,84,104,"Richmond","2017",22
34,"Graham, Jack",5,0,8,13,1,0,0,11,1,4,3,0,3,0,0,6,8,0,0,1,0,1,63,104,"Richmond","2017",22
6,"Grigg, Shaun",24,8,12,36,0,1,1,8,1,3,6,7,2,1,2,11,23,0,1,0,0,0,85,104,"Richmond","2017",22
2,"Grimes, Dylan",6,5,5,11,0,0,0,5,3,0,0,0,1,0,0,5,6,1,0,5,0,0,93,104,"Richmond","2017",22
14,"Houli, Bachar",18,7,11,29,1,0,0,7,7,4,1,1,0,1,0,2,26,0,1,2,0,0,86,104,"Richmond","2017",22
23,"Lambert, Kane",13,4,9,22,3,0,0,5,0,2,2,0,1,0,0,6,14,0,0,1,0,2,84,104,"Richmond","2017",22
31,"Markov, Oleg",11,8,4,15,0,0,0,1,1,3,0,3,0,0,0,4,11,1,1,1,1,0,69,104,"Richmond","2017",22
4,"Martin, Dustin",17,6,19,36,2,0,0,1,0,4,7,4,1,0,3,13,24,2,2,2,5,1,76,104,"Richmond","2017",22
33,"McIntosh, Kamdyn",8,4,8,16,1,0,0,4,2,2,0,3,1,2,0,7,9,1,1,2,0,0,73,104,"Richmond","2017",22
25,"Nankervis, Toby",13,4,13,26,1,0,32,6,0,4,5,3,1,0,0,10,16,1,1,6,0,0,87,104,"Richmond","2017",22
3,"Prestia, Dion",6,6,17,23,0,0,0,7,0,2,4,2,0,0,0,12,13,0,0,5,2,1,83,104,"Richmond","2017",22
18,"Rance, Alex",7,5,13,20,1,0,0,2,0,0,0,1,2,0,0,9,12,0,1,5,0,0,93,104,"Richmond","2017",22
8,"Riewoldt, Jack",6,3,5,11,4,0,0,0,0,2,0,0,0,0,0,7,4,0,2,2,0,1,93,104,"Richmond","2017",22
17,"Rioli, Daniel",9,1,4,13,1,1,0,3,0,4,1,1,0,1,0,2,11,0,1,0,0,3,84,104,"Richmond","2017",22
21,"Townsend, Jacob",10,5,6,16,6,1,0,4,0,2,1,3,0,1,1,5,10,1,2,6,0,0,89,104,"Richmond","2017",22
1,"Vlastuin, Nick",15,10,7,22,0,0,0,1,7,1,0,2,2,1,0,6,17,0,0,4,0,0,83,104,"Richmond","2017",22
0,"Totals",227,106,210,437,25,5,33,77,31,50,41,42,21,14,6,153,286,9,14,52,13,13,0,104,"Richmond","2017",22
