"Number","Player","Kicks","Marks","Handballs","Disposals","Goals","Behinds","Hitouts","Tackles","Rebounds50s","Inside50s","Clearances","Clangers","FreesFor","FreesAgainst","BrownlowVotes","ContestedPossessions","UncontestedPossessions","ContestedMarks","MarksInside50","OnePercenters","Bounces","GoalAssists","PercentagePlayed","PointDifference","Team","Season","Round"
27,"Armfield, Dennis",1,2,5,6,1,0,0,1,0,0,0,2,0,1,0,1,5,0,0,0,0,0,82,-43,"Carlton","2017",1
41,"Casboult, Levi",5,4,5,10,1,1,11,2,0,2,1,3,1,1,0,7,3,3,2,1,0,0,81,-43,"Carlton","2017",1
9,"Cripps, Patrick",10,3,9,19,0,0,0,5,1,5,3,2,0,0,0,5,14,0,0,0,0,0,84,-43,"Carlton","2017",1
30,"Curnow, Charlie",7,4,1,8,0,0,0,5,0,4,0,3,0,1,0,2,6,0,0,1,0,0,76,-43,"Carlton","2017",1
35,"Curnow, Ed",13,5,6,19,0,0,0,4,0,3,5,4,1,2,0,5,11,0,0,0,2,0,86,-43,"Carlton","2017",1
15,"Docherty, Sam",18,6,6,24,0,0,0,1,6,4,0,4,2,0,0,5,15,0,0,1,2,0,88,-43,"Carlton","2017",1
4,"Gibbs, Bryce",14,4,12,26,1,1,0,6,3,4,7,4,2,2,0,15,10,0,2,1,0,1,79,-43,"Carlton","2017",1
8,"Kreuzer, Matthew",11,4,4,15,2,0,39,4,1,2,4,3,0,0,0,8,8,1,2,3,0,1,84,-43,"Carlton","2017",1
26,"Macreadie, Harrison",3,1,4,7,0,0,0,4,1,0,0,0,1,0,0,3,4,0,0,2,0,0,81,-43,"Carlton","2017",1
22,"Marchbank, Caleb",15,8,4,19,0,0,0,2,6,1,0,5,2,3,0,10,9,3,0,5,0,0,88,-43,"Carlton","2017",1
3,"Murphy, Marc",21,6,14,35,0,0,0,7,3,6,7,4,2,0,1,18,18,0,0,0,1,2,76,-43,"Carlton","2017",1
5,"Petrevski-Seton, Sam",7,2,4,11,0,0,0,7,3,2,3,0,2,0,0,8,3,0,0,1,0,0,71,-43,"Carlton","2017",1
33,"Pickett, Jarrod",2,2,3,5,0,0,0,3,0,1,0,0,0,0,0,2,3,1,1,2,2,1,68,-43,"Carlton","2017",1
20,"Plowman, Lachie",12,10,8,20,0,0,0,1,2,0,0,0,1,0,0,5,15,2,0,12,0,0,92,-43,"Carlton","2017",1
17,"Rowe, Sam",6,1,6,12,0,0,0,1,2,0,0,2,2,1,0,7,5,0,0,15,0,0,100,-43,"Carlton","2017",1
1,"Silvagni, Jack",8,5,3,11,2,2,0,1,0,3,0,1,1,0,0,4,8,0,4,0,0,1,79,-43,"Carlton","2017",1
6,"Simpson, Kade",22,7,11,33,0,0,0,3,6,3,4,4,5,0,0,12,20,0,0,1,1,0,92,-43,"Carlton","2017",1
16,"Smedts, Billie",8,5,9,17,0,0,0,1,1,1,3,1,0,0,0,5,11,1,0,0,0,0,70,-43,"Carlton","2017",1
39,"Thomas, Dale",12,6,5,17,1,0,0,1,0,5,0,4,0,1,0,2,15,1,0,0,0,1,76,-43,"Carlton","2017",1
23,"Weitering, Jacob",6,7,4,10,3,0,0,0,0,2,0,1,0,0,0,4,7,1,3,2,0,1,76,-43,"Carlton","2017",1
43,"White, Simon",7,3,3,10,0,0,0,3,3,0,0,2,1,0,0,3,6,0,0,8,0,0,85,-43,"Carlton","2017",1
46,"Wright, Matthew",7,4,7,14,3,0,0,5,0,0,1,0,2,0,0,7,7,1,1,0,0,0,86,-43,"Carlton","2017",1
0,"Rushed",0,0,0,0,0,1,0,0,0,0,0,0,0,0,0,0,0,0,0,0,0,0,0,-43,"Carlton","2017",1
12,"Astbury, David",7,3,6,13,0,0,0,2,1,0,0,1,3,0,0,7,6,1,0,2,0,0,100,43,"Richmond","2017",1
40,"Butler, Dan",12,1,7,19,2,1,0,3,0,5,1,2,0,2,0,5,11,0,0,0,0,1,86,43,"Richmond","2017",1
22,"Caddy, Josh",9,3,8,17,1,1,0,2,3,0,3,2,0,2,0,9,9,0,0,0,0,1,77,43,"Richmond","2017",1
46,"Castagna, Jason",12,3,8,20,2,4,0,4,1,5,2,4,2,3,0,10,13,0,3,0,0,1,83,43,"Richmond","2017",1
30,"Conca, Reece",13,4,6,19,0,1,0,5,2,3,0,3,0,0,0,4,14,0,0,2,0,0,81,43,"Richmond","2017",1
9,"Cotchin, Trent",11,3,10,21,1,0,0,8,2,5,8,3,1,1,0,12,10,0,1,2,0,0,79,43,"Richmond","2017",1
10,"Edwards, Shane",5,3,10,15,1,1,0,2,0,0,1,1,0,0,0,9,8,0,2,1,2,0,68,43,"Richmond","2017",1
5,"Ellis, Brandon",11,0,10,21,0,0,0,1,4,3,1,2,0,2,0,6,14,0,0,1,0,0,89,43,"Richmond","2017",1
24,"Griffiths, Ben",5,4,4,9,0,0,8,6,1,4,1,4,0,3,0,6,4,1,0,1,0,0,80,43,"Richmond","2017",1
6,"Grigg, Shaun",16,4,11,27,1,0,0,6,0,8,4,3,2,1,0,8,19,0,0,3,0,2,85,43,"Richmond","2017",1
2,"Grimes, Dylan",4,1,7,11,0,0,0,7,3,1,0,1,0,0,0,6,5,0,0,3,0,0,81,43,"Richmond","2017",1
14,"Houli, Bachar",4,1,10,14,0,0,0,3,0,2,1,1,0,0,0,5,9,0,0,0,0,0,69,43,"Richmond","2017",1
28,"Hunt, Taylor",1,0,8,9,0,0,0,0,0,0,0,2,0,1,0,5,4,0,0,0,0,0,77,43,"Richmond","2017",1
27,"Lloyd, Sam",5,3,5,10,1,0,0,1,0,1,0,3,1,0,0,6,3,1,1,0,0,0,73,43,"Richmond","2017",1
4,"Martin, Dustin",23,5,10,33,4,0,0,4,4,6,6,5,1,2,3,13,21,1,1,1,0,4,89,43,"Richmond","2017",1
33,"McIntosh, Kamdyn",11,5,5,16,0,0,0,1,1,5,0,3,0,0,0,4,12,1,0,4,1,0,76,43,"Richmond","2017",1
25,"Nankervis, Toby",7,3,1,8,2,0,27,3,2,2,3,0,0,0,0,6,1,3,1,1,0,0,78,43,"Richmond","2017",1
3,"Prestia, Dion",15,2,13,28,1,0,0,5,3,3,6,2,0,0,2,9,17,0,0,1,0,1,77,43,"Richmond","2017",1
18,"Rance, Alex",7,4,2,9,0,0,0,3,3,1,0,4,0,3,0,5,6,0,0,8,0,0,93,43,"Richmond","2017",1
8,"Riewoldt, Jack",10,5,2,12,1,1,0,7,0,4,1,4,2,1,0,6,5,1,4,2,0,1,96,43,"Richmond","2017",1
17,"Rioli, Daniel",6,3,4,10,2,0,0,2,0,2,1,2,0,2,0,5,6,1,1,0,0,1,85,43,"Richmond","2017",1
1,"Vlastuin, Nick",6,5,5,11,1,0,0,12,3,1,1,3,0,2,0,3,8,1,2,1,0,1,78,43,"Richmond","2017",1
0,"Rushed",0,0,0,0,0,3,0,0,0,0,0,0,0,0,0,0,0,0,0,0,0,0,0,43,"Richmond","2017",1
