"Number","Player","Kicks","Marks","Handballs","Disposals","Goals","Behinds","Hitouts","Tackles","Rebounds50s","Inside50s","Clearances","Clangers","FreesFor","FreesAgainst","BrownlowVotes","ContestedPossessions","UncontestedPossessions","ContestedMarks","MarksInside50","OnePercenters","Bounces","GoalAssists","PercentagePlayed","PointDifference","Team","Season","Round"
15,"Amon, Karl",9,3,9,18,0,0,0,4,2,5,2,4,1,1,0,7,12,0,0,2,0,0,62,89,"Port Adelaide","2017",2
1,"Boak, Travis",12,3,13,25,1,2,0,3,0,4,1,2,0,0,0,7,19,0,1,1,0,1,88,89,"Port Adelaide","2017",2
5,"Broadbent, Matthew",9,4,11,20,0,0,0,4,3,2,0,1,0,0,0,6,11,2,0,1,1,0,85,89,"Port Adelaide","2017",2
33,"Byrne-Jones, Darcy",11,3,5,16,0,0,0,2,2,1,0,4,1,1,0,3,12,0,0,3,0,0,86,89,"Port Adelaide","2017",2
17,"Clurey, Tom",9,3,2,11,0,0,0,0,3,1,0,0,0,0,0,1,11,0,0,5,2,0,85,89,"Port Adelaide","2017",2
22,"Dixon, Charlie",8,7,4,12,4,1,6,3,0,1,0,1,0,0,0,9,6,4,5,5,0,0,87,89,"Port Adelaide","2017",2
7,"Ebert, Brad",15,6,13,28,0,0,0,4,2,10,6,1,1,0,0,14,16,0,0,1,0,1,87,89,"Port Adelaide","2017",2
27,"Eddy, Brett",10,2,1,11,2,3,0,3,0,2,0,1,3,0,0,6,6,0,1,1,1,2,66,89,"Port Adelaide","2017",2
9,"Gray, Robbie",17,7,13,30,6,0,0,2,1,6,1,2,2,2,3,14,16,1,6,2,1,2,87,89,"Port Adelaide","2017",2
46,"Gray, Sam",14,7,8,22,1,0,0,3,1,7,1,1,1,0,0,5,17,0,1,1,3,2,77,89,"Port Adelaide","2017",2
36,"Hombsch, Jack",5,2,3,8,0,1,0,0,2,1,0,1,1,0,0,3,5,1,0,6,0,0,81,89,"Port Adelaide","2017",2
43,"Houston, Dan",18,11,0,18,0,0,0,3,10,3,0,1,0,0,0,2,16,0,0,3,1,0,84,89,"Port Adelaide","2017",2
24,"Impey, Jarman",11,5,8,19,1,0,0,3,2,3,0,3,0,0,0,8,10,0,1,1,3,0,68,89,"Port Adelaide","2017",2
42,"Jonas, Tom",9,4,7,16,0,0,0,2,1,3,0,1,2,0,0,6,8,1,0,1,0,0,92,89,"Port Adelaide","2017",2
21,"Polec, Jared",10,3,9,19,1,0,0,5,0,5,3,5,1,3,0,7,12,0,0,1,0,2,80,89,"Port Adelaide","2017",2
2,"Powell-Pepper, Sam",9,4,16,25,1,0,0,3,2,1,8,3,1,2,1,14,13,0,1,2,0,0,68,89,"Port Adelaide","2017",2
4,"Ryder, Paddy",2,1,5,7,0,0,23,5,0,0,3,3,2,2,0,7,2,0,0,9,0,0,87,89,"Port Adelaide","2017",2
12,"Trengove, Jackson",6,4,5,11,0,0,1,4,0,1,2,2,4,2,0,8,3,2,1,6,0,1,92,89,"Port Adelaide","2017",2
39,"Westhoff, Justin",13,6,8,21,0,1,0,2,2,3,3,4,0,2,0,5,15,0,0,3,0,1,89,89,"Port Adelaide","2017",2
16,"Wines, Ollie",13,5,18,31,2,0,0,4,1,4,6,5,0,1,2,19,12,4,2,2,0,2,79,89,"Port Adelaide","2017",2
20,"Wingard, Chad",7,5,9,16,2,1,0,2,0,3,0,5,1,2,0,6,11,0,2,1,1,0,91,89,"Port Adelaide","2017",2
11,"Young, Aaron",8,5,8,16,1,3,0,1,0,2,0,0,0,0,0,3,13,1,1,2,1,1,77,89,"Port Adelaide","2017",2
0,"Rushed",0,0,0,0,0,1,0,0,0,0,0,0,0,0,0,0,0,0,0,0,0,0,0,89,"Port Adelaide","2017",2
19,"Blakely, Connor",3,1,2,5,0,0,0,1,0,0,1,2,0,1,0,0,4,0,0,0,0,0,59,-89,"Fremantle","2017",2
3,"Dawson, Zac",1,2,2,3,0,0,0,2,1,0,0,0,1,0,0,3,2,0,0,6,0,0,89,-89,"Fremantle","2017",2
7,"Fyfe, Nat",16,5,14,30,1,2,0,4,1,5,4,3,4,1,0,15,15,2,1,6,0,0,94,-89,"Fremantle","2017",2
12,"Griffin, Jonathon",6,3,2,8,1,0,12,4,1,1,3,3,3,2,0,4,4,0,0,7,0,0,77,-89,"Fremantle","2017",2
21,"Hamling, Joel",3,5,7,10,0,0,0,1,1,0,0,2,1,0,0,3,7,1,0,13,0,0,94,-89,"Fremantle","2017",2
9,"Hill, Bradley",18,7,13,31,1,0,0,1,0,5,1,5,1,1,0,7,22,0,0,0,0,0,79,-89,"Fremantle","2017",2
32,"Hill, Stephen",11,2,13,24,0,1,0,3,4,2,5,6,1,2,0,14,10,1,0,1,0,0,84,-89,"Fremantle","2017",2
5,"Ibbotson, Garrick",7,3,6,13,0,0,0,1,4,1,0,2,0,0,0,6,7,1,1,0,0,1,87,-89,"Fremantle","2017",2
37,"Johnson, Michael",5,6,10,15,0,0,0,0,3,1,0,3,0,2,0,4,10,1,0,2,0,0,84,-89,"Fremantle","2017",2
22,"Kersten, Shane",7,5,4,11,1,1,0,2,0,1,1,0,0,0,0,5,6,2,2,0,0,0,92,-89,"Fremantle","2017",2
26,"Langdon, Ed",7,5,8,15,0,0,0,2,0,3,0,3,0,1,0,4,12,1,0,2,0,1,73,-89,"Fremantle","2017",2
23,"McCarthy, Cam",7,2,3,10,0,1,0,2,0,5,0,0,1,0,0,2,8,0,1,0,0,0,94,-89,"Fremantle","2017",2
16,"Mundy, David",6,5,9,15,1,0,0,9,3,1,3,0,0,0,0,7,9,0,0,2,0,2,75,-89,"Fremantle","2017",2
27,"Neale, Lachie",15,2,19,34,1,0,0,2,5,4,11,2,0,2,0,16,18,0,0,1,0,0,78,-89,"Fremantle","2017",2
6,"Pearce, Danyle",13,3,5,18,1,0,0,2,4,4,1,1,1,1,0,5,11,0,0,0,1,0,91,-89,"Fremantle","2017",2
31,"Sandilands, Aaron",2,1,10,12,0,0,36,2,0,1,4,4,0,3,0,9,3,0,0,7,0,0,83,-89,"Fremantle","2017",2
34,"Spurr, Lee",14,7,9,23,0,0,0,2,5,1,0,1,0,0,0,2,20,1,0,3,0,0,79,-89,"Fremantle","2017",2
8,"Suban, Nick",8,4,6,14,0,0,0,2,1,0,1,4,0,2,0,4,10,0,1,0,0,1,82,-89,"Fremantle","2017",2
33,"Sutcliffe, Cam",11,3,9,20,0,0,0,2,7,0,1,3,2,1,0,5,14,0,0,1,1,0,75,-89,"Fremantle","2017",2
18,"Tucker, Darcy",9,6,8,17,0,0,0,0,2,0,1,1,1,0,0,3,15,0,0,0,3,0,65,-89,"Fremantle","2017",2
10,"Walters, Michael",11,5,5,16,0,3,0,1,0,4,2,3,1,2,0,5,11,0,2,0,1,0,86,-89,"Fremantle","2017",2
14,"Weller, Lachie",11,5,5,16,1,0,0,2,3,4,0,1,1,0,0,3,12,0,0,0,2,0,80,-89,"Fremantle","2017",2
0,"Totals",191,87,169,360,8,8,48,47,45,43,39,49,18,21,0,126,230,10,8,51,8,5,0,-89,"Fremantle","2017",2
