"Number","Player","Kicks","Marks","Handballs","Disposals","Goals","Behinds","Hitouts","Tackles","Rebounds50s","Inside50s","Clearances","Clangers","FreesFor","FreesAgainst","BrownlowVotes","ContestedPossessions","UncontestedPossessions","ContestedMarks","MarksInside50","OnePercenters","Bounces","GoalAssists","PercentagePlayed","PointDifference","Team","Season","Round"
1,"Boak, Travis",8,2,11,19,1,1,0,3,1,1,4,4,0,2,0,6,11,0,0,0,0,0,71,40,"Port Adelaide","2017",13
5,"Broadbent, Matthew",11,3,9,20,0,0,0,1,2,1,2,0,2,0,0,9,10,0,0,1,0,0,89,40,"Port Adelaide","2017",13
33,"Byrne-Jones, Darcy",18,4,7,25,0,0,0,4,1,6,2,2,3,0,0,12,13,1,0,6,0,0,82,40,"Port Adelaide","2017",13
17,"Clurey, Tom",8,5,7,15,0,0,0,2,4,1,0,4,0,1,0,7,7,1,0,5,0,0,92,40,"Port Adelaide","2017",13
22,"Dixon, Charlie",8,6,8,16,1,0,0,0,0,2,1,6,1,2,0,9,8,1,1,1,0,0,88,40,"Port Adelaide","2017",13
7,"Ebert, Brad",15,2,9,24,0,1,0,8,1,10,7,1,0,1,0,11,13,0,0,4,0,1,83,40,"Port Adelaide","2017",13
9,"Gray, Robbie",13,7,8,21,2,4,0,6,0,4,1,2,1,0,0,7,13,2,6,0,0,4,89,40,"Port Adelaide","2017",13
46,"Gray, Sam",18,7,4,22,1,3,0,3,1,6,1,6,3,2,0,8,13,0,1,5,1,2,85,40,"Port Adelaide","2017",13
8,"Hartlett, Hamish",7,4,8,15,1,0,0,0,1,2,0,3,0,1,0,5,10,1,0,1,0,0,73,40,"Port Adelaide","2017",13
36,"Hombsch, Jack",8,6,3,11,0,0,0,4,2,1,0,1,0,1,0,3,7,2,0,3,0,0,90,40,"Port Adelaide","2017",13
43,"Houston, Dan",7,4,10,17,0,0,0,3,5,0,1,1,0,0,0,10,5,1,0,1,0,0,78,40,"Port Adelaide","2017",13
24,"Impey, Jarman",6,2,4,10,0,0,0,1,1,3,1,2,1,1,0,6,6,1,0,1,5,0,77,40,"Port Adelaide","2017",13
42,"Jonas, Tom",10,4,3,13,0,0,0,1,3,2,0,0,0,0,0,2,12,0,0,6,0,0,93,40,"Port Adelaide","2017",13
3,"Neade, Jake",4,2,7,11,1,0,0,6,0,2,0,4,0,2,0,3,7,0,1,2,0,1,83,40,"Port Adelaide","2017",13
21,"Polec, Jared",9,1,12,21,0,0,0,3,1,5,2,5,0,1,0,5,16,0,0,3,2,0,78,40,"Port Adelaide","2017",13
2,"Powell-Pepper, Sam",7,1,9,16,2,1,0,5,0,3,2,4,0,0,0,12,5,1,0,2,0,0,64,40,"Port Adelaide","2017",13
4,"Ryder, Paddy",9,4,2,11,2,0,40,1,0,5,5,2,2,1,2,9,2,2,2,2,0,0,90,40,"Port Adelaide","2017",13
12,"Trengove, Jackson",8,2,9,17,0,1,13,1,0,2,5,8,2,2,0,13,3,1,0,1,0,1,74,40,"Port Adelaide","2017",13
39,"Westhoff, Justin",10,5,12,22,0,0,0,5,4,1,2,1,2,0,0,7,15,0,0,5,0,0,88,40,"Port Adelaide","2017",13
16,"Wines, Ollie",18,8,11,29,2,2,0,1,1,6,3,3,1,0,3,10,18,1,2,0,0,2,74,40,"Port Adelaide","2017",13
20,"Wingard, Chad",14,2,5,19,3,0,0,6,0,3,5,3,1,1,0,8,11,0,0,1,0,0,83,40,"Port Adelaide","2017",13
11,"Young, Aaron",2,1,7,9,2,0,0,2,0,0,1,1,0,1,0,6,4,0,1,3,0,0,76,40,"Port Adelaide","2017",13
0,"Totals",218,82,165,383,18,13,53,66,28,66,45,63,19,19,5,168,209,15,14,53,8,11,0,40,"Port Adelaide","2017",13
31,"Andrews, Harris",8,4,3,11,1,0,0,1,1,0,1,3,1,1,0,2,9,0,0,7,0,0,89,-40,"Brisbane Lions","2017",13
43,"Barrett, Jake",9,1,8,17,1,1,0,6,0,1,0,2,0,0,0,7,7,0,0,1,0,0,86,-40,"Brisbane Lions","2017",13
4,"Bastinac, Ryan",11,4,10,21,3,0,0,6,3,2,0,2,3,1,0,11,11,1,0,1,0,0,76,-40,"Brisbane Lions","2017",13
9,"Beams, Dayne",8,3,12,20,0,0,0,2,2,2,6,5,1,2,0,10,11,0,0,2,0,0,85,-40,"Brisbane Lions","2017",13
13,"Berry, Jarrod",6,2,10,16,0,0,0,0,3,1,5,4,1,2,0,9,7,0,0,0,1,0,75,-40,"Brisbane Lions","2017",13
26,"Cutler, Tom",10,6,4,14,0,0,0,1,1,2,1,4,1,3,0,6,11,1,0,1,0,0,91,-40,"Brisbane Lions","2017",13
27,"Gardiner, Darcy",12,6,7,19,0,0,0,2,3,2,0,5,1,1,0,7,12,0,0,6,0,0,85,-40,"Brisbane Lions","2017",13
2,"Harwood, Ryan",1,1,6,7,0,0,0,2,0,1,0,0,0,0,0,2,5,0,0,0,0,0,77,-40,"Brisbane Lions","2017",13
30,"Hipwood, Eric",10,4,0,10,2,2,0,1,1,1,0,2,1,0,0,3,5,1,1,2,1,0,72,-40,"Brisbane Lions","2017",13
35,"Lester, Ryan",11,6,11,22,1,1,0,6,4,0,0,0,1,0,0,7,15,0,0,2,0,0,91,-40,"Brisbane Lions","2017",13
12,"Martin, Stefan",8,4,8,16,0,0,15,1,0,2,4,3,1,1,0,8,8,0,0,2,0,1,79,-40,"Brisbane Lions","2017",13
36,"Mathieson, Rhys",11,6,8,19,0,0,0,2,2,3,1,3,3,0,0,10,10,0,0,1,0,2,81,-40,"Brisbane Lions","2017",13
32,"Mayes, Sam",15,10,10,25,0,0,0,3,1,2,1,3,1,0,0,10,16,0,0,5,0,0,84,-40,"Brisbane Lions","2017",13
6,"McCluggage, Hugh",7,1,6,13,0,0,0,3,1,0,2,5,0,0,0,6,7,0,0,0,0,0,75,-40,"Brisbane Lions","2017",13
25,"McStay, Daniel",7,4,5,12,0,0,0,3,1,1,0,2,0,1,0,3,9,0,0,7,0,0,94,-40,"Brisbane Lions","2017",13
22,"Paparone, Marco",14,7,4,18,0,0,0,2,7,0,1,1,1,0,0,6,13,0,0,1,0,0,90,-40,"Brisbane Lions","2017",13
10,"Rich, Daniel",13,5,10,23,0,0,0,1,4,3,2,3,0,0,0,4,18,0,0,3,0,0,83,-40,"Brisbane Lions","2017",13
18,"Robertson, Nick",9,6,9,18,0,0,0,4,2,0,2,1,2,1,0,8,13,0,0,5,0,0,75,-40,"Brisbane Lions","2017",13
38,"Rockliff, Tom",9,8,6,15,1,0,0,2,1,4,1,3,0,1,0,4,11,0,1,1,0,0,59,-40,"Brisbane Lions","2017",13
44,"Smith, Archie",1,1,12,13,0,0,11,3,0,0,3,4,0,2,0,9,5,0,0,2,0,0,77,-40,"Brisbane Lions","2017",13
28,"Taylor, Lewis",7,3,12,19,1,0,0,3,1,5,1,0,0,0,0,6,13,0,0,1,0,0,89,-40,"Brisbane Lions","2017",13
15,"Zorko, Dayne",24,4,8,32,2,2,0,12,3,11,5,6,1,2,1,13,21,0,1,1,0,1,85,-40,"Brisbane Lions","2017",13
0,"Rushed",0,0,0,0,0,3,0,0,0,0,0,0,0,0,0,0,0,0,0,0,0,0,0,-40,"Brisbane Lions","2017",13
