"Number","Player","Kicks","Marks","Handballs","Disposals","Goals","Behinds","Hitouts","Tackles","Rebounds50s","Inside50s","Clearances","Clangers","FreesFor","FreesAgainst","BrownlowVotes","ContestedPossessions","UncontestedPossessions","ContestedMarks","MarksInside50","OnePercenters","Bounces","GoalAssists","PercentagePlayed","PointDifference","Team","Season","Round"
3,"Anderson, Jed",4,2,7,11,1,0,0,8,0,1,0,1,2,0,0,7,4,1,1,1,0,1,74,-42,"North Melbourne","2017",8
18,"Atley, Shaun",11,3,6,17,0,1,0,3,3,5,1,3,0,0,0,4,13,0,0,1,4,0,83,-42,"North Melbourne","2017",8
50,"Brown, Ben",3,2,4,7,2,0,2,0,0,2,2,2,1,1,0,5,2,1,1,1,0,1,95,-42,"North Melbourne","2017",8
13,"Clarke, Ryan",7,3,9,16,0,1,0,2,1,0,0,0,1,0,0,5,10,0,1,0,0,0,74,-42,"North Melbourne","2017",8
10,"Cunnington, Ben",10,3,18,28,1,0,0,6,0,4,11,1,0,0,0,17,10,0,0,0,0,0,82,-42,"North Melbourne","2017",8
14,"Dumont, Trent",6,1,6,12,0,1,0,5,1,1,2,3,0,0,0,7,5,0,0,0,0,0,72,-42,"North Melbourne","2017",8
24,"Durdin, Sam",5,2,4,9,0,1,0,1,2,1,0,2,1,2,0,4,4,1,0,3,0,1,88,-42,"North Melbourne","2017",8
43,"Gibson, Sam",17,5,10,27,0,2,0,3,3,5,1,2,1,0,0,7,19,0,0,2,0,1,86,-42,"North Melbourne","2017",8
22,"Goldstein, Todd",6,2,5,11,2,0,41,2,0,2,1,0,2,0,0,4,7,0,1,3,0,0,90,-42,"North Melbourne","2017",8
6,"Hansen, Lachlan",7,4,6,13,1,0,0,2,1,2,0,2,1,1,0,5,8,1,2,3,0,0,96,-42,"North Melbourne","2017",8
4,"Higgins, Shaun",12,6,9,21,1,1,0,4,0,6,3,4,1,2,0,7,15,2,0,1,1,0,81,-42,"North Melbourne","2017",8
8,"Hrovat, Nathan",5,3,7,12,1,1,0,4,0,1,1,0,1,0,0,4,8,1,2,0,0,0,81,-42,"North Melbourne","2017",8
34,"Macmillan, Jamie",9,4,10,19,0,0,0,1,7,2,1,1,0,0,0,5,12,0,0,2,2,0,91,-42,"North Melbourne","2017",8
11,"McDonald, Luke",7,0,4,11,0,0,0,8,0,4,1,2,1,1,0,5,6,0,0,2,1,0,82,-42,"North Melbourne","2017",8
21,"Simpkin, Jy",3,0,1,4,0,0,0,1,0,1,0,3,0,1,0,2,2,0,0,0,0,0,12,-42,"North Melbourne","2017",8
25,"Tarrant, Robbie",10,6,10,20,0,0,0,2,6,1,1,4,0,2,0,5,14,2,0,6,0,0,95,-42,"North Melbourne","2017",8
16,"Thompson, Scott",8,3,9,17,0,0,0,4,4,0,2,2,1,0,0,6,11,1,0,4,0,0,88,-42,"North Melbourne","2017",8
28,"Turner, Kayne",8,2,1,9,2,1,0,10,0,4,1,1,1,0,0,5,3,1,0,1,0,0,88,-42,"North Melbourne","2017",8
33,"Vickers-Willis, Ed",6,3,15,21,0,0,0,2,4,0,1,4,1,0,0,10,11,1,0,5,1,0,85,-42,"North Melbourne","2017",8
2,"Williams, Marley",8,4,11,19,0,0,0,1,2,3,0,3,1,1,0,3,16,0,0,5,0,0,86,-42,"North Melbourne","2017",8
32,"Wood, Mason",3,1,8,11,0,0,0,2,0,1,0,5,0,1,0,5,6,0,0,1,0,0,92,-42,"North Melbourne","2017",8
7,"Ziebell, Jack",11,2,11,22,0,1,0,12,1,3,6,2,3,0,0,11,11,0,0,2,1,0,81,-42,"North Melbourne","2017",8
0,"Rushed",0,0,0,0,0,2,0,0,0,0,0,0,0,0,0,0,0,0,0,0,0,0,0,-42,"North Melbourne","2017",8
7,"Cunningham, Harry",6,3,6,12,0,0,0,5,1,0,1,2,0,1,0,5,7,0,0,0,0,0,83,42,"Sydney","2017",8
23,"Franklin, Lance",20,8,1,21,1,3,0,2,0,8,0,5,2,2,0,8,13,1,2,0,0,0,88,42,"Sydney","2017",8
39,"Grundy, Heath",15,10,7,22,0,0,0,0,7,1,0,2,0,0,0,6,15,2,0,0,0,0,94,42,"Sydney","2017",8
4,"Hannebery, Dan",11,5,22,33,2,0,0,4,2,1,2,2,0,1,1,12,22,0,1,1,0,1,76,42,"Sydney","2017",8
9,"Hayward, Will",6,1,4,10,1,0,0,1,0,4,0,3,0,2,0,4,7,0,0,1,0,1,83,42,"Sydney","2017",8
5,"Heeney, Isaac",14,9,11,25,2,2,0,4,4,1,3,1,0,1,0,12,14,1,2,0,3,0,86,42,"Sydney","2017",8
29,"Hewett, George",15,5,14,29,1,1,0,2,0,7,3,2,0,0,0,12,18,0,1,1,0,1,78,42,"Sydney","2017",8
10,"Jones, Zak",8,5,7,15,1,0,0,5,1,3,2,5,1,2,0,6,11,0,0,2,0,0,88,42,"Sydney","2017",8
12,"Kennedy, Josh",11,2,26,37,1,0,0,6,1,5,9,3,1,0,3,17,20,0,0,0,0,1,85,42,"Sydney","2017",8
44,"Lloyd, Jake",20,8,8,28,0,1,0,1,3,2,1,2,1,0,0,5,23,1,1,1,1,0,92,42,"Sydney","2017",8
31,"Marsh, Harrison",8,5,6,14,0,1,0,1,2,3,0,4,0,1,0,2,13,2,0,1,0,0,83,42,"Sydney","2017",8
3,"McVeigh, Jarrad",4,2,1,5,2,0,0,3,0,0,0,1,1,0,0,3,2,0,1,0,0,0,45,42,"Sydney","2017",8
43,"Melican, Lewis",3,3,3,6,0,0,0,2,1,0,0,1,0,0,0,4,3,1,0,4,0,0,87,42,"Sydney","2017",8
14,"Mills, Callum",16,7,7,23,0,0,0,1,3,1,0,1,2,1,0,9,13,1,0,0,0,0,89,42,"Sydney","2017",8
35,"Naismith, Sam",2,0,5,7,0,0,23,0,0,3,2,3,0,3,0,3,4,0,0,1,0,0,69,42,"Sydney","2017",8
28,"Newman, Nic",19,11,16,35,0,0,0,4,3,2,1,2,0,1,0,13,20,2,0,4,0,2,77,42,"Sydney","2017",8
41,"Papley, Tom",10,5,5,15,2,1,0,3,0,3,2,1,1,0,0,4,11,0,2,1,1,1,86,42,"Sydney","2017",8
26,"Parker, Luke",19,3,17,36,2,1,0,5,0,7,11,6,0,4,2,20,15,0,0,2,0,0,82,42,"Sydney","2017",8
20,"Reid, Sam",14,12,8,22,3,0,0,0,4,0,0,1,0,0,0,7,15,2,3,5,0,0,95,42,"Sydney","2017",8
18,"Sinclair, Callum",5,2,2,7,0,0,15,0,0,2,1,1,0,0,0,4,3,1,1,4,0,0,65,42,"Sydney","2017",8
40,"Smith, Nick",6,5,7,13,0,0,0,0,1,0,0,0,1,0,0,5,9,0,0,3,0,0,85,42,"Sydney","2017",8
22,"Towers, Dean",11,6,9,20,0,1,0,5,1,4,0,1,2,0,0,9,13,0,1,1,0,2,83,42,"Sydney","2017",8
0,"Rushed",0,0,0,0,0,1,0,0,0,0,0,0,0,0,0,0,0,0,0,0,0,0,0,42,"Sydney","2017",8
