"Number","Player","Kicks","Marks","Handballs","Disposals","Goals","Behinds","Hitouts","Tackles","Rebounds50s","Inside50s","Clearances","Clangers","FreesFor","FreesAgainst","BrownlowVotes","ContestedPossessions","UncontestedPossessions","ContestedMarks","MarksInside50","OnePercenters","Bounces","GoalAssists","PercentagePlayed","PointDifference","Team","Season","Round"
17,"Frost, Sam",7,3,3,10,0,0,0,3,3,1,0,1,0,1,0,4,6,0,0,7,0,0,94,23,"Melbourne","2017",18
36,"Garlett, Jeff",10,2,1,11,2,3,0,2,0,4,0,1,1,0,0,3,8,0,1,1,3,0,81,23,"Melbourne","2017",18
11,"Gawn, Max",7,4,5,12,0,0,33,4,0,6,5,4,3,4,0,9,4,2,1,2,0,0,86,23,"Melbourne","2017",18
19,"Hannan, Mitch",6,1,9,15,1,0,0,5,0,4,0,2,2,0,0,10,5,1,0,2,0,0,75,23,"Melbourne","2017",18
43,"Harmes, James",9,4,7,16,1,0,0,3,0,1,4,1,3,0,0,9,9,0,1,2,0,0,78,23,"Melbourne","2017",18
14,"Hibberd, Michael",24,5,12,36,0,0,0,4,9,4,2,3,2,0,3,12,22,0,0,4,1,1,91,23,"Melbourne","2017",18
1,"Hogan, Jesse",11,5,12,23,3,0,0,2,0,2,0,3,1,1,0,10,14,0,0,1,0,0,94,23,"Melbourne","2017",18
29,"Hunt, Jayden",20,6,6,26,0,1,0,5,3,3,0,5,0,0,0,8,16,0,0,4,1,0,88,23,"Melbourne","2017",18
39,"Jetta, Neville",7,7,9,16,0,0,0,3,5,0,0,1,2,0,0,6,10,0,0,4,0,0,90,23,"Melbourne","2017",18
24,"Kennedy Harris, Jay",7,3,7,14,0,0,0,5,2,2,0,0,0,0,0,4,10,0,0,0,1,0,66,23,"Melbourne","2017",18
6,"Lewis, Jordan",6,6,12,18,0,0,0,5,2,1,3,2,1,1,0,7,13,1,0,2,0,0,83,23,"Melbourne","2017",18
28,"McDonald, Oscar",15,9,8,23,0,0,0,2,2,2,2,5,0,2,0,4,19,0,0,6,0,0,91,23,"Melbourne","2017",18
25,"McDonald, Tom",9,5,15,24,1,0,1,1,0,4,2,7,1,1,0,11,12,1,0,2,1,2,91,23,"Melbourne","2017",18
18,"Melksham, Jake",8,5,5,13,3,0,0,1,0,4,0,0,0,0,0,2,11,2,1,1,0,1,73,23,"Melbourne","2017",18
30,"Neal-Bullen, Alex",11,2,8,19,0,0,0,4,1,4,4,1,1,1,0,12,8,0,0,2,0,2,78,23,"Melbourne","2017",18
13,"Oliver, Clayton",7,1,23,30,0,0,0,10,0,3,5,8,1,5,1,20,11,0,0,1,0,0,80,23,"Melbourne","2017",18
5,"Petracca, Christian",8,4,11,19,2,0,0,5,1,0,3,3,1,0,0,12,8,1,2,0,0,0,79,23,"Melbourne","2017",18
3,"Salem, Christian",12,4,5,17,0,0,0,4,2,2,0,0,1,0,0,3,11,0,0,3,0,0,73,23,"Melbourne","2017",18
9,"Trengove, Jack",11,3,5,16,0,0,0,4,2,3,1,1,0,1,0,1,14,0,0,1,1,0,73,23,"Melbourne","2017",18
12,"Tyson, Dom",11,5,18,29,0,1,0,6,1,4,3,6,2,0,0,12,17,0,0,0,1,0,79,23,"Melbourne","2017",18
7,"Viney, Jack",11,0,14,25,0,0,0,7,0,6,10,6,4,1,0,14,10,0,0,1,0,0,77,23,"Melbourne","2017",18
4,"Watts, Jack",4,2,5,9,0,0,0,3,1,2,0,3,0,0,0,4,5,0,0,2,0,0,79,23,"Melbourne","2017",18
0,"Rushed",0,0,0,0,0,5,0,0,0,0,0,0,0,0,0,0,0,0,0,0,0,0,0,23,"Melbourne","2017",18
30,"Atley, Joe",3,0,7,10,0,0,0,7,0,0,2,2,2,0,0,6,6,0,0,1,0,0,68,-23,"Port Adelaide","2017",18
25,"Austin, Logan",2,1,1,3,0,0,0,2,2,0,0,1,0,0,0,1,2,0,0,10,0,0,80,-23,"Port Adelaide","2017",18
1,"Boak, Travis",12,6,12,24,4,0,0,6,0,3,2,3,0,2,2,8,17,0,2,1,0,0,81,-23,"Port Adelaide","2017",18
5,"Broadbent, Matthew",9,3,9,18,0,0,0,1,5,2,2,3,0,0,0,2,13,0,0,1,0,0,84,-23,"Port Adelaide","2017",18
33,"Byrne-Jones, Darcy",10,3,7,17,0,0,0,2,7,1,0,4,0,1,0,8,10,0,0,2,1,0,84,-23,"Port Adelaide","2017",18
17,"Clurey, Tom",7,3,7,14,0,0,0,1,2,1,0,3,0,2,0,5,9,0,0,6,0,1,96,-23,"Port Adelaide","2017",18
22,"Dixon, Charlie",10,7,3,13,1,1,0,1,0,3,0,6,1,2,0,7,9,2,2,3,0,0,98,-23,"Port Adelaide","2017",18
7,"Ebert, Brad",12,4,16,28,0,0,0,11,1,6,3,4,0,2,0,15,15,0,0,1,0,2,90,-23,"Port Adelaide","2017",18
9,"Gray, Robbie",17,4,14,31,0,0,0,4,3,5,9,8,3,3,0,19,16,0,0,2,2,0,97,-23,"Port Adelaide","2017",18
46,"Gray, Sam",8,5,10,18,0,0,0,6,3,0,1,2,1,0,0,8,9,1,1,0,0,0,74,-23,"Port Adelaide","2017",18
8,"Hartlett, Hamish",7,4,7,14,0,0,0,3,6,1,0,1,1,0,0,5,9,0,0,4,0,0,82,-23,"Port Adelaide","2017",18
43,"Houston, Dan",8,2,5,13,0,1,0,9,5,1,0,2,1,1,0,3,10,0,0,5,0,0,80,-23,"Port Adelaide","2017",18
24,"Impey, Jarman",7,1,7,14,0,2,0,3,0,4,0,1,0,1,0,3,11,0,0,1,3,2,79,-23,"Port Adelaide","2017",18
42,"Jonas, Tom",8,4,2,10,0,0,0,5,1,0,0,2,1,2,0,4,6,1,0,9,0,0,95,-23,"Port Adelaide","2017",18
21,"Polec, Jared",11,2,5,16,0,0,0,3,1,1,4,1,0,0,0,8,8,0,0,0,1,0,82,-23,"Port Adelaide","2017",18
2,"Powell-Pepper, Sam",6,3,10,16,0,1,0,7,1,2,0,2,1,2,0,8,10,0,0,0,2,0,72,-23,"Port Adelaide","2017",18
4,"Ryder, Paddy",12,3,1,13,0,1,48,2,1,5,5,3,2,1,0,9,4,0,1,6,0,1,84,-23,"Port Adelaide","2017",18
12,"Trengove, Jackson",5,1,5,10,1,0,2,7,1,1,0,3,0,2,0,1,9,0,0,4,0,0,76,-23,"Port Adelaide","2017",18
39,"Westhoff, Justin",7,6,9,16,2,0,0,2,1,2,0,3,2,1,0,8,10,2,1,4,0,1,86,-23,"Port Adelaide","2017",18
19,"White, Matt",7,1,3,10,0,0,0,1,3,1,0,1,0,0,0,3,8,0,0,2,1,1,73,-23,"Port Adelaide","2017",18
16,"Wines, Ollie",11,5,12,23,0,0,0,9,0,4,3,5,2,2,0,8,16,3,0,1,0,0,77,-23,"Port Adelaide","2017",18
20,"Wingard, Chad",11,3,2,13,1,3,0,2,2,2,1,3,1,2,0,9,6,0,0,2,0,0,63,-23,"Port Adelaide","2017",18
0,"Rushed",0,0,0,0,0,2,0,0,0,0,0,0,0,0,0,0,0,0,0,0,0,0,0,-23,"Port Adelaide","2017",18
