"Number","Player","Kicks","Marks","Handballs","Disposals","Goals","Behinds","Hitouts","Tackles","Rebounds50s","Inside50s","Clearances","Clangers","FreesFor","FreesAgainst","BrownlowVotes","ContestedPossessions","UncontestedPossessions","ContestedMarks","MarksInside50","OnePercenters","Bounces","GoalAssists","PercentagePlayed","PointDifference","Team","Season","Round"
15,"Amon, Karl",17,6,3,20,1,0,0,0,6,1,2,5,1,0,0,8,12,1,0,1,0,0,72,2,"Port Adelaide","2017",19
1,"Boak, Travis",6,3,7,13,0,0,0,2,0,4,2,3,0,1,0,6,8,0,0,1,0,0,84,2,"Port Adelaide","2017",19
5,"Broadbent, Matthew",8,2,4,12,0,0,0,1,2,1,0,2,1,2,0,3,7,0,0,4,0,0,78,2,"Port Adelaide","2017",19
33,"Byrne-Jones, Darcy",13,7,2,15,0,0,0,5,3,3,0,5,2,0,0,5,9,0,0,0,0,0,84,2,"Port Adelaide","2017",19
17,"Clurey, Tom",8,5,3,11,0,0,0,2,3,1,0,2,0,2,0,7,4,1,0,9,0,0,90,2,"Port Adelaide","2017",19
22,"Dixon, Charlie",9,7,5,14,1,1,0,3,0,5,0,6,1,3,0,7,8,1,3,1,0,0,91,2,"Port Adelaide","2017",19
7,"Ebert, Brad",10,2,4,14,1,0,0,5,2,1,3,3,1,0,0,5,8,1,1,4,0,0,82,2,"Port Adelaide","2017",19
9,"Gray, Robbie",15,5,12,27,1,1,0,3,3,3,5,5,1,2,3,13,15,3,1,0,1,0,93,2,"Port Adelaide","2017",19
46,"Gray, Sam",12,3,2,14,0,0,0,2,1,5,1,5,2,0,0,5,8,0,1,1,0,0,81,2,"Port Adelaide","2017",19
8,"Hartlett, Hamish",12,7,7,19,0,0,0,3,2,3,0,4,0,2,0,7,10,0,0,1,0,0,80,2,"Port Adelaide","2017",19
36,"Hombsch, Jack",7,2,2,9,0,0,0,3,1,1,0,0,3,0,0,7,2,2,0,5,0,0,86,2,"Port Adelaide","2017",19
24,"Impey, Jarman",8,5,1,9,1,1,0,4,0,3,0,2,2,1,0,4,6,1,1,0,0,1,75,2,"Port Adelaide","2017",19
42,"Jonas, Tom",12,5,2,14,0,0,0,3,4,2,0,2,0,0,0,6,9,0,0,4,0,0,94,2,"Port Adelaide","2017",19
29,"Pittard, Jasper",15,5,9,24,0,0,0,3,9,4,0,3,1,0,0,7,10,1,0,8,0,0,87,2,"Port Adelaide","2017",19
21,"Polec, Jared",18,6,12,30,1,0,0,3,2,7,1,4,0,2,2,6,24,1,1,1,0,0,89,2,"Port Adelaide","2017",19
2,"Powell-Pepper, Sam",7,1,3,10,0,0,0,9,3,1,1,9,0,4,0,4,4,0,0,1,0,0,67,2,"Port Adelaide","2017",19
4,"Ryder, Paddy",11,4,4,15,0,0,45,0,2,5,8,3,0,1,0,11,4,1,0,5,0,1,89,2,"Port Adelaide","2017",19
12,"Trengove, Jackson",9,2,5,14,1,1,6,2,0,1,2,9,0,4,0,7,3,2,0,2,0,0,63,2,"Port Adelaide","2017",19
39,"Westhoff, Justin",6,1,5,11,1,1,0,4,0,0,2,4,1,2,0,6,6,0,1,0,0,1,85,2,"Port Adelaide","2017",19
19,"White, Matt",4,2,5,9,0,0,0,3,0,2,0,1,1,0,0,3,6,0,1,1,0,0,74,2,"Port Adelaide","2017",19
16,"Wines, Ollie",15,1,8,23,0,1,0,6,1,5,7,4,2,2,0,17,5,1,0,2,0,1,78,2,"Port Adelaide","2017",19
11,"Young, Aaron",8,2,4,12,1,0,0,6,1,2,1,3,0,0,0,7,5,0,1,0,0,0,79,2,"Port Adelaide","2017",19
0,"Rushed",0,0,0,0,0,3,0,0,0,0,0,0,0,0,0,0,0,0,0,0,0,0,0,2,"Port Adelaide","2017",19
8,"Acres, Blake",7,2,15,22,1,0,0,2,2,3,2,4,0,1,0,9,14,1,1,1,0,0,86,-2,"St Kilda","2017",19
15,"Billings, Jack",9,2,10,19,0,2,0,6,2,3,1,2,3,0,0,11,9,0,0,1,0,0,84,-2,"St Kilda","2017",19
22,"Brown, Nathan",1,0,3,4,0,0,0,3,2,0,0,3,0,2,0,3,1,0,0,8,0,0,93,-2,"St Kilda","2017",19
27,"Bruce, Josh",7,6,4,11,0,3,1,1,1,1,0,3,2,2,0,6,4,4,3,1,0,1,93,-2,"St Kilda","2017",19
2,"Carlisle, Jake",10,8,6,16,0,0,0,2,6,0,0,2,0,0,1,8,7,4,0,9,0,0,100,-2,"St Kilda","2017",19
7,"Dunstan, Luke",18,4,9,27,1,0,0,8,3,7,6,4,0,2,0,9,14,0,0,3,0,1,68,-2,"St Kilda","2017",19
14,"Geary, Jarryn",7,1,5,12,0,0,0,0,1,1,0,1,1,0,0,6,6,0,0,6,0,0,93,-2,"St Kilda","2017",19
4,"Gresham, Jade",6,1,1,7,1,2,0,5,0,1,2,1,1,1,0,3,4,0,1,0,0,0,72,-2,"St Kilda","2017",19
18,"Longer, Billy",0,0,5,5,0,0,32,8,0,1,2,1,3,1,0,3,2,0,0,3,0,0,88,-2,"St Kilda","2017",19
13,"Lonie, Jack",6,1,2,8,1,1,0,4,0,3,1,1,5,1,0,5,4,0,0,0,0,0,63,-2,"St Kilda","2017",19
36,"McKenzie, Daniel",7,0,6,13,0,0,0,2,3,3,3,4,1,2,0,8,5,0,0,3,0,0,76,-2,"St Kilda","2017",19
28,"Membrey, Tim",7,4,3,10,3,0,0,0,1,1,1,1,2,0,0,7,4,1,2,4,0,0,81,-2,"St Kilda","2017",19
16,"Newnes, Jack",7,3,12,19,0,0,0,5,3,1,2,3,4,1,0,6,13,0,0,0,0,0,78,-2,"St Kilda","2017",19
17,"Roberton, Dylan",18,4,6,24,0,0,0,0,7,2,1,5,1,1,0,7,14,0,0,4,0,0,84,-2,"St Kilda","2017",19
6,"Ross, Sebastian",16,3,15,31,0,1,0,6,1,6,6,3,0,1,0,14,18,0,0,1,0,0,90,-2,"St Kilda","2017",19
5,"Savage, Shane",16,3,5,21,0,0,0,0,7,5,1,2,1,0,0,6,13,0,0,5,5,0,89,-2,"St Kilda","2017",19
35,"Sinclair, Jack",13,5,8,21,1,1,0,6,1,1,2,4,1,0,0,9,13,0,0,4,0,0,88,-2,"St Kilda","2017",19
9,"Steele, Jack",9,2,13,22,0,1,0,7,1,3,2,5,0,3,0,8,10,0,0,1,0,0,73,-2,"St Kilda","2017",19
3,"Steven, Jack",9,3,13,22,0,0,0,5,0,5,6,3,0,0,0,7,13,0,0,0,0,2,79,-2,"St Kilda","2017",19
29,"Webster, Jimmy",10,4,12,22,0,0,0,3,3,2,0,2,1,0,0,8,14,2,0,1,0,1,90,-2,"St Kilda","2017",19
44,"Weller, Maverick",5,2,5,10,0,0,0,2,1,3,4,2,1,1,0,7,4,0,1,1,0,0,82,-2,"St Kilda","2017",19
31,"White, Brandon",10,4,3,13,0,0,0,0,5,2,1,1,1,0,0,3,11,1,0,2,0,0,52,-2,"St Kilda","2017",19
0,"Rushed",0,0,0,0,0,2,0,0,0,0,0,0,0,0,0,0,0,0,0,0,0,0,0,-2,"St Kilda","2017",19
