"Number","Player","Kicks","Marks","Handballs","Disposals","Goals","Behinds","Hitouts","Tackles","Rebounds50s","Inside50s","Clearances","Clangers","FreesFor","FreesAgainst","BrownlowVotes","ContestedPossessions","UncontestedPossessions","ContestedMarks","MarksInside50","OnePercenters","Bounces","GoalAssists","PercentagePlayed","PointDifference","Team","Season","Round"
24,"Biggs, Shane",18,10,9,27,0,0,0,2,3,4,0,2,1,0,0,4,23,2,0,2,2,1,78,54,"Western Bulldogs","2017",18
4,"Bontempelli, Marcus",13,3,7,20,0,0,0,7,4,1,7,3,3,0,0,10,10,0,0,1,0,0,89,54,"Western Bulldogs","2017",18
12,"Cordy, Zaine",8,3,1,9,0,0,0,2,1,0,0,0,1,0,0,3,6,0,0,5,0,0,98,54,"Western Bulldogs","2017",18
6,"Dahlhaus, Luke",12,7,11,23,2,0,0,4,0,0,1,2,2,0,1,13,12,1,2,3,1,1,83,54,"Western Bulldogs","2017",18
31,"Dale, Bailey",9,4,8,17,3,0,0,1,1,2,1,1,0,0,0,4,12,0,1,0,0,1,81,54,"Western Bulldogs","2017",18
35,"Daniel, Caleb",15,6,4,19,0,0,0,3,3,4,2,2,1,0,0,5,15,0,0,0,0,0,80,54,"Western Bulldogs","2017",18
22,"Honeychurch, Mitch",9,5,5,14,0,0,0,6,0,4,1,1,1,0,0,7,8,1,1,0,1,1,83,54,"Western Bulldogs","2017",18
7,"Hunter, Lachie",24,10,7,31,0,0,0,1,5,3,1,4,1,2,2,5,25,0,0,1,3,1,86,54,"Western Bulldogs","2017",18
39,"Johannisen, Jason",8,4,14,22,0,0,0,1,2,5,4,2,2,0,0,10,14,0,0,3,6,3,87,54,"Western Bulldogs","2017",18
21,"Liberatore, Tom",5,0,8,13,1,0,0,4,1,1,4,1,0,1,0,6,7,0,0,0,0,0,76,54,"Western Bulldogs","2017",18
11,"Macrae, Jack",13,4,12,25,0,0,0,4,2,3,1,3,2,0,0,10,15,2,1,1,0,0,90,54,"Western Bulldogs","2017",18
16,"McLean, Toby",10,3,17,27,0,1,0,5,1,8,2,4,2,1,0,10,16,0,1,0,1,1,79,54,"Western Bulldogs","2017",18
38,"Morris, Dale",2,2,3,5,0,0,0,1,1,0,0,0,1,0,0,2,3,1,0,3,0,0,30,54,"Western Bulldogs","2017",18
2,"Murphy, Robert",11,4,6,17,1,1,0,0,0,6,1,1,0,1,0,3,14,0,0,2,0,1,81,54,"Western Bulldogs","2017",18
42,"Picken, Liam",14,8,1,15,6,2,0,1,0,1,0,1,1,0,3,5,10,1,6,1,0,0,88,54,"Western Bulldogs","2017",18
43,"Redpath, Jack",13,11,5,18,1,1,1,1,0,5,1,4,1,0,0,6,13,2,2,2,0,1,83,54,"Western Bulldogs","2017",18
23,"Roughead, Jordan",4,3,3,7,1,0,26,5,0,3,1,4,0,3,0,4,4,0,1,4,0,0,85,54,"Western Bulldogs","2017",18
1,"Suckling, Matt",11,7,12,23,0,1,0,0,1,8,0,3,2,0,0,6,17,0,0,2,1,0,77,54,"Western Bulldogs","2017",18
3,"Wallis, Mitch",5,3,21,26,1,1,0,4,2,1,3,1,1,1,0,16,10,0,2,0,1,3,86,54,"Western Bulldogs","2017",18
34,"Williams, Bailey",12,6,7,19,0,1,0,2,1,2,0,4,0,3,0,1,19,0,0,4,1,0,87,54,"Western Bulldogs","2017",18
10,"Wood, Easton",10,6,5,15,0,2,0,2,0,2,0,1,2,0,0,6,9,1,2,2,1,0,89,54,"Western Bulldogs","2017",18
33,"Young, Lewis",6,10,10,16,0,0,0,3,2,0,0,2,0,1,0,3,12,1,0,6,0,0,86,54,"Western Bulldogs","2017",18
0,"Rushed",0,0,0,0,0,4,0,0,0,0,0,0,0,0,0,0,0,0,0,0,0,0,0,54,"Western Bulldogs","2017",18
13,"Ah Chee, Callum",7,0,5,12,0,0,0,3,1,2,1,3,2,2,0,9,4,0,0,1,0,0,83,-54,"Gold Coast","2017",18
27,"Ainsworth, Ben",10,6,2,12,2,2,0,4,0,2,0,3,2,2,0,4,8,0,1,1,0,0,70,-54,"Gold Coast","2017",18
29,"Bowes, Jack",4,2,4,8,0,0,0,1,1,0,0,3,0,2,0,3,5,0,0,0,0,0,75,-54,"Gold Coast","2017",18
8,"Fiorini, Brayden",13,7,16,29,0,0,0,4,5,3,3,3,1,0,0,9,20,0,0,0,0,0,78,-54,"Gold Coast","2017",18
33,"Hall, Aaron",15,4,8,23,1,1,0,3,1,6,2,4,0,0,0,5,18,0,0,0,1,0,78,-54,"Gold Coast","2017",18
1,"Hanley, Pearce",10,7,11,21,0,0,0,1,3,1,1,4,1,1,0,6,16,1,0,2,0,0,86,-54,"Gold Coast","2017",18
5,"Harbrow, Jarrod",11,5,5,16,0,0,0,1,5,1,0,4,0,1,0,4,14,0,0,3,0,0,90,-54,"Gold Coast","2017",18
23,"Lemmens, Sean",3,1,4,7,0,0,0,3,0,0,0,1,0,0,0,2,5,0,0,1,0,0,79,-54,"Gold Coast","2017",18
7,"Lonergan, Jesse",5,2,9,14,0,0,0,3,0,2,2,2,0,0,0,6,7,0,0,1,0,0,74,-54,"Gold Coast","2017",18
19,"Lynch, Tom",10,8,9,19,1,0,0,1,1,1,0,10,0,3,0,8,12,0,1,7,1,1,98,-54,"Gold Coast","2017",18
44,"Macpherson, Darcy",9,5,7,16,0,2,0,4,0,2,1,4,0,1,0,4,13,0,1,0,0,1,82,-54,"Gold Coast","2017",18
4,"Martin, Jack",17,11,5,22,2,1,0,1,4,1,0,2,0,1,0,5,16,2,2,0,1,1,87,-54,"Gold Coast","2017",18
18,"McKenzie, Trent",9,2,3,12,0,1,0,1,3,0,0,1,1,1,0,0,7,0,0,2,0,0,89,-54,"Gold Coast","2017",18
11,"Miller, Touk",8,6,12,20,0,0,0,5,1,2,2,0,0,0,0,5,14,0,0,2,0,0,87,-54,"Gold Coast","2017",18
35,"Rischitelli, Michael",6,2,6,12,0,0,0,6,1,2,3,3,2,3,0,7,7,0,1,0,0,0,73,-54,"Gold Coast","2017",18
3,"Rosa, Matt",8,4,14,22,0,0,0,5,3,3,2,4,0,3,0,8,17,0,0,3,0,0,84,-54,"Gold Coast","2017",18
42,"Saad, Adam",8,4,5,13,0,0,0,4,4,0,1,2,0,0,0,2,11,0,0,8,2,0,79,-54,"Gold Coast","2017",18
37,"Scrimshaw, Jack",7,5,4,11,0,0,0,1,4,0,0,3,0,2,0,4,8,1,0,4,0,0,83,-54,"Gold Coast","2017",18
6,"Sexton, Alex",8,4,3,11,0,0,0,1,2,3,1,2,0,1,0,4,7,0,0,2,0,0,85,-54,"Gold Coast","2017",18
24,"Swallow, David",13,3,6,19,1,0,0,5,2,3,8,4,2,1,0,9,11,0,0,2,0,0,75,-54,"Gold Coast","2017",18
28,"Witts, Jarrod",6,1,4,10,0,0,39,2,1,3,4,2,2,0,0,7,4,0,0,3,0,1,84,-54,"Gold Coast","2017",18
30,"Wright, Peter",3,5,7,10,1,0,5,1,0,4,0,0,0,0,0,5,6,1,1,3,0,1,81,-54,"Gold Coast","2017",18
0,"Rushed",0,0,0,0,0,1,0,0,0,0,0,0,0,0,0,0,0,0,0,0,0,0,0,-54,"Gold Coast","2017",18
