"Number","Player","Kicks","Marks","Handballs","Disposals","Goals","Behinds","Hitouts","Tackles","Rebounds50s","Inside50s","Clearances","Clangers","FreesFor","FreesAgainst","BrownlowVotes","ContestedPossessions","UncontestedPossessions","ContestedMarks","MarksInside50","OnePercenters","Bounces","GoalAssists","PercentagePlayed","PointDifference","Team","Season","Round"
37,"Barrass, Tom",7,6,7,14,0,0,0,0,6,0,0,2,1,0,0,3,11,0,0,7,0,0,91,8,"West Coast","2017",8
26,"Butler, Sam",4,3,5,9,0,0,0,2,2,0,0,0,0,0,0,2,7,0,0,4,0,0,81,8,"West Coast","2017",8
27,"Darling, Jack",9,5,2,11,2,0,0,2,0,2,1,6,0,3,0,7,6,1,1,6,0,0,91,8,"West Coast","2017",8
14,"Duggan, Liam",8,1,6,14,1,0,0,1,1,1,2,2,0,1,0,8,6,0,0,0,0,0,75,8,"West Coast","2017",8
3,"Gaff, Andrew",22,15,13,35,1,1,0,1,4,3,0,3,1,1,3,4,33,0,1,0,0,1,89,8,"West Coast","2017",8
33,"Hill, Josh",4,4,6,10,0,0,0,2,0,3,1,0,0,0,0,1,9,0,0,1,0,0,82,8,"West Coast","2017",8
25,"Hurn, Shannon",18,6,10,28,0,1,0,1,4,2,2,1,0,0,2,5,22,0,0,2,0,0,89,8,"West Coast","2017",8
17,"Kennedy, Josh",13,9,1,14,3,6,0,3,0,2,0,1,3,0,0,7,7,3,5,0,0,0,92,8,"West Coast","2017",8
2,"LeCras, Mark",15,6,3,18,0,3,0,0,0,5,1,2,0,1,0,2,12,0,2,0,0,2,94,8,"West Coast","2017",8
7,"Masten, Chris",8,3,19,27,0,0,0,2,0,4,5,1,0,0,0,11,17,0,0,0,1,0,78,8,"West Coast","2017",8
20,"McGovern, Jeremy",9,5,9,18,0,0,0,3,1,3,0,2,1,1,0,10,9,2,0,6,0,0,83,8,"West Coast","2017",8
36,"McInnes, Fraser",5,4,6,11,0,0,15,5,1,2,0,0,0,0,0,3,8,1,0,5,0,1,64,8,"West Coast","2017",8
1,"Mitchell, Sam",15,6,18,33,0,0,0,2,1,5,3,2,0,1,1,9,23,2,0,1,0,0,79,8,"West Coast","2017",8
38,"Mutimer, Kurt",8,6,7,15,0,2,0,1,0,2,0,3,0,1,0,3,12,0,2,1,0,1,64,8,"West Coast","2017",8
11,"Priddis, Matt",7,2,17,24,0,0,0,11,1,4,3,2,1,1,0,11,13,1,1,1,0,0,79,8,"West Coast","2017",8
8,"Redden, Jack",6,8,12,18,0,0,0,2,1,1,1,2,1,1,0,5,14,1,1,0,0,0,77,8,"West Coast","2017",8
4,"Sheed, Dom",16,7,7,23,2,1,0,2,5,2,3,1,2,1,0,7,17,0,1,1,0,0,83,8,"West Coast","2017",8
5,"Sheppard, Brad",10,5,4,14,0,0,0,0,2,1,0,1,0,1,0,2,12,0,0,0,0,0,83,8,"West Coast","2017",8
13,"Shuey, Luke",6,5,14,20,0,0,0,10,0,1,2,1,0,0,0,8,14,0,0,2,0,0,83,8,"West Coast","2017",8
19,"Vardy, Nathan",8,5,4,12,0,1,21,4,0,2,1,1,1,0,0,4,8,1,1,0,0,0,72,8,"West Coast","2017",8
12,"Wellingham, Sharrod",10,4,6,16,0,0,0,1,6,0,0,3,0,1,0,2,14,0,0,3,0,0,81,8,"West Coast","2017",8
6,"Yeo, Elliot",18,8,11,29,0,0,0,3,4,2,3,5,1,1,0,12,16,1,0,5,0,0,92,8,"West Coast","2017",8
0,"Totals",226,123,187,413,9,15,36,58,39,47,28,41,12,15,6,126,290,13,15,45,1,5,0,8,"West Coast","2017",8
25,"Adams, Marcus",9,6,5,14,1,4,0,3,0,2,0,0,1,0,0,4,10,0,4,2,0,2,82,-8,"Western Bulldogs","2017",8
4,"Bontempelli, Marcus",12,4,13,25,0,0,0,10,2,2,6,4,1,1,0,10,15,0,0,5,1,0,88,-8,"Western Bulldogs","2017",8
5,"Boyd, Matthew",10,3,10,20,0,0,0,2,6,0,0,1,2,1,0,6,11,0,0,2,2,0,82,-8,"Western Bulldogs","2017",8
17,"Boyd, Tom",4,0,5,9,0,0,34,2,2,2,1,1,0,0,0,1,7,0,0,4,0,1,80,-8,"Western Bulldogs","2017",8
12,"Cordy, Zaine",7,4,7,14,0,0,3,5,4,0,0,0,0,0,0,6,9,0,0,5,0,0,96,-8,"Western Bulldogs","2017",8
6,"Dahlhaus, Luke",8,5,17,25,0,0,0,0,0,4,1,3,0,1,0,4,20,0,0,0,0,0,71,-8,"Western Bulldogs","2017",8
31,"Dale, Bailey",6,2,7,13,0,1,0,3,0,2,2,3,0,1,0,8,6,0,0,2,0,1,74,-8,"Western Bulldogs","2017",8
35,"Daniel, Caleb",13,3,17,30,0,1,0,4,1,5,1,1,2,0,0,11,19,0,0,1,1,0,86,-8,"Western Bulldogs","2017",8
7,"Hunter, Lachie",12,3,14,26,0,0,0,4,2,3,0,3,1,0,0,4,20,0,0,0,0,0,89,-8,"Western Bulldogs","2017",8
39,"Johannisen, Jason",22,5,4,26,0,1,0,0,6,5,1,4,1,0,0,3,19,0,0,2,3,0,81,-8,"Western Bulldogs","2017",8
46,"Jong, Lin",9,2,16,25,0,0,0,1,1,5,4,3,1,0,0,9,16,1,0,0,0,0,71,-8,"Western Bulldogs","2017",8
21,"Liberatore, Tom",1,1,7,8,0,0,0,4,0,0,2,2,1,2,0,6,3,0,0,1,0,0,85,-8,"Western Bulldogs","2017",8
11,"Macrae, Jack",8,4,24,32,0,1,0,4,0,2,9,2,1,0,0,15,17,0,1,2,0,0,88,-8,"Western Bulldogs","2017",8
16,"McLean, Toby",4,3,14,18,1,0,0,5,0,1,0,2,2,1,0,7,11,0,0,0,0,0,74,-8,"Western Bulldogs","2017",8
42,"Picken, Liam",12,2,13,25,0,0,0,3,2,4,2,3,0,1,0,6,18,0,0,0,0,1,80,-8,"Western Bulldogs","2017",8
43,"Redpath, Jack",12,10,1,13,3,1,0,1,0,3,0,1,0,1,0,3,11,2,4,0,0,0,85,-8,"Western Bulldogs","2017",8
18,"Roberts, Fletcher",3,2,7,10,0,0,0,1,1,0,0,1,0,1,0,3,6,0,0,4,0,0,100,-8,"Western Bulldogs","2017",8
14,"Smith, Clay",4,2,7,11,0,1,0,5,1,1,0,1,0,1,0,6,5,0,1,1,0,2,77,-8,"Western Bulldogs","2017",8
1,"Suckling, Matt",12,2,9,21,0,1,0,2,2,3,0,2,1,0,0,4,17,0,0,2,0,0,84,-8,"Western Bulldogs","2017",8
19,"Webb, Lukas",8,4,4,12,2,1,0,7,1,3,2,1,1,0,0,5,8,1,2,3,0,0,71,-8,"Western Bulldogs","2017",8
34,"Williams, Bailey",8,3,6,14,0,0,0,3,1,2,1,0,0,0,0,4,10,0,0,0,0,0,68,-8,"Western Bulldogs","2017",8
10,"Wood, Easton",7,5,8,15,1,0,0,1,1,1,0,1,0,1,0,8,7,2,0,11,4,0,89,-8,"Western Bulldogs","2017",8
0,"Rushed",0,0,0,0,0,1,0,0,0,0,0,0,0,0,0,0,0,0,0,0,0,0,0,-8,"Western Bulldogs","2017",8
