"Number","Player","Kicks","Marks","Handballs","Disposals","Goals","Behinds","Hitouts","Tackles","Rebounds50s","Inside50s","Clearances","Clangers","FreesFor","FreesAgainst","BrownlowVotes","ContestedPossessions","UncontestedPossessions","ContestedMarks","MarksInside50","OnePercenters","Bounces","GoalAssists","PercentagePlayed","PointDifference","Team","Season","Round"
8,"Acres, Blake",13,8,10,23,2,0,0,3,1,4,3,0,1,0,0,8,15,1,2,2,1,0,78,23,"St Kilda","2017",7
15,"Billings, Jack",14,6,8,22,2,3,0,6,1,6,2,1,1,0,1,5,16,0,1,0,2,1,89,23,"St Kilda","2017",7
22,"Brown, Nathan",2,1,4,6,0,0,0,1,1,0,0,3,1,2,0,1,5,0,0,10,0,0,94,23,"St Kilda","2017",7
27,"Bruce, Josh",4,2,3,7,1,0,0,0,0,1,0,1,0,0,0,3,4,0,1,2,0,1,82,23,"St Kilda","2017",7
2,"Carlisle, Jake",12,5,5,17,0,0,0,1,2,2,0,3,1,0,0,8,8,1,0,3,0,0,96,23,"St Kilda","2017",7
14,"Geary, Jarryn",5,1,8,13,0,0,0,6,3,1,0,0,1,0,0,8,6,0,0,2,0,0,86,23,"St Kilda","2017",7
19,"Gilbert, Sam",5,2,6,11,0,0,0,7,1,1,1,1,1,0,0,7,5,0,0,9,0,0,71,23,"St Kilda","2017",7
4,"Gresham, Jade",8,3,2,10,3,0,0,3,0,2,0,2,1,0,0,3,7,0,1,1,0,1,72,23,"St Kilda","2017",7
18,"Longer, Billy",0,1,4,4,0,0,48,2,0,0,2,4,1,4,0,4,2,1,0,1,0,0,80,23,"St Kilda","2017",7
28,"Membrey, Tim",9,7,7,16,1,2,1,1,0,1,1,2,0,1,0,4,12,1,3,1,0,1,93,23,"St Kilda","2017",7
41,"Minchington, Darren",7,2,10,17,1,1,0,7,1,3,0,2,2,0,0,8,9,0,0,0,1,3,67,23,"St Kilda","2017",7
11,"Montagna, Leigh",10,4,8,18,0,0,0,6,3,3,0,2,0,0,0,5,12,0,0,0,1,0,91,23,"St Kilda","2017",7
16,"Newnes, Jack",16,4,8,24,1,0,0,5,2,3,1,3,2,1,0,6,18,0,0,0,0,1,85,23,"St Kilda","2017",7
12,"Riewoldt, Nick",5,3,8,13,0,1,0,3,1,1,3,1,1,1,0,6,9,0,1,1,0,0,85,23,"St Kilda","2017",7
17,"Roberton, Dylan",19,6,1,20,1,0,0,4,4,2,2,1,1,0,0,4,12,0,0,6,1,0,83,23,"St Kilda","2017",7
6,"Ross, Sebastian",14,2,17,31,0,1,0,1,3,4,9,3,1,0,0,17,15,0,1,2,0,1,76,23,"St Kilda","2017",7
35,"Sinclair, Jack",14,6,9,23,0,0,0,7,0,6,6,3,0,0,0,10,13,1,0,0,1,2,80,23,"St Kilda","2017",7
9,"Steele, Jack",5,3,11,16,0,0,0,7,1,1,5,0,0,0,0,9,7,1,0,2,0,0,70,23,"St Kilda","2017",7
3,"Steven, Jack",18,3,11,29,2,0,0,4,0,6,7,2,3,1,3,13,15,0,0,1,0,0,78,23,"St Kilda","2017",7
25,"Stevens, Koby",12,6,16,28,0,0,0,5,3,6,4,3,2,0,0,12,16,1,0,2,0,0,75,23,"St Kilda","2017",7
29,"Webster, Jimmy",17,6,12,29,0,0,0,1,5,2,2,3,2,0,0,8,20,0,0,4,4,0,89,23,"St Kilda","2017",7
34,"Wright, Nathan",7,3,5,12,2,2,0,7,0,2,1,0,0,0,0,6,5,0,0,0,0,0,81,23,"St Kilda","2017",7
0,"Rushed",0,0,0,0,0,2,0,0,0,0,0,0,0,0,0,0,0,0,0,0,0,0,0,23,"St Kilda","2017",7
18,"Cameron, Jeremy",9,6,6,15,2,3,0,2,0,2,0,2,1,0,0,6,11,0,4,5,0,0,89,-23,"Greater Western Sydney","2017",7
3,"Coniglio, Stephen",14,4,10,24,1,1,0,9,2,4,1,1,1,1,0,6,18,0,0,1,1,1,73,-23,"Greater Western Sydney","2017",7
35,"Corr, Aidan",5,1,4,9,0,0,0,2,1,0,0,0,1,0,0,1,7,0,0,7,0,0,92,-23,"Greater Western Sydney","2017",7
1,"Davis, Phil",2,4,10,12,0,0,0,3,1,0,1,0,0,0,0,8,5,0,0,10,0,0,87,-23,"Greater Western Sydney","2017",7
27,"Himmelberg, Harry",3,2,10,13,0,1,0,4,0,0,2,0,0,0,0,2,11,0,0,2,0,0,86,-23,"Greater Western Sydney","2017",7
2,"Hopper, Jacob",4,4,6,10,1,0,0,4,1,1,1,1,0,0,0,2,8,0,1,0,0,0,71,-23,"Greater Western Sydney","2017",7
17,"Johnson, Steve",9,5,11,20,0,0,0,1,1,3,2,7,0,4,0,7,12,0,0,0,0,1,84,-23,"Greater Western Sydney","2017",7
22,"Kelly, Josh",12,2,16,28,0,1,0,9,1,2,4,1,0,0,0,10,19,0,0,0,0,0,90,-23,"Greater Western Sydney","2017",7
40,"Kennedy, Adam",2,2,1,3,0,0,0,0,1,0,0,0,0,0,0,1,3,0,0,1,0,0,12,-23,"Greater Western Sydney","2017",7
15,"Kennedy, Matthew",10,5,12,22,0,1,0,5,3,4,1,0,0,0,0,7,15,0,1,2,0,0,81,-23,"Greater Western Sydney","2017",7
37,"Lobb, Rory",6,3,5,11,1,0,13,1,0,1,1,1,1,0,0,5,6,1,1,4,0,0,92,-23,"Greater Western Sydney","2017",7
41,"Mumford, Shane",3,1,5,8,0,0,32,6,1,1,3,3,3,3,0,6,2,1,1,2,0,1,88,-23,"Greater Western Sydney","2017",7
12,"Patton, Jonathon",6,3,3,9,1,0,0,1,0,1,0,1,1,1,0,5,5,1,1,0,0,0,91,-23,"Greater Western Sydney","2017",7
9,"Scully, Tom",14,6,16,30,2,0,0,3,4,4,3,6,0,0,2,8,22,0,1,1,1,1,96,-23,"Greater Western Sydney","2017",7
23,"Shaw, Heath",21,9,9,30,0,1,0,0,6,2,0,5,0,1,0,6,20,0,0,2,1,0,93,-23,"Greater Western Sydney","2017",7
5,"Shiel, Dylan",15,3,13,28,1,0,0,4,1,6,7,6,0,1,0,13,15,0,0,3,0,0,77,-23,"Greater Western Sydney","2017",7
10,"Smith, Devon",10,1,16,26,1,2,0,8,0,4,4,5,0,1,0,12,15,0,0,2,1,1,87,-23,"Greater Western Sydney","2017",7
14,"Taranto, Tim",5,2,7,12,1,0,0,6,1,1,0,2,0,1,0,5,8,0,1,2,1,2,84,-23,"Greater Western Sydney","2017",7
20,"Tomlinson, Adam",8,2,4,12,0,0,0,2,4,3,0,3,1,2,0,4,8,0,0,6,0,0,93,-23,"Greater Western Sydney","2017",7
8,"Ward, Callan",9,2,19,28,0,0,0,3,1,2,5,3,0,2,0,15,14,0,0,2,0,0,86,-23,"Greater Western Sydney","2017",7
29,"Williams, Zac",11,2,11,22,0,0,0,3,2,1,1,6,0,4,0,10,15,0,0,6,0,0,89,-23,"Greater Western Sydney","2017",7
16,"Wilson, Nathan",16,5,3,19,1,0,0,2,4,4,2,2,1,1,0,4,15,0,0,0,0,1,61,-23,"Greater Western Sydney","2017",7
0,"Rushed",0,0,0,0,0,3,0,0,0,0,0,0,0,0,0,0,0,0,0,0,0,0,0,-23,"Greater Western Sydney","2017",7
