"Number","Player","Kicks","Marks","Handballs","Disposals","Goals","Behinds","Hitouts","Tackles","Rebounds50s","Inside50s","Clearances","Clangers","FreesFor","FreesAgainst","BrownlowVotes","ContestedPossessions","UncontestedPossessions","ContestedMarks","MarksInside50","OnePercenters","Bounces","GoalAssists","PercentagePlayed","PointDifference","Team","Season","Round"
24,"Biggs, Shane",22,11,7,29,0,0,0,0,7,2,1,1,0,0,1,7,20,0,0,2,0,1,85,30,"Western Bulldogs","2017",19
4,"Bontempelli, Marcus",17,7,6,23,2,3,0,1,0,5,6,4,2,3,0,15,8,2,2,1,0,4,88,30,"Western Bulldogs","2017",19
13,"Cloke, Travis",7,5,3,10,1,1,3,1,0,4,0,2,0,1,0,5,5,2,1,2,0,0,74,30,"Western Bulldogs","2017",19
12,"Cordy, Zaine",5,5,5,10,0,0,0,0,0,0,0,1,0,1,0,3,7,0,0,8,0,0,96,30,"Western Bulldogs","2017",19
6,"Dahlhaus, Luke",10,5,13,23,0,0,0,4,0,5,4,2,1,2,0,6,18,0,0,0,2,0,76,30,"Western Bulldogs","2017",19
31,"Dale, Bailey",9,4,6,15,0,0,0,1,1,3,1,2,1,0,0,7,8,1,0,3,0,0,80,30,"Western Bulldogs","2017",19
35,"Daniel, Caleb",12,6,7,19,1,0,0,2,0,2,0,0,0,0,0,3,16,0,0,0,0,0,77,30,"Western Bulldogs","2017",19
29,"Dickson, Tory",6,6,3,9,3,1,0,0,0,0,0,0,0,0,0,1,8,0,4,0,0,0,79,30,"Western Bulldogs","2017",19
7,"Hunter, Lachie",18,9,7,25,1,1,0,0,2,3,2,2,4,0,0,9,17,0,1,2,0,0,85,30,"Western Bulldogs","2017",19
39,"Johannisen, Jason",12,4,6,18,4,0,0,1,1,1,1,1,1,0,3,4,13,0,4,0,5,1,89,30,"Western Bulldogs","2017",19
21,"Liberatore, Tom",9,4,5,14,1,1,0,3,0,1,2,2,1,1,0,7,7,1,1,0,0,0,82,30,"Western Bulldogs","2017",19
11,"Macrae, Jack",12,7,13,25,0,0,0,4,1,3,5,3,2,1,0,10,15,0,0,1,1,2,82,30,"Western Bulldogs","2017",19
16,"McLean, Toby",9,1,10,19,1,1,0,2,0,5,4,2,1,0,0,9,10,0,0,0,0,0,82,30,"Western Bulldogs","2017",19
2,"Murphy, Robert",11,3,8,19,1,1,0,1,0,6,1,4,1,2,0,6,13,0,1,1,0,1,79,30,"Western Bulldogs","2017",19
42,"Picken, Liam",9,3,8,17,0,1,0,5,1,1,0,4,1,0,0,8,9,0,1,1,0,0,84,30,"Western Bulldogs","2017",19
23,"Roughead, Jordan",10,5,9,19,1,1,22,2,2,3,4,1,4,0,0,11,9,1,1,2,0,0,80,30,"Western Bulldogs","2017",19
1,"Suckling, Matt",11,6,8,19,1,0,0,1,4,2,0,3,0,2,0,2,12,0,0,2,0,0,78,30,"Western Bulldogs","2017",19
3,"Wallis, Mitch",6,4,12,18,0,0,0,3,0,2,3,3,0,1,0,11,8,0,0,1,0,1,77,30,"Western Bulldogs","2017",19
19,"Webb, Lukas",7,1,5,12,2,1,0,1,0,3,1,1,1,1,0,5,7,0,0,1,0,0,70,30,"Western Bulldogs","2017",19
34,"Williams, Bailey",14,4,2,16,0,0,0,3,6,0,0,2,0,0,0,2,12,0,0,0,0,0,76,30,"Western Bulldogs","2017",19
10,"Wood, Easton",5,3,2,7,0,0,0,2,2,0,1,2,0,0,0,4,3,0,0,7,0,0,84,30,"Western Bulldogs","2017",19
33,"Young, Lewis",6,4,2,8,0,0,0,1,1,2,0,1,1,1,0,2,8,0,0,1,1,0,95,30,"Western Bulldogs","2017",19
0,"Rushed",0,0,0,0,0,1,0,0,0,0,0,0,0,0,0,0,0,0,0,0,0,0,0,30,"Western Bulldogs","2017",19
12,"Baguley, Mark",10,8,6,16,0,0,0,4,2,0,0,3,0,2,0,4,12,1,0,8,0,0,84,-30,"Essendon","2017",19
2,"Bellchambers, Tom",3,3,2,5,0,0,37,1,1,2,1,2,1,1,0,3,4,1,0,5,0,1,91,-30,"Essendon","2017",19
32,"Colyer, Travis",8,3,7,15,1,1,0,3,0,3,0,2,1,0,0,2,14,0,0,0,1,2,79,-30,"Essendon","2017",19
6,"Daniher, Joe",15,11,3,18,6,4,3,1,1,1,0,3,2,2,2,10,8,5,8,2,0,0,94,-30,"Essendon","2017",19
13,"Fantasia, Orazio",9,6,9,18,2,1,0,4,1,4,0,0,0,0,0,4,13,0,1,0,0,0,71,-30,"Essendon","2017",19
8,"Gleeson, Martin",6,3,4,10,0,0,0,0,3,1,0,5,1,3,0,3,8,0,0,4,0,0,83,-30,"Essendon","2017",19
9,"Goddard, Brendon",13,7,12,25,0,0,0,5,2,5,0,2,2,1,0,6,18,0,0,2,0,0,81,-30,"Essendon","2017",19
36,"Hartley, Michael",5,3,5,10,0,0,0,0,0,0,0,0,1,0,0,4,6,0,0,12,0,0,93,-30,"Essendon","2017",19
21,"Heppell, Dyson",12,4,17,29,0,1,0,5,2,5,6,2,2,0,0,11,20,0,0,0,0,1,84,-30,"Essendon","2017",19
26,"Hooker, Cale",5,7,8,13,1,2,0,1,0,1,1,3,0,1,0,6,6,3,4,0,0,0,88,-30,"Essendon","2017",19
18,"Hurley, Michael",21,13,9,30,0,0,0,0,8,0,0,3,2,0,0,6,21,1,0,3,1,0,95,-30,"Essendon","2017",19
47,"Kelly, James",8,7,7,15,0,0,0,2,2,0,1,1,0,1,0,5,11,1,0,1,0,0,85,-30,"Essendon","2017",19
33,"Laverde, Jayden",1,1,6,7,0,1,0,2,0,2,0,0,0,0,0,5,3,0,0,2,0,0,71,-30,"Essendon","2017",19
43,"McDonald-Tipungwuti, Anthony",9,4,4,13,1,0,0,3,1,5,0,3,0,1,0,3,10,0,0,1,1,1,70,-30,"Essendon","2017",19
1,"McGrath, Andrew",2,1,11,13,0,0,0,2,0,0,0,0,0,0,0,5,8,0,0,3,0,0,86,-30,"Essendon","2017",19
45,"McKenna, Conor",11,2,8,19,0,0,0,4,5,1,0,2,0,1,0,4,14,0,0,4,4,1,74,-30,"Essendon","2017",19
7,"Merrett, Zach",12,3,11,23,0,1,0,4,3,6,1,5,1,1,0,4,18,0,0,1,1,0,80,-30,"Essendon","2017",19
23,"Myers, David",7,0,12,19,0,0,0,3,1,0,3,3,0,1,0,10,9,0,0,0,0,1,66,-30,"Essendon","2017",19
3,"Parish, Darcy",13,5,16,29,1,1,0,2,0,2,3,6,1,2,0,10,20,0,0,0,0,0,82,-30,"Essendon","2017",19
17,"Stewart, James",11,8,7,18,0,0,0,1,0,8,0,2,1,1,0,4,14,0,0,1,0,1,87,-30,"Essendon","2017",19
4,"Watson, Jobe",6,5,14,20,0,0,0,4,1,0,4,4,0,1,0,8,12,0,0,0,0,0,68,-30,"Essendon","2017",19
11,"Zaharakis, David",15,5,17,32,1,1,0,4,1,4,2,7,1,2,0,7,25,0,0,0,0,0,87,-30,"Essendon","2017",19
0,"Rushed",0,0,0,0,0,6,0,0,0,0,0,0,0,0,0,0,0,0,0,0,0,0,0,-30,"Essendon","2017",19
