"Number","Player","Kicks","Marks","Handballs","Disposals","Goals","Behinds","Hitouts","Tackles","Rebounds50s","Inside50s","Clearances","Clangers","FreesFor","FreesAgainst","BrownlowVotes","ContestedPossessions","UncontestedPossessions","ContestedMarks","MarksInside50","OnePercenters","Bounces","GoalAssists","PercentagePlayed","PointDifference","Team","Season","Round"
46,"Blicavs, Mark",9,7,8,17,1,0,7,3,2,2,1,3,0,2,0,5,13,1,1,2,0,0,78,1,"Geelong","2017",2
18,"Cowan, Josh",7,2,3,10,0,0,0,2,1,0,1,3,0,2,0,3,9,0,0,1,0,0,77,1,"Geelong","2017",2
35,"Dangerfield, Patrick",15,7,22,37,1,1,0,6,1,6,11,6,1,1,2,25,12,3,2,0,1,1,85,1,"Geelong","2017",2
22,"Duncan, Mitch",10,7,14,24,1,0,0,5,1,2,4,2,1,0,0,9,15,0,0,2,0,0,88,1,"Geelong","2017",2
26,"Hawkins, Tom",9,5,2,11,4,2,0,3,0,0,0,5,2,5,0,7,4,3,5,0,0,0,89,1,"Geelong","2017",2
25,"Henderson, Lachie",7,5,5,12,1,0,0,0,4,1,0,2,0,1,0,6,7,0,1,5,0,0,86,1,"Geelong","2017",2
33,"Horlin-Smith, George",8,1,10,18,2,0,0,1,0,5,3,3,2,2,0,5,14,0,0,0,0,3,66,1,"Geelong","2017",2
11,"Lang, Darcy",6,2,8,14,1,0,0,3,1,3,0,3,2,3,0,7,9,0,0,0,1,0,79,1,"Geelong","2017",2
13,"Lonergan, Tom",6,2,6,12,0,0,0,0,2,1,0,2,0,2,0,3,9,0,0,2,0,0,86,1,"Geelong","2017",2
4,"Mackie, Andrew",14,2,10,24,0,0,0,0,4,3,1,3,1,2,0,6,17,0,0,6,0,1,87,1,"Geelong","2017",2
6,"McCarthy, Lincoln",8,2,5,13,0,0,0,0,0,3,1,2,0,0,0,4,10,0,0,2,1,2,82,1,"Geelong","2017",2
10,"Menzel, Daniel",10,8,4,14,4,0,0,1,0,2,0,0,1,0,0,4,10,1,2,0,0,1,88,1,"Geelong","2017",2
32,"Motlop, Steven",12,5,4,16,0,0,0,4,1,6,0,3,1,2,0,5,11,0,0,0,0,1,83,1,"Geelong","2017",2
21,"Murdoch, Jordan",6,2,7,13,0,0,0,3,3,2,0,2,0,1,0,4,9,0,0,1,0,0,77,1,"Geelong","2017",2
3,"Parfitt, Brandan",7,5,4,11,1,0,0,1,0,4,0,3,0,1,0,0,12,0,1,0,0,0,69,1,"Geelong","2017",2
36,"Ruggles, Tom",5,0,8,13,0,0,0,3,1,2,0,2,1,0,0,5,8,0,0,4,0,0,90,1,"Geelong","2017",2
14,"Selwood, Joel",17,4,9,26,0,2,0,8,1,9,7,2,4,0,0,12,13,1,0,3,0,3,76,1,"Geelong","2017",2
1,"Stanley, Rhys",7,3,6,13,0,1,14,1,0,1,7,1,2,0,0,8,5,0,1,1,0,0,73,1,"Geelong","2017",2
44,"Stewart, Tom",7,2,7,14,0,0,0,1,3,1,0,2,1,1,0,7,6,0,0,4,0,0,82,1,"Geelong","2017",2
7,"Taylor, Harry",3,5,8,11,0,1,0,1,1,1,0,0,0,0,0,4,6,2,1,4,0,0,89,1,"Geelong","2017",2
40,"Thurlow, Jackson",7,2,1,8,1,0,0,2,3,2,0,0,0,0,0,0,7,0,0,4,0,1,79,1,"Geelong","2017",2
2,"Tuohy, Zach",9,0,16,25,0,1,0,2,5,1,2,2,1,0,0,6,15,0,0,3,2,0,90,1,"Geelong","2017",2
0,"Rushed",0,0,0,0,0,2,0,0,0,0,0,0,0,0,0,0,0,0,0,0,0,0,0,1,"Geelong","2017",2
18,"Atley, Shaun",12,2,8,20,0,0,0,3,5,3,0,2,2,1,0,6,15,0,0,1,0,0,87,-1,"North Melbourne","2017",2
50,"Brown, Ben",10,6,4,14,3,1,0,0,0,2,0,1,2,0,0,6,8,1,4,0,0,2,97,-1,"North Melbourne","2017",2
10,"Cunnington, Ben",7,3,21,28,0,0,0,7,0,3,9,3,1,1,1,16,12,1,0,0,0,1,76,-1,"North Melbourne","2017",2
38,"Daw, Majak",6,5,4,10,1,0,8,1,0,3,1,1,2,1,0,11,1,4,0,4,0,0,86,-1,"North Melbourne","2017",2
14,"Dumont, Trent",14,1,10,24,1,0,0,2,3,5,6,3,4,0,0,17,7,0,0,1,0,0,72,-1,"North Melbourne","2017",2
27,"Garner, Taylor",9,5,2,11,1,1,0,3,0,2,0,3,0,2,0,4,6,1,2,0,0,0,82,-1,"North Melbourne","2017",2
43,"Gibson, Sam",14,6,13,27,1,0,0,4,2,1,2,3,1,1,0,7,20,1,0,0,0,1,88,-1,"North Melbourne","2017",2
6,"Hansen, Lachlan",10,9,4,14,0,0,0,0,1,1,0,0,0,0,0,4,10,2,0,3,1,0,93,-1,"North Melbourne","2017",2
4,"Higgins, Shaun",15,4,12,27,2,1,0,7,2,9,2,3,0,1,3,6,20,0,0,0,2,3,84,-1,"North Melbourne","2017",2
8,"Hrovat, Nathan",10,7,6,16,0,0,0,0,0,4,1,1,0,0,0,5,11,0,1,0,0,1,69,-1,"North Melbourne","2017",2
34,"Macmillan, Jamie",11,7,9,20,1,0,0,1,4,2,0,1,0,0,0,3,17,0,1,1,0,0,85,-1,"North Melbourne","2017",2
11,"McDonald, Luke",8,2,10,18,1,0,0,1,2,2,2,3,1,1,0,9,8,1,0,1,0,0,86,-1,"North Melbourne","2017",2
17,"Mullett, Aaron",9,3,5,14,0,0,0,1,3,0,0,1,0,1,0,2,11,0,0,0,0,0,86,-1,"North Melbourne","2017",2
31,"Preuss, Braydon",6,4,7,13,0,0,46,5,0,3,3,3,1,2,0,7,8,1,0,0,0,1,80,-1,"North Melbourne","2017",2
21,"Simpkin, Jy",5,2,3,8,1,2,0,2,0,1,0,0,1,0,0,5,4,0,1,1,0,1,74,-1,"North Melbourne","2017",2
9,"Swallow, Andrew",5,3,6,11,0,0,0,5,2,1,4,2,1,1,0,6,6,1,0,0,0,0,63,-1,"North Melbourne","2017",2
25,"Tarrant, Robbie",19,9,9,28,0,0,0,2,8,2,0,5,4,2,0,9,19,2,0,1,0,0,89,-1,"North Melbourne","2017",2
12,"Thomas, Lindsay",6,3,3,9,2,0,0,5,0,3,0,2,0,2,0,6,4,1,2,1,0,1,82,-1,"North Melbourne","2017",2
16,"Thompson, Scott",8,4,3,11,0,0,0,2,2,1,1,3,0,2,0,3,7,0,1,4,0,0,94,-1,"North Melbourne","2017",2
28,"Turner, Kayne",9,5,0,9,2,2,0,5,0,2,0,0,2,0,0,3,6,1,1,0,0,0,72,-1,"North Melbourne","2017",2
2,"Williams, Marley",7,4,5,12,1,0,0,3,3,2,2,1,1,0,0,4,9,0,0,7,0,1,79,-1,"North Melbourne","2017",2
7,"Ziebell, Jack",11,3,3,14,0,1,0,7,2,2,2,3,2,2,0,5,9,0,1,2,0,1,77,-1,"North Melbourne","2017",2
0,"Rushed",0,0,0,0,0,1,0,0,0,0,0,0,0,0,0,0,0,0,0,0,0,0,0,-1,"North Melbourne","2017",2
