"Number","Player","Kicks","Marks","Handballs","Disposals","Goals","Behinds","Hitouts","Tackles","Rebounds50s","Inside50s","Clearances","Clangers","FreesFor","FreesAgainst","BrownlowVotes","ContestedPossessions","UncontestedPossessions","ContestedMarks","MarksInside50","OnePercenters","Bounces","GoalAssists","PercentagePlayed","PointDifference","Team","Season","Round"
23,"Franklin, Lance",16,8,8,24,4,2,0,3,1,10,4,1,3,0,3,12,12,3,3,1,1,1,90,104,"Sydney","2017",21
39,"Grundy, Heath",12,6,7,19,0,0,0,0,5,0,0,2,0,1,0,2,17,0,0,5,0,1,94,104,"Sydney","2017",21
4,"Hannebery, Dan",15,6,14,29,0,0,0,5,1,7,1,1,1,0,0,6,23,0,0,2,1,1,87,104,"Sydney","2017",21
9,"Hayward, Will",6,5,3,9,2,1,0,5,0,2,0,1,0,0,0,0,9,0,2,0,0,0,79,104,"Sydney","2017",21
5,"Heeney, Isaac",13,8,10,23,1,0,0,5,5,3,2,2,0,0,0,7,17,2,0,2,1,3,85,104,"Sydney","2017",21
29,"Hewett, George",9,6,14,23,0,0,0,4,1,4,4,1,1,0,0,10,13,0,1,3,0,2,81,104,"Sydney","2017",21
15,"Jack, Kieren",18,8,5,23,1,1,0,3,1,8,4,1,2,0,0,7,16,0,0,0,0,2,76,104,"Sydney","2017",21
10,"Jones, Zak",8,7,14,22,1,1,0,3,7,1,0,2,2,0,0,5,17,0,1,0,1,0,84,104,"Sydney","2017",21
44,"Lloyd, Jake",15,6,11,26,0,0,0,2,3,1,0,4,0,0,0,2,23,0,0,0,0,0,83,104,"Sydney","2017",21
3,"McVeigh, Jarrad",11,7,7,18,1,0,0,2,3,3,0,0,0,0,0,4,14,1,1,1,0,2,87,104,"Sydney","2017",21
43,"Melican, Lewis",3,3,7,10,0,0,0,2,1,1,0,4,2,3,0,4,7,1,0,4,0,0,81,104,"Sydney","2017",21
14,"Mills, Callum",10,8,9,19,0,0,0,1,3,0,0,3,1,1,0,8,11,3,0,4,0,0,81,104,"Sydney","2017",21
28,"Newman, Nic",9,3,3,12,0,0,0,1,1,2,0,5,0,0,0,3,9,0,0,2,1,0,42,104,"Sydney","2017",21
41,"Papley, Tom",7,0,9,16,2,0,0,3,0,1,3,3,0,2,0,9,7,0,0,0,1,1,80,104,"Sydney","2017",21
26,"Parker, Luke",14,4,15,29,3,0,0,4,0,6,7,5,1,2,2,11,17,0,1,3,0,0,85,104,"Sydney","2017",21
24,"Rampe, Dane",12,6,13,25,0,0,0,2,7,0,0,1,1,0,1,10,15,0,0,6,1,0,87,104,"Sydney","2017",21
20,"Reid, Sam",8,7,3,11,2,3,0,0,0,1,0,1,2,0,0,5,7,3,4,1,0,0,86,104,"Sydney","2017",21
16,"Rohan, Gary",9,7,2,11,2,0,0,3,2,4,0,0,0,0,0,3,8,1,1,2,0,1,77,104,"Sydney","2017",21
18,"Sinclair, Callum",6,1,3,9,1,0,19,1,1,1,2,1,1,1,0,5,5,0,1,2,0,1,81,104,"Sydney","2017",21
40,"Smith, Nick",8,5,8,16,0,0,0,2,3,0,0,3,0,1,0,5,12,0,0,2,0,0,87,104,"Sydney","2017",21
8,"Tippett, Kurt",9,7,4,13,2,1,11,8,0,2,1,1,2,1,0,7,7,3,4,1,0,0,80,104,"Sydney","2017",21
22,"Towers, Dean",12,7,8,20,0,1,2,4,1,4,0,5,2,2,0,9,12,0,0,2,0,1,87,104,"Sydney","2017",21
0,"Rushed",0,0,0,0,0,1,0,0,0,0,0,0,0,0,0,0,0,0,0,0,0,0,0,104,"Sydney","2017",21
1,"Ballantyne, Hayden",5,3,3,8,0,1,0,1,0,4,1,1,0,1,0,1,7,0,0,2,0,1,69,-104,"Fremantle","2017",21
36,"Cox, Brennan",4,2,6,10,0,1,4,1,1,0,1,1,0,1,0,3,6,0,1,3,0,0,85,-104,"Fremantle","2017",21
4,"Darcy, Sean",6,1,9,15,0,0,27,3,1,4,3,1,2,0,0,6,9,0,0,1,0,1,84,-104,"Fremantle","2017",21
39,"Deluca, Josh",7,3,10,17,1,0,0,3,1,2,1,3,1,1,0,8,9,0,1,3,0,0,75,-104,"Fremantle","2017",21
7,"Fyfe, Nat",14,5,14,28,0,1,0,6,2,5,7,4,0,1,0,17,12,2,0,1,1,0,87,-104,"Fremantle","2017",21
21,"Hamling, Joel",4,5,5,9,0,0,0,2,3,1,0,4,0,3,0,2,7,1,0,3,0,0,92,-104,"Fremantle","2017",21
9,"Hill, Bradley",8,2,0,8,0,0,0,1,1,2,0,2,0,1,0,1,9,0,0,1,0,1,77,-104,"Fremantle","2017",21
32,"Hill, Stephen",16,3,5,21,0,0,0,7,1,8,8,3,3,2,0,11,12,0,0,1,0,1,85,-104,"Fremantle","2017",21
15,"Hughes, Ethan",8,8,6,14,0,0,0,2,0,1,1,2,0,0,0,5,9,0,0,3,1,0,87,-104,"Fremantle","2017",21
37,"Johnson, Michael",5,3,2,7,0,0,0,0,2,1,0,2,0,1,0,3,4,0,0,3,0,0,86,-104,"Fremantle","2017",21
22,"Kersten, Shane",4,2,3,7,0,0,0,2,1,3,0,2,1,1,0,5,3,0,0,5,0,0,88,-104,"Fremantle","2017",21
2,"Logue, Griffin",10,7,2,12,0,0,0,3,4,0,1,1,0,1,0,5,7,1,0,2,0,0,93,-104,"Fremantle","2017",21
23,"McCarthy, Cam",10,5,2,12,2,1,0,2,0,5,0,6,3,2,0,7,5,1,1,3,0,0,92,-104,"Fremantle","2017",21
16,"Mundy, David",8,4,4,12,1,0,0,1,1,1,0,0,0,0,0,4,8,0,2,0,0,0,72,-104,"Fremantle","2017",21
27,"Neale, Lachie",4,2,5,9,0,0,0,1,1,0,2,0,0,0,0,6,5,0,0,2,0,0,65,-104,"Fremantle","2017",21
6,"Pearce, Danyle",12,1,4,16,0,0,0,2,2,2,1,5,0,0,0,5,11,0,0,1,0,0,84,-104,"Fremantle","2017",21
38,"Ryan, Luke",7,2,3,10,0,0,0,2,2,3,0,4,0,2,0,1,9,0,0,1,0,0,76,-104,"Fremantle","2017",21
8,"Suban, Nick",6,2,5,11,0,0,0,3,3,1,3,4,0,2,0,5,6,0,0,0,0,0,76,-104,"Fremantle","2017",21
33,"Sutcliffe, Cam",6,4,10,16,0,0,0,0,2,0,0,2,0,0,0,6,10,0,0,2,0,0,90,-104,"Fremantle","2017",21
20,"Taberner, Matthew",13,9,5,18,1,2,1,3,0,6,1,3,2,2,0,11,7,5,3,4,0,0,92,-104,"Fremantle","2017",21
18,"Tucker, Darcy",7,1,11,18,0,0,0,0,2,3,0,2,1,0,0,7,11,0,0,0,0,0,74,-104,"Fremantle","2017",21
14,"Weller, Lachie",8,1,6,14,0,0,0,3,3,1,1,1,1,0,0,4,9,0,0,3,0,0,72,-104,"Fremantle","2017",21
0,"Rushed",0,0,0,0,0,3,0,0,0,0,0,0,0,0,0,0,0,0,0,0,0,0,0,-104,"Fremantle","2017",21
