"Number","Player","Kicks","Marks","Handballs","Disposals","Goals","Behinds","Hitouts","Tackles","Rebounds50s","Inside50s","Clearances","Clangers","FreesFor","FreesAgainst","BrownlowVotes","ContestedPossessions","UncontestedPossessions","ContestedMarks","MarksInside50","OnePercenters","Bounces","GoalAssists","PercentagePlayed","PointDifference","Team","Season","Round"
41,"Casboult, Levi",9,10,4,13,3,0,2,2,0,3,0,3,0,1,0,3,11,3,4,1,0,0,88,-26,"Carlton","2017",4
9,"Cripps, Patrick",10,2,7,17,0,0,0,9,1,1,5,2,2,0,0,10,6,0,0,1,0,0,79,-26,"Carlton","2017",4
30,"Curnow, Charlie",10,6,3,13,0,2,0,5,0,3,1,1,1,1,0,3,10,1,2,0,0,2,71,-26,"Carlton","2017",4
35,"Curnow, Ed",12,5,5,17,1,0,0,10,0,2,2,1,0,0,0,4,12,1,0,0,2,0,85,-26,"Carlton","2017",4
15,"Docherty, Sam",24,13,2,26,0,1,0,4,4,3,0,0,0,0,0,5,17,3,0,2,1,1,95,-26,"Carlton","2017",4
25,"Fisher, Zac",7,3,5,12,1,0,0,5,2,0,0,1,1,0,0,6,5,1,0,0,0,1,69,-26,"Carlton","2017",4
4,"Gibbs, Bryce",15,3,7,22,0,0,0,7,0,2,5,1,2,1,0,12,11,0,0,0,0,0,76,-26,"Carlton","2017",4
8,"Kreuzer, Matthew",8,1,2,10,0,1,23,5,1,4,3,4,1,2,0,8,2,0,1,1,0,0,85,-26,"Carlton","2017",4
26,"Macreadie, Harrison",6,5,3,9,0,0,0,1,2,1,0,3,0,0,0,2,7,1,0,3,0,0,72,-26,"Carlton","2017",4
22,"Marchbank, Caleb",11,8,9,20,0,1,0,1,4,2,0,2,0,0,0,4,14,1,1,4,0,0,90,-26,"Carlton","2017",4
3,"Murphy, Marc",19,7,9,28,0,1,0,7,1,6,4,4,2,1,0,11,19,0,0,3,0,0,87,-26,"Carlton","2017",4
5,"Petrevski-Seton, Sam",9,1,1,10,0,0,0,3,1,2,3,0,0,0,0,4,6,0,0,1,0,0,77,-26,"Carlton","2017",4
33,"Pickett, Jarrod",7,2,2,9,1,1,0,0,1,2,0,0,1,0,0,6,4,0,1,1,3,0,74,-26,"Carlton","2017",4
20,"Plowman, Lachie",6,3,3,9,0,0,0,1,0,0,1,1,0,0,0,1,9,0,0,6,0,0,91,-26,"Carlton","2017",4
17,"Rowe, Sam",6,4,2,8,1,0,0,2,1,1,0,2,3,2,0,7,3,1,0,7,0,1,91,-26,"Carlton","2017",4
1,"Silvagni, Jack",11,10,3,14,3,0,0,4,1,4,0,0,0,0,0,2,11,0,1,0,1,0,76,-26,"Carlton","2017",4
6,"Simpson, Kade",13,9,6,19,1,0,0,3,1,1,0,2,1,0,0,5,14,0,1,2,2,1,89,-26,"Carlton","2017",4
39,"Thomas, Dale",11,6,7,18,0,0,0,1,1,3,1,2,0,0,0,7,11,0,0,0,0,0,77,-26,"Carlton","2017",4
23,"Weitering, Jacob",5,4,4,9,1,0,0,3,0,0,0,2,0,1,0,4,5,0,1,2,0,1,88,-26,"Carlton","2017",4
43,"White, Simon",5,3,3,8,0,0,0,3,1,0,0,0,1,0,0,3,5,0,0,1,0,0,82,-26,"Carlton","2017",4
31,"Williamson, Tom",8,1,5,13,0,0,0,3,3,1,0,1,1,1,0,5,8,0,0,0,0,0,77,-26,"Carlton","2017",4
46,"Wright, Matthew",11,3,6,17,0,2,0,3,1,3,3,0,4,0,0,6,11,0,1,0,1,1,80,-26,"Carlton","2017",4
0,"Rushed",0,0,0,0,0,1,0,0,0,0,0,0,0,0,0,0,0,0,0,0,0,0,0,-26,"Carlton","2017",4
9,"Ablett, Gary",18,5,16,34,1,1,0,4,1,4,11,5,0,2,1,11,22,0,0,0,0,0,86,26,"Gold Coast","2017",4
20,"Barlow, Michael",5,1,9,14,0,0,0,2,1,1,1,3,0,0,0,2,11,0,0,0,0,0,68,26,"Gold Coast","2017",4
29,"Bowes, Jack",7,3,7,14,1,0,0,1,1,0,0,2,1,1,0,5,9,0,0,1,1,0,76,26,"Gold Coast","2017",4
8,"Fiorini, Brayden",13,6,18,31,0,0,0,4,3,4,6,2,0,0,0,10,18,0,2,0,0,2,74,26,"Gold Coast","2017",4
33,"Hall, Aaron",15,5,14,29,0,0,0,4,0,8,1,3,0,2,0,4,26,0,0,0,3,1,82,26,"Gold Coast","2017",4
5,"Harbrow, Jarrod",14,5,9,23,0,0,0,2,4,2,0,2,0,1,0,5,17,0,0,5,0,1,89,26,"Gold Coast","2017",4
38,"Joyce, Jesse",6,5,9,15,0,0,0,1,1,0,0,1,0,0,0,8,9,0,0,1,0,0,78,26,"Gold Coast","2017",4
10,"Kolodjashnij, Kade",14,8,7,21,0,0,0,0,3,1,0,2,0,1,0,5,16,2,0,1,0,0,91,26,"Gold Coast","2017",4
23,"Lemmens, Sean",11,7,5,16,1,0,0,3,0,2,0,3,1,2,0,2,13,0,2,0,0,0,78,26,"Gold Coast","2017",4
21,"Leslie, Jack",5,8,5,10,0,0,0,0,1,1,0,3,0,3,0,2,8,1,0,6,0,0,94,26,"Gold Coast","2017",4
19,"Lynch, Tom",13,12,6,19,7,0,0,1,0,5,0,2,2,1,3,6,14,1,5,4,1,1,100,26,"Gold Coast","2017",4
25,"Lyons, Jarryd",16,4,8,24,1,2,0,4,2,5,7,4,0,1,0,9,14,1,1,0,0,0,76,26,"Gold Coast","2017",4
4,"Martin, Jack",15,12,15,30,0,0,0,1,2,1,1,2,0,2,0,6,24,1,0,0,0,0,81,26,"Gold Coast","2017",4
32,"Matera, Brandon",22,9,7,29,3,1,0,3,4,4,0,1,0,0,2,7,21,0,1,0,0,3,78,26,"Gold Coast","2017",4
17,"May, Steven",7,5,10,17,0,1,0,0,0,0,0,0,1,0,0,6,9,2,0,3,0,0,85,26,"Gold Coast","2017",4
11,"Miller, Touk",9,2,15,24,0,0,0,1,2,1,3,4,2,1,0,9,13,0,0,2,0,0,77,26,"Gold Coast","2017",4
3,"Rosa, Matt",7,5,14,21,0,0,0,4,3,2,2,1,0,0,0,9,13,0,0,2,0,0,86,26,"Gold Coast","2017",4
42,"Saad, Adam",6,3,9,15,0,0,0,3,4,1,0,0,0,0,0,2,12,1,0,2,6,0,83,26,"Gold Coast","2017",4
6,"Sexton, Alex",7,3,11,18,0,0,0,0,0,2,1,5,0,2,0,6,13,0,1,0,1,2,81,26,"Gold Coast","2017",4
24,"Swallow, David",7,3,6,13,0,0,0,2,0,2,2,5,0,1,0,5,8,1,1,0,0,1,64,26,"Gold Coast","2017",4
28,"Witts, Jarrod",6,2,8,14,0,0,36,2,0,0,4,2,2,0,0,6,9,0,1,3,0,1,82,26,"Gold Coast","2017",4
30,"Wright, Peter",6,5,4,10,3,1,4,2,0,0,0,2,1,0,0,6,5,2,4,1,0,0,88,26,"Gold Coast","2017",4
0,"Totals",229,118,212,441,17,6,40,44,32,46,39,54,10,20,6,131,304,12,18,31,12,12,0,26,"Gold Coast","2017",4
