"Number","Player","Kicks","Marks","Handballs","Disposals","Goals","Behinds","Hitouts","Tackles","Rebounds50s","Inside50s","Clearances","Clangers","FreesFor","FreesAgainst","BrownlowVotes","ContestedPossessions","UncontestedPossessions","ContestedMarks","MarksInside50","OnePercenters","Bounces","GoalAssists","PercentagePlayed","PointDifference","Team","Season","Round"
41,"Casboult, Levi",8,5,3,11,3,0,8,5,1,3,0,3,2,2,0,6,4,3,1,2,0,0,96,-65,"Carlton","2017",19
28,"Cuningham, David",6,2,1,7,0,0,0,2,1,1,1,1,1,1,0,3,5,0,0,0,1,0,71,-65,"Carlton","2017",19
30,"Curnow, Charlie",10,4,4,14,1,0,4,7,1,3,2,3,2,3,0,11,3,4,1,3,0,1,89,-65,"Carlton","2017",19
15,"Docherty, Sam",19,8,10,29,0,0,0,4,9,0,2,3,0,0,0,6,20,0,0,0,1,0,90,-65,"Carlton","2017",19
25,"Fisher, Zac",5,1,4,9,0,1,0,2,0,2,2,1,0,1,0,4,5,0,0,0,1,1,75,-65,"Carlton","2017",19
4,"Gibbs, Bryce",18,8,6,24,0,0,0,4,3,3,5,9,0,3,0,5,21,0,0,0,0,0,86,-65,"Carlton","2017",19
14,"Jones, Liam",9,2,2,11,0,0,0,5,7,2,0,2,3,1,0,7,3,1,0,7,0,0,93,-65,"Carlton","2017",19
11,"Kerridge, Sam",10,4,13,23,0,1,0,6,2,3,6,4,2,1,0,14,9,0,0,2,0,1,91,-65,"Carlton","2017",19
8,"Kreuzer, Matthew",4,0,4,8,0,0,26,3,1,1,2,3,2,1,0,5,3,0,0,1,0,0,51,-65,"Carlton","2017",19
13,"Lamb, Jed",6,5,2,8,0,2,0,2,0,0,0,0,0,0,0,3,5,1,3,1,1,1,83,-65,"Carlton","2017",19
22,"Marchbank, Caleb",4,0,2,6,0,0,0,4,1,0,0,2,2,1,0,5,1,0,0,5,0,0,84,-65,"Carlton","2017",19
10,"McKay, Harry",3,1,1,4,2,0,0,0,0,1,0,1,0,1,0,1,3,0,0,3,0,1,68,-65,"Carlton","2017",19
3,"Murphy, Marc",13,2,11,24,0,2,0,6,2,2,8,4,3,1,0,15,9,0,0,0,0,0,88,-65,"Carlton","2017",19
5,"Petrevski-Seton, Sam",11,3,9,20,0,1,0,10,1,4,4,3,4,0,0,13,8,0,1,1,0,0,76,-65,"Carlton","2017",19
20,"Plowman, Lachie",4,1,3,7,0,0,0,6,1,0,0,1,2,0,0,4,4,0,0,5,0,0,90,-65,"Carlton","2017",19
1,"Silvagni, Jack",7,6,4,11,1,0,0,2,0,0,0,3,0,0,0,2,9,0,1,1,0,0,78,-65,"Carlton","2017",19
6,"Simpson, Kade",9,6,5,14,0,0,0,2,5,3,0,2,1,0,0,2,9,0,0,2,2,1,91,-65,"Carlton","2017",19
39,"Thomas, Dale",8,2,5,13,0,0,0,3,3,2,3,1,1,0,0,7,6,0,0,2,1,0,72,-65,"Carlton","2017",19
23,"Weitering, Jacob",3,2,0,3,0,0,0,2,0,1,0,3,1,3,0,1,2,0,0,3,0,0,95,-65,"Carlton","2017",19
43,"White, Simon",7,4,4,11,0,0,0,2,3,0,1,4,0,1,0,6,5,1,0,2,0,0,81,-65,"Carlton","2017",19
31,"Williamson, Tom",5,2,3,8,0,0,0,3,1,3,1,0,0,0,0,2,4,0,0,1,0,0,70,-65,"Carlton","2017",19
46,"Wright, Matthew",12,4,1,13,1,1,0,5,1,5,2,2,2,0,0,7,6,0,0,1,1,1,83,-65,"Carlton","2017",19
0,"Rushed",0,0,0,0,0,2,0,0,0,0,0,0,0,0,0,0,0,0,0,0,0,0,0,-65,"Carlton","2017",19
24,"Bews, Jed",8,5,5,13,0,0,0,2,2,2,0,2,0,2,0,2,12,1,0,3,0,0,83,65,"Geelong","2017",19
12,"Buzza, Wylie",4,2,6,10,1,0,2,5,0,1,2,3,2,1,0,5,5,0,1,0,0,0,71,65,"Geelong","2017",19
5,"Cockatoo, Nakia",9,4,3,12,3,2,0,4,0,2,2,3,1,2,0,6,6,0,3,2,0,0,54,65,"Geelong","2017",19
35,"Dangerfield, Patrick",12,4,11,23,2,0,0,3,0,5,2,7,3,3,0,10,13,1,2,1,4,0,90,65,"Geelong","2017",19
22,"Duncan, Mitch",14,7,14,28,1,0,0,5,2,5,3,1,0,0,0,5,23,0,0,1,1,2,84,65,"Geelong","2017",19
29,"Guthrie, Cameron",4,2,10,14,0,0,0,3,0,2,0,0,0,0,0,5,9,1,1,1,0,0,79,65,"Geelong","2017",19
26,"Hawkins, Tom",17,12,10,27,6,1,3,3,0,7,1,2,2,1,3,9,19,1,4,1,0,3,93,65,"Geelong","2017",19
25,"Henderson, Lachie",8,7,11,19,0,0,0,0,1,4,0,1,1,0,0,6,13,1,0,1,0,0,92,65,"Geelong","2017",19
8,"Kolodjashnij, Jake",5,4,11,16,0,1,0,3,0,0,1,1,0,1,0,1,15,0,0,1,0,0,70,65,"Geelong","2017",19
13,"Lonergan, Tom",10,6,5,15,0,0,0,4,1,0,1,1,1,1,0,6,9,2,0,2,0,0,77,65,"Geelong","2017",19
4,"Mackie, Andrew",21,9,8,29,0,1,0,0,4,5,0,2,2,2,0,2,26,0,0,3,1,0,82,65,"Geelong","2017",19
27,"Menegola, Sam",12,7,18,30,0,1,0,3,2,4,2,1,0,1,0,11,19,0,1,2,0,2,88,65,"Geelong","2017",19
21,"Murdoch, Jordan",15,12,7,22,3,2,0,4,1,3,1,2,0,0,2,5,17,1,4,0,0,1,82,65,"Geelong","2017",19
3,"Parfitt, Brandan",8,2,9,17,0,0,0,7,1,4,1,2,4,1,0,5,13,0,0,0,0,1,69,65,"Geelong","2017",19
34,"Parsons, James",6,6,8,14,0,2,0,2,1,5,0,4,0,3,0,4,11,0,1,2,0,1,87,65,"Geelong","2017",19
14,"Selwood, Joel",12,4,11,23,0,0,0,0,0,3,1,6,1,4,0,7,16,0,1,1,0,1,91,65,"Geelong","2017",19
16,"Selwood, Scott",9,4,17,26,0,0,0,9,0,3,4,2,0,1,0,10,16,0,0,0,0,0,74,65,"Geelong","2017",19
9,"Smith, Zac",7,4,16,23,2,0,33,2,1,2,7,4,1,3,1,11,11,1,2,7,0,0,84,65,"Geelong","2017",19
44,"Stewart, Tom",14,8,10,24,0,1,0,4,2,3,0,3,0,1,0,6,17,0,0,6,2,0,85,65,"Geelong","2017",19
7,"Taylor, Harry",8,6,5,13,0,0,0,4,3,1,0,3,1,1,0,2,12,0,0,6,0,1,90,65,"Geelong","2017",19
40,"Thurlow, Jackson",6,2,11,17,0,0,0,1,0,2,2,0,1,0,0,9,8,0,0,0,0,1,76,65,"Geelong","2017",19
2,"Tuohy, Zach",13,4,7,20,0,0,0,1,6,2,1,4,0,0,0,7,9,0,0,2,0,0,97,65,"Geelong","2017",19
0,"Rushed",0,0,0,0,0,4,0,0,0,0,0,0,0,0,0,0,0,0,0,0,0,0,0,65,"Geelong","2017",19
