"Number","Player","Kicks","Marks","Handballs","Disposals","Goals","Behinds","Hitouts","Tackles","Rebounds50s","Inside50s","Clearances","Clangers","FreesFor","FreesAgainst","BrownlowVotes","ContestedPossessions","UncontestedPossessions","ContestedMarks","MarksInside50","OnePercenters","Bounces","GoalAssists","PercentagePlayed","PointDifference","Team","Season","Round"
1,"Ballantyne, Hayden",9,3,5,14,2,1,0,0,0,1,1,3,3,2,0,6,10,0,1,1,0,0,75,-9,"Fremantle","2017",15
36,"Cox, Brennan",9,6,4,13,1,3,2,2,0,3,0,3,1,2,0,4,10,2,2,0,0,0,86,-9,"Fremantle","2017",15
17,"Crozier, Hayden",7,6,7,14,0,1,0,4,1,3,1,2,0,0,0,7,7,1,0,1,0,0,85,-9,"Fremantle","2017",15
4,"Darcy, Sean",8,2,8,16,1,0,33,7,0,2,3,3,1,0,0,11,4,1,0,3,0,1,83,-9,"Fremantle","2017",15
7,"Fyfe, Nat",8,4,15,23,0,0,0,7,0,1,4,2,1,2,0,13,9,3,0,0,1,0,97,-9,"Fremantle","2017",15
28,"Grey, Brady",6,2,5,11,0,0,0,5,0,1,0,3,0,2,0,4,7,0,0,1,0,0,71,-9,"Fremantle","2017",15
21,"Hamling, Joel",9,7,13,22,0,0,0,2,3,2,1,3,1,0,0,7,14,2,0,8,0,0,97,-9,"Fremantle","2017",15
9,"Hill, Bradley",21,8,8,29,1,0,0,3,3,3,0,5,0,0,1,5,22,0,0,2,1,0,87,-9,"Fremantle","2017",15
15,"Hughes, Ethan",15,14,15,30,0,0,0,5,2,4,0,0,0,0,0,10,19,1,0,4,0,0,96,-9,"Fremantle","2017",15
37,"Johnson, Michael",16,9,10,26,0,0,0,0,6,1,0,2,0,0,0,4,20,0,0,0,0,0,100,-9,"Fremantle","2017",15
2,"Logue, Griffin",4,3,5,9,0,0,0,0,2,0,0,3,0,1,0,2,9,1,0,4,0,0,87,-9,"Fremantle","2017",15
23,"McCarthy, Cam",7,3,2,9,0,0,0,5,0,2,0,3,0,1,0,0,8,0,0,0,0,0,88,-9,"Fremantle","2017",15
16,"Mundy, David",15,5,13,28,0,0,0,7,1,0,3,4,0,0,0,11,16,0,1,0,0,0,85,-9,"Fremantle","2017",15
27,"Neale, Lachie",11,7,18,29,1,0,0,6,2,2,6,2,0,1,0,16,15,1,0,0,0,0,77,-9,"Fremantle","2017",15
38,"Ryan, Luke",8,7,7,15,0,0,0,5,5,1,0,3,1,1,0,3,12,0,0,1,0,0,83,-9,"Fremantle","2017",15
31,"Sandilands, Aaron",2,1,0,2,0,1,0,1,0,2,1,0,1,0,0,2,0,1,0,1,0,0,12,-9,"Fremantle","2017",15
11,"Sheridan, Tom",9,4,7,16,0,0,0,3,0,2,2,0,0,0,0,3,13,0,0,4,0,1,77,-9,"Fremantle","2017",15
34,"Spurr, Lee",15,9,8,23,0,0,0,6,2,3,1,3,2,1,0,7,17,2,0,3,0,0,94,-9,"Fremantle","2017",15
8,"Suban, Nick",13,5,14,27,0,0,0,4,2,5,2,4,1,1,0,11,17,0,0,1,0,3,83,-9,"Fremantle","2017",15
18,"Tucker, Darcy",5,3,10,15,0,0,0,1,1,6,2,3,0,1,0,4,12,0,0,1,0,1,73,-9,"Fremantle","2017",15
10,"Walters, Michael",21,6,11,32,6,2,0,2,1,3,3,4,5,3,3,18,15,1,2,1,2,1,87,-9,"Fremantle","2017",15
14,"Weller, Lachie",6,3,10,16,0,0,0,1,1,0,1,3,0,0,0,2,15,0,0,2,0,2,79,-9,"Fremantle","2017",15
0,"Totals",224,117,195,419,12,8,35,76,32,47,31,58,17,18,4,150,271,16,6,38,4,9,0,-9,"Fremantle","2017",15
15,"Billings, Jack",12,9,15,27,1,2,0,0,1,7,1,2,1,0,0,9,18,3,2,1,0,2,83,9,"St Kilda","2017",15
22,"Brown, Nathan",0,0,6,6,0,0,0,1,1,0,0,3,0,2,0,5,2,0,0,8,0,0,90,9,"St Kilda","2017",15
27,"Bruce, Josh",8,6,5,13,3,0,3,2,0,2,3,2,1,2,0,5,8,0,2,1,0,1,81,9,"St Kilda","2017",15
2,"Carlisle, Jake",13,7,4,17,2,1,0,1,3,0,0,1,0,1,0,1,14,0,0,4,0,0,95,9,"St Kilda","2017",15
7,"Dunstan, Luke",3,2,8,11,0,0,0,7,1,1,0,2,0,1,0,4,7,0,1,1,0,1,66,9,"St Kilda","2017",15
14,"Geary, Jarryn",12,4,9,21,0,0,0,2,3,1,0,2,2,1,0,4,16,0,0,0,1,0,86,9,"St Kilda","2017",15
19,"Gilbert, Sam",8,3,7,15,0,2,0,3,3,2,0,3,2,1,0,5,9,0,1,2,0,0,59,9,"St Kilda","2017",15
4,"Gresham, Jade",9,2,8,17,3,1,0,1,0,5,2,3,2,1,0,9,7,0,0,4,3,1,80,9,"St Kilda","2017",15
18,"Longer, Billy",1,4,7,8,0,0,48,4,0,0,0,3,1,1,0,3,5,1,0,1,0,0,83,9,"St Kilda","2017",15
13,"Lonie, Jack",9,5,3,12,0,1,0,7,0,3,0,6,0,1,0,4,10,0,2,1,1,0,85,9,"St Kilda","2017",15
28,"Membrey, Tim",7,5,8,15,2,0,0,0,0,2,0,4,0,1,0,13,3,3,3,0,0,0,89,9,"St Kilda","2017",15
11,"Montagna, Leigh",13,8,9,22,0,0,0,4,3,2,0,2,1,1,0,3,18,1,0,1,0,1,83,9,"St Kilda","2017",15
16,"Newnes, Jack",17,7,7,24,0,1,0,1,6,3,1,1,0,1,0,6,20,0,2,3,4,0,88,9,"St Kilda","2017",15
12,"Riewoldt, Nick",10,3,6,16,0,2,0,0,0,2,2,2,1,0,0,6,11,0,1,0,0,0,84,9,"St Kilda","2017",15
17,"Roberton, Dylan",9,4,6,15,0,0,0,4,2,0,0,1,1,0,0,3,10,1,0,1,1,0,85,9,"St Kilda","2017",15
6,"Ross, Sebastian",21,2,13,34,0,0,0,3,3,3,6,1,0,0,2,11,22,0,0,1,0,0,81,9,"St Kilda","2017",15
35,"Sinclair, Jack",10,2,12,22,0,1,0,2,1,2,5,2,0,0,0,11,10,0,1,0,0,2,80,9,"St Kilda","2017",15
9,"Steele, Jack",7,2,8,15,1,1,0,17,1,2,2,1,1,0,0,7,8,0,1,0,0,0,82,9,"St Kilda","2017",15
3,"Steven, Jack",7,0,10,17,0,2,0,5,0,4,7,2,3,1,0,12,7,0,0,2,2,1,80,9,"St Kilda","2017",15
25,"Stevens, Koby",9,5,19,28,0,0,0,7,1,3,5,3,1,1,0,10,17,0,1,0,0,2,76,9,"St Kilda","2017",15
29,"Webster, Jimmy",9,3,9,18,0,0,0,1,4,2,0,3,1,1,0,6,11,0,0,2,1,0,84,9,"St Kilda","2017",15
44,"Weller, Maverick",4,1,11,15,0,0,0,2,1,2,1,0,0,0,0,7,8,0,0,0,0,0,81,9,"St Kilda","2017",15
0,"Rushed",0,0,0,0,0,3,0,0,0,0,0,0,0,0,0,0,0,0,0,0,0,0,0,9,"St Kilda","2017",15
