"Number","Player","Kicks","Marks","Handballs","Disposals","Goals","Behinds","Hitouts","Tackles","Rebounds50s","Inside50s","Clearances","Clangers","FreesFor","FreesAgainst","BrownlowVotes","ContestedPossessions","UncontestedPossessions","ContestedMarks","MarksInside50","OnePercenters","Bounces","GoalAssists","PercentagePlayed","PointDifference","Team","Season","Round"
37,"Barrass, Tom",11,10,7,18,0,0,0,0,5,2,0,2,1,1,0,8,9,4,0,5,0,0,88,-3,"West Coast","2017",14
28,"Cole, Tom",4,1,4,8,0,0,0,1,2,1,0,1,1,0,0,3,2,0,0,1,0,0,72,-3,"West Coast","2017",14
15,"Cripps, Jamie",8,3,5,13,0,2,0,3,0,4,0,3,1,0,0,5,9,0,1,0,0,0,72,-3,"West Coast","2017",14
27,"Darling, Jack",8,5,6,14,0,1,0,2,1,2,0,3,0,2,0,5,9,2,0,1,0,1,90,-3,"West Coast","2017",14
14,"Duggan, Liam",11,5,8,19,0,1,0,1,1,2,1,2,0,0,0,9,10,0,1,0,0,0,84,-3,"West Coast","2017",14
3,"Gaff, Andrew",16,2,11,27,1,0,0,6,2,5,2,6,1,2,0,11,15,0,0,1,0,0,89,-3,"West Coast","2017",14
33,"Hill, Josh",5,1,3,8,2,0,0,5,0,2,0,2,1,0,0,3,5,0,0,0,0,1,66,-3,"West Coast","2017",14
25,"Hurn, Shannon",3,0,2,5,0,0,0,1,1,0,0,1,1,0,0,2,4,0,0,5,0,0,82,-3,"West Coast","2017",14
34,"Hutchings, Mark",11,3,2,13,2,0,0,7,1,4,4,0,2,0,0,4,9,0,0,0,0,0,76,-3,"West Coast","2017",14
23,"Jetta, Lewis",14,3,8,22,0,1,0,2,2,3,4,3,1,0,0,8,13,0,0,1,1,2,85,-3,"West Coast","2017",14
39,"Karpany, Malcolm",7,1,8,15,1,0,0,2,0,1,3,1,2,1,0,6,10,0,0,1,0,0,63,-3,"West Coast","2017",14
16,"Mackenzie, Eric",10,7,6,16,0,0,0,2,2,3,0,1,1,1,0,4,10,1,0,8,0,0,97,-3,"West Coast","2017",14
20,"McGovern, Jeremy",11,9,4,15,3,3,0,5,0,3,0,4,2,2,0,14,5,5,4,5,0,0,88,-3,"West Coast","2017",14
1,"Mitchell, Sam",11,0,16,27,0,0,0,1,2,5,6,3,0,0,0,11,17,0,0,2,0,2,88,-3,"West Coast","2017",14
21,"Petrie, Drew",14,8,5,19,4,0,8,3,0,4,2,3,4,1,0,9,11,3,3,2,0,0,88,-3,"West Coast","2017",14
11,"Priddis, Matt",6,1,11,17,0,0,0,9,0,2,3,3,3,1,0,9,8,0,0,1,0,1,76,-3,"West Coast","2017",14
31,"Schofield, Will",3,1,3,6,0,0,0,4,2,0,0,1,1,1,0,2,5,0,0,3,0,0,92,-3,"West Coast","2017",14
4,"Sheed, Dom",14,3,7,21,1,1,0,6,0,4,4,0,0,0,0,10,10,1,0,0,1,0,74,-3,"West Coast","2017",14
5,"Sheppard, Brad",4,4,9,13,0,0,0,2,1,0,1,0,1,0,0,5,9,0,0,0,0,0,85,-3,"West Coast","2017",14
13,"Shuey, Luke",10,2,10,20,0,1,0,4,2,4,6,3,3,2,0,11,9,0,1,3,0,1,75,-3,"West Coast","2017",14
19,"Vardy, Nathan",6,3,7,13,0,0,33,6,1,2,4,2,1,1,0,7,8,0,1,3,0,1,81,-3,"West Coast","2017",14
6,"Yeo, Elliot",10,4,12,22,0,0,0,6,1,4,6,3,0,1,0,11,10,1,0,1,0,2,89,-3,"West Coast","2017",14
0,"Rushed",0,0,0,0,0,2,0,0,0,0,0,0,0,0,0,0,0,0,0,0,0,0,0,-3,"West Coast","2017",14
32,"Bugg, Tomas",5,2,4,9,1,0,0,4,1,2,0,3,0,1,0,0,10,0,0,2,0,1,83,3,"Melbourne","2017",14
17,"Frost, Sam",7,3,6,13,0,0,0,2,5,1,1,3,1,1,0,4,9,0,0,6,1,0,90,3,"Melbourne","2017",14
36,"Garlett, Jeff",3,2,1,4,0,0,0,0,0,1,0,2,0,2,0,1,2,0,1,0,0,2,80,3,"Melbourne","2017",14
11,"Gawn, Max",7,4,8,15,0,0,42,1,1,3,1,2,1,0,0,5,11,2,0,1,0,0,71,3,"Melbourne","2017",14
19,"Hannan, Mitch",9,3,8,17,1,2,0,3,0,2,3,5,1,1,0,8,8,0,1,1,0,0,77,3,"Melbourne","2017",14
43,"Harmes, James",7,2,14,21,1,0,0,5,0,4,0,0,0,0,0,6,16,0,1,2,1,1,77,3,"Melbourne","2017",14
14,"Hibberd, Michael",12,3,14,26,0,0,0,1,4,0,2,2,1,0,0,8,19,0,0,4,0,0,93,3,"Melbourne","2017",14
29,"Hunt, Jayden",4,0,9,13,0,0,0,4,2,2,1,2,0,2,0,2,13,0,0,6,0,0,86,3,"Melbourne","2017",14
39,"Jetta, Neville",6,2,5,11,0,0,0,2,2,0,0,1,0,1,0,4,6,0,0,2,0,0,91,3,"Melbourne","2017",14
6,"Lewis, Jordan",7,3,22,29,0,0,0,1,0,3,4,4,1,2,0,10,20,0,0,2,0,1,86,3,"Melbourne","2017",14
28,"McDonald, Oscar",3,2,4,7,0,0,0,3,1,1,0,3,1,2,0,4,3,0,0,4,0,0,93,3,"Melbourne","2017",14
25,"McDonald, Tom",12,8,5,17,5,2,6,0,0,3,1,2,1,2,2,8,10,3,5,6,0,0,87,3,"Melbourne","2017",14
18,"Melksham, Jake",12,4,6,18,1,0,0,3,1,4,1,6,0,1,0,4,14,0,1,2,1,1,84,3,"Melbourne","2017",14
30,"Neal-Bullen, Alex",6,0,7,13,2,1,0,4,0,1,0,1,1,0,0,1,12,0,0,0,0,0,80,3,"Melbourne","2017",14
13,"Oliver, Clayton",7,2,21,28,0,1,0,7,0,2,8,5,1,5,0,18,11,1,0,0,0,2,74,3,"Melbourne","2017",14
21,"Pedersen, Cameron",7,3,8,15,1,1,7,2,1,4,2,1,0,1,0,7,9,1,2,4,0,2,85,3,"Melbourne","2017",14
5,"Petracca, Christian",7,1,13,20,1,0,0,2,1,3,6,3,0,1,0,10,11,0,0,0,0,0,82,3,"Melbourne","2017",14
3,"Salem, Christian",7,3,9,16,0,0,0,4,4,1,1,4,1,0,0,4,8,0,0,0,1,0,59,3,"Melbourne","2017",14
15,"Stretch, Billy",5,1,17,22,1,0,0,4,3,1,0,1,2,0,0,13,10,0,0,2,1,1,81,3,"Melbourne","2017",14
12,"Tyson, Dom",12,2,21,33,0,1,0,5,1,3,7,6,1,2,1,18,15,1,0,1,0,0,76,3,"Melbourne","2017",14
23,"Vince, Bernie",18,8,9,27,0,0,0,5,7,3,2,2,0,1,0,6,19,0,0,1,1,0,86,3,"Melbourne","2017",14
7,"Viney, Jack",11,3,27,38,1,0,0,2,6,3,9,5,3,2,3,26,12,0,0,1,0,0,79,3,"Melbourne","2017",14
0,"Rushed",0,0,0,0,0,1,0,0,0,0,0,0,0,0,0,0,0,0,0,0,0,0,0,3,"Melbourne","2017",14
