"Number","Player","Kicks","Marks","Handballs","Disposals","Goals","Behinds","Hitouts","Tackles","Rebounds50s","Inside50s","Clearances","Clangers","FreesFor","FreesAgainst","BrownlowVotes","ContestedPossessions","UncontestedPossessions","ContestedMarks","MarksInside50","OnePercenters","Bounces","GoalAssists","PercentagePlayed","PointDifference","Team","Season","Round"
13,"Ah Chee, Callum",9,4,5,14,0,0,0,3,2,0,0,2,0,1,0,5,8,1,0,4,0,0,76,-33,"Gold Coast","2017",22
27,"Ainsworth, Ben",7,6,3,10,3,0,0,1,1,2,0,3,0,2,0,7,5,2,3,0,0,0,75,-33,"Gold Coast","2017",22
31,"Brooksby, Keegan",6,2,6,12,0,0,19,4,0,0,3,3,3,1,0,7,6,0,0,5,0,0,79,-33,"Gold Coast","2017",22
8,"Fiorini, Brayden",10,6,8,18,0,0,0,3,3,2,2,1,0,0,0,4,13,0,0,1,0,0,77,-33,"Gold Coast","2017",22
33,"Hall, Aaron",17,8,14,31,0,0,0,3,4,6,2,5,1,2,0,9,22,1,0,0,0,1,78,-33,"Gold Coast","2017",22
14,"Hallahan, Mitch",13,5,10,23,1,0,0,4,3,2,5,3,1,1,0,8,15,0,0,1,0,1,70,-33,"Gold Coast","2017",22
1,"Hanley, Pearce",15,5,8,23,0,0,0,6,3,2,2,3,1,0,0,7,16,0,0,0,2,0,85,-33,"Gold Coast","2017",22
5,"Harbrow, Jarrod",7,3,5,12,0,0,0,3,0,0,1,4,0,0,0,3,8,0,0,2,0,0,87,-33,"Gold Coast","2017",22
38,"Joyce, Jesse",7,5,9,16,0,0,0,1,2,0,0,1,2,0,0,8,8,1,0,3,0,0,87,-33,"Gold Coast","2017",22
21,"Leslie, Jack",6,4,6,12,0,0,0,0,4,2,0,0,1,0,0,2,10,0,0,9,0,0,94,-33,"Gold Coast","2017",22
7,"Lonergan, Jesse",2,1,10,12,0,0,0,0,1,1,2,5,0,3,0,4,9,0,0,1,2,0,75,-33,"Gold Coast","2017",22
44,"Macpherson, Darcy",2,2,3,5,1,0,0,3,0,0,0,2,0,0,0,1,4,0,1,1,0,0,86,-33,"Gold Coast","2017",22
4,"Martin, Jack",17,7,1,18,1,1,0,1,3,3,1,5,3,1,0,10,9,2,0,3,0,0,85,-33,"Gold Coast","2017",22
17,"May, Steven",15,8,10,25,0,1,0,3,8,2,0,5,0,1,0,8,14,0,0,9,1,0,95,-33,"Gold Coast","2017",22
18,"McKenzie, Trent",21,9,3,24,0,0,0,3,9,0,0,1,1,0,0,4,17,1,0,4,0,0,82,-33,"Gold Coast","2017",22
11,"Miller, Touk",6,1,10,16,0,0,0,4,0,2,2,1,2,0,0,8,8,0,0,0,0,1,83,-33,"Gold Coast","2017",22
3,"Rosa, Matt",9,5,12,21,0,0,0,2,1,2,3,3,2,2,0,5,17,0,0,0,0,1,84,-33,"Gold Coast","2017",22
42,"Saad, Adam",5,1,4,9,0,0,0,3,2,2,0,3,0,3,0,2,9,0,0,6,6,0,76,-33,"Gold Coast","2017",22
36,"Schoenfeld, Josh",3,2,3,6,1,0,0,0,1,0,0,1,0,0,0,2,3,0,1,0,0,0,78,-33,"Gold Coast","2017",22
43,"Spencer, Max",7,3,4,11,0,0,0,1,1,0,2,2,1,1,0,6,6,0,0,5,0,0,85,-33,"Gold Coast","2017",22
24,"Swallow, David",13,3,7,20,1,1,0,4,3,2,4,2,2,0,0,8,11,0,0,2,0,1,78,-33,"Gold Coast","2017",22
30,"Wright, Peter",5,5,3,8,1,0,8,0,0,0,0,0,0,0,0,3,5,2,1,1,0,0,86,-33,"Gold Coast","2017",22
0,"Totals",202,95,144,346,9,3,27,52,51,30,29,55,20,18,0,121,223,10,6,57,11,5,0,-33,"Gold Coast","2017",22
29,"Ambrose, Patrick",7,4,6,13,0,0,0,3,2,2,0,3,0,1,0,3,11,1,0,8,0,0,91,33,"Essendon","2017",22
12,"Baguley, Mark",14,9,11,25,0,0,0,1,3,1,0,2,0,1,0,9,16,0,0,7,1,0,89,33,"Essendon","2017",22
16,"Begley, Josh",10,7,3,13,2,1,0,2,1,3,0,2,0,2,0,2,11,1,3,0,0,3,78,33,"Essendon","2017",22
2,"Bellchambers, Tom",16,6,4,20,0,2,34,2,1,3,5,4,1,1,2,13,8,2,1,0,0,0,84,33,"Essendon","2017",22
24,"Bird, Craig",12,2,11,23,0,0,0,4,0,5,3,3,0,0,0,7,18,0,0,3,0,0,79,33,"Essendon","2017",22
6,"Daniher, Joe",6,4,4,10,1,0,3,1,0,2,0,3,1,2,0,5,5,3,1,2,0,0,96,33,"Essendon","2017",22
8,"Gleeson, Martin",12,6,4,16,0,0,0,4,1,2,0,1,3,1,0,5,11,0,0,7,0,0,82,33,"Essendon","2017",22
9,"Goddard, Brendon",13,14,12,25,0,0,0,2,3,3,0,3,0,1,0,4,21,1,0,2,1,0,85,33,"Essendon","2017",22
15,"Green, Josh",9,1,3,12,1,2,0,4,1,2,1,4,2,1,0,6,5,0,1,0,0,0,67,33,"Essendon","2017",22
36,"Hartley, Michael",12,6,6,18,0,0,0,4,0,5,0,2,2,1,0,9,10,1,0,6,0,0,89,33,"Essendon","2017",22
21,"Heppell, Dyson",15,8,9,24,1,0,0,4,0,5,6,3,2,0,1,11,13,0,0,3,1,1,83,33,"Essendon","2017",22
26,"Hooker, Cale",8,9,11,19,2,2,0,2,0,1,1,3,0,2,0,8,11,4,4,1,0,0,84,33,"Essendon","2017",22
47,"Kelly, James",11,9,11,22,0,0,0,5,0,2,0,5,0,4,0,5,17,1,0,2,0,0,80,33,"Essendon","2017",22
33,"Laverde, Jayden",10,5,6,16,0,3,0,6,0,3,0,2,1,1,0,4,12,0,1,1,0,1,79,33,"Essendon","2017",22
43,"McDonald-Tipungwuti, Anthony",8,5,7,15,1,0,0,4,0,3,1,0,1,0,0,5,11,0,1,4,0,1,81,33,"Essendon","2017",22
1,"McGrath, Andrew",13,6,12,25,0,0,0,2,4,1,3,4,1,1,0,7,19,0,0,0,0,0,73,33,"Essendon","2017",22
45,"McKenna, Conor",7,3,7,14,1,0,0,0,0,2,0,1,0,0,0,7,7,0,0,2,4,0,82,33,"Essendon","2017",22
7,"Merrett, Zach",12,3,11,23,0,0,0,5,2,5,5,1,4,0,0,11,11,0,0,0,1,0,79,33,"Essendon","2017",22
23,"Myers, David",11,6,6,17,0,1,0,5,0,5,3,2,0,0,0,4,12,0,1,0,0,0,79,33,"Essendon","2017",22
3,"Parish, Darcy",8,4,13,21,1,0,0,2,1,1,3,0,0,0,0,8,12,0,0,1,0,0,70,33,"Essendon","2017",22
17,"Stewart, James",6,5,3,9,2,1,1,1,0,0,0,1,0,1,0,4,6,1,3,2,0,0,81,33,"Essendon","2017",22
11,"Zaharakis, David",23,5,15,38,0,0,0,4,1,15,5,5,0,0,3,10,28,0,0,2,0,3,89,33,"Essendon","2017",22
0,"Rushed",0,0,0,0,0,6,0,0,0,0,0,0,0,0,0,0,0,0,0,0,0,0,0,33,"Essendon","2017",22
