"Number","Player","Kicks","Marks","Handballs","Disposals","Goals","Behinds","Hitouts","Tackles","Rebounds50s","Inside50s","Clearances","Clangers","FreesFor","FreesAgainst","BrownlowVotes","ContestedPossessions","UncontestedPossessions","ContestedMarks","MarksInside50","OnePercenters","Bounces","GoalAssists","PercentagePlayed","PointDifference","Team","Season","Round"
13,"Ah Chee, Callum",1,1,1,2,0,0,0,2,0,0,0,1,0,0,0,0,2,0,1,0,0,0,34,-33,"Gold Coast","2017",19
27,"Ainsworth, Ben",4,1,1,5,0,1,0,2,0,3,0,2,0,1,0,3,2,0,1,1,0,2,47,-33,"Gold Coast","2017",19
8,"Fiorini, Brayden",15,5,6,21,1,0,0,1,3,0,1,5,2,0,0,8,11,0,1,1,0,0,81,-33,"Gold Coast","2017",19
33,"Hall, Aaron",22,8,18,40,0,1,0,6,2,10,3,7,1,0,2,11,29,0,0,1,0,0,84,-33,"Gold Coast","2017",19
1,"Hanley, Pearce",19,5,12,31,0,0,0,1,8,2,3,5,2,2,0,13,14,1,0,1,0,0,91,-33,"Gold Coast","2017",19
5,"Harbrow, Jarrod",17,10,4,21,0,0,0,0,3,1,1,4,0,2,0,2,18,0,0,3,0,0,94,-33,"Gold Coast","2017",19
38,"Joyce, Jesse",4,6,8,12,0,0,0,3,1,0,0,1,1,1,0,4,8,0,0,0,0,0,88,-33,"Gold Coast","2017",19
23,"Lemmens, Sean",10,4,5,15,0,0,0,3,2,0,0,3,2,1,0,5,8,0,0,1,0,0,89,-33,"Gold Coast","2017",19
7,"Lonergan, Jesse",10,5,6,16,1,0,0,5,1,1,3,1,2,0,0,9,8,0,0,1,0,0,84,-33,"Gold Coast","2017",19
19,"Lynch, Tom",7,5,8,15,3,0,0,5,0,1,0,1,1,1,0,10,5,1,2,3,0,0,100,-33,"Gold Coast","2017",19
44,"Macpherson, Darcy",6,2,2,8,0,0,0,5,0,0,0,3,2,1,0,3,5,0,0,0,0,0,89,-33,"Gold Coast","2017",19
4,"Martin, Jack",14,5,6,20,1,0,0,3,0,1,4,3,3,1,0,11,9,2,1,1,0,1,88,-33,"Gold Coast","2017",19
11,"Miller, Touk",8,5,7,15,1,0,0,2,1,1,1,2,1,1,0,5,12,0,0,0,0,0,90,-33,"Gold Coast","2017",19
35,"Rischitelli, Michael",8,2,4,12,0,0,0,1,0,3,1,5,2,3,0,7,7,0,0,2,0,1,81,-33,"Gold Coast","2017",19
3,"Rosa, Matt",12,3,9,21,1,0,0,3,0,4,1,4,0,1,0,6,13,0,0,2,1,0,87,-33,"Gold Coast","2017",19
42,"Saad, Adam",9,4,10,19,1,0,0,3,1,3,0,2,0,0,0,2,16,0,0,7,4,0,84,-33,"Gold Coast","2017",19
37,"Scrimshaw, Jack",6,4,6,12,0,0,0,1,2,0,0,0,0,0,0,5,7,1,0,1,0,0,85,-33,"Gold Coast","2017",19
6,"Sexton, Alex",2,2,1,3,0,0,0,5,0,0,0,0,0,0,0,1,2,0,0,2,0,0,46,-33,"Gold Coast","2017",19
43,"Spencer, Max",6,6,6,12,0,0,0,0,2,0,0,2,0,1,0,4,9,0,0,5,0,0,92,-33,"Gold Coast","2017",19
24,"Swallow, David",8,3,11,19,0,0,0,4,1,2,5,5,1,3,0,11,7,0,1,0,0,1,79,-33,"Gold Coast","2017",19
28,"Witts, Jarrod",7,1,4,11,0,0,35,2,3,1,6,1,5,1,0,8,3,0,0,3,0,0,93,-33,"Gold Coast","2017",19
30,"Wright, Peter",8,7,3,11,1,1,3,2,0,1,1,3,1,0,0,7,5,2,2,1,0,0,93,-33,"Gold Coast","2017",19
0,"Rushed",0,0,0,0,0,2,0,0,0,0,0,0,0,0,0,0,0,0,0,0,0,0,0,-33,"Gold Coast","2017",19
12,"Astbury, David",12,9,7,19,0,0,0,2,1,2,0,3,0,0,0,7,12,2,0,3,0,0,100,33,"Richmond","2017",19
29,"Bolton, Shai",3,2,2,5,0,0,0,2,0,1,0,2,1,1,0,4,3,0,0,0,1,0,68,33,"Richmond","2017",19
35,"Broad, Nathan",8,4,7,15,0,0,0,2,1,1,0,4,0,1,0,4,10,1,0,3,0,0,88,33,"Richmond","2017",19
40,"Butler, Dan",5,0,2,7,0,0,0,4,0,1,1,2,1,2,0,3,5,0,0,0,0,2,73,33,"Richmond","2017",19
22,"Caddy, Josh",9,4,3,12,1,2,0,1,0,1,0,4,0,1,0,4,8,0,3,0,0,1,90,33,"Richmond","2017",19
46,"Castagna, Jason",11,6,5,16,3,3,0,2,0,1,0,1,2,0,0,6,10,0,5,1,0,0,84,33,"Richmond","2017",19
9,"Cotchin, Trent",18,2,7,25,1,1,0,4,1,5,5,4,3,2,0,9,13,0,0,2,0,0,83,33,"Richmond","2017",19
10,"Edwards, Shane",4,2,15,19,0,0,0,6,0,1,3,1,0,0,0,9,10,0,0,3,0,1,82,33,"Richmond","2017",19
5,"Ellis, Brandon",14,7,13,27,0,0,0,1,4,4,1,2,0,1,0,6,20,0,0,1,2,3,77,33,"Richmond","2017",19
32,"Ellis, Corey",8,3,6,14,1,0,0,3,2,1,0,2,0,0,0,5,8,1,1,1,0,0,72,33,"Richmond","2017",19
6,"Grigg, Shaun",9,2,8,17,1,0,0,7,1,2,4,1,1,0,0,8,9,0,1,0,0,0,84,33,"Richmond","2017",19
2,"Grimes, Dylan",5,3,10,15,0,0,0,0,1,1,0,4,0,1,0,7,6,0,0,0,0,0,80,33,"Richmond","2017",19
14,"Houli, Bachar",14,4,11,25,0,1,0,2,1,3,1,3,0,1,0,5,19,0,0,1,2,0,72,33,"Richmond","2017",19
23,"Lambert, Kane",8,2,8,16,0,1,0,5,0,2,3,4,2,1,0,7,9,0,0,1,0,0,89,33,"Richmond","2017",19
4,"Martin, Dustin",24,5,10,34,1,1,0,0,0,7,7,5,4,2,3,16,17,3,2,1,0,0,86,33,"Richmond","2017",19
33,"McIntosh, Kamdyn",11,3,5,16,0,1,0,4,2,4,2,2,0,1,0,5,11,0,1,3,0,1,84,33,"Richmond","2017",19
26,"Miles, Anthony",7,5,16,23,0,0,0,8,1,3,8,3,1,2,0,13,10,0,0,1,0,0,75,33,"Richmond","2017",19
25,"Nankervis, Toby",7,1,4,11,3,1,10,2,1,1,0,6,2,5,0,5,5,0,1,3,0,0,77,33,"Richmond","2017",19
18,"Rance, Alex",11,8,6,17,0,0,0,6,3,0,0,3,1,1,1,4,12,1,0,9,0,0,98,33,"Richmond","2017",19
17,"Rioli, Daniel",10,4,6,16,3,1,0,5,0,3,0,1,0,0,0,5,11,1,3,2,1,1,88,33,"Richmond","2017",19
47,"Soldo, Ivan",2,1,4,6,0,0,25,4,2,0,1,4,2,3,0,4,2,0,0,1,0,0,68,33,"Richmond","2017",19
1,"Vlastuin, Nick",12,7,7,19,0,0,0,3,2,1,0,2,0,1,0,3,15,1,0,2,0,0,85,33,"Richmond","2017",19
0,"Rushed",0,0,0,0,0,2,0,0,0,0,0,0,0,0,0,0,0,0,0,0,0,0,0,33,"Richmond","2017",19
