"Number","Player","Kicks","Marks","Handballs","Disposals","Goals","Behinds","Hitouts","Tackles","Rebounds50s","Inside50s","Clearances","Clangers","FreesFor","FreesAgainst","BrownlowVotes","ContestedPossessions","UncontestedPossessions","ContestedMarks","MarksInside50","OnePercenters","Bounces","GoalAssists","PercentagePlayed","PointDifference","Team","Season","Round"
30,"Brand, Kaiden",3,3,6,9,0,0,0,1,0,1,0,1,0,0,0,5,4,1,0,4,0,0,90,-16,"Hawthorn","2017",12
9,"Burgoyne, Shaun",9,9,15,24,0,1,0,1,0,4,0,2,0,0,0,6,17,1,1,0,2,0,88,-16,"Hawthorn","2017",12
5,"Burton, Ryan",9,1,10,19,0,0,0,4,2,2,1,5,2,2,0,8,12,0,0,4,0,0,83,-16,"Hawthorn","2017",12
46,"Cousins, James",5,1,8,13,0,0,0,1,1,1,0,1,0,0,0,5,8,0,0,0,0,0,71,-16,"Hawthorn","2017",12
8,"Duryea, Taylor",6,4,8,14,0,0,0,6,2,0,0,2,2,1,0,5,9,0,0,1,0,0,86,-16,"Hawthorn","2017",12
6,"Gibson, Josh",2,0,7,9,0,0,0,0,1,0,0,1,1,1,0,2,7,0,0,6,0,0,66,-16,"Hawthorn","2017",12
19,"Gunston, Jack",16,12,3,19,5,1,0,4,1,2,2,2,1,0,1,5,14,0,3,1,0,0,90,-16,"Hawthorn","2017",12
37,"Hardwick, Blake",6,4,4,10,0,0,0,7,0,1,1,3,2,0,0,2,8,0,0,2,0,1,78,-16,"Hawthorn","2017",12
4,"Hartung, Billy",12,6,13,25,0,1,0,3,2,3,1,3,0,1,0,2,24,0,0,0,8,0,76,-16,"Hawthorn","2017",12
31,"Henderson, Ricky",14,8,8,22,1,1,0,2,2,4,0,2,0,1,0,3,20,0,0,0,2,1,80,-16,"Hawthorn","2017",12
17,"Howe, Daniel",8,1,8,16,0,0,0,2,2,1,0,4,1,3,0,4,11,0,0,2,0,0,79,-16,"Hawthorn","2017",12
29,"Langford, Will",9,3,8,17,0,0,0,8,0,4,3,3,0,1,0,7,11,0,0,4,2,2,79,-16,"Hawthorn","2017",12
7,"McEvoy, Ben",5,4,6,11,1,0,32,3,0,1,2,0,1,0,0,5,6,3,1,2,0,1,84,-16,"Hawthorn","2017",12
3,"Mitchell, Tom",13,5,26,39,1,0,0,8,4,5,6,7,0,1,0,11,27,0,0,1,0,0,93,-16,"Hawthorn","2017",12
23,"OBrien, Tim",13,6,4,17,2,1,1,3,1,1,0,2,2,0,0,4,13,0,1,2,0,0,81,-16,"Hawthorn","2017",12
28,"Puopolo, Paul",4,1,7,11,0,1,0,5,0,0,0,3,2,1,0,6,4,0,0,0,0,0,84,-16,"Hawthorn","2017",12
2,"Roughead, Jarryd",10,5,11,21,0,1,3,4,0,4,4,4,0,1,0,14,9,2,0,3,0,1,92,-16,"Hawthorn","2017",12
26,"Shiels, Liam",8,3,11,19,0,0,0,10,5,2,3,2,0,1,0,6,13,0,0,1,0,0,85,-16,"Hawthorn","2017",12
21,"Sicily, James",7,3,6,13,0,0,0,2,0,3,0,1,0,0,0,3,9,0,0,1,7,2,83,-16,"Hawthorn","2017",12
16,"Smith, Isaac",15,4,9,24,1,0,0,3,4,4,3,2,0,0,0,6,17,0,0,2,0,1,76,-16,"Hawthorn","2017",12
40,"Stewart, Kade",2,1,3,5,1,0,0,6,0,1,0,1,1,1,0,1,4,0,1,2,0,2,72,-16,"Hawthorn","2017",12
11,"Whitecross, Brendan",5,3,8,13,0,0,0,6,1,2,1,1,0,0,0,3,10,0,0,0,0,0,84,-16,"Hawthorn","2017",12
0,"Totals",181,87,189,370,12,7,36,89,28,46,27,52,15,15,1,113,257,7,7,38,21,11,0,-16,"Hawthorn","2017",12
9,"Ablett, Gary",21,2,16,37,2,1,0,10,4,0,8,4,2,1,3,15,21,0,0,0,2,0,87,16,"Gold Coast","2017",12
27,"Ainsworth, Ben",8,2,10,18,1,1,0,4,1,4,1,2,0,0,0,5,12,1,1,0,0,0,63,16,"Gold Coast","2017",12
20,"Barlow, Michael",11,7,13,24,1,2,0,7,0,5,2,4,1,1,0,6,18,1,2,0,0,0,82,16,"Gold Coast","2017",12
33,"Hall, Aaron",10,3,13,23,0,1,0,2,1,5,2,3,0,1,0,6,19,0,0,2,1,1,79,16,"Gold Coast","2017",12
1,"Hanley, Pearce",13,9,6,19,0,0,0,0,4,2,1,3,0,2,0,5,14,0,0,6,0,0,84,16,"Gold Coast","2017",12
38,"Joyce, Jesse",7,4,10,17,0,0,0,1,2,0,1,0,0,0,0,5,11,0,0,3,0,0,88,16,"Gold Coast","2017",12
10,"Kolodjashnij, Kade",15,6,5,20,0,0,0,2,2,5,1,3,1,0,0,5,14,1,0,3,0,0,80,16,"Gold Coast","2017",12
23,"Lemmens, Sean",5,5,7,12,1,0,0,4,1,0,2,1,0,0,0,3,10,0,4,2,0,2,74,16,"Gold Coast","2017",12
21,"Leslie, Jack",5,8,7,12,0,0,0,1,3,0,1,3,0,2,0,3,11,0,0,4,0,0,95,16,"Gold Coast","2017",12
7,"Lonergan, Jesse",6,3,16,22,0,0,0,6,2,1,3,0,1,0,0,8,15,0,0,3,0,0,75,16,"Gold Coast","2017",12
19,"Lynch, Tom",13,10,5,18,2,1,0,2,0,4,0,1,0,0,0,7,13,1,2,6,0,2,95,16,"Gold Coast","2017",12
25,"Lyons, Jarryd",13,4,15,28,1,3,0,7,0,1,4,0,0,0,0,12,17,2,2,1,0,0,78,16,"Gold Coast","2017",12
4,"Martin, Jack",9,4,6,15,1,0,0,1,1,2,1,2,2,1,0,7,9,0,1,2,0,2,81,16,"Gold Coast","2017",12
32,"Matera, Brandon",11,2,5,16,2,4,0,4,1,2,0,2,3,0,0,7,9,0,1,0,1,0,70,16,"Gold Coast","2017",12
17,"May, Steven",18,13,6,24,0,0,0,3,5,1,1,2,1,0,2,4,18,0,0,6,0,0,98,16,"Gold Coast","2017",12
3,"Rosa, Matt",7,4,13,20,0,0,0,3,0,4,2,3,0,1,0,10,12,0,0,3,0,1,88,16,"Gold Coast","2017",12
42,"Saad, Adam",9,3,8,17,0,2,0,2,1,3,0,0,0,0,0,5,12,1,1,4,1,0,81,16,"Gold Coast","2017",12
6,"Sexton, Alex",6,2,6,12,0,0,0,1,1,3,0,0,2,0,0,5,8,0,0,1,0,0,83,16,"Gold Coast","2017",12
24,"Swallow, David",11,1,16,27,0,0,0,6,2,2,6,2,0,2,0,11,16,0,0,2,1,0,71,16,"Gold Coast","2017",12
34,"Willis, Mackenzie",7,4,5,12,0,0,0,3,1,1,1,1,0,1,0,3,10,0,0,1,2,0,73,16,"Gold Coast","2017",12
28,"Witts, Jarrod",9,5,8,17,0,0,46,4,1,1,5,3,1,2,0,7,10,0,0,1,0,0,88,16,"Gold Coast","2017",12
30,"Wright, Peter",7,10,7,14,2,0,6,0,0,3,0,2,1,1,0,5,12,2,3,4,0,1,86,16,"Gold Coast","2017",12
0,"Rushed",0,0,0,0,0,2,0,0,0,0,0,0,0,0,0,0,0,0,0,0,0,0,0,16,"Gold Coast","2017",12
