"Number","Player","Kicks","Marks","Handballs","Disposals","Goals","Behinds","Hitouts","Tackles","Rebounds50s","Inside50s","Clearances","Clangers","FreesFor","FreesAgainst","BrownlowVotes","ContestedPossessions","UncontestedPossessions","ContestedMarks","MarksInside50","OnePercenters","Bounces","GoalAssists","PercentagePlayed","PointDifference","Team","Season","Round"
21,"Buntine, Matt",5,3,2,7,0,0,0,3,0,0,0,1,0,1,0,3,8,0,1,1,0,0,84,102,"Greater Western Sydney","2017",2
18,"Cameron, Jeremy",15,12,0,15,6,1,0,2,0,4,0,4,0,3,1,2,14,1,6,1,0,0,86,102,"Greater Western Sydney","2017",2
1,"Davis, Phil",6,5,9,15,0,0,0,0,1,0,0,3,2,1,0,5,8,0,0,1,0,0,91,102,"Greater Western Sydney","2017",2
4,"Greene, Toby",11,6,11,22,5,2,0,0,0,4,2,2,3,2,3,11,11,1,3,1,3,2,83,102,"Greater Western Sydney","2017",2
32,"Griffen, Ryan",8,3,12,20,0,1,0,4,1,3,4,0,1,0,0,5,15,0,0,0,0,2,65,102,"Greater Western Sydney","2017",2
19,"Haynes, Nick",10,6,8,18,0,2,0,1,0,2,0,4,0,2,0,5,14,1,1,3,0,0,81,102,"Greater Western Sydney","2017",2
2,"Hopper, Jacob",5,1,10,15,0,0,0,1,0,1,3,1,0,1,0,12,2,0,0,0,0,2,68,102,"Greater Western Sydney","2017",2
17,"Johnson, Steve",8,2,5,13,3,2,0,4,1,2,2,0,2,0,0,4,8,1,0,1,0,1,84,102,"Greater Western Sydney","2017",2
22,"Kelly, Josh",16,5,11,27,3,1,0,1,2,8,1,4,0,1,2,11,17,0,0,0,1,1,85,102,"Greater Western Sydney","2017",2
40,"Kennedy, Adam",8,4,10,18,0,0,0,6,3,3,1,4,1,3,0,6,15,0,0,1,2,1,74,102,"Greater Western Sydney","2017",2
37,"Lobb, Rory",7,4,4,11,2,0,3,2,0,2,0,2,1,1,0,8,3,3,2,3,0,0,89,102,"Greater Western Sydney","2017",2
41,"Mumford, Shane",1,2,8,9,0,0,38,5,0,2,1,4,2,3,0,7,4,0,0,3,0,0,87,102,"Greater Western Sydney","2017",2
50,"Reid, Sam",7,2,3,10,1,2,0,4,0,1,1,0,0,0,0,6,4,0,2,0,0,0,75,102,"Greater Western Sydney","2017",2
9,"Scully, Tom",7,3,9,16,0,0,0,1,2,3,1,1,0,1,0,5,11,0,0,0,0,0,94,102,"Greater Western Sydney","2017",2
23,"Shaw, Heath",13,6,2,15,0,1,0,3,4,0,0,4,1,1,0,3,13,0,0,4,4,0,90,102,"Greater Western Sydney","2017",2
5,"Shiel, Dylan",15,2,13,28,1,1,0,2,0,7,10,1,1,0,0,18,12,0,0,2,2,1,73,102,"Greater Western Sydney","2017",2
10,"Smith, Devon",11,6,4,15,3,0,0,5,0,4,0,1,1,0,0,3,12,1,2,0,1,0,79,102,"Greater Western Sydney","2017",2
14,"Taranto, Tim",8,0,7,15,0,0,0,4,1,4,5,2,0,0,0,10,5,0,0,2,0,3,70,102,"Greater Western Sydney","2017",2
20,"Tomlinson, Adam",12,7,4,16,0,0,0,0,3,0,0,3,0,0,0,4,12,0,0,3,0,0,96,102,"Greater Western Sydney","2017",2
8,"Ward, Callan",12,2,20,32,0,0,0,1,0,4,12,2,1,1,0,16,16,0,0,0,3,2,88,102,"Greater Western Sydney","2017",2
29,"Williams, Zac",12,3,8,20,0,0,0,2,5,4,0,1,0,0,0,3,14,0,0,0,3,2,79,102,"Greater Western Sydney","2017",2
16,"Wilson, Nathan",19,0,2,21,0,0,0,0,6,7,0,6,1,3,0,1,19,0,0,2,1,0,78,102,"Greater Western Sydney","2017",2
0,"Rushed",0,0,0,0,0,3,0,0,0,0,0,0,0,0,0,0,0,0,0,0,0,0,0,102,"Greater Western Sydney","2017",2
9,"Ablett, Gary",9,0,7,16,1,1,0,5,2,2,3,1,1,0,0,7,10,0,0,0,0,0,82,-102,"Gold Coast","2017",2
13,"Ah Chee, Callum",3,2,9,12,0,0,0,3,1,1,0,2,1,1,0,5,7,0,0,1,0,0,76,-102,"Gold Coast","2017",2
27,"Ainsworth, Ben",7,5,3,10,0,0,0,3,0,1,1,0,2,0,0,4,6,1,0,1,0,1,64,-102,"Gold Coast","2017",2
20,"Barlow, Michael",9,6,11,20,1,0,0,5,2,1,0,2,0,1,0,6,14,0,1,1,1,1,80,-102,"Gold Coast","2017",2
29,"Bowes, Jack",2,2,5,7,0,1,0,4,0,1,0,1,1,0,0,2,5,0,0,2,0,0,66,-102,"Gold Coast","2017",2
33,"Hall, Aaron",15,4,4,19,0,2,0,2,2,2,0,3,0,0,0,1,17,0,1,0,0,0,85,-102,"Gold Coast","2017",2
38,"Joyce, Jesse",4,2,12,16,0,0,0,0,1,1,1,1,0,0,0,4,12,0,0,2,0,0,81,-102,"Gold Coast","2017",2
10,"Kolodjashnij, Kade",17,11,10,27,1,0,0,1,2,2,0,4,0,2,0,2,25,0,0,3,0,0,88,-102,"Gold Coast","2017",2
23,"Lemmens, Sean",3,2,3,6,0,0,0,3,1,1,0,1,2,0,0,1,5,0,1,0,0,0,73,-102,"Gold Coast","2017",2
21,"Leslie, Jack",9,6,5,14,0,0,0,0,3,1,0,0,2,0,0,3,11,0,0,5,0,0,92,-102,"Gold Coast","2017",2
19,"Lynch, Tom",7,4,7,14,0,2,1,2,0,3,0,5,3,3,0,7,7,1,1,0,0,0,90,-102,"Gold Coast","2017",2
25,"Lyons, Jarryd",14,10,10,24,0,0,0,3,0,6,3,2,1,1,0,8,16,0,0,1,0,1,74,-102,"Gold Coast","2017",2
4,"Martin, Jack",10,7,3,13,3,1,0,2,1,3,0,1,0,0,0,2,10,1,1,0,0,0,79,-102,"Gold Coast","2017",2
17,"May, Steven",15,8,7,22,0,0,0,0,4,0,2,4,1,1,0,4,16,2,0,2,0,0,95,-102,"Gold Coast","2017",2
11,"Miller, Touk",8,5,19,27,0,0,0,2,3,2,2,4,0,1,0,5,22,0,0,2,0,0,85,-102,"Gold Coast","2017",2
3,"Rosa, Matt",9,4,14,23,0,1,0,1,2,4,2,0,1,0,0,6,17,0,0,1,2,0,83,-102,"Gold Coast","2017",2
42,"Saad, Adam",5,5,12,17,0,0,0,2,4,2,1,2,0,2,0,7,10,1,0,1,8,0,81,-102,"Gold Coast","2017",2
6,"Sexton, Alex",6,2,6,12,0,0,0,3,1,4,3,2,1,2,0,5,8,1,0,0,0,0,83,-102,"Gold Coast","2017",2
24,"Swallow, David",14,4,7,21,0,1,0,5,3,2,5,2,3,1,0,11,10,0,1,1,1,1,77,-102,"Gold Coast","2017",2
16,"Thompson, Rory",9,6,7,16,0,0,0,1,2,0,0,2,0,0,0,5,10,2,0,10,0,0,93,-102,"Gold Coast","2017",2
28,"Witts, Jarrod",6,4,11,17,1,0,27,2,1,2,5,3,3,2,0,11,6,0,1,1,0,0,81,-102,"Gold Coast","2017",2
30,"Wright, Peter",6,5,6,12,1,0,2,0,0,1,2,0,2,0,0,6,7,1,1,4,0,0,91,-102,"Gold Coast","2017",2
0,"Rushed",0,0,0,0,0,1,0,0,0,0,0,0,0,0,0,0,0,0,0,0,0,0,0,-102,"Gold Coast","2017",2
