"Number","Player","Kicks","Marks","Handballs","Disposals","Goals","Behinds","Hitouts","Tackles","Rebounds50s","Inside50s","Clearances","Clangers","FreesFor","FreesAgainst","BrownlowVotes","ContestedPossessions","UncontestedPossessions","ContestedMarks","MarksInside50","OnePercenters","Bounces","GoalAssists","PercentagePlayed","PointDifference","Team","Season","Round"
12,"Baguley, Mark",18,14,8,26,0,0,0,2,2,0,0,1,0,0,0,2,23,1,0,2,0,0,84,61,"Essendon","2017",9
32,"Colyer, Travis",16,7,4,20,1,1,0,6,1,1,0,5,0,3,0,3,18,0,0,3,1,1,78,61,"Essendon","2017",9
6,"Daniher, Joe",13,3,5,18,5,0,5,2,0,2,4,4,2,3,2,9,7,0,1,2,0,0,93,61,"Essendon","2017",9
49,"Dea, Matt",9,7,6,15,1,0,0,3,3,0,0,0,1,0,0,4,12,0,0,3,0,0,92,61,"Essendon","2017",9
13,"Fantasia, Orazio",10,3,2,12,3,2,0,2,2,3,0,1,2,0,0,6,6,1,1,0,0,1,77,61,"Essendon","2017",9
9,"Goddard, Brendon",14,10,14,28,0,0,0,4,0,1,1,3,1,1,0,4,25,0,0,1,0,0,88,61,"Essendon","2017",9
15,"Green, Josh",9,2,1,10,2,2,0,5,0,2,0,1,2,0,0,7,2,1,1,1,0,0,74,61,"Essendon","2017",9
36,"Hartley, Michael",13,13,8,21,0,0,0,3,3,1,0,2,1,2,0,8,14,3,0,11,0,0,94,61,"Essendon","2017",9
21,"Heppell, Dyson",13,6,12,25,0,0,0,2,2,4,4,4,2,1,0,13,13,0,0,2,1,0,85,61,"Essendon","2017",9
26,"Hooker, Cale",8,8,10,18,2,3,0,0,0,1,0,2,1,2,0,10,8,3,4,1,0,0,81,61,"Essendon","2017",9
18,"Hurley, Michael",17,9,9,26,0,0,0,1,6,4,0,2,0,0,0,6,17,1,0,5,0,0,84,61,"Essendon","2017",9
47,"Kelly, James",13,10,10,23,0,0,0,5,3,1,1,2,0,0,0,5,20,0,0,4,0,1,78,61,"Essendon","2017",9
22,"Leuenberger, Matthew",6,3,5,11,1,0,39,6,0,1,2,1,0,1,0,4,7,0,1,6,0,0,82,61,"Essendon","2017",9
43,"McDonald-Tipungwuti, Anthony",9,5,9,18,2,1,0,2,2,5,2,3,2,0,0,10,8,0,0,0,0,1,81,61,"Essendon","2017",9
1,"McGrath, Andrew",13,5,8,21,0,0,0,1,1,2,1,1,1,0,0,2,18,0,0,2,1,0,82,61,"Essendon","2017",9
45,"McKenna, Conor",12,4,5,17,0,0,0,2,6,2,1,2,0,1,0,6,11,0,0,2,3,2,74,61,"Essendon","2017",9
7,"Merrett, Zach",21,8,16,37,0,0,0,1,1,4,4,5,3,0,3,6,31,0,0,3,1,1,79,61,"Essendon","2017",9
23,"Myers, David",11,8,9,20,0,0,0,2,2,1,2,1,0,0,0,8,13,0,0,2,0,0,66,61,"Essendon","2017",9
3,"Parish, Darcy",9,8,8,17,1,0,0,1,0,3,3,1,0,0,0,5,14,0,1,1,0,2,82,61,"Essendon","2017",9
17,"Stewart, James",5,2,4,9,1,0,0,6,0,2,0,2,0,0,0,4,5,0,1,1,0,1,82,61,"Essendon","2017",9
4,"Watson, Jobe",11,9,19,30,0,1,0,5,0,4,6,2,0,1,0,13,18,0,1,3,1,0,79,61,"Essendon","2017",9
11,"Zaharakis, David",22,8,9,31,0,1,0,7,4,5,3,3,0,0,1,8,22,0,1,1,0,1,86,61,"Essendon","2017",9
0,"Totals",272,152,181,453,19,11,44,68,38,49,34,48,18,15,6,143,312,10,12,56,8,11,0,61,"Essendon","2017",9
37,"Barrass, Tom",4,3,5,9,0,0,0,1,1,0,0,1,0,0,0,3,6,0,0,9,0,0,89,-61,"West Coast","2017",9
26,"Butler, Sam",5,3,7,12,0,0,0,2,1,1,1,0,0,0,0,2,10,0,0,1,0,0,84,-61,"West Coast","2017",9
15,"Cripps, Jamie",5,2,2,7,0,0,0,6,0,0,0,2,0,1,0,2,4,0,0,0,1,0,72,-61,"West Coast","2017",9
27,"Darling, Jack",9,7,3,12,2,5,0,6,0,2,0,2,0,1,0,6,6,2,5,4,0,0,83,-61,"West Coast","2017",9
14,"Duggan, Liam",8,4,6,14,0,1,0,6,1,1,3,1,2,1,0,7,10,0,0,0,0,0,83,-61,"West Coast","2017",9
3,"Gaff, Andrew",13,4,14,27,0,0,0,4,3,3,2,1,0,0,0,6,21,0,0,1,2,1,87,-61,"West Coast","2017",9
25,"Hurn, Shannon",8,4,9,17,0,0,0,4,0,1,0,1,1,0,0,6,11,0,0,1,0,0,85,-61,"West Coast","2017",9
17,"Kennedy, Josh",6,4,1,7,4,2,1,1,0,0,0,2,2,1,0,5,2,2,4,1,0,0,86,-61,"West Coast","2017",9
2,"LeCras, Mark",11,5,3,14,0,3,0,4,0,2,3,3,0,1,0,4,9,1,2,1,1,0,85,-61,"West Coast","2017",9
7,"Masten, Chris",7,6,17,24,0,1,0,5,2,3,2,4,0,1,0,7,18,0,0,0,0,0,83,-61,"West Coast","2017",9
20,"McGovern, Jeremy",8,6,5,13,0,0,4,1,2,1,0,6,0,4,0,3,10,1,0,4,0,0,83,-61,"West Coast","2017",9
36,"McInnes, Fraser",3,4,11,14,0,0,5,1,1,0,1,0,1,0,0,6,8,0,0,4,0,1,74,-61,"West Coast","2017",9
1,"Mitchell, Sam",13,3,11,24,0,0,0,3,1,5,4,2,2,1,0,6,16,0,0,0,0,0,86,-61,"West Coast","2017",9
38,"Mutimer, Kurt",9,3,2,11,0,0,0,3,0,3,3,1,0,0,0,4,6,0,1,0,0,0,76,-61,"West Coast","2017",9
11,"Priddis, Matt",10,6,12,22,0,0,0,6,0,4,2,3,0,1,0,6,17,0,0,1,0,0,81,-61,"West Coast","2017",9
8,"Redden, Jack",4,3,4,8,0,0,0,6,1,2,0,3,0,1,0,1,7,0,0,2,0,1,83,-61,"West Coast","2017",9
4,"Sheed, Dom",13,4,5,18,0,0,0,2,2,5,2,1,1,0,0,8,12,0,0,2,1,0,73,-61,"West Coast","2017",9
5,"Sheppard, Brad",10,1,6,16,0,0,0,3,3,3,0,2,1,0,0,3,12,0,0,3,0,0,88,-61,"West Coast","2017",9
13,"Shuey, Luke",7,3,19,26,0,2,0,4,0,3,3,5,2,0,0,12,17,0,0,4,0,1,83,-61,"West Coast","2017",9
19,"Vardy, Nathan",6,6,3,9,2,0,22,1,1,3,1,2,1,1,0,4,7,2,0,2,0,0,71,-61,"West Coast","2017",9
12,"Wellingham, Sharrod",6,2,5,11,0,0,0,0,3,2,0,3,1,3,0,7,5,0,0,3,0,1,74,-61,"West Coast","2017",9
6,"Yeo, Elliot",14,5,5,19,0,0,0,4,5,4,1,2,1,1,0,4,13,1,0,2,0,0,91,-61,"West Coast","2017",9
0,"Rushed",0,0,0,0,0,2,0,0,0,0,0,0,0,0,0,0,0,0,0,0,0,0,0,-61,"West Coast","2017",9
