"Number","Player","Kicks","Marks","Handballs","Disposals","Goals","Behinds","Hitouts","Tackles","Rebounds50s","Inside50s","Clearances","Clangers","FreesFor","FreesAgainst","BrownlowVotes","ContestedPossessions","UncontestedPossessions","ContestedMarks","MarksInside50","OnePercenters","Bounces","GoalAssists","PercentagePlayed","PointDifference","Team","Season","Round"
20,"Armitage, David",6,2,10,16,1,1,0,3,1,0,0,4,3,2,0,7,12,0,0,2,0,1,76,-30,"St Kilda","2017",1
15,"Billings, Jack",10,2,10,20,1,1,0,3,0,3,2,3,0,0,0,9,10,0,1,0,0,0,89,-30,"St Kilda","2017",1
22,"Brown, Nathan",2,2,7,9,0,0,0,1,2,0,0,1,0,1,0,5,4,0,0,11,0,0,90,-30,"St Kilda","2017",1
27,"Bruce, Josh",6,2,7,13,1,0,0,1,0,2,2,1,2,1,0,8,6,1,0,1,0,0,88,-30,"St Kilda","2017",1
2,"Carlisle, Jake",5,2,6,11,0,0,0,1,4,0,0,0,0,0,0,8,2,1,0,4,0,0,86,-30,"St Kilda","2017",1
7,"Dunstan, Luke",8,4,8,16,1,0,0,3,1,4,4,0,1,0,0,6,10,0,0,1,0,0,73,-30,"St Kilda","2017",1
14,"Geary, Jarryn",10,3,10,20,0,0,0,1,2,1,2,3,0,0,0,7,15,0,0,4,2,0,91,-30,"St Kilda","2017",1
19,"Gilbert, Sam",6,3,5,11,0,0,0,3,0,1,0,1,0,1,0,4,7,0,0,2,0,0,74,-30,"St Kilda","2017",1
4,"Gresham, Jade",9,4,3,12,3,1,0,1,0,3,0,2,0,1,0,5,8,0,2,1,0,1,77,-30,"St Kilda","2017",1
1,"Hickey, Tom",4,1,4,8,0,0,18,2,0,0,2,3,0,2,0,5,3,1,0,0,0,1,90,-30,"St Kilda","2017",1
13,"Lonie, Jack",8,0,7,15,1,1,0,6,0,3,3,5,2,2,0,9,5,0,0,0,1,1,75,-30,"St Kilda","2017",1
28,"Membrey, Tim",10,2,5,15,1,1,0,3,0,5,0,3,3,0,0,9,7,1,1,0,0,1,86,-30,"St Kilda","2017",1
16,"Newnes, Jack",12,6,8,20,0,0,0,2,6,2,5,4,0,0,0,7,13,0,0,2,0,0,88,-30,"St Kilda","2017",1
12,"Riewoldt, Nick",12,7,2,14,4,0,0,3,0,4,0,2,2,0,0,6,8,3,3,0,0,0,83,-30,"St Kilda","2017",1
17,"Roberton, Dylan",10,4,9,19,0,1,0,2,3,1,1,2,0,0,0,2,16,0,0,3,0,0,84,-30,"St Kilda","2017",1
6,"Ross, Sebastian",8,1,8,16,0,0,1,1,0,3,2,4,0,2,0,4,12,0,0,0,0,0,81,-30,"St Kilda","2017",1
5,"Savage, Shane",8,3,7,15,0,0,0,2,7,1,0,2,0,1,0,3,10,0,0,1,1,0,87,-30,"St Kilda","2017",1
9,"Steele, Jack",8,7,15,23,0,1,0,4,2,1,3,1,2,0,0,12,13,2,1,2,0,0,78,-30,"St Kilda","2017",1
3,"Steven, Jack",17,4,10,27,0,1,0,3,2,4,3,4,1,1,0,8,17,0,0,2,2,0,80,-30,"St Kilda","2017",1
29,"Webster, Jimmy",10,1,4,14,0,0,0,2,1,1,1,3,0,0,0,5,9,0,0,2,0,0,73,-30,"St Kilda","2017",1
44,"Weller, Maverick",7,4,8,15,0,2,0,5,1,2,1,3,4,1,0,7,8,0,2,0,0,0,86,-30,"St Kilda","2017",1
34,"Wright, Nathan",3,0,5,8,0,0,0,1,0,2,0,0,0,0,0,3,4,0,0,1,0,0,66,-30,"St Kilda","2017",1
0,"Rushed",0,0,0,0,0,2,0,0,0,0,0,0,0,0,0,0,0,0,0,0,0,0,0,-30,"St Kilda","2017",1
10,"Brayshaw, Angus",8,5,13,21,1,0,0,3,1,1,3,1,0,0,0,9,13,0,1,1,0,0,81,30,"Melbourne","2017",1
36,"Garlett, Jeff",7,1,2,9,3,1,0,4,1,3,0,2,0,0,0,4,5,0,0,1,1,0,94,30,"Melbourne","2017",1
11,"Gawn, Max",9,4,4,13,0,1,49,4,1,2,3,3,1,1,1,7,5,0,2,2,0,1,84,30,"Melbourne","2017",1
19,"Hannan, Mitch",10,7,6,16,2,0,0,4,0,5,1,2,0,1,0,4,13,0,2,1,0,3,82,30,"Melbourne","2017",1
1,"Hogan, Jesse",16,8,5,21,3,1,0,4,1,5,3,2,1,0,0,9,10,4,5,2,0,0,90,30,"Melbourne","2017",1
29,"Hunt, Jayden",14,5,5,19,0,1,0,5,0,4,0,3,2,1,0,4,15,0,0,2,1,1,89,30,"Melbourne","2017",1
39,"Jetta, Neville",11,5,9,20,1,0,0,2,2,0,0,4,1,2,0,8,11,1,0,3,0,0,79,30,"Melbourne","2017",1
2,"Jones, Nathan",15,6,20,35,1,0,0,4,2,5,4,1,1,0,2,10,25,0,0,1,0,1,87,30,"Melbourne","2017",1
6,"Lewis, Jordan",18,9,14,32,0,0,0,3,0,6,4,6,1,1,0,9,24,0,1,2,0,0,87,30,"Melbourne","2017",1
28,"McDonald, Oscar",13,5,6,19,0,0,0,2,2,0,1,4,0,1,0,9,10,1,0,8,0,0,91,30,"Melbourne","2017",1
25,"McDonald, Tom",18,13,6,24,0,0,0,1,4,1,0,5,1,2,0,2,22,0,0,9,0,0,97,30,"Melbourne","2017",1
18,"Melksham, Jake",11,9,4,15,0,0,0,1,3,0,0,4,0,4,0,1,16,0,0,0,0,0,73,30,"Melbourne","2017",1
30,"Neal-Bullen, Alex",16,5,7,23,1,3,0,6,0,6,4,3,0,0,0,10,13,1,1,1,0,0,82,30,"Melbourne","2017",1
13,"Oliver, Clayton",9,5,27,36,0,0,0,7,1,0,9,5,1,1,3,14,22,0,0,1,0,1,75,30,"Melbourne","2017",1
5,"Petracca, Christian",14,6,9,23,2,0,0,0,0,5,1,4,1,0,0,11,12,1,2,0,0,2,90,30,"Melbourne","2017",1
3,"Salem, Christian",17,8,3,20,0,0,0,2,3,3,0,2,0,2,0,2,17,0,0,1,0,1,85,30,"Melbourne","2017",1
44,"Smith, Joel",3,1,2,5,0,0,0,1,1,0,0,2,1,1,0,3,2,1,0,1,0,0,14,30,"Melbourne","2017",1
15,"Stretch, Billy",6,3,20,26,1,1,0,2,0,1,3,1,1,0,0,8,19,0,1,2,0,0,85,30,"Melbourne","2017",1
23,"Vince, Bernie",19,8,11,30,1,0,0,0,2,0,0,3,0,2,0,5,23,0,0,4,0,0,85,30,"Melbourne","2017",1
7,"Viney, Jack",9,2,14,23,0,0,0,5,0,2,8,1,3,0,0,12,10,0,0,1,0,0,85,30,"Melbourne","2017",1
4,"Watts, Jack",8,6,4,12,1,1,5,0,0,4,0,1,0,1,0,1,11,0,2,0,0,0,80,30,"Melbourne","2017",1
26,"Weideman, Sam",4,2,8,12,1,1,0,1,0,2,0,1,0,0,0,5,8,0,0,3,0,2,86,30,"Melbourne","2017",1
0,"Rushed",0,0,0,0,0,2,0,0,0,0,0,0,0,0,0,0,0,0,0,0,0,0,0,30,"Melbourne","2017",1
