"Number","Player","Kicks","Marks","Handballs","Disposals","Goals","Behinds","Hitouts","Tackles","Rebounds50s","Inside50s","Clearances","Clangers","FreesFor","FreesAgainst","BrownlowVotes","ContestedPossessions","UncontestedPossessions","ContestedMarks","MarksInside50","OnePercenters","Bounces","GoalAssists","PercentagePlayed","PointDifference","Team","Season","Round"
17,"Frost, Sam",5,3,7,12,0,0,0,1,1,2,0,7,0,2,0,2,11,0,0,4,0,0,93,-46,"Melbourne","2017",17
36,"Garlett, Jeff",12,3,7,19,0,4,0,2,2,3,0,2,0,0,0,3,14,0,2,0,1,0,87,-46,"Melbourne","2017",17
11,"Gawn, Max",7,2,4,11,1,0,31,2,0,1,3,3,2,1,0,8,3,1,2,2,0,0,85,-46,"Melbourne","2017",17
19,"Hannan, Mitch",5,0,8,13,0,0,0,3,0,2,3,6,1,1,0,4,9,0,0,0,1,0,72,-46,"Melbourne","2017",17
43,"Harmes, James",5,1,12,17,0,0,0,4,0,1,2,2,0,2,0,6,14,0,0,2,1,0,72,-46,"Melbourne","2017",17
14,"Hibberd, Michael",23,5,9,32,0,0,0,0,9,6,2,2,3,0,0,11,18,0,0,3,0,1,90,-46,"Melbourne","2017",17
1,"Hogan, Jesse",7,7,4,11,0,1,0,1,0,4,0,2,1,0,0,1,10,0,2,0,0,1,86,-46,"Melbourne","2017",17
29,"Hunt, Jayden",19,7,8,27,1,0,0,2,8,5,0,4,3,0,0,10,13,1,0,1,4,1,87,-46,"Melbourne","2017",17
39,"Jetta, Neville",3,2,11,14,0,0,0,1,0,0,0,0,0,0,0,2,12,0,0,4,0,0,87,-46,"Melbourne","2017",17
24,"Kennedy Harris, Jay",13,4,15,28,0,0,0,5,2,4,1,4,1,0,0,10,18,0,0,1,0,1,83,-46,"Melbourne","2017",17
16,"Kent, Dean",3,1,2,5,1,1,0,3,0,1,0,1,2,0,0,4,2,0,1,1,0,0,52,-46,"Melbourne","2017",17
6,"Lewis, Jordan",13,3,20,33,0,0,0,4,0,3,6,3,2,1,0,10,22,0,0,3,2,0,86,-46,"Melbourne","2017",17
28,"McDonald, Oscar",8,4,7,15,0,0,0,1,3,0,1,2,1,0,0,8,8,0,0,10,0,0,91,-46,"Melbourne","2017",17
25,"McDonald, Tom",7,5,5,12,1,1,1,1,0,1,0,4,1,2,0,6,6,2,1,1,0,0,85,-46,"Melbourne","2017",17
18,"Melksham, Jake",12,4,1,13,3,1,0,4,0,6,0,3,1,1,0,4,7,0,1,1,0,0,88,-46,"Melbourne","2017",17
30,"Neal-Bullen, Alex",11,2,12,23,1,0,0,6,0,5,3,2,2,0,0,11,12,0,0,0,0,1,79,-46,"Melbourne","2017",17
13,"Oliver, Clayton",8,2,19,27,1,0,0,4,1,3,8,2,0,0,0,14,12,0,0,1,0,0,79,-46,"Melbourne","2017",17
21,"Pedersen, Cameron",7,4,5,12,0,1,10,2,0,2,0,3,2,1,0,5,7,0,1,0,0,0,82,-46,"Melbourne","2017",17
5,"Petracca, Christian",7,1,16,23,1,0,0,1,1,3,4,5,0,1,0,15,8,0,0,1,0,1,77,-46,"Melbourne","2017",17
44,"Smith, Joel",5,1,7,12,0,0,0,5,1,0,0,3,0,2,0,1,10,0,0,3,0,0,77,-46,"Melbourne","2017",17
23,"Vince, Bernie",10,5,6,16,0,0,0,5,1,3,3,3,1,3,0,6,10,0,0,0,0,0,85,-46,"Melbourne","2017",17
42,"Wagner, Josh",7,1,11,18,0,0,0,1,1,0,1,0,1,0,0,9,8,0,0,4,0,1,75,-46,"Melbourne","2017",17
0,"Rushed",0,0,0,0,0,1,0,0,0,0,0,0,0,0,0,0,0,0,0,0,0,0,0,-46,"Melbourne","2017",17
21,"Atkins, Rory",9,1,9,18,0,0,0,0,1,2,1,5,0,1,0,3,15,0,0,4,1,0,80,46,"Adelaide","2017",17
18,"Betts, Eddie",11,5,5,16,2,2,0,1,0,5,1,3,0,2,0,4,11,0,2,1,0,2,89,46,"Adelaide","2017",17
16,"Brown, Luke",12,4,5,17,0,0,0,4,4,0,1,1,2,1,0,4,12,0,0,4,0,0,91,46,"Adelaide","2017",17
23,"Cameron, Charlie",12,2,8,20,0,0,0,2,0,8,6,2,2,0,0,13,8,1,0,0,1,1,83,46,"Adelaide","2017",17
2,"Crouch, Brad",9,3,18,27,1,0,0,7,3,0,5,2,2,0,1,13,13,0,0,0,0,0,82,46,"Adelaide","2017",17
44,"Crouch, Matt",13,4,18,31,0,0,0,3,3,2,5,1,1,0,0,13,18,0,0,0,0,0,80,46,"Adelaide","2017",17
26,"Douglas, Richard",15,4,8,23,0,0,0,2,1,6,4,4,2,2,0,10,14,0,0,1,0,1,85,46,"Adelaide","2017",17
20,"Greenwood, Hugh",6,3,10,16,0,0,0,7,0,3,7,4,0,1,0,10,4,1,0,1,0,1,64,46,"Adelaide","2017",17
24,"Jacobs, Sam",8,3,1,9,1,0,42,4,1,0,1,2,1,1,0,2,7,1,0,1,0,0,85,46,"Adelaide","2017",17
4,"Jenkins, Josh",8,6,5,13,1,1,8,2,1,2,1,3,2,1,0,9,6,1,3,3,0,3,87,46,"Adelaide","2017",17
8,"Kelly, Jake",5,3,6,11,0,0,0,4,0,0,1,1,0,1,0,4,6,0,0,1,0,0,88,46,"Adelaide","2017",17
3,"Knight, Riley",7,1,6,13,1,1,0,6,0,1,2,2,2,0,0,9,4,0,0,0,0,1,78,46,"Adelaide","2017",17
29,"Laird, Rory",17,5,17,34,0,0,0,3,9,1,4,6,0,1,2,14,19,0,0,2,0,0,87,46,"Adelaide","2017",17
6,"Lever, Jake",8,6,2,10,0,0,0,2,3,1,0,1,1,0,0,4,6,1,0,5,0,0,62,46,"Adelaide","2017",17
27,"Lynch, Tom",19,11,8,27,3,2,0,1,0,4,0,4,0,0,3,6,21,1,5,0,0,2,79,46,"Adelaide","2017",17
14,"Mackay, David",11,3,10,21,2,0,0,3,4,3,0,4,0,1,0,7,15,0,0,0,0,0,87,46,"Adelaide","2017",17
41,"McGovern, Mitch",9,7,2,11,2,2,0,1,0,4,0,1,0,1,0,0,11,0,3,0,0,1,83,46,"Adelaide","2017",17
22,"Otten, Andy",4,4,6,10,0,0,0,2,0,1,0,3,0,3,0,2,9,0,0,3,0,0,85,46,"Adelaide","2017",17
9,"Sloane, Rory",4,0,4,8,0,0,0,5,1,2,3,2,0,2,0,6,3,0,0,3,0,0,55,46,"Adelaide","2017",17
33,"Smith, Brodie",12,4,7,19,0,1,0,4,3,4,2,4,0,2,0,3,16,0,0,0,1,0,85,46,"Adelaide","2017",17
12,"Talia, Daniel",10,7,9,19,0,0,0,1,6,0,1,2,1,1,0,7,12,0,0,13,0,0,97,46,"Adelaide","2017",17
13,"Walker, Taylor",15,8,6,21,4,4,0,3,0,3,0,4,1,3,0,7,15,1,5,1,0,2,90,46,"Adelaide","2017",17
0,"Rushed",0,0,0,0,0,1,0,0,0,0,0,0,0,0,0,0,0,0,0,0,0,0,0,46,"Adelaide","2017",17
