"Number","Player","Kicks","Marks","Handballs","Disposals","Goals","Behinds","Hitouts","Tackles","Rebounds50s","Inside50s","Clearances","Clangers","FreesFor","FreesAgainst","BrownlowVotes","ContestedPossessions","UncontestedPossessions","ContestedMarks","MarksInside50","OnePercenters","Bounces","GoalAssists","PercentagePlayed","PointDifference","Team","Season","Round"
23,"Franklin, Lance",14,6,2,16,3,4,0,1,0,7,2,3,3,1,0,9,8,1,2,1,0,1,94,42,"Sydney","2017",18
39,"Grundy, Heath",8,6,5,13,0,0,0,0,0,2,1,3,0,2,1,4,9,2,0,7,0,0,87,42,"Sydney","2017",18
4,"Hannebery, Dan",13,5,12,25,0,1,0,1,2,7,4,1,1,1,0,12,12,1,0,0,0,1,86,42,"Sydney","2017",18
5,"Heeney, Isaac",14,4,5,19,1,1,0,1,1,3,3,3,0,1,0,8,12,0,0,3,0,0,88,42,"Sydney","2017",18
29,"Hewett, George",10,2,9,19,1,0,0,5,0,5,7,4,1,1,0,18,3,2,2,2,0,0,73,42,"Sydney","2017",18
15,"Jack, Kieren",9,1,9,18,0,1,0,4,0,3,1,1,0,0,0,5,13,0,0,0,0,1,84,42,"Sydney","2017",18
10,"Jones, Zak",4,3,5,9,0,0,0,0,0,2,0,0,0,0,0,3,6,1,0,0,0,0,57,42,"Sydney","2017",18
12,"Kennedy, Josh",13,2,12,25,1,0,0,5,1,5,4,7,0,3,2,9,17,1,1,2,0,0,88,42,"Sydney","2017",18
44,"Lloyd, Jake",11,3,10,21,0,0,0,0,3,1,0,1,1,0,0,4,18,0,0,4,0,1,93,42,"Sydney","2017",18
3,"McVeigh, Jarrad",10,6,11,21,1,0,0,1,2,1,1,2,1,1,0,1,19,0,0,2,0,0,81,42,"Sydney","2017",18
43,"Melican, Lewis",9,3,6,15,0,0,0,3,3,2,0,2,1,1,0,8,7,1,0,6,0,1,87,42,"Sydney","2017",18
14,"Mills, Callum",9,6,9,18,0,0,0,1,2,2,1,2,1,1,0,5,15,0,0,4,0,0,80,42,"Sydney","2017",18
35,"Naismith, Sam",2,1,7,9,0,0,21,2,1,1,0,1,0,1,0,5,5,0,0,5,0,0,72,42,"Sydney","2017",18
28,"Newman, Nic",9,2,5,14,0,0,0,4,2,4,0,2,0,1,0,3,11,0,0,2,1,0,83,42,"Sydney","2017",18
41,"Papley, Tom",10,3,5,15,0,0,0,3,0,5,3,5,1,3,0,6,11,1,1,1,1,4,72,42,"Sydney","2017",18
26,"Parker, Luke",13,4,8,21,0,2,0,6,1,4,6,7,2,0,0,16,5,2,1,2,0,1,80,42,"Sydney","2017",18
24,"Rampe, Dane",5,4,5,10,0,0,0,5,1,1,0,2,0,1,0,4,5,0,0,6,0,0,92,42,"Sydney","2017",18
27,"Robinson, Dan",2,3,9,11,0,0,0,3,1,2,1,2,0,1,0,5,6,0,0,0,0,0,79,42,"Sydney","2017",18
16,"Rohan, Gary",8,5,2,10,1,1,0,5,0,4,0,2,1,1,0,5,5,1,1,3,0,2,78,42,"Sydney","2017",18
18,"Sinclair, Callum",13,10,6,19,5,3,4,1,0,1,0,3,1,2,3,13,6,8,6,6,0,0,85,42,"Sydney","2017",18
40,"Smith, Nick",4,3,9,13,0,0,0,2,2,0,0,1,1,0,0,5,7,1,0,5,0,0,79,42,"Sydney","2017",18
22,"Towers, Dean",12,8,7,19,1,2,2,0,3,3,1,5,0,0,0,8,11,1,2,4,0,0,81,42,"Sydney","2017",18
0,"Rushed",0,0,0,0,0,2,0,0,0,0,0,0,0,0,0,0,0,0,0,0,0,0,0,42,"Sydney","2017",18
8,"Acres, Blake",13,6,7,20,0,0,0,2,1,4,0,3,0,1,0,5,14,0,0,0,0,0,81,-42,"St Kilda","2017",18
15,"Billings, Jack",11,5,12,23,1,1,0,3,3,1,1,1,0,0,0,3,20,1,1,1,0,0,90,-42,"St Kilda","2017",18
22,"Brown, Nathan",3,0,4,7,0,0,0,1,1,0,1,5,2,3,0,6,2,0,0,8,0,0,98,-42,"St Kilda","2017",18
27,"Bruce, Josh",5,4,7,12,3,0,0,3,1,1,0,4,4,1,0,11,2,2,0,2,0,0,85,-42,"St Kilda","2017",18
2,"Carlisle, Jake",8,8,4,12,0,0,0,1,0,0,0,1,0,0,0,5,7,2,0,4,0,0,77,-42,"St Kilda","2017",18
7,"Dunstan, Luke",14,7,15,29,1,1,0,3,1,8,7,6,1,2,0,11,18,0,0,1,0,2,84,-42,"St Kilda","2017",18
14,"Geary, Jarryn",12,6,7,19,0,0,0,3,4,0,0,2,2,0,0,5,14,0,0,1,0,0,88,-42,"St Kilda","2017",18
4,"Gresham, Jade",10,2,4,14,0,0,0,2,1,3,1,2,1,2,0,2,11,0,1,0,1,2,78,-42,"St Kilda","2017",18
18,"Longer, Billy",1,1,11,12,0,1,43,4,3,0,2,4,1,1,0,8,4,0,0,1,0,0,85,-42,"St Kilda","2017",18
13,"Lonie, Jack",4,3,4,8,0,0,0,4,0,2,0,4,1,1,0,4,5,0,0,2,0,1,64,-42,"St Kilda","2017",18
43,"Marshall, Rowan",5,4,9,14,0,0,5,2,2,0,2,0,2,0,0,9,7,0,0,1,0,0,83,-42,"St Kilda","2017",18
11,"Montagna, Leigh",13,6,8,21,0,0,0,3,3,1,0,2,2,0,0,6,15,1,0,1,0,0,51,-42,"St Kilda","2017",18
16,"Newnes, Jack",13,6,7,20,1,0,0,1,6,2,0,3,0,1,0,7,15,1,0,2,0,0,92,-42,"St Kilda","2017",18
12,"Riewoldt, Nick",6,4,4,10,1,0,0,3,1,0,0,0,1,0,0,5,5,2,2,0,1,2,90,-42,"St Kilda","2017",18
17,"Roberton, Dylan",18,3,5,23,0,0,0,1,6,2,0,3,1,0,0,5,13,0,0,0,0,0,90,-42,"St Kilda","2017",18
6,"Ross, Sebastian",16,6,21,37,0,0,0,2,3,3,3,1,0,1,0,9,29,1,0,2,0,0,89,-42,"St Kilda","2017",18
5,"Savage, Shane",17,7,10,27,1,0,0,1,2,6,0,2,1,0,0,7,21,2,0,4,1,0,79,-42,"St Kilda","2017",18
35,"Sinclair, Jack",6,1,9,15,0,0,0,3,0,0,3,2,0,0,0,8,8,0,0,1,0,0,82,-42,"St Kilda","2017",18
9,"Steele, Jack",8,4,17,25,0,0,0,5,2,2,3,3,1,0,0,11,16,0,0,0,0,1,68,-42,"St Kilda","2017",18
3,"Steven, Jack",7,2,14,21,0,0,0,3,1,1,1,2,2,1,0,9,13,0,0,0,0,0,76,-42,"St Kilda","2017",18
25,"Stevens, Koby",5,4,9,14,1,0,0,2,0,1,4,1,0,1,0,6,10,0,1,3,0,0,86,-42,"St Kilda","2017",18
29,"Webster, Jimmy",14,4,5,19,0,0,0,2,4,0,0,2,0,0,0,4,15,0,0,4,0,0,84,-42,"St Kilda","2017",18
0,"Rushed",0,0,0,0,0,2,0,0,0,0,0,0,0,0,0,0,0,0,0,0,0,0,0,-42,"St Kilda","2017",18
