"Number","Player","Kicks","Marks","Handballs","Disposals","Goals","Behinds","Hitouts","Tackles","Rebounds50s","Inside50s","Clearances","Clangers","FreesFor","FreesAgainst","BrownlowVotes","ContestedPossessions","UncontestedPossessions","ContestedMarks","MarksInside50","OnePercenters","Bounces","GoalAssists","PercentagePlayed","PointDifference","Team","Season","Round"
19,"Blakely, Connor",20,4,6,26,0,0,0,2,5,4,6,3,3,1,1,13,16,0,0,3,0,0,74,-20,"Fremantle","2017",11
17,"Crozier, Hayden",5,1,3,8,1,1,0,3,0,2,1,2,0,0,0,5,4,1,1,2,1,0,86,-20,"Fremantle","2017",11
7,"Fyfe, Nat",7,3,17,24,1,1,0,7,2,5,5,5,0,0,0,14,9,0,0,2,0,0,86,-20,"Fremantle","2017",11
28,"Grey, Brady",6,0,1,7,2,2,0,6,0,0,0,7,2,5,0,2,6,0,0,2,0,0,71,-20,"Fremantle","2017",11
12,"Griffin, Jonathon",8,5,5,13,0,0,26,5,1,1,5,6,3,3,0,8,5,1,1,0,0,0,88,-20,"Fremantle","2017",11
21,"Hamling, Joel",7,4,3,10,0,0,0,1,2,2,0,1,1,0,0,4,6,2,0,8,0,0,93,-20,"Fremantle","2017",11
9,"Hill, Bradley",14,4,8,22,1,2,0,0,3,3,2,0,1,0,0,7,14,0,0,0,2,0,87,-20,"Fremantle","2017",11
32,"Hill, Stephen",9,5,8,17,0,0,0,5,4,1,4,2,0,1,0,7,10,1,0,2,0,0,87,-20,"Fremantle","2017",11
15,"Hughes, Ethan",11,6,6,17,0,0,0,2,4,2,0,3,0,0,0,5,13,1,0,4,0,0,64,-20,"Fremantle","2017",11
37,"Johnson, Michael",12,3,3,15,0,0,0,1,4,0,0,3,1,0,0,7,6,1,0,4,0,0,94,-20,"Fremantle","2017",11
22,"Kersten, Shane",3,4,5,8,1,0,0,0,0,1,0,0,0,0,0,4,5,0,1,4,0,0,88,-20,"Fremantle","2017",11
26,"Langdon, Ed",4,2,5,9,2,0,0,0,1,0,0,0,0,0,0,3,6,0,1,1,0,0,71,-20,"Fremantle","2017",11
23,"McCarthy, Cam",5,3,4,9,1,1,0,5,0,2,0,2,0,0,0,4,5,1,2,1,0,0,91,-20,"Fremantle","2017",11
16,"Mundy, David",8,4,9,17,1,0,0,5,1,2,2,2,1,0,0,7,10,0,1,1,0,2,85,-20,"Fremantle","2017",11
27,"Neale, Lachie",11,6,11,22,1,1,0,5,1,6,6,0,4,0,0,11,10,1,0,1,1,1,80,-20,"Fremantle","2017",11
38,"Ryan, Luke",3,2,4,7,0,0,0,4,2,0,0,1,0,1,0,0,7,0,0,3,0,0,75,-20,"Fremantle","2017",11
34,"Spurr, Lee",9,3,4,13,0,0,0,0,3,0,0,1,0,1,0,4,9,1,0,2,0,0,92,-20,"Fremantle","2017",11
33,"Sutcliffe, Cam",9,2,4,13,0,1,0,4,3,1,0,1,0,0,0,2,10,0,0,2,1,0,81,-20,"Fremantle","2017",11
20,"Taberner, Matthew",5,3,3,8,1,0,2,2,0,1,0,7,0,4,0,2,7,0,0,1,0,0,79,-20,"Fremantle","2017",11
18,"Tucker, Darcy",5,2,7,12,0,0,0,1,3,1,0,2,1,0,0,3,8,0,0,0,1,0,57,-20,"Fremantle","2017",11
10,"Walters, Michael",11,3,11,22,0,0,0,1,0,6,3,5,0,3,0,11,12,1,0,1,4,3,88,-20,"Fremantle","2017",11
14,"Weller, Lachie",11,6,11,22,0,1,0,2,3,1,2,1,0,0,0,5,15,0,0,1,1,0,84,-20,"Fremantle","2017",11
0,"Rushed",0,0,0,0,0,3,0,0,0,0,0,0,0,0,0,0,0,0,0,0,0,0,0,-20,"Fremantle","2017",11
13,"Adams, Taylor",12,7,16,28,0,2,0,11,0,0,9,4,2,2,0,13,16,0,2,2,0,0,82,20,"Collingwood","2017",11
29,"Broomhead, Tim",10,4,9,19,0,1,0,1,0,3,4,3,0,0,0,8,13,0,0,1,0,0,77,20,"Collingwood","2017",11
25,"Crisp, Jack",15,6,11,26,0,0,0,1,2,3,1,3,1,2,0,9,16,0,0,1,3,2,91,20,"Collingwood","2017",11
39,"Crocker, Ben",6,4,3,9,1,1,0,0,1,1,0,2,0,0,0,2,6,0,1,0,0,0,87,20,"Collingwood","2017",11
2,"de Goey, Jordan",10,8,13,23,2,2,0,4,0,4,2,2,0,0,0,5,19,0,2,1,4,0,83,20,"Collingwood","2017",11
15,"Dunn, Lynden",12,8,6,18,0,0,0,1,4,0,1,3,3,1,0,6,13,0,0,7,0,0,87,20,"Collingwood","2017",11
5,"Elliott, Jamie",9,7,3,12,3,0,0,6,0,4,0,2,2,1,0,4,8,1,2,1,3,1,62,20,"Collingwood","2017",11
6,"Goldsack, Tyson",6,4,4,10,0,1,0,1,1,2,0,1,0,1,0,4,8,0,0,6,0,0,65,20,"Collingwood","2017",11
19,"Greenwood, Levi",16,14,7,23,1,1,0,0,1,2,0,3,0,0,0,3,20,1,2,1,0,1,75,20,"Collingwood","2017",11
4,"Grundy, Brodie",8,4,13,21,0,0,39,2,1,1,4,8,3,3,0,13,9,0,0,3,0,0,90,20,"Collingwood","2017",11
32,"Hoskin-Elliott, Will",14,8,4,18,2,1,0,1,0,4,1,2,0,1,0,5,13,1,1,1,2,0,84,20,"Collingwood","2017",11
38,"Howe, Jeremy",13,8,7,20,1,0,0,0,3,3,0,1,0,0,0,5,15,3,0,4,0,0,91,20,"Collingwood","2017",11
37,"Maynard, Brayden",13,8,4,17,0,0,0,5,2,3,0,0,1,0,0,3,15,1,0,3,0,1,89,20,"Collingwood","2017",11
30,"Moore, Darcy",11,9,1,12,2,2,3,3,0,4,2,1,2,1,0,6,7,3,3,4,0,1,88,20,"Collingwood","2017",11
10,"Pendlebury, Scott",12,6,18,30,1,3,0,3,1,3,5,3,1,0,3,13,20,0,1,2,2,1,86,20,"Collingwood","2017",11
21,"Phillips, Tom",12,9,10,22,1,0,0,2,0,5,1,1,1,0,0,5,16,0,0,0,0,1,89,20,"Collingwood","2017",11
31,"Ramsay, Jackson",3,1,8,11,0,0,0,2,0,0,0,2,0,0,0,4,8,0,0,3,0,0,80,20,"Collingwood","2017",11
12,"Scharenberg, Matt",8,5,4,12,0,0,0,1,2,0,0,0,2,0,0,2,10,0,0,4,0,0,80,20,"Collingwood","2017",11
22,"Sidebottom, Steele",21,9,11,32,0,1,0,4,1,7,5,6,1,1,2,7,24,0,0,3,1,0,92,20,"Collingwood","2017",11
40,"Smith, Josh",24,14,8,32,0,0,0,1,4,2,1,3,0,1,0,6,25,1,0,2,0,0,94,20,"Collingwood","2017",11
7,"Treloar, Adam",17,3,18,35,1,0,0,6,1,7,5,7,0,3,0,12,20,0,0,0,7,3,83,20,"Collingwood","2017",11
3,"Wells, Daniel",5,3,1,6,0,0,0,0,0,1,0,2,0,0,0,0,6,0,1,0,0,1,47,20,"Collingwood","2017",11
0,"Totals",257,149,179,436,15,15,42,55,24,59,41,59,19,17,5,135,307,11,15,49,22,12,0,20,"Collingwood","2017",11
