"Number","Player","Kicks","Marks","Handballs","Disposals","Goals","Behinds","Hitouts","Tackles","Rebounds50s","Inside50s","Clearances","Clangers","FreesFor","FreesAgainst","BrownlowVotes","ContestedPossessions","UncontestedPossessions","ContestedMarks","MarksInside50","OnePercenters","Bounces","GoalAssists","PercentagePlayed","PointDifference","Team","Season","Round"
18,"Cameron, Jeremy",10,7,9,19,1,0,0,1,2,4,0,2,0,2,0,3,15,0,1,1,0,0,86,0,"Greater Western Sydney","2017",15
35,"Corr, Aidan",8,3,4,12,0,0,0,5,1,3,1,0,2,0,0,6,7,0,0,6,0,0,85,0,"Greater Western Sydney","2017",15
1,"Davis, Phil",8,5,6,14,0,0,0,4,3,1,0,2,0,0,0,4,9,0,0,7,0,0,86,0,"Greater Western Sydney","2017",15
24,"de Boer, Matt",4,2,10,14,0,0,0,5,0,0,1,2,0,0,0,7,7,1,0,1,0,0,80,0,"Greater Western Sydney","2017",15
31,"Finlayson, Jeremy",0,0,4,4,0,0,0,3,0,0,0,0,0,0,0,1,3,0,0,0,0,0,20,0,"Greater Western Sydney","2017",15
19,"Haynes, Nick",19,9,7,26,0,0,0,2,7,2,0,4,2,0,0,7,19,0,0,6,2,0,86,0,"Greater Western Sydney","2017",15
17,"Johnson, Steve",11,4,6,17,1,1,0,6,1,4,0,5,2,1,0,8,9,0,1,1,0,2,79,0,"Greater Western Sydney","2017",15
22,"Kelly, Josh",8,4,25,33,0,0,0,3,2,5,3,4,1,2,0,13,20,0,0,1,0,1,88,0,"Greater Western Sydney","2017",15
15,"Kennedy, Matthew",2,2,12,14,0,0,0,3,1,1,1,3,0,2,0,3,12,0,0,1,0,0,72,0,"Greater Western Sydney","2017",15
38,"Lloyd, Daniel",9,2,3,12,0,0,0,3,1,2,1,3,0,0,0,4,6,0,0,1,0,0,62,0,"Greater Western Sydney","2017",15
37,"Lobb, Rory",5,6,7,12,1,2,10,0,0,1,1,1,1,0,0,8,4,3,2,4,0,0,94,0,"Greater Western Sydney","2017",15
41,"Mumford, Shane",3,1,8,11,0,0,32,7,0,1,2,2,2,2,0,6,6,0,0,5,0,0,84,0,"Greater Western Sydney","2017",15
12,"Patton, Jonathon",9,6,4,13,4,1,0,4,1,1,0,1,2,1,1,7,6,2,3,2,0,0,92,0,"Greater Western Sydney","2017",15
50,"Reid, Sam",4,0,7,11,0,0,0,2,1,1,3,5,0,1,0,7,2,0,0,1,0,0,80,0,"Greater Western Sydney","2017",15
9,"Scully, Tom",10,2,16,26,0,1,0,3,1,4,6,7,1,0,0,13,15,0,0,0,0,1,96,0,"Greater Western Sydney","2017",15
23,"Shaw, Heath",15,6,8,23,0,0,0,2,7,1,1,4,0,1,0,5,17,1,0,3,0,0,97,0,"Greater Western Sydney","2017",15
5,"Shiel, Dylan",12,2,15,27,0,0,0,2,5,2,6,2,0,0,0,10,17,0,0,0,1,0,75,0,"Greater Western Sydney","2017",15
10,"Smith, Devon",6,2,7,13,0,0,0,7,1,2,0,1,0,0,0,4,9,0,0,1,1,0,80,0,"Greater Western Sydney","2017",15
20,"Tomlinson, Adam",14,7,4,18,0,0,0,0,6,2,0,1,2,0,0,5,13,0,0,2,0,0,92,0,"Greater Western Sydney","2017",15
8,"Ward, Callan",13,3,20,33,1,0,0,6,1,1,8,2,4,1,0,14,19,0,0,0,1,0,90,0,"Greater Western Sydney","2017",15
6,"Whitfield, Lachie",18,5,9,27,1,0,0,8,1,7,2,3,1,1,2,8,18,0,0,1,0,0,95,0,"Greater Western Sydney","2017",15
16,"Wilson, Nathan",18,8,7,25,1,0,0,3,3,7,1,5,0,0,0,5,19,0,0,4,0,0,81,0,"Greater Western Sydney","2017",15
0,"Rushed",0,0,0,0,0,3,0,0,0,0,0,0,0,0,0,0,0,0,0,0,0,0,0,0,"Greater Western Sydney","2017",15
24,"Bews, Jed",6,4,6,12,0,0,0,3,2,1,1,1,0,0,0,5,7,1,0,4,0,0,85,0,"Geelong","2017",15
23,"Black, Aaron",9,4,6,15,1,0,0,2,0,5,0,2,1,0,0,1,13,0,0,0,0,0,86,0,"Geelong","2017",15
46,"Blicavs, Mark",11,4,6,17,1,1,0,6,3,2,4,4,0,3,0,9,8,1,0,6,0,0,90,0,"Geelong","2017",15
12,"Buzza, Wylie",4,3,2,6,2,0,0,7,0,1,0,4,0,2,0,3,2,1,2,2,0,0,79,0,"Geelong","2017",15
35,"Dangerfield, Patrick",16,4,29,45,1,0,0,4,3,6,13,2,2,0,3,25,19,1,0,1,2,1,81,0,"Geelong","2017",15
22,"Duncan, Mitch",11,2,15,26,0,1,0,6,2,6,5,3,1,0,0,9,18,0,0,1,0,0,81,0,"Geelong","2017",15
29,"Guthrie, Cameron",10,1,11,21,0,1,0,5,2,2,2,6,1,1,0,8,12,0,0,2,0,0,86,0,"Geelong","2017",15
39,"Guthrie, Zach",5,2,8,13,0,0,0,0,1,0,0,3,0,0,0,0,13,0,0,1,0,0,54,0,"Geelong","2017",15
26,"Hawkins, Tom",6,4,4,10,1,1,0,3,0,2,0,1,0,1,0,5,4,3,2,0,0,0,90,0,"Geelong","2017",15
25,"Henderson, Lachie",8,6,5,13,0,0,0,2,2,2,0,2,0,1,0,4,8,1,0,4,2,0,91,0,"Geelong","2017",15
8,"Kolodjashnij, Jake",5,2,7,12,0,0,0,1,0,1,0,1,0,0,0,3,9,0,0,5,0,0,88,0,"Geelong","2017",15
13,"Lonergan, Tom",9,4,6,15,0,0,0,1,0,3,0,3,1,0,0,5,9,1,0,7,0,0,91,0,"Geelong","2017",15
4,"Mackie, Andrew",13,4,5,18,0,0,0,4,4,3,0,4,0,1,0,3,16,0,0,0,0,1,90,0,"Geelong","2017",15
27,"Menegola, Sam",11,3,22,33,1,0,0,5,0,5,3,0,1,0,0,10,23,0,1,2,0,2,68,0,"Geelong","2017",15
32,"Motlop, Steven",9,1,7,16,0,0,0,2,2,1,1,3,1,0,0,3,13,0,0,0,1,1,76,0,"Geelong","2017",15
21,"Murdoch, Jordan",11,1,6,17,1,1,0,5,2,2,2,3,1,0,0,6,11,0,0,0,0,1,79,0,"Geelong","2017",15
34,"Parsons, James",8,2,5,13,1,0,0,1,1,4,2,3,0,2,0,5,6,0,0,0,0,0,88,0,"Geelong","2017",15
37,"Simpson, Sam",7,4,6,13,0,0,0,2,0,3,0,2,0,2,0,1,11,0,0,1,0,0,68,0,"Geelong","2017",15
9,"Smith, Zac",3,1,10,13,0,0,35,1,1,2,4,4,1,2,0,8,5,0,0,3,0,0,62,0,"Geelong","2017",15
1,"Stanley, Rhys",2,3,9,11,1,0,21,4,2,1,4,2,1,2,0,7,5,0,1,3,0,0,74,0,"Geelong","2017",15
7,"Taylor, Harry",8,6,14,22,0,0,0,6,5,2,1,4,1,2,0,10,9,1,0,6,0,0,100,0,"Geelong","2017",15
2,"Tuohy, Zach",14,1,8,22,0,0,0,1,5,5,1,3,2,1,0,8,12,0,0,1,0,0,93,0,"Geelong","2017",15
0,"Rushed",0,0,0,0,0,3,0,0,0,0,0,0,0,0,0,0,0,0,0,0,0,0,0,0,"Geelong","2017",15
