"Number","Player","Kicks","Marks","Handballs","Disposals","Goals","Behinds","Hitouts","Tackles","Rebounds50s","Inside50s","Clearances","Clangers","FreesFor","FreesAgainst","BrownlowVotes","ContestedPossessions","UncontestedPossessions","ContestedMarks","MarksInside50","OnePercenters","Bounces","GoalAssists","PercentagePlayed","PointDifference","Team","Season","Round"
13,"Adams, Taylor",12,2,27,39,0,0,0,3,1,5,6,7,2,1,0,19,21,0,1,2,2,0,81,-14,"Collingwood","2017",4
11,"Blair, Jarryd",6,2,10,16,1,0,0,3,0,0,1,3,1,1,0,10,9,0,0,0,1,0,73,-14,"Collingwood","2017",4
29,"Broomhead, Tim",3,0,14,17,0,2,0,2,1,1,2,2,0,1,0,9,8,0,0,1,0,0,82,-14,"Collingwood","2017",4
25,"Crisp, Jack",12,6,7,19,1,0,0,3,3,0,3,4,1,1,0,7,12,0,1,2,0,0,80,-14,"Collingwood","2017",4
5,"Elliott, Jamie",5,4,1,6,0,1,0,1,0,0,0,2,0,0,0,2,4,0,2,1,0,0,73,-14,"Collingwood","2017",4
1,"Fasolo, Alex",5,4,4,9,1,3,0,2,1,0,0,0,0,0,0,4,6,0,3,1,0,0,88,-14,"Collingwood","2017",4
6,"Goldsack, Tyson",4,2,11,15,0,0,0,1,2,1,1,2,1,1,0,8,7,0,0,5,0,0,83,-14,"Collingwood","2017",4
19,"Greenwood, Levi",8,2,9,17,0,1,0,1,1,2,1,4,2,1,0,7,10,0,2,1,0,1,77,-14,"Collingwood","2017",4
4,"Grundy, Brodie",11,7,10,21,0,0,37,3,2,4,3,4,1,2,1,6,15,0,0,1,1,0,86,-14,"Collingwood","2017",4
32,"Hoskin-Elliott, Will",8,5,6,14,2,1,0,2,0,6,0,1,0,0,0,4,11,0,1,5,0,0,88,-14,"Collingwood","2017",4
38,"Howe, Jeremy",14,10,7,21,0,0,0,5,8,3,1,2,2,0,0,9,11,3,0,7,1,0,96,-14,"Collingwood","2017",4
37,"Maynard, Brayden",11,3,7,18,0,0,0,3,3,4,3,5,1,1,0,4,14,0,0,3,1,0,83,-14,"Collingwood","2017",4
30,"Moore, Darcy",5,4,1,6,0,1,0,1,0,3,0,2,0,1,0,3,5,1,1,3,0,1,72,-14,"Collingwood","2017",4
10,"Pendlebury, Scott",6,2,19,25,0,1,0,5,0,3,8,1,1,0,0,12,12,0,0,3,0,1,77,-14,"Collingwood","2017",4
31,"Ramsay, Jackson",10,5,9,19,0,0,0,3,5,1,0,3,0,2,0,4,15,0,0,2,0,0,80,-14,"Collingwood","2017",4
20,"Reid, Ben",17,11,3,20,0,0,0,1,6,1,0,1,3,0,0,6,13,2,0,7,0,0,81,-14,"Collingwood","2017",4
41,"Schade, Henry",10,4,4,14,1,0,0,0,4,1,1,0,0,0,0,6,7,1,0,4,0,0,88,-14,"Collingwood","2017",4
22,"Sidebottom, Steele",22,7,9,31,0,0,0,2,2,4,2,6,0,0,0,4,27,0,0,2,0,0,87,-14,"Collingwood","2017",4
40,"Smith, Josh",13,7,4,17,0,0,0,5,3,3,0,1,1,0,0,4,13,0,0,1,0,0,82,-14,"Collingwood","2017",4
7,"Treloar, Adam",12,2,16,28,0,1,0,6,3,4,8,6,3,3,0,14,15,0,0,1,1,0,79,-14,"Collingwood","2017",4
18,"Varcoe, Travis",7,3,6,13,0,0,0,4,2,2,0,0,1,0,0,6,7,1,1,3,0,1,80,-14,"Collingwood","2017",4
9,"White, Jesse",3,2,3,6,1,1,2,0,0,2,0,2,0,2,0,4,4,0,0,1,0,0,84,-14,"Collingwood","2017",4
0,"Rushed",0,0,0,0,0,1,0,0,0,0,0,0,0,0,0,0,0,0,0,0,0,0,0,-14,"Collingwood","2017",4
8,"Acres, Blake",13,4,8,21,1,0,0,3,4,4,1,3,0,1,0,4,18,0,0,0,2,0,70,14,"St Kilda","2017",4
20,"Armitage, David",12,7,5,17,0,0,0,5,1,4,3,4,0,2,0,5,13,0,0,0,0,1,69,14,"St Kilda","2017",4
15,"Billings, Jack",19,10,9,28,1,4,0,1,2,6,1,3,0,0,3,11,19,1,4,1,1,0,83,14,"St Kilda","2017",4
22,"Brown, Nathan",7,5,7,14,0,0,0,1,2,1,0,2,3,1,0,6,10,0,0,5,0,0,88,14,"St Kilda","2017",4
27,"Bruce, Josh",7,4,8,15,2,1,3,5,0,3,3,3,3,3,0,9,8,1,2,0,0,0,90,14,"St Kilda","2017",4
2,"Carlisle, Jake",9,8,6,15,0,0,0,5,2,0,0,1,1,0,0,4,11,1,0,4,0,0,97,14,"St Kilda","2017",4
7,"Dunstan, Luke",5,6,6,11,0,1,0,7,0,0,1,3,1,1,0,4,8,0,1,2,1,0,64,14,"St Kilda","2017",4
14,"Geary, Jarryn",8,7,9,17,0,0,0,5,1,1,0,0,0,0,0,7,10,2,0,9,1,0,84,14,"St Kilda","2017",4
19,"Gilbert, Sam",9,4,5,14,0,0,0,4,3,1,1,1,0,0,0,6,8,1,0,3,0,0,81,14,"St Kilda","2017",4
4,"Gresham, Jade",12,4,2,14,1,1,0,4,0,5,1,2,0,1,0,6,9,0,0,0,3,0,68,14,"St Kilda","2017",4
1,"Hickey, Tom",6,5,5,11,0,0,24,3,1,2,2,4,2,2,0,7,4,3,0,1,0,0,85,14,"St Kilda","2017",4
21,"Long, Ben",6,2,2,8,0,1,0,2,0,1,0,2,0,0,0,2,5,1,1,3,0,0,71,14,"St Kilda","2017",4
13,"Lonie, Jack",6,2,5,11,0,1,0,3,0,3,1,1,1,1,0,7,6,0,1,2,0,0,74,14,"St Kilda","2017",4
28,"Membrey, Tim",11,8,1,12,2,1,0,2,0,6,0,1,0,0,0,4,7,4,3,3,0,1,84,14,"St Kilda","2017",4
11,"Montagna, Leigh",11,6,12,23,1,0,0,3,2,1,2,5,0,3,0,10,13,0,1,2,0,0,91,14,"St Kilda","2017",4
16,"Newnes, Jack",22,8,10,32,0,0,0,3,7,5,1,4,1,0,0,4,28,0,0,1,1,0,85,14,"St Kilda","2017",4
12,"Riewoldt, Nick",15,12,7,22,1,0,0,5,1,5,0,2,1,0,0,5,16,2,3,3,0,1,96,14,"St Kilda","2017",4
17,"Roberton, Dylan",24,12,8,32,0,1,0,2,6,2,0,1,1,0,2,6,21,1,0,4,3,0,83,14,"St Kilda","2017",4
6,"Ross, Sebastian",19,7,17,36,0,1,0,3,2,7,5,4,1,2,0,12,22,0,0,0,0,0,86,14,"St Kilda","2017",4
9,"Steele, Jack",5,6,15,20,0,1,0,9,2,0,0,1,0,1,0,8,12,0,2,1,0,1,78,14,"St Kilda","2017",4
29,"Webster, Jimmy",13,6,12,25,0,0,0,5,3,3,0,1,0,0,0,5,18,1,0,2,0,0,83,14,"St Kilda","2017",4
44,"Weller, Maverick",9,4,11,20,0,0,0,7,0,6,0,5,2,2,0,6,14,1,0,1,0,1,88,14,"St Kilda","2017",4
0,"Rushed",0,0,0,0,0,2,0,0,0,0,0,0,0,0,0,0,0,0,0,0,0,0,0,14,"St Kilda","2017",4
