"Number","Player","Kicks","Marks","Handballs","Disposals","Goals","Behinds","Hitouts","Tackles","Rebounds50s","Inside50s","Clearances","Clangers","FreesFor","FreesAgainst","BrownlowVotes","ContestedPossessions","UncontestedPossessions","ContestedMarks","MarksInside50","OnePercenters","Bounces","GoalAssists","PercentagePlayed","PointDifference","Team","Season","Round"
10,"Brayshaw, Angus",12,4,14,26,0,0,0,3,2,3,1,2,1,0,0,10,17,1,0,2,0,0,71,24,"Melbourne","2017",21
36,"Garlett, Jeff",6,1,2,8,1,1,0,1,0,3,0,3,0,0,0,2,8,0,1,0,1,0,76,24,"Melbourne","2017",21
11,"Gawn, Max",8,5,8,16,1,1,19,2,1,1,2,5,1,5,0,6,10,2,2,3,0,0,85,24,"Melbourne","2017",21
19,"Hannan, Mitch",5,3,4,9,2,0,0,1,0,0,0,1,0,0,0,5,4,2,2,1,0,1,77,24,"Melbourne","2017",21
43,"Harmes, James",14,6,7,21,3,1,0,2,0,7,1,1,1,1,0,10,13,1,3,2,1,1,77,24,"Melbourne","2017",21
14,"Hibberd, Michael",15,4,7,22,0,0,0,3,6,2,0,0,1,0,0,9,10,1,0,2,0,0,91,24,"Melbourne","2017",21
29,"Hunt, Jayden",12,3,7,19,0,1,0,3,4,6,0,2,1,1,0,3,17,0,0,3,5,1,87,24,"Melbourne","2017",21
39,"Jetta, Neville",6,4,9,15,0,0,0,2,3,0,0,1,0,1,0,3,12,0,0,5,0,0,90,24,"Melbourne","2017",21
2,"Jones, Nathan",12,6,23,35,0,0,0,4,4,4,2,1,2,0,2,11,24,0,0,1,1,1,85,24,"Melbourne","2017",21
6,"Lewis, Jordan",14,7,11,25,0,0,0,2,1,5,1,1,1,0,0,11,15,1,0,5,0,2,91,24,"Melbourne","2017",21
28,"McDonald, Oscar",13,8,3,16,0,0,0,1,4,2,0,1,1,0,0,4,13,0,0,11,0,0,89,24,"Melbourne","2017",21
25,"McDonald, Tom",10,8,11,21,0,0,0,1,6,1,0,2,0,1,0,7,16,0,0,6,0,0,94,24,"Melbourne","2017",21
18,"Melksham, Jake",8,8,8,16,2,0,0,3,1,5,1,3,0,1,0,6,11,0,1,2,1,1,71,24,"Melbourne","2017",21
30,"Neal-Bullen, Alex",14,9,10,24,1,1,0,4,1,4,0,4,0,0,0,4,20,0,2,1,1,2,82,24,"Melbourne","2017",21
13,"Oliver, Clayton",6,2,26,32,0,0,0,6,0,3,7,2,0,2,0,14,17,1,0,0,0,0,83,24,"Melbourne","2017",21
21,"Pedersen, Cameron",13,8,13,26,2,1,4,6,1,3,1,2,1,2,3,12,14,1,3,4,0,0,91,24,"Melbourne","2017",21
5,"Petracca, Christian",6,1,8,14,0,0,0,2,0,1,0,4,0,2,0,10,4,0,0,1,0,1,85,24,"Melbourne","2017",21
12,"Tyson, Dom",7,3,12,19,1,0,0,5,0,2,4,0,0,0,0,9,11,0,0,0,0,0,71,24,"Melbourne","2017",21
23,"Vince, Bernie",11,4,7,18,0,0,0,1,3,2,2,1,3,0,0,6,12,0,0,2,1,1,78,24,"Melbourne","2017",21
7,"Viney, Jack",7,2,14,21,1,0,0,1,0,3,5,2,4,1,0,12,10,0,0,1,0,0,78,24,"Melbourne","2017",21
42,"Wagner, Josh",9,2,5,14,0,1,0,1,1,4,0,3,1,1,0,3,12,0,0,0,1,1,67,24,"Melbourne","2017",21
26,"Weideman, Sam",4,2,2,6,0,1,0,4,0,1,0,4,2,2,0,2,4,0,1,3,0,0,80,24,"Melbourne","2017",21
0,"Rushed",0,0,0,0,0,4,0,0,0,0,0,0,0,0,0,0,0,0,0,0,0,0,0,24,"Melbourne","2017",21
8,"Acres, Blake",7,0,9,16,0,0,0,4,4,4,2,3,1,1,0,6,11,0,0,0,1,0,84,-24,"St Kilda","2017",21
15,"Billings, Jack",14,9,16,30,1,3,0,6,1,3,1,1,1,0,1,8,22,1,3,4,1,2,83,-24,"St Kilda","2017",21
22,"Brown, Nathan",1,1,6,7,0,0,0,2,0,0,0,1,0,1,0,5,2,0,0,5,0,0,90,-24,"St Kilda","2017",21
27,"Bruce, Josh",6,5,4,10,1,1,0,3,0,1,0,7,0,1,0,5,5,1,2,3,0,0,90,-24,"St Kilda","2017",21
2,"Carlisle, Jake",16,7,1,17,0,0,0,1,2,5,0,2,2,0,0,6,11,2,0,6,0,0,94,-24,"St Kilda","2017",21
7,"Dunstan, Luke",14,6,10,24,2,0,0,4,3,5,3,3,2,0,0,8,16,1,1,0,0,0,79,-24,"St Kilda","2017",21
14,"Geary, Jarryn",5,2,10,15,0,0,0,4,4,0,0,3,1,0,0,8,6,1,0,2,0,0,87,-24,"St Kilda","2017",21
19,"Gilbert, Sam",8,1,13,21,0,0,0,4,1,3,1,7,1,3,0,11,11,0,0,4,0,0,87,-24,"St Kilda","2017",21
4,"Gresham, Jade",8,8,9,17,0,2,0,5,0,3,2,3,0,1,0,6,11,0,2,1,0,0,85,-24,"St Kilda","2017",21
18,"Longer, Billy",3,1,12,15,0,0,34,3,1,3,6,1,6,1,0,15,1,1,0,4,0,1,85,-24,"St Kilda","2017",21
28,"Membrey, Tim",9,7,3,12,2,1,0,1,0,2,0,4,0,1,0,2,10,0,2,2,1,0,90,-24,"St Kilda","2017",21
16,"Newnes, Jack",10,5,10,20,0,1,0,4,0,3,2,2,1,1,0,8,14,1,1,2,2,1,92,-24,"St Kilda","2017",21
17,"Roberton, Dylan",19,8,8,27,0,0,0,0,7,1,1,4,1,2,0,8,20,2,0,1,4,0,92,-24,"St Kilda","2017",21
6,"Ross, Sebastian",14,3,13,27,0,0,0,3,3,2,3,5,1,1,0,4,22,0,0,2,0,0,82,-24,"St Kilda","2017",21
5,"Savage, Shane",18,4,8,26,0,1,0,3,6,5,1,3,1,0,0,6,17,0,0,0,0,1,86,-24,"St Kilda","2017",21
35,"Sinclair, Jack",10,5,12,22,2,1,0,2,3,3,2,2,0,1,0,10,12,0,1,2,1,1,84,-24,"St Kilda","2017",21
9,"Steele, Jack",13,0,14,27,0,0,0,7,2,4,3,6,1,2,0,13,15,0,0,0,0,0,87,-24,"St Kilda","2017",21
3,"Steven, Jack",7,2,12,19,0,0,0,3,1,3,4,1,0,1,0,7,13,0,0,2,0,0,80,-24,"St Kilda","2017",21
25,"Stevens, Koby",2,1,4,6,0,0,0,0,0,2,0,1,0,1,0,1,5,0,0,0,0,0,14,-24,"St Kilda","2017",21
29,"Webster, Jimmy",8,2,1,9,1,0,0,2,3,1,0,0,0,0,0,1,8,0,0,1,1,1,84,-24,"St Kilda","2017",21
44,"Weller, Maverick",7,6,9,16,1,0,0,6,0,2,0,2,0,2,0,7,9,1,1,0,0,0,80,-24,"St Kilda","2017",21
31,"White, Brandon",4,2,6,10,0,0,0,3,2,0,0,1,1,0,0,6,4,1,0,3,0,0,67,-24,"St Kilda","2017",21
0,"Rushed",0,0,0,0,0,2,0,0,0,0,0,0,0,0,0,0,0,0,0,0,0,0,0,-24,"St Kilda","2017",21
