"Number","Player","Kicks","Marks","Handballs","Disposals","Goals","Behinds","Hitouts","Tackles","Rebounds50s","Inside50s","Clearances","Clangers","FreesFor","FreesAgainst","BrownlowVotes","ContestedPossessions","UncontestedPossessions","ContestedMarks","MarksInside50","OnePercenters","Bounces","GoalAssists","PercentagePlayed","PointDifference","Team","Season","Round"
24,"Balic, Harley",4,2,6,10,1,1,0,1,0,1,0,1,3,1,0,3,7,0,0,1,0,0,69,37,"Fremantle","2017",7
19,"Blakely, Connor",13,9,16,29,0,0,0,3,1,3,4,1,0,0,1,10,19,1,0,0,0,1,72,37,"Fremantle","2017",7
17,"Crozier, Hayden",5,5,6,11,1,1,0,2,0,1,0,2,1,0,0,6,5,1,1,0,0,0,77,37,"Fremantle","2017",7
7,"Fyfe, Nat",12,3,14,26,2,0,0,2,0,4,8,3,5,1,0,15,12,2,0,1,0,0,84,37,"Fremantle","2017",7
28,"Grey, Brady",5,3,4,9,2,0,0,5,0,0,0,0,1,0,0,4,5,0,2,1,0,0,81,37,"Fremantle","2017",7
21,"Hamling, Joel",9,11,6,15,0,0,0,1,3,0,0,0,0,0,0,3,12,1,0,4,0,0,99,37,"Fremantle","2017",7
9,"Hill, Bradley",30,16,7,37,1,1,0,0,2,6,0,3,0,0,2,3,35,0,3,1,3,0,88,37,"Fremantle","2017",7
15,"Hughes, Ethan",12,3,4,16,0,0,0,1,2,5,1,1,1,0,0,3,10,0,0,1,0,0,80,37,"Fremantle","2017",7
5,"Ibbotson, Garrick",13,7,1,14,0,0,0,1,3,1,0,2,2,1,0,2,12,0,0,0,0,0,84,37,"Fremantle","2017",7
37,"Johnson, Michael",12,5,5,17,0,0,0,3,6,1,0,1,2,1,0,7,11,0,0,7,0,0,93,37,"Fremantle","2017",7
22,"Kersten, Shane",13,9,3,16,2,3,0,0,0,7,0,2,1,0,0,7,10,2,4,0,0,3,88,37,"Fremantle","2017",7
26,"Langdon, Ed",8,2,11,19,0,0,0,1,1,3,2,3,0,0,0,5,14,0,0,0,0,0,83,37,"Fremantle","2017",7
23,"McCarthy, Cam",9,7,3,12,2,1,0,3,0,3,0,3,0,0,0,4,8,1,4,0,0,1,93,37,"Fremantle","2017",7
16,"Mundy, David",11,5,9,20,1,1,1,0,0,5,4,3,0,1,0,5,14,0,2,1,0,1,70,37,"Fremantle","2017",7
27,"Neale, Lachie",17,4,23,40,1,1,0,5,1,4,9,0,2,0,3,16,24,0,1,0,2,1,86,37,"Fremantle","2017",7
31,"Sandilands, Aaron",0,1,9,9,0,0,51,1,0,0,3,1,1,0,0,6,4,1,0,5,0,0,76,37,"Fremantle","2017",7
34,"Spurr, Lee",13,11,6,19,0,0,0,2,2,1,1,2,0,2,0,2,17,1,0,3,0,0,84,37,"Fremantle","2017",7
33,"Sutcliffe, Cam",11,7,6,17,0,0,0,0,1,1,0,1,0,0,0,2,15,1,0,2,0,0,77,37,"Fremantle","2017",7
20,"Taberner, Matthew",13,9,5,18,4,1,7,1,1,1,1,5,1,2,0,13,5,7,6,1,0,1,88,37,"Fremantle","2017",7
18,"Tucker, Darcy",9,6,8,17,0,1,0,0,2,1,1,1,0,0,0,3,14,0,0,0,0,0,65,37,"Fremantle","2017",7
10,"Walters, Michael",9,4,17,26,0,0,0,5,0,6,6,4,1,2,0,15,13,0,0,2,2,1,79,37,"Fremantle","2017",7
14,"Weller, Lachie",11,5,7,18,0,0,0,2,3,2,1,3,0,1,0,2,17,0,0,1,1,0,84,37,"Fremantle","2017",7
0,"Rushed",0,0,0,0,0,3,0,0,0,0,0,0,0,0,0,0,0,0,0,0,0,0,0,37,"Fremantle","2017",7
12,"Baguley, Mark",5,3,6,11,0,0,0,3,0,0,0,1,2,0,0,5,6,1,0,5,0,0,91,-37,"Essendon","2017",7
32,"Colyer, Travis",7,1,8,15,0,1,0,2,3,3,1,2,0,0,0,5,11,0,0,2,0,0,71,-37,"Essendon","2017",7
6,"Daniher, Joe",8,7,12,20,3,0,2,0,0,5,0,0,2,0,0,6,14,1,2,1,2,0,95,-37,"Essendon","2017",7
49,"Dea, Matt",5,1,3,8,0,0,0,1,2,0,0,3,0,2,0,1,7,0,0,2,1,0,86,-37,"Essendon","2017",7
13,"Fantasia, Orazio",6,5,7,13,0,2,0,3,1,2,0,2,2,1,0,5,9,0,2,0,0,3,82,-37,"Essendon","2017",7
10,"Francis, Aaron",6,4,7,13,0,3,0,3,1,1,0,3,0,1,0,4,8,1,2,2,0,0,85,-37,"Essendon","2017",7
8,"Gleeson, Martin",6,2,3,9,1,0,0,1,0,0,0,4,0,1,0,3,6,0,0,0,0,0,74,-37,"Essendon","2017",7
9,"Goddard, Brendon",10,6,15,25,0,0,0,5,2,5,3,4,1,2,0,6,19,0,1,0,0,2,78,-37,"Essendon","2017",7
15,"Green, Josh",9,3,1,10,1,2,0,4,0,1,2,1,0,1,0,5,6,1,1,0,0,2,78,-37,"Essendon","2017",7
36,"Hartley, Michael",3,5,6,9,0,0,0,2,0,0,0,1,0,1,0,3,6,0,0,10,0,0,89,-37,"Essendon","2017",7
21,"Heppell, Dyson",11,6,12,23,1,0,0,5,1,5,4,3,0,2,0,8,15,0,1,1,0,0,84,-37,"Essendon","2017",7
26,"Hooker, Cale",13,10,6,19,2,2,0,1,0,3,1,5,1,2,0,10,8,4,3,7,0,0,87,-37,"Essendon","2017",7
18,"Hurley, Michael",17,9,7,24,1,0,0,1,6,3,0,2,0,1,0,3,17,1,0,6,0,0,90,-37,"Essendon","2017",7
47,"Kelly, James",5,2,8,13,0,0,0,4,3,1,0,2,0,0,0,6,7,1,0,2,0,0,85,-37,"Essendon","2017",7
22,"Leuenberger, Matthew",3,0,8,11,0,0,16,7,1,0,4,3,1,1,0,10,2,0,0,2,0,0,87,-37,"Essendon","2017",7
43,"McDonald-Tipungwuti, Anthony",7,4,2,9,1,1,0,4,0,3,0,2,0,1,0,3,7,1,0,2,0,0,75,-37,"Essendon","2017",7
45,"McKenna, Conor",6,5,2,8,0,0,0,4,3,1,1,2,0,1,0,3,7,2,0,2,0,0,79,-37,"Essendon","2017",7
7,"Merrett, Zach",20,6,8,28,1,0,0,7,4,3,5,5,2,2,0,11,18,1,0,1,0,1,76,-37,"Essendon","2017",7
23,"Myers, David",9,4,4,13,0,0,0,0,3,1,0,4,0,2,0,4,11,0,0,3,0,0,79,-37,"Essendon","2017",7
3,"Parish, Darcy",7,3,11,18,0,0,0,3,2,0,2,1,1,0,0,6,11,0,0,1,0,0,69,-37,"Essendon","2017",7
5,"Stanton, Brent",9,3,8,17,0,1,0,2,0,3,3,3,0,0,0,6,12,0,0,3,0,1,77,-37,"Essendon","2017",7
11,"Zaharakis, David",9,3,5,14,0,0,0,4,2,1,2,1,0,0,0,3,11,0,0,0,0,0,82,-37,"Essendon","2017",7
0,"Rushed",0,0,0,0,0,1,0,0,0,0,0,0,0,0,0,0,0,0,0,0,0,0,0,-37,"Essendon","2017",7
