"Number","Player","Kicks","Marks","Handballs","Disposals","Goals","Behinds","Hitouts","Tackles","Rebounds50s","Inside50s","Clearances","Clangers","FreesFor","FreesAgainst","BrownlowVotes","ContestedPossessions","UncontestedPossessions","ContestedMarks","MarksInside50","OnePercenters","Bounces","GoalAssists","PercentagePlayed","PointDifference","Team","Season","Round"
24,"Bews, Jed",5,2,4,9,0,0,0,1,3,1,0,0,1,0,0,4,6,0,0,5,0,0,69,2,"Geelong","2017",10
46,"Blicavs, Mark",9,4,10,19,1,1,3,4,0,5,4,0,1,0,0,11,8,3,1,5,0,0,77,2,"Geelong","2017",10
31,"Cunico, Jordan",8,3,4,12,0,0,0,1,0,3,2,1,0,1,0,7,5,2,0,0,0,0,61,2,"Geelong","2017",10
35,"Dangerfield, Patrick",14,4,10,24,3,1,0,8,0,6,5,1,3,1,3,14,10,3,1,1,0,1,77,2,"Geelong","2017",10
22,"Duncan, Mitch",15,6,16,31,0,1,0,4,1,3,3,4,0,1,0,7,23,0,1,0,4,0,80,2,"Geelong","2017",10
29,"Guthrie, Cameron",7,4,10,17,0,1,0,6,1,0,0,1,1,1,0,5,10,0,0,2,0,0,75,2,"Geelong","2017",10
26,"Hawkins, Tom",12,6,2,14,1,3,0,4,0,1,0,3,1,3,0,6,5,2,4,1,0,1,89,2,"Geelong","2017",10
25,"Henderson, Lachie",11,7,8,19,0,0,0,2,4,0,0,2,3,1,0,7,13,0,0,3,0,0,98,2,"Geelong","2017",10
8,"Kolodjashnij, Jake",5,4,9,14,0,0,0,4,2,2,0,1,0,0,0,0,13,0,0,8,0,0,94,2,"Geelong","2017",10
11,"Lang, Darcy",7,4,10,17,0,1,0,11,1,2,0,0,0,0,0,5,12,1,0,0,0,0,80,2,"Geelong","2017",10
4,"Mackie, Andrew",11,4,8,19,0,0,0,3,0,4,0,0,2,0,0,5,13,0,0,1,0,1,85,2,"Geelong","2017",10
27,"Menegola, Sam",12,10,8,20,1,3,0,2,2,3,2,1,0,0,0,8,11,1,2,1,0,0,81,2,"Geelong","2017",10
10,"Menzel, Daniel",11,1,3,14,1,0,0,0,0,2,1,1,1,0,0,7,6,0,0,2,0,1,90,2,"Geelong","2017",10
32,"Motlop, Steven",10,4,8,18,1,1,0,2,1,4,0,1,0,0,0,2,16,0,2,1,3,0,77,2,"Geelong","2017",10
21,"Murdoch, Jordan",8,3,7,15,0,0,0,7,1,4,0,2,0,0,0,5,10,1,0,1,0,0,71,2,"Geelong","2017",10
34,"Parsons, James",2,0,7,9,1,0,0,1,0,1,1,1,0,1,0,5,4,0,0,1,0,0,85,2,"Geelong","2017",10
14,"Selwood, Joel",19,7,14,33,0,0,0,4,0,8,6,7,6,2,1,19,13,1,0,1,0,1,83,2,"Geelong","2017",10
16,"Selwood, Scott",9,3,6,15,1,0,0,17,3,2,3,2,3,2,0,6,9,0,0,0,0,0,71,2,"Geelong","2017",10
9,"Smith, Zac",3,2,10,13,0,1,35,4,1,2,4,3,2,3,0,8,6,1,0,4,0,1,86,2,"Geelong","2017",10
44,"Stewart, Tom",11,4,8,19,0,0,0,4,4,1,1,2,0,1,0,6,13,0,0,2,0,0,86,2,"Geelong","2017",10
7,"Taylor, Harry",2,3,5,7,0,1,0,1,0,1,0,0,0,0,0,4,3,1,0,3,0,0,88,2,"Geelong","2017",10
2,"Tuohy, Zach",17,5,10,27,1,0,0,0,6,3,0,3,2,0,0,4,20,0,0,2,0,0,96,2,"Geelong","2017",10
0,"Rushed",0,0,0,0,0,1,0,0,0,0,0,0,0,0,0,0,0,0,0,0,0,0,0,2,"Geelong","2017",10
41,"Ah Chee, Brendon",7,2,9,16,1,1,0,1,1,3,4,2,0,1,0,10,5,1,1,2,0,0,62,-2,"Port Adelaide","2017",10
15,"Amon, Karl",7,1,3,10,0,1,0,3,1,0,0,0,0,0,0,4,3,0,0,0,0,0,69,-2,"Port Adelaide","2017",10
1,"Boak, Travis",7,2,11,18,0,0,0,3,1,2,5,3,0,1,0,9,9,0,0,0,0,0,84,-2,"Port Adelaide","2017",10
5,"Broadbent, Matthew",6,2,3,9,0,0,0,2,3,1,0,2,0,0,0,3,3,1,0,0,0,0,78,-2,"Port Adelaide","2017",10
33,"Byrne-Jones, Darcy",9,4,3,12,0,0,0,2,2,2,1,1,0,1,0,4,8,0,0,2,0,0,86,-2,"Port Adelaide","2017",10
17,"Clurey, Tom",9,5,1,10,0,0,0,1,4,0,0,1,0,0,0,2,8,1,0,3,0,0,97,-2,"Port Adelaide","2017",10
22,"Dixon, Charlie",10,7,3,13,1,2,1,3,0,4,0,4,0,4,0,9,4,3,4,0,0,2,88,-2,"Port Adelaide","2017",10
7,"Ebert, Brad",8,2,11,19,0,0,0,10,1,1,3,2,1,1,0,10,8,1,0,1,0,0,90,-2,"Port Adelaide","2017",10
9,"Gray, Robbie",9,4,6,15,3,1,0,1,0,3,4,2,2,1,0,9,7,1,2,1,0,3,98,-2,"Port Adelaide","2017",10
46,"Gray, Sam",7,4,5,12,1,0,0,2,1,2,0,1,0,1,0,5,8,0,0,2,2,0,87,-2,"Port Adelaide","2017",10
8,"Hartlett, Hamish",8,3,4,12,0,0,0,2,3,2,0,4,0,2,0,4,7,0,0,0,0,0,68,-2,"Port Adelaide","2017",10
36,"Hombsch, Jack",5,0,2,7,0,0,0,5,3,0,0,2,1,1,0,3,3,0,0,11,0,0,97,-2,"Port Adelaide","2017",10
24,"Impey, Jarman",7,0,2,9,0,0,0,4,1,3,0,2,2,1,0,4,5,0,0,1,3,0,74,-2,"Port Adelaide","2017",10
42,"Jonas, Tom",10,4,3,13,0,0,0,2,4,1,0,1,2,0,0,5,7,1,0,7,0,0,96,-2,"Port Adelaide","2017",10
29,"Pittard, Jasper",8,2,1,9,0,1,0,6,5,2,0,2,1,1,0,4,6,1,0,3,0,0,78,-2,"Port Adelaide","2017",10
21,"Polec, Jared",19,7,10,29,1,1,0,5,6,4,3,5,0,1,2,11,18,1,1,2,0,0,89,-2,"Port Adelaide","2017",10
2,"Powell-Pepper, Sam",9,1,6,15,1,0,0,4,2,1,3,6,2,4,0,7,7,0,0,0,1,0,67,-2,"Port Adelaide","2017",10
4,"Ryder, Paddy",7,3,5,12,1,0,31,1,1,2,5,4,1,3,0,11,2,1,1,1,0,0,90,-2,"Port Adelaide","2017",10
12,"Trengove, Jackson",7,0,5,12,0,1,9,6,0,2,3,3,2,1,0,6,4,0,0,1,0,0,67,-2,"Port Adelaide","2017",10
39,"Westhoff, Justin",14,9,5,19,1,2,0,3,1,2,3,1,1,0,0,8,12,1,4,3,0,0,83,-2,"Port Adelaide","2017",10
16,"Wines, Ollie",13,3,18,31,0,0,0,8,2,4,6,3,1,2,0,15,13,1,0,1,0,0,80,-2,"Port Adelaide","2017",10
11,"Young, Aaron",6,6,5,11,1,0,0,0,1,3,0,2,1,0,0,4,8,2,0,2,0,0,72,-2,"Port Adelaide","2017",10
0,"Rushed",0,0,0,0,0,3,0,0,0,0,0,0,0,0,0,0,0,0,0,0,0,0,0,-2,"Port Adelaide","2017",10
