"Number","Player","Kicks","Marks","Handballs","Disposals","Goals","Behinds","Hitouts","Tackles","Rebounds50s","Inside50s","Clearances","Clangers","FreesFor","FreesAgainst","BrownlowVotes","ContestedPossessions","UncontestedPossessions","ContestedMarks","MarksInside50","OnePercenters","Bounces","GoalAssists","PercentagePlayed","PointDifference","Team","Season","Round"
37,"Barrass, Tom",11,10,11,22,0,0,0,1,4,0,0,2,0,1,0,4,17,2,0,5,0,0,92,19,"West Coast","2017",2
15,"Cripps, Jamie",6,2,9,15,1,0,0,3,1,1,3,0,2,0,0,7,8,0,1,1,0,1,82,19,"West Coast","2017",2
27,"Darling, Jack",8,6,3,11,2,1,2,0,0,1,0,1,0,0,0,5,7,2,4,3,0,1,84,19,"West Coast","2017",2
3,"Gaff, Andrew",23,6,13,36,0,1,0,0,1,2,2,3,1,0,2,8,28,0,1,0,0,1,90,19,"West Coast","2017",2
22,"Giles, Jonathan",5,1,3,8,1,1,16,4,0,1,2,1,2,0,0,5,3,0,0,1,0,0,53,19,"West Coast","2017",2
33,"Hill, Josh",12,6,2,14,3,1,0,2,1,3,0,0,3,0,0,5,9,0,2,1,1,1,83,19,"West Coast","2017",2
25,"Hurn, Shannon",13,6,10,23,0,0,0,0,4,2,1,2,0,0,0,5,16,0,0,2,0,0,93,19,"West Coast","2017",2
34,"Hutchings, Mark",8,4,9,17,0,0,0,4,0,3,1,0,2,0,0,6,10,0,0,0,0,0,63,19,"West Coast","2017",2
17,"Kennedy, Josh",7,5,2,9,4,1,0,1,0,2,0,1,1,1,0,4,5,2,3,1,0,0,100,19,"West Coast","2017",2
2,"LeCras, Mark",9,3,5,14,1,0,0,2,0,4,0,3,0,0,0,3,13,0,1,1,0,1,92,19,"West Coast","2017",2
7,"Masten, Chris",11,3,16,27,2,0,0,1,0,3,1,2,0,1,0,3,23,0,0,0,0,0,89,19,"West Coast","2017",2
20,"McGovern, Jeremy",17,9,3,20,0,0,0,0,1,3,0,4,1,1,0,7,15,3,0,12,0,0,86,19,"West Coast","2017",2
1,"Mitchell, Sam",15,4,10,25,0,0,0,4,1,3,7,4,1,2,0,13,15,0,0,7,0,3,88,19,"West Coast","2017",2
30,"Nelson, Jackson",6,3,9,15,0,1,0,3,3,1,0,2,1,0,0,3,13,0,0,2,1,0,78,19,"West Coast","2017",2
11,"Priddis, Matt",9,4,22,31,1,0,0,5,0,1,6,6,1,1,0,16,17,1,1,1,0,1,80,19,"West Coast","2017",2
8,"Redden, Jack",6,3,9,15,0,0,0,4,0,0,4,1,1,0,0,6,10,0,0,0,0,0,71,19,"West Coast","2017",2
4,"Sheed, Dom",7,4,4,11,0,0,0,2,0,3,0,1,0,0,0,0,11,0,0,0,0,2,69,19,"West Coast","2017",2
5,"Sheppard, Brad",6,6,14,20,0,0,0,5,1,1,1,0,1,0,0,7,13,1,0,1,0,1,85,19,"West Coast","2017",2
13,"Shuey, Luke",13,4,17,30,2,0,0,11,1,5,7,1,3,0,3,10,19,0,1,1,1,1,88,19,"West Coast","2017",2
19,"Vardy, Nathan",4,2,7,11,1,0,20,2,0,1,3,0,3,0,0,6,5,1,1,3,0,0,67,19,"West Coast","2017",2
12,"Wellingham, Sharrod",13,8,10,23,0,0,0,1,4,2,2,5,0,0,0,6,17,0,0,2,0,1,86,19,"West Coast","2017",2
6,"Yeo, Elliot",17,13,8,25,0,0,0,0,2,3,0,3,0,1,0,11,15,5,0,2,1,0,82,19,"West Coast","2017",2
0,"Rushed",0,0,0,0,0,2,0,0,0,0,0,0,0,0,0,0,0,0,0,0,0,0,0,19,"West Coast","2017",2
8,"Acres, Blake",12,6,5,17,1,0,0,2,1,3,2,4,0,2,0,4,13,0,1,1,1,0,62,-19,"St Kilda","2017",2
15,"Billings, Jack",7,1,12,19,0,1,0,3,0,2,0,0,0,0,0,7,11,0,0,1,0,0,74,-19,"St Kilda","2017",2
22,"Brown, Nathan",0,1,6,6,0,0,0,2,0,0,0,1,1,1,0,4,2,0,0,5,0,0,97,-19,"St Kilda","2017",2
27,"Bruce, Josh",9,5,5,14,2,0,2,3,0,2,3,3,0,2,0,7,7,0,2,2,0,1,89,-19,"St Kilda","2017",2
2,"Carlisle, Jake",7,1,5,12,0,0,0,0,1,0,0,2,1,0,0,10,2,1,0,4,0,0,98,-19,"St Kilda","2017",2
7,"Dunstan, Luke",8,2,12,20,1,1,0,5,0,3,4,1,0,0,0,9,11,0,0,4,0,1,77,-19,"St Kilda","2017",2
14,"Geary, Jarryn",8,1,3,11,0,0,0,3,1,2,1,3,1,2,0,4,6,0,0,4,0,0,80,-19,"St Kilda","2017",2
19,"Gilbert, Sam",6,5,10,16,0,0,0,7,2,2,2,2,0,0,0,7,10,0,0,1,0,0,81,-19,"St Kilda","2017",2
4,"Gresham, Jade",8,5,3,11,1,3,0,1,0,2,1,0,0,0,0,5,6,0,2,1,0,1,83,-19,"St Kilda","2017",2
1,"Hickey, Tom",8,2,6,14,0,0,44,2,3,2,7,3,1,3,0,12,4,0,0,3,0,0,89,-19,"St Kilda","2017",2
13,"Lonie, Jack",11,3,5,16,2,2,0,4,1,2,1,1,1,0,0,5,8,0,2,1,0,1,86,-19,"St Kilda","2017",2
32,"McCartin, Paddy",9,4,3,12,2,3,0,1,0,2,0,1,0,0,0,4,8,1,2,0,0,0,74,-19,"St Kilda","2017",2
28,"Membrey, Tim",14,9,2,16,1,0,0,0,0,4,0,2,2,1,0,5,11,2,1,2,0,0,85,-19,"St Kilda","2017",2
11,"Montagna, Leigh",12,3,9,21,1,0,0,3,0,2,0,2,0,0,0,4,17,0,0,0,0,0,82,-19,"St Kilda","2017",2
16,"Newnes, Jack",9,6,11,20,0,0,0,3,1,1,3,8,0,4,0,8,13,0,0,2,0,0,83,-19,"St Kilda","2017",2
17,"Roberton, Dylan",20,8,6,26,0,0,0,4,5,3,2,2,0,0,0,5,19,0,0,2,0,0,89,-19,"St Kilda","2017",2
6,"Ross, Sebastian",19,2,10,29,0,2,0,5,1,3,5,2,0,0,1,9,22,0,0,3,0,1,80,-19,"St Kilda","2017",2
5,"Savage, Shane",4,3,7,11,0,0,0,4,0,0,0,2,0,2,0,3,9,1,0,2,0,0,72,-19,"St Kilda","2017",2
9,"Steele, Jack",5,1,13,18,0,0,0,4,0,1,3,4,0,2,0,11,7,0,0,1,0,0,66,-19,"St Kilda","2017",2
3,"Steven, Jack",13,4,7,20,0,1,0,7,3,7,6,7,0,2,0,7,11,0,0,1,0,1,86,-19,"St Kilda","2017",2
29,"Webster, Jimmy",13,2,5,18,0,0,0,3,6,1,0,3,0,0,0,3,13,0,0,5,0,0,81,-19,"St Kilda","2017",2
44,"Weller, Maverick",7,2,7,14,2,1,0,0,1,1,1,3,1,2,0,5,9,0,1,2,0,0,85,-19,"St Kilda","2017",2
0,"Rushed",0,0,0,0,0,5,0,0,0,0,0,0,0,0,0,0,0,0,0,0,0,0,0,-19,"St Kilda","2017",2
