"Number","Player","Kicks","Marks","Handballs","Disposals","Goals","Behinds","Hitouts","Tackles","Rebounds50s","Inside50s","Clearances","Clangers","FreesFor","FreesAgainst","BrownlowVotes","ContestedPossessions","UncontestedPossessions","ContestedMarks","MarksInside50","OnePercenters","Bounces","GoalAssists","PercentagePlayed","PointDifference","Team","Season","Round"
37,"Allison, Jacob",8,4,8,16,0,0,0,2,0,4,2,1,0,0,0,5,11,0,0,2,0,0,68,-51,"Brisbane Lions","2017",23
31,"Andrews, Harris",3,5,6,9,0,0,0,3,2,0,1,1,0,1,0,5,4,2,0,7,0,0,97,-51,"Brisbane Lions","2017",23
43,"Barrett, Jake",5,7,10,15,0,1,0,3,0,3,1,5,0,3,0,5,13,0,1,1,0,2,83,-51,"Brisbane Lions","2017",23
4,"Bastinac, Ryan",9,3,5,14,0,0,0,0,1,1,4,3,0,1,0,8,8,0,1,0,0,0,89,-51,"Brisbane Lions","2017",23
17,"Beams, Claye",11,7,6,17,1,1,0,0,1,2,1,1,0,0,0,3,14,0,1,1,0,2,61,-51,"Brisbane Lions","2017",23
9,"Beams, Dayne",11,4,7,18,1,1,0,4,2,2,5,4,0,2,0,8,10,0,2,0,0,0,88,-51,"Brisbane Lions","2017",23
33,"Close, Michael",11,7,0,11,1,1,0,0,0,3,0,3,2,1,0,4,6,2,3,1,1,0,87,-51,"Brisbane Lions","2017",23
20,"Cox, Cedric",3,1,8,11,0,0,0,2,0,2,0,2,0,1,0,2,9,0,0,0,3,0,68,-51,"Brisbane Lions","2017",23
27,"Gardiner, Darcy",10,6,10,20,0,0,0,5,3,1,1,3,1,0,0,8,11,0,1,5,0,1,85,-51,"Brisbane Lions","2017",23
35,"Lester, Ryan",6,3,3,9,0,0,0,0,1,0,1,0,1,0,0,4,5,1,0,2,0,1,69,-51,"Brisbane Lions","2017",23
12,"Martin, Stefan",5,3,10,15,0,0,36,3,0,2,1,3,1,1,0,6,7,0,0,1,0,0,89,-51,"Brisbane Lions","2017",23
36,"Mathieson, Rhys",11,7,12,23,1,0,0,2,2,5,3,6,0,1,0,7,16,0,1,0,0,0,81,-51,"Brisbane Lions","2017",23
32,"Mayes, Sam",5,2,10,15,0,0,0,5,3,1,1,0,0,0,0,4,12,0,0,1,0,0,92,-51,"Brisbane Lions","2017",23
6,"McCluggage, Hugh",11,8,6,17,1,1,0,2,4,3,0,5,0,1,0,3,15,0,1,0,0,0,78,-51,"Brisbane Lions","2017",23
25,"McStay, Daniel",5,6,7,12,0,0,0,1,1,2,0,2,0,1,0,4,8,1,1,6,0,0,78,-51,"Brisbane Lions","2017",23
10,"Rich, Daniel",17,5,7,24,1,3,0,4,3,4,5,1,4,1,1,14,10,1,1,5,0,0,84,-51,"Brisbane Lions","2017",23
18,"Robertson, Nick",8,5,8,16,0,0,0,1,1,2,0,3,2,2,0,5,11,0,0,1,0,0,80,-51,"Brisbane Lions","2017",23
38,"Rockliff, Tom",8,5,9,17,2,2,0,3,0,4,1,4,0,2,0,6,12,1,2,0,0,0,87,-51,"Brisbane Lions","2017",23
28,"Taylor, Lewis",10,2,5,15,0,0,0,3,3,3,1,2,1,1,0,4,12,0,0,0,0,0,88,-51,"Brisbane Lions","2017",23
14,"Walker, Josh",5,6,10,15,0,0,6,2,0,1,0,0,0,0,0,9,7,4,0,2,0,0,82,-51,"Brisbane Lions","2017",23
29,"Witherden, Alex",20,5,7,27,1,0,0,1,8,1,0,3,0,0,0,3,19,0,0,3,0,0,85,-51,"Brisbane Lions","2017",23
15,"Zorko, Dayne",16,4,10,26,2,1,0,6,3,4,1,5,2,1,0,8,18,0,0,1,0,2,81,-51,"Brisbane Lions","2017",23
0,"Rushed",0,0,0,0,0,2,0,0,0,0,0,0,0,0,0,0,0,0,0,0,0,0,0,-51,"Brisbane Lions","2017",23
3,"Anderson, Jed",11,3,2,13,1,2,0,7,0,0,3,2,0,0,0,7,6,0,1,2,0,1,80,51,"North Melbourne","2017",23
18,"Atley, Shaun",12,5,4,16,0,1,0,2,1,5,0,2,0,1,0,5,11,0,1,0,1,2,89,51,"North Melbourne","2017",23
50,"Brown, Ben",13,9,1,14,7,2,0,0,0,3,1,3,1,0,3,7,7,3,5,3,0,0,97,51,"North Melbourne","2017",23
13,"Clarke, Ryan",16,9,11,27,0,1,0,2,2,1,0,2,1,1,0,5,21,0,0,1,1,2,87,51,"North Melbourne","2017",23
10,"Cunnington, Ben",10,4,11,21,1,2,0,2,0,2,4,0,0,0,0,11,10,0,1,1,0,0,70,51,"North Melbourne","2017",23
14,"Dumont, Trent",13,5,13,26,0,0,0,6,3,5,6,3,3,1,0,15,12,0,0,1,0,0,87,51,"North Melbourne","2017",23
24,"Durdin, Sam",11,6,6,17,1,0,0,3,1,4,1,2,2,0,0,8,8,0,0,7,1,1,82,51,"North Melbourne","2017",23
43,"Gibson, Sam",13,7,8,21,0,1,0,1,2,0,1,4,1,1,0,7,15,0,0,0,1,0,87,51,"North Melbourne","2017",23
22,"Goldstein, Todd",5,4,11,16,1,0,31,4,0,3,5,1,2,0,0,6,11,0,1,6,0,0,89,51,"North Melbourne","2017",23
6,"Hansen, Lachlan",11,10,7,18,0,0,0,0,6,1,0,2,1,2,0,4,14,2,0,2,0,0,86,51,"North Melbourne","2017",23
4,"Higgins, Shaun",21,5,8,29,2,2,0,3,1,12,6,5,0,2,2,8,21,0,0,2,1,0,80,51,"North Melbourne","2017",23
8,"Hrovat, Nathan",10,7,8,18,1,1,0,1,0,3,1,5,0,1,0,6,12,0,1,0,0,0,80,51,"North Melbourne","2017",23
11,"McDonald, Luke",21,9,6,27,0,1,0,2,4,7,4,3,2,0,0,8,20,0,0,3,2,1,94,51,"North Melbourne","2017",23
23,"McKay, Ben",2,1,7,9,0,0,3,3,0,0,1,1,0,0,0,3,6,0,0,1,0,0,50,51,"North Melbourne","2017",23
42,"Mountford, Declan",5,2,5,10,0,0,0,5,1,2,1,1,1,0,0,4,7,0,0,4,0,0,76,51,"North Melbourne","2017",23
17,"Mullett, Aaron",16,8,5,21,0,0,0,2,5,2,0,2,0,0,0,0,18,0,0,2,2,0,87,51,"North Melbourne","2017",23
21,"Simpkin, Jy",9,4,8,17,1,0,0,0,0,2,2,1,0,0,0,5,11,0,0,0,3,0,72,51,"North Melbourne","2017",23
9,"Swallow, Andrew",13,4,9,22,0,0,0,1,1,3,8,3,1,1,0,10,13,0,1,1,0,0,67,51,"North Melbourne","2017",23
25,"Tarrant, Robbie",16,8,4,20,0,0,0,0,5,5,0,1,0,0,0,7,12,2,0,3,2,0,91,51,"North Melbourne","2017",23
12,"Thomas, Lindsay",8,3,2,10,3,1,0,5,0,1,2,3,1,3,0,6,5,1,2,0,1,1,82,51,"North Melbourne","2017",23
16,"Thompson, Scott",15,7,4,19,0,0,0,3,3,3,0,1,3,1,0,7,13,1,0,2,0,0,95,51,"North Melbourne","2017",23
28,"Turner, Kayne",4,3,5,9,1,0,0,4,0,1,1,3,1,0,0,4,5,0,2,2,0,3,72,51,"North Melbourne","2017",23
0,"Rushed",0,0,0,0,0,2,0,0,0,0,0,0,0,0,0,0,0,0,0,0,0,0,0,51,"North Melbourne","2017",23
