"Number","Player","Kicks","Marks","Handballs","Disposals","Goals","Behinds","Hitouts","Tackles","Rebounds50s","Inside50s","Clearances","Clangers","FreesFor","FreesAgainst","BrownlowVotes","ContestedPossessions","UncontestedPossessions","ContestedMarks","MarksInside50","OnePercenters","Bounces","GoalAssists","PercentagePlayed","PointDifference","Team","Season","Round"
24,"Biggs, Shane",12,3,11,23,0,0,0,1,4,4,0,3,1,0,0,5,16,0,0,4,2,0,74,-17,"Western Bulldogs","2017",22
4,"Bontempelli, Marcus",7,2,5,12,0,1,0,5,2,4,1,5,1,1,0,6,6,1,0,2,0,1,88,-17,"Western Bulldogs","2017",22
13,"Cloke, Travis",6,1,4,10,2,1,1,3,0,1,0,0,1,0,0,5,6,1,0,1,0,0,83,-17,"Western Bulldogs","2017",22
12,"Cordy, Zaine",6,3,5,11,0,0,0,3,1,0,0,1,2,1,0,5,6,1,0,10,0,0,93,-17,"Western Bulldogs","2017",22
6,"Dahlhaus, Luke",6,1,23,29,0,0,0,6,3,2,2,3,0,1,0,9,20,1,0,4,0,0,85,-17,"Western Bulldogs","2017",22
31,"Dale, Bailey",8,3,6,14,4,1,0,0,0,2,0,0,1,0,0,6,8,2,3,1,0,0,82,-17,"Western Bulldogs","2017",22
35,"Daniel, Caleb",12,3,15,27,0,0,0,3,2,3,4,2,1,1,0,8,19,0,0,3,0,0,84,-17,"Western Bulldogs","2017",22
29,"Dickson, Tory",1,0,6,7,0,0,0,5,0,1,1,4,2,4,0,5,3,0,0,0,0,0,87,-17,"Western Bulldogs","2017",22
20,"Dunkley, Josh",6,3,6,12,1,0,0,1,0,0,2,1,0,0,0,4,8,0,0,0,0,0,86,-17,"Western Bulldogs","2017",22
7,"Hunter, Lachie",10,6,9,19,2,0,0,0,1,2,0,0,1,0,0,6,15,0,0,3,1,0,83,-17,"Western Bulldogs","2017",22
39,"Johannisen, Jason",18,6,9,27,0,4,0,3,4,6,1,4,1,0,0,10,16,0,0,1,2,1,89,-17,"Western Bulldogs","2017",22
21,"Liberatore, Tom",7,2,11,18,1,0,0,7,2,1,3,1,1,1,0,10,9,0,0,1,0,0,86,-17,"Western Bulldogs","2017",22
11,"Macrae, Jack",18,6,23,41,0,0,0,7,2,7,8,0,3,0,1,14,26,0,1,1,0,1,87,-17,"Western Bulldogs","2017",22
16,"McLean, Toby",7,2,19,26,0,0,0,6,1,2,7,3,4,2,0,14,16,0,0,1,0,1,88,-17,"Western Bulldogs","2017",22
38,"Morris, Dale",4,3,5,9,0,0,0,4,3,0,0,1,0,1,0,6,2,2,0,7,0,0,94,-17,"Western Bulldogs","2017",22
2,"Murphy, Robert",8,2,5,13,0,1,0,4,0,1,1,2,1,1,0,6,9,1,0,4,0,1,87,-17,"Western Bulldogs","2017",22
42,"Picken, Liam",8,3,11,19,0,0,0,4,0,5,1,3,1,0,0,7,11,2,0,1,0,0,78,-17,"Western Bulldogs","2017",22
23,"Roughead, Jordan",7,0,7,14,0,0,31,6,2,4,5,4,4,3,0,10,4,0,0,6,0,0,90,-17,"Western Bulldogs","2017",22
9,"Stringer, Jake",0,0,1,1,0,0,0,1,0,0,0,0,0,0,0,0,1,0,0,0,0,0,7,-17,"Western Bulldogs","2017",22
1,"Suckling, Matt",14,3,8,22,1,0,0,2,6,3,0,3,0,1,0,6,15,0,0,3,0,0,81,-17,"Western Bulldogs","2017",22
34,"Williams, Bailey",11,3,8,19,0,0,0,3,6,2,2,2,0,1,0,5,12,0,0,2,0,0,84,-17,"Western Bulldogs","2017",22
33,"Young, Lewis",4,4,6,10,0,0,0,1,2,1,1,2,1,1,0,4,9,0,0,7,0,0,85,-17,"Western Bulldogs","2017",22
0,"Rushed",0,0,0,0,0,5,0,0,0,0,0,0,0,0,0,0,0,0,0,0,0,0,0,-17,"Western Bulldogs","2017",22
15,"Amon, Karl",14,4,8,22,0,0,0,2,3,3,0,1,0,0,0,3,18,0,0,0,2,0,69,17,"Port Adelaide","2017",22
1,"Boak, Travis",14,7,19,33,1,1,0,7,3,9,6,3,0,1,3,12,22,0,0,1,0,3,85,17,"Port Adelaide","2017",22
26,"Bonner, Riley",11,6,7,18,0,0,0,1,3,3,2,1,0,0,0,6,12,0,0,3,0,0,79,17,"Port Adelaide","2017",22
33,"Byrne-Jones, Darcy",12,5,7,19,0,0,0,1,1,4,1,0,1,0,0,8,13,1,0,0,0,0,82,17,"Port Adelaide","2017",22
17,"Clurey, Tom",7,6,2,9,0,0,0,0,2,0,0,0,0,0,0,5,6,1,0,5,0,0,95,17,"Port Adelaide","2017",22
22,"Dixon, Charlie",10,8,8,18,4,0,3,4,0,4,0,2,2,1,2,13,6,6,3,1,0,1,95,17,"Port Adelaide","2017",22
7,"Ebert, Brad",11,3,7,18,0,0,0,8,1,3,2,4,1,1,0,7,12,1,0,2,0,0,87,17,"Port Adelaide","2017",22
9,"Gray, Robbie",11,4,7,18,2,2,0,2,1,2,3,3,2,1,0,8,10,0,3,1,1,0,94,17,"Port Adelaide","2017",22
46,"Gray, Sam",13,7,2,15,1,1,0,3,0,3,0,2,2,0,0,4,12,0,0,0,0,0,56,17,"Port Adelaide","2017",22
8,"Hartlett, Hamish",14,5,3,17,0,0,0,5,5,1,2,1,2,1,0,7,9,2,0,2,0,0,85,17,"Port Adelaide","2017",22
43,"Houston, Dan",12,6,3,15,0,0,0,3,5,2,1,2,1,2,0,2,11,0,0,1,0,0,74,17,"Port Adelaide","2017",22
32,"Howard, Dougal",8,6,3,11,0,0,0,0,4,0,0,1,1,0,0,5,7,1,0,9,0,0,91,17,"Port Adelaide","2017",22
31,"Johnson, Aidyn",2,1,4,6,0,0,0,4,0,0,0,4,0,2,0,2,5,0,0,0,0,0,48,17,"Port Adelaide","2017",22
42,"Jonas, Tom",9,5,7,16,0,0,0,4,3,1,1,1,1,0,0,7,10,1,0,6,0,0,97,17,"Port Adelaide","2017",22
13,"Marshall, Todd",5,3,5,10,0,0,0,4,0,3,0,2,0,0,0,3,8,0,0,2,0,0,80,17,"Port Adelaide","2017",22
3,"Neade, Jake",8,2,10,18,0,1,0,5,0,4,1,2,1,1,0,10,8,0,0,1,0,1,67,17,"Port Adelaide","2017",22
21,"Polec, Jared",12,6,11,23,1,0,0,7,3,2,3,4,0,3,0,6,17,1,2,1,1,1,83,17,"Port Adelaide","2017",22
2,"Powell-Pepper, Sam",8,4,8,16,0,0,0,12,0,4,4,7,0,5,0,8,9,0,0,1,0,1,83,17,"Port Adelaide","2017",22
4,"Ryder, Paddy",7,3,5,12,2,0,55,5,2,3,4,5,3,5,0,11,1,2,1,6,0,1,91,17,"Port Adelaide","2017",22
39,"Westhoff, Justin",9,3,4,13,0,0,3,6,2,2,0,5,1,2,0,4,10,0,0,6,0,1,92,17,"Port Adelaide","2017",22
16,"Wines, Ollie",11,3,17,28,1,2,0,6,0,2,9,2,1,1,0,15,13,1,1,0,0,0,76,17,"Port Adelaide","2017",22
20,"Wingard, Chad",9,5,6,15,2,1,0,4,0,5,0,1,0,0,0,4,12,0,2,4,0,1,88,17,"Port Adelaide","2017",22
0,"Rushed",0,0,0,0,0,4,0,0,0,0,0,0,0,0,0,0,0,0,0,0,0,0,0,17,"Port Adelaide","2017",22
