"Number","Player","Kicks","Marks","Handballs","Disposals","Goals","Behinds","Hitouts","Tackles","Rebounds50s","Inside50s","Clearances","Clangers","FreesFor","FreesAgainst","BrownlowVotes","ContestedPossessions","UncontestedPossessions","ContestedMarks","MarksInside50","OnePercenters","Bounces","GoalAssists","PercentagePlayed","PointDifference","Team","Season","Round"
29,"Ambrose, Patrick",4,2,5,9,0,0,0,1,2,0,0,2,1,0,0,2,6,0,0,3,0,0,90,8,"Essendon","2017",20
12,"Baguley, Mark",5,3,7,12,0,0,0,3,6,1,2,1,4,1,0,10,6,1,0,3,0,0,84,8,"Essendon","2017",20
2,"Bellchambers, Tom",1,2,7,8,0,0,31,3,0,1,0,3,0,2,0,1,7,0,0,1,0,0,83,8,"Essendon","2017",20
32,"Colyer, Travis",9,2,5,14,0,1,0,1,1,5,3,4,0,0,0,5,7,0,0,0,1,0,85,8,"Essendon","2017",20
6,"Daniher, Joe",10,4,5,15,3,2,2,2,0,4,1,8,2,5,0,7,7,2,2,1,2,0,98,8,"Essendon","2017",20
13,"Fantasia, Orazio",1,1,1,2,0,0,0,0,0,0,0,0,0,0,0,0,2,0,0,0,1,0,12,8,"Essendon","2017",20
8,"Gleeson, Martin",8,5,7,15,0,0,0,1,3,3,0,1,1,1,0,6,9,0,0,1,0,1,79,8,"Essendon","2017",20
9,"Goddard, Brendon",16,4,7,23,0,0,0,1,4,6,1,2,1,0,0,5,16,1,0,2,0,0,93,8,"Essendon","2017",20
15,"Green, Josh",11,2,6,17,1,4,0,3,2,1,1,1,0,0,0,7,11,0,1,2,0,0,77,8,"Essendon","2017",20
36,"Hartley, Michael",4,4,6,10,0,0,0,0,1,1,0,0,0,0,0,4,7,1,0,8,0,0,99,8,"Essendon","2017",20
21,"Heppell, Dyson",14,10,20,34,1,0,0,6,2,4,6,6,2,2,3,15,19,1,1,1,0,0,89,8,"Essendon","2017",20
26,"Hooker, Cale",12,9,3,15,2,5,0,2,0,4,0,0,2,0,0,8,7,3,6,2,0,1,91,8,"Essendon","2017",20
40,"Howlett, Ben",4,2,8,12,1,0,0,6,0,0,0,1,0,1,0,3,9,0,0,0,0,0,83,8,"Essendon","2017",20
18,"Hurley, Michael",17,7,6,23,0,0,0,2,8,1,1,4,1,0,0,4,17,0,0,4,0,0,94,8,"Essendon","2017",20
43,"McDonald-Tipungwuti, Anthony",10,4,6,16,3,1,0,5,1,3,2,2,2,1,0,9,7,0,1,0,2,0,80,8,"Essendon","2017",20
45,"McKenna, Conor",12,2,4,16,0,0,0,1,0,3,0,2,0,1,0,8,9,1,0,3,2,0,68,8,"Essendon","2017",20
7,"Merrett, Zach",15,2,11,26,0,1,0,5,3,1,1,0,2,0,0,3,22,0,0,1,2,0,84,8,"Essendon","2017",20
23,"Myers, David",10,3,12,22,0,0,0,6,1,5,4,3,0,1,0,7,13,0,0,1,0,0,75,8,"Essendon","2017",20
3,"Parish, Darcy",9,4,15,24,0,0,0,4,0,2,2,4,1,0,0,9,16,0,0,2,0,0,82,8,"Essendon","2017",20
17,"Stewart, James",4,2,6,10,0,1,0,1,0,3,0,2,1,2,0,5,5,0,0,3,0,1,95,8,"Essendon","2017",20
4,"Watson, Jobe",2,1,9,11,0,1,0,2,0,1,1,2,0,0,0,4,7,0,0,1,0,1,73,8,"Essendon","2017",20
11,"Zaharakis, David",12,3,21,33,0,1,0,2,1,4,3,0,0,0,1,10,23,0,1,2,1,2,86,8,"Essendon","2017",20
0,"Rushed",0,0,0,0,0,1,0,0,0,0,0,0,0,0,0,0,0,0,0,0,0,0,0,8,"Essendon","2017",20
27,"Armfield, Dennis",9,6,5,14,0,0,0,4,2,1,2,1,1,0,0,5,9,0,0,2,1,0,67,-8,"Carlton","2017",20
12,"Boekhorst, Blaine",9,3,5,14,1,1,0,5,1,2,0,4,0,1,0,2,12,0,1,3,1,0,72,-8,"Carlton","2017",20
41,"Casboult, Levi",6,6,3,9,1,2,2,2,0,1,1,4,0,3,0,4,5,3,3,3,0,0,90,-8,"Carlton","2017",20
30,"Curnow, Charlie",9,4,3,12,1,2,0,2,0,3,0,2,1,1,0,8,5,1,2,0,0,0,84,-8,"Carlton","2017",20
15,"Docherty, Sam",21,6,6,27,0,0,0,1,6,0,2,3,0,0,0,5,15,0,0,2,1,0,93,-8,"Carlton","2017",20
25,"Fisher, Zac",3,0,5,8,0,0,0,1,0,3,0,0,0,0,0,5,4,0,0,1,0,0,68,-8,"Carlton","2017",20
4,"Gibbs, Bryce",18,6,11,29,1,1,0,8,2,1,9,5,1,3,0,11,18,0,0,1,1,1,85,-8,"Carlton","2017",20
14,"Jones, Liam",9,8,5,14,0,0,0,2,3,2,0,3,2,1,2,10,5,5,0,8,0,0,98,-8,"Carlton","2017",20
11,"Kerridge, Sam",15,6,4,19,0,0,0,2,7,4,2,6,0,3,0,4,14,0,0,1,1,0,81,-8,"Carlton","2017",20
8,"Kreuzer, Matthew",11,3,4,15,1,0,38,7,1,3,8,5,2,0,0,12,5,0,2,2,0,0,90,-8,"Carlton","2017",20
13,"Lamb, Jed",9,3,2,11,1,0,0,1,0,5,0,1,1,1,0,4,7,0,1,0,0,4,93,-8,"Carlton","2017",20
22,"Marchbank, Caleb",8,3,5,13,0,0,0,0,1,0,0,3,0,1,0,3,9,0,0,7,0,0,90,-8,"Carlton","2017",20
3,"Murphy, Marc",12,4,20,32,0,0,0,4,2,7,8,4,3,0,0,17,17,0,0,1,0,0,88,-8,"Carlton","2017",20
5,"Petrevski-Seton, Sam",9,3,13,22,1,1,0,2,0,1,5,1,2,0,0,12,11,0,0,0,0,0,74,-8,"Carlton","2017",20
33,"Pickett, Jarrod",6,0,3,9,0,0,0,2,0,3,1,0,1,0,0,4,5,0,0,1,0,1,61,-8,"Carlton","2017",20
20,"Plowman, Lachie",10,7,2,12,0,0,0,0,3,0,0,2,1,1,0,4,8,1,0,3,0,0,89,-8,"Carlton","2017",20
1,"Silvagni, Jack",7,5,3,10,1,1,0,3,0,4,0,1,0,0,0,2,7,1,2,1,2,0,63,-8,"Carlton","2017",20
6,"Simpson, Kade",16,8,4,20,0,0,0,4,5,1,1,5,0,0,0,2,17,0,0,1,2,0,97,-8,"Carlton","2017",20
16,"Smedts, Billie",2,0,3,5,0,0,0,6,0,1,0,3,0,2,0,2,2,0,0,0,0,0,69,-8,"Carlton","2017",20
39,"Thomas, Dale",14,7,8,22,0,0,0,5,2,3,2,2,1,0,0,7,14,1,1,0,0,1,74,-8,"Carlton","2017",20
23,"Weitering, Jacob",12,7,8,20,0,0,0,2,3,2,0,2,0,0,0,6,12,0,0,11,3,0,88,-8,"Carlton","2017",20
46,"Wright, Matthew",14,7,2,16,3,1,0,4,0,4,1,4,1,3,0,4,12,0,2,2,0,0,84,-8,"Carlton","2017",20
0,"Rushed",0,0,0,0,0,1,0,0,0,0,0,0,0,0,0,0,0,0,0,0,0,0,0,-8,"Carlton","2017",20
