"Number","Player","Kicks","Marks","Handballs","Disposals","Goals","Behinds","Hitouts","Tackles","Rebounds50s","Inside50s","Clearances","Clangers","FreesFor","FreesAgainst","BrownlowVotes","ContestedPossessions","UncontestedPossessions","ContestedMarks","MarksInside50","OnePercenters","Bounces","GoalAssists","PercentagePlayed","PointDifference","Team","Season","Round"
30,"Brand, Kaiden",13,6,4,17,0,0,0,3,5,1,0,5,0,3,0,3,13,2,0,4,0,0,98,-86,"Hawthorn","2017",4
22,"Breust, Luke",5,2,8,13,0,0,0,8,1,4,2,1,3,0,0,6,9,0,0,0,0,1,85,-86,"Hawthorn","2017",4
9,"Burgoyne, Shaun",10,4,11,21,0,1,0,4,1,2,6,4,1,3,0,10,9,1,1,0,0,0,80,-86,"Hawthorn","2017",4
5,"Burton, Ryan",11,2,8,19,0,0,0,4,4,2,0,2,0,0,0,3,14,0,0,3,0,0,82,-86,"Hawthorn","2017",4
12,"Frawley, James",9,3,6,15,0,0,0,2,2,1,1,0,2,0,0,4,10,0,0,6,0,0,100,-86,"Hawthorn","2017",4
6,"Gibson, Josh",7,4,10,17,0,0,0,1,0,3,0,3,1,2,0,6,11,0,0,6,0,0,94,-86,"Hawthorn","2017",4
19,"Gunston, Jack",6,5,8,14,2,0,0,5,0,0,0,1,0,0,0,2,12,1,1,3,0,0,88,-86,"Hawthorn","2017",4
37,"Hardwick, Blake",6,5,4,10,0,0,0,3,2,4,0,2,1,2,0,4,7,0,0,1,0,1,61,-86,"Hawthorn","2017",4
4,"Hartung, Billy",8,4,10,18,0,1,0,4,1,2,1,1,1,0,0,2,17,0,0,2,2,0,73,-86,"Hawthorn","2017",4
31,"Henderson, Ricky",10,5,11,21,0,0,0,2,2,3,4,3,1,0,0,10,11,0,0,2,1,0,64,-86,"Hawthorn","2017",4
15,"Hodge, Luke",21,5,14,35,0,2,0,5,4,6,3,5,3,1,0,9,23,0,0,5,0,0,84,-86,"Hawthorn","2017",4
29,"Langford, Will",4,2,10,14,0,0,0,3,1,2,1,5,0,2,0,7,8,0,0,1,0,0,74,-86,"Hawthorn","2017",4
7,"McEvoy, Ben",8,7,8,16,0,0,18,5,0,0,5,1,2,0,0,11,9,2,0,4,0,0,75,-86,"Hawthorn","2017",4
3,"Mitchell, Tom",12,5,20,32,0,1,0,10,4,3,5,8,2,3,0,10,23,0,0,0,0,1,88,-86,"Hawthorn","2017",4
23,"OBrien, Tim",2,1,3,5,0,0,6,4,0,0,0,2,0,1,0,2,5,1,0,0,0,1,77,-86,"Hawthorn","2017",4
28,"Puopolo, Paul",3,2,3,6,1,1,0,5,0,0,1,2,1,0,0,4,2,0,2,0,0,0,83,-86,"Hawthorn","2017",4
33,"Rioli, Cyril",10,3,1,11,0,1,0,5,0,4,1,4,1,1,0,4,8,0,0,2,1,0,74,-86,"Hawthorn","2017",4
2,"Roughead, Jarryd",7,4,8,15,0,0,3,1,2,1,1,2,3,1,0,4,11,0,0,2,0,0,90,-86,"Hawthorn","2017",4
26,"Shiels, Liam",11,3,13,24,0,0,0,3,3,1,3,3,1,2,0,9,14,0,0,0,0,0,81,-86,"Hawthorn","2017",4
21,"Sicily, James",12,10,3,15,2,2,0,0,0,1,0,1,2,0,0,6,9,3,2,2,0,0,82,-86,"Hawthorn","2017",4
16,"Smith, Isaac",17,9,13,30,1,0,0,4,4,5,2,4,0,1,0,5,22,0,0,2,1,2,82,-86,"Hawthorn","2017",4
24,"Stratton, Ben",6,2,7,13,0,0,0,3,2,1,0,3,1,2,0,5,9,0,0,10,0,0,84,-86,"Hawthorn","2017",4
0,"Rushed",0,0,0,0,0,3,0,0,0,0,0,0,0,0,0,0,0,0,0,0,0,0,0,-86,"Hawthorn","2017",4
46,"Blicavs, Mark",1,0,14,15,0,0,10,1,0,0,4,2,0,2,0,10,4,0,0,0,0,0,62,86,"Geelong","2017",4
5,"Cockatoo, Nakia",11,2,2,13,1,1,0,2,0,3,2,1,1,0,0,6,8,0,1,1,0,1,71,86,"Geelong","2017",4
35,"Dangerfield, Patrick",9,3,18,27,0,1,0,6,0,5,8,6,5,3,0,20,9,0,0,1,0,0,87,86,"Geelong","2017",4
22,"Duncan, Mitch",13,6,19,32,2,0,0,3,3,1,5,3,0,2,2,11,23,0,1,2,0,1,84,86,"Geelong","2017",4
29,"Guthrie, Cameron",10,2,17,27,0,0,0,5,1,3,1,2,2,0,0,7,20,0,0,1,0,1,84,86,"Geelong","2017",4
26,"Hawkins, Tom",11,6,6,17,4,2,0,4,0,2,0,2,2,2,0,8,10,1,5,3,0,0,97,86,"Geelong","2017",4
25,"Henderson, Lachie",8,6,11,19,1,0,0,2,3,0,1,1,0,1,0,9,11,2,1,4,2,0,92,86,"Geelong","2017",4
13,"Lonergan, Tom",6,3,10,16,0,0,0,2,2,1,0,2,2,0,0,6,9,0,1,3,0,0,89,86,"Geelong","2017",4
4,"Mackie, Andrew",12,7,9,21,0,0,0,2,5,2,0,2,0,0,0,4,16,0,0,2,0,1,95,86,"Geelong","2017",4
27,"Menegola, Sam",13,5,18,31,1,0,0,10,2,10,3,2,0,1,0,6,27,0,1,1,0,3,77,86,"Geelong","2017",4
10,"Menzel, Daniel",10,4,4,14,3,2,0,0,0,2,0,4,2,3,0,6,9,2,2,1,0,0,92,86,"Geelong","2017",4
32,"Motlop, Steven",17,2,16,33,3,1,0,4,0,7,0,3,4,1,3,9,25,0,0,0,6,2,83,86,"Geelong","2017",4
21,"Murdoch, Jordan",6,0,9,15,1,2,0,4,0,2,2,0,0,0,0,6,8,0,0,1,0,0,71,86,"Geelong","2017",4
3,"Parfitt, Brandan",6,4,8,14,0,1,0,7,2,0,0,3,2,1,0,3,12,0,0,2,0,0,86,86,"Geelong","2017",4
34,"Parsons, James",8,4,13,21,2,1,0,1,1,6,1,3,0,1,0,5,15,0,0,0,0,0,87,86,"Geelong","2017",4
36,"Ruggles, Tom",4,2,5,9,0,0,0,1,1,2,0,6,0,4,0,1,8,0,0,0,0,0,35,86,"Geelong","2017",4
14,"Selwood, Joel",10,0,16,26,0,0,0,11,0,6,6,2,2,1,0,14,15,0,0,3,0,3,84,86,"Geelong","2017",4
9,"Smith, Zac",5,2,3,8,0,0,41,1,2,2,3,4,0,1,0,4,2,1,0,6,0,0,85,86,"Geelong","2017",4
44,"Stewart, Tom",3,1,5,8,1,0,0,1,1,1,0,2,0,1,0,4,4,0,0,6,0,0,81,86,"Geelong","2017",4
7,"Taylor, Harry",11,5,9,20,0,3,0,2,2,4,0,4,0,1,0,8,12,2,1,5,0,1,94,86,"Geelong","2017",4
40,"Thurlow, Jackson",7,3,8,15,1,0,0,1,2,1,1,3,0,1,0,4,10,0,0,1,0,0,73,86,"Geelong","2017",4
2,"Tuohy, Zach",16,6,6,22,0,0,0,4,6,0,0,2,2,0,1,3,17,1,1,1,0,0,91,86,"Geelong","2017",4
0,"Totals",197,73,226,423,20,14,51,74,33,60,37,59,24,26,6,154,274,9,14,44,8,13,0,86,"Geelong","2017",4
