"Number","Player","Kicks","Marks","Handballs","Disposals","Goals","Behinds","Hitouts","Tackles","Rebounds50s","Inside50s","Clearances","Clangers","FreesFor","FreesAgainst","BrownlowVotes","ContestedPossessions","UncontestedPossessions","ContestedMarks","MarksInside50","OnePercenters","Bounces","GoalAssists","PercentagePlayed","PointDifference","Team","Season","Round"
13,"Adams, Taylor",10,4,18,28,1,0,0,4,3,2,2,5,0,1,2,9,17,0,0,2,1,0,89,16,"Collingwood","2017",23
14,"Aish, James",12,5,7,19,0,0,0,3,2,1,1,2,1,1,0,6,14,0,0,2,0,0,77,16,"Collingwood","2017",23
29,"Broomhead, Tim",13,6,6,19,1,0,0,2,1,2,0,4,1,0,0,5,14,0,0,0,0,0,81,16,"Collingwood","2017",23
17,"Brown, Callum",5,1,14,19,0,1,0,1,0,1,3,2,0,0,0,9,10,0,0,0,3,0,76,16,"Collingwood","2017",23
46,"Cox, Mason",6,5,4,10,2,1,12,1,1,0,0,2,0,0,0,6,3,2,4,3,0,1,74,16,"Collingwood","2017",23
25,"Crisp, Jack",12,7,6,18,0,0,0,6,3,4,3,0,0,0,0,3,16,0,0,5,0,0,95,16,"Collingwood","2017",23
26,"Daicos, Josh",6,2,6,12,1,1,0,2,0,0,0,3,1,1,0,3,9,0,2,0,0,0,69,16,"Collingwood","2017",23
15,"Dunn, Lynden",9,3,3,12,0,0,0,1,4,0,1,4,0,2,0,4,6,0,0,8,0,0,92,16,"Collingwood","2017",23
5,"Elliott, Jamie",17,10,3,20,3,1,0,1,0,4,1,4,0,1,1,7,13,2,2,1,0,0,80,16,"Collingwood","2017",23
6,"Goldsack, Tyson",8,4,2,10,0,1,0,4,0,2,0,1,2,0,0,3,7,0,1,3,5,0,84,16,"Collingwood","2017",23
4,"Grundy, Brodie",13,8,7,20,1,2,12,1,1,5,2,3,2,1,0,10,10,2,3,2,0,0,87,16,"Collingwood","2017",23
32,"Hoskin-Elliott, Will",18,12,2,20,2,0,0,3,2,6,2,1,0,0,3,4,17,1,0,2,0,0,82,16,"Collingwood","2017",23
38,"Howe, Jeremy",12,11,8,20,0,0,0,0,5,0,0,2,1,1,0,6,13,2,0,3,0,0,87,16,"Collingwood","2017",23
27,"Kirby, Kayle",3,2,1,4,0,1,0,5,0,0,0,1,0,1,0,2,2,0,2,1,0,0,69,16,"Collingwood","2017",23
8,"Langdon, Tom",10,6,7,17,0,0,0,4,3,2,0,5,0,1,0,7,12,0,0,4,0,0,91,16,"Collingwood","2017",23
37,"Maynard, Brayden",14,5,9,23,0,1,0,5,2,6,5,3,1,0,0,13,11,1,1,4,1,1,90,16,"Collingwood","2017",23
30,"Moore, Darcy",9,10,6,15,0,0,0,2,0,4,1,0,0,0,0,3,12,1,0,1,0,2,84,16,"Collingwood","2017",23
21,"Phillips, Tom",18,7,5,23,2,1,0,4,2,3,2,2,1,0,0,6,16,0,0,0,0,0,80,16,"Collingwood","2017",23
12,"Scharenberg, Matt",10,3,6,16,0,0,0,1,7,1,2,6,2,2,0,6,9,1,0,1,0,1,73,16,"Collingwood","2017",23
22,"Sidebottom, Steele",13,4,10,23,1,0,0,6,1,3,7,4,1,0,0,11,10,0,1,0,2,1,78,16,"Collingwood","2017",23
24,"Thomas, Josh",5,1,9,14,0,0,0,6,1,0,1,1,2,0,0,6,8,0,0,0,0,1,80,16,"Collingwood","2017",23
7,"Treloar, Adam",8,2,15,23,0,0,0,8,0,2,1,3,1,0,0,8,15,0,0,1,1,0,85,16,"Collingwood","2017",23
0,"Rushed",0,0,0,0,0,5,0,0,0,0,0,0,0,0,0,0,0,0,0,0,0,0,0,16,"Collingwood","2017",23
10,"Brayshaw, Angus",13,8,7,20,0,0,0,3,1,0,2,5,0,1,0,5,15,0,0,2,0,0,74,-16,"Melbourne","2017",23
36,"Garlett, Jeff",11,4,7,18,2,2,0,5,0,4,2,1,1,0,0,6,12,1,2,0,0,3,84,-16,"Melbourne","2017",23
11,"Gawn, Max",5,3,3,8,0,1,35,1,0,2,1,2,0,0,0,4,4,2,1,5,0,0,87,-16,"Melbourne","2017",23
19,"Hannan, Mitch",5,1,5,10,1,0,0,2,0,4,1,2,1,0,0,3,7,0,0,0,0,1,75,-16,"Melbourne","2017",23
43,"Harmes, James",3,0,7,10,0,0,0,3,0,0,0,1,0,0,0,5,5,0,0,2,0,0,80,-16,"Melbourne","2017",23
14,"Hibberd, Michael",15,7,7,22,0,0,0,0,7,2,1,6,2,1,0,7,15,1,0,5,0,0,86,-16,"Melbourne","2017",23
1,"Hogan, Jesse",2,1,1,3,0,0,0,1,0,1,0,0,0,0,0,1,1,0,0,0,0,1,32,-16,"Melbourne","2017",23
29,"Hunt, Jayden",13,2,9,22,0,0,0,5,3,4,1,5,0,1,0,7,15,0,0,3,6,1,88,-16,"Melbourne","2017",23
39,"Jetta, Neville",8,3,11,19,0,0,0,3,2,0,0,3,1,0,0,6,12,0,0,5,1,0,92,-16,"Melbourne","2017",23
2,"Jones, Nathan",14,3,15,29,0,0,0,5,1,9,6,4,0,0,0,12,16,0,0,0,0,0,86,-16,"Melbourne","2017",23
6,"Lewis, Jordan",10,6,17,27,0,1,0,2,0,3,3,2,0,0,0,6,21,1,0,4,0,1,95,-16,"Melbourne","2017",23
28,"McDonald, Oscar",6,4,14,20,0,0,0,0,1,0,0,3,1,2,0,10,11,0,0,6,0,0,91,-16,"Melbourne","2017",23
25,"McDonald, Tom",5,7,7,12,0,0,0,1,1,1,0,6,0,4,0,4,10,1,1,6,0,0,95,-16,"Melbourne","2017",23
18,"Melksham, Jake",7,4,6,13,3,0,0,2,0,2,0,3,2,0,0,4,10,0,2,1,1,1,81,-16,"Melbourne","2017",23
30,"Neal-Bullen, Alex",13,8,4,17,2,1,0,5,0,2,0,4,0,0,0,3,14,1,3,1,0,0,91,-16,"Melbourne","2017",23
13,"Oliver, Clayton",8,7,22,30,0,0,0,3,2,5,4,2,0,0,0,12,19,0,0,2,0,0,76,-16,"Melbourne","2017",23
21,"Pedersen, Cameron",5,2,6,11,1,0,2,0,0,4,1,5,1,3,0,5,8,0,1,2,0,2,82,-16,"Melbourne","2017",23
5,"Petracca, Christian",13,3,10,23,2,1,0,2,0,3,5,3,1,1,0,11,13,1,1,2,1,0,71,-16,"Melbourne","2017",23
3,"Salem, Christian",14,8,10,24,0,0,0,3,4,0,2,1,1,0,0,4,20,1,0,2,0,0,82,-16,"Melbourne","2017",23
12,"Tyson, Dom",12,3,12,24,0,1,0,1,2,6,3,4,0,0,0,7,18,0,1,2,1,1,81,-16,"Melbourne","2017",23
23,"Vince, Bernie",19,6,10,29,0,1,0,2,3,2,0,6,1,2,0,6,23,0,1,1,0,1,83,-16,"Melbourne","2017",23
4,"Watts, Jack",10,9,8,18,1,0,0,2,2,2,0,1,0,1,0,5,13,0,1,2,0,0,87,-16,"Melbourne","2017",23
0,"Rushed",0,0,0,0,0,3,0,0,0,0,0,0,0,0,0,0,0,0,0,0,0,0,0,-16,"Melbourne","2017",23
