"Number","Player","Kicks","Marks","Handballs","Disposals","Goals","Behinds","Hitouts","Tackles","Rebounds50s","Inside50s","Clearances","Clangers","FreesFor","FreesAgainst","BrownlowVotes","ContestedPossessions","UncontestedPossessions","ContestedMarks","MarksInside50","OnePercenters","Bounces","GoalAssists","PercentagePlayed","PointDifference","Team","Season","Round"
41,"Ah Chee, Brendon",12,2,14,26,1,0,0,4,0,6,6,1,1,0,0,10,14,0,0,0,0,0,73,51,"Port Adelaide","2017",11
1,"Boak, Travis",11,7,12,23,1,0,0,3,0,1,2,2,0,0,0,12,11,2,1,2,0,1,83,51,"Port Adelaide","2017",11
5,"Broadbent, Matthew",13,5,11,24,1,0,0,3,2,4,0,2,0,1,0,8,16,1,1,1,0,2,83,51,"Port Adelaide","2017",11
33,"Byrne-Jones, Darcy",10,2,6,16,0,1,0,0,1,2,0,3,0,0,0,5,14,0,0,2,0,0,83,51,"Port Adelaide","2017",11
17,"Clurey, Tom",8,6,5,13,0,0,0,0,2,0,0,1,0,0,0,4,9,1,0,3,0,0,95,51,"Port Adelaide","2017",11
22,"Dixon, Charlie",13,8,7,20,4,1,0,6,0,3,0,1,2,0,2,15,6,5,4,1,0,2,97,51,"Port Adelaide","2017",11
7,"Ebert, Brad",16,5,18,34,0,1,0,12,2,5,7,2,0,2,3,13,20,0,1,0,1,1,89,51,"Port Adelaide","2017",11
9,"Gray, Robbie",3,1,7,10,1,0,0,2,0,1,0,2,1,1,0,4,5,0,1,2,0,0,94,51,"Port Adelaide","2017",11
46,"Gray, Sam",14,7,8,22,1,2,0,1,1,4,1,2,2,0,0,5,16,0,2,1,0,0,83,51,"Port Adelaide","2017",11
8,"Hartlett, Hamish",14,8,10,24,0,0,0,1,1,4,2,1,1,0,0,7,16,1,0,3,0,1,84,51,"Port Adelaide","2017",11
36,"Hombsch, Jack",12,8,2,14,0,0,0,1,1,4,0,1,0,0,0,3,11,1,0,2,0,0,87,51,"Port Adelaide","2017",11
24,"Impey, Jarman",9,5,5,14,2,4,0,2,0,1,2,1,2,1,0,9,7,2,2,2,0,0,68,51,"Port Adelaide","2017",11
42,"Jonas, Tom",4,4,3,7,0,0,0,1,1,1,0,1,0,1,0,3,4,0,0,6,0,0,90,51,"Port Adelaide","2017",11
29,"Pittard, Jasper",13,4,4,17,0,0,0,2,4,3,1,1,1,1,0,2,12,0,0,1,1,0,78,51,"Port Adelaide","2017",11
21,"Polec, Jared",14,6,10,24,0,2,0,5,1,7,0,1,1,0,0,6,17,0,0,1,0,1,80,51,"Port Adelaide","2017",11
2,"Powell-Pepper, Sam",6,0,12,18,1,1,0,6,0,4,1,2,2,1,0,12,7,0,0,1,0,0,76,51,"Port Adelaide","2017",11
4,"Ryder, Paddy",10,5,3,13,1,2,23,0,0,2,2,4,2,2,0,5,7,2,1,4,0,0,76,51,"Port Adelaide","2017",11
18,"Toumpas, Jimmy",20,7,6,26,0,1,0,1,0,1,0,4,0,0,0,3,23,0,0,1,0,0,72,51,"Port Adelaide","2017",11
12,"Trengove, Jackson",4,2,10,14,0,0,19,5,1,2,3,4,0,2,0,9,6,1,0,3,0,0,70,51,"Port Adelaide","2017",11
39,"Westhoff, Justin",7,5,11,18,0,1,0,4,1,1,1,2,0,2,0,9,9,1,1,5,0,0,81,51,"Port Adelaide","2017",11
16,"Wines, Ollie",14,4,14,28,0,1,0,6,0,4,10,3,3,0,1,14,13,1,0,5,0,0,81,51,"Port Adelaide","2017",11
11,"Young, Aaron",9,6,6,15,0,2,0,3,0,4,0,3,2,1,0,5,10,0,0,0,0,1,76,51,"Port Adelaide","2017",11
0,"Rushed",0,0,0,0,0,1,0,0,0,0,0,0,0,0,0,0,0,0,0,0,0,0,0,51,"Port Adelaide","2017",11
30,"Brand, Kaiden",7,3,8,15,0,0,0,1,3,0,0,3,1,1,0,8,7,0,0,10,0,0,100,-51,"Hawthorn","2017",11
22,"Breust, Luke",8,5,5,13,2,1,0,3,3,2,0,2,0,2,0,6,8,2,2,1,1,0,75,-51,"Hawthorn","2017",11
9,"Burgoyne, Shaun",8,3,7,15,0,0,0,9,3,2,3,4,1,2,0,8,7,0,0,2,0,0,84,-51,"Hawthorn","2017",11
5,"Burton, Ryan",18,11,7,25,0,0,0,5,4,4,0,5,0,1,0,3,20,1,0,3,0,0,84,-51,"Hawthorn","2017",11
46,"Cousins, James",10,3,2,12,0,0,0,6,1,0,1,3,1,2,0,5,8,0,0,1,0,1,70,-51,"Hawthorn","2017",11
8,"Duryea, Taylor",12,5,6,18,0,0,0,2,6,1,1,2,0,1,0,3,13,0,0,4,0,0,75,-51,"Hawthorn","2017",11
6,"Gibson, Josh",9,6,6,15,0,0,0,4,2,0,0,1,0,1,0,3,12,0,0,11,0,0,100,-51,"Hawthorn","2017",11
19,"Gunston, Jack",4,2,3,7,0,0,0,1,0,1,1,1,1,0,0,2,5,0,0,1,0,0,87,-51,"Hawthorn","2017",11
37,"Hardwick, Blake",6,3,4,10,0,0,0,5,4,0,1,2,0,0,0,4,6,0,0,3,0,0,76,-51,"Hawthorn","2017",11
31,"Henderson, Ricky",11,5,10,21,0,0,0,4,1,1,2,2,0,0,0,6,17,0,0,4,1,0,81,-51,"Hawthorn","2017",11
15,"Hodge, Luke",17,5,10,27,0,0,0,2,5,1,1,5,0,3,0,7,19,0,0,4,0,0,81,-51,"Hawthorn","2017",11
17,"Howe, Daniel",8,5,9,17,0,0,0,1,1,0,2,1,0,0,0,7,10,0,0,4,0,0,83,-51,"Hawthorn","2017",11
7,"McEvoy, Ben",6,4,4,10,0,0,34,3,1,0,2,1,0,1,0,7,3,2,0,3,0,0,86,-51,"Hawthorn","2017",11
3,"Mitchell, Tom",15,9,15,30,0,0,0,5,3,3,5,4,2,2,0,10,21,0,0,0,1,0,88,-51,"Hawthorn","2017",11
28,"Puopolo, Paul",4,2,3,7,1,0,0,3,0,2,1,3,0,0,0,4,3,0,0,1,0,0,78,-51,"Hawthorn","2017",11
2,"Roughead, Jarryd",11,6,7,18,2,0,0,5,0,2,2,3,1,0,0,10,10,0,3,3,0,1,88,-51,"Hawthorn","2017",11
26,"Shiels, Liam",11,3,9,20,0,0,0,6,0,0,1,5,0,2,0,8,11,0,0,0,0,1,90,-51,"Hawthorn","2017",11
21,"Sicily, James",5,3,6,11,2,0,0,3,0,2,0,1,2,0,0,5,5,2,0,1,0,0,83,-51,"Hawthorn","2017",11
16,"Smith, Isaac",11,4,9,20,0,1,0,4,3,1,3,5,0,0,0,6,14,0,0,1,1,0,84,-51,"Hawthorn","2017",11
27,"Vickery, Ty",8,2,3,11,0,2,9,3,1,3,3,0,5,0,0,6,6,0,1,1,0,0,67,-51,"Hawthorn","2017",11
11,"Whitecross, Brendan",6,4,7,13,0,1,0,2,3,1,1,2,1,1,0,6,7,0,0,2,0,0,75,-51,"Hawthorn","2017",11
20,"Willsmore, Dallas",8,6,2,10,0,0,0,4,3,0,0,1,0,0,0,1,9,0,0,1,0,0,64,-51,"Hawthorn","2017",11
0,"Totals",203,99,142,345,7,5,43,81,47,26,30,56,15,19,0,125,221,7,6,61,4,3,0,-51,"Hawthorn","2017",11
