"Number","Player","Kicks","Marks","Handballs","Disposals","Goals","Behinds","Hitouts","Tackles","Rebounds50s","Inside50s","Clearances","Clangers","FreesFor","FreesAgainst","BrownlowVotes","ContestedPossessions","UncontestedPossessions","ContestedMarks","MarksInside50","OnePercenters","Bounces","GoalAssists","PercentagePlayed","PointDifference","Team","Season","Round"
12,"Astbury, David",5,2,6,11,0,0,0,0,3,0,0,2,3,2,0,6,5,0,0,5,0,0,89,13,"Richmond","2017",5
40,"Butler, Dan",8,2,4,12,1,0,0,6,2,2,2,4,0,2,0,4,6,0,1,0,0,1,87,13,"Richmond","2017",5
22,"Caddy, Josh",11,2,10,21,1,0,0,5,4,2,8,9,2,1,0,11,6,0,0,4,0,0,87,13,"Richmond","2017",5
46,"Castagna, Jason",6,5,5,11,1,1,0,4,0,2,0,2,0,1,0,5,7,0,2,0,0,0,82,13,"Richmond","2017",5
30,"Conca, Reece",10,1,5,15,0,0,0,3,5,1,0,2,1,0,0,6,5,0,0,3,1,0,83,13,"Richmond","2017",5
9,"Cotchin, Trent",15,3,4,19,0,0,0,7,2,7,4,5,3,1,0,7,11,0,0,2,0,1,79,13,"Richmond","2017",5
5,"Ellis, Brandon",10,3,10,20,0,0,0,1,1,2,0,5,1,1,0,10,9,0,0,1,2,0,79,13,"Richmond","2017",5
43,"Elton, Todd",3,2,4,7,0,0,2,2,0,2,0,0,0,0,0,2,5,1,0,1,0,0,66,13,"Richmond","2017",5
6,"Grigg, Shaun",14,5,6,20,1,1,1,7,3,4,6,3,1,2,0,10,8,0,1,2,0,2,82,13,"Richmond","2017",5
2,"Grimes, Dylan",3,0,3,6,0,0,0,7,1,2,0,1,0,1,0,6,2,0,0,8,0,0,83,13,"Richmond","2017",5
14,"Houli, Bachar",14,3,10,24,0,0,0,6,5,3,3,5,0,2,0,6,11,0,0,4,1,0,92,13,"Richmond","2017",5
23,"Lambert, Kane",10,2,10,20,0,2,0,7,0,6,4,0,2,0,0,12,7,0,0,0,0,1,79,13,"Richmond","2017",5
31,"Markov, Oleg",2,2,6,8,0,0,0,1,1,0,1,2,0,2,0,5,4,0,0,3,0,0,74,13,"Richmond","2017",5
4,"Martin, Dustin",22,2,10,32,1,2,0,6,2,7,9,9,1,0,1,14,15,0,0,0,0,1,85,13,"Richmond","2017",5
33,"McIntosh, Kamdyn",7,3,2,9,0,0,0,4,2,0,0,2,0,0,0,4,5,2,0,4,0,0,77,13,"Richmond","2017",5
37,"Menadue, Connor",6,1,5,11,0,0,0,4,1,1,2,2,2,0,0,7,3,0,0,0,0,1,60,13,"Richmond","2017",5
25,"Nankervis, Toby",13,1,3,16,0,0,56,7,2,5,4,3,2,1,2,12,3,0,0,3,0,0,82,13,"Richmond","2017",5
3,"Prestia, Dion",9,0,11,20,0,1,0,2,1,6,2,3,0,1,0,8,11,0,0,3,0,0,81,13,"Richmond","2017",5
18,"Rance, Alex",6,4,5,11,0,0,0,2,6,0,0,3,2,2,0,8,5,1,0,13,0,0,100,13,"Richmond","2017",5
8,"Riewoldt, Jack",10,3,2,12,6,2,1,1,0,1,0,2,1,1,3,8,5,2,3,1,0,1,92,13,"Richmond","2017",5
17,"Rioli, Daniel",7,3,4,11,1,2,0,4,0,4,2,1,1,1,0,9,4,0,1,4,0,1,84,13,"Richmond","2017",5
15,"Short, Jayden",7,2,3,10,0,1,0,2,5,0,0,1,1,0,0,3,7,0,1,1,0,0,75,13,"Richmond","2017",5
0,"Rushed",0,0,0,0,0,4,0,0,0,0,0,0,0,0,0,0,0,0,0,0,0,0,0,13,"Richmond","2017",5
17,"Frost, Sam",8,1,4,12,0,0,3,7,3,3,0,2,1,0,0,7,5,0,0,5,0,0,87,-13,"Melbourne","2017",5
36,"Garlett, Jeff",9,2,1,10,2,0,0,3,0,5,1,1,0,1,0,3,6,1,1,1,0,1,88,-13,"Melbourne","2017",5
43,"Harmes, James",10,2,8,18,0,0,0,8,1,5,2,3,2,2,0,10,8,0,0,3,3,0,88,-13,"Melbourne","2017",5
14,"Hibberd, Michael",18,6,9,27,1,0,0,0,8,1,0,4,1,0,0,11,17,1,0,2,0,1,88,-13,"Melbourne","2017",5
1,"Hogan, Jesse",8,1,3,11,3,0,0,1,1,1,0,2,2,2,0,5,7,0,0,2,0,0,93,-13,"Melbourne","2017",5
29,"Hunt, Jayden",17,4,7,24,1,0,0,4,4,5,2,4,3,0,0,9,14,1,0,8,0,0,91,-13,"Melbourne","2017",5
39,"Jetta, Neville",4,0,8,12,0,0,0,2,2,0,0,1,1,0,0,4,8,0,0,6,0,0,84,-13,"Melbourne","2017",5
2,"Jones, Nathan",7,1,17,24,0,0,0,5,1,4,4,4,2,2,0,15,11,0,0,3,0,0,88,-13,"Melbourne","2017",5
24,"Kennedy Harris, Jay",7,5,4,11,0,0,0,7,0,1,0,4,1,1,0,3,9,0,0,2,0,0,89,-13,"Melbourne","2017",5
25,"McDonald, Tom",11,2,9,20,1,0,0,1,0,3,0,1,0,1,0,6,14,0,0,15,0,0,95,-13,"Melbourne","2017",5
18,"Melksham, Jake",11,3,6,17,0,0,0,0,0,5,3,2,1,0,0,5,12,1,0,4,0,1,88,-13,"Melbourne","2017",5
30,"Neal-Bullen, Alex",10,1,11,21,0,0,0,9,1,4,4,5,0,0,0,12,9,0,0,2,0,1,88,-13,"Melbourne","2017",5
13,"Oliver, Clayton",8,3,24,32,0,0,0,7,2,3,9,7,1,5,0,19,14,0,0,0,0,1,83,-13,"Melbourne","2017",5
5,"Petracca, Christian",7,3,7,14,1,0,0,1,0,4,0,3,1,2,0,9,6,2,1,0,0,1,83,-13,"Melbourne","2017",5
3,"Salem, Christian",9,3,8,17,1,0,0,4,1,3,2,0,0,0,0,5,12,0,1,0,0,2,90,-13,"Melbourne","2017",5
38,"Smith, Tim",2,0,2,4,0,1,0,3,0,1,0,0,1,0,0,3,0,0,0,0,0,0,34,-13,"Melbourne","2017",5
33,"Spencer, Jake",1,0,3,4,0,0,13,2,0,1,0,1,1,1,0,2,2,0,0,1,0,0,35,-13,"Melbourne","2017",5
15,"Stretch, Billy",9,4,10,19,0,1,0,3,0,4,1,1,1,0,0,10,14,0,1,5,0,0,80,-13,"Melbourne","2017",5
12,"Tyson, Dom",9,4,15,24,0,0,0,3,1,2,3,7,1,3,0,11,14,0,0,0,0,0,74,-13,"Melbourne","2017",5
23,"Vince, Bernie",18,2,4,22,0,0,0,2,9,2,0,5,0,1,0,5,10,0,0,4,1,0,94,-13,"Melbourne","2017",5
7,"Viney, Jack",7,2,16,23,0,1,0,6,3,1,6,4,0,2,0,14,10,0,0,1,0,0,74,-13,"Melbourne","2017",5
4,"Watts, Jack",9,4,9,18,1,0,11,1,1,3,2,4,1,0,0,3,15,0,0,5,0,1,86,-13,"Melbourne","2017",5
0,"Rushed",0,0,0,0,0,6,0,0,0,0,0,0,0,0,0,0,0,0,0,0,0,0,0,-13,"Melbourne","2017",5
