"Number","Player","Kicks","Marks","Handballs","Disposals","Goals","Behinds","Hitouts","Tackles","Rebounds50s","Inside50s","Clearances","Clangers","FreesFor","FreesAgainst","BrownlowVotes","ContestedPossessions","UncontestedPossessions","ContestedMarks","MarksInside50","OnePercenters","Bounces","GoalAssists","PercentagePlayed","PointDifference","Team","Season","Round"
18,"Atley, Shaun",7,3,10,17,1,1,0,0,1,3,1,2,0,2,0,5,13,0,0,1,1,2,84,-43,"North Melbourne","2017",1
50,"Brown, Ben",6,6,5,11,2,1,0,2,0,3,0,0,1,0,0,5,6,1,3,0,0,0,87,-43,"North Melbourne","2017",1
14,"Dumont, Trent",15,2,10,25,0,0,0,3,4,6,5,8,2,2,0,12,13,0,0,1,0,1,73,-43,"North Melbourne","2017",1
43,"Gibson, Sam",11,2,11,22,0,1,0,4,3,2,2,1,1,0,0,10,11,0,0,1,0,0,88,-43,"North Melbourne","2017",1
22,"Goldstein, Todd",3,3,8,11,3,0,32,1,0,0,4,0,2,0,0,6,5,1,3,3,0,0,89,-43,"North Melbourne","2017",1
6,"Hansen, Lachlan",5,2,4,9,0,0,0,2,1,0,0,1,1,1,0,2,7,0,0,1,0,0,86,-43,"North Melbourne","2017",1
39,"Hibberd, Mitchell",3,2,7,10,0,0,0,1,1,2,0,3,0,3,0,1,9,0,0,1,0,0,84,-43,"North Melbourne","2017",1
4,"Higgins, Shaun",13,2,12,25,0,1,0,4,0,7,11,1,1,0,0,14,13,0,0,0,0,1,85,-43,"North Melbourne","2017",1
8,"Hrovat, Nathan",5,2,9,14,1,1,0,1,0,1,1,2,0,1,0,5,8,0,0,0,0,0,82,-43,"North Melbourne","2017",1
34,"Macmillan, Jamie",8,1,10,18,0,0,0,2,5,2,0,1,0,0,0,3,15,0,0,2,0,0,85,-43,"North Melbourne","2017",1
11,"McDonald, Luke",12,3,7,19,0,0,0,5,3,1,0,4,3,0,0,4,15,0,0,2,0,0,81,-43,"North Melbourne","2017",1
42,"Mountford, Declan",1,3,10,11,0,0,0,3,0,2,0,0,0,0,0,2,9,0,1,0,0,2,71,-43,"North Melbourne","2017",1
31,"Preuss, Braydon",4,2,1,5,1,0,19,2,0,0,2,1,0,1,0,4,1,2,1,1,0,0,76,-43,"North Melbourne","2017",1
21,"Simpkin, Jy",2,2,7,9,0,0,0,2,0,1,0,2,0,1,0,6,3,0,2,0,0,0,81,-43,"North Melbourne","2017",1
9,"Swallow, Andrew",13,3,10,23,0,1,0,8,1,4,6,4,1,0,0,10,14,0,1,6,0,1,69,-43,"North Melbourne","2017",1
25,"Tarrant, Robbie",8,3,7,15,1,0,0,2,2,2,0,3,1,2,0,5,9,1,0,2,0,0,93,-43,"North Melbourne","2017",1
12,"Thomas, Lindsay",8,1,4,12,0,2,0,6,0,4,0,1,4,0,0,7,5,0,1,0,0,2,75,-43,"North Melbourne","2017",1
16,"Thompson, Scott",8,2,9,17,0,0,0,3,4,1,0,2,1,1,0,8,7,0,0,4,0,0,91,-43,"North Melbourne","2017",1
28,"Turner, Kayne",3,2,6,9,2,0,0,2,0,1,0,0,0,0,0,2,7,0,1,1,0,0,77,-43,"North Melbourne","2017",1
30,"Waite, Jarrad",12,7,5,17,1,7,0,4,0,1,0,1,1,0,0,8,9,2,6,0,0,2,80,-43,"North Melbourne","2017",1
2,"Williams, Marley",4,0,7,11,0,0,0,3,3,1,0,2,0,0,0,3,9,0,0,3,0,0,91,-43,"North Melbourne","2017",1
7,"Ziebell, Jack",17,1,14,31,1,0,0,5,1,8,5,7,1,2,0,15,16,1,0,0,0,1,71,-43,"North Melbourne","2017",1
0,"Totals",168,54,173,341,13,15,51,65,29,52,37,46,20,16,0,137,204,8,19,29,1,12,0,-43,"North Melbourne","2017",1
15,"Cripps, Jamie",12,6,3,15,3,2,0,5,0,5,2,3,1,2,0,7,9,1,4,0,0,0,84,43,"West Coast","2017",1
27,"Darling, Jack",5,3,2,7,2,0,3,5,0,5,0,1,0,1,0,1,6,0,1,0,0,1,87,43,"West Coast","2017",1
3,"Gaff, Andrew",20,13,16,36,0,0,0,3,2,3,1,2,1,0,1,5,35,0,3,2,2,2,90,43,"West Coast","2017",1
33,"Hill, Josh",8,2,7,15,1,2,0,3,2,4,2,1,1,1,0,4,11,0,0,0,0,1,75,43,"West Coast","2017",1
25,"Hurn, Shannon",14,8,7,21,0,1,0,3,3,4,1,2,2,1,0,5,14,1,0,2,0,2,89,43,"West Coast","2017",1
34,"Hutchings, Mark",10,2,6,16,0,0,0,2,1,2,2,2,0,0,0,4,11,0,0,0,0,1,56,43,"West Coast","2017",1
23,"Jetta, Lewis",4,0,5,9,1,0,0,2,0,1,1,1,0,0,0,2,7,0,0,0,0,0,87,43,"West Coast","2017",1
17,"Kennedy, Josh",12,9,4,16,7,0,0,4,0,2,0,2,2,2,3,11,6,3,6,3,0,3,98,43,"West Coast","2017",1
2,"LeCras, Mark",11,5,4,15,4,1,0,1,0,1,1,1,0,0,0,8,7,0,3,1,0,0,84,43,"West Coast","2017",1
16,"Mackenzie, Eric",6,3,5,11,0,0,0,1,4,0,0,0,0,0,0,2,8,0,0,7,0,0,100,43,"West Coast","2017",1
7,"Masten, Chris",12,7,11,23,0,0,0,5,2,4,2,1,2,0,0,6,17,0,0,0,0,0,77,43,"West Coast","2017",1
20,"McGovern, Jeremy",15,12,6,21,0,1,0,1,2,4,0,3,0,2,0,6,15,4,0,2,0,2,80,43,"West Coast","2017",1
1,"Mitchell, Sam",14,5,24,38,0,1,0,1,3,1,3,3,1,0,2,11,29,0,1,3,0,0,86,43,"West Coast","2017",1
30,"Nelson, Jackson",6,2,2,8,0,0,0,1,1,0,0,1,1,1,0,2,7,0,0,0,0,0,77,43,"West Coast","2017",1
21,"Petrie, Drew",7,1,0,7,1,0,10,2,1,1,1,2,2,1,0,4,4,0,0,1,0,0,70,43,"West Coast","2017",1
11,"Priddis, Matt",7,3,22,29,0,0,0,5,0,3,6,3,0,2,0,13,16,0,0,0,0,2,83,43,"West Coast","2017",1
8,"Redden, Jack",10,8,12,22,0,0,0,8,2,3,2,2,1,0,0,5,17,0,0,0,0,1,73,43,"West Coast","2017",1
5,"Sheppard, Brad",10,6,6,16,0,0,0,3,3,0,0,5,0,2,0,2,14,0,0,1,0,0,84,43,"West Coast","2017",1
13,"Shuey, Luke",11,3,20,31,0,0,0,4,0,6,7,2,1,2,0,10,21,0,0,1,0,1,82,43,"West Coast","2017",1
19,"Vardy, Nathan",5,3,5,10,0,0,16,1,1,1,0,2,0,2,0,3,6,2,0,1,0,1,72,43,"West Coast","2017",1
12,"Wellingham, Sharrod",11,4,11,22,0,0,0,2,2,1,0,6,0,1,0,6,15,0,0,1,2,0,80,43,"West Coast","2017",1
6,"Yeo, Elliot",16,10,10,26,2,1,0,2,2,5,5,1,1,0,0,14,11,4,1,3,0,1,86,43,"West Coast","2017",1
0,"Rushed",0,0,0,0,0,1,0,0,0,0,0,0,0,0,0,0,0,0,0,0,0,0,0,43,"West Coast","2017",1
