"Number","Player","Kicks","Marks","Handballs","Disposals","Goals","Behinds","Hitouts","Tackles","Rebounds50s","Inside50s","Clearances","Clangers","FreesFor","FreesAgainst","BrownlowVotes","ContestedPossessions","UncontestedPossessions","ContestedMarks","MarksInside50","OnePercenters","Bounces","GoalAssists","PercentagePlayed","PointDifference","Team","Season","Round"
37,"Barrass, Tom",13,7,4,17,0,0,0,0,2,2,0,1,1,1,0,3,14,0,0,5,0,0,90,26,"West Coast","2017",4
26,"Butler, Sam",12,4,9,21,0,0,0,1,6,1,0,1,0,0,0,6,15,0,0,5,0,0,83,26,"West Coast","2017",4
15,"Cripps, Jamie",10,4,6,16,3,0,0,7,1,2,3,2,1,1,1,6,11,0,0,1,0,0,78,26,"West Coast","2017",4
14,"Duggan, Liam",8,3,6,14,0,0,0,3,0,4,1,3,0,0,0,4,11,0,0,2,0,2,79,26,"West Coast","2017",4
3,"Gaff, Andrew",22,3,6,28,2,1,0,0,2,4,1,7,0,1,0,6,21,0,0,1,1,0,87,26,"West Coast","2017",4
22,"Giles, Jonathan",1,1,6,7,0,0,36,4,1,0,2,1,0,1,0,6,1,0,0,1,0,0,61,26,"West Coast","2017",4
33,"Hill, Josh",6,0,5,11,1,4,0,3,0,3,0,0,1,0,0,4,6,0,0,2,0,0,79,26,"West Coast","2017",4
25,"Hurn, Shannon",12,8,7,19,0,0,0,2,3,1,0,1,0,0,0,6,13,1,0,4,0,0,85,26,"West Coast","2017",4
17,"Kennedy, Josh",10,6,5,15,2,3,0,2,0,6,0,0,2,0,0,8,8,3,1,1,0,2,100,26,"West Coast","2017",4
2,"LeCras, Mark",9,3,2,11,2,1,0,4,0,3,1,5,0,1,0,3,6,1,1,0,0,0,96,26,"West Coast","2017",4
7,"Masten, Chris",11,5,9,20,0,0,0,3,1,2,2,1,2,0,0,10,10,0,0,1,0,2,83,26,"West Coast","2017",4
20,"McGovern, Jeremy",14,8,5,19,2,1,0,2,1,1,0,4,1,1,0,10,12,3,3,7,0,2,89,26,"West Coast","2017",4
1,"Mitchell, Sam",9,1,8,17,0,0,0,7,1,1,2,0,1,0,0,7,9,0,0,2,0,1,68,26,"West Coast","2017",4
30,"Nelson, Jackson",9,4,5,14,0,0,0,1,0,0,0,2,0,1,0,5,8,1,0,0,1,0,74,26,"West Coast","2017",4
11,"Priddis, Matt",9,5,20,29,0,0,0,7,2,5,7,3,1,2,0,16,16,0,0,1,0,0,90,26,"West Coast","2017",4
8,"Redden, Jack",8,2,12,20,0,0,0,5,2,2,6,3,3,0,0,14,7,0,0,3,0,0,69,26,"West Coast","2017",4
31,"Schofield, Will",4,4,6,10,0,0,0,0,0,1,0,2,0,2,0,3,8,0,0,9,0,0,92,26,"West Coast","2017",4
5,"Sheppard, Brad",10,4,10,20,0,0,0,5,1,3,0,2,1,1,0,5,15,1,0,3,0,0,81,26,"West Coast","2017",4
13,"Shuey, Luke",16,8,14,30,1,1,0,7,1,4,6,4,3,2,3,12,19,0,1,2,1,0,83,26,"West Coast","2017",4
19,"Vardy, Nathan",8,2,2,10,0,0,22,3,1,3,0,4,2,1,0,3,7,0,0,3,0,0,65,26,"West Coast","2017",4
12,"Wellingham, Sharrod",12,5,7,19,0,1,0,6,0,4,2,4,1,1,0,5,12,0,1,2,0,0,77,26,"West Coast","2017",4
6,"Yeo, Elliot",18,11,11,29,0,0,0,1,5,2,1,1,3,0,0,11,17,1,0,3,0,0,92,26,"West Coast","2017",4
0,"Rushed",0,0,0,0,0,1,0,0,0,0,0,0,0,0,0,0,0,0,0,0,0,0,0,26,"West Coast","2017",4
36,"Aliir, Aliir",4,3,5,9,0,0,0,2,2,0,0,4,0,2,0,4,8,0,0,12,0,0,93,-26,"Sydney","2017",4
7,"Cunningham, Harry",5,3,9,14,1,0,0,7,1,2,1,1,1,0,0,7,7,1,1,3,0,0,82,-26,"Sydney","2017",4
13,"Florent, Oliver",7,1,1,8,1,0,0,2,0,2,2,3,2,2,0,5,3,0,0,0,0,0,64,-26,"Sydney","2017",4
6,"Foote, Jordan",3,0,6,9,1,0,0,4,0,2,1,0,2,0,0,5,4,0,0,0,0,0,89,-26,"Sydney","2017",4
42,"Fox, Robbie",5,0,6,11,0,0,0,5,1,2,1,1,0,0,0,6,4,0,0,2,1,2,76,-26,"Sydney","2017",4
23,"Franklin, Lance",9,7,6,15,2,0,2,3,0,2,0,2,1,2,0,3,12,1,1,2,0,0,93,-26,"Sydney","2017",4
39,"Grundy, Heath",11,8,7,18,0,0,0,4,1,0,0,4,1,2,0,5,12,1,0,4,0,0,100,-26,"Sydney","2017",4
4,"Hannebery, Dan",8,1,15,23,0,1,0,6,1,1,5,1,0,1,0,14,9,0,0,0,0,1,77,-26,"Sydney","2017",4
9,"Hayward, Will",10,4,1,11,2,1,0,1,0,1,1,3,1,1,0,4,7,0,4,1,0,1,76,-26,"Sydney","2017",4
29,"Hewett, George",11,4,9,20,0,0,0,6,0,1,6,4,2,1,0,11,9,0,0,0,0,0,71,-26,"Sydney","2017",4
15,"Jack, Kieren",9,2,5,14,0,0,0,4,2,3,0,3,0,0,0,3,11,0,0,0,0,1,66,-26,"Sydney","2017",4
10,"Jones, Zak",12,4,7,19,0,0,0,4,5,1,1,6,0,1,0,4,12,0,0,2,4,0,91,-26,"Sydney","2017",4
12,"Kennedy, Josh",14,3,19,33,0,0,0,5,2,4,9,4,1,1,2,19,13,0,0,1,0,0,87,-26,"Sydney","2017",4
44,"Lloyd, Jake",22,6,7,29,1,0,0,2,6,5,1,4,1,1,0,6,22,0,0,1,0,0,86,-26,"Sydney","2017",4
31,"Marsh, Harrison",10,2,9,19,0,0,0,0,1,3,0,1,0,0,0,7,12,0,0,3,0,1,87,-26,"Sydney","2017",4
14,"Mills, Callum",10,3,4,14,0,0,0,1,2,2,2,2,1,0,0,6,6,1,0,2,0,0,83,-26,"Sydney","2017",4
28,"Newman, Nic",13,4,6,19,0,0,0,2,5,1,3,0,0,0,0,9,9,0,0,3,0,0,71,-26,"Sydney","2017",4
41,"Papley, Tom",4,2,2,6,1,1,0,1,0,2,0,3,1,2,0,2,5,1,1,1,0,0,55,-26,"Sydney","2017",4
26,"Parker, Luke",12,4,15,27,0,0,0,4,4,2,4,6,1,3,0,14,15,0,0,2,0,1,84,-26,"Sydney","2017",4
20,"Reid, Sam",8,6,8,16,1,0,7,2,0,1,0,1,0,0,0,8,9,2,1,5,0,1,89,-26,"Sydney","2017",4
18,"Sinclair, Callum",9,1,4,13,0,0,24,4,1,3,5,6,1,3,0,9,4,0,0,1,0,0,83,-26,"Sydney","2017",4
40,"Smith, Nick",7,4,7,14,0,0,0,3,4,1,1,4,0,1,0,6,8,0,0,3,0,0,96,-26,"Sydney","2017",4
0,"Rushed",0,0,0,0,0,2,0,0,0,0,0,0,0,0,0,0,0,0,0,0,0,0,0,-26,"Sydney","2017",4
