"Number","Player","Kicks","Marks","Handballs","Disposals","Goals","Behinds","Hitouts","Tackles","Rebounds50s","Inside50s","Clearances","Clangers","FreesFor","FreesAgainst","BrownlowVotes","ContestedPossessions","UncontestedPossessions","ContestedMarks","MarksInside50","OnePercenters","Bounces","GoalAssists","PercentagePlayed","PointDifference","Team","Season","Round"
21,"Atkins, Rory",11,5,8,19,0,1,0,5,1,2,1,3,2,0,0,6,12,0,1,1,2,0,83,21,"Adelaide","2017",18
18,"Betts, Eddie",3,4,5,8,0,0,0,6,0,2,0,1,1,0,0,4,4,1,1,0,0,0,85,21,"Adelaide","2017",18
16,"Brown, Luke",10,7,1,11,1,0,0,0,2,3,0,0,0,0,0,1,8,0,0,0,0,0,82,21,"Adelaide","2017",18
23,"Cameron, Charlie",5,1,1,6,1,0,0,2,0,1,0,3,3,3,0,4,2,1,1,0,0,2,83,21,"Adelaide","2017",18
2,"Crouch, Brad",14,3,15,29,0,0,0,7,1,2,10,4,1,1,0,14,12,0,0,0,0,0,70,21,"Adelaide","2017",18
44,"Crouch, Matt",14,4,18,32,0,1,0,5,1,3,8,1,2,1,0,18,15,0,1,2,0,0,76,21,"Adelaide","2017",18
26,"Douglas, Richard",11,1,9,20,4,0,0,5,1,2,3,3,0,0,0,7,12,1,1,3,0,1,78,21,"Adelaide","2017",18
20,"Greenwood, Hugh",13,2,10,23,1,2,0,4,1,2,8,4,2,2,0,10,8,0,0,3,0,0,71,21,"Adelaide","2017",18
24,"Jacobs, Sam",11,7,6,17,0,0,32,1,0,4,5,1,2,1,2,9,8,3,0,4,0,0,86,21,"Adelaide","2017",18
4,"Jenkins, Josh",10,6,3,13,1,0,7,0,2,2,1,6,1,4,0,9,6,1,0,1,0,0,85,21,"Adelaide","2017",18
42,"Keath, Alex",6,3,0,6,0,0,0,3,2,1,0,1,2,1,0,4,2,1,0,12,0,0,76,21,"Adelaide","2017",18
8,"Kelly, Jake",8,7,4,12,0,0,0,2,1,1,0,1,0,0,0,1,12,0,0,0,0,0,89,21,"Adelaide","2017",18
3,"Knight, Riley",5,1,4,9,0,0,0,6,3,0,0,8,1,4,0,4,5,0,1,1,0,0,72,21,"Adelaide","2017",18
29,"Laird, Rory",11,6,11,22,0,0,0,1,2,1,0,2,0,1,0,9,13,1,0,0,0,0,87,21,"Adelaide","2017",18
27,"Lynch, Tom",12,7,7,19,1,1,0,3,0,3,0,6,2,3,0,7,13,0,2,0,0,0,85,21,"Adelaide","2017",18
14,"Mackay, David",12,1,2,14,0,1,0,2,2,2,2,5,1,2,0,7,7,0,0,1,0,0,80,21,"Adelaide","2017",18
41,"McGovern, Mitch",6,3,3,9,0,2,0,3,1,3,0,1,1,1,0,4,5,1,1,2,0,1,81,21,"Adelaide","2017",18
22,"Otten, Andy",7,4,4,11,0,0,0,0,1,3,0,1,1,1,0,2,9,0,0,6,0,0,79,21,"Adelaide","2017",18
9,"Sloane, Rory",18,3,10,28,3,2,0,7,3,5,7,3,6,1,3,15,12,0,1,4,0,0,81,21,"Adelaide","2017",18
33,"Smith, Brodie",16,7,1,17,0,0,0,3,3,3,1,2,0,1,0,7,8,1,0,0,0,0,83,21,"Adelaide","2017",18
12,"Talia, Daniel",4,4,5,9,0,0,0,3,4,1,0,3,0,2,0,5,6,0,0,17,0,0,99,21,"Adelaide","2017",18
13,"Walker, Taylor",7,5,5,12,1,2,0,2,0,2,1,4,2,2,0,7,7,1,3,2,0,2,89,21,"Adelaide","2017",18
0,"Rushed",0,0,0,0,0,1,0,0,0,0,0,0,0,0,0,0,0,0,0,0,0,0,0,21,"Adelaide","2017",18
24,"Bews, Jed",12,6,6,18,0,0,0,1,1,2,0,2,1,0,0,8,10,3,0,0,0,1,87,-21,"Geelong","2017",18
46,"Blicavs, Mark",9,4,5,14,1,0,0,10,0,2,2,2,4,1,0,9,5,2,0,1,0,0,55,-21,"Geelong","2017",18
35,"Dangerfield, Patrick",8,3,17,25,1,0,0,10,0,4,3,5,5,2,0,15,11,0,2,0,0,1,80,-21,"Geelong","2017",18
22,"Duncan, Mitch",13,4,11,24,1,1,0,7,1,5,1,3,2,2,0,8,17,0,0,0,1,1,88,-21,"Geelong","2017",18
29,"Guthrie, Cameron",5,0,11,16,0,0,0,6,0,2,5,2,0,2,0,8,8,0,0,0,0,0,81,-21,"Geelong","2017",18
39,"Guthrie, Zach",0,1,7,7,0,0,0,3,0,0,1,1,0,1,0,3,4,0,0,0,0,0,76,-21,"Geelong","2017",18
26,"Hawkins, Tom",8,3,6,14,1,3,0,2,0,1,0,0,2,0,0,7,5,1,2,1,0,1,96,-21,"Geelong","2017",18
25,"Henderson, Lachie",6,3,6,12,0,0,0,6,3,0,0,0,1,0,0,6,6,1,0,3,1,0,97,-21,"Geelong","2017",18
8,"Kolodjashnij, Jake",7,4,8,15,0,0,0,1,1,3,1,3,2,1,0,3,11,0,0,3,0,1,81,-21,"Geelong","2017",18
13,"Lonergan, Tom",3,1,13,16,0,0,0,2,2,0,0,3,1,1,0,12,3,1,0,7,0,0,86,-21,"Geelong","2017",18
27,"Menegola, Sam",10,3,12,22,0,0,0,6,2,2,1,6,1,3,0,8,14,0,0,1,0,1,82,-21,"Geelong","2017",18
10,"Menzel, Daniel",3,2,1,4,1,0,0,1,0,0,0,0,0,0,0,4,1,1,1,1,0,0,86,-21,"Geelong","2017",18
32,"Motlop, Steven",8,2,4,12,0,0,0,1,2,1,0,4,0,1,0,1,11,0,0,0,3,1,81,-21,"Geelong","2017",18
21,"Murdoch, Jordan",12,3,5,17,0,1,0,3,1,4,0,4,1,3,0,4,14,0,0,1,0,0,85,-21,"Geelong","2017",18
34,"Parsons, James",2,2,4,6,0,0,0,3,0,2,0,2,0,1,0,2,4,0,1,0,0,0,86,-21,"Geelong","2017",18
14,"Selwood, Joel",12,3,14,26,0,0,0,9,2,4,5,1,6,0,0,13,14,1,0,1,0,0,81,-21,"Geelong","2017",18
16,"Selwood, Scott",3,2,6,9,0,0,0,10,1,1,2,4,0,3,0,3,8,0,0,2,0,0,70,-21,"Geelong","2017",18
9,"Smith, Zac",4,0,10,14,0,0,15,1,2,1,4,3,2,2,0,9,7,0,0,4,0,0,65,-21,"Geelong","2017",18
1,"Stanley, Rhys",4,4,6,10,0,0,22,0,0,2,0,4,1,2,0,5,6,2,1,1,0,1,65,-21,"Geelong","2017",18
44,"Stewart, Tom",9,4,5,14,0,0,0,3,3,1,0,4,0,2,0,3,11,0,0,4,0,0,88,-21,"Geelong","2017",18
7,"Taylor, Harry",9,3,1,10,5,0,0,2,2,0,0,2,1,2,1,5,4,2,3,4,0,0,92,-21,"Geelong","2017",18
2,"Tuohy, Zach",16,6,7,23,0,1,0,2,3,5,2,2,1,1,0,9,12,2,1,1,1,0,93,-21,"Geelong","2017",18
0,"Rushed",0,0,0,0,0,4,0,0,0,0,0,0,0,0,0,0,0,0,0,0,0,0,0,-21,"Geelong","2017",18
