"Number","Player","Kicks","Marks","Handballs","Disposals","Goals","Behinds","Hitouts","Tackles","Rebounds50s","Inside50s","Clearances","Clangers","FreesFor","FreesAgainst","BrownlowVotes","ContestedPossessions","UncontestedPossessions","ContestedMarks","MarksInside50","OnePercenters","Bounces","GoalAssists","PercentagePlayed","PointDifference","Team","Season","Round"
13,"Adams, Taylor",16,4,8,24,1,0,0,1,1,9,3,2,1,0,0,5,18,0,0,1,1,2,71,-37,"Collingwood","2017",16
29,"Broomhead, Tim",6,3,6,12,1,0,0,1,0,1,1,1,1,0,0,6,7,1,1,1,0,0,85,-37,"Collingwood","2017",16
46,"Cox, Mason",5,3,3,8,1,0,16,1,1,1,1,2,1,0,0,5,3,1,1,4,0,0,83,-37,"Collingwood","2017",16
25,"Crisp, Jack",13,3,9,22,0,0,0,6,3,2,0,3,2,0,0,8,14,0,0,4,0,1,86,-37,"Collingwood","2017",16
2,"de Goey, Jordan",5,2,9,14,1,0,0,0,0,3,2,2,0,2,0,5,11,0,0,2,0,1,74,-37,"Collingwood","2017",16
15,"Dunn, Lynden",9,6,3,12,0,0,0,2,2,0,0,3,1,1,0,5,7,1,0,3,2,0,87,-37,"Collingwood","2017",16
5,"Elliott, Jamie",14,10,3,17,3,1,0,1,0,0,0,2,0,1,0,2,15,0,5,1,1,1,80,-37,"Collingwood","2017",16
1,"Fasolo, Alex",11,8,2,13,4,0,0,2,0,1,0,3,2,2,0,4,9,0,2,0,0,0,85,-37,"Collingwood","2017",16
6,"Goldsack, Tyson",6,1,8,14,0,0,0,4,3,3,0,1,2,1,0,9,4,1,0,6,0,0,89,-37,"Collingwood","2017",16
19,"Greenwood, Levi",9,4,4,13,0,1,0,1,0,6,0,2,0,0,0,5,8,1,0,1,0,1,78,-37,"Collingwood","2017",16
4,"Grundy, Brodie",3,2,10,13,0,0,24,3,0,1,3,1,1,0,0,6,7,0,0,2,0,0,84,-37,"Collingwood","2017",16
32,"Hoskin-Elliott, Will",10,4,12,22,0,0,0,6,1,4,3,1,0,0,0,8,17,0,0,3,0,0,85,-37,"Collingwood","2017",16
8,"Langdon, Tom",9,10,15,24,0,0,0,0,3,2,0,1,1,0,0,10,14,2,0,3,0,0,90,-37,"Collingwood","2017",16
37,"Maynard, Brayden",14,2,2,16,0,0,0,5,7,0,0,4,2,1,0,4,10,0,0,2,0,0,83,-37,"Collingwood","2017",16
10,"Pendlebury, Scott",11,3,18,29,0,0,0,4,2,7,4,3,1,1,0,7,22,0,0,4,0,0,84,-37,"Collingwood","2017",16
20,"Reid, Ben",7,5,4,11,1,2,0,3,0,4,0,2,2,1,0,5,7,1,2,2,0,1,81,-37,"Collingwood","2017",16
12,"Scharenberg, Matt",12,7,8,20,0,0,0,0,3,0,0,4,1,1,0,5,15,0,0,2,0,0,87,-37,"Collingwood","2017",16
22,"Sidebottom, Steele",15,7,11,26,0,1,0,6,2,4,4,2,1,2,0,11,16,0,0,2,0,0,85,-37,"Collingwood","2017",16
40,"Smith, Josh",6,4,6,12,0,0,0,2,0,1,1,3,1,3,0,3,8,0,0,2,0,0,73,-37,"Collingwood","2017",16
24,"Thomas, Josh",7,5,12,19,0,1,0,1,0,1,1,4,1,0,0,6,13,0,0,2,0,1,75,-37,"Collingwood","2017",16
7,"Treloar, Adam",7,1,14,21,0,0,0,1,2,2,6,3,1,0,0,10,12,0,0,1,1,1,77,-37,"Collingwood","2017",16
18,"Varcoe, Travis",9,2,4,13,0,0,0,1,5,1,0,1,0,0,0,1,11,0,0,1,0,0,78,-37,"Collingwood","2017",16
0,"Rushed",0,0,0,0,0,2,0,0,0,0,0,0,0,0,0,0,0,0,0,0,0,0,0,-37,"Collingwood","2017",16
12,"Baguley, Mark",9,7,5,14,0,0,0,3,3,0,1,0,1,0,0,3,10,1,0,5,0,0,82,37,"Essendon","2017",16
2,"Bellchambers, Tom",6,2,2,8,2,1,29,4,1,2,2,2,1,1,0,3,5,1,2,3,0,0,87,37,"Essendon","2017",16
32,"Colyer, Travis",11,7,7,18,1,0,0,0,2,2,1,0,0,0,0,2,15,0,0,1,2,0,73,37,"Essendon","2017",16
6,"Daniher, Joe",11,9,7,18,3,2,0,2,0,4,2,2,2,1,1,9,9,2,4,2,0,0,95,37,"Essendon","2017",16
13,"Fantasia, Orazio",10,2,1,11,5,1,0,5,1,3,1,2,1,2,3,4,7,0,1,1,1,0,80,37,"Essendon","2017",16
8,"Gleeson, Martin",8,7,9,17,0,0,0,0,4,1,0,1,0,1,0,6,11,0,0,10,0,1,83,37,"Essendon","2017",16
9,"Goddard, Brendon",14,14,9,23,0,0,0,1,2,2,2,3,0,2,0,8,17,2,1,1,0,0,83,37,"Essendon","2017",16
15,"Green, Josh",3,4,8,11,0,0,0,1,0,0,0,1,1,1,0,5,5,0,1,0,0,0,83,37,"Essendon","2017",16
36,"Hartley, Michael",4,2,6,10,0,0,0,2,0,1,0,1,0,1,0,3,7,0,0,5,0,1,87,37,"Essendon","2017",16
21,"Heppell, Dyson",10,4,22,32,0,0,0,3,2,5,4,2,1,1,0,10,25,0,0,1,0,0,87,37,"Essendon","2017",16
26,"Hooker, Cale",3,3,4,7,1,0,0,1,1,1,0,2,0,2,0,5,2,2,1,1,0,1,85,37,"Essendon","2017",16
18,"Hurley, Michael",19,11,11,30,0,0,0,3,8,0,0,2,1,1,0,5,21,2,0,5,1,0,95,37,"Essendon","2017",16
47,"Kelly, James",11,6,21,32,0,0,0,7,4,2,2,7,1,3,2,11,21,0,0,1,0,1,87,37,"Essendon","2017",16
43,"McDonald-Tipungwuti, Anthony",8,6,6,14,1,0,0,2,0,3,2,2,1,0,0,6,9,0,1,0,0,2,72,37,"Essendon","2017",16
1,"McGrath, Andrew",8,3,13,21,0,0,0,3,3,0,1,0,0,0,0,5,16,0,0,3,3,0,85,37,"Essendon","2017",16
45,"McKenna, Conor",9,3,4,13,0,0,0,1,2,1,1,2,0,1,0,5,8,1,0,0,4,0,85,37,"Essendon","2017",16
7,"Merrett, Zach",16,1,9,25,2,0,0,6,2,6,1,1,0,0,0,7,18,0,0,0,2,1,67,37,"Essendon","2017",16
23,"Myers, David",17,2,14,31,0,2,0,4,1,5,5,3,0,0,0,8,23,0,0,0,0,0,72,37,"Essendon","2017",16
3,"Parish, Darcy",18,10,10,28,0,1,0,3,1,4,3,4,0,1,0,8,20,0,1,1,1,0,79,37,"Essendon","2017",16
17,"Stewart, James",6,5,8,14,2,0,0,2,0,1,0,2,2,1,0,5,10,0,1,1,1,2,80,37,"Essendon","2017",16
4,"Watson, Jobe",8,3,15,23,0,0,0,3,1,5,4,4,2,3,0,10,13,0,0,1,0,0,73,37,"Essendon","2017",16
11,"Zaharakis, David",18,2,20,38,1,1,0,3,2,6,5,4,2,0,0,15,22,0,0,1,0,1,80,37,"Essendon","2017",16
0,"Rushed",0,0,0,0,0,1,0,0,0,0,0,0,0,0,0,0,0,0,0,0,0,0,0,37,"Essendon","2017",16
