"Number","Player","Kicks","Marks","Handballs","Disposals","Goals","Behinds","Hitouts","Tackles","Rebounds50s","Inside50s","Clearances","Clangers","FreesFor","FreesAgainst","BrownlowVotes","ContestedPossessions","UncontestedPossessions","ContestedMarks","MarksInside50","OnePercenters","Bounces","GoalAssists","PercentagePlayed","PointDifference","Team","Season","Round"
29,"Ambrose, Patrick",11,8,4,15,0,0,0,2,3,2,0,1,2,0,0,6,10,1,0,2,0,0,91,15,"Essendon","2017",23
12,"Baguley, Mark",17,9,8,25,0,0,0,4,6,2,0,4,4,2,0,9,17,1,0,4,1,0,84,15,"Essendon","2017",23
16,"Begley, Josh",5,5,1,6,1,1,0,1,0,2,0,0,0,0,0,2,4,1,2,0,0,1,80,15,"Essendon","2017",23
2,"Bellchambers, Tom",6,10,10,16,1,0,38,1,0,3,2,1,1,1,0,8,11,3,1,4,0,1,86,15,"Essendon","2017",23
32,"Colyer, Travis",11,6,6,17,0,0,0,2,0,7,3,1,1,0,0,7,10,0,0,1,0,0,77,15,"Essendon","2017",23
6,"Daniher, Joe",10,5,2,12,2,3,2,2,0,3,1,3,3,3,0,6,5,2,2,2,0,1,91,15,"Essendon","2017",23
8,"Gleeson, Martin",17,9,6,23,0,0,0,1,2,2,0,0,1,0,0,5,18,1,0,5,1,0,79,15,"Essendon","2017",23
9,"Goddard, Brendon",21,15,11,32,0,0,0,1,3,4,1,4,1,2,0,5,25,0,0,2,0,0,96,15,"Essendon","2017",23
36,"Hartley, Michael",7,4,5,12,0,0,0,1,0,0,0,1,1,0,0,3,8,0,0,8,0,0,94,15,"Essendon","2017",23
21,"Heppell, Dyson",16,7,14,30,0,1,0,5,2,4,5,3,3,0,2,11,20,1,1,2,2,1,82,15,"Essendon","2017",23
39,"Hocking, Heath",6,4,3,9,2,0,0,1,1,2,0,4,0,1,0,4,6,0,1,1,0,2,74,15,"Essendon","2017",23
47,"Kelly, James",10,6,13,23,0,0,0,5,1,1,2,2,0,0,0,5,16,0,0,1,0,0,86,15,"Essendon","2017",23
33,"Laverde, Jayden",6,4,2,8,1,0,0,3,0,2,0,2,0,0,0,3,5,1,2,1,0,0,76,15,"Essendon","2017",23
43,"McDonald-Tipungwuti, Anthony",9,2,6,15,1,0,0,4,0,3,3,1,1,0,0,8,7,1,1,0,0,0,80,15,"Essendon","2017",23
1,"McGrath, Andrew",6,3,15,21,0,0,0,0,0,2,1,0,1,0,0,4,17,0,0,0,0,0,80,15,"Essendon","2017",23
45,"McKenna, Conor",14,3,7,21,0,0,0,2,4,2,1,2,1,0,0,3,17,0,0,1,4,0,70,15,"Essendon","2017",23
7,"Merrett, Zach",21,6,10,31,4,1,0,4,3,6,4,1,2,0,3,6,24,0,0,1,1,2,74,15,"Essendon","2017",23
23,"Myers, David",8,4,11,19,0,1,0,2,0,4,5,2,0,1,0,10,10,1,1,0,0,0,67,15,"Essendon","2017",23
3,"Parish, Darcy",7,3,9,16,0,0,0,7,2,3,4,3,0,1,0,10,8,0,0,2,0,1,86,15,"Essendon","2017",23
17,"Stewart, James",9,4,4,13,4,0,0,0,0,1,0,2,0,1,0,6,7,1,1,0,0,0,88,15,"Essendon","2017",23
4,"Watson, Jobe",11,2,15,26,0,1,0,3,0,3,8,2,5,1,0,20,7,0,0,1,0,1,74,15,"Essendon","2017",23
11,"Zaharakis, David",14,6,11,25,0,0,0,6,2,5,1,3,1,2,0,6,19,0,0,0,0,1,84,15,"Essendon","2017",23
0,"Rushed",0,0,0,0,0,3,0,0,0,0,0,0,0,0,0,0,0,0,0,0,0,0,0,15,"Essendon","2017",23
1,"Ballantyne, Hayden",10,4,4,14,2,1,0,3,1,3,1,4,0,2,0,5,9,0,1,0,0,0,75,-15,"Fremantle","2017",23
13,"Bennell, Harley",10,4,3,13,1,1,0,0,0,4,1,3,0,1,0,6,8,1,1,1,0,1,51,-15,"Fremantle","2017",23
40,"Collins, Sam",3,2,7,10,0,0,2,2,1,1,2,2,1,0,0,9,2,1,1,5,0,0,79,-15,"Fremantle","2017",23
36,"Cox, Brennan",6,6,5,11,2,0,6,1,0,1,0,1,0,0,0,4,7,3,3,1,0,1,84,-15,"Fremantle","2017",23
17,"Crozier, Hayden",6,2,5,11,1,1,0,2,1,3,2,4,2,2,0,6,6,1,1,4,0,0,89,-15,"Fremantle","2017",23
7,"Fyfe, Nat",9,2,15,24,2,0,0,6,2,4,6,4,1,4,1,12,12,0,0,4,0,0,86,-15,"Fremantle","2017",23
12,"Griffin, Jonathon",5,1,3,8,2,0,32,4,0,2,0,0,1,0,0,4,4,1,0,1,0,0,85,-15,"Fremantle","2017",23
21,"Hamling, Joel",8,5,5,13,0,0,0,0,6,1,0,1,3,1,0,5,8,0,0,11,0,0,91,-15,"Fremantle","2017",23
9,"Hill, Bradley",14,5,5,19,0,0,0,3,4,2,0,3,0,0,0,4,16,0,0,2,1,0,86,-15,"Fremantle","2017",23
32,"Hill, Stephen",13,4,6,19,0,0,0,1,4,3,1,6,1,4,0,10,9,0,0,1,0,1,83,-15,"Fremantle","2017",23
15,"Hughes, Ethan",6,4,10,16,0,0,0,0,2,0,0,1,1,0,0,6,10,0,0,3,0,0,87,-15,"Fremantle","2017",23
37,"Johnson, Michael",10,4,4,14,0,0,0,3,6,1,1,3,1,0,0,3,11,1,0,4,0,0,88,-15,"Fremantle","2017",23
22,"Kersten, Shane",5,2,3,8,0,0,0,3,1,2,1,3,0,3,0,1,6,0,0,4,0,0,85,-15,"Fremantle","2017",23
16,"Mundy, David",9,4,16,25,0,0,0,10,1,3,7,1,1,1,0,12,14,0,0,1,0,0,73,-15,"Fremantle","2017",23
27,"Neale, Lachie",10,5,14,24,0,0,0,3,1,1,7,1,1,0,0,12,12,0,0,2,1,0,75,-15,"Fremantle","2017",23
38,"Ryan, Luke",12,5,5,17,0,0,0,5,2,0,1,2,1,2,0,7,12,0,0,5,0,0,86,-15,"Fremantle","2017",23
11,"Sheridan, Tom",7,1,4,11,2,0,0,1,2,0,0,3,0,1,0,5,6,0,0,1,0,1,77,-15,"Fremantle","2017",23
8,"Suban, Nick",4,4,8,12,0,0,0,8,1,2,1,1,1,1,0,5,7,0,0,1,0,0,75,-15,"Fremantle","2017",23
33,"Sutcliffe, Cam",9,4,6,15,0,0,0,3,4,1,1,4,0,2,0,4,11,2,0,1,0,0,86,-15,"Fremantle","2017",23
20,"Taberner, Matthew",9,9,5,14,2,1,0,0,0,5,0,4,0,4,0,5,9,4,4,1,0,0,100,-15,"Fremantle","2017",23
18,"Tucker, Darcy",6,3,5,11,0,0,0,4,0,3,0,0,0,0,0,0,11,0,0,0,0,1,78,-15,"Fremantle","2017",23
14,"Weller, Lachie",8,1,8,16,0,0,0,2,2,2,0,1,0,0,0,2,14,0,0,3,0,0,83,-15,"Fremantle","2017",23
0,"Rushed",0,0,0,0,0,4,0,0,0,0,0,0,0,0,0,0,0,0,0,0,0,0,0,-15,"Fremantle","2017",23
