"Number","Player","Kicks","Marks","Handballs","Disposals","Goals","Behinds","Hitouts","Tackles","Rebounds50s","Inside50s","Clearances","Clangers","FreesFor","FreesAgainst","BrownlowVotes","ContestedPossessions","UncontestedPossessions","ContestedMarks","MarksInside50","OnePercenters","Bounces","GoalAssists","PercentagePlayed","PointDifference","Team","Season","Round"
30,"Brand, Kaiden",11,10,5,16,0,0,0,1,0,2,0,2,0,1,0,3,14,1,0,4,0,0,83,-75,"Hawthorn","2017",6
22,"Breust, Luke",7,2,7,14,1,0,0,0,0,4,1,5,0,3,0,4,10,0,1,1,0,0,76,-75,"Hawthorn","2017",6
9,"Burgoyne, Shaun",7,4,15,22,0,1,0,1,3,3,4,3,0,2,0,7,14,0,0,3,0,1,75,-75,"Hawthorn","2017",6
5,"Burton, Ryan",13,4,3,16,0,0,0,3,5,2,0,2,0,0,0,2,12,0,0,2,0,0,78,-75,"Hawthorn","2017",6
12,"Frawley, James",11,13,8,19,0,0,0,0,2,0,1,2,0,2,0,5,16,0,0,9,0,0,94,-75,"Hawthorn","2017",6
6,"Gibson, Josh",12,10,6,18,0,0,0,0,5,2,1,1,0,0,0,1,16,0,0,6,0,0,90,-75,"Hawthorn","2017",6
19,"Gunston, Jack",10,5,2,12,1,1,0,1,0,4,0,3,2,0,0,3,9,0,0,4,0,1,88,-75,"Hawthorn","2017",6
37,"Hardwick, Blake",11,8,9,20,0,0,0,1,2,2,0,1,0,0,0,1,19,0,0,5,0,0,81,-75,"Hawthorn","2017",6
4,"Hartung, Billy",13,9,9,22,0,1,0,2,0,5,1,2,0,0,0,2,20,1,0,1,0,0,90,-75,"Hawthorn","2017",6
15,"Hodge, Luke",18,9,11,29,0,0,0,1,2,0,2,3,2,1,0,11,15,1,0,4,0,0,83,-75,"Hawthorn","2017",6
17,"Howe, Daniel",7,2,6,13,1,0,0,3,1,4,3,0,2,0,0,5,9,0,1,2,0,1,79,-75,"Hawthorn","2017",6
29,"Langford, Will",9,2,4,13,0,0,0,4,0,3,0,3,1,1,0,4,8,0,0,2,0,1,79,-75,"Hawthorn","2017",6
7,"McEvoy, Ben",6,5,12,18,2,0,26,2,0,0,0,0,0,0,0,8,11,2,2,4,0,0,84,-75,"Hawthorn","2017",6
3,"Mitchell, Tom",15,6,20,35,1,0,0,4,1,2,7,4,0,0,0,15,21,0,0,0,0,0,83,-75,"Hawthorn","2017",6
23,"OBrien, Tim",7,4,2,9,1,0,6,2,2,0,0,1,1,0,0,4,5,2,1,3,0,0,79,-75,"Hawthorn","2017",6
10,"OMeara, Jaeger",6,3,8,14,0,0,0,5,3,1,2,2,0,1,0,2,11,0,0,0,0,0,73,-75,"Hawthorn","2017",6
28,"Puopolo, Paul",4,1,7,11,0,0,0,5,0,1,2,1,1,0,0,7,4,0,0,3,0,0,76,-75,"Hawthorn","2017",6
2,"Roughead, Jarryd",7,5,13,20,0,2,1,1,0,0,0,1,0,0,0,11,9,2,2,2,0,0,84,-75,"Hawthorn","2017",6
26,"Shiels, Liam",12,3,9,21,0,0,0,4,0,4,3,5,0,2,0,8,14,0,0,2,0,1,77,-75,"Hawthorn","2017",6
21,"Sicily, James",8,6,4,12,1,2,0,0,1,1,0,4,0,2,0,3,9,2,1,2,0,0,81,-75,"Hawthorn","2017",6
16,"Smith, Isaac",14,5,4,18,0,0,0,1,3,4,2,2,0,1,0,5,15,0,0,1,1,1,78,-75,"Hawthorn","2017",6
24,"Stratton, Ben",7,4,6,13,0,0,0,3,2,0,0,3,1,1,0,3,9,0,0,6,1,0,89,-75,"Hawthorn","2017",6
0,"Totals",215,120,170,385,8,7,33,44,32,44,29,50,10,17,0,114,270,11,8,66,2,6,0,-75,"Hawthorn","2017",6
8,"Acres, Blake",8,6,15,23,0,0,0,1,0,4,2,2,0,0,0,7,16,1,0,1,0,0,82,75,"St Kilda","2017",6
15,"Billings, Jack",11,5,9,20,0,3,0,4,0,6,2,0,1,0,0,5,14,0,1,1,1,2,84,75,"St Kilda","2017",6
22,"Brown, Nathan",5,5,4,9,0,0,0,2,1,0,0,1,0,1,0,4,5,2,0,5,0,0,89,75,"St Kilda","2017",6
27,"Bruce, Josh",7,7,3,10,3,2,0,0,0,0,0,2,2,1,0,2,8,0,4,1,0,3,92,75,"St Kilda","2017",6
2,"Carlisle, Jake",11,9,5,16,1,0,0,1,0,3,0,2,1,0,0,8,8,4,0,3,0,0,90,75,"St Kilda","2017",6
14,"Geary, Jarryn",12,7,10,22,0,0,0,0,7,0,1,1,0,1,0,7,15,0,0,3,3,0,83,75,"St Kilda","2017",6
19,"Gilbert, Sam",6,3,6,12,0,1,2,2,2,0,1,0,0,0,0,1,11,0,1,1,0,0,67,75,"St Kilda","2017",6
4,"Gresham, Jade",7,3,2,9,2,0,0,2,0,4,0,3,0,0,0,5,5,1,0,2,0,2,79,75,"St Kilda","2017",6
18,"Longer, Billy",0,2,5,5,0,0,36,2,0,0,0,1,1,0,0,4,2,1,0,2,0,0,80,75,"St Kilda","2017",6
28,"Membrey, Tim",14,8,5,19,3,2,0,2,0,0,0,1,2,0,0,9,10,3,4,2,0,0,88,75,"St Kilda","2017",6
41,"Minchington, Darren",5,1,9,14,0,0,0,2,1,1,0,1,1,0,0,4,10,0,0,0,0,0,75,75,"St Kilda","2017",6
11,"Montagna, Leigh",17,5,16,33,0,0,0,3,0,7,1,2,1,1,0,3,30,0,0,0,1,0,85,75,"St Kilda","2017",6
16,"Newnes, Jack",18,4,11,29,0,2,0,3,4,3,1,1,0,1,0,12,18,0,0,2,0,0,88,75,"St Kilda","2017",6
12,"Riewoldt, Nick",13,8,7,20,4,0,0,2,0,3,0,2,1,0,1,4,16,0,3,2,0,1,88,75,"St Kilda","2017",6
17,"Roberton, Dylan",25,8,4,29,2,0,0,3,6,2,0,0,1,0,0,9,18,2,0,3,0,0,88,75,"St Kilda","2017",6
6,"Ross, Sebastian",16,7,16,32,0,0,0,4,1,5,7,1,0,0,2,10,23,0,0,2,1,1,81,75,"St Kilda","2017",6
35,"Sinclair, Jack",15,5,6,21,0,1,0,2,1,5,1,2,1,0,0,5,15,0,0,1,2,2,72,75,"St Kilda","2017",6
9,"Steele, Jack",10,4,17,27,0,0,0,10,4,2,7,1,2,0,0,13,15,0,0,4,0,1,76,75,"St Kilda","2017",6
3,"Steven, Jack",18,5,18,36,0,0,0,8,1,5,4,11,2,2,3,13,24,0,0,2,2,1,83,75,"St Kilda","2017",6
25,"Stevens, Koby",7,6,21,28,2,0,0,4,0,0,6,4,0,1,0,12,17,0,1,0,0,0,68,75,"St Kilda","2017",6
29,"Webster, Jimmy",17,8,9,26,0,0,0,2,6,0,0,1,1,0,0,4,22,0,0,2,1,0,76,75,"St Kilda","2017",6
44,"Weller, Maverick",11,7,17,28,2,0,0,2,1,6,2,5,0,2,0,5,22,0,1,1,0,0,84,75,"St Kilda","2017",6
0,"Rushed",0,0,0,0,0,5,0,0,0,0,0,0,0,0,0,0,0,0,0,0,0,0,0,75,"St Kilda","2017",6
