"Number","Player","Kicks","Marks","Handballs","Disposals","Goals","Behinds","Hitouts","Tackles","Rebounds50s","Inside50s","Clearances","Clangers","FreesFor","FreesAgainst","BrownlowVotes","ContestedPossessions","UncontestedPossessions","ContestedMarks","MarksInside50","OnePercenters","Bounces","GoalAssists","PercentagePlayed","PointDifference","Team","Season","Round"
35,"Corr, Aidan",3,3,4,7,0,0,0,4,3,1,0,4,0,2,0,1,6,0,0,8,0,0,89,-13,"Greater Western Sydney","2017",17
1,"Davis, Phil",3,2,4,7,0,0,0,1,2,1,0,5,0,5,0,2,5,0,0,8,0,0,94,-13,"Greater Western Sydney","2017",17
24,"de Boer, Matt",0,0,2,2,0,0,0,1,1,0,0,1,1,1,0,0,2,0,0,0,0,0,18,-13,"Greater Western Sydney","2017",17
4,"Greene, Toby",11,5,6,17,2,1,0,4,0,5,1,7,2,2,0,10,7,0,1,3,0,0,90,-13,"Greater Western Sydney","2017",17
19,"Haynes, Nick",14,6,5,19,0,0,0,2,2,2,0,2,0,1,0,8,11,1,0,8,0,0,89,-13,"Greater Western Sydney","2017",17
17,"Johnson, Steve",7,3,6,13,2,0,0,5,1,3,2,4,1,3,0,4,9,0,0,1,1,1,80,-13,"Greater Western Sydney","2017",17
22,"Kelly, Josh",20,3,7,27,2,2,0,4,0,7,4,4,0,1,0,10,17,0,0,1,1,0,83,-13,"Greater Western Sydney","2017",17
15,"Kennedy, Matthew",2,0,13,15,0,0,0,7,1,0,2,4,0,0,0,7,8,0,0,1,0,0,73,-13,"Greater Western Sydney","2017",17
37,"Lobb, Rory",10,8,0,10,0,0,14,0,1,5,1,2,1,0,0,7,4,6,0,1,0,0,84,-13,"Greater Western Sydney","2017",17
41,"Mumford, Shane",4,0,8,12,2,0,37,9,0,2,6,3,5,2,0,9,4,0,0,4,0,0,87,-13,"Greater Western Sydney","2017",17
25,"Mzungu, Tendai",4,1,5,9,0,1,0,1,0,2,1,1,2,0,0,3,6,0,0,0,0,0,78,-13,"Greater Western Sydney","2017",17
12,"Patton, Jonathon",11,7,7,18,2,2,0,1,0,5,0,0,1,0,0,9,8,2,3,2,0,1,94,-13,"Greater Western Sydney","2017",17
36,"Perryman, Harry",13,5,7,20,0,0,0,6,2,3,2,2,3,2,0,8,12,0,0,1,1,0,71,-13,"Greater Western Sydney","2017",17
9,"Scully, Tom",14,2,14,28,1,1,0,3,0,6,6,1,0,1,0,11,16,0,0,0,2,0,92,-13,"Greater Western Sydney","2017",17
23,"Shaw, Heath",18,3,5,23,0,0,0,1,7,0,0,4,1,2,0,12,8,1,0,1,1,0,86,-13,"Greater Western Sydney","2017",17
5,"Shiel, Dylan",15,6,17,32,0,1,0,5,4,3,7,4,0,0,1,9,20,0,1,1,2,0,74,-13,"Greater Western Sydney","2017",17
10,"Smith, Devon",7,2,8,15,1,0,0,5,0,1,2,2,1,1,0,5,9,0,0,0,1,0,80,-13,"Greater Western Sydney","2017",17
20,"Tomlinson, Adam",12,6,3,15,0,0,0,1,2,0,0,2,1,1,0,3,14,0,0,3,0,0,94,-13,"Greater Western Sydney","2017",17
8,"Ward, Callan",11,1,21,32,0,0,0,2,3,4,15,2,1,1,0,18,17,0,0,1,2,0,87,-13,"Greater Western Sydney","2017",17
6,"Whitfield, Lachie",11,2,12,23,0,0,0,7,0,4,2,2,2,0,0,9,14,0,0,2,0,2,94,-13,"Greater Western Sydney","2017",17
29,"Williams, Zac",13,3,12,25,0,0,0,3,1,3,5,4,1,2,0,13,14,0,0,2,0,0,87,-13,"Greater Western Sydney","2017",17
16,"Wilson, Nathan",6,1,2,8,0,0,0,2,0,2,0,1,1,0,0,2,4,0,0,1,0,0,77,-13,"Greater Western Sydney","2017",17
0,"Rushed",0,0,0,0,0,3,0,0,0,0,0,0,0,0,0,0,0,0,0,0,0,0,0,-13,"Greater Western Sydney","2017",17
23,"Franklin, Lance",16,8,2,18,4,4,0,0,0,6,0,3,3,2,3,6,13,1,1,2,0,1,98,13,"Sydney","2017",17
39,"Grundy, Heath",8,2,1,9,0,0,0,2,7,0,0,3,1,2,0,3,7,0,0,10,0,0,95,13,"Sydney","2017",17
4,"Hannebery, Dan",11,6,11,22,1,0,0,9,1,3,3,6,3,2,0,8,16,0,0,0,0,0,82,13,"Sydney","2017",17
5,"Heeney, Isaac",11,5,7,18,0,1,0,7,3,2,4,1,1,1,0,11,9,1,1,4,0,0,92,13,"Sydney","2017",17
29,"Hewett, George",4,0,10,14,0,0,0,4,2,1,3,3,1,1,0,11,3,0,0,0,0,1,65,13,"Sydney","2017",17
15,"Jack, Kieren",12,3,10,22,1,0,0,11,1,7,1,5,3,2,0,12,12,0,0,1,0,0,77,13,"Sydney","2017",17
10,"Jones, Zak",17,5,4,21,1,1,0,3,4,5,1,6,0,1,0,4,17,0,0,0,0,1,86,13,"Sydney","2017",17
12,"Kennedy, Josh",13,0,15,28,1,0,0,5,1,4,7,3,0,1,2,16,11,0,0,0,0,0,90,13,"Sydney","2017",17
44,"Lloyd, Jake",15,4,7,22,1,0,0,2,2,3,0,1,0,1,0,8,15,1,0,0,0,0,88,13,"Sydney","2017",17
3,"McVeigh, Jarrad",13,2,8,21,0,0,0,3,5,1,2,1,2,0,0,8,11,0,0,3,0,1,80,13,"Sydney","2017",17
43,"Melican, Lewis",7,3,4,11,0,0,0,2,4,0,0,2,0,0,0,4,8,0,0,6,0,0,90,13,"Sydney","2017",17
14,"Mills, Callum",12,4,2,14,0,0,0,3,3,1,0,3,0,1,0,1,12,0,1,2,0,0,78,13,"Sydney","2017",17
35,"Naismith, Sam",2,0,7,9,0,0,45,2,0,0,4,3,1,2,0,7,2,0,0,5,0,0,83,13,"Sydney","2017",17
28,"Newman, Nic",9,3,7,16,0,1,0,4,4,2,0,2,1,0,0,6,9,0,0,0,0,0,71,13,"Sydney","2017",17
41,"Papley, Tom",9,1,1,10,3,0,0,8,0,4,2,1,2,0,0,5,4,1,1,2,2,1,81,13,"Sydney","2017",17
26,"Parker, Luke",7,5,15,22,1,0,0,3,1,2,2,5,1,2,0,8,16,1,1,1,0,0,82,13,"Sydney","2017",17
24,"Rampe, Dane",6,4,11,17,0,0,0,2,5,1,0,5,1,3,0,6,10,0,0,7,0,0,92,13,"Sydney","2017",17
20,"Reid, Sam",2,2,1,3,0,1,0,1,0,0,0,0,1,0,0,2,1,1,1,0,0,0,64,13,"Sydney","2017",17
27,"Robinson, Dan",4,2,8,12,1,0,0,8,0,1,1,4,2,2,0,7,4,0,0,2,0,0,83,13,"Sydney","2017",17
16,"Rohan, Gary",7,5,2,9,0,2,0,2,1,3,0,0,2,0,0,4,5,1,0,2,0,1,77,13,"Sydney","2017",17
40,"Smith, Nick",7,2,6,13,0,0,0,5,1,0,1,3,1,1,0,8,6,0,0,3,0,1,75,13,"Sydney","2017",17
22,"Towers, Dean",9,2,7,16,0,0,2,1,0,4,1,1,1,0,0,7,9,0,0,1,0,1,70,13,"Sydney","2017",17
0,"Rushed",0,0,0,0,0,2,0,0,0,0,0,0,0,0,0,0,0,0,0,0,0,0,0,13,"Sydney","2017",17
