"Number","Player","Kicks","Marks","Handballs","Disposals","Goals","Behinds","Hitouts","Tackles","Rebounds50s","Inside50s","Clearances","Clangers","FreesFor","FreesAgainst","BrownlowVotes","ContestedPossessions","UncontestedPossessions","ContestedMarks","MarksInside50","OnePercenters","Bounces","GoalAssists","PercentagePlayed","PointDifference","Team","Season","Round"
9,"Ablett, Gary",13,0,12,25,0,0,0,9,3,6,4,6,1,3,0,12,10,0,0,1,0,1,83,-10,"Gold Coast","2017",13
27,"Ainsworth, Ben",6,5,3,9,0,0,0,2,0,3,0,1,0,0,0,4,5,1,0,0,0,0,75,-10,"Gold Coast","2017",13
20,"Barlow, Michael",10,3,7,17,1,2,0,5,3,2,4,2,1,0,0,9,8,1,1,0,0,1,76,-10,"Gold Coast","2017",13
33,"Hall, Aaron",12,1,9,21,0,1,0,4,0,4,0,2,0,0,0,4,16,0,0,2,0,2,85,-10,"Gold Coast","2017",13
1,"Hanley, Pearce",7,5,8,15,0,0,0,1,5,2,0,5,0,2,0,4,10,0,0,2,0,0,86,-10,"Gold Coast","2017",13
38,"Joyce, Jesse",2,0,4,6,0,0,0,5,1,0,3,4,1,3,0,6,3,0,0,4,0,0,81,-10,"Gold Coast","2017",13
10,"Kolodjashnij, Kade",14,5,4,18,0,0,0,1,6,3,0,3,1,1,0,4,13,0,0,1,0,0,88,-10,"Gold Coast","2017",13
23,"Lemmens, Sean",4,2,4,8,1,2,0,3,0,1,0,1,3,1,0,7,1,1,1,0,0,0,76,-10,"Gold Coast","2017",13
21,"Leslie, Jack",8,3,4,12,0,0,0,6,1,2,1,3,3,2,0,5,7,0,0,4,0,0,98,-10,"Gold Coast","2017",13
7,"Lonergan, Jesse",7,1,10,17,0,0,0,3,1,2,2,1,0,0,0,9,7,0,0,0,0,0,65,-10,"Gold Coast","2017",13
19,"Lynch, Tom",6,1,4,10,0,1,0,2,0,2,1,5,2,2,0,8,3,1,0,2,0,0,100,-10,"Gold Coast","2017",13
25,"Lyons, Jarryd",16,3,8,24,2,0,0,5,1,6,6,2,0,0,0,11,12,0,0,1,1,2,75,-10,"Gold Coast","2017",13
4,"Martin, Jack",7,2,6,13,3,0,0,0,1,1,0,3,1,2,0,7,7,1,2,1,0,0,77,-10,"Gold Coast","2017",13
32,"Matera, Brandon",7,0,1,8,1,0,0,4,0,3,2,0,1,0,0,3,4,0,0,0,0,0,74,-10,"Gold Coast","2017",13
17,"May, Steven",11,4,3,14,0,0,0,3,4,1,1,3,1,0,0,5,7,0,0,9,0,0,95,-10,"Gold Coast","2017",13
3,"Rosa, Matt",13,5,8,21,0,0,0,4,1,1,1,1,2,1,0,8,15,0,0,2,0,0,86,-10,"Gold Coast","2017",13
42,"Saad, Adam",6,1,11,17,0,1,0,2,2,1,0,2,1,1,0,7,12,0,0,5,4,1,69,-10,"Gold Coast","2017",13
6,"Sexton, Alex",8,2,4,12,1,0,0,2,1,0,0,4,0,1,0,3,9,0,0,1,0,1,79,-10,"Gold Coast","2017",13
24,"Swallow, David",11,3,7,18,1,0,0,7,2,2,2,2,0,0,0,6,12,0,2,1,0,0,79,-10,"Gold Coast","2017",13
34,"Willis, Mackenzie",4,1,5,9,0,0,0,0,0,1,0,1,0,1,0,3,6,0,0,2,0,0,80,-10,"Gold Coast","2017",13
28,"Witts, Jarrod",3,2,6,9,0,0,39,5,3,0,3,2,0,1,0,4,6,0,0,5,0,0,86,-10,"Gold Coast","2017",13
30,"Wright, Peter",3,1,6,9,1,0,3,4,1,1,2,0,0,0,0,8,4,0,0,5,0,1,86,-10,"Gold Coast","2017",13
0,"Totals",178,50,134,312,11,7,42,77,36,44,32,53,18,21,0,137,177,5,6,48,5,9,0,-10,"Gold Coast","2017",13
12,"Boekhorst, Blaine",13,4,5,18,1,0,0,3,3,0,2,1,1,1,0,6,11,0,1,1,0,0,72,10,"Carlton","2017",13
41,"Casboult, Levi",10,8,3,13,0,3,8,1,0,3,1,5,0,1,0,7,6,4,3,3,0,1,91,10,"Carlton","2017",13
9,"Cripps, Patrick",10,4,17,27,0,0,0,7,6,3,10,2,0,1,0,15,11,0,0,1,0,1,92,10,"Carlton","2017",13
28,"Cuningham, David",7,3,3,10,0,0,0,7,0,4,0,2,0,0,0,2,8,0,0,0,0,0,70,10,"Carlton","2017",13
30,"Curnow, Charlie",9,3,6,15,1,2,0,3,0,1,0,3,2,2,0,6,8,1,1,0,0,2,79,10,"Carlton","2017",13
35,"Curnow, Ed",11,1,10,21,1,0,0,2,1,1,5,5,0,2,0,13,7,1,0,1,0,0,85,10,"Carlton","2017",13
15,"Docherty, Sam",22,9,8,30,0,0,0,9,2,5,0,3,1,1,2,4,26,0,0,7,1,0,93,10,"Carlton","2017",13
25,"Fisher, Zac",3,0,8,11,0,0,0,5,1,2,4,2,0,0,0,8,3,0,0,2,0,0,66,10,"Carlton","2017",13
4,"Gibbs, Bryce",31,8,12,43,2,0,0,10,2,7,7,1,4,1,3,14,28,0,1,2,0,2,87,10,"Carlton","2017",13
14,"Jones, Liam",11,6,1,12,0,0,0,2,2,0,0,3,2,2,0,5,7,1,0,12,0,0,100,10,"Carlton","2017",13
8,"Kreuzer, Matthew",11,3,7,18,0,0,30,6,1,5,6,2,2,0,0,11,6,1,0,9,0,1,89,10,"Carlton","2017",13
13,"Lamb, Jed",11,4,6,17,1,1,0,5,0,3,0,3,2,2,0,7,11,1,1,1,0,0,87,10,"Carlton","2017",13
22,"Marchbank, Caleb",12,6,3,15,0,0,0,2,1,1,0,2,0,1,0,4,11,1,0,5,0,0,89,10,"Carlton","2017",13
3,"Murphy, Marc",12,6,19,31,0,0,0,3,0,5,1,3,0,0,0,11,21,0,0,1,1,0,87,10,"Carlton","2017",13
5,"Petrevski-Seton, Sam",7,4,8,15,1,0,0,2,1,1,1,2,1,0,0,6,9,0,0,0,0,0,66,10,"Carlton","2017",13
20,"Plowman, Lachie",7,4,8,15,0,0,0,2,1,1,0,2,0,1,0,8,8,0,0,4,0,0,93,10,"Carlton","2017",13
1,"Silvagni, Jack",12,6,1,13,2,2,0,2,0,5,0,0,2,0,0,3,9,0,2,2,0,0,71,10,"Carlton","2017",13
6,"Simpson, Kade",26,15,7,33,0,0,0,0,6,2,0,4,0,0,1,11,22,1,0,2,1,1,96,10,"Carlton","2017",13
39,"Thomas, Dale",9,5,8,17,2,1,0,3,1,1,1,1,1,0,0,9,8,1,2,1,0,1,70,10,"Carlton","2017",13
23,"Weitering, Jacob",7,2,4,11,0,0,0,0,2,0,0,1,0,0,0,5,7,1,0,3,0,0,83,10,"Carlton","2017",13
31,"Williamson, Tom",3,2,4,7,0,0,0,2,0,1,0,3,0,1,0,1,6,0,0,3,0,0,55,10,"Carlton","2017",13
46,"Wright, Matthew",11,1,4,15,1,1,0,4,1,3,1,3,3,2,0,7,9,0,0,2,0,1,79,10,"Carlton","2017",13
0,"Rushed",0,0,0,0,0,1,0,0,0,0,0,0,0,0,0,0,0,0,0,0,0,0,0,10,"Carlton","2017",13
