"Number","Player","Kicks","Marks","Handballs","Disposals","Goals","Behinds","Hitouts","Tackles","Rebounds50s","Inside50s","Clearances","Clangers","FreesFor","FreesAgainst","BrownlowVotes","ContestedPossessions","UncontestedPossessions","ContestedMarks","MarksInside50","OnePercenters","Bounces","GoalAssists","PercentagePlayed","PointDifference","Team","Season","Round"
31,"Andrews, Harris",10,11,9,19,0,0,0,1,1,0,0,0,2,0,0,4,14,2,0,5,0,0,92,57,"Brisbane Lions","2017",12
43,"Barrett, Jake",12,5,12,24,2,2,0,3,0,3,2,3,1,0,0,11,13,1,2,0,0,0,92,57,"Brisbane Lions","2017",12
4,"Bastinac, Ryan",6,5,10,16,1,0,0,1,1,2,1,0,0,0,0,5,11,0,0,3,0,1,83,57,"Brisbane Lions","2017",12
9,"Beams, Dayne",21,5,15,36,1,1,0,8,1,4,9,2,1,1,2,16,20,1,1,2,0,0,92,57,"Brisbane Lions","2017",12
13,"Berry, Jarrod",8,4,7,15,1,0,0,5,0,2,2,3,0,1,0,7,10,0,1,1,0,1,65,57,"Brisbane Lions","2017",12
26,"Cutler, Tom",14,10,5,19,3,0,0,3,2,3,0,1,0,0,0,2,17,0,3,1,0,0,71,57,"Brisbane Lions","2017",12
27,"Gardiner, Darcy",11,9,6,17,0,0,0,5,1,2,0,1,2,0,0,5,13,0,0,10,0,0,86,57,"Brisbane Lions","2017",12
2,"Harwood, Ryan",5,3,6,11,0,0,0,4,0,2,0,0,1,0,0,4,6,0,0,1,0,2,67,57,"Brisbane Lions","2017",12
30,"Hipwood, Eric",5,2,3,8,1,2,0,3,0,1,0,5,1,0,0,5,3,1,1,2,1,0,80,57,"Brisbane Lions","2017",12
35,"Lester, Ryan",11,9,10,21,0,1,0,3,1,2,0,2,0,0,0,7,14,1,0,1,1,1,82,57,"Brisbane Lions","2017",12
12,"Martin, Stefan",11,7,11,22,0,0,26,4,2,4,4,1,2,0,0,8,13,0,0,1,0,0,84,57,"Brisbane Lions","2017",12
36,"Mathieson, Rhys",9,3,11,20,1,1,0,2,0,2,5,3,2,0,0,10,10,0,1,1,0,0,68,57,"Brisbane Lions","2017",12
32,"Mayes, Sam",19,9,10,29,0,0,0,2,1,6,2,2,1,1,0,8,21,0,0,3,0,1,84,57,"Brisbane Lions","2017",12
6,"McCluggage, Hugh",9,1,7,16,1,0,0,2,0,4,0,1,1,0,0,6,10,1,0,4,1,0,83,57,"Brisbane Lions","2017",12
25,"McStay, Daniel",8,3,6,14,0,0,0,2,4,2,1,1,0,0,0,4,10,0,0,8,0,0,79,57,"Brisbane Lions","2017",12
22,"Paparone, Marco",16,10,3,19,0,0,0,0,3,0,0,1,1,0,0,2,17,0,0,0,0,0,81,57,"Brisbane Lions","2017",12
10,"Rich, Daniel",17,4,8,25,0,0,0,2,4,2,2,2,1,0,0,8,14,0,0,2,0,0,86,57,"Brisbane Lions","2017",12
18,"Robertson, Nick",16,6,6,22,0,1,0,4,3,5,1,2,0,0,0,4,18,0,0,6,0,1,92,57,"Brisbane Lions","2017",12
38,"Rockliff, Tom",14,6,13,27,1,0,0,3,1,5,5,5,0,3,0,9,18,0,0,1,0,1,89,57,"Brisbane Lions","2017",12
44,"Smith, Archie",4,0,9,13,0,0,12,2,1,2,2,3,3,2,0,9,4,0,0,2,0,1,83,57,"Brisbane Lions","2017",12
28,"Taylor, Lewis",12,5,8,20,4,1,0,1,1,5,0,3,0,0,1,1,19,0,1,0,0,4,82,57,"Brisbane Lions","2017",12
15,"Zorko, Dayne",20,6,10,30,2,1,0,5,3,7,10,5,3,1,3,14,14,1,1,0,1,0,78,57,"Brisbane Lions","2017",12
0,"Rushed",0,0,0,0,0,3,0,0,0,0,0,0,0,0,0,0,0,0,0,0,0,0,0,57,"Brisbane Lions","2017",12
19,"Blakely, Connor",7,1,12,19,0,0,0,7,0,3,1,4,1,2,0,10,10,0,0,1,0,0,74,-57,"Fremantle","2017",12
40,"Collins, Sam",4,4,7,11,0,0,1,6,3,0,1,3,0,2,0,7,4,0,0,6,0,0,88,-57,"Fremantle","2017",12
36,"Cox, Brennan",3,2,4,7,0,1,1,1,0,0,0,2,0,2,0,2,4,0,0,2,0,1,69,-57,"Fremantle","2017",12
17,"Crozier, Hayden",8,5,4,12,0,1,0,1,2,1,0,1,0,1,0,6,6,1,1,0,0,0,82,-57,"Fremantle","2017",12
7,"Fyfe, Nat",11,5,7,18,2,1,0,3,3,4,3,4,1,2,0,5,13,0,0,0,1,0,89,-57,"Fremantle","2017",12
28,"Grey, Brady",0,0,1,1,0,0,0,0,0,0,0,0,0,0,0,1,0,0,0,0,0,0,13,-57,"Fremantle","2017",12
12,"Griffin, Jonathon",5,2,4,9,0,0,36,3,0,3,1,2,0,2,0,4,7,0,0,4,0,0,88,-57,"Fremantle","2017",12
21,"Hamling, Joel",5,6,7,12,0,0,0,2,2,0,0,1,1,1,0,5,8,3,0,11,0,0,93,-57,"Fremantle","2017",12
9,"Hill, Bradley",21,7,3,24,2,0,0,3,4,3,1,3,0,1,0,1,22,0,0,0,1,0,83,-57,"Fremantle","2017",12
32,"Hill, Stephen",9,1,5,14,1,0,0,5,0,2,1,3,0,0,0,3,10,0,1,1,0,0,82,-57,"Fremantle","2017",12
37,"Johnson, Michael",12,8,5,17,0,0,0,1,5,1,0,2,0,1,0,3,11,1,0,4,0,0,92,-57,"Fremantle","2017",12
22,"Kersten, Shane",1,0,3,4,0,0,0,1,0,1,0,3,0,2,0,3,1,0,0,2,0,0,92,-57,"Fremantle","2017",12
23,"McCarthy, Cam",5,2,0,5,1,0,0,2,0,1,0,5,0,1,0,2,4,0,1,0,0,0,91,-57,"Fremantle","2017",12
16,"Mundy, David",13,5,13,26,0,1,0,2,1,7,4,1,1,0,0,13,13,0,1,1,0,2,82,-57,"Fremantle","2017",12
27,"Neale, Lachie",15,6,17,32,1,0,0,2,3,5,9,5,0,1,0,15,18,1,0,1,0,0,79,-57,"Fremantle","2017",12
38,"Ryan, Luke",9,4,4,13,0,0,0,6,3,0,0,0,1,0,0,7,6,1,0,4,0,0,83,-57,"Fremantle","2017",12
11,"Sheridan, Tom",5,0,7,12,0,0,0,1,1,1,0,2,0,1,0,4,7,0,0,3,0,0,90,-57,"Fremantle","2017",12
34,"Spurr, Lee",13,5,8,21,0,0,0,1,6,1,1,3,1,0,0,6,12,0,0,1,1,0,95,-57,"Fremantle","2017",12
33,"Sutcliffe, Cam",9,2,5,14,0,1,0,4,1,2,1,2,1,1,0,6,9,0,0,3,0,0,76,-57,"Fremantle","2017",12
18,"Tucker, Darcy",7,3,11,18,0,0,0,0,3,0,2,8,0,1,0,7,10,0,0,2,0,0,83,-57,"Fremantle","2017",12
10,"Walters, Michael",18,10,3,21,1,1,0,4,2,7,2,4,1,1,0,6,16,0,1,2,0,1,92,-57,"Fremantle","2017",12
14,"Weller, Lachie",8,4,3,11,1,0,0,4,0,1,1,1,1,0,0,5,6,0,0,2,0,1,83,-57,"Fremantle","2017",12
0,"Rushed",0,0,0,0,0,4,0,0,0,0,0,0,0,0,0,0,0,0,0,0,0,0,0,-57,"Fremantle","2017",12
