"Number","Player","Kicks","Marks","Handballs","Disposals","Goals","Behinds","Hitouts","Tackles","Rebounds50s","Inside50s","Clearances","Clangers","FreesFor","FreesAgainst","BrownlowVotes","ContestedPossessions","UncontestedPossessions","ContestedMarks","MarksInside50","OnePercenters","Bounces","GoalAssists","PercentagePlayed","PointDifference","Team","Season","Round"
32,"Bugg, Tomas",10,3,10,20,0,0,0,1,0,0,2,2,1,0,0,8,11,0,0,1,0,0,74,-3,"Melbourne","2017",7
17,"Frost, Sam",8,7,12,20,0,0,0,2,7,1,1,1,0,0,0,6,15,1,0,7,0,0,78,-3,"Melbourne","2017",7
36,"Garlett, Jeff",7,2,3,10,3,1,0,5,0,1,0,1,0,0,0,4,6,0,2,1,0,0,83,-3,"Melbourne","2017",7
19,"Hannan, Mitch",6,0,3,9,0,1,0,6,0,3,0,2,1,0,0,4,5,0,0,0,0,0,74,-3,"Melbourne","2017",7
14,"Hibberd, Michael",15,2,12,27,0,0,0,1,6,3,0,5,0,2,0,4,20,0,0,4,0,0,87,-3,"Melbourne","2017",7
1,"Hogan, Jesse",9,4,7,16,3,0,0,3,0,2,0,1,2,0,0,9,7,2,3,1,0,1,93,-3,"Melbourne","2017",7
29,"Hunt, Jayden",7,5,10,17,2,0,0,3,0,5,1,2,0,0,0,5,11,1,1,4,0,1,85,-3,"Melbourne","2017",7
39,"Jetta, Neville",4,5,9,13,0,0,0,2,1,0,1,0,0,0,0,5,9,0,0,2,0,0,88,-3,"Melbourne","2017",7
2,"Jones, Nathan",13,6,14,27,1,1,0,7,2,6,3,3,3,0,0,8,21,1,0,2,1,1,88,-3,"Melbourne","2017",7
24,"Kennedy Harris, Jay",6,3,7,13,0,1,0,0,0,3,0,2,0,0,0,2,11,0,1,0,0,1,74,-3,"Melbourne","2017",7
6,"Lewis, Jordan",11,3,19,30,2,0,0,3,0,3,4,4,0,0,0,10,20,0,1,4,0,0,89,-3,"Melbourne","2017",7
28,"McDonald, Oscar",9,7,6,15,0,0,0,3,0,4,0,2,1,2,0,5,9,2,0,10,0,0,89,-3,"Melbourne","2017",7
25,"McDonald, Tom",10,5,9,19,0,0,3,4,1,1,1,2,2,1,0,8,12,1,0,8,0,1,88,-3,"Melbourne","2017",7
13,"Oliver, Clayton",4,1,24,28,0,0,0,5,1,1,5,2,1,1,0,14,15,0,0,0,0,1,74,-3,"Melbourne","2017",7
21,"Pedersen, Cameron",6,4,10,16,1,1,16,6,0,4,0,0,0,0,0,7,11,2,2,2,0,0,78,-3,"Melbourne","2017",7
5,"Petracca, Christian",5,3,8,13,0,0,0,2,0,5,2,1,0,1,0,7,7,1,0,2,0,1,81,-3,"Melbourne","2017",7
3,"Salem, Christian",9,2,7,16,0,0,0,3,3,1,0,2,1,0,0,3,13,0,0,2,0,0,79,-3,"Melbourne","2017",7
12,"Tyson, Dom",10,2,18,28,0,0,0,3,3,3,6,0,1,0,0,15,14,0,0,1,0,0,76,-3,"Melbourne","2017",7
23,"Vince, Bernie",19,3,12,31,0,0,0,2,3,3,3,3,0,1,0,8,22,0,0,2,1,1,83,-3,"Melbourne","2017",7
7,"Viney, Jack",12,2,20,32,1,0,0,15,1,4,7,3,0,1,3,16,15,0,0,1,0,0,82,-3,"Melbourne","2017",7
42,"Wagner, Josh",8,4,7,15,0,0,0,3,2,1,0,1,1,0,0,2,13,0,0,3,0,0,79,-3,"Melbourne","2017",7
4,"Watts, Jack",5,2,10,15,1,0,5,4,0,0,1,1,1,1,0,3,13,0,0,2,0,0,78,-3,"Melbourne","2017",7
0,"Rushed",0,0,0,0,0,2,0,0,0,0,0,0,0,0,0,0,0,0,0,0,0,0,0,-3,"Melbourne","2017",7
14,"Birchall, Grant",3,2,0,3,0,0,0,1,0,0,0,1,0,0,0,0,2,0,0,0,0,0,17,3,"Hawthorn","2017",7
22,"Breust, Luke",6,1,4,10,1,1,0,8,0,3,1,2,1,0,0,8,3,1,1,2,0,1,80,3,"Hawthorn","2017",7
9,"Burgoyne, Shaun",11,5,12,23,1,1,0,4,2,6,7,2,0,1,0,13,12,1,1,2,2,1,80,3,"Hawthorn","2017",7
5,"Burton, Ryan",14,6,9,23,0,0,0,4,3,2,0,1,0,0,0,5,15,0,0,6,1,0,85,3,"Hawthorn","2017",7
12,"Frawley, James",10,7,5,15,0,0,0,2,5,0,0,0,0,0,0,2,12,0,0,7,0,0,100,3,"Hawthorn","2017",7
6,"Gibson, Josh",10,5,10,20,0,0,0,0,3,0,0,2,0,2,0,6,15,0,0,2,0,0,99,3,"Hawthorn","2017",7
19,"Gunston, Jack",10,3,3,13,2,0,0,0,1,3,1,0,1,0,0,7,7,2,0,2,0,3,88,3,"Hawthorn","2017",7
37,"Hardwick, Blake",12,7,6,18,0,0,0,0,2,2,0,1,0,1,0,5,13,1,0,4,0,0,77,3,"Hawthorn","2017",7
4,"Hartung, Billy",15,7,5,20,0,1,0,1,1,4,1,0,0,0,0,2,18,0,0,1,1,1,82,3,"Hawthorn","2017",7
15,"Hodge, Luke",13,5,13,26,0,0,0,4,3,1,2,2,0,2,0,9,16,1,0,6,0,0,88,3,"Hawthorn","2017",7
17,"Howe, Daniel",8,5,6,14,0,0,0,4,2,2,0,3,1,1,0,5,9,1,0,3,0,0,72,3,"Hawthorn","2017",7
29,"Langford, Will",15,5,5,20,1,1,0,9,2,3,2,3,1,0,0,6,13,0,1,1,0,1,76,3,"Hawthorn","2017",7
7,"McEvoy, Ben",6,4,6,12,2,0,53,4,3,1,1,1,1,0,2,9,4,2,2,9,0,1,82,3,"Hawthorn","2017",7
3,"Mitchell, Tom",12,5,19,31,0,1,0,12,3,3,6,6,1,1,1,16,15,0,0,0,0,0,88,3,"Hawthorn","2017",7
23,"OBrien, Tim",11,10,2,13,2,0,4,3,0,2,0,0,0,0,0,5,8,5,1,2,0,0,81,3,"Hawthorn","2017",7
28,"Puopolo, Paul",3,1,10,13,0,0,0,6,0,1,2,5,0,3,0,6,6,0,0,0,0,1,87,3,"Hawthorn","2017",7
33,"Rioli, Cyril",9,3,3,12,0,1,0,1,0,4,2,0,0,0,0,5,7,0,0,2,1,0,83,3,"Hawthorn","2017",7
2,"Roughead, Jarryd",11,6,4,15,4,1,4,4,1,1,1,0,3,0,0,7,8,3,3,1,0,0,95,3,"Hawthorn","2017",7
26,"Shiels, Liam",9,3,4,13,0,1,0,4,0,3,3,6,0,2,0,5,6,0,0,0,0,0,84,3,"Hawthorn","2017",7
21,"Sicily, James",5,3,2,7,0,0,0,0,1,0,0,2,1,2,0,3,4,2,0,1,0,0,81,3,"Hawthorn","2017",7
16,"Smith, Isaac",17,9,6,23,1,2,0,5,1,7,1,1,0,1,0,4,19,0,0,2,2,1,80,3,"Hawthorn","2017",7
24,"Stratton, Ben",8,4,4,12,0,0,0,7,4,0,0,1,0,0,0,0,11,0,0,8,0,0,96,3,"Hawthorn","2017",7
0,"Totals",218,106,138,356,14,10,61,83,37,48,30,39,10,16,3,128,223,19,9,61,7,10,0,3,"Hawthorn","2017",7
