"Number","Player","Kicks","Marks","Handballs","Disposals","Goals","Behinds","Hitouts","Tackles","Rebounds50s","Inside50s","Clearances","Clangers","FreesFor","FreesAgainst","BrownlowVotes","ContestedPossessions","UncontestedPossessions","ContestedMarks","MarksInside50","OnePercenters","Bounces","GoalAssists","PercentagePlayed","PointDifference","Team","Season","Round"
24,"Bews, Jed",7,5,6,13,0,0,0,4,2,3,0,2,0,1,0,4,10,0,0,7,1,0,91,14,"Geelong","2017",21
35,"Dangerfield, Patrick",15,5,15,30,0,1,0,10,1,8,11,5,5,2,3,21,9,1,0,1,1,1,83,14,"Geelong","2017",21
29,"Guthrie, Cameron",12,3,13,25,1,0,0,6,2,3,4,2,0,0,0,11,12,0,0,1,0,0,69,14,"Geelong","2017",21
39,"Guthrie, Zach",3,3,4,7,0,0,0,1,2,0,0,0,0,0,0,1,6,0,0,2,0,0,67,14,"Geelong","2017",21
25,"Henderson, Lachie",10,8,9,19,0,0,0,1,5,1,0,2,0,0,0,7,12,2,0,5,0,0,90,14,"Geelong","2017",21
8,"Kolodjashnij, Jake",10,5,10,20,0,0,0,4,1,2,3,1,3,1,0,12,8,1,0,1,0,2,75,14,"Geelong","2017",21
13,"Lonergan, Tom",8,3,12,20,0,0,0,3,4,1,1,2,1,1,0,7,13,0,0,6,0,0,94,14,"Geelong","2017",21
4,"Mackie, Andrew",16,2,5,21,1,0,0,1,6,1,1,3,3,1,0,8,12,0,0,4,0,0,91,14,"Geelong","2017",21
27,"Menegola, Sam",12,3,11,23,0,1,0,10,2,7,1,6,2,0,0,8,15,0,0,0,0,0,68,14,"Geelong","2017",21
10,"Menzel, Daniel",7,2,2,9,2,1,0,1,0,1,0,2,2,2,0,3,7,0,0,2,0,0,87,14,"Geelong","2017",21
32,"Motlop, Steven",13,2,6,19,1,1,0,1,1,7,1,5,0,2,0,4,15,0,0,0,6,0,86,14,"Geelong","2017",21
21,"Murdoch, Jordan",6,3,7,13,0,0,0,4,0,3,0,1,2,0,0,6,8,0,0,1,0,0,78,14,"Geelong","2017",21
3,"Parfitt, Brandan",4,2,5,9,0,1,0,3,0,4,0,1,1,0,0,3,7,0,0,1,0,1,71,14,"Geelong","2017",21
34,"Parsons, James",2,1,7,9,0,1,0,3,0,0,0,3,1,0,0,4,4,0,0,0,0,0,82,14,"Geelong","2017",21
16,"Selwood, Scott",6,1,12,18,0,0,0,13,1,4,4,2,4,1,0,8,10,0,0,0,0,0,87,14,"Geelong","2017",21
37,"Simpson, Sam",3,1,4,7,1,0,0,0,1,0,0,0,0,0,0,3,4,0,0,0,0,0,68,14,"Geelong","2017",21
9,"Smith, Zac",8,1,5,13,0,0,33,2,3,3,4,3,0,1,0,6,8,1,0,4,0,0,89,14,"Geelong","2017",21
1,"Stanley, Rhys",6,3,9,15,1,1,12,1,0,1,1,0,3,0,0,9,6,1,1,1,0,0,62,14,"Geelong","2017",21
44,"Stewart, Tom",9,4,5,14,0,0,0,1,3,2,0,1,0,0,0,4,9,0,0,5,2,0,84,14,"Geelong","2017",21
7,"Taylor, Harry",8,6,3,11,4,2,0,1,0,1,0,0,1,0,2,6,5,4,6,4,0,1,100,14,"Geelong","2017",21
40,"Thurlow, Jackson",13,10,8,21,0,1,0,1,1,3,2,6,0,2,0,6,15,1,1,0,0,1,78,14,"Geelong","2017",21
2,"Tuohy, Zach",11,3,13,24,0,0,0,1,2,3,2,3,0,3,0,9,14,0,0,1,0,1,98,14,"Geelong","2017",21
0,"Rushed",0,0,0,0,0,4,0,0,0,0,0,0,0,0,0,0,0,0,0,0,0,0,0,14,"Geelong","2017",21
12,"Astbury, David",6,5,9,15,0,0,0,0,3,0,0,2,0,2,0,4,11,0,0,6,0,0,100,-14,"Richmond","2017",21
35,"Broad, Nathan",13,7,6,19,0,0,0,3,3,1,0,2,0,1,0,3,15,0,0,6,0,0,78,-14,"Richmond","2017",21
40,"Butler, Dan",4,1,0,4,1,0,0,6,0,0,0,2,2,1,0,3,1,0,1,1,0,0,83,-14,"Richmond","2017",21
22,"Caddy, Josh",1,0,1,2,1,0,0,0,0,0,0,0,0,0,0,0,2,0,0,0,0,0,20,-14,"Richmond","2017",21
46,"Castagna, Jason",1,0,2,3,0,0,0,6,0,1,0,0,0,0,0,1,2,0,0,0,0,0,76,-14,"Richmond","2017",21
9,"Cotchin, Trent",11,2,9,20,1,0,0,8,2,1,6,3,0,1,0,11,10,0,0,4,0,0,88,-14,"Richmond","2017",21
10,"Edwards, Shane",8,0,9,17,1,0,0,5,1,4,5,2,2,1,0,7,11,0,0,2,0,0,80,-14,"Richmond","2017",21
5,"Ellis, Brandon",16,5,12,28,0,0,0,3,7,2,3,8,1,4,0,5,20,0,0,0,3,0,83,-14,"Richmond","2017",21
32,"Ellis, Corey",3,2,6,9,0,0,0,1,3,1,2,1,0,0,0,5,3,0,0,2,1,0,71,-14,"Richmond","2017",21
6,"Grigg, Shaun",13,3,6,19,0,1,0,5,2,6,2,6,0,3,0,5,13,0,0,2,0,0,89,-14,"Richmond","2017",21
2,"Grimes, Dylan",7,6,5,12,0,0,0,3,2,2,0,3,1,3,0,7,6,2,0,3,0,0,88,-14,"Richmond","2017",21
14,"Houli, Bachar",15,8,7,22,1,2,0,3,2,4,1,4,1,1,0,4,18,0,1,0,0,0,83,-14,"Richmond","2017",21
23,"Lambert, Kane",16,5,12,28,0,0,0,2,0,6,6,6,1,1,0,13,16,0,1,2,0,1,89,-14,"Richmond","2017",21
4,"Martin, Dustin",13,3,8,21,2,1,0,7,0,3,5,3,0,2,0,13,6,1,2,0,0,1,88,-14,"Richmond","2017",21
33,"McIntosh, Kamdyn",8,4,5,13,0,0,0,5,2,6,2,5,1,3,0,5,8,0,0,5,0,0,80,-14,"Richmond","2017",21
25,"Nankervis, Toby",3,3,7,10,0,0,21,5,0,2,2,4,0,1,0,6,6,1,0,0,0,0,86,-14,"Richmond","2017",21
3,"Prestia, Dion",11,3,18,29,0,1,0,9,2,2,5,0,2,0,1,11,17,0,1,1,0,1,88,-14,"Richmond","2017",21
18,"Rance, Alex",6,5,9,15,0,0,0,2,1,3,0,0,1,0,0,7,6,2,0,8,0,0,100,-14,"Richmond","2017",21
8,"Riewoldt, Jack",10,7,4,14,1,3,0,1,0,3,1,2,2,1,0,8,7,3,4,3,0,1,94,-14,"Richmond","2017",21
17,"Rioli, Daniel",6,3,6,12,1,0,0,5,0,5,0,2,1,2,0,4,10,1,0,1,0,1,82,-14,"Richmond","2017",21
47,"Soldo, Ivan",3,1,3,6,0,0,25,5,2,2,0,0,1,0,0,3,3,0,0,2,0,0,77,-14,"Richmond","2017",21
1,"Vlastuin, Nick",16,10,8,24,0,0,0,0,8,1,1,4,1,1,0,7,17,1,0,4,0,0,77,-14,"Richmond","2017",21
0,"Rushed",0,0,0,0,0,4,0,0,0,0,0,0,0,0,0,0,0,0,0,0,0,0,0,-14,"Richmond","2017",21
