"Number","Player","Kicks","Marks","Handballs","Disposals","Goals","Behinds","Hitouts","Tackles","Rebounds50s","Inside50s","Clearances","Clangers","FreesFor","FreesAgainst","BrownlowVotes","ContestedPossessions","UncontestedPossessions","ContestedMarks","MarksInside50","OnePercenters","Bounces","GoalAssists","PercentagePlayed","PointDifference","Team","Season","Round"
9,"Ablett, Gary",15,5,18,33,0,1,0,5,2,1,5,6,1,0,0,12,21,0,0,0,0,0,89,-67,"Gold Coast","2017",5
13,"Ah Chee, Callum",7,4,4,11,5,0,0,1,0,1,0,4,1,1,0,6,5,2,3,2,0,0,74,-67,"Gold Coast","2017",5
20,"Barlow, Michael",13,9,23,36,0,1,0,4,1,4,4,3,1,1,0,12,25,1,2,1,0,2,86,-67,"Gold Coast","2017",5
29,"Bowes, Jack",9,2,6,15,0,0,0,0,3,1,1,1,1,0,0,7,7,0,0,2,0,0,71,-67,"Gold Coast","2017",5
8,"Fiorini, Brayden",4,3,4,8,0,0,0,1,0,2,1,1,0,0,0,2,6,0,0,0,0,0,64,-67,"Gold Coast","2017",5
33,"Hall, Aaron",19,6,5,24,2,0,0,1,3,6,0,1,1,0,0,4,21,0,0,0,1,0,81,-67,"Gold Coast","2017",5
5,"Harbrow, Jarrod",15,2,10,25,0,0,0,1,4,2,1,6,0,2,0,6,18,0,0,1,3,1,86,-67,"Gold Coast","2017",5
38,"Joyce, Jesse",9,8,9,18,0,0,0,4,4,0,0,2,1,0,0,3,15,0,0,7,2,0,86,-67,"Gold Coast","2017",5
10,"Kolodjashnij, Kade",8,7,7,15,0,0,0,1,2,2,0,4,0,2,0,1,13,0,0,5,0,1,83,-67,"Gold Coast","2017",5
23,"Lemmens, Sean",11,2,8,19,0,0,0,3,2,2,1,5,3,2,0,10,9,0,0,1,0,0,85,-67,"Gold Coast","2017",5
21,"Leslie, Jack",5,6,11,16,0,0,0,1,1,0,0,4,0,3,0,6,10,0,0,9,0,0,89,-67,"Gold Coast","2017",5
19,"Lynch, Tom",11,9,4,15,2,1,0,1,0,5,0,2,0,0,0,6,8,3,4,4,0,2,98,-67,"Gold Coast","2017",5
25,"Lyons, Jarryd",14,4,12,26,0,1,0,5,1,1,10,5,1,0,0,16,12,0,1,2,0,0,76,-67,"Gold Coast","2017",5
4,"Martin, Jack",14,7,4,18,0,0,0,3,2,2,2,2,0,0,0,4,14,1,0,1,1,0,77,-67,"Gold Coast","2017",5
32,"Matera, Brandon",8,4,3,11,2,0,0,1,2,3,1,3,0,1,0,3,8,1,1,0,1,0,77,-67,"Gold Coast","2017",5
11,"Miller, Touk",6,3,12,18,0,0,0,3,1,0,2,3,0,1,0,5,13,0,0,0,0,0,81,-67,"Gold Coast","2017",5
3,"Rosa, Matt",8,4,8,16,0,0,0,2,2,2,0,1,0,0,0,2,15,0,1,2,1,1,88,-67,"Gold Coast","2017",5
42,"Saad, Adam",15,1,9,24,0,0,0,3,7,1,1,3,3,2,0,10,12,0,0,3,3,0,85,-67,"Gold Coast","2017",5
6,"Sexton, Alex",11,8,6,17,1,1,0,1,0,4,0,0,0,0,0,2,15,0,0,1,0,0,82,-67,"Gold Coast","2017",5
24,"Swallow, David",11,2,0,11,1,1,0,5,1,4,2,3,0,2,0,5,6,0,0,4,0,0,71,-67,"Gold Coast","2017",5
28,"Witts, Jarrod",4,2,9,13,0,0,25,1,0,3,2,1,1,0,0,9,4,0,0,3,0,0,87,-67,"Gold Coast","2017",5
30,"Wright, Peter",6,6,8,14,0,0,9,2,0,3,0,1,1,0,0,7,7,2,0,2,0,2,86,-67,"Gold Coast","2017",5
0,"Rushed",0,0,0,0,0,2,0,0,0,0,0,0,0,0,0,0,0,0,0,0,0,0,0,-67,"Gold Coast","2017",5
21,"Atkins, Rory",11,3,18,29,1,0,0,1,0,8,1,4,0,1,1,9,19,0,1,4,2,2,85,67,"Adelaide","2017",5
18,"Betts, Eddie",10,3,2,12,3,1,0,3,0,1,1,1,0,0,0,4,8,1,1,1,1,0,89,67,"Adelaide","2017",5
16,"Brown, Luke",8,3,7,15,1,0,0,1,2,2,0,1,0,1,0,8,7,2,0,4,0,0,89,67,"Adelaide","2017",5
23,"Cameron, Charlie",8,2,5,13,2,1,0,4,0,4,0,3,2,1,0,4,8,0,1,1,2,2,87,67,"Adelaide","2017",5
2,"Crouch, Brad",13,1,20,33,0,2,0,8,1,3,3,4,3,0,0,17,16,0,0,1,2,0,72,67,"Adelaide","2017",5
44,"Crouch, Matt",17,4,18,35,1,0,0,3,4,4,9,4,1,0,3,16,19,0,1,1,0,1,78,67,"Adelaide","2017",5
26,"Douglas, Richard",8,3,10,18,0,0,0,2,2,4,1,1,0,0,0,5,14,1,0,2,0,0,88,67,"Adelaide","2017",5
17,"Hampton, Curtly",7,6,14,21,2,0,0,10,0,2,2,1,0,0,0,6,15,0,1,1,0,0,81,67,"Adelaide","2017",5
15,"Hartigan, Kyle",5,2,5,10,0,0,0,1,6,0,0,2,1,1,0,5,5,1,0,10,0,0,95,67,"Adelaide","2017",5
24,"Jacobs, Sam",3,4,11,14,0,0,34,2,1,1,2,3,0,1,0,4,11,2,0,1,0,0,88,67,"Adelaide","2017",5
3,"Knight, Riley",9,3,10,19,2,0,0,1,2,4,0,2,1,1,0,4,15,0,1,1,0,1,73,67,"Adelaide","2017",5
29,"Laird, Rory",13,7,20,33,0,1,0,3,4,4,0,3,0,0,0,9,24,0,0,4,0,1,88,67,"Adelaide","2017",5
6,"Lever, Jake",8,6,6,14,0,0,0,0,3,1,0,2,0,1,0,5,10,1,0,6,0,0,93,67,"Adelaide","2017",5
27,"Lynch, Tom",15,10,5,20,3,3,0,0,1,1,0,3,1,2,0,3,19,0,5,1,0,1,96,67,"Adelaide","2017",5
14,"Mackay, David",9,4,14,23,0,0,0,2,3,3,1,3,0,1,0,8,16,0,0,1,0,1,85,67,"Adelaide","2017",5
32,"Menzel, Troy",2,0,2,4,2,0,0,2,0,0,1,0,1,0,0,3,1,0,0,1,0,0,73,67,"Adelaide","2017",5
30,"Milera, Wayne",9,2,8,17,0,0,0,2,2,2,2,1,1,0,0,4,14,0,0,3,0,0,85,67,"Adelaide","2017",5
22,"Otten, Andy",13,9,8,21,2,1,0,3,0,5,0,7,1,3,0,7,14,4,3,1,0,2,94,67,"Adelaide","2017",5
9,"Sloane, Rory",13,1,17,30,1,0,0,13,1,5,9,2,1,1,2,13,17,0,1,4,0,2,88,67,"Adelaide","2017",5
33,"Smith, Brodie",12,5,10,22,1,0,0,1,0,5,0,3,1,1,0,4,18,0,0,3,0,1,87,67,"Adelaide","2017",5
12,"Talia, Daniel",1,0,0,1,0,0,0,0,0,0,0,0,0,0,0,0,1,0,0,0,0,0,1,67,"Adelaide","2017",5
13,"Walker, Taylor",11,2,7,18,2,1,0,1,0,3,0,2,3,0,0,10,8,1,2,0,0,2,85,67,"Adelaide","2017",5
0,"Rushed",0,0,0,0,0,5,0,0,0,0,0,0,0,0,0,0,0,0,0,0,0,0,0,67,"Adelaide","2017",5
