"Number","Player","Kicks","Marks","Handballs","Disposals","Goals","Behinds","Hitouts","Tackles","Rebounds50s","Inside50s","Clearances","Clangers","FreesFor","FreesAgainst","BrownlowVotes","ContestedPossessions","UncontestedPossessions","ContestedMarks","MarksInside50","OnePercenters","Bounces","GoalAssists","PercentagePlayed","PointDifference","Team","Season","Round"
13,"Florent, Oliver",3,1,4,7,0,0,0,4,0,2,1,1,0,0,0,4,3,0,1,2,1,1,84,-6,"Sydney","2017",10
67,"Franklin, Lance",12,6,4,16,5,1,0,2,0,5,0,3,1,1,2,7,9,4,2,2,0,1,93,-6,"Sydney","2017",10
39,"Grundy, Heath",2,3,6,8,0,0,0,0,1,0,0,1,1,1,0,5,3,1,0,6,0,0,100,-6,"Sydney","2017",10
4,"Hannebery, Dan",17,3,18,35,0,0,0,3,2,6,4,3,0,0,1,11,25,0,0,1,0,1,83,-6,"Sydney","2017",10
9,"Hayward, Will",8,3,1,9,0,1,0,1,0,3,0,0,0,0,0,0,8,0,0,0,0,0,86,-6,"Sydney","2017",10
5,"Heeney, Isaac",14,1,5,19,2,0,0,7,0,4,3,3,1,1,0,7,12,0,1,2,0,0,93,-6,"Sydney","2017",10
29,"Hewett, George",6,1,10,16,0,0,0,2,0,0,4,2,2,1,0,9,9,0,0,0,0,0,70,-6,"Sydney","2017",10
10,"Jones, Zak",10,4,12,22,1,1,0,11,3,2,5,0,2,0,0,7,15,0,0,0,0,1,91,-6,"Sydney","2017",10
12,"Kennedy, Josh",10,2,23,33,1,0,0,6,1,4,8,4,0,0,0,20,13,1,0,0,0,0,91,-6,"Sydney","2017",10
44,"Lloyd, Jake",0,0,1,1,0,0,0,0,0,0,0,0,0,0,0,1,0,0,0,0,0,0,1,-6,"Sydney","2017",10
43,"Melican, Lewis",7,2,6,13,0,0,0,1,3,1,1,1,0,0,0,7,8,0,0,3,0,0,94,-6,"Sydney","2017",10
14,"Mills, Callum",13,4,1,14,0,1,0,3,4,0,1,3,1,0,0,3,11,0,0,4,0,0,88,-6,"Sydney","2017",10
28,"Newman, Nic",13,4,5,18,0,0,0,4,2,4,0,3,1,0,0,2,15,0,0,3,0,1,91,-6,"Sydney","2017",10
41,"Papley, Tom",10,6,8,18,1,2,0,3,0,4,4,1,2,0,0,12,6,1,2,0,1,1,94,-6,"Sydney","2017",10
26,"Parker, Luke",10,1,12,22,0,1,0,3,0,3,9,4,2,2,0,14,8,1,0,3,0,1,85,-6,"Sydney","2017",10
50,"Rampe, Dane",12,6,6,18,0,0,0,0,10,1,1,4,0,1,0,7,8,0,0,4,0,0,92,-6,"Sydney","2017",10
20,"Reid, Sam",0,0,4,4,0,0,1,2,0,0,0,1,0,1,0,1,3,0,0,0,0,0,46,-6,"Sydney","2017",10
16,"Rohan, Gary",6,0,3,9,1,1,0,4,1,1,1,2,2,0,0,5,4,0,0,6,0,0,80,-6,"Sydney","2017",10
18,"Sinclair, Callum",6,2,3,9,0,0,30,2,2,2,3,3,1,2,0,8,2,1,0,7,0,2,79,-6,"Sydney","2017",10
40,"Smith, Nick",6,4,6,12,0,0,0,2,3,0,1,1,3,1,0,5,9,0,0,8,0,0,96,-6,"Sydney","2017",10
8,"Tippett, Kurt",7,4,5,12,0,1,28,4,1,3,1,2,1,0,0,9,3,2,0,3,0,0,80,-6,"Sydney","2017",10
22,"Towers, Dean",4,1,11,15,0,0,0,3,3,3,3,2,0,1,0,6,9,0,0,0,0,1,82,-6,"Sydney","2017",10
0,"Totals",176,58,154,330,11,9,59,67,36,48,50,44,20,12,3,150,183,11,6,54,2,10,0,-6,"Sydney","2017",10
30,"Brand, Kaiden",13,6,7,20,0,0,0,0,1,1,1,4,1,1,0,8,10,0,0,10,0,0,82,6,"Hawthorn","2017",10
22,"Breust, Luke",10,3,3,13,3,0,0,5,1,2,0,3,1,1,0,1,11,0,1,1,0,1,83,6,"Hawthorn","2017",10
67,"Burgoyne, Shaun",9,4,17,26,2,0,0,5,0,3,5,3,1,2,3,19,11,0,1,6,0,0,86,6,"Hawthorn","2017",10
5,"Burton, Ryan",16,9,4,20,0,0,0,0,5,3,0,4,0,2,0,1,18,0,0,1,0,0,87,6,"Hawthorn","2017",10
46,"Cousins, James",7,1,7,14,1,0,0,6,1,3,1,2,1,1,0,5,10,0,0,0,0,0,58,6,"Hawthorn","2017",10
8,"Duryea, Taylor",14,10,2,16,0,0,0,3,4,1,0,4,0,2,0,1,15,0,0,3,0,0,86,6,"Hawthorn","2017",10
6,"Gibson, Josh",10,8,8,18,0,0,0,2,4,0,0,1,0,0,0,2,14,0,0,7,0,0,95,6,"Hawthorn","2017",10
19,"Gunston, Jack",12,4,8,20,1,0,0,3,2,4,1,2,2,1,0,7,14,0,0,6,0,0,87,6,"Hawthorn","2017",10
37,"Hardwick, Blake",10,8,5,15,0,0,0,0,1,0,0,0,0,0,0,2,13,0,0,2,0,0,74,6,"Hawthorn","2017",10
31,"Henderson, Ricky",10,8,14,24,0,0,0,1,1,2,4,2,0,1,0,10,15,1,0,1,0,0,78,6,"Hawthorn","2017",10
15,"Hodge, Luke",19,8,5,24,0,0,0,0,5,1,0,2,0,0,0,7,18,2,0,6,0,0,87,6,"Hawthorn","2017",10
17,"Howe, Daniel",14,10,1,15,0,0,0,3,4,1,1,1,1,1,0,5,13,1,0,4,0,0,81,6,"Hawthorn","2017",10
7,"McEvoy, Ben",4,2,5,9,0,0,41,4,1,2,4,0,1,0,0,5,4,0,0,6,0,1,79,6,"Hawthorn","2017",10
3,"Mitchell, Tom",17,6,14,31,0,0,0,5,1,3,7,5,0,3,0,14,18,0,0,1,0,0,92,6,"Hawthorn","2017",10
28,"Puopolo, Paul",8,1,4,12,1,0,0,3,0,6,2,2,0,1,0,5,5,1,0,4,0,4,81,6,"Hawthorn","2017",10
2,"Roughead, Jarryd",12,2,6,18,1,1,0,3,1,7,4,3,1,1,0,9,10,0,0,0,0,0,89,6,"Hawthorn","2017",10
26,"Shiels, Liam",18,4,13,31,0,1,0,10,1,3,5,6,0,0,0,11,20,0,0,1,0,1,87,6,"Hawthorn","2017",10
21,"Sicily, James",7,3,6,13,1,2,0,2,0,1,0,1,1,1,0,3,10,0,2,1,2,0,89,6,"Hawthorn","2017",10
16,"Smith, Isaac",21,11,9,30,0,1,0,5,2,6,1,3,1,1,0,3,27,0,0,1,1,0,88,6,"Hawthorn","2017",10
27,"Vickery, Ty",8,5,7,15,0,1,6,2,0,1,2,1,1,0,0,7,8,1,2,2,0,1,74,6,"Hawthorn","2017",10
11,"Whitecross, Brendan",12,7,3,15,2,0,0,2,1,2,2,1,0,0,0,5,11,1,1,1,0,0,75,6,"Hawthorn","2017",10
20,"Willsmore, Dallas",4,3,5,9,0,0,0,3,0,2,1,1,0,1,0,1,8,0,0,1,0,0,63,6,"Hawthorn","2017",10
0,"Rushed",0,0,0,0,0,3,0,0,0,0,0,0,0,0,0,0,0,0,0,0,0,0,0,6,"Hawthorn","2017",10
