"Number","Player","Kicks","Marks","Handballs","Disposals","Goals","Behinds","Hitouts","Tackles","Rebounds50s","Inside50s","Clearances","Clangers","FreesFor","FreesAgainst","BrownlowVotes","ContestedPossessions","UncontestedPossessions","ContestedMarks","MarksInside50","OnePercenters","Bounces","GoalAssists","PercentagePlayed","PointDifference","Team","Season","Round"
37,"Barrass, Tom",7,6,7,14,0,1,0,1,2,1,0,1,0,0,0,5,9,2,0,5,0,0,86,29,"West Coast","2017",23
15,"Cripps, Jamie",11,2,4,15,3,2,0,3,0,3,1,1,1,0,0,2,13,0,1,2,1,1,82,29,"West Coast","2017",23
27,"Darling, Jack",9,7,4,13,1,0,1,2,0,4,0,5,0,1,0,8,5,5,2,2,0,2,83,29,"West Coast","2017",23
14,"Duggan, Liam",11,7,7,18,0,0,0,1,5,0,0,3,0,0,0,0,17,0,0,2,3,0,80,29,"West Coast","2017",23
3,"Gaff, Andrew",18,5,14,32,1,0,0,3,2,1,3,4,3,2,0,11,24,0,0,0,0,0,86,29,"West Coast","2017",23
25,"Hurn, Shannon",17,11,7,24,0,0,0,0,4,1,1,2,0,1,0,11,13,2,0,6,0,0,85,29,"West Coast","2017",23
34,"Hutchings, Mark",7,1,6,13,2,0,0,1,0,1,1,5,0,2,0,5,8,0,0,0,0,0,73,29,"West Coast","2017",23
23,"Jetta, Lewis",15,6,1,16,1,0,0,2,2,4,0,2,2,1,0,4,11,0,0,1,2,0,74,29,"West Coast","2017",23
17,"Kennedy, Josh",9,4,3,12,1,4,0,1,0,3,0,1,1,1,0,5,5,0,2,2,0,0,93,29,"West Coast","2017",23
2,"LeCras, Mark",8,5,7,15,2,0,0,3,1,3,2,0,1,0,0,5,11,1,1,4,0,1,82,29,"West Coast","2017",23
16,"Mackenzie, Eric",7,3,2,9,0,0,0,3,5,0,0,1,1,0,0,2,7,0,0,5,0,0,92,29,"West Coast","2017",23
20,"McGovern, Jeremy",10,10,7,17,0,0,0,1,1,1,0,2,0,0,0,9,7,4,0,5,0,0,85,29,"West Coast","2017",23
1,"Mitchell, Sam",14,7,20,34,0,0,0,4,2,2,4,4,1,1,1,13,22,0,0,2,1,1,88,29,"West Coast","2017",23
24,"Partington, Luke",3,4,5,8,0,0,0,2,0,3,0,1,0,1,0,4,5,1,0,1,0,0,66,29,"West Coast","2017",23
21,"Petrie, Drew",7,2,3,10,1,0,10,6,0,1,2,1,5,0,0,11,1,2,0,6,0,0,76,29,"West Coast","2017",23
11,"Priddis, Matt",9,1,11,20,0,0,0,8,0,2,6,3,0,0,0,11,9,0,1,2,0,0,79,29,"West Coast","2017",23
8,"Redden, Jack",13,5,8,21,1,0,0,3,3,5,1,4,1,0,0,8,13,0,0,0,0,0,84,29,"West Coast","2017",23
4,"Sheed, Dom",12,5,13,25,0,1,0,1,1,6,4,3,2,0,0,11,14,0,1,0,0,0,74,29,"West Coast","2017",23
5,"Sheppard, Brad",7,3,10,17,0,0,0,5,1,1,3,1,1,0,0,5,12,0,0,0,0,1,91,29,"West Coast","2017",23
13,"Shuey, Luke",17,5,11,28,1,0,0,5,1,4,3,2,1,1,3,9,20,0,0,1,1,1,86,29,"West Coast","2017",23
19,"Vardy, Nathan",5,3,2,7,1,0,31,3,1,2,1,1,2,0,0,7,1,3,1,3,0,0,71,29,"West Coast","2017",23
6,"Yeo, Elliot",15,6,9,24,0,1,0,1,6,2,1,3,1,1,0,6,18,0,0,0,1,1,82,29,"West Coast","2017",23
0,"Rushed",0,0,0,0,0,1,0,0,0,0,0,0,0,0,0,0,0,0,0,0,0,0,0,29,"West Coast","2017",23
21,"Atkins, Rory",6,5,15,21,0,0,0,1,1,2,4,3,0,2,0,10,12,0,0,0,0,0,78,-29,"Adelaide","2017",23
18,"Betts, Eddie",8,4,4,12,2,2,0,4,0,3,0,2,1,1,0,11,5,1,3,2,0,2,83,-29,"Adelaide","2017",23
16,"Brown, Luke",5,3,4,9,0,0,0,0,1,0,0,1,0,0,0,0,8,0,0,1,0,0,67,-29,"Adelaide","2017",23
23,"Cameron, Charlie",5,1,5,10,1,0,0,4,1,3,1,3,2,2,0,4,7,0,0,1,0,0,86,-29,"Adelaide","2017",23
2,"Crouch, Brad",13,5,29,42,0,0,0,6,3,6,10,2,0,1,0,15,25,0,0,3,0,1,85,-29,"Adelaide","2017",23
44,"Crouch, Matt",19,2,26,45,1,1,0,7,4,5,4,2,0,0,2,13,32,0,0,1,0,2,74,-29,"Adelaide","2017",23
26,"Douglas, Richard",8,3,14,22,0,1,0,2,0,3,3,2,1,2,0,10,12,1,0,3,3,1,83,-29,"Adelaide","2017",23
15,"Hartigan, Kyle",7,5,5,12,0,0,0,1,0,0,0,3,1,2,0,5,7,1,0,5,0,0,93,-29,"Adelaide","2017",23
24,"Jacobs, Sam",10,3,7,17,0,0,51,2,2,2,5,5,0,2,0,7,11,0,0,2,0,0,80,-29,"Adelaide","2017",23
4,"Jenkins, Josh",4,4,7,11,1,0,3,1,0,1,0,3,0,1,0,5,7,0,1,1,1,1,89,-29,"Adelaide","2017",23
42,"Keath, Alex",5,4,2,7,0,0,0,0,0,0,0,3,0,3,0,2,5,0,0,5,0,0,77,-29,"Adelaide","2017",23
8,"Kelly, Jake",10,5,6,16,0,0,0,3,0,2,0,1,1,0,0,3,12,0,0,4,0,0,88,-29,"Adelaide","2017",23
3,"Knight, Riley",4,4,7,11,0,1,0,4,0,1,1,1,0,0,0,5,7,0,0,0,0,0,74,-29,"Adelaide","2017",23
29,"Laird, Rory",13,4,13,26,0,0,0,4,2,3,0,3,0,0,0,5,21,0,0,1,0,0,84,-29,"Adelaide","2017",23
6,"Lever, Jake",8,7,9,17,0,0,0,1,3,0,0,3,1,1,0,6,11,0,0,4,0,0,88,-29,"Adelaide","2017",23
27,"Lynch, Tom",8,4,4,12,0,1,0,1,0,0,0,3,0,1,0,2,10,1,0,0,0,0,93,-29,"Adelaide","2017",23
14,"Mackay, David",8,1,9,17,0,1,0,2,3,3,1,3,0,3,0,5,15,0,0,0,1,1,72,-29,"Adelaide","2017",23
41,"McGovern, Mitch",5,5,1,6,2,0,0,4,1,1,0,1,0,0,0,1,5,0,2,2,0,0,85,-29,"Adelaide","2017",23
30,"Milera, Wayne",12,5,4,16,1,0,0,2,0,3,2,2,0,1,0,3,13,0,1,0,4,0,76,-29,"Adelaide","2017",23
11,"Seedsman, Paul",12,3,13,25,1,2,0,3,3,8,4,0,1,0,0,4,22,0,0,1,2,0,73,-29,"Adelaide","2017",23
9,"Sloane, Rory",18,6,20,38,0,0,0,9,3,4,14,4,4,1,0,23,17,1,0,2,0,0,81,-29,"Adelaide","2017",23
33,"Smith, Brodie",14,4,9,23,1,0,0,1,5,3,1,3,0,0,0,3,20,0,0,1,0,0,88,-29,"Adelaide","2017",23
0,"Rushed",0,0,0,0,0,2,0,0,0,0,0,0,0,0,0,0,0,0,0,0,0,0,0,-29,"Adelaide","2017",23
