"Number","Player","Kicks","Marks","Handballs","Disposals","Goals","Behinds","Hitouts","Tackles","Rebounds50s","Inside50s","Clearances","Clangers","FreesFor","FreesAgainst","BrownlowVotes","ContestedPossessions","UncontestedPossessions","ContestedMarks","MarksInside50","OnePercenters","Bounces","GoalAssists","PercentagePlayed","PointDifference","Team","Season","Round"
24,"Bews, Jed",3,1,4,7,0,0,0,2,0,3,1,2,0,1,0,4,4,0,0,1,0,0,85,-46,"Geelong","2017",20
12,"Buzza, Wylie",4,1,3,7,0,0,7,3,1,2,0,3,3,1,0,6,1,1,0,1,0,0,70,-46,"Geelong","2017",20
22,"Duncan, Mitch",13,9,19,32,0,1,0,6,1,2,3,4,0,3,0,9,24,0,0,1,0,2,81,-46,"Geelong","2017",20
29,"Guthrie, Cameron",8,4,6,14,1,2,0,5,0,2,2,4,0,3,0,4,11,1,1,0,0,0,66,-46,"Geelong","2017",20
39,"Guthrie, Zach",6,1,5,11,0,0,0,2,0,1,0,2,1,1,0,5,6,0,0,1,0,0,62,-46,"Geelong","2017",20
26,"Hawkins, Tom",9,9,4,13,3,0,0,4,0,0,0,4,0,1,0,9,7,3,6,2,0,0,91,-46,"Geelong","2017",20
25,"Henderson, Lachie",15,11,8,23,0,0,0,2,0,2,0,5,1,2,0,3,20,0,0,4,0,0,98,-46,"Geelong","2017",20
8,"Kolodjashnij, Jake",10,7,9,19,0,0,0,2,2,3,1,4,0,2,0,3,16,0,0,1,0,0,81,-46,"Geelong","2017",20
13,"Lonergan, Tom",7,5,6,13,0,0,0,3,1,0,0,0,0,0,0,5,8,2,0,6,1,0,89,-46,"Geelong","2017",20
4,"Mackie, Andrew",17,8,6,23,0,0,0,2,3,6,1,2,1,0,0,3,20,0,0,4,0,0,94,-46,"Geelong","2017",20
27,"Menegola, Sam",14,6,11,25,2,3,0,7,2,2,4,4,1,2,1,10,16,1,2,0,1,0,84,-46,"Geelong","2017",20
21,"Murdoch, Jordan",12,5,6,18,0,1,0,3,1,2,1,2,2,0,0,8,10,2,1,0,0,0,88,-46,"Geelong","2017",20
3,"Parfitt, Brandan",4,1,5,9,0,0,0,4,0,0,1,3,0,2,0,6,3,0,0,0,0,0,71,-46,"Geelong","2017",20
34,"Parsons, James",3,0,7,10,1,0,0,2,1,1,1,1,0,0,0,7,3,0,0,0,1,1,88,-46,"Geelong","2017",20
14,"Selwood, Joel",11,2,9,20,0,0,0,2,0,3,7,3,5,2,0,14,7,0,0,1,0,0,63,-46,"Geelong","2017",20
16,"Selwood, Scott",12,5,14,26,0,1,0,13,1,5,8,3,5,2,0,12,15,0,0,0,0,0,79,-46,"Geelong","2017",20
37,"Simpson, Sam",8,3,5,13,0,1,0,1,0,3,0,0,1,0,0,7,6,0,1,0,0,0,72,-46,"Geelong","2017",20
9,"Smith, Zac",8,1,8,16,1,1,32,3,3,3,7,1,2,0,0,9,8,0,1,4,0,0,77,-46,"Geelong","2017",20
44,"Stewart, Tom",10,4,4,14,0,0,0,6,1,1,0,2,0,1,0,5,9,0,0,2,1,0,87,-46,"Geelong","2017",20
7,"Taylor, Harry",6,6,7,13,0,0,0,2,1,1,0,2,0,0,0,6,10,0,0,7,0,0,96,-46,"Geelong","2017",20
40,"Thurlow, Jackson",15,6,8,23,0,0,0,3,4,5,5,6,2,1,0,9,15,0,0,2,0,0,78,-46,"Geelong","2017",20
2,"Tuohy, Zach",10,4,16,26,0,0,0,6,2,1,1,4,1,1,0,5,20,0,0,0,3,2,98,-46,"Geelong","2017",20
0,"Rushed",0,0,0,0,0,3,0,0,0,0,0,0,0,0,0,0,0,0,0,0,0,0,0,-46,"Geelong","2017",20
23,"Franklin, Lance",5,1,3,8,1,1,0,2,0,1,0,2,1,1,0,3,6,1,0,1,0,0,90,46,"Sydney","2017",20
39,"Grundy, Heath",7,3,6,13,0,0,0,1,3,1,0,4,1,1,0,5,8,0,0,6,0,0,85,46,"Sydney","2017",20
4,"Hannebery, Dan",8,4,13,21,2,0,0,5,0,2,4,1,1,1,2,12,9,1,1,0,0,0,84,46,"Sydney","2017",20
9,"Hayward, Will",9,4,3,12,3,1,0,5,0,2,2,0,1,0,0,7,3,2,2,1,0,2,73,46,"Sydney","2017",20
5,"Heeney, Isaac",10,4,9,19,1,1,0,3,1,4,2,2,0,1,0,6,11,0,1,3,2,1,87,46,"Sydney","2017",20
29,"Hewett, George",6,2,11,17,0,0,0,8,1,0,4,5,2,4,0,10,8,0,0,0,0,1,81,46,"Sydney","2017",20
15,"Jack, Kieren",16,2,5,21,0,0,0,1,4,5,3,5,1,0,0,9,10,0,0,0,0,2,84,46,"Sydney","2017",20
10,"Jones, Zak",10,4,5,15,0,0,0,5,1,2,1,6,1,3,0,5,10,0,0,3,0,0,76,46,"Sydney","2017",20
44,"Lloyd, Jake",13,6,7,20,0,0,0,3,3,3,0,3,1,1,0,5,14,0,0,0,0,0,82,46,"Sydney","2017",20
3,"McVeigh, Jarrad",11,5,10,21,0,1,0,6,3,1,1,0,1,0,0,5,13,0,1,4,0,0,88,46,"Sydney","2017",20
43,"Melican, Lewis",5,3,4,9,0,1,0,1,2,1,0,3,0,2,0,7,3,1,0,4,0,0,91,46,"Sydney","2017",20
14,"Mills, Callum",8,2,8,16,0,0,0,4,3,2,0,3,1,1,0,5,10,0,0,3,0,0,71,46,"Sydney","2017",20
28,"Newman, Nic",9,3,10,19,1,0,0,7,2,0,2,4,2,1,0,7,12,0,0,1,0,1,66,46,"Sydney","2017",20
41,"Papley, Tom",8,2,4,12,3,2,0,4,1,1,2,1,1,0,0,5,5,1,1,1,0,0,81,46,"Sydney","2017",20
26,"Parker, Luke",11,2,12,23,1,1,0,13,1,2,8,6,3,3,3,13,11,0,1,3,0,1,89,46,"Sydney","2017",20
24,"Rampe, Dane",11,4,7,18,0,0,0,2,6,4,0,2,0,1,0,5,11,0,0,8,1,0,93,46,"Sydney","2017",20
20,"Reid, Sam",12,7,4,16,2,1,1,1,3,1,0,1,4,0,0,11,6,2,2,2,0,0,93,46,"Sydney","2017",20
16,"Rohan, Gary",7,3,2,9,2,1,0,1,0,1,0,2,0,1,0,2,7,0,1,1,1,1,64,46,"Sydney","2017",20
18,"Sinclair, Callum",11,3,6,17,0,1,18,6,0,8,2,7,3,2,0,13,5,2,1,1,0,1,77,46,"Sydney","2017",20
40,"Smith, Nick",6,4,4,10,0,0,0,0,4,0,0,1,0,0,0,3,7,1,0,5,0,0,92,46,"Sydney","2017",20
8,"Tippett, Kurt",6,2,2,8,0,0,16,4,0,2,1,2,1,2,0,4,3,0,0,2,0,0,72,46,"Sydney","2017",20
22,"Towers, Dean",5,1,2,7,0,0,0,2,1,4,0,1,0,0,0,2,4,1,0,0,0,0,79,46,"Sydney","2017",20
0,"Totals",194,71,137,331,16,11,35,84,39,47,32,61,25,25,5,144,176,12,11,49,4,10,0,46,"Sydney","2017",20
