"Number","Player","Kicks","Marks","Handballs","Disposals","Goals","Behinds","Hitouts","Tackles","Rebounds50s","Inside50s","Clearances","Clangers","FreesFor","FreesAgainst","BrownlowVotes","ContestedPossessions","UncontestedPossessions","ContestedMarks","MarksInside50","OnePercenters","Bounces","GoalAssists","PercentagePlayed","PointDifference","Team","Season","Round"
8,"Acres, Blake",10,6,7,17,1,0,0,4,2,3,1,2,1,0,0,8,9,2,1,4,1,1,68,31,"St Kilda","2017",3
15,"Billings, Jack",5,2,9,14,0,0,0,2,2,4,2,2,0,0,0,7,7,1,1,1,0,0,65,31,"St Kilda","2017",3
22,"Brown, Nathan",5,3,4,9,0,0,0,2,2,1,0,1,1,1,0,7,3,2,0,7,0,0,91,31,"St Kilda","2017",3
27,"Bruce, Josh",8,5,3,11,1,4,3,4,0,0,0,1,2,1,0,5,6,0,4,0,0,0,84,31,"St Kilda","2017",3
2,"Carlisle, Jake",7,4,3,10,0,0,0,1,1,1,0,1,0,1,0,4,6,2,0,6,0,0,89,31,"St Kilda","2017",3
7,"Dunstan, Luke",10,5,12,22,1,1,0,3,0,3,6,4,2,3,0,13,8,0,1,1,1,1,67,31,"St Kilda","2017",3
14,"Geary, Jarryn",10,2,2,12,1,0,0,3,1,1,3,3,0,2,0,8,4,1,0,0,0,0,91,31,"St Kilda","2017",3
19,"Gilbert, Sam",5,2,8,13,0,1,0,4,1,1,2,3,0,0,0,6,7,0,0,1,0,0,73,31,"St Kilda","2017",3
4,"Gresham, Jade",11,2,6,17,1,3,0,4,0,3,4,1,1,1,0,9,6,0,0,0,0,0,81,31,"St Kilda","2017",3
1,"Hickey, Tom",9,3,6,15,0,0,33,7,0,2,5,6,2,5,0,9,6,1,0,3,0,0,91,31,"St Kilda","2017",3
13,"Lonie, Jack",9,6,2,11,0,1,0,4,1,1,1,0,0,0,0,5,8,1,2,1,0,0,86,31,"St Kilda","2017",3
32,"McCartin, Paddy",5,2,0,5,0,1,0,1,0,4,0,1,1,0,0,3,3,1,0,1,0,0,58,31,"St Kilda","2017",3
28,"Membrey, Tim",11,10,4,15,1,3,0,0,1,2,0,1,0,1,0,7,9,5,4,2,0,1,77,31,"St Kilda","2017",3
11,"Montagna, Leigh",24,9,6,30,1,0,0,4,6,7,3,3,2,0,2,10,19,0,1,1,1,1,90,31,"St Kilda","2017",3
16,"Newnes, Jack",15,6,8,23,0,2,0,1,5,2,2,3,0,1,0,6,18,0,1,3,0,0,91,31,"St Kilda","2017",3
12,"Riewoldt, Nick",20,12,8,28,3,2,1,1,0,5,2,0,0,0,3,8,20,3,4,3,0,1,92,31,"St Kilda","2017",3
17,"Roberton, Dylan",18,6,2,20,0,0,0,4,4,6,1,3,1,1,0,4,13,0,0,2,1,0,89,31,"St Kilda","2017",3
6,"Ross, Sebastian",10,1,13,23,0,0,0,9,3,1,4,2,1,0,0,14,10,0,0,1,0,1,82,31,"St Kilda","2017",3
5,"Savage, Shane",6,2,6,12,1,0,0,4,0,3,0,1,1,0,0,3,11,1,0,3,0,0,84,31,"St Kilda","2017",3
9,"Steele, Jack",7,4,11,18,1,0,0,9,1,4,2,3,1,2,0,8,11,0,0,4,0,0,73,31,"St Kilda","2017",3
29,"Webster, Jimmy",12,6,9,21,0,0,0,1,4,3,0,2,0,2,0,2,16,0,0,3,0,0,90,31,"St Kilda","2017",3
44,"Weller, Maverick",8,6,7,15,2,3,0,1,1,2,2,3,4,2,0,8,9,2,3,0,0,0,86,31,"St Kilda","2017",3
0,"Rushed",0,0,0,0,0,2,0,0,0,0,0,0,0,0,0,0,0,0,0,0,0,0,0,31,"St Kilda","2017",3
31,"Andrews, Harris",8,4,4,12,0,0,0,0,2,0,0,1,0,0,0,4,8,2,0,10,0,0,93,-31,"Brisbane Lions","2017",3
43,"Barrett, Jake",5,5,11,16,0,1,0,10,1,2,1,2,1,1,0,6,9,0,2,0,0,1,82,-31,"Brisbane Lions","2017",3
9,"Beams, Dayne",17,5,13,30,1,1,0,8,1,5,4,8,2,3,0,13,18,0,0,1,0,2,83,-31,"Brisbane Lions","2017",3
7,"Bell, Tom",8,3,7,15,1,1,0,4,3,2,0,3,1,0,0,7,6,0,0,0,0,0,75,-31,"Brisbane Lions","2017",3
13,"Berry, Jarrod",3,2,5,8,1,0,0,2,0,0,0,1,0,1,0,2,6,0,1,2,0,0,73,-31,"Brisbane Lions","2017",3
8,"Bewick, Rohan",9,5,5,14,1,0,0,5,1,1,0,2,1,0,0,5,10,1,0,2,0,1,81,-31,"Brisbane Lions","2017",3
26,"Cutler, Tom",16,4,9,25,0,0,0,0,8,4,1,3,0,1,0,5,16,0,0,3,0,0,95,-31,"Brisbane Lions","2017",3
45,"Frost, Jack",0,0,4,4,0,0,0,1,0,0,0,1,0,1,0,2,2,0,0,3,0,0,76,-31,"Brisbane Lions","2017",3
27,"Gardiner, Darcy",2,2,3,5,0,0,0,1,1,0,0,2,0,1,0,1,4,0,0,3,0,1,30,-31,"Brisbane Lions","2017",3
30,"Hipwood, Eric",1,0,1,2,0,0,1,1,0,0,0,2,0,0,0,2,0,0,0,1,0,0,85,-31,"Brisbane Lions","2017",3
35,"Lester, Ryan",6,6,6,12,0,0,0,4,2,0,1,1,0,0,0,5,7,2,0,1,0,1,87,-31,"Brisbane Lions","2017",3
12,"Martin, Stefan",11,7,10,21,0,0,44,1,1,5,6,1,4,0,0,14,7,1,0,4,0,1,96,-31,"Brisbane Lions","2017",3
32,"Mayes, Sam",11,7,12,23,0,0,0,1,6,1,0,2,0,1,0,5,17,1,0,3,1,0,85,-31,"Brisbane Lions","2017",3
6,"McCluggage, Hugh",9,4,4,13,0,1,0,2,0,2,1,1,0,0,0,3,10,0,0,0,0,0,85,-31,"Brisbane Lions","2017",3
25,"McStay, Daniel",2,5,8,10,0,0,0,4,1,0,0,2,0,2,0,3,7,1,0,3,0,0,79,-31,"Brisbane Lions","2017",3
10,"Rich, Daniel",21,4,11,32,1,2,0,1,8,9,1,3,4,2,1,8,22,0,0,0,0,1,88,-31,"Brisbane Lions","2017",3
18,"Robertson, Nick",8,8,10,18,0,0,0,1,1,3,0,1,0,1,0,5,13,0,0,2,0,0,83,-31,"Brisbane Lions","2017",3
5,"Robinson, Mitch",7,3,8,15,2,0,0,5,1,3,3,1,1,0,0,9,5,2,1,0,0,0,83,-31,"Brisbane Lions","2017",3
38,"Rockliff, Tom",16,5,12,28,0,0,1,6,0,6,13,5,3,3,0,15,13,0,0,1,0,0,87,-31,"Brisbane Lions","2017",3
23,"Schache, Josh",3,2,6,9,2,0,1,2,0,0,0,5,2,2,0,5,4,0,1,1,0,0,81,-31,"Brisbane Lions","2017",3
28,"Taylor, Lewis",8,4,11,19,1,0,0,4,0,1,1,1,1,0,0,4,15,0,1,1,0,1,87,-31,"Brisbane Lions","2017",3
15,"Zorko, Dayne",15,2,11,26,1,2,0,9,1,2,7,3,3,1,0,10,15,0,0,0,0,1,87,-31,"Brisbane Lions","2017",3
0,"Rushed",0,0,0,0,0,2,0,0,0,0,0,0,0,0,0,0,0,0,0,0,0,0,0,-31,"Brisbane Lions","2017",3
