"Number","Player","Kicks","Marks","Handballs","Disposals","Goals","Behinds","Hitouts","Tackles","Rebounds50s","Inside50s","Clearances","Clangers","FreesFor","FreesAgainst","BrownlowVotes","ContestedPossessions","UncontestedPossessions","ContestedMarks","MarksInside50","OnePercenters","Bounces","GoalAssists","PercentagePlayed","PointDifference","Team","Season","Round"
13,"Adams, Taylor",13,5,14,27,0,0,0,9,1,4,2,5,2,1,0,13,14,1,0,2,2,0,81,-23,"Collingwood","2017",7
29,"Broomhead, Tim",1,1,10,11,0,1,0,2,1,0,0,3,0,0,0,3,7,0,0,0,0,0,74,-23,"Collingwood","2017",7
46,"Cox, Mason",3,2,1,4,1,0,5,5,0,0,0,4,0,2,0,2,0,2,1,2,0,0,71,-23,"Collingwood","2017",7
25,"Crisp, Jack",7,1,12,19,0,2,0,7,2,2,3,6,0,1,0,6,12,0,0,1,1,0,85,-23,"Collingwood","2017",7
2,"de Goey, Jordan",11,2,4,15,2,0,0,1,0,3,0,1,0,1,0,5,11,1,1,1,0,0,85,-23,"Collingwood","2017",7
15,"Dunn, Lynden",7,8,3,10,0,0,0,0,3,1,0,1,1,0,0,4,6,2,0,8,0,0,89,-23,"Collingwood","2017",7
5,"Elliott, Jamie",9,6,5,14,3,0,0,4,0,3,0,5,2,0,0,7,7,3,3,2,0,0,79,-23,"Collingwood","2017",7
1,"Fasolo, Alex",7,5,1,8,1,1,0,1,0,2,0,1,2,0,0,4,5,2,2,0,0,1,82,-23,"Collingwood","2017",7
6,"Goldsack, Tyson",4,5,7,11,0,0,0,3,2,2,0,2,0,1,0,3,8,0,0,7,1,0,81,-23,"Collingwood","2017",7
19,"Greenwood, Levi",10,3,10,20,0,0,0,4,0,5,6,1,2,0,0,10,9,0,0,1,0,0,73,-23,"Collingwood","2017",7
4,"Grundy, Brodie",10,1,7,17,0,0,30,3,1,0,4,7,0,2,0,7,9,0,0,3,1,0,85,-23,"Collingwood","2017",7
32,"Hoskin-Elliott, Will",7,5,4,11,0,0,0,3,2,1,2,2,0,1,0,4,8,0,0,4,0,0,81,-23,"Collingwood","2017",7
38,"Howe, Jeremy",9,8,5,14,0,0,0,0,3,0,0,3,0,2,0,5,9,2,0,0,0,0,93,-23,"Collingwood","2017",7
37,"Maynard, Brayden",8,4,3,11,0,0,0,3,0,2,2,5,1,3,0,4,9,1,0,3,0,0,86,-23,"Collingwood","2017",7
30,"Moore, Darcy",4,4,2,6,1,0,0,0,0,1,0,2,0,1,0,2,4,1,1,0,0,0,84,-23,"Collingwood","2017",7
10,"Pendlebury, Scott",8,2,21,29,0,0,0,9,1,3,4,4,1,0,0,11,18,0,0,1,0,1,85,-23,"Collingwood","2017",7
21,"Phillips, Tom",6,2,6,12,0,1,0,3,0,1,2,1,1,0,0,4,8,0,0,0,0,0,72,-23,"Collingwood","2017",7
31,"Ramsay, Jackson",9,1,10,19,0,0,0,3,3,3,3,1,3,0,0,9,8,0,0,1,0,1,74,-23,"Collingwood","2017",7
20,"Reid, Ben",20,12,5,25,0,0,0,1,3,4,0,1,3,0,2,7,17,2,0,7,1,1,92,-23,"Collingwood","2017",7
22,"Sidebottom, Steele",10,1,10,20,0,1,0,3,0,3,1,1,2,1,0,7,13,0,0,2,1,0,84,-23,"Collingwood","2017",7
40,"Smith, Josh",16,5,5,21,0,0,0,1,2,2,0,3,3,0,0,6,17,0,0,2,0,0,85,-23,"Collingwood","2017",7
7,"Treloar, Adam",7,0,14,21,0,1,0,8,1,3,6,2,0,0,0,6,14,0,0,0,2,0,81,-23,"Collingwood","2017",7
0,"Rushed",0,0,0,0,0,1,0,0,0,0,0,0,0,0,0,0,0,0,0,0,0,0,0,-23,"Collingwood","2017",7
41,"Casboult, Levi",5,4,3,8,2,0,11,1,0,2,1,3,1,3,0,5,5,2,2,4,0,0,86,23,"Carlton","2017",7
9,"Cripps, Patrick",12,5,13,25,0,0,0,8,1,1,5,3,0,3,0,13,13,0,0,1,1,0,87,23,"Carlton","2017",7
30,"Curnow, Charlie",10,5,4,14,1,0,0,0,0,3,0,1,2,0,0,3,10,1,1,0,0,1,84,23,"Carlton","2017",7
35,"Curnow, Ed",15,4,10,25,0,0,0,9,3,6,2,5,0,1,0,10,17,0,0,0,0,0,88,23,"Carlton","2017",7
15,"Docherty, Sam",16,9,6,22,0,0,0,4,5,0,0,3,1,1,0,5,16,1,0,1,0,1,91,23,"Carlton","2017",7
4,"Gibbs, Bryce",14,7,3,17,1,1,0,6,1,4,2,1,1,1,0,5,14,0,0,1,0,0,83,23,"Carlton","2017",7
32,"Graham, Nick",11,10,8,19,1,1,0,5,0,2,1,4,1,2,0,5,14,1,3,1,0,0,76,23,"Carlton","2017",7
11,"Kerridge, Sam",5,3,4,9,0,0,0,9,2,1,1,1,0,0,0,4,6,0,0,0,0,0,73,23,"Carlton","2017",7
8,"Kreuzer, Matthew",9,1,6,15,0,1,29,7,0,3,6,2,4,2,0,14,1,1,0,1,0,2,86,23,"Carlton","2017",7
22,"Marchbank, Caleb",15,9,6,21,0,0,0,0,5,1,0,1,0,0,0,8,13,3,0,3,0,0,76,23,"Carlton","2017",7
3,"Murphy, Marc",13,4,17,30,0,0,0,5,0,3,2,3,1,1,0,11,18,0,0,0,0,1,86,23,"Carlton","2017",7
5,"Petrevski-Seton, Sam",16,4,5,21,2,1,0,3,2,2,3,2,1,1,3,10,12,0,1,2,0,1,68,23,"Carlton","2017",7
20,"Plowman, Lachie",6,4,4,10,0,0,0,5,1,0,0,2,1,2,0,4,6,0,0,6,0,0,94,23,"Carlton","2017",7
17,"Rowe, Sam",4,2,3,7,0,0,0,0,3,1,0,0,0,0,0,3,3,1,0,8,0,0,100,23,"Carlton","2017",7
44,"Silvagni, Alex",8,5,5,13,0,0,0,7,4,0,0,4,2,1,0,8,5,3,0,2,0,0,80,23,"Carlton","2017",7
6,"Simpson, Kade",21,9,5,26,1,0,0,1,3,2,2,5,0,3,1,5,19,0,0,0,2,1,91,23,"Carlton","2017",7
16,"Smedts, Billie",2,2,5,7,0,0,0,1,0,1,1,0,0,0,0,3,4,0,0,1,0,0,57,23,"Carlton","2017",7
39,"Thomas, Dale",10,9,10,20,1,0,0,0,0,2,2,2,0,0,0,8,12,2,2,2,2,0,72,23,"Carlton","2017",7
23,"Weitering, Jacob",6,2,4,10,1,0,0,1,1,2,1,2,1,1,0,7,3,0,1,1,0,0,76,23,"Carlton","2017",7
43,"White, Simon",7,3,6,13,0,0,0,1,1,2,0,2,0,0,0,5,8,1,0,4,0,0,89,23,"Carlton","2017",7
31,"Williamson, Tom",6,4,5,11,0,0,0,2,2,1,0,1,0,0,0,2,9,0,0,2,0,0,74,23,"Carlton","2017",7
46,"Wright, Matthew",11,3,5,16,2,1,0,2,1,2,0,3,0,1,0,7,7,0,1,1,0,1,86,23,"Carlton","2017",7
0,"Rushed",0,0,0,0,0,2,0,0,0,0,0,0,0,0,0,0,0,0,0,0,0,0,0,23,"Carlton","2017",7
