"Number","Player","Kicks","Marks","Handballs","Disposals","Goals","Behinds","Hitouts","Tackles","Rebounds50s","Inside50s","Clearances","Clangers","FreesFor","FreesAgainst","BrownlowVotes","ContestedPossessions","UncontestedPossessions","ContestedMarks","MarksInside50","OnePercenters","Bounces","GoalAssists","PercentagePlayed","PointDifference","Team","Season","Round"
1,"Ballantyne, Hayden",7,3,1,8,1,0,0,4,0,2,0,1,0,0,0,0,8,0,1,0,0,0,79,-30,"Fremantle","2017",17
19,"Blakely, Connor",23,11,10,33,0,1,0,6,5,4,4,3,2,0,1,9,24,1,0,2,0,0,90,-30,"Fremantle","2017",17
36,"Cox, Brennan",5,3,8,13,0,2,3,0,1,2,1,2,0,0,0,6,8,0,1,2,0,0,87,-30,"Fremantle","2017",17
17,"Crozier, Hayden",8,9,8,16,0,1,0,6,1,5,0,3,0,1,0,5,11,1,1,0,0,2,76,-30,"Fremantle","2017",17
4,"Darcy, Sean",5,2,6,11,0,0,32,4,1,0,1,2,0,0,0,3,8,0,0,2,0,0,85,-30,"Fremantle","2017",17
7,"Fyfe, Nat",13,4,17,30,0,1,0,6,1,5,8,3,2,1,0,19,10,3,1,6,0,0,87,-30,"Fremantle","2017",17
21,"Hamling, Joel",3,1,4,7,0,0,0,1,2,0,0,0,2,0,0,5,2,0,0,1,0,0,93,-30,"Fremantle","2017",17
9,"Hill, Bradley",21,4,7,28,0,3,0,4,3,6,2,3,1,0,0,4,26,0,0,1,0,1,82,-30,"Fremantle","2017",17
32,"Hill, Stephen",12,3,7,19,0,2,0,3,0,3,2,4,0,0,0,8,12,0,0,1,1,0,77,-30,"Fremantle","2017",17
15,"Hughes, Ethan",7,3,4,11,0,0,0,0,2,2,0,1,0,0,0,1,9,0,0,2,0,0,84,-30,"Fremantle","2017",17
37,"Johnson, Michael",7,6,4,11,0,0,0,0,2,1,0,1,3,0,0,5,7,1,0,4,0,0,89,-30,"Fremantle","2017",17
22,"Kersten, Shane",2,1,6,8,1,0,0,2,1,2,0,1,0,1,0,3,4,0,0,1,0,0,86,-30,"Fremantle","2017",17
2,"Logue, Griffin",3,2,6,9,0,0,0,3,0,0,0,2,0,0,0,4,4,0,0,3,0,0,70,-30,"Fremantle","2017",17
16,"Mundy, David",10,3,14,24,0,1,0,3,2,3,4,2,1,1,0,11,12,0,0,1,0,0,65,-30,"Fremantle","2017",17
27,"Neale, Lachie",13,5,21,34,0,0,0,4,3,3,11,4,2,0,0,14,18,0,0,0,1,0,85,-30,"Fremantle","2017",17
43,"Nyhuis, Ryan",5,3,5,10,0,0,0,3,1,0,0,3,0,1,0,6,4,1,1,2,0,0,86,-30,"Fremantle","2017",17
38,"Ryan, Luke",10,7,10,20,0,0,0,1,3,2,0,6,0,1,0,8,11,1,0,5,0,0,83,-30,"Fremantle","2017",17
34,"Spurr, Lee",9,3,4,13,0,0,0,2,3,2,0,2,1,0,0,3,8,0,0,3,0,0,88,-30,"Fremantle","2017",17
8,"Suban, Nick",13,3,4,17,1,0,0,3,1,6,3,4,2,3,0,7,11,0,1,0,0,1,71,-30,"Fremantle","2017",17
18,"Tucker, Darcy",7,6,9,16,0,0,0,4,0,1,0,2,0,1,0,2,14,0,0,0,0,0,83,-30,"Fremantle","2017",17
10,"Walters, Michael",10,1,4,14,2,1,0,4,0,4,3,2,3,1,0,5,10,0,0,3,2,1,79,-30,"Fremantle","2017",17
14,"Weller, Lachie",11,4,9,20,0,1,0,2,1,4,1,2,0,0,0,7,12,0,1,0,2,0,74,-30,"Fremantle","2017",17
0,"Rushed",0,0,0,0,0,1,0,0,0,0,0,0,0,0,0,0,0,0,0,0,0,0,0,-30,"Fremantle","2017",17
37,"Barrass, Tom",12,8,3,15,0,0,0,0,4,1,0,2,1,0,0,4,11,1,0,2,0,0,86,30,"West Coast","2017",17
15,"Cripps, Jamie",13,10,4,17,0,0,0,5,0,5,0,4,0,1,0,3,14,0,0,0,2,0,78,30,"West Coast","2017",17
27,"Darling, Jack",7,7,4,11,2,1,0,1,0,2,0,4,1,2,0,8,5,4,4,2,0,1,92,30,"West Coast","2017",17
14,"Duggan, Liam",20,11,11,31,0,0,0,2,4,4,2,2,1,0,2,12,19,1,0,2,1,0,83,30,"West Coast","2017",17
3,"Gaff, Andrew",20,8,15,35,0,0,0,0,2,2,0,3,0,0,0,2,33,0,0,1,1,0,89,30,"West Coast","2017",17
25,"Hurn, Shannon",22,14,12,34,0,0,0,1,8,0,0,2,1,0,3,10,22,1,0,3,1,0,88,30,"West Coast","2017",17
34,"Hutchings, Mark",7,5,8,15,0,0,0,3,2,3,1,5,0,3,0,3,12,0,0,0,0,0,75,30,"West Coast","2017",17
23,"Jetta, Lewis",9,6,7,16,0,0,0,2,2,4,1,1,0,1,0,4,12,0,0,2,1,0,84,30,"West Coast","2017",17
17,"Kennedy, Josh",7,6,3,10,3,2,0,3,0,2,0,2,0,1,0,3,7,1,4,3,0,1,84,30,"West Coast","2017",17
2,"LeCras, Mark",9,7,4,13,2,0,0,2,0,2,0,2,0,1,0,2,11,0,1,0,0,1,88,30,"West Coast","2017",17
7,"Masten, Chris",13,8,6,19,0,0,0,1,3,1,0,4,0,1,0,5,16,0,0,2,1,0,75,30,"West Coast","2017",17
20,"McGovern, Jeremy",8,8,5,13,1,0,0,0,2,3,0,1,0,0,0,8,6,4,1,5,0,2,83,30,"West Coast","2017",17
1,"Mitchell, Sam",7,3,19,26,0,0,0,3,2,1,7,2,0,1,0,11,17,0,0,2,3,0,84,30,"West Coast","2017",17
30,"Nelson, Jackson",13,5,3,16,0,0,0,1,4,0,0,3,0,1,0,2,16,0,0,2,0,0,82,30,"West Coast","2017",17
21,"Petrie, Drew",12,7,2,14,1,1,11,0,3,1,1,0,0,0,0,3,11,1,1,3,0,0,84,30,"West Coast","2017",17
11,"Priddis, Matt",8,1,18,26,1,1,0,6,0,2,5,3,2,1,0,16,12,0,0,0,0,0,74,30,"West Coast","2017",17
8,"Redden, Jack",16,11,13,29,0,0,0,4,3,4,2,3,1,2,0,6,24,0,0,0,0,1,69,30,"West Coast","2017",17
31,"Schofield, Will",9,4,5,14,0,0,0,2,2,1,0,2,1,0,0,5,11,1,0,7,0,0,96,30,"West Coast","2017",17
4,"Sheed, Dom",13,5,14,27,1,1,0,1,2,2,2,2,1,1,0,8,19,0,0,0,1,0,72,30,"West Coast","2017",17
5,"Sheppard, Brad",10,6,7,17,0,0,0,3,3,3,1,1,1,0,0,8,9,1,0,3,0,1,84,30,"West Coast","2017",17
13,"Shuey, Luke",8,3,14,22,0,0,0,8,1,2,6,6,0,2,0,9,13,0,0,0,0,0,82,30,"West Coast","2017",17
19,"Vardy, Nathan",1,0,3,4,0,0,32,2,1,1,0,2,1,1,0,3,1,0,0,2,0,0,71,30,"West Coast","2017",17
0,"Rushed",0,0,0,0,0,2,0,0,0,0,0,0,0,0,0,0,0,0,0,0,0,0,0,30,"West Coast","2017",17
