"Number","Player","Kicks","Marks","Handballs","Disposals","Goals","Behinds","Hitouts","Tackles","Rebounds50s","Inside50s","Clearances","Clangers","FreesFor","FreesAgainst","BrownlowVotes","ContestedPossessions","UncontestedPossessions","ContestedMarks","MarksInside50","OnePercenters","Bounces","GoalAssists","PercentagePlayed","PointDifference","Team","Season","Round"
31,"Andrews, Harris",3,2,2,5,0,0,0,0,2,0,0,2,0,1,0,3,3,0,0,8,0,0,96,-85,"Brisbane Lions","2017",16
4,"Bastinac, Ryan",7,3,9,16,3,0,0,1,0,2,1,4,2,0,0,9,8,0,1,0,0,0,89,-85,"Brisbane Lions","2017",16
9,"Beams, Dayne",7,2,11,18,0,0,0,6,1,4,2,5,1,1,0,6,13,0,0,0,0,1,91,-85,"Brisbane Lions","2017",16
13,"Berry, Jarrod",7,6,11,18,0,0,0,6,3,3,1,2,3,2,0,10,10,0,0,1,0,1,67,-85,"Brisbane Lions","2017",16
8,"Bewick, Rohan",3,3,6,9,0,2,0,2,0,0,1,3,1,1,0,5,4,0,1,0,0,0,88,-85,"Brisbane Lions","2017",16
26,"Cutler, Tom",10,6,8,18,0,3,0,1,3,4,1,1,0,0,0,3,15,1,0,0,0,0,81,-85,"Brisbane Lions","2017",16
40,"Hammelmann, Matthew",3,1,4,7,0,0,0,1,1,0,0,2,0,0,0,4,3,1,0,1,0,0,61,-85,"Brisbane Lions","2017",16
30,"Hipwood, Eric",5,4,3,8,2,0,0,0,1,3,0,4,0,1,0,3,5,1,1,0,0,0,86,-85,"Brisbane Lions","2017",16
35,"Lester, Ryan",5,4,4,9,0,0,0,1,0,1,0,1,0,1,0,3,7,0,0,3,0,0,76,-85,"Brisbane Lions","2017",16
12,"Martin, Stefan",12,2,4,16,0,1,31,2,0,5,8,4,1,2,0,9,6,0,0,2,0,0,90,-85,"Brisbane Lions","2017",16
36,"Mathieson, Rhys",7,2,8,15,1,0,0,7,1,5,4,2,4,2,0,11,4,0,0,1,0,2,71,-85,"Brisbane Lions","2017",16
32,"Mayes, Sam",17,8,5,22,0,0,0,2,7,2,0,2,0,0,0,4,16,0,0,5,0,0,90,-85,"Brisbane Lions","2017",16
6,"McCluggage, Hugh",6,3,6,12,1,2,0,5,1,1,0,2,3,1,0,6,6,0,1,1,0,0,83,-85,"Brisbane Lions","2017",16
25,"McStay, Daniel",5,3,4,9,0,0,0,1,3,0,0,3,1,2,0,2,6,1,0,7,0,0,72,-85,"Brisbane Lions","2017",16
10,"Rich, Daniel",19,5,2,21,0,1,0,1,6,4,0,2,0,0,0,1,19,0,0,2,0,0,77,-85,"Brisbane Lions","2017",16
18,"Robertson, Nick",5,3,11,16,0,0,0,6,2,1,1,3,0,1,0,5,11,0,0,0,0,0,94,-85,"Brisbane Lions","2017",16
38,"Rockliff, Tom",15,6,7,22,0,0,0,4,2,3,4,3,1,1,0,5,16,0,0,1,0,1,89,-85,"Brisbane Lions","2017",16
44,"Smith, Archie",2,2,6,8,0,1,11,1,0,1,1,4,0,3,0,6,2,1,0,2,0,0,85,-85,"Brisbane Lions","2017",16
28,"Taylor, Lewis",6,5,7,13,0,0,0,2,1,4,2,3,1,2,0,2,11,0,0,0,1,0,86,-85,"Brisbane Lions","2017",16
14,"Walker, Josh",0,0,0,0,0,0,0,0,0,0,0,0,0,0,0,0,0,0,0,2,0,0,9,-85,"Brisbane Lions","2017",16
29,"Witherden, Alex",13,6,8,21,0,0,0,3,2,1,1,4,0,1,0,5,10,1,0,1,0,0,85,-85,"Brisbane Lions","2017",16
15,"Zorko, Dayne",22,4,14,36,4,0,0,12,3,5,10,3,3,0,1,14,20,0,0,1,1,1,92,-85,"Brisbane Lions","2017",16
0,"Rushed",0,0,0,0,0,2,0,0,0,0,0,0,0,0,0,0,0,0,0,0,0,0,0,-85,"Brisbane Lions","2017",16
24,"Bews, Jed",7,5,5,12,1,0,0,4,3,2,0,2,0,1,0,5,7,0,0,2,1,0,87,85,"Geelong","2017",16
46,"Blicavs, Mark",11,7,9,20,3,0,1,8,3,3,3,2,0,1,0,9,12,1,2,4,0,0,88,85,"Geelong","2017",16
12,"Buzza, Wylie",6,3,3,9,0,1,0,0,0,2,0,0,0,0,0,4,6,0,1,2,0,2,79,85,"Geelong","2017",16
35,"Dangerfield, Patrick",19,9,19,38,3,2,0,3,1,9,10,5,2,2,3,23,14,2,5,0,0,4,84,85,"Geelong","2017",16
22,"Duncan, Mitch",17,9,21,38,2,0,0,0,2,6,8,4,2,2,2,17,24,1,1,0,0,0,77,85,"Geelong","2017",16
29,"Guthrie, Cameron",2,2,9,11,1,0,0,1,0,2,3,3,0,3,0,7,4,0,1,0,1,1,87,85,"Geelong","2017",16
39,"Guthrie, Zach",5,4,2,7,0,0,0,2,1,2,0,1,0,0,0,3,4,1,0,1,0,0,67,85,"Geelong","2017",16
26,"Hawkins, Tom",11,6,3,14,4,1,0,2,0,2,0,3,1,1,0,3,10,0,5,0,1,1,94,85,"Geelong","2017",16
25,"Henderson, Lachie",18,11,9,27,0,0,0,0,6,4,0,2,2,0,0,7,19,2,0,5,2,1,96,85,"Geelong","2017",16
8,"Kolodjashnij, Jake",9,6,7,16,0,0,0,2,3,2,0,3,0,1,0,3,13,0,1,2,1,2,83,85,"Geelong","2017",16
13,"Lonergan, Tom",7,7,9,16,0,0,0,0,3,1,0,3,0,0,0,3,13,0,0,1,1,0,88,85,"Geelong","2017",16
4,"Mackie, Andrew",14,3,4,18,0,0,0,1,1,5,2,3,1,2,0,8,14,0,0,1,1,2,86,85,"Geelong","2017",16
27,"Menegola, Sam",12,4,10,22,0,0,0,4,2,4,4,3,0,0,0,10,12,0,0,1,1,0,70,85,"Geelong","2017",16
32,"Motlop, Steven",17,2,6,23,2,0,0,0,1,4,0,4,0,1,0,4,16,1,1,0,1,2,84,85,"Geelong","2017",16
21,"Murdoch, Jordan",11,2,9,20,2,2,0,3,1,0,2,2,2,1,0,11,13,1,1,2,0,0,78,85,"Geelong","2017",16
3,"Parfitt, Brandan",6,3,5,11,2,0,0,5,0,1,0,1,1,1,0,3,10,0,2,0,0,0,65,85,"Geelong","2017",16
34,"Parsons, James",7,4,5,12,3,1,0,4,0,2,0,2,0,1,0,5,8,1,1,3,0,0,88,85,"Geelong","2017",16
14,"Selwood, Joel",13,4,11,24,0,1,0,9,1,4,7,2,6,1,0,13,11,0,1,3,0,1,67,85,"Geelong","2017",16
9,"Smith, Zac",7,2,11,18,1,0,18,3,0,3,4,3,4,1,0,8,9,1,1,2,0,0,70,85,"Geelong","2017",16
1,"Stanley, Rhys",13,9,3,16,1,0,15,3,1,2,2,5,1,0,0,4,12,1,3,2,0,0,80,85,"Geelong","2017",16
7,"Taylor, Harry",7,8,9,16,0,0,0,0,2,2,0,1,0,1,0,4,12,1,0,1,2,1,64,85,"Geelong","2017",16
2,"Tuohy, Zach",16,2,4,20,0,2,0,1,3,5,1,4,0,1,0,4,15,0,0,1,3,0,93,85,"Geelong","2017",16
0,"Rushed",0,0,0,0,0,3,0,0,0,0,0,0,0,0,0,0,0,0,0,0,0,0,0,85,"Geelong","2017",16
