"Number","Player","Kicks","Marks","Handballs","Disposals","Goals","Behinds","Hitouts","Tackles","Rebounds50s","Inside50s","Clearances","Clangers","FreesFor","FreesAgainst","BrownlowVotes","ContestedPossessions","UncontestedPossessions","ContestedMarks","MarksInside50","OnePercenters","Bounces","GoalAssists","PercentagePlayed","PointDifference","Team","Season","Round"
1,"Boak, Travis",8,6,12,20,1,1,0,6,2,0,2,4,0,2,0,5,16,0,1,1,0,0,74,-10,"Port Adelaide","2017",7
5,"Broadbent, Matthew",12,7,11,23,1,0,0,3,1,4,1,4,0,1,0,4,20,0,0,2,0,0,79,-10,"Port Adelaide","2017",7
33,"Byrne-Jones, Darcy",17,6,5,22,0,0,0,4,3,2,0,2,1,0,0,4,18,0,0,0,1,0,83,-10,"Port Adelaide","2017",7
17,"Clurey, Tom",13,8,0,13,0,0,0,0,5,0,0,0,0,0,0,3,10,2,0,7,0,0,87,-10,"Port Adelaide","2017",7
22,"Dixon, Charlie",10,10,12,22,3,1,0,5,0,3,1,0,1,0,0,14,8,6,3,3,0,1,93,-10,"Port Adelaide","2017",7
7,"Ebert, Brad",14,4,16,30,1,0,0,5,0,5,5,4,1,0,0,8,22,1,1,2,0,2,81,-10,"Port Adelaide","2017",7
9,"Gray, Robbie",3,1,12,15,0,0,0,1,0,2,4,5,0,1,0,8,7,0,0,2,0,0,92,-10,"Port Adelaide","2017",7
46,"Gray, Sam",10,2,5,15,1,3,0,0,0,3,0,2,1,2,0,4,12,0,0,0,4,0,86,-10,"Port Adelaide","2017",7
8,"Hartlett, Hamish",11,6,8,19,0,1,0,4,1,3,2,0,2,0,0,8,11,0,1,5,0,0,77,-10,"Port Adelaide","2017",7
36,"Hombsch, Jack",16,9,0,16,0,0,0,1,2,3,0,2,2,0,0,5,11,2,0,8,0,0,92,-10,"Port Adelaide","2017",7
43,"Houston, Dan",5,5,7,12,0,0,0,3,1,1,0,1,0,0,0,4,7,0,0,1,0,0,83,-10,"Port Adelaide","2017",7
24,"Impey, Jarman",5,5,10,15,2,0,0,1,0,1,0,0,0,0,0,5,11,0,1,1,2,0,64,-10,"Port Adelaide","2017",7
42,"Jonas, Tom",9,4,2,11,0,0,0,1,1,2,0,4,1,3,0,2,8,0,0,10,0,0,97,-10,"Port Adelaide","2017",7
29,"Pittard, Jasper",16,9,11,27,0,0,0,4,3,6,0,4,0,0,0,1,26,0,0,0,0,0,75,-10,"Port Adelaide","2017",7
21,"Polec, Jared",19,4,7,26,0,1,0,1,1,9,3,2,0,0,0,5,19,0,0,3,3,1,85,-10,"Port Adelaide","2017",7
2,"Powell-Pepper, Sam",4,3,6,10,0,1,0,6,0,1,2,1,1,0,0,7,4,0,1,0,0,0,60,-10,"Port Adelaide","2017",7
4,"Ryder, Paddy",13,7,7,20,1,0,42,2,0,6,6,1,4,1,1,17,4,5,1,5,0,0,90,-10,"Port Adelaide","2017",7
12,"Trengove, Jackson",6,6,9,15,0,1,6,3,1,2,3,5,2,4,0,6,9,1,1,3,0,0,79,-10,"Port Adelaide","2017",7
39,"Westhoff, Justin",14,6,7,21,1,0,0,2,2,4,2,3,0,1,0,8,14,2,1,2,0,1,78,-10,"Port Adelaide","2017",7
16,"Wines, Ollie",5,0,15,20,0,0,0,5,0,1,4,3,3,0,0,10,10,0,0,0,0,3,83,-10,"Port Adelaide","2017",7
20,"Wingard, Chad",25,7,9,34,1,2,0,3,0,9,8,3,1,1,0,13,19,0,1,0,1,0,85,-10,"Port Adelaide","2017",7
11,"Young, Aaron",6,3,9,15,0,1,0,2,0,1,1,2,0,0,0,5,10,0,0,3,0,1,76,-10,"Port Adelaide","2017",7
0,"Rushed",0,0,0,0,0,3,0,0,0,0,0,0,0,0,0,0,0,0,0,0,0,0,0,-10,"Port Adelaide","2017",7
37,"Barrass, Tom",8,9,11,19,0,0,0,2,2,0,0,1,1,0,0,8,11,4,0,6,0,0,94,10,"West Coast","2017",7
26,"Butler, Sam",8,4,4,12,0,0,0,1,2,1,1,1,1,0,0,5,7,0,0,3,0,0,77,10,"West Coast","2017",7
27,"Darling, Jack",9,4,1,10,2,1,0,2,0,3,0,2,0,0,0,5,5,0,1,2,0,2,87,10,"West Coast","2017",7
3,"Gaff, Andrew",19,4,6,25,0,0,0,1,4,2,3,5,0,1,0,6,19,0,0,0,1,0,91,10,"West Coast","2017",7
22,"Giles, Jonathan",3,0,1,4,0,0,18,2,2,1,2,8,1,5,0,3,1,0,0,2,0,0,61,10,"West Coast","2017",7
33,"Hill, Josh",5,2,6,11,2,0,0,2,0,2,0,2,1,1,0,4,7,0,0,0,1,2,81,10,"West Coast","2017",7
25,"Hurn, Shannon",13,5,6,19,0,0,0,5,7,3,1,2,1,1,0,8,8,2,0,0,0,0,87,10,"West Coast","2017",7
34,"Hutchings, Mark",8,3,4,12,0,0,0,2,0,2,3,2,0,1,0,6,6,1,0,0,0,0,77,10,"West Coast","2017",7
17,"Kennedy, Josh",12,9,4,16,2,3,0,0,0,3,0,3,1,2,0,9,7,4,2,3,0,0,100,10,"West Coast","2017",7
2,"LeCras, Mark",13,5,4,17,4,1,0,1,0,3,1,0,1,0,0,3,14,0,2,0,0,1,90,10,"West Coast","2017",7
7,"Masten, Chris",7,3,11,18,1,0,0,1,0,2,4,1,0,0,0,8,13,0,0,1,0,0,84,10,"West Coast","2017",7
20,"McGovern, Jeremy",7,3,3,10,0,0,0,2,6,0,0,3,1,0,0,3,6,0,0,8,0,0,86,10,"West Coast","2017",7
1,"Mitchell, Sam",14,3,6,20,0,0,0,4,3,1,3,2,2,0,0,11,10,0,0,1,0,0,84,10,"West Coast","2017",7
38,"Mutimer, Kurt",6,3,4,10,1,0,0,3,1,2,0,2,0,2,0,4,6,1,1,0,0,2,69,10,"West Coast","2017",7
11,"Priddis, Matt",10,3,16,26,0,0,0,3,1,6,9,3,1,0,2,16,10,0,0,0,0,1,79,10,"West Coast","2017",7
8,"Redden, Jack",4,4,8,12,0,0,0,7,2,1,1,3,0,1,0,5,7,1,0,0,0,1,73,10,"West Coast","2017",7
4,"Sheed, Dom",8,3,5,13,1,0,0,1,1,0,0,3,1,2,0,6,8,0,0,0,0,1,69,10,"West Coast","2017",7
5,"Sheppard, Brad",5,2,9,14,1,0,0,4,1,2,0,2,0,0,0,6,8,0,0,7,1,0,86,10,"West Coast","2017",7
13,"Shuey, Luke",18,10,8,26,0,1,0,6,6,3,4,6,2,3,0,9,20,0,1,0,2,0,80,10,"West Coast","2017",7
19,"Vardy, Nathan",2,1,4,6,0,0,12,5,0,0,0,2,0,0,0,5,1,1,0,3,0,1,70,10,"West Coast","2017",7
12,"Wellingham, Sharrod",13,7,10,23,0,0,0,1,5,1,0,2,0,1,0,10,12,2,0,3,0,0,87,10,"West Coast","2017",7
6,"Yeo, Elliot",20,10,7,27,1,0,0,3,5,1,3,4,2,0,3,16,12,1,0,2,0,0,87,10,"West Coast","2017",7
0,"Rushed",0,0,0,0,0,1,0,0,0,0,0,0,0,0,0,0,0,0,0,0,0,0,0,10,"West Coast","2017",7
