"Number","Player","Kicks","Marks","Handballs","Disposals","Goals","Behinds","Hitouts","Tackles","Rebounds50s","Inside50s","Clearances","Clangers","FreesFor","FreesAgainst","BrownlowVotes","ContestedPossessions","UncontestedPossessions","ContestedMarks","MarksInside50","OnePercenters","Bounces","GoalAssists","PercentagePlayed","PointDifference","Team","Season","Round"
18,"Atley, Shaun",8,2,8,16,2,0,0,3,1,5,0,3,0,1,0,2,15,0,0,1,0,0,70,-35,"North Melbourne","2017",11
50,"Brown, Ben",7,2,5,12,1,1,6,1,0,3,1,2,0,1,0,7,6,0,1,3,0,0,86,-35,"North Melbourne","2017",11
13,"Clarke, Ryan",6,3,15,21,0,0,0,2,0,2,2,3,1,0,0,9,11,0,0,2,0,1,65,-35,"North Melbourne","2017",11
10,"Cunnington, Ben",5,1,15,20,0,1,0,1,0,1,7,1,0,1,0,14,7,1,1,1,0,0,73,-35,"North Melbourne","2017",11
14,"Dumont, Trent",12,3,12,24,0,0,0,2,3,4,3,6,0,0,0,8,16,1,0,2,0,0,81,-35,"North Melbourne","2017",11
27,"Garner, Taylor",8,3,6,14,0,0,0,2,0,2,0,3,0,1,0,3,10,1,0,2,1,0,76,-35,"North Melbourne","2017",11
43,"Gibson, Sam",10,4,15,25,1,2,0,4,1,1,2,4,0,1,0,10,15,0,1,1,0,1,83,-35,"North Melbourne","2017",11
22,"Goldstein, Todd",5,0,9,14,0,0,33,4,0,3,1,2,0,0,0,4,10,0,0,2,0,1,87,-35,"North Melbourne","2017",11
6,"Hansen, Lachlan",6,4,8,14,1,0,0,2,1,1,0,4,0,2,0,6,8,0,1,1,0,0,86,-35,"North Melbourne","2017",11
4,"Higgins, Shaun",12,5,9,21,1,1,0,1,1,6,5,3,2,3,0,8,13,0,0,0,0,0,80,-35,"North Melbourne","2017",11
8,"Hrovat, Nathan",4,0,13,17,0,0,0,3,0,1,3,0,1,0,0,9,8,0,0,1,1,0,65,-35,"North Melbourne","2017",11
34,"Macmillan, Jamie",17,5,9,26,0,1,0,1,6,4,1,3,0,0,0,7,16,0,0,2,3,0,90,-35,"North Melbourne","2017",11
11,"McDonald, Luke",11,5,7,18,0,1,0,3,4,3,1,2,0,1,0,2,14,0,1,2,0,1,78,-35,"North Melbourne","2017",11
17,"Mullett, Aaron",9,2,12,21,0,0,0,1,3,0,1,3,1,1,0,4,13,0,0,2,0,0,87,-35,"North Melbourne","2017",11
25,"Tarrant, Robbie",15,8,9,24,0,0,0,2,5,2,2,5,3,2,0,9,16,1,0,2,0,0,95,-35,"North Melbourne","2017",11
16,"Thompson, Scott",9,4,9,18,0,0,0,3,7,0,0,4,1,0,0,7,8,0,0,7,0,0,85,-35,"North Melbourne","2017",11
28,"Turner, Kayne",4,3,5,9,0,1,0,3,0,1,0,1,2,0,0,7,4,2,0,2,0,1,78,-35,"North Melbourne","2017",11
33,"Vickers-Willis, Ed",7,2,5,12,0,0,0,2,4,1,0,1,0,1,0,1,11,0,0,8,0,0,91,-35,"North Melbourne","2017",11
30,"Waite, Jarrad",6,3,6,12,1,3,0,1,0,0,0,1,0,1,0,4,7,0,3,3,0,0,93,-35,"North Melbourne","2017",11
2,"Williams, Marley",5,2,13,18,0,0,0,2,2,0,0,1,1,0,0,6,13,0,0,1,0,1,85,-35,"North Melbourne","2017",11
32,"Wood, Mason",5,2,9,14,2,1,0,0,0,1,0,3,0,0,0,6,9,1,0,0,0,1,81,-35,"North Melbourne","2017",11
7,"Ziebell, Jack",16,0,8,24,0,0,0,5,2,5,2,7,2,1,0,11,14,0,0,0,0,1,86,-35,"North Melbourne","2017",11
0,"Totals",187,63,207,394,9,12,39,48,40,46,31,62,14,17,0,144,244,7,8,45,5,8,0,-35,"North Melbourne","2017",11
12,"Astbury, David",7,4,13,20,0,0,0,2,1,0,2,0,1,0,0,9,11,1,0,4,0,0,91,35,"Richmond","2017",11
29,"Bolton, Shai",5,5,6,11,0,1,0,1,0,3,0,1,0,1,0,5,7,1,0,0,1,0,76,35,"Richmond","2017",11
40,"Butler, Dan",9,4,4,13,2,1,0,1,0,4,0,4,2,1,0,5,8,0,2,0,0,1,76,35,"Richmond","2017",11
22,"Caddy, Josh",11,9,11,22,0,0,0,3,0,3,4,0,0,0,0,7,14,0,0,0,0,2,82,35,"Richmond","2017",11
46,"Castagna, Jason",7,3,1,8,1,0,0,2,0,0,0,2,0,0,0,3,5,0,2,0,0,0,74,35,"Richmond","2017",11
9,"Cotchin, Trent",17,5,15,32,1,1,0,12,2,5,8,4,0,1,2,12,19,1,0,2,2,0,84,35,"Richmond","2017",11
10,"Edwards, Shane",7,4,9,16,1,1,0,1,0,2,3,2,1,1,0,8,9,0,1,3,1,2,76,35,"Richmond","2017",11
5,"Ellis, Brandon",18,7,12,30,1,0,0,0,2,4,0,1,0,0,0,5,23,0,1,2,1,0,81,35,"Richmond","2017",11
6,"Grigg, Shaun",8,7,13,21,1,0,0,3,3,2,3,4,1,0,0,9,12,0,1,2,0,0,90,35,"Richmond","2017",11
2,"Grimes, Dylan",4,5,3,7,0,0,0,5,0,0,0,4,0,1,0,1,7,0,0,5,0,0,82,35,"Richmond","2017",11
14,"Houli, Bachar",17,7,14,31,0,0,0,7,2,3,1,3,1,0,1,9,23,1,0,6,0,1,89,35,"Richmond","2017",11
23,"Lambert, Kane",13,5,12,25,2,1,0,3,3,1,2,2,0,0,0,6,17,0,1,0,0,0,76,35,"Richmond","2017",11
27,"Lloyd, Sam",9,7,2,11,0,1,0,5,0,2,0,2,1,1,0,2,9,0,1,0,0,1,78,35,"Richmond","2017",11
4,"Martin, Dustin",25,8,13,38,2,1,0,6,0,9,9,6,5,1,3,15,23,2,0,1,2,1,82,35,"Richmond","2017",11
33,"McIntosh, Kamdyn",15,4,9,24,0,0,0,5,3,3,0,5,0,1,0,5,19,1,0,2,6,0,84,35,"Richmond","2017",11
37,"Menadue, Connor",5,4,9,14,0,1,0,1,1,0,0,3,1,0,0,3,12,1,1,1,0,0,69,35,"Richmond","2017",11
25,"Nankervis, Toby",4,3,10,14,0,0,26,3,0,2,3,3,1,0,0,7,6,2,0,3,0,0,89,35,"Richmond","2017",11
3,"Prestia, Dion",20,9,15,35,0,2,0,5,3,5,5,4,1,1,0,10,26,0,0,2,1,1,82,35,"Richmond","2017",11
18,"Rance, Alex",7,4,7,14,0,0,1,3,6,0,0,4,0,0,0,4,8,0,0,11,0,0,100,35,"Richmond","2017",11
8,"Riewoldt, Jack",15,10,6,21,2,2,1,2,1,7,1,6,2,3,0,9,11,2,3,1,0,1,93,35,"Richmond","2017",11
17,"Rioli, Daniel",9,4,3,12,1,1,0,4,2,2,0,3,0,1,0,3,9,1,2,1,0,0,73,35,"Richmond","2017",11
15,"Short, Jayden",12,2,2,14,0,0,0,1,2,1,0,2,0,1,0,2,11,0,0,0,1,0,72,35,"Richmond","2017",11
0,"Rushed",0,0,0,0,0,4,0,0,0,0,0,0,0,0,0,0,0,0,0,0,0,0,0,35,"Richmond","2017",11
