"Number","Player","Kicks","Marks","Handballs","Disposals","Goals","Behinds","Hitouts","Tackles","Rebounds50s","Inside50s","Clearances","Clangers","FreesFor","FreesAgainst","BrownlowVotes","ContestedPossessions","UncontestedPossessions","ContestedMarks","MarksInside50","OnePercenters","Bounces","GoalAssists","PercentagePlayed","PointDifference","Team","Season","Round"
3,"Anderson, Jed",4,1,5,9,0,0,0,2,0,0,0,1,0,0,0,5,5,0,0,2,0,0,68,-17,"North Melbourne","2017",13
18,"Atley, Shaun",10,3,10,20,0,0,0,2,1,8,0,1,2,0,0,3,16,1,0,0,1,3,87,-17,"North Melbourne","2017",13
50,"Brown, Ben",7,4,1,8,1,2,4,0,0,2,1,6,0,3,0,2,6,0,2,3,0,0,92,-17,"North Melbourne","2017",13
13,"Clarke, Ryan",9,0,10,19,2,0,0,0,0,2,2,2,1,1,0,5,14,0,0,0,0,0,68,-17,"North Melbourne","2017",13
10,"Cunnington, Ben",6,4,26,32,0,0,0,5,0,2,6,4,0,1,0,14,18,0,0,0,0,0,73,-17,"North Melbourne","2017",13
14,"Dumont, Trent",7,3,13,20,0,0,0,4,1,0,1,2,1,0,0,9,12,0,0,1,0,0,73,-17,"North Melbourne","2017",13
27,"Garner, Taylor",5,2,7,12,0,0,0,4,2,1,2,4,1,1,0,4,8,0,1,1,0,1,88,-17,"North Melbourne","2017",13
43,"Gibson, Sam",17,5,13,30,0,0,0,5,3,1,2,2,1,0,1,9,21,0,0,3,0,0,86,-17,"North Melbourne","2017",13
22,"Goldstein, Todd",2,2,15,17,1,0,33,0,0,0,6,1,2,0,0,11,6,1,1,4,0,1,88,-17,"North Melbourne","2017",13
6,"Hansen, Lachlan",8,8,4,12,0,0,0,3,1,0,0,2,0,1,0,1,11,0,0,7,0,0,96,-17,"North Melbourne","2017",13
4,"Higgins, Shaun",8,2,10,18,0,3,0,9,2,4,2,3,1,1,0,8,10,1,2,1,2,0,84,-17,"North Melbourne","2017",13
8,"Hrovat, Nathan",13,3,8,21,1,0,0,3,2,5,4,2,2,1,0,6,16,0,0,2,3,0,66,-17,"North Melbourne","2017",13
11,"McDonald, Luke",11,4,11,22,0,1,0,5,4,4,0,3,2,1,0,8,15,1,0,3,0,0,82,-17,"North Melbourne","2017",13
42,"Mountford, Declan",5,3,10,15,0,0,0,5,1,3,1,3,0,1,0,5,10,0,0,1,4,0,73,-17,"North Melbourne","2017",13
17,"Mullett, Aaron",9,3,6,15,1,0,0,1,4,3,1,1,0,0,0,3,10,0,0,3,1,0,79,-17,"North Melbourne","2017",13
25,"Tarrant, Robbie",10,7,3,13,0,1,0,4,4,2,0,0,1,0,0,5,8,2,0,3,0,0,94,-17,"North Melbourne","2017",13
16,"Thompson, Scott",5,6,9,14,0,0,0,1,2,0,0,4,1,3,0,4,10,1,0,4,1,0,88,-17,"North Melbourne","2017",13
28,"Turner, Kayne",4,3,5,9,1,0,0,4,1,3,0,3,0,2,0,3,6,0,1,1,0,0,75,-17,"North Melbourne","2017",13
30,"Waite, Jarrad",6,2,3,9,1,2,0,2,0,3,0,3,0,0,0,4,5,2,1,1,0,0,90,-17,"North Melbourne","2017",13
2,"Williams, Marley",5,3,19,24,0,0,0,2,3,2,2,3,0,0,0,9,14,0,0,5,1,1,86,-17,"North Melbourne","2017",13
32,"Wood, Mason",6,3,9,15,1,1,0,1,0,2,0,2,0,1,0,7,8,0,2,0,0,0,83,-17,"North Melbourne","2017",13
7,"Ziebell, Jack",17,5,7,24,1,0,0,7,2,3,3,8,2,2,0,14,14,1,0,1,0,0,82,-17,"North Melbourne","2017",13
0,"Rushed",0,0,0,0,0,2,0,0,0,0,0,0,0,0,0,0,0,0,0,0,0,0,0,-17,"North Melbourne","2017",13
8,"Acres, Blake",8,6,10,18,1,0,0,1,1,2,1,2,0,1,0,4,14,0,1,0,0,0,73,17,"St Kilda","2017",13
15,"Billings, Jack",11,4,7,18,2,4,0,8,1,4,1,3,1,1,0,8,10,0,1,1,0,0,89,17,"St Kilda","2017",13
22,"Brown, Nathan",0,2,6,6,0,0,0,2,1,0,0,1,0,0,0,2,3,0,0,6,0,0,92,17,"St Kilda","2017",13
27,"Bruce, Josh",6,7,5,11,2,0,2,2,0,1,0,1,2,1,0,5,6,2,3,1,0,0,90,17,"St Kilda","2017",13
2,"Carlisle, Jake",6,6,5,11,0,0,0,2,2,1,0,1,1,1,0,3,8,0,0,1,1,0,80,17,"St Kilda","2017",13
7,"Dunstan, Luke",7,4,11,18,0,1,0,6,1,2,3,0,0,0,0,8,10,0,2,0,2,1,65,17,"St Kilda","2017",13
14,"Geary, Jarryn",11,3,10,21,0,0,0,2,2,1,2,3,0,0,0,8,13,0,0,3,0,0,85,17,"St Kilda","2017",13
19,"Gilbert, Sam",10,4,4,14,0,0,0,5,5,3,0,5,0,0,0,4,10,1,0,4,0,1,90,17,"St Kilda","2017",13
4,"Gresham, Jade",10,2,9,19,1,3,0,5,0,5,2,4,1,1,0,11,9,1,1,1,2,1,73,17,"St Kilda","2017",13
18,"Longer, Billy",0,2,6,6,0,0,30,0,0,0,0,4,0,2,0,1,4,0,0,2,0,0,88,17,"St Kilda","2017",13
13,"Lonie, Jack",10,2,7,17,0,2,0,1,0,1,3,3,2,1,0,9,9,0,0,1,0,0,69,17,"St Kilda","2017",13
28,"Membrey, Tim",11,6,2,13,2,1,0,1,0,4,0,0,2,0,0,6,8,1,2,4,0,1,85,17,"St Kilda","2017",13
11,"Montagna, Leigh",21,7,7,28,0,0,0,3,5,4,0,3,1,0,0,4,24,0,0,3,0,0,89,17,"St Kilda","2017",13
16,"Newnes, Jack",14,5,9,23,0,0,0,3,2,6,1,4,1,3,0,5,18,0,0,0,0,1,89,17,"St Kilda","2017",13
12,"Riewoldt, Nick",11,11,10,21,0,3,0,5,1,1,1,3,0,1,0,6,15,3,3,2,0,1,90,17,"St Kilda","2017",13
17,"Roberton, Dylan",18,8,4,22,1,0,0,2,7,4,0,0,1,0,2,4,14,0,0,0,0,0,88,17,"St Kilda","2017",13
6,"Ross, Sebastian",13,5,19,32,0,0,0,6,2,4,5,2,2,1,3,11,21,0,0,4,0,1,89,17,"St Kilda","2017",13
35,"Sinclair, Jack",9,2,12,21,1,0,0,3,1,5,5,1,0,1,0,11,10,0,0,1,1,0,77,17,"St Kilda","2017",13
3,"Steven, Jack",7,0,9,16,2,0,0,4,0,3,2,2,1,1,0,9,6,0,0,1,0,1,79,17,"St Kilda","2017",13
25,"Stevens, Koby",4,4,10,14,0,1,0,7,0,2,1,1,3,1,0,4,11,0,0,0,0,0,73,17,"St Kilda","2017",13
29,"Webster, Jimmy",9,4,7,16,0,0,0,1,3,0,3,1,1,0,0,5,12,0,0,4,1,0,77,17,"St Kilda","2017",13
44,"Weller, Maverick",10,7,6,16,0,1,0,3,3,3,0,4,0,1,0,4,12,0,1,2,1,1,71,17,"St Kilda","2017",13
0,"Rushed",0,0,0,0,0,1,0,0,0,0,0,0,0,0,0,0,0,0,0,0,0,0,0,17,"St Kilda","2017",13
