"Number","Player","Kicks","Marks","Handballs","Disposals","Goals","Behinds","Hitouts","Tackles","Rebounds50s","Inside50s","Clearances","Clangers","FreesFor","FreesAgainst","BrownlowVotes","ContestedPossessions","UncontestedPossessions","ContestedMarks","MarksInside50","OnePercenters","Bounces","GoalAssists","PercentagePlayed","PointDifference","Team","Season","Round"
21,"Atkins, Rory",11,6,14,25,0,0,0,5,1,5,2,4,0,0,0,8,17,0,0,0,0,0,81,57,"Adelaide","2017",12
1,"Beech, Jonathon",7,4,8,15,1,0,0,4,0,2,0,2,1,0,0,4,11,0,0,0,0,0,76,57,"Adelaide","2017",12
18,"Betts, Eddie",7,4,4,11,2,1,0,3,0,1,0,3,1,0,0,5,7,0,2,2,0,1,89,57,"Adelaide","2017",12
23,"Cameron, Charlie",6,2,7,13,0,2,0,3,1,3,1,2,0,0,0,6,8,0,1,0,5,0,77,57,"Adelaide","2017",12
2,"Crouch, Brad",9,1,15,24,0,1,0,8,0,4,7,4,2,0,0,13,10,1,0,1,0,1,75,57,"Adelaide","2017",12
44,"Crouch, Matt",10,2,19,29,0,1,0,2,3,3,1,2,0,0,0,10,20,0,0,1,0,0,78,57,"Adelaide","2017",12
26,"Douglas, Richard",12,3,16,28,0,0,0,4,1,2,6,5,1,1,0,11,19,0,0,0,0,0,69,57,"Adelaide","2017",12
20,"Greenwood, Hugh",6,1,11,17,0,0,0,3,1,1,5,4,0,2,0,16,3,0,0,1,0,0,59,57,"Adelaide","2017",12
15,"Hartigan, Kyle",9,6,7,16,0,0,0,2,1,1,0,2,1,2,0,6,10,1,0,9,0,0,88,57,"Adelaide","2017",12
24,"Jacobs, Sam",11,5,14,25,0,0,37,3,2,3,5,6,1,3,3,8,16,1,0,1,0,1,86,57,"Adelaide","2017",12
4,"Jenkins, Josh",12,8,2,14,3,3,5,2,0,2,0,3,3,0,0,9,6,3,4,0,2,1,91,57,"Adelaide","2017",12
8,"Kelly, Jake",9,4,9,18,0,0,0,0,4,3,1,3,1,1,0,5,13,0,0,1,0,0,78,57,"Adelaide","2017",12
3,"Knight, Riley",3,3,9,12,0,0,0,3,0,1,0,2,0,1,0,1,11,0,0,0,0,0,79,57,"Adelaide","2017",12
29,"Laird, Rory",15,4,19,34,0,0,0,5,6,2,0,1,3,1,2,11,21,1,0,1,0,0,88,57,"Adelaide","2017",12
6,"Lever, Jake",15,6,5,20,0,0,0,2,2,4,0,2,1,1,0,2,17,0,0,5,0,0,81,57,"Adelaide","2017",12
27,"Lynch, Tom",17,8,5,22,3,1,0,2,0,5,2,3,3,0,1,10,13,2,2,0,2,1,92,57,"Adelaide","2017",12
30,"Milera, Wayne",9,3,5,14,1,0,0,4,2,3,2,2,0,0,0,4,11,1,1,2,2,0,81,57,"Adelaide","2017",12
22,"Otten, Andy",7,4,2,9,1,1,0,1,2,0,0,2,0,0,0,5,4,1,2,3,0,0,86,57,"Adelaide","2017",12
9,"Sloane, Rory",7,1,7,14,1,0,0,4,1,3,4,1,5,1,0,8,5,0,0,1,0,0,84,57,"Adelaide","2017",12
33,"Smith, Brodie",13,6,13,26,1,0,0,0,4,7,1,2,1,0,0,7,19,0,0,1,3,0,83,57,"Adelaide","2017",12
12,"Talia, Daniel",5,4,9,14,0,0,0,3,1,0,0,2,1,2,0,6,7,1,0,16,0,0,90,57,"Adelaide","2017",12
13,"Walker, Taylor",13,7,5,18,3,2,0,0,0,6,0,0,2,0,0,4,11,1,1,0,0,1,89,57,"Adelaide","2017",12
0,"Rushed",0,0,0,0,0,3,0,0,0,0,0,0,0,0,0,0,0,0,0,0,0,0,0,57,"Adelaide","2017",12
8,"Acres, Blake",6,2,9,15,0,2,0,2,1,3,0,2,0,1,0,4,11,0,1,1,0,0,82,-57,"St Kilda","2017",12
15,"Billings, Jack",10,3,15,25,1,1,0,2,1,6,2,1,2,0,0,13,13,1,1,1,0,0,86,-57,"St Kilda","2017",12
22,"Brown, Nathan",3,0,8,11,0,0,0,0,1,1,0,3,0,2,0,5,4,0,0,6,0,1,80,-57,"St Kilda","2017",12
27,"Bruce, Josh",11,7,2,13,4,1,1,2,2,1,1,1,1,1,0,4,10,1,5,1,0,1,75,-57,"St Kilda","2017",12
2,"Carlisle, Jake",3,2,2,5,0,0,0,0,0,1,0,1,1,1,0,3,2,0,0,7,0,0,85,-57,"St Kilda","2017",12
14,"Geary, Jarryn",5,4,15,20,0,0,0,3,1,0,0,3,0,1,0,11,10,3,0,4,0,0,89,-57,"St Kilda","2017",12
19,"Gilbert, Sam",12,6,7,19,0,0,0,1,3,4,0,3,0,1,0,6,9,2,0,2,0,1,86,-57,"St Kilda","2017",12
4,"Gresham, Jade",5,1,9,14,0,0,0,4,0,1,1,2,2,1,0,9,6,1,0,0,0,0,82,-57,"St Kilda","2017",12
18,"Longer, Billy",1,2,15,16,0,0,33,3,0,0,5,5,3,1,0,11,4,1,0,2,0,0,84,-57,"St Kilda","2017",12
32,"McCartin, Paddy",10,5,5,15,1,1,0,2,0,2,0,7,2,2,0,8,7,1,2,2,0,0,85,-57,"St Kilda","2017",12
28,"Membrey, Tim",5,3,5,10,0,0,0,1,0,1,0,1,1,1,0,2,8,0,0,0,0,0,85,-57,"St Kilda","2017",12
11,"Montagna, Leigh",10,5,10,20,0,0,0,4,3,3,1,2,0,2,0,6,14,0,0,0,1,0,86,-57,"St Kilda","2017",12
16,"Newnes, Jack",15,7,13,28,0,0,0,6,4,6,3,3,0,1,0,10,19,2,0,2,0,1,85,-57,"St Kilda","2017",12
17,"Roberton, Dylan",19,4,6,25,0,0,0,0,9,1,0,1,0,1,0,3,18,0,0,1,0,0,88,-57,"St Kilda","2017",12
6,"Ross, Sebastian",17,4,22,39,0,0,0,3,4,3,6,8,0,2,0,10,28,1,0,2,0,0,81,-57,"St Kilda","2017",12
35,"Sinclair, Jack",12,4,13,25,0,2,0,1,3,0,1,2,0,0,0,8,18,0,0,1,0,0,82,-57,"St Kilda","2017",12
9,"Steele, Jack",5,3,10,15,0,0,0,4,0,0,4,1,0,1,0,9,6,1,0,1,0,0,64,-57,"St Kilda","2017",12
3,"Steven, Jack",16,2,17,33,0,2,0,3,1,4,7,4,0,0,0,13,20,0,0,0,0,0,80,-57,"St Kilda","2017",12
25,"Stevens, Koby",7,5,11,18,1,1,0,5,2,1,3,8,0,6,0,4,13,1,2,0,0,0,84,-57,"St Kilda","2017",12
29,"Webster, Jimmy",12,4,10,22,0,0,0,5,3,3,0,1,1,0,0,5,16,0,0,4,0,1,83,-57,"St Kilda","2017",12
44,"Weller, Maverick",9,4,8,17,0,2,0,7,0,3,1,4,1,2,0,8,9,2,2,2,0,0,83,-57,"St Kilda","2017",12
34,"Wright, Nathan",1,1,7,8,0,0,0,2,0,1,0,2,1,0,0,2,7,0,0,3,0,0,63,-57,"St Kilda","2017",12
0,"Totals",194,78,219,413,7,12,34,60,38,45,35,65,15,27,0,154,252,17,13,42,1,5,0,-57,"St Kilda","2017",12
