"Number","Player","Kicks","Marks","Handballs","Disposals","Goals","Behinds","Hitouts","Tackles","Rebounds50s","Inside50s","Clearances","Clangers","FreesFor","FreesAgainst","BrownlowVotes","ContestedPossessions","UncontestedPossessions","ContestedMarks","MarksInside50","OnePercenters","Bounces","GoalAssists","PercentagePlayed","PointDifference","Team","Season","Round"
24,"Bews, Jed",3,2,3,6,0,0,0,6,1,2,0,2,0,2,0,1,4,1,0,4,0,0,76,23,"Geelong","2017",9
46,"Blicavs, Mark",7,2,11,18,1,0,12,4,1,3,1,3,0,1,0,8,10,1,0,3,0,0,82,23,"Geelong","2017",9
5,"Cockatoo, Nakia",2,0,1,3,0,0,0,2,1,1,0,2,0,0,0,2,1,0,0,1,0,1,14,23,"Geelong","2017",9
35,"Dangerfield, Patrick",13,1,23,36,4,0,0,12,0,6,10,4,2,2,3,20,16,0,1,0,2,1,82,23,"Geelong","2017",9
22,"Duncan, Mitch",13,7,18,31,0,2,0,18,3,4,6,3,2,1,2,9,22,1,0,1,0,1,75,23,"Geelong","2017",9
26,"Hawkins, Tom",8,3,7,15,1,0,0,4,0,2,0,2,2,2,0,7,8,2,0,2,0,3,96,23,"Geelong","2017",9
25,"Henderson, Lachie",6,5,5,11,0,0,0,1,3,1,1,0,0,0,0,6,5,0,0,3,0,0,98,23,"Geelong","2017",9
8,"Kolodjashnij, Jake",10,5,4,14,0,1,0,4,4,1,1,0,2,0,0,5,10,1,0,4,0,0,82,23,"Geelong","2017",9
13,"Lonergan, Tom",6,2,4,10,0,0,0,5,0,0,0,1,3,1,0,6,3,1,0,2,0,0,92,23,"Geelong","2017",9
4,"Mackie, Andrew",14,3,11,25,0,0,0,2,4,5,0,6,0,1,0,6,18,0,0,2,0,0,84,23,"Geelong","2017",9
27,"Menegola, Sam",9,5,12,21,0,1,0,7,1,1,2,4,0,1,0,11,14,2,0,1,0,0,89,23,"Geelong","2017",9
10,"Menzel, Daniel",3,1,3,6,2,0,0,3,0,1,0,2,0,2,0,3,3,0,1,1,0,0,93,23,"Geelong","2017",9
32,"Motlop, Steven",10,7,8,18,0,1,0,3,1,2,1,4,0,1,0,6,12,1,0,1,1,0,81,23,"Geelong","2017",9
21,"Murdoch, Jordan",10,5,7,17,0,0,0,8,2,2,1,4,0,0,0,6,12,1,0,2,0,0,84,23,"Geelong","2017",9
42,"OConnor, Mark",3,4,9,12,0,0,0,3,0,0,0,4,0,1,0,2,12,0,0,1,0,0,62,23,"Geelong","2017",9
34,"Parsons, James",4,1,10,14,0,0,0,5,0,1,0,3,0,0,0,5,9,0,0,0,1,0,91,23,"Geelong","2017",9
14,"Selwood, Joel",14,4,15,29,1,0,0,8,0,6,11,6,3,3,0,20,9,1,0,1,1,1,83,23,"Geelong","2017",9
16,"Selwood, Scott",8,1,9,17,1,0,0,17,0,2,2,2,0,0,0,5,12,0,1,1,0,1,73,23,"Geelong","2017",9
9,"Smith, Zac",9,1,16,25,0,0,48,10,3,4,8,3,1,1,0,14,9,0,0,1,0,0,86,23,"Geelong","2017",9
44,"Stewart, Tom",8,4,4,12,0,0,0,4,4,2,0,2,0,1,0,2,9,0,0,4,0,0,87,23,"Geelong","2017",9
7,"Taylor, Harry",9,5,4,13,5,1,0,5,0,1,0,1,1,1,1,7,7,1,4,3,0,0,91,23,"Geelong","2017",9
2,"Tuohy, Zach",17,1,11,28,1,0,0,3,4,7,2,3,1,0,0,11,15,0,0,0,0,1,98,23,"Geelong","2017",9
0,"Rushed",0,0,0,0,0,2,0,0,0,0,0,0,0,0,0,0,0,0,0,0,0,0,0,23,"Geelong","2017",9
25,"Adams, Marcus",8,4,7,15,0,0,0,5,3,0,0,2,0,2,0,6,11,0,0,9,0,0,100,-23,"Western Bulldogs","2017",9
4,"Bontempelli, Marcus",8,2,11,19,0,3,0,6,1,4,3,5,3,3,0,14,7,0,1,2,0,1,86,-23,"Western Bulldogs","2017",9
17,"Boyd, Tom",8,4,12,20,2,1,33,3,3,1,5,3,2,1,0,12,8,1,3,1,0,0,87,-23,"Western Bulldogs","2017",9
13,"Cloke, Travis",7,3,4,11,1,0,9,4,1,3,1,3,0,1,0,3,9,0,0,0,0,0,70,-23,"Western Bulldogs","2017",9
6,"Dahlhaus, Luke",8,2,15,23,0,0,0,9,1,4,2,2,1,2,0,8,14,0,0,2,0,0,82,-23,"Western Bulldogs","2017",9
31,"Dale, Bailey",8,2,8,16,0,0,0,5,0,4,3,0,1,0,0,7,10,1,0,0,0,2,77,-23,"Western Bulldogs","2017",9
35,"Daniel, Caleb",13,5,15,28,0,0,0,4,2,4,2,4,1,1,0,10,17,0,0,1,0,0,81,-23,"Western Bulldogs","2017",9
29,"Dickson, Tory",7,6,4,11,2,0,0,7,0,2,0,1,1,0,0,3,8,0,3,0,0,0,74,-23,"Western Bulldogs","2017",9
7,"Hunter, Lachie",6,1,7,13,0,0,0,3,1,0,1,2,0,0,0,4,9,0,0,2,0,0,86,-23,"Western Bulldogs","2017",9
39,"Johannisen, Jason",15,1,9,24,0,1,0,7,3,4,0,3,1,0,0,5,17,0,0,2,0,0,86,-23,"Western Bulldogs","2017",9
46,"Jong, Lin",12,0,12,24,0,0,1,6,2,4,2,1,1,0,0,9,14,0,0,3,1,0,81,-23,"Western Bulldogs","2017",9
11,"Macrae, Jack",7,2,16,23,0,0,0,5,0,1,4,3,0,1,0,10,15,0,0,2,0,0,85,-23,"Western Bulldogs","2017",9
38,"Morris, Dale",2,2,6,8,0,0,0,2,1,0,0,0,1,0,0,3,5,0,0,6,0,0,96,-23,"Western Bulldogs","2017",9
2,"Murphy, Robert",14,4,11,25,0,0,0,3,5,2,1,3,0,1,0,9,15,0,0,0,5,0,84,-23,"Western Bulldogs","2017",9
42,"Picken, Liam",4,4,16,20,0,0,0,7,1,0,0,2,0,0,0,6,14,1,0,2,0,0,76,-23,"Western Bulldogs","2017",9
43,"Redpath, Jack",6,4,1,7,2,1,0,1,0,2,0,2,0,2,0,1,6,0,2,4,0,1,80,-23,"Western Bulldogs","2017",9
14,"Smith, Clay",8,2,5,13,2,0,0,7,1,1,0,3,1,0,0,3,9,0,2,2,0,0,77,-23,"Western Bulldogs","2017",9
1,"Suckling, Matt",7,0,5,12,0,0,0,5,0,3,2,1,1,0,0,4,5,0,0,3,0,1,75,-23,"Western Bulldogs","2017",9
3,"Wallis, Mitch",8,0,18,26,2,0,0,6,1,3,12,1,4,1,0,20,8,0,0,3,0,1,77,-23,"Western Bulldogs","2017",9
19,"Webb, Lukas",5,0,7,12,1,0,0,6,0,2,1,3,1,1,0,5,7,0,0,1,0,1,77,-23,"Western Bulldogs","2017",9
34,"Williams, Bailey",9,2,10,19,0,1,0,2,3,2,0,3,0,0,0,4,15,0,0,1,0,0,72,-23,"Western Bulldogs","2017",9
10,"Wood, Easton",12,7,8,20,0,0,0,1,5,2,0,4,2,1,0,12,8,3,0,5,0,1,90,-23,"Western Bulldogs","2017",9
0,"Rushed",0,0,0,0,0,2,0,0,0,0,0,0,0,0,0,0,0,0,0,0,0,0,0,-23,"Western Bulldogs","2017",9
