"Number","Player","Kicks","Marks","Handballs","Disposals","Goals","Behinds","Hitouts","Tackles","Rebounds50s","Inside50s","Clearances","Clangers","FreesFor","FreesAgainst","BrownlowVotes","ContestedPossessions","UncontestedPossessions","ContestedMarks","MarksInside50","OnePercenters","Bounces","GoalAssists","PercentagePlayed","PointDifference","Team","Season","Round"
32,"Bugg, Tomas",11,5,6,17,0,3,0,2,0,3,0,3,1,0,0,10,9,1,3,4,0,1,78,35,"Melbourne","2017",10
17,"Frost, Sam",4,1,7,11,0,0,0,4,1,0,0,2,3,2,0,6,7,0,0,5,0,0,96,35,"Melbourne","2017",10
67,"Garlett, Jeff",18,8,6,24,5,4,0,4,0,5,0,4,1,1,2,6,19,0,4,0,4,1,91,35,"Melbourne","2017",10
19,"Hannan, Mitch",10,4,8,18,3,1,0,1,0,4,1,2,1,0,0,8,9,1,1,0,0,0,74,35,"Melbourne","2017",10
43,"Harmes, James",10,3,6,16,3,0,0,2,1,2,0,4,0,3,0,5,13,1,2,3,0,1,76,35,"Melbourne","2017",10
14,"Hibberd, Michael",21,7,7,28,0,0,0,0,8,6,3,1,0,0,0,5,21,0,0,4,0,0,81,35,"Melbourne","2017",10
29,"Hunt, Jayden",7,5,10,17,0,0,0,1,1,2,1,2,0,0,0,5,14,0,0,3,5,0,82,35,"Melbourne","2017",10
50,"Jetta, Neville",7,4,5,12,0,0,0,4,0,1,0,2,1,0,0,4,9,0,0,6,0,0,83,35,"Melbourne","2017",10
2,"Jones, Nathan",12,6,15,27,3,1,0,5,0,5,3,1,0,0,3,10,18,0,2,0,0,2,78,35,"Melbourne","2017",10
6,"Lewis, Jordan",16,7,13,29,0,1,0,2,3,3,3,4,1,0,0,10,19,1,0,3,0,0,88,35,"Melbourne","2017",10
28,"McDonald, Oscar",10,6,3,13,0,0,0,1,2,2,0,1,1,0,0,2,11,1,0,11,0,0,93,35,"Melbourne","2017",10
25,"McDonald, Tom",5,4,7,12,0,0,7,3,1,2,1,5,0,1,0,4,8,0,1,5,0,0,91,35,"Melbourne","2017",10
18,"Melksham, Jake",15,6,17,32,0,0,0,5,1,7,3,1,0,0,0,11,20,0,0,0,0,0,80,35,"Melbourne","2017",10
30,"Neal-Bullen, Alex",14,2,3,17,1,0,0,4,1,6,0,1,0,0,0,4,13,1,1,0,1,3,80,35,"Melbourne","2017",10
13,"Oliver, Clayton",7,3,28,35,0,1,0,3,3,2,11,5,1,2,0,21,15,0,1,0,0,0,71,35,"Melbourne","2017",10
21,"Pedersen, Cameron",8,9,11,19,0,0,7,5,0,5,0,1,0,1,0,5,14,1,0,4,0,0,87,35,"Melbourne","2017",10
5,"Petracca, Christian",8,2,7,15,1,1,0,6,1,2,1,4,0,1,0,7,8,0,1,1,0,1,74,35,"Melbourne","2017",10
12,"Tyson, Dom",17,3,11,28,1,0,0,3,0,7,4,6,0,1,0,10,19,0,0,2,0,0,77,35,"Melbourne","2017",10
23,"Vince, Bernie",14,4,3,17,0,0,0,2,1,0,0,0,0,0,0,4,13,0,0,4,1,0,82,35,"Melbourne","2017",10
7,"Viney, Jack",6,2,17,23,0,0,0,11,0,2,5,3,2,2,0,14,12,0,0,4,0,0,75,35,"Melbourne","2017",10
42,"Wagner, Josh",7,5,6,13,0,0,0,2,0,2,0,2,1,0,0,6,7,3,0,0,0,0,82,35,"Melbourne","2017",10
4,"Watts, Jack",12,8,8,20,1,2,2,3,0,3,1,2,1,0,0,8,12,2,2,1,0,3,78,35,"Melbourne","2017",10
0,"Totals",239,104,204,443,18,14,16,73,24,71,37,56,14,14,5,165,290,12,18,60,11,12,0,35,"Melbourne","2017",10
20,"Barlow, Michael",10,3,14,24,2,0,0,3,1,3,1,4,2,0,0,5,19,0,0,3,0,0,90,-35,"Gold Coast","2017",10
41,"Brodie, Will",3,1,6,9,0,0,0,5,0,0,4,3,1,1,0,5,4,0,0,0,0,0,63,-35,"Gold Coast","2017",10
8,"Fiorini, Brayden",4,2,13,17,0,0,0,3,1,1,0,2,1,0,0,5,13,0,0,0,0,1,80,-35,"Gold Coast","2017",10
33,"Hall, Aaron",19,7,10,29,1,1,0,3,3,7,5,5,0,0,1,10,19,1,2,0,2,1,81,-35,"Gold Coast","2017",10
1,"Hanley, Pearce",4,2,4,8,0,0,0,1,1,1,1,0,0,0,0,1,9,0,0,0,0,1,67,-35,"Gold Coast","2017",10
5,"Harbrow, Jarrod",13,2,10,23,0,0,0,3,3,1,1,4,1,0,0,9,12,1,0,1,1,0,89,-35,"Gold Coast","2017",10
38,"Joyce, Jesse",6,4,8,14,0,0,0,2,2,0,1,1,1,1,0,6,9,2,0,2,0,0,87,-35,"Gold Coast","2017",10
10,"Kolodjashnij, Kade",12,6,6,18,1,0,0,1,6,0,0,2,0,0,0,5,14,1,1,4,0,0,83,-35,"Gold Coast","2017",10
23,"Lemmens, Sean",3,1,9,12,1,0,0,4,1,0,0,3,0,1,0,5,6,0,0,0,0,0,74,-35,"Gold Coast","2017",10
21,"Leslie, Jack",7,8,8,15,0,0,0,2,5,2,0,5,0,1,0,10,5,5,0,9,0,0,96,-35,"Gold Coast","2017",10
50,"Lynch, Tom",6,3,10,16,2,0,0,3,0,2,0,3,4,3,0,14,4,2,1,3,0,1,96,-35,"Gold Coast","2017",10
25,"Lyons, Jarryd",11,1,10,21,0,0,0,2,4,2,9,5,1,0,0,13,8,0,0,0,0,1,75,-35,"Gold Coast","2017",10
4,"Martin, Jack",8,4,10,18,0,1,0,3,1,2,2,4,0,1,0,9,10,2,1,1,0,0,81,-35,"Gold Coast","2017",10
32,"Matera, Brandon",18,7,2,20,3,4,0,1,1,5,1,2,0,0,0,5,15,1,0,0,1,1,79,-35,"Gold Coast","2017",10
67,"May, Steven",15,5,5,20,0,0,0,2,8,1,0,4,0,2,0,4,12,1,0,5,1,0,94,-35,"Gold Coast","2017",10
11,"Miller, Touk",2,2,17,19,0,0,0,2,1,0,3,3,0,0,0,12,7,0,0,1,0,0,79,-35,"Gold Coast","2017",10
42,"Saad, Adam",10,4,10,20,0,0,0,3,4,3,0,2,0,0,0,3,15,0,0,2,5,0,83,-35,"Gold Coast","2017",10
40,"Scheer, Brad",4,3,6,10,0,1,0,3,1,0,0,0,1,0,0,3,7,0,1,2,0,0,67,-35,"Gold Coast","2017",10
6,"Sexton, Alex",7,4,9,16,1,0,0,1,1,1,2,2,0,1,0,6,10,1,1,1,0,0,84,-35,"Gold Coast","2017",10
24,"Swallow, David",11,2,10,21,0,0,0,5,3,3,3,4,1,1,0,10,12,0,0,2,0,1,78,-35,"Gold Coast","2017",10
28,"Witts, Jarrod",5,3,8,13,0,0,51,2,3,2,2,3,1,1,0,5,8,0,0,3,0,1,86,-35,"Gold Coast","2017",10
30,"Wright, Peter",7,6,2,9,2,1,3,1,0,4,0,2,0,1,0,4,7,2,2,2,0,0,88,-35,"Gold Coast","2017",10
0,"Rushed",0,0,0,0,0,1,0,0,0,0,0,0,0,0,0,0,0,0,0,0,0,0,0,-35,"Gold Coast","2017",10
