"Number","Player","Kicks","Marks","Handballs","Disposals","Goals","Behinds","Hitouts","Tackles","Rebounds50s","Inside50s","Clearances","Clangers","FreesFor","FreesAgainst","BrownlowVotes","ContestedPossessions","UncontestedPossessions","ContestedMarks","MarksInside50","OnePercenters","Bounces","GoalAssists","PercentagePlayed","PointDifference","Team","Season","Round"
31,"Andrews, Harris",9,7,6,15,1,0,1,2,3,0,0,4,1,2,0,5,11,2,1,5,0,0,96,-27,"Brisbane Lions","2017",2
43,"Barrett, Jake",5,3,6,11,0,0,0,7,0,2,0,0,1,0,0,2,11,0,0,0,0,0,80,-27,"Brisbane Lions","2017",2
4,"Bastinac, Ryan",6,2,10,16,0,0,0,0,1,1,1,4,0,1,0,9,7,0,0,2,0,1,73,-27,"Brisbane Lions","2017",2
9,"Beams, Dayne",19,2,14,33,2,1,0,2,4,5,1,3,1,0,0,11,20,0,1,1,0,0,89,-27,"Brisbane Lions","2017",2
7,"Bell, Tom",12,6,3,15,0,1,0,1,0,5,0,4,2,3,0,7,9,1,1,0,0,0,76,-27,"Brisbane Lions","2017",2
8,"Bewick, Rohan",5,3,10,15,0,0,0,0,1,0,0,1,0,1,0,4,12,0,0,1,0,0,85,-27,"Brisbane Lions","2017",2
33,"Close, Michael",5,1,3,8,2,0,0,3,0,1,0,2,3,2,0,8,1,1,1,2,0,1,77,-27,"Brisbane Lions","2017",2
26,"Cutler, Tom",13,3,7,20,0,0,0,4,6,3,1,4,2,0,0,5,13,0,0,2,0,0,86,-27,"Brisbane Lions","2017",2
45,"Frost, Jack",2,1,4,6,0,0,0,1,2,0,0,0,1,0,0,4,3,0,0,6,0,0,82,-27,"Brisbane Lions","2017",2
27,"Gardiner, Darcy",5,4,9,14,0,0,0,0,3,1,0,3,0,1,0,5,9,1,0,3,1,0,84,-27,"Brisbane Lions","2017",2
2,"Harwood, Ryan",2,2,5,7,0,0,0,2,0,0,0,2,0,1,0,1,6,0,0,2,0,1,79,-27,"Brisbane Lions","2017",2
30,"Hipwood, Eric",7,5,1,8,2,2,0,1,0,1,0,4,0,2,0,5,4,3,4,1,1,0,84,-27,"Brisbane Lions","2017",2
35,"Lester, Ryan",14,3,6,20,1,0,0,3,3,5,4,3,1,2,0,10,10,0,1,1,0,1,85,-27,"Brisbane Lions","2017",2
12,"Martin, Stefan",12,5,11,23,0,0,42,2,1,8,8,4,4,2,1,13,10,1,0,3,0,0,90,-27,"Brisbane Lions","2017",2
32,"Mayes, Sam",10,4,11,21,0,0,0,1,1,1,2,1,0,1,0,5,15,0,1,4,0,0,83,-27,"Brisbane Lions","2017",2
25,"McStay, Daniel",4,2,3,7,0,0,0,1,1,1,0,2,2,0,0,5,2,1,0,1,0,1,72,-27,"Brisbane Lions","2017",2
10,"Rich, Daniel",6,1,8,14,1,0,0,1,2,0,1,3,1,0,0,7,6,1,0,0,0,0,70,-27,"Brisbane Lions","2017",2
18,"Robertson, Nick",6,3,9,15,0,0,0,3,1,1,0,5,0,4,0,7,8,1,0,3,0,1,87,-27,"Brisbane Lions","2017",2
5,"Robinson, Mitch",16,5,10,26,1,1,0,2,1,3,5,4,1,1,0,8,15,0,0,0,0,1,86,-27,"Brisbane Lions","2017",2
38,"Rockliff, Tom",13,5,15,28,0,0,1,11,1,5,11,2,0,2,0,12,15,0,0,2,0,0,76,-27,"Brisbane Lions","2017",2
28,"Taylor, Lewis",15,6,5,20,1,3,0,2,1,7,1,2,2,0,0,7,13,0,1,0,0,0,84,-27,"Brisbane Lions","2017",2
15,"Zorko, Dayne",20,3,9,29,1,2,0,4,2,5,6,7,3,2,0,9,18,0,0,3,2,1,75,-27,"Brisbane Lions","2017",2
0,"Rushed",0,0,0,0,0,2,0,0,0,0,0,0,0,0,0,0,0,0,0,0,0,0,0,-27,"Brisbane Lions","2017",2
29,"Ambrose, Patrick",8,4,4,12,0,0,0,3,2,1,1,1,1,0,0,5,7,0,0,5,0,0,89,27,"Essendon","2017",2
12,"Baguley, Mark",13,9,3,16,0,0,0,2,2,3,0,1,0,1,0,0,14,0,0,0,0,0,89,27,"Essendon","2017",2
32,"Colyer, Travis",11,7,16,27,1,0,0,0,3,1,2,1,0,0,0,7,21,0,0,1,1,0,75,27,"Essendon","2017",2
6,"Daniher, Joe",7,8,6,13,3,0,0,0,0,3,1,2,0,1,0,4,8,2,3,2,0,1,85,27,"Essendon","2017",2
13,"Fantasia, Orazio",8,5,5,13,5,0,0,4,0,2,0,2,2,1,2,6,7,0,4,0,0,3,87,27,"Essendon","2017",2
8,"Gleeson, Martin",7,1,6,13,0,0,0,1,2,0,0,4,1,2,0,6,6,0,0,2,0,0,82,27,"Essendon","2017",2
9,"Goddard, Brendon",11,8,10,21,1,0,0,3,1,4,0,3,2,0,0,9,13,1,1,0,0,1,82,27,"Essendon","2017",2
36,"Hartley, Michael",6,5,3,9,0,0,0,4,1,1,0,2,1,1,0,3,6,1,0,13,0,0,62,27,"Essendon","2017",2
21,"Heppell, Dyson",15,7,8,23,0,2,0,3,1,4,2,2,3,1,0,12,12,1,1,1,0,2,77,27,"Essendon","2017",2
26,"Hooker, Cale",9,8,3,12,2,2,2,1,0,1,0,3,1,1,0,5,7,3,3,4,0,0,88,27,"Essendon","2017",2
40,"Howlett, Ben",6,4,9,15,0,1,0,2,0,3,1,2,2,2,0,9,7,0,0,2,1,1,76,27,"Essendon","2017",2
18,"Hurley, Michael",15,6,5,20,0,0,0,1,7,0,1,6,2,3,0,8,10,0,0,7,0,0,92,27,"Essendon","2017",2
47,"Kelly, James",12,4,6,18,0,0,0,3,2,1,0,3,1,1,0,5,12,0,0,2,0,1,81,27,"Essendon","2017",2
30,"Langford, Kyle",11,7,4,15,1,1,0,2,0,4,2,5,1,3,0,6,9,1,2,0,0,0,92,27,"Essendon","2017",2
43,"McDonald-Tipungwuti, Anthony",12,5,4,16,1,2,0,2,0,6,2,1,4,0,0,10,7,1,0,1,1,1,66,27,"Essendon","2017",2
1,"McGrath, Andrew",9,5,7,16,0,0,0,2,2,1,0,0,1,0,0,4,12,0,0,2,1,0,75,27,"Essendon","2017",2
44,"McKernan, Shaun",6,3,7,13,0,0,22,3,2,3,5,4,1,3,0,7,8,1,0,0,0,0,84,27,"Essendon","2017",2
7,"Merrett, Zach",24,9,8,32,1,0,0,5,5,5,1,5,2,1,3,5,25,0,0,0,1,0,77,27,"Essendon","2017",2
3,"Parish, Darcy",12,5,5,17,0,0,0,3,3,3,4,1,1,1,0,7,11,0,0,0,0,0,65,27,"Essendon","2017",2
5,"Stanton, Brent",11,5,6,17,0,0,0,2,2,2,1,4,1,1,0,3,13,0,0,0,0,0,80,27,"Essendon","2017",2
4,"Watson, Jobe",16,8,17,33,0,0,0,1,2,4,6,7,0,2,0,10,22,0,0,0,0,3,83,27,"Essendon","2017",2
11,"Zaharakis, David",10,4,10,20,2,0,0,3,2,1,2,1,0,0,0,10,12,0,0,2,0,1,85,27,"Essendon","2017",2
0,"Rushed",0,0,0,0,0,1,0,0,0,0,0,0,0,0,0,0,0,0,0,0,0,0,0,27,"Essendon","2017",2
