"Number","Player","Kicks","Marks","Handballs","Disposals","Goals","Behinds","Hitouts","Tackles","Rebounds50s","Inside50s","Clearances","Clangers","FreesFor","FreesAgainst","BrownlowVotes","ContestedPossessions","UncontestedPossessions","ContestedMarks","MarksInside50","OnePercenters","Bounces","GoalAssists","PercentagePlayed","PointDifference","Team","Season","Round"
31,"Andrews, Harris",11,6,3,14,0,0,0,1,4,0,0,3,2,1,0,7,9,1,0,7,0,0,95,-80,"Brisbane Lions","2017",9
43,"Barrett, Jake",7,2,6,13,2,2,0,8,0,1,2,4,1,2,0,7,8,0,0,1,0,1,87,-80,"Brisbane Lions","2017",9
17,"Beams, Claye",2,1,2,4,0,0,0,1,0,1,0,0,0,0,0,0,3,0,0,0,0,0,16,-80,"Brisbane Lions","2017",9
9,"Beams, Dayne",17,7,23,40,0,1,0,6,3,1,11,3,1,0,0,21,19,0,0,2,0,0,89,-80,"Brisbane Lions","2017",9
7,"Bell, Tom",7,0,9,16,0,1,0,5,0,5,2,5,0,2,0,9,6,0,0,0,0,0,79,-80,"Brisbane Lions","2017",9
13,"Berry, Jarrod",6,3,10,16,0,1,0,2,1,0,1,1,2,0,0,7,9,0,1,2,0,1,75,-80,"Brisbane Lions","2017",9
33,"Close, Michael",8,5,2,10,0,1,3,3,0,4,0,4,2,2,0,6,4,3,1,2,0,0,84,-80,"Brisbane Lions","2017",9
27,"Gardiner, Darcy",7,3,5,12,0,0,0,2,3,0,0,4,0,1,0,4,6,0,0,8,0,0,87,-80,"Brisbane Lions","2017",9
40,"Hammelmann, Matthew",6,2,2,8,1,1,0,1,0,2,0,3,0,1,0,2,5,0,0,4,0,0,87,-80,"Brisbane Lions","2017",9
2,"Harwood, Ryan",9,5,4,13,0,0,0,2,0,0,0,0,0,0,0,5,9,0,0,3,0,0,74,-80,"Brisbane Lions","2017",9
30,"Hipwood, Eric",5,1,4,9,0,0,0,6,1,1,0,7,1,3,0,4,4,0,0,3,0,0,76,-80,"Brisbane Lions","2017",9
1,"Keays, Ben",7,4,9,16,0,1,0,4,0,3,1,2,0,0,0,9,8,0,1,0,0,0,84,-80,"Brisbane Lions","2017",9
35,"Lester, Ryan",13,4,10,23,0,0,0,4,2,3,3,4,0,0,0,11,12,1,0,2,0,0,91,-80,"Brisbane Lions","2017",9
12,"Martin, Stefan",9,7,7,16,0,0,33,3,1,4,2,2,0,0,0,9,7,1,1,5,0,0,90,-80,"Brisbane Lions","2017",9
32,"Mayes, Sam",13,4,7,20,0,0,0,0,4,1,0,3,0,0,0,7,11,0,0,4,0,0,87,-80,"Brisbane Lions","2017",9
6,"McCluggage, Hugh",6,0,9,15,1,1,0,0,1,1,0,2,0,1,0,2,13,0,0,0,0,1,89,-80,"Brisbane Lions","2017",9
22,"Paparone, Marco",8,1,5,13,0,0,0,2,5,0,2,0,1,0,0,6,9,0,0,5,0,0,85,-80,"Brisbane Lions","2017",9
10,"Rich, Daniel",21,2,8,29,0,0,0,1,7,8,1,5,2,2,0,10,16,0,0,6,0,0,86,-80,"Brisbane Lions","2017",9
18,"Robertson, Nick",8,3,3,11,0,1,0,6,1,3,2,4,1,3,0,1,9,0,0,1,0,0,85,-80,"Brisbane Lions","2017",9
28,"Taylor, Lewis",13,3,11,24,0,3,0,3,2,5,4,1,1,1,0,10,14,0,0,0,0,1,89,-80,"Brisbane Lions","2017",9
14,"Walker, Josh",7,3,4,11,1,1,0,2,2,0,0,6,1,1,0,5,7,0,1,8,0,0,84,-80,"Brisbane Lions","2017",9
15,"Zorko, Dayne",21,6,5,26,2,3,0,4,1,8,3,3,0,1,0,7,22,0,0,4,0,0,79,-80,"Brisbane Lions","2017",9
0,"Rushed",0,0,0,0,0,1,0,0,0,0,0,0,0,0,0,0,0,0,0,0,0,0,0,-80,"Brisbane Lions","2017",9
21,"Atkins, Rory",17,9,11,28,0,1,0,3,3,5,1,5,1,1,1,7,24,1,0,2,1,0,85,80,"Adelaide","2017",9
18,"Betts, Eddie",13,4,3,16,3,2,0,4,0,3,2,2,1,0,0,8,6,1,4,3,0,4,92,80,"Adelaide","2017",9
16,"Brown, Luke",18,7,7,25,0,0,0,2,6,6,2,2,2,1,0,7,17,0,0,3,0,2,88,80,"Adelaide","2017",9
23,"Cameron, Charlie",15,7,3,18,4,2,0,2,0,3,0,3,0,1,0,5,13,1,5,0,4,0,80,80,"Adelaide","2017",9
2,"Crouch, Brad",10,4,19,29,1,0,0,4,2,5,3,3,0,0,0,11,17,0,0,2,0,3,72,80,"Adelaide","2017",9
44,"Crouch, Matt",12,2,20,32,0,0,0,3,1,3,5,2,0,1,0,9,21,0,0,3,1,1,76,80,"Adelaide","2017",9
26,"Douglas, Richard",15,2,9,24,0,0,0,3,1,5,1,3,2,0,0,9,13,0,1,0,0,1,80,80,"Adelaide","2017",9
7,"Gallucci, Jordan",7,2,4,11,1,0,0,3,0,3,0,2,1,0,0,5,7,1,0,1,1,0,80,80,"Adelaide","2017",9
20,"Greenwood, Hugh",9,2,6,15,3,0,0,9,0,5,1,2,0,2,0,7,8,0,1,0,0,0,71,80,"Adelaide","2017",9
17,"Hampton, Curtly",6,2,3,9,0,0,0,4,1,2,4,2,0,0,0,5,2,0,0,2,0,0,46,80,"Adelaide","2017",9
15,"Hartigan, Kyle",6,5,3,9,0,0,0,1,2,1,0,2,0,0,0,4,5,2,0,8,0,0,91,80,"Adelaide","2017",9
24,"Jacobs, Sam",7,2,7,14,0,0,35,2,0,2,3,2,0,0,0,5,7,0,0,1,0,1,87,80,"Adelaide","2017",9
8,"Kelly, Jake",11,4,10,21,0,0,0,3,1,1,0,1,0,1,0,7,13,0,0,1,0,0,87,80,"Adelaide","2017",9
29,"Laird, Rory",19,6,18,37,0,0,0,1,7,5,2,5,2,1,3,10,27,0,0,1,0,0,91,80,"Adelaide","2017",9
6,"Lever, Jake",13,7,7,20,0,0,0,1,4,1,0,5,2,2,0,8,12,2,0,9,0,0,87,80,"Adelaide","2017",9
27,"Lynch, Tom",16,8,7,23,3,2,0,3,0,2,1,3,1,0,2,6,17,1,2,1,0,0,84,80,"Adelaide","2017",9
30,"Milera, Wayne",9,2,5,14,1,1,0,1,2,3,1,0,1,0,0,4,10,0,1,0,0,0,84,80,"Adelaide","2017",9
22,"Otten, Andy",8,1,6,14,2,1,5,3,0,3,3,1,3,1,0,6,7,0,0,2,0,1,86,80,"Adelaide","2017",9
9,"Sloane, Rory",17,4,14,31,0,0,0,4,2,5,8,4,4,0,0,19,12,1,0,3,0,2,82,80,"Adelaide","2017",9
33,"Smith, Brodie",8,2,5,13,0,0,0,1,3,1,1,5,0,0,0,5,7,0,0,2,0,0,62,80,"Adelaide","2017",9
12,"Talia, Daniel",7,7,13,20,0,0,0,1,2,1,0,3,0,1,0,7,13,0,0,9,0,0,94,80,"Adelaide","2017",9
13,"Walker, Taylor",14,10,5,19,3,3,0,2,0,2,0,7,1,3,0,8,11,1,4,3,0,3,93,80,"Adelaide","2017",9
0,"Rushed",0,0,0,0,0,2,0,0,0,0,0,0,0,0,0,0,0,0,0,0,0,0,0,80,"Adelaide","2017",9
