"Number","Player","Kicks","Marks","Handballs","Disposals","Goals","Behinds","Hitouts","Tackles","Rebounds50s","Inside50s","Clearances","Clangers","FreesFor","FreesAgainst","BrownlowVotes","ContestedPossessions","UncontestedPossessions","ContestedMarks","MarksInside50","OnePercenters","Bounces","GoalAssists","PercentagePlayed","PointDifference","Team","Season","Round"
10,"Brayshaw, Angus",9,3,2,11,0,1,0,1,0,2,1,2,0,0,0,2,9,0,0,2,0,1,65,22,"Melbourne","2017",2
36,"Garlett, Jeff",12,5,2,14,3,0,0,3,0,5,0,0,2,0,0,8,7,1,1,1,1,1,86,22,"Melbourne","2017",2
11,"Gawn, Max",6,4,9,15,1,0,28,4,1,1,2,3,3,2,0,8,7,2,0,5,0,0,83,22,"Melbourne","2017",2
19,"Hannan, Mitch",5,2,5,10,0,1,0,2,0,1,0,5,1,3,0,6,5,0,1,1,0,0,77,22,"Melbourne","2017",2
43,"Harmes, James",8,5,15,23,0,1,0,5,4,0,1,1,1,0,0,8,16,1,0,2,0,1,80,22,"Melbourne","2017",2
1,"Hogan, Jesse",15,10,6,21,0,3,0,0,0,5,0,3,0,1,0,5,17,0,1,0,0,0,91,22,"Melbourne","2017",2
29,"Hunt, Jayden",14,6,3,17,0,0,0,0,3,3,0,2,0,0,0,4,12,0,0,3,1,0,88,22,"Melbourne","2017",2
39,"Jetta, Neville",10,11,7,17,0,0,0,3,2,0,0,1,1,0,0,3,15,0,0,3,0,0,79,22,"Melbourne","2017",2
2,"Jones, Nathan",19,5,7,26,2,0,0,1,3,8,5,2,1,1,0,6,18,0,1,0,1,0,81,22,"Melbourne","2017",2
6,"Lewis, Jordan",10,3,7,17,0,0,0,3,3,0,2,1,3,0,0,7,11,0,0,1,0,0,84,22,"Melbourne","2017",2
28,"McDonald, Oscar",5,4,7,12,0,0,0,1,1,0,0,1,0,0,0,1,11,0,0,8,0,0,92,22,"Melbourne","2017",2
25,"McDonald, Tom",14,9,3,17,0,0,0,2,8,1,0,2,0,2,0,3,12,1,0,6,0,0,92,22,"Melbourne","2017",2
18,"Melksham, Jake",15,7,7,22,0,0,0,0,5,2,0,5,0,0,0,0,21,0,0,3,0,0,80,22,"Melbourne","2017",2
30,"Neal-Bullen, Alex",6,3,6,12,0,0,0,5,1,0,0,1,1,0,0,5,8,0,0,2,0,1,85,22,"Melbourne","2017",2
13,"Oliver, Clayton",11,7,24,35,0,0,1,9,5,2,5,4,2,2,1,16,21,0,0,3,0,0,83,22,"Melbourne","2017",2
5,"Petracca, Christian",13,9,5,18,1,1,0,2,0,7,2,2,1,0,0,8,12,1,2,3,0,1,84,22,"Melbourne","2017",2
3,"Salem, Christian",24,7,7,31,1,0,0,3,7,2,0,4,2,0,3,10,19,1,1,3,0,0,81,22,"Melbourne","2017",2
15,"Stretch, Billy",8,4,14,22,0,0,0,4,1,2,2,0,1,0,0,11,11,0,0,0,1,0,80,22,"Melbourne","2017",2
12,"Tyson, Dom",17,12,15,32,1,0,0,7,2,4,4,7,1,2,2,10,22,0,0,0,0,0,77,22,"Melbourne","2017",2
7,"Viney, Jack",12,4,10,22,0,0,0,4,0,4,4,4,2,2,0,5,16,0,0,0,1,1,79,22,"Melbourne","2017",2
4,"Watts, Jack",12,8,7,19,2,0,1,2,1,4,2,2,1,2,0,7,12,1,3,0,0,1,73,22,"Melbourne","2017",2
26,"Weideman, Sam",6,5,3,9,2,0,0,1,0,1,0,2,2,1,0,5,5,1,2,0,0,0,82,22,"Melbourne","2017",2
0,"Rushed",0,0,0,0,0,1,0,0,0,0,0,0,0,0,0,0,0,0,0,0,0,0,0,22,"Melbourne","2017",2
27,"Armfield, Dennis",11,8,0,11,1,1,0,2,1,4,1,5,0,2,0,2,9,0,1,1,0,0,74,-22,"Carlton","2017",2
41,"Casboult, Levi",8,8,4,12,1,0,5,0,2,3,0,3,0,2,0,3,9,2,1,0,0,0,82,-22,"Carlton","2017",2
9,"Cripps, Patrick",16,4,13,29,0,1,0,4,2,7,10,5,2,2,0,17,13,0,0,0,1,1,84,-22,"Carlton","2017",2
30,"Curnow, Charlie",3,2,4,7,0,0,0,1,1,1,1,1,1,1,0,4,4,0,0,1,0,1,72,-22,"Carlton","2017",2
35,"Curnow, Ed",11,5,12,23,1,0,0,3,0,4,0,2,2,2,0,15,9,0,0,1,1,1,86,-22,"Carlton","2017",2
15,"Docherty, Sam",22,10,7,29,0,0,0,0,6,1,0,6,0,3,0,8,19,0,0,3,2,0,90,-22,"Carlton","2017",2
4,"Gibbs, Bryce",18,9,7,25,0,0,0,1,4,5,2,5,0,2,0,8,16,0,0,0,0,0,81,-22,"Carlton","2017",2
8,"Kreuzer, Matthew",4,3,7,11,0,0,21,3,0,5,1,0,2,0,0,6,7,0,0,3,0,0,86,-22,"Carlton","2017",2
26,"Macreadie, Harrison",6,4,4,10,0,0,0,3,3,0,0,1,1,0,0,3,6,1,0,1,0,0,69,-22,"Carlton","2017",2
22,"Marchbank, Caleb",11,6,5,16,0,0,0,4,2,1,0,1,3,0,0,8,9,1,0,4,0,0,90,-22,"Carlton","2017",2
3,"Murphy, Marc",18,7,13,31,1,1,0,4,5,3,6,2,1,0,0,10,20,0,1,1,4,0,87,-22,"Carlton","2017",2
5,"Petrevski-Seton, Sam",11,4,2,13,1,1,0,2,2,2,1,4,0,0,0,4,9,0,1,1,0,0,69,-22,"Carlton","2017",2
33,"Pickett, Jarrod",6,2,3,9,1,0,0,4,1,0,1,5,0,1,0,4,4,0,1,0,0,0,66,-22,"Carlton","2017",2
20,"Plowman, Lachie",12,5,6,18,0,0,0,1,3,1,1,4,3,4,0,6,11,0,0,2,0,0,95,-22,"Carlton","2017",2
17,"Rowe, Sam",1,2,5,6,0,0,0,0,2,0,0,1,1,0,0,3,5,0,0,9,0,0,100,-22,"Carlton","2017",2
1,"Silvagni, Jack",6,6,7,13,0,2,0,2,0,2,0,3,0,0,0,3,10,0,2,0,0,1,74,-22,"Carlton","2017",2
6,"Simpson, Kade",8,4,6,14,0,0,0,2,0,2,0,1,0,1,0,6,8,0,0,1,0,0,91,-22,"Carlton","2017",2
16,"Smedts, Billie",9,1,7,16,0,1,0,3,0,2,1,3,0,1,0,2,14,0,0,2,0,0,82,-22,"Carlton","2017",2
39,"Thomas, Dale",11,8,8,19,0,1,0,1,1,5,1,3,1,2,0,4,17,1,2,2,0,1,71,-22,"Carlton","2017",2
23,"Weitering, Jacob",10,6,4,14,0,1,0,0,0,2,0,3,0,1,0,6,8,1,0,3,0,0,83,-22,"Carlton","2017",2
43,"White, Simon",9,6,2,11,0,0,0,3,3,1,0,2,0,1,0,2,10,0,0,4,0,0,83,-22,"Carlton","2017",2
46,"Wright, Matthew",12,7,9,21,3,0,0,2,0,5,1,0,1,0,0,7,14,0,1,1,0,1,85,-22,"Carlton","2017",2
0,"Rushed",0,0,0,0,0,1,0,0,0,0,0,0,0,0,0,0,0,0,0,0,0,0,0,-22,"Carlton","2017",2
