"Number","Player","Kicks","Marks","Handballs","Disposals","Goals","Behinds","Hitouts","Tackles","Rebounds50s","Inside50s","Clearances","Clangers","FreesFor","FreesAgainst","BrownlowVotes","ContestedPossessions","UncontestedPossessions","ContestedMarks","MarksInside50","OnePercenters","Bounces","GoalAssists","PercentagePlayed","PointDifference","Team","Season","Round"
12,"Astbury, David",7,6,8,15,0,0,0,2,4,1,0,3,0,1,0,6,10,2,0,3,0,0,94,26,"Richmond","2017",14
29,"Bolton, Shai",4,0,0,4,1,0,0,3,1,1,0,3,1,1,0,2,3,0,0,1,0,0,58,26,"Richmond","2017",14
40,"Butler, Dan",4,2,4,8,2,0,0,7,0,1,0,3,1,2,0,3,7,0,2,1,0,1,84,26,"Richmond","2017",14
22,"Caddy, Josh",8,3,14,22,0,1,2,3,0,4,2,5,0,2,0,9,13,1,1,1,1,0,83,26,"Richmond","2017",14
46,"Castagna, Jason",7,4,3,10,2,2,0,4,0,1,1,1,2,0,0,6,5,0,4,1,0,0,78,26,"Richmond","2017",14
9,"Cotchin, Trent",11,6,6,17,0,1,0,2,0,5,1,2,1,1,0,7,10,0,2,3,0,3,83,26,"Richmond","2017",14
10,"Edwards, Shane",5,3,8,13,0,1,0,1,0,2,2,2,0,0,0,7,7,0,2,0,0,1,71,26,"Richmond","2017",14
5,"Ellis, Brandon",13,6,10,23,1,0,0,2,3,3,0,3,1,1,0,8,16,1,0,1,2,0,83,26,"Richmond","2017",14
6,"Grigg, Shaun",11,12,15,26,0,1,0,4,1,7,0,2,1,1,0,2,24,1,1,1,1,0,84,26,"Richmond","2017",14
2,"Grimes, Dylan",5,3,8,13,0,0,0,3,2,2,1,4,1,1,0,5,8,1,0,2,0,0,82,26,"Richmond","2017",14
14,"Houli, Bachar",10,9,18,28,0,1,0,5,2,2,2,3,1,1,0,6,21,1,1,1,0,0,83,26,"Richmond","2017",14
23,"Lambert, Kane",12,6,14,26,1,2,0,6,0,5,5,2,0,0,0,8,18,0,3,0,0,0,81,26,"Richmond","2017",14
27,"Lloyd, Sam",15,5,6,21,0,0,0,5,2,6,0,4,2,2,0,6,15,0,0,0,0,2,87,26,"Richmond","2017",14
4,"Martin, Dustin",18,6,12,30,0,1,0,1,2,7,6,4,1,2,1,16,15,2,2,2,1,1,79,26,"Richmond","2017",14
33,"McIntosh, Kamdyn",10,2,3,13,0,0,0,1,3,1,0,3,1,0,0,2,10,0,0,3,0,0,82,26,"Richmond","2017",14
37,"Menadue, Connor",10,3,7,17,0,0,0,3,2,4,1,2,0,0,0,4,14,0,0,1,2,0,66,26,"Richmond","2017",14
25,"Nankervis, Toby",4,0,5,9,1,0,23,2,0,2,3,1,2,0,0,4,5,0,0,4,0,0,86,26,"Richmond","2017",14
3,"Prestia, Dion",7,2,10,17,0,1,0,3,1,2,1,6,0,2,0,7,12,0,0,2,0,1,81,26,"Richmond","2017",14
18,"Rance, Alex",8,3,9,17,0,0,0,4,2,0,0,1,6,0,2,10,8,1,0,6,0,0,99,26,"Richmond","2017",14
8,"Riewoldt, Jack",11,9,2,13,3,1,0,0,0,3,0,5,1,2,0,4,10,2,6,0,0,0,98,26,"Richmond","2017",14
17,"Rioli, Daniel",5,3,4,9,0,2,0,1,0,0,0,1,1,1,0,4,5,0,0,1,0,0,82,26,"Richmond","2017",14
15,"Short, Jayden",8,3,9,17,0,0,0,0,3,3,0,1,0,1,0,3,14,0,0,0,4,0,77,26,"Richmond","2017",14
0,"Rushed",0,0,0,0,0,4,0,0,0,0,0,0,0,0,0,0,0,0,0,0,0,0,0,26,"Richmond","2017",14
12,"Boekhorst, Blaine",4,2,6,10,0,0,0,3,2,0,0,3,2,0,0,6,4,0,0,0,0,0,68,-26,"Carlton","2017",14
41,"Casboult, Levi",6,7,3,9,2,1,6,0,1,0,0,3,1,2,0,4,5,3,3,2,0,1,90,-26,"Carlton","2017",14
9,"Cripps, Patrick",13,5,14,27,1,1,0,8,1,3,10,6,3,5,3,17,11,2,1,1,0,0,86,-26,"Carlton","2017",14
30,"Curnow, Charlie",10,9,6,16,1,0,0,1,0,5,0,0,0,0,0,6,10,3,1,1,1,0,94,-26,"Carlton","2017",14
35,"Curnow, Ed",7,3,8,15,0,0,0,2,1,2,0,1,0,0,0,7,8,0,1,1,0,0,85,-26,"Carlton","2017",14
15,"Docherty, Sam",21,11,7,28,0,0,0,4,6,2,5,5,0,0,0,9,17,2,1,3,2,0,95,-26,"Carlton","2017",14
4,"Gibbs, Bryce",15,5,15,30,0,2,0,3,2,5,5,2,0,0,0,9,20,0,0,1,1,1,87,-26,"Carlton","2017",14
32,"Graham, Nick",13,6,7,20,0,0,0,4,3,3,2,5,0,2,0,6,16,0,0,2,0,1,72,-26,"Carlton","2017",14
14,"Jones, Liam",7,3,1,8,0,0,0,3,5,1,0,2,3,1,0,7,1,2,0,10,0,0,100,-26,"Carlton","2017",14
8,"Kreuzer, Matthew",11,4,3,14,2,2,37,1,3,2,4,5,1,2,0,8,5,1,1,6,0,0,83,-26,"Carlton","2017",14
13,"Lamb, Jed",0,0,0,0,0,0,0,0,0,0,0,0,1,0,0,0,1,0,0,0,0,0,4,-26,"Carlton","2017",14
22,"Marchbank, Caleb",10,5,1,11,0,0,0,3,5,0,0,2,2,1,0,5,7,0,0,1,0,0,94,-26,"Carlton","2017",14
3,"Murphy, Marc",11,7,15,26,0,0,0,2,3,2,3,3,1,1,0,4,22,0,0,0,0,1,93,-26,"Carlton","2017",14
5,"Petrevski-Seton, Sam",3,3,1,4,0,0,0,3,0,0,0,1,0,0,0,1,3,0,1,1,0,0,74,-26,"Carlton","2017",14
33,"Pickett, Jarrod",2,2,4,6,0,0,0,2,0,2,1,2,1,1,0,2,5,0,0,2,2,0,79,-26,"Carlton","2017",14
20,"Plowman, Lachie",2,1,9,11,0,0,0,1,0,0,1,2,1,2,0,7,5,1,0,0,0,0,95,-26,"Carlton","2017",14
1,"Silvagni, Jack",7,1,2,9,0,1,0,1,0,2,0,1,1,1,0,3,6,0,0,1,0,1,80,-26,"Carlton","2017",14
6,"Simpson, Kade",15,6,7,22,0,1,0,2,4,2,1,4,0,1,0,5,16,0,1,1,0,0,98,-26,"Carlton","2017",14
16,"Smedts, Billie",4,2,4,8,0,0,0,2,1,0,1,2,1,2,0,2,6,0,0,2,0,0,70,-26,"Carlton","2017",14
39,"Thomas, Dale",13,7,8,21,1,0,0,1,1,4,0,4,2,2,0,6,16,0,1,2,0,0,86,-26,"Carlton","2017",14
23,"Weitering, Jacob",8,6,9,17,0,0,0,1,4,1,0,0,0,0,0,3,11,0,0,2,1,0,81,-26,"Carlton","2017",14
46,"Wright, Matthew",12,8,4,16,1,1,0,1,1,5,2,1,1,0,0,6,10,1,1,0,0,0,86,-26,"Carlton","2017",14
0,"Rushed",0,0,0,0,0,1,0,0,0,0,0,0,0,0,0,0,0,0,0,0,0,0,0,-26,"Carlton","2017",14
