"Number","Player","Kicks","Marks","Handballs","Disposals","Goals","Behinds","Hitouts","Tackles","Rebounds50s","Inside50s","Clearances","Clangers","FreesFor","FreesAgainst","BrownlowVotes","ContestedPossessions","UncontestedPossessions","ContestedMarks","MarksInside50","OnePercenters","Bounces","GoalAssists","PercentagePlayed","PointDifference","Team","Season","Round"
24,"Bews, Jed",4,1,4,8,0,0,0,5,0,2,1,0,1,0,0,4,4,0,0,3,0,1,89,-17,"Geelong","2018",6
46,"Blicavs, Mark",5,5,8,13,0,0,0,4,3,0,0,2,0,1,0,9,4,3,0,10,0,0,97,-17,"Geelong","2018",6
31,"Cunico, Jordan",13,7,8,21,0,1,0,4,3,4,1,1,0,0,0,6,14,0,0,0,0,0,82,-17,"Geelong","2018",6
35,"Dangerfield, Patrick",7,3,15,22,1,0,0,3,1,2,5,4,1,3,0,13,10,1,0,4,0,1,85,-17,"Geelong","2018",6
22,"Duncan, Mitch",13,4,11,24,0,1,0,7,4,6,4,3,3,0,0,11,14,0,0,2,0,0,89,-17,"Geelong","2018",6
13,"Fogarty, Lachie",5,0,6,11,0,1,0,4,0,3,0,2,2,0,0,6,6,0,0,0,0,1,84,-17,"Geelong","2018",6
28,"Gregson, Cory",6,1,3,9,1,0,0,4,1,2,0,0,0,0,0,2,7,0,0,1,0,1,71,-17,"Geelong","2018",6
39,"Guthrie, Zach",4,3,0,4,0,0,0,0,1,1,0,1,0,0,0,1,3,1,0,2,0,0,84,-17,"Geelong","2018",6
26,"Hawkins, Tom",12,9,6,18,2,2,5,2,0,0,2,3,2,1,0,10,8,4,5,1,0,0,93,-17,"Geelong","2018",6
38,"Henry, Jack",10,4,3,13,0,0,0,0,6,1,0,2,2,1,0,7,6,1,0,7,0,0,83,-17,"Geelong","2018",6
33,"Horlin-Smith, George",2,1,5,7,0,0,0,1,0,1,2,2,0,1,0,4,3,0,0,0,0,0,26,-17,"Geelong","2018",6
11,"Kelly, Tim",13,2,6,19,1,1,0,5,1,5,4,3,1,1,2,14,5,0,1,2,0,1,80,-17,"Geelong","2018",6
8,"Kolodjashnij, Jake",9,5,2,11,0,0,0,4,1,1,0,2,2,1,0,7,3,2,0,1,0,0,86,-17,"Geelong","2018",6
27,"Menegola, Sam",11,2,11,22,1,0,0,6,0,5,3,6,0,1,0,9,14,0,0,0,0,0,80,-17,"Geelong","2018",6
21,"Murdoch, Jordan",5,3,9,14,0,0,0,6,1,3,0,3,0,2,0,5,9,0,0,1,1,0,84,-17,"Geelong","2018",6
34,"Parsons, James",9,1,5,14,2,1,0,1,0,3,0,2,0,0,0,3,8,0,0,0,0,1,77,-17,"Geelong","2018",6
17,"Ratugolea, Esava",5,3,6,11,0,1,12,2,0,1,0,0,2,0,0,7,4,1,0,1,0,1,83,-17,"Geelong","2018",6
14,"Selwood, Joel",14,2,9,23,1,0,0,6,0,4,5,2,5,1,0,16,8,1,1,3,1,0,87,-17,"Geelong","2018",6
1,"Stanley, Rhys",6,2,4,10,1,0,33,2,0,2,5,5,2,3,0,7,5,0,2,8,0,0,83,-17,"Geelong","2018",6
44,"Stewart, Tom",11,1,4,15,0,0,0,4,5,2,0,1,2,0,0,7,6,0,0,1,0,0,85,-17,"Geelong","2018",6
40,"Thurlow, Jackson",10,1,7,17,0,0,0,1,1,3,2,1,0,1,0,9,9,0,0,1,0,0,78,-17,"Geelong","2018",6
2,"Tuohy, Zach",12,3,1,13,0,0,0,3,5,1,0,3,0,0,0,0,10,0,0,1,0,0,94,-17,"Geelong","2018",6
0,"Rushed",0,0,0,0,0,1,0,0,0,0,0,0,0,0,0,0,0,0,0,0,0,0,0,-17,"Geelong","2018",6
7,"Cunningham, Harry",7,5,9,16,0,1,0,5,1,2,1,2,1,1,0,3,13,0,0,2,0,1,79,17,"Sydney","2018",6
13,"Florent, Oliver",10,6,4,14,2,0,0,1,1,3,3,2,1,1,0,5,9,2,2,1,1,0,75,17,"Sydney","2018",6
42,"Fox, Robbie",7,3,2,9,2,0,3,1,0,1,0,3,0,2,0,4,5,1,1,5,0,0,69,17,"Sydney","2018",6
39,"Grundy, Heath",13,12,10,23,0,0,0,1,5,1,0,3,0,2,0,6,17,2,0,8,0,0,94,17,"Sydney","2018",6
9,"Hayward, Will",9,4,2,11,3,0,0,4,1,3,0,2,1,1,0,3,9,0,1,5,0,0,75,17,"Sydney","2018",6
5,"Heeney, Isaac",11,4,10,21,0,2,0,7,1,2,8,4,2,2,0,12,9,1,1,2,0,1,89,17,"Sydney","2018",6
29,"Hewett, George",7,1,9,16,0,0,0,6,1,3,5,1,4,1,0,11,5,0,0,0,0,1,75,17,"Sydney","2018",6
15,"Jack, Kieren",12,1,4,16,0,1,0,9,2,3,5,2,1,0,0,10,6,0,0,0,0,2,77,17,"Sydney","2018",6
10,"Jones, Zak",10,2,9,19,1,0,0,4,2,3,1,4,0,3,0,4,16,0,0,2,0,0,76,17,"Sydney","2018",6
12,"Kennedy, Josh",16,4,17,33,0,0,0,4,0,9,13,1,1,0,3,17,19,0,0,1,0,0,84,17,"Sydney","2018",6
44,"Lloyd, Jake",24,10,5,29,0,0,0,2,7,2,2,4,0,0,0,2,25,0,0,2,1,1,85,17,"Sydney","2018",6
31,"Marsh, Harrison",3,2,3,6,0,0,0,3,1,1,0,1,0,1,0,0,5,0,0,5,0,0,81,17,"Sydney","2018",6
3,"McVeigh, Jarrad",13,5,8,21,0,0,0,3,3,0,0,1,1,0,0,1,18,0,0,6,0,0,85,17,"Sydney","2018",6
14,"Mills, Callum",11,3,8,19,0,0,0,5,5,1,2,0,1,0,0,9,10,0,0,2,1,0,91,17,"Sydney","2018",6
11,"Papley, Tom",9,6,4,13,0,2,0,4,1,2,2,0,1,0,0,7,7,1,1,2,0,2,81,17,"Sydney","2018",6
26,"Parker, Luke",10,5,9,19,1,2,0,6,1,4,4,6,0,5,0,10,9,3,2,1,0,0,91,17,"Sydney","2018",6
24,"Rampe, Dane",8,8,7,15,0,0,0,1,6,0,0,2,0,1,0,4,11,0,0,4,0,0,95,17,"Sydney","2018",6
27,"Robinson, Dan",3,1,5,8,0,0,0,2,1,2,0,2,0,0,0,5,3,0,1,3,0,0,74,17,"Sydney","2018",6
16,"Rohan, Gary",7,2,4,11,1,1,0,4,0,3,0,6,2,3,0,9,2,1,1,2,0,0,83,17,"Sydney","2018",6
25,"Ronke, Ben",9,0,6,15,2,1,0,7,0,4,0,1,1,1,0,8,7,0,0,0,0,0,69,17,"Sydney","2018",6
18,"Sinclair, Callum",10,6,8,18,0,0,39,2,0,2,4,2,0,1,1,14,6,2,0,2,0,0,89,17,"Sydney","2018",6
40,"Smith, Nick",10,6,7,17,0,1,0,4,3,1,0,0,0,0,0,5,12,2,0,2,0,0,84,17,"Sydney","2018",6
0,"Rushed",0,0,0,0,0,3,0,0,0,0,0,0,0,0,0,0,0,0,0,0,0,0,0,17,"Sydney","2018",6
