"Number","Player","Kicks","Marks","Handballs","Disposals","Goals","Behinds","Hitouts","Tackles","Rebounds50s","Inside50s","Clearances","Clangers","FreesFor","FreesAgainst","BrownlowVotes","ContestedPossessions","UncontestedPossessions","ContestedMarks","MarksInside50","OnePercenters","Bounces","GoalAssists","PercentagePlayed","PointDifference","Team","Season","Round"
21,"Atkins, Rory",15,6,12,27,0,0,0,3,4,3,1,4,0,0,0,5,22,0,0,4,0,1,77,9,"Adelaide","2018",22
18,"Betts, Eddie",5,1,5,10,1,0,0,2,0,0,2,1,1,1,0,7,3,1,1,0,0,0,85,9,"Adelaide","2018",22
16,"Brown, Luke",8,2,4,12,0,0,0,2,2,2,0,2,1,1,0,7,6,0,0,2,0,1,84,9,"Adelaide","2018",22
25,"Cheney, Kyle",7,3,2,9,0,0,0,1,0,1,0,1,0,0,0,2,7,0,0,2,1,0,83,9,"Adelaide","2018",22
5,"Crouch, Matt",11,4,35,46,0,0,0,5,2,4,9,2,1,0,2,17,30,0,0,2,0,0,78,9,"Adelaide","2018",22
39,"Doedee, Tom",10,9,10,20,0,0,0,4,2,0,0,3,1,1,0,6,14,1,0,3,0,0,63,9,"Adelaide","2018",22
26,"Douglas, Richard",12,6,8,20,0,0,0,1,1,4,2,3,0,1,0,6,13,0,0,4,0,0,85,9,"Adelaide","2018",22
7,"Gallucci, Jordan",11,4,4,15,1,1,0,2,1,4,0,0,1,0,0,7,8,2,1,0,0,1,79,9,"Adelaide","2018",22
6,"Gibbs, Bryce",14,3,13,27,1,1,0,5,2,3,4,2,0,0,0,7,20,1,1,1,1,1,76,9,"Adelaide","2018",22
1,"Greenwood, Hugh",7,4,14,21,2,1,0,7,1,2,4,4,0,1,0,12,9,0,1,0,0,0,78,9,"Adelaide","2018",22
24,"Jacobs, Sam",7,5,10,17,0,2,27,2,0,1,1,2,1,1,0,2,15,1,0,2,0,0,78,9,"Adelaide","2018",22
4,"Jenkins, Josh",7,6,6,13,3,1,3,0,0,2,0,3,2,2,0,6,8,0,3,4,0,1,91,9,"Adelaide","2018",22
8,"Kelly, Jake",10,9,9,19,0,0,0,1,3,3,0,3,0,2,0,3,15,0,0,3,0,0,94,9,"Adelaide","2018",22
3,"Knight, Riley",6,7,7,13,1,0,0,3,0,2,0,1,0,0,0,4,9,0,0,1,0,0,81,9,"Adelaide","2018",22
29,"Laird, Rory",21,9,20,41,0,0,0,2,5,4,1,3,0,0,3,8,31,0,0,1,0,0,84,9,"Adelaide","2018",22
27,"Lynch, Tom",17,8,6,23,1,1,0,0,0,7,0,2,0,1,0,5,17,1,2,0,2,2,88,9,"Adelaide","2018",22
14,"Mackay, David",12,3,10,22,0,1,0,1,1,2,1,2,0,1,0,3,20,0,0,0,2,0,78,9,"Adelaide","2018",22
41,"McGovern, Mitch",12,9,3,15,2,1,0,2,1,0,0,2,1,0,0,4,12,1,1,2,0,0,79,9,"Adelaide","2018",22
30,"Milera, Wayne",14,7,9,23,0,0,0,3,8,1,0,1,1,1,0,2,21,1,0,7,1,0,79,9,"Adelaide","2018",22
22,"Otten, Andy",10,5,9,19,0,0,0,1,2,1,0,3,2,1,0,9,12,1,0,3,0,0,100,9,"Adelaide","2018",22
11,"Seedsman, Paul",16,7,7,23,0,2,0,4,1,7,1,1,1,0,0,5,18,0,1,2,0,1,82,9,"Adelaide","2018",22
9,"Sloane, Rory",6,3,23,29,0,0,0,6,0,3,11,3,2,2,0,20,11,0,0,2,0,0,79,9,"Adelaide","2018",22
0,"Rushed",0,0,0,0,0,3,0,0,0,0,0,0,0,0,0,0,0,0,0,0,0,0,0,9,"Adelaide","2018",22
3,"Anderson, Jed",11,3,10,21,0,0,0,4,1,3,7,1,0,1,0,10,10,0,0,1,1,0,69,-9,"North Melbourne","2018",22
18,"Atley, Shaun",11,2,12,23,2,0,0,0,0,2,2,4,1,2,0,5,18,0,0,0,0,0,84,-9,"North Melbourne","2018",22
50,"Brown, Ben",4,3,0,4,0,1,0,5,0,2,0,2,2,2,0,2,3,0,1,1,0,0,100,-9,"North Melbourne","2018",22
13,"Clarke, Ryan",7,6,10,17,0,0,0,0,1,1,0,2,0,0,0,3,13,0,0,1,1,0,74,-9,"North Melbourne","2018",22
10,"Cunnington, Ben",10,2,6,16,0,0,0,7,2,1,5,6,1,0,0,12,4,0,1,2,0,0,80,-9,"North Melbourne","2018",22
1,"Daw, Majak",11,10,6,17,0,0,9,4,2,0,1,2,0,0,0,6,10,4,0,3,0,0,88,-9,"North Melbourne","2018",22
14,"Dumont, Trent",15,4,18,33,0,1,0,6,3,5,5,5,0,0,1,13,19,0,1,1,0,1,91,-9,"North Melbourne","2018",22
22,"Goldstein, Todd",6,1,8,14,2,0,29,2,0,2,2,2,2,1,0,8,6,1,0,3,0,0,88,-9,"North Melbourne","2018",22
4,"Higgins, Shaun",12,5,17,29,0,0,0,7,3,4,2,2,1,1,0,7,22,0,0,0,0,1,87,-9,"North Melbourne","2018",22
8,"Hrovat, Nathan",6,0,5,11,0,0,0,1,0,1,0,2,1,0,0,3,9,0,0,1,0,2,66,-9,"North Melbourne","2018",22
34,"Macmillan, Jamie",11,8,7,18,0,0,0,2,3,3,0,2,0,0,0,3,15,0,0,4,0,0,88,-9,"North Melbourne","2018",22
11,"McDonald, Luke",7,4,13,20,0,0,0,1,3,1,1,4,0,0,0,4,16,0,0,1,0,0,83,-9,"North Melbourne","2018",22
12,"Simpkin, Jy",6,5,5,11,1,0,0,5,1,2,3,1,1,1,0,7,7,0,2,1,0,0,69,-9,"North Melbourne","2018",22
25,"Tarrant, Robbie",16,10,3,19,0,0,0,2,5,4,1,3,0,2,0,5,14,0,0,4,0,1,92,-9,"North Melbourne","2018",22
16,"Thompson, Scott",12,8,6,18,0,0,0,4,4,2,0,3,2,1,0,5,14,2,0,2,1,0,96,-9,"North Melbourne","2018",22
28,"Turner, Kayne",7,2,5,12,0,3,0,6,0,2,0,0,0,0,0,6,6,0,1,3,2,0,84,-9,"North Melbourne","2018",22
30,"Waite, Jarrad",12,10,3,15,3,1,0,3,0,2,0,1,0,0,0,8,7,6,6,3,0,1,88,-9,"North Melbourne","2018",22
27,"Walker, Will",6,2,3,9,1,2,0,2,0,2,0,2,1,1,0,5,6,0,1,0,0,0,39,-9,"North Melbourne","2018",22
2,"Williams, Marley",11,4,8,19,0,1,0,2,1,2,0,1,0,0,0,3,17,0,0,1,2,0,89,-9,"North Melbourne","2018",22
32,"Wood, Mason",7,4,4,11,1,1,0,0,0,1,0,2,1,2,0,6,5,2,0,0,0,0,81,-9,"North Melbourne","2018",22
19,"Wright, Sam",10,4,8,18,0,0,0,3,5,2,0,2,2,0,0,6,12,0,0,3,0,0,82,-9,"North Melbourne","2018",22
7,"Ziebell, Jack",11,4,6,17,1,0,0,2,2,3,1,4,1,1,0,9,8,1,0,0,0,1,80,-9,"North Melbourne","2018",22
0,"Rushed",0,0,0,0,0,1,0,0,0,0,0,0,0,0,0,0,0,0,0,0,0,0,0,-9,"North Melbourne","2018",22
