"Number","Player","Kicks","Marks","Handballs","Disposals","Goals","Behinds","Hitouts","Tackles","Rebounds50s","Inside50s","Clearances","Clangers","FreesFor","FreesAgainst","BrownlowVotes","ContestedPossessions","UncontestedPossessions","ContestedMarks","MarksInside50","OnePercenters","Bounces","GoalAssists","PercentagePlayed","PointDifference","Team","Season","Round"
3,"Anderson, Jed",6,0,9,15,0,0,0,9,0,2,5,4,0,1,0,8,5,0,0,3,0,0,76,28,"North Melbourne","2018",5
18,"Atley, Shaun",6,1,14,20,1,1,0,1,0,4,3,2,1,1,0,8,12,0,0,1,1,2,77,28,"North Melbourne","2018",5
50,"Brown, Ben",8,7,2,10,4,1,0,2,0,1,0,1,1,1,0,3,7,1,5,2,0,0,100,28,"North Melbourne","2018",5
13,"Clarke, Ryan",17,10,9,26,0,0,0,2,4,0,1,6,0,1,0,4,21,0,0,0,0,0,81,28,"North Melbourne","2018",5
10,"Cunnington, Ben",15,3,15,30,0,0,0,6,2,2,6,1,1,0,3,18,9,0,0,2,0,1,83,28,"North Melbourne","2018",5
1,"Daw, Majak",9,4,4,13,0,0,4,1,4,1,1,2,2,0,0,8,4,2,0,6,0,1,85,28,"North Melbourne","2018",5
14,"Dumont, Trent",13,0,10,23,1,0,0,2,0,2,2,6,5,2,0,12,11,0,0,1,0,0,76,28,"North Melbourne","2018",5
22,"Goldstein, Todd",5,3,7,12,0,0,31,2,1,2,1,2,2,0,0,4,9,0,0,2,0,0,90,28,"North Melbourne","2018",5
39,"Hartung, Billy",10,4,8,18,1,1,0,3,3,3,3,5,0,1,0,6,12,0,0,0,1,1,89,28,"North Melbourne","2018",5
4,"Higgins, Shaun",9,5,4,13,0,1,0,1,0,4,2,0,0,0,0,1,13,0,0,0,0,0,51,28,"North Melbourne","2018",5
5,"Jacobs, Ben",5,0,14,19,0,0,0,5,1,1,7,4,3,1,0,11,8,0,0,1,0,0,84,28,"North Melbourne","2018",5
34,"Macmillan, Jamie",15,6,5,20,0,1,0,3,5,3,0,0,2,0,0,2,15,0,0,0,2,0,83,28,"North Melbourne","2018",5
11,"McDonald, Luke",10,4,8,18,0,0,0,3,1,2,0,3,0,0,0,7,11,0,0,2,0,1,75,28,"North Melbourne","2018",5
12,"Simpkin, Jy",4,0,7,11,0,0,0,2,0,1,3,3,0,1,0,6,5,0,0,2,0,0,78,28,"North Melbourne","2018",5
25,"Tarrant, Robbie",18,16,2,20,0,0,0,4,7,1,0,2,0,1,2,4,16,3,0,6,0,0,95,28,"North Melbourne","2018",5
16,"Thompson, Scott",15,11,5,20,0,0,0,2,3,3,0,2,2,1,0,4,16,0,0,8,1,1,95,28,"North Melbourne","2018",5
28,"Turner, Kayne",9,4,6,15,0,0,0,4,1,5,1,2,1,0,0,7,8,1,3,1,0,1,86,28,"North Melbourne","2018",5
33,"Vickers-Willis, Ed",7,3,1,8,0,0,0,2,1,1,1,2,0,1,0,3,6,0,0,5,0,0,45,28,"North Melbourne","2018",5
30,"Waite, Jarrad",13,8,3,16,3,5,0,2,0,3,0,0,0,0,1,10,7,4,4,1,0,0,100,28,"North Melbourne","2018",5
2,"Williams, Marley",8,5,5,13,0,0,0,1,3,2,0,3,1,1,0,4,9,0,0,5,0,1,87,28,"North Melbourne","2018",5
7,"Ziebell, Jack",16,5,2,18,2,2,0,7,1,2,0,4,2,1,0,7,10,1,3,0,0,1,85,28,"North Melbourne","2018",5
44,"Zurhaar, Cameron",11,2,4,15,2,1,0,2,1,3,1,5,1,3,0,8,6,0,1,1,0,1,79,28,"North Melbourne","2018",5
0,"Rushed",0,0,0,0,0,1,0,0,0,0,0,0,0,0,0,0,0,0,0,0,0,0,0,28,"North Melbourne","2018",5
22,"Breust, Luke",9,5,6,15,5,1,0,4,0,1,3,1,3,0,0,6,9,0,4,1,0,2,81,-28,"Hawthorn","2018",5
5,"Burton, Ryan",7,4,2,9,0,0,0,3,1,0,0,3,0,3,0,2,6,0,0,2,0,0,85,-28,"Hawthorn","2018",5
46,"Cousins, James",7,5,10,17,0,0,0,2,0,2,0,2,1,0,0,4,13,0,1,1,0,0,67,-28,"Hawthorn","2018",5
8,"Duryea, Taylor",10,4,9,19,0,1,0,2,1,4,1,4,0,4,0,10,11,0,0,1,0,1,84,-28,"Hawthorn","2018",5
12,"Frawley, James",10,3,5,15,0,0,0,2,3,0,0,5,1,1,0,10,6,0,0,9,0,0,94,-28,"Hawthorn","2018",5
44,"Glass, Conor",9,1,4,13,0,0,0,3,1,1,1,5,0,3,0,3,8,0,0,1,1,0,66,-28,"Hawthorn","2018",5
19,"Gunston, Jack",7,4,9,16,2,1,0,1,1,1,0,1,1,0,0,6,11,0,1,1,0,2,91,-28,"Hawthorn","2018",5
15,"Hardwick, Blake",9,5,4,13,0,0,0,2,0,3,0,3,0,1,0,1,12,0,1,1,0,0,89,-28,"Hawthorn","2018",5
31,"Henderson, Ricky",16,9,10,26,0,0,0,1,1,7,0,4,0,1,0,6,21,0,0,1,0,2,76,-28,"Hawthorn","2018",5
17,"Howe, Daniel",9,6,9,18,0,0,0,3,0,0,1,6,0,1,0,10,10,0,0,3,0,0,77,-28,"Hawthorn","2018",5
4,"Impey, Jarman",11,3,4,15,1,1,0,4,0,4,2,3,2,0,0,6,9,1,1,1,2,0,85,-28,"Hawthorn","2018",5
7,"McEvoy, Ben",6,4,6,12,0,0,29,1,2,2,1,1,0,1,0,2,11,0,1,3,0,1,81,-28,"Hawthorn","2018",5
32,"Mirra, David",12,6,5,17,0,0,0,0,3,2,0,4,3,1,0,8,10,0,0,0,0,0,78,-28,"Hawthorn","2018",5
3,"Mitchell, Tom",11,4,8,19,0,0,0,6,1,5,3,3,1,1,0,6,14,0,0,0,0,1,91,-28,"Hawthorn","2018",5
35,"Morrison, Harry",11,4,5,16,0,0,0,1,1,0,3,2,2,0,0,8,8,0,0,0,0,0,86,-28,"Hawthorn","2018",5
23,"OBrien, Tim",2,0,5,7,0,0,0,1,0,0,0,0,0,0,0,5,3,0,0,2,0,0,77,-28,"Hawthorn","2018",5
10,"OMeara, Jaeger",8,4,8,16,0,0,0,5,1,1,1,4,0,3,0,8,9,0,0,1,0,0,74,-28,"Hawthorn","2018",5
2,"Roughead, Jarryd",5,3,11,16,0,0,5,2,0,3,4,3,0,0,0,11,7,0,0,2,0,1,86,-28,"Hawthorn","2018",5
26,"Shiels, Liam",10,1,6,16,2,0,0,2,2,3,2,3,0,1,0,4,11,0,0,0,0,0,60,-28,"Hawthorn","2018",5
6,"Sicily, James",19,11,9,28,0,0,0,1,7,5,0,2,2,1,0,7,19,1,0,4,1,0,92,-28,"Hawthorn","2018",5
16,"Smith, Isaac",19,10,6,25,1,0,0,0,0,7,3,7,1,0,0,8,16,0,0,3,2,0,89,-28,"Hawthorn","2018",5
24,"Stratton, Ben",4,3,6,10,0,0,0,1,2,1,0,2,0,2,0,2,8,0,0,9,0,0,91,-28,"Hawthorn","2018",5
0,"Totals",211,99,147,358,11,4,34,47,27,52,25,68,17,24,0,133,232,2,9,46,6,10,0,-28,"Hawthorn","2018",5
