"Number","Player","Kicks","Marks","Handballs","Disposals","Goals","Behinds","Hitouts","Tackles","Rebounds50s","Inside50s","Clearances","Clangers","FreesFor","FreesAgainst","BrownlowVotes","ContestedPossessions","UncontestedPossessions","ContestedMarks","MarksInside50","OnePercenters","Bounces","GoalAssists","PercentagePlayed","PointDifference","Team","Season","Round"
41,"Casboult, Levi",4,3,0,4,0,3,2,1,0,1,0,1,1,0,0,5,1,2,2,4,0,0,83,-21,"Carlton","2018",15
9,"Cripps, Patrick",16,2,17,33,1,1,0,3,2,9,4,3,2,1,2,12,19,0,0,1,1,0,92,-21,"Carlton","2018",15
30,"Curnow, Charlie",13,9,4,17,4,1,0,0,1,6,0,2,1,1,0,6,11,3,2,0,0,0,90,-21,"Carlton","2018",15
35,"Curnow, Ed",17,3,16,33,0,0,0,2,3,3,5,5,1,2,0,13,19,0,0,1,1,0,85,-21,"Carlton","2018",15
2,"Dow, Paddy",7,0,7,14,1,0,0,2,1,3,3,2,1,2,0,7,8,0,0,0,0,0,68,-21,"Carlton","2018",15
25,"Fisher, Zac",11,1,12,23,0,0,0,2,0,2,2,2,1,0,0,6,17,0,0,0,1,0,83,-21,"Carlton","2018",15
21,"Garlett, Jarrod",7,3,10,17,0,2,0,3,2,0,4,2,0,0,0,7,10,0,0,0,0,1,71,-21,"Carlton","2018",15
32,"Graham, Nick",5,4,15,20,0,0,0,4,1,0,4,2,1,1,0,6,14,0,0,1,0,0,72,-21,"Carlton","2018",15
14,"Jones, Liam",11,4,3,14,0,0,0,4,7,0,0,1,3,0,0,6,7,0,0,5,0,0,100,-21,"Carlton","2018",15
7,"Kennedy, Matthew",9,5,10,19,1,1,0,2,1,0,2,6,0,3,0,10,11,0,2,3,3,0,80,-21,"Carlton","2018",15
13,"Lamb, Jed",9,1,5,14,0,0,0,1,4,0,1,4,1,2,0,3,9,0,0,2,0,0,84,-21,"Carlton","2018",15
18,"Mullett, Aaron",8,5,5,13,0,0,0,2,4,0,0,1,0,1,0,2,12,0,0,3,1,0,73,-21,"Carlton","2018",15
3,"Murphy, Marc",16,4,12,28,1,1,0,5,3,5,4,5,1,1,0,12,18,0,0,3,0,1,82,-21,"Carlton","2018",15
5,"Petrevski-Seton, Sam",4,2,10,14,0,0,0,7,3,0,1,2,1,1,0,5,9,0,0,1,0,0,79,-21,"Carlton","2018",15
34,"Phillips, Andrew",7,3,5,12,1,0,42,2,1,1,3,2,0,1,0,7,5,1,1,6,0,0,92,-21,"Carlton","2018",15
33,"Pickett, Jarrod",5,1,2,7,1,0,0,2,0,1,0,3,1,0,0,4,2,0,1,0,1,1,75,-21,"Carlton","2018",15
29,"Polson, Cameron",5,1,2,7,0,0,0,2,0,1,0,3,0,0,0,2,5,0,0,0,2,0,71,-21,"Carlton","2018",15
17,"Rowe, Sam",7,4,11,18,0,0,0,1,3,1,0,2,1,0,0,12,8,1,0,13,0,0,97,-21,"Carlton","2018",15
1,"Silvagni, Jack",4,3,6,10,0,0,0,1,2,0,0,3,1,2,0,3,7,0,0,3,0,0,69,-21,"Carlton","2018",15
6,"Simpson, Kade",21,3,16,37,0,0,0,2,8,3,2,3,3,1,3,10,23,1,0,1,0,1,90,-21,"Carlton","2018",15
23,"Weitering, Jacob",8,6,5,13,0,0,0,1,1,0,0,5,0,4,0,4,10,2,0,3,0,0,85,-21,"Carlton","2018",15
46,"Wright, Matthew",10,8,3,13,0,0,0,2,2,2,0,3,1,0,0,2,11,0,1,0,0,2,77,-21,"Carlton","2018",15
0,"Totals",204,75,176,380,10,9,44,51,49,38,35,62,21,23,5,144,236,10,9,50,10,6,0,-21,"Carlton","2018",15
1,"Boak, Travis",8,4,8,16,1,1,0,7,0,4,3,3,0,1,0,7,10,0,1,1,0,0,87,21,"Port Adelaide","2018",15
26,"Bonner, Riley",15,5,3,18,0,0,0,0,4,0,0,2,0,0,0,2,15,0,0,0,0,0,77,21,"Port Adelaide","2018",15
17,"Clurey, Tom",11,8,5,16,0,0,0,2,0,4,0,0,0,0,0,2,13,1,0,7,0,0,95,21,"Port Adelaide","2018",15
22,"Dixon, Charlie",9,4,2,11,1,1,7,2,0,4,2,2,1,1,0,9,3,2,2,5,0,1,97,21,"Port Adelaide","2018",15
7,"Ebert, Brad",15,8,5,20,0,0,0,2,2,0,4,2,1,1,0,7,14,1,0,4,0,1,75,21,"Port Adelaide","2018",15
9,"Gray, Robbie",5,2,8,13,3,0,0,2,0,3,4,1,2,1,0,10,3,2,2,1,0,0,96,21,"Port Adelaide","2018",15
46,"Gray, Sam",7,2,3,10,0,2,0,6,0,3,0,4,2,2,0,7,3,1,1,0,0,1,86,21,"Port Adelaide","2018",15
36,"Hombsch, Jack",3,2,5,8,0,0,0,2,1,1,1,1,0,1,0,2,6,0,0,10,0,0,65,21,"Port Adelaide","2018",15
43,"Houston, Dan",17,9,5,22,0,0,0,2,5,5,1,3,0,1,0,6,14,0,0,3,3,1,80,21,"Port Adelaide","2018",15
32,"Howard, Dougal",6,5,3,9,0,0,0,2,2,1,0,1,0,1,0,4,5,0,0,9,0,0,89,21,"Port Adelaide","2018",15
13,"Marshall, Todd",2,2,3,5,2,0,0,3,0,1,0,0,0,0,0,2,3,0,1,1,0,0,65,21,"Port Adelaide","2018",15
6,"Motlop, Steven",10,5,4,14,1,1,0,4,0,5,0,1,0,1,0,3,11,0,0,2,1,0,75,21,"Port Adelaide","2018",15
29,"Pittard, Jasper",8,5,3,11,0,0,0,2,1,1,0,1,0,0,0,0,10,0,0,2,0,0,62,21,"Port Adelaide","2018",15
21,"Polec, Jared",14,4,6,20,0,0,0,2,1,4,1,5,0,2,0,5,15,0,0,2,3,1,90,21,"Port Adelaide","2018",15
2,"Powell-Pepper, Sam",9,2,13,22,0,1,0,6,0,4,5,0,0,0,0,9,14,0,0,1,0,0,75,21,"Port Adelaide","2018",15
11,"Rockliff, Tom",16,4,13,29,0,1,0,3,0,6,5,7,2,2,0,12,20,0,0,1,0,1,78,21,"Port Adelaide","2018",15
4,"Ryder, Paddy",5,5,9,14,0,1,28,2,0,2,4,0,1,0,0,9,5,2,2,1,0,1,83,21,"Port Adelaide","2018",15
48,"Thomas, Lindsay",11,5,5,16,1,0,0,5,0,1,0,6,4,3,0,5,12,0,2,0,0,1,65,21,"Port Adelaide","2018",15
19,"Trengove, Jack",13,8,8,21,0,0,0,4,4,4,0,3,3,2,0,6,16,0,0,1,0,0,94,21,"Port Adelaide","2018",15
39,"Westhoff, Justin",16,6,3,19,2,1,7,4,6,1,1,1,5,0,0,10,10,2,2,3,0,1,86,21,"Port Adelaide","2018",15
16,"Wines, Ollie",11,3,10,21,0,0,0,7,0,5,5,3,0,2,0,9,12,0,0,1,0,1,85,21,"Port Adelaide","2018",15
20,"Wingard, Chad",12,1,12,24,2,1,0,6,0,5,4,2,2,0,1,11,13,0,0,2,0,0,78,21,"Port Adelaide","2018",15
0,"Rushed",0,0,0,0,0,2,0,0,0,0,0,0,0,0,0,0,0,0,0,0,0,0,0,21,"Port Adelaide","2018",15
