"Number","Player","Kicks","Marks","Handballs","Disposals","Goals","Behinds","Hitouts","Tackles","Rebounds50s","Inside50s","Clearances","Clangers","FreesFor","FreesAgainst","BrownlowVotes","ContestedPossessions","UncontestedPossessions","ContestedMarks","MarksInside50","OnePercenters","Bounces","GoalAssists","PercentagePlayed","PointDifference","Team","Season","Round"
41,"Banfield, Bailey",11,0,7,18,0,0,0,9,2,2,6,2,1,1,0,12,6,0,0,2,0,0,78,9,"Fremantle","2018",17
5,"Cerra, Adam",11,3,6,17,0,0,0,8,1,2,3,4,2,1,0,9,8,0,0,2,1,1,65,9,"Fremantle","2018",17
36,"Cox, Brennan",9,3,7,16,2,0,0,6,0,3,0,4,1,1,0,6,8,0,1,2,0,0,96,9,"Fremantle","2018",17
4,"Darcy, Sean",6,5,9,15,0,2,33,5,0,1,5,1,0,1,0,8,7,1,2,4,0,0,77,9,"Fremantle","2018",17
42,"Giro, Stefan",8,2,11,19,0,0,0,6,0,4,0,1,1,0,0,6,12,0,0,0,0,1,84,9,"Fremantle","2018",17
21,"Hamling, Joel",7,5,4,11,0,0,0,2,3,0,1,0,2,0,0,6,5,1,0,14,0,0,98,9,"Fremantle","2018",17
9,"Hill, Bradley",18,6,3,21,0,0,0,4,2,6,1,2,0,0,0,3,19,0,0,0,1,0,84,9,"Fremantle","2018",17
32,"Hill, Stephen",10,6,7,17,0,0,0,4,2,0,0,4,0,1,0,6,11,0,0,2,1,0,88,9,"Fremantle","2018",17
15,"Hughes, Ethan",7,3,5,12,1,0,0,2,2,2,0,1,0,0,0,2,8,0,0,2,0,0,68,9,"Fremantle","2018",17
40,"Jones, Scott",5,2,4,9,1,0,11,3,0,2,0,0,2,0,0,8,3,1,1,5,0,0,90,9,"Fremantle","2018",17
26,"Langdon, Ed",13,4,15,28,0,1,0,4,2,4,1,4,2,1,0,10,18,0,0,0,0,1,86,9,"Fremantle","2018",17
3,"Matera, Brandon",7,0,9,16,0,1,0,2,0,1,2,2,1,0,0,7,9,0,0,2,0,0,74,9,"Fremantle","2018",17
23,"McCarthy, Cam",2,0,2,4,1,0,0,0,0,0,0,3,1,1,0,1,3,0,0,0,0,0,66,9,"Fremantle","2018",17
16,"Mundy, David",22,5,7,29,1,1,0,5,0,8,3,1,0,0,3,10,19,2,1,4,0,0,83,9,"Fremantle","2018",17
27,"Neale, Lachie",15,4,18,33,0,0,0,1,3,7,9,4,1,2,2,18,15,0,0,0,0,1,80,9,"Fremantle","2018",17
43,"Nyhuis, Ryan",9,3,2,11,0,0,0,1,0,0,0,2,0,2,0,3,9,0,0,3,0,0,91,9,"Fremantle","2018",17
25,"Pearce, Alex",5,2,4,9,0,0,0,1,2,1,1,2,0,1,0,2,5,0,0,3,0,0,87,9,"Fremantle","2018",17
38,"Ryan, Luke",20,7,8,28,0,0,0,3,7,5,0,1,2,0,0,9,16,2,0,1,0,0,86,9,"Fremantle","2018",17
11,"Sheridan, Tom",9,3,3,12,0,1,0,2,1,1,3,0,2,0,0,6,7,1,1,0,0,2,63,9,"Fremantle","2018",17
33,"Sutcliffe, Cam",8,2,3,11,1,2,0,6,0,3,0,3,1,0,0,5,5,0,1,1,0,0,90,9,"Fremantle","2018",17
10,"Walters, Michael",8,3,6,14,1,1,0,3,0,2,0,3,2,1,0,7,9,0,1,1,0,0,81,9,"Fremantle","2018",17
14,"Wilson, Nathan",13,5,5,18,0,0,0,1,3,4,1,3,2,1,0,5,10,0,0,7,1,0,84,9,"Fremantle","2018",17
0,"Rushed",0,0,0,0,0,2,0,0,0,0,0,0,0,0,0,0,0,0,0,0,0,0,0,9,"Fremantle","2018",17
15,"Amon, Karl",9,1,13,22,0,0,0,4,3,0,5,3,0,0,0,8,16,0,0,0,1,0,70,-9,"Port Adelaide","2018",17
1,"Boak, Travis",12,3,10,22,1,0,0,4,1,3,2,3,1,0,0,9,12,0,1,1,0,0,93,-9,"Port Adelaide","2018",17
26,"Bonner, Riley",6,0,6,12,0,0,0,2,4,1,1,2,1,1,0,8,4,0,0,3,0,0,75,-9,"Port Adelaide","2018",17
33,"Byrne-Jones, Darcy",13,6,4,17,0,0,0,4,1,1,0,2,0,1,0,3,13,0,0,2,0,0,82,-9,"Port Adelaide","2018",17
17,"Clurey, Tom",9,4,3,12,0,0,0,1,5,0,0,4,1,2,0,4,8,0,0,6,0,0,90,-9,"Port Adelaide","2018",17
22,"Dixon, Charlie",8,3,8,16,0,0,18,3,0,2,3,6,1,2,0,8,5,1,0,2,1,1,100,-9,"Port Adelaide","2018",17
7,"Ebert, Brad",9,2,7,16,0,0,0,4,1,2,2,5,0,2,0,9,7,1,1,2,0,0,88,-9,"Port Adelaide","2018",17
9,"Gray, Robbie",2,0,7,9,0,0,0,1,0,1,2,0,1,0,0,8,1,0,0,1,1,0,46,-9,"Port Adelaide","2018",17
46,"Gray, Sam",7,4,9,16,1,1,0,2,0,1,0,3,2,2,0,4,10,0,2,0,0,0,86,-9,"Port Adelaide","2018",17
36,"Hombsch, Jack",8,6,3,11,0,0,0,2,1,0,0,1,1,1,0,3,8,0,0,5,0,0,91,-9,"Port Adelaide","2018",17
43,"Houston, Dan",10,4,9,19,0,0,0,2,6,0,1,2,0,0,0,5,12,0,0,8,0,0,83,-9,"Port Adelaide","2018",17
32,"Howard, Dougal",8,4,3,11,0,0,0,0,5,0,0,6,0,2,0,5,6,0,0,14,0,0,97,-9,"Port Adelaide","2018",17
6,"Motlop, Steven",9,0,9,18,0,0,0,1,1,4,2,4,1,2,0,4,14,0,0,1,1,0,82,-9,"Port Adelaide","2018",17
21,"Polec, Jared",18,7,8,26,0,1,0,1,4,3,2,5,0,1,0,8,18,1,1,2,1,2,91,-9,"Port Adelaide","2018",17
2,"Powell-Pepper, Sam",12,3,16,28,1,0,0,2,5,3,1,4,0,3,0,10,18,0,1,0,2,0,83,-9,"Port Adelaide","2018",17
11,"Rockliff, Tom",14,3,11,25,0,1,0,3,1,4,4,3,0,2,0,11,13,0,0,0,0,2,76,-9,"Port Adelaide","2018",17
4,"Ryder, Paddy",0,1,3,3,0,0,18,6,0,0,0,0,0,0,0,2,1,0,0,0,0,0,31,-9,"Port Adelaide","2018",17
48,"Thomas, Lindsay",10,3,3,13,0,0,0,3,0,1,0,5,0,0,0,3,9,0,1,1,0,0,87,-9,"Port Adelaide","2018",17
23,"Watts, Jack",6,7,11,17,1,1,0,5,0,1,0,1,0,1,0,6,11,0,2,1,0,1,86,-9,"Port Adelaide","2018",17
39,"Westhoff, Justin",11,6,7,18,1,1,5,4,2,3,1,3,1,0,0,8,11,1,0,6,0,0,93,-9,"Port Adelaide","2018",17
16,"Wines, Ollie",15,4,15,30,0,1,0,7,1,5,5,1,2,0,1,15,15,2,0,2,0,1,79,-9,"Port Adelaide","2018",17
20,"Wingard, Chad",14,0,10,24,2,0,0,6,2,4,7,6,2,1,0,14,11,0,0,0,0,0,91,-9,"Port Adelaide","2018",17
0,"Rushed",0,0,0,0,0,2,0,0,0,0,0,0,0,0,0,0,0,0,0,0,0,0,0,-9,"Port Adelaide","2018",17
