"Number","Player","Kicks","Marks","Handballs","Disposals","Goals","Behinds","Hitouts","Tackles","Rebounds50s","Inside50s","Clearances","Clangers","FreesFor","FreesAgainst","BrownlowVotes","ContestedPossessions","UncontestedPossessions","ContestedMarks","MarksInside50","OnePercenters","Bounces","GoalAssists","PercentagePlayed","PointDifference","Team","Season","Round"
13,"Ah Chee, Callum",8,3,3,11,0,1,0,4,0,2,0,12,2,5,0,6,4,1,1,2,0,0,83,-40,"Gold Coast","2018",9
9,"Ainsworth, Ben",13,5,6,19,0,0,0,7,3,5,4,4,1,1,0,9,12,0,0,4,0,0,76,-40,"Gold Coast","2018",9
31,"Ballard, Charlie",3,0,3,6,0,0,0,1,0,2,0,4,0,2,0,5,1,0,0,2,1,0,85,-40,"Gold Coast","2018",9
29,"Bowes, Jack",4,1,3,7,1,0,0,3,0,1,0,1,3,0,0,10,0,1,0,4,0,0,84,-40,"Gold Coast","2018",9
32,"Crossley, Brayden",5,0,2,7,0,0,6,2,2,1,1,2,2,2,0,4,3,0,0,3,0,0,73,-40,"Gold Coast","2018",9
33,"Hall, Aaron",18,7,11,29,0,0,0,5,9,2,3,5,1,1,0,9,16,1,0,3,0,0,82,-40,"Gold Coast","2018",9
5,"Harbrow, Jarrod",22,6,5,27,0,0,0,9,8,5,0,5,2,1,0,8,17,0,0,4,0,0,87,-40,"Gold Coast","2018",9
40,"Heron, Jacob",4,0,6,10,1,0,0,3,0,2,1,2,2,0,0,6,3,0,0,0,0,1,86,-40,"Gold Coast","2018",9
39,"Holman, Nick",12,3,13,25,0,1,0,8,2,4,4,2,4,0,0,16,9,0,0,1,0,0,79,-40,"Gold Coast","2018",9
21,"Leslie, Jack",5,2,0,5,0,0,0,2,1,2,0,1,0,1,0,1,4,0,0,3,0,0,85,-40,"Gold Coast","2018",9
25,"Lyons, Jarryd",13,3,9,22,0,0,0,4,5,1,5,4,0,0,0,10,11,1,0,3,0,0,78,-40,"Gold Coast","2018",9
17,"May, Steven",12,4,4,16,0,0,0,2,4,3,2,4,2,0,0,8,9,1,0,4,0,0,90,-40,"Gold Coast","2018",9
11,"Miller, Touk",6,4,15,21,1,0,0,5,1,2,8,1,2,0,0,15,8,0,0,4,0,0,92,-40,"Gold Coast","2018",9
35,"Rischitelli, Michael",12,2,3,15,0,0,0,1,4,2,2,2,1,0,0,9,5,1,0,4,0,0,75,-40,"Gold Coast","2018",9
3,"Rosa, Matt",4,1,4,8,1,0,0,1,0,0,1,2,0,1,0,3,5,0,0,1,0,0,44,-40,"Gold Coast","2018",9
18,"Scheer, Brad",7,2,6,13,0,0,0,3,1,3,3,2,0,0,0,7,6,0,0,0,0,0,75,-40,"Gold Coast","2018",9
6,"Sexton, Alex",6,0,4,10,0,1,0,5,4,0,0,5,1,1,0,2,6,0,0,2,1,1,84,-40,"Gold Coast","2018",9
24,"Swallow, David",11,3,7,18,0,0,0,5,0,4,5,3,3,2,0,11,7,0,0,4,0,0,80,-40,"Gold Coast","2018",9
16,"Thompson, Rory",6,1,5,11,0,0,0,0,4,1,0,3,1,2,0,6,5,0,0,12,0,0,100,-40,"Gold Coast","2018",9
14,"Weller, Lachie",11,2,8,19,1,0,0,6,4,2,2,1,1,0,0,6,13,0,0,1,0,2,87,-40,"Gold Coast","2018",9
28,"Witts, Jarrod",12,2,10,22,1,2,43,3,3,2,13,5,6,2,1,18,5,0,0,4,0,0,84,-40,"Gold Coast","2018",9
15,"Young, Aaron",11,1,4,15,0,0,0,4,0,2,0,10,2,2,0,5,9,0,0,2,0,0,90,-40,"Gold Coast","2018",9
0,"Rushed",0,0,0,0,0,1,0,0,0,0,0,0,0,0,0,0,0,0,0,0,0,0,0,-40,"Gold Coast","2018",9
1,"Boak, Travis",15,5,14,29,1,1,0,6,3,6,8,5,0,2,2,16,11,0,1,0,0,0,74,40,"Port Adelaide","2018",9
26,"Bonner, Riley",11,4,6,17,0,0,0,0,4,2,0,6,0,4,0,5,12,0,0,6,0,0,79,40,"Port Adelaide","2018",9
33,"Byrne-Jones, Darcy",22,5,4,26,0,0,0,4,6,8,4,4,1,0,0,12,13,0,0,4,0,0,88,40,"Port Adelaide","2018",9
17,"Clurey, Tom",14,7,3,17,0,0,0,3,1,4,0,3,1,2,0,2,14,0,0,8,0,1,89,40,"Port Adelaide","2018",9
22,"Dixon, Charlie",8,2,10,18,1,2,3,3,1,2,1,1,4,1,0,13,4,1,1,3,0,0,92,40,"Port Adelaide","2018",9
7,"Ebert, Brad",10,4,2,12,0,0,0,9,3,4,1,3,0,0,0,5,8,0,0,3,0,1,73,40,"Port Adelaide","2018",9
9,"Gray, Robbie",11,1,4,15,0,3,0,4,1,7,3,3,1,1,0,11,6,1,1,4,0,0,97,40,"Port Adelaide","2018",9
46,"Gray, Sam",12,2,5,17,2,2,0,3,4,2,0,4,2,1,0,6,11,1,2,2,0,0,85,40,"Port Adelaide","2018",9
36,"Hombsch, Jack",3,1,4,7,0,0,0,0,0,1,0,3,0,1,0,1,6,0,0,4,0,0,88,40,"Port Adelaide","2018",9
43,"Houston, Dan",7,3,7,14,0,0,0,3,1,0,1,3,0,1,0,8,7,1,0,3,0,0,84,40,"Port Adelaide","2018",9
32,"Howard, Dougal",6,3,2,8,0,0,0,0,0,0,0,4,0,1,0,2,4,1,0,10,0,0,81,40,"Port Adelaide","2018",9
42,"Jonas, Tom",14,10,2,16,0,0,0,3,7,1,0,5,1,2,0,7,10,1,0,6,0,0,91,40,"Port Adelaide","2018",9
6,"Motlop, Steven",3,0,2,5,0,0,0,2,0,0,0,0,0,0,0,3,1,0,0,2,0,0,72,40,"Port Adelaide","2018",9
3,"Neade, Jake",6,0,7,13,0,2,0,4,0,3,0,1,3,1,0,8,4,0,0,1,0,1,85,40,"Port Adelaide","2018",9
21,"Polec, Jared",14,0,6,20,0,0,0,5,4,7,4,6,1,2,0,10,7,0,0,2,1,1,78,40,"Port Adelaide","2018",9
2,"Powell-Pepper, Sam",16,3,10,26,2,1,0,10,2,6,7,13,0,7,3,17,11,0,1,5,0,1,85,40,"Port Adelaide","2018",9
11,"Rockliff, Tom",16,2,10,26,1,1,0,7,0,3,8,5,0,1,0,15,9,0,0,1,0,0,68,40,"Port Adelaide","2018",9
4,"Ryder, Paddy",4,3,2,6,0,0,42,3,1,2,0,9,2,6,0,5,2,2,0,5,0,0,79,40,"Port Adelaide","2018",9
23,"Watts, Jack",4,2,8,12,1,0,0,5,0,3,0,1,1,0,0,6,6,0,0,2,0,1,69,40,"Port Adelaide","2018",9
39,"Westhoff, Justin",10,2,6,16,0,1,7,5,2,7,5,0,2,0,0,8,8,1,0,7,0,0,82,40,"Port Adelaide","2018",9
16,"Wines, Ollie",15,5,11,26,1,0,0,3,1,2,4,3,1,1,0,11,14,0,0,1,0,0,67,40,"Port Adelaide","2018",9
20,"Wingard, Chad",10,3,6,16,2,3,0,0,0,3,1,3,3,2,0,8,8,1,3,2,0,0,95,40,"Port Adelaide","2018",9
0,"Totals",231,67,131,362,11,16,52,82,41,73,47,85,23,36,5,179,176,10,9,81,1,6,0,40,"Port Adelaide","2018",9
