"Number","Player","Kicks","Marks","Handballs","Disposals","Goals","Behinds","Hitouts","Tackles","Rebounds50s","Inside50s","Clearances","Clangers","FreesFor","FreesAgainst","BrownlowVotes","ContestedPossessions","UncontestedPossessions","ContestedMarks","MarksInside50","OnePercenters","Bounces","GoalAssists","PercentagePlayed","PointDifference","Team","Season","Round"
14,"Aish, James",11,6,9,20,0,1,0,1,0,4,1,1,0,0,0,3,17,0,1,1,0,0,86,49,"Collingwood","2018",5
17,"Brown, Callum",5,2,17,22,0,0,0,2,2,2,0,2,0,2,0,9,16,0,0,0,0,0,79,49,"Collingwood","2018",5
46,"Cox, Mason",7,8,5,12,2,2,4,2,0,1,0,3,1,0,0,5,7,3,5,2,0,0,80,49,"Collingwood","2018",5
25,"Crisp, Jack",7,4,7,14,0,0,0,2,2,1,2,2,0,1,0,5,10,1,0,2,2,1,85,49,"Collingwood","2018",5
39,"Crocker, Ben",7,6,4,11,0,1,0,2,0,2,0,3,1,2,0,3,8,1,1,1,1,0,77,49,"Collingwood","2018",5
2,"de Goey, Jordan",11,2,12,23,1,0,0,2,0,6,5,2,1,1,0,8,14,1,0,0,0,0,79,49,"Collingwood","2018",5
15,"Dunn, Lynden",9,4,2,11,0,0,0,3,4,1,0,3,1,3,0,2,7,0,0,6,0,0,85,49,"Collingwood","2018",5
4,"Grundy, Brodie",9,4,13,22,0,0,32,3,0,6,4,2,1,0,1,14,8,3,0,1,0,0,87,49,"Collingwood","2018",5
32,"Hoskin-Elliott, Will",8,5,4,12,2,2,0,0,0,2,0,0,1,0,0,4,8,1,3,1,0,0,76,49,"Collingwood","2018",5
38,"Howe, Jeremy",13,8,3,16,0,0,0,3,4,1,0,1,1,0,0,4,10,1,0,2,0,0,90,49,"Collingwood","2018",5
8,"Langdon, Tom",12,5,7,19,0,0,0,4,5,3,0,3,3,0,0,4,14,1,0,2,0,1,85,49,"Collingwood","2018",5
37,"Maynard, Brayden",13,3,2,15,0,0,0,6,4,2,0,4,2,1,0,6,10,0,0,7,0,0,80,49,"Collingwood","2018",5
9,"Murray, Sam",10,4,11,21,0,0,0,1,4,1,0,0,1,0,0,5,16,0,0,3,0,0,91,49,"Collingwood","2018",5
10,"Pendlebury, Scott",11,6,16,27,0,0,0,5,2,4,4,0,1,0,0,11,16,0,0,1,0,1,79,49,"Collingwood","2018",5
21,"Phillips, Tom",8,2,17,25,1,1,0,0,0,1,2,1,1,0,0,9,17,0,0,1,0,0,85,49,"Collingwood","2018",5
20,"Reid, Ben",6,3,3,9,1,2,1,1,0,1,0,1,1,0,0,5,5,2,2,0,0,0,80,49,"Collingwood","2018",5
12,"Scharenberg, Matt",8,3,11,19,0,0,0,0,2,1,1,1,2,0,0,6,12,0,0,6,0,0,84,49,"Collingwood","2018",5
22,"Sidebottom, Steele",11,1,14,25,3,0,0,1,0,2,0,5,0,3,3,7,18,0,0,3,1,0,81,49,"Collingwood","2018",5
35,"Stephenson, Jaidyn",12,5,3,15,2,2,0,4,0,3,0,1,1,0,0,4,10,0,1,0,1,0,75,49,"Collingwood","2018",5
24,"Thomas, Josh",7,1,10,17,0,0,0,2,0,3,3,3,0,0,0,7,10,0,0,0,0,1,80,49,"Collingwood","2018",5
7,"Treloar, Adam",13,6,21,34,2,2,0,2,2,8,3,2,1,0,2,13,22,0,0,1,3,0,82,49,"Collingwood","2018",5
18,"Varcoe, Travis",8,2,10,18,0,1,0,2,0,3,0,0,0,0,0,7,10,0,0,0,1,2,73,49,"Collingwood","2018",5
0,"Rushed",0,0,0,0,0,3,0,0,0,0,0,0,0,0,0,0,0,0,0,0,0,0,0,49,"Collingwood","2018",5
12,"Baguley, Mark",6,7,9,15,0,0,0,1,4,0,0,3,0,0,0,2,12,1,0,1,0,0,81,-49,"Essendon","2018",5
16,"Begley, Josh",1,0,1,2,0,0,0,0,1,0,0,0,0,0,0,0,2,0,0,0,0,0,8,-49,"Essendon","2018",5
2,"Bellchambers, Tom",6,5,7,13,0,0,20,0,1,0,1,1,0,1,0,4,9,1,0,7,0,0,88,-49,"Essendon","2018",5
6,"Daniher, Joe",19,10,3,22,1,1,1,3,0,9,3,10,3,4,0,8,13,1,2,1,1,1,100,-49,"Essendon","2018",5
9,"Goddard, Brendon",16,9,17,33,0,0,0,5,5,0,1,1,0,0,0,5,26,0,0,1,2,0,95,-49,"Essendon","2018",5
15,"Green, Josh",0,0,2,2,0,0,0,0,0,1,0,1,0,0,0,2,0,0,0,0,0,0,25,-49,"Essendon","2018",5
35,"Guelfi, Matt",9,9,6,15,0,1,0,2,2,3,0,1,0,1,0,3,12,2,1,2,0,0,81,-49,"Essendon","2018",5
36,"Hartley, Michael",12,8,4,16,0,0,0,1,2,0,0,3,1,1,0,1,15,0,0,9,0,0,92,-49,"Essendon","2018",5
21,"Heppell, Dyson",17,7,10,27,1,0,0,2,3,3,5,4,0,1,0,9,21,1,0,4,0,0,91,-49,"Essendon","2018",5
26,"Hooker, Cale",9,8,9,18,1,1,0,1,2,1,2,2,0,1,0,7,12,1,2,2,0,0,99,-49,"Essendon","2018",5
18,"Hurley, Michael",17,10,12,29,0,0,0,1,6,0,0,2,0,1,0,5,19,0,0,4,0,0,92,-49,"Essendon","2018",5
43,"McDonald-Tipungwuti, Anthony",8,6,6,14,1,0,0,1,0,3,3,1,0,1,0,6,9,0,1,2,0,0,80,-49,"Essendon","2018",5
1,"McGrath, Andrew",5,5,5,10,0,0,0,2,1,0,0,3,0,0,0,2,8,1,0,0,2,0,87,-49,"Essendon","2018",5
20,"Merrett, Jackson",9,7,6,15,0,0,0,3,0,2,0,1,2,1,0,6,9,0,1,0,0,1,87,-49,"Essendon","2018",5
7,"Merrett, Zach",14,4,19,33,0,1,0,4,1,3,3,1,0,0,0,11,22,0,0,1,0,1,81,-49,"Essendon","2018",5
23,"Myers, David",9,4,11,20,0,0,0,4,0,2,6,3,2,1,0,9,11,0,0,0,0,0,76,-49,"Essendon","2018",5
3,"Parish, Darcy",9,2,19,28,0,0,0,4,0,3,4,1,1,0,0,6,22,0,0,0,0,0,91,-49,"Essendon","2018",5
42,"Saad, Adam",12,2,11,23,0,1,0,3,4,2,0,3,1,2,0,6,16,0,0,4,8,0,83,-49,"Essendon","2018",5
5,"Smith, Devon",13,4,7,20,0,0,0,6,4,1,3,2,2,0,0,8,13,0,0,2,3,0,87,-49,"Essendon","2018",5
17,"Stewart, James",8,8,3,11,1,1,2,0,0,1,1,2,0,1,0,3,9,1,1,2,0,1,100,-49,"Essendon","2018",5
25,"Stringer, Jake",10,6,3,13,2,1,0,3,0,2,0,4,1,3,0,7,7,2,3,0,0,1,86,-49,"Essendon","2018",5
11,"Zaharakis, David",16,6,18,34,0,2,0,2,3,5,2,2,0,1,0,7,27,0,0,0,0,0,89,-49,"Essendon","2018",5
0,"Rushed",0,0,0,0,0,1,0,0,0,0,0,0,0,0,0,0,0,0,0,0,0,0,0,-49,"Essendon","2018",5
