"Number","Player","Kicks","Marks","Handballs","Disposals","Goals","Behinds","Hitouts","Tackles","Rebounds50s","Inside50s","Clearances","Clangers","FreesFor","FreesAgainst","BrownlowVotes","ContestedPossessions","UncontestedPossessions","ContestedMarks","MarksInside50","OnePercenters","Bounces","GoalAssists","PercentagePlayed","PointDifference","Team","Season","Round"
12,"Astbury, David",9,7,7,16,0,0,0,2,5,0,1,2,1,1,0,9,8,3,0,4,0,0,100,26,"Richmond","2018",1
29,"Bolton, Shai",3,2,3,6,0,0,1,0,0,1,1,3,0,3,0,3,3,0,0,1,0,0,77,26,"Richmond","2018",1
7,"Butler, Dan",10,2,3,13,3,0,0,7,0,6,0,3,3,1,0,7,6,0,1,1,2,2,76,26,"Richmond","2018",1
22,"Caddy, Josh",13,5,6,19,3,2,0,2,0,8,4,2,5,0,0,11,10,1,2,0,1,0,80,26,"Richmond","2018",1
11,"Castagna, Jason",7,4,8,15,2,1,0,4,0,3,3,0,1,0,0,7,8,0,2,2,0,1,76,26,"Richmond","2018",1
30,"Conca, Reece",9,0,7,16,0,0,0,7,2,6,2,7,0,2,0,6,10,0,0,1,1,0,77,26,"Richmond","2018",1
9,"Cotchin, Trent",14,2,10,24,0,0,0,4,0,5,7,2,2,0,0,13,12,0,1,1,0,2,81,26,"Richmond","2018",1
10,"Edwards, Shane",5,3,11,16,0,0,0,4,3,4,2,1,0,0,0,9,7,1,0,2,0,0,75,26,"Richmond","2018",1
5,"Ellis, Brandon",11,3,7,18,0,1,0,3,2,4,0,5,0,0,0,3,14,0,0,0,2,0,79,26,"Richmond","2018",1
32,"Ellis, Corey",6,2,6,12,0,0,0,4,1,1,1,2,0,0,0,7,6,0,0,5,1,1,72,26,"Richmond","2018",1
34,"Graham, Jack",7,0,6,13,0,1,0,13,1,2,2,0,1,0,0,9,6,0,0,0,0,1,69,26,"Richmond","2018",1
6,"Grigg, Shaun",7,4,10,17,0,1,0,2,0,2,2,4,0,1,0,2,15,0,0,1,0,1,83,26,"Richmond","2018",1
2,"Grimes, Dylan",4,1,2,6,0,0,0,2,1,0,0,1,0,0,0,3,2,1,0,3,0,0,84,26,"Richmond","2018",1
23,"Lambert, Kane",7,1,7,14,0,0,0,2,1,2,3,1,1,0,0,6,6,0,0,1,0,1,85,26,"Richmond","2018",1
4,"Martin, Dustin",20,5,12,32,1,3,0,1,0,6,6,3,1,1,0,17,15,2,2,1,0,2,87,26,"Richmond","2018",1
33,"McIntosh, Kamdyn",19,5,0,19,0,1,0,1,3,8,1,5,0,1,0,3,15,0,1,1,1,0,69,26,"Richmond","2018",1
25,"Nankervis, Toby",7,2,7,14,0,0,33,5,1,1,5,5,2,5,0,12,4,0,0,3,0,0,86,26,"Richmond","2018",1
18,"Rance, Alex",9,3,6,15,0,0,0,1,5,0,0,2,3,0,0,8,5,1,0,6,2,0,100,26,"Richmond","2018",1
8,"Riewoldt, Jack",12,7,6,18,4,2,0,1,0,6,0,2,1,0,1,5,14,1,5,1,0,2,96,26,"Richmond","2018",1
15,"Short, Jayden",12,2,4,16,0,1,0,1,2,4,1,1,0,1,0,4,12,0,0,1,4,1,79,26,"Richmond","2018",1
21,"Townsend, Jacob",6,5,3,9,4,2,0,1,0,0,0,2,0,1,0,6,3,2,5,1,0,0,90,26,"Richmond","2018",1
1,"Vlastuin, Nick",10,3,2,12,0,0,0,3,2,2,0,3,1,3,0,3,7,1,0,4,0,0,80,26,"Richmond","2018",1
0,"Rushed",0,0,0,0,0,4,0,0,0,0,0,0,0,0,0,0,0,0,0,0,0,0,0,26,"Richmond","2018",1
38,"Byrne, Ciaran",6,4,8,14,0,0,0,1,4,0,1,2,0,0,0,4,9,0,0,2,0,0,85,-26,"Carlton","2018",1
41,"Casboult, Levi",7,4,3,10,1,0,19,1,1,1,3,2,3,1,0,6,5,2,0,2,0,0,91,-26,"Carlton","2018",1
9,"Cripps, Patrick",13,5,23,36,0,1,0,7,3,5,9,7,4,1,2,25,11,4,0,0,0,1,94,-26,"Carlton","2018",1
30,"Curnow, Charlie",14,10,5,19,5,0,0,2,0,5,0,2,1,2,3,7,12,1,3,4,0,1,90,-26,"Carlton","2018",1
35,"Curnow, Ed",15,2,14,29,0,0,0,4,4,6,7,6,2,3,0,15,15,1,0,0,0,0,86,-26,"Carlton","2018",1
2,"Dow, Paddy",5,1,6,11,0,0,0,5,0,1,1,2,0,1,0,4,7,0,0,2,0,0,71,-26,"Carlton","2018",1
25,"Fisher, Zac",13,2,8,21,1,0,0,1,2,5,3,3,1,0,0,8,15,0,0,4,0,1,81,-26,"Carlton","2018",1
21,"Garlett, Jarrod",9,7,8,17,2,0,0,0,0,3,0,2,1,1,0,6,12,0,1,0,0,0,75,-26,"Carlton","2018",1
14,"Jones, Liam",6,2,4,10,0,0,0,1,3,0,0,1,0,1,0,5,4,0,0,8,0,0,97,-26,"Carlton","2018",1
7,"Kennedy, Matthew",2,2,2,4,0,0,0,0,0,1,0,4,0,3,0,0,4,0,0,0,0,1,24,-26,"Carlton","2018",1
8,"Kreuzer, Matthew",7,1,10,17,0,1,23,1,1,1,4,1,1,0,0,8,8,0,0,1,0,0,66,-26,"Carlton","2018",1
13,"Lamb, Jed",10,5,6,16,0,1,0,0,0,1,0,2,0,0,0,3,11,0,0,2,3,1,80,-26,"Carlton","2018",1
22,"Marchbank, Caleb",13,6,6,19,0,0,0,4,5,3,0,1,1,0,0,6,14,1,0,8,0,0,86,-26,"Carlton","2018",1
18,"Mullett, Aaron",10,3,6,16,0,0,0,1,3,3,0,4,0,2,0,6,9,0,0,1,0,0,88,-26,"Carlton","2018",1
3,"Murphy, Marc",10,3,13,23,0,0,0,1,1,2,6,3,2,1,0,8,15,0,0,0,1,1,89,-26,"Carlton","2018",1
5,"Petrevski-Seton, Sam",11,4,5,16,1,0,0,5,4,1,2,2,1,2,0,6,12,0,0,0,0,0,77,-26,"Carlton","2018",1
20,"Plowman, Lachie",7,5,6,13,0,0,0,3,2,0,0,1,0,0,0,2,9,0,0,8,0,0,96,-26,"Carlton","2018",1
1,"Silvagni, Jack",3,3,3,6,0,0,0,2,0,2,0,2,0,1,0,2,4,0,0,0,0,0,84,-26,"Carlton","2018",1
6,"Simpson, Kade",24,6,11,35,0,0,0,4,10,2,1,3,1,0,0,10,21,2,0,2,5,0,91,-26,"Carlton","2018",1
39,"Thomas, Dale",10,5,14,24,0,0,0,1,3,3,3,3,0,1,0,10,15,0,0,1,0,0,83,-26,"Carlton","2018",1
23,"Weitering, Jacob",4,3,5,9,0,0,0,3,1,1,0,3,1,2,0,6,3,0,0,5,0,0,86,-26,"Carlton","2018",1
46,"Wright, Matthew",8,5,3,11,5,0,0,2,0,1,2,1,1,0,0,5,6,1,4,0,0,0,83,-26,"Carlton","2018",1
0,"Rushed",0,0,0,0,0,2,0,0,0,0,0,0,0,0,0,0,0,0,0,0,0,0,0,-26,"Carlton","2018",1
