"Number","Player","Kicks","Marks","Handballs","Disposals","Goals","Behinds","Hitouts","Tackles","Rebounds50s","Inside50s","Clearances","Clangers","FreesFor","FreesAgainst","BrownlowVotes","ContestedPossessions","UncontestedPossessions","ContestedMarks","MarksInside50","OnePercenters","Bounces","GoalAssists","PercentagePlayed","PointDifference","Team","Season","Round"
29,"Ambrose, Patrick",7,1,5,12,1,0,0,2,0,2,1,2,1,1,0,3,9,0,0,4,0,1,93,-23,"Essendon","2018",7
12,"Baguley, Mark",5,7,8,13,1,0,0,3,1,1,1,2,1,1,0,4,11,0,1,5,0,0,81,-23,"Essendon","2018",7
2,"Bellchambers, Tom",12,8,8,20,1,0,32,0,4,1,3,5,2,1,0,12,8,6,1,3,0,0,83,-23,"Essendon","2018",7
6,"Daniher, Joe",8,4,3,11,1,0,1,0,0,5,2,5,2,2,0,5,6,1,2,4,0,0,96,-23,"Essendon","2018",7
9,"Goddard, Brendon",13,6,14,27,0,0,0,0,2,1,0,4,0,4,0,2,25,0,0,1,2,0,85,-23,"Essendon","2018",7
21,"Heppell, Dyson",13,6,15,28,1,0,0,5,2,4,4,3,1,0,0,10,18,0,0,1,0,0,89,-23,"Essendon","2018",7
26,"Hooker, Cale",10,4,12,22,1,0,0,0,6,2,2,3,0,0,0,9,12,1,0,6,1,0,93,-23,"Essendon","2018",7
18,"Hurley, Michael",11,5,16,27,0,0,0,2,5,0,0,7,2,1,0,13,16,0,0,2,0,0,89,-23,"Essendon","2018",7
33,"Laverde, Jayden",3,3,4,7,0,1,0,4,0,1,0,1,0,1,0,3,5,1,1,0,0,1,72,-23,"Essendon","2018",7
43,"McDonald-Tipungwuti, Anthony",3,2,4,7,1,0,0,2,0,0,0,2,0,1,0,0,7,0,1,0,0,1,75,-23,"Essendon","2018",7
1,"McGrath, Andrew",8,3,19,27,0,0,0,2,0,2,2,0,1,0,0,11,17,0,0,1,0,1,82,-23,"Essendon","2018",7
45,"McKenna, Conor",9,2,10,19,0,0,0,2,4,1,1,4,1,1,0,7,10,0,0,2,0,1,82,-23,"Essendon","2018",7
41,"McNiece, Ben",7,4,4,11,0,0,0,4,2,1,0,1,0,1,0,3,9,1,0,5,0,0,78,-23,"Essendon","2018",7
7,"Merrett, Zach",12,1,5,17,0,0,0,3,1,3,1,1,3,0,0,5,13,0,0,2,1,1,74,-23,"Essendon","2018",7
19,"Mutch, Kobe",9,4,8,17,1,0,0,1,2,1,1,3,1,0,0,4,12,0,0,1,0,0,73,-23,"Essendon","2018",7
23,"Myers, David",6,3,13,19,0,0,0,3,0,2,6,4,0,2,0,13,6,1,0,2,0,0,68,-23,"Essendon","2018",7
3,"Parish, Darcy",5,1,10,15,1,0,0,1,0,3,1,1,1,0,0,6,9,0,0,0,0,0,76,-23,"Essendon","2018",7
42,"Saad, Adam",6,1,8,14,0,0,0,1,3,1,0,4,1,2,0,4,11,0,0,3,1,1,83,-23,"Essendon","2018",7
5,"Smith, Devon",11,4,10,21,0,1,0,7,2,1,2,0,0,0,0,5,16,0,0,1,0,0,79,-23,"Essendon","2018",7
17,"Stewart, James",10,7,10,20,1,3,2,0,0,6,0,4,0,2,0,14,7,4,3,3,0,1,82,-23,"Essendon","2018",7
25,"Stringer, Jake",4,2,7,11,0,0,0,1,0,0,1,2,0,0,0,7,4,1,0,1,0,0,79,-23,"Essendon","2018",7
11,"Zaharakis, David",13,6,12,25,0,0,0,2,1,1,5,3,0,2,0,8,18,0,0,3,0,1,85,-23,"Essendon","2018",7
0,"Rushed",0,0,0,0,0,2,0,0,0,0,0,0,0,0,0,0,0,0,0,0,0,0,0,-23,"Essendon","2018",7
22,"Breust, Luke",10,6,5,15,1,1,0,4,1,3,2,1,2,1,0,6,9,2,2,0,0,3,82,23,"Hawthorn","2018",7
9,"Burgoyne, Shaun",8,5,10,18,0,0,0,1,2,3,1,1,1,1,0,5,12,1,0,1,1,0,79,23,"Hawthorn","2018",7
5,"Burton, Ryan",7,3,8,15,0,0,0,3,2,1,3,1,0,0,0,7,9,0,0,3,0,0,84,23,"Hawthorn","2018",7
46,"Cousins, James",5,3,7,12,0,0,0,2,0,3,1,1,0,1,0,3,9,0,0,0,0,0,77,23,"Hawthorn","2018",7
8,"Duryea, Taylor",11,7,11,22,0,0,0,2,3,2,1,2,1,1,0,6,16,0,0,1,0,0,82,23,"Hawthorn","2018",7
12,"Frawley, James",8,5,7,15,0,0,0,2,0,1,0,2,0,1,0,6,11,0,0,6,0,0,95,23,"Hawthorn","2018",7
19,"Gunston, Jack",8,3,4,12,1,2,0,3,0,1,1,1,3,1,0,7,6,0,1,2,0,0,89,23,"Hawthorn","2018",7
15,"Hardwick, Blake",10,4,8,18,0,0,0,3,0,3,1,1,1,0,0,6,12,1,0,5,0,0,88,23,"Hawthorn","2018",7
17,"Howe, Daniel",7,3,4,11,0,0,0,2,0,1,0,4,0,2,0,0,11,0,0,0,0,0,75,23,"Hawthorn","2018",7
4,"Impey, Jarman",7,2,1,8,1,1,0,4,0,2,0,3,1,1,0,4,6,0,1,2,0,0,79,23,"Hawthorn","2018",7
7,"McEvoy, Ben",5,3,6,11,0,1,27,2,0,2,2,1,3,0,0,5,6,1,1,6,0,0,83,23,"Hawthorn","2018",7
3,"Mitchell, Tom",14,1,15,29,1,0,0,10,5,5,8,4,1,1,0,18,12,0,0,0,0,0,87,23,"Hawthorn","2018",7
35,"Morrison, Harry",9,5,6,15,0,1,0,2,0,4,0,2,1,1,0,4,11,0,0,2,1,1,76,23,"Hawthorn","2018",7
23,"OBrien, Tim",7,1,8,15,0,0,6,1,0,1,1,5,4,2,0,11,5,0,0,3,0,0,74,23,"Hawthorn","2018",7
10,"OMeara, Jaeger",13,4,9,22,1,0,0,3,3,5,3,2,0,2,0,8,16,1,1,0,2,1,82,23,"Hawthorn","2018",7
2,"Roughead, Jarryd",11,7,5,16,3,2,2,2,0,0,3,0,0,0,1,10,6,4,4,3,0,0,84,23,"Hawthorn","2018",7
26,"Shiels, Liam",14,2,2,16,1,0,0,10,1,3,4,0,1,0,0,3,12,0,1,2,2,0,82,23,"Hawthorn","2018",7
6,"Sicily, James",23,14,6,29,1,0,0,2,5,5,1,5,1,1,3,8,22,3,0,4,0,0,94,23,"Hawthorn","2018",7
16,"Smith, Isaac",13,6,7,20,2,0,0,4,3,6,1,1,0,0,2,2,17,0,0,0,1,1,87,23,"Hawthorn","2018",7
24,"Stratton, Ben",5,3,4,9,0,0,0,2,0,0,1,2,0,0,0,6,4,0,0,2,0,0,74,23,"Hawthorn","2018",7
11,"Whitecross, Brendan",8,5,4,12,1,1,0,5,0,1,0,2,1,1,0,7,5,1,2,1,0,0,72,23,"Hawthorn","2018",7
38,"Worpel, James",2,0,4,6,0,0,0,3,0,2,0,0,1,0,0,3,3,0,0,1,0,0,73,23,"Hawthorn","2018",7
0,"Rushed",0,0,0,0,0,3,0,0,0,0,0,0,0,0,0,0,0,0,0,0,0,0,0,23,"Hawthorn","2018",7
