"Number","Player","Kicks","Marks","Handballs","Disposals","Goals","Behinds","Hitouts","Tackles","Rebounds50s","Inside50s","Clearances","Clangers","FreesFor","FreesAgainst","BrownlowVotes","ContestedPossessions","UncontestedPossessions","ContestedMarks","MarksInside50","OnePercenters","Bounces","GoalAssists","PercentagePlayed","PointDifference","Team","Season","Round"
3,"Anderson, Jed",12,3,16,28,0,1,0,5,0,3,7,4,2,1,0,16,13,0,0,3,0,1,72,-10,"North Melbourne","2018",8
18,"Atley, Shaun",5,2,7,12,2,1,0,4,0,1,0,0,0,0,0,5,7,0,1,0,0,1,88,-10,"North Melbourne","2018",8
50,"Brown, Ben",10,3,1,11,2,2,0,0,0,2,0,2,4,1,0,7,3,2,2,1,0,2,100,-10,"North Melbourne","2018",8
13,"Clarke, Ryan",10,5,9,19,0,0,0,2,2,1,0,1,0,0,0,4,13,0,0,0,0,0,83,-10,"North Melbourne","2018",8
10,"Cunnington, Ben",20,6,18,38,0,0,0,7,3,4,14,12,6,3,1,32,8,4,0,2,0,0,77,-10,"North Melbourne","2018",8
1,"Daw, Majak",6,4,5,11,0,0,7,4,1,2,2,3,2,2,0,8,5,1,0,6,0,0,77,-10,"North Melbourne","2018",8
14,"Dumont, Trent",14,5,3,17,0,0,0,4,3,2,1,4,3,0,0,3,13,0,0,2,0,1,78,-10,"North Melbourne","2018",8
22,"Goldstein, Todd",3,2,5,8,0,0,36,4,3,1,1,2,0,0,0,5,3,2,0,3,0,0,84,-10,"North Melbourne","2018",8
39,"Hartung, Billy",8,3,7,15,0,0,0,2,1,4,0,5,0,1,0,4,11,0,0,0,1,1,71,-10,"North Melbourne","2018",8
4,"Higgins, Shaun",10,2,12,22,1,0,0,5,1,8,2,1,1,0,0,11,16,0,0,0,0,0,85,-10,"North Melbourne","2018",8
5,"Jacobs, Ben",4,1,11,15,0,0,0,6,1,1,3,2,1,2,0,8,8,1,0,1,0,0,76,-10,"North Melbourne","2018",8
34,"Macmillan, Jamie",13,6,7,20,1,0,0,4,7,1,1,0,4,0,0,9,10,0,0,7,0,0,82,-10,"North Melbourne","2018",8
11,"McDonald, Luke",16,6,8,24,0,0,0,3,3,5,1,4,1,2,0,6,18,0,0,1,0,0,83,-10,"North Melbourne","2018",8
12,"Simpkin, Jy",7,1,11,18,1,0,0,5,1,0,5,2,2,0,0,13,5,0,0,0,0,1,68,-10,"North Melbourne","2018",8
25,"Tarrant, Robbie",9,5,7,16,0,0,0,0,3,2,0,2,0,0,0,3,13,0,0,2,0,0,88,-10,"North Melbourne","2018",8
16,"Thompson, Scott",12,6,3,15,0,0,0,1,3,1,0,5,0,3,0,2,12,0,0,3,0,0,98,-10,"North Melbourne","2018",8
28,"Turner, Kayne",3,3,3,6,0,0,0,3,0,0,0,5,0,4,0,3,5,1,0,2,1,0,79,-10,"North Melbourne","2018",8
30,"Waite, Jarrad",5,3,5,10,2,0,0,0,2,0,0,1,1,1,0,6,4,1,1,1,0,0,81,-10,"North Melbourne","2018",8
2,"Williams, Marley",3,2,4,7,0,0,0,0,0,0,0,1,0,0,0,3,4,1,0,4,0,0,78,-10,"North Melbourne","2018",8
32,"Wood, Mason",7,3,2,9,2,0,0,2,0,1,0,5,3,1,0,6,2,1,1,2,0,0,85,-10,"North Melbourne","2018",8
19,"Wright, Sam",4,3,6,10,0,0,0,3,1,1,0,2,0,1,0,2,7,0,0,5,0,0,79,-10,"North Melbourne","2018",8
7,"Ziebell, Jack",13,5,7,20,0,2,0,5,3,3,1,6,3,2,0,11,10,2,2,1,0,1,90,-10,"North Melbourne","2018",8
0,"Totals",194,79,157,351,11,6,43,69,38,43,38,69,33,24,1,167,190,16,7,46,2,8,0,-10,"North Melbourne","2018",8
12,"Astbury, David",10,5,5,15,0,0,0,2,1,3,0,3,0,2,0,3,12,2,0,3,0,0,96,10,"Richmond","2018",8
35,"Broad, Nathan",6,2,3,9,0,0,0,3,1,0,0,3,0,2,0,2,7,1,0,7,0,0,75,10,"Richmond","2018",8
7,"Butler, Dan",5,4,5,10,1,0,0,3,1,4,1,2,0,1,0,2,9,0,1,0,0,0,81,10,"Richmond","2018",8
22,"Caddy, Josh",11,5,10,21,4,0,3,2,0,3,4,3,0,1,2,8,11,1,1,0,0,1,80,10,"Richmond","2018",8
11,"Castagna, Jason",2,1,4,6,1,0,0,4,0,2,0,2,0,2,0,3,1,0,1,0,1,0,76,10,"Richmond","2018",8
30,"Conca, Reece",14,4,7,21,0,0,0,6,2,6,4,5,5,2,0,11,12,0,0,4,1,0,82,10,"Richmond","2018",8
9,"Cotchin, Trent",14,3,23,37,1,1,1,3,0,3,7,5,0,1,3,22,18,0,0,2,0,2,81,10,"Richmond","2018",8
10,"Edwards, Shane",9,1,8,17,0,1,0,1,2,3,1,7,0,4,0,2,15,0,1,2,0,0,77,10,"Richmond","2018",8
34,"Graham, Jack",14,5,4,18,0,0,0,6,2,0,1,4,2,2,0,6,13,0,0,1,0,0,72,10,"Richmond","2018",8
2,"Grimes, Dylan",5,2,2,7,0,0,0,6,1,2,1,3,1,2,0,2,5,0,0,4,1,1,90,10,"Richmond","2018",8
28,"Higgins, Jack",8,4,6,14,0,2,0,3,0,3,1,3,1,0,0,5,10,0,1,1,0,1,71,10,"Richmond","2018",8
14,"Houli, Bachar",15,8,12,27,0,1,0,3,3,1,1,2,0,1,0,4,23,0,1,2,2,1,85,10,"Richmond","2018",8
23,"Lambert, Kane",7,2,14,21,3,1,0,3,0,1,3,1,2,1,0,11,12,0,2,1,0,0,81,10,"Richmond","2018",8
27,"Lloyd, Sam",14,6,10,24,0,0,0,4,1,4,4,5,2,1,0,13,10,1,0,0,0,0,74,10,"Richmond","2018",8
4,"Martin, Dustin",11,2,5,16,0,0,0,1,0,2,1,5,1,2,0,3,14,0,0,1,3,3,79,10,"Richmond","2018",8
33,"McIntosh, Kamdyn",9,7,5,14,0,0,0,2,6,1,1,2,0,0,0,4,12,0,0,4,0,0,68,10,"Richmond","2018",8
25,"Nankervis, Toby",10,6,8,18,0,0,26,7,1,6,4,2,1,0,0,9,9,1,0,4,0,0,84,10,"Richmond","2018",8
18,"Rance, Alex",13,7,7,20,0,0,0,0,3,1,0,4,3,3,0,9,12,1,0,8,0,0,100,10,"Richmond","2018",8
8,"Riewoldt, Jack",10,5,4,14,2,0,0,6,0,1,0,3,1,1,0,6,7,2,3,2,0,0,96,10,"Richmond","2018",8
15,"Short, Jayden",10,3,6,16,0,1,0,1,2,3,1,0,1,0,0,8,7,0,0,3,0,0,70,10,"Richmond","2018",8
21,"Townsend, Jacob",7,2,4,11,0,0,0,7,0,3,0,7,3,3,0,7,3,0,1,2,0,1,94,10,"Richmond","2018",8
1,"Vlastuin, Nick",16,12,10,26,0,0,0,8,2,2,0,5,1,2,0,9,18,1,0,5,1,0,87,10,"Richmond","2018",8
0,"Rushed",0,0,0,0,0,3,0,0,0,0,0,0,0,0,0,0,0,0,0,0,0,0,0,10,"Richmond","2018",8
