"Number","Player","Kicks","Marks","Handballs","Disposals","Goals","Behinds","Hitouts","Tackles","Rebounds50s","Inside50s","Clearances","Clangers","FreesFor","FreesAgainst","BrownlowVotes","ContestedPossessions","UncontestedPossessions","ContestedMarks","MarksInside50","OnePercenters","Bounces","GoalAssists","PercentagePlayed","PointDifference","Team","Season","Round"
41,"Casboult, Levi",7,5,2,9,1,1,6,0,0,1,0,1,2,0,0,5,4,1,1,1,0,0,77,-57,"Carlton","2018",13
9,"Cripps, Patrick",12,7,26,38,0,0,0,1,0,0,6,4,2,2,1,16,22,0,1,1,1,0,91,-57,"Carlton","2018",13
30,"Curnow, Charlie",8,7,4,12,0,1,0,1,0,2,0,4,2,1,0,5,9,0,2,2,0,0,87,-57,"Carlton","2018",13
35,"Curnow, Ed",9,4,17,26,0,1,0,5,3,3,5,6,2,2,0,11,16,0,1,3,0,1,90,-57,"Carlton","2018",13
2,"Dow, Paddy",6,4,9,15,0,0,0,4,1,2,1,2,1,0,0,5,11,1,0,1,2,0,76,-57,"Carlton","2018",13
25,"Fisher, Zac",9,3,10,19,0,1,0,4,2,3,3,2,0,2,0,3,14,0,1,0,1,0,86,-57,"Carlton","2018",13
32,"Graham, Nick",9,6,8,17,0,1,0,2,0,4,1,5,0,2,0,5,12,0,1,0,1,0,72,-57,"Carlton","2018",13
14,"Jones, Liam",5,7,5,10,0,0,0,1,1,1,0,2,0,0,0,4,6,2,0,7,0,0,92,-57,"Carlton","2018",13
36,"Kerr, Pat",7,8,3,10,0,1,0,0,0,3,0,3,0,1,0,1,9,0,2,0,0,1,69,-57,"Carlton","2018",13
11,"Kerridge, Sam",13,7,5,18,1,0,0,4,2,2,2,3,1,0,0,3,17,0,1,2,0,0,78,-57,"Carlton","2018",13
8,"Kreuzer, Matthew",12,4,4,16,2,1,18,2,0,3,4,1,0,1,0,6,8,0,0,1,0,0,83,-57,"Carlton","2018",13
13,"Lamb, Jed",10,2,9,19,0,0,0,5,4,1,0,4,0,0,0,4,13,0,0,1,0,0,79,-57,"Carlton","2018",13
16,"Lang, Darcy",8,5,4,12,0,0,0,1,0,2,1,2,1,1,0,5,8,0,0,2,0,0,74,-57,"Carlton","2018",13
4,"OBrien, Lochie",13,5,4,17,0,0,0,1,3,3,2,0,0,0,0,4,14,0,0,1,1,1,72,-57,"Carlton","2018",13
5,"Petrevski-Seton, Sam",8,5,7,15,0,1,0,7,2,0,1,2,1,0,0,8,9,0,0,3,0,0,75,-57,"Carlton","2018",13
20,"Plowman, Lachie",7,5,11,18,0,0,0,0,1,0,1,1,0,1,0,4,12,0,0,3,0,0,91,-57,"Carlton","2018",13
17,"Rowe, Sam",4,4,8,12,0,0,0,2,2,0,0,3,2,1,0,6,7,0,0,5,0,0,95,-57,"Carlton","2018",13
1,"Silvagni, Jack",6,3,7,13,0,0,0,5,0,1,2,2,2,1,0,7,6,0,0,4,0,1,77,-57,"Carlton","2018",13
6,"Simpson, Kade",21,7,11,32,0,0,0,1,8,1,1,0,1,0,0,8,24,1,0,2,1,0,91,-57,"Carlton","2018",13
39,"Thomas, Dale",11,10,9,20,0,0,0,4,5,0,1,2,2,0,0,2,18,0,0,1,0,0,83,-57,"Carlton","2018",13
23,"Weitering, Jacob",13,7,9,22,0,0,0,2,4,1,0,3,0,1,0,5,18,0,0,4,0,0,81,-57,"Carlton","2018",13
46,"Wright, Matthew",11,6,3,14,2,1,0,3,0,4,1,1,1,1,0,4,9,1,3,0,0,0,81,-57,"Carlton","2018",13
0,"Rushed",0,0,0,0,0,1,0,0,0,0,0,0,0,0,0,0,0,0,0,0,0,0,0,-57,"Carlton","2018",13
35,"Apeness, Michael",3,4,7,10,1,0,8,3,0,0,1,2,0,1,0,7,3,3,3,3,0,2,81,57,"Fremantle","2018",13
1,"Ballantyne, Hayden",7,3,3,10,1,1,0,5,1,0,0,6,0,3,0,3,8,0,1,0,0,0,80,57,"Fremantle","2018",13
41,"Banfield, Bailey",7,4,4,11,1,0,0,5,0,1,1,1,2,0,0,3,10,0,0,1,0,0,77,57,"Fremantle","2018",13
19,"Blakely, Connor",16,5,11,27,0,0,0,4,0,7,8,2,1,1,0,9,17,0,0,2,0,1,75,57,"Fremantle","2018",13
8,"Brayshaw, Andrew",12,5,8,20,1,1,0,5,0,3,3,4,1,0,0,7,13,0,1,3,0,0,69,57,"Fremantle","2018",13
5,"Cerra, Adam",8,8,6,14,0,1,0,3,2,1,0,1,2,1,0,5,10,1,2,0,0,0,88,57,"Fremantle","2018",13
36,"Cox, Brennan",6,5,8,14,1,1,0,1,0,2,0,1,0,0,0,8,6,3,2,2,0,1,79,57,"Fremantle","2018",13
7,"Fyfe, Nat",14,8,16,30,2,1,0,4,0,7,3,1,1,1,2,12,18,2,1,1,1,2,84,57,"Fremantle","2018",13
42,"Giro, Stefan",8,3,9,17,0,0,0,5,0,3,1,3,0,0,0,1,15,0,0,0,0,2,85,57,"Fremantle","2018",13
21,"Hamling, Joel",9,8,3,12,0,0,0,1,3,1,0,3,0,3,0,5,6,2,0,4,0,0,93,57,"Fremantle","2018",13
32,"Hill, Stephen",11,3,5,16,0,1,0,3,4,3,0,0,1,0,0,5,11,0,1,2,0,0,82,57,"Fremantle","2018",13
22,"Kersten, Shane",12,8,2,14,0,0,0,1,4,3,0,0,1,0,0,6,11,1,0,6,0,0,87,57,"Fremantle","2018",13
26,"Langdon, Ed",12,9,6,18,0,1,0,3,1,2,1,5,0,2,0,4,16,0,1,0,0,0,86,57,"Fremantle","2018",13
3,"Matera, Brandon",11,4,6,17,1,2,0,1,0,4,2,2,3,2,0,5,13,0,1,1,0,1,82,57,"Fremantle","2018",13
16,"Mundy, David",8,4,12,20,1,1,0,4,0,4,2,6,1,1,0,5,15,0,2,0,0,0,87,57,"Fremantle","2018",13
27,"Neale, Lachie",15,6,18,33,3,0,0,4,2,4,7,3,0,2,3,14,19,0,2,0,0,0,81,57,"Fremantle","2018",13
43,"Nyhuis, Ryan",8,5,0,8,0,0,0,1,1,2,0,1,0,0,0,1,7,0,0,3,0,0,80,57,"Fremantle","2018",13
38,"Ryan, Luke",9,5,6,15,1,0,0,5,2,1,0,0,0,0,0,3,11,0,1,2,0,0,87,57,"Fremantle","2018",13
31,"Sandilands, Aaron",3,1,10,13,0,0,41,0,0,1,2,2,0,1,0,6,6,1,1,1,0,0,83,57,"Fremantle","2018",13
11,"Sheridan, Tom",8,3,8,16,1,0,0,8,2,1,1,5,1,1,0,6,10,0,1,1,0,0,79,57,"Fremantle","2018",13
18,"Tucker, Darcy",6,3,4,10,1,0,0,2,0,2,0,1,1,1,0,3,7,0,1,0,0,0,72,57,"Fremantle","2018",13
14,"Wilson, Nathan",14,3,2,16,0,0,0,3,3,4,0,1,2,0,0,6,10,1,0,4,0,1,83,57,"Fremantle","2018",13
0,"Rushed",0,0,0,0,0,3,0,0,0,0,0,0,0,0,0,0,0,0,0,0,0,0,0,57,"Fremantle","2018",13
