"Number","Player","Kicks","Marks","Handballs","Disposals","Goals","Behinds","Hitouts","Tackles","Rebounds50s","Inside50s","Clearances","Clangers","FreesFor","FreesAgainst","BrownlowVotes","ContestedPossessions","UncontestedPossessions","ContestedMarks","MarksInside50","OnePercenters","Bounces","GoalAssists","PercentagePlayed","PointDifference","Team","Season","Round"
13,"Adams, Taylor",12,2,16,28,0,1,0,3,0,6,10,4,2,2,0,13,15,0,0,1,2,1,84,-35,"Collingwood","2018",17
25,"Crisp, Jack",15,6,6,21,0,0,0,2,1,5,2,3,1,2,0,9,15,0,0,3,2,0,89,-35,"Collingwood","2018",17
39,"Crocker, Ben",5,4,3,8,0,1,0,1,0,1,0,3,1,3,0,4,4,1,1,0,0,0,78,-35,"Collingwood","2018",17
26,"Daicos, Josh",4,3,7,11,0,1,0,3,0,0,1,3,0,1,0,2,8,0,1,0,0,1,75,-35,"Collingwood","2018",17
2,"de Goey, Jordan",11,4,1,12,4,1,0,0,0,3,1,5,1,0,0,4,9,0,1,0,0,0,89,-35,"Collingwood","2018",17
19,"Greenwood, Levi",16,6,2,18,0,1,0,5,4,3,0,7,4,4,0,11,10,1,0,3,1,1,84,-35,"Collingwood","2018",17
4,"Grundy, Brodie",3,0,11,14,0,0,30,4,1,1,6,4,3,4,0,11,3,0,0,5,0,0,92,-35,"Collingwood","2018",17
32,"Hoskin-Elliott, Will",4,3,3,7,0,0,0,0,1,1,0,3,0,1,0,3,5,0,1,2,0,1,82,-35,"Collingwood","2018",17
38,"Howe, Jeremy",17,11,7,24,0,0,0,0,6,4,0,5,1,1,0,7,17,2,0,5,0,0,93,-35,"Collingwood","2018",17
8,"Langdon, Tom",9,6,6,15,0,0,0,2,1,1,0,1,1,0,0,4,10,0,0,3,0,0,75,-35,"Collingwood","2018",17
37,"Maynard, Brayden",13,4,8,21,0,1,0,2,5,3,2,4,0,1,0,5,15,0,0,1,2,0,86,-35,"Collingwood","2018",17
16,"Mayne, Chris",4,3,12,16,0,0,0,2,0,1,1,2,0,1,0,3,12,0,0,1,0,0,82,-35,"Collingwood","2018",17
41,"Mihocek, Brody",13,8,2,15,2,3,3,2,1,4,0,4,3,1,0,8,8,3,2,2,0,0,92,-35,"Collingwood","2018",17
30,"Moore, Darcy",8,6,6,14,0,0,0,2,4,1,0,6,1,3,0,6,10,0,0,8,0,0,85,-35,"Collingwood","2018",17
10,"Pendlebury, Scott",7,3,18,25,0,0,0,3,1,2,2,5,0,1,0,10,15,0,0,2,0,0,88,-35,"Collingwood","2018",17
21,"Phillips, Tom",19,7,8,27,0,0,0,1,4,3,2,4,2,0,0,7,21,0,0,0,3,0,89,-35,"Collingwood","2018",17
12,"Scharenberg, Matt",9,3,8,17,0,0,0,0,2,1,0,4,1,1,0,6,9,0,0,4,0,0,85,-35,"Collingwood","2018",17
22,"Sidebottom, Steele",7,0,11,18,0,0,0,2,1,2,1,3,0,1,0,6,10,0,0,2,0,0,77,-35,"Collingwood","2018",17
36,"Sier, Brayden",5,2,8,13,0,0,0,4,1,4,4,1,1,0,0,9,5,0,0,0,0,0,44,-35,"Collingwood","2018",17
35,"Stephenson, Jaidyn",6,6,5,11,0,1,0,0,0,3,0,2,1,0,0,3,9,0,1,2,0,1,89,-35,"Collingwood","2018",17
24,"Thomas, Josh",9,5,3,12,3,0,0,3,0,1,1,4,1,1,0,4,8,0,1,1,0,0,72,-35,"Collingwood","2018",17
18,"Varcoe, Travis",8,2,9,17,0,0,0,1,0,3,0,3,0,0,0,6,11,0,1,0,0,0,71,-35,"Collingwood","2018",17
0,"Rushed",0,0,0,0,0,3,0,0,0,0,0,0,0,0,0,0,0,0,0,0,0,0,0,-35,"Collingwood","2018",17
28,"Cole, Tom",5,2,7,12,0,0,0,2,5,0,0,1,1,1,0,8,4,0,0,1,0,0,84,35,"West Coast","2018",17
15,"Cripps, Jamie",4,2,5,9,0,0,0,2,0,2,0,4,0,2,0,2,7,0,0,1,0,1,85,35,"West Coast","2018",17
27,"Darling, Jack",11,2,1,12,3,3,0,3,0,2,0,2,2,2,0,6,1,2,2,0,0,2,86,35,"West Coast","2018",17
14,"Duggan, Liam",11,5,3,14,0,1,0,4,5,3,2,1,2,0,0,7,8,1,0,5,1,0,82,35,"West Coast","2018",17
3,"Gaff, Andrew",24,5,6,30,1,0,0,2,2,6,0,3,2,2,2,6,21,0,0,0,0,0,89,35,"West Coast","2018",17
25,"Hurn, Shannon",22,11,3,25,0,0,0,1,8,2,0,1,0,0,0,3,17,1,0,1,1,1,89,35,"West Coast","2018",17
34,"Hutchings, Mark",10,5,5,15,1,0,0,4,1,6,2,0,0,0,0,6,11,0,0,1,0,0,81,35,"West Coast","2018",17
23,"Jetta, Lewis",13,10,4,17,0,0,0,1,2,2,1,0,2,0,0,3,14,0,0,4,0,2,84,35,"West Coast","2018",17
17,"Kennedy, Josh",8,5,2,10,3,1,0,3,0,4,0,2,4,0,0,7,6,2,3,0,0,0,81,35,"West Coast","2018",17
2,"LeCras, Mark",10,4,8,18,2,1,0,3,0,2,1,4,0,0,0,6,12,1,2,1,0,1,87,35,"West Coast","2018",17
29,"Lycett, Scott",5,1,4,9,0,1,17,4,0,0,2,4,3,3,0,8,2,1,0,3,0,0,84,35,"West Coast","2018",17
7,"Masten, Chris",11,4,5,16,0,0,0,3,2,1,1,3,0,0,0,7,9,0,0,2,0,1,87,35,"West Coast","2018",17
20,"McGovern, Jeremy",18,12,4,22,0,0,0,2,3,3,1,2,4,1,3,11,9,4,0,6,0,0,84,35,"West Coast","2018",17
9,"Naitanui, Nic",2,1,4,6,0,0,9,2,0,2,3,1,1,1,0,3,4,0,0,2,1,0,21,35,"West Coast","2018",17
8,"Redden, Jack",18,8,12,30,1,0,0,7,3,3,5,3,2,1,1,11,21,0,1,1,0,1,89,35,"West Coast","2018",17
44,"Rioli, Willie",10,4,2,12,3,0,0,2,0,2,0,1,1,0,0,3,8,0,1,2,0,0,87,35,"West Coast","2018",17
31,"Schofield, Will",7,4,0,7,0,0,0,2,3,0,0,2,1,2,0,3,4,0,0,3,0,0,91,35,"West Coast","2018",17
5,"Sheppard, Brad",13,12,4,17,0,0,0,1,3,0,0,4,0,2,0,0,16,0,0,3,0,0,87,35,"West Coast","2018",17
13,"Shuey, Luke",15,5,15,30,0,0,0,6,1,7,4,2,2,0,0,12,18,0,0,1,1,0,83,35,"West Coast","2018",17
18,"Venables, Daniel",4,5,8,12,0,1,0,2,1,1,1,6,0,3,0,2,10,0,2,1,0,1,74,35,"West Coast","2018",17
45,"Waterman, Jake",9,7,6,15,0,3,0,2,0,1,1,3,0,2,0,4,11,0,2,0,0,1,80,35,"West Coast","2018",17
6,"Yeo, Elliot",12,3,5,17,1,0,0,5,1,5,5,4,1,2,0,12,7,1,1,6,0,0,86,35,"West Coast","2018",17
0,"Rushed",0,0,0,0,0,1,0,0,0,0,0,0,0,0,0,0,0,0,0,0,0,0,0,35,"West Coast","2018",17
