"Number","Player","Kicks","Marks","Handballs","Disposals","Goals","Behinds","Hitouts","Tackles","Rebounds50s","Inside50s","Clearances","Clangers","FreesFor","FreesAgainst","BrownlowVotes","ContestedPossessions","UncontestedPossessions","ContestedMarks","MarksInside50","OnePercenters","Bounces","GoalAssists","PercentagePlayed","PointDifference","Team","Season","Round"
4,"Ablett, Gary",20,5,14,34,1,1,0,8,4,6,7,4,4,3,3,16,18,0,0,0,1,1,83,37,"Geelong","2018",12
24,"Bews, Jed",7,4,8,15,1,1,0,4,1,0,0,2,1,1,0,4,11,0,3,1,0,0,85,37,"Geelong","2018",12
23,"Black, Aaron",4,2,2,6,0,0,0,2,2,0,0,0,0,0,0,1,5,0,0,1,0,0,42,37,"Geelong","2018",12
46,"Blicavs, Mark",11,7,7,18,0,0,0,0,5,1,1,2,1,2,0,8,9,0,0,10,0,0,95,37,"Geelong","2018",12
12,"Buzza, Wylie",4,4,3,7,1,0,2,2,1,2,0,6,0,6,0,4,4,3,1,0,0,3,83,37,"Geelong","2018",12
31,"Cunico, Jordan",17,5,9,26,1,1,0,2,4,6,2,3,0,1,0,10,18,0,0,2,0,2,87,37,"Geelong","2018",12
35,"Dangerfield, Patrick",11,5,13,24,2,2,0,5,1,4,1,6,1,2,0,7,16,1,2,4,1,1,83,37,"Geelong","2018",12
22,"Duncan, Mitch",12,8,10,22,1,0,0,6,6,3,0,3,1,2,0,5,16,0,0,1,1,0,89,37,"Geelong","2018",12
13,"Fogarty, Lachie",5,2,11,16,0,0,0,2,1,3,0,1,0,1,0,6,11,0,0,1,0,1,77,37,"Geelong","2018",12
26,"Hawkins, Tom",11,11,12,23,3,1,0,2,0,2,0,3,1,2,1,10,13,3,3,1,0,1,93,37,"Geelong","2018",12
38,"Henry, Jack",13,8,2,15,0,0,0,2,4,1,0,1,0,0,0,3,14,1,1,7,0,0,88,37,"Geelong","2018",12
41,"Jones, Jamaine",3,3,3,6,1,0,0,5,0,1,0,0,0,0,0,2,4,0,1,2,0,0,76,37,"Geelong","2018",12
11,"Kelly, Tim",10,5,9,19,1,1,0,4,1,1,5,2,0,2,0,11,10,0,1,0,1,0,84,37,"Geelong","2018",12
8,"Kolodjashnij, Jake",9,9,7,16,0,0,0,2,4,0,0,0,0,0,0,6,10,2,0,4,0,0,83,37,"Geelong","2018",12
27,"Menegola, Sam",8,9,16,24,0,1,0,2,0,3,1,6,0,2,0,6,20,0,1,2,1,1,72,37,"Geelong","2018",12
21,"Murdoch, Jordan",13,6,7,20,0,0,0,5,1,4,0,1,1,0,0,6,14,2,0,2,0,0,80,37,"Geelong","2018",12
3,"Parfitt, Brandan",4,3,15,19,0,0,0,5,0,2,0,1,2,0,0,9,13,0,1,0,0,1,87,37,"Geelong","2018",12
34,"Parsons, James",8,4,8,16,1,1,0,2,0,3,1,1,1,0,0,4,9,0,1,2,0,0,80,37,"Geelong","2018",12
14,"Selwood, Joel",10,4,17,27,0,1,0,8,1,3,2,8,2,5,0,7,20,0,0,1,0,0,79,37,"Geelong","2018",12
1,"Stanley, Rhys",8,3,9,17,0,0,20,1,0,2,6,2,3,1,0,10,7,1,0,5,0,0,83,37,"Geelong","2018",12
44,"Stewart, Tom",17,7,9,26,0,0,0,3,3,2,1,3,0,1,0,6,18,1,0,3,0,0,80,37,"Geelong","2018",12
2,"Tuohy, Zach",16,7,6,22,1,0,0,1,3,2,0,3,0,1,0,5,17,1,0,3,0,0,93,37,"Geelong","2018",12
0,"Rushed",0,0,0,0,0,2,0,0,0,0,0,0,0,0,0,0,0,0,0,0,0,0,0,37,"Geelong","2018",12
15,"Ahern, Paul",6,3,7,13,0,0,0,3,1,1,1,2,1,1,0,5,8,0,0,1,0,0,61,-37,"North Melbourne","2018",12
18,"Atley, Shaun",2,0,13,15,0,0,0,4,0,0,0,2,1,1,0,4,11,0,0,1,0,1,86,-37,"North Melbourne","2018",12
50,"Brown, Ben",7,2,4,11,0,0,0,0,0,2,0,2,4,0,0,9,2,1,0,3,0,3,96,-37,"North Melbourne","2018",12
10,"Cunnington, Ben",10,1,12,22,1,1,0,6,2,1,11,4,2,1,0,17,5,0,0,2,0,0,74,-37,"North Melbourne","2018",12
1,"Daw, Majak",6,4,4,10,0,0,4,0,3,1,2,1,1,1,0,6,4,2,0,4,0,0,90,-37,"North Melbourne","2018",12
14,"Dumont, Trent",9,1,7,16,1,1,0,2,3,1,3,2,1,1,0,7,10,0,1,4,0,0,84,-37,"North Melbourne","2018",12
22,"Goldstein, Todd",5,3,8,13,1,0,36,2,1,3,2,3,1,3,0,7,5,3,0,3,0,0,85,-37,"North Melbourne","2018",12
39,"Hartung, Billy",2,0,8,10,0,0,0,5,1,2,0,5,0,2,0,1,10,0,0,0,3,0,65,-37,"North Melbourne","2018",12
4,"Higgins, Shaun",17,6,13,30,2,2,0,3,1,10,8,1,2,0,2,11,18,0,0,1,0,0,91,-37,"North Melbourne","2018",12
5,"Jacobs, Ben",8,1,13,21,0,0,0,3,1,2,4,1,3,1,0,11,10,0,0,1,0,0,81,-37,"North Melbourne","2018",12
34,"Macmillan, Jamie",11,3,6,17,0,0,0,1,4,4,0,2,1,0,0,5,12,0,0,5,2,0,74,-37,"North Melbourne","2018",12
11,"McDonald, Luke",11,2,8,19,0,1,0,1,0,3,0,3,1,0,0,5,14,0,1,0,0,0,81,-37,"North Melbourne","2018",12
40,"Murphy, Tom",7,3,5,12,0,0,0,1,0,1,0,0,1,0,0,4,9,0,0,1,0,0,56,-37,"North Melbourne","2018",12
12,"Simpkin, Jy",6,1,6,12,0,0,0,8,1,5,3,0,2,0,0,6,6,0,0,0,0,0,80,-37,"North Melbourne","2018",12
25,"Tarrant, Robbie",14,7,5,19,0,0,0,0,5,0,0,4,2,2,0,6,13,2,0,10,0,0,98,-37,"North Melbourne","2018",12
16,"Thompson, Scott",8,3,5,13,0,0,0,2,2,1,0,1,3,0,0,6,7,0,0,3,2,0,95,-37,"North Melbourne","2018",12
28,"Turner, Kayne",4,3,6,10,1,1,0,1,0,1,0,4,0,1,0,6,4,1,1,2,0,1,84,-37,"North Melbourne","2018",12
2,"Williams, Marley",8,6,10,18,0,0,0,2,2,1,1,2,2,1,0,4,14,0,0,2,1,0,88,-37,"North Melbourne","2018",12
32,"Wood, Mason",12,5,6,18,1,3,0,2,0,4,0,2,1,2,0,5,15,0,3,1,0,0,89,-37,"North Melbourne","2018",12
19,"Wright, Sam",12,6,7,19,0,0,0,0,3,3,0,1,0,0,0,4,14,2,0,0,2,0,83,-37,"North Melbourne","2018",12
7,"Ziebell, Jack",8,1,4,12,1,1,0,8,0,3,0,3,2,0,0,7,5,0,1,0,0,0,88,-37,"North Melbourne","2018",12
44,"Zurhaar, Cameron",6,0,4,10,0,0,0,4,0,2,1,4,1,1,0,4,6,0,0,0,0,0,73,-37,"North Melbourne","2018",12
0,"Rushed",0,0,0,0,0,1,0,0,0,0,0,0,0,0,0,0,0,0,0,0,0,0,0,-37,"North Melbourne","2018",12
