"Number","Player","Kicks","Marks","Handballs","Disposals","Goals","Behinds","Hitouts","Tackles","Rebounds50s","Inside50s","Clearances","Clangers","FreesFor","FreesAgainst","BrownlowVotes","ContestedPossessions","UncontestedPossessions","ContestedMarks","MarksInside50","OnePercenters","Bounces","GoalAssists","PercentagePlayed","PointDifference","Team","Season","Round"
22,"Breust, Luke",7,1,6,13,0,0,0,5,0,4,0,7,1,4,0,8,5,0,0,1,0,1,83,-15,"Hawthorn","2018",10
9,"Burgoyne, Shaun",6,3,7,13,0,0,0,4,1,1,1,1,0,1,0,4,9,0,0,3,0,0,85,-15,"Hawthorn","2018",10
5,"Burton, Ryan",18,8,4,22,0,1,0,2,3,5,0,2,0,1,0,4,18,1,0,1,0,0,72,-15,"Hawthorn","2018",10
18,"Ceglar, Jonathon",3,2,3,6,1,0,12,2,0,2,1,5,0,3,0,6,1,1,1,6,0,0,76,-15,"Hawthorn","2018",10
8,"Duryea, Taylor",11,4,6,17,0,0,0,3,3,4,0,0,1,0,0,6,10,0,0,3,0,0,87,-15,"Hawthorn","2018",10
12,"Frawley, James",11,8,3,14,0,0,0,2,3,1,0,1,2,1,0,5,9,1,0,7,0,0,87,-15,"Hawthorn","2018",10
19,"Gunston, Jack",8,4,3,11,0,2,0,0,0,4,0,0,0,0,0,2,9,0,1,3,0,1,90,-15,"Hawthorn","2018",10
15,"Hardwick, Blake",9,7,9,18,1,0,0,4,3,2,0,2,1,0,0,5,13,1,0,4,0,0,86,-15,"Hawthorn","2018",10
31,"Henderson, Ricky",13,9,6,19,0,0,0,8,5,3,1,2,2,0,0,4,16,1,0,0,0,1,72,-15,"Hawthorn","2018",10
4,"Impey, Jarman",12,4,5,17,2,0,0,6,1,3,1,4,2,1,0,7,10,0,0,2,1,1,79,-15,"Hawthorn","2018",10
39,"Lewis, Mitch",1,1,5,6,0,0,0,0,0,1,0,1,0,1,0,1,6,0,1,3,0,0,60,-15,"Hawthorn","2018",10
7,"McEvoy, Ben",5,2,6,11,0,0,22,3,0,2,1,1,1,0,0,2,9,0,0,7,0,2,80,-15,"Hawthorn","2018",10
32,"Mirra, David",11,6,4,15,0,0,0,2,3,0,2,1,1,0,0,6,9,0,0,2,0,0,75,-15,"Hawthorn","2018",10
3,"Mitchell, Tom",16,7,12,28,0,0,0,10,3,1,6,3,2,0,0,13,16,0,1,1,2,0,92,-15,"Hawthorn","2018",10
35,"Morrison, Harry",7,4,6,13,0,0,0,1,0,1,2,1,1,0,0,4,9,0,0,2,0,0,66,-15,"Hawthorn","2018",10
10,"OMeara, Jaeger",14,6,6,20,3,1,0,5,0,1,5,2,1,0,2,9,11,0,2,2,0,0,78,-15,"Hawthorn","2018",10
28,"Puopolo, Paul",5,1,8,13,1,0,0,4,0,1,2,2,0,2,0,6,6,0,0,1,0,1,89,-15,"Hawthorn","2018",10
2,"Roughead, Jarryd",9,4,13,22,0,1,0,2,0,2,3,1,1,0,0,11,12,2,1,1,0,0,90,-15,"Hawthorn","2018",10
26,"Shiels, Liam",19,4,10,29,0,0,0,7,1,3,6,4,0,2,0,10,19,0,0,1,0,1,83,-15,"Hawthorn","2018",10
6,"Sicily, James",16,3,5,21,0,0,0,2,3,2,0,4,5,0,0,7,11,0,0,5,0,0,87,-15,"Hawthorn","2018",10
16,"Smith, Isaac",16,10,8,24,1,0,0,3,2,5,2,4,1,0,1,7,16,0,0,0,1,0,86,-15,"Hawthorn","2018",10
24,"Stratton, Ben",7,1,4,11,0,0,0,1,0,0,0,3,1,3,0,3,9,0,0,9,0,0,96,-15,"Hawthorn","2018",10
0,"Rushed",0,0,0,0,0,1,0,0,0,0,0,0,0,0,0,0,0,0,0,0,0,0,0,-15,"Hawthorn","2018",10
41,"Ah Chee, Brendon",7,2,7,14,0,0,0,3,1,1,2,2,1,0,0,6,6,0,0,1,0,0,67,15,"West Coast","2018",10
37,"Barrass, Tom",10,9,2,12,0,0,0,2,5,0,0,1,0,0,0,2,10,0,0,7,0,0,93,15,"West Coast","2018",10
28,"Cole, Tom",8,3,2,10,0,0,0,1,3,1,1,1,1,1,0,5,7,0,0,3,0,0,82,15,"West Coast","2018",10
15,"Cripps, Jamie",6,3,2,8,1,0,0,2,0,2,0,5,2,1,0,5,4,0,0,0,0,1,90,15,"West Coast","2018",10
27,"Darling, Jack",5,4,10,15,0,0,0,3,0,3,0,2,2,1,0,10,6,1,1,3,0,2,94,15,"West Coast","2018",10
14,"Duggan, Liam",9,6,6,15,0,0,0,4,5,1,2,3,0,2,0,5,10,1,0,5,1,0,87,15,"West Coast","2018",10
3,"Gaff, Andrew",24,12,11,35,1,0,0,5,2,4,7,2,1,1,3,9,26,0,0,0,1,0,85,15,"West Coast","2018",10
25,"Hurn, Shannon",12,4,5,17,0,0,0,2,1,2,0,0,2,0,0,6,11,0,0,3,0,0,88,15,"West Coast","2018",10
34,"Hutchings, Mark",14,0,4,18,0,0,0,5,1,4,3,7,0,1,0,6,13,0,0,0,0,1,80,15,"West Coast","2018",10
23,"Jetta, Lewis",7,4,5,12,0,0,0,2,2,1,1,2,0,0,0,1,11,0,0,1,0,0,82,15,"West Coast","2018",10
17,"Kennedy, Josh",10,5,5,15,3,0,0,1,0,1,0,5,1,2,0,8,7,2,2,0,0,0,86,15,"West Coast","2018",10
2,"LeCras, Mark",12,6,6,18,1,1,0,3,0,0,3,6,1,3,0,8,8,1,3,0,0,0,92,15,"West Coast","2018",10
29,"Lycett, Scott",12,4,5,17,0,0,18,1,1,5,3,3,3,2,0,8,8,0,0,2,0,0,64,15,"West Coast","2018",10
7,"Masten, Chris",4,4,7,11,1,0,0,0,1,1,0,2,0,2,0,2,9,0,0,1,0,0,71,15,"West Coast","2018",10
20,"McGovern, Jeremy",8,6,3,11,0,0,0,2,5,0,0,1,0,0,0,5,6,2,0,11,0,0,84,15,"West Coast","2018",10
9,"Naitanui, Nic",5,2,7,12,1,0,34,6,0,1,3,2,1,0,0,9,4,2,1,3,0,1,56,15,"West Coast","2018",10
8,"Redden, Jack",14,5,11,25,0,0,0,4,1,2,5,3,2,0,0,14,11,0,0,0,0,0,87,15,"West Coast","2018",10
44,"Rioli, Willie",11,5,2,13,2,1,0,3,0,2,0,1,0,0,0,4,9,1,1,1,0,1,74,15,"West Coast","2018",10
4,"Sheed, Dom",10,5,12,22,0,1,0,5,0,2,5,5,0,3,0,13,11,0,0,3,1,0,76,15,"West Coast","2018",10
5,"Sheppard, Brad",10,7,10,20,0,0,0,3,6,0,1,0,0,0,0,7,13,2,0,7,0,0,86,15,"West Coast","2018",10
45,"Waterman, Jake",7,7,2,9,1,1,0,1,1,3,0,2,0,1,0,2,7,1,2,1,0,1,89,15,"West Coast","2018",10
6,"Yeo, Elliot",15,3,13,28,0,0,0,5,0,10,7,6,2,3,0,16,13,1,0,0,1,0,86,15,"West Coast","2018",10
0,"Rushed",0,0,0,0,0,5,0,0,0,0,0,0,0,0,0,0,0,0,0,0,0,0,0,15,"West Coast","2018",10
