"Number","Player","Kicks","Marks","Handballs","Disposals","Goals","Behinds","Hitouts","Tackles","Rebounds50s","Inside50s","Clearances","Clangers","FreesFor","FreesAgainst","BrownlowVotes","ContestedPossessions","UncontestedPossessions","ContestedMarks","MarksInside50","OnePercenters","Bounces","GoalAssists","PercentagePlayed","PointDifference","Team","Season","Round"
20,"Armitage, David",9,2,11,20,1,0,0,1,1,2,3,2,1,1,0,9,13,0,0,1,0,0,65,-54,"St Kilda","2018",18
26,"Battle, Josh",4,2,3,7,0,1,0,2,0,2,0,1,0,0,0,2,4,0,0,2,0,0,76,-54,"St Kilda","2018",18
15,"Billings, Jack",8,4,12,20,0,1,0,6,0,3,3,3,1,0,0,10,10,0,1,0,0,1,81,-54,"St Kilda","2018",18
2,"Carlisle, Jake",9,8,10,19,0,0,0,0,2,1,1,2,1,0,0,5,13,0,0,5,0,0,97,-54,"St Kilda","2018",18
11,"Clark, Hunter",12,6,8,20,0,0,0,1,3,0,0,1,0,0,0,1,19,0,0,2,0,0,79,-54,"St Kilda","2018",18
7,"Dunstan, Luke",10,6,11,21,0,1,0,2,1,0,3,0,2,0,0,8,14,0,2,0,0,0,77,-54,"St Kilda","2018",18
14,"Geary, Jarryn",11,5,10,21,0,0,0,5,0,3,1,3,3,0,0,8,13,1,0,2,0,1,85,-54,"St Kilda","2018",18
19,"Gilbert, Sam",6,4,5,11,0,0,0,3,3,0,0,3,0,2,0,3,8,0,0,4,0,0,90,-54,"St Kilda","2018",18
4,"Gresham, Jade",16,2,8,24,2,0,0,5,2,6,7,4,2,0,0,10,13,1,0,0,1,1,85,-54,"St Kilda","2018",18
1,"Hickey, Tom",4,6,13,17,0,1,24,0,1,1,4,3,1,1,0,10,7,2,1,2,0,0,77,-54,"St Kilda","2018",18
43,"Marshall, Rowan",11,7,4,15,1,0,14,2,0,3,1,5,1,1,0,5,10,1,2,5,0,0,90,-54,"St Kilda","2018",18
36,"McKenzie, Daniel",7,4,6,13,0,0,0,1,3,2,0,1,4,0,0,4,9,0,0,5,0,0,88,-54,"St Kilda","2018",18
28,"Membrey, Tim",7,5,3,10,2,1,0,0,0,1,0,1,1,0,0,3,8,0,3,3,0,0,86,-54,"St Kilda","2018",18
16,"Newnes, Jack",8,1,6,14,0,0,0,3,1,3,1,1,1,1,0,5,9,0,0,0,0,0,84,-54,"St Kilda","2018",18
30,"Phillips, Ed",4,6,10,14,0,0,0,1,0,0,0,1,1,1,0,4,10,0,0,2,0,0,67,-54,"St Kilda","2018",18
37,"Rice, Bailey",4,4,7,11,0,0,0,3,2,0,1,3,0,1,0,2,9,0,0,6,0,0,77,-54,"St Kilda","2018",18
6,"Ross, Sebastian",16,6,17,33,0,0,0,6,4,5,4,2,0,1,0,8,24,0,0,0,1,0,85,-54,"St Kilda","2018",18
5,"Savage, Shane",8,5,11,19,0,0,0,1,1,0,1,2,0,0,0,2,15,0,0,1,1,0,84,-54,"St Kilda","2018",18
35,"Sinclair, Jack",6,5,11,17,0,0,0,2,0,3,2,1,1,1,0,7,10,0,0,0,0,1,91,-54,"St Kilda","2018",18
9,"Steele, Jack",13,5,12,25,0,0,0,4,4,3,2,2,2,1,0,8,17,0,1,0,0,0,83,-54,"St Kilda","2018",18
3,"Steven, Jack",12,2,11,23,1,0,0,1,3,3,3,8,2,2,0,6,17,0,0,0,2,0,71,-54,"St Kilda","2018",18
44,"Weller, Maverick",7,5,4,11,1,1,0,4,1,1,0,0,0,0,0,2,9,1,1,1,0,0,83,-54,"St Kilda","2018",18
0,"Rushed",0,0,0,0,0,3,0,0,0,0,0,0,0,0,0,0,0,0,0,0,0,0,0,-54,"St Kilda","2018",18
12,"Astbury, David",8,9,6,14,0,0,0,1,5,1,0,1,0,0,0,5,9,1,0,3,0,0,94,54,"Richmond","2018",18
35,"Broad, Nathan",11,6,3,14,0,0,0,2,3,0,0,2,0,1,0,3,11,1,0,2,0,0,87,54,"Richmond","2018",18
22,"Caddy, Josh",11,3,5,16,2,0,0,2,2,2,3,2,1,1,0,7,10,1,1,1,0,0,84,54,"Richmond","2018",18
11,"Castagna, Jason",4,1,4,8,0,1,0,1,0,2,0,2,1,0,0,2,6,0,1,1,0,0,78,54,"Richmond","2018",18
9,"Cotchin, Trent",5,2,12,17,1,0,0,4,1,2,4,2,0,0,0,11,8,0,1,1,0,0,64,54,"Richmond","2018",18
10,"Edwards, Shane",7,1,12,19,1,0,0,3,1,2,1,4,1,2,0,8,12,0,0,3,0,0,72,54,"Richmond","2018",18
5,"Ellis, Brandon",10,6,6,16,0,1,0,2,1,4,0,3,0,2,0,2,14,1,1,1,1,0,75,54,"Richmond","2018",18
6,"Grigg, Shaun",6,6,15,21,1,0,0,2,2,0,3,1,0,0,0,6,15,0,1,0,0,1,81,54,"Richmond","2018",18
2,"Grimes, Dylan",5,4,6,11,0,0,0,6,0,3,0,3,0,2,0,3,9,0,0,7,2,0,83,54,"Richmond","2018",18
28,"Higgins, Jack",7,4,11,18,1,1,0,4,2,1,4,1,0,0,0,10,10,0,1,3,0,1,80,54,"Richmond","2018",18
23,"Lambert, Kane",11,6,12,23,1,1,0,3,0,3,2,3,0,0,0,9,14,1,1,0,0,0,84,54,"Richmond","2018",18
4,"Martin, Dustin",20,2,10,30,1,0,0,1,0,7,5,6,3,3,2,13,17,1,1,0,3,3,75,54,"Richmond","2018",18
33,"McIntosh, Kamdyn",7,5,7,14,0,0,0,1,1,1,0,4,0,2,0,3,11,1,2,3,0,0,78,54,"Richmond","2018",18
37,"Menadue, Connor",7,4,3,10,0,2,0,2,0,1,0,1,1,1,0,2,8,0,0,0,0,0,74,54,"Richmond","2018",18
36,"Moore, Callum",4,2,6,10,0,0,0,2,0,2,0,4,0,2,0,8,4,0,0,4,0,1,87,54,"Richmond","2018",18
25,"Nankervis, Toby",9,3,9,18,0,0,27,4,1,3,3,4,3,2,0,7,10,0,0,4,0,1,79,54,"Richmond","2018",18
3,"Prestia, Dion",14,5,12,26,3,1,0,2,2,4,4,2,1,1,3,9,19,0,0,1,0,1,78,54,"Richmond","2018",18
18,"Rance, Alex",4,3,6,10,0,0,0,5,0,0,0,4,0,3,0,5,6,0,0,5,0,0,96,54,"Richmond","2018",18
8,"Riewoldt, Jack",11,7,2,13,4,1,0,0,0,2,1,2,2,0,0,5,9,1,3,5,0,1,92,54,"Richmond","2018",18
17,"Rioli, Daniel",7,5,5,12,1,1,0,3,0,1,0,4,0,1,0,7,4,2,2,0,0,0,87,54,"Richmond","2018",18
15,"Short, Jayden",19,6,7,26,0,1,0,2,5,8,1,1,0,0,1,6,19,0,0,1,0,0,85,54,"Richmond","2018",18
1,"Vlastuin, Nick",9,6,6,15,0,1,0,2,4,3,0,2,0,1,0,3,11,0,0,5,0,0,88,54,"Richmond","2018",18
0,"Rushed",0,0,0,0,0,4,0,0,0,0,0,0,0,0,0,0,0,0,0,0,0,0,0,54,"Richmond","2018",18
