"Number","Player","Kicks","Marks","Handballs","Disposals","Goals","Behinds","Hitouts","Tackles","Rebounds50s","Inside50s","Clearances","Clangers","FreesFor","FreesAgainst","BrownlowVotes","ContestedPossessions","UncontestedPossessions","ContestedMarks","MarksInside50","OnePercenters","Bounces","GoalAssists","PercentagePlayed","PointDifference","Team","Season","Round"
21,"Atkins, Rory",23,11,6,29,0,1,0,5,3,9,2,4,1,1,0,8,22,0,2,2,1,1,84,3,"Adelaide","2018",20
18,"Betts, Eddie",8,3,4,12,1,1,0,2,0,2,1,1,0,0,0,8,4,0,2,2,0,0,87,3,"Adelaide","2018",20
16,"Brown, Luke",13,8,6,19,0,0,0,0,4,1,0,2,1,1,0,6,11,1,0,0,0,0,88,3,"Adelaide","2018",20
5,"Crouch, Matt",16,3,19,35,1,0,0,8,1,7,7,6,1,0,3,18,17,0,2,2,0,1,79,3,"Adelaide","2018",20
39,"Doedee, Tom",10,9,11,21,1,0,0,2,5,3,1,2,0,0,0,11,9,2,0,2,0,0,90,3,"Adelaide","2018",20
28,"Ellis-Yolmen, Cam",11,5,8,19,0,2,0,7,0,3,5,0,0,0,0,8,10,0,1,2,0,0,69,3,"Adelaide","2018",20
7,"Gallucci, Jordan",6,2,4,10,1,1,0,2,0,1,3,0,0,0,0,3,7,0,1,2,0,0,75,3,"Adelaide","2018",20
6,"Gibbs, Bryce",22,5,7,29,0,1,0,1,4,9,4,1,1,0,0,9,19,1,0,2,2,3,82,3,"Adelaide","2018",20
1,"Greenwood, Hugh",11,4,6,17,1,0,0,6,1,2,6,2,3,0,0,11,7,3,1,2,0,0,73,3,"Adelaide","2018",20
24,"Jacobs, Sam",6,2,5,11,0,0,28,2,0,3,5,3,0,2,0,7,5,2,0,3,0,0,81,3,"Adelaide","2018",20
4,"Jenkins, Josh",14,8,4,18,3,0,6,7,1,6,2,1,1,1,0,9,7,2,2,4,0,1,85,3,"Adelaide","2018",20
42,"Keath, Alex",6,3,12,18,0,0,0,2,0,1,0,1,1,0,0,10,10,1,0,2,0,0,94,3,"Adelaide","2018",20
3,"Knight, Riley",8,2,7,15,0,1,0,2,1,1,2,1,0,0,0,6,9,0,1,1,0,0,78,3,"Adelaide","2018",20
29,"Laird, Rory",10,3,8,18,0,0,0,3,1,4,1,2,0,0,0,8,9,2,0,4,0,0,83,3,"Adelaide","2018",20
27,"Lynch, Tom",9,3,10,19,1,0,0,3,0,3,1,3,1,1,0,6,13,0,0,0,0,0,88,3,"Adelaide","2018",20
14,"Mackay, David",11,2,5,16,0,0,0,2,1,2,1,2,0,1,0,3,13,0,0,1,0,1,82,3,"Adelaide","2018",20
30,"Milera, Wayne",14,4,8,22,0,0,0,4,6,3,1,5,0,1,0,9,13,0,0,3,0,0,83,3,"Adelaide","2018",20
44,"Murphy, Lachlan",4,0,3,7,1,1,0,2,0,0,0,3,1,1,0,4,3,0,0,0,0,0,73,3,"Adelaide","2018",20
9,"Sloane, Rory",14,6,12,26,2,1,0,3,1,4,1,3,0,1,1,10,16,1,1,2,0,1,87,3,"Adelaide","2018",20
33,"Smith, Brodie",5,4,9,14,0,0,0,3,0,2,0,3,0,1,0,3,12,0,0,4,0,1,78,3,"Adelaide","2018",20
12,"Talia, Daniel",2,1,3,5,0,0,0,2,2,0,0,1,0,1,0,2,3,0,0,5,0,0,74,3,"Adelaide","2018",20
13,"Walker, Taylor",8,7,2,10,1,1,0,2,0,3,1,4,1,1,0,7,4,4,3,5,0,0,86,3,"Adelaide","2018",20
0,"Rushed",0,0,0,0,0,8,0,0,0,0,0,0,0,0,0,0,0,0,0,0,0,0,0,3,"Adelaide","2018",20
1,"Boak, Travis",8,3,12,20,2,0,0,2,0,4,0,1,1,0,0,5,14,0,0,1,0,2,86,-3,"Port Adelaide","2018",20
26,"Bonner, Riley",10,3,5,15,0,0,0,2,4,1,0,5,0,3,0,3,11,0,0,2,2,0,79,-3,"Port Adelaide","2018",20
33,"Byrne-Jones, Darcy",5,0,2,7,1,1,0,3,1,0,0,0,0,0,0,4,4,0,0,4,1,0,88,-3,"Port Adelaide","2018",20
17,"Clurey, Tom",11,6,1,12,0,0,0,3,7,0,0,0,1,0,0,4,9,1,0,5,0,0,86,-3,"Port Adelaide","2018",20
22,"Dixon, Charlie",6,4,4,10,0,1,5,1,0,3,0,2,1,0,0,7,4,3,1,2,0,1,100,-3,"Port Adelaide","2018",20
7,"Ebert, Brad",5,3,15,20,0,1,0,4,2,1,3,0,1,0,0,9,11,1,0,4,0,0,83,-3,"Port Adelaide","2018",20
24,"Farrell, Kane",11,2,2,13,3,0,0,3,0,5,0,3,0,0,0,6,7,2,0,1,1,1,75,-3,"Port Adelaide","2018",20
9,"Gray, Robbie",13,5,7,20,4,0,0,0,0,3,7,2,0,1,2,12,4,3,3,2,1,0,88,-3,"Port Adelaide","2018",20
36,"Hombsch, Jack",5,3,3,8,0,0,0,1,3,0,1,2,0,0,0,4,4,1,0,3,0,0,83,-3,"Port Adelaide","2018",20
43,"Houston, Dan",11,8,10,21,0,0,0,3,3,2,2,3,0,0,0,12,11,1,0,4,0,0,82,-3,"Port Adelaide","2018",20
42,"Jonas, Tom",7,5,4,11,0,0,0,1,3,0,0,1,0,0,0,3,6,0,0,8,0,0,98,-3,"Port Adelaide","2018",20
40,"Lienert, Jarrod",13,8,5,18,0,0,0,1,4,2,2,2,1,0,0,8,10,0,0,3,0,1,86,-3,"Port Adelaide","2018",20
6,"Motlop, Steven",8,2,6,14,0,0,0,3,1,1,2,0,2,0,0,9,7,0,2,1,1,0,76,-3,"Port Adelaide","2018",20
29,"Pittard, Jasper",12,4,3,15,0,0,0,5,5,0,0,4,0,0,0,2,10,0,0,3,0,0,85,-3,"Port Adelaide","2018",20
21,"Polec, Jared",20,3,4,24,0,0,0,1,2,6,5,3,1,1,0,12,14,0,0,2,0,3,84,-3,"Port Adelaide","2018",20
2,"Powell-Pepper, Sam",7,3,4,11,0,2,0,4,0,1,2,4,1,2,0,7,6,1,0,2,0,0,68,-3,"Port Adelaide","2018",20
11,"Rockliff, Tom",14,2,6,20,0,0,0,3,4,4,3,4,0,1,0,7,13,0,0,0,0,0,65,-3,"Port Adelaide","2018",20
4,"Ryder, Paddy",4,3,3,7,0,0,40,1,1,0,2,1,0,1,0,3,3,1,1,6,0,1,85,-3,"Port Adelaide","2018",20
23,"Watts, Jack",3,3,7,10,0,0,0,0,1,3,0,1,0,1,0,4,6,1,0,0,0,2,70,-3,"Port Adelaide","2018",20
39,"Westhoff, Justin",13,6,5,18,0,1,6,4,4,3,1,7,3,0,0,8,13,0,1,4,0,1,84,-3,"Port Adelaide","2018",20
16,"Wines, Ollie",11,2,6,17,0,0,1,4,0,4,3,3,0,1,0,11,7,1,1,2,0,1,61,-3,"Port Adelaide","2018",20
20,"Wingard, Chad",11,3,5,16,4,0,0,3,2,4,1,3,1,1,0,9,9,0,2,3,2,0,87,-3,"Port Adelaide","2018",20
0,"Rushed",0,0,0,0,0,3,0,0,0,0,0,0,0,0,0,0,0,0,0,0,0,0,0,-3,"Port Adelaide","2018",20
