"Number","Player","Kicks","Marks","Handballs","Disposals","Goals","Behinds","Hitouts","Tackles","Rebounds50s","Inside50s","Clearances","Clangers","FreesFor","FreesAgainst","BrownlowVotes","ContestedPossessions","UncontestedPossessions","ContestedMarks","MarksInside50","OnePercenters","Bounces","GoalAssists","PercentagePlayed","PointDifference","Team","Season","Round"
13,"Adams, Taylor",13,5,15,28,0,0,0,5,1,4,8,5,2,2,0,18,12,1,0,3,1,1,76,61,"Collingwood","2018",11
31,"Appleby, Flynn",6,5,6,12,0,1,0,0,0,0,0,1,0,0,0,3,9,1,0,5,0,0,88,61,"Collingwood","2018",11
46,"Cox, Mason",4,4,4,8,1,0,14,1,0,3,1,0,1,0,0,4,4,1,0,4,0,0,85,61,"Collingwood","2018",11
25,"Crisp, Jack",15,8,15,30,0,0,0,5,0,6,0,3,1,2,0,5,26,0,0,3,0,0,92,61,"Collingwood","2018",11
26,"Daicos, Josh",7,5,8,15,1,0,0,5,1,1,2,1,2,0,0,8,7,0,1,1,0,1,73,61,"Collingwood","2018",11
2,"de Goey, Jordan",8,1,7,15,1,1,0,2,0,2,6,3,0,0,0,10,4,1,1,4,1,1,83,61,"Collingwood","2018",11
15,"Dunn, Lynden",9,6,0,9,0,0,0,0,4,0,0,2,0,2,0,1,7,0,0,0,0,0,83,61,"Collingwood","2018",11
19,"Greenwood, Levi",8,4,5,13,0,0,0,5,2,1,0,2,1,0,0,4,10,1,0,4,1,0,79,61,"Collingwood","2018",11
4,"Grundy, Brodie",8,3,10,18,0,0,48,8,1,4,2,2,4,2,1,10,11,0,0,2,0,2,86,61,"Collingwood","2018",11
32,"Hoskin-Elliott, Will",11,8,0,11,6,0,0,1,0,2,0,0,0,0,2,2,8,2,6,2,0,1,78,61,"Collingwood","2018",11
8,"Langdon, Tom",11,7,11,22,0,0,0,0,3,1,0,1,0,1,0,7,14,1,0,4,0,1,82,61,"Collingwood","2018",11
37,"Maynard, Brayden",20,9,7,27,1,1,0,8,2,4,0,1,4,0,0,7,21,0,0,1,2,0,89,61,"Collingwood","2018",11
16,"Mayne, Chris",5,4,9,14,0,0,0,1,1,2,0,1,1,0,0,4,11,0,0,4,0,0,80,61,"Collingwood","2018",11
41,"Mihocek, Brody",8,5,4,12,4,0,0,2,0,2,0,2,2,1,0,9,5,3,2,4,0,1,81,61,"Collingwood","2018",11
10,"Pendlebury, Scott",14,5,16,30,1,0,0,3,3,5,5,2,0,0,0,9,20,0,0,1,0,0,85,61,"Collingwood","2018",11
21,"Phillips, Tom",23,10,13,36,3,0,0,0,2,5,6,4,0,0,0,12,25,0,0,1,1,0,87,61,"Collingwood","2018",11
12,"Scharenberg, Matt",11,8,12,23,0,0,0,2,0,1,0,3,0,0,0,6,16,1,0,3,0,0,88,61,"Collingwood","2018",11
22,"Sidebottom, Steele",16,9,21,37,0,1,0,4,0,6,2,3,0,1,3,8,29,0,0,3,0,2,81,61,"Collingwood","2018",11
35,"Stephenson, Jaidyn",3,2,2,5,1,0,0,4,1,2,0,3,0,0,0,2,3,0,0,2,0,0,75,61,"Collingwood","2018",11
24,"Thomas, Josh",12,5,8,20,2,2,0,5,0,2,2,0,0,0,0,6,14,0,2,2,0,1,78,61,"Collingwood","2018",11
7,"Treloar, Adam",17,4,17,34,0,1,0,4,1,6,7,4,1,1,0,13,20,1,1,1,0,1,80,61,"Collingwood","2018",11
3,"Wells, Daniel",7,2,6,13,0,1,0,2,1,3,1,3,0,1,0,4,10,0,1,1,0,3,72,61,"Collingwood","2018",11
0,"Rushed",0,0,0,0,0,4,0,0,0,0,0,0,0,0,0,0,0,0,0,0,0,0,0,61,"Collingwood","2018",11
35,"Apeness, Michael",7,1,10,17,1,0,17,5,1,0,4,5,3,3,0,11,6,0,0,2,0,0,81,-61,"Fremantle","2018",11
41,"Banfield, Bailey",9,6,6,15,1,1,0,5,1,2,2,0,1,0,0,7,9,0,0,2,0,0,81,-61,"Fremantle","2018",11
19,"Blakely, Connor",13,8,11,24,0,0,0,1,4,0,0,3,1,0,0,6,19,1,0,0,0,0,84,-61,"Fremantle","2018",11
8,"Brayshaw, Andrew",8,3,11,19,0,1,0,5,1,1,2,2,1,1,0,9,10,0,1,0,0,0,74,-61,"Fremantle","2018",11
5,"Cerra, Adam",8,3,3,11,0,0,0,0,0,3,0,2,1,2,0,2,10,0,0,0,0,0,74,-61,"Fremantle","2018",11
36,"Cox, Brennan",4,5,6,10,1,1,0,0,0,2,1,3,0,2,0,4,8,3,1,0,0,0,91,-61,"Fremantle","2018",11
44,"Duman, Taylin",8,6,5,13,0,0,0,2,2,0,0,0,0,0,0,2,12,0,0,1,0,0,83,-61,"Fremantle","2018",11
7,"Fyfe, Nat",10,5,14,24,0,0,0,2,1,3,5,4,1,2,0,8,16,2,0,1,1,2,87,-61,"Fremantle","2018",11
42,"Giro, Stefan",5,2,5,10,1,1,0,4,0,0,0,0,0,0,0,1,9,0,1,0,0,0,87,-61,"Fremantle","2018",11
21,"Hamling, Joel",9,11,12,21,0,0,0,2,6,0,0,2,0,0,0,4,16,1,0,6,0,0,92,-61,"Fremantle","2018",11
40,"Jones, Scott",3,3,3,6,1,0,8,4,0,0,1,0,1,0,0,4,2,2,1,0,0,1,79,-61,"Fremantle","2018",11
22,"Kersten, Shane",13,9,5,18,0,0,0,0,3,0,0,3,0,2,0,4,15,0,0,5,0,0,90,-61,"Fremantle","2018",11
26,"Langdon, Ed",9,4,7,16,0,0,0,2,1,5,0,1,0,0,0,5,11,1,0,3,0,1,88,-61,"Fremantle","2018",11
23,"McCarthy, Cam",3,2,5,8,0,0,0,1,0,2,0,2,0,1,0,4,4,0,0,0,0,0,83,-61,"Fremantle","2018",11
16,"Mundy, David",11,5,7,18,2,0,0,3,0,5,4,2,2,1,0,10,9,1,2,2,0,2,91,-61,"Fremantle","2018",11
27,"Neale, Lachie",8,5,21,29,2,0,0,6,2,3,6,4,0,0,0,14,16,0,2,1,0,1,81,-61,"Fremantle","2018",11
25,"Pearce, Alex",5,4,1,6,0,0,0,0,2,0,0,2,0,2,0,5,3,1,0,5,0,0,47,-61,"Fremantle","2018",11
38,"Ryan, Luke",14,8,0,14,0,0,0,2,3,0,0,1,0,0,0,2,14,0,0,8,0,0,82,-61,"Fremantle","2018",11
11,"Sheridan, Tom",12,5,13,25,1,0,0,4,5,1,1,1,1,0,0,5,19,0,1,1,0,0,82,-61,"Fremantle","2018",11
18,"Tucker, Darcy",10,7,7,17,2,0,0,4,1,2,2,0,0,0,0,4,13,1,3,1,0,1,77,-61,"Fremantle","2018",11
10,"Walters, Michael",17,5,12,29,0,1,0,4,2,5,9,5,1,2,0,12,17,0,0,1,0,1,81,-61,"Fremantle","2018",11
14,"Wilson, Nathan",13,6,6,19,0,0,0,2,4,1,0,5,0,1,0,5,15,0,0,2,1,0,85,-61,"Fremantle","2018",11
0,"Totals",199,113,170,369,12,5,25,58,39,35,37,47,13,19,0,128,253,13,12,41,2,9,0,-61,"Fremantle","2018",11
