"Number","Player","Kicks","Marks","Handballs","Disposals","Goals","Behinds","Hitouts","Tackles","Rebounds50s","Inside50s","Clearances","Clangers","FreesFor","FreesAgainst","BrownlowVotes","ContestedPossessions","UncontestedPossessions","ContestedMarks","MarksInside50","OnePercenters","Bounces","GoalAssists","PercentagePlayed","PointDifference","Team","Season","Round"
19,"Allison, Jacob",9,5,7,16,0,0,0,0,4,1,0,1,0,0,0,1,16,0,0,4,2,0,75,-5,"Brisbane Lions","2018",5
31,"Andrews, Harris",12,7,7,19,0,0,0,4,2,1,0,3,1,3,0,7,12,1,0,14,1,0,94,-5,"Brisbane Lions","2018",5
33,"Bailey, Zac",4,3,6,10,1,0,0,3,1,1,1,4,1,2,0,5,5,0,1,1,0,0,74,-5,"Brisbane Lions","2018",5
4,"Bastinac, Ryan",8,5,8,16,0,1,0,0,1,1,2,0,0,0,0,5,10,0,2,0,0,0,76,-5,"Brisbane Lions","2018",5
9,"Beams, Dayne",11,4,17,28,0,0,0,2,2,5,5,6,3,1,0,10,19,0,0,0,0,0,90,-5,"Brisbane Lions","2018",5
13,"Berry, Jarrod",12,9,13,25,0,1,0,8,5,4,4,4,0,1,0,5,22,0,1,1,0,2,83,-5,"Brisbane Lions","2018",5
23,"Cameron, Charlie",13,5,5,18,2,0,0,1,1,7,0,3,2,1,0,5,14,0,1,0,1,2,76,-5,"Brisbane Lions","2018",5
3,"Christensen, Allen",9,0,8,17,0,2,0,2,0,5,2,2,2,0,0,9,8,0,0,0,0,0,74,-5,"Brisbane Lions","2018",5
26,"Cutler, Tom",19,5,7,26,0,0,0,5,4,4,1,1,1,1,0,4,20,0,0,0,0,2,88,-5,"Brisbane Lions","2018",5
27,"Gardiner, Darcy",4,2,7,11,0,0,0,4,1,0,0,1,1,0,0,5,5,0,0,7,0,0,87,-5,"Brisbane Lions","2018",5
30,"Hipwood, Eric",8,1,3,11,3,0,0,0,0,2,0,4,2,0,0,3,5,0,1,1,0,0,84,-5,"Brisbane Lions","2018",5
2,"Hodge, Luke",12,6,7,19,0,0,0,2,3,0,0,2,2,1,0,5,11,2,0,7,0,0,82,-5,"Brisbane Lions","2018",5
35,"Lester, Ryan",4,1,11,15,0,0,0,3,2,2,3,3,1,1,0,11,6,0,0,2,0,0,75,-5,"Brisbane Lions","2018",5
12,"Martin, Stefan",13,6,6,19,0,1,30,1,1,5,6,4,1,2,0,7,11,1,0,3,0,0,94,-5,"Brisbane Lions","2018",5
6,"McCluggage, Hugh",11,5,15,26,0,0,0,5,1,3,2,1,1,0,0,8,18,0,0,1,0,1,83,-5,"Brisbane Lions","2018",5
25,"McStay, Daniel",6,5,5,11,1,3,0,1,0,1,0,3,1,2,0,3,9,1,3,0,0,0,82,-5,"Brisbane Lions","2018",5
16,"Rayner, Cam",6,2,5,11,1,2,0,0,0,5,1,0,0,0,0,6,4,1,0,0,1,1,68,-5,"Brisbane Lions","2018",5
18,"Robertson, Nick",16,7,5,21,0,0,0,0,8,3,0,5,3,0,0,8,13,0,0,2,0,0,80,-5,"Brisbane Lions","2018",5
5,"Robinson, Mitch",13,7,11,24,0,0,0,4,1,2,2,2,0,1,0,8,14,1,0,3,0,0,88,-5,"Brisbane Lions","2018",5
28,"Taylor, Lewis",14,6,6,20,1,1,0,2,0,3,0,2,0,0,0,3,17,0,1,0,0,0,78,-5,"Brisbane Lions","2018",5
29,"Witherden, Alex",17,14,10,27,0,0,0,3,2,4,1,3,1,1,1,4,21,0,0,4,1,0,90,-5,"Brisbane Lions","2018",5
15,"Zorko, Dayne",6,3,4,10,1,0,0,8,1,1,3,11,0,6,0,6,5,1,1,0,0,0,77,-5,"Brisbane Lions","2018",5
0,"Totals",227,108,173,400,10,11,30,58,40,60,33,65,23,23,1,128,265,8,11,50,6,8,0,-5,"Brisbane Lions","2018",5
9,"Ainsworth, Ben",6,2,8,14,0,2,0,0,0,3,0,1,1,1,0,7,7,0,1,2,0,0,77,5,"Gold Coast","2018",5
29,"Bowes, Jack",8,4,4,12,0,1,0,4,0,2,1,2,0,1,0,4,8,0,0,2,0,0,78,5,"Gold Coast","2018",5
12,"Day, Sam",5,1,6,11,1,0,7,1,0,1,1,2,1,1,0,9,4,1,0,2,0,0,86,5,"Gold Coast","2018",5
8,"Fiorini, Brayden",20,9,7,27,2,0,0,1,4,3,2,3,0,1,3,7,20,0,0,0,1,0,75,5,"Gold Coast","2018",5
5,"Harbrow, Jarrod",20,6,5,25,0,0,0,3,6,4,0,3,0,1,0,5,18,1,0,1,0,0,90,5,"Gold Coast","2018",5
39,"Holman, Nick",9,2,9,18,1,1,0,2,0,5,0,1,4,0,0,9,8,1,1,2,0,1,83,5,"Gold Coast","2018",5
38,"Joyce, Jesse",4,1,7,11,0,0,0,2,1,0,1,4,2,3,0,5,7,0,0,2,0,0,88,5,"Gold Coast","2018",5
7,"Lonergan, Jesse",6,1,9,15,0,0,0,4,1,2,2,1,1,0,0,8,7,0,0,2,0,0,73,5,"Gold Coast","2018",5
19,"Lynch, Tom",9,4,4,13,2,1,0,1,0,1,0,2,1,1,0,4,9,0,3,5,0,1,97,5,"Gold Coast","2018",5
25,"Lyons, Jarryd",13,2,9,22,1,0,0,3,2,5,6,3,0,1,0,8,12,1,0,0,0,0,79,5,"Gold Coast","2018",5
44,"Macpherson, Darcy",7,0,2,9,2,1,0,2,1,1,2,1,2,0,0,6,3,0,0,1,0,0,35,5,"Gold Coast","2018",5
4,"Martin, Jack",16,9,3,19,0,0,0,2,9,0,0,1,0,1,0,4,15,0,0,1,0,0,88,5,"Gold Coast","2018",5
17,"May, Steven",13,8,4,17,1,0,0,1,5,1,0,4,0,1,0,5,10,0,0,6,0,0,87,5,"Gold Coast","2018",5
11,"Miller, Touk",13,5,8,21,0,0,0,4,4,4,7,3,3,0,2,11,9,0,0,2,0,0,91,5,"Gold Coast","2018",5
35,"Rischitelli, Michael",8,2,4,12,0,0,0,0,5,2,0,1,0,0,0,4,5,0,0,2,0,0,76,5,"Gold Coast","2018",5
3,"Rosa, Matt",10,4,11,21,0,0,0,4,1,5,2,5,1,2,0,2,17,0,0,2,0,1,81,5,"Gold Coast","2018",5
6,"Sexton, Alex",11,7,3,14,0,0,0,4,1,6,0,3,0,0,0,5,9,2,0,1,6,1,87,5,"Gold Coast","2018",5
24,"Swallow, David",14,6,7,21,0,1,0,3,2,2,4,2,1,2,0,8,13,0,1,2,0,0,81,5,"Gold Coast","2018",5
16,"Thompson, Rory",4,3,4,8,0,0,0,2,1,0,0,3,0,2,0,2,6,0,0,8,0,0,97,5,"Gold Coast","2018",5
14,"Weller, Lachie",12,9,11,23,0,0,0,1,2,3,1,6,1,1,0,5,16,1,0,3,0,0,87,5,"Gold Coast","2018",5
28,"Witts, Jarrod",7,1,9,16,0,0,27,7,2,4,5,3,3,1,0,14,3,0,0,4,0,1,79,5,"Gold Coast","2018",5
15,"Young, Aaron",12,5,7,19,1,0,0,3,1,1,1,4,2,3,0,8,10,0,0,1,0,0,84,5,"Gold Coast","2018",5
0,"Rushed",0,0,0,0,0,3,0,0,0,0,0,0,0,0,0,0,0,0,0,0,0,0,0,5,"Gold Coast","2018",5
