"Number","Player","Kicks","Marks","Handballs","Disposals","Goals","Behinds","Hitouts","Tackles","Rebounds50s","Inside50s","Clearances","Clangers","FreesFor","FreesAgainst","BrownlowVotes","ContestedPossessions","UncontestedPossessions","ContestedMarks","MarksInside50","OnePercenters","Bounces","GoalAssists","PercentagePlayed","PointDifference","Team","Season","Round"
13,"Ah Chee, Callum",10,3,3,13,1,0,0,2,0,1,1,1,1,0,0,4,10,0,0,1,0,2,78,-2,"Gold Coast","2018",13
9,"Ainsworth, Ben",11,6,4,15,1,1,0,5,1,2,3,5,0,2,0,4,11,0,0,0,1,0,81,-2,"Gold Coast","2018",13
31,"Ballard, Charlie",10,8,6,16,0,0,0,1,2,1,0,3,0,1,0,4,11,0,0,3,0,0,83,-2,"Gold Coast","2018",13
29,"Bowes, Jack",12,6,4,16,0,1,0,1,3,1,1,3,0,0,0,6,11,1,1,1,0,1,55,-2,"Gold Coast","2018",13
12,"Day, Sam",2,3,4,6,0,0,1,3,0,1,0,1,1,0,0,5,1,2,1,2,0,0,82,-2,"Gold Coast","2018",13
5,"Harbrow, Jarrod",18,3,4,22,0,0,0,1,7,1,0,4,1,1,0,5,14,1,0,5,1,0,91,-2,"Gold Coast","2018",13
39,"Holman, Nick",7,2,7,14,2,0,0,5,0,3,2,3,1,2,0,9,6,0,0,1,0,0,85,-2,"Gold Coast","2018",13
38,"Joyce, Jesse",9,2,4,13,0,0,0,1,4,1,0,1,2,1,0,4,8,0,0,2,0,0,74,-2,"Gold Coast","2018",13
23,"Lemmens, Sean",10,5,2,12,1,0,0,5,0,3,1,4,2,3,0,5,7,0,0,1,0,1,71,-2,"Gold Coast","2018",13
21,"Leslie, Jack",10,8,2,12,0,0,0,1,5,2,0,4,1,3,0,8,7,1,0,9,0,0,97,-2,"Gold Coast","2018",13
19,"Lynch, Tom",8,6,8,16,3,1,0,4,1,2,0,4,2,3,2,7,10,1,4,2,0,0,94,-2,"Gold Coast","2018",13
25,"Lyons, Jarryd",12,2,11,23,0,1,0,8,3,1,6,3,2,0,0,14,8,0,0,2,0,0,70,-2,"Gold Coast","2018",13
4,"Martin, Jack",10,5,6,16,0,1,0,9,3,1,1,3,1,2,0,9,7,1,0,4,0,0,92,-2,"Gold Coast","2018",13
11,"Miller, Touk",3,4,9,12,0,0,0,4,1,1,0,2,0,2,0,6,7,0,0,3,0,0,80,-2,"Gold Coast","2018",13
35,"Rischitelli, Michael",3,1,3,6,0,0,0,1,2,0,0,1,0,1,0,2,3,0,0,4,0,0,77,-2,"Gold Coast","2018",13
36,"Schoenfeld, Josh",7,4,4,11,0,1,0,5,2,1,1,0,2,0,0,7,5,0,0,1,0,1,87,-2,"Gold Coast","2018",13
6,"Sexton, Alex",7,2,2,9,3,0,0,2,0,5,0,0,0,0,0,3,7,0,1,0,2,0,85,-2,"Gold Coast","2018",13
24,"Swallow, David",11,5,10,21,0,0,0,9,3,1,1,1,1,1,0,10,12,0,0,0,0,0,81,-2,"Gold Coast","2018",13
16,"Thompson, Rory",1,1,2,3,0,0,0,0,1,0,0,2,0,0,0,1,2,0,0,5,0,0,96,-2,"Gold Coast","2018",13
14,"Weller, Lachie",15,5,4,19,0,1,0,1,6,5,1,4,1,2,0,5,15,0,1,2,1,1,79,-2,"Gold Coast","2018",13
28,"Witts, Jarrod",6,2,3,9,0,0,40,3,0,5,3,2,2,1,0,4,5,1,0,2,0,0,83,-2,"Gold Coast","2018",13
15,"Young, Aaron",9,3,2,11,0,1,0,2,0,3,0,3,1,3,0,3,8,0,1,3,0,0,79,-2,"Gold Coast","2018",13
0,"Rushed",0,0,0,0,0,4,0,0,0,0,0,0,0,0,0,0,0,0,0,0,0,0,0,-2,"Gold Coast","2018",13
20,"Armitage, David",15,6,10,25,0,2,0,4,3,6,6,5,4,3,0,10,16,1,2,1,0,0,83,2,"St Kilda","2018",13
24,"Austin, Logan",5,3,6,11,0,0,0,0,1,0,1,3,0,2,0,5,8,0,0,3,0,0,90,2,"St Kilda","2018",13
26,"Battle, Josh",7,2,5,12,3,0,0,3,0,0,0,3,2,1,0,6,7,1,1,2,0,0,86,2,"St Kilda","2018",13
15,"Billings, Jack",15,6,12,27,0,0,0,4,2,5,2,2,1,0,0,7,20,1,0,1,0,1,95,2,"St Kilda","2018",13
22,"Brown, Nathan",2,1,3,5,0,0,0,1,0,0,0,4,0,3,0,2,5,0,0,9,0,0,94,2,"St Kilda","2018",13
2,"Carlisle, Jake",14,11,9,23,0,0,0,3,1,3,0,1,1,1,0,9,13,3,0,6,1,0,96,2,"St Kilda","2018",13
11,"Clark, Hunter",9,6,8,17,0,0,0,6,1,1,0,2,0,1,0,4,14,0,0,4,0,0,78,2,"St Kilda","2018",13
7,"Dunstan, Luke",8,2,7,15,0,2,0,5,1,3,4,3,0,1,0,11,5,0,1,0,0,0,78,2,"St Kilda","2018",13
4,"Gresham, Jade",11,6,12,23,2,1,0,3,1,4,4,3,2,2,0,11,12,0,1,2,1,2,87,2,"St Kilda","2018",13
18,"Longer, Billy",3,1,4,7,0,0,33,3,0,1,3,3,0,2,0,3,3,0,0,6,0,1,92,2,"St Kilda","2018",13
32,"McCartin, Paddy",9,4,1,10,2,0,0,2,0,3,0,3,3,2,0,7,3,1,0,0,0,1,84,2,"St Kilda","2018",13
36,"McKenzie, Daniel",5,3,8,13,1,0,0,7,0,2,1,0,0,0,0,7,8,1,0,1,0,0,80,2,"St Kilda","2018",13
28,"Membrey, Tim",10,9,0,10,2,0,0,3,0,3,0,0,0,0,0,3,6,3,2,1,0,0,93,2,"St Kilda","2018",13
16,"Newnes, Jack",14,7,1,15,1,2,0,5,1,3,0,2,1,0,0,3,12,1,0,2,0,0,94,2,"St Kilda","2018",13
37,"Rice, Bailey",6,3,2,8,0,0,0,1,3,0,0,0,0,0,0,3,6,0,0,2,1,0,53,2,"St Kilda","2018",13
6,"Ross, Sebastian",15,10,18,33,0,0,0,7,2,4,10,3,1,1,3,13,20,0,0,0,1,0,85,2,"St Kilda","2018",13
5,"Savage, Shane",8,3,7,15,0,0,0,2,2,3,1,0,3,0,0,7,9,0,0,0,1,1,90,2,"St Kilda","2018",13
35,"Sinclair, Jack",13,5,12,25,0,0,0,2,2,3,6,1,2,1,0,10,15,0,0,0,1,1,78,2,"St Kilda","2018",13
9,"Steele, Jack",15,4,6,21,0,0,0,6,2,5,2,0,1,0,0,7,15,0,0,1,0,1,83,2,"St Kilda","2018",13
3,"Steven, Jack",21,5,7,28,0,1,0,3,0,7,12,3,5,0,1,16,11,1,0,1,0,0,82,2,"St Kilda","2018",13
29,"Webster, Jimmy",2,1,1,3,0,0,0,0,0,0,0,0,0,0,0,1,2,0,0,1,0,0,5,2,"St Kilda","2018",13
44,"Weller, Maverick",11,7,4,15,0,2,0,5,0,2,2,3,2,1,0,6,11,1,2,1,0,0,96,2,"St Kilda","2018",13
0,"Rushed",0,0,0,0,0,4,0,0,0,0,0,0,0,0,0,0,0,0,0,0,0,0,0,2,"St Kilda","2018",13
