"Number","Player","Kicks","Marks","Handballs","Disposals","Goals","Behinds","Hitouts","Tackles","Rebounds50s","Inside50s","Clearances","Clangers","FreesFor","FreesAgainst","BrownlowVotes","ContestedPossessions","UncontestedPossessions","ContestedMarks","MarksInside50","OnePercenters","Bounces","GoalAssists","PercentagePlayed","PointDifference","Team","Season","Round"
36,"Aliir, Aliir",15,7,9,24,0,0,0,2,5,2,0,4,2,3,0,14,13,2,0,3,0,0,96,-24,"Sydney","2018",18
17,"Cameron, Darcy",1,2,2,3,0,0,9,2,0,0,0,1,0,1,0,1,2,1,0,0,0,0,47,-24,"Sydney","2018",18
7,"Cunningham, Harry",11,5,13,24,0,0,0,5,1,6,5,1,1,0,0,7,17,0,0,0,1,1,83,-24,"Sydney","2018",18
13,"Florent, Oliver",10,1,8,18,1,0,0,4,1,1,2,2,2,0,0,9,9,0,0,1,0,0,77,-24,"Sydney","2018",18
42,"Fox, Robbie",2,4,7,9,0,0,0,5,3,0,2,1,1,1,0,3,6,0,0,2,0,0,66,-24,"Sydney","2018",18
23,"Franklin, Lance",10,6,5,15,0,3,0,3,0,7,0,7,1,1,0,7,10,1,1,3,1,1,94,-24,"Sydney","2018",18
9,"Hayward, Will",9,3,3,12,1,1,0,3,0,1,2,3,3,1,0,7,6,1,1,0,0,0,82,-24,"Sydney","2018",18
5,"Heeney, Isaac",12,2,8,20,0,1,0,2,1,3,5,1,1,1,0,10,10,0,2,1,0,1,83,-24,"Sydney","2018",18
29,"Hewett, George",6,3,13,19,0,1,0,6,1,3,4,2,1,1,0,11,9,0,0,1,0,0,79,-24,"Sydney","2018",18
10,"Jones, Zak",8,4,12,20,1,0,0,2,2,1,0,4,0,2,0,2,19,0,0,3,1,0,83,-24,"Sydney","2018",18
12,"Kennedy, Josh",16,5,17,33,0,2,0,8,5,5,10,2,3,0,0,16,17,1,0,0,0,0,84,-24,"Sydney","2018",18
44,"Lloyd, Jake",16,2,9,25,0,0,0,1,9,3,1,2,0,1,0,4,17,0,0,1,3,0,85,-24,"Sydney","2018",18
31,"Marsh, Harrison",12,7,3,15,0,0,0,2,5,4,0,1,0,1,0,1,15,0,0,4,1,1,74,-24,"Sydney","2018",18
30,"McCartin, Tom",3,2,8,11,0,0,0,2,0,0,0,4,3,3,0,8,4,1,1,1,0,0,81,-24,"Sydney","2018",18
28,"Newman, Nic",12,6,8,20,0,0,0,6,2,2,3,5,0,1,0,9,10,1,0,4,0,0,74,-24,"Sydney","2018",18
38,"ORiordan, Colin",9,7,11,20,0,1,0,1,4,1,0,1,0,1,0,7,14,0,0,4,1,0,81,-24,"Sydney","2018",18
11,"Papley, Tom",7,1,5,12,3,1,0,4,1,2,2,3,2,1,0,10,4,1,1,2,1,0,83,-24,"Sydney","2018",18
26,"Parker, Luke",15,2,14,29,2,0,0,7,2,3,7,3,0,0,0,14,13,0,1,2,0,0,89,-24,"Sydney","2018",18
24,"Rampe, Dane",10,2,12,22,0,0,0,4,3,0,0,2,1,1,0,8,14,0,0,9,1,0,94,-24,"Sydney","2018",18
25,"Ronke, Ben",8,2,4,12,0,2,0,6,0,2,1,3,1,0,0,4,7,0,1,0,0,0,82,-24,"Sydney","2018",18
18,"Sinclair, Callum",7,4,4,11,0,2,24,3,1,2,0,3,0,3,0,6,5,2,1,3,0,0,92,-24,"Sydney","2018",18
40,"Smith, Nick",2,3,4,6,0,0,0,5,1,0,0,4,2,2,0,3,4,0,0,1,0,0,92,-24,"Sydney","2018",18
0,"Rushed",0,0,0,0,0,2,0,0,0,0,0,0,0,0,0,0,0,0,0,0,0,0,0,-24,"Sydney","2018",18
13,"Ah Chee, Callum",8,3,2,10,0,0,0,3,3,2,0,2,3,2,0,5,6,0,0,3,0,0,80,24,"Gold Coast","2018",18
31,"Ballard, Charlie",9,2,4,13,0,0,0,2,0,2,2,0,1,0,0,7,6,1,0,2,0,0,71,24,"Gold Coast","2018",18
41,"Brodie, Will",10,2,17,27,0,0,0,6,2,5,5,8,0,2,0,11,17,0,0,1,3,1,80,24,"Gold Coast","2018",18
32,"Crossley, Brayden",3,1,7,10,0,1,3,5,0,2,1,3,2,1,0,8,2,1,0,2,0,0,76,24,"Gold Coast","2018",18
5,"Harbrow, Jarrod",10,3,3,13,0,0,0,1,3,2,1,3,1,2,0,4,9,0,0,2,0,0,87,24,"Gold Coast","2018",18
40,"Heron, Jacob",8,4,4,12,1,3,0,1,1,1,1,1,0,0,0,6,6,1,3,1,0,0,75,24,"Gold Coast","2018",18
39,"Holman, Nick",10,4,7,17,1,2,0,5,0,5,0,1,2,1,0,8,10,2,2,2,0,2,82,24,"Gold Coast","2018",18
38,"Joyce, Jesse",9,5,7,16,0,0,0,2,5,0,1,4,0,1,0,6,10,0,0,2,0,0,86,24,"Gold Coast","2018",18
10,"Kolodjashnij, Kade",11,7,9,20,0,1,0,1,6,2,1,5,0,2,0,4,16,0,0,4,0,0,90,24,"Gold Coast","2018",18
23,"Lemmens, Sean",7,1,9,16,0,3,0,3,0,5,3,4,0,2,0,8,9,0,0,2,0,0,71,24,"Gold Coast","2018",18
7,"Lonergan, Jesse",6,0,8,14,0,0,0,3,2,2,4,3,0,1,0,7,7,0,0,2,0,1,80,24,"Gold Coast","2018",18
25,"Lyons, Jarryd",10,3,10,20,0,0,0,5,1,4,10,3,0,1,0,13,6,0,0,1,0,0,69,24,"Gold Coast","2018",18
17,"May, Steven",18,14,5,23,0,0,0,1,8,0,0,5,2,0,1,9,13,4,0,9,1,0,89,24,"Gold Coast","2018",18
11,"Miller, Touk",14,1,11,25,1,0,0,5,1,7,6,3,2,2,0,13,14,0,0,3,0,0,87,24,"Gold Coast","2018",18
27,"Powell, Wil",4,0,3,7,0,0,0,1,0,2,0,1,3,1,0,5,2,0,0,2,0,0,71,24,"Gold Coast","2018",18
35,"Rischitelli, Michael",6,2,2,8,0,0,0,2,3,2,0,1,1,0,0,4,4,0,0,2,0,0,80,24,"Gold Coast","2018",18
6,"Sexton, Alex",11,4,5,16,3,1,0,4,0,7,1,2,2,2,0,7,12,1,1,2,0,0,86,24,"Gold Coast","2018",18
16,"Thompson, Rory",0,0,4,4,0,0,0,3,0,0,0,2,0,1,0,1,2,0,0,6,0,0,93,24,"Gold Coast","2018",18
14,"Weller, Lachie",16,7,7,23,2,1,0,3,2,6,2,2,1,0,3,6,17,0,0,0,1,0,84,24,"Gold Coast","2018",18
28,"Witts, Jarrod",6,2,8,14,0,2,56,9,0,2,3,2,1,1,0,9,5,1,1,2,0,0,83,24,"Gold Coast","2018",18
30,"Wright, Peter",10,9,10,20,0,0,0,4,1,1,0,3,0,0,0,13,8,4,1,4,0,0,93,24,"Gold Coast","2018",18
15,"Young, Aaron",13,4,4,17,4,1,0,7,0,2,2,2,4,2,2,9,7,2,2,1,0,1,86,24,"Gold Coast","2018",18
0,"Rushed",0,0,0,0,0,1,0,0,0,0,0,0,0,0,0,0,0,0,0,0,0,0,0,24,"Gold Coast","2018",18
