"Number","Player","Kicks","Marks","Handballs","Disposals","Goals","Behinds","Hitouts","Tackles","Rebounds50s","Inside50s","Clearances","Clangers","FreesFor","FreesAgainst","BrownlowVotes","ContestedPossessions","UncontestedPossessions","ContestedMarks","MarksInside50","OnePercenters","Bounces","GoalAssists","PercentagePlayed","PointDifference","Team","Season","Round"
13,"Adams, Taylor",13,6,12,25,0,0,0,12,3,2,7,4,1,2,0,11,13,0,0,2,1,0,82,-21,"Collingwood","2018",8
31,"Appleby, Flynn",12,6,3,15,0,0,0,1,1,0,0,2,1,0,0,3,13,0,0,4,0,0,82,-21,"Collingwood","2018",8
17,"Brown, Callum",5,1,9,14,0,1,0,0,0,1,0,6,0,2,0,6,8,0,1,1,0,0,90,-21,"Collingwood","2018",8
46,"Cox, Mason",2,3,7,9,0,0,8,3,0,1,0,3,2,2,0,7,3,3,1,4,0,0,93,-21,"Collingwood","2018",8
25,"Crisp, Jack",20,7,12,32,0,1,0,11,2,4,4,6,3,2,0,11,21,0,0,3,3,1,89,-21,"Collingwood","2018",8
39,"Crocker, Ben",8,3,3,11,0,0,0,0,0,4,1,4,0,3,0,5,6,1,2,0,0,0,86,-21,"Collingwood","2018",8
2,"de Goey, Jordan",13,7,9,22,1,1,0,2,1,5,3,3,1,1,0,9,14,1,1,0,0,0,79,-21,"Collingwood","2018",8
15,"Dunn, Lynden",7,2,2,9,0,0,0,5,3,1,0,3,0,1,0,2,6,1,0,8,0,0,92,-21,"Collingwood","2018",8
4,"Grundy, Brodie",9,5,10,19,1,0,42,5,1,2,2,4,1,1,0,14,9,1,0,4,1,0,90,-21,"Collingwood","2018",8
32,"Hoskin-Elliott, Will",10,5,6,16,1,1,0,1,0,4,0,2,0,0,0,4,11,0,0,2,1,1,97,-21,"Collingwood","2018",8
38,"Howe, Jeremy",19,11,11,30,0,1,0,3,7,0,0,3,1,1,0,4,26,0,0,8,0,0,98,-21,"Collingwood","2018",8
16,"Mayne, Chris",10,10,15,25,0,1,0,9,1,0,3,1,1,0,0,8,16,0,0,2,0,0,89,-21,"Collingwood","2018",8
30,"Moore, Darcy",2,3,1,3,0,0,0,0,1,1,0,0,0,0,0,0,4,0,0,0,0,0,17,-21,"Collingwood","2018",8
9,"Murray, Sam",12,5,7,19,0,0,0,2,3,2,0,4,2,0,0,3,17,0,0,3,2,0,81,-21,"Collingwood","2018",8
21,"Phillips, Tom",7,1,4,11,2,0,0,1,0,1,0,0,1,0,0,3,8,0,0,2,0,0,45,-21,"Collingwood","2018",8
12,"Scharenberg, Matt",14,14,15,29,0,0,0,5,7,2,0,2,1,1,2,9,19,2,0,8,0,0,89,-21,"Collingwood","2018",8
22,"Sidebottom, Steele",10,6,20,30,0,0,0,4,1,5,1,1,0,0,0,9,22,0,0,0,4,0,87,-21,"Collingwood","2018",8
35,"Stephenson, Jaidyn",4,2,7,11,0,0,0,2,1,0,1,0,0,0,0,4,7,0,0,3,0,0,90,-21,"Collingwood","2018",8
24,"Thomas, Josh",5,4,13,18,0,0,0,5,0,1,2,1,0,0,0,8,10,0,0,1,0,0,87,-21,"Collingwood","2018",8
7,"Treloar, Adam",19,3,15,34,0,3,0,5,2,6,6,2,0,2,0,12,24,0,1,0,3,0,88,-21,"Collingwood","2018",8
18,"Varcoe, Travis",6,2,4,10,0,0,0,3,1,0,0,2,1,1,0,5,6,0,0,2,0,0,79,-21,"Collingwood","2018",8
3,"Wells, Daniel",11,5,2,13,0,3,0,5,0,4,1,2,1,0,0,4,9,0,2,0,0,1,70,-21,"Collingwood","2018",8
0,"Rushed",0,0,0,0,0,3,0,0,0,0,0,0,0,0,0,0,0,0,0,0,0,0,0,-21,"Collingwood","2018",8
4,"Ablett, Gary",17,5,15,32,1,1,0,2,1,2,4,4,0,2,0,8,24,0,0,1,0,1,84,21,"Geelong","2018",8
24,"Bews, Jed",3,2,4,7,0,0,0,0,0,1,0,2,0,1,0,1,6,0,0,2,0,0,75,21,"Geelong","2018",8
46,"Blicavs, Mark",11,7,6,17,0,0,0,5,1,2,1,2,0,0,0,4,12,1,0,5,0,0,97,21,"Geelong","2018",8
36,"Crameri, Stewart",7,6,4,11,1,2,0,2,0,3,0,3,0,2,0,5,7,0,1,0,0,0,85,21,"Geelong","2018",8
31,"Cunico, Jordan",13,5,5,18,0,1,0,1,2,2,2,2,0,0,0,3,14,0,1,0,0,0,88,21,"Geelong","2018",8
35,"Dangerfield, Patrick",14,1,12,26,1,0,0,7,1,7,2,1,3,0,0,12,14,0,0,1,1,1,88,21,"Geelong","2018",8
22,"Duncan, Mitch",15,6,10,25,0,0,0,4,0,2,6,1,1,0,0,11,13,0,0,0,2,1,75,21,"Geelong","2018",8
28,"Gregson, Cory",5,1,5,10,0,0,0,5,0,2,1,3,1,2,0,8,4,1,1,1,0,0,86,21,"Geelong","2018",8
38,"Henry, Jack",5,3,1,6,0,0,0,3,2,0,0,2,0,1,0,3,4,1,0,2,0,0,79,21,"Geelong","2018",8
33,"Horlin-Smith, George",5,0,10,15,1,0,0,6,0,3,1,0,0,0,0,3,11,0,0,0,0,1,58,21,"Geelong","2018",8
11,"Kelly, Tim",12,1,10,22,0,0,0,2,1,6,6,3,1,1,0,10,16,0,0,1,2,0,81,21,"Geelong","2018",8
8,"Kolodjashnij, Jake",4,3,3,7,0,0,0,1,1,0,1,0,0,0,0,4,3,1,0,5,0,0,86,21,"Geelong","2018",8
27,"Menegola, Sam",15,10,9,24,3,1,0,2,2,3,4,4,1,0,3,13,12,2,1,0,0,1,80,21,"Geelong","2018",8
21,"Murdoch, Jordan",5,4,4,9,0,0,0,2,3,4,0,1,0,1,0,4,7,1,0,2,0,0,87,21,"Geelong","2018",8
34,"Parsons, James",7,3,10,17,0,0,0,4,0,2,1,4,1,1,0,5,10,0,0,1,0,0,81,21,"Geelong","2018",8
17,"Ratugolea, Esava",6,3,9,15,1,2,3,0,0,1,0,4,2,2,0,11,4,3,1,2,0,1,78,21,"Geelong","2018",8
14,"Selwood, Joel",12,5,13,25,0,2,0,4,2,0,4,4,3,1,0,12,11,0,0,1,0,0,80,21,"Geelong","2018",8
9,"Smith, Zac",3,0,7,10,0,0,20,2,0,0,0,1,1,1,0,3,7,0,0,3,0,0,72,21,"Geelong","2018",8
44,"Stewart, Tom",20,9,8,28,0,0,0,2,7,0,2,2,2,1,1,12,13,2,0,5,2,0,85,21,"Geelong","2018",8
7,"Taylor, Harry",13,6,7,20,0,1,0,0,5,1,0,4,1,1,0,6,14,1,1,4,0,0,86,21,"Geelong","2018",8
40,"Thurlow, Jackson",9,3,7,16,1,0,0,5,2,3,1,0,0,0,0,5,12,0,0,1,0,0,81,21,"Geelong","2018",8
2,"Tuohy, Zach",11,3,7,18,0,0,0,2,5,2,0,0,2,0,0,7,6,0,0,1,0,0,90,21,"Geelong","2018",8
0,"Rushed",0,0,0,0,0,2,0,0,0,0,0,0,0,0,0,0,0,0,0,0,0,0,0,21,"Geelong","2018",8
