"Number","Player","Kicks","Marks","Handballs","Disposals","Goals","Behinds","Hitouts","Tackles","Rebounds50s","Inside50s","Clearances","Clangers","FreesFor","FreesAgainst","BrownlowVotes","ContestedPossessions","UncontestedPossessions","ContestedMarks","MarksInside50","OnePercenters","Bounces","GoalAssists","PercentagePlayed","PointDifference","Team","Season","Round"
21,"Atkins, Rory",7,2,2,9,0,0,0,3,3,1,0,0,0,0,0,5,3,0,0,1,0,0,84,37,"Adelaide","2018",9
18,"Betts, Eddie",9,3,6,15,4,0,0,1,1,3,0,0,2,0,1,9,5,1,2,1,0,0,78,37,"Adelaide","2018",9
39,"Doedee, Tom",11,2,4,15,0,0,0,7,5,0,0,0,1,0,0,8,6,1,0,10,0,0,83,37,"Adelaide","2018",9
26,"Douglas, Richard",21,3,0,21,0,0,0,5,4,4,4,5,3,1,0,12,9,0,0,2,0,0,84,37,"Adelaide","2018",9
28,"Ellis-Yolmen, Cam",17,1,10,27,0,0,0,6,2,3,6,5,1,1,0,21,5,0,1,1,0,0,76,37,"Adelaide","2018",9
32,"Fogarty, Darcy",6,1,1,7,1,0,0,1,0,2,0,1,2,0,0,7,2,0,1,4,0,1,69,37,"Adelaide","2018",9
7,"Gallucci, Jordan",7,2,1,8,0,1,0,6,2,1,3,1,0,0,0,5,4,0,1,1,0,1,79,37,"Adelaide","2018",9
6,"Gibbs, Bryce",19,2,7,26,0,1,0,8,1,4,10,5,1,0,3,17,9,0,1,1,0,0,78,37,"Adelaide","2018",9
20,"Gibson, Sam",11,2,9,20,0,0,0,8,1,1,5,3,1,2,0,11,11,0,0,0,0,0,80,37,"Adelaide","2018",9
1,"Greenwood, Hugh",15,2,5,20,0,0,0,11,1,3,10,3,1,1,0,19,1,1,0,0,0,1,69,37,"Adelaide","2018",9
15,"Hartigan, Kyle",9,3,1,10,0,0,0,1,4,1,0,1,1,0,0,7,3,1,0,4,0,0,87,37,"Adelaide","2018",9
24,"Jacobs, Sam",5,1,0,5,0,0,54,3,2,2,1,3,0,2,0,4,1,1,0,3,0,0,86,37,"Adelaide","2018",9
4,"Jenkins, Josh",6,0,2,8,1,0,1,9,0,4,0,4,3,3,0,6,2,0,0,2,0,0,97,37,"Adelaide","2018",9
8,"Kelly, Jake",7,1,4,11,0,0,0,3,2,1,1,0,1,0,0,5,3,0,0,5,0,0,91,37,"Adelaide","2018",9
29,"Laird, Rory",16,4,12,28,0,0,0,4,4,1,1,2,2,0,2,15,10,1,0,3,0,0,81,37,"Adelaide","2018",9
27,"Lynch, Tom",6,1,9,15,1,1,0,4,0,2,3,3,0,2,0,11,3,1,0,2,0,0,85,37,"Adelaide","2018",9
14,"Mackay, David",14,4,1,15,0,0,0,8,7,3,2,3,3,1,0,7,8,0,0,3,0,0,89,37,"Adelaide","2018",9
44,"Murphy, Lachlan",6,0,2,8,1,1,0,6,0,0,1,2,1,1,0,6,3,0,0,1,0,0,75,37,"Adelaide","2018",9
22,"Otten, Andy",8,5,6,14,0,0,2,5,2,1,0,1,0,0,0,10,5,1,1,4,0,0,85,37,"Adelaide","2018",9
10,"Poholke, Myles",7,2,5,12,1,0,0,5,0,3,0,2,0,1,0,7,6,1,0,2,0,0,74,37,"Adelaide","2018",9
11,"Seedsman, Paul",18,1,4,22,0,2,0,6,1,6,6,2,1,0,0,14,8,0,0,1,0,1,77,37,"Adelaide","2018",9
12,"Talia, Daniel",9,3,5,14,0,0,0,4,4,2,0,4,0,2,0,7,6,0,0,14,0,0,96,37,"Adelaide","2018",9
0,"Rushed",0,0,0,0,0,3,0,0,0,0,0,0,0,0,0,0,0,0,0,0,0,0,0,37,"Adelaide","2018",9
4,"Bontempelli, Marcus",12,0,16,28,0,0,0,7,1,4,9,5,2,2,0,18,9,0,0,7,0,0,82,-37,"Western Bulldogs","2018",9
17,"Boyd, Tom",3,1,6,9,0,0,23,4,0,0,0,2,0,0,0,6,2,1,0,10,0,0,83,-37,"Western Bulldogs","2018",9
12,"Cordy, Zaine",12,3,6,18,0,0,0,2,5,1,0,5,0,2,0,8,10,2,0,7,0,0,97,-37,"Western Bulldogs","2018",9
9,"Crozier, Hayden",8,1,10,18,0,0,0,4,1,1,1,4,1,2,0,9,8,0,0,3,0,0,85,-37,"Western Bulldogs","2018",9
6,"Dahlhaus, Luke",9,1,16,25,0,0,0,7,1,2,1,1,1,1,0,7,15,0,1,1,0,0,81,-37,"Western Bulldogs","2018",9
31,"Dale, Bailey",5,1,4,9,0,0,0,0,1,0,0,4,0,2,0,5,4,0,0,0,0,0,72,-37,"Western Bulldogs","2018",9
35,"Daniel, Caleb",9,1,8,17,0,0,0,6,4,2,1,1,1,0,0,8,8,0,0,2,0,0,74,-37,"Western Bulldogs","2018",9
5,"Dunkley, Josh",6,3,6,12,0,1,0,5,1,2,0,1,0,1,0,2,10,0,0,1,0,0,72,-37,"Western Bulldogs","2018",9
26,"Gowers, Billy",7,2,2,9,0,1,0,4,0,2,0,1,0,1,0,4,5,1,1,1,0,0,76,-37,"Western Bulldogs","2018",9
7,"Hunter, Lachie",14,2,9,23,0,1,0,5,1,2,2,4,3,0,0,10,11,0,2,1,0,0,93,-37,"Western Bulldogs","2018",9
39,"Johannisen, Jason",11,2,7,18,0,3,0,3,0,3,1,1,0,0,0,7,8,0,1,0,0,0,84,-37,"Western Bulldogs","2018",9
27,"Lipinski, Patrick",8,0,6,14,0,1,0,7,0,3,0,2,0,1,0,9,5,0,0,0,0,0,83,-37,"Western Bulldogs","2018",9
11,"Macrae, Jack",12,2,24,36,0,0,0,13,2,4,10,0,2,0,0,25,12,1,0,4,0,0,89,-37,"Western Bulldogs","2018",9
16,"McLean, Toby",10,3,12,22,0,0,0,10,2,4,2,2,1,1,0,10,12,0,0,2,0,0,83,-37,"Western Bulldogs","2018",9
20,"Richards, Ed",10,1,2,12,0,1,0,7,2,1,1,3,0,1,0,5,4,0,0,4,0,0,85,-37,"Western Bulldogs","2018",9
23,"Roughead, Jordan",6,0,6,12,0,0,17,4,1,3,2,3,1,2,0,6,6,0,0,10,0,0,78,-37,"Western Bulldogs","2018",9
1,"Suckling, Matt",14,2,5,19,1,1,0,6,4,4,3,4,0,1,0,4,12,0,0,3,1,0,79,-37,"Western Bulldogs","2018",9
8,"Trengove, Jackson",12,3,9,21,0,0,0,5,4,2,0,7,3,3,0,10,9,1,0,10,0,0,94,-37,"Western Bulldogs","2018",9
3,"Wallis, Mitch",7,0,13,20,0,0,0,10,0,2,0,3,0,2,0,14,8,0,0,3,0,0,82,-37,"Western Bulldogs","2018",9
19,"Webb, Lukas",6,0,8,14,1,1,0,3,0,3,0,1,1,1,0,7,7,0,0,2,0,0,68,-37,"Western Bulldogs","2018",9
34,"Williams, Bailey",17,4,7,24,0,0,0,3,2,2,0,4,0,0,0,12,6,1,0,6,0,0,79,-37,"Western Bulldogs","2018",9
10,"Wood, Easton",14,2,4,18,0,0,0,3,3,5,0,4,1,1,0,7,6,0,0,7,0,0,82,-37,"Western Bulldogs","2018",9
0,"Rushed",0,0,0,0,0,4,0,0,0,0,0,0,0,0,0,0,0,0,0,0,0,0,0,-37,"Western Bulldogs","2018",9
