"Number","Player","Kicks","Marks","Handballs","Disposals","Goals","Behinds","Hitouts","Tackles","Rebounds50s","Inside50s","Clearances","Clangers","FreesFor","FreesAgainst","BrownlowVotes","ContestedPossessions","UncontestedPossessions","ContestedMarks","MarksInside50","OnePercenters","Bounces","GoalAssists","PercentagePlayed","PointDifference","Team","Season","Round"
37,"Barrass, Tom",6,3,2,8,0,0,0,0,3,0,0,1,0,0,0,4,4,1,0,5,0,0,85,15,"West Coast","2018",3
15,"Cripps, Jamie",9,6,4,13,0,1,0,5,1,2,1,1,0,0,0,3,10,0,1,0,2,0,83,15,"West Coast","2018",3
27,"Darling, Jack",5,4,7,12,2,1,1,1,0,0,0,0,1,0,0,6,7,2,2,5,0,0,97,15,"West Coast","2018",3
3,"Gaff, Andrew",19,8,10,29,1,0,0,3,5,6,4,0,1,0,0,8,21,0,0,0,1,1,90,15,"West Coast","2018",3
25,"Hurn, Shannon",17,8,4,21,0,0,0,1,7,2,0,1,0,0,0,3,16,0,0,2,1,0,91,15,"West Coast","2018",3
34,"Hutchings, Mark",12,6,9,21,0,1,0,4,3,0,1,2,0,1,0,8,13,0,0,0,0,0,81,15,"West Coast","2018",3
23,"Jetta, Lewis",8,3,4,12,0,0,0,1,3,2,0,2,1,1,0,4,8,0,0,0,1,0,88,15,"West Coast","2018",3
2,"LeCras, Mark",9,6,3,12,3,2,0,2,0,2,2,2,0,2,0,4,8,0,2,1,0,0,89,15,"West Coast","2018",3
29,"Lycett, Scott",6,2,4,10,0,0,16,4,2,1,2,1,3,0,0,6,3,1,0,5,0,0,73,15,"West Coast","2018",3
7,"Masten, Chris",8,7,10,18,0,1,0,4,0,2,1,2,0,0,0,6,12,0,1,0,0,0,82,15,"West Coast","2018",3
20,"McGovern, Jeremy",6,2,5,11,0,0,0,0,1,0,0,1,3,0,0,6,5,1,0,5,0,0,86,15,"West Coast","2018",3
9,"Naitanui, Nic",4,0,5,9,1,0,39,6,0,2,5,4,2,4,0,7,3,0,0,2,0,2,56,15,"West Coast","2018",3
30,"Nelson, Jackson",5,4,2,7,0,0,0,0,1,0,1,0,0,0,0,3,5,0,0,6,0,0,84,15,"West Coast","2018",3
8,"Redden, Jack",13,2,6,19,1,0,0,4,1,4,5,5,1,3,0,10,11,0,1,4,0,0,81,15,"West Coast","2018",3
44,"Rioli, Willie",8,2,4,12,0,0,0,2,1,5,2,5,1,1,0,8,5,0,0,3,0,0,71,15,"West Coast","2018",3
1,"Ryan, Liam",11,4,1,12,3,0,0,3,0,4,0,1,1,0,0,5,4,0,0,0,1,0,69,15,"West Coast","2018",3
4,"Sheed, Dom",20,6,10,30,2,2,0,1,0,6,6,5,3,0,3,12,17,0,0,0,1,0,82,15,"West Coast","2018",3
5,"Sheppard, Brad",13,7,4,17,0,0,0,2,6,2,0,3,5,1,0,9,10,2,0,7,0,0,86,15,"West Coast","2018",3
13,"Shuey, Luke",18,1,10,28,1,0,0,4,3,9,8,5,0,2,1,13,15,0,0,2,0,2,83,15,"West Coast","2018",3
18,"Venables, Daniel",5,2,4,9,0,1,0,0,1,1,1,3,0,0,0,3,7,0,1,1,0,1,73,15,"West Coast","2018",3
45,"Waterman, Jake",16,9,4,20,0,1,0,2,0,6,0,2,4,0,0,5,15,1,1,2,0,1,78,15,"West Coast","2018",3
6,"Yeo, Elliot",9,3,3,12,0,0,0,4,1,4,1,6,0,4,0,5,6,0,0,2,0,0,91,15,"West Coast","2018",3
0,"Rushed",0,0,0,0,0,1,0,0,0,0,0,0,0,0,0,0,0,0,0,0,0,0,0,15,"West Coast","2018",3
4,"Ablett, Gary",13,2,13,26,0,0,0,1,2,3,5,3,2,2,0,10,18,0,0,1,0,0,66,-15,"Geelong","2018",3
24,"Bews, Jed",14,8,8,22,1,0,0,0,3,1,1,3,0,1,0,8,12,1,1,1,0,0,93,-15,"Geelong","2018",3
46,"Blicavs, Mark",5,2,7,12,0,0,17,8,2,2,3,4,3,2,0,7,6,0,0,5,0,0,81,-15,"Geelong","2018",3
5,"Cockatoo, Nakia",11,5,4,15,0,2,0,3,1,4,2,2,0,1,0,4,10,0,0,1,1,0,48,-15,"Geelong","2018",3
35,"Dangerfield, Patrick",15,2,18,33,0,1,0,3,0,5,10,5,2,0,2,14,20,0,0,1,2,1,84,-15,"Geelong","2018",3
13,"Fogarty, Lachie",12,4,2,14,1,4,0,1,0,2,0,0,1,0,0,3,10,0,1,0,0,0,88,-15,"Geelong","2018",3
28,"Gregson, Cory",9,6,8,17,0,0,0,3,1,3,1,1,1,0,0,6,11,0,1,0,0,3,84,-15,"Geelong","2018",3
29,"Guthrie, Cameron",2,0,2,4,0,0,0,0,2,0,0,1,0,0,0,0,3,0,0,0,0,0,23,-15,"Geelong","2018",3
39,"Guthrie, Zach",10,5,4,14,0,0,0,2,6,0,0,0,1,0,0,1,13,1,0,1,0,0,83,-15,"Geelong","2018",3
26,"Hawkins, Tom",10,7,5,15,3,3,3,2,1,2,0,6,0,5,0,9,7,2,6,3,0,3,97,-15,"Geelong","2018",3
38,"Henry, Jack",11,6,5,16,0,0,0,1,4,0,0,4,0,3,0,6,12,1,0,10,0,0,94,-15,"Geelong","2018",3
11,"Kelly, Tim",9,3,10,19,1,0,0,5,2,4,5,4,0,1,0,10,9,0,0,1,0,1,80,-15,"Geelong","2018",3
8,"Kolodjashnij, Jake",12,9,4,16,0,0,0,1,6,0,0,3,0,1,0,6,10,3,0,8,0,0,90,-15,"Geelong","2018",3
27,"Menegola, Sam",12,6,17,29,1,0,0,7,2,8,4,3,1,1,0,12,18,1,0,2,0,0,89,-15,"Geelong","2018",3
10,"Menzel, Daniel",6,5,2,8,1,1,0,0,0,1,0,1,0,1,0,3,5,2,2,2,0,0,96,-15,"Geelong","2018",3
3,"Parfitt, Brandan",11,5,9,20,0,0,0,4,0,4,0,2,0,1,0,5,13,0,0,0,0,0,86,-15,"Geelong","2018",3
34,"Parsons, James",8,3,4,12,0,0,0,2,2,4,0,3,0,2,0,4,7,0,0,0,0,0,79,-15,"Geelong","2018",3
17,"Ratugolea, Esava",9,8,5,14,2,1,7,2,1,2,1,4,1,2,0,6,9,3,2,3,0,0,86,-15,"Geelong","2018",3
14,"Selwood, Joel",10,5,11,21,0,0,0,7,1,4,3,5,1,2,0,7,13,2,0,0,0,0,83,-15,"Geelong","2018",3
16,"Selwood, Scott",5,2,9,14,0,0,0,6,0,2,2,1,2,0,0,8,8,0,0,4,0,0,87,-15,"Geelong","2018",3
44,"Stewart, Tom",15,8,5,20,0,0,0,2,3,2,0,2,0,1,0,3,15,0,0,10,1,0,90,-15,"Geelong","2018",3
2,"Tuohy, Zach",15,4,7,22,1,0,0,2,3,2,2,1,3,0,0,8,14,0,1,3,0,1,94,-15,"Geelong","2018",3
0,"Rushed",0,0,0,0,0,2,0,0,0,0,0,0,0,0,0,0,0,0,0,0,0,0,0,-15,"Geelong","2018",3
