"Number","Player","Kicks","Marks","Handballs","Disposals","Goals","Behinds","Hitouts","Tackles","Rebounds50s","Inside50s","Clearances","Clangers","FreesFor","FreesAgainst","BrownlowVotes","ContestedPossessions","UncontestedPossessions","ContestedMarks","MarksInside50","OnePercenters","Bounces","GoalAssists","PercentagePlayed","PointDifference","Team","Season","Round"
12,"Astbury, David",7,6,11,18,0,0,0,2,2,3,0,2,0,1,0,3,15,2,0,10,0,0,95,47,"Richmond","2018",16
35,"Broad, Nathan",11,4,8,19,0,0,0,2,1,2,0,1,0,0,0,6,12,1,0,6,0,0,73,47,"Richmond","2018",16
7,"Butler, Dan",4,1,3,7,1,1,0,3,0,1,0,0,1,0,0,2,4,0,0,1,1,1,53,47,"Richmond","2018",16
22,"Caddy, Josh",10,3,9,19,2,0,0,0,0,4,3,4,2,3,0,10,10,0,1,2,1,1,88,47,"Richmond","2018",16
11,"Castagna, Jason",5,2,10,15,0,2,0,1,0,4,1,1,0,0,0,7,8,0,1,0,3,1,87,47,"Richmond","2018",16
9,"Cotchin, Trent",18,5,9,27,0,1,0,3,4,5,7,2,3,0,0,14,12,1,0,0,0,0,82,47,"Richmond","2018",16
10,"Edwards, Shane",15,2,13,28,2,0,0,0,4,5,4,3,0,1,1,14,13,0,0,0,2,1,82,47,"Richmond","2018",16
5,"Ellis, Brandon",15,5,12,27,0,0,0,4,3,1,1,0,1,0,0,6,20,0,0,0,0,1,75,47,"Richmond","2018",16
32,"Ellis, Corey",3,3,10,13,0,0,0,1,0,0,0,1,1,1,0,6,8,0,0,4,0,0,78,47,"Richmond","2018",16
34,"Graham, Jack",7,1,10,17,0,0,0,7,2,2,2,2,1,2,0,4,12,0,1,0,0,0,51,47,"Richmond","2018",16
6,"Grigg, Shaun",11,7,17,28,0,0,1,5,2,3,1,1,0,1,0,7,21,1,1,2,0,0,88,47,"Richmond","2018",16
2,"Grimes, Dylan",6,5,10,16,0,0,0,5,3,0,0,2,2,1,0,5,11,0,0,7,0,0,88,47,"Richmond","2018",16
28,"Higgins, Jack",10,5,15,25,0,0,0,2,1,1,3,1,1,0,0,11,13,1,0,1,0,0,66,47,"Richmond","2018",16
23,"Lambert, Kane",17,5,16,33,0,2,0,1,1,7,4,3,0,0,3,7,26,0,1,0,0,2,86,47,"Richmond","2018",16
4,"Martin, Dustin",16,6,14,30,2,2,0,3,0,9,3,5,0,2,2,17,15,2,0,1,2,0,88,47,"Richmond","2018",16
36,"Moore, Callum",8,5,5,13,2,2,0,4,0,1,0,0,0,0,0,6,8,2,3,4,2,0,92,47,"Richmond","2018",16
25,"Nankervis, Toby",7,4,9,16,0,0,31,3,1,2,4,2,2,2,0,8,8,1,0,7,0,0,88,47,"Richmond","2018",16
3,"Prestia, Dion",14,0,14,28,1,0,0,5,3,3,6,4,2,0,0,12,15,0,0,0,1,1,76,47,"Richmond","2018",16
18,"Rance, Alex",7,3,8,15,0,0,0,1,1,1,0,1,2,0,0,6,9,0,0,10,0,0,98,47,"Richmond","2018",16
8,"Riewoldt, Jack",13,7,5,18,2,1,0,3,0,7,1,5,1,1,0,10,8,2,3,2,0,1,97,47,"Richmond","2018",16
17,"Rioli, Daniel",11,5,1,12,2,0,0,4,0,2,0,3,1,1,0,2,11,0,0,2,0,0,80,47,"Richmond","2018",16
15,"Short, Jayden",20,9,5,25,1,0,0,2,4,4,0,4,0,1,0,3,21,0,0,0,2,1,88,47,"Richmond","2018",16
0,"Rushed",0,0,0,0,0,2,0,0,0,0,0,0,0,0,0,0,0,0,0,0,0,0,0,47,"Richmond","2018",16
16,"Brown, Luke",10,6,3,13,0,0,0,1,5,0,0,1,1,1,0,3,9,0,0,0,0,0,82,-47,"Adelaide","2018",16
25,"Cheney, Kyle",14,5,5,19,0,0,0,1,6,0,1,1,1,0,0,6,11,2,0,5,0,1,86,-47,"Adelaide","2018",16
5,"Crouch, Matt",17,5,21,38,0,0,0,3,4,1,9,4,0,1,0,15,22,0,0,0,0,0,80,-47,"Adelaide","2018",16
39,"Doedee, Tom",8,8,20,28,0,0,0,4,2,2,0,1,2,0,0,11,18,3,0,7,0,0,91,-47,"Adelaide","2018",16
26,"Douglas, Richard",12,4,5,17,0,1,0,1,1,5,4,3,0,2,0,8,9,0,0,2,0,1,66,-47,"Adelaide","2018",16
32,"Fogarty, Darcy",4,2,4,8,1,0,0,2,0,0,0,4,0,1,0,5,4,1,1,2,0,0,81,-47,"Adelaide","2018",16
7,"Gallucci, Jordan",9,1,1,10,1,2,0,1,0,4,0,1,1,0,0,3,6,0,0,1,2,0,76,-47,"Adelaide","2018",16
6,"Gibbs, Bryce",16,4,9,25,0,0,0,5,6,3,3,6,0,2,0,7,17,1,0,0,0,0,82,-47,"Adelaide","2018",16
1,"Greenwood, Hugh",10,1,12,22,1,0,1,3,0,1,8,1,0,0,0,15,7,0,1,0,0,1,76,-47,"Adelaide","2018",16
17,"Hampton, Curtly",0,0,2,2,0,0,0,4,0,0,1,3,0,1,0,1,1,0,0,1,0,0,83,-47,"Adelaide","2018",16
15,"Hartigan, Kyle",10,7,5,15,0,0,0,1,5,0,0,4,0,1,0,3,12,0,0,1,0,0,88,-47,"Adelaide","2018",16
24,"Jacobs, Sam",8,5,3,11,0,0,42,3,0,2,0,3,1,2,0,3,9,1,0,4,0,0,83,-47,"Adelaide","2018",16
4,"Jenkins, Josh",7,4,3,10,3,0,7,3,0,2,0,1,3,0,0,9,5,2,2,3,0,1,85,-47,"Adelaide","2018",16
8,"Kelly, Jake",10,5,6,16,0,0,0,0,3,1,0,2,1,1,0,3,12,0,0,1,0,0,80,-47,"Adelaide","2018",16
29,"Laird, Rory",19,6,16,35,0,0,0,1,8,2,0,5,2,1,0,7,27,1,0,0,1,0,85,-47,"Adelaide","2018",16
27,"Lynch, Tom",14,8,5,19,0,0,0,2,2,3,0,1,0,0,0,4,16,0,0,1,0,1,80,-47,"Adelaide","2018",16
30,"Milera, Wayne",8,3,12,20,0,0,0,3,1,5,1,3,0,1,0,7,12,0,0,3,0,1,84,-47,"Adelaide","2018",16
10,"Poholke, Myles",6,3,2,8,0,1,0,5,0,2,0,2,0,2,0,2,7,0,0,0,0,0,80,-47,"Adelaide","2018",16
11,"Seedsman, Paul",8,4,10,18,1,0,0,1,1,2,0,0,1,0,0,8,12,1,0,4,0,0,78,-47,"Adelaide","2018",16
9,"Sloane, Rory",15,2,16,31,0,1,0,7,0,3,11,4,2,1,0,18,12,0,0,1,0,0,84,-47,"Adelaide","2018",16
12,"Talia, Daniel",10,8,8,18,0,0,0,1,3,1,1,2,1,0,0,9,9,2,0,8,0,0,87,-47,"Adelaide","2018",16
13,"Walker, Taylor",6,5,5,11,1,1,0,4,0,6,0,4,1,3,0,4,7,0,0,4,0,0,84,-47,"Adelaide","2018",16
0,"Rushed",0,0,0,0,0,2,0,0,0,0,0,0,0,0,0,0,0,0,0,0,0,0,0,-47,"Adelaide","2018",16
