"Number","Player","Kicks","Marks","Handballs","Disposals","Goals","Behinds","Hitouts","Tackles","Rebounds50s","Inside50s","Clearances","Clangers","FreesFor","FreesAgainst","BrownlowVotes","ContestedPossessions","UncontestedPossessions","ContestedMarks","MarksInside50","OnePercenters","Bounces","GoalAssists","PercentagePlayed","PointDifference","Team","Season","Round"
13,"Ah Chee, Callum",9,3,1,10,0,0,0,1,3,2,0,1,0,0,0,1,11,0,0,4,0,0,83,-4,"Gold Coast","2018",22
9,"Ainsworth, Ben",5,3,10,15,1,1,0,4,1,0,1,1,0,0,0,6,9,0,1,0,0,0,77,-4,"Gold Coast","2018",22
20,"Barlow, Michael",10,6,10,20,0,0,0,0,5,3,2,1,1,1,0,8,13,0,0,2,0,0,80,-4,"Gold Coast","2018",22
29,"Bowes, Jack",14,3,5,19,1,1,0,3,2,7,6,1,2,0,0,10,10,1,1,3,0,0,71,-4,"Gold Coast","2018",22
32,"Crossley, Brayden",3,1,4,7,1,0,4,1,0,0,0,1,2,0,0,4,3,1,1,1,0,0,85,-4,"Gold Coast","2018",22
8,"Fiorini, Brayden",21,4,11,32,1,0,0,3,2,5,5,6,2,0,2,11,21,0,0,2,0,0,77,-4,"Gold Coast","2018",22
5,"Harbrow, Jarrod",14,5,9,23,0,0,0,1,4,1,1,6,1,2,0,9,13,0,0,1,0,0,83,-4,"Gold Coast","2018",22
40,"Heron, Jacob",2,1,8,10,0,0,0,5,0,0,1,0,1,0,0,5,6,0,0,4,0,0,83,-4,"Gold Coast","2018",22
39,"Holman, Nick",7,4,4,11,1,1,0,3,0,2,0,3,1,0,0,5,6,0,2,2,0,0,74,-4,"Gold Coast","2018",22
38,"Joyce, Jesse",12,6,9,21,0,0,0,0,7,2,0,3,0,2,0,7,14,1,0,8,0,0,90,-4,"Gold Coast","2018",22
23,"Lemmens, Sean",3,1,6,9,0,1,0,2,0,3,0,10,1,6,0,5,5,0,0,1,0,1,80,-4,"Gold Coast","2018",22
21,"Leslie, Jack",3,2,1,4,0,0,2,0,1,0,0,5,0,3,0,2,2,0,0,9,0,0,98,-4,"Gold Coast","2018",22
25,"Lyons, Jarryd",14,3,6,20,1,2,0,4,2,5,5,3,0,0,0,9,12,1,1,1,0,2,79,-4,"Gold Coast","2018",22
17,"May, Steven",12,4,5,17,0,0,2,2,7,1,0,4,0,2,0,2,12,0,0,7,0,0,91,-4,"Gold Coast","2018",22
11,"Miller, Touk",3,4,12,15,0,0,0,2,2,1,3,2,3,2,0,7,11,0,0,3,0,0,83,-4,"Gold Coast","2018",22
35,"Rischitelli, Michael",7,2,4,11,0,0,0,1,4,0,0,3,0,0,0,1,9,0,0,2,0,0,72,-4,"Gold Coast","2018",22
18,"Scheer, Brad",6,4,3,9,0,1,0,6,1,0,0,0,1,0,0,3,6,1,2,3,0,0,76,-4,"Gold Coast","2018",22
6,"Sexton, Alex",11,4,8,19,4,0,0,4,0,6,3,4,1,2,1,8,11,0,1,0,2,0,91,-4,"Gold Coast","2018",22
24,"Swallow, David",15,6,10,25,0,0,0,3,2,6,8,6,0,4,0,14,14,1,1,4,0,0,81,-4,"Gold Coast","2018",22
14,"Weller, Lachie",13,4,9,22,0,1,0,3,4,4,1,3,3,0,0,8,15,1,0,1,2,0,82,-4,"Gold Coast","2018",22
28,"Witts, Jarrod",6,2,8,14,0,0,31,4,0,0,3,3,1,0,0,6,7,0,1,7,0,1,85,-4,"Gold Coast","2018",22
15,"Young, Aaron",4,2,10,14,1,0,0,3,0,1,0,5,0,3,0,9,7,1,0,1,0,1,79,-4,"Gold Coast","2018",22
0,"Totals",194,74,153,347,11,8,39,55,47,49,39,71,20,27,3,140,217,8,11,66,4,5,0,-4,"Gold Coast","2018",22
31,"Andrews, Harris",7,7,7,14,1,0,0,3,0,0,1,1,3,0,0,5,8,1,0,10,0,0,96,4,"Brisbane Lions","2018",22
33,"Bailey, Zac",7,3,7,14,0,0,0,1,0,4,1,3,0,3,0,3,11,0,0,2,0,2,84,4,"Brisbane Lions","2018",22
9,"Beams, Dayne",20,8,18,38,1,2,0,2,1,4,9,6,0,1,3,17,20,1,3,0,0,0,87,4,"Brisbane Lions","2018",22
13,"Berry, Jarrod",9,4,12,21,0,0,0,3,2,6,6,4,0,2,0,11,10,0,0,2,0,0,85,4,"Brisbane Lions","2018",22
3,"Christensen, Allen",19,10,3,22,1,0,0,2,3,1,0,0,1,0,0,2,19,0,0,3,0,0,77,4,"Brisbane Lions","2018",22
26,"Cutler, Tom",13,4,6,19,0,1,0,0,2,4,0,2,1,2,0,6,14,0,0,1,0,1,88,4,"Brisbane Lions","2018",22
30,"Hipwood, Eric",10,4,1,11,0,4,0,0,0,4,0,2,1,0,0,5,7,0,1,2,0,0,83,4,"Brisbane Lions","2018",22
2,"Hodge, Luke",17,8,4,21,0,0,0,3,8,3,0,3,3,1,0,4,14,2,0,5,0,0,92,4,"Brisbane Lions","2018",22
35,"Lester, Ryan",9,4,7,16,0,0,0,5,2,3,1,3,2,2,0,7,7,0,0,5,0,1,81,4,"Brisbane Lions","2018",22
12,"Martin, Stefan",10,4,11,21,0,0,38,5,2,5,2,3,0,0,0,8,13,1,0,2,0,1,90,4,"Brisbane Lions","2018",22
36,"Mathieson, Rhys",5,2,10,15,1,0,0,2,1,0,3,3,1,1,0,9,5,0,0,0,0,0,79,4,"Brisbane Lions","2018",22
6,"McCluggage, Hugh",11,5,11,22,1,1,0,5,1,1,2,2,0,0,0,5,17,0,1,1,0,0,89,4,"Brisbane Lions","2018",22
25,"McStay, Daniel",4,2,1,5,0,2,0,3,0,1,0,2,2,0,0,4,3,1,1,4,0,0,90,4,"Brisbane Lions","2018",22
16,"Rayner, Cam",8,3,6,14,1,2,0,3,1,4,3,0,1,0,0,8,8,1,2,2,0,0,80,4,"Brisbane Lions","2018",22
10,"Rich, Daniel",13,5,8,21,0,1,0,2,1,4,0,1,2,0,0,3,17,0,0,5,0,0,90,4,"Brisbane Lions","2018",22
18,"Robertson, Nick",7,7,9,16,0,0,0,0,2,1,1,3,0,3,0,3,13,1,0,2,0,0,87,4,"Brisbane Lions","2018",22
5,"Robinson, Mitch",11,5,10,21,0,0,0,1,5,4,2,2,2,2,0,10,11,1,0,4,0,0,81,4,"Brisbane Lions","2018",22
37,"Starcevich, Brandon",5,1,5,10,1,0,0,2,0,2,0,0,3,0,0,8,4,0,1,1,0,0,71,4,"Brisbane Lions","2018",22
28,"Taylor, Lewis",15,5,2,17,2,1,0,2,0,1,0,0,2,0,0,6,11,0,1,0,0,0,79,4,"Brisbane Lions","2018",22
14,"Walker, Josh",11,10,4,15,1,1,4,1,0,3,2,1,0,0,0,5,9,1,1,2,2,0,91,4,"Brisbane Lions","2018",22
29,"Witherden, Alex",4,1,0,4,0,0,0,0,2,0,0,0,0,0,0,1,2,0,0,0,0,0,11,4,"Brisbane Lions","2018",22
15,"Zorko, Dayne",10,0,7,17,0,0,0,9,1,5,4,6,3,3,0,10,6,0,0,0,0,0,87,4,"Brisbane Lions","2018",22
0,"Rushed",0,0,0,0,0,3,0,0,0,0,0,0,0,0,0,0,0,0,0,0,0,0,0,4,"Brisbane Lions","2018",22
