"Number","Player","Kicks","Marks","Handballs","Disposals","Goals","Behinds","Hitouts","Tackles","Rebounds50s","Inside50s","Clearances","Clangers","FreesFor","FreesAgainst","BrownlowVotes","ContestedPossessions","UncontestedPossessions","ContestedMarks","MarksInside50","OnePercenters","Bounces","GoalAssists","PercentagePlayed","PointDifference","Team","Season","Round"
24,"Austin, Logan",14,9,7,21,0,1,0,0,4,0,0,1,0,0,0,3,17,1,0,4,0,0,94,-71,"St Kilda","2018",12
26,"Battle, Josh",8,4,6,14,2,1,0,2,1,2,0,2,3,1,0,7,7,0,1,5,0,0,83,-71,"St Kilda","2018",12
22,"Brown, Nathan",4,1,0,4,0,0,0,1,0,0,0,0,0,0,0,1,2,0,0,3,0,0,50,-71,"St Kilda","2018",12
11,"Clark, Hunter",8,3,5,13,0,0,0,5,1,1,1,0,1,0,0,2,11,0,0,1,0,0,69,-71,"St Kilda","2018",12
33,"Coffield, Nick",8,5,7,15,0,0,0,1,1,0,0,1,0,1,0,4,10,0,0,1,0,0,84,-71,"St Kilda","2018",12
7,"Dunstan, Luke",14,1,8,22,0,0,0,6,1,5,7,4,2,3,0,11,10,0,0,1,0,0,77,-71,"St Kilda","2018",12
4,"Gresham, Jade",7,3,6,13,1,1,0,1,0,4,2,1,0,1,0,8,5,0,1,1,1,0,87,-71,"St Kilda","2018",12
1,"Hickey, Tom",8,1,3,11,0,1,30,8,1,3,4,2,1,0,0,7,5,0,1,2,0,0,85,-71,"St Kilda","2018",12
13,"Lonie, Jack",7,5,7,14,0,2,0,0,0,4,0,0,2,0,0,5,9,0,0,0,0,1,81,-71,"St Kilda","2018",12
32,"McCartin, Paddy",8,5,2,10,1,3,0,1,1,1,0,1,0,1,0,3,7,0,3,0,0,0,72,-71,"St Kilda","2018",12
36,"McKenzie, Daniel",3,4,4,7,0,0,0,4,0,1,0,2,1,2,0,3,5,1,0,4,0,0,80,-71,"St Kilda","2018",12
28,"Membrey, Tim",8,6,7,15,1,0,0,0,0,5,1,1,1,1,0,10,8,1,2,3,0,1,88,-71,"St Kilda","2018",12
16,"Newnes, Jack",12,6,7,19,0,3,0,2,1,5,0,4,2,1,0,7,12,0,1,2,0,1,84,-71,"St Kilda","2018",12
30,"Phillips, Ed",14,5,6,20,0,0,0,3,2,2,1,2,2,0,0,5,15,0,0,1,0,0,89,-71,"St Kilda","2018",12
37,"Rice, Bailey",16,9,4,20,0,0,0,1,4,1,0,2,0,0,0,2,18,2,0,2,0,0,83,-71,"St Kilda","2018",12
6,"Ross, Sebastian",13,4,12,25,0,0,0,5,1,4,5,7,0,2,0,13,12,0,0,4,0,0,86,-71,"St Kilda","2018",12
5,"Savage, Shane",16,8,1,17,0,0,0,2,4,5,0,2,1,1,0,3,14,1,0,3,2,1,91,-71,"St Kilda","2018",12
35,"Sinclair, Jack",8,4,9,17,1,0,0,6,1,2,1,2,1,1,0,7,10,0,0,1,1,0,87,-71,"St Kilda","2018",12
9,"Steele, Jack",5,6,16,21,0,0,3,2,2,1,2,3,2,2,0,10,11,2,1,6,0,1,79,-71,"St Kilda","2018",12
3,"Steven, Jack",7,0,6,13,0,0,0,4,0,3,2,2,0,0,0,4,7,0,0,0,2,0,83,-71,"St Kilda","2018",12
29,"Webster, Jimmy",17,5,7,24,0,0,0,3,3,3,1,0,1,0,0,7,18,1,0,2,0,0,83,-71,"St Kilda","2018",12
44,"Weller, Maverick",1,2,8,9,1,0,0,3,0,3,0,5,0,5,0,2,7,0,0,0,0,0,83,-71,"St Kilda","2018",12
0,"Rushed",0,0,0,0,0,1,0,0,0,0,0,0,0,0,0,0,0,0,0,0,0,0,0,-71,"St Kilda","2018",12
7,"Cunningham, Harry",14,6,6,20,0,0,0,4,1,4,1,1,1,0,0,3,18,0,2,0,2,2,87,71,"Sydney","2018",12
13,"Florent, Oliver",15,5,12,27,0,0,0,2,2,4,4,6,0,2,0,11,15,1,1,1,0,0,85,71,"Sydney","2018",12
23,"Franklin, Lance",18,12,0,18,4,4,0,0,0,4,0,1,0,0,3,4,14,2,8,0,0,2,87,71,"Sydney","2018",12
39,"Grundy, Heath",9,9,9,18,0,0,0,1,4,1,0,1,0,1,0,4,14,1,0,6,1,0,82,71,"Sydney","2018",12
4,"Hannebery, Dan",3,3,13,16,0,0,0,2,2,2,2,1,0,1,0,4,12,0,0,1,0,0,76,71,"Sydney","2018",12
9,"Hayward, Will",5,3,5,10,2,0,0,4,0,2,1,2,0,2,0,5,6,2,1,0,0,1,88,71,"Sydney","2018",12
5,"Heeney, Isaac",14,8,13,27,1,1,0,5,3,4,6,3,2,1,1,13,13,1,1,0,0,0,85,71,"Sydney","2018",12
29,"Hewett, George",4,0,15,19,0,0,0,1,1,0,5,3,1,1,0,11,8,0,0,1,0,0,80,71,"Sydney","2018",12
10,"Jones, Zak",16,5,7,23,1,0,0,1,5,1,0,3,2,1,0,3,22,0,1,2,2,1,79,71,"Sydney","2018",12
12,"Kennedy, Josh",13,5,18,31,1,0,0,5,1,5,6,3,1,1,0,13,18,0,1,1,0,1,85,71,"Sydney","2018",12
44,"Lloyd, Jake",17,5,12,29,0,1,0,1,5,3,2,1,0,0,0,3,23,0,0,2,0,0,88,71,"Sydney","2018",12
31,"Marsh, Harrison",5,4,10,15,0,0,0,3,4,0,0,2,2,1,0,4,12,0,0,6,0,0,84,71,"Sydney","2018",12
30,"McCartin, Tom",5,4,3,8,1,0,0,1,0,2,0,2,0,1,0,3,4,0,0,3,0,0,78,71,"Sydney","2018",12
3,"McVeigh, Jarrad",13,5,12,25,0,0,0,3,3,2,0,0,0,0,0,3,22,0,0,3,0,1,80,71,"Sydney","2018",12
11,"Papley, Tom",9,5,5,14,2,1,0,2,0,3,3,0,2,0,0,4,10,0,1,0,0,2,71,71,"Sydney","2018",12
26,"Parker, Luke",14,8,11,25,2,1,0,4,1,5,3,4,1,0,0,11,14,0,2,1,0,1,86,71,"Sydney","2018",12
24,"Rampe, Dane",11,6,5,16,0,0,0,4,4,0,0,1,0,0,0,2,14,0,0,6,0,0,96,71,"Sydney","2018",12
27,"Robinson, Dan",1,3,9,10,0,0,1,3,1,1,1,4,1,2,0,4,6,0,0,2,0,1,70,71,"Sydney","2018",12
16,"Rohan, Gary",5,1,4,9,2,0,5,2,0,3,2,2,3,1,0,5,4,0,0,0,0,1,76,71,"Sydney","2018",12
25,"Ronke, Ben",8,2,5,13,0,1,0,6,1,1,0,7,1,4,0,5,8,1,2,1,0,1,71,71,"Sydney","2018",12
18,"Sinclair, Callum",11,4,3,14,3,0,29,3,3,2,3,2,3,1,2,8,7,1,3,3,0,2,76,71,"Sydney","2018",12
40,"Smith, Nick",2,3,11,13,0,0,0,1,5,0,0,0,2,0,0,2,11,0,0,1,0,0,92,71,"Sydney","2018",12
0,"Rushed",0,0,0,0,0,3,0,0,0,0,0,0,0,0,0,0,0,0,0,0,0,0,0,71,"Sydney","2018",12
