"Number","Player","Kicks","Marks","Handballs","Disposals","Goals","Behinds","Hitouts","Tackles","Rebounds50s","Inside50s","Clearances","Clangers","FreesFor","FreesAgainst","BrownlowVotes","ContestedPossessions","UncontestedPossessions","ContestedMarks","MarksInside50","OnePercenters","Bounces","GoalAssists","PercentagePlayed","PointDifference","Team","Season","Round"
21,"Atkins, Rory",13,5,4,17,0,0,0,3,2,2,1,2,0,1,0,3,15,0,0,1,1,0,88,36,"Adelaide","2018",2
18,"Betts, Eddie",6,2,14,20,0,0,0,4,0,3,3,5,1,1,0,9,9,0,2,2,0,2,84,36,"Adelaide","2018",2
16,"Brown, Luke",17,5,6,23,0,0,0,3,4,3,0,2,0,0,0,6,16,0,0,1,0,1,91,36,"Adelaide","2018",2
5,"Crouch, Matt",6,1,7,13,0,0,0,0,0,1,1,2,1,1,0,9,5,1,0,1,0,0,23,36,"Adelaide","2018",2
39,"Doedee, Tom",10,6,15,25,0,0,0,0,3,3,0,2,3,1,0,14,11,1,0,4,0,0,89,36,"Adelaide","2018",2
28,"Ellis-Yolmen, Cam",10,8,18,28,1,0,0,7,0,1,3,5,0,1,0,13,14,0,1,0,0,0,79,36,"Adelaide","2018",2
32,"Fogarty, Darcy",5,5,2,7,2,0,0,3,0,3,0,3,0,2,0,3,4,1,2,2,0,0,73,36,"Adelaide","2018",2
6,"Gibbs, Bryce",20,3,8,28,1,2,0,4,3,7,8,3,4,0,0,20,9,2,0,0,0,1,83,36,"Adelaide","2018",2
1,"Greenwood, Hugh",11,1,15,26,1,1,0,2,0,0,8,1,0,0,0,19,8,0,0,2,0,0,76,36,"Adelaide","2018",2
15,"Hartigan, Kyle",10,8,10,20,0,0,0,1,3,3,0,3,2,1,0,4,16,0,0,7,0,0,95,36,"Adelaide","2018",2
24,"Jacobs, Sam",13,6,7,20,0,0,40,2,0,5,3,0,1,0,0,7,13,1,0,2,0,1,92,36,"Adelaide","2018",2
4,"Jenkins, Josh",12,6,4,16,5,2,8,2,0,1,0,1,4,0,0,8,8,3,3,3,0,0,96,36,"Adelaide","2018",2
8,"Kelly, Jake",16,6,12,28,0,0,0,1,5,0,0,2,3,1,0,8,18,0,0,2,0,0,93,36,"Adelaide","2018",2
29,"Laird, Rory",29,9,13,42,0,0,0,0,8,7,3,9,1,0,3,8,32,0,0,2,0,1,89,36,"Adelaide","2018",2
14,"Mackay, David",7,3,6,13,0,0,0,1,2,0,1,3,0,1,0,2,11,0,0,2,0,0,61,36,"Adelaide","2018",2
41,"McGovern, Mitch",9,5,3,12,0,0,0,0,0,5,0,3,0,1,0,3,8,0,0,1,0,2,91,36,"Adelaide","2018",2
30,"Milera, Wayne",13,6,6,19,0,0,0,2,2,4,3,3,3,0,0,8,11,0,0,1,0,3,85,36,"Adelaide","2018",2
44,"Murphy, Lachlan",8,2,2,10,2,2,0,3,2,4,1,0,1,0,0,6,6,0,0,0,1,1,87,36,"Adelaide","2018",2
11,"Seedsman, Paul",15,2,13,28,0,2,0,3,0,4,2,2,1,0,0,11,18,0,0,1,1,1,88,36,"Adelaide","2018",2
9,"Sloane, Rory",13,4,12,25,2,0,0,7,1,2,3,3,3,1,2,15,13,1,0,3,0,0,74,36,"Adelaide","2018",2
12,"Talia, Daniel",9,8,9,18,0,0,0,0,0,2,0,1,0,1,0,10,7,3,0,5,0,0,81,36,"Adelaide","2018",2
13,"Walker, Taylor",9,5,2,11,4,0,0,0,0,4,0,5,0,1,0,6,5,3,2,2,0,0,81,36,"Adelaide","2018",2
0,"Rushed",0,0,0,0,0,1,0,0,0,0,0,0,0,0,0,0,0,0,0,0,0,0,0,36,"Adelaide","2018",2
12,"Astbury, David",11,6,5,16,0,0,0,0,2,1,0,1,2,0,0,5,11,1,0,5,0,0,100,-36,"Richmond","2018",2
29,"Bolton, Shai",6,2,4,10,1,1,0,3,0,1,1,2,1,0,0,5,5,1,0,0,0,0,70,-36,"Richmond","2018",2
7,"Butler, Dan",9,2,2,11,0,1,0,5,0,4,1,3,2,1,0,3,6,1,0,0,0,0,84,-36,"Richmond","2018",2
22,"Caddy, Josh",11,3,6,17,3,0,0,4,0,6,3,4,0,1,0,7,7,0,1,1,0,0,87,-36,"Richmond","2018",2
11,"Castagna, Jason",4,3,3,7,0,1,0,1,0,0,0,4,0,1,0,1,6,0,1,1,0,1,87,-36,"Richmond","2018",2
30,"Conca, Reece",8,1,6,14,0,1,0,2,6,2,1,5,0,0,0,9,4,0,0,4,0,0,79,-36,"Richmond","2018",2
9,"Cotchin, Trent",9,1,8,17,0,0,0,9,2,0,5,4,0,2,0,10,7,0,0,1,0,0,81,-36,"Richmond","2018",2
10,"Edwards, Shane",8,0,11,19,1,1,0,6,3,3,5,3,0,2,0,11,7,0,0,1,1,3,72,-36,"Richmond","2018",2
5,"Ellis, Brandon",13,0,3,16,0,0,0,1,6,0,0,2,1,0,0,4,11,0,0,1,0,0,92,-36,"Richmond","2018",2
32,"Ellis, Corey",3,2,8,11,0,0,0,1,3,0,2,1,0,1,0,5,5,0,0,2,0,0,73,-36,"Richmond","2018",2
34,"Graham, Jack",8,1,1,9,0,0,0,6,0,1,3,3,1,2,0,3,5,0,0,0,0,0,61,-36,"Richmond","2018",2
6,"Grigg, Shaun",10,4,5,15,0,0,0,1,2,3,2,1,0,0,0,6,8,0,0,3,0,0,82,-36,"Richmond","2018",2
2,"Grimes, Dylan",3,0,6,9,0,0,0,3,2,1,0,1,1,0,0,4,5,0,0,3,0,0,80,-36,"Richmond","2018",2
14,"Houli, Bachar",9,2,8,17,0,0,0,0,3,4,0,4,0,0,0,4,12,0,0,1,0,1,74,-36,"Richmond","2018",2
23,"Lambert, Kane",4,3,11,15,1,1,0,3,2,2,3,4,0,2,0,4,11,0,0,1,0,0,81,-36,"Richmond","2018",2
4,"Martin, Dustin",19,3,6,25,5,0,0,5,0,5,6,4,0,3,1,14,13,2,2,2,1,0,86,-36,"Richmond","2018",2
33,"McIntosh, Kamdyn",7,0,2,9,0,0,0,2,1,2,1,5,0,2,0,6,2,0,0,2,0,0,80,-36,"Richmond","2018",2
25,"Nankervis, Toby",7,3,11,18,0,0,25,8,3,1,3,5,1,4,0,15,5,2,0,6,0,0,84,-36,"Richmond","2018",2
18,"Rance, Alex",8,7,11,19,0,0,0,2,4,1,0,6,1,4,0,11,7,3,0,13,0,0,94,-36,"Richmond","2018",2
8,"Riewoldt, Jack",10,5,3,13,0,1,1,2,0,9,1,3,2,1,0,7,7,2,0,5,0,1,96,-36,"Richmond","2018",2
15,"Short, Jayden",13,3,4,17,0,1,0,4,4,1,0,2,1,1,0,7,9,0,0,1,0,0,85,-36,"Richmond","2018",2
21,"Townsend, Jacob",3,1,2,5,1,0,0,3,0,2,0,1,1,1,0,3,2,0,0,2,0,1,72,-36,"Richmond","2018",2
0,"Rushed",0,0,0,0,0,2,0,0,0,0,0,0,0,0,0,0,0,0,0,0,0,0,0,-36,"Richmond","2018",2
