"Number","Player","Kicks","Marks","Handballs","Disposals","Goals","Behinds","Hitouts","Tackles","Rebounds50s","Inside50s","Clearances","Clangers","FreesFor","FreesAgainst","BrownlowVotes","ContestedPossessions","UncontestedPossessions","ContestedMarks","MarksInside50","OnePercenters","Bounces","GoalAssists","PercentagePlayed","PointDifference","Team","Season","Round"
7,"Cunningham, Harry",8,4,5,13,0,0,0,2,1,4,1,0,1,0,0,3,10,0,0,0,0,0,85,30,"Sydney","2018",11
13,"Florent, Oliver",8,3,12,20,0,0,0,2,1,4,1,2,0,1,0,8,13,0,0,1,0,1,83,30,"Sydney","2018",11
23,"Franklin, Lance",14,5,1,15,3,2,0,4,0,6,0,4,2,3,0,3,13,0,3,2,2,0,98,30,"Sydney","2018",11
39,"Grundy, Heath",10,8,3,13,0,0,0,0,4,1,0,2,0,1,0,5,7,4,0,3,0,0,91,30,"Sydney","2018",11
4,"Hannebery, Dan",4,1,8,12,0,0,0,4,1,0,0,1,1,0,0,3,10,0,0,0,0,0,71,30,"Sydney","2018",11
9,"Hayward, Will",6,3,4,10,2,2,0,6,1,2,2,2,2,2,0,6,4,1,2,2,0,1,85,30,"Sydney","2018",11
5,"Heeney, Isaac",13,6,9,22,2,3,0,4,1,2,2,4,0,2,2,7,15,1,4,1,0,0,87,30,"Sydney","2018",11
29,"Hewett, George",8,2,13,21,0,0,0,3,0,2,9,2,1,1,0,12,8,0,0,1,0,0,79,30,"Sydney","2018",11
15,"Jack, Kieren",9,2,5,14,1,0,0,4,1,3,2,2,0,1,0,5,8,0,0,0,0,0,75,30,"Sydney","2018",11
10,"Jones, Zak",13,5,7,20,0,0,0,0,5,1,0,2,3,1,0,5,16,0,1,2,0,0,81,30,"Sydney","2018",11
12,"Kennedy, Josh",11,4,15,26,0,1,0,2,0,3,7,5,1,1,0,12,14,1,1,0,0,1,81,30,"Sydney","2018",11
44,"Lloyd, Jake",16,5,8,24,0,0,0,2,1,3,0,1,1,0,0,3,20,0,0,2,0,0,79,30,"Sydney","2018",11
31,"Marsh, Harrison",5,2,11,16,0,0,0,1,2,1,0,1,0,0,0,4,12,0,0,1,0,0,77,30,"Sydney","2018",11
3,"McVeigh, Jarrad",11,6,7,18,1,0,0,2,2,2,0,0,1,0,0,5,12,0,0,1,1,0,84,30,"Sydney","2018",11
28,"Newman, Nic",8,1,3,11,0,0,0,3,1,3,1,3,2,1,0,3,9,0,0,0,0,1,74,30,"Sydney","2018",11
26,"Parker, Luke",10,5,11,21,2,0,0,6,0,6,6,4,4,3,1,12,8,2,2,0,1,1,89,30,"Sydney","2018",11
24,"Rampe, Dane",6,2,3,9,0,0,0,3,5,0,0,3,0,3,0,2,6,0,0,8,0,0,94,30,"Sydney","2018",11
16,"Rohan, Gary",6,3,3,9,0,1,4,4,0,6,0,1,1,1,0,3,5,0,1,1,0,1,66,30,"Sydney","2018",11
25,"Ronke, Ben",8,5,5,13,0,0,0,2,0,5,0,1,0,1,0,4,9,0,0,1,0,0,80,30,"Sydney","2018",11
18,"Sinclair, Callum",12,7,10,22,2,0,26,4,2,4,2,7,1,5,3,12,9,4,2,3,0,0,88,30,"Sydney","2018",11
40,"Smith, Nick",6,9,13,19,0,0,0,1,3,2,0,3,1,0,0,6,14,1,0,4,0,0,95,30,"Sydney","2018",11
33,"Stoddart, Ryley",4,1,2,6,0,0,0,2,1,2,0,2,0,0,0,1,5,0,0,1,0,0,58,30,"Sydney","2018",11
0,"Rushed",0,0,0,0,0,4,0,0,0,0,0,0,0,0,0,0,0,0,0,0,0,0,0,30,"Sydney","2018",11
9,"Cripps, Patrick",7,3,10,17,0,1,0,4,2,2,6,8,2,4,0,11,7,1,0,0,0,0,91,-30,"Carlton","2018",11
28,"Cuningham, David",3,3,8,11,0,0,0,0,1,2,1,1,0,0,0,5,6,0,0,0,0,0,64,-30,"Carlton","2018",11
30,"Curnow, Charlie",12,4,2,14,2,1,0,3,0,4,0,2,4,0,0,8,7,3,0,3,0,0,95,-30,"Carlton","2018",11
35,"Curnow, Ed",11,4,12,23,1,0,0,7,1,0,6,3,1,2,0,9,13,0,0,3,0,0,90,-30,"Carlton","2018",11
2,"Dow, Paddy",5,0,8,13,1,0,0,3,1,1,4,1,0,1,0,7,6,0,0,1,1,0,70,-30,"Carlton","2018",11
25,"Fisher, Zac",12,0,7,19,0,0,0,2,0,4,3,3,1,0,0,8,11,0,0,0,2,1,79,-30,"Carlton","2018",11
14,"Jones, Liam",9,9,2,11,0,0,0,1,5,1,0,3,0,0,0,4,6,3,0,12,0,1,90,-30,"Carlton","2018",11
36,"Kerr, Pat",9,4,2,11,1,2,6,1,0,3,1,1,1,0,0,3,7,0,2,0,0,0,77,-30,"Carlton","2018",11
11,"Kerridge, Sam",17,8,12,29,0,1,0,4,5,0,4,6,5,3,0,11,19,0,1,1,0,1,80,-30,"Carlton","2018",11
8,"Kreuzer, Matthew",10,3,4,14,0,0,37,2,1,2,4,2,4,1,0,10,4,1,0,7,0,0,86,-30,"Carlton","2018",11
13,"Lamb, Jed",4,2,1,5,0,0,0,4,1,2,0,2,0,2,0,2,3,0,0,0,0,0,88,-30,"Carlton","2018",11
16,"Lang, Darcy",9,3,3,12,1,0,0,1,2,4,2,2,0,1,0,4,8,0,1,1,0,0,74,-30,"Carlton","2018",11
4,"OBrien, Lochie",7,4,5,12,0,0,0,1,4,2,0,1,0,0,0,1,11,0,0,1,0,0,69,-30,"Carlton","2018",11
24,"OShea, Cameron",13,7,2,15,0,0,0,1,7,1,0,6,1,1,0,5,10,1,0,1,0,0,78,-30,"Carlton","2018",11
5,"Petrevski-Seton, Sam",9,3,5,14,0,0,0,4,1,2,2,4,3,1,0,8,6,1,1,0,0,0,76,-30,"Carlton","2018",11
20,"Plowman, Lachie",3,2,3,6,0,0,0,1,0,0,1,1,0,1,0,5,3,1,0,4,0,0,84,-30,"Carlton","2018",11
17,"Rowe, Sam",7,2,1,8,0,0,0,2,4,0,0,4,2,1,0,6,2,1,0,5,0,0,98,-30,"Carlton","2018",11
1,"Silvagni, Jack",9,4,5,14,2,1,0,4,2,2,1,2,1,2,0,5,10,1,2,0,0,0,79,-30,"Carlton","2018",11
6,"Simpson, Kade",16,4,11,27,0,0,0,0,3,4,2,7,1,0,0,9,16,0,0,1,1,1,96,-30,"Carlton","2018",11
39,"Thomas, Dale",10,5,5,15,0,0,0,2,2,3,0,6,0,1,0,3,11,0,0,1,0,0,83,-30,"Carlton","2018",11
23,"Weitering, Jacob",13,9,2,15,0,0,0,1,2,0,0,2,0,1,0,2,13,0,0,3,0,0,70,-30,"Carlton","2018",11
46,"Wright, Matthew",5,2,1,6,1,1,0,1,0,2,1,0,1,0,0,3,3,0,1,0,0,1,84,-30,"Carlton","2018",11
0,"Totals",200,85,111,311,9,7,43,49,44,41,38,67,27,22,0,129,182,13,8,44,4,5,0,-30,"Carlton","2018",11
