"Number","Player","Kicks","Marks","Handballs","Disposals","Goals","Behinds","Hitouts","Tackles","Rebounds50s","Inside50s","Clearances","Clangers","FreesFor","FreesAgainst","BrownlowVotes","ContestedPossessions","UncontestedPossessions","ContestedMarks","MarksInside50","OnePercenters","Bounces","GoalAssists","PercentagePlayed","PointDifference","Team","Season","Round"
38,"Byrne, Ciaran",10,4,6,16,0,0,0,4,2,2,0,6,1,3,0,4,12,0,0,3,0,0,79,-105,"Carlton","2018",20
9,"Cripps, Patrick",11,4,18,29,0,0,0,9,1,5,6,4,4,1,0,16,12,1,0,0,3,0,85,-105,"Carlton","2018",20
30,"Curnow, Charlie",9,4,2,11,1,1,0,3,0,2,0,4,0,2,0,4,6,1,2,2,1,0,89,-105,"Carlton","2018",20
35,"Curnow, Ed",12,2,10,22,0,0,0,4,3,2,0,2,0,2,0,5,16,0,0,1,0,0,93,-105,"Carlton","2018",20
2,"Dow, Paddy",2,1,9,11,1,0,0,3,2,1,2,0,0,0,0,9,2,0,0,1,0,0,77,-105,"Carlton","2018",20
32,"Graham, Nick",4,1,5,9,0,0,0,1,0,1,0,3,1,2,0,2,8,0,0,1,0,0,68,-105,"Carlton","2018",20
7,"Kennedy, Matthew",6,2,7,13,0,0,0,2,1,1,1,1,1,0,0,8,5,0,0,1,0,0,70,-105,"Carlton","2018",20
13,"Lamb, Jed",13,5,4,17,0,0,0,1,6,1,0,0,2,0,0,4,11,0,0,3,0,0,82,-105,"Carlton","2018",20
16,"Lang, Darcy",8,4,5,13,0,0,0,4,2,2,2,1,1,0,0,4,9,0,0,1,1,0,71,-105,"Carlton","2018",20
27,"Lobbe, Matthew",3,2,2,5,0,0,39,5,2,0,3,4,1,1,0,3,3,0,1,5,0,0,86,-105,"Carlton","2018",20
22,"Marchbank, Caleb",10,2,2,12,0,0,0,2,5,3,1,1,0,0,0,3,7,0,0,17,0,0,99,-105,"Carlton","2018",20
10,"McKay, Harry",9,8,6,15,3,2,2,1,0,2,2,3,2,3,0,10,6,4,3,3,0,0,85,-105,"Carlton","2018",20
3,"Murphy, Marc",11,8,13,24,0,0,0,7,2,4,6,4,1,3,0,9,13,0,0,2,0,0,87,-105,"Carlton","2018",20
4,"OBrien, Lochie",7,2,3,10,0,0,0,0,0,2,0,2,0,0,0,2,8,0,0,0,0,0,69,-105,"Carlton","2018",20
24,"OShea, Cameron",4,1,1,5,0,0,0,3,1,1,0,4,0,0,0,1,4,0,0,0,0,0,82,-105,"Carlton","2018",20
5,"Petrevski-Seton, Sam",12,6,5,17,0,0,0,3,1,1,0,4,0,2,0,4,13,0,0,0,1,1,78,-105,"Carlton","2018",20
33,"Pickett, Jarrod",7,1,2,9,0,0,0,2,0,1,2,5,2,1,0,5,4,0,0,1,0,1,72,-105,"Carlton","2018",20
29,"Polson, Cameron",5,1,2,7,0,0,0,5,0,3,0,3,1,0,0,4,4,0,1,0,0,1,82,-105,"Carlton","2018",20
17,"Rowe, Sam",4,2,4,8,0,0,0,4,2,1,0,0,2,0,0,4,4,0,0,5,0,0,96,-105,"Carlton","2018",20
6,"Simpson, Kade",10,3,11,21,0,0,0,0,4,3,2,6,2,1,0,10,9,1,0,8,0,0,93,-105,"Carlton","2018",20
39,"Thomas, Dale",9,5,5,14,0,0,0,2,1,4,0,3,1,1,0,4,10,0,0,1,2,0,69,-105,"Carlton","2018",20
46,"Wright, Matthew",15,7,3,18,2,1,0,2,4,1,0,5,0,1,0,5,12,0,2,0,1,0,88,-105,"Carlton","2018",20
0,"Totals",181,75,125,306,7,4,41,67,39,43,27,65,22,23,0,120,178,7,9,55,9,3,0,-105,"Carlton","2018",20
10,"Bonar, Aiden",8,3,8,16,2,0,0,6,1,5,4,2,3,1,0,8,9,1,1,2,0,0,79,105,"Greater Western Sydney","2018",20
21,"Buntine, Matt",9,6,8,17,0,0,0,0,3,0,1,2,0,0,0,5,11,2,0,6,0,0,86,105,"Greater Western Sydney","2018",20
18,"Cameron, Jeremy",14,8,3,17,4,1,0,1,0,2,0,4,0,3,0,6,13,2,4,0,0,0,93,105,"Greater Western Sydney","2018",20
3,"Coniglio, Stephen",21,6,15,36,2,0,0,6,2,6,8,3,0,1,2,13,24,0,1,0,0,2,93,105,"Greater Western Sydney","2018",20
16,"Daniels, Brent",3,1,7,10,2,0,0,4,0,1,0,1,1,1,0,6,4,0,0,1,0,1,79,105,"Greater Western Sydney","2018",20
1,"Davis, Phil",11,8,6,17,0,0,0,1,6,2,0,3,3,1,0,7,10,2,0,6,0,0,99,105,"Greater Western Sydney","2018",20
24,"de Boer, Matt",8,6,10,18,2,2,0,5,1,2,2,1,1,1,0,6,12,0,1,0,0,1,90,105,"Greater Western Sydney","2018",20
7,"Deledio, Brett",3,1,3,6,0,0,0,1,0,2,0,1,0,0,0,1,5,0,0,0,0,1,27,105,"Greater Western Sydney","2018",20
4,"Greene, Toby",3,2,1,4,0,0,0,0,0,1,0,0,1,0,0,1,3,0,1,1,0,0,45,105,"Greater Western Sydney","2018",20
19,"Haynes, Nick",7,3,4,11,0,0,0,0,2,1,0,0,0,0,0,2,8,0,0,5,0,0,88,105,"Greater Western Sydney","2018",20
27,"Himmelberg, Harry",4,4,11,15,3,0,0,1,1,0,0,0,0,0,0,7,8,1,3,4,0,4,96,105,"Greater Western Sydney","2018",20
2,"Hopper, Jacob",14,6,17,31,1,1,0,5,0,4,5,3,0,3,0,15,16,0,1,0,0,3,89,105,"Greater Western Sydney","2018",20
22,"Kelly, Josh",29,7,12,41,0,1,0,5,0,16,10,1,0,0,3,22,21,0,1,2,2,4,95,105,"Greater Western Sydney","2018",20
40,"Kennedy, Adam",14,9,12,26,2,0,0,2,1,5,0,1,0,0,0,5,21,0,0,0,3,1,85,105,"Greater Western Sydney","2018",20
17,"Langdon, Zac",6,3,4,10,1,0,0,7,0,0,0,3,1,1,0,4,4,0,1,0,0,0,89,105,"Greater Western Sydney","2018",20
37,"Lobb, Rory",10,5,1,11,0,1,10,6,2,3,1,4,4,2,0,5,7,0,2,1,0,0,94,105,"Greater Western Sydney","2018",20
23,"Shaw, Heath",18,2,1,19,0,0,0,2,10,0,0,7,3,2,0,7,12,0,0,1,0,0,94,105,"Greater Western Sydney","2018",20
26,"Simpson, Dawson",3,1,5,8,0,0,23,2,1,0,3,2,2,2,0,8,0,1,0,2,0,0,51,105,"Greater Western Sydney","2018",20
15,"Taylor, Sam",2,2,3,5,0,0,0,0,1,0,0,0,0,0,0,0,5,0,0,1,0,0,48,105,"Greater Western Sydney","2018",20
20,"Tomlinson, Adam",17,4,4,21,3,0,5,4,0,4,3,2,0,0,0,6,14,1,1,1,0,1,89,105,"Greater Western Sydney","2018",20
8,"Ward, Callan",19,7,15,34,0,2,0,9,1,5,9,6,3,3,1,16,18,0,1,1,0,2,89,105,"Greater Western Sydney","2018",20
6,"Whitfield, Lachie",19,6,9,28,1,1,0,5,2,6,1,2,1,1,0,6,21,0,0,3,0,0,90,105,"Greater Western Sydney","2018",20
0,"Rushed",0,0,0,0,0,4,0,0,0,0,0,0,0,0,0,0,0,0,0,0,0,0,0,105,"Greater Western Sydney","2018",20
