"Number","Player","Kicks","Marks","Handballs","Disposals","Goals","Behinds","Hitouts","Tackles","Rebounds50s","Inside50s","Clearances","Clangers","FreesFor","FreesAgainst","BrownlowVotes","ContestedPossessions","UncontestedPossessions","ContestedMarks","MarksInside50","OnePercenters","Bounces","GoalAssists","PercentagePlayed","PointDifference","Team","Season","Round"
8,"Acres, Blake",7,4,15,22,0,0,1,3,0,2,5,3,3,3,0,9,13,1,0,4,1,1,79,-35,"St Kilda","2018",20
20,"Armitage, David",10,4,9,19,0,0,0,1,3,1,1,1,2,0,0,5,13,0,0,5,0,1,90,-35,"St Kilda","2018",20
26,"Battle, Josh",1,0,0,1,0,0,0,0,0,1,0,0,0,0,0,1,0,0,0,0,0,0,6,-35,"St Kilda","2018",20
15,"Billings, Jack",13,8,14,27,1,3,0,5,1,8,0,1,2,0,0,10,17,0,0,2,0,1,92,-35,"St Kilda","2018",20
22,"Brown, Nathan",5,6,6,11,0,0,0,4,2,0,0,0,0,0,0,2,9,0,0,4,0,0,98,-35,"St Kilda","2018",20
2,"Carlisle, Jake",13,10,8,21,0,0,6,0,4,1,0,3,0,1,0,6,15,3,0,4,0,0,94,-35,"St Kilda","2018",20
11,"Clark, Hunter",8,5,12,20,0,0,0,0,3,0,0,2,0,1,0,1,17,0,0,0,0,1,69,-35,"St Kilda","2018",20
33,"Coffield, Nick",7,3,3,10,0,0,0,0,1,2,0,3,1,1,0,4,6,1,0,0,0,0,74,-35,"St Kilda","2018",20
7,"Dunstan, Luke",14,4,8,22,0,0,0,2,3,5,0,2,1,0,0,4,19,1,0,1,0,0,66,-35,"St Kilda","2018",20
10,"Freeman, Nathan",7,1,12,19,0,0,0,3,1,1,1,2,0,1,0,6,13,0,0,1,0,0,80,-35,"St Kilda","2018",20
14,"Geary, Jarryn",9,8,15,24,0,0,0,3,2,1,2,1,0,1,0,6,19,0,0,0,0,0,88,-35,"St Kilda","2018",20
4,"Gresham, Jade",13,3,13,26,0,3,0,6,0,4,5,3,0,1,0,8,17,0,1,0,0,1,87,-35,"St Kilda","2018",20
1,"Hickey, Tom",6,3,8,14,0,2,13,1,2,3,4,4,1,3,0,10,6,0,0,5,0,1,68,-35,"St Kilda","2018",20
13,"Lonie, Jack",17,11,4,21,2,0,0,1,1,3,0,6,0,3,0,2,19,0,3,0,0,0,92,-35,"St Kilda","2018",20
36,"McKenzie, Daniel",8,6,7,15,0,0,0,2,2,1,0,1,0,0,0,4,11,1,0,3,0,0,87,-35,"St Kilda","2018",20
28,"Membrey, Tim",9,5,6,15,1,0,0,3,0,1,0,2,2,0,0,7,9,1,2,0,0,0,92,-35,"St Kilda","2018",20
16,"Newnes, Jack",4,3,5,9,2,0,0,5,0,4,0,6,0,3,0,3,8,0,0,2,1,0,95,-35,"St Kilda","2018",20
6,"Ross, Sebastian",22,9,18,40,3,1,0,3,2,5,3,1,0,0,1,10,26,0,1,1,1,0,95,-35,"St Kilda","2018",20
35,"Sinclair, Jack",8,3,7,15,0,0,0,3,0,5,0,2,1,0,0,3,13,0,0,3,2,0,91,-35,"St Kilda","2018",20
9,"Steele, Jack",10,6,11,21,0,0,0,8,3,2,0,1,2,1,0,6,18,1,0,3,0,0,84,-35,"St Kilda","2018",20
3,"Steven, Jack",14,7,13,27,0,1,0,2,2,4,3,6,0,2,0,7,18,1,2,0,3,0,89,-35,"St Kilda","2018",20
29,"Webster, Jimmy",16,5,7,23,0,0,0,1,4,1,1,5,0,1,0,4,16,0,0,6,1,0,87,-35,"St Kilda","2018",20
0,"Rushed",0,0,0,0,0,4,0,0,0,0,0,0,0,0,0,0,0,0,0,0,0,0,0,-35,"St Kilda","2018",20
4,"Bontempelli, Marcus",14,4,8,22,4,1,0,3,1,3,4,5,2,2,2,9,13,1,1,1,0,0,90,35,"Western Bulldogs","2018",20
12,"Cordy, Zaine",11,2,3,14,0,0,0,2,2,3,0,3,3,2,0,4,9,1,0,11,1,0,91,35,"Western Bulldogs","2018",20
9,"Crozier, Hayden",11,6,8,19,1,0,0,1,4,5,1,0,0,0,0,5,14,2,0,4,0,2,85,35,"Western Bulldogs","2018",20
35,"Daniel, Caleb",13,10,16,29,0,0,0,1,4,1,1,1,0,0,0,4,24,0,0,0,2,2,80,35,"Western Bulldogs","2018",20
29,"Dickson, Tory",6,4,6,12,1,0,0,2,0,3,0,1,0,0,0,3,9,0,1,0,0,0,86,35,"Western Bulldogs","2018",20
5,"Dunkley, Josh",12,6,21,33,0,1,0,7,2,2,4,0,2,0,0,13,20,1,0,3,4,1,85,35,"Western Bulldogs","2018",20
30,"Greene, Fergus",8,6,6,14,1,1,0,4,1,2,0,3,1,0,0,3,11,0,3,0,0,0,85,35,"Western Bulldogs","2018",20
7,"Hunter, Lachie",7,7,25,32,1,0,0,1,4,0,3,1,3,1,0,8,24,0,2,1,1,0,87,35,"Western Bulldogs","2018",20
39,"Johannisen, Jason",21,4,21,42,0,1,0,2,12,5,1,1,0,0,3,10,28,0,0,2,5,2,87,35,"Western Bulldogs","2018",20
46,"Jong, Lin",4,4,14,18,1,0,0,1,1,1,1,1,0,0,0,5,13,0,1,1,3,0,83,35,"Western Bulldogs","2018",20
27,"Lipinski, Patrick",11,10,11,22,1,0,0,6,0,4,0,3,3,1,0,6,17,0,1,1,0,1,85,35,"Western Bulldogs","2018",20
36,"Lynch, Brad",8,3,2,10,0,1,0,1,0,1,1,5,1,3,0,4,8,0,1,2,0,0,74,35,"Western Bulldogs","2018",20
11,"Macrae, Jack",21,8,15,36,1,0,0,2,4,5,7,4,1,0,0,12,24,0,0,0,0,0,88,35,"Western Bulldogs","2018",20
16,"McLean, Toby",8,2,14,22,0,1,0,4,1,5,3,2,1,1,0,6,18,0,0,1,1,1,82,35,"Western Bulldogs","2018",20
38,"Morris, Dale",4,2,6,10,0,0,0,0,1,0,0,3,1,1,0,2,8,0,0,6,0,0,94,35,"Western Bulldogs","2018",20
33,"Naughton, Aaron",7,7,6,13,0,0,2,2,2,1,0,2,0,0,0,4,8,2,0,5,0,0,87,35,"Western Bulldogs","2018",20
20,"Richards, Ed",6,2,2,8,0,1,0,0,1,1,0,0,0,0,0,2,5,1,1,0,2,0,77,35,"Western Bulldogs","2018",20
23,"Roughead, Jordan",10,9,9,19,0,2,10,3,1,3,1,1,2,0,0,7,12,2,1,4,0,1,83,35,"Western Bulldogs","2018",20
13,"Schache, Josh",5,2,6,11,3,1,0,0,1,1,0,1,0,0,0,6,5,1,2,1,0,0,85,35,"Western Bulldogs","2018",20
37,"Smith, Roarke",0,0,2,2,0,0,0,0,1,0,0,0,0,0,0,0,2,0,0,0,1,0,8,35,"Western Bulldogs","2018",20
8,"Trengove, Jackson",1,3,14,15,0,0,17,4,0,2,1,5,0,3,0,4,11,0,0,3,0,2,90,35,"Western Bulldogs","2018",20
3,"Wallis, Mitch",10,5,11,21,1,1,0,5,0,6,2,5,2,1,0,10,11,0,0,1,0,0,88,35,"Western Bulldogs","2018",20
0,"Rushed",0,0,0,0,0,2,0,0,0,0,0,0,0,0,0,0,0,0,0,0,0,0,0,35,"Western Bulldogs","2018",20
