"Number","Player","Kicks","Marks","Handballs","Disposals","Goals","Behinds","Hitouts","Tackles","Rebounds50s","Inside50s","Clearances","Clangers","FreesFor","FreesAgainst","BrownlowVotes","ContestedPossessions","UncontestedPossessions","ContestedMarks","MarksInside50","OnePercenters","Bounces","GoalAssists","PercentagePlayed","PointDifference","Team","Season","Round"
43,"Barrett, Jake",9,5,10,19,2,0,0,3,0,1,0,0,0,0,0,3,16,0,1,0,0,1,73,65,"Brisbane Lions","2018",16
9,"Beams, Dayne",22,9,18,40,1,0,0,1,5,8,8,6,3,3,2,20,22,0,0,0,1,0,85,65,"Brisbane Lions","2018",16
13,"Berry, Jarrod",4,4,13,17,0,0,0,4,1,2,3,0,0,0,0,7,10,0,0,3,0,2,86,65,"Brisbane Lions","2018",16
3,"Christensen, Allen",8,6,7,15,1,2,0,1,0,1,1,2,0,0,0,2,12,0,3,0,0,1,78,65,"Brisbane Lions","2018",16
26,"Cutler, Tom",20,14,8,28,2,3,0,3,2,3,1,6,0,1,1,4,23,0,5,1,0,2,83,65,"Brisbane Lions","2018",16
27,"Gardiner, Darcy",15,15,12,27,0,0,0,1,2,0,0,3,3,1,0,9,18,1,0,10,0,0,96,65,"Brisbane Lions","2018",16
30,"Hipwood, Eric",12,7,3,15,6,2,2,2,0,5,0,3,2,1,3,6,11,1,6,2,0,2,78,65,"Brisbane Lions","2018",16
2,"Hodge, Luke",18,13,7,25,0,0,0,1,2,4,1,1,1,0,0,4,21,0,0,3,0,0,85,65,"Brisbane Lions","2018",16
35,"Lester, Ryan",10,5,12,22,0,0,0,3,2,1,0,3,2,1,0,7,15,0,0,8,0,0,85,65,"Brisbane Lions","2018",16
12,"Martin, Stefan",11,6,11,22,0,0,21,1,1,2,5,3,1,1,0,11,11,1,1,0,0,0,86,65,"Brisbane Lions","2018",16
36,"Mathieson, Rhys",6,2,16,22,0,1,0,5,1,0,4,3,3,0,0,12,10,0,0,1,0,0,76,65,"Brisbane Lions","2018",16
6,"McCluggage, Hugh",12,6,8,20,1,1,0,4,1,1,2,4,1,1,0,6,16,0,2,0,0,1,80,65,"Brisbane Lions","2018",16
46,"McInerney, Oscar",5,4,3,8,0,0,12,1,1,1,2,4,0,2,0,4,3,2,1,2,0,0,80,65,"Brisbane Lions","2018",16
25,"McStay, Daniel",5,4,2,7,1,0,0,0,0,2,0,2,1,1,0,5,3,3,2,0,0,1,83,65,"Brisbane Lions","2018",16
16,"Rayner, Cam",7,5,8,15,1,1,0,1,0,2,3,1,0,1,0,4,12,0,2,1,3,1,79,65,"Brisbane Lions","2018",16
10,"Rich, Daniel",15,7,13,28,0,0,0,4,4,4,3,1,1,0,0,6,19,0,0,0,0,1,89,65,"Brisbane Lions","2018",16
18,"Robertson, Nick",9,4,4,13,0,0,0,1,2,1,0,2,0,0,0,3,11,0,0,0,0,0,78,65,"Brisbane Lions","2018",16
5,"Robinson, Mitch",6,5,6,12,1,0,0,5,1,3,2,5,0,2,0,3,8,0,1,1,0,0,72,65,"Brisbane Lions","2018",16
28,"Taylor, Lewis",7,5,7,14,1,0,0,1,2,1,0,4,1,1,0,4,10,0,0,1,0,0,80,65,"Brisbane Lions","2018",16
14,"Walker, Josh",8,9,9,17,0,0,0,0,3,0,0,1,0,1,0,2,14,0,0,6,0,0,87,65,"Brisbane Lions","2018",16
29,"Witherden, Alex",23,9,8,31,0,0,0,1,9,0,0,0,0,0,0,2,25,0,0,1,0,0,79,65,"Brisbane Lions","2018",16
15,"Zorko, Dayne",20,3,5,25,1,0,0,6,3,7,1,2,5,0,0,9,19,0,0,2,0,5,81,65,"Brisbane Lions","2018",16
0,"Rushed",0,0,0,0,0,2,0,0,0,0,0,0,0,0,0,0,0,0,0,0,0,0,0,65,"Brisbane Lions","2018",16
9,"Cripps, Patrick",6,2,15,21,0,0,0,10,0,2,4,3,2,0,0,9,12,0,0,0,0,1,90,-65,"Carlton","2018",16
30,"Curnow, Charlie",6,3,0,6,3,1,0,1,0,1,0,5,2,2,0,4,2,1,1,1,0,0,96,-65,"Carlton","2018",16
35,"Curnow, Ed",12,0,14,26,0,0,0,2,1,7,5,5,1,4,0,13,14,0,0,0,1,1,94,-65,"Carlton","2018",16
25,"Fisher, Zac",9,1,8,17,0,1,0,1,1,6,2,1,1,0,0,6,11,0,0,0,0,1,80,-65,"Carlton","2018",16
32,"Graham, Nick",6,4,7,13,0,1,0,3,2,3,0,2,1,1,0,5,8,0,1,0,0,1,80,-65,"Carlton","2018",16
14,"Jones, Liam",3,4,3,6,0,0,0,3,0,0,0,3,1,2,0,4,3,1,0,6,0,0,96,-65,"Carlton","2018",16
7,"Kennedy, Matthew",5,3,16,21,0,1,0,2,0,3,3,1,1,0,0,7,14,0,1,1,0,0,76,-65,"Carlton","2018",16
8,"Kreuzer, Matthew",7,2,6,13,0,0,30,2,2,0,7,1,2,0,0,8,5,0,0,3,0,0,83,-65,"Carlton","2018",16
13,"Lamb, Jed",12,4,10,22,1,0,0,2,3,4,0,2,0,0,0,3,17,0,1,3,1,0,87,-65,"Carlton","2018",16
16,"Lang, Darcy",8,2,9,17,0,1,0,5,0,4,2,5,1,3,0,6,11,0,0,1,0,0,75,-65,"Carlton","2018",16
22,"Marchbank, Caleb",6,5,5,11,0,0,0,0,3,0,1,0,0,0,0,4,8,1,0,3,0,0,82,-65,"Carlton","2018",16
3,"Murphy, Marc",13,2,9,22,0,0,0,2,3,5,2,4,1,1,0,7,15,0,0,1,0,1,89,-65,"Carlton","2018",16
4,"OBrien, Lochie",10,7,6,16,1,0,0,2,1,3,1,4,0,1,0,4,13,0,0,0,0,0,84,-65,"Carlton","2018",16
5,"Petrevski-Seton, Sam",7,3,3,10,2,0,0,3,0,1,1,1,1,0,0,2,7,0,3,0,0,0,78,-65,"Carlton","2018",16
34,"Phillips, Andrew",2,2,0,2,0,0,3,0,0,0,0,1,0,0,0,0,2,0,1,0,0,0,10,-65,"Carlton","2018",16
33,"Pickett, Jarrod",6,2,1,7,0,0,0,3,0,4,0,2,1,2,0,2,6,0,0,1,3,0,83,-65,"Carlton","2018",16
29,"Polson, Cameron",5,0,4,9,0,1,0,2,0,4,0,3,0,1,0,7,3,0,0,0,0,0,80,-65,"Carlton","2018",16
17,"Rowe, Sam",4,5,3,7,0,0,1,0,2,0,1,5,0,3,0,3,3,2,0,6,0,0,92,-65,"Carlton","2018",16
1,"Silvagni, Jack",3,1,6,9,0,0,0,7,1,1,0,0,0,0,0,2,7,0,0,2,0,0,90,-65,"Carlton","2018",16
39,"Thomas, Dale",13,7,9,22,0,0,0,6,6,2,1,2,2,1,0,8,13,0,0,1,1,1,88,-65,"Carlton","2018",16
23,"Weitering, Jacob",10,5,3,13,0,0,0,0,3,0,0,3,0,1,0,4,8,1,0,4,0,0,75,-65,"Carlton","2018",16
46,"Wright, Matthew",4,1,3,7,0,1,0,2,0,1,0,2,0,2,0,4,4,0,0,0,0,0,92,-65,"Carlton","2018",16
0,"Rushed",0,0,0,0,0,6,0,0,0,0,0,0,0,0,0,0,0,0,0,0,0,0,0,-65,"Carlton","2018",16
