"Number","Player","Kicks","Marks","Handballs","Disposals","Goals","Behinds","Hitouts","Tackles","Rebounds50s","Inside50s","Clearances","Clangers","FreesFor","FreesAgainst","BrownlowVotes","ContestedPossessions","UncontestedPossessions","ContestedMarks","MarksInside50","OnePercenters","Bounces","GoalAssists","PercentagePlayed","PointDifference","Team","Season","Round"
8,"Acres, Blake",10,2,9,19,1,3,1,4,0,1,2,3,3,2,0,10,10,0,0,3,0,0,88,-49,"St Kilda","2018",3
20,"Armitage, David",10,4,3,13,1,0,0,1,1,2,2,4,2,1,0,6,9,0,1,2,0,0,68,-49,"St Kilda","2018",3
15,"Billings, Jack",4,4,13,17,0,0,0,2,0,2,0,2,0,0,0,4,13,0,0,0,0,0,81,-49,"St Kilda","2018",3
22,"Brown, Nathan",0,2,8,8,0,0,0,4,1,0,1,1,0,0,0,5,3,0,0,11,0,0,94,-49,"St Kilda","2018",3
27,"Bruce, Josh",3,5,7,10,1,0,3,2,0,2,1,1,1,1,0,7,3,3,1,0,0,0,87,-49,"St Kilda","2018",3
2,"Carlisle, Jake",8,9,6,14,0,0,0,1,1,0,0,2,1,1,0,6,7,3,0,1,0,0,91,-49,"St Kilda","2018",3
33,"Coffield, Nick",12,6,6,18,1,0,0,0,0,1,0,1,1,0,0,3,16,0,1,1,0,0,69,-49,"St Kilda","2018",3
7,"Dunstan, Luke",15,5,15,30,0,0,0,3,3,4,6,3,0,0,0,10,18,0,0,0,0,1,78,-49,"St Kilda","2018",3
14,"Geary, Jarryn",6,2,7,13,1,0,0,2,1,0,2,1,0,0,0,2,12,0,0,2,0,0,82,-49,"St Kilda","2018",3
4,"Gresham, Jade",6,5,4,10,1,0,0,0,0,3,0,3,0,3,0,5,5,1,2,0,0,0,86,-49,"St Kilda","2018",3
21,"Long, Ben",6,0,5,11,0,0,0,2,0,3,0,5,0,2,0,6,6,0,0,1,0,0,76,-49,"St Kilda","2018",3
43,"Marshall, Rowan",9,6,5,14,0,1,18,4,2,5,2,3,1,3,0,7,7,1,0,4,0,0,92,-49,"St Kilda","2018",3
32,"McCartin, Paddy",6,6,4,10,0,1,0,1,0,1,0,0,0,0,0,4,6,1,2,2,0,0,74,-49,"St Kilda","2018",3
16,"Newnes, Jack",17,8,8,25,0,2,0,1,3,5,2,2,0,1,0,6,19,0,1,2,1,0,83,-49,"St Kilda","2018",3
17,"Roberton, Dylan",10,8,6,16,0,0,0,0,4,0,0,2,0,1,0,4,12,0,0,7,0,0,86,-49,"St Kilda","2018",3
6,"Ross, Sebastian",20,8,12,32,0,0,0,6,1,6,3,6,3,1,0,12,21,0,0,3,1,1,81,-49,"St Kilda","2018",3
5,"Savage, Shane",21,6,8,29,0,2,0,4,1,3,0,1,2,1,0,5,25,0,0,0,1,0,86,-49,"St Kilda","2018",3
35,"Sinclair, Jack",13,5,10,23,1,0,0,4,0,9,2,4,1,2,0,9,14,1,0,1,1,1,85,-49,"St Kilda","2018",3
3,"Steven, Jack",15,5,13,28,0,0,0,4,3,2,6,3,0,1,0,10,18,0,3,0,1,0,78,-49,"St Kilda","2018",3
29,"Webster, Jimmy",15,1,5,20,0,0,0,3,9,0,2,3,2,0,0,8,12,0,0,3,2,0,86,-49,"St Kilda","2018",3
31,"White, Brandon",11,3,1,12,0,0,0,0,1,5,0,3,0,1,0,4,8,1,1,3,0,0,79,-49,"St Kilda","2018",3
34,"Wright, Nathan",3,1,2,5,0,1,0,3,0,0,0,0,0,0,0,2,3,0,0,0,0,1,69,-49,"St Kilda","2018",3
0,"Rushed",0,0,0,0,0,3,0,0,0,0,0,0,0,0,0,0,0,0,0,0,0,0,0,-49,"St Kilda","2018",3
21,"Atkins, Rory",12,8,10,22,2,0,0,2,3,3,2,3,0,0,0,5,17,0,1,1,0,0,82,49,"Adelaide","2018",3
18,"Betts, Eddie",10,6,6,16,3,2,0,2,0,3,1,2,0,1,0,4,11,1,3,1,0,0,85,49,"Adelaide","2018",3
16,"Brown, Luke",17,6,6,23,0,0,0,4,6,1,1,0,2,0,0,8,13,0,0,3,0,1,84,49,"Adelaide","2018",3
39,"Doedee, Tom",10,5,5,15,0,0,0,2,5,0,1,0,1,0,0,5,9,1,0,5,0,0,82,49,"Adelaide","2018",3
26,"Douglas, Richard",11,4,11,22,1,1,0,5,1,2,4,2,2,1,0,12,10,0,1,2,2,2,85,49,"Adelaide","2018",3
28,"Ellis-Yolmen, Cam",11,3,5,16,0,0,0,3,0,1,3,4,0,1,0,6,9,0,0,1,0,1,67,49,"Adelaide","2018",3
6,"Gibbs, Bryce",14,5,12,26,1,1,0,10,2,3,8,1,1,0,2,11,16,0,1,2,0,1,84,49,"Adelaide","2018",3
1,"Greenwood, Hugh",7,3,10,17,0,0,0,6,0,1,1,3,1,0,0,9,7,1,1,1,0,0,67,49,"Adelaide","2018",3
15,"Hartigan, Kyle",8,5,3,11,0,0,0,2,3,1,0,1,2,0,0,3,7,0,0,7,0,0,93,49,"Adelaide","2018",3
24,"Jacobs, Sam",13,4,7,20,0,1,37,1,3,2,3,4,4,2,3,12,6,3,0,1,0,1,79,49,"Adelaide","2018",3
4,"Jenkins, Josh",7,6,3,10,1,1,5,4,0,1,1,1,1,1,0,4,6,2,3,3,1,0,86,49,"Adelaide","2018",3
8,"Kelly, Jake",7,5,12,19,0,0,0,1,0,1,1,1,0,1,0,7,12,1,0,4,1,0,88,49,"Adelaide","2018",3
29,"Laird, Rory",16,7,16,32,0,0,0,6,6,0,0,5,1,2,0,8,22,0,0,2,0,0,84,49,"Adelaide","2018",3
27,"Lynch, Tom",17,5,4,21,0,1,0,3,2,4,2,3,1,0,0,7,15,1,0,0,0,2,77,49,"Adelaide","2018",3
14,"Mackay, David",12,5,9,21,0,1,0,2,2,5,0,0,0,0,0,2,19,0,0,3,0,0,83,49,"Adelaide","2018",3
41,"McGovern, Mitch",15,8,0,15,2,1,0,3,0,2,0,1,2,1,0,3,12,1,2,1,0,1,91,49,"Adelaide","2018",3
30,"Milera, Wayne",7,3,3,10,0,0,0,2,0,2,0,4,0,1,0,1,10,0,0,2,0,0,80,49,"Adelaide","2018",3
44,"Murphy, Lachlan",7,5,5,12,0,1,0,6,0,4,1,2,1,2,0,6,7,0,1,0,1,0,85,49,"Adelaide","2018",3
11,"Seedsman, Paul",15,8,11,26,2,0,0,2,4,8,4,3,2,2,1,8,18,0,1,1,3,1,79,49,"Adelaide","2018",3
9,"Sloane, Rory",7,3,8,15,0,1,0,5,1,3,1,0,0,0,0,5,10,0,0,1,0,1,64,49,"Adelaide","2018",3
12,"Talia, Daniel",7,5,11,18,0,0,0,4,3,1,0,0,0,0,0,3,15,0,0,9,0,0,95,49,"Adelaide","2018",3
13,"Walker, Taylor",6,2,4,10,3,1,0,4,0,3,0,2,0,2,0,5,4,1,0,1,0,1,79,49,"Adelaide","2018",3
0,"Rushed",0,0,0,0,0,2,0,0,0,0,0,0,0,0,0,0,0,0,0,0,0,0,0,49,"Adelaide","2018",3
