"Number","Player","Kicks","Marks","Handballs","Disposals","Goals","Behinds","Hitouts","Tackles","Rebounds50s","Inside50s","Clearances","Clangers","FreesFor","FreesAgainst","BrownlowVotes","ContestedPossessions","UncontestedPossessions","ContestedMarks","MarksInside50","OnePercenters","Bounces","GoalAssists","PercentagePlayed","PointDifference","Team","Season","Round"
21,"Atkins, Rory",16,8,12,28,1,0,0,1,7,5,2,3,0,1,0,8,20,0,1,3,0,0,84,-48,"Adelaide","2018",4
18,"Betts, Eddie",2,1,4,6,0,0,0,3,0,1,0,1,0,0,0,2,2,0,0,2,0,0,65,-48,"Adelaide","2018",4
16,"Brown, Luke",10,3,6,16,0,0,0,2,4,0,0,0,0,0,0,6,8,0,0,1,0,0,80,-48,"Adelaide","2018",4
39,"Doedee, Tom",7,4,6,13,0,0,0,2,2,1,0,2,0,1,0,5,8,0,0,3,0,0,86,-48,"Adelaide","2018",4
26,"Douglas, Richard",7,3,7,14,0,0,0,8,1,1,2,1,0,0,0,5,9,0,0,1,0,0,84,-48,"Adelaide","2018",4
28,"Ellis-Yolmen, Cam",11,2,8,19,1,0,0,9,0,5,6,5,1,2,0,12,5,2,0,0,0,0,76,-48,"Adelaide","2018",4
32,"Fogarty, Darcy",5,2,4,9,0,0,0,1,2,1,0,2,1,2,0,6,5,0,0,1,0,1,72,-48,"Adelaide","2018",4
6,"Gibbs, Bryce",19,4,8,27,2,1,0,3,1,8,6,2,3,0,0,7,20,0,2,0,0,1,81,-48,"Adelaide","2018",4
1,"Greenwood, Hugh",13,3,11,24,0,0,0,5,1,2,2,5,1,0,0,16,5,2,0,1,0,0,72,-48,"Adelaide","2018",4
15,"Hartigan, Kyle",8,6,3,11,0,0,0,1,2,0,0,4,1,2,0,4,6,1,0,4,0,0,95,-48,"Adelaide","2018",4
24,"Jacobs, Sam",8,1,2,10,0,0,33,5,0,0,4,2,1,0,0,6,4,0,0,2,0,0,83,-48,"Adelaide","2018",4
4,"Jenkins, Josh",6,3,4,10,0,0,4,2,0,1,1,2,2,2,0,4,6,1,0,1,0,0,90,-48,"Adelaide","2018",4
8,"Kelly, Jake",9,4,5,14,0,0,0,0,4,0,0,3,0,2,0,3,10,0,0,2,0,0,81,-48,"Adelaide","2018",4
29,"Laird, Rory",18,5,19,37,0,0,0,3,6,4,3,5,2,2,0,17,20,0,0,1,0,0,89,-48,"Adelaide","2018",4
27,"Lynch, Tom",7,3,7,14,0,0,0,1,0,2,0,2,0,0,0,3,12,0,0,1,0,1,79,-48,"Adelaide","2018",4
14,"Mackay, David",9,2,7,16,0,0,0,1,1,2,0,3,0,1,0,6,10,0,0,3,0,0,73,-48,"Adelaide","2018",4
41,"McGovern, Mitch",11,3,1,12,2,1,0,3,1,6,1,2,4,1,0,9,4,1,0,2,0,0,81,-48,"Adelaide","2018",4
30,"Milera, Wayne",10,1,6,16,0,0,0,4,0,1,1,1,2,0,0,9,7,0,0,6,0,0,84,-48,"Adelaide","2018",4
11,"Seedsman, Paul",16,7,13,29,1,0,0,6,4,7,2,11,0,2,0,9,18,0,1,2,1,2,87,-48,"Adelaide","2018",4
9,"Sloane, Rory",4,3,12,16,0,0,0,0,1,0,4,3,1,0,0,12,5,1,0,3,0,0,79,-48,"Adelaide","2018",4
12,"Talia, Daniel",8,9,10,18,0,0,0,4,4,0,0,0,0,0,0,4,14,1,0,8,0,0,98,-48,"Adelaide","2018",4
13,"Walker, Taylor",7,3,6,13,2,1,0,3,0,2,0,5,1,1,0,10,4,1,1,2,0,0,81,-48,"Adelaide","2018",4
0,"Rushed",0,0,0,0,0,1,0,0,0,0,0,0,0,0,0,0,0,0,0,0,0,0,0,-48,"Adelaide","2018",4
14,"Aish, James",10,2,5,15,1,0,0,7,0,1,0,4,1,0,0,6,9,0,1,2,0,0,84,48,"Collingwood","2018",4
17,"Brown, Callum",7,1,8,15,0,0,0,8,3,3,1,6,1,1,0,6,10,0,0,3,1,1,74,48,"Collingwood","2018",4
46,"Cox, Mason",3,1,2,5,0,0,10,1,0,1,1,1,1,1,0,3,1,0,0,6,0,1,76,48,"Collingwood","2018",4
25,"Crisp, Jack",10,3,11,21,0,0,0,0,3,5,2,4,0,2,0,10,12,0,0,4,2,0,88,48,"Collingwood","2018",4
39,"Crocker, Ben",9,4,2,11,1,1,0,3,0,1,0,1,3,0,0,7,5,0,0,1,0,0,88,48,"Collingwood","2018",4
2,"de Goey, Jordan",8,2,7,15,1,0,0,5,0,5,2,2,0,0,0,6,9,0,0,2,0,0,73,48,"Collingwood","2018",4
15,"Dunn, Lynden",6,2,3,9,0,0,0,1,4,0,0,3,0,2,0,2,5,0,0,4,0,0,84,48,"Collingwood","2018",4
4,"Grundy, Brodie",10,1,23,33,1,0,40,2,1,6,12,6,2,3,1,23,10,1,0,3,1,0,91,48,"Collingwood","2018",4
32,"Hoskin-Elliott, Will",12,1,11,23,2,1,0,4,6,0,3,5,1,1,0,13,8,0,1,1,2,1,84,48,"Collingwood","2018",4
38,"Howe, Jeremy",9,4,3,12,0,0,0,0,1,2,0,1,0,1,0,4,8,2,0,4,0,0,93,48,"Collingwood","2018",4
8,"Langdon, Tom",4,1,10,14,0,0,0,4,1,1,0,3,1,1,0,5,11,0,0,3,0,0,82,48,"Collingwood","2018",4
37,"Maynard, Brayden",11,0,7,18,0,1,0,2,3,1,1,3,0,0,0,9,9,0,0,0,0,0,92,48,"Collingwood","2018",4
9,"Murray, Sam",7,3,16,23,0,1,0,6,5,1,2,4,1,1,0,9,14,0,0,4,0,0,76,48,"Collingwood","2018",4
10,"Pendlebury, Scott",19,4,11,30,0,1,0,3,1,6,5,2,0,0,0,7,19,1,0,1,0,2,80,48,"Collingwood","2018",4
21,"Phillips, Tom",15,1,16,31,1,0,0,4,0,1,4,5,1,1,0,14,16,0,0,0,0,0,88,48,"Collingwood","2018",4
20,"Reid, Ben",10,4,5,15,1,3,0,1,0,7,0,1,2,0,0,2,14,0,2,2,0,1,75,48,"Collingwood","2018",4
12,"Scharenberg, Matt",9,4,8,17,0,0,0,1,5,0,0,2,1,1,0,5,12,0,0,3,0,0,93,48,"Collingwood","2018",4
22,"Sidebottom, Steele",19,2,24,43,0,1,0,7,3,3,12,6,3,2,3,26,17,0,0,2,0,0,82,48,"Collingwood","2018",4
35,"Stephenson, Jaidyn",7,4,6,13,5,1,0,3,0,2,0,1,1,0,0,7,5,2,2,0,0,0,77,48,"Collingwood","2018",4
24,"Thomas, Josh",10,3,10,20,2,0,0,4,1,7,2,4,0,1,0,8,11,0,0,0,0,1,64,48,"Collingwood","2018",4
7,"Treloar, Adam",13,2,23,36,0,0,0,11,2,4,10,8,0,0,2,19,17,0,0,2,0,1,82,48,"Collingwood","2018",4
18,"Varcoe, Travis",7,3,6,13,1,0,0,0,0,1,0,3,0,2,0,8,5,0,0,3,0,1,72,48,"Collingwood","2018",4
0,"Totals",215,52,217,432,16,10,50,77,39,58,57,75,19,20,6,199,227,6,6,50,6,9,0,48,"Collingwood","2018",4
