"Number","Player","Kicks","Marks","Handballs","Disposals","Goals","Behinds","Hitouts","Tackles","Rebounds50s","Inside50s","Clearances","Clangers","FreesFor","FreesAgainst","BrownlowVotes","ContestedPossessions","UncontestedPossessions","ContestedMarks","MarksInside50","OnePercenters","Bounces","GoalAssists","PercentagePlayed","PointDifference","Team","Season","Round"
24,"Bews, Jed",11,7,4,15,0,0,0,1,3,1,0,4,0,0,0,5,10,1,0,1,0,0,87,47,"Geelong","2018",4
46,"Blicavs, Mark",5,3,8,13,0,0,0,2,4,0,0,4,2,1,0,7,8,0,0,12,0,0,95,47,"Geelong","2018",4
31,"Cunico, Jordan",15,5,6,21,2,1,0,3,1,5,2,2,0,0,0,7,14,0,1,2,0,0,92,47,"Geelong","2018",4
35,"Dangerfield, Patrick",16,2,9,25,0,1,0,6,1,7,5,4,3,1,0,14,9,0,1,3,1,0,76,47,"Geelong","2018",4
22,"Duncan, Mitch",14,8,7,21,0,0,0,4,4,3,3,2,0,1,0,5,16,0,0,2,0,1,80,47,"Geelong","2018",4
13,"Fogarty, Lachie",10,2,8,18,0,1,0,3,0,6,0,3,2,0,0,11,10,0,0,4,0,1,87,47,"Geelong","2018",4
28,"Gregson, Cory",2,0,0,2,0,0,0,2,0,1,0,1,1,0,0,2,1,0,0,0,0,1,35,47,"Geelong","2018",4
39,"Guthrie, Zach",2,2,4,6,0,0,0,1,0,0,0,1,0,0,0,2,4,0,0,1,0,0,78,47,"Geelong","2018",4
26,"Hawkins, Tom",7,2,1,8,0,0,6,2,0,4,1,2,1,2,0,2,4,0,0,2,0,3,89,47,"Geelong","2018",4
38,"Henry, Jack",6,3,1,7,0,0,0,6,0,1,0,2,0,1,0,2,6,0,0,3,0,0,90,47,"Geelong","2018",4
11,"Kelly, Tim",9,2,6,15,2,0,0,3,0,3,2,3,0,2,0,7,9,0,1,2,0,2,89,47,"Geelong","2018",4
8,"Kolodjashnij, Jake",7,5,7,14,0,0,0,2,0,1,1,4,0,2,0,6,9,1,0,3,0,0,80,47,"Geelong","2018",4
27,"Menegola, Sam",13,9,9,22,2,1,0,6,0,4,1,1,0,1,0,7,16,2,2,0,1,2,80,47,"Geelong","2018",4
10,"Menzel, Daniel",11,2,5,16,5,3,0,1,0,1,0,3,5,2,3,10,5,1,1,1,0,0,83,47,"Geelong","2018",4
21,"Murdoch, Jordan",9,5,8,17,0,0,0,2,0,2,0,5,1,2,0,7,11,1,0,2,0,0,80,47,"Geelong","2018",4
3,"Parfitt, Brandan",15,6,13,28,3,0,0,7,2,7,3,2,3,0,2,16,12,0,1,1,0,1,80,47,"Geelong","2018",4
17,"Ratugolea, Esava",4,3,2,6,0,1,2,3,0,2,1,1,2,0,0,9,0,3,0,3,0,0,70,47,"Geelong","2018",4
14,"Selwood, Joel",13,2,14,27,0,0,0,7,2,4,5,5,2,2,0,11,13,0,0,2,0,0,82,47,"Geelong","2018",4
16,"Selwood, Scott",9,1,10,19,0,0,0,9,2,1,2,5,1,3,0,5,14,0,0,1,0,0,83,47,"Geelong","2018",4
1,"Stanley, Rhys",9,4,2,11,1,1,31,1,1,2,2,2,2,2,0,5,6,0,1,6,0,0,81,47,"Geelong","2018",4
44,"Stewart, Tom",16,8,4,20,0,1,0,0,6,3,0,5,0,1,1,3,13,1,0,4,0,0,82,47,"Geelong","2018",4
2,"Tuohy, Zach",19,6,10,29,0,1,0,0,2,4,1,1,0,0,0,5,21,0,0,1,0,0,99,47,"Geelong","2018",4
0,"Rushed",0,0,0,0,0,2,0,0,0,0,0,0,0,0,0,0,0,0,0,0,0,0,0,47,"Geelong","2018",4
8,"Acres, Blake",12,2,10,22,1,1,2,3,3,3,4,3,3,1,0,11,11,0,0,1,0,0,86,-47,"St Kilda","2018",4
15,"Billings, Jack",10,5,13,23,0,2,0,2,0,2,0,4,0,0,0,7,16,0,1,3,0,0,94,-47,"St Kilda","2018",4
22,"Brown, Nathan",3,0,3,6,0,0,0,1,1,1,1,0,0,0,0,5,3,0,0,9,0,0,92,-47,"St Kilda","2018",4
2,"Carlisle, Jake",11,5,7,18,0,1,1,1,3,1,0,3,1,1,0,8,11,0,0,5,0,0,95,-47,"St Kilda","2018",4
33,"Coffield, Nick",7,4,10,17,0,0,0,4,5,0,0,2,0,0,0,8,9,0,0,1,0,0,90,-47,"St Kilda","2018",4
7,"Dunstan, Luke",16,6,10,26,2,0,0,7,1,4,1,3,3,0,0,10,17,0,1,4,0,0,81,-47,"St Kilda","2018",4
14,"Geary, Jarryn",17,4,9,26,0,1,0,3,6,1,4,3,2,0,0,11,14,0,0,2,0,1,85,-47,"St Kilda","2018",4
19,"Gilbert, Sam",10,3,5,15,0,0,0,5,2,2,1,4,0,2,0,6,8,0,0,3,0,0,94,-47,"St Kilda","2018",4
4,"Gresham, Jade",7,2,12,19,0,0,0,2,1,4,4,4,2,1,0,7,13,0,0,0,0,1,82,-47,"St Kilda","2018",4
1,"Hickey, Tom",7,5,7,14,0,0,22,3,0,0,4,6,1,5,0,12,6,3,0,4,0,0,83,-47,"St Kilda","2018",4
21,"Long, Ben",10,4,8,18,1,1,0,2,0,3,0,3,1,0,0,8,8,1,0,2,0,0,85,-47,"St Kilda","2018",4
13,"Lonie, Jack",6,2,5,11,0,0,0,4,1,1,1,1,1,0,0,2,8,0,0,1,0,0,94,-47,"St Kilda","2018",4
43,"Marshall, Rowan",5,2,4,9,1,1,6,3,0,2,1,3,0,2,0,3,5,0,1,0,0,0,45,-47,"St Kilda","2018",4
32,"McCartin, Paddy",9,6,3,12,1,2,0,1,0,5,0,2,0,0,0,4,7,2,2,3,0,0,79,-47,"St Kilda","2018",4
16,"Newnes, Jack",13,1,3,16,0,3,0,0,3,4,3,3,1,1,0,4,11,0,0,3,0,0,86,-47,"St Kilda","2018",4
17,"Roberton, Dylan",2,0,0,2,1,0,0,2,0,0,0,0,1,0,0,1,2,0,0,1,0,0,28,-47,"St Kilda","2018",4
6,"Ross, Sebastian",10,2,10,20,0,0,0,4,2,1,1,4,1,2,0,5,14,0,0,0,0,0,90,-47,"St Kilda","2018",4
5,"Savage, Shane",19,7,5,24,0,0,0,4,4,2,1,4,1,2,0,4,21,0,0,3,1,0,87,-47,"St Kilda","2018",4
35,"Sinclair, Jack",16,3,5,21,0,1,0,1,2,2,4,4,0,0,0,8,12,0,0,2,0,0,81,-47,"St Kilda","2018",4
9,"Steele, Jack",13,4,11,24,0,1,0,4,1,3,5,3,2,1,0,12,13,1,0,2,1,1,83,-47,"St Kilda","2018",4
3,"Steven, Jack",9,0,17,26,0,0,0,2,3,2,9,5,2,2,0,12,14,0,0,2,0,0,82,-47,"St Kilda","2018",4
31,"White, Brandon",7,1,6,13,0,0,0,3,3,1,0,7,1,5,0,7,6,0,0,3,0,1,80,-47,"St Kilda","2018",4
0,"Totals",219,68,163,382,7,14,31,61,41,44,44,71,23,25,0,155,229,7,5,54,2,4,0,-47,"St Kilda","2018",4
