"Number","Player","Kicks","Marks","Handballs","Disposals","Goals","Behinds","Hitouts","Tackles","Rebounds50s","Inside50s","Clearances","Clangers","FreesFor","FreesAgainst","BrownlowVotes","ContestedPossessions","UncontestedPossessions","ContestedMarks","MarksInside50","OnePercenters","Bounces","GoalAssists","PercentagePlayed","PointDifference","Team","Season","Round"
25,"Adams, Marcus",9,6,5,14,0,0,1,0,2,2,0,1,1,1,0,3,11,0,0,9,0,0,96,2,"Western Bulldogs","2018",15
4,"Bontempelli, Marcus",12,3,11,23,2,3,0,7,0,6,1,4,2,2,0,9,16,2,2,2,0,0,89,2,"Western Bulldogs","2018",15
17,"Boyd, Tom",5,1,12,17,0,0,31,3,0,3,3,4,3,1,0,10,8,0,0,8,0,2,86,2,"Western Bulldogs","2018",15
12,"Cordy, Zaine",10,3,4,14,1,0,1,4,0,2,2,1,0,0,0,7,6,1,0,2,0,0,90,2,"Western Bulldogs","2018",15
9,"Crozier, Hayden",12,6,4,16,0,0,0,4,4,2,0,2,0,1,0,4,11,1,0,4,0,0,83,2,"Western Bulldogs","2018",15
6,"Dahlhaus, Luke",12,8,17,29,0,0,0,5,1,3,0,3,1,0,0,9,20,0,0,1,0,1,79,2,"Western Bulldogs","2018",15
5,"Dunkley, Josh",12,3,15,27,2,0,0,7,1,5,5,2,0,1,3,11,15,1,2,4,0,0,86,2,"Western Bulldogs","2018",15
26,"Gowers, Billy",15,4,4,19,2,1,0,1,0,6,3,3,1,1,0,8,11,0,1,2,0,0,82,2,"Western Bulldogs","2018",15
7,"Hunter, Lachie",13,5,11,24,0,0,0,3,5,2,3,2,1,0,0,8,16,0,0,3,1,0,91,2,"Western Bulldogs","2018",15
39,"Johannisen, Jason",16,3,7,23,0,0,0,1,3,4,1,2,0,1,0,9,13,0,0,1,0,0,83,2,"Western Bulldogs","2018",15
24,"Jong, Lin",1,1,1,2,0,0,0,0,0,1,0,1,0,0,0,0,2,0,0,0,0,0,6,2,"Western Bulldogs","2018",15
27,"Lipinski, Patrick",8,6,17,25,0,1,0,1,3,1,2,3,0,2,0,6,20,0,0,0,0,0,89,2,"Western Bulldogs","2018",15
36,"Lynch, Brad",10,3,8,18,0,0,0,2,3,2,0,1,0,0,0,4,12,0,0,1,1,1,78,2,"Western Bulldogs","2018",15
16,"McLean, Toby",13,2,12,25,1,0,0,11,3,6,5,4,1,2,0,8,17,0,0,2,1,2,89,2,"Western Bulldogs","2018",15
38,"Morris, Dale",4,2,8,12,0,0,0,2,3,1,0,0,2,0,0,9,4,1,0,3,0,0,96,2,"Western Bulldogs","2018",15
33,"Naughton, Aaron",3,2,4,7,0,0,0,2,1,1,0,3,0,0,0,3,5,0,0,6,0,0,85,2,"Western Bulldogs","2018",15
20,"Richards, Ed",8,2,5,13,3,0,0,5,0,1,3,1,1,0,0,8,4,0,1,2,0,1,80,2,"Western Bulldogs","2018",15
13,"Schache, Josh",7,5,8,15,2,0,0,1,1,0,0,1,2,0,0,4,11,1,2,1,0,0,82,2,"Western Bulldogs","2018",15
37,"Smith, Roarke",6,4,9,15,0,0,0,1,0,1,0,2,1,1,0,5,12,0,0,0,1,0,75,2,"Western Bulldogs","2018",15
8,"Trengove, Jackson",7,4,8,15,0,0,2,1,0,3,0,0,1,0,0,5,10,0,0,4,0,0,96,2,"Western Bulldogs","2018",15
3,"Wallis, Mitch",8,4,16,24,1,0,0,4,1,2,3,4,1,2,0,11,14,0,1,1,1,1,75,2,"Western Bulldogs","2018",15
34,"Williams, Bailey",10,3,8,18,2,0,0,4,3,3,3,3,0,0,0,7,10,0,1,0,0,0,83,2,"Western Bulldogs","2018",15
0,"Rushed",0,0,0,0,0,2,0,0,0,0,0,0,0,0,0,0,0,0,0,0,0,0,0,2,"Western Bulldogs","2018",15
4,"Ablett, Gary",18,8,13,31,1,0,0,2,2,5,4,5,0,1,0,11,20,0,0,0,0,2,82,-2,"Geelong","2018",15
24,"Bews, Jed",2,0,6,8,0,0,0,2,2,1,1,0,0,0,0,4,5,0,0,2,0,0,79,-2,"Geelong","2018",15
46,"Blicavs, Mark",5,5,9,14,0,0,0,4,2,0,0,0,0,0,0,4,10,0,0,4,0,0,97,-2,"Geelong","2018",15
31,"Cunico, Jordan",4,1,4,8,0,0,0,4,0,2,0,1,0,1,0,2,6,0,0,0,0,2,82,-2,"Geelong","2018",15
35,"Dangerfield, Patrick",11,5,20,31,1,1,0,1,0,3,4,1,1,0,2,15,17,2,2,1,0,2,80,-2,"Geelong","2018",15
22,"Duncan, Mitch",16,8,11,27,0,0,0,4,6,4,3,0,1,0,0,5,22,0,0,1,0,0,84,-2,"Geelong","2018",15
13,"Fogarty, Lachie",6,4,7,13,0,0,0,0,1,1,0,2,0,0,0,3,10,0,0,0,1,0,75,-2,"Geelong","2018",15
29,"Guthrie, Cameron",13,7,9,22,0,0,0,3,3,1,0,4,1,2,0,4,18,0,0,1,0,0,81,-2,"Geelong","2018",15
26,"Hawkins, Tom",9,9,5,14,3,2,2,1,0,1,0,1,1,1,0,5,9,2,4,2,0,2,91,-2,"Geelong","2018",15
38,"Henry, Jack",6,6,6,12,0,0,0,6,3,0,0,0,0,0,0,3,8,1,0,5,0,0,79,-2,"Geelong","2018",15
11,"Kelly, Tim",17,4,17,34,1,0,0,4,2,5,5,7,0,0,0,12,22,0,0,0,0,0,78,-2,"Geelong","2018",15
8,"Kolodjashnij, Jake",1,0,6,7,0,0,0,1,0,0,0,5,0,5,0,2,5,0,0,4,0,0,89,-2,"Geelong","2018",15
27,"Menegola, Sam",11,8,10,21,2,0,0,6,1,3,0,2,0,2,0,4,17,0,1,1,0,0,88,-2,"Geelong","2018",15
21,"Murdoch, Jordan",10,2,1,11,1,2,0,6,3,3,0,1,0,1,0,3,8,0,0,0,1,0,81,-2,"Geelong","2018",15
19,"Narkle, Quinton",9,4,5,14,2,1,0,6,1,5,2,1,2,0,0,4,10,0,1,0,0,0,69,-2,"Geelong","2018",15
3,"Parfitt, Brandan",7,1,6,13,1,0,0,5,0,4,0,5,1,1,0,5,8,0,0,0,0,0,82,-2,"Geelong","2018",15
34,"Parsons, James",3,1,6,9,0,1,0,3,0,0,0,1,0,0,0,2,9,0,0,0,0,1,76,-2,"Geelong","2018",15
14,"Selwood, Joel",13,4,21,34,0,1,0,6,3,4,9,3,5,1,1,17,15,0,1,2,0,0,81,-2,"Geelong","2018",15
1,"Stanley, Rhys",8,4,11,19,1,0,36,3,0,2,6,3,1,3,0,10,10,2,1,3,0,0,83,-2,"Geelong","2018",15
44,"Stewart, Tom",12,2,9,21,0,0,0,3,8,2,1,1,1,0,0,8,10,1,0,8,3,0,81,-2,"Geelong","2018",15
7,"Taylor, Harry",12,5,5,17,2,3,2,3,0,1,3,0,1,0,0,6,11,2,5,4,0,2,73,-2,"Geelong","2018",15
2,"Tuohy, Zach",20,5,8,28,0,0,0,2,3,5,1,2,0,0,0,4,23,0,0,1,2,1,91,-2,"Geelong","2018",15
0,"Totals",213,93,195,408,15,11,40,75,40,52,39,45,15,18,3,133,273,10,15,39,7,12,0,-2,"Geelong","2018",15
