"Number","Player","Kicks","Marks","Handballs","Disposals","Goals","Behinds","Hitouts","Tackles","Rebounds50s","Inside50s","Clearances","Clangers","FreesFor","FreesAgainst","BrownlowVotes","ContestedPossessions","UncontestedPossessions","ContestedMarks","MarksInside50","OnePercenters","Bounces","GoalAssists","PercentagePlayed","PointDifference","Team","Season","Round"
18,"Cameron, Jeremy",18,9,8,26,6,3,0,0,0,5,1,3,2,1,3,10,14,0,5,3,0,1,85,108,"Greater Western Sydney","2018",12
35,"Corr, Aidan",5,4,7,12,0,0,0,6,2,0,0,1,0,0,0,5,7,2,0,9,0,0,84,108,"Greater Western Sydney","2018",12
1,"Davis, Phil",11,8,4,15,0,0,0,1,1,4,1,1,2,0,0,10,7,2,0,10,1,0,97,108,"Greater Western Sydney","2018",12
24,"de Boer, Matt",9,5,15,24,3,0,0,9,1,4,2,2,2,0,0,9,15,0,2,3,0,1,89,108,"Greater Western Sydney","2018",12
32,"Griffen, Ryan",9,4,12,21,0,2,0,2,0,3,4,2,0,2,0,13,8,1,1,2,0,1,79,108,"Greater Western Sydney","2018",12
19,"Haynes, Nick",18,4,5,23,0,0,0,2,7,2,0,6,0,2,0,12,13,1,0,6,0,0,88,108,"Greater Western Sydney","2018",12
27,"Himmelberg, Harry",9,0,8,17,2,1,5,8,0,4,0,2,1,1,0,9,8,0,0,4,0,1,86,108,"Greater Western Sydney","2018",12
2,"Hopper, Jacob",14,0,15,29,0,1,0,4,2,3,12,6,4,2,0,18,11,0,0,4,0,0,86,108,"Greater Western Sydney","2018",12
22,"Kelly, Josh",27,8,13,40,2,0,0,7,2,5,3,4,1,2,2,11,28,0,2,0,1,1,84,108,"Greater Western Sydney","2018",12
17,"Langdon, Zac",3,0,6,9,1,0,0,7,0,0,1,3,0,1,0,6,3,0,0,2,0,1,84,108,"Greater Western Sydney","2018",12
38,"Lloyd, Daniel",4,1,3,7,1,0,0,4,0,1,1,3,2,1,0,4,4,0,0,1,0,0,35,108,"Greater Western Sydney","2018",12
37,"Lobb, Rory",1,0,0,1,0,0,12,1,0,1,0,1,1,1,0,2,0,0,0,3,0,0,43,108,"Greater Western Sydney","2018",12
12,"Patton, Jonathon",8,3,7,15,1,0,12,5,0,3,1,1,2,1,0,6,10,1,1,3,0,2,83,108,"Greater Western Sydney","2018",12
36,"Perryman, Harry",8,5,10,18,0,0,0,2,1,1,0,1,0,1,0,5,12,0,0,2,1,0,79,108,"Greater Western Sydney","2018",12
50,"Reid, Sam",7,1,2,9,2,1,0,3,0,0,1,3,0,1,0,2,6,0,0,0,0,1,83,108,"Greater Western Sydney","2018",12
23,"Shaw, Heath",28,9,3,31,0,0,0,0,7,2,1,10,0,4,0,6,19,0,0,5,2,0,93,108,"Greater Western Sydney","2018",12
5,"Shiel, Dylan",20,5,15,35,0,1,0,3,3,6,5,3,0,0,0,13,22,0,0,3,4,2,75,108,"Greater Western Sydney","2018",12
14,"Taranto, Tim",12,1,12,24,0,1,0,8,3,5,4,5,1,0,0,9,12,0,0,1,0,0,83,108,"Greater Western Sydney","2018",12
15,"Taylor, Sam",4,2,7,11,0,0,0,2,2,0,1,1,1,0,0,4,7,1,0,10,0,0,87,108,"Greater Western Sydney","2018",12
20,"Tomlinson, Adam",16,6,11,27,0,0,0,4,0,7,5,2,2,0,0,10,17,0,0,0,0,0,92,108,"Greater Western Sydney","2018",12
8,"Ward, Callan",18,3,16,34,2,0,0,5,1,6,10,1,5,1,0,16,17,1,0,0,0,0,89,108,"Greater Western Sydney","2018",12
6,"Whitfield, Lachie",22,8,14,36,0,0,0,2,4,6,1,4,0,2,1,5,32,0,0,4,2,1,94,108,"Greater Western Sydney","2018",12
0,"Rushed",0,0,0,0,0,4,0,0,0,0,0,0,0,0,0,0,0,0,0,0,0,0,0,108,"Greater Western Sydney","2018",12
13,"Ah Chee, Callum",10,3,6,16,0,0,0,4,2,7,2,1,1,1,0,6,9,0,0,1,0,1,79,-108,"Gold Coast","2018",12
9,"Ainsworth, Ben",9,3,7,16,0,0,0,7,0,1,6,0,0,0,0,7,6,1,0,1,0,0,72,-108,"Gold Coast","2018",12
31,"Ballard, Charlie",8,4,4,12,0,0,0,2,2,0,1,3,2,0,0,9,4,2,0,3,0,0,84,-108,"Gold Coast","2018",12
29,"Bowes, Jack",9,2,6,15,0,0,0,2,0,3,4,5,1,2,0,11,4,0,0,1,0,0,78,-108,"Gold Coast","2018",12
41,"Brodie, Will",7,3,7,14,1,0,0,7,0,1,4,3,1,0,0,8,6,0,0,0,0,0,78,-108,"Gold Coast","2018",12
12,"Day, Sam",1,2,6,7,0,0,12,2,0,1,0,1,0,1,0,8,0,2,0,5,0,0,82,-108,"Gold Coast","2018",12
5,"Harbrow, Jarrod",24,4,3,27,1,0,0,3,7,0,2,4,3,1,0,10,14,0,0,3,0,0,86,-108,"Gold Coast","2018",12
40,"Heron, Jacob",4,1,3,7,0,0,0,3,1,1,0,1,1,1,0,3,4,1,0,1,0,0,81,-108,"Gold Coast","2018",12
39,"Holman, Nick",5,2,2,7,0,0,0,9,1,1,1,1,3,0,0,5,2,0,0,0,0,0,78,-108,"Gold Coast","2018",12
38,"Joyce, Jesse",5,4,9,14,0,0,0,3,2,1,0,1,1,0,0,5,9,1,0,2,0,0,87,-108,"Gold Coast","2018",12
21,"Leslie, Jack",11,2,3,14,0,0,0,4,10,0,1,4,0,2,0,3,6,0,0,14,0,0,93,-108,"Gold Coast","2018",12
19,"Lynch, Tom",5,2,3,8,0,0,0,2,1,1,0,2,0,1,0,5,3,1,0,5,0,0,80,-108,"Gold Coast","2018",12
4,"Martin, Jack",5,1,3,8,0,0,0,8,1,3,0,7,3,3,0,5,5,0,0,1,0,0,87,-108,"Gold Coast","2018",12
11,"Miller, Touk",5,2,16,21,0,0,0,8,2,1,2,4,0,2,0,13,9,0,0,1,0,0,80,-108,"Gold Coast","2018",12
35,"Rischitelli, Michael",10,3,1,11,0,0,0,3,3,2,1,2,1,0,0,3,7,0,0,6,1,0,83,-108,"Gold Coast","2018",12
18,"Scheer, Brad",6,2,2,8,0,0,0,6,1,2,1,1,0,1,0,2,6,0,0,0,0,0,76,-108,"Gold Coast","2018",12
6,"Sexton, Alex",11,4,3,14,0,0,0,1,0,4,1,5,2,0,0,2,10,0,0,1,0,0,79,-108,"Gold Coast","2018",12
24,"Swallow, David",15,1,5,20,0,0,0,3,1,3,3,7,0,4,0,12,7,1,0,1,0,1,87,-108,"Gold Coast","2018",12
16,"Thompson, Rory",4,2,1,5,0,0,0,2,1,0,0,2,0,2,0,0,4,0,0,5,0,0,82,-108,"Gold Coast","2018",12
14,"Weller, Lachie",9,3,4,13,0,0,0,1,2,3,1,0,0,0,0,3,8,0,0,2,0,0,84,-108,"Gold Coast","2018",12
28,"Witts, Jarrod",7,1,9,16,0,0,64,3,4,2,3,3,1,3,0,7,7,0,0,1,0,0,86,-108,"Gold Coast","2018",12
15,"Young, Aaron",12,4,3,15,2,1,0,6,2,3,3,4,3,2,0,7,10,0,0,0,0,0,78,-108,"Gold Coast","2018",12
0,"Rushed",0,0,0,0,0,1,0,0,0,0,0,0,0,0,0,0,0,0,0,0,0,0,0,-108,"Gold Coast","2018",12
