"Number","Player","Kicks","Marks","Handballs","Disposals","Goals","Behinds","Hitouts","Tackles","Rebounds50s","Inside50s","Clearances","Clangers","FreesFor","FreesAgainst","BrownlowVotes","ContestedPossessions","UncontestedPossessions","ContestedMarks","MarksInside50","OnePercenters","Bounces","GoalAssists","PercentagePlayed","PointDifference","Team","Season","Round"
13,"Ah Chee, Callum",13,3,3,16,0,0,0,1,4,2,1,4,2,1,0,5,9,0,0,3,0,0,67,-69,"Gold Coast","2018",8
9,"Ainsworth, Ben",8,2,11,19,0,1,0,4,2,1,7,0,1,0,0,10,9,0,0,1,0,0,73,-69,"Gold Coast","2018",8
31,"Ballard, Charlie",7,5,2,9,0,1,0,1,0,1,0,1,1,0,0,4,5,1,0,2,0,0,72,-69,"Gold Coast","2018",8
29,"Bowes, Jack",7,3,2,9,0,0,0,2,3,0,0,1,0,0,0,2,7,0,0,2,0,0,78,-69,"Gold Coast","2018",8
32,"Crossley, Brayden",4,3,4,8,0,0,8,1,0,0,0,1,3,0,0,4,5,0,0,2,0,0,87,-69,"Gold Coast","2018",8
12,"Day, Sam",6,5,8,14,2,2,1,4,1,4,0,3,2,0,0,9,6,1,1,1,0,1,87,-69,"Gold Coast","2018",8
33,"Hall, Aaron",18,8,5,23,1,0,0,3,8,3,3,3,2,2,0,7,17,1,0,2,1,1,85,-69,"Gold Coast","2018",8
5,"Harbrow, Jarrod",8,0,10,18,0,0,0,4,3,2,0,6,0,0,0,4,13,0,0,0,0,0,93,-69,"Gold Coast","2018",8
39,"Holman, Nick",3,4,7,10,1,0,0,1,1,2,0,2,1,1,0,5,6,1,0,1,1,0,75,-69,"Gold Coast","2018",8
21,"Leslie, Jack",4,3,2,6,0,0,0,3,3,0,0,1,0,0,0,1,5,0,0,5,0,0,89,-69,"Gold Coast","2018",8
25,"Lyons, Jarryd",11,6,11,22,0,0,0,4,4,2,4,5,1,3,0,11,11,0,0,1,0,0,73,-69,"Gold Coast","2018",8
4,"Martin, Jack",15,5,4,19,4,0,0,2,2,3,2,5,2,2,0,10,8,2,2,0,0,0,87,-69,"Gold Coast","2018",8
17,"May, Steven",16,8,5,21,1,0,0,2,6,1,0,3,0,1,0,6,12,0,0,9,3,0,91,-69,"Gold Coast","2018",8
11,"Miller, Touk",10,4,18,28,0,1,0,8,3,1,4,4,2,2,0,16,14,1,0,2,0,1,86,-69,"Gold Coast","2018",8
35,"Rischitelli, Michael",8,2,4,12,0,0,0,1,5,1,1,2,0,1,0,4,8,0,0,2,0,0,80,-69,"Gold Coast","2018",8
18,"Scheer, Brad",13,3,5,18,0,0,0,1,1,4,2,4,1,2,0,8,12,0,0,0,0,2,78,-69,"Gold Coast","2018",8
6,"Sexton, Alex",9,6,3,12,1,2,0,0,0,5,0,2,0,1,0,0,12,0,1,1,0,1,86,-69,"Gold Coast","2018",8
24,"Swallow, David",5,0,7,12,0,0,0,3,0,1,2,0,0,0,0,10,2,0,0,1,0,0,63,-69,"Gold Coast","2018",8
16,"Thompson, Rory",3,1,2,5,0,0,0,1,3,1,0,4,0,2,0,2,4,0,0,5,0,0,92,-69,"Gold Coast","2018",8
14,"Weller, Lachie",16,4,3,19,0,0,0,2,6,5,1,2,1,1,0,6,12,0,0,1,0,0,86,-69,"Gold Coast","2018",8
28,"Witts, Jarrod",4,2,7,11,0,0,29,6,0,2,3,3,1,2,0,7,5,0,0,2,0,0,86,-69,"Gold Coast","2018",8
15,"Young, Aaron",9,2,9,18,1,2,0,1,0,2,2,6,1,2,0,11,7,0,0,1,0,1,87,-69,"Gold Coast","2018",8
0,"Rushed",0,0,0,0,0,2,0,0,0,0,0,0,0,0,0,0,0,0,0,0,0,0,0,-69,"Gold Coast","2018",8
10,"Brayshaw, Angus",16,2,8,24,1,3,0,1,2,8,4,4,0,1,0,7,17,0,0,0,0,1,68,69,"Melbourne","2018",8
31,"Fritsch, Bayley",13,2,13,26,0,0,0,4,2,7,1,2,2,0,0,7,20,0,0,2,0,0,82,69,"Melbourne","2018",8
11,"Gawn, Max",4,2,14,18,1,1,41,4,0,2,2,1,1,0,0,10,8,1,1,6,0,1,84,69,"Melbourne","2018",8
19,"Hannan, Mitch",10,5,7,17,3,3,0,3,0,3,2,0,1,0,0,6,12,2,3,1,0,1,77,69,"Melbourne","2018",8
4,"Harmes, James",16,9,17,33,0,3,0,6,0,5,7,4,1,2,3,18,16,0,1,0,1,0,81,69,"Melbourne","2018",8
14,"Hibberd, Michael",13,2,4,17,1,0,0,2,2,3,0,3,0,1,0,3,14,0,0,4,0,0,84,69,"Melbourne","2018",8
1,"Hogan, Jesse",12,8,10,22,3,0,0,3,1,4,4,2,3,1,0,9,15,0,1,1,0,1,94,69,"Melbourne","2018",8
39,"Jetta, Neville",5,4,8,13,0,0,0,1,1,1,0,1,2,1,0,5,9,1,0,2,0,0,89,69,"Melbourne","2018",8
2,"Jones, Nathan",15,3,10,25,0,0,0,7,1,7,4,4,1,1,0,7,20,0,0,0,1,2,85,69,"Melbourne","2018",8
8,"Lever, Jake",9,4,4,13,0,0,0,3,3,2,0,3,0,1,0,7,7,3,0,5,0,0,92,69,"Melbourne","2018",8
6,"Lewis, Jordan",15,9,10,25,0,0,0,2,3,1,1,2,0,1,0,6,21,0,0,1,0,0,85,69,"Melbourne","2018",8
28,"McDonald, Oscar",5,3,7,12,0,0,0,0,2,0,0,2,0,1,0,3,9,0,0,2,0,0,91,69,"Melbourne","2018",8
25,"McDonald, Tom",11,7,6,17,5,1,0,1,2,2,1,2,1,1,1,6,12,2,4,4,1,1,86,69,"Melbourne","2018",8
18,"Melksham, Jake",16,6,5,21,1,3,0,3,1,10,1,0,2,0,0,7,13,2,3,2,1,3,81,69,"Melbourne","2018",8
30,"Neal-Bullen, Alex",11,5,12,23,2,2,0,1,0,5,4,3,0,1,0,10,15,0,3,1,0,1,81,69,"Melbourne","2018",8
13,"Oliver, Clayton",12,2,17,29,0,1,0,11,0,6,11,2,4,1,0,15,15,0,1,4,2,3,75,69,"Melbourne","2018",8
5,"Petracca, Christian",5,4,14,19,0,1,0,1,0,2,3,1,1,1,0,7,11,1,0,0,0,0,80,69,"Melbourne","2018",8
3,"Salem, Christian",14,8,13,27,2,1,0,4,1,7,0,2,1,1,2,7,20,2,1,1,0,0,81,69,"Melbourne","2018",8
9,"Spargo, Charlie",7,2,2,9,2,1,0,0,0,3,1,2,1,2,0,2,7,0,1,1,0,0,67,69,"Melbourne","2018",8
12,"Tyson, Dom",6,1,10,16,0,0,0,4,1,2,3,2,2,1,0,9,7,0,0,0,0,1,77,69,"Melbourne","2018",8
23,"Vince, Bernie",10,2,4,14,0,0,0,2,2,2,0,4,0,2,0,3,10,0,0,1,0,0,87,69,"Melbourne","2018",8
26,"Weideman, Sam",2,1,4,6,0,0,6,2,0,1,0,3,0,1,0,1,5,0,0,1,0,4,73,69,"Melbourne","2018",8
0,"Totals",227,91,199,426,21,20,47,65,24,83,49,49,23,21,6,155,283,14,19,39,6,19,0,69,"Melbourne","2018",8
