"Number","Player","Kicks","Marks","Handballs","Disposals","Goals","Behinds","Hitouts","Tackles","Rebounds50s","Inside50s","Clearances","Clangers","FreesFor","FreesAgainst","BrownlowVotes","ContestedPossessions","UncontestedPossessions","ContestedMarks","MarksInside50","OnePercenters","Bounces","GoalAssists","PercentagePlayed","PointDifference","Team","Season","Round"
41,"Casboult, Levi",7,6,3,10,2,0,6,1,0,1,0,3,1,2,0,3,7,1,2,2,0,0,90,-10,"Carlton","2018",5
9,"Cripps, Patrick",12,5,22,34,0,0,0,11,1,7,8,5,5,2,2,19,14,1,0,0,0,0,92,-10,"Carlton","2018",5
30,"Curnow, Charlie",10,4,7,17,0,1,0,4,1,3,0,1,3,0,0,11,5,2,0,2,1,0,93,-10,"Carlton","2018",5
35,"Curnow, Ed",12,5,13,25,1,1,0,12,1,3,1,1,0,0,0,8,18,0,1,3,0,0,94,-10,"Carlton","2018",5
2,"Dow, Paddy",6,1,9,15,0,0,0,3,0,4,7,1,2,1,0,11,5,0,0,0,0,0,73,-10,"Carlton","2018",5
25,"Fisher, Zac",15,2,12,27,1,0,0,4,3,7,4,5,3,1,0,15,12,0,0,0,0,1,72,-10,"Carlton","2018",5
21,"Garlett, Jarrod",5,2,0,5,0,0,0,3,1,0,1,3,1,0,0,1,4,0,0,1,0,0,68,-10,"Carlton","2018",5
14,"Jones, Liam",13,10,2,15,0,0,0,1,2,0,0,2,0,0,0,3,11,2,0,16,0,0,100,-10,"Carlton","2018",5
11,"Kerridge, Sam",8,6,6,14,1,1,0,2,2,1,2,2,0,1,0,6,8,0,1,2,0,1,88,-10,"Carlton","2018",5
13,"Lamb, Jed",6,3,3,9,0,0,0,2,1,2,1,1,3,0,0,4,6,0,0,0,0,0,73,-10,"Carlton","2018",5
10,"McKay, Harry",9,6,1,10,4,0,0,1,0,3,0,2,3,1,0,4,6,0,2,0,0,0,80,-10,"Carlton","2018",5
18,"Mullett, Aaron",11,7,5,16,0,0,0,3,2,1,0,1,0,0,0,2,12,0,0,0,0,0,72,-10,"Carlton","2018",5
4,"OBrien, Lochie",11,5,4,15,0,0,0,3,2,1,4,2,0,0,0,6,9,0,0,0,0,0,70,-10,"Carlton","2018",5
24,"OShea, Cameron",7,3,3,10,0,0,0,2,1,0,1,8,0,2,0,3,7,0,0,0,1,0,64,-10,"Carlton","2018",5
5,"Petrevski-Seton, Sam",10,6,5,15,1,0,0,3,2,0,1,5,0,0,0,6,9,0,1,0,0,0,73,-10,"Carlton","2018",5
34,"Phillips, Andrew",5,3,1,6,0,0,24,6,0,1,1,3,0,3,0,4,2,1,1,8,0,0,86,-10,"Carlton","2018",5
20,"Plowman, Lachie",8,6,5,13,0,0,0,1,2,2,0,3,0,1,0,3,9,0,0,8,0,0,83,-10,"Carlton","2018",5
17,"Rowe, Sam",7,3,1,8,0,0,0,3,4,0,0,1,1,0,0,2,5,0,0,6,0,0,100,-10,"Carlton","2018",5
1,"Silvagni, Jack",5,5,3,8,0,1,0,2,0,1,0,2,0,0,0,3,5,1,1,0,0,1,69,-10,"Carlton","2018",5
6,"Simpson, Kade",30,10,1,31,0,0,0,2,6,5,1,2,1,0,0,6,21,0,1,3,0,3,93,-10,"Carlton","2018",5
39,"Thomas, Dale",14,3,12,26,0,0,0,1,4,1,1,3,1,2,0,9,17,0,0,6,0,0,81,-10,"Carlton","2018",5
46,"Wright, Matthew",8,3,4,12,0,1,0,0,1,4,2,2,1,0,0,7,5,1,0,1,1,1,86,-10,"Carlton","2018",5
0,"Rushed",0,0,0,0,0,4,0,0,0,0,0,0,0,0,0,0,0,0,0,0,0,0,0,-10,"Carlton","2018",5
37,"Barrass, Tom",3,2,0,3,0,0,0,0,0,0,0,1,0,0,0,2,1,1,0,7,0,0,92,10,"West Coast","2018",5
28,"Cole, Tom",10,6,9,19,0,1,0,2,3,0,0,0,1,0,0,6,12,0,1,1,0,0,77,10,"West Coast","2018",5
15,"Cripps, Jamie",13,9,7,20,0,0,0,3,0,7,2,1,2,0,0,5,15,0,2,0,1,0,80,10,"West Coast","2018",5
27,"Darling, Jack",7,4,1,8,0,1,0,2,0,4,0,2,1,1,0,3,6,1,1,4,0,0,93,10,"West Coast","2018",5
14,"Duggan, Liam",8,5,5,13,0,0,0,0,2,2,1,2,0,1,0,1,12,0,1,3,0,1,83,10,"West Coast","2018",5
3,"Gaff, Andrew",17,1,14,31,2,0,0,1,2,1,6,5,1,0,3,13,17,0,0,0,2,1,91,10,"West Coast","2018",5
25,"Hurn, Shannon",11,6,1,12,0,0,0,3,6,0,0,3,0,1,0,2,7,1,0,1,0,0,94,10,"West Coast","2018",5
34,"Hutchings, Mark",9,6,7,16,0,2,0,2,0,3,0,1,0,0,0,3,13,0,2,1,0,1,77,10,"West Coast","2018",5
17,"Kennedy, Josh",4,2,1,5,1,1,0,2,0,1,0,4,0,0,0,2,3,0,1,0,0,1,79,10,"West Coast","2018",5
2,"LeCras, Mark",12,4,1,13,3,2,0,0,0,3,0,4,2,2,0,3,8,0,2,2,0,0,93,10,"West Coast","2018",5
29,"Lycett, Scott",7,4,6,13,1,1,23,6,1,4,3,1,1,1,0,7,6,1,1,7,0,0,71,10,"West Coast","2018",5
7,"Masten, Chris",15,6,12,27,1,0,0,1,6,1,5,1,0,0,0,8,20,0,0,1,0,0,87,10,"West Coast","2018",5
20,"McGovern, Jeremy",10,5,3,13,0,0,0,1,4,2,0,5,0,1,0,7,5,3,0,7,0,0,80,10,"West Coast","2018",5
9,"Naitanui, Nic",5,2,3,8,0,1,26,6,0,4,3,0,2,0,0,8,0,2,0,7,0,0,57,10,"West Coast","2018",5
30,"Nelson, Jackson",6,3,3,9,0,0,0,0,5,0,0,2,0,2,0,3,6,0,0,1,0,0,85,10,"West Coast","2018",5
8,"Redden, Jack",11,4,6,17,0,0,0,8,1,1,3,7,1,4,0,6,10,0,0,4,0,0,77,10,"West Coast","2018",5
44,"Rioli, Willie",10,2,6,16,1,3,0,2,0,6,1,3,1,2,0,10,8,0,1,3,0,0,80,10,"West Coast","2018",5
4,"Sheed, Dom",13,3,5,18,0,1,0,2,1,2,3,3,1,1,0,7,12,0,0,0,0,1,77,10,"West Coast","2018",5
5,"Sheppard, Brad",8,3,5,13,0,0,0,3,2,2,0,2,1,2,0,4,8,1,0,3,0,0,89,10,"West Coast","2018",5
13,"Shuey, Luke",12,3,12,24,1,0,0,6,3,5,2,3,0,3,0,10,13,0,0,1,0,0,86,10,"West Coast","2018",5
45,"Waterman, Jake",5,5,5,10,0,1,0,2,1,1,0,3,0,0,0,4,6,1,2,1,0,0,64,10,"West Coast","2018",5
6,"Yeo, Elliot",12,3,14,26,0,1,0,11,0,4,6,8,2,4,1,17,7,1,0,0,0,1,89,10,"West Coast","2018",5
0,"Rushed",0,0,0,0,0,4,0,0,0,0,0,0,0,0,0,0,0,0,0,0,0,0,0,10,"West Coast","2018",5
