"Number","Player","Kicks","Marks","Handballs","Disposals","Goals","Behinds","Hitouts","Tackles","Rebounds50s","Inside50s","Clearances","Clangers","FreesFor","FreesAgainst","BrownlowVotes","ContestedPossessions","UncontestedPossessions","ContestedMarks","MarksInside50","OnePercenters","Bounces","GoalAssists","PercentagePlayed","PointDifference","Team","Season","Round"
35,"Apeness, Michael",4,5,6,10,0,0,18,2,0,1,1,2,0,0,0,4,6,1,0,2,0,0,87,3,"Fremantle","2018",12
1,"Ballantyne, Hayden",8,6,2,10,1,2,0,4,0,2,1,4,0,2,0,3,7,0,3,1,0,0,61,3,"Fremantle","2018",12
41,"Banfield, Bailey",13,4,3,16,1,2,0,4,0,3,1,2,1,0,0,4,13,1,0,1,1,0,86,3,"Fremantle","2018",12
19,"Blakely, Connor",14,6,16,30,0,1,0,5,1,1,6,4,1,1,0,11,19,1,0,2,0,0,71,3,"Fremantle","2018",12
8,"Brayshaw, Andrew",4,0,16,20,0,0,0,2,1,0,2,3,1,0,0,8,14,0,0,3,0,0,74,3,"Fremantle","2018",12
5,"Cerra, Adam",19,6,11,30,0,0,0,4,2,8,2,2,1,1,3,12,21,2,0,3,0,1,81,3,"Fremantle","2018",12
36,"Cox, Brennan",9,7,10,19,4,0,0,5,0,2,0,4,1,1,1,11,9,2,4,2,0,0,95,3,"Fremantle","2018",12
42,"Giro, Stefan",7,2,11,18,0,0,0,2,0,1,1,2,0,0,0,4,14,0,0,1,0,0,68,3,"Fremantle","2018",12
21,"Hamling, Joel",10,11,10,20,0,0,0,1,5,0,0,0,2,0,2,10,13,2,0,15,0,0,94,3,"Fremantle","2018",12
40,"Jones, Scott",2,1,3,5,0,0,13,1,0,1,1,3,0,2,0,3,3,0,0,3,0,0,83,3,"Fremantle","2018",12
22,"Kersten, Shane",10,5,8,18,0,0,0,1,2,1,0,4,0,2,0,7,10,0,0,5,0,0,88,3,"Fremantle","2018",12
26,"Langdon, Ed",19,5,6,25,1,2,0,3,1,9,2,2,2,0,0,5,19,0,2,0,0,0,81,3,"Fremantle","2018",12
3,"Matera, Brandon",7,1,10,17,0,0,0,1,1,4,3,1,2,0,0,8,9,0,0,0,3,1,85,3,"Fremantle","2018",12
16,"Mundy, David",10,2,12,22,0,0,0,8,2,2,7,3,2,2,0,13,10,0,0,2,0,0,83,3,"Fremantle","2018",12
27,"Neale, Lachie",9,6,23,32,0,0,0,4,1,4,6,4,0,2,0,14,18,1,0,3,0,1,75,3,"Fremantle","2018",12
43,"Nyhuis, Ryan",17,9,4,21,0,0,0,0,4,0,0,1,1,0,0,6,15,1,0,1,0,0,78,3,"Fremantle","2018",12
25,"Pearce, Alex",12,5,5,17,0,0,0,3,1,0,0,4,0,0,0,3,14,1,0,3,0,0,87,3,"Fremantle","2018",12
38,"Ryan, Luke",14,9,9,23,0,0,0,6,8,0,1,4,2,2,0,6,14,1,0,2,0,0,88,3,"Fremantle","2018",12
11,"Sheridan, Tom",8,4,12,20,2,1,0,3,0,2,0,1,0,1,0,1,19,0,2,2,0,0,81,3,"Fremantle","2018",12
18,"Tucker, Darcy",6,2,9,15,1,1,0,1,0,0,0,1,1,0,0,5,9,0,1,0,0,0,66,3,"Fremantle","2018",12
10,"Walters, Michael",10,4,7,17,0,0,0,3,2,7,1,4,1,3,0,6,11,1,0,0,2,5,95,3,"Fremantle","2018",12
14,"Wilson, Nathan",18,6,4,22,0,0,0,1,5,2,0,3,0,0,0,7,16,1,0,8,0,0,84,3,"Fremantle","2018",12
0,"Rushed",0,0,0,0,0,2,0,0,0,0,0,0,0,0,0,0,0,0,0,0,0,0,0,3,"Fremantle","2018",12
21,"Atkins, Rory",5,2,9,14,0,0,0,0,3,0,3,2,0,1,0,7,8,0,0,2,1,0,85,-3,"Adelaide","2018",12
18,"Betts, Eddie",11,4,4,15,2,6,0,4,0,1,2,1,0,1,0,8,7,0,1,1,1,0,83,-3,"Adelaide","2018",12
16,"Brown, Luke",12,6,4,16,0,0,0,1,6,0,0,3,0,0,0,6,10,2,0,2,0,0,61,-3,"Adelaide","2018",12
5,"Crouch, Matt",11,2,14,25,0,0,0,0,1,3,3,2,0,0,0,6,19,0,0,0,4,1,81,-3,"Adelaide","2018",12
39,"Doedee, Tom",9,6,8,17,0,0,0,5,4,3,0,1,2,1,0,5,13,2,0,3,0,0,83,-3,"Adelaide","2018",12
26,"Douglas, Richard",16,4,4,20,1,0,0,2,1,5,4,3,3,2,0,10,10,0,0,1,0,0,75,-3,"Adelaide","2018",12
28,"Ellis-Yolmen, Cam",4,1,7,11,0,0,0,6,1,2,4,1,1,1,0,7,5,0,0,3,1,0,72,-3,"Adelaide","2018",12
32,"Fogarty, Darcy",7,0,1,8,0,1,0,2,0,3,0,1,2,1,0,4,4,0,0,2,0,1,87,-3,"Adelaide","2018",12
6,"Gibbs, Bryce",14,1,14,28,0,0,0,9,0,4,4,3,3,0,0,13,14,0,0,0,0,1,80,-3,"Adelaide","2018",12
20,"Gibson, Sam",18,7,5,23,1,0,0,1,3,0,2,2,2,1,0,8,16,0,0,0,1,0,84,-3,"Adelaide","2018",12
1,"Greenwood, Hugh",6,1,8,14,1,0,0,4,1,1,2,4,0,3,0,12,3,1,1,0,0,0,75,-3,"Adelaide","2018",12
15,"Hartigan, Kyle",7,7,4,11,0,0,0,2,2,1,0,1,0,0,0,2,9,1,0,7,0,0,85,-3,"Adelaide","2018",12
24,"Jacobs, Sam",4,2,4,8,0,0,41,2,2,2,1,0,0,0,0,4,4,1,0,2,0,0,88,-3,"Adelaide","2018",12
4,"Jenkins, Josh",9,8,7,16,2,0,1,1,0,3,0,1,0,0,0,3,12,0,2,2,0,2,88,-3,"Adelaide","2018",12
8,"Kelly, Jake",7,3,8,15,0,0,0,0,3,1,0,2,3,1,0,7,9,0,0,6,0,0,89,-3,"Adelaide","2018",12
14,"Mackay, David",7,2,9,16,0,0,0,3,3,2,2,3,0,1,0,4,11,0,0,2,1,1,84,-3,"Adelaide","2018",12
30,"Milera, Wayne",12,3,10,22,0,0,0,4,1,2,3,3,0,1,0,7,14,1,0,1,0,0,89,-3,"Adelaide","2018",12
44,"Murphy, Lachlan",8,3,4,12,0,0,0,4,0,2,0,5,1,1,0,5,7,0,0,1,2,0,71,-3,"Adelaide","2018",12
10,"Poholke, Myles",13,7,5,18,1,1,0,1,1,6,3,0,0,0,0,9,9,1,1,1,1,1,77,-3,"Adelaide","2018",12
11,"Seedsman, Paul",11,4,13,24,0,0,0,0,1,4,1,2,0,1,0,8,17,2,0,1,1,0,84,-3,"Adelaide","2018",12
12,"Talia, Daniel",8,4,8,16,0,0,0,2,2,3,0,2,1,1,0,11,7,1,0,10,0,0,95,-3,"Adelaide","2018",12
13,"Walker, Taylor",6,4,5,11,1,2,0,1,0,2,0,1,1,1,0,4,7,0,2,2,0,1,81,-3,"Adelaide","2018",12
0,"Rushed",0,0,0,0,0,4,0,0,0,0,0,0,0,0,0,0,0,0,0,0,0,0,0,-3,"Adelaide","2018",12
