"Number","Player","Kicks","Marks","Handballs","Disposals","Goals","Behinds","Hitouts","Tackles","Rebounds50s","Inside50s","Clearances","Clangers","FreesFor","FreesAgainst","BrownlowVotes","ContestedPossessions","UncontestedPossessions","ContestedMarks","MarksInside50","OnePercenters","Bounces","GoalAssists","PercentagePlayed","PointDifference","Team","Season","Round"
4,"Bontempelli, Marcus",15,5,15,30,0,2,0,7,2,7,4,0,2,0,3,11,18,1,2,1,0,1,84,21,"Western Bulldogs","2018",6
17,"Boyd, Tom",7,6,6,13,1,3,7,1,0,2,2,1,1,0,0,7,6,2,4,2,0,1,83,21,"Western Bulldogs","2018",6
12,"Cordy, Zaine",5,4,4,9,0,0,0,1,3,0,0,0,1,0,0,4,5,1,0,4,0,0,93,21,"Western Bulldogs","2018",6
9,"Crozier, Hayden",7,3,7,14,0,0,0,3,2,3,0,0,0,0,0,4,10,0,0,4,0,0,86,21,"Western Bulldogs","2018",6
6,"Dahlhaus, Luke",2,2,19,21,0,0,0,4,0,1,5,3,2,3,0,9,13,0,0,4,0,0,81,21,"Western Bulldogs","2018",6
31,"Dale, Bailey",5,1,9,14,1,2,0,3,0,2,0,2,1,2,0,6,7,1,1,3,0,2,83,21,"Western Bulldogs","2018",6
35,"Daniel, Caleb",11,6,9,20,1,1,0,3,2,0,2,2,0,1,0,7,12,0,1,0,1,0,87,21,"Western Bulldogs","2018",6
5,"Dunkley, Josh",7,3,8,15,0,1,0,6,2,2,1,1,0,0,0,5,10,1,0,1,0,0,66,21,"Western Bulldogs","2018",6
44,"English, Tim",1,0,9,10,0,0,15,2,0,2,1,3,0,2,0,6,5,0,0,4,0,0,77,21,"Western Bulldogs","2018",6
26,"Gowers, Billy",8,7,1,9,2,0,0,2,0,2,0,3,0,2,0,2,8,1,4,0,0,3,81,21,"Western Bulldogs","2018",6
7,"Hunter, Lachie",15,7,14,29,0,1,0,2,4,3,2,1,1,0,0,5,24,0,0,0,2,0,89,21,"Western Bulldogs","2018",6
39,"Johannisen, Jason",9,4,11,20,0,0,0,3,0,4,2,1,1,0,0,8,12,0,1,1,2,1,86,21,"Western Bulldogs","2018",6
46,"Jong, Lin",5,4,8,13,0,1,0,6,1,4,0,5,0,2,0,4,9,1,0,1,0,0,71,21,"Western Bulldogs","2018",6
27,"Lipinski, Patrick",6,3,9,15,3,0,0,1,1,0,1,2,1,0,0,5,10,0,1,1,0,0,63,21,"Western Bulldogs","2018",6
11,"Macrae, Jack",15,7,17,32,1,1,0,9,2,1,3,2,2,0,2,12,20,0,1,2,0,0,92,21,"Western Bulldogs","2018",6
16,"McLean, Toby",8,2,13,21,1,2,0,6,1,3,2,1,2,1,0,11,11,0,0,2,1,0,76,21,"Western Bulldogs","2018",6
33,"Naughton, Aaron",9,4,4,13,0,0,0,4,2,0,0,3,4,0,0,7,7,2,0,4,0,0,96,21,"Western Bulldogs","2018",6
20,"Richards, Ed",13,4,4,17,0,0,0,1,5,2,0,3,0,1,0,2,16,0,0,0,1,0,84,21,"Western Bulldogs","2018",6
1,"Suckling, Matt",9,6,16,25,0,0,0,1,1,5,2,2,1,2,0,4,22,0,0,2,2,0,81,21,"Western Bulldogs","2018",6
3,"Wallis, Mitch",10,4,11,21,1,0,0,6,1,1,4,1,2,0,0,8,13,0,0,0,0,0,80,21,"Western Bulldogs","2018",6
34,"Williams, Bailey",13,4,7,20,0,0,0,2,5,3,0,4,1,3,0,3,14,0,0,2,0,0,77,21,"Western Bulldogs","2018",6
10,"Wood, Easton",7,4,7,14,0,0,0,1,1,2,0,1,0,0,0,5,11,1,0,5,0,0,83,21,"Western Bulldogs","2018",6
0,"Totals",187,90,208,395,11,14,22,74,35,49,31,41,22,19,5,135,263,11,15,43,9,8,0,21,"Western Bulldogs","2018",6
41,"Casboult, Levi",7,6,3,10,2,3,6,1,1,0,0,1,0,1,0,5,5,2,4,1,0,0,89,-21,"Carlton","2018",6
9,"Cripps, Patrick",12,2,20,32,0,0,0,9,1,3,12,4,3,3,1,24,11,1,0,3,0,0,87,-21,"Carlton","2018",6
30,"Curnow, Charlie",13,11,6,19,1,4,0,1,1,5,0,7,0,3,0,8,13,3,4,3,0,0,87,-21,"Carlton","2018",6
35,"Curnow, Ed",10,2,11,21,0,0,0,7,3,3,2,3,1,2,0,7,15,0,0,2,0,1,81,-21,"Carlton","2018",6
2,"Dow, Paddy",8,4,6,14,0,1,0,1,0,4,3,2,0,0,0,9,8,0,1,0,0,0,69,-21,"Carlton","2018",6
25,"Fisher, Zac",17,2,11,28,1,1,0,5,1,4,7,4,3,0,0,12,16,0,1,0,0,0,81,-21,"Carlton","2018",6
14,"Jones, Liam",7,7,3,10,0,0,0,3,1,2,0,3,0,1,0,5,5,3,0,9,0,0,94,-21,"Carlton","2018",6
7,"Kennedy, Matthew",8,2,10,18,0,0,0,8,1,3,1,1,1,1,0,8,10,0,0,1,0,0,67,-21,"Carlton","2018",6
11,"Kerridge, Sam",14,7,14,28,0,1,0,4,6,3,1,6,2,2,0,12,16,0,2,1,0,1,86,-21,"Carlton","2018",6
22,"Marchbank, Caleb",5,2,6,11,0,0,0,2,2,0,1,7,1,3,0,5,6,0,0,5,0,0,87,-21,"Carlton","2018",6
10,"McKay, Harry",7,5,3,10,1,0,0,1,0,2,0,1,1,1,0,6,4,2,1,1,0,0,82,-21,"Carlton","2018",6
18,"Mullett, Aaron",5,2,3,8,0,0,0,2,2,1,0,1,0,0,0,0,7,0,0,2,0,0,74,-21,"Carlton","2018",6
4,"OBrien, Lochie",6,1,3,9,0,0,0,1,3,1,0,1,1,0,0,4,5,0,0,0,0,1,69,-21,"Carlton","2018",6
24,"OShea, Cameron",7,5,7,14,0,0,0,4,0,1,0,1,0,0,0,3,11,0,0,0,0,0,76,-21,"Carlton","2018",6
5,"Petrevski-Seton, Sam",10,2,4,14,0,1,0,5,1,0,0,1,1,1,0,2,10,0,0,1,0,0,69,-21,"Carlton","2018",6
34,"Phillips, Andrew",4,1,3,7,1,0,48,2,1,2,0,2,0,2,0,2,4,0,0,1,0,0,83,-21,"Carlton","2018",6
20,"Plowman, Lachie",7,5,1,8,0,0,0,2,1,0,0,0,0,0,0,2,6,1,0,5,0,0,95,-21,"Carlton","2018",6
17,"Rowe, Sam",5,1,1,6,0,0,0,1,2,1,0,2,2,0,0,4,2,0,0,6,0,0,96,-21,"Carlton","2018",6
1,"Silvagni, Jack",4,1,4,8,1,0,0,1,0,2,0,0,1,0,0,2,5,0,0,1,1,0,72,-21,"Carlton","2018",6
6,"Simpson, Kade",12,3,8,20,0,0,0,2,1,1,1,1,0,0,0,5,12,0,0,2,0,0,88,-21,"Carlton","2018",6
39,"Thomas, Dale",14,4,13,27,0,0,0,2,1,5,2,3,2,1,0,8,20,0,0,1,1,0,83,-21,"Carlton","2018",6
46,"Wright, Matthew",7,3,10,17,1,0,0,4,0,2,0,2,0,1,0,10,9,0,2,3,0,2,85,-21,"Carlton","2018",6
0,"Totals",189,78,150,339,8,11,54,68,29,45,30,53,19,22,1,143,200,12,15,48,2,5,0,-21,"Carlton","2018",6
