"Number","Player","Kicks","Marks","Handballs","Disposals","Goals","Behinds","Hitouts","Tackles","Rebounds50s","Inside50s","Clearances","Clangers","FreesFor","FreesAgainst","BrownlowVotes","ContestedPossessions","UncontestedPossessions","ContestedMarks","MarksInside50","OnePercenters","Bounces","GoalAssists","PercentagePlayed","PointDifference","Team","Season","Round"
28,"Cole, Tom",7,1,6,13,0,0,0,3,1,1,0,4,4,2,0,6,8,0,0,2,0,1,82,-28,"West Coast","2018",14
15,"Cripps, Jamie",9,5,7,16,2,1,0,5,0,5,2,0,1,0,0,6,11,0,1,0,1,0,84,-28,"West Coast","2018",14
14,"Duggan, Liam",14,6,3,17,0,0,0,3,3,1,0,2,3,0,0,3,14,0,0,6,0,0,86,-28,"West Coast","2018",14
3,"Gaff, Andrew",20,4,12,32,0,0,0,4,2,5,2,2,5,1,0,8,23,0,0,0,1,0,90,-28,"West Coast","2018",14
25,"Hurn, Shannon",15,9,9,24,0,0,0,1,6,2,0,3,2,1,0,4,15,2,0,5,0,0,89,-28,"West Coast","2018",14
34,"Hutchings, Mark",7,2,3,10,0,0,0,4,0,2,1,2,0,1,0,2,8,0,0,0,0,0,78,-28,"West Coast","2018",14
23,"Jetta, Lewis",11,5,8,19,0,0,0,1,2,4,1,2,0,0,0,6,14,0,0,1,0,2,86,-28,"West Coast","2018",14
2,"LeCras, Mark",7,4,4,11,1,2,0,1,0,2,0,1,1,1,0,4,7,0,2,0,0,1,85,-28,"West Coast","2018",14
29,"Lycett, Scott",5,2,9,14,0,2,15,1,1,1,3,3,1,1,0,10,4,0,0,2,0,0,81,-28,"West Coast","2018",14
7,"Masten, Chris",10,5,7,17,0,0,0,3,0,7,1,2,0,0,0,4,13,0,0,0,0,0,80,-28,"West Coast","2018",14
20,"McGovern, Jeremy",9,6,3,12,0,0,0,1,4,3,0,1,1,0,0,8,5,2,0,7,0,0,84,-28,"West Coast","2018",14
36,"McInnes, Fraser",8,4,0,8,0,3,0,1,0,2,0,1,0,0,0,4,3,2,1,3,0,0,70,-28,"West Coast","2018",14
9,"Naitanui, Nic",5,0,4,9,1,1,34,3,1,3,5,1,3,1,0,10,0,0,0,5,0,0,65,-28,"West Coast","2018",14
30,"Nelson, Jackson",6,3,0,6,0,1,0,1,0,0,0,1,0,0,0,2,4,0,1,0,0,0,82,-28,"West Coast","2018",14
8,"Redden, Jack",13,6,13,26,0,0,0,4,4,3,4,5,3,2,0,12,15,0,1,1,1,0,85,-28,"West Coast","2018",14
44,"Rioli, Willie",5,2,4,9,1,0,0,3,0,1,0,2,2,1,0,3,6,0,0,0,0,0,75,-28,"West Coast","2018",14
1,"Ryan, Liam",6,3,1,7,0,1,0,0,0,2,0,1,0,0,0,2,3,1,2,1,0,1,74,-28,"West Coast","2018",14
31,"Schofield, Will",5,4,2,7,0,0,0,2,1,2,1,4,1,1,0,1,6,0,0,11,0,0,90,-28,"West Coast","2018",14
5,"Sheppard, Brad",12,6,4,16,0,0,0,6,2,3,0,1,2,0,0,6,10,0,0,3,0,0,90,-28,"West Coast","2018",14
13,"Shuey, Luke",12,2,6,18,1,0,0,5,2,4,7,6,2,3,0,9,10,0,0,1,0,0,79,-28,"West Coast","2018",14
45,"Waterman, Jake",4,3,2,6,0,1,0,1,0,0,0,0,0,0,0,4,2,1,1,1,0,0,78,-28,"West Coast","2018",14
6,"Yeo, Elliot",13,5,9,22,0,1,0,12,1,6,5,4,2,2,0,13,14,0,0,2,0,0,88,-28,"West Coast","2018",14
0,"Rushed",0,0,0,0,0,3,0,0,0,0,0,0,0,0,0,0,0,0,0,0,0,0,0,-28,"West Coast","2018",14
12,"Baguley, Mark",8,7,5,13,1,0,0,3,1,4,0,4,0,4,0,5,9,1,1,0,0,0,83,28,"Essendon","2018",14
2,"Bellchambers, Tom",9,7,4,13,1,1,22,2,2,1,1,3,1,2,0,5,8,3,2,4,0,0,75,28,"Essendon","2018",14
28,"Brown, Mitch",10,9,2,12,1,0,0,2,0,2,0,3,2,3,0,3,9,1,3,1,0,0,94,28,"Essendon","2018",14
49,"Dea, Matt",12,8,3,15,0,0,0,2,5,0,0,1,0,0,0,3,12,1,0,0,0,0,86,28,"Essendon","2018",14
13,"Fantasia, Orazio",8,2,6,14,0,0,0,3,0,6,2,1,1,0,0,7,7,1,1,1,1,2,79,28,"Essendon","2018",14
9,"Goddard, Brendon",13,7,13,26,0,0,0,4,2,1,1,1,0,0,0,7,20,0,0,1,0,0,86,28,"Essendon","2018",14
15,"Green, Josh",3,2,1,4,0,1,0,3,0,1,1,4,0,4,0,2,3,0,0,0,0,1,67,28,"Essendon","2018",14
35,"Guelfi, Matt",8,1,5,13,1,0,0,6,0,2,1,4,0,1,0,6,8,0,0,0,0,1,75,28,"Essendon","2018",14
21,"Heppell, Dyson",15,11,12,27,0,0,0,2,1,4,6,4,0,2,0,10,17,1,0,2,1,0,87,28,"Essendon","2018",14
26,"Hooker, Cale",14,9,6,20,0,0,0,2,5,1,1,4,1,0,0,9,11,3,0,8,0,0,98,28,"Essendon","2018",14
18,"Hurley, Michael",18,11,4,22,0,0,0,0,8,1,1,3,0,2,0,3,19,0,0,4,0,0,91,28,"Essendon","2018",14
4,"Langford, Kyle",15,6,9,24,1,1,0,2,1,2,5,3,0,1,0,9,16,0,1,0,0,0,73,28,"Essendon","2018",14
43,"McDonald-Tipungwuti, Anthony",10,2,6,16,1,0,0,6,0,5,4,3,3,2,0,8,7,0,0,0,2,0,84,28,"Essendon","2018",14
1,"McGrath, Andrew",12,7,12,24,0,0,0,1,2,2,2,1,0,0,0,7,16,0,0,1,0,0,85,28,"Essendon","2018",14
45,"McKenna, Conor",12,3,3,15,0,0,0,4,4,2,0,4,0,2,0,3,12,0,0,3,4,1,82,28,"Essendon","2018",14
44,"McKernan, Shaun",6,4,2,8,0,0,8,3,0,0,0,4,1,3,0,4,5,0,0,4,0,0,84,28,"Essendon","2018",14
7,"Merrett, Zach",14,3,16,30,0,1,0,4,4,2,4,1,3,0,1,11,16,0,0,1,0,1,75,28,"Essendon","2018",14
23,"Myers, David",10,3,9,19,0,0,0,4,5,2,4,5,2,3,0,12,8,0,0,0,0,0,72,28,"Essendon","2018",14
27,"Redman, Mason",11,8,6,17,0,0,0,1,2,1,0,4,1,1,0,7,10,1,0,3,0,0,71,28,"Essendon","2018",14
42,"Saad, Adam",11,4,15,26,0,0,0,0,0,4,0,3,0,0,3,7,18,0,0,1,6,0,86,28,"Essendon","2018",14
5,"Smith, Devon",14,3,9,23,3,0,0,6,6,1,6,3,1,2,2,10,13,0,1,0,0,1,84,28,"Essendon","2018",14
25,"Stringer, Jake",8,4,3,11,3,2,0,1,0,1,1,3,1,1,0,5,6,1,3,0,0,1,83,28,"Essendon","2018",14
0,"Rushed",0,0,0,0,0,2,0,0,0,0,0,0,0,0,0,0,0,0,0,0,0,0,0,28,"Essendon","2018",14
