"Number","Player","Kicks","Marks","Handballs","Disposals","Goals","Behinds","Hitouts","Tackles","Rebounds50s","Inside50s","Clearances","Clangers","FreesFor","FreesAgainst","BrownlowVotes","ContestedPossessions","UncontestedPossessions","ContestedMarks","MarksInside50","OnePercenters","Bounces","GoalAssists","PercentagePlayed","PointDifference","Team","Season","Round"
10,"Bonar, Aiden",6,5,3,9,2,2,0,4,0,1,0,1,1,1,0,4,5,1,3,0,0,0,70,14,"Greater Western Sydney","2018",21
21,"Buntine, Matt",3,2,1,4,0,0,0,1,1,0,0,5,0,3,0,2,2,0,0,4,0,0,84,14,"Greater Western Sydney","2018",21
18,"Cameron, Jeremy",11,5,4,15,2,1,0,0,0,0,0,2,1,1,0,8,8,1,1,1,0,0,95,14,"Greater Western Sydney","2018",21
3,"Coniglio, Stephen",12,1,7,19,2,0,0,5,0,2,6,5,1,4,0,10,8,0,0,1,0,1,89,14,"Greater Western Sydney","2018",21
16,"Daniels, Brent",5,2,6,11,0,1,0,5,0,4,1,1,0,0,0,6,5,0,0,1,0,2,73,14,"Greater Western Sydney","2018",21
1,"Davis, Phil",8,9,9,17,0,0,0,2,3,1,0,1,2,0,0,4,13,0,0,4,0,0,97,14,"Greater Western Sydney","2018",21
32,"Griffen, Ryan",7,2,3,10,1,2,0,4,0,0,0,4,0,2,0,2,8,0,0,2,0,1,81,14,"Greater Western Sydney","2018",21
19,"Haynes, Nick",16,8,6,22,0,0,0,1,5,4,0,1,2,0,0,6,15,1,0,1,0,0,89,14,"Greater Western Sydney","2018",21
27,"Himmelberg, Harry",10,6,8,18,2,2,1,5,0,2,1,1,2,0,0,11,9,1,4,3,0,1,85,14,"Greater Western Sydney","2018",21
2,"Hopper, Jacob",12,2,5,17,2,0,0,6,0,0,5,6,1,2,0,8,8,0,0,1,0,0,81,14,"Greater Western Sydney","2018",21
25,"Keeffe, Lachlan",4,2,6,10,0,0,0,1,2,0,0,1,0,0,0,4,6,0,0,3,0,0,85,14,"Greater Western Sydney","2018",21
22,"Kelly, Josh",10,0,7,17,1,0,0,4,1,5,4,1,1,0,0,7,10,0,0,1,0,0,53,14,"Greater Western Sydney","2018",21
40,"Kennedy, Adam",9,5,4,13,0,0,0,1,4,3,1,2,0,1,0,2,10,0,0,2,0,0,86,14,"Greater Western Sydney","2018",21
17,"Langdon, Zac",5,3,8,13,0,0,0,6,1,2,3,1,0,0,0,5,8,0,0,0,0,1,80,14,"Greater Western Sydney","2018",21
37,"Lobb, Rory",12,3,3,15,1,1,40,8,1,4,1,0,1,0,0,10,6,2,0,6,0,0,91,14,"Greater Western Sydney","2018",21
50,"Reid, Sam",5,1,2,7,0,1,0,1,0,3,0,2,1,2,0,5,2,0,0,2,0,0,40,14,"Greater Western Sydney","2018",21
23,"Shaw, Heath",15,7,5,20,0,0,0,2,7,2,0,5,0,2,0,6,11,0,0,5,1,1,79,14,"Greater Western Sydney","2018",21
5,"Shiel, Dylan",18,3,6,24,1,0,0,5,2,1,6,2,1,0,0,13,12,0,0,1,0,0,89,14,"Greater Western Sydney","2018",21
14,"Taranto, Tim",11,2,5,16,0,1,0,10,0,4,3,3,1,0,0,9,7,1,0,3,0,2,90,14,"Greater Western Sydney","2018",21
20,"Tomlinson, Adam",8,1,4,12,0,0,3,4,2,3,1,1,0,0,0,6,7,0,0,1,0,0,92,14,"Greater Western Sydney","2018",21
8,"Ward, Callan",12,1,15,27,0,0,0,4,1,4,5,2,2,2,2,16,12,0,0,2,0,0,88,14,"Greater Western Sydney","2018",21
6,"Whitfield, Lachie",23,11,7,30,1,1,0,3,6,5,2,3,0,0,3,4,24,0,1,1,2,1,83,14,"Greater Western Sydney","2018",21
0,"Rushed",0,0,0,0,0,4,0,0,0,0,0,0,0,0,0,0,0,0,0,0,0,0,0,14,"Greater Western Sydney","2018",21
21,"Atkins, Rory",7,2,3,10,0,1,0,1,0,4,1,0,0,0,0,3,6,0,0,0,0,0,83,-14,"Adelaide","2018",21
18,"Betts, Eddie",6,1,3,9,1,1,0,0,0,2,1,3,1,1,0,5,3,0,0,0,0,0,82,-14,"Adelaide","2018",21
16,"Brown, Luke",10,3,2,12,0,0,0,2,2,5,0,1,1,0,0,3,7,0,0,3,0,0,80,-14,"Adelaide","2018",21
25,"Cheney, Kyle",7,4,6,13,0,0,0,1,2,1,1,2,1,1,0,5,8,1,0,6,0,0,82,-14,"Adelaide","2018",21
5,"Crouch, Matt",18,5,12,30,0,0,0,3,4,3,3,3,1,0,0,13,16,0,0,2,0,0,78,-14,"Adelaide","2018",21
39,"Doedee, Tom",5,7,7,12,0,0,0,5,1,1,0,3,1,3,0,3,11,0,0,4,0,1,86,-14,"Adelaide","2018",21
26,"Douglas, Richard",9,2,7,16,1,0,0,3,2,3,2,3,0,1,0,4,12,0,0,0,1,0,84,-14,"Adelaide","2018",21
28,"Ellis-Yolmen, Cam",4,1,11,15,0,0,0,2,0,2,5,0,0,0,0,9,6,0,0,1,0,0,61,-14,"Adelaide","2018",21
7,"Gallucci, Jordan",10,3,1,11,0,0,0,3,0,1,1,2,0,0,0,3,7,0,1,0,0,1,75,-14,"Adelaide","2018",21
6,"Gibbs, Bryce",13,2,7,20,2,1,0,7,1,3,3,6,2,2,0,10,12,0,1,1,0,1,83,-14,"Adelaide","2018",21
1,"Greenwood, Hugh",5,0,5,10,0,1,0,4,0,1,3,1,1,1,0,9,3,0,0,1,0,0,68,-14,"Adelaide","2018",21
24,"Jacobs, Sam",6,4,7,13,0,1,55,1,1,1,3,5,0,2,0,8,5,2,0,7,0,0,85,-14,"Adelaide","2018",21
4,"Jenkins, Josh",8,4,3,11,3,2,8,7,0,3,1,3,0,2,0,4,7,1,2,1,0,1,89,-14,"Adelaide","2018",21
42,"Keath, Alex",6,2,5,11,0,0,0,2,2,1,2,3,0,1,0,9,2,1,0,9,0,0,92,-14,"Adelaide","2018",21
29,"Laird, Rory",16,6,9,25,0,0,0,3,3,1,0,4,3,0,0,5,16,0,0,0,0,1,88,-14,"Adelaide","2018",21
27,"Lynch, Tom",12,10,10,22,2,1,0,0,0,0,1,1,1,0,0,8,14,2,4,0,0,2,85,-14,"Adelaide","2018",21
14,"Mackay, David",12,2,5,17,1,1,0,2,1,3,1,1,3,0,0,7,13,0,0,1,0,0,81,-14,"Adelaide","2018",21
30,"Milera, Wayne",12,6,5,17,0,0,0,3,4,2,0,1,0,0,0,2,14,0,0,4,0,0,87,-14,"Adelaide","2018",21
44,"Murphy, Lachlan",5,2,2,7,2,1,0,3,0,2,0,1,1,0,0,4,4,0,1,0,1,0,79,-14,"Adelaide","2018",21
9,"Sloane, Rory",16,3,8,24,0,1,0,6,1,7,12,2,4,1,0,16,9,0,0,3,0,0,78,-14,"Adelaide","2018",21
33,"Smith, Brodie",12,6,17,29,0,0,0,4,6,3,1,3,0,1,1,14,17,0,0,5,2,0,88,-14,"Adelaide","2018",21
13,"Walker, Taylor",5,4,1,6,1,1,0,3,0,2,0,1,0,1,0,2,4,2,1,2,0,0,86,-14,"Adelaide","2018",21
0,"Rushed",0,0,0,0,0,2,0,0,0,0,0,0,0,0,0,0,0,0,0,0,0,0,0,-14,"Adelaide","2018",21
