"Number","Player","Kicks","Marks","Handballs","Disposals","Goals","Behinds","Hitouts","Tackles","Rebounds50s","Inside50s","Clearances","Clangers","FreesFor","FreesAgainst","BrownlowVotes","ContestedPossessions","UncontestedPossessions","ContestedMarks","MarksInside50","OnePercenters","Bounces","GoalAssists","PercentagePlayed","PointDifference","Team","Season","Round"
3,"Coniglio, Stephen",21,4,9,30,1,1,0,6,2,4,7,6,3,3,0,13,17,0,0,0,0,1,86,11,"Greater Western Sydney","2018",15
35,"Corr, Aidan",11,3,4,15,0,0,0,1,5,3,1,2,3,1,0,9,6,1,0,10,0,0,85,11,"Greater Western Sydney","2018",15
1,"Davis, Phil",7,5,11,18,0,0,0,3,3,1,0,5,1,1,0,7,11,1,0,11,0,0,97,11,"Greater Western Sydney","2018",15
24,"de Boer, Matt",5,3,6,11,1,1,0,7,0,2,0,1,0,0,0,5,7,0,1,1,0,1,84,11,"Greater Western Sydney","2018",15
31,"Finlayson, Jeremy",12,5,2,14,0,0,0,0,2,3,0,5,1,4,0,5,10,1,0,2,0,0,71,11,"Greater Western Sydney","2018",15
32,"Griffen, Ryan",5,1,10,15,1,0,0,3,0,1,3,2,0,2,0,10,6,0,0,3,0,1,81,11,"Greater Western Sydney","2018",15
19,"Haynes, Nick",15,7,5,20,0,0,0,3,10,2,0,1,0,0,1,11,9,3,0,1,1,0,86,11,"Greater Western Sydney","2018",15
27,"Himmelberg, Harry",10,4,11,21,1,0,0,3,1,6,1,5,2,3,0,13,8,2,1,1,0,1,86,11,"Greater Western Sydney","2018",15
2,"Hopper, Jacob",11,1,9,20,1,1,0,8,2,1,5,6,1,3,0,11,10,0,0,2,0,0,76,11,"Greater Western Sydney","2018",15
22,"Kelly, Josh",15,1,14,29,0,0,0,7,2,6,3,2,3,0,0,13,16,0,0,0,0,0,83,11,"Greater Western Sydney","2018",15
17,"Langdon, Zac",4,1,3,7,0,0,0,1,0,3,0,1,0,0,0,3,4,0,0,2,0,1,69,11,"Greater Western Sydney","2018",15
37,"Lobb, Rory",7,3,2,9,3,1,1,1,0,2,0,1,2,1,0,5,4,1,1,0,0,0,67,11,"Greater Western Sydney","2018",15
12,"Patton, Jonathon",6,5,4,10,1,3,8,1,0,0,2,4,1,1,0,8,3,2,5,3,0,0,87,11,"Greater Western Sydney","2018",15
50,"Reid, Sam",8,3,8,16,0,2,0,6,0,5,0,1,0,1,0,7,11,0,0,2,0,1,78,11,"Greater Western Sydney","2018",15
23,"Shaw, Heath",7,1,4,11,0,0,0,5,1,0,0,3,0,2,0,1,9,0,0,0,0,0,92,11,"Greater Western Sydney","2018",15
5,"Shiel, Dylan",15,3,13,28,1,1,0,0,0,4,8,1,1,0,0,12,14,0,1,1,0,1,78,11,"Greater Western Sydney","2018",15
26,"Simpson, Dawson",2,0,7,9,0,1,32,1,0,1,5,1,3,0,0,7,2,0,0,0,0,0,80,11,"Greater Western Sydney","2018",15
14,"Taranto, Tim",9,0,11,20,0,1,0,4,0,1,1,3,3,1,0,8,12,0,0,0,0,0,81,11,"Greater Western Sydney","2018",15
15,"Taylor, Sam",5,3,5,10,0,0,0,1,1,1,0,1,1,1,0,5,5,1,0,0,0,0,81,11,"Greater Western Sydney","2018",15
20,"Tomlinson, Adam",12,3,6,18,0,1,0,3,2,2,3,5,0,2,0,10,10,0,0,2,0,1,82,11,"Greater Western Sydney","2018",15
8,"Ward, Callan",14,4,18,32,2,0,1,6,0,6,11,2,1,1,3,18,15,0,1,1,1,0,82,11,"Greater Western Sydney","2018",15
6,"Whitfield, Lachie",11,5,14,25,1,0,0,2,0,2,1,4,0,2,0,9,17,0,0,1,0,0,89,11,"Greater Western Sydney","2018",15
0,"Rushed",0,0,0,0,0,4,0,0,0,0,0,0,0,0,0,0,0,0,0,0,0,0,0,11,"Greater Western Sydney","2018",15
22,"Breust, Luke",11,7,3,14,3,2,0,6,2,3,1,0,1,0,0,6,8,1,3,1,0,1,83,-11,"Hawthorn","2018",15
5,"Burton, Ryan",13,2,5,18,0,1,0,3,3,1,1,4,0,0,0,10,7,0,0,2,0,0,85,-11,"Hawthorn","2018",15
18,"Ceglar, Jonathon",4,4,11,15,2,0,14,1,0,2,1,7,2,3,0,9,6,1,0,4,0,0,76,-11,"Hawthorn","2018",15
8,"Duryea, Taylor",5,3,3,8,0,0,0,8,0,2,0,2,0,1,0,1,6,0,1,1,0,1,84,-11,"Hawthorn","2018",15
12,"Frawley, James",8,3,4,12,0,0,0,2,3,3,0,4,0,2,0,3,9,0,0,8,0,0,97,-11,"Hawthorn","2018",15
44,"Glass, Conor",7,4,4,11,0,0,0,6,3,2,0,3,1,2,0,2,10,0,0,3,0,0,71,-11,"Hawthorn","2018",15
15,"Hardwick, Blake",7,2,13,20,0,0,0,6,0,0,1,1,1,0,0,10,11,1,0,10,0,0,83,-11,"Hawthorn","2018",15
31,"Henderson, Ricky",7,3,6,13,1,0,0,1,2,1,1,1,2,0,0,5,9,0,0,1,1,0,63,-11,"Hawthorn","2018",15
17,"Howe, Daniel",8,3,6,14,0,0,0,4,3,0,1,4,1,2,0,7,8,0,0,2,0,0,80,-11,"Hawthorn","2018",15
4,"Impey, Jarman",13,7,2,15,0,0,0,5,3,3,0,4,4,4,0,4,14,0,0,2,1,0,86,-11,"Hawthorn","2018",15
29,"Langford, Will",3,2,2,5,0,0,0,0,0,2,1,3,1,1,0,3,2,0,0,0,0,1,45,-11,"Hawthorn","2018",15
7,"McEvoy, Ben",2,2,4,6,1,0,29,6,0,0,1,4,0,2,0,2,3,0,1,3,0,0,83,-11,"Hawthorn","2018",15
3,"Mitchell, Tom",18,9,32,50,0,0,0,13,3,7,9,3,4,2,2,18,31,0,0,0,4,1,93,-11,"Hawthorn","2018",15
35,"Morrison, Harry",4,2,4,8,0,0,0,6,2,0,0,0,1,0,0,4,5,0,0,1,0,0,68,-11,"Hawthorn","2018",15
23,"OBrien, Tim",11,5,4,15,0,0,0,0,3,0,0,2,0,0,0,2,13,0,0,5,0,0,84,-11,"Hawthorn","2018",15
10,"OMeara, Jaeger",11,4,13,24,0,0,0,10,2,4,3,4,1,2,0,7,16,0,0,0,0,1,84,-11,"Hawthorn","2018",15
28,"Puopolo, Paul",7,3,3,10,2,1,0,10,0,4,0,0,1,0,0,4,4,0,0,1,0,2,84,-11,"Hawthorn","2018",15
2,"Roughead, Jarryd",8,2,6,14,2,0,0,4,1,1,1,5,0,3,0,7,5,0,1,4,0,1,93,-11,"Hawthorn","2018",15
26,"Shiels, Liam",6,2,13,19,0,0,0,6,0,1,3,1,3,0,0,9,11,0,0,0,0,0,86,-11,"Hawthorn","2018",15
6,"Sicily, James",15,3,9,24,1,1,0,3,3,3,0,5,3,0,0,9,17,0,1,4,1,0,91,-11,"Hawthorn","2018",15
16,"Smith, Isaac",18,6,8,26,1,1,0,4,0,8,3,3,2,1,0,7,16,0,0,0,3,1,87,-11,"Hawthorn","2018",15
24,"Stratton, Ben",10,3,7,17,0,0,0,4,2,0,1,2,2,1,0,6,7,0,0,10,0,0,94,-11,"Hawthorn","2018",15
0,"Totals",196,81,162,358,13,6,43,108,35,47,28,62,30,26,2,135,218,3,7,62,10,9,0,-11,"Hawthorn","2018",15
