"Number","Player","Kicks","Marks","Handballs","Disposals","Goals","Behinds","Hitouts","Tackles","Rebounds50s","Inside50s","Clearances","Clangers","FreesFor","FreesAgainst","BrownlowVotes","ContestedPossessions","UncontestedPossessions","ContestedMarks","MarksInside50","OnePercenters","Bounces","GoalAssists","PercentagePlayed","PointDifference","Team","Season","Round"
32,"Bugg, Tomas",9,3,7,16,4,1,0,3,0,3,2,5,2,2,0,7,10,1,2,2,0,0,76,37,"Melbourne","2018",3
31,"Fritsch, Bayley",7,4,4,11,1,0,0,0,0,3,0,0,0,0,0,3,8,0,0,0,0,1,74,37,"Melbourne","2018",3
17,"Frost, Sam",6,6,3,9,0,0,0,1,6,1,0,3,0,2,0,4,4,2,0,5,0,0,85,37,"Melbourne","2018",3
36,"Garlett, Jeff",6,2,5,11,3,1,0,3,0,1,1,1,0,0,0,5,6,0,2,0,0,0,85,37,"Melbourne","2018",3
11,"Gawn, Max",8,6,10,18,0,0,50,3,0,3,0,6,2,4,3,7,11,1,0,2,0,2,87,37,"Melbourne","2018",3
4,"Harmes, James",9,2,8,17,0,0,2,6,2,2,2,3,1,0,0,9,8,0,0,2,0,0,77,37,"Melbourne","2018",3
14,"Hibberd, Michael",10,6,8,18,0,0,0,1,3,3,1,1,0,0,0,7,10,1,0,2,1,0,86,37,"Melbourne","2018",3
1,"Hogan, Jesse",17,7,9,26,1,2,0,1,0,5,0,1,5,1,1,12,15,2,2,1,0,0,95,37,"Melbourne","2018",3
39,"Jetta, Neville",3,1,9,12,0,0,0,2,0,0,0,0,2,0,0,6,6,0,0,2,0,0,74,37,"Melbourne","2018",3
2,"Jones, Nathan",14,4,11,25,1,1,0,7,0,4,5,3,1,2,0,11,16,0,1,1,0,3,82,37,"Melbourne","2018",3
16,"Kent, Dean",12,5,8,20,3,2,0,1,1,3,1,4,1,2,0,9,12,0,2,3,0,2,76,37,"Melbourne","2018",3
8,"Lever, Jake",14,6,6,20,0,0,0,0,4,1,0,5,0,2,0,6,15,0,0,3,0,0,97,37,"Melbourne","2018",3
6,"Lewis, Jordan",12,4,15,27,1,0,0,0,2,4,2,2,1,1,0,7,23,0,1,3,0,2,80,37,"Melbourne","2018",3
28,"McDonald, Oscar",4,1,2,6,0,0,0,1,2,1,0,3,0,3,0,4,2,0,0,7,0,0,97,37,"Melbourne","2018",3
18,"Melksham, Jake",12,7,4,16,0,2,0,1,1,6,0,3,0,0,0,6,9,1,1,1,0,1,65,37,"Melbourne","2018",3
30,"Neal-Bullen, Alex",11,5,8,19,0,0,0,4,0,4,1,4,1,0,0,9,11,0,1,0,0,1,73,37,"Melbourne","2018",3
13,"Oliver, Clayton",7,2,13,20,2,0,0,6,1,2,5,4,2,1,0,10,9,1,0,0,0,0,85,37,"Melbourne","2018",3
5,"Petracca, Christian",14,6,11,25,1,1,0,2,0,6,3,2,1,0,2,8,16,1,2,3,1,1,87,37,"Melbourne","2018",3
3,"Salem, Christian",15,4,5,20,0,1,0,6,1,6,8,2,2,2,0,12,7,1,0,1,0,0,79,37,"Melbourne","2018",3
12,"Tyson, Dom",15,8,10,25,0,1,0,2,0,2,2,4,0,1,0,7,18,0,1,2,0,0,79,37,"Melbourne","2018",3
23,"Vince, Bernie",16,2,7,23,1,0,0,2,2,4,3,2,2,0,0,7,14,0,0,1,0,0,86,37,"Melbourne","2018",3
42,"Wagner, Josh",10,3,5,15,0,1,0,7,2,2,1,0,2,0,0,5,12,0,0,5,0,1,76,37,"Melbourne","2018",3
0,"Rushed",0,0,0,0,0,2,0,0,0,0,0,0,0,0,0,0,0,0,0,0,0,0,0,37,"Melbourne","2018",3
3,"Anderson, Jed",5,2,3,8,0,0,0,4,0,2,3,0,2,0,0,5,4,1,0,2,0,0,68,-37,"North Melbourne","2018",3
18,"Atley, Shaun",11,4,5,16,0,1,0,2,3,5,1,1,1,0,0,5,11,0,0,0,1,1,81,-37,"North Melbourne","2018",3
50,"Brown, Ben",10,5,1,11,4,1,3,1,0,2,1,3,3,0,0,7,4,3,2,2,0,1,100,-37,"North Melbourne","2018",3
13,"Clarke, Ryan",9,2,11,20,0,0,0,3,3,3,0,3,0,0,0,6,13,0,0,2,0,1,89,-37,"North Melbourne","2018",3
10,"Cunnington, Ben",14,6,11,25,2,0,0,3,3,1,11,7,2,4,0,16,10,0,1,1,0,0,76,-37,"North Melbourne","2018",3
9,"Davies-Uniacke, Luke",5,2,2,7,0,0,0,1,0,2,0,2,0,1,0,2,4,1,0,0,0,0,54,-37,"North Melbourne","2018",3
1,"Daw, Majak",6,6,1,7,0,0,3,7,2,0,0,2,0,1,0,5,2,5,0,6,0,0,90,-37,"North Melbourne","2018",3
14,"Dumont, Trent",13,4,10,23,0,0,0,4,3,5,2,5,1,2,0,8,13,0,0,2,0,0,79,-37,"North Melbourne","2018",3
22,"Goldstein, Todd",8,2,5,13,1,0,15,1,1,1,5,3,4,3,0,8,4,0,0,3,0,1,84,-37,"North Melbourne","2018",3
39,"Hartung, Billy",7,2,11,18,1,0,0,1,1,1,2,2,1,0,0,7,11,0,0,1,9,0,79,-37,"North Melbourne","2018",3
4,"Higgins, Shaun",12,3,11,23,0,1,0,3,1,7,5,1,1,0,0,7,14,0,0,0,0,1,88,-37,"North Melbourne","2018",3
8,"Hrovat, Nathan",2,2,6,8,0,1,0,1,0,0,0,0,0,0,0,5,5,0,0,2,0,1,67,-37,"North Melbourne","2018",3
5,"Jacobs, Ben",4,6,11,15,0,0,0,10,1,3,2,3,0,2,0,7,9,0,0,0,1,0,80,-37,"North Melbourne","2018",3
34,"Macmillan, Jamie",6,1,9,15,0,0,0,5,4,1,1,2,0,1,0,5,11,0,0,5,1,0,88,-37,"North Melbourne","2018",3
11,"McDonald, Luke",13,8,8,21,0,0,0,1,5,2,0,5,0,1,0,6,14,2,0,3,0,1,92,-37,"North Melbourne","2018",3
12,"Simpkin, Jy",5,1,6,11,1,0,0,1,1,1,1,1,3,0,0,7,4,0,1,2,2,1,72,-37,"North Melbourne","2018",3
16,"Thompson, Scott",8,6,5,13,0,0,0,2,4,1,0,4,1,3,0,3,10,1,0,4,0,0,90,-37,"North Melbourne","2018",3
28,"Turner, Kayne",2,1,4,6,0,0,0,2,0,0,0,4,1,2,0,5,2,1,0,2,0,0,72,-37,"North Melbourne","2018",3
33,"Vickers-Willis, Ed",7,1,5,12,0,0,0,1,3,1,0,2,1,1,0,3,8,0,0,5,0,0,92,-37,"North Melbourne","2018",3
30,"Waite, Jarrad",8,3,2,10,3,1,3,3,0,0,0,6,1,2,0,1,10,0,2,1,1,0,92,-37,"North Melbourne","2018",3
2,"Williams, Marley",4,1,6,10,0,0,0,3,5,0,1,2,0,0,0,3,9,0,0,4,0,0,83,-37,"North Melbourne","2018",3
7,"Ziebell, Jack",17,6,5,22,1,2,0,3,1,7,1,5,1,2,0,5,16,1,1,3,0,1,84,-37,"North Melbourne","2018",3
0,"Rushed",0,0,0,0,0,1,0,0,0,0,0,0,0,0,0,0,0,0,0,0,0,0,0,-37,"North Melbourne","2018",3
