"Number","Player","Kicks","Marks","Handballs","Disposals","Goals","Behinds","Hitouts","Tackles","Rebounds50s","Inside50s","Clearances","Clangers","FreesFor","FreesAgainst","BrownlowVotes","ContestedPossessions","UncontestedPossessions","ContestedMarks","MarksInside50","OnePercenters","Bounces","GoalAssists","PercentagePlayed","PointDifference","Team","Season","Round"
22,"Breust, Luke",13,3,6,19,4,0,0,9,3,6,3,2,1,1,1,10,8,0,2,3,1,1,88,67,"Hawthorn","2018",4
8,"Duryea, Taylor",12,4,6,18,0,0,0,2,3,1,0,1,0,1,0,7,11,1,0,2,0,0,93,67,"Hawthorn","2018",4
12,"Frawley, James",3,1,2,5,0,0,0,3,0,3,0,2,1,0,0,3,2,1,0,2,0,0,53,67,"Hawthorn","2018",4
44,"Glass, Conor",7,0,4,11,0,0,0,3,3,1,1,1,1,0,0,7,3,0,0,2,0,0,87,67,"Hawthorn","2018",4
19,"Gunston, Jack",15,6,4,19,2,0,0,8,1,4,2,2,1,0,0,6,11,0,1,4,0,0,87,67,"Hawthorn","2018",4
15,"Hardwick, Blake",7,1,5,12,0,0,0,3,3,2,0,9,1,6,0,6,8,0,0,2,0,0,90,67,"Hawthorn","2018",4
31,"Henderson, Ricky",9,5,9,18,1,1,0,8,0,2,1,5,1,3,0,6,14,1,1,2,0,0,85,67,"Hawthorn","2018",4
17,"Howe, Daniel",8,4,8,16,0,0,0,9,2,2,6,2,1,1,0,7,9,0,0,2,0,0,78,67,"Hawthorn","2018",4
4,"Impey, Jarman",17,5,6,23,0,2,0,3,2,4,6,5,1,2,0,13,9,2,2,0,0,0,83,67,"Hawthorn","2018",4
7,"McEvoy, Ben",0,1,6,6,0,0,27,3,1,0,1,0,0,0,0,3,4,0,0,7,0,0,84,67,"Hawthorn","2018",4
32,"Mirra, David",13,3,5,18,0,0,0,1,6,4,1,4,0,2,0,7,13,1,0,12,0,1,91,67,"Hawthorn","2018",4
3,"Mitchell, Tom",11,0,13,24,0,0,0,5,0,5,14,3,4,0,0,17,7,0,0,0,0,0,89,67,"Hawthorn","2018",4
35,"Morrison, Harry",11,3,7,18,0,0,0,5,2,2,4,2,1,0,0,10,9,0,0,5,0,0,76,67,"Hawthorn","2018",4
23,"OBrien, Tim",11,5,3,14,3,0,4,4,0,1,0,4,0,1,0,5,8,2,2,4,0,0,83,67,"Hawthorn","2018",4
10,"OMeara, Jaeger",17,3,9,26,2,0,0,9,5,4,5,3,3,1,2,15,9,0,0,1,0,0,81,67,"Hawthorn","2018",4
28,"Puopolo, Paul",3,2,6,9,1,0,0,8,1,0,0,1,1,0,0,4,5,0,1,0,0,0,61,67,"Hawthorn","2018",4
33,"Rioli, Cyril",3,0,3,6,0,0,0,3,0,2,1,2,0,0,0,6,1,0,0,2,0,1,40,67,"Hawthorn","2018",4
2,"Roughead, Jarryd",11,4,4,15,3,1,3,4,0,3,0,4,2,1,0,6,7,0,2,3,0,0,90,67,"Hawthorn","2018",4
26,"Shiels, Liam",20,0,11,31,0,0,0,14,0,6,8,7,2,1,3,13,14,0,0,1,2,2,84,67,"Hawthorn","2018",4
6,"Sicily, James",13,5,10,23,0,0,0,1,7,0,2,3,3,1,0,10,13,1,0,6,0,0,92,67,"Hawthorn","2018",4
16,"Smith, Isaac",13,1,9,22,2,1,0,5,0,2,1,5,2,1,0,5,17,0,0,3,2,1,86,67,"Hawthorn","2018",4
24,"Stratton, Ben",6,2,4,10,0,0,0,3,0,0,0,4,1,2,0,3,5,1,0,9,0,0,98,67,"Hawthorn","2018",4
0,"Rushed",0,0,0,0,0,2,0,0,0,0,0,0,0,0,0,0,0,0,0,0,0,0,0,67,"Hawthorn","2018",4
10,"Brayshaw, Angus",8,2,11,19,0,1,0,4,1,5,3,3,1,1,0,8,11,0,0,2,0,2,71,-67,"Melbourne","2018",4
32,"Bugg, Tomas",10,4,9,19,0,4,0,6,2,3,2,4,3,2,0,10,11,0,1,2,0,0,78,-67,"Melbourne","2018",4
31,"Fritsch, Bayley",5,1,9,14,0,1,0,3,0,4,1,2,1,1,0,8,5,0,0,5,1,0,78,-67,"Melbourne","2018",4
17,"Frost, Sam",8,3,4,12,0,0,2,1,2,1,0,6,1,4,0,8,5,0,0,7,0,0,77,-67,"Melbourne","2018",4
36,"Garlett, Jeff",2,0,3,5,0,1,0,4,0,0,0,0,1,0,0,2,3,0,0,1,0,0,88,-67,"Melbourne","2018",4
11,"Gawn, Max",11,5,5,16,0,1,66,1,6,1,4,2,1,1,0,7,8,3,1,6,0,0,84,-67,"Melbourne","2018",4
4,"Harmes, James",4,2,5,9,0,1,3,3,1,0,1,2,1,2,0,6,5,0,0,3,0,0,71,-67,"Melbourne","2018",4
14,"Hibberd, Michael",8,2,10,18,0,0,0,4,2,2,2,0,0,0,0,8,10,0,0,6,0,0,81,-67,"Melbourne","2018",4
1,"Hogan, Jesse",12,3,12,24,1,1,0,2,0,4,1,3,1,0,0,9,16,0,0,3,0,0,85,-67,"Melbourne","2018",4
39,"Jetta, Neville",4,1,2,6,0,0,0,2,1,0,1,1,1,1,0,2,3,0,0,4,0,0,63,-67,"Melbourne","2018",4
2,"Jones, Nathan",8,0,12,20,0,0,0,2,0,3,3,3,0,2,0,10,10,0,0,3,0,0,87,-67,"Melbourne","2018",4
16,"Kent, Dean",11,3,6,17,3,0,0,5,1,2,0,3,4,1,0,7,10,0,0,2,0,0,84,-67,"Melbourne","2018",4
8,"Lever, Jake",10,6,5,15,0,0,0,0,2,2,0,5,0,1,0,9,9,1,0,11,1,0,98,-67,"Melbourne","2018",4
6,"Lewis, Jordan",9,3,5,14,0,0,0,3,1,3,3,6,1,1,0,7,7,0,0,3,0,0,84,-67,"Melbourne","2018",4
28,"McDonald, Oscar",10,5,3,13,0,0,0,0,4,1,0,5,0,0,0,7,6,3,0,11,0,0,98,-67,"Melbourne","2018",4
18,"Melksham, Jake",8,1,5,13,0,1,0,3,1,3,1,3,0,1,0,7,6,0,0,1,0,1,80,-67,"Melbourne","2018",4
30,"Neal-Bullen, Alex",12,4,10,22,1,0,0,6,0,3,1,3,2,0,0,9,14,0,2,3,0,0,83,-67,"Melbourne","2018",4
13,"Oliver, Clayton",10,2,18,28,0,0,0,11,2,4,5,9,1,4,0,23,7,1,0,3,0,1,83,-67,"Melbourne","2018",4
5,"Petracca, Christian",16,0,7,23,0,0,1,3,3,3,4,8,1,1,0,13,9,0,0,1,0,0,81,-67,"Melbourne","2018",4
3,"Salem, Christian",13,2,7,20,1,0,0,3,0,6,5,3,2,2,0,12,8,1,1,2,0,2,76,-67,"Melbourne","2018",4
23,"Vince, Bernie",9,0,4,13,0,0,0,3,3,1,0,2,1,0,0,5,5,0,0,1,0,0,85,-67,"Melbourne","2018",4
42,"Wagner, Josh",8,1,4,12,0,0,0,5,0,2,1,4,1,2,0,6,7,0,0,4,0,0,82,-67,"Melbourne","2018",4
0,"Rushed",0,0,0,0,0,1,0,0,0,0,0,0,0,0,0,0,0,0,0,0,0,0,0,-67,"Melbourne","2018",4
