"Number","Player","Kicks","Marks","Handballs","Disposals","Goals","Behinds","Hitouts","Tackles","Rebounds50s","Inside50s","Clearances","Clangers","FreesFor","FreesAgainst","BrownlowVotes","ContestedPossessions","UncontestedPossessions","ContestedMarks","MarksInside50","OnePercenters","Bounces","GoalAssists","PercentagePlayed","PointDifference","Team","Season","Round"
3,"Anderson, Jed",11,1,5,16,1,1,0,5,0,3,2,2,3,0,0,8,9,0,1,2,0,0,73,52,"North Melbourne","2018",2
18,"Atley, Shaun",8,1,9,17,0,3,0,3,0,3,0,1,2,1,0,9,8,0,1,0,0,1,80,52,"North Melbourne","2018",2
50,"Brown, Ben",8,3,3,11,6,1,8,1,0,0,1,1,1,0,0,6,6,2,3,1,0,0,94,52,"North Melbourne","2018",2
13,"Clarke, Ryan",5,2,2,7,0,0,0,0,2,0,0,2,1,1,0,2,6,0,1,0,0,1,79,52,"North Melbourne","2018",2
10,"Cunnington, Ben",11,4,10,21,1,0,0,1,0,1,4,3,2,2,0,10,13,0,1,0,0,1,71,52,"North Melbourne","2018",2
9,"Davies-Uniacke, Luke",7,3,9,16,0,0,0,5,1,0,4,1,2,0,0,9,8,0,0,1,0,0,66,52,"North Melbourne","2018",2
14,"Dumont, Trent",8,3,9,17,0,1,0,4,3,1,1,3,1,1,0,7,11,0,1,1,0,0,75,52,"North Melbourne","2018",2
22,"Goldstein, Todd",7,6,9,16,0,1,38,5,1,3,0,1,1,0,0,7,10,1,1,5,0,0,86,52,"North Melbourne","2018",2
39,"Hartung, Billy",16,9,8,24,1,1,0,2,2,4,2,3,1,0,0,7,16,1,1,0,1,0,84,52,"North Melbourne","2018",2
4,"Higgins, Shaun",18,2,6,24,0,2,0,5,1,9,5,4,1,3,0,11,12,0,1,1,0,2,84,52,"North Melbourne","2018",2
8,"Hrovat, Nathan",7,2,14,21,1,1,0,0,1,2,1,4,0,1,0,9,12,0,2,0,0,0,83,52,"North Melbourne","2018",2
5,"Jacobs, Ben",11,4,7,18,1,0,0,10,3,2,2,0,2,0,0,8,9,0,0,1,0,0,78,52,"North Melbourne","2018",2
34,"Macmillan, Jamie",10,4,5,15,0,0,0,1,2,4,0,3,2,0,0,6,8,0,0,5,3,0,90,52,"North Melbourne","2018",2
11,"McDonald, Luke",15,8,4,19,0,1,0,2,4,4,0,2,0,1,0,5,14,0,1,1,0,0,86,52,"North Melbourne","2018",2
12,"Simpkin, Jy",11,5,4,15,0,1,0,3,1,3,2,5,0,1,0,6,8,1,0,1,0,0,67,52,"North Melbourne","2018",2
25,"Tarrant, Robbie",12,6,6,18,0,0,0,0,4,2,0,7,0,2,0,5,13,2,0,7,0,1,93,52,"North Melbourne","2018",2
16,"Thompson, Scott",9,6,3,12,0,0,0,3,2,4,0,2,1,0,0,6,6,2,0,6,0,0,92,52,"North Melbourne","2018",2
28,"Turner, Kayne",5,4,6,11,1,0,0,2,0,1,0,1,1,1,0,5,7,1,0,1,0,0,84,52,"North Melbourne","2018",2
33,"Vickers-Willis, Ed",3,3,3,6,0,0,0,3,1,0,0,0,0,0,0,1,5,0,0,2,0,0,90,52,"North Melbourne","2018",2
30,"Waite, Jarrad",21,13,3,24,1,2,5,6,0,13,1,4,1,0,2,7,16,3,2,0,0,2,85,52,"North Melbourne","2018",2
2,"Williams, Marley",7,3,7,14,0,0,0,0,0,2,1,3,0,1,3,5,10,0,0,3,0,0,78,52,"North Melbourne","2018",2
7,"Ziebell, Jack",12,8,10,22,0,1,0,4,3,5,4,4,1,1,0,11,12,0,1,2,0,1,82,52,"North Melbourne","2018",2
0,"Rushed",0,0,0,0,0,1,0,0,0,0,0,0,0,0,0,0,0,0,0,0,0,0,0,52,"North Melbourne","2018",2
8,"Acres, Blake",11,4,10,21,1,0,2,7,2,4,2,6,0,3,0,5,18,0,0,3,0,0,89,-52,"St Kilda","2018",2
20,"Armitage, David",11,5,16,27,0,1,0,2,2,2,3,2,1,0,0,7,22,0,0,2,0,0,71,-52,"St Kilda","2018",2
15,"Billings, Jack",10,3,13,23,0,0,0,2,2,5,1,4,1,1,0,5,17,1,0,1,0,2,84,-52,"St Kilda","2018",2
22,"Brown, Nathan",3,2,3,6,0,0,0,3,2,0,0,3,0,2,0,3,3,2,0,8,0,0,86,-52,"St Kilda","2018",2
27,"Bruce, Josh",5,1,8,13,0,0,1,5,1,1,4,1,3,0,0,10,4,0,1,0,1,0,88,-52,"St Kilda","2018",2
2,"Carlisle, Jake",12,11,5,17,1,0,0,2,6,0,0,3,0,0,1,3,11,2,1,7,0,0,93,-52,"St Kilda","2018",2
11,"Clark, Hunter",3,1,4,7,0,1,0,4,1,0,0,3,0,3,0,0,9,0,0,0,0,0,66,-52,"St Kilda","2018",2
14,"Geary, Jarryn",8,6,17,25,0,0,0,4,4,0,1,1,2,0,0,13,13,0,0,6,0,0,89,-52,"St Kilda","2018",2
4,"Gresham, Jade",8,4,11,19,1,0,0,3,1,2,2,2,1,0,0,7,13,0,0,0,2,0,89,-52,"St Kilda","2018",2
21,"Long, Ben",5,2,3,8,0,2,0,1,0,1,1,2,0,1,0,5,6,0,0,2,1,1,89,-52,"St Kilda","2018",2
18,"Longer, Billy",1,0,0,1,0,0,16,2,0,2,0,1,0,1,0,1,0,0,0,3,0,0,51,-52,"St Kilda","2018",2
32,"McCartin, Paddy",8,4,2,10,0,2,0,2,0,1,0,1,2,1,0,4,5,1,1,2,0,0,75,-52,"St Kilda","2018",2
28,"Membrey, Tim",5,4,3,8,0,1,0,0,0,1,0,1,0,0,0,2,6,0,2,4,0,0,92,-52,"St Kilda","2018",2
16,"Newnes, Jack",12,4,8,20,0,0,0,0,1,4,1,4,2,3,0,6,15,1,0,0,0,0,88,-52,"St Kilda","2018",2
17,"Roberton, Dylan",12,4,7,19,0,0,0,2,7,1,0,4,1,2,0,5,12,1,0,1,1,0,84,-52,"St Kilda","2018",2
6,"Ross, Sebastian",12,4,11,23,0,0,0,6,1,3,6,4,0,1,0,10,15,1,0,3,0,0,85,-52,"St Kilda","2018",2
5,"Savage, Shane",15,7,11,26,0,0,0,1,6,1,1,5,0,2,0,4,21,0,0,4,8,0,86,-52,"St Kilda","2018",2
35,"Sinclair, Jack",3,2,7,10,0,0,0,8,2,2,1,2,0,0,0,6,4,0,0,0,0,0,82,-52,"St Kilda","2018",2
9,"Steele, Jack",4,2,10,14,1,0,0,7,1,0,1,2,0,1,0,7,7,0,0,0,0,0,68,-52,"St Kilda","2018",2
3,"Steven, Jack",17,5,9,26,1,0,0,5,1,7,4,3,2,0,0,6,19,0,1,1,1,0,79,-52,"St Kilda","2018",2
25,"Stevens, Koby",9,7,10,19,0,1,0,8,1,3,0,5,0,1,0,2,17,0,3,0,1,0,79,-52,"St Kilda","2018",2
29,"Webster, Jimmy",18,5,12,30,0,0,0,1,8,1,0,7,1,1,0,8,21,0,0,3,2,0,87,-52,"St Kilda","2018",2
0,"Rushed",0,0,0,0,0,5,0,0,0,0,0,0,0,0,0,0,0,0,0,0,0,0,0,-52,"St Kilda","2018",2
