"Number","Player","Kicks","Marks","Handballs","Disposals","Goals","Behinds","Hitouts","Tackles","Rebounds50s","Inside50s","Clearances","Clangers","FreesFor","FreesAgainst","BrownlowVotes","ContestedPossessions","UncontestedPossessions","ContestedMarks","MarksInside50","OnePercenters","Bounces","GoalAssists","PercentagePlayed","PointDifference","Team","Season","Round"
20,"Armitage, David",9,3,12,21,2,1,0,2,2,5,1,4,1,1,0,5,15,0,1,0,1,0,86,-39,"St Kilda","2018",7
15,"Billings, Jack",9,3,11,20,0,0,0,2,2,2,0,4,0,0,0,4,16,0,0,1,0,0,82,-39,"St Kilda","2018",7
22,"Brown, Nathan",2,3,9,11,0,0,0,2,3,0,0,2,0,2,0,4,7,1,0,5,0,0,85,-39,"St Kilda","2018",7
2,"Carlisle, Jake",5,6,10,15,0,0,0,1,0,0,0,1,1,1,0,7,9,2,0,4,0,0,92,-39,"St Kilda","2018",7
11,"Clark, Hunter",9,2,11,20,0,1,0,1,2,4,0,1,0,1,0,3,17,0,0,1,0,0,73,-39,"St Kilda","2018",7
33,"Coffield, Nick",10,4,11,21,0,0,0,3,4,1,0,2,0,2,0,3,15,0,0,2,0,0,83,-39,"St Kilda","2018",7
7,"Dunstan, Luke",10,3,12,22,1,0,0,7,1,3,4,1,3,0,0,11,14,0,0,3,0,0,76,-39,"St Kilda","2018",7
14,"Geary, Jarryn",8,1,10,18,0,0,0,2,2,1,1,2,0,0,0,6,12,0,0,4,0,0,87,-39,"St Kilda","2018",7
19,"Gilbert, Sam",8,4,10,18,0,0,0,8,3,0,1,4,0,0,0,6,13,0,0,3,0,0,73,-39,"St Kilda","2018",7
4,"Gresham, Jade",9,3,15,24,1,3,0,3,1,3,1,2,2,0,0,10,14,0,1,0,6,0,80,-39,"St Kilda","2018",7
1,"Hickey, Tom",5,4,12,17,1,0,26,3,2,2,2,2,0,2,0,9,9,0,1,3,0,0,83,-39,"St Kilda","2018",7
21,"Long, Ben",5,3,9,14,2,0,0,5,1,0,0,3,0,3,0,4,10,0,2,1,0,0,91,-39,"St Kilda","2018",7
43,"Marshall, Rowan",5,3,3,8,0,3,4,2,0,2,0,2,1,1,0,4,4,0,2,3,0,0,83,-39,"St Kilda","2018",7
32,"McCartin, Paddy",5,3,3,8,0,2,0,1,0,2,0,3,1,2,0,2,5,1,1,0,0,1,46,-39,"St Kilda","2018",7
28,"Membrey, Tim",8,7,5,13,2,0,0,0,0,2,0,0,0,0,0,5,10,3,2,2,0,0,94,-39,"St Kilda","2018",7
16,"Newnes, Jack",13,6,12,25,0,0,0,0,3,4,3,3,0,1,0,9,18,0,0,4,0,1,90,-39,"St Kilda","2018",7
6,"Ross, Sebastian",18,7,17,35,0,2,0,2,4,5,10,3,2,0,0,13,23,0,0,1,0,2,90,-39,"St Kilda","2018",7
5,"Savage, Shane",6,5,14,20,0,0,0,1,1,1,0,2,0,0,0,6,14,0,0,3,0,0,84,-39,"St Kilda","2018",7
9,"Steele, Jack",11,3,14,25,0,0,0,7,3,3,1,6,1,3,0,8,17,0,0,0,0,1,70,-39,"St Kilda","2018",7
3,"Steven, Jack",14,3,15,29,0,0,0,3,1,10,5,3,2,0,0,7,21,0,0,3,4,3,82,-39,"St Kilda","2018",7
29,"Webster, Jimmy",14,7,10,24,0,0,0,3,6,4,0,2,0,0,0,3,20,1,0,4,1,0,89,-39,"St Kilda","2018",7
44,"Weller, Maverick",8,5,15,23,0,0,0,5,1,2,2,2,1,1,0,7,17,1,0,2,0,1,82,-39,"St Kilda","2018",7
0,"Rushed",0,0,0,0,0,1,0,0,0,0,0,0,0,0,0,0,0,0,0,0,0,0,0,-39,"St Kilda","2018",7
10,"Brayshaw, Angus",19,5,13,32,1,0,0,3,3,8,5,5,0,1,2,10,23,0,0,3,0,0,80,39,"Melbourne","2018",7
31,"Fritsch, Bayley",8,7,10,18,0,0,0,6,3,3,1,4,2,0,0,7,11,1,0,0,0,0,80,39,"Melbourne","2018",7
11,"Gawn, Max",8,5,12,20,1,0,34,1,0,3,3,3,4,0,0,11,11,2,2,0,0,0,86,39,"Melbourne","2018",7
19,"Hannan, Mitch",6,4,3,9,0,2,0,0,0,2,0,2,0,0,0,3,7,1,1,1,0,0,82,39,"Melbourne","2018",7
4,"Harmes, James",10,4,11,21,1,0,0,3,3,3,4,2,1,2,0,6,14,0,0,0,0,0,77,39,"Melbourne","2018",7
14,"Hibberd, Michael",18,4,10,28,0,0,0,4,5,3,1,2,2,0,0,5,23,0,0,2,1,0,88,39,"Melbourne","2018",7
1,"Hogan, Jesse",13,7,12,25,3,1,0,1,0,3,0,2,3,0,1,12,13,2,1,2,0,1,86,39,"Melbourne","2018",7
29,"Hunt, Jayden",11,6,3,14,0,0,0,2,4,3,1,2,0,1,0,4,11,1,0,1,0,1,75,39,"Melbourne","2018",7
39,"Jetta, Neville",6,4,8,14,0,0,0,2,2,2,0,1,2,1,0,5,10,0,0,4,0,1,76,39,"Melbourne","2018",7
2,"Jones, Nathan",10,2,14,24,1,1,0,9,0,1,2,1,0,0,0,6,17,0,1,2,0,0,82,39,"Melbourne","2018",7
8,"Lever, Jake",9,6,3,12,0,0,0,1,3,2,0,1,0,0,0,4,9,0,1,5,0,0,85,39,"Melbourne","2018",7
6,"Lewis, Jordan",13,5,10,23,0,0,0,0,6,0,1,1,0,0,0,6,15,0,0,4,0,2,91,39,"Melbourne","2018",7
28,"McDonald, Oscar",10,4,8,18,0,0,0,0,4,0,0,3,0,2,0,5,12,2,0,8,0,0,98,39,"Melbourne","2018",7
25,"McDonald, Tom",7,7,5,12,2,0,0,2,0,5,0,3,0,0,0,8,4,3,3,3,0,2,73,39,"Melbourne","2018",7
18,"Melksham, Jake",8,2,3,11,0,1,0,2,0,3,2,1,0,0,0,6,4,1,2,1,0,0,78,39,"Melbourne","2018",7
30,"Neal-Bullen, Alex",10,4,5,15,1,2,0,2,4,1,1,5,0,3,0,8,8,0,2,0,0,0,81,39,"Melbourne","2018",7
13,"Oliver, Clayton",8,3,28,36,1,0,0,4,3,5,11,7,2,2,3,20,16,0,0,1,1,2,82,39,"Melbourne","2018",7
5,"Petracca, Christian",8,5,7,15,1,2,0,1,0,4,2,5,0,1,0,7,9,1,2,0,0,0,72,39,"Melbourne","2018",7
9,"Spargo, Charlie",6,5,9,15,1,0,0,3,0,4,1,1,2,0,0,8,8,0,2,1,0,0,78,39,"Melbourne","2018",7
12,"Tyson, Dom",13,7,14,27,1,0,0,1,1,4,1,7,1,1,0,7,20,0,0,0,0,0,85,39,"Melbourne","2018",7
23,"Vince, Bernie",15,5,8,23,0,0,0,3,3,2,0,1,0,0,0,3,18,0,0,4,0,0,88,39,"Melbourne","2018",7
26,"Weideman, Sam",3,2,6,9,2,0,0,2,0,2,1,2,1,1,0,5,5,1,1,2,0,1,77,39,"Melbourne","2018",7
0,"Rushed",0,0,0,0,0,1,0,0,0,0,0,0,0,0,0,0,0,0,0,0,0,0,0,39,"Melbourne","2018",7
