"Number","Player","Kicks","Marks","Handballs","Disposals","Goals","Behinds","Hitouts","Tackles","Rebounds50s","Inside50s","Clearances","Clangers","FreesFor","FreesAgainst","BrownlowVotes","ContestedPossessions","UncontestedPossessions","ContestedMarks","MarksInside50","OnePercenters","Bounces","GoalAssists","PercentagePlayed","PointDifference","Team","Season","Round"
12,"Astbury, David",6,5,4,10,0,0,0,0,2,0,0,2,0,1,0,2,8,0,0,3,0,0,91,3,"Richmond","2018",23
35,"Broad, Nathan",3,0,1,4,0,0,1,1,0,1,0,2,0,0,0,1,4,0,0,3,0,0,80,3,"Richmond","2018",23
22,"Caddy, Josh",6,2,6,12,1,0,0,1,1,1,0,2,0,0,0,5,7,0,0,0,0,0,96,3,"Richmond","2018",23
11,"Castagna, Jason",10,6,7,17,2,2,0,2,0,3,0,3,0,1,0,7,10,0,0,1,0,0,78,3,"Richmond","2018",23
30,"Conca, Reece",12,5,6,18,0,0,0,3,1,3,0,4,0,0,0,5,12,0,1,1,1,1,77,3,"Richmond","2018",23
9,"Cotchin, Trent",7,1,10,17,0,0,0,3,1,1,1,3,0,0,0,9,7,0,0,0,0,0,74,3,"Richmond","2018",23
10,"Edwards, Shane",6,1,10,16,0,0,0,2,2,2,1,4,2,2,0,7,9,0,0,2,0,1,87,3,"Richmond","2018",23
5,"Ellis, Brandon",8,4,13,21,0,0,0,2,1,2,0,3,0,0,0,6,15,0,0,1,0,0,71,3,"Richmond","2018",23
34,"Graham, Jack",12,4,8,20,3,0,0,8,0,3,1,4,1,1,0,6,16,0,1,0,3,0,79,3,"Richmond","2018",23
6,"Grigg, Shaun",8,6,11,19,0,1,1,1,1,4,1,2,1,1,0,5,14,0,1,1,0,0,80,3,"Richmond","2018",23
2,"Grimes, Dylan",4,4,7,11,0,0,0,3,2,0,0,1,0,0,0,7,4,1,0,6,0,0,87,3,"Richmond","2018",23
28,"Higgins, Jack",7,0,11,18,0,0,0,5,0,5,1,3,2,2,0,9,11,0,0,5,0,2,71,3,"Richmond","2018",23
14,"Houli, Bachar",13,6,8,21,0,0,0,0,4,4,0,2,0,1,0,2,18,0,0,3,1,1,73,3,"Richmond","2018",23
4,"Martin, Dustin",25,4,8,33,1,0,0,4,0,12,9,9,2,4,2,13,20,1,0,0,0,4,86,3,"Richmond","2018",23
33,"McIntosh, Kamdyn",12,2,5,17,1,0,0,3,3,4,2,5,1,2,0,7,11,0,1,3,0,1,74,3,"Richmond","2018",23
25,"Nankervis, Toby",11,7,10,21,1,0,25,2,2,1,2,2,0,2,0,11,10,1,1,4,0,0,78,3,"Richmond","2018",23
3,"Prestia, Dion",14,6,14,28,0,0,0,0,2,7,6,4,0,1,0,11,18,0,0,0,0,0,75,3,"Richmond","2018",23
18,"Rance, Alex",5,4,7,12,0,0,0,1,3,1,0,0,0,0,0,3,7,0,0,8,0,0,100,3,"Richmond","2018",23
8,"Riewoldt, Jack",11,7,3,14,5,2,1,1,0,0,0,3,1,2,1,6,7,3,7,1,0,1,100,3,"Richmond","2018",23
17,"Rioli, Daniel",3,3,7,10,1,1,0,2,0,1,0,0,0,0,0,0,10,0,0,0,0,2,75,3,"Richmond","2018",23
15,"Short, Jayden",9,2,4,13,0,1,0,0,1,2,1,0,0,0,0,6,8,0,0,4,1,0,78,3,"Richmond","2018",23
1,"Vlastuin, Nick",8,6,4,12,0,0,0,4,4,2,0,2,0,0,0,4,6,1,0,3,0,0,87,3,"Richmond","2018",23
0,"Rushed",0,0,0,0,0,1,0,0,0,0,0,0,0,0,0,0,0,0,0,0,0,0,0,3,"Richmond","2018",23
4,"Bontempelli, Marcus",19,7,10,29,0,2,0,8,3,2,3,5,1,1,0,7,22,1,1,2,0,0,87,-3,"Western Bulldogs","2018",23
9,"Crozier, Hayden",17,5,6,23,0,0,0,3,6,1,1,3,2,0,0,5,17,1,1,8,1,0,84,-3,"Western Bulldogs","2018",23
35,"Daniel, Caleb",16,6,13,29,0,0,0,1,6,1,1,0,1,0,0,9,18,0,0,1,1,1,85,-3,"Western Bulldogs","2018",23
5,"Dunkley, Josh",14,7,14,28,2,0,0,4,0,3,3,3,1,1,0,10,17,0,0,2,0,2,76,-3,"Western Bulldogs","2018",23
26,"Gowers, Billy",9,8,4,13,3,1,0,2,0,2,0,3,1,0,0,5,8,1,4,1,0,1,82,-3,"Western Bulldogs","2018",23
30,"Greene, Fergus",4,2,4,8,1,0,0,1,0,0,1,4,0,1,0,3,6,0,0,0,0,1,76,-3,"Western Bulldogs","2018",23
7,"Hunter, Lachie",18,12,17,35,0,0,0,2,3,5,2,3,2,1,0,6,29,0,0,3,1,0,89,-3,"Western Bulldogs","2018",23
39,"Johannisen, Jason",15,6,9,24,0,0,0,1,4,2,0,2,0,1,0,1,22,0,0,2,0,1,83,-3,"Western Bulldogs","2018",23
27,"Lipinski, Patrick",4,3,2,6,0,0,0,1,0,1,1,1,0,0,0,4,5,0,1,0,0,0,63,-3,"Western Bulldogs","2018",23
36,"Lynch, Brad",9,7,1,10,2,1,0,3,0,5,0,1,1,0,0,2,8,0,1,0,1,0,68,-3,"Western Bulldogs","2018",23
11,"Macrae, Jack",24,14,19,43,1,0,0,7,3,6,4,3,4,0,3,14,30,1,1,1,0,1,89,-3,"Western Bulldogs","2018",23
16,"McLean, Toby",7,7,10,17,0,0,0,5,1,2,3,1,1,1,0,6,12,0,0,0,0,0,83,-3,"Western Bulldogs","2018",23
38,"Morris, Dale",2,0,7,9,0,0,0,1,4,0,0,3,0,1,0,3,7,0,0,11,0,0,93,-3,"Western Bulldogs","2018",23
33,"Naughton, Aaron",12,9,6,18,0,0,0,1,4,0,0,3,1,1,0,12,6,5,0,2,0,0,90,-3,"Western Bulldogs","2018",23
20,"Richards, Ed",3,4,7,10,1,0,0,1,1,1,1,2,0,1,0,3,7,1,0,3,0,0,80,-3,"Western Bulldogs","2018",23
23,"Roughead, Jordan",7,6,5,12,0,1,5,1,1,2,1,0,1,0,0,7,5,3,1,3,0,1,87,-3,"Western Bulldogs","2018",23
13,"Schache, Josh",4,4,6,10,1,0,0,1,0,0,0,2,0,0,0,4,6,1,2,0,0,0,74,-3,"Western Bulldogs","2018",23
37,"Smith, Roarke",6,3,9,15,0,0,0,2,0,1,0,2,0,0,0,4,11,0,0,2,0,3,87,-3,"Western Bulldogs","2018",23
8,"Trengove, Jackson",11,6,5,16,1,0,15,7,1,2,4,1,1,0,0,5,9,1,1,0,0,0,83,-3,"Western Bulldogs","2018",23
3,"Wallis, Mitch",10,2,13,23,1,0,0,2,2,3,5,0,3,0,0,10,13,0,1,1,0,0,80,-3,"Western Bulldogs","2018",23
34,"Williams, Bailey",12,6,6,18,1,1,0,1,0,6,0,4,0,1,0,8,11,2,1,0,0,0,73,-3,"Western Bulldogs","2018",23
10,"Wood, Easton",10,7,7,17,0,0,0,1,3,2,0,0,0,0,0,5,11,1,0,0,0,0,89,-3,"Western Bulldogs","2018",23
0,"Rushed",0,0,0,0,0,5,0,0,0,0,0,0,0,0,0,0,0,0,0,0,0,0,0,-3,"Western Bulldogs","2018",23
