"Number","Player","Kicks","Marks","Handballs","Disposals","Goals","Behinds","Hitouts","Tackles","Rebounds50s","Inside50s","Clearances","Clangers","FreesFor","FreesAgainst","BrownlowVotes","ContestedPossessions","UncontestedPossessions","ContestedMarks","MarksInside50","OnePercenters","Bounces","GoalAssists","PercentagePlayed","PointDifference","Team","Season","Round"
37,"Barrass, Tom",18,8,2,20,0,0,0,0,4,0,0,2,1,1,0,6,12,1,0,8,0,0,94,80,"West Coast","2018",4
15,"Cripps, Jamie",10,4,7,17,4,0,0,4,0,2,3,3,3,1,0,9,8,0,3,2,0,1,85,80,"West Coast","2018",4
27,"Darling, Jack",10,9,9,19,3,1,0,2,0,3,0,2,1,0,0,7,12,1,3,3,0,1,92,80,"West Coast","2018",4
14,"Duggan, Liam",10,3,8,18,0,0,0,3,1,4,1,0,1,0,0,9,9,1,0,5,0,0,82,80,"West Coast","2018",4
3,"Gaff, Andrew",17,9,15,32,0,1,0,3,1,5,2,3,1,0,0,7,25,0,1,2,0,1,90,80,"West Coast","2018",4
25,"Hurn, Shannon",17,14,5,22,0,0,0,1,3,2,1,3,0,3,0,3,19,0,0,4,2,0,82,80,"West Coast","2018",4
23,"Jetta, Lewis",13,4,4,17,0,0,0,4,1,6,0,0,0,0,0,2,14,0,0,0,1,1,83,80,"West Coast","2018",4
17,"Kennedy, Josh",12,2,1,13,5,3,0,0,0,2,0,2,4,0,0,7,7,1,2,1,0,1,75,80,"West Coast","2018",4
2,"LeCras, Mark",10,3,4,14,2,1,0,3,1,2,1,4,1,2,0,6,7,0,1,1,0,1,88,80,"West Coast","2018",4
29,"Lycett, Scott",4,4,10,14,1,0,12,0,0,1,1,1,0,1,0,5,9,0,1,2,0,1,78,80,"West Coast","2018",4
7,"Masten, Chris",20,12,10,30,2,1,0,2,3,3,1,1,1,0,1,5,26,0,3,0,0,0,88,80,"West Coast","2018",4
20,"McGovern, Jeremy",19,13,3,22,0,0,0,0,5,1,0,3,2,1,2,8,13,5,0,5,0,0,89,80,"West Coast","2018",4
9,"Naitanui, Nic",7,4,7,14,0,0,33,1,0,3,4,2,1,1,0,11,4,2,0,3,0,0,56,80,"West Coast","2018",4
30,"Nelson, Jackson",8,3,4,12,0,0,0,2,2,1,0,3,2,1,0,5,8,0,0,0,0,0,88,80,"West Coast","2018",4
8,"Redden, Jack",6,1,4,10,0,0,0,5,1,1,0,3,1,1,0,4,8,0,0,2,0,0,76,80,"West Coast","2018",4
44,"Rioli, Willie",8,6,2,10,2,0,0,1,0,1,1,2,0,0,0,2,8,1,1,0,0,0,77,80,"West Coast","2018",4
4,"Sheed, Dom",12,5,17,29,0,0,0,1,0,6,5,4,1,3,0,11,19,0,0,1,0,1,85,80,"West Coast","2018",4
5,"Sheppard, Brad",8,3,7,15,0,0,0,3,4,0,0,2,3,1,0,4,10,0,0,4,0,0,87,80,"West Coast","2018",4
13,"Shuey, Luke",14,4,8,22,0,0,0,2,4,6,5,2,2,0,0,10,13,0,1,1,1,2,84,80,"West Coast","2018",4
18,"Venables, Daniel",2,2,9,11,1,1,0,4,0,0,2,1,0,0,0,5,5,0,1,0,0,1,55,80,"West Coast","2018",4
45,"Waterman, Jake",6,3,4,10,1,1,0,1,1,3,0,0,1,0,0,3,6,0,0,0,0,2,76,80,"West Coast","2018",4
6,"Yeo, Elliot",25,11,8,33,0,1,0,5,5,5,4,6,2,3,3,14,16,3,0,0,4,2,88,80,"West Coast","2018",4
0,"Rushed",0,0,0,0,0,3,0,0,0,0,0,0,0,0,0,0,0,0,0,0,0,0,0,80,"West Coast","2018",4
9,"Ainsworth, Ben",8,4,1,9,0,0,0,0,0,2,0,4,0,1,0,0,8,0,0,0,0,2,57,-80,"Gold Coast","2018",4
29,"Bowes, Jack",8,7,4,12,0,0,0,1,4,1,0,5,0,4,0,3,9,0,0,5,0,0,82,-80,"Gold Coast","2018",4
12,"Day, Sam",3,3,2,5,0,1,1,3,1,0,0,2,1,1,0,2,3,0,1,3,0,0,82,-80,"Gold Coast","2018",4
8,"Fiorini, Brayden",16,8,4,20,1,1,0,3,3,4,2,3,1,0,0,5,14,0,1,1,4,0,80,-80,"Gold Coast","2018",4
33,"Hall, Aaron",14,5,12,26,0,0,0,1,2,4,1,4,1,2,0,10,17,0,0,1,1,0,86,-80,"Gold Coast","2018",4
5,"Harbrow, Jarrod",15,3,2,17,0,0,0,2,5,3,0,2,0,1,0,6,10,0,0,1,2,1,82,-80,"Gold Coast","2018",4
39,"Holman, Nick",3,1,4,7,0,0,0,3,0,3,2,1,0,1,0,5,2,0,0,0,0,1,77,-80,"Gold Coast","2018",4
38,"Joyce, Jesse",11,5,6,17,0,0,0,1,1,2,2,0,3,0,0,7,10,0,0,3,0,0,86,-80,"Gold Coast","2018",4
10,"Kolodjashnij, Kade",13,9,1,14,0,0,0,2,2,1,1,4,0,1,0,5,9,2,0,3,0,0,81,-80,"Gold Coast","2018",4
19,"Lynch, Tom",7,4,1,8,3,1,0,0,0,2,0,1,1,0,0,5,3,2,3,1,0,0,77,-80,"Gold Coast","2018",4
25,"Lyons, Jarryd",10,1,16,26,0,1,0,4,0,3,7,6,3,3,0,15,10,0,0,0,0,0,84,-80,"Gold Coast","2018",4
44,"Macpherson, Darcy",9,3,7,16,0,0,0,2,0,1,4,3,1,2,0,7,10,0,1,0,0,2,78,-80,"Gold Coast","2018",4
4,"Martin, Jack",15,4,4,19,1,0,0,2,0,5,2,6,4,2,0,8,12,0,0,0,0,0,82,-80,"Gold Coast","2018",4
17,"May, Steven",6,2,5,11,0,0,0,1,3,0,0,5,0,3,0,4,6,0,0,10,0,0,96,-80,"Gold Coast","2018",4
11,"Miller, Touk",6,2,10,16,0,0,0,6,3,2,2,5,0,1,0,7,9,0,0,1,0,1,85,-80,"Gold Coast","2018",4
35,"Rischitelli, Michael",3,0,4,7,0,0,0,1,0,0,1,0,0,0,0,2,5,0,0,0,0,0,81,-80,"Gold Coast","2018",4
6,"Sexton, Alex",10,4,3,13,1,0,0,0,0,4,0,5,1,2,0,4,9,1,1,0,0,0,91,-80,"Gold Coast","2018",4
24,"Swallow, David",14,7,15,29,1,0,0,3,2,2,3,4,1,1,0,18,13,0,1,1,1,0,77,-80,"Gold Coast","2018",4
16,"Thompson, Rory",6,4,3,9,0,0,0,2,2,0,0,2,0,1,0,3,6,0,0,11,0,0,89,-80,"Gold Coast","2018",4
14,"Weller, Lachie",17,6,6,23,0,0,0,3,5,3,1,7,0,1,0,6,16,0,0,1,0,0,82,-80,"Gold Coast","2018",4
28,"Witts, Jarrod",7,0,4,11,0,0,17,4,0,3,4,1,2,1,0,10,2,0,0,6,0,0,87,-80,"Gold Coast","2018",4
15,"Young, Aaron",8,7,9,17,2,0,0,1,0,1,0,1,0,0,0,2,15,0,1,0,0,0,80,-80,"Gold Coast","2018",4
0,"Rushed",0,0,0,0,0,1,0,0,0,0,0,0,0,0,0,0,0,0,0,0,0,0,0,-80,"Gold Coast","2018",4
