"Number","Player","Kicks","Marks","Handballs","Disposals","Goals","Behinds","Hitouts","Tackles","Rebounds50s","Inside50s","Clearances","Clangers","FreesFor","FreesAgainst","BrownlowVotes","ContestedPossessions","UncontestedPossessions","ContestedMarks","MarksInside50","OnePercenters","Bounces","GoalAssists","PercentagePlayed","PointDifference","Team","Season","Round"
13,"Ah Chee, Callum",9,6,3,12,1,2,0,3,1,0,1,1,1,0,0,5,7,2,2,3,0,0,78,-85,"Gold Coast","2018",11
9,"Ainsworth, Ben",16,5,4,20,0,1,0,3,1,6,3,1,3,1,0,5,15,0,0,0,0,0,84,-85,"Gold Coast","2018",11
31,"Ballard, Charlie",11,5,2,13,0,1,0,1,2,0,0,3,1,2,0,3,9,0,0,4,0,0,78,-85,"Gold Coast","2018",11
29,"Bowes, Jack",9,6,3,12,0,0,0,2,1,2,1,4,0,2,0,3,11,0,0,1,0,0,86,-85,"Gold Coast","2018",11
41,"Brodie, Will",10,6,4,14,0,0,0,2,3,3,4,2,0,1,0,5,9,0,0,1,0,0,79,-85,"Gold Coast","2018",11
12,"Day, Sam",5,4,4,9,1,0,5,2,0,3,1,1,0,1,0,6,3,3,1,0,0,0,87,-85,"Gold Coast","2018",11
33,"Hall, Aaron",8,5,0,8,0,0,0,0,2,1,0,2,0,1,0,1,7,0,0,0,0,0,28,-85,"Gold Coast","2018",11
5,"Harbrow, Jarrod",13,6,5,18,0,0,0,2,3,1,0,3,1,2,0,3,14,0,0,2,0,0,90,-85,"Gold Coast","2018",11
40,"Heron, Jacob",3,2,5,8,0,0,0,0,0,1,0,0,0,0,0,5,3,1,0,1,0,0,76,-85,"Gold Coast","2018",11
39,"Holman, Nick",10,6,9,19,0,0,0,6,3,2,3,2,1,1,0,8,11,0,0,2,0,0,85,-85,"Gold Coast","2018",11
38,"Joyce, Jesse",6,7,3,9,0,0,0,0,2,0,0,1,0,0,0,1,9,0,0,0,0,0,81,-85,"Gold Coast","2018",11
19,"Lynch, Tom",7,6,4,11,1,3,0,0,0,2,0,3,0,1,0,4,6,2,3,1,0,0,93,-85,"Gold Coast","2018",11
4,"Martin, Jack",10,5,4,14,0,3,0,1,2,1,2,2,1,1,0,7,8,0,1,0,1,0,91,-85,"Gold Coast","2018",11
17,"May, Steven",14,10,1,15,0,0,0,2,9,0,0,3,1,3,0,5,9,4,0,8,0,0,85,-85,"Gold Coast","2018",11
11,"Miller, Touk",15,3,12,27,1,0,0,3,3,4,7,3,6,1,0,15,12,0,0,1,0,0,92,-85,"Gold Coast","2018",11
35,"Rischitelli, Michael",7,5,4,11,0,0,0,3,3,1,0,1,0,1,0,1,10,0,0,3,0,0,94,-85,"Gold Coast","2018",11
6,"Sexton, Alex",9,7,3,12,0,0,0,0,0,5,0,2,0,1,0,3,10,0,0,1,1,0,89,-85,"Gold Coast","2018",11
24,"Swallow, David",12,9,11,23,0,0,0,3,1,4,3,3,2,1,0,6,16,0,1,0,0,2,86,-85,"Gold Coast","2018",11
16,"Thompson, Rory",9,4,2,11,0,0,0,2,2,0,0,2,0,1,0,4,3,2,0,6,0,0,95,-85,"Gold Coast","2018",11
14,"Weller, Lachie",7,4,7,14,0,0,0,4,2,3,0,1,1,0,0,5,8,0,0,1,0,0,86,-85,"Gold Coast","2018",11
28,"Witts, Jarrod",6,2,5,11,0,0,47,0,0,2,3,2,2,1,0,8,5,0,0,3,0,1,86,-85,"Gold Coast","2018",11
15,"Young, Aaron",4,3,2,6,0,1,0,2,1,0,1,0,0,0,0,2,4,0,0,0,0,0,50,-85,"Gold Coast","2018",11
0,"Rushed",0,0,0,0,0,1,0,0,0,0,0,0,0,0,0,0,0,0,0,0,0,0,0,-85,"Gold Coast","2018",11
4,"Ablett, Gary",17,6,20,37,3,0,0,0,5,5,3,3,1,3,3,10,28,0,0,0,4,0,82,85,"Geelong","2018",11
24,"Bews, Jed",2,5,11,13,0,0,0,0,0,0,0,1,0,1,0,4,9,0,0,2,0,1,79,85,"Geelong","2018",11
23,"Black, Aaron",9,7,7,16,0,0,0,3,3,1,0,1,1,0,0,5,11,1,0,2,1,0,80,85,"Geelong","2018",11
46,"Blicavs, Mark",7,6,11,18,0,0,0,3,2,0,0,1,1,1,0,7,11,1,0,7,0,0,97,85,"Geelong","2018",11
12,"Buzza, Wylie",3,4,4,7,0,1,4,1,0,2,0,3,0,0,0,1,6,0,2,1,0,1,71,85,"Geelong","2018",11
31,"Cunico, Jordan",16,6,8,24,0,2,0,0,2,7,1,0,0,0,0,3,21,0,0,0,4,2,84,85,"Geelong","2018",11
35,"Dangerfield, Patrick",12,4,16,28,1,0,0,5,0,4,7,8,2,4,0,15,14,1,1,1,1,0,75,85,"Geelong","2018",11
22,"Duncan, Mitch",16,5,16,32,1,0,0,1,1,6,1,2,0,1,0,4,27,1,1,0,2,0,89,85,"Geelong","2018",11
13,"Fogarty, Lachie",9,6,8,17,0,1,0,2,0,3,0,0,1,0,0,4,12,0,1,2,0,1,64,85,"Geelong","2018",11
26,"Hawkins, Tom",13,7,1,14,3,2,0,1,0,1,1,1,2,0,0,5,9,1,5,0,0,1,92,85,"Geelong","2018",11
38,"Henry, Jack",3,3,2,5,0,0,0,1,0,0,0,0,0,0,0,4,1,2,0,4,0,0,84,85,"Geelong","2018",11
41,"Jones, Jamaine",10,4,4,14,1,1,0,2,0,6,0,5,1,2,0,5,9,0,1,0,3,1,85,85,"Geelong","2018",11
11,"Kelly, Tim",10,5,14,24,2,1,0,4,1,3,5,2,1,2,0,11,13,1,1,0,0,1,83,85,"Geelong","2018",11
8,"Kolodjashnij, Jake",5,5,11,16,0,0,0,0,2,0,1,0,0,0,0,4,12,1,0,7,0,0,85,85,"Geelong","2018",11
6,"McCarthy, Lincoln",10,5,4,14,2,3,0,3,0,3,0,2,3,1,0,3,10,0,2,1,0,0,72,85,"Geelong","2018",11
27,"Menegola, Sam",14,6,16,30,2,2,0,6,2,3,2,4,1,2,1,9,21,0,2,0,0,0,76,85,"Geelong","2018",11
21,"Murdoch, Jordan",15,6,7,22,0,1,0,0,2,6,1,0,1,0,0,8,14,1,1,2,0,3,78,85,"Geelong","2018",11
3,"Parfitt, Brandan",5,2,7,12,1,1,0,7,1,1,0,1,1,0,0,4,9,0,2,0,1,1,78,85,"Geelong","2018",11
14,"Selwood, Joel",19,8,14,33,1,0,0,4,3,4,6,4,5,0,2,7,25,0,0,0,0,0,81,85,"Geelong","2018",11
1,"Stanley, Rhys",4,3,4,8,0,0,18,2,1,4,1,3,1,2,0,1,7,0,0,3,0,0,87,85,"Geelong","2018",11
44,"Stewart, Tom",16,10,12,28,0,0,0,1,7,0,1,1,0,1,0,5,22,0,0,1,0,0,83,85,"Geelong","2018",11
2,"Tuohy, Zach",15,4,9,24,0,0,0,0,2,3,1,1,0,0,0,3,20,0,0,2,3,0,94,85,"Geelong","2018",11
0,"Rushed",0,0,0,0,0,4,0,0,0,0,0,0,0,0,0,0,0,0,0,0,0,0,0,85,"Geelong","2018",11
