"Number","Player","Kicks","Marks","Handballs","Disposals","Goals","Behinds","Hitouts","Tackles","Rebounds50s","Inside50s","Clearances","Clangers","FreesFor","FreesAgainst","BrownlowVotes","ContestedPossessions","UncontestedPossessions","ContestedMarks","MarksInside50","OnePercenters","Bounces","GoalAssists","PercentagePlayed","PointDifference","Team","Season","Round"
29,"Ambrose, Patrick",4,2,2,6,0,0,0,2,0,0,0,2,0,2,0,1,5,0,0,1,0,0,24,-16,"Essendon","2018",16
12,"Baguley, Mark",6,6,7,13,1,0,0,3,0,2,0,1,0,0,0,2,11,1,3,1,0,2,87,-16,"Essendon","2018",16
2,"Bellchambers, Tom",9,4,6,15,0,0,28,1,4,0,3,4,1,3,0,7,7,3,0,3,0,0,79,-16,"Essendon","2018",16
28,"Brown, Mitch",7,5,3,10,3,0,0,2,0,1,1,3,1,3,0,9,4,2,3,3,0,0,95,-16,"Essendon","2018",16
32,"Colyer, Travis",3,1,6,9,0,1,0,1,0,0,1,3,1,2,0,6,4,0,0,0,0,0,79,-16,"Essendon","2018",16
9,"Goddard, Brendon",12,7,13,25,0,0,0,0,5,3,0,4,0,1,0,3,22,0,0,0,1,0,87,-16,"Essendon","2018",16
35,"Guelfi, Matt",10,4,4,14,0,0,0,2,2,4,0,2,1,0,0,4,9,0,0,3,0,0,79,-16,"Essendon","2018",16
21,"Heppell, Dyson",17,4,16,33,0,0,0,3,2,4,5,8,2,4,0,11,22,1,0,3,0,0,90,-16,"Essendon","2018",16
26,"Hooker, Cale",6,8,9,15,0,0,0,2,2,1,0,3,1,1,0,7,8,3,0,14,0,0,93,-16,"Essendon","2018",16
18,"Hurley, Michael",17,8,5,22,0,0,0,0,7,1,0,0,1,0,0,6,14,1,0,7,0,0,96,-16,"Essendon","2018",16
4,"Langford, Kyle",8,3,6,14,1,0,0,1,0,1,3,0,0,0,0,7,6,1,1,2,0,1,77,-16,"Essendon","2018",16
34,"Long, Jake",7,5,10,17,0,0,0,5,2,1,2,5,2,4,0,4,15,0,0,4,0,1,87,-16,"Essendon","2018",16
43,"McDonald-Tipungwuti, Anthony",4,3,4,8,1,1,0,6,1,1,3,2,2,2,0,6,2,1,1,0,0,0,87,-16,"Essendon","2018",16
1,"McGrath, Andrew",10,3,14,24,1,0,0,1,0,3,1,3,0,0,0,7,17,0,0,0,1,0,88,-16,"Essendon","2018",16
45,"McKenna, Conor",12,0,5,17,0,0,0,1,2,2,0,3,1,0,0,4,12,0,0,3,2,0,87,-16,"Essendon","2018",16
44,"McKernan, Shaun",12,7,6,18,2,2,7,1,1,2,0,5,2,1,0,5,14,1,3,4,0,1,97,-16,"Essendon","2018",16
41,"McNiece, Ben",5,3,6,11,0,0,0,0,0,1,0,0,0,0,0,5,8,0,0,6,0,0,81,-16,"Essendon","2018",16
7,"Merrett, Zach",13,4,20,33,0,0,0,8,1,5,7,2,1,0,0,16,18,0,0,4,0,0,85,-16,"Essendon","2018",16
23,"Myers, David",10,2,6,16,0,0,0,4,0,3,3,3,0,0,0,6,12,0,0,2,0,0,69,-16,"Essendon","2018",16
42,"Saad, Adam",9,2,5,14,0,0,0,0,2,2,0,0,1,0,0,2,10,0,0,4,3,1,80,-16,"Essendon","2018",16
5,"Smith, Devon",17,8,14,31,0,1,0,13,1,5,3,5,0,2,1,6,25,0,1,1,3,0,79,-16,"Essendon","2018",16
25,"Stringer, Jake",9,3,9,18,0,1,1,0,2,4,3,2,0,2,0,11,8,0,0,1,0,2,74,-16,"Essendon","2018",16
0,"Rushed",0,0,0,0,0,2,0,0,0,0,0,0,0,0,0,0,0,0,0,0,0,0,0,-16,"Essendon","2018",16
13,"Adams, Taylor",15,3,12,27,1,1,0,3,1,3,3,7,2,3,0,9,17,0,0,2,1,0,74,16,"Collingwood","2018",16
31,"Appleby, Flynn",9,4,3,12,0,0,0,0,2,1,1,1,1,0,0,4,7,0,0,2,0,0,71,16,"Collingwood","2018",16
46,"Cox, Mason",4,7,8,12,1,0,7,1,0,1,0,3,1,2,0,11,2,6,1,7,0,0,84,16,"Collingwood","2018",16
25,"Crisp, Jack",11,3,11,22,0,0,0,2,2,3,3,5,1,2,0,11,11,0,0,3,2,0,90,16,"Collingwood","2018",16
39,"Crocker, Ben",6,5,0,6,0,0,0,1,0,0,0,0,0,0,0,0,6,0,0,1,0,0,79,16,"Collingwood","2018",16
26,"Daicos, Josh",9,5,4,13,1,0,0,5,1,3,1,2,1,0,0,7,5,1,0,0,0,0,76,16,"Collingwood","2018",16
2,"de Goey, Jordan",17,5,3,20,3,2,0,3,3,5,2,2,0,0,2,6,13,2,4,0,1,0,87,16,"Collingwood","2018",16
19,"Greenwood, Levi",8,2,3,11,0,0,0,3,1,1,1,2,2,1,0,5,6,0,0,3,0,0,81,16,"Collingwood","2018",16
4,"Grundy, Brodie",6,2,18,24,1,0,34,6,1,3,7,5,4,2,0,14,10,1,1,3,0,0,88,16,"Collingwood","2018",16
32,"Hoskin-Elliott, Will",2,2,0,2,1,0,0,0,0,0,0,1,0,0,0,0,2,0,2,2,0,0,69,16,"Collingwood","2018",16
38,"Howe, Jeremy",12,9,10,22,0,0,0,2,3,1,0,4,0,2,0,7,15,3,0,4,0,0,89,16,"Collingwood","2018",16
8,"Langdon, Tom",12,4,10,22,0,0,0,3,3,1,1,2,3,0,0,11,13,0,0,9,0,0,90,16,"Collingwood","2018",16
37,"Maynard, Brayden",12,3,10,22,0,0,0,4,5,3,1,1,1,0,0,7,14,0,0,3,0,1,81,16,"Collingwood","2018",16
16,"Mayne, Chris",6,3,11,17,0,0,0,1,0,0,2,0,0,0,0,3,13,0,0,1,0,0,88,16,"Collingwood","2018",16
41,"Mihocek, Brody",4,3,3,7,1,0,0,0,0,2,0,2,0,0,0,3,4,1,1,1,0,2,89,16,"Collingwood","2018",16
10,"Pendlebury, Scott",14,1,20,34,0,0,0,9,5,3,11,2,2,0,0,19,17,0,0,4,0,2,77,16,"Collingwood","2018",16
21,"Phillips, Tom",11,5,10,21,0,0,0,3,1,2,2,1,1,0,0,7,14,0,0,1,0,0,84,16,"Collingwood","2018",16
12,"Scharenberg, Matt",8,6,10,18,0,0,0,1,2,1,0,3,0,1,0,5,13,1,0,6,0,0,97,16,"Collingwood","2018",16
22,"Sidebottom, Steele",14,6,14,28,2,0,0,3,4,4,4,2,2,1,3,7,22,0,0,2,2,0,80,16,"Collingwood","2018",16
36,"Sier, Brayden",6,1,8,14,0,0,0,3,0,4,2,1,2,0,0,8,6,0,0,0,0,1,66,16,"Collingwood","2018",16
35,"Stephenson, Jaidyn",10,8,5,15,1,2,0,1,0,3,0,4,1,2,0,3,12,0,3,0,0,0,84,16,"Collingwood","2018",16
24,"Thomas, Josh",7,1,4,11,0,1,0,2,0,3,1,4,3,1,0,5,7,0,0,0,0,1,76,16,"Collingwood","2018",16
0,"Totals",203,88,177,380,12,6,41,56,34,47,42,54,27,17,5,152,229,15,12,54,6,7,0,16,"Collingwood","2018",16
