"Number","Player","Kicks","Marks","Handballs","Disposals","Goals","Behinds","Hitouts","Tackles","Rebounds50s","Inside50s","Clearances","Clangers","FreesFor","FreesAgainst","BrownlowVotes","ContestedPossessions","UncontestedPossessions","ContestedMarks","MarksInside50","OnePercenters","Bounces","GoalAssists","PercentagePlayed","PointDifference","Team","Season","Round"
38,"Byrne, Ciaran",13,3,1,14,0,0,0,2,2,4,0,3,2,2,0,3,11,0,0,3,0,0,69,-34,"Carlton","2018",2
41,"Casboult, Levi",4,3,3,7,0,1,16,1,0,2,1,3,1,3,0,6,2,2,1,5,0,0,90,-34,"Carlton","2018",2
9,"Cripps, Patrick",10,2,14,24,1,2,0,6,0,4,10,3,5,2,0,20,3,1,1,1,0,0,82,-34,"Carlton","2018",2
28,"Cuningham, David",7,4,14,21,0,0,0,3,1,4,0,4,0,0,0,6,14,0,0,0,3,0,78,-34,"Carlton","2018",2
30,"Curnow, Charlie",12,6,6,18,2,1,1,1,0,2,1,2,1,1,0,12,7,2,2,3,1,0,86,-34,"Carlton","2018",2
35,"Curnow, Ed",19,7,19,38,0,2,0,10,4,7,4,2,2,0,1,14,23,0,0,1,0,0,84,-34,"Carlton","2018",2
2,"Dow, Paddy",4,1,7,11,0,0,0,2,0,6,1,1,0,0,0,8,4,0,0,1,0,0,70,-34,"Carlton","2018",2
25,"Fisher, Zac",9,1,9,18,1,0,0,8,0,5,3,1,0,1,0,10,10,0,1,2,0,1,74,-34,"Carlton","2018",2
21,"Garlett, Jarrod",8,1,3,11,0,0,0,3,0,2,0,2,1,0,0,4,7,0,0,0,0,0,73,-34,"Carlton","2018",2
14,"Jones, Liam",6,7,7,13,0,0,0,1,0,1,1,2,0,2,0,7,6,2,0,8,0,0,90,-34,"Carlton","2018",2
13,"Lamb, Jed",7,3,4,11,1,1,0,3,1,1,0,1,2,0,0,5,6,0,1,1,0,1,72,-34,"Carlton","2018",2
22,"Marchbank, Caleb",12,5,5,17,0,0,0,2,4,4,0,3,0,1,0,5,12,0,0,11,0,0,95,-34,"Carlton","2018",2
18,"Mullett, Aaron",22,6,6,28,0,1,0,2,4,6,6,7,0,1,0,13,14,0,0,1,0,1,86,-34,"Carlton","2018",2
3,"Murphy, Marc",16,7,14,30,1,0,0,3,1,5,5,8,2,1,0,9,22,0,0,0,0,0,93,-34,"Carlton","2018",2
24,"OShea, Cameron",6,2,8,14,0,0,2,3,2,2,0,6,0,3,0,4,10,0,0,7,0,0,76,-34,"Carlton","2018",2
5,"Petrevski-Seton, Sam",19,6,5,24,0,0,0,3,4,1,3,4,2,2,0,6,17,0,0,1,1,0,74,-34,"Carlton","2018",2
20,"Plowman, Lachie",12,6,5,17,0,0,0,2,4,2,0,4,2,2,0,4,13,0,0,4,0,0,97,-34,"Carlton","2018",2
29,"Polson, Cameron",3,0,4,7,0,1,0,6,0,1,0,2,1,1,0,4,5,0,0,0,0,0,73,-34,"Carlton","2018",2
6,"Simpson, Kade",22,4,7,29,0,0,0,1,5,3,1,1,2,0,0,9,19,0,0,2,5,0,94,-34,"Carlton","2018",2
39,"Thomas, Dale",5,4,9,14,0,0,0,1,0,1,1,2,2,0,0,6,8,1,0,1,1,0,78,-34,"Carlton","2018",2
23,"Weitering, Jacob",4,4,1,5,1,0,0,2,1,2,0,1,1,1,0,1,4,0,0,2,0,0,83,-34,"Carlton","2018",2
46,"Wright, Matthew",11,4,5,16,2,1,0,2,0,2,0,2,0,1,0,4,10,1,2,2,0,1,85,-34,"Carlton","2018",2
0,"Rushed",0,0,0,0,0,3,0,0,0,0,0,0,0,0,0,0,0,0,0,0,0,0,0,-34,"Carlton","2018",2
9,"Ainsworth, Ben",5,0,6,11,1,1,0,4,0,5,0,7,0,2,0,6,5,0,0,2,0,1,69,34,"Gold Coast","2018",2
29,"Bowes, Jack",9,4,6,15,0,1,0,3,4,0,1,3,3,2,0,7,7,0,0,3,0,0,77,34,"Gold Coast","2018",2
12,"Day, Sam",8,6,4,12,0,1,9,1,2,0,2,1,1,0,0,5,8,1,1,4,0,0,84,34,"Gold Coast","2018",2
8,"Fiorini, Brayden",15,4,5,20,0,1,0,1,2,1,3,4,2,0,0,9,11,0,0,1,0,0,72,34,"Gold Coast","2018",2
33,"Hall, Aaron",14,4,6,20,0,1,0,4,3,4,2,1,0,0,0,6,14,0,0,1,1,0,70,34,"Gold Coast","2018",2
5,"Harbrow, Jarrod",11,2,6,17,0,0,0,3,5,0,1,3,1,1,0,6,10,0,0,3,0,0,89,34,"Gold Coast","2018",2
39,"Holman, Nick",6,2,9,15,0,0,0,11,3,2,2,2,1,1,0,11,4,0,0,2,0,0,79,34,"Gold Coast","2018",2
38,"Joyce, Jesse",12,6,4,16,0,0,0,3,3,3,0,3,0,1,0,4,12,0,0,5,0,1,89,34,"Gold Coast","2018",2
10,"Kolodjashnij, Kade",13,3,4,17,0,0,0,4,4,2,0,5,1,0,0,4,11,1,0,2,3,0,88,34,"Gold Coast","2018",2
19,"Lynch, Tom",16,4,5,21,8,1,0,4,0,4,0,0,4,0,3,10,12,1,3,1,2,2,97,34,"Gold Coast","2018",2
25,"Lyons, Jarryd",27,2,9,36,1,0,0,6,4,10,14,4,2,1,2,26,8,0,0,0,0,3,80,34,"Gold Coast","2018",2
44,"Macpherson, Darcy",13,7,2,15,1,0,0,10,0,4,0,6,0,4,0,4,9,1,2,1,0,0,85,34,"Gold Coast","2018",2
4,"Martin, Jack",12,2,3,15,3,1,0,6,3,0,2,3,3,2,0,9,7,1,0,0,0,0,79,34,"Gold Coast","2018",2
17,"May, Steven",8,7,5,13,0,0,1,3,6,0,0,2,1,2,0,2,9,0,0,10,0,0,93,34,"Gold Coast","2018",2
11,"Miller, Touk",5,5,12,17,0,1,0,8,0,0,4,6,0,2,0,7,9,0,1,2,0,0,83,34,"Gold Coast","2018",2
35,"Rischitelli, Michael",10,4,4,14,0,0,0,3,4,3,1,3,0,1,0,5,10,0,0,2,0,0,83,34,"Gold Coast","2018",2
6,"Sexton, Alex",5,2,4,9,0,0,0,4,0,4,1,2,1,1,0,6,4,0,0,5,0,3,79,34,"Gold Coast","2018",2
24,"Swallow, David",13,5,11,24,0,0,0,8,2,2,6,1,2,1,0,15,11,0,0,0,0,0,76,34,"Gold Coast","2018",2
16,"Thompson, Rory",5,3,2,7,0,0,0,0,4,0,0,4,0,2,0,5,2,1,0,4,0,0,76,34,"Gold Coast","2018",2
14,"Weller, Lachie",3,1,11,14,0,0,0,2,3,0,1,4,0,2,0,6,9,0,0,0,4,0,86,34,"Gold Coast","2018",2
28,"Witts, Jarrod",7,2,6,13,0,0,48,3,3,5,6,1,2,1,0,9,4,0,0,4,0,0,83,34,"Gold Coast","2018",2
15,"Young, Aaron",4,2,5,9,1,0,0,2,0,1,0,3,0,0,0,4,5,0,1,4,0,0,83,34,"Gold Coast","2018",2
0,"Rushed",0,0,0,0,0,3,0,0,0,0,0,0,0,0,0,0,0,0,0,0,0,0,0,34,"Gold Coast","2018",2
