"Number","Player","Kicks","Marks","Handballs","Disposals","Goals","Behinds","Hitouts","Tackles","Rebounds50s","Inside50s","Clearances","Clangers","FreesFor","FreesAgainst","BrownlowVotes","ContestedPossessions","UncontestedPossessions","ContestedMarks","MarksInside50","OnePercenters","Bounces","GoalAssists","PercentagePlayed","PointDifference","Team","Season","Round"
21,"Atkins, Rory",18,5,10,28,0,2,0,2,2,5,2,4,1,0,0,8,17,0,1,0,1,0,86,48,"Adelaide","2018",6
16,"Brown, Luke",16,5,8,24,0,2,0,5,3,4,0,4,2,1,0,12,12,1,0,1,0,0,87,48,"Adelaide","2018",6
5,"Crouch, Matt",14,2,16,30,1,0,0,1,3,2,4,1,1,0,0,7,24,0,0,0,0,0,74,48,"Adelaide","2018",6
39,"Doedee, Tom",8,8,10,18,0,0,0,4,2,2,0,1,0,1,0,6,11,1,0,5,1,0,87,48,"Adelaide","2018",6
26,"Douglas, Richard",14,6,7,21,3,0,0,5,1,4,0,1,1,0,0,7,16,0,1,0,1,2,80,48,"Adelaide","2018",6
28,"Ellis-Yolmen, Cam",12,3,17,29,1,0,0,4,1,4,7,1,2,0,0,19,10,1,1,2,0,0,81,48,"Adelaide","2018",6
7,"Gallucci, Jordan",17,5,3,20,2,1,0,2,1,3,1,6,1,2,0,5,14,0,0,0,0,1,80,48,"Adelaide","2018",6
6,"Gibbs, Bryce",16,7,15,31,0,0,0,1,2,5,3,4,2,1,0,12,17,0,0,0,0,0,87,48,"Adelaide","2018",6
1,"Greenwood, Hugh",8,1,7,15,0,0,0,8,0,1,4,4,3,2,0,11,3,1,0,3,0,0,80,48,"Adelaide","2018",6
24,"Jacobs, Sam",4,3,10,14,0,0,33,4,1,0,2,5,2,3,0,5,9,0,0,1,0,0,90,48,"Adelaide","2018",6
4,"Jenkins, Josh",10,7,2,12,0,3,3,0,0,2,0,0,2,0,0,7,6,2,3,5,0,3,96,48,"Adelaide","2018",6
3,"Knight, Riley",8,3,9,17,2,0,0,0,2,1,1,2,2,0,0,7,10,0,1,2,0,0,85,48,"Adelaide","2018",6
29,"Laird, Rory",11,10,23,34,0,0,0,1,2,0,2,2,1,0,3,9,25,1,0,3,0,0,86,48,"Adelaide","2018",6
27,"Lynch, Tom",15,7,10,25,3,0,0,4,0,1,1,2,1,0,0,10,15,0,0,0,0,0,86,48,"Adelaide","2018",6
14,"Mackay, David",10,4,9,19,0,0,0,3,1,1,1,4,2,2,0,7,13,1,0,3,2,0,64,48,"Adelaide","2018",6
41,"McGovern, Mitch",13,7,1,14,1,2,0,1,0,6,0,1,1,0,0,4,10,1,2,1,0,0,84,48,"Adelaide","2018",6
30,"Milera, Wayne",19,5,14,33,0,0,0,2,4,3,0,2,2,0,1,6,25,1,0,4,1,1,83,48,"Adelaide","2018",6
22,"Otten, Andy",3,3,6,9,0,0,0,2,0,0,0,1,0,0,0,2,7,0,0,6,0,0,91,48,"Adelaide","2018",6
10,"Poholke, Myles",4,3,4,8,0,0,0,1,0,4,0,3,0,1,0,3,5,0,0,1,0,0,80,48,"Adelaide","2018",6
11,"Seedsman, Paul",16,8,10,26,1,0,0,5,3,4,1,2,1,1,0,6,19,0,0,1,0,1,81,48,"Adelaide","2018",6
12,"Talia, Daniel",10,8,9,19,0,0,0,2,1,1,0,1,1,0,0,8,12,2,0,10,0,0,99,48,"Adelaide","2018",6
13,"Walker, Taylor",6,3,5,11,2,2,0,1,0,1,1,0,1,0,0,5,6,1,3,1,0,0,35,48,"Adelaide","2018",6
0,"Rushed",0,0,0,0,0,2,0,0,0,0,0,0,0,0,0,0,0,0,0,0,0,0,0,48,"Adelaide","2018",6
9,"Ainsworth, Ben",3,1,6,9,1,0,0,5,0,1,1,1,0,1,0,2,7,0,0,1,0,0,68,-48,"Gold Coast","2018",6
20,"Barlow, Michael",9,6,14,23,1,0,0,3,1,3,3,4,1,4,0,7,15,0,1,0,0,0,83,-48,"Gold Coast","2018",6
29,"Bowes, Jack",9,3,6,15,0,0,0,4,3,2,3,6,0,3,0,8,6,1,0,2,0,1,77,-48,"Gold Coast","2018",6
12,"Day, Sam",7,3,4,11,0,0,5,2,1,3,3,3,2,0,0,6,5,0,0,0,0,1,87,-48,"Gold Coast","2018",6
8,"Fiorini, Brayden",11,3,11,22,0,0,0,3,2,2,4,2,0,0,0,7,15,0,0,0,0,0,85,-48,"Gold Coast","2018",6
5,"Harbrow, Jarrod",9,4,4,13,0,0,0,0,4,1,0,1,0,1,0,5,8,1,0,2,2,0,88,-48,"Gold Coast","2018",6
39,"Holman, Nick",4,0,4,8,0,1,0,3,0,2,0,1,0,1,0,5,3,0,0,1,0,0,77,-48,"Gold Coast","2018",6
38,"Joyce, Jesse",12,8,5,17,0,0,0,1,5,0,1,3,1,2,0,5,15,0,0,5,0,0,83,-48,"Gold Coast","2018",6
7,"Lonergan, Jesse",4,5,12,16,1,0,0,9,1,1,2,2,1,1,0,8,10,0,0,4,0,0,77,-48,"Gold Coast","2018",6
19,"Lynch, Tom",5,5,5,10,0,0,0,1,0,4,0,4,0,2,0,6,7,0,1,3,0,2,93,-48,"Gold Coast","2018",6
25,"Lyons, Jarryd",16,5,9,25,0,1,0,13,1,2,3,4,3,2,0,9,17,0,0,1,0,0,75,-48,"Gold Coast","2018",6
4,"Martin, Jack",9,4,3,12,1,2,0,4,1,0,0,3,0,2,0,3,10,0,2,1,1,0,84,-48,"Gold Coast","2018",6
17,"May, Steven",16,10,6,22,0,0,0,2,5,0,0,4,0,1,0,1,18,0,0,9,0,0,84,-48,"Gold Coast","2018",6
11,"Miller, Touk",10,4,10,20,1,0,0,10,2,0,5,2,1,1,0,9,11,0,1,0,0,1,76,-48,"Gold Coast","2018",6
3,"Rosa, Matt",7,2,10,17,0,0,0,1,3,2,1,0,0,0,0,6,10,0,0,2,0,0,83,-48,"Gold Coast","2018",6
6,"Sexton, Alex",8,3,4,12,1,0,0,7,2,3,0,4,1,3,0,7,6,0,0,1,0,0,84,-48,"Gold Coast","2018",6
43,"Spencer, Max",4,3,3,7,0,1,0,3,0,1,1,0,0,0,0,2,7,0,0,9,0,0,83,-48,"Gold Coast","2018",6
24,"Swallow, David",21,4,11,32,3,0,0,4,1,3,4,3,2,1,2,9,22,0,1,0,0,0,84,-48,"Gold Coast","2018",6
16,"Thompson, Rory",4,4,4,8,0,0,0,0,1,0,0,4,0,2,0,5,4,1,0,9,0,0,81,-48,"Gold Coast","2018",6
14,"Weller, Lachie",13,4,12,25,0,1,0,1,0,4,5,3,0,1,0,9,15,0,0,0,0,0,89,-48,"Gold Coast","2018",6
28,"Witts, Jarrod",6,0,6,12,0,0,31,4,2,1,4,2,2,1,0,8,4,0,0,4,0,0,81,-48,"Gold Coast","2018",6
15,"Young, Aaron",9,1,4,13,0,0,0,4,0,5,2,2,0,0,0,9,4,0,0,1,0,2,80,-48,"Gold Coast","2018",6
0,"Rushed",0,0,0,0,0,2,0,0,0,0,0,0,0,0,0,0,0,0,0,0,0,0,0,-48,"Gold Coast","2018",6
