"Number","Player","Kicks","Marks","Handballs","Disposals","Goals","Behinds","Hitouts","Tackles","Rebounds50s","Inside50s","Clearances","Clangers","FreesFor","FreesAgainst","BrownlowVotes","ContestedPossessions","UncontestedPossessions","ContestedMarks","MarksInside50","OnePercenters","Bounces","GoalAssists","PercentagePlayed","PointDifference","Team","Season","Round"
41,"Casboult, Levi",11,3,3,14,4,2,11,2,1,3,4,3,3,2,0,9,5,2,2,4,0,0,80,-24,"Carlton","2018",3
9,"Cripps, Patrick",14,7,12,26,1,1,0,1,1,4,5,8,3,4,0,13,14,1,1,2,0,0,87,-24,"Carlton","2018",3
28,"Cuningham, David",7,4,7,14,0,0,0,1,2,0,1,0,0,0,0,5,10,0,0,2,1,1,86,-24,"Carlton","2018",3
30,"Curnow, Charlie",15,9,5,20,2,2,0,0,1,5,0,2,2,1,0,7,14,1,2,1,2,0,92,-24,"Carlton","2018",3
35,"Curnow, Ed",17,3,8,25,0,0,0,7,1,3,8,5,2,1,0,8,10,0,0,0,0,0,93,-24,"Carlton","2018",3
2,"Dow, Paddy",9,4,6,15,0,1,0,2,1,3,1,2,2,0,0,6,9,0,1,0,0,0,75,-24,"Carlton","2018",3
25,"Fisher, Zac",9,1,7,16,1,0,0,6,2,0,2,2,2,1,0,8,8,0,0,1,0,0,84,-24,"Carlton","2018",3
21,"Garlett, Jarrod",9,4,3,12,1,1,0,5,2,5,2,1,0,1,0,5,7,0,0,1,0,0,77,-24,"Carlton","2018",3
14,"Jones, Liam",6,4,4,10,0,0,0,1,3,1,0,2,0,2,0,6,4,2,0,8,0,0,98,-24,"Carlton","2018",3
7,"Kennedy, Matthew",5,2,8,13,0,0,0,5,1,2,3,3,3,2,0,6,8,0,0,1,0,0,74,-24,"Carlton","2018",3
8,"Kreuzer, Matthew",16,5,7,23,1,0,25,5,1,5,3,5,1,3,0,11,10,1,0,0,0,1,80,-24,"Carlton","2018",3
13,"Lamb, Jed",5,1,4,9,0,0,0,1,0,2,0,4,0,2,0,4,6,0,0,1,0,0,83,-24,"Carlton","2018",3
22,"Marchbank, Caleb",4,0,3,7,0,0,0,0,1,2,0,1,0,0,0,3,3,0,0,1,0,0,23,-24,"Carlton","2018",3
18,"Mullett, Aaron",6,3,0,6,0,0,0,1,4,0,0,0,0,0,0,1,4,0,0,0,0,0,88,-24,"Carlton","2018",3
3,"Murphy, Marc",19,9,10,29,0,1,0,8,1,7,3,3,2,0,0,11,20,0,0,3,0,0,90,-24,"Carlton","2018",3
5,"Petrevski-Seton, Sam",4,2,11,15,0,0,0,2,2,3,1,1,0,0,0,5,9,0,0,2,0,0,80,-24,"Carlton","2018",3
20,"Plowman, Lachie",7,4,6,13,0,0,0,0,2,1,0,1,0,0,0,3,10,1,0,4,1,0,92,-24,"Carlton","2018",3
29,"Polson, Cameron",2,0,3,5,0,2,0,0,0,0,0,2,0,2,0,4,2,0,0,0,0,0,70,-24,"Carlton","2018",3
6,"Simpson, Kade",16,7,4,20,0,0,0,3,5,5,3,3,0,2,0,6,12,1,0,4,2,1,92,-24,"Carlton","2018",3
39,"Thomas, Dale",13,7,8,21,1,0,0,2,0,2,0,4,1,1,0,4,16,0,1,2,0,0,77,-24,"Carlton","2018",3
23,"Weitering, Jacob",9,3,2,11,0,0,0,2,3,1,0,5,2,3,0,4,6,1,0,6,0,0,95,-24,"Carlton","2018",3
46,"Wright, Matthew",5,2,7,12,0,0,0,1,0,1,0,2,0,1,0,4,8,0,0,0,0,2,83,-24,"Carlton","2018",3
0,"Totals",208,84,128,336,11,10,36,55,34,55,36,59,23,28,0,133,195,10,7,43,6,5,0,-24,"Carlton","2018",3
13,"Adams, Taylor",14,4,13,27,0,0,0,1,2,5,5,5,0,1,0,10,17,0,0,1,1,1,78,24,"Collingwood","2018",3
14,"Aish, James",12,7,8,20,1,0,0,1,2,3,2,0,1,0,0,7,12,1,1,4,0,0,83,24,"Collingwood","2018",3
17,"Brown, Callum",8,2,12,20,0,0,0,5,2,2,1,1,1,1,0,6,14,0,1,1,4,1,77,24,"Collingwood","2018",3
46,"Cox, Mason",3,6,6,9,0,0,4,3,0,0,0,3,2,1,0,5,3,3,1,2,0,1,80,24,"Collingwood","2018",3
25,"Crisp, Jack",18,9,14,32,0,0,0,2,3,4,3,2,1,1,0,11,21,1,0,1,1,1,88,24,"Collingwood","2018",3
39,"Crocker, Ben",5,4,5,10,0,0,0,2,0,2,1,3,1,1,0,4,6,1,0,2,0,0,76,24,"Collingwood","2018",3
15,"Dunn, Lynden",9,5,4,13,0,0,0,3,2,2,0,5,3,4,0,6,10,0,0,4,0,0,90,24,"Collingwood","2018",3
4,"Grundy, Brodie",11,6,14,25,0,0,32,8,2,2,7,3,4,2,2,13,13,1,0,3,0,1,85,24,"Collingwood","2018",3
32,"Hoskin-Elliott, Will",14,7,4,18,3,1,0,1,2,3,2,3,1,0,0,3,16,0,3,2,0,2,86,24,"Collingwood","2018",3
38,"Howe, Jeremy",14,7,4,18,0,0,0,1,6,2,0,4,3,1,0,5,13,0,0,6,0,0,86,24,"Collingwood","2018",3
8,"Langdon, Tom",14,7,8,22,0,0,0,2,2,1,0,2,1,1,0,6,15,1,0,1,0,0,90,24,"Collingwood","2018",3
37,"Maynard, Brayden",8,3,10,18,0,0,0,3,4,1,0,2,1,1,0,6,11,1,0,2,0,0,83,24,"Collingwood","2018",3
9,"Murray, Sam",13,7,8,21,0,0,0,4,1,2,0,2,1,1,0,5,16,0,0,2,3,0,76,24,"Collingwood","2018",3
10,"Pendlebury, Scott",11,4,10,21,0,0,0,12,1,4,3,0,1,0,0,5,15,0,0,5,1,1,82,24,"Collingwood","2018",3
21,"Phillips, Tom",9,6,11,20,0,0,0,6,4,0,2,1,2,0,0,9,11,0,1,1,1,0,86,24,"Collingwood","2018",3
20,"Reid, Ben",10,7,2,12,3,0,1,1,0,3,0,2,2,0,0,5,7,2,2,2,0,1,85,24,"Collingwood","2018",3
12,"Scharenberg, Matt",6,3,12,18,0,0,0,0,3,0,0,2,2,2,0,4,14,0,0,8,0,0,86,24,"Collingwood","2018",3
22,"Sidebottom, Steele",16,7,18,34,3,0,0,4,2,3,3,7,1,4,3,7,28,1,2,0,0,0,81,24,"Collingwood","2018",3
35,"Stephenson, Jaidyn",3,2,3,6,0,0,0,3,1,2,0,0,0,0,0,1,5,0,0,1,0,0,70,24,"Collingwood","2018",3
24,"Thomas, Josh",11,5,4,15,5,0,0,6,2,0,1,1,0,1,1,4,10,1,2,1,0,0,75,24,"Collingwood","2018",3
7,"Treloar, Adam",12,5,14,26,1,2,0,0,0,6,3,4,0,1,0,9,17,0,2,0,3,2,79,24,"Collingwood","2018",3
18,"Varcoe, Travis",6,0,6,12,0,1,0,1,0,3,0,2,0,0,0,5,7,0,0,1,0,3,75,24,"Collingwood","2018",3
0,"Totals",227,113,190,417,16,4,37,69,41,50,33,54,28,23,6,136,281,13,15,50,14,14,0,24,"Collingwood","2018",3
