"Number","Player","Kicks","Marks","Handballs","Disposals","Goals","Behinds","Hitouts","Tackles","Rebounds50s","Inside50s","Clearances","Clangers","FreesFor","FreesAgainst","BrownlowVotes","ContestedPossessions","UncontestedPossessions","ContestedMarks","MarksInside50","OnePercenters","Bounces","GoalAssists","PercentagePlayed","PointDifference","Team","Season","Round"
13,"Ah Chee, Callum",6,3,9,15,1,1,0,4,3,1,0,2,0,1,0,5,10,1,2,0,0,1,87,-74,"Gold Coast","2018",21
9,"Ainsworth, Ben",9,2,8,17,0,1,0,1,0,1,0,3,0,0,0,2,16,0,1,0,1,0,74,-74,"Gold Coast","2018",21
29,"Bowes, Jack",18,10,8,26,0,1,0,4,2,2,1,3,2,1,0,10,18,0,1,2,0,0,82,-74,"Gold Coast","2018",21
41,"Brodie, Will",3,1,5,8,0,0,0,3,1,0,2,4,1,1,0,4,5,0,0,0,0,0,25,-74,"Gold Coast","2018",21
32,"Crossley, Brayden",8,6,4,12,0,2,8,0,1,1,0,3,1,2,0,4,9,0,1,1,0,0,93,-74,"Gold Coast","2018",21
8,"Fiorini, Brayden",14,4,15,29,0,0,0,6,0,2,7,3,2,0,0,12,20,0,0,4,0,0,82,-74,"Gold Coast","2018",21
1,"Hanley, Pearce",15,8,8,23,0,0,0,2,4,3,3,4,0,1,0,5,19,0,1,3,0,0,64,-74,"Gold Coast","2018",21
5,"Harbrow, Jarrod",13,6,11,24,0,0,0,0,6,1,3,3,0,2,0,5,18,0,0,2,3,0,85,-74,"Gold Coast","2018",21
39,"Holman, Nick",4,2,10,14,1,0,0,6,0,0,1,1,1,0,0,8,7,1,1,3,0,0,84,-74,"Gold Coast","2018",21
38,"Joyce, Jesse",7,5,10,17,0,0,0,2,1,2,2,6,0,0,0,7,10,0,0,4,0,0,89,-74,"Gold Coast","2018",21
10,"Kolodjashnij, Kade",8,2,4,12,0,0,0,3,3,2,0,1,0,0,0,3,10,0,0,4,0,1,89,-74,"Gold Coast","2018",21
21,"Leslie, Jack",1,1,3,4,1,0,0,0,2,0,0,1,0,1,0,3,1,1,1,4,0,0,100,-74,"Gold Coast","2018",21
25,"Lyons, Jarryd",14,2,12,26,0,1,0,3,1,6,11,5,0,0,0,16,10,0,0,2,0,0,83,-74,"Gold Coast","2018",21
17,"May, Steven",11,7,4,15,0,0,1,0,5,0,0,3,0,0,0,2,11,1,0,6,1,0,94,-74,"Gold Coast","2018",21
11,"Miller, Touk",11,4,11,22,0,0,0,3,3,7,0,6,0,0,0,4,18,0,0,1,0,0,86,-74,"Gold Coast","2018",21
27,"Powell, Wil",4,1,5,9,0,0,0,2,0,0,0,1,2,0,0,6,3,0,0,0,0,0,74,-74,"Gold Coast","2018",21
35,"Rischitelli, Michael",6,5,8,14,0,0,0,0,5,0,0,1,0,1,0,6,9,0,0,4,0,0,75,-74,"Gold Coast","2018",21
6,"Sexton, Alex",8,1,4,12,1,0,0,3,2,4,0,4,0,1,0,2,8,0,0,0,3,1,89,-74,"Gold Coast","2018",21
24,"Swallow, David",12,5,14,26,1,0,0,4,3,5,5,2,3,1,0,13,14,0,0,0,0,1,81,-74,"Gold Coast","2018",21
14,"Weller, Lachie",7,2,8,15,1,1,0,0,2,2,1,4,0,1,0,7,11,0,0,3,1,0,86,-74,"Gold Coast","2018",21
28,"Witts, Jarrod",4,3,10,14,0,0,33,3,0,2,4,5,3,3,0,7,7,0,1,5,0,0,87,-74,"Gold Coast","2018",21
15,"Young, Aaron",10,6,1,11,1,0,0,3,0,3,0,3,2,2,0,3,9,1,2,2,0,0,91,-74,"Gold Coast","2018",21
0,"Rushed",0,0,0,0,0,2,0,0,0,0,0,0,0,0,0,0,0,0,0,0,0,0,0,-74,"Gold Coast","2018",21
12,"Astbury, David",4,2,6,10,0,0,0,2,2,2,0,2,1,1,0,5,6,0,0,4,0,0,96,74,"Richmond","2018",21
35,"Broad, Nathan",5,4,7,12,0,0,0,2,4,0,0,4,0,3,0,6,8,1,0,4,1,0,83,74,"Richmond","2018",21
22,"Caddy, Josh",13,6,9,22,4,2,0,0,1,1,2,0,1,0,0,7,15,1,4,2,1,0,85,74,"Richmond","2018",21
11,"Castagna, Jason",4,3,2,6,0,1,0,0,0,2,0,2,0,0,0,1,5,0,1,1,0,0,82,74,"Richmond","2018",21
9,"Cotchin, Trent",7,0,5,12,0,0,0,7,0,2,1,3,0,0,0,2,8,0,0,1,0,1,53,74,"Richmond","2018",21
10,"Edwards, Shane",4,0,17,21,1,0,0,4,1,2,4,4,0,0,0,17,8,0,0,7,0,1,80,74,"Richmond","2018",21
5,"Ellis, Brandon",10,5,7,17,2,0,0,2,4,4,3,3,0,1,0,7,10,1,0,1,0,1,81,74,"Richmond","2018",21
34,"Graham, Jack",6,2,13,19,0,0,0,3,0,2,2,5,1,3,0,7,13,0,0,0,2,1,75,74,"Richmond","2018",21
6,"Grigg, Shaun",11,2,15,26,0,0,1,5,1,3,6,1,3,0,2,13,13,0,0,1,0,0,75,74,"Richmond","2018",21
2,"Grimes, Dylan",3,1,6,9,0,0,0,5,0,1,0,2,1,0,0,5,5,0,0,1,0,0,91,74,"Richmond","2018",21
28,"Higgins, Jack",6,5,10,16,0,1,0,1,0,1,1,1,0,0,0,6,10,2,2,0,1,2,85,74,"Richmond","2018",21
14,"Houli, Bachar",14,7,12,26,0,0,0,0,1,5,1,4,0,0,0,6,19,0,0,5,0,2,75,74,"Richmond","2018",21
23,"Lambert, Kane",7,5,18,25,0,0,0,2,0,6,2,0,0,0,0,4,21,0,0,1,0,2,83,74,"Richmond","2018",21
4,"Martin, Dustin",13,1,15,28,1,0,0,2,0,6,4,3,2,1,0,10,17,0,0,0,1,1,85,74,"Richmond","2018",21
33,"McIntosh, Kamdyn",9,5,7,16,0,0,0,1,3,4,1,1,1,0,0,3,13,0,0,1,2,0,78,74,"Richmond","2018",21
3,"Prestia, Dion",15,3,8,23,0,0,0,4,1,5,5,5,1,1,0,8,17,0,1,3,0,0,75,74,"Richmond","2018",21
18,"Rance, Alex",11,4,5,16,0,0,0,1,3,1,0,8,2,3,0,7,10,2,0,13,0,0,94,74,"Richmond","2018",21
8,"Riewoldt, Jack",23,14,3,26,10,6,1,2,0,2,0,2,0,0,3,9,16,3,12,2,0,1,98,74,"Richmond","2018",21
17,"Rioli, Daniel",13,5,12,25,0,1,0,2,0,7,0,4,2,0,1,7,18,0,2,0,4,2,83,74,"Richmond","2018",21
15,"Short, Jayden",15,4,8,23,0,0,0,1,6,5,0,5,1,1,0,5,18,1,0,0,5,1,78,74,"Richmond","2018",21
47,"Soldo, Ivan",2,0,9,11,0,0,34,3,1,0,4,4,2,2,0,7,3,0,0,1,0,2,86,74,"Richmond","2018",21
1,"Vlastuin, Nick",8,6,14,22,1,0,0,2,4,3,0,3,0,1,0,10,13,0,0,4,0,0,84,74,"Richmond","2018",21
0,"Totals",203,84,208,411,19,11,36,51,32,64,36,66,18,17,6,152,266,11,22,52,17,17,0,74,"Richmond","2018",21
