"Number","Player","Kicks","Marks","Handballs","Disposals","Goals","Behinds","Hitouts","Tackles","Rebounds50s","Inside50s","Clearances","Clangers","FreesFor","FreesAgainst","BrownlowVotes","ContestedPossessions","UncontestedPossessions","ContestedMarks","MarksInside50","OnePercenters","Bounces","GoalAssists","PercentagePlayed","PointDifference","Team","Season","Round"
10,"Brayshaw, Angus",11,1,5,16,0,1,0,0,2,2,1,1,0,0,0,3,13,0,0,2,0,1,82,-42,"Melbourne","2018",12
31,"Fritsch, Bayley",13,9,6,19,1,0,0,3,1,3,0,1,3,0,0,6,12,1,2,1,0,1,72,-42,"Melbourne","2018",12
11,"Gawn, Max",7,3,10,17,1,0,33,1,0,0,2,7,1,4,0,12,5,2,1,2,0,0,88,-42,"Melbourne","2018",12
19,"Hannan, Mitch",6,2,2,8,2,0,0,1,0,2,0,2,0,1,0,0,7,0,0,1,0,1,71,-42,"Melbourne","2018",12
4,"Harmes, James",5,2,10,15,1,1,0,5,0,2,0,2,0,2,0,4,12,0,0,0,0,0,69,-42,"Melbourne","2018",12
14,"Hibberd, Michael",7,3,9,16,0,0,0,2,6,0,0,3,2,1,0,4,12,0,0,3,0,0,84,-42,"Melbourne","2018",12
1,"Hogan, Jesse",5,3,12,17,0,1,0,3,1,1,0,5,1,3,0,8,11,0,1,3,0,1,91,-42,"Melbourne","2018",12
39,"Jetta, Neville",5,0,5,10,0,0,0,2,3,0,0,1,1,1,0,7,4,0,0,7,0,0,80,-42,"Melbourne","2018",12
2,"Jones, Nathan",6,3,20,26,0,0,0,4,0,2,3,1,0,0,0,10,16,0,0,1,0,0,83,-42,"Melbourne","2018",12
6,"Lewis, Jordan",22,9,11,33,0,0,0,0,8,2,0,3,1,1,0,8,21,0,0,1,0,0,94,-42,"Melbourne","2018",12
28,"McDonald, Oscar",6,4,3,9,0,0,0,1,4,0,0,3,0,2,0,3,4,0,0,3,0,0,68,-42,"Melbourne","2018",12
25,"McDonald, Tom",9,8,7,16,6,0,0,3,0,0,1,0,1,0,0,10,6,4,5,3,0,2,93,-42,"Melbourne","2018",12
18,"Melksham, Jake",8,4,4,12,0,1,0,2,0,4,1,1,1,0,0,5,9,0,2,1,0,1,80,-42,"Melbourne","2018",12
30,"Neal-Bullen, Alex",7,3,12,19,1,1,0,6,0,3,2,2,1,2,0,9,13,0,1,0,0,2,82,-42,"Melbourne","2018",12
13,"Oliver, Clayton",13,4,18,31,1,0,0,10,3,4,6,5,2,0,0,15,18,0,0,2,0,0,80,-42,"Melbourne","2018",12
21,"Pedersen, Cameron",5,3,6,11,0,0,2,2,1,1,1,3,2,0,0,7,4,2,0,4,0,0,90,-42,"Melbourne","2018",12
5,"Petracca, Christian",10,4,5,15,0,0,0,1,2,6,3,2,0,1,0,7,10,0,0,1,0,1,77,-42,"Melbourne","2018",12
3,"Salem, Christian",12,3,4,16,0,0,0,4,2,2,1,2,0,1,0,7,8,0,0,1,0,0,80,-42,"Melbourne","2018",12
44,"Smith, Joel",7,5,9,16,0,0,0,6,4,1,0,2,2,0,0,6,11,2,0,8,0,0,90,-42,"Melbourne","2018",12
9,"Spargo, Charlie",5,4,7,12,0,1,0,7,1,2,1,2,0,0,0,3,9,0,0,1,1,0,76,-42,"Melbourne","2018",12
23,"Vince, Bernie",7,3,7,14,0,0,0,1,3,0,0,5,0,2,0,3,10,0,0,1,1,0,92,-42,"Melbourne","2018",12
7,"Viney, Jack",9,3,14,23,1,0,0,4,0,5,4,2,0,0,0,11,12,0,0,2,0,1,78,-42,"Melbourne","2018",12
0,"Rushed",0,0,0,0,0,1,0,0,0,0,0,0,0,0,0,0,0,0,0,0,0,0,0,-42,"Melbourne","2018",12
13,"Adams, Taylor",14,1,13,27,1,1,0,5,2,3,8,5,1,1,0,12,14,0,0,3,2,3,72,42,"Collingwood","2018",12
46,"Cox, Mason",12,8,4,16,5,1,9,1,0,3,1,1,2,0,3,9,7,3,5,2,0,0,86,42,"Collingwood","2018",12
25,"Crisp, Jack",12,5,11,23,0,0,0,6,4,3,3,1,2,0,0,8,16,1,0,4,4,0,93,42,"Collingwood","2018",12
26,"Daicos, Josh",10,3,6,16,0,0,0,3,1,4,1,3,2,0,0,4,11,0,1,0,0,1,79,42,"Collingwood","2018",12
2,"de Goey, Jordan",19,3,11,30,0,0,0,7,1,12,3,2,1,0,2,12,17,0,0,0,4,3,81,42,"Collingwood","2018",12
15,"Dunn, Lynden",6,2,5,11,0,0,0,4,4,0,0,0,1,0,0,5,5,0,0,9,0,0,81,42,"Collingwood","2018",12
19,"Greenwood, Levi",3,1,3,6,0,0,0,3,1,0,0,2,0,1,0,0,6,0,0,4,0,0,77,42,"Collingwood","2018",12
4,"Grundy, Brodie",4,1,9,13,0,0,38,7,0,2,4,2,5,1,0,11,4,1,0,1,0,1,88,42,"Collingwood","2018",12
32,"Hoskin-Elliott, Will",10,8,1,11,4,0,0,1,0,2,0,2,0,0,0,1,10,0,4,2,0,1,84,42,"Collingwood","2018",12
38,"Howe, Jeremy",13,8,4,17,0,1,0,4,4,0,0,2,2,0,0,8,9,2,0,2,0,0,83,42,"Collingwood","2018",12
8,"Langdon, Tom",10,9,10,20,0,0,0,3,3,2,1,4,0,3,0,5,14,2,0,0,0,0,84,42,"Collingwood","2018",12
37,"Maynard, Brayden",10,1,6,16,0,0,0,0,1,4,1,1,0,0,0,6,8,0,0,2,1,2,92,42,"Collingwood","2018",12
16,"Mayne, Chris",10,6,9,19,0,1,0,6,1,1,5,1,0,0,0,5,13,0,0,4,0,0,87,42,"Collingwood","2018",12
41,"Mihocek, Brody",8,5,1,9,1,1,0,0,0,4,0,3,0,3,0,3,7,1,1,0,0,1,82,42,"Collingwood","2018",12
10,"Pendlebury, Scott",13,2,10,23,1,0,0,5,0,2,3,3,1,1,0,8,14,0,0,2,2,0,88,42,"Collingwood","2018",12
21,"Phillips, Tom",11,2,8,19,0,0,0,2,2,4,2,4,1,1,0,5,14,0,0,0,0,2,86,42,"Collingwood","2018",12
12,"Scharenberg, Matt",6,6,7,13,0,0,0,1,1,1,0,4,0,2,0,4,10,1,0,5,0,0,91,42,"Collingwood","2018",12
22,"Sidebottom, Steele",13,8,19,32,0,3,0,5,0,6,5,3,0,1,1,14,15,1,2,2,3,3,86,42,"Collingwood","2018",12
35,"Stephenson, Jaidyn",10,5,2,12,4,3,0,6,0,1,0,3,2,2,0,5,10,0,4,1,1,0,85,42,"Collingwood","2018",12
24,"Thomas, Josh",9,5,6,15,3,1,0,0,1,3,0,3,0,0,0,5,11,0,1,0,0,0,72,42,"Collingwood","2018",12
7,"Treloar, Adam",14,7,18,32,1,0,0,2,0,3,8,1,0,1,0,8,24,0,1,1,0,3,79,42,"Collingwood","2018",12
3,"Wells, Daniel",5,4,3,8,0,0,0,0,0,3,0,2,1,1,0,3,6,0,0,0,0,0,44,42,"Collingwood","2018",12
0,"Rushed",0,0,0,0,0,1,0,0,0,0,0,0,0,0,0,0,0,0,0,0,0,0,0,42,"Collingwood","2018",12
