"Number","Player","Kicks","Marks","Handballs","Disposals","Goals","Behinds","Hitouts","Tackles","Rebounds50s","Inside50s","Clearances","Clangers","FreesFor","FreesAgainst","BrownlowVotes","ContestedPossessions","UncontestedPossessions","ContestedMarks","MarksInside50","OnePercenters","Bounces","GoalAssists","PercentagePlayed","PointDifference","Team","Season","Round"
1,"Ballantyne, Hayden",8,3,6,14,4,1,0,2,0,4,1,2,0,1,0,2,12,0,1,1,4,0,78,-9,"Fremantle","2018",23
5,"Cerra, Adam",7,3,4,11,0,0,0,6,2,2,1,2,1,1,0,2,9,0,0,2,0,0,66,-9,"Fremantle","2018",23
36,"Cox, Brennan",7,2,4,11,0,0,0,5,0,1,1,4,3,1,0,10,1,1,1,2,0,1,96,-9,"Fremantle","2018",23
4,"Darcy, Sean",2,4,6,8,0,0,35,3,0,1,2,4,1,2,0,4,4,2,0,2,0,0,86,-9,"Fremantle","2018",23
44,"Duman, Taylin",15,8,9,24,0,0,0,7,5,1,1,1,3,0,0,9,15,1,0,3,0,0,85,-9,"Fremantle","2018",23
7,"Fyfe, Nat",8,3,11,19,1,2,0,3,0,4,2,8,0,6,0,9,11,1,1,1,0,0,76,-9,"Fremantle","2018",23
28,"Grey, Brady",6,3,9,15,0,1,0,3,0,3,2,4,1,0,0,7,8,0,0,1,0,0,75,-9,"Fremantle","2018",23
21,"Hamling, Joel",10,8,9,19,0,0,0,1,4,0,0,4,2,1,0,5,12,0,0,5,0,0,94,-9,"Fremantle","2018",23
9,"Hill, Bradley",26,5,9,35,0,1,0,2,0,10,3,3,0,1,1,4,29,0,0,1,2,0,86,-9,"Fremantle","2018",23
15,"Hughes, Ethan",11,5,6,17,0,0,0,0,2,1,0,1,1,0,0,5,12,0,0,5,0,0,83,-9,"Fremantle","2018",23
37,"Johnson, Michael",11,9,4,15,0,0,0,0,5,1,0,2,0,1,0,5,9,3,0,2,0,0,85,-9,"Fremantle","2018",23
22,"Kersten, Shane",12,6,0,12,0,0,0,3,3,2,0,2,0,1,0,0,11,0,0,3,0,0,80,-9,"Fremantle","2018",23
26,"Langdon, Ed",15,10,17,32,0,2,0,4,2,3,4,1,1,0,0,9,23,0,2,2,0,1,84,-9,"Fremantle","2018",23
23,"McCarthy, Cam",11,3,6,17,0,1,0,1,1,2,1,4,0,1,0,6,11,1,1,2,0,1,88,-9,"Fremantle","2018",23
16,"Mundy, David",8,1,8,16,1,0,0,3,0,2,2,1,1,0,0,8,9,0,0,4,0,0,76,-9,"Fremantle","2018",23
27,"Neale, Lachie",12,4,22,34,1,0,0,4,2,3,9,3,2,1,0,20,14,0,0,2,0,0,81,-9,"Fremantle","2018",23
25,"Pearce, Alex",11,8,11,22,0,0,0,0,2,2,0,3,0,1,0,8,14,0,0,4,0,0,90,-9,"Fremantle","2018",23
11,"Sheridan, Tom",8,6,13,21,0,1,0,3,1,2,1,2,1,0,0,3,18,0,2,0,0,1,86,-9,"Fremantle","2018",23
39,"Switkowski, Sam",10,5,7,17,1,1,0,3,1,4,1,2,2,0,0,7,9,0,1,0,0,1,68,-9,"Fremantle","2018",23
20,"Taberner, Matthew",10,6,5,15,1,1,3,2,0,2,1,3,2,3,0,10,5,5,0,2,0,0,89,-9,"Fremantle","2018",23
18,"Tucker, Darcy",3,0,8,11,0,1,0,2,0,1,3,0,0,0,0,6,5,0,0,0,0,0,65,-9,"Fremantle","2018",23
14,"Wilson, Nathan",17,3,1,18,0,0,0,1,5,2,1,1,2,0,0,5,12,0,0,4,0,0,84,-9,"Fremantle","2018",23
0,"Rushed",0,0,0,0,0,1,0,0,0,0,0,0,0,0,0,0,0,0,0,0,0,0,0,-9,"Fremantle","2018",23
13,"Adams, Taylor",17,3,9,26,1,1,0,3,2,7,4,5,0,1,0,11,15,0,0,0,1,0,76,9,"Collingwood","2018",23
14,"Aish, James",7,0,9,16,0,1,0,5,2,1,0,4,1,1,0,9,8,0,0,3,0,1,91,9,"Collingwood","2018",23
46,"Cox, Mason",10,6,3,13,1,0,6,2,0,4,0,5,3,2,0,10,4,3,2,2,0,1,92,9,"Collingwood","2018",23
25,"Crisp, Jack",11,3,9,20,1,0,0,6,4,1,3,2,1,2,0,6,13,0,0,4,1,0,98,9,"Collingwood","2018",23
2,"de Goey, Jordan",16,5,3,19,0,1,0,1,0,5,2,7,0,2,0,6,13,1,0,0,0,3,84,9,"Collingwood","2018",23
19,"Greenwood, Levi",8,1,4,12,0,0,0,6,2,1,1,1,1,1,0,2,10,0,0,0,0,0,84,9,"Collingwood","2018",23
4,"Grundy, Brodie",11,6,13,24,0,0,34,4,2,4,6,1,2,1,0,15,10,3,0,3,0,1,89,9,"Collingwood","2018",23
32,"Hoskin-Elliott, Will",6,4,5,11,0,0,0,2,0,3,1,1,0,1,0,3,8,0,0,0,0,0,64,9,"Collingwood","2018",23
8,"Langdon, Tom",8,3,5,13,0,0,0,2,1,0,0,6,2,4,0,7,7,0,0,13,0,0,98,9,"Collingwood","2018",23
44,"Madgen, Jack",7,4,7,14,0,0,0,1,2,0,0,6,1,2,0,4,9,0,0,4,0,0,92,9,"Collingwood","2018",23
37,"Maynard, Brayden",11,3,6,17,0,0,0,6,6,0,0,4,1,0,0,7,8,0,0,4,0,0,88,9,"Collingwood","2018",23
16,"Mayne, Chris",6,3,3,9,0,1,0,1,1,0,0,0,0,0,0,2,7,1,2,0,0,0,57,9,"Collingwood","2018",23
41,"Mihocek, Brody",8,6,7,15,3,2,0,3,0,2,0,4,1,2,0,4,10,1,2,0,0,0,84,9,"Collingwood","2018",23
28,"Murphy, Nathan",6,3,3,9,0,0,0,1,5,0,0,3,1,0,0,3,6,0,0,2,0,0,70,9,"Collingwood","2018",23
43,"Oxley, Adam",6,2,5,11,0,0,0,2,3,1,0,0,0,0,0,1,8,0,0,0,0,0,67,9,"Collingwood","2018",23
10,"Pendlebury, Scott",16,4,14,30,1,0,0,5,1,2,11,4,2,0,2,16,15,0,1,1,0,0,84,9,"Collingwood","2018",23
21,"Phillips, Tom",15,2,5,20,1,0,0,5,2,5,2,0,2,0,0,9,11,0,0,1,0,0,87,9,"Collingwood","2018",23
22,"Sidebottom, Steele",20,7,12,32,0,1,0,4,2,7,2,2,1,0,3,7,22,0,0,4,0,1,91,9,"Collingwood","2018",23
36,"Sier, Brayden",7,2,16,23,0,0,0,5,1,1,1,4,0,0,0,12,10,0,0,1,0,0,63,9,"Collingwood","2018",23
35,"Stephenson, Jaidyn",6,3,2,8,2,1,0,3,0,0,0,1,0,0,0,3,5,0,3,2,0,0,87,9,"Collingwood","2018",23
24,"Thomas, Josh",11,4,6,17,1,0,0,3,1,4,0,4,1,3,0,6,11,0,0,1,0,2,79,9,"Collingwood","2018",23
18,"Varcoe, Travis",6,1,7,13,0,0,0,3,0,2,0,4,1,1,0,7,4,0,0,2,0,1,73,9,"Collingwood","2018",23
0,"Rushed",0,0,0,0,0,2,0,0,0,0,0,0,0,0,0,0,0,0,0,0,0,0,0,9,"Collingwood","2018",23
