"Number","Player","Kicks","Marks","Handballs","Disposals","Goals","Behinds","Hitouts","Tackles","Rebounds50s","Inside50s","Clearances","Clangers","FreesFor","FreesAgainst","BrownlowVotes","ContestedPossessions","UncontestedPossessions","ContestedMarks","MarksInside50","OnePercenters","Bounces","GoalAssists","PercentagePlayed","PointDifference","Team","Season","Round"
36,"Aliir, Aliir",6,3,4,10,0,0,2,1,3,0,0,4,1,1,0,7,5,1,0,6,0,0,82,-9,"Sydney","2018",23
7,"Cunningham, Harry",14,3,4,18,1,1,0,6,1,4,2,0,5,0,0,7,12,0,1,2,0,0,91,-9,"Sydney","2018",23
34,"Dawson, Jordan",7,4,2,9,0,1,1,2,0,2,1,1,0,0,0,4,5,1,1,0,0,0,58,-9,"Sydney","2018",23
13,"Florent, Oliver",8,2,6,14,1,2,0,6,1,2,1,2,1,0,0,5,8,1,1,0,0,1,77,-9,"Sydney","2018",23
42,"Fox, Robbie",4,3,3,7,0,0,0,0,0,0,0,3,1,1,0,3,6,0,0,5,0,1,72,-9,"Sydney","2018",23
39,"Grundy, Heath",10,6,12,22,0,0,0,0,2,2,0,0,3,0,0,10,12,1,0,3,0,0,82,-9,"Sydney","2018",23
4,"Hannebery, Dan",6,2,6,12,0,0,0,3,0,2,0,4,1,2,0,3,9,0,0,0,0,0,49,-9,"Sydney","2018",23
9,"Hayward, Will",7,2,7,14,0,2,0,3,0,2,2,3,2,1,0,10,4,0,0,2,0,0,82,-9,"Sydney","2018",23
5,"Heeney, Isaac",9,3,9,18,2,0,0,9,1,3,4,4,2,0,1,11,6,1,0,1,0,1,88,-9,"Sydney","2018",23
29,"Hewett, George",11,0,13,24,0,0,0,6,2,4,12,4,3,2,2,19,5,0,0,0,0,1,87,-9,"Sydney","2018",23
15,"Jack, Kieren",13,2,0,13,1,2,0,4,1,1,0,3,0,0,0,2,7,0,0,0,0,0,83,-9,"Sydney","2018",23
10,"Jones, Zak",6,4,5,11,0,0,0,1,0,0,0,1,0,0,0,3,8,0,0,5,0,0,88,-9,"Sydney","2018",23
12,"Kennedy, Josh",10,1,10,20,1,2,0,9,2,4,5,2,2,0,0,11,7,0,1,1,0,1,80,-9,"Sydney","2018",23
44,"Lloyd, Jake",23,9,8,31,0,0,0,4,7,6,1,5,1,1,0,10,21,0,0,6,0,0,91,-9,"Sydney","2018",23
30,"McCartin, Tom",4,2,5,9,1,1,0,4,0,2,0,2,0,2,0,2,7,0,1,0,0,0,85,-9,"Sydney","2018",23
3,"McVeigh, Jarrad",13,5,5,18,0,0,0,3,8,3,1,2,1,1,0,5,12,0,0,2,0,0,88,-9,"Sydney","2018",23
28,"Newman, Nic",12,6,4,16,0,0,0,6,0,2,2,2,1,0,0,3,11,0,0,1,0,0,64,-9,"Sydney","2018",23
11,"Papley, Tom",9,3,7,16,2,1,0,1,0,3,2,1,1,1,0,7,9,0,1,0,1,0,89,-9,"Sydney","2018",23
24,"Rampe, Dane",12,8,6,18,0,0,0,2,5,1,0,3,1,0,0,4,15,0,0,10,0,0,100,-9,"Sydney","2018",23
27,"Robinson, Dan",2,1,7,9,0,0,0,4,0,1,0,1,0,1,0,3,6,0,0,1,0,0,87,-9,"Sydney","2018",23
25,"Ronke, Ben",8,1,2,10,0,0,0,6,0,6,2,4,2,2,0,3,6,0,0,1,0,0,88,-9,"Sydney","2018",23
18,"Sinclair, Callum",13,6,2,15,1,1,28,1,0,3,1,3,2,2,0,6,9,1,1,3,0,0,90,-9,"Sydney","2018",23
0,"Rushed",0,0,0,0,0,1,0,0,0,0,0,0,0,0,0,0,0,0,0,0,0,0,0,-9,"Sydney","2018",23
30,"Brand, Kaiden",7,5,3,10,0,0,0,2,1,0,0,2,0,0,0,4,5,0,0,5,0,0,90,9,"Hawthorn","2018",23
22,"Breust, Luke",7,3,11,18,1,0,0,2,0,4,1,1,0,1,0,10,9,0,2,2,0,2,81,9,"Hawthorn","2018",23
9,"Burgoyne, Shaun",14,2,5,19,0,1,0,4,0,6,4,1,3,0,0,10,9,1,1,0,0,0,72,9,"Hawthorn","2018",23
5,"Burton, Ryan",16,5,2,18,0,0,0,0,6,1,2,3,1,1,0,6,9,0,0,4,0,0,85,9,"Hawthorn","2018",23
19,"Gunston, Jack",9,3,3,12,2,1,1,4,0,1,0,1,2,0,0,5,7,0,1,2,0,0,93,9,"Hawthorn","2018",23
15,"Hardwick, Blake",6,1,3,9,0,0,0,0,1,2,0,3,1,2,0,4,4,0,0,8,0,0,82,9,"Hawthorn","2018",23
31,"Henderson, Ricky",10,5,3,13,2,0,0,4,0,1,2,1,0,0,0,3,9,0,3,1,0,1,73,9,"Hawthorn","2018",23
4,"Impey, Jarman",17,4,5,22,0,1,0,1,3,2,0,4,2,2,0,5,15,0,0,2,1,0,81,9,"Hawthorn","2018",23
7,"McEvoy, Ben",7,4,8,15,0,1,52,3,0,1,7,2,3,2,3,12,5,3,1,9,0,0,81,9,"Hawthorn","2018",23
42,"Miles, Teia",8,4,0,8,0,0,0,3,3,1,1,3,0,1,0,1,6,0,0,1,0,0,81,9,"Hawthorn","2018",23
32,"Mirra, David",4,3,3,7,0,0,0,1,2,0,0,3,0,3,0,3,4,0,0,11,0,0,80,9,"Hawthorn","2018",23
3,"Mitchell, Tom",10,2,14,24,0,0,0,11,3,3,7,4,2,3,0,16,8,0,0,1,0,1,87,9,"Hawthorn","2018",23
35,"Morrison, Harry",16,4,4,20,1,2,0,5,4,3,1,6,0,1,0,8,12,0,0,0,1,0,72,9,"Hawthorn","2018",23
45,"Nash, Conor",4,2,8,12,0,2,0,4,0,2,0,3,0,2,0,7,4,1,1,3,0,1,74,9,"Hawthorn","2018",23
10,"OMeara, Jaeger",10,3,8,18,0,1,0,5,0,5,5,1,0,0,0,11,8,0,0,0,0,0,83,9,"Hawthorn","2018",23
28,"Puopolo, Paul",7,1,2,9,3,0,0,3,0,1,0,3,1,2,0,5,5,0,0,1,0,1,88,9,"Hawthorn","2018",23
2,"Roughead, Jarryd",6,3,5,11,1,0,9,2,0,2,3,2,0,1,0,7,4,1,2,2,0,2,82,9,"Hawthorn","2018",23
25,"Schoenmakers, Ryan",5,3,2,7,1,0,1,0,0,1,0,4,0,3,0,3,4,1,1,1,0,0,69,9,"Hawthorn","2018",23
26,"Shiels, Liam",16,2,10,26,0,0,0,4,1,9,7,1,1,1,0,10,14,0,0,1,0,0,84,9,"Hawthorn","2018",23
16,"Smith, Isaac",10,4,6,16,0,0,0,2,3,0,1,6,0,3,0,5,10,0,0,1,0,0,87,9,"Hawthorn","2018",23
24,"Stratton, Ben",5,1,2,7,0,0,0,0,3,1,1,0,1,0,0,2,4,0,0,6,0,0,100,9,"Hawthorn","2018",23
38,"Worpel, James",11,3,12,23,1,1,0,2,2,4,3,3,0,2,0,9,14,0,2,0,0,1,74,9,"Hawthorn","2018",23
0,"Rushed",0,0,0,0,0,1,0,0,0,0,0,0,0,0,0,0,0,0,0,0,0,0,0,9,"Hawthorn","2018",23
