"Number","Player","Kicks","Marks","Handballs","Disposals","Goals","Behinds","Hitouts","Tackles","Rebounds50s","Inside50s","Clearances","Clangers","FreesFor","FreesAgainst","BrownlowVotes","ContestedPossessions","UncontestedPossessions","ContestedMarks","MarksInside50","OnePercenters","Bounces","GoalAssists","PercentagePlayed","PointDifference","Team","Season","Round"
12,"Baguley, Mark",9,5,5,14,0,1,0,3,2,2,1,2,2,2,0,6,8,0,0,2,0,0,91,43,"Essendon","2018",21
2,"Bellchambers, Tom",3,3,10,13,0,1,25,0,1,2,3,2,1,0,0,5,8,1,1,3,0,1,93,43,"Essendon","2018",21
28,"Brown, Mitch",9,10,6,15,0,1,0,0,1,0,0,2,1,2,0,5,10,2,1,0,0,1,100,43,"Essendon","2018",21
32,"Colyer, Travis",10,5,7,17,0,1,0,0,0,7,1,1,1,0,0,5,12,0,0,0,1,0,86,43,"Essendon","2018",21
13,"Fantasia, Orazio",10,4,4,14,2,3,0,5,0,3,2,4,3,1,0,8,6,0,3,0,1,0,69,43,"Essendon","2018",21
10,"Francis, Aaron",10,4,3,13,1,0,0,3,3,1,0,1,2,0,0,6,6,1,0,6,0,0,93,43,"Essendon","2018",21
9,"Goddard, Brendon",2,0,2,4,0,0,0,0,0,0,0,0,0,0,0,0,4,0,0,1,0,0,6,43,"Essendon","2018",21
21,"Heppell, Dyson",22,11,7,29,1,2,0,2,0,8,4,2,3,0,0,9,19,2,1,1,0,2,90,43,"Essendon","2018",21
26,"Hooker, Cale",4,1,3,7,1,0,0,0,2,0,0,3,2,2,0,6,0,1,1,2,0,0,67,43,"Essendon","2018",21
18,"Hurley, Michael",16,13,5,21,0,0,0,1,6,0,0,3,1,1,0,3,17,0,0,4,0,0,97,43,"Essendon","2018",21
4,"Langford, Kyle",11,7,11,22,2,2,0,6,0,4,1,1,1,1,1,5,16,0,3,0,0,0,81,43,"Essendon","2018",21
43,"McDonald-Tipungwuti, Anthony",9,3,6,15,5,0,0,7,0,1,2,0,3,0,3,9,6,0,1,1,0,0,89,43,"Essendon","2018",21
1,"McGrath, Andrew",19,8,14,33,0,0,0,1,5,2,0,4,0,0,0,7,26,0,0,3,2,2,96,43,"Essendon","2018",21
45,"McKenna, Conor",13,3,7,20,1,0,0,2,5,4,0,2,1,0,0,5,13,1,0,3,5,3,92,43,"Essendon","2018",21
41,"McNiece, Ben",6,5,7,13,0,0,0,0,1,1,0,1,0,1,0,3,11,0,0,3,0,0,91,43,"Essendon","2018",21
7,"Merrett, Zach",15,4,21,36,0,0,0,5,2,5,3,1,0,0,0,11,25,0,0,0,0,0,90,43,"Essendon","2018",21
23,"Myers, David",21,9,8,29,2,0,0,5,3,7,6,5,3,2,2,13,18,0,2,2,0,2,86,43,"Essendon","2018",21
3,"Parish, Darcy",9,2,14,23,0,0,0,5,0,3,5,2,0,0,0,12,11,0,0,2,0,0,92,43,"Essendon","2018",21
42,"Saad, Adam",0,0,2,2,0,0,0,0,0,0,0,0,0,0,0,0,2,0,0,0,1,0,18,43,"Essendon","2018",21
5,"Smith, Devon",17,7,7,24,1,0,0,8,1,5,4,3,1,0,0,9,17,0,1,2,1,0,92,43,"Essendon","2018",21
25,"Stringer, Jake",10,7,2,12,2,2,0,1,0,4,0,3,0,0,0,5,8,2,4,3,0,1,92,43,"Essendon","2018",21
11,"Zaharakis, David",10,6,8,18,0,0,0,1,1,1,1,0,0,0,0,1,17,0,0,1,0,1,90,43,"Essendon","2018",21
0,"Rushed",0,0,0,0,0,1,0,0,0,0,0,0,0,0,0,0,0,0,0,0,0,0,0,43,"Essendon","2018",21
8,"Acres, Blake",6,3,15,21,0,0,0,3,0,5,2,3,2,2,0,7,14,0,0,2,1,1,72,-43,"St Kilda","2018",21
20,"Armitage, David",12,8,13,25,0,1,0,3,5,1,0,2,1,0,0,3,21,0,0,1,1,1,84,-43,"St Kilda","2018",21
15,"Billings, Jack",14,7,11,25,2,1,0,1,3,2,0,3,0,0,0,7,17,1,2,0,0,0,89,-43,"St Kilda","2018",21
22,"Brown, Nathan",4,0,0,4,0,0,0,0,1,2,1,1,0,0,0,1,3,0,0,4,0,0,93,-43,"St Kilda","2018",21
2,"Carlisle, Jake",7,4,1,8,0,0,0,2,2,0,1,0,0,0,0,4,4,1,0,5,0,0,90,-43,"St Kilda","2018",21
10,"Freeman, Nathan",9,5,5,14,1,1,0,2,1,2,0,0,1,0,0,5,9,0,0,1,0,1,55,-43,"St Kilda","2018",21
14,"Geary, Jarryn",9,5,7,16,0,0,0,1,3,3,0,3,0,2,0,6,9,0,1,2,0,0,85,-43,"St Kilda","2018",21
4,"Gresham, Jade",6,3,5,11,2,2,0,2,0,2,2,2,0,2,0,1,9,0,2,0,0,0,79,-43,"St Kilda","2018",21
21,"Long, Ben",6,1,4,10,1,0,0,2,1,2,4,2,1,1,0,7,3,1,1,4,0,0,72,-43,"St Kilda","2018",21
13,"Lonie, Jack",7,4,4,11,2,0,0,3,0,2,0,3,0,1,0,1,11,0,2,0,0,2,81,-43,"St Kilda","2018",21
43,"Marshall, Rowan",9,7,5,14,1,1,13,0,0,3,0,3,2,2,0,6,9,2,1,5,0,1,87,-43,"St Kilda","2018",21
36,"McKenzie, Daniel",7,5,4,11,0,0,0,1,3,1,0,4,2,3,0,4,8,1,0,5,0,0,89,-43,"St Kilda","2018",21
28,"Membrey, Tim",8,7,5,13,0,2,0,0,0,1,0,2,1,0,0,7,7,2,3,4,0,0,92,-43,"St Kilda","2018",21
16,"Newnes, Jack",4,2,7,11,1,1,0,4,1,1,1,0,0,0,0,6,6,1,1,1,1,0,82,-43,"St Kilda","2018",21
45,"Paton, Ben",6,2,3,9,1,1,0,0,0,2,0,0,0,0,0,3,6,0,1,0,0,0,69,-43,"St Kilda","2018",21
42,"Pierce, Lewis",5,5,13,18,0,0,27,2,0,1,4,2,0,2,0,6,11,2,0,2,0,0,79,-43,"St Kilda","2018",21
37,"Rice, Bailey",3,0,2,5,0,0,0,1,0,0,0,3,0,3,0,4,2,0,0,7,0,0,76,-43,"St Kilda","2018",21
6,"Ross, Sebastian",22,7,21,43,0,0,0,4,4,9,5,5,1,1,0,9,35,0,0,4,3,1,93,-43,"St Kilda","2018",21
35,"Sinclair, Jack",9,3,11,20,0,1,0,2,2,0,2,4,0,2,0,10,11,0,0,0,2,0,84,-43,"St Kilda","2018",21
9,"Steele, Jack",11,7,20,31,0,0,0,8,4,5,2,4,1,1,0,14,18,3,0,3,0,1,91,-43,"St Kilda","2018",21
3,"Steven, Jack",11,4,12,23,0,1,0,3,1,1,3,4,0,1,0,6,17,0,0,2,0,0,79,-43,"St Kilda","2018",21
29,"Webster, Jimmy",11,4,2,13,0,0,0,2,4,1,1,3,0,2,0,2,11,0,0,0,0,0,80,-43,"St Kilda","2018",21
0,"Rushed",0,0,0,0,0,1,0,0,0,0,0,0,0,0,0,0,0,0,0,0,0,0,0,-43,"St Kilda","2018",21
