"Number","Player","Kicks","Marks","Handballs","Disposals","Goals","Behinds","Hitouts","Tackles","Rebounds50s","Inside50s","Clearances","Clangers","FreesFor","FreesAgainst","BrownlowVotes","ContestedPossessions","UncontestedPossessions","ContestedMarks","MarksInside50","OnePercenters","Bounces","GoalAssists","PercentagePlayed","PointDifference","Team","Season","Round"
1,"Boak, Travis",7,5,10,17,1,0,0,8,0,3,0,1,0,0,0,5,12,1,1,2,0,1,88,10,"Port Adelaide","2018",14
26,"Bonner, Riley",10,4,6,16,0,0,0,1,3,0,1,2,2,2,0,5,12,0,0,0,0,0,77,10,"Port Adelaide","2018",14
33,"Byrne-Jones, Darcy",8,4,2,10,0,0,0,1,4,0,2,1,1,1,0,5,5,0,0,2,0,0,80,10,"Port Adelaide","2018",14
17,"Clurey, Tom",6,4,4,10,0,0,0,8,3,0,0,0,1,0,0,2,7,0,0,7,0,0,92,10,"Port Adelaide","2018",14
22,"Dixon, Charlie",5,3,4,9,1,1,8,5,0,1,1,1,2,1,0,10,0,3,1,3,0,1,95,10,"Port Adelaide","2018",14
7,"Ebert, Brad",13,5,5,18,2,0,0,3,2,4,2,2,1,1,0,7,9,0,1,3,0,1,73,10,"Port Adelaide","2018",14
9,"Gray, Robbie",5,3,10,15,2,1,0,3,2,0,3,4,2,3,0,10,7,0,0,4,0,0,96,10,"Port Adelaide","2018",14
46,"Gray, Sam",4,1,8,12,1,0,0,2,0,1,0,0,2,0,0,6,7,0,0,2,0,0,74,10,"Port Adelaide","2018",14
43,"Houston, Dan",12,4,3,15,0,0,0,6,7,2,1,0,0,0,0,7,6,0,0,0,0,0,82,10,"Port Adelaide","2018",14
32,"Howard, Dougal",9,5,2,11,0,0,0,3,4,0,0,3,0,0,0,6,6,1,0,14,0,0,88,10,"Port Adelaide","2018",14
42,"Jonas, Tom",15,11,5,20,0,0,0,3,5,0,1,1,3,0,2,8,12,1,0,12,0,0,97,10,"Port Adelaide","2018",14
13,"Marshall, Todd",5,3,4,9,0,1,0,3,0,3,0,0,2,0,0,5,5,0,0,1,0,0,62,10,"Port Adelaide","2018",14
6,"Motlop, Steven",10,5,5,15,0,0,0,5,1,4,1,3,0,2,0,3,12,0,0,0,3,2,74,10,"Port Adelaide","2018",14
29,"Pittard, Jasper",13,0,7,20,0,0,0,2,6,3,0,4,2,0,0,6,10,0,0,6,0,0,84,10,"Port Adelaide","2018",14
21,"Polec, Jared",15,4,8,23,0,0,0,5,7,3,1,3,0,2,0,7,18,0,0,2,1,1,88,10,"Port Adelaide","2018",14
2,"Powell-Pepper, Sam",4,2,11,15,0,0,0,17,0,0,3,4,1,3,0,7,10,0,0,1,0,0,82,10,"Port Adelaide","2018",14
11,"Rockliff, Tom",14,4,6,20,0,0,0,2,4,1,4,4,2,1,0,9,12,0,0,1,0,0,59,10,"Port Adelaide","2018",14
4,"Ryder, Paddy",6,4,4,10,0,0,40,2,3,1,4,2,1,2,0,9,1,3,1,5,0,0,80,10,"Port Adelaide","2018",14
48,"Thomas, Lindsay",7,2,4,11,1,1,0,5,1,4,0,3,0,2,0,5,7,0,2,3,0,1,75,10,"Port Adelaide","2018",14
39,"Westhoff, Justin",10,5,2,12,2,2,9,6,2,2,2,0,1,0,0,7,6,3,2,5,0,0,92,10,"Port Adelaide","2018",14
16,"Wines, Ollie",16,4,13,29,0,2,0,5,1,5,8,5,3,3,1,18,9,3,1,0,0,0,80,10,"Port Adelaide","2018",14
20,"Wingard, Chad",9,1,10,19,1,0,0,4,1,2,4,2,4,1,0,11,8,0,1,2,1,0,83,10,"Port Adelaide","2018",14
0,"Rushed",0,0,0,0,0,1,0,0,0,0,0,0,0,0,0,0,0,0,0,0,0,0,0,10,"Port Adelaide","2018",14
10,"Brayshaw, Angus",15,3,13,28,0,0,0,8,0,4,6,8,0,3,0,14,14,1,0,1,0,0,82,-10,"Melbourne","2018",14
31,"Fritsch, Bayley",9,5,4,13,0,1,0,5,1,3,2,1,1,0,0,6,8,1,0,3,0,0,73,-10,"Melbourne","2018",14
11,"Gawn, Max",11,4,5,16,0,1,53,2,1,2,3,3,2,2,0,6,8,2,0,1,0,1,85,-10,"Melbourne","2018",14
19,"Hannan, Mitch",9,2,2,11,2,3,0,4,0,2,0,1,1,0,0,3,7,0,2,0,0,0,85,-10,"Melbourne","2018",14
4,"Harmes, James",7,3,13,20,0,0,0,2,2,4,3,4,1,2,0,11,8,2,0,0,0,0,76,-10,"Melbourne","2018",14
14,"Hibberd, Michael",14,2,7,21,0,0,0,0,4,3,0,4,1,1,0,12,7,2,0,3,0,0,83,-10,"Melbourne","2018",14
1,"Hogan, Jesse",5,2,7,12,0,1,0,5,0,2,1,4,1,0,0,7,6,0,0,2,0,0,86,-10,"Melbourne","2018",14
39,"Jetta, Neville",5,1,4,9,0,0,0,3,1,1,0,2,2,1,0,6,3,0,0,6,0,0,84,-10,"Melbourne","2018",14
2,"Jones, Nathan",14,0,14,28,0,0,0,6,1,8,5,3,2,1,0,11,16,0,0,0,0,0,81,-10,"Melbourne","2018",14
6,"Lewis, Jordan",13,2,8,21,0,0,0,3,3,4,2,2,5,0,0,14,7,2,0,2,0,0,93,-10,"Melbourne","2018",14
28,"McDonald, Oscar",6,1,4,10,0,0,0,1,4,1,0,6,1,3,0,7,4,1,0,5,0,0,100,-10,"Melbourne","2018",14
25,"McDonald, Tom",7,4,6,13,3,2,0,2,0,1,0,0,0,0,0,6,7,1,3,2,1,1,86,-10,"Melbourne","2018",14
18,"Melksham, Jake",9,3,3,12,1,0,0,5,0,5,1,8,1,6,0,3,9,1,0,1,0,3,84,-10,"Melbourne","2018",14
30,"Neal-Bullen, Alex",6,2,6,12,0,1,0,9,0,1,0,1,0,1,0,3,8,0,1,0,0,0,75,-10,"Melbourne","2018",14
13,"Oliver, Clayton",10,3,18,28,0,0,0,6,1,5,8,4,1,1,0,17,10,1,0,2,0,0,85,-10,"Melbourne","2018",14
5,"Petracca, Christian",9,6,8,17,1,0,0,4,0,6,2,5,0,2,0,8,7,0,0,0,0,0,92,-10,"Melbourne","2018",14
3,"Salem, Christian",7,1,6,13,1,0,0,2,2,1,1,2,0,2,0,4,7,0,0,1,0,0,78,-10,"Melbourne","2018",14
44,"Smith, Joel",4,2,2,6,0,0,0,2,2,1,0,1,0,1,0,0,7,0,0,4,0,0,84,-10,"Melbourne","2018",14
38,"Smith, Tim",3,1,4,7,1,0,1,6,0,4,1,0,1,0,0,6,2,0,1,4,0,0,57,-10,"Melbourne","2018",14
12,"Tyson, Dom",4,3,12,16,0,0,0,5,1,3,3,2,0,1,0,7,11,0,0,1,0,0,75,-10,"Melbourne","2018",14
23,"Vince, Bernie",7,1,6,13,0,0,0,2,1,2,2,2,1,2,0,6,7,0,0,3,0,0,79,-10,"Melbourne","2018",14
7,"Viney, Jack",14,1,17,31,0,0,0,7,0,6,14,3,3,1,3,20,12,0,0,1,0,0,80,-10,"Melbourne","2018",14
0,"Rushed",0,0,0,0,0,2,0,0,0,0,0,0,0,0,0,0,0,0,0,0,0,0,0,-10,"Melbourne","2018",14
