"Number","Player","Kicks","Marks","Handballs","Disposals","Goals","Behinds","Hitouts","Tackles","Rebounds50s","Inside50s","Clearances","Clangers","FreesFor","FreesAgainst","BrownlowVotes","ContestedPossessions","UncontestedPossessions","ContestedMarks","MarksInside50","OnePercenters","Bounces","GoalAssists","PercentagePlayed","PointDifference","Team","Season","Round"
9,"Cripps, Patrick",10,1,17,27,0,0,0,7,0,6,8,4,4,2,3,19,11,0,0,1,0,2,95,13,"Carlton","2018",8
30,"Curnow, Charlie",8,5,1,9,3,2,0,4,1,2,1,1,1,1,0,6,2,4,5,0,0,0,90,13,"Carlton","2018",8
35,"Curnow, Ed",15,5,9,24,2,1,0,13,0,5,7,2,2,1,2,10,13,0,0,1,0,0,93,13,"Carlton","2018",8
2,"Dow, Paddy",3,1,8,11,0,0,0,4,0,2,2,1,1,1,0,7,6,0,0,1,1,1,76,13,"Carlton","2018",8
25,"Fisher, Zac",8,3,7,15,1,0,0,5,0,3,4,1,1,1,0,6,12,0,0,0,0,1,78,13,"Carlton","2018",8
21,"Garlett, Jarrod",4,2,2,6,0,0,0,5,0,1,1,2,0,1,0,2,4,0,0,2,0,1,74,13,"Carlton","2018",8
32,"Graham, Nick",9,5,5,14,0,2,0,7,0,2,3,1,0,1,0,6,8,0,1,2,0,0,64,13,"Carlton","2018",8
14,"Jones, Liam",8,3,4,12,0,0,0,2,1,2,0,0,3,0,0,5,7,1,0,16,0,0,100,13,"Carlton","2018",8
11,"Kerridge, Sam",9,4,8,17,1,0,0,7,1,1,2,0,1,0,0,10,7,1,1,0,0,0,78,13,"Carlton","2018",8
8,"Kreuzer, Matthew",15,3,5,20,0,1,31,7,2,5,8,4,5,0,1,19,2,1,1,3,0,1,88,13,"Carlton","2018",8
13,"Lamb, Jed",8,3,7,15,2,0,0,3,0,4,0,2,2,2,0,9,7,0,0,1,0,3,78,13,"Carlton","2018",8
16,"Lang, Darcy",11,5,2,13,2,0,0,4,1,0,2,3,0,1,0,5,8,0,0,1,0,0,76,13,"Carlton","2018",8
10,"McKay, Harry",7,4,0,7,2,1,3,3,0,4,0,0,1,0,0,3,5,1,0,1,0,0,85,13,"Carlton","2018",8
18,"Mullett, Aaron",12,5,2,14,0,0,0,2,4,1,1,0,0,0,0,3,10,0,0,0,0,0,68,13,"Carlton","2018",8
4,"OBrien, Lochie",13,8,2,15,0,0,0,1,4,3,1,2,0,0,0,3,12,0,1,1,1,0,72,13,"Carlton","2018",8
24,"OShea, Cameron",6,3,4,10,0,0,0,3,1,1,1,2,3,1,0,5,6,1,0,3,0,0,77,13,"Carlton","2018",8
5,"Petrevski-Seton, Sam",5,1,5,10,1,0,0,8,1,0,1,1,0,0,0,9,3,0,0,0,0,0,72,13,"Carlton","2018",8
20,"Plowman, Lachie",6,3,3,9,0,0,0,2,2,0,0,1,0,1,0,2,7,0,0,0,0,0,86,13,"Carlton","2018",8
17,"Rowe, Sam",6,3,1,7,0,0,0,1,1,0,0,1,0,1,0,4,3,1,0,9,0,0,100,13,"Carlton","2018",8
6,"Simpson, Kade",21,8,7,28,0,0,0,0,6,2,0,1,1,0,0,9,17,0,0,4,2,0,95,13,"Carlton","2018",8
39,"Thomas, Dale",26,14,3,29,0,0,0,2,9,1,1,6,0,2,0,4,23,0,0,11,1,0,81,13,"Carlton","2018",8
46,"Wright, Matthew",9,3,8,17,0,0,0,1,0,5,2,1,1,0,0,10,7,0,0,1,0,1,76,13,"Carlton","2018",8
0,"Totals",219,92,110,329,14,7,34,91,34,50,45,36,26,16,6,156,180,10,9,58,5,10,0,13,"Carlton","2018",8
29,"Ambrose, Patrick",7,3,1,8,1,0,0,9,1,2,0,1,2,1,0,5,4,2,1,11,0,0,91,-13,"Essendon","2018",8
12,"Baguley, Mark",5,5,9,14,0,0,0,5,2,1,1,1,4,0,0,6,8,0,0,1,0,0,87,-13,"Essendon","2018",8
2,"Bellchambers, Tom",6,1,3,9,0,1,55,3,3,3,4,2,0,1,0,4,2,0,0,8,0,0,85,-13,"Essendon","2018",8
13,"Fantasia, Orazio",8,4,10,18,2,2,0,5,0,2,1,3,1,1,0,10,6,0,2,2,0,1,75,-13,"Essendon","2018",8
9,"Goddard, Brendon",6,2,10,16,0,0,0,0,1,3,4,3,1,3,0,7,8,1,0,1,0,0,75,-13,"Essendon","2018",8
21,"Heppell, Dyson",14,5,13,27,1,0,0,1,0,5,1,3,1,1,0,9,18,1,2,2,0,2,78,-13,"Essendon","2018",8
26,"Hooker, Cale",14,8,9,23,0,1,0,3,2,5,1,3,0,0,0,10,12,2,0,9,0,0,82,-13,"Essendon","2018",8
18,"Hurley, Michael",10,3,7,17,0,0,0,1,2,2,0,1,0,1,0,6,9,0,0,3,0,0,78,-13,"Essendon","2018",8
33,"Laverde, Jayden",5,2,4,9,0,1,0,0,0,2,0,0,1,0,0,2,6,0,1,1,0,0,76,-13,"Essendon","2018",8
43,"McDonald-Tipungwuti, Anthony",5,3,4,9,1,1,0,7,0,2,1,5,0,3,0,4,6,0,0,0,1,0,79,-13,"Essendon","2018",8
45,"McKenna, Conor",19,3,0,19,1,0,0,3,6,4,2,1,0,1,0,7,7,0,1,4,5,0,92,-13,"Essendon","2018",8
44,"McKernan, Shaun",11,8,5,16,2,2,8,4,1,2,1,2,0,1,0,7,9,3,3,1,0,0,88,-13,"Essendon","2018",8
41,"McNiece, Ben",7,2,3,10,0,0,0,4,1,2,0,2,1,0,0,5,6,0,0,3,1,1,80,-13,"Essendon","2018",8
7,"Merrett, Zach",9,1,7,16,1,1,0,8,3,1,1,3,1,1,0,9,8,0,0,0,0,0,81,-13,"Essendon","2018",8
19,"Mutch, Kobe",8,4,3,11,0,0,0,1,2,2,1,3,0,1,0,5,8,1,0,2,0,1,75,-13,"Essendon","2018",8
23,"Myers, David",12,3,8,20,0,0,0,7,3,3,4,8,0,5,0,14,9,0,0,3,0,0,80,-13,"Essendon","2018",8
3,"Parish, Darcy",4,2,9,13,0,2,0,3,1,1,3,1,0,1,0,6,8,0,2,0,0,0,76,-13,"Essendon","2018",8
42,"Saad, Adam",9,1,9,18,0,0,0,3,2,3,1,1,2,0,0,6,13,0,0,3,4,1,85,-13,"Essendon","2018",8
5,"Smith, Devon",11,2,10,21,0,0,0,15,2,4,5,3,1,1,0,10,11,0,1,1,0,0,89,-13,"Essendon","2018",8
17,"Stewart, James",5,3,6,11,0,1,0,2,0,0,0,2,1,2,0,6,5,1,0,3,0,0,79,-13,"Essendon","2018",8
25,"Stringer, Jake",11,2,3,14,0,1,0,1,0,1,2,2,0,1,0,4,7,1,0,2,0,0,83,-13,"Essendon","2018",8
11,"Zaharakis, David",15,7,10,25,1,0,0,6,3,4,7,4,0,1,0,16,10,2,1,0,0,1,85,-13,"Essendon","2018",8
0,"Rushed",0,0,0,0,0,5,0,0,0,0,0,0,0,0,0,0,0,0,0,0,0,0,0,-13,"Essendon","2018",8
