"Number","Player","Kicks","Marks","Handballs","Disposals","Goals","Behinds","Hitouts","Tackles","Rebounds50s","Inside50s","Clearances","Clangers","FreesFor","FreesAgainst","BrownlowVotes","ContestedPossessions","UncontestedPossessions","ContestedMarks","MarksInside50","OnePercenters","Bounces","GoalAssists","PercentagePlayed","PointDifference","Team","Season","Round"
1,"Ballantyne, Hayden",7,4,3,10,0,0,0,1,0,1,1,5,0,1,0,3,6,0,0,1,0,1,72,-28,"Fremantle","2018",10
41,"Banfield, Bailey",10,5,5,15,0,0,0,3,2,4,3,3,1,1,0,5,11,0,0,4,0,0,88,-28,"Fremantle","2018",10
19,"Blakely, Connor",9,5,3,12,0,0,0,5,1,2,0,4,0,2,0,1,14,0,0,3,0,0,76,-28,"Fremantle","2018",10
8,"Brayshaw, Andrew",9,1,8,17,1,0,0,3,3,2,2,2,1,0,0,6,12,0,0,2,1,0,66,-28,"Fremantle","2018",10
5,"Cerra, Adam",6,3,9,15,0,1,0,9,0,2,0,1,0,0,0,7,9,0,1,0,0,0,80,-28,"Fremantle","2018",10
36,"Cox, Brennan",6,4,4,10,1,2,6,2,0,2,0,4,2,1,0,4,8,0,0,1,0,1,95,-28,"Fremantle","2018",10
7,"Fyfe, Nat",14,4,17,31,1,0,1,8,3,3,8,3,7,2,0,24,10,2,0,2,0,0,92,-28,"Fremantle","2018",10
21,"Hamling, Joel",6,7,4,10,0,0,0,0,5,0,0,5,0,1,0,5,7,1,0,11,0,0,95,-28,"Fremantle","2018",10
32,"Hill, Stephen",11,5,1,12,0,0,0,4,0,2,0,1,0,0,0,0,12,0,0,2,0,0,80,-28,"Fremantle","2018",10
37,"Johnson, Michael",11,8,4,15,1,0,0,4,4,2,1,3,0,2,0,4,10,1,0,0,0,0,83,-28,"Fremantle","2018",10
26,"Langdon, Ed",19,6,7,26,0,0,0,6,4,4,4,9,2,3,0,9,18,0,1,1,0,2,87,-28,"Fremantle","2018",10
3,"Matera, Brandon",7,2,6,13,0,0,0,2,0,2,0,3,1,0,0,5,10,0,0,1,1,0,76,-28,"Fremantle","2018",10
23,"McCarthy, Cam",5,1,4,9,1,1,0,2,0,2,1,3,1,1,0,6,5,0,1,3,0,1,86,-28,"Fremantle","2018",10
16,"Mundy, David",15,6,9,24,1,0,0,4,1,6,3,5,0,2,0,7,17,2,2,0,0,0,90,-28,"Fremantle","2018",10
27,"Neale, Lachie",7,0,13,20,0,0,0,6,0,2,6,5,0,3,0,12,8,0,0,0,0,0,81,-28,"Fremantle","2018",10
25,"Pearce, Alex",4,1,5,9,0,0,0,2,1,2,0,2,0,1,0,3,7,0,0,6,1,0,96,-28,"Fremantle","2018",10
6,"Pearce, Danyle",5,3,8,13,0,0,0,5,0,1,4,1,0,0,0,7,7,0,0,2,0,0,68,-28,"Fremantle","2018",10
38,"Ryan, Luke",22,10,6,28,0,0,0,4,10,0,2,3,0,0,0,10,18,0,0,4,0,0,84,-28,"Fremantle","2018",10
31,"Sandilands, Aaron",0,0,7,7,0,0,35,2,0,0,4,1,2,1,0,7,0,0,0,4,0,0,74,-28,"Fremantle","2018",10
18,"Tucker, Darcy",9,0,5,14,0,0,0,4,4,3,2,1,0,0,0,5,8,0,0,4,0,0,69,-28,"Fremantle","2018",10
10,"Walters, Michael",16,8,11,27,2,1,0,6,0,2,0,5,3,3,2,13,14,1,1,2,0,0,81,-28,"Fremantle","2018",10
14,"Wilson, Nathan",11,5,3,14,0,0,0,1,3,2,0,0,1,0,0,3,12,1,0,4,0,0,81,-28,"Fremantle","2018",10
0,"Rushed",0,0,0,0,0,5,0,0,0,0,0,0,0,0,0,0,0,0,0,0,0,0,0,-28,"Fremantle","2018",10
3,"Anderson, Jed",8,1,11,19,0,2,0,8,0,4,5,3,0,3,0,13,7,0,0,1,0,0,76,28,"North Melbourne","2018",10
18,"Atley, Shaun",11,2,8,19,1,2,0,4,0,6,0,2,1,0,0,8,11,0,0,0,0,2,88,28,"North Melbourne","2018",10
50,"Brown, Ben",7,3,3,10,2,1,0,2,0,1,0,0,2,0,0,9,2,2,2,2,0,1,92,28,"North Melbourne","2018",10
13,"Clarke, Ryan",5,2,8,13,0,0,0,1,3,0,1,4,0,0,0,7,7,0,0,1,0,0,66,28,"North Melbourne","2018",10
10,"Cunnington, Ben",8,1,12,20,0,0,0,8,0,3,8,5,0,2,0,12,10,0,0,0,0,0,75,28,"North Melbourne","2018",10
14,"Dumont, Trent",7,3,8,15,0,1,0,4,1,3,1,1,2,0,0,6,9,0,0,2,0,0,87,28,"North Melbourne","2018",10
24,"Durdin, Sam",5,1,1,6,0,0,4,1,0,2,0,3,0,2,0,1,4,0,0,4,0,0,54,28,"North Melbourne","2018",10
22,"Goldstein, Todd",4,0,4,8,1,1,42,2,1,2,3,1,0,0,0,4,5,0,0,4,0,0,83,28,"North Melbourne","2018",10
39,"Hartung, Billy",7,7,12,19,0,0,0,4,1,4,0,1,0,1,0,6,12,0,0,0,4,1,76,28,"North Melbourne","2018",10
4,"Higgins, Shaun",18,5,7,25,0,2,0,3,3,5,5,0,2,0,0,10,14,0,0,0,0,0,87,28,"North Melbourne","2018",10
5,"Jacobs, Ben",11,4,18,29,1,0,0,9,0,1,4,8,3,4,3,18,10,0,2,1,0,0,85,28,"North Melbourne","2018",10
34,"Macmillan, Jamie",16,7,5,21,0,0,0,4,5,4,0,3,1,0,0,4,18,0,0,4,1,0,87,28,"North Melbourne","2018",10
11,"McDonald, Luke",13,5,5,18,0,0,0,3,2,5,0,7,0,2,0,2,16,0,0,2,0,0,87,28,"North Melbourne","2018",10
12,"Simpkin, Jy",6,1,11,17,1,0,0,4,0,4,3,3,0,1,0,11,6,0,0,3,0,2,76,28,"North Melbourne","2018",10
25,"Tarrant, Robbie",10,2,3,13,0,0,0,2,2,2,0,4,3,1,0,4,8,0,0,8,0,0,93,28,"North Melbourne","2018",10
16,"Thompson, Scott",14,5,1,15,0,0,0,0,6,2,0,1,4,0,0,6,9,0,0,8,0,0,92,28,"North Melbourne","2018",10
28,"Turner, Kayne",12,4,11,23,1,2,0,6,2,3,3,4,3,1,0,15,11,0,1,3,0,1,78,28,"North Melbourne","2018",10
30,"Waite, Jarrad",15,5,4,19,3,0,0,4,0,3,1,7,0,1,1,8,12,1,2,0,0,0,96,28,"North Melbourne","2018",10
2,"Williams, Marley",8,3,4,12,0,0,0,2,3,3,1,0,0,0,0,4,8,0,0,2,0,0,82,28,"North Melbourne","2018",10
32,"Wood, Mason",6,1,4,10,2,0,0,4,0,2,0,2,1,1,0,5,5,0,0,2,0,0,77,28,"North Melbourne","2018",10
19,"Wright, Sam",5,3,2,7,0,0,0,1,2,1,0,3,1,1,0,2,4,1,0,1,1,0,78,28,"North Melbourne","2018",10
7,"Ziebell, Jack",6,2,5,11,0,2,0,3,1,0,0,6,1,1,0,8,4,0,2,3,0,0,86,28,"North Melbourne","2018",10
0,"Rushed",0,0,0,0,0,1,0,0,0,0,0,0,0,0,0,0,0,0,0,0,0,0,0,28,"North Melbourne","2018",10
