"Number","Player","Kicks","Marks","Handballs","Disposals","Goals","Behinds","Hitouts","Tackles","Rebounds50s","Inside50s","Clearances","Clangers","FreesFor","FreesAgainst","BrownlowVotes","ContestedPossessions","UncontestedPossessions","ContestedMarks","MarksInside50","OnePercenters","Bounces","GoalAssists","PercentagePlayed","PointDifference","Team","Season","Round"
10,"Brayshaw, Angus",20,4,11,31,0,2,0,4,2,7,8,1,4,1,3,16,17,0,0,3,0,0,74,54,"Melbourne","2018",16
31,"Fritsch, Bayley",17,2,8,25,0,1,0,1,2,3,2,2,2,1,0,14,11,1,0,1,0,0,79,54,"Melbourne","2018",16
17,"Frost, Sam",3,1,6,9,0,0,0,4,0,0,0,2,0,1,0,6,3,0,0,6,0,0,93,54,"Melbourne","2018",16
36,"Garlett, Jeff",6,2,8,14,1,0,0,6,0,1,1,4,0,2,0,6,8,0,1,1,1,0,81,54,"Melbourne","2018",16
11,"Gawn, Max",11,6,9,20,1,1,42,1,0,4,3,2,5,1,2,9,11,1,1,4,0,1,84,54,"Melbourne","2018",16
4,"Harmes, James",12,3,12,24,1,0,0,5,1,5,1,2,1,0,0,6,18,0,0,3,2,0,76,54,"Melbourne","2018",16
14,"Hibberd, Michael",9,3,8,17,0,1,0,3,0,3,0,2,0,1,0,5,12,0,0,2,0,0,84,54,"Melbourne","2018",16
1,"Hogan, Jesse",12,7,7,19,2,3,4,2,0,6,0,6,1,3,0,8,11,1,3,3,0,0,92,54,"Melbourne","2018",16
39,"Jetta, Neville",6,5,7,13,0,0,0,1,1,1,0,2,1,0,0,4,10,1,0,4,0,0,84,54,"Melbourne","2018",16
2,"Jones, Nathan",10,4,12,22,1,1,0,2,0,3,1,6,0,4,0,7,17,0,0,2,0,0,84,54,"Melbourne","2018",16
6,"Lewis, Jordan",14,5,7,21,0,1,0,1,1,6,2,7,3,3,0,6,15,1,0,1,0,0,87,54,"Melbourne","2018",16
28,"McDonald, Oscar",11,3,2,13,0,0,0,1,3,1,0,2,0,1,0,2,8,0,0,7,0,0,98,54,"Melbourne","2018",16
25,"McDonald, Tom",11,7,8,19,1,2,3,0,0,6,3,1,0,0,0,8,11,0,2,7,0,1,89,54,"Melbourne","2018",16
18,"Melksham, Jake",9,2,6,15,1,1,0,0,0,4,2,1,0,0,0,7,7,0,0,2,0,0,75,54,"Melbourne","2018",16
30,"Neal-Bullen, Alex",9,3,5,14,1,2,0,4,0,3,0,2,1,1,0,4,9,0,1,0,0,1,70,54,"Melbourne","2018",16
13,"Oliver, Clayton",15,5,20,35,2,1,0,7,2,7,4,3,0,0,1,19,16,0,1,1,0,1,84,54,"Melbourne","2018",16
5,"Petracca, Christian",12,5,17,29,0,3,0,5,1,3,5,3,2,0,0,20,11,0,1,4,0,1,86,54,"Melbourne","2018",16
3,"Salem, Christian",19,5,10,29,1,1,0,1,5,5,1,4,0,1,0,9,19,0,0,3,0,0,84,54,"Melbourne","2018",16
44,"Smith, Joel",2,2,6,8,0,0,0,7,0,0,0,1,2,0,0,3,6,0,0,2,0,0,72,54,"Melbourne","2018",16
9,"Spargo, Charlie",8,5,5,13,1,0,0,3,1,3,0,5,0,1,0,0,13,0,1,0,0,1,70,54,"Melbourne","2018",16
15,"Stretch, Billy",15,5,9,24,0,2,0,4,0,5,3,2,1,0,0,9,16,1,0,1,0,0,76,54,"Melbourne","2018",16
7,"Viney, Jack",9,5,19,28,0,1,0,7,0,2,6,1,0,0,0,10,17,0,0,1,0,0,77,54,"Melbourne","2018",16
0,"Rushed",0,0,0,0,0,1,0,0,0,0,0,0,0,0,0,0,0,0,0,0,0,0,0,54,"Melbourne","2018",16
35,"Apeness, Michael",3,2,2,5,0,0,8,6,0,1,0,5,1,4,0,2,3,0,0,3,0,0,90,-54,"Fremantle","2018",16
41,"Banfield, Bailey",6,3,8,14,0,0,0,2,2,1,0,1,1,0,0,9,6,0,0,2,0,0,67,-54,"Fremantle","2018",16
8,"Brayshaw, Andrew",8,3,8,16,0,0,0,8,3,1,2,3,1,1,0,2,14,0,0,1,0,0,73,-54,"Fremantle","2018",16
5,"Cerra, Adam",16,7,7,23,0,1,0,3,5,1,3,2,1,1,0,6,16,0,0,0,0,0,80,-54,"Fremantle","2018",16
36,"Cox, Brennan",4,3,6,10,2,0,0,3,0,1,1,3,2,0,0,6,4,1,1,1,0,0,85,-54,"Fremantle","2018",16
4,"Darcy, Sean",4,0,9,13,0,1,24,3,1,1,3,5,2,3,0,11,2,0,0,2,0,0,88,-54,"Fremantle","2018",16
42,"Giro, Stefan",9,1,8,17,0,0,0,3,0,1,1,4,0,1,0,5,11,0,0,0,0,0,77,-54,"Fremantle","2018",16
21,"Hamling, Joel",13,5,1,14,0,0,0,2,11,1,1,3,1,0,0,4,7,0,0,6,0,0,93,-54,"Fremantle","2018",16
9,"Hill, Bradley",14,1,5,19,0,0,0,2,4,2,2,4,0,2,0,6,15,0,0,2,0,1,82,-54,"Fremantle","2018",16
32,"Hill, Stephen",12,4,13,25,0,0,0,11,3,3,3,4,0,2,0,12,13,0,0,3,2,0,88,-54,"Fremantle","2018",16
15,"Hughes, Ethan",7,4,5,12,0,0,0,2,4,0,0,1,1,0,0,3,9,0,0,0,0,0,74,-54,"Fremantle","2018",16
22,"Kersten, Shane",7,5,5,12,0,0,0,1,3,1,0,3,2,2,0,3,8,0,0,4,0,0,85,-54,"Fremantle","2018",16
26,"Langdon, Ed",12,7,2,14,0,0,0,3,6,2,0,5,2,1,0,3,11,0,0,0,0,1,84,-54,"Fremantle","2018",16
3,"Matera, Brandon",7,1,5,12,0,0,0,4,0,1,1,2,0,1,0,3,9,0,0,0,0,0,77,-54,"Fremantle","2018",16
16,"Mundy, David",7,4,12,19,1,0,0,5,3,1,5,2,0,1,0,9,11,0,0,2,0,0,81,-54,"Fremantle","2018",16
27,"Neale, Lachie",5,3,13,18,0,0,0,3,0,1,3,1,0,1,0,9,8,0,0,0,0,0,86,-54,"Fremantle","2018",16
25,"Pearce, Alex",4,3,7,11,0,0,0,6,0,0,0,2,0,0,0,7,4,1,0,5,0,0,90,-54,"Fremantle","2018",16
38,"Ryan, Luke",9,1,6,15,0,0,0,2,3,0,1,3,1,0,0,8,8,0,0,2,0,0,83,-54,"Fremantle","2018",16
11,"Sheridan, Tom",11,4,12,23,2,0,0,5,1,2,2,1,1,1,0,6,16,0,0,2,0,0,74,-54,"Fremantle","2018",16
18,"Tucker, Darcy",3,1,5,8,0,0,0,1,1,1,0,2,0,1,0,5,3,0,0,0,0,0,64,-54,"Fremantle","2018",16
10,"Walters, Michael",11,3,11,22,2,0,0,2,0,4,0,2,5,0,0,11,13,1,1,1,0,0,91,-54,"Fremantle","2018",16
14,"Wilson, Nathan",16,5,1,17,0,0,0,1,5,2,0,5,0,1,0,0,12,0,0,4,0,1,86,-54,"Fremantle","2018",16
0,"Rushed",0,0,0,0,0,4,0,0,0,0,0,0,0,0,0,0,0,0,0,0,0,0,0,-54,"Fremantle","2018",16
