"Number","Player","Kicks","Marks","Handballs","Disposals","Goals","Behinds","Hitouts","Tackles","Rebounds50s","Inside50s","Clearances","Clangers","FreesFor","FreesAgainst","BrownlowVotes","ContestedPossessions","UncontestedPossessions","ContestedMarks","MarksInside50","OnePercenters","Bounces","GoalAssists","PercentagePlayed","PointDifference","Team","Season","Round"
22,"Breust, Luke",7,3,5,12,0,2,0,3,0,3,1,2,0,1,0,5,7,0,3,1,1,1,79,-33,"Hawthorn","2018",17
5,"Burton, Ryan",12,5,6,18,0,0,0,3,4,1,0,3,1,1,0,6,14,0,0,3,1,0,83,-33,"Hawthorn","2018",17
18,"Ceglar, Jonathon",3,3,6,9,0,0,30,1,0,2,2,2,1,1,0,6,4,1,0,6,0,0,81,-33,"Hawthorn","2018",17
8,"Duryea, Taylor",5,3,2,7,1,0,0,1,0,1,0,4,0,1,0,2,5,1,1,0,0,0,66,-33,"Hawthorn","2018",17
12,"Frawley, James",13,3,2,15,0,0,0,0,4,1,0,4,1,0,0,6,8,1,0,5,0,0,93,-33,"Hawthorn","2018",17
19,"Gunston, Jack",9,5,7,16,2,0,0,2,1,1,0,2,1,0,0,6,12,0,2,3,0,1,94,-33,"Hawthorn","2018",17
15,"Hardwick, Blake",11,6,10,21,0,0,0,0,1,1,0,2,1,2,0,11,10,2,1,0,0,0,82,-33,"Hawthorn","2018",17
31,"Henderson, Ricky",8,3,6,14,0,1,0,5,2,0,1,3,2,1,0,7,8,1,1,2,0,0,78,-33,"Hawthorn","2018",17
17,"Howe, Daniel",9,5,6,15,0,0,0,4,0,3,1,6,1,4,0,7,9,0,1,2,0,0,76,-33,"Hawthorn","2018",17
4,"Impey, Jarman",11,2,4,15,0,0,0,2,3,2,0,2,1,0,0,5,10,0,0,1,1,0,87,-33,"Hawthorn","2018",17
42,"Miles, Teia",10,6,6,16,0,0,0,2,2,3,0,2,0,1,0,3,13,1,0,2,0,0,76,-33,"Hawthorn","2018",17
3,"Mitchell, Tom",15,7,28,43,1,1,0,7,1,5,2,4,3,1,0,12,31,0,1,0,1,1,87,-33,"Hawthorn","2018",17
35,"Morrison, Harry",6,5,8,14,0,0,0,3,0,2,0,2,0,0,0,3,11,1,0,1,0,1,69,-33,"Hawthorn","2018",17
23,"OBrien, Tim",4,0,3,7,0,0,2,1,1,1,0,0,2,0,0,4,3,0,0,1,0,0,68,-33,"Hawthorn","2018",17
10,"OMeara, Jaeger",15,2,12,27,4,0,0,8,0,2,7,7,1,3,1,12,14,0,0,2,0,0,82,-33,"Hawthorn","2018",17
28,"Puopolo, Paul",8,2,5,13,0,0,0,4,1,3,0,1,2,0,0,5,10,0,0,1,0,0,81,-33,"Hawthorn","2018",17
2,"Roughead, Jarryd",8,4,5,13,0,1,0,5,0,5,5,3,0,2,0,11,3,2,1,2,0,1,86,-33,"Hawthorn","2018",17
26,"Shiels, Liam",19,4,15,34,0,1,0,7,1,12,7,1,0,0,0,15,18,0,0,0,0,0,82,-33,"Hawthorn","2018",17
6,"Sicily, James",17,9,6,23,0,0,0,1,7,4,0,5,2,0,0,6,18,2,0,2,1,0,88,-33,"Hawthorn","2018",17
16,"Smith, Isaac",12,6,12,24,0,0,0,2,1,1,2,6,0,2,0,4,20,0,0,3,0,0,87,-33,"Hawthorn","2018",17
24,"Stratton, Ben",5,4,5,10,0,0,0,3,0,0,0,0,0,0,0,2,8,0,0,9,0,0,96,-33,"Hawthorn","2018",17
11,"Whitecross, Brendan",9,5,9,18,1,2,0,3,0,2,1,2,1,2,0,3,15,1,1,1,0,0,78,-33,"Hawthorn","2018",17
0,"Rushed",0,0,0,0,0,3,0,0,0,0,0,0,0,0,0,0,0,0,0,0,0,0,0,-33,"Hawthorn","2018",17
43,"Barrett, Jake",2,2,11,13,0,0,0,2,0,2,0,3,0,1,0,5,8,0,0,1,0,3,77,33,"Brisbane Lions","2018",17
9,"Beams, Dayne",23,7,10,33,0,1,0,2,4,8,7,5,0,1,2,14,20,0,1,0,0,2,89,33,"Brisbane Lions","2018",17
13,"Berry, Jarrod",7,6,17,24,1,0,0,6,0,1,2,2,3,0,0,15,12,0,2,1,0,0,74,33,"Brisbane Lions","2018",17
3,"Christensen, Allen",6,1,9,15,1,1,0,3,0,2,0,5,2,1,0,10,6,0,0,0,0,0,73,33,"Brisbane Lions","2018",17
20,"Cox, Cedric",3,2,7,10,0,0,0,3,2,0,0,1,0,1,0,5,5,0,0,2,0,0,74,33,"Brisbane Lions","2018",17
26,"Cutler, Tom",13,3,7,20,0,0,0,0,2,2,2,6,0,1,0,7,13,0,1,1,1,0,91,33,"Brisbane Lions","2018",17
27,"Gardiner, Darcy",6,4,4,10,0,0,0,2,3,0,0,3,0,2,0,1,10,0,0,10,0,0,95,33,"Brisbane Lions","2018",17
30,"Hipwood, Eric",12,7,0,12,3,2,0,1,0,4,0,4,0,2,0,3,9,2,4,1,0,0,83,33,"Brisbane Lions","2018",17
35,"Lester, Ryan",11,5,5,16,0,0,0,2,6,0,0,4,1,0,0,8,10,0,0,3,0,0,86,33,"Brisbane Lions","2018",17
12,"Martin, Stefan",6,3,11,17,0,0,33,4,1,2,7,1,1,1,0,13,4,1,0,2,0,0,83,33,"Brisbane Lions","2018",17
36,"Mathieson, Rhys",4,0,11,15,0,0,0,4,2,1,3,0,2,0,0,10,8,0,0,1,0,1,68,33,"Brisbane Lions","2018",17
6,"McCluggage, Hugh",8,3,21,29,1,0,0,4,3,1,5,3,1,1,0,14,15,0,0,0,0,2,84,33,"Brisbane Lions","2018",17
46,"McInerney, Oscar",7,3,5,12,0,0,7,3,1,4,2,4,1,1,0,9,3,2,1,3,0,0,79,33,"Brisbane Lions","2018",17
25,"McStay, Daniel",4,3,6,10,2,0,0,1,0,1,0,1,0,0,0,7,4,1,2,3,0,1,84,33,"Brisbane Lions","2018",17
16,"Rayner, Cam",10,4,9,19,3,0,0,2,2,2,2,6,0,1,3,5,13,0,1,2,0,0,81,33,"Brisbane Lions","2018",17
10,"Rich, Daniel",11,3,8,19,0,0,0,7,5,3,2,2,1,1,0,6,10,0,0,4,0,0,83,33,"Brisbane Lions","2018",17
18,"Robertson, Nick",6,3,8,14,0,0,0,2,2,1,1,0,1,0,0,5,9,1,0,5,0,0,83,33,"Brisbane Lions","2018",17
5,"Robinson, Mitch",10,1,7,17,2,1,0,5,1,3,4,1,4,0,0,9,9,1,1,2,0,0,75,33,"Brisbane Lions","2018",17
28,"Taylor, Lewis",7,3,6,13,1,0,0,2,0,3,0,3,0,0,0,4,9,0,0,1,0,1,76,33,"Brisbane Lions","2018",17
14,"Walker, Josh",12,8,8,20,0,0,0,2,0,2,2,3,2,2,0,13,6,4,0,13,0,0,94,33,"Brisbane Lions","2018",17
29,"Witherden, Alex",19,6,8,27,0,0,0,2,8,3,1,2,1,1,0,4,19,0,0,3,0,0,84,33,"Brisbane Lions","2018",17
15,"Zorko, Dayne",19,0,5,24,1,2,0,7,1,6,4,8,2,3,0,11,13,0,0,0,0,1,84,33,"Brisbane Lions","2018",17
0,"Rushed",0,0,0,0,0,1,0,0,0,0,0,0,0,0,0,0,0,0,0,0,0,0,0,33,"Brisbane Lions","2018",17
