"Number","Player","Kicks","Marks","Handballs","Disposals","Goals","Behinds","Hitouts","Tackles","Rebounds50s","Inside50s","Clearances","Clangers","FreesFor","FreesAgainst","BrownlowVotes","ContestedPossessions","UncontestedPossessions","ContestedMarks","MarksInside50","OnePercenters","Bounces","GoalAssists","PercentagePlayed","PointDifference","Team","Season","Round"
41,"Ah Chee, Brendon",4,3,5,9,0,0,0,2,1,1,1,2,0,1,0,8,2,2,0,2,0,0,78,47,"West Coast","2018",9
37,"Barrass, Tom",8,3,1,9,0,0,0,2,4,0,0,1,1,1,0,2,5,0,0,5,0,0,89,47,"West Coast","2018",9
28,"Cole, Tom",8,5,6,14,0,0,0,3,3,0,0,2,0,0,0,4,10,0,0,3,1,0,83,47,"West Coast","2018",9
15,"Cripps, Jamie",5,5,2,7,2,0,0,0,0,2,0,0,0,0,0,2,5,1,3,1,0,0,85,47,"West Coast","2018",9
27,"Darling, Jack",20,15,1,21,6,2,0,2,0,4,0,2,1,1,2,11,10,6,8,6,0,2,89,47,"West Coast","2018",9
14,"Duggan, Liam",12,4,6,18,0,0,0,4,4,2,0,3,3,0,0,10,9,0,0,1,0,0,85,47,"West Coast","2018",9
3,"Gaff, Andrew",14,8,10,24,1,0,0,3,0,1,2,1,3,0,1,10,15,1,1,1,1,0,89,47,"West Coast","2018",9
25,"Hurn, Shannon",16,8,4,20,0,0,0,1,4,2,0,1,0,1,0,2,14,0,0,1,0,0,92,47,"West Coast","2018",9
34,"Hutchings, Mark",11,2,9,20,0,0,0,2,3,4,5,1,1,0,0,6,13,0,0,2,0,1,84,47,"West Coast","2018",9
23,"Jetta, Lewis",7,0,7,14,0,0,0,4,1,3,1,1,0,0,0,2,12,0,0,0,0,0,78,47,"West Coast","2018",9
17,"Kennedy, Josh",9,5,4,13,3,2,0,0,0,0,0,4,1,1,0,3,9,0,4,1,0,1,83,47,"West Coast","2018",9
2,"LeCras, Mark",11,5,6,17,3,0,0,4,2,2,0,1,2,1,0,6,12,0,1,0,0,2,88,47,"West Coast","2018",9
29,"Lycett, Scott",7,4,6,13,0,1,20,2,1,1,3,3,0,1,0,6,6,0,1,4,0,0,62,47,"West Coast","2018",9
7,"Masten, Chris",10,6,6,16,0,1,0,2,2,0,1,1,1,0,0,5,11,0,0,0,0,0,89,47,"West Coast","2018",9
20,"McGovern, Jeremy",11,9,3,14,1,0,0,3,7,1,0,2,2,0,0,6,8,4,0,6,0,0,74,47,"West Coast","2018",9
9,"Naitanui, Nic",4,1,8,12,0,0,30,7,0,2,5,1,1,0,0,11,2,0,0,4,0,1,58,47,"West Coast","2018",9
8,"Redden, Jack",13,6,10,23,2,0,0,1,4,0,3,2,1,0,0,9,14,1,1,1,0,0,85,47,"West Coast","2018",9
44,"Rioli, Willie",10,3,2,12,1,0,0,0,0,6,1,3,0,0,0,5,7,0,0,1,1,0,82,47,"West Coast","2018",9
4,"Sheed, Dom",10,4,7,17,0,0,0,1,0,2,1,6,0,1,0,5,14,0,0,0,1,1,76,47,"West Coast","2018",9
5,"Sheppard, Brad",11,8,7,18,0,0,0,4,0,2,0,0,0,0,0,5,14,1,0,2,0,0,97,47,"West Coast","2018",9
45,"Waterman, Jake",9,5,2,11,0,1,0,0,0,3,0,2,1,0,0,2,9,0,0,0,0,4,80,47,"West Coast","2018",9
6,"Yeo, Elliot",18,2,11,29,1,1,0,6,4,7,9,6,3,2,3,15,12,0,0,1,0,1,76,47,"West Coast","2018",9
0,"Rushed",0,0,0,0,0,2,0,0,0,0,0,0,0,0,0,0,0,0,0,0,0,0,0,47,"West Coast","2018",9
12,"Astbury, David",4,3,3,7,0,0,0,0,3,0,0,3,1,2,0,4,4,1,0,2,0,0,100,-47,"Richmond","2018",9
35,"Broad, Nathan",3,1,2,5,0,0,1,1,0,0,0,1,0,0,0,0,4,0,0,6,1,0,85,-47,"Richmond","2018",9
7,"Butler, Dan",7,0,3,10,0,0,0,3,0,4,0,2,0,0,0,1,9,0,0,0,1,2,80,-47,"Richmond","2018",9
22,"Caddy, Josh",13,4,3,16,1,0,0,6,0,5,4,1,2,0,0,9,8,2,1,1,0,0,86,-47,"Richmond","2018",9
11,"Castagna, Jason",5,2,3,8,1,1,0,3,0,3,0,4,1,3,0,2,8,1,1,0,1,0,77,-47,"Richmond","2018",9
30,"Conca, Reece",11,3,4,15,1,0,0,2,1,2,3,3,0,2,0,7,8,0,1,2,0,0,75,-47,"Richmond","2018",9
9,"Cotchin, Trent",6,1,8,14,0,1,0,7,1,4,4,1,1,0,0,7,7,0,1,1,0,2,82,-47,"Richmond","2018",9
10,"Edwards, Shane",6,1,12,18,1,0,0,0,0,3,2,2,0,0,0,9,8,0,0,2,0,0,78,-47,"Richmond","2018",9
34,"Graham, Jack",5,1,7,12,0,0,0,2,0,4,2,1,0,0,0,6,7,0,0,1,0,0,62,-47,"Richmond","2018",9
6,"Grigg, Shaun",11,4,6,17,0,2,0,3,0,7,2,3,2,1,0,7,12,0,1,1,0,0,73,-47,"Richmond","2018",9
2,"Grimes, Dylan",4,3,3,7,0,0,0,1,1,1,0,3,0,1,0,1,6,0,0,5,0,0,87,-47,"Richmond","2018",9
14,"Houli, Bachar",10,4,7,17,1,0,0,0,2,4,0,3,0,0,0,3,12,0,1,3,0,0,80,-47,"Richmond","2018",9
23,"Lambert, Kane",7,2,12,19,0,0,0,1,1,2,4,2,0,1,0,9,10,0,0,1,0,0,86,-47,"Richmond","2018",9
27,"Lloyd, Sam",9,5,8,17,0,0,0,0,0,3,1,4,0,0,0,7,9,0,0,1,0,1,69,-47,"Richmond","2018",9
4,"Martin, Dustin",14,4,12,26,0,1,0,0,2,3,8,4,0,2,0,17,12,2,0,1,3,0,85,-47,"Richmond","2018",9
33,"McIntosh, Kamdyn",7,3,3,10,0,0,0,0,1,1,0,3,0,2,0,3,8,0,0,4,0,0,77,-47,"Richmond","2018",9
25,"Nankervis, Toby",7,5,8,15,0,0,21,2,1,2,4,4,1,1,0,9,7,2,0,3,0,1,83,-47,"Richmond","2018",9
18,"Rance, Alex",10,4,7,17,0,0,0,0,2,1,0,2,2,1,0,6,10,0,0,4,0,0,94,-47,"Richmond","2018",9
8,"Riewoldt, Jack",11,7,2,13,5,2,1,3,0,1,1,4,0,3,0,9,4,4,5,3,0,1,100,-47,"Richmond","2018",9
15,"Short, Jayden",10,3,4,14,2,0,0,2,4,2,0,2,0,1,0,6,8,0,0,1,1,0,71,-47,"Richmond","2018",9
21,"Townsend, Jacob",6,0,2,8,0,1,0,3,0,5,1,1,0,1,0,6,3,0,0,1,0,2,85,-47,"Richmond","2018",9
1,"Vlastuin, Nick",4,4,7,11,0,0,0,3,3,1,0,1,0,0,0,4,8,1,0,2,0,0,86,-47,"Richmond","2018",9
0,"Rushed",0,0,0,0,0,3,0,0,0,0,0,0,0,0,0,0,0,0,0,0,0,0,0,-47,"Richmond","2018",9
