"Number","Player","Kicks","Marks","Handballs","Disposals","Goals","Behinds","Hitouts","Tackles","Rebounds50s","Inside50s","Clearances","Clangers","FreesFor","FreesAgainst","BrownlowVotes","ContestedPossessions","UncontestedPossessions","ContestedMarks","MarksInside50","OnePercenters","Bounces","GoalAssists","PercentagePlayed","PointDifference","Team","Season","Round"
36,"Aliir, Aliir",7,8,12,19,0,0,0,2,6,1,0,5,2,2,0,12,8,2,0,8,0,0,93,-12,"Sydney","2018",16
7,"Cunningham, Harry",11,3,8,19,0,0,0,3,3,3,0,1,0,0,0,2,17,0,0,0,0,2,77,-12,"Sydney","2018",16
13,"Florent, Oliver",7,2,7,14,1,0,0,2,1,1,1,2,1,0,0,7,8,1,1,1,1,1,92,-12,"Sydney","2018",16
42,"Fox, Robbie",11,4,9,20,0,1,0,5,2,5,2,4,2,1,0,8,11,0,1,2,1,1,81,-12,"Sydney","2018",16
23,"Franklin, Lance",8,5,2,10,4,0,0,1,0,1,0,3,0,2,0,6,6,1,3,3,0,0,93,-12,"Sydney","2018",16
39,"Grundy, Heath",8,3,7,15,0,0,0,0,4,1,1,1,0,0,0,5,7,0,0,5,0,0,87,-12,"Sydney","2018",16
4,"Hannebery, Dan",7,2,5,12,0,0,0,0,1,1,1,2,0,1,0,4,9,0,0,1,0,0,72,-12,"Sydney","2018",16
9,"Hayward, Will",4,3,7,11,0,0,0,6,1,2,0,3,0,1,0,5,5,0,1,0,0,1,80,-12,"Sydney","2018",16
29,"Hewett, George",3,1,9,12,0,0,0,4,0,2,1,1,0,0,0,7,5,0,0,1,0,0,85,-12,"Sydney","2018",16
15,"Jack, Kieren",1,0,1,2,0,0,0,4,0,1,1,0,1,0,0,1,1,0,0,0,0,0,10,-12,"Sydney","2018",16
10,"Jones, Zak",12,4,9,21,0,0,0,2,4,3,0,3,0,1,0,5,19,0,0,5,1,0,86,-12,"Sydney","2018",16
12,"Kennedy, Josh",7,0,19,26,0,0,0,7,1,1,12,3,0,0,0,22,4,0,0,3,0,0,88,-12,"Sydney","2018",16
44,"Lloyd, Jake",23,4,10,33,0,0,0,3,9,1,4,2,2,1,0,9,22,0,0,4,0,0,93,-12,"Sydney","2018",16
30,"McCartin, Tom",5,4,6,11,1,1,0,2,0,1,0,1,2,1,0,10,1,4,1,4,0,0,86,-12,"Sydney","2018",16
3,"McVeigh, Jarrad",10,5,6,16,0,0,0,3,3,1,2,0,1,0,0,4,11,0,0,0,1,0,66,-12,"Sydney","2018",16
26,"Parker, Luke",17,4,6,23,2,1,0,7,0,8,5,8,1,2,1,10,13,1,0,2,0,0,87,-12,"Sydney","2018",16
24,"Rampe, Dane",8,6,7,15,0,0,0,3,8,1,0,2,0,1,0,3,11,1,0,4,2,0,97,-12,"Sydney","2018",16
27,"Robinson, Dan",7,1,7,14,1,0,0,3,0,3,1,2,1,1,0,7,6,0,0,0,0,0,82,-12,"Sydney","2018",16
25,"Ronke, Ben",7,4,5,12,0,1,0,2,0,1,0,2,1,0,0,4,9,1,0,2,0,0,83,-12,"Sydney","2018",16
18,"Sinclair, Callum",14,4,5,19,0,0,35,4,2,6,4,1,4,1,0,9,9,1,0,4,0,0,85,-12,"Sydney","2018",16
40,"Smith, Nick",7,2,4,11,0,0,0,6,1,1,0,2,1,0,0,5,7,0,0,9,0,0,91,-12,"Sydney","2018",16
22,"Towers, Dean",2,0,6,8,0,0,2,4,1,1,0,3,0,2,0,4,4,0,0,1,0,0,85,-12,"Sydney","2018",16
0,"Rushed",0,0,0,0,0,1,0,0,0,0,0,0,0,0,0,0,0,0,0,0,0,0,0,-12,"Sydney","2018",16
4,"Ablett, Gary",11,3,6,17,0,0,0,2,1,9,2,5,1,3,0,4,14,0,0,2,0,0,78,12,"Geelong","2018",16
24,"Bews, Jed",4,2,3,7,0,0,0,1,0,0,0,0,0,0,0,2,5,0,0,0,0,0,84,12,"Geelong","2018",16
46,"Blicavs, Mark",3,1,5,8,0,0,0,4,2,0,1,3,1,3,0,4,4,0,0,13,0,0,100,12,"Geelong","2018",16
35,"Dangerfield, Patrick",11,3,8,19,1,2,0,4,2,4,6,3,3,3,0,10,9,1,0,2,0,0,81,12,"Geelong","2018",16
22,"Duncan, Mitch",19,5,13,32,0,1,0,1,3,6,5,3,0,1,2,12,22,0,0,0,1,1,86,12,"Geelong","2018",16
13,"Fogarty, Lachie",7,2,5,12,1,1,0,5,0,1,0,1,0,0,0,3,8,1,1,0,0,1,76,12,"Geelong","2018",16
29,"Guthrie, Cameron",7,1,10,17,0,0,0,1,0,3,0,1,0,0,0,6,11,0,0,2,1,0,75,12,"Geelong","2018",16
26,"Hawkins, Tom",10,6,6,16,2,5,5,2,0,1,0,1,1,1,0,9,7,1,4,1,1,0,92,12,"Geelong","2018",16
38,"Henry, Jack",9,2,6,15,0,0,0,1,5,3,0,4,0,0,0,7,7,2,0,4,0,0,82,12,"Geelong","2018",16
41,"Jones, Jamaine",4,3,6,10,0,1,0,11,0,2,0,2,0,2,0,4,6,0,2,0,0,0,68,12,"Geelong","2018",16
11,"Kelly, Tim",9,4,12,21,2,2,0,5,2,4,5,6,1,0,0,7,15,0,2,2,0,1,82,12,"Geelong","2018",16
8,"Kolodjashnij, Jake",5,4,11,16,0,0,0,3,3,0,0,2,1,0,0,11,6,2,0,7,0,0,87,12,"Geelong","2018",16
27,"Menegola, Sam",17,6,8,25,0,1,0,2,3,5,4,3,0,1,0,6,19,0,1,2,0,0,86,12,"Geelong","2018",16
21,"Murdoch, Jordan",6,3,2,8,0,1,0,2,0,3,1,0,0,0,0,4,4,1,1,1,0,1,70,12,"Geelong","2018",16
19,"Narkle, Quinton",4,0,8,12,1,1,0,1,0,0,1,1,0,1,0,4,7,0,0,0,0,0,80,12,"Geelong","2018",16
3,"Parfitt, Brandan",10,0,11,21,0,1,0,1,0,3,0,1,0,0,0,12,9,0,0,1,0,1,74,12,"Geelong","2018",16
14,"Selwood, Joel",17,5,11,28,0,1,0,9,5,8,5,3,2,0,3,13,16,0,0,1,0,0,86,12,"Geelong","2018",16
16,"Selwood, Scott",7,5,7,14,0,0,0,9,2,0,0,2,2,1,0,6,10,0,1,5,0,1,73,12,"Geelong","2018",16
1,"Stanley, Rhys",7,2,8,15,0,0,26,3,1,1,4,3,1,1,0,9,6,0,1,3,0,0,83,12,"Geelong","2018",16
44,"Stewart, Tom",10,5,13,23,0,0,0,2,6,1,0,3,2,0,0,11,13,1,0,7,0,0,80,12,"Geelong","2018",16
7,"Taylor, Harry",5,0,6,11,1,0,11,2,0,0,2,4,2,1,0,9,3,0,0,2,0,0,87,12,"Geelong","2018",16
2,"Tuohy, Zach",13,6,14,27,0,0,0,0,2,5,1,2,0,1,0,7,18,0,0,2,0,1,91,12,"Geelong","2018",16
0,"Rushed",0,0,0,0,0,6,0,0,0,0,0,0,0,0,0,0,0,0,0,0,0,0,0,12,"Geelong","2018",16
