"Number","Player","Kicks","Marks","Handballs","Disposals","Goals","Behinds","Hitouts","Tackles","Rebounds50s","Inside50s","Clearances","Clangers","FreesFor","FreesAgainst","BrownlowVotes","ContestedPossessions","UncontestedPossessions","ContestedMarks","MarksInside50","OnePercenters","Bounces","GoalAssists","PercentagePlayed","PointDifference","Team","Season","Round"
3,"Anderson, Jed",9,0,12,21,1,0,0,3,2,4,7,3,0,0,0,15,7,0,0,1,0,0,67,-33,"North Melbourne","2018",6
18,"Atley, Shaun",7,5,4,11,0,1,0,2,0,1,0,2,1,1,0,3,8,0,1,2,0,0,74,-33,"North Melbourne","2018",6
50,"Brown, Ben",7,4,1,8,4,1,0,0,1,0,0,2,3,2,0,6,2,2,3,2,0,0,100,-33,"North Melbourne","2018",6
13,"Clarke, Ryan",11,5,12,23,0,0,0,3,2,3,1,4,2,1,0,6,17,0,0,1,0,0,81,-33,"North Melbourne","2018",6
10,"Cunnington, Ben",15,3,12,27,0,0,0,4,1,6,7,6,0,2,0,18,10,1,0,2,0,1,78,-33,"North Melbourne","2018",6
9,"Davies-Uniacke, Luke",4,0,5,9,1,1,0,0,0,0,1,4,0,1,0,7,6,0,0,1,0,0,66,-33,"North Melbourne","2018",6
1,"Daw, Majak",8,5,6,14,0,0,6,4,3,2,1,0,2,0,0,5,9,1,0,5,0,1,76,-33,"North Melbourne","2018",6
14,"Dumont, Trent",10,4,1,11,0,0,0,3,2,1,0,3,1,1,0,2,10,0,0,1,0,0,75,-33,"North Melbourne","2018",6
22,"Goldstein, Todd",6,4,9,15,0,0,38,3,0,5,4,4,3,2,0,9,6,2,0,1,0,2,83,-33,"North Melbourne","2018",6
39,"Hartung, Billy",11,1,6,17,0,0,0,3,3,1,1,2,2,1,0,8,9,0,0,0,0,0,80,-33,"North Melbourne","2018",6
5,"Jacobs, Ben",11,1,12,23,0,0,0,4,0,5,1,6,1,2,0,10,14,0,0,3,0,1,88,-33,"North Melbourne","2018",6
34,"Macmillan, Jamie",11,3,3,14,0,1,0,2,1,3,0,4,1,0,0,1,11,0,0,0,0,0,85,-33,"North Melbourne","2018",6
11,"McDonald, Luke",8,4,11,19,0,0,0,3,3,2,0,0,0,0,0,5,13,0,0,2,0,0,80,-33,"North Melbourne","2018",6
12,"Simpkin, Jy",9,2,13,22,1,0,0,5,0,5,3,4,1,3,0,15,8,0,0,0,0,0,83,-33,"North Melbourne","2018",6
25,"Tarrant, Robbie",6,4,8,14,0,0,0,3,5,0,0,3,0,1,0,4,10,0,1,1,0,0,90,-33,"North Melbourne","2018",6
16,"Thompson, Scott",6,2,9,15,0,0,0,2,0,2,0,1,0,0,0,8,7,0,0,3,0,0,93,-33,"North Melbourne","2018",6
28,"Turner, Kayne",4,2,11,15,0,0,0,5,1,1,2,1,0,0,0,7,8,0,0,0,0,0,81,-33,"North Melbourne","2018",6
33,"Vickers-Willis, Ed",6,3,10,16,0,0,0,4,1,1,0,2,2,1,0,5,12,0,0,6,0,0,80,-33,"North Melbourne","2018",6
30,"Waite, Jarrad",8,4,4,12,3,1,0,2,0,1,0,1,1,0,0,6,6,1,2,2,0,0,100,-33,"North Melbourne","2018",6
2,"Williams, Marley",6,3,12,18,0,0,0,0,1,1,0,0,0,0,0,4,13,0,0,2,0,0,77,-33,"North Melbourne","2018",6
7,"Ziebell, Jack",4,1,7,11,0,1,0,5,0,1,2,5,1,3,0,6,6,0,1,1,0,0,90,-33,"North Melbourne","2018",6
44,"Zurhaar, Cameron",5,1,5,10,0,2,0,3,1,2,2,1,0,0,0,5,6,0,0,1,1,0,74,-33,"North Melbourne","2018",6
0,"Rushed",0,0,0,0,0,1,0,0,0,0,0,0,0,0,0,0,0,0,0,0,0,0,0,-33,"North Melbourne","2018",6
15,"Amon, Karl",10,1,5,15,0,0,0,2,0,6,2,2,1,1,0,6,11,0,0,1,1,2,75,33,"Port Adelaide","2018",6
41,"Barry, Dom",4,2,7,11,0,2,0,1,2,1,1,1,0,0,0,4,7,0,1,0,0,0,71,33,"Port Adelaide","2018",6
1,"Boak, Travis",7,5,22,29,0,0,0,4,1,2,2,4,1,1,0,14,17,0,0,3,1,0,77,33,"Port Adelaide","2018",6
26,"Bonner, Riley",13,4,5,18,0,0,0,1,4,2,1,4,0,1,0,3,15,0,0,1,0,0,85,33,"Port Adelaide","2018",6
33,"Byrne-Jones, Darcy",14,5,8,22,0,0,0,4,2,1,3,3,2,1,0,8,14,0,0,2,1,0,85,33,"Port Adelaide","2018",6
17,"Clurey, Tom",10,6,4,14,0,0,0,3,2,2,0,3,0,2,0,2,11,0,0,5,1,0,88,33,"Port Adelaide","2018",6
22,"Dixon, Charlie",9,2,7,16,1,1,25,4,0,2,4,3,2,3,0,10,5,1,1,0,0,1,90,33,"Port Adelaide","2018",6
7,"Ebert, Brad",14,6,19,33,0,0,0,11,2,4,5,5,1,2,1,12,22,0,0,2,0,2,83,33,"Port Adelaide","2018",6
9,"Gray, Robbie",7,7,16,23,1,0,0,5,0,4,3,1,1,0,0,5,18,0,1,1,0,1,93,33,"Port Adelaide","2018",6
46,"Gray, Sam",11,9,8,19,4,1,0,3,0,3,4,2,1,1,2,7,13,1,4,2,0,0,90,33,"Port Adelaide","2018",6
36,"Hombsch, Jack",4,3,3,7,0,0,0,2,2,1,0,0,0,0,0,2,5,0,0,12,1,0,77,33,"Port Adelaide","2018",6
43,"Houston, Dan",11,4,5,16,1,0,0,4,5,1,0,0,2,0,0,3,11,0,0,2,0,0,79,33,"Port Adelaide","2018",6
32,"Howard, Dougal",12,1,3,15,0,0,0,2,5,1,0,1,3,0,0,7,7,0,0,12,0,0,88,33,"Port Adelaide","2018",6
31,"Johnson, Aidyn",2,1,7,9,1,1,0,5,0,2,0,2,1,1,0,6,3,0,1,3,0,1,76,33,"Port Adelaide","2018",6
42,"Jonas, Tom",15,7,4,19,0,0,0,0,9,0,0,6,1,3,0,7,10,0,0,10,0,0,98,33,"Port Adelaide","2018",6
6,"Motlop, Steven",8,3,12,20,0,0,0,1,0,5,3,2,1,0,0,5,15,0,0,0,2,1,79,33,"Port Adelaide","2018",6
3,"Neade, Jake",7,3,8,15,2,1,0,4,1,2,0,2,1,0,0,5,10,0,1,1,1,0,74,33,"Port Adelaide","2018",6
21,"Polec, Jared",18,5,16,34,1,0,0,12,0,4,4,3,1,0,3,10,22,0,1,0,0,0,85,33,"Port Adelaide","2018",6
23,"Watts, Jack",4,3,6,10,1,1,0,3,0,2,0,2,0,2,0,2,9,0,1,0,0,0,74,33,"Port Adelaide","2018",6
39,"Westhoff, Justin",14,8,11,25,1,1,4,5,1,1,0,4,0,2,0,12,13,2,1,4,0,3,84,33,"Port Adelaide","2018",6
16,"Wines, Ollie",12,1,8,20,0,0,0,2,0,1,6,3,1,1,0,9,9,1,0,2,0,0,77,33,"Port Adelaide","2018",6
20,"Wingard, Chad",11,3,2,13,2,2,0,3,0,4,0,2,1,0,0,5,6,1,2,1,0,1,73,33,"Port Adelaide","2018",6
0,"Rushed",0,0,0,0,0,2,0,0,0,0,0,0,0,0,0,0,0,0,0,0,0,0,0,33,"Port Adelaide","2018",6
