"Number","Player","Kicks","Marks","Handballs","Disposals","Goals","Behinds","Hitouts","Tackles","Rebounds50s","Inside50s","Clearances","Clangers","FreesFor","FreesAgainst","BrownlowVotes","ContestedPossessions","UncontestedPossessions","ContestedMarks","MarksInside50","OnePercenters","Bounces","GoalAssists","PercentagePlayed","PointDifference","Team","Season","Round"
13,"Ah Chee, Callum",4,3,4,8,0,0,0,2,0,3,0,3,2,2,0,2,7,0,0,0,0,0,86,-44,"Gold Coast","2018",17
31,"Ballard, Charlie",9,6,4,13,0,0,0,2,5,0,0,1,0,0,0,5,8,1,0,6,0,0,84,-44,"Gold Coast","2018",17
41,"Brodie, Will",5,2,9,14,0,0,0,3,4,1,4,1,1,1,0,7,7,0,0,1,0,1,74,-44,"Gold Coast","2018",17
32,"Crossley, Brayden",2,2,5,7,0,0,7,4,0,0,0,0,0,0,0,4,3,1,0,5,0,0,79,-44,"Gold Coast","2018",17
5,"Harbrow, Jarrod",19,4,6,25,0,0,0,0,5,3,2,4,0,1,0,6,17,0,0,4,1,0,89,-44,"Gold Coast","2018",17
39,"Holman, Nick",6,7,5,11,3,0,0,1,0,2,0,2,2,1,0,5,8,2,3,2,0,0,86,-44,"Gold Coast","2018",17
38,"Joyce, Jesse",10,5,3,13,0,0,0,1,2,4,0,5,0,1,0,7,8,0,0,6,0,0,83,-44,"Gold Coast","2018",17
23,"Lemmens, Sean",8,1,8,16,0,0,0,2,1,1,1,5,2,0,0,11,6,0,0,2,0,0,76,-44,"Gold Coast","2018",17
25,"Lyons, Jarryd",17,2,6,23,0,3,0,6,2,5,7,1,4,0,0,12,10,0,0,1,0,1,75,-44,"Gold Coast","2018",17
4,"Martin, Jack",11,4,9,20,0,0,0,7,4,3,6,3,2,2,0,11,9,1,0,2,0,0,83,-44,"Gold Coast","2018",17
17,"May, Steven",17,10,2,19,0,1,0,1,12,1,0,6,0,1,0,5,10,2,0,4,0,0,90,-44,"Gold Coast","2018",17
11,"Miller, Touk",11,3,13,24,0,1,0,2,2,4,3,1,1,0,0,10,13,0,0,2,0,0,84,-44,"Gold Coast","2018",17
27,"Powell, Wil",2,2,1,3,0,1,0,2,0,0,0,1,0,1,0,4,2,1,1,0,0,0,75,-44,"Gold Coast","2018",17
35,"Rischitelli, Michael",7,2,0,7,0,0,0,2,4,1,0,2,0,1,0,3,4,0,0,6,0,1,80,-44,"Gold Coast","2018",17
36,"Schoenfeld, Josh",2,1,4,6,0,1,0,1,1,1,1,2,0,1,0,4,2,0,1,4,0,0,74,-44,"Gold Coast","2018",17
6,"Sexton, Alex",12,5,8,20,1,4,0,2,0,3,2,7,0,3,0,6,15,0,1,1,1,0,87,-44,"Gold Coast","2018",17
24,"Swallow, David",6,0,9,15,0,1,0,5,0,3,3,4,2,1,0,10,6,0,0,4,0,0,82,-44,"Gold Coast","2018",17
16,"Thompson, Rory",7,5,5,12,0,0,0,3,2,1,0,3,1,0,0,6,6,2,0,4,0,0,89,-44,"Gold Coast","2018",17
14,"Weller, Lachie",10,4,11,21,0,0,0,2,3,5,1,2,0,0,0,6,15,0,0,1,2,0,84,-44,"Gold Coast","2018",17
28,"Witts, Jarrod",7,2,5,12,0,0,30,4,0,3,2,2,0,1,0,5,5,0,0,3,0,0,78,-44,"Gold Coast","2018",17
30,"Wright, Peter",7,4,2,9,0,1,0,5,0,1,0,1,1,0,0,3,4,1,1,3,0,0,85,-44,"Gold Coast","2018",17
15,"Young, Aaron",10,3,1,11,2,1,0,4,0,2,0,0,2,0,0,5,4,0,1,0,0,0,79,-44,"Gold Coast","2018",17
0,"Rushed",0,0,0,0,0,1,0,0,0,0,0,0,0,0,0,0,0,0,0,0,0,0,0,-44,"Gold Coast","2018",17
12,"Baguley, Mark",9,6,2,11,3,2,0,6,0,1,0,2,1,1,0,6,5,3,4,1,0,0,82,44,"Essendon","2018",17
2,"Bellchambers, Tom",10,5,0,10,0,2,28,4,0,0,3,2,1,0,0,3,7,0,2,3,0,0,77,44,"Essendon","2018",17
28,"Brown, Mitch",9,7,5,14,1,1,0,0,0,4,0,2,0,0,0,3,11,0,1,2,0,0,94,44,"Essendon","2018",17
32,"Colyer, Travis",4,3,5,9,0,0,0,2,0,1,1,0,0,0,0,7,4,0,0,0,0,0,70,44,"Essendon","2018",17
49,"Dea, Matt",13,4,5,18,0,0,0,2,2,1,0,1,2,0,0,10,7,2,0,4,0,0,84,44,"Essendon","2018",17
9,"Goddard, Brendon",11,5,7,18,0,0,0,3,3,2,0,6,0,2,0,0,17,0,0,4,0,0,92,44,"Essendon","2018",17
35,"Guelfi, Matt",10,5,7,17,2,0,0,5,2,1,2,2,2,1,0,8,10,1,2,6,0,0,78,44,"Essendon","2018",17
21,"Heppell, Dyson",17,5,19,36,0,1,0,5,3,4,7,6,3,1,2,15,21,0,1,4,0,0,85,44,"Essendon","2018",17
26,"Hooker, Cale",10,9,9,19,0,0,0,1,2,2,0,5,0,1,0,10,9,4,0,4,2,0,93,44,"Essendon","2018",17
18,"Hurley, Michael",15,10,9,24,0,0,0,1,6,2,0,1,1,0,0,7,17,2,0,6,0,0,91,44,"Essendon","2018",17
4,"Langford, Kyle",15,6,11,26,0,2,0,5,1,10,2,0,0,0,0,11,13,2,3,3,0,3,81,44,"Essendon","2018",17
34,"Long, Jake",7,2,3,10,1,0,0,5,0,2,0,2,2,1,0,4,6,0,0,3,2,0,73,44,"Essendon","2018",17
43,"McDonald-Tipungwuti, Anthony",12,7,9,21,1,2,0,1,1,4,3,1,0,0,0,10,11,2,1,1,2,2,78,44,"Essendon","2018",17
1,"McGrath, Andrew",15,9,10,25,0,1,0,4,4,1,1,3,1,1,0,7,18,0,0,0,5,0,82,44,"Essendon","2018",17
45,"McKenna, Conor",14,6,3,17,0,1,0,0,1,2,0,0,0,0,0,4,13,1,1,5,1,0,84,44,"Essendon","2018",17
44,"McKernan, Shaun",8,7,6,14,2,0,10,1,0,4,2,5,0,2,0,6,9,3,1,2,0,0,93,44,"Essendon","2018",17
41,"McNiece, Ben",2,0,5,7,0,0,0,0,1,0,0,4,0,3,0,2,7,0,0,3,0,0,81,44,"Essendon","2018",17
7,"Merrett, Zach",19,7,18,37,0,0,0,7,4,7,2,7,2,2,3,9,28,0,0,0,0,2,81,44,"Essendon","2018",17
23,"Myers, David",11,8,13,24,1,0,0,3,0,8,6,2,0,1,1,12,14,1,1,1,0,0,73,44,"Essendon","2018",17
3,"Parish, Darcy",13,2,13,26,1,1,0,2,1,4,8,3,1,1,0,14,13,0,0,1,0,2,77,44,"Essendon","2018",17
42,"Saad, Adam",15,3,4,19,0,0,0,3,6,3,0,6,1,3,0,3,15,0,0,5,12,0,67,44,"Essendon","2018",17
5,"Smith, Devon",17,5,6,23,1,2,0,9,2,3,3,5,0,0,0,7,16,0,2,4,1,1,83,44,"Essendon","2018",17
0,"Rushed",0,0,0,0,0,2,0,0,0,0,0,0,0,0,0,0,0,0,0,0,0,0,0,44,"Essendon","2018",17
