"Number","Player","Kicks","Marks","Handballs","Disposals","Goals","Behinds","Hitouts","Tackles","Rebounds50s","Inside50s","Clearances","Clangers","FreesFor","FreesAgainst","BrownlowVotes","ContestedPossessions","UncontestedPossessions","ContestedMarks","MarksInside50","OnePercenters","Bounces","GoalAssists","PercentagePlayed","PointDifference","Team","Season","Round"
25,"Adams, Marcus",7,0,2,9,0,0,0,6,2,2,0,6,1,4,0,4,3,0,0,8,0,0,98,-44,"Western Bulldogs","2018",19
4,"Bontempelli, Marcus",16,1,6,22,0,0,0,1,3,4,8,5,0,2,0,13,10,0,0,3,0,1,79,-44,"Western Bulldogs","2018",19
12,"Cordy, Zaine",7,4,0,7,0,0,0,5,1,0,0,3,0,1,0,2,7,1,0,2,0,0,88,-44,"Western Bulldogs","2018",19
9,"Crozier, Hayden",14,4,8,22,0,1,0,3,1,4,1,3,2,1,0,8,14,1,0,3,0,0,85,-44,"Western Bulldogs","2018",19
35,"Daniel, Caleb",5,2,9,14,0,0,0,2,0,3,1,4,0,0,0,7,7,0,0,2,0,0,73,-44,"Western Bulldogs","2018",19
5,"Dunkley, Josh",13,1,14,27,0,0,0,12,3,6,5,4,1,1,0,17,11,0,0,4,0,1,87,-44,"Western Bulldogs","2018",19
30,"Greene, Fergus",2,2,3,5,1,0,0,5,0,0,0,3,0,2,0,2,4,1,1,1,0,0,73,-44,"Western Bulldogs","2018",19
22,"Honeychurch, Mitch",7,0,2,9,0,1,0,4,0,3,1,0,3,0,0,6,2,0,0,1,0,0,79,-44,"Western Bulldogs","2018",19
7,"Hunter, Lachie",19,1,16,35,0,0,0,4,5,3,4,7,1,2,0,10,21,0,0,2,2,0,89,-44,"Western Bulldogs","2018",19
39,"Johannisen, Jason",5,1,4,9,0,0,0,5,1,1,0,2,0,0,0,2,5,0,0,1,0,0,77,-44,"Western Bulldogs","2018",19
27,"Lipinski, Patrick",5,1,9,14,0,0,0,3,0,1,1,1,0,1,0,4,10,0,1,0,0,1,77,-44,"Western Bulldogs","2018",19
36,"Lynch, Brad",5,1,1,6,0,0,0,1,4,1,0,1,0,0,0,1,2,0,0,5,0,0,74,-44,"Western Bulldogs","2018",19
11,"Macrae, Jack",18,2,18,36,0,0,0,4,3,5,12,4,3,1,1,21,14,0,0,0,0,0,83,-44,"Western Bulldogs","2018",19
16,"McLean, Toby",7,3,14,21,0,1,0,7,0,1,3,5,2,3,0,11,12,0,1,0,0,0,77,-44,"Western Bulldogs","2018",19
38,"Morris, Dale",7,1,3,10,0,0,0,3,2,1,0,4,1,1,0,6,4,0,0,8,0,0,96,-44,"Western Bulldogs","2018",19
33,"Naughton, Aaron",13,4,7,20,0,0,0,4,4,3,0,6,3,2,0,13,6,2,0,4,0,0,89,-44,"Western Bulldogs","2018",19
20,"Richards, Ed",5,1,0,5,0,0,0,3,1,2,0,2,0,1,0,1,5,0,0,0,0,0,77,-44,"Western Bulldogs","2018",19
18,"Roberts, Fletcher",6,3,2,8,0,0,0,0,1,2,0,3,0,1,0,0,6,0,0,10,0,0,82,-44,"Western Bulldogs","2018",19
23,"Roughead, Jordan",5,4,4,9,0,0,15,1,1,1,0,1,0,1,0,2,7,0,0,5,0,0,77,-44,"Western Bulldogs","2018",19
13,"Schache, Josh",4,1,5,9,1,0,0,1,0,1,0,1,0,0,0,2,5,1,1,0,0,0,79,-44,"Western Bulldogs","2018",19
8,"Trengove, Jackson",16,1,6,22,2,1,28,5,4,4,10,6,5,3,0,18,3,0,0,5,0,0,87,-44,"Western Bulldogs","2018",19
3,"Wallis, Mitch",5,2,14,19,1,0,0,4,1,1,4,1,1,0,0,13,7,0,1,0,0,0,74,-44,"Western Bulldogs","2018",19
0,"Totals",191,40,147,338,5,4,43,83,37,49,50,72,23,27,1,163,165,6,5,64,2,3,0,-44,"Western Bulldogs","2018",19
1,"Boak, Travis",16,2,5,21,0,1,0,7,4,7,3,2,1,0,0,9,9,1,0,1,0,0,85,44,"Port Adelaide","2018",19
26,"Bonner, Riley",5,1,9,14,0,0,0,1,4,1,0,5,1,4,0,7,6,0,0,1,0,0,78,44,"Port Adelaide","2018",19
33,"Byrne-Jones, Darcy",9,3,1,10,0,1,0,3,2,0,0,1,0,0,0,6,2,2,1,1,0,1,82,44,"Port Adelaide","2018",19
17,"Clurey, Tom",7,3,1,8,0,0,0,2,3,0,0,1,1,0,0,5,4,1,0,7,0,0,96,44,"Port Adelaide","2018",19
22,"Dixon, Charlie",10,5,4,14,5,2,3,2,0,2,0,2,3,1,3,10,4,3,5,4,0,1,93,44,"Port Adelaide","2018",19
7,"Ebert, Brad",11,6,9,20,0,0,0,11,0,5,4,5,2,3,0,11,10,1,1,1,0,3,83,44,"Port Adelaide","2018",19
24,"Farrell, Kane",5,2,5,10,1,1,0,3,1,2,1,1,2,1,0,5,6,0,0,2,0,0,61,44,"Port Adelaide","2018",19
9,"Gray, Robbie",14,2,5,19,1,1,0,4,1,3,4,4,1,2,0,10,7,1,1,0,0,0,93,44,"Port Adelaide","2018",19
36,"Hombsch, Jack",3,3,4,7,0,0,0,1,2,1,0,2,0,0,0,3,4,0,0,3,0,0,91,44,"Port Adelaide","2018",19
43,"Houston, Dan",10,2,2,12,0,0,0,1,3,1,1,4,1,1,0,9,4,0,0,11,0,0,87,44,"Port Adelaide","2018",19
42,"Jonas, Tom",8,3,3,11,0,0,0,1,2,0,0,1,1,0,0,5,4,0,0,8,0,0,87,44,"Port Adelaide","2018",19
40,"Lienert, Jarrod",14,5,3,17,0,0,0,2,3,5,1,2,1,0,0,8,9,1,0,2,0,0,82,44,"Port Adelaide","2018",19
6,"Motlop, Steven",10,1,2,12,1,0,0,1,1,5,2,2,1,1,0,5,10,0,0,2,3,1,73,44,"Port Adelaide","2018",19
29,"Pittard, Jasper",11,6,3,14,0,0,0,5,4,2,1,2,1,0,0,7,8,0,0,7,0,0,82,44,"Port Adelaide","2018",19
21,"Polec, Jared",22,1,10,32,0,1,0,2,3,6,6,4,2,0,2,13,18,0,0,1,0,0,86,44,"Port Adelaide","2018",19
2,"Powell-Pepper, Sam",5,2,9,14,0,1,0,6,0,5,1,4,1,3,0,4,10,0,0,2,0,1,68,44,"Port Adelaide","2018",19
11,"Rockliff, Tom",16,1,5,21,0,0,0,10,1,2,3,3,1,1,0,9,11,0,0,1,0,0,80,44,"Port Adelaide","2018",19
4,"Ryder, Paddy",1,1,4,5,0,0,33,4,0,0,1,0,1,0,0,5,0,1,0,5,0,0,58,44,"Port Adelaide","2018",19
23,"Watts, Jack",5,3,10,15,1,0,0,3,0,2,0,5,1,3,0,5,9,0,1,1,0,0,81,44,"Port Adelaide","2018",19
39,"Westhoff, Justin",11,4,6,17,1,1,11,4,3,2,4,3,2,2,0,6,9,1,1,5,0,1,86,44,"Port Adelaide","2018",19
16,"Wines, Ollie",13,3,13,26,0,0,0,7,3,2,4,4,2,1,0,16,11,1,1,1,0,0,74,44,"Port Adelaide","2018",19
20,"Wingard, Chad",16,2,9,25,1,2,0,6,0,5,6,3,1,0,0,16,9,1,2,3,0,0,94,44,"Port Adelaide","2018",19
0,"Rushed",0,0,0,0,0,1,0,0,0,0,0,0,0,0,0,0,0,0,0,0,0,0,0,44,"Port Adelaide","2018",19
