"Number","Player","Kicks","Marks","Handballs","Disposals","Goals","Behinds","Hitouts","Tackles","Rebounds50s","Inside50s","Clearances","Clangers","FreesFor","FreesAgainst","BrownlowVotes","ContestedPossessions","UncontestedPossessions","ContestedMarks","MarksInside50","OnePercenters","Bounces","GoalAssists","PercentagePlayed","PointDifference","Team","Season","Round"
15,"Ahern, Paul",9,1,12,21,0,0,0,6,0,3,2,2,3,1,0,12,11,0,0,2,0,1,71,-6,"North Melbourne","2018",17
3,"Anderson, Jed",10,3,17,27,0,0,0,4,0,6,5,3,2,0,0,10,15,0,0,1,0,3,77,-6,"North Melbourne","2018",17
18,"Atley, Shaun",9,5,11,20,0,0,0,0,0,3,0,4,0,1,0,5,16,0,0,1,0,0,89,-6,"North Melbourne","2018",17
50,"Brown, Ben",13,8,4,17,4,2,0,1,0,1,0,0,3,0,0,6,11,0,3,4,0,1,100,-6,"North Melbourne","2018",17
13,"Clarke, Ryan",5,0,5,10,0,0,0,1,1,3,1,1,0,0,0,5,5,0,0,0,0,1,64,-6,"North Melbourne","2018",17
10,"Cunnington, Ben",6,1,15,21,0,0,0,6,0,3,6,4,1,2,0,11,11,1,0,0,0,1,79,-6,"North Melbourne","2018",17
9,"Davies-Uniacke, Luke",8,3,8,16,0,0,0,5,0,3,4,2,0,0,0,7,11,0,0,0,0,1,72,-6,"North Melbourne","2018",17
1,"Daw, Majak",8,6,2,10,4,2,4,3,0,3,0,2,1,1,0,4,6,2,4,7,0,1,92,-6,"North Melbourne","2018",17
14,"Dumont, Trent",6,3,7,13,0,0,0,0,0,0,2,0,1,0,0,4,10,0,0,1,0,0,84,-6,"North Melbourne","2018",17
22,"Goldstein, Todd",5,5,13,18,0,0,52,4,1,0,4,0,1,0,0,9,9,1,0,4,0,0,96,-6,"North Melbourne","2018",17
4,"Higgins, Shaun",17,2,16,33,0,0,0,3,5,8,7,5,3,2,1,18,16,0,0,2,0,2,86,-6,"North Melbourne","2018",17
8,"Hrovat, Nathan",5,3,5,10,1,0,0,6,0,2,0,2,0,0,0,3,7,0,0,3,0,1,85,-6,"North Melbourne","2018",17
34,"Macmillan, Jamie",12,6,6,18,1,0,0,2,4,2,0,0,0,0,0,4,14,0,0,4,1,0,89,-6,"North Melbourne","2018",17
11,"McDonald, Luke",12,3,8,20,0,0,0,0,5,3,1,3,1,0,0,4,16,0,0,4,0,0,86,-6,"North Melbourne","2018",17
21,"Morgan, Alex",8,9,10,18,0,0,0,2,2,1,0,2,0,0,0,2,16,0,0,5,2,0,86,-6,"North Melbourne","2018",17
12,"Simpkin, Jy",7,5,11,18,0,0,0,1,2,2,2,5,0,0,0,9,11,1,0,4,0,1,82,-6,"North Melbourne","2018",17
25,"Tarrant, Robbie",9,5,6,15,0,0,0,1,5,0,0,3,0,1,0,4,11,0,0,1,0,0,94,-6,"North Melbourne","2018",17
16,"Thompson, Scott",8,3,5,13,0,0,0,3,2,3,1,2,2,0,0,5,8,1,0,8,0,0,93,-6,"North Melbourne","2018",17
28,"Turner, Kayne",0,0,0,0,0,0,0,0,0,0,0,0,0,0,0,0,0,0,0,0,0,0,3,-6,"North Melbourne","2018",17
2,"Williams, Marley",11,4,2,13,0,0,0,1,5,1,0,3,2,0,0,7,7,1,0,7,0,0,88,-6,"North Melbourne","2018",17
19,"Wright, Sam",10,6,12,22,0,0,0,0,2,0,1,1,0,0,0,6,15,2,0,2,0,0,90,-6,"North Melbourne","2018",17
7,"Ziebell, Jack",15,9,7,22,5,1,0,2,0,4,0,5,0,1,3,11,12,4,2,3,0,0,97,-6,"North Melbourne","2018",17
0,"Rushed",0,0,0,0,0,3,0,0,0,0,0,0,0,0,0,0,0,0,0,0,0,0,0,-6,"North Melbourne","2018",17
36,"Aliir, Aliir",12,10,11,23,1,0,0,0,2,1,1,4,0,2,0,6,18,0,0,2,1,0,91,6,"Sydney","2018",17
7,"Cunningham, Harry",12,4,8,20,1,0,0,1,3,5,0,2,0,1,0,2,18,0,1,2,1,1,82,6,"Sydney","2018",17
13,"Florent, Oliver",9,3,11,20,0,0,0,1,0,3,6,2,1,1,0,9,10,0,0,2,2,0,78,6,"Sydney","2018",17
42,"Fox, Robbie",5,3,8,13,1,0,0,5,2,2,1,3,2,1,0,3,11,0,1,2,0,1,73,6,"Sydney","2018",17
23,"Franklin, Lance",14,9,5,19,3,1,0,1,0,5,0,4,1,2,0,7,11,2,4,1,0,2,93,6,"Sydney","2018",17
9,"Hayward, Will",14,6,2,16,2,2,0,2,0,5,2,4,0,0,0,5,12,0,2,1,0,0,85,6,"Sydney","2018",17
5,"Heeney, Isaac",13,3,15,28,2,0,0,4,0,4,5,5,0,1,0,15,13,0,1,2,0,0,88,6,"Sydney","2018",17
29,"Hewett, George",7,4,12,19,0,0,0,5,2,0,4,2,2,1,0,9,11,0,0,1,0,0,89,6,"Sydney","2018",17
10,"Jones, Zak",6,5,17,23,0,0,0,1,1,2,1,3,0,2,0,5,19,0,0,0,4,0,84,6,"Sydney","2018",17
12,"Kennedy, Josh",3,0,7,10,0,0,0,1,1,1,1,2,0,0,0,6,4,0,0,0,0,0,22,6,"Sydney","2018",17
44,"Lloyd, Jake",19,3,11,30,0,0,0,3,3,2,0,4,0,0,0,3,27,0,1,1,2,0,94,6,"Sydney","2018",17
31,"Marsh, Harrison",6,2,4,10,0,0,0,1,2,1,0,1,0,0,0,3,7,0,0,0,0,0,84,6,"Sydney","2018",17
30,"McCartin, Tom",5,8,5,10,0,1,0,1,0,0,0,3,0,0,0,3,7,2,3,1,0,2,86,6,"Sydney","2018",17
28,"Newman, Nic",12,4,4,16,0,0,0,2,0,6,0,1,0,0,0,5,11,0,0,0,0,1,72,6,"Sydney","2018",17
38,"ORiordan, Colin",9,8,10,19,0,0,0,5,5,0,0,1,0,0,0,6,13,1,0,4,0,0,71,6,"Sydney","2018",17
11,"Papley, Tom",10,4,4,14,1,2,0,4,0,4,1,4,1,2,0,7,8,2,1,1,1,3,82,6,"Sydney","2018",17
26,"Parker, Luke",11,2,9,20,0,0,0,1,1,1,6,1,1,1,0,16,6,1,0,2,0,1,89,6,"Sydney","2018",17
24,"Rampe, Dane",20,10,8,28,0,0,0,0,9,4,0,5,0,3,0,5,21,0,0,7,1,0,100,6,"Sydney","2018",17
27,"Robinson, Dan",5,6,6,11,0,0,0,1,0,1,1,1,0,1,0,3,8,2,0,0,0,0,75,6,"Sydney","2018",17
25,"Ronke, Ben",13,3,3,16,5,1,0,0,0,3,0,2,0,1,2,8,8,0,2,0,0,0,74,6,"Sydney","2018",17
18,"Sinclair, Callum",10,3,5,15,0,1,25,8,3,2,4,4,1,1,0,9,5,1,0,1,0,0,95,6,"Sydney","2018",17
40,"Smith, Nick",4,5,7,11,0,0,0,5,2,0,0,1,0,0,0,3,8,0,0,4,0,0,92,6,"Sydney","2018",17
0,"Totals",219,105,172,391,16,8,25,52,36,52,33,59,9,20,2,138,256,11,16,34,12,11,0,6,"Sydney","2018",17
