"Number","Player","Kicks","Marks","Handballs","Disposals","Goals","Behinds","Hitouts","Tackles","Rebounds50s","Inside50s","Clearances","Clangers","FreesFor","FreesAgainst","BrownlowVotes","ContestedPossessions","UncontestedPossessions","ContestedMarks","MarksInside50","OnePercenters","Bounces","GoalAssists","PercentagePlayed","PointDifference","Team","Season","Round"
1,"Ballantyne, Hayden",11,6,3,14,2,1,0,4,1,3,2,5,2,4,0,5,9,0,2,2,0,0,78,29,"Fremantle","2018",21
5,"Cerra, Adam",3,0,5,8,0,0,0,2,1,0,3,1,1,1,0,5,3,0,0,1,0,0,72,29,"Fremantle","2018",21
36,"Cox, Brennan",12,9,2,14,2,3,1,3,0,3,0,3,0,2,0,5,9,3,3,1,0,0,91,29,"Fremantle","2018",21
4,"Darcy, Sean",1,2,8,9,0,0,42,8,0,4,0,3,0,2,0,4,5,0,0,0,0,0,86,29,"Fremantle","2018",21
44,"Duman, Taylin",20,8,7,27,0,0,0,2,7,2,1,6,0,3,0,7,20,0,0,3,0,0,85,29,"Fremantle","2018",21
42,"Giro, Stefan",4,3,4,8,1,1,0,3,1,2,1,0,0,0,0,3,6,0,1,0,0,1,74,29,"Fremantle","2018",21
28,"Grey, Brady",4,2,5,9,1,0,0,6,1,3,1,1,1,1,0,4,5,0,0,3,0,0,71,29,"Fremantle","2018",21
9,"Hill, Bradley",10,3,6,16,0,1,0,1,1,4,0,1,1,0,0,3,14,0,0,0,2,1,88,29,"Fremantle","2018",21
37,"Johnson, Michael",10,6,2,12,0,0,0,2,2,0,0,0,1,0,0,3,10,1,0,3,1,0,83,29,"Fremantle","2018",21
22,"Kersten, Shane",11,8,3,14,1,0,0,3,3,1,0,3,0,1,0,6,8,1,0,2,0,0,81,29,"Fremantle","2018",21
26,"Langdon, Ed",16,12,15,31,1,0,0,1,5,3,0,2,1,0,0,3,28,0,1,0,0,0,82,29,"Fremantle","2018",21
23,"McCarthy, Cam",10,7,2,12,3,1,0,1,0,2,0,3,0,1,0,5,7,2,4,1,0,1,94,29,"Fremantle","2018",21
16,"Mundy, David",12,7,16,28,1,0,0,3,2,1,6,2,2,2,3,10,18,1,0,1,0,1,84,29,"Fremantle","2018",21
27,"Neale, Lachie",13,3,21,34,1,0,0,1,2,4,10,3,2,1,2,18,15,1,0,0,0,0,79,29,"Fremantle","2018",21
43,"Nyhuis, Ryan",7,1,4,11,0,0,0,2,3,1,0,2,2,0,0,6,5,0,0,2,0,0,86,29,"Fremantle","2018",21
25,"Pearce, Alex",6,7,7,13,0,0,0,0,2,0,0,2,0,1,0,7,6,2,0,7,0,0,99,29,"Fremantle","2018",21
38,"Ryan, Luke",11,4,4,15,0,0,0,1,3,2,1,2,0,2,0,2,13,0,0,4,0,0,77,29,"Fremantle","2018",21
11,"Sheridan, Tom",10,6,8,18,1,0,0,3,0,3,1,2,0,1,0,6,12,0,0,1,0,0,77,29,"Fremantle","2018",21
39,"Switkowski, Sam",6,3,7,13,0,0,0,3,0,2,1,2,0,2,0,3,10,0,0,1,0,2,64,29,"Fremantle","2018",21
20,"Taberner, Matthew",11,6,6,17,1,1,5,1,0,5,1,3,3,0,0,8,9,3,1,1,0,0,91,29,"Fremantle","2018",21
10,"Walters, Michael",10,2,5,15,0,0,0,5,0,2,5,1,3,0,0,10,6,0,0,0,0,1,73,29,"Fremantle","2018",21
14,"Wilson, Nathan",22,11,2,24,0,0,0,1,4,6,2,1,0,0,0,4,19,1,0,3,1,2,88,29,"Fremantle","2018",21
0,"Rushed",0,0,0,0,0,3,0,0,0,0,0,0,0,0,0,0,0,0,0,0,0,0,0,29,"Fremantle","2018",21
38,"Byrne, Ciaran",7,2,9,16,0,0,0,2,3,0,0,2,2,1,0,7,10,0,0,1,0,0,81,-29,"Carlton","2018",21
9,"Cripps, Patrick",13,5,19,32,0,2,0,4,1,6,8,6,1,3,1,14,17,1,0,2,1,1,91,-29,"Carlton","2018",21
30,"Curnow, Charlie",11,9,2,13,2,2,0,3,2,4,0,1,1,0,0,4,10,0,3,1,0,1,97,-29,"Carlton","2018",21
35,"Curnow, Ed",11,1,9,20,0,0,0,8,1,1,8,1,1,1,0,11,8,0,0,0,0,0,86,-29,"Carlton","2018",21
2,"Dow, Paddy",10,2,5,15,0,2,0,2,0,5,4,4,0,1,0,9,6,0,0,0,4,1,72,-29,"Carlton","2018",21
32,"Graham, Nick",13,3,5,18,0,1,0,2,0,4,4,2,2,0,0,6,12,0,1,0,0,0,68,-29,"Carlton","2018",21
11,"Kerridge, Sam",16,5,13,29,0,0,0,1,3,4,3,7,0,1,0,11,15,0,0,0,0,0,76,-29,"Carlton","2018",21
13,"Lamb, Jed",13,2,3,16,0,0,0,3,5,1,1,1,0,0,0,1,14,0,0,1,0,0,76,-29,"Carlton","2018",21
16,"Lang, Darcy",5,4,9,14,1,0,0,1,1,2,2,1,2,0,0,6,8,0,1,1,0,0,76,-29,"Carlton","2018",21
27,"Lobbe, Matthew",8,5,6,14,1,0,28,5,0,1,3,3,1,1,0,7,7,2,0,9,0,0,88,-29,"Carlton","2018",21
22,"Marchbank, Caleb",7,3,1,8,0,0,0,1,1,1,0,6,0,4,0,1,8,0,0,6,0,0,100,-29,"Carlton","2018",21
10,"McKay, Harry",8,4,4,12,2,0,4,4,2,3,1,1,2,1,0,8,4,1,1,3,0,1,82,-29,"Carlton","2018",21
3,"Murphy, Marc",15,5,7,22,1,0,0,5,3,5,0,2,0,0,0,4,18,0,0,1,0,2,93,-29,"Carlton","2018",21
4,"OBrien, Lochie",5,2,4,9,0,0,0,0,1,2,1,0,0,0,0,4,5,0,0,1,0,0,90,-29,"Carlton","2018",21
5,"Petrevski-Seton, Sam",9,3,10,19,0,0,0,6,0,2,3,4,1,2,0,12,8,0,1,1,0,0,71,-29,"Carlton","2018",21
33,"Pickett, Jarrod",6,4,2,8,0,0,0,3,0,2,0,3,1,0,0,3,6,0,0,2,0,0,71,-29,"Carlton","2018",21
29,"Polson, Cameron",4,1,1,5,0,0,0,2,0,0,1,3,0,2,0,4,1,0,0,0,0,0,62,-29,"Carlton","2018",21
17,"Rowe, Sam",7,4,4,11,0,0,0,2,2,0,0,1,2,0,0,5,5,0,0,11,0,0,100,-29,"Carlton","2018",21
1,"Silvagni, Jack",3,1,1,4,0,0,0,2,1,0,0,1,0,0,0,0,3,0,0,4,0,0,80,-29,"Carlton","2018",21
6,"Simpson, Kade",12,2,8,20,0,0,0,3,3,6,0,2,5,1,0,6,12,1,0,3,1,2,87,-29,"Carlton","2018",21
39,"Thomas, Dale",15,6,15,30,1,0,0,0,4,3,2,3,2,1,0,12,15,1,0,5,0,0,76,-29,"Carlton","2018",21
46,"Wright, Matthew",7,3,2,9,2,1,0,0,0,0,0,0,1,0,0,6,4,0,2,0,0,1,75,-29,"Carlton","2018",21
0,"Rushed",0,0,0,0,0,4,0,0,0,0,0,0,0,0,0,0,0,0,0,0,0,0,0,-29,"Carlton","2018",21
