"Number","Player","Kicks","Marks","Handballs","Disposals","Goals","Behinds","Hitouts","Tackles","Rebounds50s","Inside50s","Clearances","Clangers","FreesFor","FreesAgainst","BrownlowVotes","ContestedPossessions","UncontestedPossessions","ContestedMarks","MarksInside50","OnePercenters","Bounces","GoalAssists","PercentagePlayed","PointDifference","Team","Season","Round"
15,"Ahern, Paul",13,4,9,22,2,0,0,3,3,6,3,6,1,2,0,7,15,0,1,0,1,0,60,37,"North Melbourne","2018",16
3,"Anderson, Jed",7,3,13,20,0,0,0,8,0,2,4,3,2,0,0,9,10,0,0,1,0,1,69,37,"North Melbourne","2018",16
18,"Atley, Shaun",6,1,7,13,0,2,0,4,0,3,1,0,1,0,0,7,7,0,0,1,5,0,83,37,"North Melbourne","2018",16
50,"Brown, Ben",8,4,4,12,4,2,0,1,0,1,1,2,2,1,0,6,6,0,2,0,0,0,100,37,"North Melbourne","2018",16
13,"Clarke, Ryan",15,6,12,27,1,0,0,0,1,4,2,2,0,0,0,6,19,0,0,2,0,0,77,37,"North Melbourne","2018",16
10,"Cunnington, Ben",10,6,20,30,0,0,0,6,0,6,5,2,2,0,0,17,13,0,0,2,0,0,82,37,"North Melbourne","2018",16
1,"Daw, Majak",6,5,7,13,2,0,1,1,1,1,1,1,1,0,0,5,8,2,1,4,3,0,84,37,"North Melbourne","2018",16
14,"Dumont, Trent",10,8,13,23,0,0,0,7,1,3,1,3,0,1,0,4,18,1,0,0,0,1,80,37,"North Melbourne","2018",16
22,"Goldstein, Todd",13,4,7,20,1,0,36,6,0,4,5,1,4,1,1,8,12,0,0,2,0,0,87,37,"North Melbourne","2018",16
4,"Higgins, Shaun",7,0,19,26,1,0,0,2,0,4,6,2,2,0,2,11,15,0,0,0,0,2,87,37,"North Melbourne","2018",16
8,"Hrovat, Nathan",3,1,9,12,0,0,0,1,1,1,0,2,0,0,0,4,8,1,0,0,0,0,75,37,"North Melbourne","2018",16
5,"Jacobs, Ben",11,3,15,26,1,1,0,4,0,2,4,3,0,0,0,8,16,0,0,0,1,2,82,37,"North Melbourne","2018",16
34,"Macmillan, Jamie",15,8,4,19,0,0,0,5,2,5,0,8,2,5,0,2,17,0,0,5,1,1,93,37,"North Melbourne","2018",16
11,"McDonald, Luke",14,7,12,26,0,1,0,4,1,6,0,2,0,0,0,1,24,1,0,1,1,0,86,37,"North Melbourne","2018",16
12,"Simpkin, Jy",4,3,9,13,0,0,0,0,0,1,3,1,1,1,0,8,6,0,1,0,0,2,75,37,"North Melbourne","2018",16
25,"Tarrant, Robbie",14,10,12,26,0,0,0,1,3,4,0,1,1,0,0,6,20,0,0,1,0,0,82,37,"North Melbourne","2018",16
16,"Thompson, Scott",18,9,13,31,0,0,0,3,4,0,0,4,2,0,3,10,22,0,0,7,2,0,95,37,"North Melbourne","2018",16
28,"Turner, Kayne",8,4,6,14,1,0,0,3,1,3,0,3,0,0,0,3,11,0,0,1,0,0,82,37,"North Melbourne","2018",16
2,"Williams, Marley",10,3,8,18,0,0,0,7,1,2,0,2,3,1,0,6,13,0,0,0,1,0,84,37,"North Melbourne","2018",16
19,"Wright, Sam",10,8,12,22,0,0,0,1,4,1,1,3,0,1,0,3,19,1,0,2,1,0,86,37,"North Melbourne","2018",16
7,"Ziebell, Jack",10,4,8,18,1,2,0,4,0,2,0,6,2,3,0,9,10,1,3,2,0,0,94,37,"North Melbourne","2018",16
44,"Zurhaar, Cameron",2,0,7,9,0,1,1,3,0,2,0,2,1,1,0,5,4,0,0,1,0,0,56,37,"North Melbourne","2018",16
0,"Rushed",0,0,0,0,0,2,0,0,0,0,0,0,0,0,0,0,0,0,0,0,0,0,0,37,"North Melbourne","2018",16
13,"Ah Chee, Callum",5,5,13,18,0,1,0,2,0,3,1,3,0,2,0,6,11,0,1,3,0,1,81,-37,"Gold Coast","2018",16
31,"Ballard, Charlie",4,3,4,8,0,0,0,1,2,0,0,3,1,1,0,4,5,1,0,3,0,0,84,-37,"Gold Coast","2018",16
41,"Brodie, Will",7,2,17,24,0,0,0,4,1,4,6,4,1,0,0,12,12,0,0,0,1,0,74,-37,"Gold Coast","2018",16
32,"Crossley, Brayden",4,2,5,9,1,1,9,0,0,0,0,5,1,4,0,5,4,2,2,3,0,0,82,-37,"Gold Coast","2018",16
5,"Harbrow, Jarrod",22,3,3,25,0,0,0,2,6,5,1,3,0,1,0,4,19,0,0,1,1,1,86,-37,"Gold Coast","2018",16
39,"Holman, Nick",3,1,6,9,1,1,0,6,1,0,2,4,2,4,0,6,4,0,1,1,0,0,78,-37,"Gold Coast","2018",16
38,"Joyce, Jesse",11,4,1,12,0,0,0,0,6,0,0,5,2,1,0,4,9,0,0,1,0,0,80,-37,"Gold Coast","2018",16
23,"Lemmens, Sean",5,2,3,8,0,1,0,3,2,0,0,3,1,3,0,1,8,0,0,1,0,0,74,-37,"Gold Coast","2018",16
25,"Lyons, Jarryd",15,1,11,26,0,2,0,7,0,2,7,6,0,3,0,12,15,0,0,1,0,0,74,-37,"Gold Coast","2018",16
4,"Martin, Jack",9,7,13,22,1,0,0,4,2,1,3,4,0,0,0,5,16,1,2,2,0,0,83,-37,"Gold Coast","2018",16
17,"May, Steven",11,5,4,15,0,0,0,0,4,1,0,4,1,2,0,7,6,2,0,8,0,0,91,-37,"Gold Coast","2018",16
11,"Miller, Touk",7,7,17,24,1,0,0,6,2,2,5,4,1,1,0,13,11,2,0,1,0,0,81,-37,"Gold Coast","2018",16
27,"Powell, Wil",9,5,6,15,0,0,0,1,2,0,3,3,4,1,0,8,8,0,0,3,0,0,75,-37,"Gold Coast","2018",16
35,"Rischitelli, Michael",2,0,5,7,0,0,0,0,0,2,1,1,0,0,0,3,2,0,0,2,0,0,72,-37,"Gold Coast","2018",16
36,"Schoenfeld, Josh",8,6,7,15,0,2,0,3,1,3,0,2,1,0,0,4,11,0,1,0,0,1,78,-37,"Gold Coast","2018",16
6,"Sexton, Alex",9,3,6,15,1,0,0,1,3,3,0,3,0,0,0,3,12,0,0,1,0,1,89,-37,"Gold Coast","2018",16
24,"Swallow, David",2,1,12,14,0,0,0,5,2,1,3,2,1,0,0,11,4,1,0,0,0,1,78,-37,"Gold Coast","2018",16
16,"Thompson, Rory",7,3,2,9,0,0,0,2,3,0,0,2,0,1,0,5,4,1,0,8,0,0,100,-37,"Gold Coast","2018",16
14,"Weller, Lachie",14,5,11,25,0,0,0,2,3,3,2,4,0,0,0,5,19,0,0,1,1,0,84,-37,"Gold Coast","2018",16
28,"Witts, Jarrod",8,7,11,19,1,1,36,5,4,2,4,5,0,2,0,9,10,1,1,2,0,0,84,-37,"Gold Coast","2018",16
30,"Wright, Peter",10,9,5,15,1,1,0,2,1,4,0,3,0,0,0,2,13,0,0,2,0,0,86,-37,"Gold Coast","2018",16
15,"Young, Aaron",9,2,7,16,1,0,0,4,1,1,0,3,1,1,0,5,11,0,0,2,0,0,86,-37,"Gold Coast","2018",16
0,"Totals",181,83,169,350,8,10,45,60,46,37,38,76,17,27,0,134,214,11,8,46,3,5,0,-37,"Gold Coast","2018",16
