"Number","Player","Kicks","Marks","Handballs","Disposals","Goals","Behinds","Hitouts","Tackles","Rebounds50s","Inside50s","Clearances","Clangers","FreesFor","FreesAgainst","BrownlowVotes","ContestedPossessions","UncontestedPossessions","ContestedMarks","MarksInside50","OnePercenters","Bounces","GoalAssists","PercentagePlayed","PointDifference","Team","Season","Round"
45,"Abbott, Ryan",9,4,10,19,0,1,31,5,0,0,4,3,1,1,0,10,9,1,1,6,0,0,84,133,"Geelong","2018",22
4,"Ablett, Gary",15,2,10,25,1,2,0,4,0,9,2,2,0,0,0,6,18,0,2,0,0,0,84,133,"Geelong","2018",22
46,"Blicavs, Mark",4,3,7,11,0,0,8,2,2,0,2,3,0,2,0,4,7,0,0,4,0,0,97,133,"Geelong","2018",22
35,"Dangerfield, Patrick",13,6,11,24,0,3,0,8,0,5,4,4,4,1,0,11,12,2,2,0,0,1,83,133,"Geelong","2018",22
22,"Duncan, Mitch",16,6,9,25,0,0,0,6,1,4,4,6,4,3,0,10,16,0,1,3,0,2,84,133,"Geelong","2018",22
29,"Guthrie, Cameron",7,2,10,17,0,0,0,3,2,2,3,1,1,0,0,7,10,0,0,0,0,2,64,133,"Geelong","2018",22
26,"Hawkins, Tom",13,7,9,22,6,1,2,0,0,1,2,3,1,1,2,11,10,1,6,2,0,2,88,133,"Geelong","2018",22
25,"Henderson, Lachie",15,5,5,20,0,0,0,3,5,3,0,1,2,1,0,7,12,1,0,11,0,0,99,133,"Geelong","2018",22
38,"Henry, Jack",7,3,4,11,2,0,0,3,1,1,0,1,1,0,0,4,7,1,1,1,0,1,73,133,"Geelong","2018",22
11,"Kelly, Tim",14,3,12,26,3,2,0,6,0,7,5,5,3,2,3,14,14,0,1,0,1,1,81,133,"Geelong","2018",22
8,"Kolodjashnij, Jake",7,3,4,11,0,0,0,3,1,2,0,2,1,2,0,5,8,0,0,2,0,0,81,133,"Geelong","2018",22
27,"Menegola, Sam",12,6,15,27,1,0,0,2,0,8,2,1,0,0,0,10,17,0,0,1,0,1,82,133,"Geelong","2018",22
10,"Menzel, Daniel",7,4,2,9,2,2,0,3,0,2,0,3,1,1,0,3,6,1,3,0,0,1,67,133,"Geelong","2018",22
21,"Murdoch, Jordan",12,5,8,20,1,1,0,5,1,4,0,2,1,2,0,9,13,0,0,0,0,2,81,133,"Geelong","2018",22
42,"OConnor, Mark",6,4,5,11,0,0,0,0,1,0,0,1,0,1,0,2,9,0,0,2,0,0,88,133,"Geelong","2018",22
3,"Parfitt, Brandan",10,4,7,17,4,0,0,6,0,2,2,1,0,1,1,6,11,1,3,1,0,3,79,133,"Geelong","2018",22
14,"Selwood, Joel",13,4,9,22,0,0,0,5,1,7,4,2,3,1,0,10,12,0,0,3,0,0,80,133,"Geelong","2018",22
16,"Selwood, Scott",1,1,13,14,0,0,0,3,0,1,1,1,0,0,0,4,12,0,0,0,0,1,83,133,"Geelong","2018",22
44,"Stewart, Tom",12,7,8,20,0,0,0,1,3,3,0,4,0,0,0,3,16,0,0,2,2,0,87,133,"Geelong","2018",22
7,"Taylor, Harry",3,2,2,5,1,0,0,0,0,0,0,1,1,1,0,2,2,1,0,11,0,0,73,133,"Geelong","2018",22
40,"Thurlow, Jackson",15,6,3,18,1,0,0,4,2,7,0,3,0,0,0,7,12,0,1,0,0,2,72,133,"Geelong","2018",22
2,"Tuohy, Zach",14,2,3,17,2,0,0,1,4,5,1,1,2,0,0,5,12,0,0,3,0,0,90,133,"Geelong","2018",22
0,"Rushed",0,0,0,0,0,2,0,0,0,0,0,0,0,0,0,0,0,0,0,0,0,0,0,133,"Geelong","2018",22
1,"Ballantyne, Hayden",2,1,2,4,0,1,0,2,0,0,0,1,0,0,0,2,1,0,1,0,0,0,84,-133,"Fremantle","2018",22
41,"Banfield, Bailey",4,1,7,11,0,0,0,6,0,1,1,3,1,0,0,7,3,1,0,3,0,1,69,-133,"Fremantle","2018",22
5,"Cerra, Adam",9,4,5,14,0,0,0,3,9,0,1,3,0,0,0,3,11,0,0,0,0,0,73,-133,"Fremantle","2018",22
36,"Cox, Brennan",8,5,3,11,0,0,0,3,0,4,0,3,1,0,0,5,6,1,0,1,0,1,90,-133,"Fremantle","2018",22
4,"Darcy, Sean",3,2,3,6,0,0,38,3,0,3,2,3,0,2,0,3,3,1,0,3,0,0,85,-133,"Fremantle","2018",22
44,"Duman, Taylin",5,2,5,10,0,0,0,4,6,0,1,3,1,1,0,5,5,0,0,1,0,0,81,-133,"Fremantle","2018",22
7,"Fyfe, Nat",23,6,14,37,0,1,0,2,3,2,7,8,2,3,0,19,20,2,1,6,0,0,81,-133,"Fremantle","2018",22
42,"Giro, Stefan",8,4,5,13,0,0,0,1,1,2,0,6,0,3,0,2,10,0,0,0,0,0,72,-133,"Fremantle","2018",22
28,"Grey, Brady",4,0,5,9,0,1,0,1,0,2,1,5,1,3,0,7,3,0,0,1,0,0,85,-133,"Fremantle","2018",22
9,"Hill, Bradley",11,6,5,16,1,0,0,3,1,3,0,0,0,0,0,4,11,0,0,1,2,0,84,-133,"Fremantle","2018",22
37,"Johnson, Michael",7,4,4,11,0,0,1,2,3,0,0,6,1,2,0,3,9,0,1,0,0,0,82,-133,"Fremantle","2018",22
22,"Kersten, Shane",10,6,7,17,0,0,0,0,5,2,0,3,2,0,0,8,10,1,0,8,0,0,96,-133,"Fremantle","2018",22
26,"Langdon, Ed",11,3,7,18,0,0,0,0,3,4,2,4,1,2,0,7,11,0,0,1,0,0,70,-133,"Fremantle","2018",22
23,"McCarthy, Cam",3,3,1,4,0,2,0,5,0,0,0,1,0,0,0,1,5,0,2,2,0,0,89,-133,"Fremantle","2018",22
16,"Mundy, David",13,4,9,22,1,0,0,4,2,2,6,4,2,1,0,14,10,1,1,3,0,0,86,-133,"Fremantle","2018",22
27,"Neale, Lachie",8,2,18,26,0,0,0,11,0,1,9,3,0,2,0,18,11,0,0,5,0,0,82,-133,"Fremantle","2018",22
43,"Nyhuis, Ryan",6,2,2,8,0,0,0,3,0,0,0,1,2,0,0,5,3,0,0,3,0,0,86,-133,"Fremantle","2018",22
25,"Pearce, Alex",3,2,2,5,0,0,0,1,1,0,0,4,1,1,0,3,1,1,0,6,0,0,85,-133,"Fremantle","2018",22
11,"Sheridan, Tom",6,1,6,12,1,0,0,3,2,0,1,5,2,1,0,6,7,0,0,0,0,0,66,-133,"Fremantle","2018",22
20,"Taberner, Matthew",8,2,5,13,0,1,2,2,0,1,0,3,2,1,0,7,5,2,1,1,0,0,94,-133,"Fremantle","2018",22
10,"Walters, Michael",6,1,9,15,0,0,0,1,2,0,3,4,1,2,0,9,6,0,0,0,0,0,75,-133,"Fremantle","2018",22
14,"Wilson, Nathan",12,1,4,16,0,0,0,1,9,3,4,5,0,2,0,7,6,0,0,2,1,0,84,-133,"Fremantle","2018",22
0,"Rushed",0,0,0,0,0,1,0,0,0,0,0,0,0,0,0,0,0,0,0,0,0,0,0,-133,"Fremantle","2018",22
