"Number","Player","Kicks","Marks","Handballs","Disposals","Goals","Behinds","Hitouts","Tackles","Rebounds50s","Inside50s","Clearances","Clangers","FreesFor","FreesAgainst","BrownlowVotes","ContestedPossessions","UncontestedPossessions","ContestedMarks","MarksInside50","OnePercenters","Bounces","GoalAssists","PercentagePlayed","PointDifference","Team","Season","Round"
1,"Ballantyne, Hayden",3,2,3,6,2,0,0,2,0,1,0,1,0,1,0,2,5,0,0,1,0,0,85,-8,"Fremantle","2018",6
41,"Banfield, Bailey",8,2,6,14,0,0,0,4,0,2,1,6,1,1,0,10,7,0,0,1,0,1,88,-8,"Fremantle","2018",6
19,"Blakely, Connor",15,8,16,31,0,0,0,4,3,2,4,5,2,1,0,7,25,0,0,6,0,0,82,-8,"Fremantle","2018",6
8,"Brayshaw, Andrew",5,2,9,14,1,0,0,4,2,2,0,3,0,1,0,3,11,0,0,3,0,0,62,-8,"Fremantle","2018",6
5,"Cerra, Adam",6,4,5,11,0,0,0,1,0,4,2,0,1,0,0,5,6,1,0,0,0,1,84,-8,"Fremantle","2018",6
12,"Crowden, Mitch",5,2,6,11,0,0,0,3,1,2,2,2,0,2,0,6,7,0,1,2,0,0,89,-8,"Fremantle","2018",6
44,"Duman, Taylin",8,2,4,12,0,0,0,3,2,1,0,4,1,3,0,4,9,0,0,2,0,0,68,-8,"Fremantle","2018",6
7,"Fyfe, Nat",13,5,14,27,0,1,0,5,2,5,4,2,1,1,0,12,17,0,1,4,1,2,92,-8,"Fremantle","2018",6
21,"Hamling, Joel",4,4,5,9,0,0,0,3,2,1,0,2,2,1,0,2,8,0,0,9,0,0,95,-8,"Fremantle","2018",6
32,"Hill, Stephen",12,1,7,19,0,1,0,4,4,3,1,1,0,0,0,6,11,0,1,2,0,0,83,-8,"Fremantle","2018",6
37,"Johnson, Michael",7,6,11,18,0,0,2,0,1,2,0,3,0,0,0,7,10,1,0,5,0,1,92,-8,"Fremantle","2018",6
26,"Langdon, Ed",15,9,11,26,2,1,0,3,2,2,2,1,1,0,0,9,17,2,4,0,0,0,81,-8,"Fremantle","2018",6
3,"Matera, Brandon",12,8,5,17,1,0,0,3,0,5,0,1,0,1,0,2,16,0,0,0,1,0,83,-8,"Fremantle","2018",6
23,"McCarthy, Cam",5,4,2,7,2,1,0,2,0,3,0,4,1,3,0,6,3,2,3,2,0,2,91,-8,"Fremantle","2018",6
16,"Mundy, David",10,4,13,23,1,1,0,6,2,0,7,4,1,2,0,13,12,1,1,2,0,0,83,-8,"Fremantle","2018",6
27,"Neale, Lachie",13,8,22,35,0,0,0,8,1,4,3,4,2,1,3,16,21,3,0,2,0,2,82,-8,"Fremantle","2018",6
25,"Pearce, Alex",9,2,5,14,0,0,0,2,3,1,0,3,2,1,0,8,6,0,0,6,0,0,96,-8,"Fremantle","2018",6
38,"Ryan, Luke",16,6,2,18,0,0,0,2,6,0,0,3,1,0,0,2,16,1,0,5,1,0,83,-8,"Fremantle","2018",6
31,"Sandilands, Aaron",6,3,4,10,0,0,33,2,0,2,2,2,3,1,0,4,6,1,1,5,0,0,80,-8,"Fremantle","2018",6
18,"Tucker, Darcy",6,2,11,17,2,0,0,6,2,2,3,3,1,2,0,7,11,0,0,3,0,0,84,-8,"Fremantle","2018",6
10,"Walters, Michael",1,0,1,2,1,0,0,0,0,0,0,0,0,0,0,2,0,0,0,0,0,0,20,-8,"Fremantle","2018",6
14,"Wilson, Nathan",10,8,5,15,0,1,0,0,4,1,0,1,0,0,0,3,11,1,2,1,1,0,88,-8,"Fremantle","2018",6
0,"Rushed",0,0,0,0,0,3,0,0,0,0,0,0,0,0,0,0,0,0,0,0,0,0,0,-8,"Fremantle","2018",6
37,"Barrass, Tom",6,3,1,7,0,0,0,1,2,0,0,1,1,1,0,4,4,1,0,4,0,0,84,8,"West Coast","2018",6
28,"Cole, Tom",8,1,4,12,0,0,0,10,3,2,0,1,5,0,0,6,7,0,0,2,0,0,87,8,"West Coast","2018",6
15,"Cripps, Jamie",7,5,8,15,0,1,0,4,0,2,2,0,0,0,0,4,11,0,1,0,0,1,86,8,"West Coast","2018",6
27,"Darling, Jack",13,7,5,18,3,1,0,3,1,3,1,3,3,1,0,11,8,3,3,3,0,0,93,8,"West Coast","2018",6
14,"Duggan, Liam",12,6,6,18,0,0,0,0,3,1,1,1,0,0,0,5,14,0,0,3,0,1,88,8,"West Coast","2018",6
3,"Gaff, Andrew",20,8,12,32,0,0,0,3,2,5,6,2,0,0,0,8,22,0,1,0,0,2,88,8,"West Coast","2018",6
25,"Hurn, Shannon",24,11,7,31,0,0,0,1,3,2,1,1,1,0,1,8,22,1,0,4,0,1,90,8,"West Coast","2018",6
23,"Jetta, Lewis",9,5,3,12,0,0,0,0,1,1,0,2,0,1,0,2,10,1,0,1,0,0,66,8,"West Coast","2018",6
17,"Kennedy, Josh",5,4,2,7,3,1,0,0,0,0,0,3,0,3,0,3,5,0,4,2,0,0,80,8,"West Coast","2018",6
2,"LeCras, Mark",15,2,1,16,1,2,0,4,0,7,1,0,3,0,0,8,7,0,0,1,0,0,89,8,"West Coast","2018",6
29,"Lycett, Scott",6,4,12,18,0,0,20,3,0,2,4,2,2,1,0,10,8,0,0,4,0,1,64,8,"West Coast","2018",6
7,"Masten, Chris",10,7,7,17,0,0,0,5,2,3,1,2,2,1,0,4,13,0,0,0,0,1,86,8,"West Coast","2018",6
20,"McGovern, Jeremy",14,10,5,19,0,0,0,0,2,3,1,4,0,2,0,9,10,4,0,5,0,0,85,8,"West Coast","2018",6
9,"Naitanui, Nic",4,1,4,8,0,1,32,2,1,1,1,4,1,3,0,5,3,0,0,6,0,0,61,8,"West Coast","2018",6
21,"Petruccelle, Jack",1,1,3,4,0,0,0,1,0,3,0,3,0,1,0,3,1,0,0,0,2,0,65,8,"West Coast","2018",6
8,"Redden, Jack",16,6,18,34,1,1,0,4,2,4,6,3,2,1,0,16,18,1,1,2,0,2,88,8,"West Coast","2018",6
44,"Rioli, Willie",6,3,3,9,0,2,0,2,0,2,0,1,0,1,0,3,6,0,0,0,0,1,69,8,"West Coast","2018",6
4,"Sheed, Dom",16,2,7,23,1,0,0,3,2,4,6,8,0,2,0,9,14,0,0,0,2,0,88,8,"West Coast","2018",6
5,"Sheppard, Brad",10,7,1,11,0,0,0,0,2,1,0,2,0,0,0,1,10,0,0,2,0,0,91,8,"West Coast","2018",6
13,"Shuey, Luke",13,4,14,27,1,0,0,6,1,4,8,2,2,0,2,14,13,0,0,1,3,0,88,8,"West Coast","2018",6
45,"Waterman, Jake",8,5,6,14,2,1,0,4,0,3,0,1,0,1,0,4,10,0,1,1,0,0,72,8,"West Coast","2018",6
6,"Yeo, Elliot",12,3,7,19,1,0,0,7,3,2,5,2,0,1,0,9,10,0,0,3,0,1,91,8,"West Coast","2018",6
0,"Rushed",0,0,0,0,0,1,0,0,0,0,0,0,0,0,0,0,0,0,0,0,0,0,0,8,"West Coast","2018",6
