"Number","Player","Kicks","Marks","Handballs","Disposals","Goals","Behinds","Hitouts","Tackles","Rebounds50s","Inside50s","Clearances","Clangers","FreesFor","FreesAgainst","BrownlowVotes","ContestedPossessions","UncontestedPossessions","ContestedMarks","MarksInside50","OnePercenters","Bounces","GoalAssists","PercentagePlayed","PointDifference","Team","Season","Round"
12,"Astbury, David",8,3,5,13,0,0,0,2,1,1,0,4,0,2,0,8,6,0,0,6,0,0,91,3,"Richmond","2018",20
48,"Baker, Liam",7,3,7,14,0,2,0,2,0,5,0,2,1,2,0,2,12,0,1,0,0,0,77,3,"Richmond","2018",20
22,"Caddy, Josh",11,5,4,15,0,2,1,9,0,4,3,2,1,1,0,7,9,0,1,1,0,0,86,3,"Richmond","2018",20
11,"Castagna, Jason",7,1,1,8,2,0,1,5,1,0,1,5,0,1,0,4,4,0,1,1,0,0,87,3,"Richmond","2018",20
9,"Cotchin, Trent",16,3,3,19,1,0,0,9,0,1,4,1,0,0,0,11,7,0,0,4,0,0,77,3,"Richmond","2018",20
10,"Edwards, Shane",8,3,7,15,0,0,0,5,1,1,5,2,1,1,0,13,4,0,0,2,0,1,76,3,"Richmond","2018",20
5,"Ellis, Brandon",10,3,8,18,0,0,0,4,3,1,1,2,1,0,0,9,8,0,0,1,0,0,83,3,"Richmond","2018",20
6,"Grigg, Shaun",11,4,4,15,0,0,6,4,4,4,1,1,1,1,0,4,9,0,0,0,0,0,84,3,"Richmond","2018",20
2,"Grimes, Dylan",6,6,3,9,0,0,0,5,2,2,0,2,0,1,0,2,7,1,0,7,0,0,89,3,"Richmond","2018",20
28,"Higgins, Jack",11,2,7,18,1,2,0,2,1,3,4,3,2,1,0,13,5,1,0,3,0,0,63,3,"Richmond","2018",20
23,"Lambert, Kane",14,6,17,31,0,1,0,7,2,8,4,4,0,1,1,14,17,0,0,3,0,2,86,3,"Richmond","2018",20
27,"Lloyd, Sam",8,2,9,17,1,0,0,7,1,4,2,2,0,1,0,8,9,0,1,3,0,2,69,3,"Richmond","2018",20
4,"Martin, Dustin",23,4,3,26,0,2,0,6,1,10,10,3,1,0,0,17,8,1,0,2,1,2,86,3,"Richmond","2018",20
33,"McIntosh, Kamdyn",10,2,3,13,1,0,0,5,1,3,0,2,1,0,0,7,6,0,0,4,0,0,67,3,"Richmond","2018",20
37,"Menadue, Connor",11,2,7,18,0,0,0,2,0,1,1,3,0,1,0,9,10,0,0,1,0,0,72,3,"Richmond","2018",20
25,"Nankervis, Toby",15,3,3,18,1,1,33,3,1,3,4,5,1,2,0,8,6,0,0,2,0,1,81,3,"Richmond","2018",20
18,"Rance, Alex",6,2,7,13,0,0,0,2,1,2,0,2,2,0,0,5,7,0,0,10,0,0,100,3,"Richmond","2018",20
8,"Riewoldt, Jack",9,4,1,10,4,1,0,2,0,3,0,4,1,2,0,5,6,2,4,1,0,1,100,3,"Richmond","2018",20
17,"Rioli, Daniel",5,2,7,12,0,0,0,4,0,4,0,2,0,1,0,3,9,0,0,0,2,0,83,3,"Richmond","2018",20
15,"Short, Jayden",12,1,2,14,0,0,0,1,3,4,0,2,0,1,0,3,11,0,0,0,1,1,80,3,"Richmond","2018",20
21,"Townsend, Jacob",4,1,3,7,1,0,1,4,0,2,0,4,0,2,0,2,5,0,0,1,0,0,74,3,"Richmond","2018",20
1,"Vlastuin, Nick",11,4,3,14,0,0,0,2,7,2,0,3,2,2,0,4,9,0,0,0,1,0,88,3,"Richmond","2018",20
0,"Rushed",0,0,0,0,0,2,0,0,0,0,0,0,0,0,0,0,0,0,0,0,0,0,0,3,"Richmond","2018",20
45,"Abbott, Ryan",3,3,7,10,2,0,27,7,1,0,1,3,0,2,0,6,6,0,2,5,0,0,83,-3,"Geelong","2018",20
4,"Ablett, Gary",13,1,11,24,0,2,0,4,2,4,4,4,0,2,0,11,14,0,0,1,0,0,72,-3,"Geelong","2018",20
24,"Bews, Jed",3,0,6,9,0,0,0,2,2,0,1,5,1,1,0,5,4,0,0,2,0,0,80,-3,"Geelong","2018",20
46,"Blicavs, Mark",8,2,6,14,0,0,10,5,6,0,1,0,3,0,0,6,9,0,0,18,0,0,100,-3,"Geelong","2018",20
31,"Cunico, Jordan",8,3,8,16,0,0,0,1,3,2,0,3,0,0,0,4,11,0,0,1,0,0,76,-3,"Geelong","2018",20
35,"Dangerfield, Patrick",16,4,23,39,0,0,0,5,2,4,8,4,2,0,2,21,19,1,0,3,0,1,87,-3,"Geelong","2018",20
22,"Duncan, Mitch",18,4,15,33,0,1,0,1,4,5,6,5,1,1,0,15,20,0,0,1,0,1,90,-3,"Geelong","2018",20
13,"Fogarty, Lachie",4,2,7,11,0,0,0,3,0,1,1,2,2,1,0,6,8,0,0,2,0,0,72,-3,"Geelong","2018",20
29,"Guthrie, Cameron",7,3,13,20,1,0,0,8,1,0,1,3,0,0,0,7,13,0,0,6,0,0,86,-3,"Geelong","2018",20
26,"Hawkins, Tom",8,4,5,13,1,1,0,1,0,5,0,3,2,2,0,6,5,1,1,4,0,1,93,-3,"Geelong","2018",20
25,"Henderson, Lachie",9,1,6,15,0,0,0,1,8,0,0,1,0,0,0,3,11,0,0,8,0,0,95,-3,"Geelong","2018",20
38,"Henry, Jack",7,2,2,9,1,2,4,3,0,2,1,3,0,1,0,5,4,0,2,1,0,1,82,-3,"Geelong","2018",20
41,"Jones, Jamaine",3,2,4,7,0,0,0,4,0,0,0,2,1,1,0,3,4,0,0,0,0,0,67,-3,"Geelong","2018",20
11,"Kelly, Tim",19,3,17,36,1,1,0,3,5,3,4,7,2,0,3,16,20,0,1,2,0,1,89,-3,"Geelong","2018",20
8,"Kolodjashnij, Jake",3,1,2,5,0,0,0,5,1,1,0,1,0,1,0,2,2,0,0,5,0,1,77,-3,"Geelong","2018",20
27,"Menegola, Sam",15,4,14,29,2,1,0,3,2,3,3,3,2,0,0,20,12,0,0,3,0,0,72,-3,"Geelong","2018",20
10,"Menzel, Daniel",6,5,5,11,3,1,0,0,0,2,0,2,0,1,0,3,7,2,3,1,0,0,86,-3,"Geelong","2018",20
3,"Parfitt, Brandan",6,0,10,16,0,0,0,5,1,1,3,2,3,1,0,7,11,0,0,0,0,1,78,-3,"Geelong","2018",20
14,"Selwood, Joel",18,5,19,37,0,0,0,4,7,4,9,2,3,1,0,22,18,0,0,9,0,1,81,-3,"Geelong","2018",20
16,"Selwood, Scott",6,2,10,16,0,0,0,7,1,3,2,3,0,0,0,6,10,0,0,0,0,0,75,-3,"Geelong","2018",20
40,"Thurlow, Jackson",8,4,3,11,0,0,0,0,2,3,1,2,0,0,0,3,9,1,0,0,0,1,65,-3,"Geelong","2018",20
2,"Tuohy, Zach",12,3,11,23,1,0,0,1,5,3,1,3,1,0,0,11,10,0,0,3,0,0,94,-3,"Geelong","2018",20
0,"Rushed",0,0,0,0,0,1,0,0,0,0,0,0,0,0,0,0,0,0,0,0,0,0,0,-3,"Geelong","2018",20
