"Number","Player","Kicks","Marks","Handballs","Disposals","Goals","Behinds","Hitouts","Tackles","Rebounds50s","Inside50s","Clearances","Clangers","FreesFor","FreesAgainst","BrownlowVotes","ContestedPossessions","UncontestedPossessions","ContestedMarks","MarksInside50","OnePercenters","Bounces","GoalAssists","PercentagePlayed","PointDifference","Team","Season","Round"
10,"Brayshaw, Angus",14,4,11,25,0,1,0,7,2,3,6,2,3,0,0,15,10,1,1,3,1,0,80,-9,"Melbourne","2018",21
31,"Fritsch, Bayley",8,4,6,14,0,0,0,0,1,1,0,1,0,0,0,5,8,1,0,2,0,0,77,-9,"Melbourne","2018",21
17,"Frost, Sam",6,3,3,9,0,0,0,2,1,1,0,1,1,1,0,4,4,1,0,5,0,0,97,-9,"Melbourne","2018",21
36,"Garlett, Jeff",3,1,7,10,1,1,0,0,0,0,0,2,0,1,0,9,2,1,1,2,0,1,76,-9,"Melbourne","2018",21
11,"Gawn, Max",4,2,3,7,0,0,46,1,0,3,3,1,4,0,0,8,1,2,0,9,0,0,80,-9,"Melbourne","2018",21
4,"Harmes, James",12,4,14,26,0,0,0,5,2,6,2,1,1,0,0,12,14,1,0,2,3,2,79,-9,"Melbourne","2018",21
1,"Hogan, Jesse",11,4,8,19,1,3,1,1,0,0,0,4,1,1,0,8,10,0,3,2,0,0,79,-9,"Melbourne","2018",21
29,"Hunt, Jayden",6,3,4,10,0,0,0,2,1,3,0,1,0,1,0,1,9,0,0,0,1,0,66,-9,"Melbourne","2018",21
39,"Jetta, Neville",3,4,5,8,0,0,0,4,0,0,1,1,1,1,0,4,5,0,0,2,0,0,76,-9,"Melbourne","2018",21
2,"Jones, Nathan",14,2,9,23,1,0,0,3,0,6,2,7,0,2,0,6,18,0,0,2,0,1,89,-9,"Melbourne","2018",21
24,"Kennedy Harris, Jay",5,3,9,14,0,0,0,5,0,1,2,2,2,1,0,6,9,1,0,0,0,0,73,-9,"Melbourne","2018",21
6,"Lewis, Jordan",10,1,11,21,0,0,0,0,3,2,1,1,0,1,0,7,13,0,0,5,0,0,90,-9,"Melbourne","2018",21
28,"McDonald, Oscar",6,3,5,11,0,0,0,3,2,3,0,1,0,0,0,7,3,3,0,5,0,0,96,-9,"Melbourne","2018",21
25,"McDonald, Tom",11,10,6,17,2,2,9,1,1,4,0,1,0,0,0,8,10,3,4,5,0,0,95,-9,"Melbourne","2018",21
30,"Neal-Bullen, Alex",10,2,4,14,0,0,0,6,0,6,2,8,0,2,0,4,10,0,0,0,0,0,77,-9,"Melbourne","2018",21
13,"Oliver, Clayton",15,5,12,27,0,2,0,12,3,2,6,4,2,3,2,13,15,1,2,0,0,0,88,-9,"Melbourne","2018",21
21,"Pedersen, Cameron",6,4,4,10,1,0,1,2,4,2,1,2,0,0,0,5,6,2,0,3,0,0,83,-9,"Melbourne","2018",21
5,"Petracca, Christian",13,8,7,20,1,1,0,3,0,6,0,5,0,2,0,7,14,2,1,0,0,0,82,-9,"Melbourne","2018",21
3,"Salem, Christian",12,5,10,22,0,0,0,4,6,2,2,1,1,1,0,8,13,0,0,1,4,0,88,-9,"Melbourne","2018",21
9,"Spargo, Charlie",4,2,6,10,0,2,0,4,0,1,1,2,1,1,0,4,6,0,2,0,0,0,69,-9,"Melbourne","2018",21
12,"Tyson, Dom",13,4,18,31,0,2,0,2,2,4,3,3,1,0,0,10,21,0,0,0,0,1,78,-9,"Melbourne","2018",21
22,"Vandenberg, Aaron",7,4,3,10,3,0,0,2,0,4,1,2,0,1,0,7,4,2,2,3,0,0,84,-9,"Melbourne","2018",21
0,"Rushed",0,0,0,0,0,4,0,0,0,0,0,0,0,0,0,0,0,0,0,0,0,0,0,-9,"Melbourne","2018",21
36,"Aliir, Aliir",12,10,3,15,0,0,3,1,3,2,0,1,0,1,1,4,12,2,0,5,0,0,94,9,"Sydney","2018",21
7,"Cunningham, Harry",13,9,7,20,1,0,0,2,3,2,1,1,0,1,0,7,14,0,2,1,0,1,89,9,"Sydney","2018",21
34,"Dawson, Jordan",13,9,2,15,1,1,2,3,2,1,1,2,2,0,0,7,8,3,2,0,0,0,81,9,"Sydney","2018",21
13,"Florent, Oliver",10,5,8,18,0,0,0,3,2,1,0,3,1,0,0,8,10,3,0,0,0,0,92,9,"Sydney","2018",21
23,"Franklin, Lance",16,9,3,19,2,5,0,3,0,7,0,4,1,2,0,7,14,4,2,1,1,0,98,9,"Sydney","2018",21
4,"Hannebery, Dan",12,4,14,26,1,0,0,3,1,1,3,4,1,1,0,9,17,0,0,0,0,0,83,9,"Sydney","2018",21
9,"Hayward, Will",10,7,4,14,1,1,0,3,0,2,1,0,0,0,0,2,12,0,0,0,0,0,83,9,"Sydney","2018",21
5,"Heeney, Isaac",11,6,8,19,2,0,0,5,1,1,0,1,2,0,3,10,10,2,3,2,0,1,87,9,"Sydney","2018",21
29,"Hewett, George",14,3,10,24,0,0,0,8,4,4,6,3,3,2,0,10,14,0,0,0,0,1,92,9,"Sydney","2018",21
15,"Jack, Kieren",9,3,7,16,0,0,0,2,2,1,1,2,1,1,0,6,9,0,0,1,0,0,76,9,"Sydney","2018",21
2,"Johnson, Alex",1,1,3,4,0,0,0,1,1,0,0,0,0,0,0,2,2,0,0,2,0,0,20,9,"Sydney","2018",21
12,"Kennedy, Josh",12,4,16,28,1,0,0,7,2,2,7,1,2,1,0,14,14,0,1,3,0,1,84,9,"Sydney","2018",21
44,"Lloyd, Jake",21,10,10,31,0,0,0,1,7,3,2,0,0,0,0,9,17,1,0,3,1,0,95,9,"Sydney","2018",21
30,"McCartin, Tom",6,6,4,10,1,0,0,3,0,4,0,0,0,0,0,5,5,2,0,4,0,2,80,9,"Sydney","2018",21
3,"McVeigh, Jarrad",8,6,7,15,0,0,0,3,4,0,2,0,1,0,0,4,12,0,0,3,0,0,89,9,"Sydney","2018",21
28,"Newman, Nic",18,12,4,22,0,0,0,5,6,2,0,3,1,0,0,6,19,1,0,4,0,1,81,9,"Sydney","2018",21
11,"Papley, Tom",10,3,6,16,3,2,0,4,3,2,3,1,1,0,0,8,11,0,0,1,2,0,87,9,"Sydney","2018",21
26,"Parker, Luke",8,7,11,19,0,0,1,6,0,2,2,3,0,1,0,9,9,0,1,3,0,2,88,9,"Sydney","2018",21
24,"Rampe, Dane",4,3,8,12,0,0,0,3,2,0,0,2,0,1,0,6,6,0,0,6,0,0,100,9,"Sydney","2018",21
25,"Ronke, Ben",7,1,6,13,0,0,0,4,0,3,0,4,2,3,0,8,6,1,0,1,0,1,84,9,"Sydney","2018",21
18,"Sinclair, Callum",9,2,4,13,0,0,13,6,2,3,4,6,2,4,0,9,2,2,0,5,0,0,89,9,"Sydney","2018",21
40,"Smith, Nick",0,0,2,2,0,0,0,1,0,0,0,0,0,0,0,0,2,0,0,1,0,0,25,9,"Sydney","2018",21
0,"Totals",224,120,147,371,13,9,19,77,45,43,33,41,20,18,4,150,225,21,11,46,4,10,0,9,"Sydney","2018",21
