"Number","Player","Kicks","Marks","Handballs","Disposals","Goals","Behinds","Hitouts","Tackles","Rebounds50s","Inside50s","Clearances","Clangers","FreesFor","FreesAgainst","BrownlowVotes","ContestedPossessions","UncontestedPossessions","ContestedMarks","MarksInside50","OnePercenters","Bounces","GoalAssists","PercentagePlayed","PointDifference","Team","Season","Round"
12,"Baguley, Mark",8,6,4,12,1,2,0,1,0,3,0,2,0,2,0,4,6,2,3,3,0,1,81,29,"Essendon","2018",18
2,"Bellchambers, Tom",10,4,5,15,0,1,49,2,1,1,5,4,1,4,0,10,5,1,1,4,0,0,92,29,"Essendon","2018",18
28,"Brown, Mitch",7,7,3,10,3,1,0,1,0,3,0,1,0,1,0,0,10,0,2,2,0,1,95,29,"Essendon","2018",18
32,"Colyer, Travis",4,2,5,9,0,0,0,6,0,1,2,1,1,0,0,4,6,0,0,3,0,0,75,29,"Essendon","2018",18
49,"Dea, Matt",13,6,7,20,0,0,0,1,2,2,0,4,1,1,0,9,12,2,0,5,0,0,92,29,"Essendon","2018",18
13,"Fantasia, Orazio",10,9,9,19,5,1,0,3,1,1,2,1,1,1,3,9,10,0,7,1,0,0,76,29,"Essendon","2018",18
9,"Goddard, Brendon",7,3,16,23,0,0,0,0,0,3,0,7,0,3,0,11,15,2,0,1,2,1,78,29,"Essendon","2018",18
35,"Guelfi, Matt",5,0,7,12,0,0,0,5,5,2,0,1,0,0,0,4,7,0,0,5,0,0,89,29,"Essendon","2018",18
21,"Heppell, Dyson",12,3,14,26,0,0,0,4,1,4,9,2,2,0,0,13,13,0,0,0,0,0,92,29,"Essendon","2018",18
26,"Hooker, Cale",8,6,6,14,0,3,0,1,2,2,0,4,1,2,0,7,7,3,2,4,0,0,98,29,"Essendon","2018",18
18,"Hurley, Michael",9,4,8,17,0,0,0,1,3,1,0,1,2,0,0,6,10,0,0,5,0,0,94,29,"Essendon","2018",18
4,"Langford, Kyle",11,4,5,16,0,1,0,3,0,4,2,3,0,1,0,9,8,0,1,2,0,1,80,29,"Essendon","2018",18
43,"McDonald-Tipungwuti, Anthony",9,5,8,17,0,1,0,7,1,3,2,4,3,2,0,10,10,0,1,4,1,2,82,29,"Essendon","2018",18
1,"McGrath, Andrew",6,3,5,11,0,0,0,1,1,1,1,2,0,1,0,4,7,0,0,1,0,0,75,29,"Essendon","2018",18
44,"McKernan, Shaun",6,4,0,6,0,1,1,1,1,1,1,1,0,1,0,3,2,2,1,1,0,0,30,29,"Essendon","2018",18
41,"McNiece, Ben",10,4,11,21,0,0,0,4,0,0,1,2,0,1,0,8,14,0,0,2,1,1,79,29,"Essendon","2018",18
7,"Merrett, Zach",15,2,13,28,0,1,0,8,2,9,7,7,5,1,1,15,14,0,0,3,0,1,85,29,"Essendon","2018",18
23,"Myers, David",10,1,8,18,1,1,0,0,1,6,5,2,0,2,0,8,11,0,0,0,0,1,76,29,"Essendon","2018",18
3,"Parish, Darcy",11,2,7,18,0,2,0,3,1,3,1,0,2,0,0,6,12,0,0,0,0,0,82,29,"Essendon","2018",18
42,"Saad, Adam",8,2,11,19,0,1,0,5,1,1,0,2,0,0,0,5,12,0,1,8,1,1,85,29,"Essendon","2018",18
5,"Smith, Devon",15,3,8,23,2,0,0,10,1,3,3,2,2,1,2,7,16,2,2,2,0,0,84,29,"Essendon","2018",18
11,"Zaharakis, David",14,6,11,25,1,1,0,2,0,8,0,1,1,0,0,6,18,0,1,3,0,1,80,29,"Essendon","2018",18
0,"Rushed",0,0,0,0,0,4,0,0,0,0,0,0,0,0,0,0,0,0,0,0,0,0,0,29,"Essendon","2018",18
41,"Banfield, Bailey",14,6,8,22,0,0,0,2,3,4,6,5,2,2,0,8,13,0,0,3,0,0,87,-29,"Fremantle","2018",18
5,"Cerra, Adam",8,1,5,13,1,0,0,7,1,0,1,1,1,0,0,6,7,0,0,5,0,0,66,-29,"Fremantle","2018",18
36,"Cox, Brennan",3,1,4,7,0,0,0,0,0,1,0,2,0,1,0,3,4,0,0,3,0,0,91,-29,"Fremantle","2018",18
44,"Duman, Taylin",12,4,4,16,0,0,0,3,3,0,0,0,2,0,0,6,11,0,0,4,0,0,86,-29,"Fremantle","2018",18
42,"Giro, Stefan",6,1,7,13,0,0,0,5,0,1,0,6,2,1,0,6,9,0,0,0,0,0,77,-29,"Fremantle","2018",18
21,"Hamling, Joel",8,6,7,15,0,0,0,0,6,0,0,0,2,0,0,6,8,0,0,6,0,0,95,-29,"Fremantle","2018",18
9,"Hill, Bradley",14,6,3,17,0,0,0,3,3,6,0,1,0,1,0,0,17,0,0,1,0,1,83,-29,"Fremantle","2018",18
15,"Hughes, Ethan",7,4,6,13,0,0,0,0,5,0,0,1,1,0,0,3,11,0,0,3,0,0,76,-29,"Fremantle","2018",18
37,"Johnson, Michael",8,5,7,15,2,0,4,3,1,2,1,2,3,2,0,10,7,1,0,3,0,2,87,-29,"Fremantle","2018",18
40,"Jones, Scott",2,1,3,5,0,0,17,6,1,2,1,1,1,1,0,2,3,0,0,6,0,0,81,-29,"Fremantle","2018",18
26,"Langdon, Ed",3,0,4,7,0,0,0,2,0,1,1,3,0,2,0,4,3,0,0,2,0,0,83,-29,"Fremantle","2018",18
3,"Matera, Brandon",13,4,3,16,1,0,0,3,2,1,1,7,2,1,0,11,8,0,2,2,0,0,75,-29,"Fremantle","2018",18
23,"McCarthy, Cam",4,2,5,9,1,0,0,1,0,1,0,1,0,1,0,5,4,0,1,1,0,0,74,-29,"Fremantle","2018",18
16,"Mundy, David",7,3,8,15,1,0,0,2,1,4,4,2,1,1,0,8,6,1,1,4,0,1,89,-29,"Fremantle","2018",18
27,"Neale, Lachie",12,3,18,30,1,0,0,5,5,3,6,3,0,2,0,12,18,0,1,0,0,0,79,-29,"Fremantle","2018",18
25,"Pearce, Alex",3,2,8,11,0,0,0,0,2,0,0,2,1,2,0,9,2,1,0,5,0,0,94,-29,"Fremantle","2018",18
38,"Ryan, Luke",4,3,11,15,0,0,0,1,1,0,0,2,1,1,0,7,8,0,0,3,0,0,81,-29,"Fremantle","2018",18
11,"Sheridan, Tom",7,1,8,15,0,0,0,1,1,4,2,1,2,1,0,7,7,0,0,1,0,1,61,-29,"Fremantle","2018",18
33,"Sutcliffe, Cam",7,7,6,13,1,0,0,2,0,1,0,2,0,0,0,4,9,1,3,1,0,0,84,-29,"Fremantle","2018",18
18,"Tucker, Darcy",3,2,10,13,0,0,0,7,1,0,0,2,1,1,0,7,8,0,0,0,0,0,83,-29,"Fremantle","2018",18
10,"Walters, Michael",11,3,7,18,3,2,0,1,0,3,3,3,1,1,0,8,10,0,2,0,0,2,82,-29,"Fremantle","2018",18
14,"Wilson, Nathan",16,3,4,20,0,0,0,0,7,2,1,1,1,1,0,5,13,0,0,3,4,1,86,-29,"Fremantle","2018",18
0,"Rushed",0,0,0,0,0,2,0,0,0,0,0,0,0,0,0,0,0,0,0,0,0,0,0,-29,"Fremantle","2018",18
