"Number","Player","Kicks","Marks","Handballs","Disposals","Goals","Behinds","Hitouts","Tackles","Rebounds50s","Inside50s","Clearances","Clangers","FreesFor","FreesAgainst","BrownlowVotes","ContestedPossessions","UncontestedPossessions","ContestedMarks","MarksInside50","OnePercenters","Bounces","GoalAssists","PercentagePlayed","PointDifference","Team","Season","Round"
7,"Cunningham, Harry",12,3,9,21,1,0,0,3,1,3,2,1,1,1,0,7,14,0,0,1,0,0,82,-10,"Sydney","2018",5
13,"Florent, Oliver",11,3,4,15,1,1,0,0,1,2,1,3,0,1,0,6,6,1,1,2,0,0,74,-10,"Sydney","2018",5
23,"Franklin, Lance",9,6,2,11,1,3,0,0,0,3,0,2,0,1,0,2,9,1,3,3,0,0,98,-10,"Sydney","2018",5
39,"Grundy, Heath",5,6,13,18,0,0,0,2,3,1,0,5,0,3,0,4,15,1,0,2,0,0,89,-10,"Sydney","2018",5
4,"Hannebery, Dan",7,2,11,18,0,0,0,1,2,2,1,2,1,0,0,5,12,0,0,1,0,1,75,-10,"Sydney","2018",5
9,"Hayward, Will",5,3,2,7,0,0,0,7,0,1,0,0,0,0,0,1,5,0,1,4,0,0,80,-10,"Sydney","2018",5
5,"Heeney, Isaac",10,8,9,19,1,2,0,8,0,4,1,1,3,0,0,11,9,4,2,3,0,1,89,-10,"Sydney","2018",5
29,"Hewett, George",6,2,7,13,1,0,0,5,1,3,4,2,1,0,0,9,4,0,1,1,0,0,75,-10,"Sydney","2018",5
15,"Jack, Kieren",9,1,2,11,1,0,0,2,1,4,2,4,0,3,0,6,4,0,0,1,0,1,70,-10,"Sydney","2018",5
10,"Jones, Zak",17,5,10,27,1,1,0,2,3,7,2,3,0,0,0,9,18,0,1,1,0,0,72,-10,"Sydney","2018",5
12,"Kennedy, Josh",7,1,6,13,0,0,0,8,1,2,4,3,1,1,0,8,7,0,0,1,0,0,80,-10,"Sydney","2018",5
44,"Lloyd, Jake",16,6,12,28,0,0,0,0,4,2,2,3,2,1,0,7,19,1,0,3,0,0,87,-10,"Sydney","2018",5
31,"Marsh, Harrison",15,4,9,24,0,0,0,0,3,5,0,3,0,1,0,6,17,1,0,6,0,1,80,-10,"Sydney","2018",5
3,"McVeigh, Jarrad",14,5,12,26,0,0,0,2,1,7,1,2,0,0,0,8,18,1,0,2,1,0,87,-10,"Sydney","2018",5
14,"Mills, Callum",12,6,7,19,0,1,0,2,3,3,2,1,1,0,0,5,13,1,0,3,0,0,85,-10,"Sydney","2018",5
11,"Papley, Tom",8,2,3,11,0,2,0,7,0,5,3,4,1,0,0,7,4,0,0,1,0,0,81,-10,"Sydney","2018",5
26,"Parker, Luke",7,4,10,17,0,1,0,6,1,3,3,3,1,2,0,9,7,0,1,0,0,1,90,-10,"Sydney","2018",5
24,"Rampe, Dane",15,8,7,22,0,0,0,3,5,2,0,5,1,2,0,7,16,0,0,7,0,0,97,-10,"Sydney","2018",5
16,"Rohan, Gary",9,4,0,9,2,1,0,2,1,2,0,1,0,1,0,2,6,1,1,2,0,0,61,-10,"Sydney","2018",5
18,"Sinclair, Callum",9,3,2,11,0,1,32,2,0,2,2,4,1,2,0,5,6,0,1,10,0,0,88,-10,"Sydney","2018",5
40,"Smith, Nick",10,5,8,18,0,0,0,2,4,0,2,3,3,0,0,9,8,1,0,2,2,0,86,-10,"Sydney","2018",5
22,"Towers, Dean",8,4,9,17,1,0,5,0,0,1,3,1,1,0,0,11,7,0,0,1,0,0,72,-10,"Sydney","2018",5
0,"Rushed",0,0,0,0,0,2,0,0,0,0,0,0,0,0,0,0,0,0,0,0,0,0,0,-10,"Sydney","2018",5
21,"Atkins, Rory",17,2,7,24,3,0,0,1,4,3,2,4,1,3,0,9,15,0,0,1,1,0,87,10,"Adelaide","2018",5
16,"Brown, Luke",11,6,5,16,0,0,0,2,5,1,1,0,0,0,0,5,10,1,0,5,0,0,90,10,"Adelaide","2018",5
39,"Doedee, Tom",18,11,7,25,0,0,0,1,5,1,0,2,0,1,0,5,19,1,0,6,0,0,96,10,"Adelaide","2018",5
26,"Douglas, Richard",8,1,9,17,0,1,0,7,0,2,3,3,3,2,0,8,8,0,0,1,0,1,78,10,"Adelaide","2018",5
28,"Ellis-Yolmen, Cam",8,3,12,20,0,0,0,8,2,3,5,0,0,0,0,8,12,0,0,1,0,0,79,10,"Adelaide","2018",5
7,"Gallucci, Jordan",9,2,2,11,1,1,0,1,0,2,3,2,0,1,0,6,7,0,0,0,0,1,84,10,"Adelaide","2018",5
6,"Gibbs, Bryce",14,0,8,22,0,1,0,3,1,2,7,5,0,2,0,9,11,0,0,1,0,0,80,10,"Adelaide","2018",5
1,"Greenwood, Hugh",9,2,7,16,0,1,0,11,0,3,6,5,0,2,0,13,3,1,0,1,0,1,79,10,"Adelaide","2018",5
15,"Hartigan, Kyle",1,0,0,1,0,0,0,1,0,0,0,0,1,0,0,1,0,0,0,2,0,0,20,10,"Adelaide","2018",5
24,"Jacobs, Sam",7,2,1,8,0,0,42,1,1,4,3,1,0,1,0,5,4,2,0,1,0,0,82,10,"Adelaide","2018",5
4,"Jenkins, Josh",7,3,4,11,3,0,6,1,1,0,1,4,2,3,0,7,5,0,1,6,0,1,94,10,"Adelaide","2018",5
8,"Kelly, Jake",10,6,10,20,0,0,0,4,2,0,0,1,2,0,0,8,11,0,0,3,0,0,89,10,"Adelaide","2018",5
3,"Knight, Riley",2,1,7,9,0,0,0,4,1,0,2,6,1,2,0,5,4,1,0,1,0,0,75,10,"Adelaide","2018",5
29,"Laird, Rory",15,4,15,30,0,1,0,0,5,5,0,2,1,0,3,10,19,0,0,1,0,1,90,10,"Adelaide","2018",5
27,"Lynch, Tom",15,9,10,25,0,0,0,0,1,6,2,3,1,1,0,10,15,1,0,2,0,1,87,10,"Adelaide","2018",5
41,"McGovern, Mitch",13,11,7,20,0,1,0,0,5,1,0,4,0,0,0,4,15,0,1,6,0,0,92,10,"Adelaide","2018",5
30,"Milera, Wayne",16,5,1,17,0,1,0,2,3,2,1,0,1,0,0,5,13,0,1,1,0,1,83,10,"Adelaide","2018",5
22,"Otten, Andy",12,7,6,18,0,0,0,1,4,0,0,1,1,0,0,3,15,0,0,6,0,0,77,10,"Adelaide","2018",5
10,"Poholke, Myles",5,4,5,10,0,0,0,4,0,4,1,1,1,0,0,7,4,1,0,0,0,0,74,10,"Adelaide","2018",5
11,"Seedsman, Paul",18,3,8,26,1,2,0,3,4,5,2,2,0,0,1,12,13,1,0,0,0,1,86,10,"Adelaide","2018",5
12,"Talia, Daniel",3,2,6,9,0,0,0,3,2,0,0,1,0,0,0,1,7,0,0,7,0,0,94,10,"Adelaide","2018",5
13,"Walker, Taylor",12,7,4,16,4,1,0,2,1,4,0,4,4,0,2,8,8,2,2,0,0,0,85,10,"Adelaide","2018",5
0,"Rushed",0,0,0,0,0,3,0,0,0,0,0,0,0,0,0,0,0,0,0,0,0,0,0,10,"Adelaide","2018",5
