"Number","Player","Kicks","Marks","Handballs","Disposals","Goals","Behinds","Hitouts","Tackles","Rebounds50s","Inside50s","Clearances","Clangers","FreesFor","FreesAgainst","BrownlowVotes","ContestedPossessions","UncontestedPossessions","ContestedMarks","MarksInside50","OnePercenters","Bounces","GoalAssists","PercentagePlayed","PointDifference","Team","Season","Round"
35,"Apeness, Michael",4,3,9,13,1,1,26,3,0,1,5,3,2,3,0,8,6,0,1,7,0,0,91,-55,"Fremantle","2018",15
1,"Ballantyne, Hayden",7,5,3,10,2,2,0,4,0,3,1,0,1,0,0,2,8,0,2,0,2,0,81,-55,"Fremantle","2018",15
41,"Banfield, Bailey",3,2,5,8,0,0,0,4,0,0,1,1,2,0,0,4,5,0,0,0,0,1,83,-55,"Fremantle","2018",15
8,"Brayshaw, Andrew",10,5,8,18,0,0,0,4,1,2,2,6,0,1,0,5,12,0,0,0,0,1,71,-55,"Fremantle","2018",15
5,"Cerra, Adam",6,2,7,13,0,0,0,2,1,4,0,3,1,3,0,7,7,0,0,3,0,1,85,-55,"Fremantle","2018",15
36,"Cox, Brennan",5,3,3,8,2,0,4,3,0,0,1,1,0,0,0,5,2,3,1,2,1,0,80,-55,"Fremantle","2018",15
7,"Fyfe, Nat",4,4,4,8,0,0,0,1,0,2,1,1,0,0,0,3,5,1,0,0,0,1,26,-55,"Fremantle","2018",15
42,"Giro, Stefan",3,2,12,15,1,0,0,5,0,0,1,2,0,0,0,5,9,0,0,0,0,0,86,-55,"Fremantle","2018",15
21,"Hamling, Joel",4,7,7,11,0,0,0,1,1,0,0,0,1,0,0,4,7,3,0,6,0,0,98,-55,"Fremantle","2018",15
32,"Hill, Stephen",11,3,5,16,0,0,0,1,3,2,1,3,1,1,0,6,9,0,0,1,1,0,89,-55,"Fremantle","2018",15
22,"Kersten, Shane",9,6,5,14,1,0,0,1,2,3,0,1,1,0,0,4,10,0,0,5,0,0,84,-55,"Fremantle","2018",15
26,"Langdon, Ed",19,9,7,26,1,0,0,3,6,2,1,4,1,1,0,3,21,0,1,2,0,0,85,-55,"Fremantle","2018",15
3,"Matera, Brandon",7,2,2,9,0,0,0,3,0,1,1,1,2,0,0,5,5,0,0,1,0,0,85,-55,"Fremantle","2018",15
16,"Mundy, David",13,5,6,19,1,1,0,3,1,5,1,5,1,0,0,8,12,1,0,2,0,1,92,-55,"Fremantle","2018",15
27,"Neale, Lachie",14,2,17,31,0,2,0,6,2,7,10,2,4,1,0,16,14,0,0,1,0,0,87,-55,"Fremantle","2018",15
43,"Nyhuis, Ryan",4,0,4,8,0,1,0,2,1,2,0,1,1,0,0,2,5,0,0,0,0,0,87,-55,"Fremantle","2018",15
25,"Pearce, Alex",5,2,1,6,0,0,1,4,1,0,0,4,3,3,0,6,2,1,0,5,0,0,84,-55,"Fremantle","2018",15
38,"Ryan, Luke",6,2,4,10,0,0,0,1,1,0,2,1,2,1,0,4,7,0,0,4,0,0,75,-55,"Fremantle","2018",15
11,"Sheridan, Tom",10,6,6,16,0,0,0,3,2,2,0,2,1,0,0,2,14,0,1,2,0,0,82,-55,"Fremantle","2018",15
18,"Tucker, Darcy",9,4,6,15,0,1,0,5,3,3,1,3,2,1,0,5,11,1,1,0,0,0,78,-55,"Fremantle","2018",15
10,"Walters, Michael",11,2,15,26,0,2,0,2,0,5,6,6,3,3,0,13,15,0,0,0,3,1,83,-55,"Fremantle","2018",15
14,"Wilson, Nathan",10,3,6,16,0,0,0,2,6,3,2,1,1,0,0,4,11,0,0,4,2,0,87,-55,"Fremantle","2018",15
0,"Totals",174,79,142,316,9,10,31,63,31,47,37,51,30,18,0,121,197,10,7,45,9,6,0,-55,"Fremantle","2018",15
43,"Barrett, Jake",5,3,9,14,0,0,0,2,0,2,0,3,1,3,0,4,10,0,0,1,0,0,69,55,"Brisbane Lions","2018",15
9,"Beams, Dayne",14,6,19,33,0,0,0,3,2,3,12,1,2,0,3,16,17,0,0,1,0,1,81,55,"Brisbane Lions","2018",15
13,"Berry, Jarrod",10,4,14,24,1,0,0,5,1,7,6,3,1,2,1,11,15,0,0,3,0,1,86,55,"Brisbane Lions","2018",15
3,"Christensen, Allen",10,5,7,17,1,0,0,2,0,5,0,1,0,1,0,5,12,0,1,0,0,1,81,55,"Brisbane Lions","2018",15
26,"Cutler, Tom",14,9,5,19,2,1,0,3,0,3,0,4,0,1,0,6,14,0,3,2,1,0,82,55,"Brisbane Lions","2018",15
27,"Gardiner, Darcy",10,8,3,13,0,0,0,1,4,0,0,3,1,2,0,3,10,0,0,5,0,0,95,55,"Brisbane Lions","2018",15
30,"Hipwood, Eric",12,6,3,15,2,4,0,1,0,2,0,4,2,1,0,5,10,1,4,1,0,2,84,55,"Brisbane Lions","2018",15
2,"Hodge, Luke",11,4,6,17,0,0,0,0,2,0,1,1,0,0,0,6,11,1,0,6,0,0,84,55,"Brisbane Lions","2018",15
35,"Lester, Ryan",10,3,5,15,0,0,0,1,4,2,1,4,0,3,0,6,8,0,0,4,0,0,76,55,"Brisbane Lions","2018",15
12,"Martin, Stefan",8,5,11,19,0,0,46,3,1,1,7,5,3,4,2,10,12,1,0,3,0,1,89,55,"Brisbane Lions","2018",15
36,"Mathieson, Rhys",6,5,8,14,0,1,0,4,0,1,4,6,0,4,0,5,9,0,0,3,0,0,68,55,"Brisbane Lions","2018",15
6,"McCluggage, Hugh",15,5,9,24,0,1,0,6,1,5,2,3,1,2,0,4,19,0,1,0,3,0,90,55,"Brisbane Lions","2018",15
46,"McInerney, Oscar",4,6,5,9,2,0,10,1,0,0,1,2,0,1,0,3,6,1,3,4,0,0,74,55,"Brisbane Lions","2018",15
25,"McStay, Daniel",8,6,3,11,3,1,0,2,0,1,0,2,2,2,0,6,5,3,3,0,0,1,81,55,"Brisbane Lions","2018",15
16,"Rayner, Cam",11,6,8,19,2,1,0,5,2,4,2,3,2,0,0,11,10,1,1,0,0,0,72,55,"Brisbane Lions","2018",15
10,"Rich, Daniel",11,5,4,15,0,0,0,1,2,1,1,1,0,0,0,3,12,0,0,0,0,0,86,55,"Brisbane Lions","2018",15
18,"Robertson, Nick",15,11,11,26,0,0,0,1,4,0,0,7,0,2,0,6,21,1,0,3,0,0,90,55,"Brisbane Lions","2018",15
5,"Robinson, Mitch",5,4,13,18,0,0,0,3,0,3,2,1,0,0,0,6,12,0,0,1,1,0,79,55,"Brisbane Lions","2018",15
28,"Taylor, Lewis",11,3,6,17,3,0,0,2,1,3,0,3,1,2,0,7,11,0,1,1,0,3,78,55,"Brisbane Lions","2018",15
14,"Walker, Josh",8,3,6,14,0,0,0,1,2,1,1,0,1,0,0,6,8,1,0,7,0,0,91,55,"Brisbane Lions","2018",15
29,"Witherden, Alex",15,5,6,21,1,0,0,0,5,4,2,2,1,0,0,4,13,0,0,3,0,1,79,55,"Brisbane Lions","2018",15
15,"Zorko, Dayne",13,0,6,19,1,0,0,7,1,2,4,3,0,0,0,8,9,0,0,0,0,1,86,55,"Brisbane Lions","2018",15
0,"Rushed",0,0,0,0,0,2,0,0,0,0,0,0,0,0,0,0,0,0,0,0,0,0,0,55,"Brisbane Lions","2018",15
