"Number","Player","Kicks","Marks","Handballs","Disposals","Goals","Behinds","Hitouts","Tackles","Rebounds50s","Inside50s","Clearances","Clangers","FreesFor","FreesAgainst","BrownlowVotes","ContestedPossessions","UncontestedPossessions","ContestedMarks","MarksInside50","OnePercenters","Bounces","GoalAssists","PercentagePlayed","PointDifference","Team","Season","Round"
15,"Amon, Karl",7,3,3,10,1,0,0,0,0,3,2,1,0,0,0,2,9,0,0,1,0,0,74,-34,"Port Adelaide","2018",5
1,"Boak, Travis",11,4,12,23,0,2,0,8,0,5,4,3,1,1,0,11,12,0,0,1,0,0,84,-34,"Port Adelaide","2018",5
26,"Bonner, Riley",15,6,7,22,0,0,0,1,4,1,1,5,0,2,0,5,15,0,0,4,1,0,82,-34,"Port Adelaide","2018",5
33,"Byrne-Jones, Darcy",14,7,3,17,0,0,0,8,2,3,1,3,0,2,0,1,16,0,0,2,0,0,80,-34,"Port Adelaide","2018",5
17,"Clurey, Tom",12,8,1,13,0,0,0,1,3,0,0,2,0,0,0,2,10,0,0,8,0,0,95,-34,"Port Adelaide","2018",5
22,"Dixon, Charlie",8,6,3,11,0,1,1,2,1,5,0,2,1,2,0,7,4,3,1,1,0,2,95,-34,"Port Adelaide","2018",5
7,"Ebert, Brad",8,4,16,24,0,0,0,14,1,4,6,3,2,0,0,15,12,0,0,1,0,1,82,-34,"Port Adelaide","2018",5
9,"Gray, Robbie",13,5,19,32,1,1,0,7,1,4,10,4,2,1,0,16,18,1,1,0,0,0,90,-34,"Port Adelaide","2018",5
46,"Gray, Sam",8,2,7,15,1,0,0,2,0,6,1,4,1,0,0,6,9,0,0,0,0,0,86,-34,"Port Adelaide","2018",5
8,"Hartlett, Hamish",17,9,6,23,0,0,0,3,4,4,3,4,2,1,0,6,15,0,0,4,2,0,62,-34,"Port Adelaide","2018",5
36,"Hombsch, Jack",12,7,3,15,0,0,0,1,3,0,0,2,1,0,0,6,10,1,0,8,1,0,90,-34,"Port Adelaide","2018",5
43,"Houston, Dan",16,8,0,16,0,0,0,4,5,1,3,1,1,0,0,3,11,0,0,2,0,0,78,-34,"Port Adelaide","2018",5
32,"Howard, Dougal",6,2,4,10,0,0,15,3,0,0,0,3,2,2,0,4,6,0,0,5,0,0,70,-34,"Port Adelaide","2018",5
42,"Jonas, Tom",18,15,3,21,0,0,0,2,8,0,0,3,1,2,0,2,16,0,0,10,0,0,97,-34,"Port Adelaide","2018",5
6,"Motlop, Steven",5,2,6,11,0,0,0,2,1,1,0,4,0,2,0,5,6,0,0,2,0,0,77,-34,"Port Adelaide","2018",5
3,"Neade, Jake",5,2,4,9,2,0,0,4,0,1,0,2,2,1,0,6,5,0,1,1,0,0,76,-34,"Port Adelaide","2018",5
21,"Polec, Jared",16,4,9,25,0,0,0,3,1,4,3,3,0,1,0,10,16,1,0,0,0,1,87,-34,"Port Adelaide","2018",5
48,"Thomas, Lindsay",5,2,3,8,1,1,0,3,0,0,0,5,1,2,0,2,7,0,1,0,0,0,57,-34,"Port Adelaide","2018",5
23,"Watts, Jack",9,5,9,18,0,1,0,3,1,2,1,3,0,1,0,4,14,0,0,2,0,1,88,-34,"Port Adelaide","2018",5
39,"Westhoff, Justin",14,6,9,23,0,0,26,3,2,2,5,0,2,0,0,8,15,0,0,2,0,2,80,-34,"Port Adelaide","2018",5
16,"Wines, Ollie",11,2,18,29,1,0,0,5,0,2,6,5,0,4,2,15,13,2,0,3,0,0,80,-34,"Port Adelaide","2018",5
20,"Wingard, Chad",10,2,4,14,0,2,0,0,1,4,3,2,1,0,0,7,8,0,0,3,0,0,90,-34,"Port Adelaide","2018",5
0,"Totals",240,111,149,389,7,8,42,79,38,52,49,64,20,24,2,143,247,8,4,60,4,7,0,-34,"Port Adelaide","2018",5
24,"Bews, Jed",5,5,4,9,0,0,0,1,3,0,0,2,0,1,0,1,8,0,0,3,0,0,86,34,"Geelong","2018",5
46,"Blicavs, Mark",4,2,7,11,0,0,0,3,0,1,1,3,0,1,0,6,4,0,0,7,0,0,97,34,"Geelong","2018",5
31,"Cunico, Jordan",11,4,4,15,0,0,0,1,3,4,2,1,0,0,0,7,7,1,0,0,0,0,84,34,"Geelong","2018",5
35,"Dangerfield, Patrick",15,3,13,28,1,1,0,4,0,8,3,3,5,1,1,15,13,1,2,0,6,2,85,34,"Geelong","2018",5
22,"Duncan, Mitch",14,5,8,22,1,1,0,3,3,4,4,6,1,1,0,7,16,0,0,1,1,0,77,34,"Geelong","2018",5
13,"Fogarty, Lachie",9,2,8,17,1,0,0,10,1,3,2,2,1,0,0,9,8,0,0,0,1,0,82,34,"Geelong","2018",5
38,"Henry, Jack",5,3,2,7,0,0,0,1,2,2,0,0,2,0,0,3,4,1,0,5,0,0,80,34,"Geelong","2018",5
33,"Horlin-Smith, George",17,5,9,26,2,0,0,8,3,0,6,7,1,2,0,14,11,0,1,0,0,0,73,34,"Geelong","2018",5
11,"Kelly, Tim",4,0,16,20,1,0,0,5,0,1,4,2,0,0,0,10,10,0,0,0,0,0,88,34,"Geelong","2018",5
8,"Kolodjashnij, Jake",5,3,3,8,0,1,0,1,3,0,0,1,0,0,0,4,4,1,1,4,0,0,89,34,"Geelong","2018",5
27,"Menegola, Sam",11,3,16,27,1,1,0,7,2,5,5,5,0,2,0,18,9,0,1,1,0,0,89,34,"Geelong","2018",5
10,"Menzel, Daniel",13,4,0,13,1,2,0,0,0,4,0,0,2,0,0,3,5,1,1,1,0,2,88,34,"Geelong","2018",5
21,"Murdoch, Jordan",10,5,6,16,1,1,0,4,1,2,1,2,0,0,0,2,14,0,1,0,0,0,83,34,"Geelong","2018",5
3,"Parfitt, Brandan",9,2,14,23,0,0,0,7,0,3,3,2,3,1,0,13,9,0,0,2,0,1,90,34,"Geelong","2018",5
34,"Parsons, James",5,2,4,9,2,1,0,0,0,1,0,1,0,1,0,3,6,0,1,3,0,0,89,34,"Geelong","2018",5
17,"Ratugolea, Esava",2,1,5,7,1,1,19,4,0,1,1,2,0,2,0,5,2,0,1,2,0,2,78,34,"Geelong","2018",5
14,"Selwood, Joel",19,3,10,29,0,1,0,7,4,9,6,7,3,2,3,14,15,1,1,4,0,2,79,34,"Geelong","2018",5
16,"Selwood, Scott",5,2,1,6,0,0,0,2,0,1,1,1,2,0,0,4,2,0,0,0,0,0,33,34,"Geelong","2018",5
1,"Stanley, Rhys",1,0,9,10,0,0,45,5,2,1,3,4,2,3,0,6,5,0,0,7,0,0,75,34,"Geelong","2018",5
44,"Stewart, Tom",13,5,3,16,0,0,0,2,5,0,0,5,0,1,0,5,8,1,0,3,0,0,72,34,"Geelong","2018",5
40,"Thurlow, Jackson",7,4,5,12,0,0,0,3,3,2,1,3,1,1,0,3,9,0,0,0,0,0,81,34,"Geelong","2018",5
2,"Tuohy, Zach",12,3,4,16,0,0,0,3,5,1,1,2,1,1,0,5,10,0,0,2,0,0,96,34,"Geelong","2018",5
0,"Rushed",0,0,0,0,0,2,0,0,0,0,0,0,0,0,0,0,0,0,0,0,0,0,0,34,"Geelong","2018",5
