"Number","Player","Kicks","Marks","Handballs","Disposals","Goals","Behinds","Hitouts","Tackles","Rebounds50s","Inside50s","Clearances","Clangers","FreesFor","FreesAgainst","BrownlowVotes","ContestedPossessions","UncontestedPossessions","ContestedMarks","MarksInside50","OnePercenters","Bounces","GoalAssists","PercentagePlayed","PointDifference","Team","Season","Round"
4,"Bontempelli, Marcus",11,2,12,23,1,0,0,3,0,6,4,4,1,3,0,10,13,0,1,1,0,0,85,-51,"Western Bulldogs","2018",2
12,"Cordy, Zaine",13,9,5,18,0,0,0,1,4,2,0,4,0,1,0,3,15,1,0,11,0,0,98,-51,"Western Bulldogs","2018",2
6,"Dahlhaus, Luke",6,4,9,15,0,0,0,3,1,2,3,2,1,1,0,9,8,0,1,3,0,0,82,-51,"Western Bulldogs","2018",2
31,"Dale, Bailey",6,3,7,13,0,1,0,0,1,0,2,2,0,1,0,3,10,0,0,1,0,0,84,-51,"Western Bulldogs","2018",2
35,"Daniel, Caleb",9,7,4,13,0,0,0,1,3,2,0,4,0,1,0,0,13,0,0,2,0,0,80,-51,"Western Bulldogs","2018",2
5,"Dunkley, Josh",9,7,4,13,2,2,0,3,0,2,0,3,1,2,0,4,9,1,3,2,0,0,88,-51,"Western Bulldogs","2018",2
44,"English, Tim",4,2,3,7,0,1,6,2,0,1,2,3,2,2,0,4,3,1,1,5,0,0,79,-51,"Western Bulldogs","2018",2
26,"Gowers, Billy",11,8,2,13,1,3,0,0,0,3,1,1,0,0,0,1,12,0,5,0,0,1,82,-51,"Western Bulldogs","2018",2
22,"Honeychurch, Mitch",13,6,6,19,0,0,0,0,2,1,0,2,1,1,0,6,14,1,1,2,0,0,80,-51,"Western Bulldogs","2018",2
7,"Hunter, Lachie",19,9,7,26,2,0,0,2,3,7,3,2,4,1,0,9,16,0,2,1,1,1,93,-51,"Western Bulldogs","2018",2
39,"Johannisen, Jason",15,2,8,23,0,0,0,1,5,1,3,2,2,0,0,10,11,0,0,5,0,0,85,-51,"Western Bulldogs","2018",2
46,"Jong, Lin",5,3,4,9,0,1,0,4,0,1,1,1,0,0,0,2,7,0,2,1,0,0,77,-51,"Western Bulldogs","2018",2
11,"Macrae, Jack",19,6,12,31,3,0,0,4,1,6,6,1,1,0,1,11,20,0,0,2,0,1,87,-51,"Western Bulldogs","2018",2
16,"McLean, Toby",14,3,16,30,0,1,0,5,3,3,4,0,3,0,0,12,18,0,1,4,0,1,77,-51,"Western Bulldogs","2018",2
33,"Naughton, Aaron",9,7,4,13,0,0,0,2,1,3,0,2,0,0,0,5,7,2,0,3,0,0,83,-51,"Western Bulldogs","2018",2
20,"Richards, Ed",5,6,6,11,0,0,0,1,2,1,0,2,0,1,0,5,6,1,0,1,1,0,85,-51,"Western Bulldogs","2018",2
23,"Roughead, Jordan",4,1,1,5,0,0,3,2,0,0,0,3,0,2,0,2,2,1,0,2,0,0,42,-51,"Western Bulldogs","2018",2
1,"Suckling, Matt",13,6,6,19,0,1,0,1,1,5,0,2,1,0,0,2,18,0,0,2,2,1,81,-51,"Western Bulldogs","2018",2
8,"Trengove, Jackson",6,5,7,13,0,1,4,1,0,1,2,2,0,1,0,2,10,1,1,6,1,0,90,-51,"Western Bulldogs","2018",2
19,"Webb, Lukas",5,2,5,10,0,0,0,4,1,3,2,1,1,1,0,2,8,0,0,1,0,2,72,-51,"Western Bulldogs","2018",2
34,"Williams, Bailey",15,8,2,17,0,1,0,2,5,2,0,2,1,0,0,4,9,1,1,2,0,1,86,-51,"Western Bulldogs","2018",2
10,"Wood, Easton",8,9,4,12,0,0,0,0,2,2,0,0,0,0,0,4,8,4,0,4,0,0,83,-51,"Western Bulldogs","2018",2
0,"Rushed",0,0,0,0,0,4,0,0,0,0,0,0,0,0,0,0,0,0,0,0,0,0,0,-51,"Western Bulldogs","2018",2
37,"Barrass, Tom",11,6,3,14,0,0,0,2,2,1,0,1,3,0,0,6,8,2,0,8,0,0,88,51,"West Coast","2018",2
15,"Cripps, Jamie",10,6,6,16,1,0,0,3,0,3,0,1,1,0,0,4,12,0,3,2,0,3,88,51,"West Coast","2018",2
27,"Darling, Jack",10,11,6,16,4,0,0,1,0,1,0,1,1,1,2,6,10,4,6,1,0,2,87,51,"West Coast","2018",2
14,"Duggan, Liam",14,6,3,17,0,1,0,1,2,5,1,6,0,0,0,3,14,1,1,1,0,1,89,51,"West Coast","2018",2
3,"Gaff, Andrew",16,5,11,27,1,0,0,1,3,4,5,2,0,1,0,13,14,0,0,1,0,1,87,51,"West Coast","2018",2
25,"Hurn, Shannon",22,10,7,29,0,0,0,2,7,2,0,0,0,0,3,6,18,1,0,1,0,0,89,51,"West Coast","2018",2
23,"Jetta, Lewis",15,8,8,23,0,0,0,0,5,2,1,1,0,0,0,5,15,0,0,1,1,0,84,51,"West Coast","2018",2
2,"LeCras, Mark",11,4,5,16,2,0,0,5,1,4,0,3,2,1,0,6,10,0,1,0,1,1,87,51,"West Coast","2018",2
29,"Lycett, Scott",12,5,3,15,2,1,21,6,1,5,5,5,3,2,0,10,6,1,2,1,0,0,76,51,"West Coast","2018",2
7,"Masten, Chris",11,4,9,20,0,0,0,1,1,4,0,0,0,0,0,5,14,0,0,0,0,2,84,51,"West Coast","2018",2
20,"McGovern, Jeremy",11,8,3,14,0,1,0,0,7,1,0,0,0,0,0,6,7,3,0,10,0,0,80,51,"West Coast","2018",2
9,"Naitanui, Nic",5,1,3,8,0,0,33,3,1,2,2,1,1,0,0,7,2,1,0,7,0,0,56,51,"West Coast","2018",2
30,"Nelson, Jackson",10,7,1,11,0,0,0,2,2,0,0,1,0,0,0,1,9,0,0,2,1,0,89,51,"West Coast","2018",2
8,"Redden, Jack",8,5,9,17,0,0,0,4,2,1,3,4,0,2,0,4,13,0,0,1,0,0,83,51,"West Coast","2018",2
44,"Rioli, Willie",5,2,3,8,0,1,0,2,0,4,0,6,1,4,0,5,5,0,1,0,0,1,69,51,"West Coast","2018",2
1,"Ryan, Liam",11,6,3,14,3,3,0,3,0,2,1,1,1,0,0,9,6,3,3,2,3,0,70,51,"West Coast","2018",2
4,"Sheed, Dom",11,2,7,18,0,0,0,2,1,3,5,3,0,1,0,10,9,0,1,2,0,0,73,51,"West Coast","2018",2
5,"Sheppard, Brad",10,6,4,14,0,0,0,1,5,2,0,0,1,0,0,4,10,0,0,6,0,0,89,51,"West Coast","2018",2
13,"Shuey, Luke",10,4,8,18,0,0,0,3,2,3,6,3,1,1,0,8,11,0,0,1,1,0,85,51,"West Coast","2018",2
18,"Venables, Daniel",9,7,3,12,3,1,0,0,0,2,0,6,0,2,0,5,9,1,4,1,0,0,77,51,"West Coast","2018",2
45,"Waterman, Jake",7,4,6,13,2,0,0,0,0,4,0,1,0,1,0,4,9,0,1,0,0,1,87,51,"West Coast","2018",2
6,"Yeo, Elliot",16,7,4,20,0,0,0,7,1,3,3,3,3,3,0,9,11,1,0,4,0,2,83,51,"West Coast","2018",2
0,"Rushed",0,0,0,0,0,5,0,0,0,0,0,0,0,0,0,0,0,0,0,0,0,0,0,51,"West Coast","2018",2
