"Number","Player","Kicks","Marks","Handballs","Disposals","Goals","Behinds","Hitouts","Tackles","Rebounds50s","Inside50s","Clearances","Clangers","FreesFor","FreesAgainst","BrownlowVotes","ContestedPossessions","UncontestedPossessions","ContestedMarks","MarksInside50","OnePercenters","Bounces","GoalAssists","PercentagePlayed","PointDifference","Team","Season","Round"
29,"Bowes, Jack",13,2,7,20,1,0,0,1,3,1,2,6,1,1,0,8,10,0,0,1,0,0,78,-35,"Gold Coast","2018",19
41,"Brodie, Will",12,0,15,27,0,1,0,6,1,5,6,4,0,0,0,12,13,0,0,2,1,0,81,-35,"Gold Coast","2018",19
8,"Fiorini, Brayden",10,2,3,13,0,0,0,9,0,2,0,2,0,1,0,6,8,0,0,2,0,0,81,-35,"Gold Coast","2018",19
5,"Harbrow, Jarrod",20,2,4,24,0,0,0,1,7,4,2,4,1,2,0,9,12,0,0,3,0,1,88,-35,"Gold Coast","2018",19
40,"Heron, Jacob",2,0,2,4,0,0,0,4,1,1,0,2,2,2,0,4,2,0,0,1,0,0,80,-35,"Gold Coast","2018",19
39,"Holman, Nick",3,1,6,9,0,0,0,4,0,0,1,4,1,2,0,4,5,0,0,2,0,0,86,-35,"Gold Coast","2018",19
38,"Joyce, Jesse",8,1,4,12,0,0,0,1,0,0,1,4,1,2,0,3,7,0,0,5,0,0,85,-35,"Gold Coast","2018",19
10,"Kolodjashnij, Kade",7,5,3,10,0,1,0,0,2,2,0,2,0,0,0,3,8,0,0,10,0,0,87,-35,"Gold Coast","2018",19
23,"Lemmens, Sean",6,1,4,10,0,1,0,4,0,5,0,4,0,2,0,2,8,0,0,1,0,0,84,-35,"Gold Coast","2018",19
7,"Lonergan, Jesse",9,1,13,22,0,0,0,9,2,1,7,3,0,0,0,15,8,0,0,1,0,0,79,-35,"Gold Coast","2018",19
25,"Lyons, Jarryd",18,2,11,29,0,1,0,3,1,4,11,4,0,1,0,20,8,0,1,1,0,0,86,-35,"Gold Coast","2018",19
17,"May, Steven",15,7,2,17,1,2,0,4,7,2,0,3,2,1,0,3,10,1,1,13,0,0,89,-35,"Gold Coast","2018",19
11,"Miller, Touk",5,1,19,24,0,1,0,7,5,0,4,3,1,2,0,16,9,0,1,2,0,0,81,-35,"Gold Coast","2018",19
27,"Powell, Wil",6,2,3,9,1,2,0,3,0,2,0,1,0,1,0,2,7,0,1,2,0,0,79,-35,"Gold Coast","2018",19
35,"Rischitelli, Michael",6,3,4,10,0,0,0,8,2,0,0,2,0,0,0,4,5,0,0,1,0,0,87,-35,"Gold Coast","2018",19
6,"Sexton, Alex",10,1,3,13,0,3,0,4,1,4,3,4,1,2,0,7,8,0,0,2,0,0,90,-35,"Gold Coast","2018",19
24,"Swallow, David",6,0,3,9,0,0,0,2,0,2,2,0,1,0,0,4,5,0,0,0,0,0,20,-35,"Gold Coast","2018",19
16,"Thompson, Rory",2,2,3,5,0,1,0,3,1,1,0,1,0,1,0,2,3,0,0,13,0,0,92,-35,"Gold Coast","2018",19
14,"Weller, Lachie",8,1,12,20,0,0,0,7,2,4,4,1,1,0,0,10,10,0,0,1,3,0,81,-35,"Gold Coast","2018",19
28,"Witts, Jarrod",9,3,4,13,0,0,60,3,2,1,6,3,1,1,0,7,4,1,0,1,0,0,84,-35,"Gold Coast","2018",19
30,"Wright, Peter",6,3,3,9,2,0,8,1,1,0,0,2,2,1,0,11,1,2,0,7,0,0,90,-35,"Gold Coast","2018",19
15,"Young, Aaron",10,0,2,12,0,0,0,7,0,3,1,2,1,0,0,3,6,0,0,1,0,1,91,-35,"Gold Coast","2018",19
0,"Rushed",0,0,0,0,0,1,0,0,0,0,0,0,0,0,0,0,0,0,0,0,0,0,0,-35,"Gold Coast","2018",19
38,"Byrne, Ciaran",8,4,5,13,0,1,0,2,2,3,0,2,1,1,0,4,7,1,0,4,0,0,78,35,"Carlton","2018",19
9,"Cripps, Patrick",16,6,21,37,1,1,0,11,6,5,5,1,3,0,3,17,21,2,0,3,0,0,88,35,"Carlton","2018",19
30,"Curnow, Charlie",16,10,2,18,1,1,0,5,0,8,0,5,2,1,0,10,7,5,3,0,0,0,92,35,"Carlton","2018",19
35,"Curnow, Ed",13,3,15,28,0,0,0,6,1,5,4,3,1,2,0,8,17,0,0,0,1,0,84,35,"Carlton","2018",19
2,"Dow, Paddy",7,0,11,18,2,0,0,4,1,1,3,1,2,0,0,11,7,0,0,0,1,0,69,35,"Carlton","2018",19
7,"Kennedy, Matthew",14,4,9,23,0,0,0,2,2,1,5,3,0,0,0,7,13,0,0,0,0,0,71,35,"Carlton","2018",19
13,"Lamb, Jed",11,4,4,15,1,0,0,1,5,0,1,2,2,0,0,6,10,0,0,5,0,0,87,35,"Carlton","2018",19
16,"Lang, Darcy",13,5,7,20,2,0,0,9,0,4,3,2,0,1,0,8,13,1,1,1,0,0,70,35,"Carlton","2018",19
27,"Lobbe, Matthew",3,0,2,5,0,0,46,6,0,1,3,3,0,1,0,4,1,0,0,4,0,0,85,35,"Carlton","2018",19
22,"Marchbank, Caleb",13,4,3,16,0,0,0,8,1,3,0,3,3,1,0,7,8,1,0,5,0,0,95,35,"Carlton","2018",19
10,"McKay, Harry",8,6,1,9,1,0,0,0,0,2,0,1,0,1,0,3,7,0,2,3,1,0,81,35,"Carlton","2018",19
3,"Murphy, Marc",23,7,13,36,1,0,0,4,3,4,8,3,4,1,2,13,19,0,0,3,0,3,90,35,"Carlton","2018",19
4,"OBrien, Lochie",12,5,0,12,1,0,0,1,1,4,1,2,0,0,0,4,10,0,1,5,1,0,72,35,"Carlton","2018",19
5,"Petrevski-Seton, Sam",14,3,12,26,0,0,0,1,0,5,3,2,0,1,1,7,20,0,0,1,0,2,77,35,"Carlton","2018",19
33,"Pickett, Jarrod",3,2,3,6,0,0,0,5,0,2,1,2,0,0,0,3,2,0,0,0,1,0,74,35,"Carlton","2018",19
29,"Polson, Cameron",2,0,2,4,0,0,0,4,0,1,0,2,0,1,0,3,2,0,0,1,0,1,69,35,"Carlton","2018",19
17,"Rowe, Sam",3,0,3,6,0,0,6,1,2,0,0,3,1,1,0,6,2,0,0,10,0,0,91,35,"Carlton","2018",19
1,"Silvagni, Jack",8,1,3,11,1,0,0,4,1,0,1,3,1,0,0,5,5,0,1,1,0,1,75,35,"Carlton","2018",19
6,"Simpson, Kade",22,6,7,29,0,0,0,2,4,1,1,2,1,2,0,12,10,0,0,1,0,0,92,35,"Carlton","2018",19
39,"Thomas, Dale",14,7,8,22,0,0,0,1,4,1,1,0,0,0,0,4,15,1,0,3,0,0,80,35,"Carlton","2018",19
23,"Weitering, Jacob",10,5,5,15,0,0,0,2,2,0,1,2,1,2,0,8,6,1,0,7,0,0,88,35,"Carlton","2018",19
46,"Wright, Matthew",6,4,8,14,1,1,0,3,1,1,3,1,0,0,0,5,8,0,1,3,0,1,90,35,"Carlton","2018",19
0,"Rushed",0,0,0,0,0,3,0,0,0,0,0,0,0,0,0,0,0,0,0,0,0,0,0,35,"Carlton","2018",19
