"Number","Player","Kicks","Marks","Handballs","Disposals","Goals","Behinds","Hitouts","Tackles","Rebounds50s","Inside50s","Clearances","Clangers","FreesFor","FreesAgainst","BrownlowVotes","ContestedPossessions","UncontestedPossessions","ContestedMarks","MarksInside50","OnePercenters","Bounces","GoalAssists","PercentagePlayed","PointDifference","Team","Season","Round"
4,"Ablett, Gary",14,8,11,25,1,0,0,4,3,3,2,5,3,2,0,8,17,0,1,0,0,0,76,28,"Geelong","2018",10
24,"Bews, Jed",4,4,2,6,0,0,0,0,0,2,1,3,0,3,0,1,5,0,0,2,0,0,89,28,"Geelong","2018",10
23,"Black, Aaron",10,8,8,18,0,0,0,4,5,2,1,5,0,1,0,8,11,0,0,4,0,0,86,28,"Geelong","2018",10
46,"Blicavs, Mark",5,4,12,17,0,0,1,0,1,0,0,5,1,2,0,11,8,1,0,8,0,0,100,28,"Geelong","2018",10
36,"Crameri, Stewart",6,3,3,9,1,1,0,2,1,1,0,2,1,2,0,4,5,0,1,2,0,0,90,28,"Geelong","2018",10
31,"Cunico, Jordan",11,3,5,16,1,0,0,2,2,4,2,1,0,1,0,6,10,0,0,1,1,0,84,28,"Geelong","2018",10
35,"Dangerfield, Patrick",23,4,6,29,1,2,0,3,1,9,8,3,7,1,2,17,12,1,0,2,0,1,84,28,"Geelong","2018",10
22,"Duncan, Mitch",20,7,7,27,0,0,0,0,7,3,4,3,2,1,0,6,21,1,0,2,0,1,81,28,"Geelong","2018",10
28,"Gregson, Cory",2,1,3,5,0,0,0,9,0,2,0,1,0,1,0,1,5,0,0,2,0,0,87,28,"Geelong","2018",10
26,"Hawkins, Tom",6,6,5,11,3,0,1,5,0,0,0,7,1,7,0,6,6,2,3,0,0,1,84,28,"Geelong","2018",10
38,"Henry, Jack",12,5,4,16,0,0,0,6,3,0,1,2,1,0,0,9,7,2,1,5,0,0,80,28,"Geelong","2018",10
41,"Jones, Jamaine",3,0,5,8,1,0,0,1,0,0,0,2,0,1,0,5,4,0,0,0,0,0,80,28,"Geelong","2018",10
11,"Kelly, Tim",7,2,8,15,0,0,0,4,0,1,5,3,1,1,0,10,6,0,0,0,0,0,83,28,"Geelong","2018",10
8,"Kolodjashnij, Jake",8,5,4,12,0,0,0,1,3,1,0,2,2,0,0,3,7,0,0,6,0,0,84,28,"Geelong","2018",10
27,"Menegola, Sam",10,4,13,23,2,0,0,10,1,2,2,1,0,0,3,9,13,0,1,0,0,0,81,28,"Geelong","2018",10
21,"Murdoch, Jordan",11,4,6,17,1,0,0,2,0,6,2,0,1,0,0,9,8,1,0,1,0,1,74,28,"Geelong","2018",10
3,"Parfitt, Brandan",9,2,9,18,0,1,0,2,0,3,1,3,2,0,0,9,9,0,0,0,0,0,83,28,"Geelong","2018",10
17,"Ratugolea, Esava",0,0,0,0,0,0,2,1,0,0,0,2,0,2,0,0,1,0,0,1,0,0,28,28,"Geelong","2018",10
14,"Selwood, Joel",12,5,8,20,0,0,0,6,2,2,6,4,2,2,0,8,12,0,0,1,0,1,80,28,"Geelong","2018",10
1,"Stanley, Rhys",7,5,2,9,0,2,32,4,2,2,1,1,1,0,0,2,7,1,1,7,0,0,90,28,"Geelong","2018",10
44,"Stewart, Tom",23,12,5,28,0,0,0,2,9,2,1,6,4,3,0,11,17,3,0,6,0,0,84,28,"Geelong","2018",10
2,"Tuohy, Zach",11,5,6,17,0,0,0,3,3,2,1,3,0,1,0,4,13,0,0,2,0,1,91,28,"Geelong","2018",10
0,"Rushed",0,0,0,0,0,1,0,0,0,0,0,0,0,0,0,0,0,0,0,0,0,0,0,28,"Geelong","2018",10
9,"Cripps, Patrick",12,7,19,31,0,0,0,4,1,6,8,11,2,7,0,22,12,1,0,1,0,0,88,-28,"Carlton","2018",10
28,"Cuningham, David",4,1,1,5,1,0,0,2,0,2,0,3,0,2,0,1,6,0,0,1,0,0,72,-28,"Carlton","2018",10
30,"Curnow, Charlie",7,3,1,8,1,0,0,3,0,2,0,2,3,2,0,5,2,2,0,2,0,0,94,-28,"Carlton","2018",10
35,"Curnow, Ed",15,5,15,30,0,0,0,3,3,2,8,2,2,0,1,14,13,0,0,2,0,0,88,-28,"Carlton","2018",10
2,"Dow, Paddy",14,6,4,18,0,2,0,6,2,3,2,3,2,0,0,7,8,0,1,2,0,1,70,-28,"Carlton","2018",10
25,"Fisher, Zac",9,1,16,25,0,0,0,2,0,1,2,7,0,3,0,10,14,0,0,0,0,0,85,-28,"Carlton","2018",10
14,"Jones, Liam",9,2,0,9,0,0,0,4,3,2,1,3,2,2,0,8,2,1,0,14,0,0,86,-28,"Carlton","2018",10
36,"Kerr, Pat",6,3,3,9,1,2,0,1,0,3,0,0,1,0,0,4,5,0,0,1,0,0,67,-28,"Carlton","2018",10
11,"Kerridge, Sam",7,2,4,11,0,0,0,4,1,2,4,1,0,1,0,7,5,0,0,1,0,0,87,-28,"Carlton","2018",10
8,"Kreuzer, Matthew",7,2,9,16,0,0,39,6,4,3,4,3,1,1,0,11,6,2,0,5,0,0,90,-28,"Carlton","2018",10
13,"Lamb, Jed",5,2,4,9,0,0,0,3,0,1,0,2,0,1,0,1,7,0,0,1,0,0,81,-28,"Carlton","2018",10
16,"Lang, Darcy",11,5,1,12,0,1,0,3,0,1,1,1,2,1,0,5,9,0,0,1,0,0,72,-28,"Carlton","2018",10
10,"McKay, Harry",4,0,2,6,1,1,4,4,0,3,0,3,3,3,0,5,2,0,0,1,0,0,67,-28,"Carlton","2018",10
4,"OBrien, Lochie",6,2,5,11,0,0,0,3,0,0,0,3,1,1,0,3,9,0,0,1,0,0,73,-28,"Carlton","2018",10
24,"OShea, Cameron",9,2,3,12,0,0,0,6,1,4,0,1,0,0,0,1,9,0,0,2,0,0,82,-28,"Carlton","2018",10
5,"Petrevski-Seton, Sam",7,2,8,15,0,3,0,8,1,4,1,0,1,0,0,5,10,0,0,0,0,1,80,-28,"Carlton","2018",10
20,"Plowman, Lachie",13,5,7,20,0,0,0,1,5,1,0,2,4,0,0,9,11,0,0,15,2,0,94,-28,"Carlton","2018",10
17,"Rowe, Sam",9,3,2,11,0,0,2,1,2,1,0,3,2,1,0,2,7,0,0,7,0,0,90,-28,"Carlton","2018",10
6,"Simpson, Kade",23,7,10,33,0,0,0,3,8,3,2,2,2,0,0,7,22,1,0,3,1,0,96,-28,"Carlton","2018",10
39,"Thomas, Dale",13,10,7,20,0,0,0,3,1,4,1,5,1,3,0,4,17,0,0,1,0,0,79,-28,"Carlton","2018",10
23,"Weitering, Jacob",8,6,3,11,0,0,0,2,1,0,0,1,0,0,0,1,11,0,0,3,0,0,73,-28,"Carlton","2018",10
46,"Wright, Matthew",12,5,3,15,1,0,0,3,1,3,0,3,2,1,0,4,11,0,1,2,0,0,88,-28,"Carlton","2018",10
0,"Rushed",0,0,0,0,0,6,0,0,0,0,0,0,0,0,0,0,0,0,0,0,0,0,0,-28,"Carlton","2018",10
