"Number","Player","Kicks","Marks","Handballs","Disposals","Goals","Behinds","Hitouts","Tackles","Rebounds50s","Inside50s","Clearances","Clangers","FreesFor","FreesAgainst","BrownlowVotes","ContestedPossessions","UncontestedPossessions","ContestedMarks","MarksInside50","OnePercenters","Bounces","GoalAssists","PercentagePlayed","PointDifference","Team","Season","Round"
7,"Cunningham, Harry",12,7,4,16,0,0,0,0,4,2,3,2,1,0,0,3,12,0,0,1,2,0,72,16,"Sydney","2018",3
13,"Florent, Oliver",7,1,3,10,0,1,0,3,0,2,0,2,0,0,0,2,8,0,0,2,1,0,70,16,"Sydney","2018",3
23,"Franklin, Lance",19,10,3,22,2,0,0,0,0,9,0,2,0,1,1,9,13,3,1,2,0,1,97,16,"Sydney","2018",3
39,"Grundy, Heath",6,4,7,13,0,0,0,2,2,0,0,3,2,2,0,7,5,1,0,5,0,0,90,16,"Sydney","2018",3
4,"Hannebery, Dan",11,4,12,23,0,0,0,3,2,4,2,1,1,0,0,7,16,0,1,0,0,1,77,16,"Sydney","2018",3
9,"Hayward, Will",10,9,8,18,2,1,0,1,0,4,0,1,1,1,0,6,13,1,2,2,0,0,72,16,"Sydney","2018",3
5,"Heeney, Isaac",9,6,14,23,1,0,0,5,0,1,4,4,1,1,0,15,8,2,1,0,0,1,83,16,"Sydney","2018",3
29,"Hewett, George",3,1,6,9,0,0,0,0,1,2,1,4,1,2,0,5,4,0,0,1,0,0,93,16,"Sydney","2018",3
15,"Jack, Kieren",14,1,4,18,0,0,0,3,1,3,2,2,1,0,0,8,9,0,0,1,0,2,74,16,"Sydney","2018",3
12,"Kennedy, Josh",13,3,12,25,1,0,0,5,0,3,8,3,2,0,0,12,12,0,0,3,0,0,84,16,"Sydney","2018",3
44,"Lloyd, Jake",13,7,9,22,0,0,0,2,2,1,1,2,1,0,0,5,17,0,1,2,0,0,90,16,"Sydney","2018",3
3,"McVeigh, Jarrad",11,4,7,18,0,0,0,3,3,1,1,4,0,1,0,5,12,0,0,0,1,0,77,16,"Sydney","2018",3
43,"Melican, Lewis",11,4,4,15,0,0,0,0,3,2,0,0,1,0,0,2,11,0,0,9,0,0,87,16,"Sydney","2018",3
14,"Mills, Callum",15,6,11,26,0,0,0,2,8,3,0,0,4,0,3,5,21,0,0,1,0,0,91,16,"Sydney","2018",3
11,"Papley, Tom",9,2,2,11,2,2,0,4,1,2,0,2,1,1,0,2,8,0,2,2,0,1,81,16,"Sydney","2018",3
26,"Parker, Luke",8,4,10,18,1,0,0,3,1,3,3,5,0,1,0,10,9,0,0,4,0,1,80,16,"Sydney","2018",3
24,"Rampe, Dane",14,5,2,16,0,0,0,3,5,2,0,6,1,3,0,6,10,2,0,2,0,0,95,16,"Sydney","2018",3
20,"Reid, Sam",11,6,1,12,2,2,0,3,0,0,0,0,1,0,0,7,4,3,2,3,0,0,83,16,"Sydney","2018",3
16,"Rohan, Gary",6,3,0,6,2,0,0,1,2,0,0,1,0,0,0,2,4,0,2,0,0,0,69,16,"Sydney","2018",3
18,"Sinclair, Callum",10,3,4,14,3,0,45,3,1,2,6,4,4,1,0,11,4,2,2,6,0,0,82,16,"Sydney","2018",3
40,"Smith, Nick",6,6,8,14,0,0,0,2,1,0,1,1,1,1,0,3,11,0,0,2,0,0,91,16,"Sydney","2018",3
22,"Towers, Dean",5,2,8,13,0,0,5,3,2,4,1,5,2,3,0,9,5,0,0,1,0,2,61,16,"Sydney","2018",3
0,"Rushed",0,0,0,0,0,1,0,0,0,0,0,0,0,0,0,0,0,0,0,0,0,0,0,16,"Sydney","2018",3
18,"Cameron, Jeremy",13,4,4,17,3,1,0,3,1,5,1,6,3,5,0,9,7,2,2,3,0,0,91,-16,"Greater Western Sydney","2018",3
3,"Coniglio, Stephen",18,5,9,27,1,1,0,5,1,4,5,2,0,1,0,9,18,2,1,2,0,1,87,-16,"Greater Western Sydney","2018",3
35,"Corr, Aidan",8,4,2,10,0,0,0,1,1,1,1,4,1,1,0,7,3,1,0,8,0,0,78,-16,"Greater Western Sydney","2018",3
1,"Davis, Phil",5,7,6,11,0,0,0,1,1,0,2,1,1,0,0,3,8,1,0,10,0,0,92,-16,"Greater Western Sydney","2018",3
24,"de Boer, Matt",5,4,16,21,2,0,0,4,0,0,3,3,0,1,0,10,10,0,1,0,0,1,86,-16,"Greater Western Sydney","2018",3
7,"Deledio, Brett",8,6,5,13,0,0,2,4,1,3,3,4,0,2,0,5,8,0,0,1,0,1,76,-16,"Greater Western Sydney","2018",3
31,"Finlayson, Jeremy",13,3,7,20,0,0,0,1,5,3,1,6,2,3,0,9,12,0,0,1,1,0,69,-16,"Greater Western Sydney","2018",3
19,"Haynes, Nick",18,8,10,28,0,0,0,1,5,3,0,4,1,2,2,6,22,1,0,3,0,0,88,-16,"Greater Western Sydney","2018",3
27,"Himmelberg, Harry",5,1,2,7,1,1,0,1,0,0,1,0,0,0,0,4,3,1,1,1,0,1,86,-16,"Greater Western Sydney","2018",3
2,"Hopper, Jacob",9,3,10,19,1,0,0,4,0,3,4,5,0,1,0,11,10,0,0,1,0,0,69,-16,"Greater Western Sydney","2018",3
22,"Kelly, Josh",18,3,4,22,0,3,0,4,3,5,3,1,1,1,0,7,14,0,0,3,0,0,83,-16,"Greater Western Sydney","2018",3
38,"Lloyd, Daniel",9,6,3,12,2,2,0,6,1,1,0,1,1,1,0,5,9,0,1,3,0,0,73,-16,"Greater Western Sydney","2018",3
37,"Lobb, Rory",4,4,1,5,1,1,9,4,0,0,0,2,0,2,0,3,2,3,2,4,0,0,80,-16,"Greater Western Sydney","2018",3
12,"Patton, Jonathon",9,5,10,19,1,0,14,10,0,6,7,1,4,1,0,14,8,0,0,2,0,2,84,-16,"Greater Western Sydney","2018",3
36,"Perryman, Harry",6,3,5,11,0,0,0,1,1,1,1,1,1,1,0,2,8,0,0,3,0,0,65,-16,"Greater Western Sydney","2018",3
50,"Reid, Sam",2,1,5,7,0,0,0,1,0,1,0,1,0,0,0,2,5,0,0,2,0,0,86,-16,"Greater Western Sydney","2018",3
23,"Shaw, Heath",18,4,5,23,0,0,0,3,4,4,1,5,0,2,0,7,14,0,0,3,0,0,92,-16,"Greater Western Sydney","2018",3
5,"Shiel, Dylan",12,4,11,23,0,0,0,3,5,4,5,5,0,1,0,5,15,0,0,0,1,0,74,-16,"Greater Western Sydney","2018",3
14,"Taranto, Tim",8,2,4,12,0,0,0,4,1,1,3,3,1,1,0,6,7,1,1,1,0,0,82,-16,"Greater Western Sydney","2018",3
20,"Tomlinson, Adam",9,5,5,14,0,0,1,3,2,1,1,1,0,0,0,3,11,0,0,1,0,0,92,-16,"Greater Western Sydney","2018",3
8,"Ward, Callan",12,5,12,24,0,0,0,8,2,7,4,0,1,0,0,10,14,2,0,0,0,1,79,-16,"Greater Western Sydney","2018",3
6,"Whitfield, Lachie",5,4,10,15,0,1,0,4,0,1,1,0,1,0,0,5,10,0,0,1,0,1,87,-16,"Greater Western Sydney","2018",3
0,"Rushed",0,0,0,0,0,5,0,0,0,0,0,0,0,0,0,0,0,0,0,0,0,0,0,-16,"Greater Western Sydney","2018",3
