"Number","Player","Kicks","Marks","Handballs","Disposals","Goals","Behinds","Hitouts","Tackles","Rebounds50s","Inside50s","Clearances","Clangers","FreesFor","FreesAgainst","BrownlowVotes","ContestedPossessions","UncontestedPossessions","ContestedMarks","MarksInside50","OnePercenters","Bounces","GoalAssists","PercentagePlayed","PointDifference","Team","Season","Round"
12,"Astbury, David",14,14,6,20,0,0,0,0,5,1,0,1,1,1,1,6,13,3,0,1,0,0,97,77,"Richmond","2018",7
35,"Broad, Nathan",10,2,2,12,0,0,0,0,1,4,0,2,0,0,0,5,7,0,0,6,0,0,82,77,"Richmond","2018",7
7,"Butler, Dan",5,2,6,11,0,0,0,2,0,2,1,1,0,1,0,5,7,0,0,1,0,4,78,77,"Richmond","2018",7
22,"Caddy, Josh",12,8,10,22,1,1,2,1,2,4,0,7,0,4,0,7,16,1,1,3,0,0,81,77,"Richmond","2018",7
11,"Castagna, Jason",6,5,7,13,1,2,0,2,0,4,0,1,1,0,0,7,6,1,3,0,1,0,81,77,"Richmond","2018",7
30,"Conca, Reece",9,1,11,20,1,0,0,7,1,2,2,1,1,0,0,4,13,0,0,0,0,0,74,77,"Richmond","2018",7
10,"Edwards, Shane",7,3,13,20,0,0,0,6,0,6,3,2,0,0,0,7,12,0,0,2,1,1,78,77,"Richmond","2018",7
34,"Graham, Jack",13,5,11,24,1,0,0,7,3,4,0,2,1,1,0,6,20,0,0,2,0,2,86,77,"Richmond","2018",7
2,"Grimes, Dylan",13,6,2,15,0,0,0,2,1,1,0,2,3,1,0,5,10,1,0,3,0,0,85,77,"Richmond","2018",7
28,"Higgins, Jack",6,2,7,13,1,2,0,3,0,1,1,1,2,1,0,8,6,1,1,3,0,2,76,77,"Richmond","2018",7
14,"Houli, Bachar",12,5,10,22,1,1,0,3,5,3,0,3,0,0,0,3,18,0,0,1,1,0,81,77,"Richmond","2018",7
23,"Lambert, Kane",12,6,13,25,2,0,0,3,1,2,4,2,0,0,2,11,14,0,1,2,1,1,90,77,"Richmond","2018",7
27,"Lloyd, Sam",15,1,3,18,1,1,0,4,5,1,1,2,2,0,0,5,13,0,0,2,1,1,78,77,"Richmond","2018",7
4,"Martin, Dustin",11,6,15,26,0,4,0,4,0,8,3,4,1,3,0,4,22,0,0,2,5,2,78,77,"Richmond","2018",7
33,"McIntosh, Kamdyn",13,4,8,21,1,0,0,5,1,6,2,4,2,0,0,7,13,0,1,1,0,0,79,77,"Richmond","2018",7
25,"Nankervis, Toby",12,5,9,21,0,0,14,3,0,3,4,7,0,6,0,9,10,1,2,4,0,0,84,77,"Richmond","2018",7
3,"Prestia, Dion",12,5,7,19,0,0,0,1,2,2,2,3,1,0,0,3,15,0,0,1,1,0,50,77,"Richmond","2018",7
18,"Rance, Alex",6,8,14,20,0,0,0,3,4,0,0,3,0,0,0,9,10,1,0,7,0,0,95,77,"Richmond","2018",7
8,"Riewoldt, Jack",8,6,5,13,3,1,0,6,0,2,0,3,2,2,0,6,9,0,5,2,0,1,97,77,"Richmond","2018",7
15,"Short, Jayden",11,1,5,16,0,1,0,2,3,4,0,2,0,1,0,3,12,0,0,0,1,0,80,77,"Richmond","2018",7
21,"Townsend, Jacob",7,7,8,15,2,1,0,4,0,3,0,1,1,0,0,4,11,0,3,0,0,1,94,77,"Richmond","2018",7
1,"Vlastuin, Nick",8,4,9,17,0,0,0,1,2,1,0,4,1,3,0,3,14,0,0,3,0,0,75,77,"Richmond","2018",7
0,"Rushed",0,0,0,0,0,6,0,0,0,0,0,0,0,0,0,0,0,0,0,0,0,0,0,77,"Richmond","2018",7
1,"Ballantyne, Hayden",11,4,3,14,1,2,0,2,1,1,0,2,1,1,0,3,10,1,2,2,0,0,85,-77,"Fremantle","2018",7
41,"Banfield, Bailey",12,5,8,20,0,0,0,2,1,4,3,5,1,1,0,6,13,0,0,1,0,0,84,-77,"Fremantle","2018",7
19,"Blakely, Connor",6,3,15,21,0,0,0,2,2,0,0,5,0,2,0,8,16,1,0,1,0,0,81,-77,"Fremantle","2018",7
8,"Brayshaw, Andrew",8,5,6,14,1,0,0,6,1,2,2,3,0,1,0,5,8,0,0,1,0,0,69,-77,"Fremantle","2018",7
5,"Cerra, Adam",10,3,8,18,0,0,0,6,4,5,5,3,2,1,0,8,10,0,0,1,0,1,63,-77,"Fremantle","2018",7
36,"Cox, Brennan",6,4,2,8,1,0,1,1,0,3,1,0,0,0,0,4,5,2,1,2,0,2,86,-77,"Fremantle","2018",7
12,"Crowden, Mitch",2,0,6,8,0,0,0,2,0,2,1,0,0,0,0,2,6,0,0,2,0,0,84,-77,"Fremantle","2018",7
44,"Duman, Taylin",6,2,2,8,0,0,0,1,1,0,0,4,0,2,0,3,7,1,0,5,0,0,87,-77,"Fremantle","2018",7
7,"Fyfe, Nat",17,8,16,33,0,1,7,4,0,4,11,7,3,2,3,26,11,6,0,2,0,0,83,-77,"Fremantle","2018",7
21,"Hamling, Joel",7,3,5,12,0,0,0,1,5,0,0,1,2,0,0,6,7,0,0,11,0,0,96,-77,"Fremantle","2018",7
32,"Hill, Stephen",7,1,5,12,0,0,0,0,2,1,2,3,1,1,0,3,9,0,0,2,0,1,70,-77,"Fremantle","2018",7
15,"Hughes, Ethan",5,2,7,12,0,0,0,1,2,1,0,1,3,0,0,6,7,1,0,3,0,0,76,-77,"Fremantle","2018",7
26,"Langdon, Ed",11,3,11,22,0,0,0,2,2,1,1,6,2,2,0,6,17,0,0,1,0,0,82,-77,"Fremantle","2018",7
3,"Matera, Brandon",9,1,5,14,0,1,0,2,0,3,0,4,2,0,0,6,8,0,0,0,0,0,81,-77,"Fremantle","2018",7
23,"McCarthy, Cam",5,2,2,7,1,1,0,1,1,2,0,1,1,1,0,3,3,0,1,0,0,0,94,-77,"Fremantle","2018",7
16,"Mundy, David",6,4,12,18,0,1,0,1,1,4,1,4,1,1,0,7,11,0,0,0,0,0,91,-77,"Fremantle","2018",7
27,"Neale, Lachie",14,3,21,35,0,0,0,2,1,1,10,1,1,0,0,18,16,0,0,1,1,0,77,-77,"Fremantle","2018",7
25,"Pearce, Alex",6,5,6,12,0,0,0,2,0,0,0,3,0,2,0,4,8,0,0,3,0,0,97,-77,"Fremantle","2018",7
38,"Ryan, Luke",9,5,4,13,0,0,0,0,3,1,0,1,0,1,0,5,8,0,0,3,0,0,86,-77,"Fremantle","2018",7
31,"Sandilands, Aaron",2,1,9,11,0,0,49,0,0,3,5,0,2,0,0,10,1,1,0,3,0,0,82,-77,"Fremantle","2018",7
18,"Tucker, Darcy",7,3,8,15,0,2,0,3,3,1,1,2,1,0,0,4,12,0,0,1,0,0,61,-77,"Fremantle","2018",7
14,"Wilson, Nathan",14,6,5,19,0,0,0,0,7,3,0,6,1,1,0,4,13,0,0,3,0,0,85,-77,"Fremantle","2018",7
0,"Rushed",0,0,0,0,0,1,0,0,0,0,0,0,0,0,0,0,0,0,0,0,0,0,0,-77,"Fremantle","2018",7
