"Number","Player","Kicks","Marks","Handballs","Disposals","Goals","Behinds","Hitouts","Tackles","Rebounds50s","Inside50s","Clearances","Clangers","FreesFor","FreesAgainst","BrownlowVotes","ContestedPossessions","UncontestedPossessions","ContestedMarks","MarksInside50","OnePercenters","Bounces","GoalAssists","PercentagePlayed","PointDifference","Team","Season","Round"
29,"Ambrose, Patrick",10,8,5,15,0,0,0,1,4,1,0,4,1,4,0,3,11,2,0,6,0,0,94,34,"Essendon","2018",9
12,"Baguley, Mark",11,6,5,16,1,0,0,7,0,4,0,2,3,0,0,6,11,0,0,3,0,2,84,34,"Essendon","2018",9
2,"Bellchambers, Tom",6,2,2,8,0,1,24,0,1,3,2,4,2,3,0,5,2,1,1,0,0,0,73,34,"Essendon","2018",9
37,"Clarke, Dylan",5,1,4,9,0,0,0,5,0,0,1,0,0,0,0,3,6,0,0,0,0,1,68,34,"Essendon","2018",9
49,"Dea, Matt",10,8,5,15,0,0,0,3,1,2,0,1,0,0,0,1,14,0,0,3,0,0,86,34,"Essendon","2018",9
13,"Fantasia, Orazio",8,7,10,18,2,0,0,8,1,4,2,5,1,1,0,9,10,0,2,1,2,0,75,34,"Essendon","2018",9
9,"Goddard, Brendon",16,10,8,24,0,0,0,1,4,4,1,4,0,0,0,4,21,2,0,2,0,1,93,34,"Essendon","2018",9
35,"Guelfi, Matt",10,5,4,14,1,0,0,3,1,5,2,0,1,0,0,4,10,0,0,1,0,0,68,34,"Essendon","2018",9
21,"Heppell, Dyson",16,6,12,28,1,0,0,4,1,2,5,0,1,0,2,16,13,1,0,1,0,0,88,34,"Essendon","2018",9
26,"Hooker, Cale",10,11,11,21,0,0,0,2,3,0,0,0,2,0,0,13,7,4,0,6,1,0,98,34,"Essendon","2018",9
4,"Langford, Kyle",11,5,5,16,0,0,0,8,2,5,6,3,0,1,0,7,9,0,0,1,0,0,75,34,"Essendon","2018",9
33,"Laverde, Jayden",6,2,2,8,0,0,0,3,0,3,2,1,2,0,0,4,4,1,0,1,0,0,70,34,"Essendon","2018",9
43,"McDonald-Tipungwuti, Anthony",11,4,4,15,0,1,0,6,0,6,0,3,1,2,0,7,8,0,1,0,2,2,77,34,"Essendon","2018",9
45,"McKenna, Conor",15,2,3,18,1,2,0,2,3,3,0,1,0,1,0,4,13,1,0,2,1,0,78,34,"Essendon","2018",9
44,"McKernan, Shaun",13,6,3,16,4,4,11,1,1,0,5,4,3,3,1,9,7,1,5,0,0,0,87,34,"Essendon","2018",9
7,"Merrett, Zach",16,1,16,32,0,0,0,6,2,3,6,2,1,0,0,11,18,0,0,0,0,1,81,34,"Essendon","2018",9
14,"Ridley, Jordan",16,7,9,25,0,0,0,0,5,2,0,2,2,0,0,5,20,0,0,0,1,0,79,34,"Essendon","2018",9
42,"Saad, Adam",9,5,9,18,0,0,0,4,1,3,0,0,1,0,0,6,13,0,0,1,5,0,81,34,"Essendon","2018",9
5,"Smith, Devon",11,4,7,18,0,2,0,10,2,2,4,4,1,2,0,8,11,0,0,1,1,0,85,34,"Essendon","2018",9
17,"Stewart, James",9,7,7,16,1,1,2,4,0,2,0,3,1,2,0,7,8,1,1,0,0,0,85,34,"Essendon","2018",9
25,"Stringer, Jake",12,5,7,19,1,0,0,7,5,1,1,3,0,1,0,10,10,2,3,3,0,1,88,34,"Essendon","2018",9
11,"Zaharakis, David",18,8,15,33,0,0,0,6,5,2,0,5,1,0,3,7,24,0,0,1,0,0,86,34,"Essendon","2018",9
0,"Rushed",0,0,0,0,0,1,0,0,0,0,0,0,0,0,0,0,0,0,0,0,0,0,0,34,"Essendon","2018",9
4,"Ablett, Gary",8,1,9,17,0,1,0,1,2,1,1,4,0,1,0,8,10,0,0,0,1,0,79,-34,"Geelong","2018",9
24,"Bews, Jed",6,2,3,9,0,0,0,2,3,1,0,3,1,1,0,2,7,0,0,5,0,0,84,-34,"Geelong","2018",9
46,"Blicavs, Mark",7,3,11,18,0,1,7,2,6,0,1,5,1,2,0,6,12,0,0,8,0,0,87,-34,"Geelong","2018",9
36,"Crameri, Stewart",6,7,9,15,1,0,0,2,0,3,0,2,1,2,0,5,13,1,0,2,0,1,87,-34,"Geelong","2018",9
31,"Cunico, Jordan",10,3,5,15,0,0,0,2,2,3,1,2,0,0,0,3,13,0,0,1,1,0,81,-34,"Geelong","2018",9
35,"Dangerfield, Patrick",13,3,14,27,2,0,0,6,2,8,6,7,2,3,0,13,12,3,0,3,0,1,85,-34,"Geelong","2018",9
22,"Duncan, Mitch",17,8,9,26,0,0,0,4,5,2,4,4,2,1,0,7,20,0,0,4,2,0,79,-34,"Geelong","2018",9
28,"Gregson, Cory",7,1,2,9,0,2,0,4,0,3,1,0,2,0,0,4,4,0,0,0,0,0,83,-34,"Geelong","2018",9
26,"Hawkins, Tom",10,9,10,20,3,1,0,2,0,1,0,6,0,2,0,11,8,5,3,1,0,2,93,-34,"Geelong","2018",9
38,"Henry, Jack",7,5,3,10,0,0,0,4,1,1,0,2,0,1,0,5,4,1,0,3,0,0,75,-34,"Geelong","2018",9
33,"Horlin-Smith, George",10,1,7,17,0,0,0,0,2,4,3,3,0,1,0,3,14,0,0,0,0,0,75,-34,"Geelong","2018",9
11,"Kelly, Tim",10,4,6,16,0,0,0,3,1,4,1,2,1,1,0,5,12,0,0,0,0,0,79,-34,"Geelong","2018",9
8,"Kolodjashnij, Jake",6,4,9,15,0,0,0,2,3,0,1,1,1,1,0,8,7,1,0,7,0,0,91,-34,"Geelong","2018",9
27,"Menegola, Sam",8,3,8,16,0,0,0,5,1,3,1,1,2,0,0,5,11,0,0,1,0,0,79,-34,"Geelong","2018",9
21,"Murdoch, Jordan",4,1,4,8,0,1,0,6,0,3,1,1,1,0,0,1,8,0,0,1,0,0,81,-34,"Geelong","2018",9
34,"Parsons, James",6,5,5,11,0,0,0,5,0,4,0,1,0,0,0,6,7,0,0,1,0,1,71,-34,"Geelong","2018",9
14,"Selwood, Joel",10,6,20,30,1,2,0,6,1,1,4,4,1,2,0,12,20,0,1,2,1,0,81,-34,"Geelong","2018",9
9,"Smith, Zac",3,2,5,8,0,0,26,4,1,1,3,5,3,3,0,11,1,1,0,4,0,0,79,-34,"Geelong","2018",9
44,"Stewart, Tom",8,3,8,16,0,0,0,3,4,3,0,5,0,2,0,6,9,0,0,3,0,1,85,-34,"Geelong","2018",9
7,"Taylor, Harry",2,3,5,7,0,0,0,0,2,0,0,1,0,0,0,6,1,3,0,6,0,0,79,-34,"Geelong","2018",9
40,"Thurlow, Jackson",6,6,7,13,0,0,0,1,1,1,1,1,0,0,0,3,11,0,0,2,0,0,71,-34,"Geelong","2018",9
2,"Tuohy, Zach",19,6,8,27,0,0,0,4,4,4,2,2,2,1,0,8,19,1,0,1,0,0,97,-34,"Geelong","2018",9
0,"Totals",183,86,167,350,7,8,33,68,41,51,31,62,20,24,0,138,223,16,4,55,5,6,0,-34,"Geelong","2018",9
