"Number","Player","Kicks","Marks","Handballs","Disposals","Goals","Behinds","Hitouts","Tackles","Rebounds50s","Inside50s","Clearances","Clangers","FreesFor","FreesAgainst","BrownlowVotes","ContestedPossessions","UncontestedPossessions","ContestedMarks","MarksInside50","OnePercenters","Bounces","GoalAssists","PercentagePlayed","PointDifference","Team","Season","Round"
15,"Ahern, Paul",23,3,14,37,0,0,0,3,3,5,12,5,3,1,1,22,16,0,0,0,0,1,75,40,"North Melbourne","2018",19
3,"Anderson, Jed",11,1,12,23,1,0,0,6,0,5,7,5,0,2,0,11,10,0,0,1,0,0,69,40,"North Melbourne","2018",19
18,"Atley, Shaun",6,4,14,20,0,0,0,2,2,0,0,0,2,0,0,7,14,0,0,1,0,0,76,40,"North Melbourne","2018",19
50,"Brown, Ben",3,2,6,9,1,1,0,0,0,1,0,2,1,0,0,6,3,2,1,4,0,0,100,40,"North Melbourne","2018",19
13,"Clarke, Ryan",15,7,13,28,0,0,0,3,4,5,1,0,1,0,0,7,20,0,0,0,0,0,80,40,"North Melbourne","2018",19
10,"Cunnington, Ben",14,4,25,39,1,0,0,10,2,2,7,6,3,2,3,22,18,0,0,1,0,0,75,40,"North Melbourne","2018",19
1,"Daw, Majak",9,7,8,17,0,0,5,3,4,1,0,1,0,0,0,11,6,4,0,10,0,0,89,40,"North Melbourne","2018",19
14,"Dumont, Trent",15,3,9,24,0,0,0,3,2,5,3,2,1,0,0,8,15,0,0,1,0,2,79,40,"North Melbourne","2018",19
22,"Goldstein, Todd",7,4,15,22,1,0,44,4,1,3,2,6,0,2,2,7,12,0,1,2,0,1,91,40,"North Melbourne","2018",19
4,"Higgins, Shaun",10,2,11,21,2,0,0,4,0,6,3,2,1,2,0,7,13,0,0,0,0,1,86,40,"North Melbourne","2018",19
8,"Hrovat, Nathan",6,1,6,12,1,0,0,2,0,1,2,1,0,0,0,5,7,0,0,0,0,0,65,40,"North Melbourne","2018",19
34,"Macmillan, Jamie",14,7,5,19,0,0,0,1,2,3,0,2,0,2,0,5,14,1,0,4,1,0,86,40,"North Melbourne","2018",19
11,"McDonald, Luke",9,4,9,18,0,0,0,3,1,4,1,3,0,3,0,6,13,0,1,2,0,0,91,40,"North Melbourne","2018",19
12,"Simpkin, Jy",9,4,9,18,1,0,0,8,2,4,2,5,0,2,0,7,11,1,1,2,0,3,70,40,"North Melbourne","2018",19
25,"Tarrant, Robbie",8,5,5,13,0,0,0,2,3,1,0,2,0,1,0,3,11,0,0,14,0,0,95,40,"North Melbourne","2018",19
16,"Thompson, Scott",6,5,4,10,0,0,0,3,2,0,0,3,0,0,0,5,4,1,0,4,0,0,97,40,"North Melbourne","2018",19
28,"Turner, Kayne",6,2,10,16,0,0,0,4,0,5,0,2,0,0,0,8,8,0,0,1,0,0,84,40,"North Melbourne","2018",19
27,"Walker, Will",6,4,5,11,0,1,0,4,1,2,0,2,0,0,0,6,6,0,1,1,0,0,61,40,"North Melbourne","2018",19
2,"Williams, Marley",12,1,5,17,0,0,0,3,7,3,1,0,1,0,0,5,11,0,0,2,0,0,81,40,"North Melbourne","2018",19
32,"Wood, Mason",9,4,6,15,2,2,0,2,0,1,1,2,0,0,0,5,10,0,4,0,0,0,78,40,"North Melbourne","2018",19
19,"Wright, Sam",7,2,10,17,0,0,0,0,1,3,0,0,2,0,0,5,12,0,0,2,0,0,79,40,"North Melbourne","2018",19
7,"Ziebell, Jack",9,5,3,12,2,3,0,3,0,1,1,2,1,0,0,5,7,2,4,4,0,0,91,40,"North Melbourne","2018",19
0,"Rushed",0,0,0,0,0,2,0,0,0,0,0,0,0,0,0,0,0,0,0,0,0,0,0,40,"North Melbourne","2018",19
37,"Barrass, Tom",8,7,6,14,0,0,0,0,1,1,1,0,0,0,0,6,7,4,0,3,0,0,85,-40,"West Coast","2018",19
28,"Cole, Tom",10,6,8,18,0,0,0,0,5,0,0,1,0,0,0,8,9,1,0,2,0,0,78,-40,"West Coast","2018",19
15,"Cripps, Jamie",15,6,4,19,1,1,0,7,1,8,3,3,3,1,0,8,9,0,1,1,0,0,77,-40,"West Coast","2018",19
27,"Darling, Jack",5,2,3,8,0,0,0,5,0,3,0,1,1,1,0,7,1,1,0,4,0,2,89,-40,"West Coast","2018",19
14,"Duggan, Liam",8,4,9,17,0,0,0,2,0,4,2,0,1,0,0,8,7,0,0,1,0,0,81,-40,"West Coast","2018",19
3,"Gaff, Andrew",14,3,7,21,0,0,0,4,1,5,3,1,2,0,0,5,16,0,0,0,0,0,86,-40,"West Coast","2018",19
25,"Hurn, Shannon",19,8,2,21,0,0,0,2,4,3,1,1,0,0,0,3,14,1,0,2,0,0,90,-40,"West Coast","2018",19
34,"Hutchings, Mark",11,3,7,18,0,0,0,6,6,2,3,1,1,0,0,5,13,0,0,1,0,0,88,-40,"West Coast","2018",19
2,"LeCras, Mark",8,4,1,9,1,0,0,2,0,2,0,1,1,1,0,2,6,0,1,0,0,0,87,-40,"West Coast","2018",19
29,"Lycett, Scott",7,3,5,12,0,0,34,5,1,1,2,3,0,0,0,9,4,1,1,1,0,0,83,-40,"West Coast","2018",19
7,"Masten, Chris",12,4,4,16,0,0,0,0,5,0,1,4,0,1,0,5,9,0,0,1,0,0,85,-40,"West Coast","2018",19
20,"McGovern, Jeremy",13,7,5,18,0,0,0,2,6,0,1,3,0,2,0,14,6,4,0,12,0,0,88,-40,"West Coast","2018",19
21,"Petruccelle, Jack",2,1,3,5,0,0,0,1,0,0,0,1,0,1,0,3,2,0,0,0,0,0,63,-40,"West Coast","2018",19
8,"Redden, Jack",13,2,13,26,0,0,0,5,2,3,6,4,2,0,0,13,12,0,0,2,0,0,85,-40,"West Coast","2018",19
44,"Rioli, Willie",7,1,5,12,2,0,0,5,0,4,0,5,1,3,0,3,10,0,0,2,0,0,75,-40,"West Coast","2018",19
31,"Schofield, Will",10,5,3,13,0,0,0,0,6,0,0,1,0,1,0,4,6,2,0,5,0,0,91,-40,"West Coast","2018",19
4,"Sheed, Dom",12,3,5,17,0,0,0,4,3,1,4,2,1,1,0,9,8,1,0,0,0,0,78,-40,"West Coast","2018",19
5,"Sheppard, Brad",14,6,3,17,0,0,0,1,6,2,0,2,0,0,0,4,11,1,0,4,0,0,88,-40,"West Coast","2018",19
19,"Vardy, Nathan",1,1,3,4,1,0,7,3,0,0,0,2,0,2,0,4,1,1,1,4,0,1,74,-40,"West Coast","2018",19
18,"Venables, Daniel",6,2,2,8,0,2,0,3,0,2,0,0,0,0,0,3,6,1,2,1,0,0,73,-40,"West Coast","2018",19
45,"Waterman, Jake",7,2,1,8,0,2,0,1,0,2,1,1,2,1,0,5,2,0,0,3,0,0,68,-40,"West Coast","2018",19
6,"Yeo, Elliot",13,6,15,28,1,0,0,11,1,4,7,5,2,1,0,19,9,1,0,1,0,0,87,-40,"West Coast","2018",19
0,"Totals",215,86,114,329,6,5,41,69,48,47,35,42,17,16,0,147,168,19,6,50,0,3,0,-40,"West Coast","2018",19
