"Number","Player","Kicks","Marks","Handballs","Disposals","Goals","Behinds","Hitouts","Tackles","Rebounds50s","Inside50s","Clearances","Clangers","FreesFor","FreesAgainst","BrownlowVotes","ContestedPossessions","UncontestedPossessions","ContestedMarks","MarksInside50","OnePercenters","Bounces","GoalAssists","PercentagePlayed","PointDifference","Team","Season","Round"
36,"Aliir, Aliir",13,10,5,18,0,0,0,0,4,1,0,2,0,1,0,5,13,3,0,1,0,1,81,15,"Sydney","2018",13
7,"Cunningham, Harry",7,4,10,17,1,0,0,6,3,1,1,0,2,0,0,5,13,0,0,0,0,0,82,15,"Sydney","2018",13
13,"Florent, Oliver",14,6,15,29,0,0,0,2,4,4,2,4,0,0,3,6,23,0,0,0,0,1,82,15,"Sydney","2018",13
23,"Franklin, Lance",14,7,4,18,2,5,0,3,0,3,0,6,3,4,0,12,7,3,3,3,1,1,94,15,"Sydney","2018",13
39,"Grundy, Heath",14,7,9,23,0,0,0,2,7,3,1,1,1,1,0,8,15,3,0,6,0,0,94,15,"Sydney","2018",13
4,"Hannebery, Dan",3,0,21,24,0,0,0,2,2,0,3,4,0,2,0,12,12,0,0,1,0,0,87,15,"Sydney","2018",13
9,"Hayward, Will",11,4,2,13,1,2,0,1,0,2,1,4,1,0,0,4,9,0,1,2,0,0,64,15,"Sydney","2018",13
5,"Heeney, Isaac",11,6,11,22,0,0,0,8,1,3,0,4,2,2,0,8,16,0,1,1,0,0,85,15,"Sydney","2018",13
29,"Hewett, George",6,3,18,24,0,0,0,0,3,1,4,0,1,0,0,13,12,0,0,1,0,1,80,15,"Sydney","2018",13
15,"Jack, Kieren",7,1,10,17,1,0,0,2,0,3,0,2,0,1,0,2,15,0,1,0,0,0,73,15,"Sydney","2018",13
10,"Jones, Zak",9,3,11,20,0,0,0,5,4,2,2,2,2,1,0,5,15,0,0,6,0,0,83,15,"Sydney","2018",13
12,"Kennedy, Josh",12,2,16,28,1,2,0,3,1,4,6,3,1,3,0,15,12,0,2,1,0,1,76,15,"Sydney","2018",13
44,"Lloyd, Jake",20,8,8,28,0,0,0,1,10,1,0,2,1,0,0,5,17,1,0,1,0,0,89,15,"Sydney","2018",13
31,"Marsh, Harrison",12,4,5,17,0,0,0,1,4,3,0,3,1,1,0,5,11,0,0,1,0,1,74,15,"Sydney","2018",13
30,"McCartin, Tom",7,4,9,16,0,0,0,3,0,6,0,3,2,2,0,9,7,2,0,4,0,1,77,15,"Sydney","2018",13
11,"Papley, Tom",6,2,3,9,2,0,0,2,0,1,0,2,2,1,0,5,4,0,1,0,0,1,71,15,"Sydney","2018",13
26,"Parker, Luke",12,4,7,19,0,0,0,5,0,6,2,4,2,3,0,10,12,0,1,1,0,1,93,15,"Sydney","2018",13
24,"Rampe, Dane",7,2,4,11,0,0,0,2,4,1,0,3,1,2,1,6,5,0,0,8,0,0,90,15,"Sydney","2018",13
16,"Rohan, Gary",8,2,2,10,0,0,1,1,1,4,0,3,1,2,0,7,3,0,0,1,0,0,80,15,"Sydney","2018",13
25,"Ronke, Ben",9,5,4,13,2,0,0,4,1,2,1,1,2,0,0,7,6,1,1,0,2,0,64,15,"Sydney","2018",13
18,"Sinclair, Callum",5,2,9,14,0,1,16,5,0,1,2,3,0,1,0,9,5,1,0,5,0,0,88,15,"Sydney","2018",13
40,"Smith, Nick",12,6,8,20,0,0,0,3,6,0,0,0,2,0,0,4,16,2,0,4,0,0,94,15,"Sydney","2018",13
0,"Rushed",0,0,0,0,0,2,0,0,0,0,0,0,0,0,0,0,0,0,0,0,0,0,0,15,"Sydney","2018",13
10,"Brander, Jarrod",5,3,0,5,0,1,0,1,0,1,0,0,1,0,0,1,4,0,0,3,0,0,69,-15,"West Coast","2018",13
28,"Cole, Tom",9,2,3,12,0,0,0,2,0,0,0,1,1,1,0,6,7,0,0,4,0,1,81,-15,"West Coast","2018",13
15,"Cripps, Jamie",11,5,3,14,0,0,0,5,0,1,0,3,1,1,0,5,8,0,0,1,0,0,88,-15,"West Coast","2018",13
14,"Duggan, Liam",14,3,5,19,0,0,0,0,5,1,1,1,1,1,0,6,11,0,0,3,0,0,85,-15,"West Coast","2018",13
3,"Gaff, Andrew",11,1,13,24,0,1,0,4,1,6,6,1,3,0,0,8,16,0,0,0,0,0,87,-15,"West Coast","2018",13
25,"Hurn, Shannon",10,9,4,14,0,0,0,1,2,1,0,5,1,4,0,4,11,1,0,4,1,0,89,-15,"West Coast","2018",13
23,"Jetta, Lewis",9,3,4,13,0,0,0,1,2,6,0,5,0,3,0,1,12,0,0,1,0,0,84,-15,"West Coast","2018",13
17,"Kennedy, Josh",7,4,1,8,2,1,0,2,0,2,1,5,2,1,0,9,1,3,3,1,0,0,82,-15,"West Coast","2018",13
2,"LeCras, Mark",9,6,10,19,0,1,0,2,2,1,1,5,1,4,0,9,12,0,0,0,1,0,86,-15,"West Coast","2018",13
29,"Lycett, Scott",9,3,4,13,1,0,16,3,1,4,0,1,1,0,0,6,6,0,0,6,0,0,83,-15,"West Coast","2018",13
7,"Masten, Chris",13,9,10,23,0,1,0,5,4,4,0,2,1,1,0,7,16,0,0,0,0,0,89,-15,"West Coast","2018",13
20,"McGovern, Jeremy",10,6,3,13,0,0,0,2,2,0,1,1,3,0,0,9,5,2,0,9,0,0,87,-15,"West Coast","2018",13
9,"Naitanui, Nic",8,2,7,15,0,1,32,1,1,4,4,2,3,0,0,12,3,1,0,3,1,0,64,-15,"West Coast","2018",13
30,"Nelson, Jackson",13,2,3,16,0,0,0,0,5,4,2,3,0,1,0,6,10,0,0,5,0,0,84,-15,"West Coast","2018",13
8,"Redden, Jack",10,5,18,28,0,0,0,2,1,2,8,1,1,1,0,13,16,0,0,0,1,0,80,-15,"West Coast","2018",13
44,"Rioli, Willie",3,0,4,7,0,0,0,5,0,1,1,1,0,1,0,5,2,0,0,1,0,0,85,-15,"West Coast","2018",13
1,"Ryan, Liam",8,3,4,12,1,2,0,2,0,2,0,5,1,0,0,7,4,3,1,1,1,0,74,-15,"West Coast","2018",13
4,"Sheed, Dom",2,1,9,11,0,1,0,4,0,4,1,4,0,3,0,7,5,0,0,2,0,0,76,-15,"West Coast","2018",13
5,"Sheppard, Brad",11,3,3,14,0,0,0,2,4,3,0,3,1,1,0,4,9,0,0,5,0,0,89,-15,"West Coast","2018",13
13,"Shuey, Luke",8,1,6,14,0,1,0,4,0,3,6,3,3,2,0,9,5,0,0,0,0,1,74,-15,"West Coast","2018",13
45,"Waterman, Jake",4,4,6,10,1,0,0,1,0,0,0,2,1,0,0,3,7,1,1,0,0,0,78,-15,"West Coast","2018",13
6,"Yeo, Elliot",23,5,6,29,2,1,0,8,2,13,3,5,1,2,2,13,17,1,0,3,0,2,86,-15,"West Coast","2018",13
0,"Rushed",0,0,0,0,0,4,0,0,0,0,0,0,0,0,0,0,0,0,0,0,0,0,0,-15,"West Coast","2018",13
