"Number","Player","Kicks","Marks","Handballs","Disposals","Goals","Behinds","Hitouts","Tackles","Rebounds50s","Inside50s","Clearances","Clangers","FreesFor","FreesAgainst","BrownlowVotes","ContestedPossessions","UncontestedPossessions","ContestedMarks","MarksInside50","OnePercenters","Bounces","GoalAssists","PercentagePlayed","PointDifference","Team","Season","Round"
1,"Boak, Travis",11,6,8,19,1,1,0,3,0,4,1,6,2,1,0,8,12,1,2,1,0,2,79,57,"Port Adelaide","2018",13
26,"Bonner, Riley",10,6,4,14,0,0,0,3,3,1,1,3,0,3,0,5,10,0,0,2,0,0,88,57,"Port Adelaide","2018",13
33,"Byrne-Jones, Darcy",9,0,1,10,0,0,0,5,2,2,0,1,3,0,0,3,8,0,0,0,0,1,79,57,"Port Adelaide","2018",13
17,"Clurey, Tom",4,2,4,8,0,0,0,2,2,0,0,1,1,0,0,4,4,0,0,5,0,0,93,57,"Port Adelaide","2018",13
22,"Dixon, Charlie",6,2,5,11,3,2,4,0,0,0,0,1,3,1,0,8,3,1,1,2,0,1,97,57,"Port Adelaide","2018",13
7,"Ebert, Brad",7,5,15,22,0,0,0,4,1,2,2,1,0,0,0,7,15,0,0,2,0,1,78,57,"Port Adelaide","2018",13
9,"Gray, Robbie",11,4,17,28,3,1,0,2,0,4,6,4,2,1,2,14,14,1,2,0,0,0,95,57,"Port Adelaide","2018",13
46,"Gray, Sam",6,3,11,17,1,1,0,2,0,1,1,3,1,1,0,12,5,1,2,1,0,0,81,57,"Port Adelaide","2018",13
36,"Hombsch, Jack",4,4,1,5,0,0,0,2,1,2,0,1,0,0,0,1,4,0,0,6,0,0,79,57,"Port Adelaide","2018",13
43,"Houston, Dan",15,7,5,20,1,0,0,0,2,6,0,3,0,1,0,4,15,1,0,1,0,2,79,57,"Port Adelaide","2018",13
32,"Howard, Dougal",7,6,3,10,0,0,0,1,3,0,0,1,0,1,0,1,9,1,0,13,0,0,91,57,"Port Adelaide","2018",13
13,"Marshall, Todd",6,2,2,8,0,2,0,0,0,1,0,0,1,0,0,5,4,1,1,1,0,0,63,57,"Port Adelaide","2018",13
6,"Motlop, Steven",12,4,11,23,1,0,0,7,0,6,3,3,1,3,0,8,17,0,0,2,1,0,76,57,"Port Adelaide","2018",13
29,"Pittard, Jasper",7,3,4,11,0,0,0,2,3,1,0,1,0,0,0,3,8,0,0,2,1,0,81,57,"Port Adelaide","2018",13
21,"Polec, Jared",14,6,5,19,2,0,0,1,2,3,1,2,0,1,0,2,14,0,0,2,0,0,90,57,"Port Adelaide","2018",13
2,"Powell-Pepper, Sam",8,1,16,24,0,0,0,4,0,6,7,7,1,4,0,19,9,1,0,7,0,2,76,57,"Port Adelaide","2018",13
11,"Rockliff, Tom",17,5,8,25,3,1,0,6,1,6,7,1,3,0,1,10,14,1,2,1,0,0,72,57,"Port Adelaide","2018",13
4,"Ryder, Paddy",4,3,10,14,1,0,41,4,0,1,5,1,1,1,0,9,7,2,2,4,0,0,81,57,"Port Adelaide","2018",13
48,"Thomas, Lindsay",9,4,5,14,1,1,0,4,0,3,0,3,1,2,0,6,9,1,1,5,0,0,75,57,"Port Adelaide","2018",13
39,"Westhoff, Justin",13,7,6,19,2,1,11,5,0,3,3,7,1,4,0,10,9,2,5,4,0,1,90,57,"Port Adelaide","2018",13
16,"Wines, Ollie",17,6,18,35,1,0,0,7,2,7,6,1,1,1,3,13,24,1,0,2,0,2,75,57,"Port Adelaide","2018",13
20,"Wingard, Chad",24,3,6,30,0,1,0,8,3,8,6,4,1,1,0,10,20,0,0,2,0,3,82,57,"Port Adelaide","2018",13
0,"Rushed",0,0,0,0,0,1,0,0,0,0,0,0,0,0,0,0,0,0,0,0,0,0,0,57,"Port Adelaide","2018",13
24,"Biggs, Shane",6,3,4,10,0,0,0,3,1,0,1,3,0,1,0,3,8,0,0,1,0,0,88,-57,"Western Bulldogs","2018",13
4,"Bontempelli, Marcus",16,0,7,23,2,1,0,5,3,3,10,5,3,3,0,16,8,0,0,3,0,0,93,-57,"Western Bulldogs","2018",13
17,"Boyd, Tom",4,1,5,9,0,0,31,1,0,1,3,2,1,1,0,5,4,0,0,3,0,0,88,-57,"Western Bulldogs","2018",13
12,"Cordy, Zaine",8,6,6,14,0,0,0,2,2,1,0,1,1,0,0,8,6,2,0,8,0,0,98,-57,"Western Bulldogs","2018",13
9,"Crozier, Hayden",16,8,5,21,0,0,0,3,9,1,0,2,1,0,0,5,14,2,0,5,0,0,80,-57,"Western Bulldogs","2018",13
6,"Dahlhaus, Luke",6,2,18,24,0,0,0,1,0,1,5,2,0,2,0,16,8,0,0,0,0,0,84,-57,"Western Bulldogs","2018",13
35,"Daniel, Caleb",3,1,2,5,0,0,0,0,2,1,0,1,0,0,0,3,1,1,0,1,1,0,81,-57,"Western Bulldogs","2018",13
26,"Gowers, Billy",7,4,4,11,1,2,1,2,0,2,0,3,1,2,0,5,6,1,1,2,0,0,87,-57,"Western Bulldogs","2018",13
22,"Honeychurch, Mitch",8,5,3,11,0,1,0,8,2,4,0,3,1,1,0,4,9,1,1,2,0,0,90,-57,"Western Bulldogs","2018",13
7,"Hunter, Lachie",12,3,6,18,0,0,0,3,2,3,2,2,2,1,0,7,11,0,0,3,1,0,89,-57,"Western Bulldogs","2018",13
39,"Johannisen, Jason",9,3,4,13,0,0,0,2,4,2,0,4,0,2,0,3,10,0,0,3,0,1,87,-57,"Western Bulldogs","2018",13
27,"Lipinski, Patrick",5,2,4,9,1,0,0,0,1,1,1,1,0,0,0,6,3,1,1,1,0,1,87,-57,"Western Bulldogs","2018",13
11,"Macrae, Jack",6,4,6,12,0,0,0,1,2,0,1,2,1,1,0,6,6,0,0,0,0,0,42,-57,"Western Bulldogs","2018",13
16,"McLean, Toby",9,2,6,15,1,0,0,2,1,2,1,5,2,4,0,6,10,0,1,0,0,1,73,-57,"Western Bulldogs","2018",13
20,"Richards, Ed",7,0,8,15,3,0,0,2,0,4,2,0,3,0,0,9,5,0,0,3,2,1,84,-57,"Western Bulldogs","2018",13
13,"Schache, Josh",12,1,3,15,1,2,1,1,1,1,1,1,2,0,0,6,8,1,1,0,0,0,86,-57,"Western Bulldogs","2018",13
37,"Smith, Roarke",7,2,6,13,0,0,0,0,0,0,0,2,2,0,0,5,9,0,0,2,1,0,76,-57,"Western Bulldogs","2018",13
8,"Trengove, Jackson",9,7,5,14,0,0,0,2,2,1,0,3,1,2,0,4,9,1,0,4,0,0,100,-57,"Western Bulldogs","2018",13
3,"Wallis, Mitch",5,3,8,13,2,0,0,6,1,3,2,2,0,0,0,10,3,2,2,0,0,0,82,-57,"Western Bulldogs","2018",13
19,"Webb, Lukas",7,1,3,10,0,0,0,3,1,4,3,5,3,1,0,5,4,0,1,0,0,1,81,-57,"Western Bulldogs","2018",13
34,"Williams, Bailey",15,6,6,21,0,1,0,2,4,4,0,5,2,1,0,7,12,1,0,3,0,1,87,-57,"Western Bulldogs","2018",13
10,"Wood, Easton",4,3,5,9,0,0,0,2,2,1,0,1,0,1,0,3,5,0,0,3,0,0,37,-57,"Western Bulldogs","2018",13
0,"Rushed",0,0,0,0,0,2,0,0,0,0,0,0,0,0,0,0,0,0,0,0,0,0,0,-57,"Western Bulldogs","2018",13
