"Number","Player","Kicks","Marks","Handballs","Disposals","Goals","Behinds","Hitouts","Tackles","Rebounds50s","Inside50s","Clearances","Clangers","FreesFor","FreesAgainst","BrownlowVotes","ContestedPossessions","UncontestedPossessions","ContestedMarks","MarksInside50","OnePercenters","Bounces","GoalAssists","PercentagePlayed","PointDifference","Team","Season","Round"
10,"Brayshaw, Angus",13,6,14,27,2,0,0,4,1,4,5,6,3,0,2,13,15,0,1,0,0,0,74,-2,"Melbourne","2018",15
31,"Fritsch, Bayley",9,5,0,9,4,1,0,2,0,3,0,0,2,0,0,3,6,0,2,0,0,2,78,-2,"Melbourne","2018",15
11,"Gawn, Max",14,11,11,25,0,1,39,1,3,5,4,3,3,3,0,13,11,7,1,1,0,0,87,-2,"Melbourne","2018",15
19,"Hannan, Mitch",2,0,2,4,0,0,0,4,0,1,0,1,1,1,0,1,2,0,0,0,0,1,75,-2,"Melbourne","2018",15
4,"Harmes, James",13,4,11,24,3,0,0,2,1,4,2,1,2,0,0,11,12,1,1,2,2,1,78,-2,"Melbourne","2018",15
14,"Hibberd, Michael",14,6,7,21,0,0,0,3,7,4,0,2,2,0,0,6,15,0,0,3,0,0,88,-2,"Melbourne","2018",15
1,"Hogan, Jesse",8,4,7,15,3,2,0,5,0,2,1,0,4,0,0,11,5,1,1,0,0,1,88,-2,"Melbourne","2018",15
39,"Jetta, Neville",5,2,9,14,0,0,0,1,3,0,1,3,1,1,0,4,9,0,0,0,0,1,78,-2,"Melbourne","2018",15
2,"Jones, Nathan",15,2,11,26,0,0,0,5,1,5,1,3,1,1,0,5,22,0,0,0,1,0,86,-2,"Melbourne","2018",15
6,"Lewis, Jordan",14,4,9,23,1,1,0,2,4,3,3,3,0,1,0,4,16,1,1,0,0,0,87,-2,"Melbourne","2018",15
28,"McDonald, Oscar",7,3,7,14,0,0,0,3,3,0,0,2,0,1,0,6,8,0,0,4,0,0,100,-2,"Melbourne","2018",15
25,"McDonald, Tom",4,2,4,8,1,0,2,2,0,2,0,1,0,1,0,4,4,1,1,1,0,0,88,-2,"Melbourne","2018",15
18,"Melksham, Jake",8,4,2,10,1,1,0,0,0,3,0,3,0,1,0,2,9,0,1,2,0,0,85,-2,"Melbourne","2018",15
30,"Neal-Bullen, Alex",5,3,9,14,1,0,0,1,1,1,2,4,0,1,0,5,9,0,1,0,0,2,74,-2,"Melbourne","2018",15
13,"Oliver, Clayton",8,4,16,24,0,0,0,4,1,5,4,5,1,1,0,10,14,0,0,0,2,0,76,-2,"Melbourne","2018",15
5,"Petracca, Christian",12,2,3,15,1,0,0,5,0,3,1,1,0,1,0,7,9,0,0,0,0,0,80,-2,"Melbourne","2018",15
35,"Petty, Harry",7,4,4,11,0,0,0,2,1,0,1,2,1,2,0,2,10,0,0,2,0,0,82,-2,"Melbourne","2018",15
3,"Salem, Christian",9,2,6,15,0,0,0,3,3,2,1,3,0,3,0,5,11,1,0,4,0,1,88,-2,"Melbourne","2018",15
44,"Smith, Joel",5,5,9,14,0,0,0,2,0,4,1,3,1,2,0,8,7,0,0,3,0,0,88,-2,"Melbourne","2018",15
12,"Tyson, Dom",8,4,7,15,1,0,0,2,1,3,1,4,1,1,0,6,9,0,1,1,0,1,68,-2,"Melbourne","2018",15
7,"Viney, Jack",10,2,16,26,0,0,0,8,1,7,9,5,4,2,0,14,12,0,0,1,1,2,82,-2,"Melbourne","2018",15
26,"Weideman, Sam",3,4,4,7,0,2,6,2,0,1,0,0,1,0,0,3,4,1,1,3,0,0,72,-2,"Melbourne","2018",15
0,"Rushed",0,0,0,0,0,1,0,0,0,0,0,0,0,0,0,0,0,0,0,0,0,0,0,-2,"Melbourne","2018",15
20,"Armitage, David",16,6,10,26,1,0,0,7,1,7,2,5,2,4,0,10,17,0,1,0,0,1,75,2,"St Kilda","2018",15
26,"Battle, Josh",9,7,7,16,1,2,4,3,0,4,1,4,1,1,0,7,10,2,2,1,0,1,73,2,"St Kilda","2018",15
15,"Billings, Jack",13,9,11,24,1,0,0,1,1,8,0,3,1,2,0,4,20,0,2,0,0,2,85,2,"St Kilda","2018",15
22,"Brown, Nathan",1,0,4,5,0,0,0,1,0,0,1,0,1,0,0,2,3,0,0,2,0,0,53,2,"St Kilda","2018",15
2,"Carlisle, Jake",12,9,10,22,0,0,0,2,2,2,2,3,0,1,0,7,16,1,0,8,0,1,95,2,"St Kilda","2018",15
11,"Clark, Hunter",9,2,5,14,1,0,0,2,1,2,2,2,1,0,0,5,10,0,0,1,1,0,67,2,"St Kilda","2018",15
7,"Dunstan, Luke",9,3,7,16,0,0,0,4,4,1,1,4,1,4,0,4,11,0,0,2,0,0,69,2,"St Kilda","2018",15
14,"Geary, Jarryn",11,3,14,25,0,0,0,1,3,1,1,1,1,0,0,10,16,0,0,5,1,0,91,2,"St Kilda","2018",15
4,"Gresham, Jade",10,3,9,19,4,0,0,1,1,4,3,1,2,0,0,8,11,0,1,2,0,2,88,2,"St Kilda","2018",15
39,"Joyce, Darragh",4,3,6,10,0,1,0,1,4,1,0,5,0,2,0,4,7,0,0,5,0,0,78,2,"St Kilda","2018",15
18,"Longer, Billy",3,2,5,8,0,0,26,1,0,0,2,2,1,1,0,3,5,0,0,2,0,0,92,2,"St Kilda","2018",15
32,"McCartin, Paddy",8,4,4,12,2,3,1,0,0,1,0,2,3,0,0,8,4,1,3,0,0,0,68,2,"St Kilda","2018",15
36,"McKenzie, Daniel",7,5,12,19,0,0,0,0,3,1,0,4,2,3,0,10,10,1,0,7,0,0,88,2,"St Kilda","2018",15
28,"Membrey, Tim",12,7,3,15,4,2,0,1,0,2,1,2,1,1,1,6,10,0,4,3,0,0,92,2,"St Kilda","2018",15
16,"Newnes, Jack",6,2,4,10,1,0,0,3,0,2,0,3,0,1,0,1,9,0,1,0,0,0,89,2,"St Kilda","2018",15
37,"Rice, Bailey",7,1,2,9,0,0,0,1,2,0,0,2,0,2,0,3,5,0,0,5,0,0,73,2,"St Kilda","2018",15
6,"Ross, Sebastian",14,4,9,23,0,0,0,1,7,2,1,8,0,3,0,5,18,0,0,3,1,0,95,2,"St Kilda","2018",15
5,"Savage, Shane",14,5,8,22,1,0,0,1,4,2,1,3,0,1,0,5,16,0,1,3,2,0,88,2,"St Kilda","2018",15
35,"Sinclair, Jack",14,5,16,30,0,1,0,0,3,5,1,7,1,0,0,8,22,0,1,2,3,3,91,2,"St Kilda","2018",15
9,"Steele, Jack",8,3,12,20,1,0,0,11,2,2,5,2,2,1,0,8,14,0,0,1,1,0,80,2,"St Kilda","2018",15
3,"Steven, Jack",16,1,11,27,1,1,0,3,2,2,7,3,3,0,3,13,13,0,1,0,0,1,83,2,"St Kilda","2018",15
44,"Weller, Maverick",4,2,11,15,0,0,0,3,2,1,1,1,0,1,0,6,9,0,0,2,0,0,88,2,"St Kilda","2018",15
0,"Rushed",0,0,0,0,0,1,0,0,0,0,0,0,0,0,0,0,0,0,0,0,0,0,0,2,"St Kilda","2018",15
