"Number","Player","Kicks","Marks","Handballs","Disposals","Goals","Behinds","Hitouts","Tackles","Rebounds50s","Inside50s","Clearances","Clangers","FreesFor","FreesAgainst","BrownlowVotes","ContestedPossessions","UncontestedPossessions","ContestedMarks","MarksInside50","OnePercenters","Bounces","GoalAssists","PercentagePlayed","PointDifference","Team","Season","Round"
22,"Breust, Luke",8,6,4,12,1,1,0,2,0,4,0,2,1,1,0,5,7,1,1,0,0,0,80,3,"Hawthorn","2018",11
9,"Burgoyne, Shaun",12,6,14,26,1,1,0,3,2,1,8,6,1,2,0,16,11,1,2,2,0,0,80,3,"Hawthorn","2018",11
5,"Burton, Ryan",13,11,6,19,0,0,0,2,2,4,0,0,1,0,0,4,15,1,0,4,0,0,81,3,"Hawthorn","2018",11
18,"Ceglar, Jonathon",3,2,1,4,0,0,9,2,1,0,1,1,2,1,0,3,1,1,0,1,0,0,62,3,"Hawthorn","2018",11
8,"Duryea, Taylor",13,9,1,14,0,0,0,1,2,6,0,2,1,1,0,2,12,0,0,1,0,0,77,3,"Hawthorn","2018",11
12,"Frawley, James",11,8,2,13,0,0,0,2,3,0,0,3,1,0,0,7,6,3,0,7,0,0,98,3,"Hawthorn","2018",11
19,"Gunston, Jack",17,10,8,25,0,1,0,0,0,5,0,3,1,0,0,7,18,2,0,3,0,0,85,3,"Hawthorn","2018",11
15,"Hardwick, Blake",13,10,4,17,0,0,0,1,2,5,0,2,1,0,0,2,15,0,0,2,0,0,83,3,"Hawthorn","2018",11
31,"Henderson, Ricky",14,6,11,25,0,0,0,1,2,2,2,3,3,2,0,9,16,0,0,1,1,0,73,3,"Hawthorn","2018",11
17,"Howe, Daniel",11,4,8,19,0,0,0,7,1,3,4,2,4,0,0,8,12,0,0,3,0,1,82,3,"Hawthorn","2018",11
4,"Impey, Jarman",7,4,3,10,1,0,0,3,2,1,0,5,1,2,0,2,9,0,1,2,0,0,82,3,"Hawthorn","2018",11
7,"McEvoy, Ben",9,7,6,15,2,0,22,2,0,2,1,2,1,2,0,6,10,1,2,8,0,0,85,3,"Hawthorn","2018",11
3,"Mitchell, Tom",16,8,12,28,2,0,0,8,1,2,5,1,5,0,3,10,18,0,0,1,0,0,92,3,"Hawthorn","2018",11
35,"Morrison, Harry",4,3,2,6,0,0,0,3,0,0,0,1,0,0,0,1,5,0,0,0,0,0,66,3,"Hawthorn","2018",11
23,"OBrien, Tim",4,2,1,5,0,1,0,1,0,1,0,1,0,1,0,1,4,0,1,0,0,1,59,3,"Hawthorn","2018",11
10,"OMeara, Jaeger",12,5,9,21,0,0,0,5,4,4,1,6,0,3,0,3,18,0,0,2,0,0,86,3,"Hawthorn","2018",11
28,"Puopolo, Paul",5,1,3,8,1,0,0,2,0,1,1,0,2,0,0,4,2,0,0,0,0,0,81,3,"Hawthorn","2018",11
2,"Roughead, Jarryd",9,5,12,21,1,3,0,2,1,1,0,4,3,3,0,12,9,2,2,2,0,1,90,3,"Hawthorn","2018",11
26,"Shiels, Liam",17,10,6,23,0,0,0,3,0,6,2,1,0,0,2,8,17,0,1,1,0,1,85,3,"Hawthorn","2018",11
6,"Sicily, James",16,10,6,22,0,0,0,1,1,6,1,5,2,2,1,5,19,2,0,5,0,0,97,3,"Hawthorn","2018",11
16,"Smith, Isaac",12,6,7,19,0,0,0,2,1,4,1,4,0,2,0,2,18,0,1,0,0,0,84,3,"Hawthorn","2018",11
24,"Stratton, Ben",14,10,3,17,0,0,0,0,3,1,0,2,1,1,0,3,14,1,0,4,0,0,92,3,"Hawthorn","2018",11
0,"Rushed",0,0,0,0,0,3,0,0,0,0,0,0,0,0,0,0,0,0,0,0,0,0,0,3,"Hawthorn","2018",11
1,"Boak, Travis",10,1,6,16,0,0,0,4,3,2,3,4,2,2,0,10,7,0,0,0,0,0,80,-3,"Port Adelaide","2018",11
26,"Bonner, Riley",13,4,4,17,0,0,0,3,4,2,1,3,1,0,0,3,13,0,0,0,0,0,74,-3,"Port Adelaide","2018",11
33,"Byrne-Jones, Darcy",13,5,5,18,0,0,0,3,5,3,4,1,0,1,0,5,13,0,0,2,0,0,85,-3,"Port Adelaide","2018",11
17,"Clurey, Tom",11,5,2,13,0,0,0,1,4,2,1,3,1,1,0,4,9,0,0,6,0,0,83,-3,"Port Adelaide","2018",11
22,"Dixon, Charlie",9,6,4,13,1,0,2,1,0,5,0,4,2,3,0,6,7,2,2,2,0,2,87,-3,"Port Adelaide","2018",11
7,"Ebert, Brad",10,6,8,18,0,0,0,3,0,0,2,5,0,1,0,5,12,1,0,0,0,0,63,-3,"Port Adelaide","2018",11
9,"Gray, Robbie",7,2,6,13,4,0,0,2,0,1,0,2,1,1,0,6,6,1,2,4,2,0,96,-3,"Port Adelaide","2018",11
46,"Gray, Sam",2,2,10,12,0,0,0,1,2,0,1,1,0,0,0,6,5,0,1,1,0,0,89,-3,"Port Adelaide","2018",11
36,"Hombsch, Jack",8,7,6,14,0,0,0,2,4,1,0,3,1,1,0,5,9,0,0,4,0,0,91,-3,"Port Adelaide","2018",11
43,"Houston, Dan",10,3,1,11,0,0,0,1,4,0,0,3,0,0,0,2,9,0,0,2,0,0,76,-3,"Port Adelaide","2018",11
32,"Howard, Dougal",9,7,4,13,0,0,0,0,4,1,0,3,1,2,0,4,10,1,0,11,0,1,93,-3,"Port Adelaide","2018",11
42,"Jonas, Tom",14,9,1,15,0,0,0,2,6,0,0,5,1,2,0,5,10,1,0,8,0,0,99,-3,"Port Adelaide","2018",11
6,"Motlop, Steven",12,3,9,21,0,0,0,5,0,3,1,4,1,2,0,5,15,0,0,0,0,0,78,-3,"Port Adelaide","2018",11
3,"Neade, Jake",3,3,6,9,0,0,0,7,0,2,0,1,0,0,0,5,3,1,0,1,0,0,65,-3,"Port Adelaide","2018",11
21,"Polec, Jared",14,6,7,21,0,0,0,1,4,2,2,5,2,3,0,6,17,0,0,1,1,0,91,-3,"Port Adelaide","2018",11
2,"Powell-Pepper, Sam",10,4,11,21,0,1,0,4,2,4,5,6,0,3,0,8,12,0,0,1,1,1,76,-3,"Port Adelaide","2018",11
11,"Rockliff, Tom",6,0,4,10,0,0,0,7,3,1,3,5,1,4,0,5,5,0,0,0,0,0,77,-3,"Port Adelaide","2018",11
4,"Ryder, Paddy",7,4,6,13,0,0,35,0,1,2,6,4,3,1,0,9,2,3,0,3,0,0,82,-3,"Port Adelaide","2018",11
23,"Watts, Jack",8,4,2,10,3,0,0,1,0,1,0,1,0,0,0,2,8,0,1,2,0,0,67,-3,"Port Adelaide","2018",11
39,"Westhoff, Justin",14,7,6,20,1,0,3,2,2,2,6,4,4,0,0,8,13,0,0,1,0,0,86,-3,"Port Adelaide","2018",11
16,"Wines, Ollie",7,4,15,22,0,1,0,2,0,2,5,4,1,3,0,10,11,2,2,0,0,0,74,-3,"Port Adelaide","2018",11
20,"Wingard, Chad",9,4,4,13,0,0,0,1,0,2,0,6,1,1,0,5,8,2,1,2,0,2,90,-3,"Port Adelaide","2018",11
0,"Rushed",0,0,0,0,0,5,0,0,0,0,0,0,0,0,0,0,0,0,0,0,0,0,0,-3,"Port Adelaide","2018",11
