"Number","Player","Kicks","Marks","Handballs","Disposals","Goals","Behinds","Hitouts","Tackles","Rebounds50s","Inside50s","Clearances","Clangers","FreesFor","FreesAgainst","BrownlowVotes","ContestedPossessions","UncontestedPossessions","ContestedMarks","MarksInside50","OnePercenters","Bounces","GoalAssists","PercentagePlayed","PointDifference","Team","Season","Round"
43,"Barrett, Jake",3,4,4,7,1,0,0,4,1,0,0,3,0,2,0,1,6,0,2,1,0,0,71,-5,"Brisbane Lions","2018",18
9,"Beams, Dayne",12,3,14,26,0,0,0,5,1,1,4,6,1,3,0,10,17,1,0,1,0,0,88,-5,"Brisbane Lions","2018",18
13,"Berry, Jarrod",11,5,6,17,2,1,0,2,0,1,2,2,1,1,0,7,10,0,1,1,0,0,78,-5,"Brisbane Lions","2018",18
3,"Christensen, Allen",8,3,9,17,1,1,0,1,1,3,0,2,2,0,0,6,11,0,0,1,0,1,75,-5,"Brisbane Lions","2018",18
20,"Cox, Cedric",1,3,6,7,0,0,0,1,1,0,0,1,0,0,0,0,7,0,0,5,0,0,72,-5,"Brisbane Lions","2018",18
26,"Cutler, Tom",14,4,10,24,0,2,0,5,5,7,2,2,1,0,0,10,11,0,0,3,3,0,89,-5,"Brisbane Lions","2018",18
27,"Gardiner, Darcy",15,11,6,21,0,0,0,3,5,2,0,1,0,1,0,5,16,1,0,7,0,0,82,-5,"Brisbane Lions","2018",18
30,"Hipwood, Eric",5,4,2,7,1,1,0,0,0,2,0,3,1,2,0,4,3,1,1,2,0,1,87,-5,"Brisbane Lions","2018",18
35,"Lester, Ryan",10,8,7,17,0,0,0,2,4,1,0,0,0,0,0,4,14,0,0,7,0,0,86,-5,"Brisbane Lions","2018",18
12,"Martin, Stefan",7,3,7,14,0,0,39,3,2,2,4,1,2,0,0,11,4,2,1,3,0,2,83,-5,"Brisbane Lions","2018",18
36,"Mathieson, Rhys",7,2,7,14,0,0,0,1,1,5,5,1,0,0,0,9,6,1,0,1,0,1,70,-5,"Brisbane Lions","2018",18
6,"McCluggage, Hugh",10,1,10,20,0,0,0,1,2,3,4,3,0,1,0,7,12,0,0,0,0,1,82,-5,"Brisbane Lions","2018",18
46,"McInerney, Oscar",8,5,3,11,2,0,10,2,1,3,0,2,1,0,0,7,1,4,2,5,0,1,75,-5,"Brisbane Lions","2018",18
25,"McStay, Daniel",9,3,0,9,2,0,0,1,0,1,1,1,2,1,0,2,6,0,0,1,0,1,85,-5,"Brisbane Lions","2018",18
16,"Rayner, Cam",7,5,7,14,2,0,0,1,1,3,1,1,1,0,0,5,9,1,2,0,2,0,75,-5,"Brisbane Lions","2018",18
10,"Rich, Daniel",14,1,3,17,0,2,0,2,5,5,2,1,0,1,0,3,12,0,0,1,0,0,80,-5,"Brisbane Lions","2018",18
18,"Robertson, Nick",10,5,8,18,0,0,0,1,4,2,1,3,0,1,0,7,13,0,0,9,0,0,95,-5,"Brisbane Lions","2018",18
5,"Robinson, Mitch",7,1,4,11,0,1,0,4,1,3,5,3,0,0,0,5,5,0,1,1,0,0,78,-5,"Brisbane Lions","2018",18
28,"Taylor, Lewis",6,4,6,12,1,0,0,2,0,0,1,1,3,1,0,6,7,0,1,0,1,0,82,-5,"Brisbane Lions","2018",18
14,"Walker, Josh",8,7,3,11,0,0,0,1,3,0,0,1,0,1,0,5,8,2,0,6,1,0,97,-5,"Brisbane Lions","2018",18
29,"Witherden, Alex",26,12,5,31,0,0,0,4,7,3,1,1,1,1,0,6,21,0,0,1,0,0,87,-5,"Brisbane Lions","2018",18
15,"Zorko, Dayne",13,5,8,21,1,2,0,5,1,5,8,3,0,1,0,10,12,0,0,2,0,1,84,-5,"Brisbane Lions","2018",18
0,"Totals",211,99,135,346,13,10,49,51,46,52,41,42,16,17,0,130,211,13,11,58,7,9,0,-5,"Brisbane Lions","2018",18
21,"Atkins, Rory",13,3,5,18,0,0,0,1,1,4,0,3,0,3,0,5,11,0,0,1,0,2,81,5,"Adelaide","2018",18
18,"Betts, Eddie",7,4,8,15,1,1,0,5,1,2,5,1,0,1,0,9,6,1,2,1,1,1,82,5,"Adelaide","2018",18
16,"Brown, Luke",8,3,7,15,0,0,0,2,4,1,0,1,1,0,0,3,11,0,0,6,1,0,89,5,"Adelaide","2018",18
25,"Cheney, Kyle",9,8,4,13,0,0,0,1,1,3,0,2,1,1,0,5,8,1,0,1,0,0,80,5,"Adelaide","2018",18
5,"Crouch, Matt",14,4,26,40,0,0,0,4,3,6,8,7,2,1,3,15,24,0,0,1,1,2,82,5,"Adelaide","2018",18
39,"Doedee, Tom",4,1,4,8,0,0,0,1,1,2,0,2,0,0,0,1,7,0,0,4,0,0,43,5,"Adelaide","2018",18
7,"Gallucci, Jordan",6,3,3,9,1,0,0,2,0,1,0,5,1,2,0,2,7,0,1,1,0,0,89,5,"Adelaide","2018",18
6,"Gibbs, Bryce",16,7,5,21,1,0,0,3,0,5,3,3,0,2,0,9,11,0,1,1,0,2,75,5,"Adelaide","2018",18
1,"Greenwood, Hugh",11,4,6,17,4,3,0,4,0,3,4,0,4,0,2,14,3,3,3,0,0,0,80,5,"Adelaide","2018",18
24,"Jacobs, Sam",6,0,0,6,0,0,33,2,1,3,0,2,1,1,0,2,4,0,0,2,0,0,84,5,"Adelaide","2018",18
4,"Jenkins, Josh",13,5,6,19,2,2,5,0,0,5,0,2,0,0,0,5,11,0,2,0,0,0,93,5,"Adelaide","2018",18
42,"Keath, Alex",10,5,2,12,0,0,0,0,7,1,0,1,0,1,0,3,8,2,0,4,0,0,91,5,"Adelaide","2018",18
8,"Kelly, Jake",12,7,9,21,0,0,0,1,3,3,3,5,0,2,0,9,11,3,0,2,0,0,85,5,"Adelaide","2018",18
3,"Knight, Riley",12,1,5,17,2,0,0,3,1,4,5,3,1,0,0,5,11,0,1,0,0,0,90,5,"Adelaide","2018",18
29,"Laird, Rory",14,3,15,29,1,1,0,0,3,2,1,1,1,0,1,10,18,0,1,0,0,1,80,5,"Adelaide","2018",18
27,"Lynch, Tom",13,1,10,23,0,3,0,2,0,4,4,3,2,0,0,13,8,1,0,0,0,1,90,5,"Adelaide","2018",18
41,"McGovern, Mitch",7,5,2,9,0,2,0,3,0,1,0,0,1,0,0,3,6,2,1,1,0,0,84,5,"Adelaide","2018",18
30,"Milera, Wayne",14,7,8,22,0,0,0,1,5,2,0,4,0,1,0,3,18,1,0,2,0,0,85,5,"Adelaide","2018",18
44,"Murphy, Lachlan",0,1,4,4,0,0,0,6,0,0,0,0,0,0,0,1,3,0,0,0,0,0,56,5,"Adelaide","2018",18
11,"Seedsman, Paul",11,4,7,18,1,0,0,0,4,5,2,2,0,0,0,6,12,0,1,3,1,0,89,5,"Adelaide","2018",18
9,"Sloane, Rory",8,2,8,16,0,1,0,7,0,4,4,1,2,0,0,9,7,0,1,2,1,0,82,5,"Adelaide","2018",18
12,"Talia, Daniel",6,5,4,10,0,0,0,2,1,2,0,1,0,1,0,3,7,0,0,3,0,0,89,5,"Adelaide","2018",18
0,"Rushed",0,0,0,0,0,2,0,0,0,0,0,0,0,0,0,0,0,0,0,0,0,0,0,5,"Adelaide","2018",18
