"Number","Player","Kicks","Marks","Handballs","Disposals","Goals","Behinds","Hitouts","Tackles","Rebounds50s","Inside50s","Clearances","Clangers","FreesFor","FreesAgainst","BrownlowVotes","ContestedPossessions","UncontestedPossessions","ContestedMarks","MarksInside50","OnePercenters","Bounces","GoalAssists","PercentagePlayed","PointDifference","Team","Season","Round"
13,"Adams, Taylor",12,5,12,24,0,0,0,3,0,4,4,5,2,3,0,13,12,0,0,3,0,0,80,20,"Collingwood","2018",14
31,"Appleby, Flynn",6,3,6,12,0,0,0,3,0,1,0,2,1,0,0,4,8,0,0,2,0,0,86,20,"Collingwood","2018",14
46,"Cox, Mason",5,4,4,9,1,0,6,0,0,1,2,3,1,0,0,8,2,3,1,1,0,0,87,20,"Collingwood","2018",14
25,"Crisp, Jack",16,8,6,22,0,0,0,4,2,6,0,2,1,1,0,6,18,1,0,3,0,5,85,20,"Collingwood","2018",14
26,"Daicos, Josh",8,3,8,16,0,0,0,0,1,1,0,3,2,1,0,2,14,0,0,0,0,0,70,20,"Collingwood","2018",14
2,"de Goey, Jordan",13,6,5,18,1,1,0,4,0,4,2,1,1,0,0,4,14,1,2,1,1,0,78,20,"Collingwood","2018",14
15,"Dunn, Lynden",11,7,5,16,0,0,0,0,3,2,0,5,0,2,0,0,14,0,0,7,0,0,88,20,"Collingwood","2018",14
19,"Greenwood, Levi",6,2,2,8,0,2,0,1,0,0,0,1,2,0,0,5,3,0,1,2,0,0,46,20,"Collingwood","2018",14
4,"Grundy, Brodie",7,6,13,20,0,1,34,1,1,3,5,1,2,1,0,10,9,3,0,2,0,1,88,20,"Collingwood","2018",14
32,"Hoskin-Elliott, Will",11,6,2,13,3,1,0,2,0,2,0,0,3,0,1,6,7,2,3,1,0,0,86,20,"Collingwood","2018",14
38,"Howe, Jeremy",13,9,8,21,0,0,0,0,6,2,0,1,2,0,0,10,11,2,0,5,0,0,93,20,"Collingwood","2018",14
8,"Langdon, Tom",12,5,9,21,0,1,0,4,2,4,0,5,1,3,0,7,13,0,0,2,0,0,85,20,"Collingwood","2018",14
37,"Maynard, Brayden",12,5,9,21,0,0,0,3,2,3,1,2,1,1,0,5,16,1,0,0,0,0,83,20,"Collingwood","2018",14
16,"Mayne, Chris",5,2,9,14,0,0,0,2,0,1,1,2,2,1,0,5,8,0,0,0,0,0,86,20,"Collingwood","2018",14
41,"Mihocek, Brody",5,6,3,8,1,1,0,4,0,0,0,2,2,0,0,5,4,2,1,1,0,0,90,20,"Collingwood","2018",14
10,"Pendlebury, Scott",12,3,17,29,1,0,0,5,2,6,4,3,2,2,3,9,20,0,0,5,0,1,84,20,"Collingwood","2018",14
21,"Phillips, Tom",18,8,10,28,0,0,0,2,2,2,1,3,1,0,0,3,25,0,1,0,2,0,86,20,"Collingwood","2018",14
12,"Scharenberg, Matt",13,6,8,21,0,0,0,3,3,2,0,2,3,1,0,5,16,1,0,6,0,0,90,20,"Collingwood","2018",14
22,"Sidebottom, Steele",14,6,17,31,0,1,0,4,3,1,8,1,0,0,0,12,20,0,1,6,2,0,86,20,"Collingwood","2018",14
35,"Stephenson, Jaidyn",5,5,3,8,3,1,0,2,0,2,0,0,0,0,0,1,7,1,3,0,0,1,74,20,"Collingwood","2018",14
24,"Thomas, Josh",6,3,2,8,0,0,0,0,0,2,0,3,1,2,0,1,8,0,1,1,0,0,81,20,"Collingwood","2018",14
7,"Treloar, Adam",9,0,10,19,1,0,0,4,0,4,3,2,0,1,0,4,13,0,0,0,3,1,68,20,"Collingwood","2018",14
0,"Rushed",0,0,0,0,0,4,0,0,0,0,0,0,0,0,0,0,0,0,0,0,0,0,0,20,"Collingwood","2018",14
9,"Cripps, Patrick",15,7,14,29,3,0,0,9,2,2,7,3,4,2,2,20,11,3,2,1,1,0,93,-20,"Carlton","2018",14
30,"Curnow, Charlie",16,10,3,19,3,1,0,1,0,6,0,4,2,3,0,10,8,5,2,2,0,0,88,-20,"Carlton","2018",14
35,"Curnow, Ed",10,4,6,16,0,0,0,6,2,3,2,2,2,1,0,8,10,0,1,0,1,2,95,-20,"Carlton","2018",14
2,"Dow, Paddy",8,2,12,20,0,0,0,4,1,3,4,3,1,2,0,9,10,0,0,2,1,0,87,-20,"Carlton","2018",14
25,"Fisher, Zac",10,1,7,17,0,0,0,1,2,1,5,1,0,0,0,7,10,0,0,1,1,1,86,-20,"Carlton","2018",14
21,"Garlett, Jarrod",5,4,5,10,0,2,0,0,0,1,1,0,0,0,0,1,9,0,0,1,0,0,81,-20,"Carlton","2018",14
14,"Jones, Liam",14,14,3,17,0,0,0,3,7,0,0,5,0,1,0,4,13,3,0,4,0,0,97,-20,"Carlton","2018",14
7,"Kennedy, Matthew",7,6,14,21,0,0,0,3,2,2,2,2,1,2,0,10,12,0,0,1,0,0,85,-20,"Carlton","2018",14
8,"Kreuzer, Matthew",5,3,4,9,1,0,6,0,1,4,3,2,1,1,0,5,4,0,0,1,0,0,38,-20,"Carlton","2018",14
13,"Lamb, Jed",15,5,5,20,0,0,0,2,5,2,0,4,1,3,0,3,15,0,0,1,1,0,89,-20,"Carlton","2018",14
18,"Mullett, Aaron",10,6,5,15,1,0,0,2,3,0,0,2,0,2,0,4,11,0,1,2,0,0,86,-20,"Carlton","2018",14
4,"OBrien, Lochie",7,5,2,9,0,0,0,3,0,2,0,3,0,2,0,1,9,0,0,1,0,1,80,-20,"Carlton","2018",14
24,"OShea, Cameron",6,3,4,10,0,0,0,2,0,1,0,9,0,4,0,3,7,0,0,4,0,0,79,-20,"Carlton","2018",14
5,"Petrevski-Seton, Sam",11,6,5,16,0,0,0,2,1,2,0,1,0,1,0,2,15,0,0,0,0,0,85,-20,"Carlton","2018",14
20,"Plowman, Lachie",3,2,0,3,0,0,0,0,1,0,0,0,0,0,0,1,3,0,0,5,0,0,26,-20,"Carlton","2018",14
29,"Polson, Cameron",1,0,3,4,0,0,0,5,0,0,0,0,0,0,0,3,1,0,0,0,0,0,79,-20,"Carlton","2018",14
17,"Rowe, Sam",4,3,3,7,1,0,8,4,2,1,1,5,1,3,0,4,4,0,1,6,0,0,84,-20,"Carlton","2018",14
1,"Silvagni, Jack",8,5,3,11,0,0,0,3,1,0,1,3,2,0,0,1,10,0,1,0,0,0,74,-20,"Carlton","2018",14
6,"Simpson, Kade",18,11,13,31,0,0,0,4,4,1,0,4,1,1,0,6,23,1,0,0,0,1,98,-20,"Carlton","2018",14
39,"Thomas, Dale",16,12,9,25,0,0,0,1,4,3,0,2,0,1,0,1,25,0,0,2,0,0,85,-20,"Carlton","2018",14
23,"Weitering, Jacob",9,9,2,11,0,0,0,2,1,1,0,1,0,1,0,2,9,2,0,11,0,0,95,-20,"Carlton","2018",14
46,"Wright, Matthew",9,6,7,16,0,0,0,1,0,2,1,1,3,0,0,7,9,1,3,0,0,1,89,-20,"Carlton","2018",14
0,"Rushed",0,0,0,0,0,2,0,0,0,0,0,0,0,0,0,0,0,0,0,0,0,0,0,-20,"Carlton","2018",14
