"Number","Player","Kicks","Marks","Handballs","Disposals","Goals","Behinds","Hitouts","Tackles","Rebounds50s","Inside50s","Clearances","Clangers","FreesFor","FreesAgainst","BrownlowVotes","ContestedPossessions","UncontestedPossessions","ContestedMarks","MarksInside50","OnePercenters","Bounces","GoalAssists","PercentagePlayed","PointDifference","Team","Season","Round"
21,"Atkins, Rory",16,6,12,28,1,0,0,1,3,3,0,1,0,0,0,10,18,1,0,2,0,1,76,15,"Adelaide","2018",17
18,"Betts, Eddie",9,3,5,14,1,1,0,7,1,2,0,4,0,2,0,3,7,0,1,1,0,1,84,15,"Adelaide","2018",17
16,"Brown, Luke",11,4,4,15,1,0,0,2,4,1,0,0,1,0,0,5,11,0,0,0,1,0,84,15,"Adelaide","2018",17
25,"Cheney, Kyle",14,10,4,18,0,0,0,0,1,1,0,0,0,0,0,3,15,0,0,0,0,0,81,15,"Adelaide","2018",17
5,"Crouch, Matt",12,5,18,30,0,1,0,3,0,4,1,3,0,2,0,7,24,0,0,1,0,1,83,15,"Adelaide","2018",17
39,"Doedee, Tom",5,5,15,20,0,0,0,3,5,1,0,3,1,1,0,8,13,0,0,4,0,0,80,15,"Adelaide","2018",17
7,"Gallucci, Jordan",13,3,2,15,2,1,0,2,1,4,1,1,1,1,0,4,13,1,1,1,0,0,82,15,"Adelaide","2018",17
6,"Gibbs, Bryce",11,5,6,17,0,1,0,6,2,4,3,2,2,1,0,7,11,1,0,3,2,0,86,15,"Adelaide","2018",17
1,"Greenwood, Hugh",4,4,8,12,0,2,0,6,0,0,1,1,0,0,0,5,7,0,0,0,0,1,63,15,"Adelaide","2018",17
15,"Hartigan, Kyle",11,6,3,14,0,0,0,1,4,1,0,3,1,1,0,1,13,0,0,5,0,0,90,15,"Adelaide","2018",17
24,"Jacobs, Sam",6,3,10,16,0,0,39,0,0,2,6,3,0,3,0,8,9,1,0,3,0,0,85,15,"Adelaide","2018",17
4,"Jenkins, Josh",10,6,4,14,2,2,5,3,0,3,0,1,0,0,0,6,8,3,4,3,1,0,84,15,"Adelaide","2018",17
42,"Keath, Alex",9,5,3,12,0,0,0,0,1,3,0,5,0,2,0,4,8,2,0,7,0,0,81,15,"Adelaide","2018",17
8,"Kelly, Jake",10,6,7,17,0,0,0,0,1,1,0,0,0,0,0,2,15,0,0,1,0,0,79,15,"Adelaide","2018",17
3,"Knight, Riley",8,1,6,14,0,2,0,7,1,4,2,1,3,1,0,9,5,0,0,4,0,1,79,15,"Adelaide","2018",17
29,"Laird, Rory",15,4,28,43,0,0,0,2,6,1,2,0,1,0,1,13,28,0,0,1,0,1,89,15,"Adelaide","2018",17
27,"Lynch, Tom",10,5,12,22,4,1,0,0,1,1,1,1,0,0,0,14,10,1,3,1,0,0,88,15,"Adelaide","2018",17
30,"Milera, Wayne",12,3,11,23,0,0,0,3,0,3,1,1,2,0,0,5,18,0,0,1,0,2,86,15,"Adelaide","2018",17
44,"Murphy, Lachlan",7,2,4,11,3,0,0,3,1,2,1,3,2,2,0,7,6,1,0,1,1,0,75,15,"Adelaide","2018",17
11,"Seedsman, Paul",9,3,9,18,0,2,0,3,1,4,0,2,0,0,0,6,11,1,1,1,1,0,82,15,"Adelaide","2018",17
9,"Sloane, Rory",16,2,11,27,1,0,0,7,4,9,8,1,4,1,3,17,9,0,0,3,0,2,80,15,"Adelaide","2018",17
13,"Walker, Taylor",5,1,5,10,1,1,0,3,0,2,0,2,3,1,0,8,5,0,0,5,0,1,82,15,"Adelaide","2018",17
0,"Rushed",0,0,0,0,0,2,0,0,0,0,0,0,0,0,0,0,0,0,0,0,0,0,0,15,"Adelaide","2018",17
4,"Ablett, Gary",21,2,11,32,0,1,0,5,1,5,10,3,1,1,0,13,17,0,0,1,0,1,80,-15,"Geelong","2018",17
24,"Bews, Jed",10,4,5,15,0,0,0,2,2,1,2,4,2,2,0,8,8,0,0,1,0,0,87,-15,"Geelong","2018",17
46,"Blicavs, Mark",7,6,8,15,0,1,0,3,2,1,0,3,0,1,0,12,6,2,1,8,0,0,100,-15,"Geelong","2018",17
12,"Buzza, Wylie",3,1,5,8,0,1,6,4,0,2,1,2,0,0,0,5,3,1,0,2,0,0,72,-15,"Geelong","2018",17
35,"Dangerfield, Patrick",17,5,16,33,3,3,0,10,4,6,8,7,1,3,2,20,14,1,1,5,0,0,88,-15,"Geelong","2018",17
22,"Duncan, Mitch",12,3,11,23,1,0,0,4,3,7,4,5,0,2,0,7,16,0,0,2,0,0,88,-15,"Geelong","2018",17
29,"Guthrie, Cameron",8,2,8,16,0,0,0,3,1,3,1,3,2,0,0,4,12,0,0,0,0,0,82,-15,"Geelong","2018",17
26,"Hawkins, Tom",12,7,6,18,4,1,2,1,0,2,1,1,1,1,0,10,7,4,4,2,0,0,92,-15,"Geelong","2018",17
38,"Henry, Jack",5,2,3,8,0,0,0,3,4,0,0,3,1,1,0,6,3,1,0,4,0,0,84,-15,"Geelong","2018",17
41,"Jones, Jamaine",1,2,6,7,0,0,0,2,0,1,0,1,0,1,0,3,5,0,0,0,0,1,72,-15,"Geelong","2018",17
11,"Kelly, Tim",16,3,13,29,1,0,0,3,1,3,7,5,0,1,0,15,15,0,0,0,0,1,87,-15,"Geelong","2018",17
8,"Kolodjashnij, Jake",7,3,10,17,0,0,0,1,3,1,0,0,0,0,0,4,13,0,0,11,0,0,85,-15,"Geelong","2018",17
27,"Menegola, Sam",14,4,8,22,1,0,0,3,4,5,6,2,0,2,0,10,13,0,0,2,0,0,83,-15,"Geelong","2018",17
10,"Menzel, Daniel",3,0,3,6,1,0,0,1,0,1,1,1,2,0,0,4,1,0,0,1,0,0,83,-15,"Geelong","2018",17
19,"Narkle, Quinton",7,3,8,15,1,0,0,1,1,3,2,1,1,0,0,6,9,0,0,0,1,1,75,-15,"Geelong","2018",17
3,"Parfitt, Brandan",8,2,3,11,1,0,0,3,0,1,0,5,0,1,0,3,8,0,0,0,0,0,74,-15,"Geelong","2018",17
14,"Selwood, Joel",13,3,16,29,0,0,1,0,1,5,3,6,1,3,0,13,17,1,0,1,0,2,77,-15,"Geelong","2018",17
16,"Selwood, Scott",4,1,9,13,0,0,0,8,0,1,2,2,1,1,0,5,8,0,0,1,0,0,76,-15,"Geelong","2018",17
37,"Simpson, Sam",3,3,4,7,0,0,0,2,0,1,0,1,0,1,0,0,7,0,0,0,0,1,68,-15,"Geelong","2018",17
1,"Stanley, Rhys",11,4,7,18,0,0,27,3,1,4,4,4,3,0,0,8,10,2,1,10,0,0,77,-15,"Geelong","2018",17
44,"Stewart, Tom",8,3,9,17,0,0,0,3,2,1,1,2,0,0,0,6,10,0,0,4,2,0,86,-15,"Geelong","2018",17
2,"Tuohy, Zach",13,5,9,22,1,1,0,3,7,1,1,3,2,0,0,7,16,0,1,1,1,0,85,-15,"Geelong","2018",17
0,"Rushed",0,0,0,0,0,5,0,0,0,0,0,0,0,0,0,0,0,0,0,0,0,0,0,-15,"Geelong","2018",17
