"Number","Player","Kicks","Marks","Handballs","Disposals","Goals","Behinds","Hitouts","Tackles","Rebounds50s","Inside50s","Clearances","Clangers","FreesFor","FreesAgainst","BrownlowVotes","ContestedPossessions","UncontestedPossessions","ContestedMarks","MarksInside50","OnePercenters","Bounces","GoalAssists","PercentagePlayed","PointDifference","Team","Season","Round"
7,"Cunningham, Harry",14,2,7,21,1,1,0,2,1,2,2,2,0,1,0,7,12,0,1,2,0,0,78,-23,"Sydney","2018",2
13,"Florent, Oliver",15,4,5,20,0,1,0,4,1,4,4,2,2,1,0,10,7,0,0,2,0,0,82,-23,"Sydney","2018",2
42,"Fox, Robbie",7,1,5,12,0,0,0,1,2,1,0,3,1,0,0,7,5,0,0,10,0,0,80,-23,"Sydney","2018",2
23,"Franklin, Lance",15,5,0,15,4,2,0,2,0,6,1,4,0,1,0,5,8,2,2,0,1,1,96,-23,"Sydney","2018",2
39,"Grundy, Heath",7,4,9,16,0,0,0,2,5,0,0,2,1,0,0,5,11,1,0,6,0,0,78,-23,"Sydney","2018",2
4,"Hannebery, Dan",9,3,9,18,0,0,0,6,1,3,3,2,1,2,0,9,8,0,0,2,0,0,62,-23,"Sydney","2018",2
9,"Hayward, Will",3,0,5,8,1,0,0,2,0,0,1,2,0,1,0,4,4,0,0,0,0,0,77,-23,"Sydney","2018",2
5,"Heeney, Isaac",13,2,9,22,1,0,0,5,1,4,4,5,2,1,0,18,6,1,0,1,0,1,81,-23,"Sydney","2018",2
29,"Hewett, George",7,1,13,20,0,0,0,4,0,1,2,3,0,1,0,13,8,0,0,0,0,1,80,-23,"Sydney","2018",2
15,"Jack, Kieren",12,2,4,16,0,1,0,4,0,4,3,2,2,1,0,7,7,0,0,1,0,1,71,-23,"Sydney","2018",2
12,"Kennedy, Josh",16,3,17,33,0,1,0,4,1,7,8,8,0,1,0,20,14,1,0,4,0,0,86,-23,"Sydney","2018",2
44,"Lloyd, Jake",11,5,9,20,0,0,0,2,2,1,3,2,1,0,0,8,12,0,0,2,0,0,89,-23,"Sydney","2018",2
3,"McVeigh, Jarrad",18,6,10,28,0,0,0,2,3,4,2,5,1,2,0,9,18,0,0,3,1,2,81,-23,"Sydney","2018",2
43,"Melican, Lewis",8,3,3,11,0,0,0,3,2,0,0,1,0,0,0,2,9,0,0,7,0,0,87,-23,"Sydney","2018",2
14,"Mills, Callum",8,4,6,14,0,0,0,2,3,2,0,5,0,2,0,3,12,1,0,1,0,0,87,-23,"Sydney","2018",2
11,"Papley, Tom",10,4,6,16,1,2,0,2,2,2,1,3,1,2,0,4,12,0,2,3,0,0,86,-23,"Sydney","2018",2
26,"Parker, Luke",11,1,16,27,1,0,1,6,1,5,12,3,1,1,1,17,5,0,0,1,0,0,87,-23,"Sydney","2018",2
24,"Rampe, Dane",5,2,3,8,0,0,0,1,2,0,0,3,0,0,0,1,5,0,0,7,0,0,85,-23,"Sydney","2018",2
16,"Rohan, Gary",5,3,2,7,0,1,0,5,0,0,0,2,1,1,0,2,4,1,1,2,0,0,74,-23,"Sydney","2018",2
18,"Sinclair, Callum",6,1,5,11,0,1,44,4,1,2,3,4,1,0,0,10,3,0,1,6,0,0,80,-23,"Sydney","2018",2
40,"Smith, Nick",11,4,10,21,0,0,0,5,4,2,1,3,2,0,0,9,12,0,0,1,0,0,97,-23,"Sydney","2018",2
22,"Towers, Dean",6,5,10,16,1,0,6,3,3,2,2,3,0,2,0,5,12,0,1,1,0,0,74,-23,"Sydney","2018",2
0,"Rushed",0,0,0,0,0,1,0,0,0,0,0,0,0,0,0,0,0,0,0,0,0,0,0,-23,"Sydney","2018",2
41,"Barry, Dom",6,2,9,15,0,0,0,7,0,6,2,2,1,0,0,4,11,0,0,1,0,0,65,23,"Port Adelaide","2018",2
1,"Boak, Travis",11,1,11,22,2,0,0,2,0,3,2,2,2,1,0,13,12,0,0,1,0,1,87,23,"Port Adelaide","2018",2
26,"Bonner, Riley",11,5,7,18,1,1,0,1,4,4,1,2,0,1,0,5,13,0,0,1,3,0,86,23,"Port Adelaide","2018",2
33,"Byrne-Jones, Darcy",11,3,9,20,0,0,0,0,3,0,3,2,0,0,0,5,15,0,1,3,0,0,83,23,"Port Adelaide","2018",2
17,"Clurey, Tom",10,4,1,11,0,0,0,0,1,1,0,1,2,0,0,5,5,0,0,4,0,0,91,23,"Port Adelaide","2018",2
22,"Dixon, Charlie",9,2,8,17,0,0,32,5,2,4,4,2,1,1,0,13,7,0,0,3,0,0,85,23,"Port Adelaide","2018",2
7,"Ebert, Brad",6,4,7,13,0,0,0,9,1,0,4,2,1,1,0,10,6,1,0,4,0,0,90,23,"Port Adelaide","2018",2
9,"Gray, Robbie",12,3,14,26,1,0,0,10,1,3,4,3,0,0,0,12,13,0,0,2,0,0,83,23,"Port Adelaide","2018",2
46,"Gray, Sam",11,5,6,17,0,1,0,6,2,3,1,3,1,2,0,5,11,0,0,1,2,0,83,23,"Port Adelaide","2018",2
8,"Hartlett, Hamish",12,10,1,13,0,1,0,2,3,2,0,1,0,0,0,1,12,0,1,0,0,0,77,23,"Port Adelaide","2018",2
43,"Houston, Dan",10,2,4,14,0,0,0,4,4,2,0,2,3,0,0,8,5,0,0,9,0,0,76,23,"Port Adelaide","2018",2
32,"Howard, Dougal",4,1,3,7,0,0,0,0,2,0,0,1,2,1,0,4,3,0,0,15,0,0,92,23,"Port Adelaide","2018",2
42,"Jonas, Tom",15,11,4,19,0,0,0,2,5,1,1,3,2,0,0,5,13,0,0,4,0,0,95,23,"Port Adelaide","2018",2
13,"Marshall, Todd",7,3,5,12,3,1,0,0,0,2,0,1,0,1,0,9,3,1,2,2,0,0,52,23,"Port Adelaide","2018",2
6,"Motlop, Steven",11,2,9,20,1,2,0,2,0,4,0,4,1,2,0,3,16,0,1,0,2,1,85,23,"Port Adelaide","2018",2
21,"Polec, Jared",17,4,4,21,2,1,0,2,7,6,5,1,0,1,0,10,11,0,0,3,0,0,86,23,"Port Adelaide","2018",2
2,"Powell-Pepper, Sam",5,0,4,9,1,0,0,9,0,2,1,4,1,1,0,8,4,0,0,1,0,0,81,23,"Port Adelaide","2018",2
11,"Rockliff, Tom",7,0,2,9,0,0,0,2,0,1,3,2,0,0,0,3,5,0,0,0,0,0,66,23,"Port Adelaide","2018",2
23,"Watts, Jack",4,0,6,10,0,0,0,5,0,2,0,1,1,0,0,5,4,0,0,0,0,1,84,23,"Port Adelaide","2018",2
39,"Westhoff, Justin",19,1,8,27,0,0,11,6,3,2,3,6,2,3,2,12,16,0,0,5,0,1,82,23,"Port Adelaide","2018",2
16,"Wines, Ollie",18,3,17,35,1,0,1,6,2,3,12,3,0,1,3,19,17,0,0,3,0,1,79,23,"Port Adelaide","2018",2
20,"Wingard, Chad",10,3,2,12,2,2,0,0,0,1,0,5,0,1,0,5,6,0,1,0,0,0,91,23,"Port Adelaide","2018",2
0,"Rushed",0,0,0,0,0,1,0,0,0,0,0,0,0,0,0,0,0,0,0,0,0,0,0,23,"Port Adelaide","2018",2
