"Number","Player","Kicks","Marks","Handballs","Disposals","Goals","Behinds","Hitouts","Tackles","Rebounds50s","Inside50s","Clearances","Clangers","FreesFor","FreesAgainst","BrownlowVotes","ContestedPossessions","UncontestedPossessions","ContestedMarks","MarksInside50","OnePercenters","Bounces","GoalAssists","PercentagePlayed","PointDifference","Team","Season","Round"
1,"Boak, Travis",9,4,9,18,0,0,0,6,4,1,0,5,1,1,0,10,9,1,0,3,0,0,87,14,"Port Adelaide","2018",12
26,"Bonner, Riley",11,4,4,15,0,0,0,0,4,1,1,1,0,0,0,5,7,1,0,1,1,0,73,14,"Port Adelaide","2018",12
33,"Byrne-Jones, Darcy",19,7,2,21,0,0,0,6,6,3,3,4,2,0,2,11,12,1,0,1,1,0,88,14,"Port Adelaide","2018",12
17,"Clurey, Tom",7,2,5,12,0,0,0,1,3,1,2,0,0,0,0,7,7,0,0,12,0,0,97,14,"Port Adelaide","2018",12
22,"Dixon, Charlie",8,4,5,13,1,1,5,2,0,4,0,5,2,4,0,10,3,4,1,4,0,1,98,14,"Port Adelaide","2018",12
7,"Ebert, Brad",13,6,4,17,0,0,0,5,2,3,1,3,0,1,0,4,12,1,0,1,0,0,76,14,"Port Adelaide","2018",12
9,"Gray, Robbie",6,2,10,16,2,1,0,2,0,2,2,1,1,0,0,11,8,0,1,5,0,0,94,14,"Port Adelaide","2018",12
46,"Gray, Sam",12,5,8,20,2,3,0,4,0,3,0,4,1,2,0,9,11,0,2,1,0,0,87,14,"Port Adelaide","2018",12
43,"Houston, Dan",9,5,2,11,0,0,0,2,3,2,0,0,0,0,0,6,3,2,0,4,0,0,78,14,"Port Adelaide","2018",12
32,"Howard, Dougal",9,7,2,11,0,0,0,1,3,2,0,0,0,0,0,6,4,3,0,16,0,0,92,14,"Port Adelaide","2018",12
42,"Jonas, Tom",11,4,1,12,0,0,0,2,3,2,0,2,1,0,0,6,6,0,0,9,0,0,96,14,"Port Adelaide","2018",12
6,"Motlop, Steven",8,1,4,12,1,0,0,3,0,2,1,1,2,1,0,5,7,0,0,0,0,0,73,14,"Port Adelaide","2018",12
3,"Neade, Jake",3,2,6,9,0,0,0,2,0,2,0,1,1,1,0,3,6,0,0,2,0,0,69,14,"Port Adelaide","2018",12
29,"Pittard, Jasper",11,5,7,18,0,0,0,3,5,4,0,1,0,0,0,4,13,1,0,5,0,0,79,14,"Port Adelaide","2018",12
21,"Polec, Jared",13,5,15,28,1,0,0,1,2,4,4,5,0,2,0,16,10,1,1,0,0,0,80,14,"Port Adelaide","2018",12
2,"Powell-Pepper, Sam",9,1,19,28,0,0,0,6,0,5,6,2,1,0,0,8,19,0,0,0,0,2,75,14,"Port Adelaide","2018",12
11,"Rockliff, Tom",16,5,9,25,0,1,0,4,2,3,7,3,1,1,0,10,17,0,1,3,0,1,73,14,"Port Adelaide","2018",12
4,"Ryder, Paddy",6,1,9,15,0,2,41,3,0,3,5,3,1,0,0,11,4,1,0,4,0,0,79,14,"Port Adelaide","2018",12
23,"Watts, Jack",3,2,9,12,0,0,0,1,0,1,1,0,1,0,0,7,4,0,0,0,0,1,73,14,"Port Adelaide","2018",12
39,"Westhoff, Justin",17,3,6,23,3,1,10,3,1,4,2,6,2,3,0,9,10,1,1,1,0,0,84,14,"Port Adelaide","2018",12
16,"Wines, Ollie",18,4,11,29,0,1,0,12,0,10,7,2,1,0,3,16,16,3,1,1,0,0,65,14,"Port Adelaide","2018",12
20,"Wingard, Chad",14,5,17,31,0,0,0,8,2,6,7,2,1,1,0,13,18,0,0,0,0,0,85,14,"Port Adelaide","2018",12
0,"Rushed",0,0,0,0,0,2,0,0,0,0,0,0,0,0,0,0,0,0,0,0,0,0,0,14,"Port Adelaide","2018",12
12,"Astbury, David",10,5,4,14,0,0,0,0,1,4,0,2,2,0,0,5,8,0,0,3,0,0,83,-14,"Richmond","2018",12
35,"Broad, Nathan",5,3,3,8,0,0,0,3,3,2,0,2,0,2,0,3,4,0,0,8,0,0,79,-14,"Richmond","2018",12
7,"Butler, Dan",5,0,4,9,0,1,0,5,0,5,0,0,1,0,0,5,4,0,0,0,0,0,83,-14,"Richmond","2018",12
22,"Caddy, Josh",8,0,3,11,0,2,3,4,0,3,0,0,0,0,0,4,7,0,0,2,0,0,91,-14,"Richmond","2018",12
11,"Castagna, Jason",6,2,2,8,2,2,0,5,0,2,0,2,1,2,0,5,3,2,2,1,0,0,91,-14,"Richmond","2018",12
30,"Conca, Reece",14,5,8,22,0,0,0,9,3,4,1,7,1,2,0,8,14,1,1,0,0,0,77,-14,"Richmond","2018",12
9,"Cotchin, Trent",11,0,9,20,0,1,0,4,1,3,6,2,0,1,1,11,8,0,0,2,0,0,75,-14,"Richmond","2018",12
10,"Edwards, Shane",5,1,10,15,2,0,0,1,0,2,2,2,1,2,0,10,5,0,0,0,2,1,80,-14,"Richmond","2018",12
5,"Ellis, Brandon",10,3,7,17,0,0,0,5,6,0,2,2,1,0,0,8,9,0,0,1,1,0,83,-14,"Richmond","2018",12
6,"Grigg, Shaun",13,4,11,24,0,0,0,1,6,4,7,5,0,1,0,15,10,1,0,2,0,0,85,-14,"Richmond","2018",12
2,"Grimes, Dylan",6,2,7,13,0,0,0,6,2,1,0,3,1,1,0,9,2,1,0,8,0,0,80,-14,"Richmond","2018",12
28,"Higgins, Jack",8,2,8,16,0,0,0,4,1,0,1,1,1,0,0,6,9,0,0,1,0,0,69,-14,"Richmond","2018",12
23,"Lambert, Kane",10,3,16,26,0,0,0,4,1,1,5,3,0,0,0,9,12,1,1,0,0,0,84,-14,"Richmond","2018",12
33,"McIntosh, Kamdyn",7,3,2,9,0,1,0,2,1,4,2,3,0,2,0,4,5,0,0,1,2,1,73,-14,"Richmond","2018",12
37,"Menadue, Connor",5,4,3,8,0,0,0,2,1,1,0,1,0,0,0,1,6,0,0,1,0,0,63,-14,"Richmond","2018",12
26,"Miles, Anthony",13,3,7,20,1,0,0,3,3,6,3,2,1,1,0,8,12,0,1,2,0,1,74,-14,"Richmond","2018",12
36,"Moore, Callum",2,1,6,8,0,0,3,2,0,1,0,1,0,0,0,5,3,0,0,2,0,0,71,-14,"Richmond","2018",12
25,"Nankervis, Toby",5,1,6,11,0,1,27,1,1,0,2,4,1,1,0,6,6,1,1,2,0,0,83,-14,"Richmond","2018",12
18,"Rance, Alex",10,6,7,17,0,0,0,2,7,0,0,5,3,2,0,10,6,3,0,15,0,0,100,-14,"Richmond","2018",12
8,"Riewoldt, Jack",8,5,3,11,3,0,1,4,0,2,2,3,1,0,0,5,4,1,2,2,0,1,98,-14,"Richmond","2018",12
15,"Short, Jayden",22,3,3,25,0,1,0,4,10,4,2,2,2,0,0,9,13,0,0,2,1,0,88,-14,"Richmond","2018",12
1,"Vlastuin, Nick",10,6,7,17,0,0,0,3,7,0,0,4,0,2,0,8,10,0,0,9,0,0,92,-14,"Richmond","2018",12
0,"Rushed",0,0,0,0,0,1,0,0,0,0,0,0,0,0,0,0,0,0,0,0,0,0,0,-14,"Richmond","2018",12
