"Number","Player","Kicks","Marks","Handballs","Disposals","Goals","Behinds","Hitouts","Tackles","Rebounds50s","Inside50s","Clearances","Clangers","FreesFor","FreesAgainst","BrownlowVotes","ContestedPossessions","UncontestedPossessions","ContestedMarks","MarksInside50","OnePercenters","Bounces","GoalAssists","PercentagePlayed","PointDifference","Team","Season","Round"
9,"Ainsworth, Ben",10,3,3,13,0,0,0,2,0,3,0,7,0,0,0,5,7,0,0,2,0,1,82,-28,"Gold Coast","2018",3
12,"Day, Sam",7,5,3,10,3,0,2,4,1,0,2,0,1,0,0,6,4,2,3,2,0,0,85,-28,"Gold Coast","2018",3
8,"Fiorini, Brayden",13,4,6,19,0,1,0,3,1,3,1,6,0,1,0,4,14,0,0,1,0,0,81,-28,"Gold Coast","2018",3
33,"Hall, Aaron",3,0,2,5,0,0,0,1,0,1,0,1,0,1,0,3,2,0,0,1,0,0,78,-28,"Gold Coast","2018",3
1,"Hanley, Pearce",5,2,2,7,0,0,0,1,2,1,0,2,1,2,0,3,3,0,0,0,0,0,35,-28,"Gold Coast","2018",3
5,"Harbrow, Jarrod",8,5,6,14,0,0,0,0,2,0,0,5,0,2,0,5,10,0,0,3,1,0,87,-28,"Gold Coast","2018",3
39,"Holman, Nick",6,5,8,14,0,0,0,6,0,2,1,2,0,2,0,7,7,1,0,2,0,1,87,-28,"Gold Coast","2018",3
38,"Joyce, Jesse",10,7,4,14,0,0,0,3,6,1,0,0,1,0,0,6,8,0,0,1,0,0,88,-28,"Gold Coast","2018",3
10,"Kolodjashnij, Kade",16,7,6,22,0,0,0,2,4,3,0,3,0,1,0,4,17,0,0,2,0,0,77,-28,"Gold Coast","2018",3
19,"Lynch, Tom",9,4,2,11,1,1,0,1,0,3,0,4,2,1,0,8,5,2,2,3,0,2,96,-28,"Gold Coast","2018",3
25,"Lyons, Jarryd",18,6,12,30,2,0,0,10,3,5,7,6,3,0,0,15,15,0,2,4,0,0,78,-28,"Gold Coast","2018",3
44,"Macpherson, Darcy",10,3,2,12,0,0,0,4,1,3,1,1,2,0,0,5,7,0,0,0,0,0,84,-28,"Gold Coast","2018",3
4,"Martin, Jack",13,6,8,21,1,2,0,1,1,2,3,7,2,1,1,15,7,3,2,2,0,0,87,-28,"Gold Coast","2018",3
17,"May, Steven",10,6,5,15,0,0,0,3,7,0,0,4,1,1,0,6,8,0,0,0,0,0,92,-28,"Gold Coast","2018",3
11,"Miller, Touk",9,3,10,19,0,0,0,6,0,4,5,3,3,1,0,15,4,0,0,1,0,1,77,-28,"Gold Coast","2018",3
35,"Rischitelli, Michael",8,4,1,9,0,0,0,1,1,2,1,2,1,1,0,0,10,0,0,2,0,0,84,-28,"Gold Coast","2018",3
6,"Sexton, Alex",9,3,3,12,3,0,0,0,0,2,0,0,0,0,0,1,11,0,1,1,0,0,82,-28,"Gold Coast","2018",3
24,"Swallow, David",14,4,7,21,0,0,0,6,3,3,2,6,1,3,0,8,13,0,0,0,1,1,79,-28,"Gold Coast","2018",3
16,"Thompson, Rory",11,6,2,13,0,0,0,1,3,1,0,1,1,1,0,4,8,0,0,4,0,0,90,-28,"Gold Coast","2018",3
14,"Weller, Lachie",14,7,5,19,0,2,0,1,4,4,4,3,0,0,0,4,14,0,0,1,0,0,82,-28,"Gold Coast","2018",3
28,"Witts, Jarrod",8,3,3,11,0,0,27,0,0,0,1,4,1,1,0,3,6,0,1,2,0,0,82,-28,"Gold Coast","2018",3
15,"Young, Aaron",9,2,4,13,0,2,0,3,0,3,1,5,2,2,0,8,5,0,0,0,0,0,85,-28,"Gold Coast","2018",3
0,"Totals",220,95,104,324,10,8,29,59,39,46,29,72,22,21,1,135,185,8,11,34,2,6,0,-28,"Gold Coast","2018",3
1,"Ballantyne, Hayden",10,4,8,18,2,0,0,1,1,3,1,4,1,0,0,7,11,0,1,2,0,0,81,28,"Fremantle","2018",3
41,"Banfield, Bailey",6,2,5,11,0,0,0,4,1,1,1,0,2,0,0,6,6,0,0,1,0,0,80,28,"Fremantle","2018",3
19,"Blakely, Connor",13,9,8,21,0,0,0,1,2,1,0,1,0,0,0,3,17,1,0,1,0,0,83,28,"Fremantle","2018",3
8,"Brayshaw, Andrew",4,2,3,7,0,2,0,4,0,1,0,1,1,0,0,3,4,0,0,2,0,0,61,28,"Fremantle","2018",3
5,"Cerra, Adam",9,5,1,10,0,0,0,1,1,4,0,0,0,0,0,1,9,1,0,0,0,0,75,28,"Fremantle","2018",3
12,"Crowden, Mitch",7,6,6,13,1,1,0,3,1,4,1,2,1,2,0,5,8,0,0,0,0,2,81,28,"Fremantle","2018",3
7,"Fyfe, Nat",20,5,18,38,1,2,0,8,2,7,14,7,2,3,3,24,14,0,1,3,0,1,88,28,"Fremantle","2018",3
21,"Hamling, Joel",7,1,4,11,0,0,0,2,2,2,0,2,1,1,0,5,5,0,0,2,0,0,83,28,"Fremantle","2018",3
32,"Hill, Stephen",10,3,8,18,0,0,0,3,3,2,2,1,0,1,0,5,13,0,0,2,0,1,84,28,"Fremantle","2018",3
37,"Johnson, Michael",9,5,2,11,0,0,0,0,2,1,0,1,0,0,0,2,10,0,0,3,1,0,83,28,"Fremantle","2018",3
26,"Langdon, Ed",21,5,6,27,0,1,0,5,0,9,3,3,0,0,0,8,19,0,1,0,0,1,78,28,"Fremantle","2018",3
3,"Matera, Brandon",9,7,6,15,1,1,0,1,1,2,1,2,0,1,0,6,10,1,2,2,1,0,76,28,"Fremantle","2018",3
23,"McCarthy, Cam",11,7,6,17,3,1,0,0,0,4,0,3,3,1,0,5,13,0,3,1,0,1,88,28,"Fremantle","2018",3
16,"Mundy, David",11,9,12,23,1,1,0,3,0,2,1,0,0,0,0,9,14,1,1,1,0,0,81,28,"Fremantle","2018",3
27,"Neale, Lachie",13,5,16,29,0,2,0,1,1,3,7,3,1,0,0,13,12,1,2,0,0,1,78,28,"Fremantle","2018",3
25,"Pearce, Alex",5,3,5,10,0,0,0,4,2,1,0,2,1,0,0,6,4,0,0,7,0,0,96,28,"Fremantle","2018",3
38,"Ryan, Luke",14,5,7,21,0,0,0,1,7,1,0,2,2,2,0,8,14,1,0,5,0,1,87,28,"Fremantle","2018",3
31,"Sandilands, Aaron",5,4,9,14,1,1,33,0,0,0,3,9,0,5,0,9,4,2,1,6,0,0,83,28,"Fremantle","2018",3
11,"Sheridan, Tom",8,4,6,14,1,0,0,2,2,0,0,1,0,1,0,5,11,0,0,0,0,0,69,28,"Fremantle","2018",3
20,"Taberner, Matthew",12,7,6,18,0,3,4,1,0,1,0,1,2,1,0,8,10,2,1,2,0,0,94,28,"Fremantle","2018",3
10,"Walters, Michael",16,4,7,23,2,1,1,6,1,6,1,6,3,3,2,7,15,0,3,1,2,3,86,28,"Fremantle","2018",3
14,"Wilson, Nathan",12,3,6,18,0,0,0,2,5,4,2,4,1,1,0,9,8,0,0,3,0,0,84,28,"Fremantle","2018",3
0,"Rushed",0,0,0,0,0,2,0,0,0,0,0,0,0,0,0,0,0,0,0,0,0,0,0,28,"Fremantle","2018",3
