"Number","Player","Kicks","Marks","Handballs","Disposals","Goals","Behinds","Hitouts","Tackles","Rebounds50s","Inside50s","Clearances","Clangers","FreesFor","FreesAgainst","BrownlowVotes","ContestedPossessions","UncontestedPossessions","ContestedMarks","MarksInside50","OnePercenters","Bounces","GoalAssists","PercentagePlayed","PointDifference","Team","Season","Round"
4,"Ablett, Gary",17,7,18,35,1,1,0,6,2,3,5,5,2,1,1,15,20,1,1,0,1,0,93,-1,"Geelong","2018",2
24,"Bews, Jed",5,5,3,8,0,1,0,2,0,0,0,1,0,1,0,0,8,0,1,3,0,0,86,-1,"Geelong","2018",2
46,"Blicavs, Mark",9,5,9,18,0,0,7,4,1,1,3,1,2,1,0,3,12,0,0,2,0,0,88,-1,"Geelong","2018",2
5,"Cockatoo, Nakia",3,1,7,10,0,0,0,1,0,1,2,2,1,0,0,6,4,0,0,3,0,1,73,-1,"Geelong","2018",2
35,"Dangerfield, Patrick",16,4,15,31,2,1,0,3,1,4,6,0,3,0,0,15,18,2,1,0,1,2,89,-1,"Geelong","2018",2
13,"Fogarty, Lachie",5,1,3,8,1,0,0,3,0,2,1,0,0,0,0,1,7,0,1,3,0,0,62,-1,"Geelong","2018",2
28,"Gregson, Cory",9,5,2,11,1,0,0,2,0,2,1,4,0,1,0,2,9,0,0,1,0,0,78,-1,"Geelong","2018",2
29,"Guthrie, Cameron",11,3,14,25,0,0,0,1,3,0,0,3,2,2,0,8,15,0,0,2,2,0,88,-1,"Geelong","2018",2
39,"Guthrie, Zach",9,5,3,12,0,0,0,1,2,1,1,2,1,2,0,2,11,0,0,2,0,0,92,-1,"Geelong","2018",2
26,"Hawkins, Tom",9,7,2,11,1,1,0,3,0,3,1,1,1,1,0,6,7,2,3,3,0,2,93,-1,"Geelong","2018",2
38,"Henry, Jack",3,2,2,5,0,0,0,2,2,0,0,0,1,0,0,2,3,0,0,1,0,0,35,-1,"Geelong","2018",2
11,"Kelly, Tim",20,6,7,27,1,0,0,4,2,7,4,6,4,1,0,13,17,0,0,3,0,0,86,-1,"Geelong","2018",2
8,"Kolodjashnij, Jake",8,5,7,15,0,0,0,0,2,0,0,0,0,0,0,3,12,0,0,5,0,0,85,-1,"Geelong","2018",2
27,"Menegola, Sam",7,4,7,14,1,0,0,0,0,3,1,3,0,1,0,6,8,1,0,1,0,1,66,-1,"Geelong","2018",2
10,"Menzel, Daniel",11,7,6,17,4,1,0,2,0,4,0,1,2,0,0,6,11,1,2,0,0,3,86,-1,"Geelong","2018",2
42,"OConnor, Mark",8,7,4,12,0,0,0,2,3,1,0,2,1,2,0,2,10,1,0,1,0,0,84,-1,"Geelong","2018",2
3,"Parfitt, Brandan",6,1,9,15,1,0,0,5,1,3,2,2,1,1,0,6,9,0,0,0,0,2,78,-1,"Geelong","2018",2
34,"Parsons, James",6,3,1,7,2,0,0,1,1,1,0,0,0,0,0,1,6,0,2,1,0,0,84,-1,"Geelong","2018",2
14,"Selwood, Joel",9,5,20,29,1,0,0,5,1,3,10,4,5,1,0,17,16,1,1,6,0,0,88,-1,"Geelong","2018",2
1,"Stanley, Rhys",4,2,7,11,2,0,28,2,0,0,2,4,0,3,0,7,5,1,1,1,0,0,83,-1,"Geelong","2018",2
44,"Stewart, Tom",18,7,6,24,0,0,0,2,10,0,0,0,1,0,0,5,16,1,0,2,1,0,87,-1,"Geelong","2018",2
2,"Tuohy, Zach",20,10,7,27,0,0,0,0,7,4,2,3,0,1,0,5,20,0,0,4,0,1,96,-1,"Geelong","2018",2
0,"Rushed",0,0,0,0,0,4,0,0,0,0,0,0,0,0,0,0,0,0,0,0,0,0,0,-1,"Geelong","2018",2
30,"Brand, Kaiden",3,2,5,8,0,0,0,1,2,0,1,2,0,1,0,6,4,0,0,4,0,0,95,1,"Hawthorn","2018",2
22,"Breust, Luke",7,1,6,13,0,2,0,6,0,4,0,4,1,3,0,7,8,0,1,2,0,2,84,1,"Hawthorn","2018",2
9,"Burgoyne, Shaun",1,1,3,4,0,1,0,1,0,0,1,0,0,0,0,1,3,0,1,0,0,0,18,1,"Hawthorn","2018",2
5,"Burton, Ryan",9,4,8,17,0,0,0,1,2,2,1,6,1,4,0,6,11,1,0,2,0,1,83,1,"Hawthorn","2018",2
8,"Duryea, Taylor",11,7,8,19,0,0,0,0,2,4,1,2,0,1,0,5,14,0,0,1,0,1,81,1,"Hawthorn","2018",2
19,"Gunston, Jack",10,8,3,13,2,2,0,3,0,1,0,1,0,0,0,5,8,1,4,2,0,0,89,1,"Hawthorn","2018",2
15,"Hardwick, Blake",13,9,2,15,0,0,0,3,3,1,0,1,0,0,0,3,12,0,0,2,0,0,81,1,"Hawthorn","2018",2
31,"Henderson, Ricky",12,5,7,19,2,2,0,4,1,2,3,3,1,2,0,7,13,0,1,2,1,1,75,1,"Hawthorn","2018",2
17,"Howe, Daniel",11,5,5,16,1,0,0,6,2,2,4,2,2,1,0,6,10,1,1,0,0,1,93,1,"Hawthorn","2018",2
4,"Impey, Jarman",11,2,5,16,2,1,0,3,2,5,3,1,1,0,0,5,10,0,2,0,2,1,77,1,"Hawthorn","2018",2
7,"McEvoy, Ben",6,5,10,16,1,0,43,3,1,0,4,1,2,0,2,10,5,3,1,6,0,0,90,1,"Hawthorn","2018",2
3,"Mitchell, Tom",21,4,19,40,2,0,0,4,0,9,13,6,2,2,3,23,17,0,0,1,0,1,92,1,"Hawthorn","2018",2
23,"OBrien, Tim",8,4,1,9,0,1,0,0,1,0,0,0,0,0,0,2,8,0,0,1,0,1,78,1,"Hawthorn","2018",2
10,"OMeara, Jaeger",9,3,12,21,1,0,0,3,1,4,6,5,1,4,0,8,11,0,0,0,0,0,73,1,"Hawthorn","2018",2
28,"Puopolo, Paul",5,1,4,9,1,0,0,1,0,2,0,2,2,1,0,4,5,0,0,2,0,0,84,1,"Hawthorn","2018",2
33,"Rioli, Cyril",2,2,5,7,0,0,0,3,0,2,1,1,0,1,0,5,4,0,0,4,0,1,80,1,"Hawthorn","2018",2
2,"Roughead, Jarryd",11,5,3,14,2,3,7,1,0,3,3,4,2,3,0,10,6,4,4,5,0,2,88,1,"Hawthorn","2018",2
25,"Schoenmakers, Ryan",4,2,1,5,0,1,0,0,0,2,0,0,0,0,0,2,3,0,1,3,0,0,78,1,"Hawthorn","2018",2
26,"Shiels, Liam",11,6,4,15,1,0,0,13,0,5,4,1,0,1,0,4,7,0,0,3,0,0,80,1,"Hawthorn","2018",2
6,"Sicily, James",14,3,5,19,0,0,0,2,3,5,0,4,3,1,0,3,14,0,0,4,0,1,93,1,"Hawthorn","2018",2
16,"Smith, Isaac",16,5,4,20,2,1,0,3,1,8,1,2,1,1,0,7,14,1,1,4,3,0,88,1,"Hawthorn","2018",2
24,"Stratton, Ben",6,4,2,8,0,0,0,1,1,1,1,2,0,1,0,2,6,1,0,6,0,0,100,1,"Hawthorn","2018",2
0,"Rushed",0,0,0,0,0,2,0,0,0,0,0,0,0,0,0,0,0,0,0,0,0,0,0,1,"Hawthorn","2018",2
