"Number","Player","Kicks","Marks","Handballs","Disposals","Goals","Behinds","Hitouts","Tackles","Rebounds50s","Inside50s","Clearances","Clangers","FreesFor","FreesAgainst","BrownlowVotes","ContestedPossessions","UncontestedPossessions","ContestedMarks","MarksInside50","OnePercenters","Bounces","GoalAssists","PercentagePlayed","PointDifference","Team","Season","Round"
13,"Adams, Taylor",20,5,8,28,1,0,0,10,3,3,5,7,4,2,0,11,17,0,0,0,0,1,77,66,"Collingwood","2018",18
46,"Cox, Mason",8,6,2,10,1,0,5,1,0,2,0,3,2,0,0,3,7,1,1,2,0,0,80,66,"Collingwood","2018",18
25,"Crisp, Jack",6,4,5,11,0,0,0,1,1,3,2,0,0,0,0,6,7,0,0,4,0,1,86,66,"Collingwood","2018",18
26,"Daicos, Josh",14,5,9,23,0,0,0,7,1,4,1,2,1,0,0,5,20,0,0,3,2,0,81,66,"Collingwood","2018",18
2,"de Goey, Jordan",13,6,6,19,4,1,0,6,1,2,2,0,1,0,2,7,11,1,5,2,0,1,70,66,"Collingwood","2018",18
19,"Greenwood, Levi",6,0,4,10,1,0,0,0,3,0,0,4,2,1,0,2,9,0,0,9,0,0,70,66,"Collingwood","2018",18
4,"Grundy, Brodie",9,6,8,17,1,1,27,5,1,3,0,7,1,4,1,4,13,2,1,2,3,2,87,66,"Collingwood","2018",18
32,"Hoskin-Elliott, Will",10,7,4,14,3,1,0,1,0,2,0,0,1,0,0,8,6,3,3,2,0,0,84,66,"Collingwood","2018",18
38,"Howe, Jeremy",8,6,7,15,0,0,0,2,3,1,0,0,0,0,0,6,9,1,0,11,0,0,100,66,"Collingwood","2018",18
8,"Langdon, Tom",4,4,12,16,0,0,0,3,3,0,1,2,1,1,0,6,10,0,0,0,0,0,91,66,"Collingwood","2018",18
37,"Maynard, Brayden",13,4,8,21,0,0,0,7,3,4,0,5,0,0,0,3,17,0,0,3,0,1,79,66,"Collingwood","2018",18
16,"Mayne, Chris",9,5,6,15,0,0,0,2,0,2,1,1,1,0,0,2,13,0,0,0,0,0,82,66,"Collingwood","2018",18
41,"Mihocek, Brody",8,7,4,12,4,1,0,2,0,1,1,1,0,0,0,4,8,3,4,1,0,0,86,66,"Collingwood","2018",18
9,"Murray, Sam",16,7,8,24,0,0,0,0,3,5,2,4,0,2,0,3,20,0,0,3,0,1,85,66,"Collingwood","2018",18
10,"Pendlebury, Scott",14,4,16,30,0,1,0,6,4,5,4,1,1,0,3,11,19,0,0,1,2,0,81,66,"Collingwood","2018",18
21,"Phillips, Tom",11,5,11,22,1,0,0,3,4,2,1,2,0,2,0,6,17,1,1,0,1,1,86,66,"Collingwood","2018",18
12,"Scharenberg, Matt",10,6,6,16,0,0,0,2,0,2,0,2,3,2,0,7,10,1,0,1,0,1,88,66,"Collingwood","2018",18
22,"Sidebottom, Steele",12,6,12,24,0,1,0,5,0,4,3,3,1,2,0,7,17,0,0,1,0,4,85,66,"Collingwood","2018",18
36,"Sier, Brayden",4,1,9,13,0,0,0,9,0,4,5,0,0,0,0,7,7,0,0,3,0,1,72,66,"Collingwood","2018",18
35,"Stephenson, Jaidyn",8,3,3,11,3,0,0,2,1,1,1,1,2,0,0,4,7,0,1,0,1,0,77,66,"Collingwood","2018",18
24,"Thomas, Josh",10,5,14,24,1,0,0,4,0,5,1,3,2,1,0,10,14,0,0,1,0,1,82,66,"Collingwood","2018",18
18,"Varcoe, Travis",6,2,5,11,0,1,0,5,2,2,0,0,0,0,0,6,5,1,0,1,0,0,70,66,"Collingwood","2018",18
0,"Rushed",0,0,0,0,0,3,0,0,0,0,0,0,0,0,0,0,0,0,0,0,0,0,0,66,"Collingwood","2018",18
15,"Ahern, Paul",10,0,14,24,0,0,0,0,1,4,1,4,0,1,0,11,13,0,0,1,1,1,64,-66,"North Melbourne","2018",18
3,"Anderson, Jed",9,2,13,22,0,1,0,5,0,3,2,3,2,0,0,16,7,2,0,1,0,0,74,-66,"North Melbourne","2018",18
18,"Atley, Shaun",3,2,10,13,0,0,0,3,1,2,1,0,0,0,0,1,12,0,0,0,0,0,84,-66,"North Melbourne","2018",18
50,"Brown, Ben",8,5,2,10,2,1,0,0,0,5,0,2,1,0,0,4,6,2,2,3,0,0,100,-66,"North Melbourne","2018",18
13,"Clarke, Ryan",15,12,12,27,0,1,0,2,6,1,0,1,0,0,0,2,25,0,1,1,0,0,86,-66,"North Melbourne","2018",18
10,"Cunnington, Ben",10,4,20,30,0,1,0,7,3,2,5,2,1,1,0,15,15,0,0,0,0,0,80,-66,"North Melbourne","2018",18
9,"Davies-Uniacke, Luke",4,2,4,8,0,0,0,3,1,2,0,3,0,2,0,1,8,1,1,2,0,1,75,-66,"North Melbourne","2018",18
1,"Daw, Majak",8,6,2,10,3,2,4,4,0,2,3,4,2,2,0,7,4,2,5,3,0,0,90,-66,"North Melbourne","2018",18
14,"Dumont, Trent",9,3,11,20,0,0,0,3,1,3,3,3,1,1,0,11,11,1,1,2,0,0,84,-66,"North Melbourne","2018",18
22,"Goldstein, Todd",4,3,12,16,1,1,26,2,0,1,8,4,3,3,0,10,5,1,1,4,0,0,83,-66,"North Melbourne","2018",18
4,"Higgins, Shaun",14,2,19,33,0,0,0,1,2,3,7,5,1,1,0,13,18,1,0,0,0,0,85,-66,"North Melbourne","2018",18
8,"Hrovat, Nathan",8,2,10,18,1,0,0,2,0,1,1,2,0,1,0,5,13,0,0,0,0,0,67,-66,"North Melbourne","2018",18
34,"Macmillan, Jamie",13,8,8,21,0,0,0,0,5,1,0,3,0,0,0,5,15,0,0,4,0,0,90,-66,"North Melbourne","2018",18
11,"McDonald, Luke",7,3,6,13,0,1,0,3,1,4,0,3,1,3,0,1,11,0,0,1,0,2,86,-66,"North Melbourne","2018",18
21,"Morgan, Alex",2,2,4,6,0,0,0,0,0,0,0,1,0,0,0,1,5,0,0,0,0,0,51,-66,"North Melbourne","2018",18
12,"Simpkin, Jy",2,0,7,9,0,0,0,2,0,0,1,3,1,2,0,4,6,0,0,0,0,0,77,-66,"North Melbourne","2018",18
25,"Tarrant, Robbie",11,4,10,21,0,0,0,0,4,2,0,1,0,1,0,8,12,0,0,5,0,0,100,-66,"North Melbourne","2018",18
16,"Thompson, Scott",4,2,7,11,0,0,0,1,3,1,0,2,0,1,0,4,6,0,0,4,1,0,81,-66,"North Melbourne","2018",18
28,"Turner, Kayne",2,1,7,9,0,0,0,3,0,2,0,3,0,0,0,5,4,0,0,0,0,0,81,-66,"North Melbourne","2018",18
2,"Williams, Marley",4,2,7,11,0,0,0,3,2,1,0,4,0,2,0,5,8,0,0,4,0,1,85,-66,"North Melbourne","2018",18
19,"Wright, Sam",8,3,7,15,0,0,0,1,3,1,1,3,1,0,0,7,9,0,0,1,1,0,87,-66,"North Melbourne","2018",18
7,"Ziebell, Jack",9,3,1,10,2,0,0,2,0,3,1,3,3,2,0,7,4,1,1,4,0,1,88,-66,"North Melbourne","2018",18
0,"Rushed",0,0,0,0,0,2,0,0,0,0,0,0,0,0,0,0,0,0,0,0,0,0,0,-66,"North Melbourne","2018",18
