"Number","Player","Kicks","Marks","Handballs","Disposals","Goals","Behinds","Hitouts","Tackles","Rebounds50s","Inside50s","Clearances","Clangers","FreesFor","FreesAgainst","BrownlowVotes","ContestedPossessions","UncontestedPossessions","ContestedMarks","MarksInside50","OnePercenters","Bounces","GoalAssists","PercentagePlayed","PointDifference","Team","Season","Round"
9,"Ainsworth, Ben",5,1,6,11,2,0,0,4,2,1,2,3,1,1,0,10,4,0,1,3,0,0,63,16,"Gold Coast","2018",1
29,"Bowes, Jack",17,2,4,21,1,0,0,1,2,4,2,3,2,0,0,9,8,0,0,3,0,0,78,16,"Gold Coast","2018",1
12,"Day, Sam",6,2,4,10,0,0,8,3,1,3,2,2,1,0,0,6,5,0,0,5,0,0,78,16,"Gold Coast","2018",1
8,"Fiorini, Brayden",17,3,4,21,0,0,0,6,3,6,4,0,0,0,0,7,12,0,1,0,0,0,71,16,"Gold Coast","2018",1
5,"Harbrow, Jarrod",23,3,0,23,0,0,0,5,6,3,3,4,0,0,3,7,13,0,0,0,0,0,80,16,"Gold Coast","2018",1
39,"Holman, Nick",7,2,5,12,0,1,0,14,0,3,1,4,2,2,0,9,3,1,1,3,0,0,81,16,"Gold Coast","2018",1
38,"Joyce, Jesse",5,1,3,8,0,0,0,3,0,0,0,2,0,1,0,5,3,0,0,8,0,0,90,16,"Gold Coast","2018",1
10,"Kolodjashnij, Kade",14,6,3,17,0,0,0,1,4,2,1,5,0,0,0,5,9,0,1,5,0,0,84,16,"Gold Coast","2018",1
19,"Lynch, Tom",12,4,4,16,0,1,0,7,0,3,0,9,3,6,0,10,5,2,1,6,0,0,96,16,"Gold Coast","2018",1
25,"Lyons, Jarryd",18,2,4,22,1,0,0,2,0,4,7,5,1,0,0,13,4,0,1,0,0,0,55,16,"Gold Coast","2018",1
44,"Macpherson, Darcy",15,3,3,18,1,1,0,9,1,2,2,4,0,1,0,7,9,0,0,3,0,0,84,16,"Gold Coast","2018",1
4,"Martin, Jack",14,4,7,21,0,0,0,8,0,3,4,7,1,2,0,6,14,0,0,0,0,2,81,16,"Gold Coast","2018",1
17,"May, Steven",14,6,1,15,0,0,0,2,3,1,0,3,1,1,0,8,4,2,0,3,0,0,88,16,"Gold Coast","2018",1
11,"Miller, Touk",12,1,9,21,0,1,0,6,4,3,11,4,3,3,2,17,7,0,1,9,0,0,62,16,"Gold Coast","2018",1
35,"Rischitelli, Michael",14,5,3,17,0,0,0,3,5,3,0,7,0,4,0,6,11,1,1,3,0,0,90,16,"Gold Coast","2018",1
3,"Rosa, Matt",15,2,11,26,0,0,0,2,1,2,4,2,3,0,0,19,5,0,0,1,0,0,83,16,"Gold Coast","2018",1
6,"Sexton, Alex",14,1,4,18,1,3,0,2,0,6,1,5,0,0,0,8,8,0,1,1,0,0,84,16,"Gold Coast","2018",1
24,"Swallow, David",22,4,10,32,0,0,0,3,0,7,1,5,1,0,0,14,17,0,0,1,0,1,80,16,"Gold Coast","2018",1
16,"Thompson, Rory",3,0,1,4,0,0,0,2,3,1,0,0,0,0,0,4,1,0,0,15,0,0,88,16,"Gold Coast","2018",1
14,"Weller, Lachie",11,0,8,19,0,1,0,3,3,0,1,6,0,0,0,10,6,0,0,1,0,0,55,16,"Gold Coast","2018",1
28,"Witts, Jarrod",21,4,4,25,0,1,34,5,2,5,7,4,2,0,0,15,8,1,0,5,0,0,65,16,"Gold Coast","2018",1
15,"Young, Aaron",16,3,11,27,1,1,0,9,0,5,1,5,1,3,0,13,12,0,1,2,0,1,80,16,"Gold Coast","2018",1
0,"Rushed",0,0,0,0,0,3,0,0,0,0,0,0,0,0,0,0,0,0,0,0,0,0,0,16,"Gold Coast","2018",1
3,"Anderson, Jed",11,0,1,12,1,0,0,7,1,2,2,6,1,3,0,7,4,0,0,3,0,0,69,-16,"North Melbourne","2018",1
18,"Atley, Shaun",9,2,11,20,0,1,0,1,2,4,1,2,0,1,0,7,12,0,0,1,0,0,88,-16,"North Melbourne","2018",1
50,"Brown, Ben",3,0,1,4,0,0,9,2,1,0,1,1,1,0,0,1,3,0,0,4,0,0,65,-16,"North Melbourne","2018",1
13,"Clarke, Ryan",18,0,8,26,0,0,0,4,10,3,1,5,0,1,0,7,12,0,0,1,1,0,81,-16,"North Melbourne","2018",1
10,"Cunnington, Ben",12,1,9,21,0,0,0,7,3,3,6,3,0,0,0,13,6,1,0,3,0,2,74,-16,"North Melbourne","2018",1
9,"Davies-Uniacke, Luke",3,0,5,8,0,0,0,2,0,2,0,2,0,0,0,4,4,0,0,1,0,0,67,-16,"North Melbourne","2018",1
14,"Dumont, Trent",11,0,7,18,1,0,0,9,2,3,3,4,2,1,0,10,6,0,0,0,0,0,79,-16,"North Melbourne","2018",1
22,"Goldstein, Todd",8,3,6,14,0,1,35,2,2,5,1,2,2,0,0,8,6,1,1,6,0,0,76,-16,"North Melbourne","2018",1
39,"Hartung, Billy",11,1,11,22,0,1,0,5,0,3,0,7,0,2,0,8,13,0,0,2,1,0,89,-16,"North Melbourne","2018",1
4,"Higgins, Shaun",14,2,7,21,1,2,0,4,1,4,4,4,4,1,0,13,6,0,0,2,0,0,85,-16,"North Melbourne","2018",1
8,"Hrovat, Nathan",5,0,3,8,0,0,0,2,0,3,1,3,0,1,0,2,4,0,0,0,0,0,73,-16,"North Melbourne","2018",1
5,"Jacobs, Ben",5,0,1,6,0,0,0,7,0,0,1,5,1,3,0,4,3,0,0,3,0,0,80,-16,"North Melbourne","2018",1
34,"Macmillan, Jamie",20,2,7,27,0,0,0,2,7,1,1,5,3,1,0,13,8,0,0,6,1,0,87,-16,"North Melbourne","2018",1
11,"McDonald, Luke",9,1,4,13,0,0,0,4,2,2,4,4,2,2,0,11,5,0,0,7,0,0,89,-16,"North Melbourne","2018",1
12,"Simpkin, Jy",13,0,9,22,0,0,0,2,2,2,3,5,1,2,0,16,6,0,0,3,0,0,78,-16,"North Melbourne","2018",1
25,"Tarrant, Robbie",6,0,3,9,0,0,0,7,6,1,1,4,1,1,0,6,5,0,0,10,0,0,87,-16,"North Melbourne","2018",1
16,"Thompson, Scott",8,2,12,20,0,0,0,3,4,1,0,5,3,2,0,16,5,1,0,15,0,0,100,-16,"North Melbourne","2018",1
28,"Turner, Kayne",5,0,7,12,0,2,0,3,0,2,0,0,1,0,0,7,4,0,0,1,0,0,81,-16,"North Melbourne","2018",1
33,"Vickers-Willis, Ed",11,2,5,16,0,0,0,5,3,1,1,4,0,0,0,11,5,1,0,14,0,0,87,-16,"North Melbourne","2018",1
30,"Waite, Jarrad",10,1,5,15,0,1,2,2,1,0,3,2,1,0,0,9,6,0,0,2,0,0,93,-16,"North Melbourne","2018",1
2,"Williams, Marley",10,2,2,12,0,0,0,5,3,3,0,2,0,0,0,3,8,2,0,1,0,0,77,-16,"North Melbourne","2018",1
7,"Ziebell, Jack",15,2,6,21,2,0,0,3,4,2,3,6,1,1,1,12,9,2,1,3,0,0,95,-16,"North Melbourne","2018",1
0,"Rushed",0,0,0,0,0,1,0,0,0,0,0,0,0,0,0,0,0,0,0,0,0,0,0,-16,"North Melbourne","2018",1
