"Number","Player","Kicks","Marks","Handballs","Disposals","Goals","Behinds","Hitouts","Tackles","Rebounds50s","Inside50s","Clearances","Clangers","FreesFor","FreesAgainst","BrownlowVotes","ContestedPossessions","UncontestedPossessions","ContestedMarks","MarksInside50","OnePercenters","Bounces","GoalAssists","PercentagePlayed","PointDifference","Team","Season","Round"
14,"Aish, James",4,1,9,13,0,0,0,1,0,3,2,5,0,1,0,5,8,0,0,0,0,0,43,-43,"Collingwood","2018",6
31,"Appleby, Flynn",4,1,4,8,0,0,0,3,3,0,1,1,2,0,0,5,3,0,0,9,0,0,80,-43,"Collingwood","2018",6
11,"Blair, Jarryd",8,4,12,20,0,0,0,4,2,2,1,2,2,1,0,5,15,0,0,1,0,0,74,-43,"Collingwood","2018",6
17,"Brown, Callum",8,4,10,18,0,0,0,6,0,4,0,3,1,0,0,6,13,1,1,0,0,2,85,-43,"Collingwood","2018",6
46,"Cox, Mason",6,6,4,10,2,1,11,1,1,0,0,1,1,0,0,7,3,4,4,5,0,0,73,-43,"Collingwood","2018",6
25,"Crisp, Jack",10,3,12,22,0,0,0,4,3,1,2,1,1,0,0,8,15,0,0,3,0,1,89,-43,"Collingwood","2018",6
2,"de Goey, Jordan",5,1,4,9,1,0,0,3,0,0,1,0,1,0,0,5,4,0,0,0,0,0,84,-43,"Collingwood","2018",6
15,"Dunn, Lynden",7,0,9,16,0,0,0,0,5,1,1,4,1,3,0,9,5,0,0,7,1,0,94,-43,"Collingwood","2018",6
4,"Grundy, Brodie",4,5,20,24,0,0,33,4,0,2,4,3,2,1,0,8,15,0,0,5,0,0,89,-43,"Collingwood","2018",6
32,"Hoskin-Elliott, Will",10,9,7,17,2,0,0,1,0,0,1,0,0,0,0,2,15,0,3,2,0,0,89,-43,"Collingwood","2018",6
38,"Howe, Jeremy",18,12,12,30,0,0,0,4,8,2,0,4,1,0,0,8,20,1,0,5,2,0,90,-43,"Collingwood","2018",6
37,"Maynard, Brayden",10,2,6,16,0,0,0,4,5,0,0,4,0,2,0,7,9,0,0,2,0,0,67,-43,"Collingwood","2018",6
16,"Mayne, Chris",7,5,4,11,0,1,0,2,0,2,0,1,2,0,0,4,8,0,0,1,0,0,84,-43,"Collingwood","2018",6
9,"Murray, Sam",11,8,8,19,0,0,0,2,5,3,0,5,0,1,0,6,14,0,0,1,0,0,87,-43,"Collingwood","2018",6
10,"Pendlebury, Scott",12,5,17,29,1,0,0,8,2,7,3,6,2,0,0,9,22,0,0,3,0,2,80,-43,"Collingwood","2018",6
21,"Phillips, Tom",16,9,22,38,0,0,0,3,1,3,1,6,0,1,0,11,28,1,0,1,0,2,89,-43,"Collingwood","2018",6
20,"Reid, Ben",10,6,1,11,2,1,0,1,0,3,0,5,3,2,0,5,7,1,2,0,1,1,81,-43,"Collingwood","2018",6
12,"Scharenberg, Matt",13,7,12,25,0,0,0,2,7,3,0,2,2,1,0,4,19,0,0,4,0,0,92,-43,"Collingwood","2018",6
22,"Sidebottom, Steele",13,5,12,25,0,1,0,2,2,2,3,5,0,2,0,7,19,0,1,2,0,0,88,-43,"Collingwood","2018",6
35,"Stephenson, Jaidyn",7,2,6,13,1,0,0,6,1,2,0,3,3,0,0,2,14,0,1,1,1,0,78,-43,"Collingwood","2018",6
24,"Thomas, Josh",9,4,7,16,0,0,0,3,0,4,2,2,1,1,0,7,9,1,0,0,0,0,80,-43,"Collingwood","2018",6
7,"Treloar, Adam",17,6,25,42,1,0,0,5,2,7,2,0,2,0,1,10,32,0,0,1,1,0,82,-43,"Collingwood","2018",6
0,"Rushed",0,0,0,0,0,6,0,0,0,0,0,0,0,0,0,0,0,0,0,0,0,0,0,-43,"Collingwood","2018",6
12,"Astbury, David",5,4,4,9,0,0,0,0,3,0,0,3,0,2,0,3,6,0,0,2,0,0,100,43,"Richmond","2018",6
35,"Broad, Nathan",5,3,10,15,0,0,0,2,1,1,0,3,1,1,0,8,7,1,0,4,0,0,84,43,"Richmond","2018",6
7,"Butler, Dan",10,2,5,15,3,1,0,3,0,3,0,2,1,0,0,4,12,0,2,0,1,1,85,43,"Richmond","2018",6
22,"Caddy, Josh",11,2,10,21,4,2,0,5,0,4,3,7,0,1,0,10,12,1,1,1,0,0,95,43,"Richmond","2018",6
11,"Castagna, Jason",6,3,4,10,2,1,0,1,0,3,0,2,0,0,0,3,7,1,1,1,0,1,79,43,"Richmond","2018",6
30,"Conca, Reece",3,1,8,11,0,0,0,4,0,2,1,4,0,2,0,5,6,0,0,2,0,2,69,43,"Richmond","2018",6
9,"Cotchin, Trent",12,2,17,29,0,1,0,1,2,5,4,5,2,3,0,18,11,0,0,1,0,1,75,43,"Richmond","2018",6
10,"Edwards, Shane",7,1,10,17,0,0,0,3,1,6,3,2,0,1,0,7,11,0,0,0,0,1,82,43,"Richmond","2018",6
34,"Graham, Jack",3,0,8,11,0,1,0,5,0,3,1,0,0,0,0,5,7,0,0,2,0,0,79,43,"Richmond","2018",6
6,"Grigg, Shaun",10,5,7,17,0,0,0,5,1,4,1,3,0,0,0,8,10,0,0,1,0,0,81,43,"Richmond","2018",6
2,"Grimes, Dylan",6,2,3,9,0,0,0,0,1,2,0,1,3,0,0,6,3,1,0,3,0,0,89,43,"Richmond","2018",6
28,"Higgins, Jack",6,1,7,13,2,0,0,2,0,3,1,4,1,2,0,9,4,0,0,1,1,0,62,43,"Richmond","2018",6
14,"Houli, Bachar",10,5,11,21,0,2,0,3,3,0,1,4,0,3,0,6,17,0,0,1,0,0,76,43,"Richmond","2018",6
23,"Lambert, Kane",9,6,15,24,0,1,0,1,2,6,1,5,0,2,0,5,21,0,1,3,0,0,84,43,"Richmond","2018",6
4,"Martin, Dustin",18,3,10,28,1,0,0,2,0,10,9,6,2,0,2,14,16,0,0,2,1,0,82,43,"Richmond","2018",6
33,"McIntosh, Kamdyn",3,1,3,6,0,0,0,2,0,2,0,3,0,1,0,2,5,0,0,1,0,0,68,43,"Richmond","2018",6
25,"Nankervis, Toby",19,10,10,29,0,1,17,2,2,7,4,4,1,1,3,14,12,2,1,7,0,1,83,43,"Richmond","2018",6
3,"Prestia, Dion",11,5,14,25,0,0,0,0,2,0,6,8,1,1,0,15,10,1,0,1,0,1,76,43,"Richmond","2018",6
18,"Rance, Alex",6,5,9,15,0,0,0,0,2,1,0,4,1,2,0,9,5,3,0,11,3,0,100,43,"Richmond","2018",6
8,"Riewoldt, Jack",14,7,6,20,3,3,0,3,0,3,0,6,2,3,0,10,10,3,5,1,1,1,100,43,"Richmond","2018",6
15,"Short, Jayden",17,4,3,20,1,0,0,1,8,2,1,3,1,1,0,6,12,0,0,0,3,1,68,43,"Richmond","2018",6
1,"Vlastuin, Nick",11,3,4,15,0,0,0,2,8,0,0,4,0,1,0,4,12,0,0,2,0,0,83,43,"Richmond","2018",6
0,"Rushed",0,0,0,0,0,4,0,0,0,0,0,0,0,0,0,0,0,0,0,0,0,0,0,43,"Richmond","2018",6
