"Number","Player","Kicks","Marks","Handballs","Disposals","Goals","Behinds","Hitouts","Tackles","Rebounds50s","Inside50s","Clearances","Clangers","FreesFor","FreesAgainst","BrownlowVotes","ContestedPossessions","UncontestedPossessions","ContestedMarks","MarksInside50","OnePercenters","Bounces","GoalAssists","PercentagePlayed","PointDifference","Team","Season","Round"
16,"Brown, Luke",9,3,2,11,0,0,0,1,2,1,0,0,0,0,0,2,7,1,0,2,0,0,80,10,"Adelaide","2018",15
25,"Cheney, Kyle",7,4,2,9,0,0,0,0,1,3,0,1,0,0,0,3,6,1,0,2,0,0,80,10,"Adelaide","2018",15
5,"Crouch, Matt",12,1,20,32,0,1,0,9,2,4,6,3,4,0,0,20,13,0,0,0,0,0,77,10,"Adelaide","2018",15
39,"Doedee, Tom",11,5,11,22,1,0,0,3,3,1,0,2,2,1,0,8,14,1,0,3,0,0,77,10,"Adelaide","2018",15
26,"Douglas, Richard",13,4,9,22,0,1,0,3,2,3,6,0,1,0,0,12,11,1,0,1,0,1,89,10,"Adelaide","2018",15
32,"Fogarty, Darcy",4,3,4,8,1,0,0,0,0,2,1,4,1,3,0,4,6,0,1,0,0,1,88,10,"Adelaide","2018",15
7,"Gallucci, Jordan",9,2,1,10,0,0,0,1,1,4,2,2,0,0,0,3,7,0,0,0,0,1,79,10,"Adelaide","2018",15
6,"Gibbs, Bryce",17,2,11,28,0,1,0,4,2,9,6,4,0,1,0,12,16,0,0,0,0,0,82,10,"Adelaide","2018",15
1,"Greenwood, Hugh",12,3,6,18,1,1,0,5,0,6,5,4,1,2,0,12,5,3,1,2,0,0,78,10,"Adelaide","2018",15
17,"Hampton, Curtly",7,3,7,14,1,0,0,5,1,3,0,3,0,0,0,9,5,0,1,1,0,0,79,10,"Adelaide","2018",15
15,"Hartigan, Kyle",5,6,5,10,0,0,0,1,0,0,0,1,0,0,0,3,7,2,0,3,0,0,90,10,"Adelaide","2018",15
24,"Jacobs, Sam",11,2,7,18,1,2,39,2,0,3,3,3,3,1,0,13,6,1,0,2,0,1,82,10,"Adelaide","2018",15
4,"Jenkins, Josh",8,3,3,11,2,2,1,0,0,1,0,5,0,2,0,4,7,1,2,4,0,0,91,10,"Adelaide","2018",15
8,"Kelly, Jake",5,2,4,9,0,0,0,1,0,1,0,1,0,1,0,3,8,0,0,2,0,0,77,10,"Adelaide","2018",15
29,"Laird, Rory",13,8,19,32,0,0,0,1,2,2,1,2,0,1,2,5,27,0,0,1,0,0,86,10,"Adelaide","2018",15
14,"Mackay, David",10,3,2,12,0,0,0,2,0,4,1,3,0,0,0,4,8,0,0,1,2,1,52,10,"Adelaide","2018",15
30,"Milera, Wayne",11,5,7,18,0,0,0,3,3,2,2,2,1,1,0,9,9,0,0,1,1,0,84,10,"Adelaide","2018",15
10,"Poholke, Myles",7,4,5,12,1,1,0,0,0,2,1,3,0,1,0,5,7,1,1,2,0,0,78,10,"Adelaide","2018",15
11,"Seedsman, Paul",13,3,5,18,1,1,0,3,1,4,2,2,0,0,0,4,15,0,0,0,1,1,87,10,"Adelaide","2018",15
9,"Sloane, Rory",5,0,9,14,0,0,0,8,0,3,7,0,3,0,0,13,0,0,0,1,0,1,82,10,"Adelaide","2018",15
12,"Talia, Daniel",9,3,6,15,0,0,0,0,0,4,0,6,1,4,0,4,10,2,0,14,0,0,95,10,"Adelaide","2018",15
13,"Walker, Taylor",17,10,5,22,3,4,0,1,0,4,1,5,1,2,3,11,9,4,2,2,0,0,88,10,"Adelaide","2018",15
0,"Rushed",0,0,0,0,0,2,0,0,0,0,0,0,0,0,0,0,0,0,0,0,0,0,0,10,"Adelaide","2018",15
41,"Ah Chee, Brendon",6,5,7,13,1,0,0,2,0,0,1,1,0,1,0,6,9,0,1,1,0,1,73,-10,"West Coast","2018",15
33,"Ainsworth, Brayden",7,2,5,12,0,0,0,2,1,1,2,1,0,1,0,4,8,0,0,3,0,0,66,-10,"West Coast","2018",15
28,"Cole, Tom",5,2,5,10,0,0,0,3,2,0,1,0,1,0,0,4,6,0,0,2,0,0,74,-10,"West Coast","2018",15
15,"Cripps, Jamie",9,6,9,18,2,0,0,7,0,1,3,2,1,0,0,7,11,1,3,0,2,1,88,-10,"West Coast","2018",15
14,"Duggan, Liam",11,3,2,13,0,0,0,2,2,2,0,2,2,1,0,6,7,0,0,1,0,0,78,-10,"West Coast","2018",15
3,"Gaff, Andrew",25,6,12,37,1,0,0,7,4,4,3,6,0,1,1,10,25,0,0,0,2,2,94,-10,"West Coast","2018",15
25,"Hurn, Shannon",17,6,7,24,0,0,0,4,9,0,0,1,0,0,0,5,13,1,0,2,0,0,86,-10,"West Coast","2018",15
34,"Hutchings, Mark",22,6,3,25,0,0,0,6,2,6,4,4,3,1,0,8,17,0,0,1,0,0,83,-10,"West Coast","2018",15
23,"Jetta, Lewis",6,3,7,13,0,0,0,0,0,2,0,0,0,0,0,1,12,0,0,2,0,2,84,-10,"West Coast","2018",15
29,"Lycett, Scott",5,0,4,9,2,1,13,2,0,1,1,3,3,2,0,8,2,0,0,7,0,1,81,-10,"West Coast","2018",15
7,"Masten, Chris",16,8,6,22,0,0,0,0,6,2,1,2,0,0,0,5,18,0,0,0,0,0,87,-10,"West Coast","2018",15
20,"McGovern, Jeremy",8,5,1,9,2,1,0,1,1,2,0,4,1,1,0,6,4,2,1,5,0,0,89,-10,"West Coast","2018",15
36,"McInnes, Fraser",4,2,2,6,1,0,0,5,0,1,0,1,2,0,0,3,3,1,1,4,0,0,60,-10,"West Coast","2018",15
9,"Naitanui, Nic",5,1,2,7,0,0,34,6,2,3,3,2,1,1,0,8,0,1,0,6,0,1,68,-10,"West Coast","2018",15
8,"Redden, Jack",8,5,13,21,0,0,0,10,2,1,3,9,0,4,0,8,13,0,0,1,0,1,85,-10,"West Coast","2018",15
44,"Rioli, Willie",5,5,5,10,0,0,0,3,0,2,1,1,1,1,0,4,7,0,1,2,0,0,87,-10,"West Coast","2018",15
1,"Ryan, Liam",3,1,2,5,1,1,0,1,0,0,0,1,1,1,0,6,1,1,1,1,0,0,71,-10,"West Coast","2018",15
31,"Schofield, Will",5,2,1,6,0,0,0,2,1,0,0,0,0,0,0,1,5,0,0,8,0,0,96,-10,"West Coast","2018",15
5,"Sheppard, Brad",15,9,4,19,0,0,0,4,5,1,0,2,0,1,0,3,15,1,0,8,0,0,92,-10,"West Coast","2018",15
13,"Shuey, Luke",13,1,13,26,1,0,0,10,3,2,10,3,0,0,0,13,12,0,0,2,0,0,85,-10,"West Coast","2018",15
45,"Waterman, Jake",9,5,2,11,0,0,0,1,0,2,0,1,1,0,0,5,5,0,0,0,0,1,82,-10,"West Coast","2018",15
6,"Yeo, Elliot",12,6,7,19,1,0,0,3,6,1,1,4,3,2,0,13,7,2,0,0,0,0,90,-10,"West Coast","2018",15
0,"Rushed",0,0,0,0,0,3,0,0,0,0,0,0,0,0,0,0,0,0,0,0,0,0,0,-10,"West Coast","2018",15
