"Number","Player","Kicks","Marks","Handballs","Disposals","Goals","Behinds","Hitouts","Tackles","Rebounds50s","Inside50s","Clearances","Clangers","FreesFor","FreesAgainst","BrownlowVotes","ContestedPossessions","UncontestedPossessions","ContestedMarks","MarksInside50","OnePercenters","Bounces","GoalAssists","PercentagePlayed","PointDifference","Team","Season","Round"
37,"Barrass, Tom",15,8,5,20,0,0,0,1,5,0,0,3,0,2,0,7,12,2,0,10,0,0,85,-29,"West Coast","2018",1
15,"Cripps, Jamie",11,1,5,16,0,0,0,1,1,5,2,1,0,0,0,6,10,0,0,1,0,2,79,-29,"West Coast","2018",1
27,"Darling, Jack",7,5,5,12,3,0,1,4,0,5,0,0,0,0,0,5,7,2,2,1,0,0,95,-29,"West Coast","2018",1
14,"Duggan, Liam",8,1,2,10,1,0,0,2,2,4,0,1,0,0,0,3,6,0,0,0,0,0,78,-29,"West Coast","2018",1
3,"Gaff, Andrew",15,5,9,24,0,0,0,4,2,3,1,1,2,0,0,6,17,1,0,1,0,1,89,-29,"West Coast","2018",1
25,"Hurn, Shannon",20,10,3,23,1,1,0,3,5,4,0,2,0,2,0,4,16,1,1,0,0,0,87,-29,"West Coast","2018",1
23,"Jetta, Lewis",13,4,3,16,0,0,0,1,4,4,0,8,0,1,0,1,13,0,0,2,1,0,87,-29,"West Coast","2018",1
2,"LeCras, Mark",13,4,3,16,3,2,0,9,0,1,2,4,2,1,0,5,9,0,2,0,0,0,90,-29,"West Coast","2018",1
29,"Lycett, Scott",6,2,4,10,0,0,32,1,2,1,3,7,2,5,0,7,4,0,0,1,0,0,71,-29,"West Coast","2018",1
7,"Masten, Chris",10,4,5,15,1,0,0,0,0,6,0,4,0,3,0,5,9,0,0,0,0,1,88,-29,"West Coast","2018",1
20,"McGovern, Jeremy",11,9,7,18,0,0,0,2,2,1,0,3,2,0,0,7,12,2,0,2,0,0,81,-29,"West Coast","2018",1
9,"Naitanui, Nic",9,3,3,12,1,1,33,3,1,1,4,1,2,1,0,8,4,2,1,6,0,1,54,-29,"West Coast","2018",1
30,"Nelson, Jackson",4,0,1,5,0,1,0,2,1,2,1,4,2,3,0,5,2,0,0,1,0,0,86,-29,"West Coast","2018",1
8,"Redden, Jack",7,3,11,18,0,0,0,6,0,2,5,4,1,2,0,10,8,0,0,0,0,0,86,-29,"West Coast","2018",1
1,"Ryan, Liam",9,3,3,12,1,1,0,1,0,2,1,3,1,1,0,6,4,1,1,0,1,1,70,-29,"West Coast","2018",1
31,"Schofield, Will",5,4,3,8,0,0,0,1,0,1,0,1,1,1,0,1,6,0,0,4,0,0,90,-29,"West Coast","2018",1
4,"Sheed, Dom",15,2,8,23,0,0,0,1,0,6,6,3,0,2,0,13,9,0,0,1,0,0,80,-29,"West Coast","2018",1
5,"Sheppard, Brad",6,4,9,15,0,0,0,5,1,0,0,2,1,0,0,8,8,0,1,3,0,1,85,-29,"West Coast","2018",1
13,"Shuey, Luke",16,4,9,25,0,1,0,6,0,7,7,1,2,1,0,9,15,0,0,1,1,0,88,-29,"West Coast","2018",1
18,"Venables, Daniel",4,1,3,7,0,0,0,4,0,2,1,3,2,2,0,6,4,0,0,0,0,0,61,-29,"West Coast","2018",1
45,"Waterman, Jake",4,2,4,8,1,0,0,3,0,1,1,0,0,0,0,4,4,0,1,1,0,0,80,-29,"West Coast","2018",1
6,"Yeo, Elliot",18,5,8,26,1,0,0,4,6,2,4,4,0,1,0,12,13,0,0,1,0,0,91,-29,"West Coast","2018",1
0,"Rushed",0,0,0,0,0,1,0,0,0,0,0,0,0,0,0,0,0,0,0,0,0,0,0,-29,"West Coast","2018",1
7,"Cunningham, Harry",4,2,6,10,0,0,0,6,0,1,1,1,1,0,0,7,4,1,0,0,0,1,74,29,"Sydney","2018",1
13,"Florent, Oliver",2,0,4,6,0,0,0,2,0,2,0,0,2,0,0,2,4,0,0,0,0,1,67,29,"Sydney","2018",1
42,"Fox, Robbie",6,0,4,10,0,0,0,2,2,1,1,2,1,0,0,6,4,0,0,4,0,1,81,29,"Sydney","2018",1
23,"Franklin, Lance",17,9,4,21,8,1,0,4,0,6,0,2,3,1,3,9,11,3,5,4,0,1,89,29,"Sydney","2018",1
39,"Grundy, Heath",4,1,3,7,0,0,0,0,4,0,0,3,0,2,0,2,5,0,0,6,0,0,76,29,"Sydney","2018",1
9,"Hayward, Will",11,5,10,21,2,1,0,0,1,3,0,6,1,1,0,6,12,0,1,2,0,0,75,29,"Sydney","2018",1
5,"Heeney, Isaac",13,4,13,26,1,1,0,4,2,4,4,4,1,1,0,7,19,0,1,4,0,1,85,29,"Sydney","2018",1
29,"Hewett, George",9,6,10,19,1,1,0,2,0,4,1,1,2,0,0,11,10,2,1,2,0,1,75,29,"Sydney","2018",1
15,"Jack, Kieren",14,4,5,19,1,0,0,2,1,7,2,2,0,2,0,5,17,0,1,0,0,2,66,29,"Sydney","2018",1
10,"Jones, Zak",10,3,10,20,1,0,0,2,1,6,5,4,1,2,0,11,13,1,0,1,0,0,87,29,"Sydney","2018",1
12,"Kennedy, Josh",10,3,14,24,1,1,0,3,1,3,9,3,0,2,0,12,9,0,0,0,0,0,83,29,"Sydney","2018",1
44,"Lloyd, Jake",19,8,10,29,1,0,0,2,8,1,1,0,0,0,1,5,24,0,0,2,0,0,94,29,"Sydney","2018",1
3,"McVeigh, Jarrad",7,1,7,14,0,0,0,1,3,0,1,0,0,0,0,2,11,0,0,1,0,0,80,29,"Sydney","2018",1
43,"Melican, Lewis",7,2,7,14,0,0,0,2,2,1,0,2,0,0,0,6,5,0,0,6,0,1,89,29,"Sydney","2018",1
14,"Mills, Callum",13,5,7,20,0,0,0,5,5,0,1,1,4,0,0,9,11,0,0,4,0,0,94,29,"Sydney","2018",1
28,"Newman, Nic",10,4,9,19,0,0,0,2,3,3,1,6,2,1,0,8,11,0,0,1,0,0,75,29,"Sydney","2018",1
11,"Papley, Tom",8,5,9,17,0,1,0,3,1,2,2,3,2,3,0,8,9,0,0,2,3,0,79,29,"Sydney","2018",1
26,"Parker, Luke",17,3,15,32,1,0,0,9,2,3,7,6,1,2,2,18,11,1,0,4,0,2,85,29,"Sydney","2018",1
24,"Rampe, Dane",9,6,4,13,0,0,0,2,4,0,0,3,1,1,0,2,11,0,0,7,0,0,87,29,"Sydney","2018",1
18,"Sinclair, Callum",13,3,8,21,0,0,16,1,2,3,8,0,3,0,0,13,9,0,0,3,0,1,82,29,"Sydney","2018",1
40,"Smith, Nick",10,7,9,19,0,0,0,3,3,0,0,2,2,2,0,7,12,0,0,0,0,0,99,29,"Sydney","2018",1
22,"Towers, Dean",6,1,6,12,1,1,1,5,1,2,3,1,1,1,0,5,8,0,0,0,0,1,78,29,"Sydney","2018",1
0,"Totals",219,82,174,393,18,7,17,62,46,52,47,52,28,21,6,161,230,8,9,53,3,13,0,29,"Sydney","2018",1
