"Number","Player","Kicks","Marks","Handballs","Disposals","Goals","Behinds","Hitouts","Tackles","Rebounds50s","Inside50s","Clearances","Clangers","FreesFor","FreesAgainst","BrownlowVotes","ContestedPossessions","UncontestedPossessions","ContestedMarks","MarksInside50","OnePercenters","Bounces","GoalAssists","PercentagePlayed","PointDifference","Team","Season","Round"
1,"Boak, Travis",11,1,14,25,1,2,0,4,1,2,6,3,1,1,0,13,12,0,0,0,0,0,87,-22,"Port Adelaide","2018",23
33,"Byrne-Jones, Darcy",7,2,4,11,0,0,0,3,3,2,1,2,1,0,0,5,6,0,0,2,0,0,69,-22,"Port Adelaide","2018",23
7,"Ebert, Brad",8,4,10,18,2,0,0,6,0,3,2,3,1,3,0,8,12,1,0,1,0,1,78,-22,"Port Adelaide","2018",23
24,"Farrell, Kane",8,6,3,11,1,0,0,0,1,3,0,0,0,0,0,1,10,0,1,0,0,0,71,-22,"Port Adelaide","2018",23
14,"Frampton, Billy",6,5,1,7,1,2,15,0,1,0,1,4,0,2,0,5,3,4,3,1,0,0,80,-22,"Port Adelaide","2018",23
9,"Gray, Robbie",8,2,11,19,1,0,0,0,0,5,5,3,0,0,0,11,9,1,2,1,0,1,96,-22,"Port Adelaide","2018",23
46,"Gray, Sam",4,2,13,17,0,1,0,2,2,1,2,2,0,1,0,6,10,0,1,0,0,1,73,-22,"Port Adelaide","2018",23
36,"Hombsch, Jack",4,2,0,4,0,0,0,2,0,1,0,2,0,2,0,0,3,0,0,3,0,0,90,-22,"Port Adelaide","2018",23
43,"Houston, Dan",7,4,7,14,0,0,0,2,1,2,1,2,0,0,0,5,10,0,0,4,0,0,90,-22,"Port Adelaide","2018",23
32,"Howard, Dougal",6,4,4,10,0,0,0,1,3,1,0,3,0,2,0,3,7,1,0,11,0,0,90,-22,"Port Adelaide","2018",23
42,"Jonas, Tom",9,7,7,16,0,0,0,1,6,0,0,0,2,0,0,4,12,0,0,5,0,0,98,-22,"Port Adelaide","2018",23
40,"Lienert, Jarrod",11,4,3,14,0,0,0,2,4,0,0,2,1,1,0,4,10,0,0,2,0,0,80,-22,"Port Adelaide","2018",23
6,"Motlop, Steven",10,2,9,19,0,0,0,3,3,2,2,5,0,1,0,6,13,0,0,1,1,0,86,-22,"Port Adelaide","2018",23
3,"Neade, Jake",5,1,3,8,0,2,0,1,0,1,0,2,2,2,0,4,4,0,1,0,0,1,63,-22,"Port Adelaide","2018",23
29,"Pittard, Jasper",14,5,6,20,0,0,0,4,2,1,2,1,0,0,0,5,16,1,0,4,1,0,83,-22,"Port Adelaide","2018",23
21,"Polec, Jared",18,4,12,30,1,2,0,4,3,5,1,2,0,1,2,7,23,0,0,0,1,0,90,-22,"Port Adelaide","2018",23
2,"Powell-Pepper, Sam",7,2,6,13,0,0,0,5,0,5,3,3,2,1,0,8,8,0,0,2,0,0,64,-22,"Port Adelaide","2018",23
4,"Ryder, Paddy",12,8,4,16,1,1,46,0,0,6,3,1,0,0,0,8,7,3,2,4,1,0,93,-22,"Port Adelaide","2018",23
23,"Watts, Jack",7,2,10,17,0,0,0,1,0,1,0,2,0,1,0,8,9,0,0,4,0,0,81,-22,"Port Adelaide","2018",23
39,"Westhoff, Justin",13,8,7,20,5,0,5,2,2,1,2,0,1,0,0,8,12,2,3,4,1,1,94,-22,"Port Adelaide","2018",23
16,"Wines, Ollie",8,0,16,24,0,1,0,4,0,5,3,2,1,1,0,14,10,0,0,3,0,2,69,-22,"Port Adelaide","2018",23
20,"Wingard, Chad",12,2,20,32,0,0,0,3,0,7,6,3,2,0,0,17,16,1,0,1,0,1,75,-22,"Port Adelaide","2018",23
0,"Totals",195,77,170,365,13,11,66,50,32,54,40,47,14,19,2,150,222,14,13,53,5,8,0,-22,"Port Adelaide","2018",23
12,"Baguley, Mark",7,4,5,12,1,0,0,4,0,3,1,2,1,1,0,4,9,0,1,3,0,0,91,22,"Essendon","2018",23
28,"Brown, Mitch",15,10,6,21,3,0,1,2,1,4,0,1,1,1,0,11,10,2,1,3,0,1,100,22,"Essendon","2018",23
32,"Colyer, Travis",7,5,7,14,0,0,0,3,0,2,0,1,0,0,0,4,10,0,0,0,0,0,77,22,"Essendon","2018",23
10,"Francis, Aaron",15,11,4,19,0,0,0,4,4,1,0,5,1,3,0,12,9,6,0,4,0,0,76,22,"Essendon","2018",23
9,"Goddard, Brendon",17,12,10,27,0,0,0,2,6,1,0,1,1,0,1,2,23,0,0,1,0,2,83,22,"Essendon","2018",23
35,"Guelfi, Matt",7,2,6,13,0,0,0,1,2,1,1,0,2,0,0,5,8,0,0,2,0,0,82,22,"Essendon","2018",23
21,"Heppell, Dyson",11,1,15,26,2,0,0,2,1,2,7,3,1,3,0,10,16,0,0,0,0,0,89,22,"Essendon","2018",23
26,"Hooker, Cale",12,8,7,19,0,0,0,2,4,1,0,1,1,0,0,8,11,1,0,4,0,0,93,22,"Essendon","2018",23
18,"Hurley, Michael",9,9,8,17,0,0,0,1,3,0,0,2,2,0,0,4,12,0,0,6,0,0,94,22,"Essendon","2018",23
4,"Langford, Kyle",13,5,2,15,3,0,0,11,1,5,3,1,2,1,0,7,7,1,1,0,0,1,75,22,"Essendon","2018",23
33,"Laverde, Jayden",10,3,7,17,3,3,0,3,0,2,0,4,0,2,0,6,13,2,2,1,0,1,85,22,"Essendon","2018",23
22,"Leuenberger, Matthew",1,1,2,3,0,0,22,4,0,0,0,0,0,0,0,2,1,1,0,1,0,0,39,22,"Essendon","2018",23
43,"McDonald-Tipungwuti, Anthony",7,2,5,12,2,0,0,3,0,3,4,2,1,1,0,6,4,0,1,0,0,0,75,22,"Essendon","2018",23
1,"McGrath, Andrew",4,0,9,13,0,0,0,4,1,1,0,2,0,0,0,5,7,0,0,1,0,1,78,22,"Essendon","2018",23
45,"McKenna, Conor",12,7,6,18,0,0,0,0,1,4,0,4,0,1,0,4,13,0,0,0,1,0,76,22,"Essendon","2018",23
7,"Merrett, Zach",13,3,16,29,0,0,0,8,2,3,1,2,1,0,0,7,22,0,0,1,1,1,80,22,"Essendon","2018",23
23,"Myers, David",6,1,10,16,1,0,0,3,0,1,5,2,0,0,0,8,9,0,1,1,0,1,71,22,"Essendon","2018",23
3,"Parish, Darcy",13,5,9,22,0,0,0,5,1,2,3,2,1,1,0,7,17,0,0,3,2,0,75,22,"Essendon","2018",23
42,"Saad, Adam",13,6,6,19,0,0,0,3,3,1,0,1,0,0,0,5,14,0,0,3,1,0,96,22,"Essendon","2018",23
5,"Smith, Devon",17,6,12,29,0,1,0,12,4,3,4,4,0,0,3,7,22,0,0,0,0,1,85,22,"Essendon","2018",23
25,"Stringer, Jake",8,2,1,9,0,3,4,3,0,3,1,2,1,0,0,7,4,1,1,1,0,0,88,22,"Essendon","2018",23
11,"Zaharakis, David",14,7,11,25,2,0,0,3,3,7,3,0,3,0,0,11,15,0,0,1,0,1,91,22,"Essendon","2018",23
0,"Rushed",0,0,0,0,0,2,0,0,0,0,0,0,0,0,0,0,0,0,0,0,0,0,0,22,"Essendon","2018",23
