"Number","Player","Kicks","Marks","Handballs","Disposals","Goals","Behinds","Hitouts","Tackles","Rebounds50s","Inside50s","Clearances","Clangers","FreesFor","FreesAgainst","BrownlowVotes","ContestedPossessions","UncontestedPossessions","ContestedMarks","MarksInside50","OnePercenters","Bounces","GoalAssists","PercentagePlayed","PointDifference","Team","Season","Round"
17,"Boyd, Tom",10,4,5,15,0,0,11,3,2,3,3,5,1,1,0,7,8,1,0,6,0,1,89,9,"Western Bulldogs","2018",7
12,"Cordy, Zaine",5,3,5,10,0,0,0,1,1,1,0,2,0,1,0,5,5,3,0,4,0,0,92,9,"Western Bulldogs","2018",7
9,"Crozier, Hayden",6,3,4,10,0,0,0,6,0,2,0,1,0,1,0,0,10,0,0,4,0,0,80,9,"Western Bulldogs","2018",7
6,"Dahlhaus, Luke",13,3,16,29,0,1,0,5,2,1,3,2,1,0,0,11,17,1,1,2,0,0,80,9,"Western Bulldogs","2018",7
31,"Dale, Bailey",9,4,9,18,0,0,0,1,1,1,4,3,0,1,0,7,12,0,1,4,0,0,70,9,"Western Bulldogs","2018",7
35,"Daniel, Caleb",8,2,16,24,0,1,0,2,2,1,3,3,0,2,0,11,14,0,0,2,0,1,80,9,"Western Bulldogs","2018",7
5,"Dunkley, Josh",11,4,8,19,1,0,0,9,0,3,1,3,2,2,0,11,9,1,0,1,0,0,90,9,"Western Bulldogs","2018",7
44,"English, Tim",4,3,5,9,1,0,8,0,0,1,1,4,3,3,0,4,5,0,0,4,0,0,69,9,"Western Bulldogs","2018",7
26,"Gowers, Billy",7,3,9,16,2,1,0,1,0,2,1,4,0,4,0,10,6,0,0,1,0,1,80,9,"Western Bulldogs","2018",7
22,"Honeychurch, Mitch",6,3,5,11,1,1,0,3,0,0,1,1,1,0,0,4,9,0,1,0,0,0,78,9,"Western Bulldogs","2018",7
7,"Hunter, Lachie",20,9,14,34,0,2,0,3,4,7,4,4,2,0,2,14,20,0,2,0,4,0,88,9,"Western Bulldogs","2018",7
39,"Johannisen, Jason",12,5,6,18,1,2,0,3,0,5,2,2,0,0,0,7,11,1,4,1,0,1,84,9,"Western Bulldogs","2018",7
46,"Jong, Lin",6,2,5,11,1,0,0,3,1,2,4,3,2,1,0,6,5,1,1,3,0,1,70,9,"Western Bulldogs","2018",7
27,"Lipinski, Patrick",8,2,9,17,2,0,0,1,0,3,1,4,0,1,0,5,13,0,0,0,0,0,76,9,"Western Bulldogs","2018",7
11,"Macrae, Jack",19,5,21,40,1,1,0,8,3,6,12,2,1,1,3,25,19,0,1,1,3,2,93,9,"Western Bulldogs","2018",7
16,"McLean, Toby",11,5,22,33,0,1,0,13,3,4,7,1,1,1,0,16,18,0,1,2,1,0,75,9,"Western Bulldogs","2018",7
33,"Naughton, Aaron",7,5,5,12,0,0,0,4,5,1,0,0,1,0,0,6,4,3,0,8,0,0,92,9,"Western Bulldogs","2018",7
20,"Richards, Ed",6,0,5,11,0,1,0,1,2,3,0,3,0,2,0,2,9,0,0,4,1,0,78,9,"Western Bulldogs","2018",7
1,"Suckling, Matt",13,1,11,24,0,2,0,1,6,3,1,1,0,0,0,4,17,0,0,2,3,0,80,9,"Western Bulldogs","2018",7
3,"Wallis, Mitch",7,0,14,21,0,0,0,6,0,6,4,2,0,1,0,11,11,0,0,2,0,0,79,9,"Western Bulldogs","2018",7
34,"Williams, Bailey",17,6,4,21,1,0,0,1,8,6,0,3,0,1,0,4,13,1,0,4,1,0,83,9,"Western Bulldogs","2018",7
2,"Young, Lewis",7,3,3,10,0,0,0,5,4,0,0,3,0,1,0,5,6,1,0,14,0,0,95,9,"Western Bulldogs","2018",7
0,"Rushed",0,0,0,0,0,2,0,0,0,0,0,0,0,0,0,0,0,0,0,0,0,0,0,9,"Western Bulldogs","2018",7
13,"Ah Chee, Callum",11,5,6,17,0,0,0,2,1,3,0,1,0,0,0,8,11,1,0,0,0,0,81,-9,"Gold Coast","2018",7
9,"Ainsworth, Ben",14,4,12,26,0,2,0,2,0,4,3,3,2,0,0,13,14,0,1,1,0,2,79,-9,"Gold Coast","2018",7
31,"Ballard, Charlie",6,4,1,7,1,0,0,2,0,1,0,1,0,0,0,1,6,0,0,1,0,0,82,-9,"Gold Coast","2018",7
29,"Bowes, Jack",14,5,7,21,0,0,0,2,4,3,0,3,0,3,0,7,10,1,0,3,0,0,85,-9,"Gold Coast","2018",7
32,"Crossley, Brayden",7,2,6,13,1,1,7,5,1,2,2,2,2,2,0,9,6,0,0,2,0,0,86,-9,"Gold Coast","2018",7
12,"Day, Sam",6,4,10,16,2,1,0,2,0,1,0,1,0,1,0,8,8,1,1,1,0,0,80,-9,"Gold Coast","2018",7
5,"Harbrow, Jarrod",14,2,6,20,0,0,0,1,8,1,0,3,1,2,0,3,15,0,0,4,1,1,89,-9,"Gold Coast","2018",7
39,"Holman, Nick",4,2,10,14,0,0,0,11,0,3,2,5,1,2,0,12,5,0,0,3,0,0,76,-9,"Gold Coast","2018",7
38,"Joyce, Jesse",5,3,6,11,0,0,0,2,2,0,0,4,1,1,0,3,8,0,0,2,0,0,83,-9,"Gold Coast","2018",7
25,"Lyons, Jarryd",5,0,6,11,0,1,0,8,0,3,2,1,1,0,0,6,6,0,0,1,0,0,65,-9,"Gold Coast","2018",7
4,"Martin, Jack",11,7,12,23,2,0,0,6,2,4,2,2,1,0,0,13,9,3,1,1,1,0,81,-9,"Gold Coast","2018",7
11,"Miller, Touk",13,2,13,26,1,0,0,9,3,5,4,6,1,3,0,10,16,0,1,0,0,0,87,-9,"Gold Coast","2018",7
35,"Rischitelli, Michael",7,1,4,11,0,0,0,7,3,3,0,0,1,0,0,6,5,0,0,2,0,0,81,-9,"Gold Coast","2018",7
3,"Rosa, Matt",13,2,11,24,0,1,0,4,0,1,1,3,1,0,0,7,18,0,0,1,0,0,79,-9,"Gold Coast","2018",7
18,"Scheer, Brad",7,3,7,14,0,1,0,7,1,3,1,2,1,0,0,6,7,0,1,3,0,0,76,-9,"Gold Coast","2018",7
6,"Sexton, Alex",7,0,6,13,1,1,0,3,0,5,0,0,1,0,0,2,11,0,0,1,0,1,78,-9,"Gold Coast","2018",7
43,"Spencer, Max",4,1,4,8,0,0,0,2,4,0,0,0,1,0,0,1,5,0,0,8,0,0,93,-9,"Gold Coast","2018",7
24,"Swallow, David",12,0,13,25,0,0,0,3,2,6,6,2,2,0,0,17,8,0,0,2,0,0,80,-9,"Gold Coast","2018",7
16,"Thompson, Rory",6,2,7,13,0,0,0,3,4,1,0,1,2,1,0,7,5,1,0,8,0,0,91,-9,"Gold Coast","2018",7
14,"Weller, Lachie",12,4,10,22,0,0,0,2,3,4,2,1,1,0,0,5,16,0,0,0,0,0,85,-9,"Gold Coast","2018",7
28,"Witts, Jarrod",8,3,13,21,0,0,58,3,5,2,5,2,2,0,1,13,8,1,0,3,0,0,81,-9,"Gold Coast","2018",7
15,"Young, Aaron",10,4,12,22,2,1,0,5,1,4,1,1,2,0,0,7,15,1,1,1,0,1,84,-9,"Gold Coast","2018",7
0,"Rushed",0,0,0,0,0,3,0,0,0,0,0,0,0,0,0,0,0,0,0,0,0,0,0,-9,"Gold Coast","2018",7
