"Number","Player","Kicks","Marks","Handballs","Disposals","Goals","Behinds","Hitouts","Tackles","Rebounds50s","Inside50s","Clearances","Clangers","FreesFor","FreesAgainst","BrownlowVotes","ContestedPossessions","UncontestedPossessions","ContestedMarks","MarksInside50","OnePercenters","Bounces","GoalAssists","PercentagePlayed","PointDifference","Team","Season","Round"
41,"Barry, Dom",6,4,6,12,0,1,0,0,0,2,1,1,0,1,0,3,8,0,1,0,1,0,79,5,"Port Adelaide","2018",3
1,"Boak, Travis",12,6,6,18,1,1,0,2,1,4,1,2,1,1,0,4,15,0,1,1,0,0,83,5,"Port Adelaide","2018",3
26,"Bonner, Riley",18,10,4,22,0,0,0,0,5,4,0,4,0,3,0,2,18,0,0,0,2,0,89,5,"Port Adelaide","2018",3
33,"Byrne-Jones, Darcy",6,5,5,11,0,0,0,2,3,1,0,1,0,0,0,4,7,0,0,1,0,0,85,5,"Port Adelaide","2018",3
17,"Clurey, Tom",7,4,0,7,0,0,0,1,2,0,0,1,0,0,0,0,6,0,0,4,0,0,94,5,"Port Adelaide","2018",3
22,"Dixon, Charlie",7,2,7,14,1,2,6,4,1,2,3,7,3,3,0,12,2,1,2,1,0,0,92,5,"Port Adelaide","2018",3
7,"Ebert, Brad",8,3,15,23,1,0,0,3,2,3,4,7,1,4,0,14,10,1,0,2,0,0,80,5,"Port Adelaide","2018",3
9,"Gray, Robbie",9,3,13,22,1,1,0,3,1,1,5,1,4,0,0,12,8,0,1,1,0,1,91,5,"Port Adelaide","2018",3
46,"Gray, Sam",13,9,8,21,3,1,0,2,1,4,2,1,0,0,2,7,14,0,3,0,0,1,78,5,"Port Adelaide","2018",3
8,"Hartlett, Hamish",17,9,9,26,0,0,0,0,1,4,2,1,2,0,0,9,18,0,0,2,0,0,77,5,"Port Adelaide","2018",3
43,"Houston, Dan",13,6,5,18,0,0,0,2,1,0,1,2,0,1,0,4,13,0,0,4,0,0,71,5,"Port Adelaide","2018",3
32,"Howard, Dougal",10,6,2,12,0,0,1,1,0,3,0,3,1,2,0,5,7,1,0,10,0,0,90,5,"Port Adelaide","2018",3
42,"Jonas, Tom",12,7,4,16,0,0,0,2,3,0,0,3,2,3,0,3,12,0,0,7,0,0,96,5,"Port Adelaide","2018",3
13,"Marshall, Todd",8,3,0,8,1,1,0,3,0,5,0,1,2,0,0,7,3,0,1,2,0,1,73,5,"Port Adelaide","2018",3
6,"Motlop, Steven",7,2,10,17,2,1,0,1,1,3,2,3,0,2,0,3,12,0,1,0,2,0,80,5,"Port Adelaide","2018",3
21,"Polec, Jared",24,12,5,29,0,1,0,3,4,3,2,3,1,0,0,9,21,0,0,0,2,3,84,5,"Port Adelaide","2018",3
2,"Powell-Pepper, Sam",10,1,9,19,0,1,0,4,0,4,0,7,0,3,0,5,15,0,0,1,1,1,59,5,"Port Adelaide","2018",3
11,"Rockliff, Tom",13,6,6,19,1,0,0,1,0,2,2,2,2,1,0,7,12,0,1,2,0,0,72,5,"Port Adelaide","2018",3
23,"Watts, Jack",9,6,4,13,1,1,0,0,0,1,0,0,0,0,0,3,10,1,3,2,0,0,76,5,"Port Adelaide","2018",3
39,"Westhoff, Justin",4,3,8,12,1,0,15,5,0,1,0,2,0,1,0,3,10,1,1,6,0,0,86,5,"Port Adelaide","2018",3
16,"Wines, Ollie",10,1,15,25,0,0,0,4,2,4,4,3,1,1,0,11,13,0,0,2,0,0,74,5,"Port Adelaide","2018",3
20,"Wingard, Chad",12,3,8,20,1,1,0,2,0,4,4,5,0,1,0,10,11,0,1,0,0,4,92,5,"Port Adelaide","2018",3
0,"Rushed",0,0,0,0,0,1,0,0,0,0,0,0,0,0,0,0,0,0,0,0,0,0,0,5,"Port Adelaide","2018",3
31,"Andrews, Harris",7,4,6,13,0,1,0,0,0,1,0,5,1,2,0,6,8,1,0,6,0,0,100,-5,"Brisbane Lions","2018",3
13,"Berry, Jarrod",7,3,5,12,0,0,0,5,0,2,1,3,1,2,0,1,12,0,0,2,0,1,77,-5,"Brisbane Lions","2018",3
8,"Bewick, Rohan",12,2,3,15,0,2,0,2,4,3,1,2,1,1,0,7,8,0,0,2,0,1,65,-5,"Brisbane Lions","2018",3
23,"Cameron, Charlie",8,5,1,9,3,0,0,1,0,2,0,0,0,0,0,4,5,1,3,1,0,2,83,-5,"Brisbane Lions","2018",3
3,"Christensen, Allen",16,4,5,21,1,1,0,4,2,1,5,5,1,1,0,7,13,0,0,0,0,0,88,-5,"Brisbane Lions","2018",3
20,"Cox, Cedric",4,2,4,8,1,0,0,1,1,1,0,2,0,1,0,4,4,0,1,1,0,0,70,-5,"Brisbane Lions","2018",3
26,"Cutler, Tom",14,7,7,21,1,2,0,2,1,3,4,1,1,0,0,5,15,0,1,3,0,1,87,-5,"Brisbane Lions","2018",3
27,"Gardiner, Darcy",9,8,9,18,0,0,0,2,2,0,1,4,1,3,0,7,11,1,0,7,0,0,88,-5,"Brisbane Lions","2018",3
30,"Hipwood, Eric",7,5,7,14,3,0,1,0,0,1,1,3,2,0,0,6,8,0,1,3,0,1,82,-5,"Brisbane Lions","2018",3
2,"Hodge, Luke",8,6,3,11,0,0,0,3,2,1,1,1,0,1,0,2,8,0,0,2,1,0,84,-5,"Brisbane Lions","2018",3
35,"Lester, Ryan",6,1,4,10,0,0,0,4,1,0,2,2,1,1,0,9,4,0,0,2,0,0,75,-5,"Brisbane Lions","2018",3
12,"Martin, Stefan",16,7,14,30,0,0,49,7,2,9,4,6,6,1,3,13,18,0,0,1,0,1,92,-5,"Brisbane Lions","2018",3
36,"Mathieson, Rhys",6,0,7,13,0,0,0,2,2,0,7,1,1,0,0,10,4,0,0,0,0,0,76,-5,"Brisbane Lions","2018",3
32,"Mayes, Sam",9,4,10,19,0,0,0,2,4,1,1,1,2,1,0,5,12,0,0,1,0,0,86,-5,"Brisbane Lions","2018",3
6,"McCluggage, Hugh",10,5,4,14,2,0,0,5,2,1,2,3,0,1,0,6,9,1,0,1,0,0,90,-5,"Brisbane Lions","2018",3
16,"Rayner, Cam",6,3,3,9,1,0,0,4,0,3,0,1,0,1,0,4,5,2,1,1,0,1,72,-5,"Brisbane Lions","2018",3
18,"Robertson, Nick",7,5,3,10,1,0,0,2,4,1,1,3,0,2,0,3,8,1,0,0,0,0,86,-5,"Brisbane Lions","2018",3
5,"Robinson, Mitch",11,4,11,22,0,0,0,11,2,3,6,4,2,1,1,12,10,2,0,1,0,0,79,-5,"Brisbane Lions","2018",3
28,"Taylor, Lewis",8,2,7,15,0,0,0,0,2,3,0,1,2,0,0,8,7,0,0,0,0,1,85,-5,"Brisbane Lions","2018",3
14,"Walker, Josh",5,3,4,9,0,1,5,0,0,1,1,3,2,1,0,6,3,2,1,0,0,1,79,-5,"Brisbane Lions","2018",3
29,"Witherden, Alex",18,7,2,20,0,0,0,0,5,0,0,0,1,0,0,3,11,0,0,2,0,0,75,-5,"Brisbane Lions","2018",3
15,"Zorko, Dayne",9,0,10,19,1,1,0,4,0,6,3,2,2,0,0,13,6,0,0,0,3,0,79,-5,"Brisbane Lions","2018",3
0,"Totals",203,87,129,332,14,8,55,61,36,43,41,53,27,20,4,141,189,11,8,36,4,10,0,-5,"Brisbane Lions","2018",3
