"Number","Player","Kicks","Marks","Handballs","Disposals","Goals","Behinds","Hitouts","Tackles","Rebounds50s","Inside50s","Clearances","Clangers","FreesFor","FreesAgainst","BrownlowVotes","ContestedPossessions","UncontestedPossessions","ContestedMarks","MarksInside50","OnePercenters","Bounces","GoalAssists","PercentagePlayed","PointDifference","Team","Season","Round"
22,"Breust, Luke",6,2,11,17,4,0,0,4,0,1,0,5,2,4,0,8,9,0,1,1,0,1,85,34,"Hawthorn","2018",1
9,"Burgoyne, Shaun",13,5,1,14,2,1,0,2,1,4,3,2,1,1,0,6,10,0,2,5,0,1,84,34,"Hawthorn","2018",1
5,"Burton, Ryan",3,0,5,8,0,0,0,0,0,1,0,2,0,0,0,3,7,0,0,2,0,0,39,34,"Hawthorn","2018",1
8,"Duryea, Taylor",10,5,7,17,0,1,0,3,1,1,0,2,0,0,0,5,12,0,0,1,0,0,84,34,"Hawthorn","2018",1
12,"Frawley, James",13,5,2,15,0,0,0,0,8,2,0,2,1,1,0,6,8,0,0,12,0,0,91,34,"Hawthorn","2018",1
19,"Gunston, Jack",17,7,5,22,2,1,0,0,1,6,0,3,2,2,0,8,13,0,1,5,0,2,91,34,"Hawthorn","2018",1
15,"Hardwick, Blake",11,4,4,15,0,0,0,7,3,2,0,1,1,0,0,4,11,0,0,5,0,0,85,34,"Hawthorn","2018",1
31,"Henderson, Ricky",13,4,8,21,2,0,0,3,2,4,2,4,1,1,0,5,15,0,0,2,2,0,77,34,"Hawthorn","2018",1
17,"Howe, Daniel",13,7,7,20,0,0,0,7,2,1,3,3,0,1,0,8,12,1,0,1,0,1,80,34,"Hawthorn","2018",1
4,"Impey, Jarman",7,2,11,18,0,1,0,4,0,4,1,3,0,0,0,6,12,0,0,0,2,0,76,34,"Hawthorn","2018",1
7,"McEvoy, Ben",3,1,9,12,0,0,21,3,2,1,3,2,1,0,0,9,3,0,0,6,0,0,74,34,"Hawthorn","2018",1
3,"Mitchell, Tom",20,8,34,54,0,0,0,2,2,8,9,6,2,2,3,27,28,0,1,0,2,1,92,34,"Hawthorn","2018",1
23,"OBrien, Tim",11,2,4,15,0,0,0,2,5,1,1,5,2,3,0,6,8,0,0,10,0,0,87,34,"Hawthorn","2018",1
10,"OMeara, Jaeger",14,4,13,27,0,1,0,5,3,3,6,8,1,3,2,14,14,0,0,1,0,0,77,34,"Hawthorn","2018",1
28,"Puopolo, Paul",5,2,10,15,0,0,0,7,0,4,0,4,2,1,0,7,9,0,0,0,0,1,91,34,"Hawthorn","2018",1
33,"Rioli, Cyril",10,2,4,14,1,1,0,0,0,5,0,5,0,2,0,6,7,0,2,2,0,1,67,34,"Hawthorn","2018",1
2,"Roughead, Jarryd",4,4,6,10,1,1,3,1,0,1,0,1,0,1,0,5,6,1,2,4,0,0,87,34,"Hawthorn","2018",1
25,"Schoenmakers, Ryan",6,2,5,11,1,0,5,2,1,3,1,1,0,0,0,4,5,0,0,4,0,0,84,34,"Hawthorn","2018",1
26,"Shiels, Liam",12,3,3,15,1,0,0,5,0,2,2,5,0,2,0,7,8,1,0,4,0,0,76,34,"Hawthorn","2018",1
6,"Sicily, James",17,7,9,26,0,0,0,2,4,2,0,5,3,3,1,11,11,3,0,9,0,0,91,34,"Hawthorn","2018",1
16,"Smith, Isaac",12,7,12,24,1,1,0,3,3,4,2,2,0,1,0,7,17,0,2,1,2,0,85,34,"Hawthorn","2018",1
24,"Stratton, Ben",5,3,7,12,0,0,0,2,3,0,0,4,1,2,0,4,8,0,0,9,0,0,97,34,"Hawthorn","2018",1
0,"Rushed",0,0,0,0,0,3,0,0,0,0,0,0,0,0,0,0,0,0,0,0,0,0,0,34,"Hawthorn","2018",1
13,"Adams, Taylor",9,2,11,20,0,0,0,4,0,3,5,6,3,1,0,15,6,0,0,0,0,0,85,-34,"Collingwood","2018",1
14,"Aish, James",8,1,9,17,1,0,0,0,1,2,2,1,3,0,0,7,10,0,0,0,0,2,80,-34,"Collingwood","2018",1
46,"Cox, Mason",4,0,2,6,0,0,18,1,0,1,2,2,2,0,0,4,3,0,0,6,0,0,75,-34,"Collingwood","2018",1
25,"Crisp, Jack",10,3,7,17,0,0,0,4,5,2,1,5,1,2,0,13,6,2,0,2,0,0,87,-34,"Collingwood","2018",1
39,"Crocker, Ben",6,2,3,9,2,3,0,3,0,2,0,4,1,3,0,6,3,0,2,4,0,0,70,-34,"Collingwood","2018",1
15,"Dunn, Lynden",9,3,3,12,0,0,0,4,4,0,0,0,1,0,0,4,6,0,0,3,0,0,93,-34,"Collingwood","2018",1
4,"Grundy, Brodie",7,4,5,12,0,0,28,3,0,3,1,1,1,0,0,7,7,1,0,5,0,0,83,-34,"Collingwood","2018",1
32,"Hoskin-Elliott, Will",12,4,4,16,1,0,0,1,2,3,0,0,1,0,0,7,9,0,0,2,0,0,86,-34,"Collingwood","2018",1
38,"Howe, Jeremy",9,2,3,12,1,0,0,3,4,2,0,2,2,1,0,4,9,0,0,5,0,0,92,-34,"Collingwood","2018",1
8,"Langdon, Tom",4,4,10,14,0,0,0,2,2,0,0,3,1,2,0,8,7,2,0,4,0,0,86,-34,"Collingwood","2018",1
37,"Maynard, Brayden",16,6,3,19,0,1,0,2,4,4,2,5,0,3,0,5,14,1,0,2,0,0,83,-34,"Collingwood","2018",1
30,"Moore, Darcy",11,8,4,15,1,0,0,3,5,2,0,3,3,0,0,6,7,2,1,6,0,0,89,-34,"Collingwood","2018",1
9,"Murray, Sam",12,4,7,19,0,0,0,3,2,4,1,5,2,0,0,8,14,1,0,1,2,0,69,-34,"Collingwood","2018",1
10,"Pendlebury, Scott",12,2,14,26,0,1,0,9,2,3,8,4,4,1,0,13,13,0,0,2,0,0,79,-34,"Collingwood","2018",1
21,"Phillips, Tom",10,3,10,20,0,0,0,2,1,3,2,3,0,0,0,6,12,0,0,0,1,0,85,-34,"Collingwood","2018",1
20,"Reid, Ben",8,6,3,11,1,0,0,3,0,1,0,1,2,0,0,5,6,1,1,1,0,0,84,-34,"Collingwood","2018",1
22,"Sidebottom, Steele",15,5,16,31,1,0,0,4,0,8,6,6,0,2,0,10,20,0,0,3,0,0,88,-34,"Collingwood","2018",1
40,"Smith, Josh",7,3,7,14,0,1,0,3,0,2,0,3,1,2,0,4,11,0,0,2,0,1,83,-34,"Collingwood","2018",1
35,"Stephenson, Jaidyn",10,4,6,16,0,0,0,3,2,4,1,3,1,2,0,5,12,0,0,1,0,1,74,-34,"Collingwood","2018",1
24,"Thomas, Josh",10,3,7,17,1,1,0,4,0,4,5,3,1,0,0,11,5,0,2,0,0,1,79,-34,"Collingwood","2018",1
7,"Treloar, Adam",14,1,19,33,0,1,0,6,3,4,4,3,0,1,0,13,18,0,0,1,1,0,81,-34,"Collingwood","2018",1
18,"Varcoe, Travis",2,0,5,7,0,0,0,4,0,1,0,1,0,0,0,4,2,0,0,3,0,0,68,-34,"Collingwood","2018",1
0,"Rushed",0,0,0,0,0,5,0,0,0,0,0,0,0,0,0,0,0,0,0,0,0,0,0,-34,"Collingwood","2018",1
