"Number","Player","Kicks","Marks","Handballs","Disposals","Goals","Behinds","Hitouts","Tackles","Rebounds50s","Inside50s","Clearances","Clangers","FreesFor","FreesAgainst","BrownlowVotes","ContestedPossessions","UncontestedPossessions","ContestedMarks","MarksInside50","OnePercenters","Bounces","GoalAssists","PercentagePlayed","PointDifference","Team","Season","Round"
8,"Acres, Blake",9,2,6,15,0,0,0,2,1,2,2,3,0,1,0,8,9,0,0,1,3,2,66,-23,"St Kilda","2018",23
20,"Armitage, David",6,5,5,11,0,0,0,2,0,0,1,2,0,0,0,4,8,1,1,2,0,1,76,-23,"St Kilda","2018",23
24,"Austin, Logan",15,8,3,18,0,0,0,1,7,1,1,0,0,0,0,5,11,0,0,5,0,1,89,-23,"St Kilda","2018",23
15,"Billings, Jack",7,4,15,22,1,0,0,4,0,3,1,2,0,0,0,5,17,0,0,1,0,1,86,-23,"St Kilda","2018",23
2,"Carlisle, Jake",9,6,4,13,0,0,0,1,3,0,0,2,0,0,0,5,8,1,0,1,0,0,100,-23,"St Kilda","2018",23
14,"Geary, Jarryn",5,5,13,18,1,0,0,2,1,1,1,0,0,0,0,7,11,0,1,4,0,0,88,-23,"St Kilda","2018",23
19,"Gilbert, Sam",14,6,7,21,1,0,0,6,5,3,0,3,1,1,0,4,17,0,0,2,0,1,91,-23,"St Kilda","2018",23
4,"Gresham, Jade",13,6,4,17,0,2,0,1,0,2,2,2,1,0,0,6,10,0,1,0,1,1,85,-23,"St Kilda","2018",23
21,"Long, Ben",2,3,6,8,0,0,0,1,0,2,0,2,0,1,0,3,7,0,0,2,0,0,78,-23,"St Kilda","2018",23
13,"Lonie, Jack",6,1,3,9,1,1,0,1,0,1,0,1,0,1,0,2,7,0,1,0,0,4,74,-23,"St Kilda","2018",23
43,"Marshall, Rowan",11,9,5,16,1,1,9,2,0,5,0,1,1,0,0,7,11,3,2,6,0,0,80,-23,"St Kilda","2018",23
36,"McKenzie, Daniel",8,5,6,14,0,0,0,2,3,2,0,1,0,0,0,4,12,0,0,7,0,0,88,-23,"St Kilda","2018",23
28,"Membrey, Tim",6,6,4,10,2,1,0,0,0,0,0,2,2,0,0,6,6,1,4,3,0,0,85,-23,"St Kilda","2018",23
16,"Newnes, Jack",9,7,5,14,1,1,0,1,0,1,0,2,0,2,0,2,13,0,2,3,1,0,87,-23,"St Kilda","2018",23
45,"Paton, Ben",9,3,7,16,1,0,0,2,1,1,0,1,1,1,0,7,11,1,1,1,1,1,69,-23,"St Kilda","2018",23
42,"Pierce, Lewis",3,2,6,9,0,0,14,1,0,1,2,5,3,4,0,4,5,0,0,0,0,0,71,-23,"St Kilda","2018",23
37,"Rice, Bailey",10,4,2,12,0,0,0,2,6,0,0,6,0,2,0,1,8,0,0,3,0,0,75,-23,"St Kilda","2018",23
6,"Ross, Sebastian",19,6,15,34,0,1,0,4,4,7,6,3,0,0,0,12,21,0,0,0,0,0,88,-23,"St Kilda","2018",23
35,"Sinclair, Jack",6,2,7,13,1,1,0,2,1,1,1,2,0,2,0,2,11,0,0,0,0,1,78,-23,"St Kilda","2018",23
9,"Steele, Jack",12,6,23,35,2,0,0,9,2,3,7,3,3,2,1,15,20,0,1,0,0,0,80,-23,"St Kilda","2018",23
3,"Steven, Jack",19,8,15,34,2,0,0,4,0,12,9,3,2,1,3,14,24,0,0,2,5,0,81,-23,"St Kilda","2018",23
29,"Webster, Jimmy",12,8,12,24,0,0,0,0,1,0,0,2,0,0,0,2,22,0,0,3,0,0,83,-23,"St Kilda","2018",23
0,"Rushed",0,0,0,0,0,2,0,0,0,0,0,0,0,0,0,0,0,0,0,0,0,0,0,-23,"St Kilda","2018",23
15,"Ahern, Paul",12,3,11,23,0,1,0,1,2,7,2,1,0,0,0,5,18,0,1,1,0,1,71,23,"North Melbourne","2018",23
3,"Anderson, Jed",6,3,15,21,0,1,0,5,0,3,1,3,0,0,0,7,13,0,0,1,0,0,71,23,"North Melbourne","2018",23
18,"Atley, Shaun",8,2,12,20,0,0,0,3,0,3,0,2,1,0,0,3,17,0,0,0,1,1,82,23,"North Melbourne","2018",23
50,"Brown, Ben",9,5,4,13,3,2,0,0,0,2,0,6,0,2,0,6,7,1,3,0,0,0,100,23,"North Melbourne","2018",23
13,"Clarke, Ryan",14,3,14,28,0,0,0,1,5,4,0,6,0,1,0,4,25,0,0,2,0,1,90,23,"North Melbourne","2018",23
10,"Cunnington, Ben",10,4,19,29,0,0,0,3,1,2,7,3,0,2,0,15,14,0,0,1,0,0,77,23,"North Melbourne","2018",23
1,"Daw, Majak",8,6,5,13,1,0,5,2,3,2,0,1,3,0,0,6,7,2,0,5,0,0,88,23,"North Melbourne","2018",23
14,"Dumont, Trent",17,7,21,38,1,1,0,5,2,7,1,2,1,1,0,13,26,0,2,2,0,2,85,23,"North Melbourne","2018",23
22,"Goldstein, Todd",11,7,9,20,2,0,27,3,0,4,5,4,4,3,2,9,12,1,1,0,0,1,92,23,"North Melbourne","2018",23
4,"Higgins, Shaun",16,5,13,29,1,3,0,1,0,7,4,1,1,0,0,9,22,0,1,1,0,3,85,23,"North Melbourne","2018",23
8,"Hrovat, Nathan",16,7,4,20,1,0,0,7,1,5,0,1,0,0,0,3,16,0,2,2,0,0,74,23,"North Melbourne","2018",23
34,"Macmillan, Jamie",9,7,15,24,0,0,0,1,5,2,0,3,1,1,0,5,19,0,0,0,3,0,81,23,"North Melbourne","2018",23
11,"McDonald, Luke",8,2,6,14,0,1,0,2,2,1,0,1,0,0,0,0,12,0,1,3,0,0,81,23,"North Melbourne","2018",23
12,"Simpkin, Jy",3,3,9,12,1,0,0,4,0,0,2,2,0,1,0,7,5,1,2,0,0,2,92,23,"North Melbourne","2018",23
25,"Tarrant, Robbie",8,6,9,17,0,0,0,1,0,1,0,2,0,0,0,2,15,0,0,5,0,0,88,23,"North Melbourne","2018",23
16,"Thompson, Scott",5,4,5,10,0,0,0,0,1,2,0,2,0,1,0,3,7,0,0,2,0,0,88,23,"North Melbourne","2018",23
28,"Turner, Kayne",7,3,6,13,0,0,0,3,0,0,1,1,3,0,0,6,9,0,0,1,0,0,76,23,"North Melbourne","2018",23
30,"Waite, Jarrad",14,8,2,16,3,3,0,0,1,1,1,4,0,2,0,4,13,1,6,0,1,2,85,23,"North Melbourne","2018",23
2,"Williams, Marley",12,4,6,18,0,0,0,2,2,2,0,1,1,0,0,5,15,0,0,3,1,0,83,23,"North Melbourne","2018",23
32,"Wood, Mason",3,3,0,3,1,0,0,0,0,0,0,0,0,0,0,0,3,0,2,0,0,0,34,23,"North Melbourne","2018",23
19,"Wright, Sam",16,8,13,29,0,0,0,2,4,3,0,4,1,0,0,10,17,0,0,0,1,0,83,23,"North Melbourne","2018",23
7,"Ziebell, Jack",12,6,3,15,3,1,0,2,0,1,0,0,2,0,0,9,8,0,2,4,0,0,94,23,"North Melbourne","2018",23
0,"Rushed",0,0,0,0,0,2,0,0,0,0,0,0,0,0,0,0,0,0,0,0,0,0,0,23,"North Melbourne","2018",23
