"Number","Player","Kicks","Marks","Handballs","Disposals","Goals","Behinds","Hitouts","Tackles","Rebounds50s","Inside50s","Clearances","Clangers","FreesFor","FreesAgainst","BrownlowVotes","ContestedPossessions","UncontestedPossessions","ContestedMarks","MarksInside50","OnePercenters","Bounces","GoalAssists","PercentagePlayed","PointDifference","Team","Season","Round"
41,"Banfield, Bailey",9,4,10,19,1,1,0,6,1,1,5,4,1,1,0,8,13,0,1,1,0,0,88,-59,"Fremantle","2018",19
8,"Brayshaw, Andrew",12,3,13,25,1,0,0,4,2,1,2,2,3,0,0,9,16,0,1,1,0,0,69,-59,"Fremantle","2018",19
5,"Cerra, Adam",8,3,4,12,0,0,0,1,1,4,0,0,0,0,0,5,7,0,0,0,0,0,81,-59,"Fremantle","2018",19
36,"Cox, Brennan",4,0,3,7,0,2,0,1,0,1,0,4,2,3,0,2,6,0,0,2,0,2,93,-59,"Fremantle","2018",19
4,"Darcy, Sean",2,1,7,9,1,0,28,4,0,1,0,3,0,2,0,5,3,0,0,0,0,0,86,-59,"Fremantle","2018",19
44,"Duman, Taylin",10,6,7,17,0,0,0,1,4,2,0,3,1,1,0,6,12,0,0,2,0,0,91,-59,"Fremantle","2018",19
42,"Giro, Stefan",7,1,10,17,0,2,0,1,1,2,1,3,1,0,0,4,12,0,1,0,0,0,72,-59,"Fremantle","2018",19
21,"Hamling, Joel",6,8,12,18,0,0,0,0,2,0,0,2,0,0,0,10,8,2,0,11,0,0,95,-59,"Fremantle","2018",19
9,"Hill, Bradley",12,3,7,19,0,0,0,2,5,3,2,1,1,0,0,4,16,0,0,0,1,0,77,-59,"Fremantle","2018",19
32,"Hill, Stephen",14,3,4,18,0,0,0,1,6,1,0,0,0,0,0,2,15,0,0,3,0,0,85,-59,"Fremantle","2018",19
40,"Jones, Scott",4,7,7,11,0,0,11,2,0,2,0,2,1,1,0,3,7,1,0,1,0,0,89,-59,"Fremantle","2018",19
26,"Langdon, Ed",14,5,12,26,1,0,0,4,3,1,2,3,1,1,0,6,18,0,0,0,1,0,78,-59,"Fremantle","2018",19
3,"Matera, Brandon",10,3,8,18,0,1,0,5,1,1,0,3,0,1,0,3,15,0,0,2,0,0,79,-59,"Fremantle","2018",19
16,"Mundy, David",17,6,17,34,1,3,0,4,2,4,5,3,0,0,0,13,20,1,1,2,0,0,81,-59,"Fremantle","2018",19
27,"Neale, Lachie",12,3,24,36,0,0,0,3,1,4,8,4,0,0,0,19,16,0,0,1,0,1,83,-59,"Fremantle","2018",19
25,"Pearce, Alex",1,1,7,8,0,0,0,1,2,0,0,3,0,1,0,4,4,0,0,4,0,0,94,-59,"Fremantle","2018",19
38,"Ryan, Luke",6,4,4,10,1,0,0,3,0,4,0,2,0,1,0,4,7,0,0,1,0,0,83,-59,"Fremantle","2018",19
11,"Sheridan, Tom",7,7,9,16,0,1,0,2,0,2,0,1,0,0,0,2,14,0,1,3,0,0,71,-59,"Fremantle","2018",19
33,"Sutcliffe, Cam",5,2,4,9,0,0,0,1,0,1,0,1,1,1,0,1,8,0,0,2,0,0,62,-59,"Fremantle","2018",19
18,"Tucker, Darcy",8,5,14,22,1,0,0,1,2,1,1,1,0,0,0,5,17,0,1,1,0,0,74,-59,"Fremantle","2018",19
10,"Walters, Michael",15,6,7,22,0,0,0,0,3,4,4,5,0,3,0,8,16,0,0,2,1,1,86,-59,"Fremantle","2018",19
14,"Wilson, Nathan",14,8,4,18,0,0,0,0,8,3,0,3,0,0,0,1,16,0,0,5,2,0,85,-59,"Fremantle","2018",19
0,"Rushed",0,0,0,0,0,1,0,0,0,0,0,0,0,0,0,0,0,0,0,0,0,0,0,-59,"Fremantle","2018",19
30,"Brand, Kaiden",12,4,6,18,0,0,0,2,3,1,0,4,3,0,0,11,8,1,0,6,0,0,96,59,"Hawthorn","2018",19
22,"Breust, Luke",11,6,8,19,4,0,0,4,0,3,0,1,1,0,1,6,14,0,1,2,0,0,83,59,"Hawthorn","2018",19
9,"Burgoyne, Shaun",14,2,6,20,1,1,0,6,1,1,7,0,2,0,0,11,9,0,0,3,1,0,60,59,"Hawthorn","2018",19
5,"Burton, Ryan",11,2,12,23,0,0,0,0,4,3,0,2,0,1,0,4,19,0,0,4,3,1,81,59,"Hawthorn","2018",19
18,"Ceglar, Jonathon",7,4,5,12,0,0,27,3,1,1,1,3,1,1,0,4,8,1,1,3,0,0,76,59,"Hawthorn","2018",19
12,"Frawley, James",11,6,6,17,0,0,0,2,2,0,0,1,0,1,0,6,12,1,0,7,1,0,92,59,"Hawthorn","2018",19
19,"Gunston, Jack",12,7,7,19,2,0,0,0,0,5,0,1,0,0,0,5,14,1,0,1,0,1,85,59,"Hawthorn","2018",19
15,"Hardwick, Blake",9,5,13,22,1,0,0,1,2,0,0,4,0,1,0,5,16,1,0,9,0,0,82,59,"Hawthorn","2018",19
31,"Henderson, Ricky",14,7,9,23,0,0,0,2,1,5,2,3,0,1,0,5,18,1,0,2,2,0,82,59,"Hawthorn","2018",19
4,"Impey, Jarman",11,4,4,15,0,0,0,3,2,1,1,3,0,1,0,3,13,0,0,3,0,0,77,59,"Hawthorn","2018",19
42,"Miles, Teia",18,4,5,23,1,0,0,4,4,2,0,1,2,0,0,5,17,0,1,2,1,1,81,59,"Hawthorn","2018",19
3,"Mitchell, Tom",18,9,24,42,2,0,0,5,2,8,7,2,2,1,3,17,26,0,1,0,1,0,91,59,"Hawthorn","2018",19
10,"OMeara, Jaeger",19,8,14,33,1,0,0,3,0,4,6,7,0,3,2,8,21,0,0,1,0,3,82,59,"Hawthorn","2018",19
13,"ORourke, Jonathan",6,4,14,20,0,0,0,4,1,2,2,2,1,0,0,9,11,0,0,1,0,0,75,59,"Hawthorn","2018",19
28,"Puopolo, Paul",4,1,6,10,1,0,0,5,0,2,0,1,1,0,0,6,5,0,0,1,0,1,80,59,"Hawthorn","2018",19
2,"Roughead, Jarryd",11,6,9,20,1,2,4,2,0,3,2,3,1,1,0,8,13,2,2,1,0,0,82,59,"Hawthorn","2018",19
25,"Schoenmakers, Ryan",7,6,6,13,2,2,0,3,0,2,0,0,0,0,0,6,8,2,4,2,0,0,82,59,"Hawthorn","2018",19
26,"Shiels, Liam",14,7,13,27,1,0,0,6,0,4,2,3,0,0,0,8,19,0,1,1,0,0,75,59,"Hawthorn","2018",19
16,"Smith, Isaac",11,7,11,22,0,2,0,2,2,6,1,2,0,0,0,3,19,0,1,1,0,3,85,59,"Hawthorn","2018",19
24,"Stratton, Ben",9,5,11,20,0,0,0,2,3,1,1,3,2,1,0,10,11,2,0,5,0,0,95,59,"Hawthorn","2018",19
11,"Whitecross, Brendan",6,6,4,10,0,0,0,4,1,2,0,1,0,0,0,3,8,0,0,1,0,1,74,59,"Hawthorn","2018",19
38,"Worpel, James",8,2,8,16,0,1,0,3,0,5,2,0,0,0,0,5,10,0,1,0,1,1,83,59,"Hawthorn","2018",19
0,"Rushed",0,0,0,0,0,2,0,0,0,0,0,0,0,0,0,0,0,0,0,0,0,0,0,59,"Hawthorn","2018",19
