"Number","Player","Kicks","Marks","Handballs","Disposals","Goals","Behinds","Hitouts","Tackles","Rebounds50s","Inside50s","Clearances","Clangers","FreesFor","FreesAgainst","BrownlowVotes","ContestedPossessions","UncontestedPossessions","ContestedMarks","MarksInside50","OnePercenters","Bounces","GoalAssists","PercentagePlayed","PointDifference","Team","Season","Round"
9,"Ablett, Gary",12,3,13,25,1,2,0,2,0,6,4,6,0,3,0,11,14,0,0,1,0,0,90,40,"Gold Coast","2016",15
13,"Ah Chee, Callum",10,4,2,12,1,3,0,0,1,4,0,2,1,1,0,3,9,1,2,3,0,2,78,40,"Gold Coast","2016",15
39,"Davis, Ryan",10,3,4,14,1,0,0,2,0,5,2,0,1,0,0,7,7,1,1,1,0,1,81,40,"Gold Coast","2016",15
12,"Day, Sam",3,2,3,6,0,0,0,0,0,1,0,0,0,0,0,3,3,0,0,1,0,0,89,40,"Gold Coast","2016",15
33,"Hall, Aaron",18,6,9,27,2,2,0,3,3,7,2,4,2,1,2,7,20,1,0,2,2,0,77,40,"Gold Coast","2016",15
5,"Harbrow, Jarrod",13,7,8,21,0,0,0,4,4,4,0,1,1,0,0,3,18,0,0,2,2,1,85,40,"Gold Coast","2016",15
38,"Joyce, Jesse",10,5,5,15,0,0,0,1,2,1,0,2,0,0,0,3,13,0,1,3,0,0,83,40,"Gold Coast","2016",15
28,"Kolodjashnij, Kade",17,10,6,23,0,0,0,3,7,1,0,5,0,2,0,4,19,2,0,5,2,0,90,40,"Gold Coast","2016",15
19,"Lynch, Tom",15,14,5,20,1,4,0,0,0,4,0,5,2,1,1,7,14,4,7,1,0,0,100,40,"Gold Coast","2016",15
7,"Malceski, Nick",21,10,9,30,1,0,0,1,9,4,0,5,2,2,0,3,27,0,0,1,3,0,79,40,"Gold Coast","2016",15
4,"Martin, Jack",11,8,8,19,0,0,0,4,3,2,0,0,1,0,0,5,13,0,0,2,2,0,85,40,"Gold Coast","2016",15
32,"Matera, Brandon",14,9,6,20,2,2,0,3,1,3,2,3,1,1,0,7,14,0,3,1,4,0,85,40,"Gold Coast","2016",15
17,"May, Steven",14,11,9,23,0,0,0,0,8,2,0,2,1,2,0,6,13,1,0,9,3,0,91,40,"Gold Coast","2016",15
11,"Miller, Touk",11,5,6,17,1,0,0,1,1,2,2,0,0,0,0,6,12,0,0,1,1,1,80,40,"Gold Coast","2016",15
22,"Nicholls, Tom",4,2,9,13,0,1,17,1,2,0,4,4,0,2,0,7,5,1,1,3,0,0,84,40,"Gold Coast","2016",15
10,"Prestia, Dion",9,4,17,26,2,0,0,2,1,3,2,0,2,0,0,6,19,0,1,3,0,1,83,40,"Gold Coast","2016",15
35,"Rischitelli, Michael",14,8,19,33,0,1,0,6,6,3,4,2,1,0,3,13,19,0,0,0,0,2,83,40,"Gold Coast","2016",15
3,"Rosa, Matt",0,0,1,1,0,0,0,0,0,0,0,0,0,0,0,0,1,0,0,1,0,0,11,40,"Gold Coast","2016",15
6,"Sexton, Alex",12,9,7,19,0,1,0,2,2,4,1,3,0,1,0,3,16,0,1,0,0,2,86,40,"Gold Coast","2016",15
26,"Shaw, Matt",14,8,5,19,0,0,0,1,1,3,0,0,0,0,0,0,18,0,0,0,0,1,81,40,"Gold Coast","2016",15
16,"Thompson, Rory",10,11,6,16,0,0,0,3,1,0,0,2,0,1,0,3,13,0,0,7,0,0,85,40,"Gold Coast","2016",15
30,"Wright, Peter",9,10,5,14,3,1,2,0,0,2,0,1,0,0,0,3,11,3,4,3,0,3,93,40,"Gold Coast","2016",15
0,"Rushed",0,0,0,0,0,1,0,0,0,0,0,0,0,0,0,0,0,0,0,0,0,0,0,40,"Gold Coast","2016",15
8,"Acres, Blake",8,3,9,17,0,0,0,3,4,2,3,2,2,1,0,8,9,0,0,1,0,1,72,-40,"St Kilda","2016",15
20,"Armitage, David",8,1,9,17,0,0,0,5,0,7,4,8,3,4,0,10,12,0,0,1,0,0,89,-40,"St Kilda","2016",15
27,"Bruce, Josh",4,1,8,12,1,0,2,1,0,3,0,1,0,0,0,3,9,1,0,2,0,0,93,-40,"St Kilda","2016",15
21,"Delaney, Luke",0,4,9,9,0,0,0,1,1,0,0,0,0,0,0,6,3,1,0,4,0,0,96,-40,"St Kilda","2016",15
7,"Dunstan, Luke",7,0,8,15,0,0,0,5,1,3,2,2,0,0,0,7,10,0,0,2,0,1,72,-40,"St Kilda","2016",15
14,"Geary, Jarryn",6,1,11,17,0,0,0,1,5,0,0,0,1,0,0,5,12,0,0,5,0,0,87,-40,"St Kilda","2016",15
19,"Gilbert, Sam",8,5,9,17,0,1,2,2,4,3,0,3,0,2,0,6,12,0,0,3,0,0,91,-40,"St Kilda","2016",15
22,"Gresham, Jade",5,0,11,16,1,2,0,3,0,2,0,2,1,0,0,8,8,0,0,0,3,1,81,-40,"St Kilda","2016",15
1,"Hickey, Tom",6,5,7,13,0,2,18,1,0,1,3,5,2,4,0,7,4,4,2,2,0,0,90,-40,"St Kilda","2016",15
9,"Lee, Tom",7,4,1,8,0,0,1,0,3,1,0,0,2,0,0,3,5,1,0,3,0,0,78,-40,"St Kilda","2016",15
13,"Lonie, Jack",7,1,7,14,1,1,0,1,1,1,0,1,1,0,0,7,7,0,1,1,0,1,84,-40,"St Kilda","2016",15
32,"McCartin, Paddy",2,1,0,2,0,0,0,0,0,2,0,0,1,0,0,2,0,1,0,1,0,0,13,-40,"St Kilda","2016",15
28,"Membrey, Tim",9,4,9,18,2,1,0,2,2,1,0,7,0,1,0,7,10,1,3,3,0,0,92,-40,"St Kilda","2016",15
41,"Minchington, Darren",5,1,8,13,0,0,0,3,0,2,2,3,1,0,0,8,5,0,0,0,0,0,81,-40,"St Kilda","2016",15
11,"Montagna, Leigh",12,5,13,25,0,1,0,1,5,3,0,2,0,1,0,1,21,0,0,1,0,0,90,-40,"St Kilda","2016",15
16,"Newnes, Jack",16,3,4,20,2,0,0,3,1,5,3,3,1,1,0,8,12,0,0,2,0,1,90,-40,"St Kilda","2016",15
12,"Riewoldt, Nick",14,10,7,21,0,5,6,0,1,6,0,3,0,0,0,7,15,2,3,0,0,0,77,-40,"St Kilda","2016",15
17,"Roberton, Dylan",9,4,6,15,0,0,0,1,4,1,0,0,0,0,0,4,9,1,0,4,1,0,88,-40,"St Kilda","2016",15
6,"Ross, Sebastian",11,1,8,19,0,0,3,3,3,3,5,4,0,0,0,6,14,0,0,1,0,0,79,-40,"St Kilda","2016",15
5,"Savage, Shane",12,4,7,19,0,0,0,1,5,5,0,2,0,0,0,4,13,2,0,3,0,0,81,-40,"St Kilda","2016",15
3,"Steven, Jack",10,0,11,21,0,0,0,4,0,9,4,4,0,1,0,7,11,0,0,0,1,0,84,-40,"St Kilda","2016",15
44,"Weller, Maverick",9,3,6,15,1,4,0,4,1,2,0,2,2,0,0,7,8,1,3,0,0,1,93,-40,"St Kilda","2016",15
0,"Rushed",0,0,0,0,0,3,0,0,0,0,0,0,0,0,0,0,0,0,0,0,0,0,0,-40,"St Kilda","2016",15
