"Number","Player","Kicks","Marks","Handballs","Disposals","Goals","Behinds","Hitouts","Tackles","Rebounds50s","Inside50s","Clearances","Clangers","FreesFor","FreesAgainst","BrownlowVotes","ContestedPossessions","UncontestedPossessions","ContestedMarks","MarksInside50","OnePercenters","Bounces","GoalAssists","PercentagePlayed","PointDifference","Team","Season","Round"
41,"Ah Chee, Brendon",4,2,8,12,1,0,0,5,1,3,3,2,0,1,0,7,6,0,0,1,0,0,67,33,"Port Adelaide","2016",1
1,"Boak, Travis",8,2,9,17,1,0,0,3,1,2,2,2,0,0,0,7,8,0,2,1,0,1,84,33,"Port Adelaide","2016",1
5,"Broadbent, Matthew",14,1,12,26,1,0,0,4,6,3,1,3,0,0,0,9,13,1,0,1,1,1,91,33,"Port Adelaide","2016",1
27,"Carlile, Alipate",5,2,5,10,0,0,0,3,1,1,1,0,0,0,0,3,7,0,0,4,0,0,86,33,"Port Adelaide","2016",1
22,"Dixon, Charlie",8,3,3,11,3,3,0,5,0,3,0,2,4,1,0,9,2,2,2,2,0,1,95,33,"Port Adelaide","2016",1
7,"Ebert, Brad",17,4,8,25,3,0,0,8,0,5,2,6,1,2,2,12,15,1,0,1,0,1,86,33,"Port Adelaide","2016",1
9,"Gray, Robbie",14,4,12,26,4,2,0,5,3,4,8,1,1,0,3,14,13,1,2,0,2,1,95,33,"Port Adelaide","2016",1
46,"Gray, Sam",18,5,19,37,0,1,0,3,3,6,6,5,1,1,0,17,21,0,1,0,1,1,71,33,"Port Adelaide","2016",1
8,"Hartlett, Hamish",16,5,8,24,0,2,0,9,2,2,3,3,1,0,0,12,11,2,2,2,0,1,75,33,"Port Adelaide","2016",1
36,"Hombsch, Jack",5,2,3,8,0,0,0,3,1,0,0,1,0,0,0,6,2,0,0,12,0,0,88,33,"Port Adelaide","2016",1
24,"Impey, Jarman",4,0,1,5,0,0,0,8,0,1,0,0,0,0,0,1,3,0,0,2,0,1,76,33,"Port Adelaide","2016",1
42,"Jonas, Tom",10,3,6,16,0,0,0,5,2,3,2,0,0,0,0,6,10,0,0,5,0,0,88,33,"Port Adelaide","2016",1
23,"Lobbe, Matthew",2,2,7,9,0,0,42,7,0,0,2,0,0,0,0,5,4,0,0,2,0,0,91,33,"Port Adelaide","2016",1
3,"Neade, Jake",2,0,7,9,0,0,0,8,1,3,0,0,2,0,0,4,6,0,0,1,0,0,75,33,"Port Adelaide","2016",1
29,"Pittard, Jasper",19,6,8,27,0,0,0,1,7,4,0,4,0,0,0,8,14,1,0,4,2,0,87,33,"Port Adelaide","2016",1
21,"Polec, Jared",13,2,6,19,0,1,0,3,1,3,1,3,1,2,0,8,11,0,0,0,1,0,85,33,"Port Adelaide","2016",1
28,"Schulz, Jay",8,6,9,17,1,1,0,2,0,5,0,2,0,2,0,9,9,3,2,1,0,0,95,33,"Port Adelaide","2016",1
12,"Trengove, Jackson",12,6,7,19,0,0,4,2,4,2,0,0,0,0,0,8,10,0,0,6,0,0,83,33,"Port Adelaide","2016",1
39,"Westhoff, Justin",11,6,6,17,2,2,3,6,1,5,1,2,2,1,0,8,12,1,2,3,1,2,91,33,"Port Adelaide","2016",1
19,"White, Matt",2,0,0,2,0,0,0,2,1,1,2,0,1,0,0,1,2,0,0,0,0,0,14,33,"Port Adelaide","2016",1
16,"Wines, Ollie",12,1,12,24,1,0,0,5,1,2,7,5,1,1,0,12,12,0,0,2,0,0,79,33,"Port Adelaide","2016",1
20,"Wingard, Chad",13,2,8,21,3,0,0,9,2,3,3,1,1,0,0,11,11,1,0,3,1,2,98,33,"Port Adelaide","2016",1
0,"Rushed",0,0,0,0,0,1,0,0,0,0,0,0,0,0,0,0,0,0,0,0,0,0,0,33,"Port Adelaide","2016",1
8,"Acres, Blake",14,3,8,22,1,0,0,2,0,3,4,1,2,0,0,10,12,0,0,2,0,0,68,-33,"St Kilda","2016",1
20,"Armitage, David",12,1,16,28,1,0,0,7,0,2,14,5,0,0,0,19,11,0,1,4,0,1,73,-33,"St Kilda","2016",1
15,"Billings, Jack",10,4,12,22,0,0,0,2,1,7,1,2,0,0,0,6,16,0,0,1,0,2,82,-33,"St Kilda","2016",1
27,"Bruce, Josh",6,5,5,11,2,0,0,1,0,1,0,3,0,0,0,6,5,2,2,4,0,1,87,-33,"St Kilda","2016",1
24,"Dempster, Sean",6,4,2,8,0,0,0,2,1,0,1,1,0,0,0,2,6,0,0,4,0,0,93,-33,"St Kilda","2016",1
7,"Dunstan, Luke",2,1,8,10,0,0,0,9,0,0,6,2,1,1,0,8,3,0,0,2,0,0,67,-33,"St Kilda","2016",1
25,"Fisher, Sam",14,5,4,18,0,0,1,2,7,0,0,6,1,4,0,4,16,0,0,13,0,0,98,-33,"St Kilda","2016",1
14,"Geary, Jarryn",11,3,8,19,0,0,0,1,7,0,1,3,2,1,0,10,11,1,0,7,0,0,95,-33,"St Kilda","2016",1
19,"Gilbert, Sam",10,3,17,27,1,1,4,5,0,4,4,5,0,3,0,12,15,0,1,0,0,1,80,-33,"St Kilda","2016",1
22,"Gresham, Jade",3,1,6,9,1,0,0,4,0,1,1,0,0,0,0,5,4,0,0,0,0,1,67,-33,"St Kilda","2016",1
1,"Hickey, Tom",9,2,11,20,0,0,56,3,4,2,6,2,0,1,0,13,6,2,0,5,0,0,88,-33,"St Kilda","2016",1
13,"Lonie, Jack",5,4,4,9,3,1,0,1,0,2,1,0,0,0,0,3,6,0,3,3,0,1,76,-33,"St Kilda","2016",1
11,"Montagna, Leigh",17,7,12,29,0,0,0,4,3,4,3,3,0,0,0,9,21,0,0,3,0,0,85,-33,"St Kilda","2016",1
16,"Newnes, Jack",14,3,12,26,1,1,0,3,2,5,1,4,0,3,0,6,21,0,0,1,0,2,90,-33,"St Kilda","2016",1
12,"Riewoldt, Nick",4,5,6,10,2,0,0,1,0,1,0,1,0,0,0,0,10,0,3,1,0,0,88,-33,"St Kilda","2016",1
17,"Roberton, Dylan",11,2,9,20,0,0,0,2,1,3,2,4,1,1,0,5,12,0,0,2,1,0,86,-33,"St Kilda","2016",1
6,"Ross, Sebastian",16,5,14,30,0,0,4,6,0,6,3,7,0,0,1,7,22,0,0,1,0,0,75,-33,"St Kilda","2016",1
5,"Savage, Shane",16,3,9,25,0,0,0,2,6,4,0,4,0,0,0,6,15,0,0,3,0,0,93,-33,"St Kilda","2016",1
3,"Steven, Jack",19,2,17,36,1,0,0,5,3,8,7,5,0,0,0,16,17,0,0,2,0,0,77,-33,"St Kilda","2016",1
4,"Templeton, Eli",4,2,6,10,0,0,0,3,0,1,0,1,0,1,0,2,8,0,1,0,0,2,70,-33,"St Kilda","2016",1
29,"Webster, Jimmy",11,3,7,18,0,0,0,1,3,1,0,0,4,0,0,6,11,0,0,4,0,0,75,-33,"St Kilda","2016",1
44,"Weller, Maverick",9,2,12,21,2,2,1,6,1,3,6,1,0,1,0,11,8,0,1,0,1,1,86,-33,"St Kilda","2016",1
0,"Rushed",0,0,0,0,0,5,0,0,0,0,0,0,0,0,0,0,0,0,0,0,0,0,0,-33,"St Kilda","2016",1
