"Number","Player","Kicks","Marks","Handballs","Disposals","Goals","Behinds","Hitouts","Tackles","Rebounds50s","Inside50s","Clearances","Clangers","FreesFor","FreesAgainst","BrownlowVotes","ContestedPossessions","UncontestedPossessions","ContestedMarks","MarksInside50","OnePercenters","Bounces","GoalAssists","PercentagePlayed","PointDifference","Team","Season","Round"
8,"Acres, Blake",8,3,4,12,0,0,0,2,2,3,1,1,0,0,0,5,7,1,0,2,2,1,81,-7,"St Kilda","2016",7
20,"Armitage, David",5,1,11,16,0,0,0,4,3,2,3,1,2,0,0,8,8,1,0,2,0,0,67,-7,"St Kilda","2016",7
15,"Billings, Jack",11,7,4,15,1,1,0,3,1,1,1,2,0,0,0,6,9,1,2,0,2,1,84,-7,"St Kilda","2016",7
27,"Bruce, Josh",8,5,0,8,2,1,0,0,1,2,0,5,1,2,0,6,2,4,3,3,0,0,88,-7,"St Kilda","2016",7
24,"Dempster, Sean",7,7,5,12,0,0,0,4,1,0,0,1,0,1,0,2,10,0,1,9,0,0,93,-7,"St Kilda","2016",7
7,"Dunstan, Luke",9,4,10,19,0,1,0,4,2,3,2,0,1,0,0,7,12,0,0,1,0,1,77,-7,"St Kilda","2016",7
25,"Fisher, Sam",10,7,5,15,0,0,2,3,5,0,1,2,0,1,0,4,12,0,0,6,1,0,89,-7,"St Kilda","2016",7
14,"Geary, Jarryn",8,5,11,19,0,1,0,2,2,1,4,1,0,0,0,9,10,1,0,0,0,0,85,-7,"St Kilda","2016",7
19,"Gilbert, Sam",15,7,9,24,0,0,0,5,6,7,0,6,0,2,0,7,16,2,0,4,0,0,93,-7,"St Kilda","2016",7
22,"Gresham, Jade",7,3,6,13,0,0,0,1,1,2,0,1,2,1,0,5,7,0,1,0,1,1,60,-7,"St Kilda","2016",7
1,"Hickey, Tom",6,7,8,14,0,1,22,2,0,3,1,4,1,4,0,7,8,2,1,1,0,0,91,-7,"St Kilda","2016",7
13,"Lonie, Jack",1,0,7,8,0,0,0,3,0,0,1,0,1,0,0,3,5,0,0,3,0,0,69,-7,"St Kilda","2016",7
28,"Membrey, Tim",8,4,4,12,3,0,0,1,1,3,0,3,0,1,0,4,7,1,2,0,1,1,73,-7,"St Kilda","2016",7
41,"Minchington, Darren",4,1,5,9,0,0,0,2,0,1,0,0,1,0,0,5,4,0,0,1,1,0,66,-7,"St Kilda","2016",7
11,"Montagna, Leigh",19,6,15,34,0,0,0,2,4,2,1,3,2,2,2,10,21,0,0,0,0,0,89,-7,"St Kilda","2016",7
16,"Newnes, Jack",16,6,11,27,0,0,0,0,8,4,0,8,1,3,0,5,22,0,0,1,0,0,90,-7,"St Kilda","2016",7
12,"Riewoldt, Nick",18,16,6,24,3,0,3,2,1,5,1,4,1,0,3,8,16,4,4,1,0,1,96,-7,"St Kilda","2016",7
6,"Ross, Sebastian",9,4,7,16,0,0,1,7,2,3,5,1,0,0,0,8,10,0,0,3,0,1,82,-7,"St Kilda","2016",7
5,"Savage, Shane",14,7,8,22,1,1,0,2,3,3,0,4,1,1,0,5,18,0,1,1,0,0,86,-7,"St Kilda","2016",7
3,"Steven, Jack",6,1,9,15,0,0,0,6,2,4,6,5,1,2,0,10,5,0,0,0,2,0,84,-7,"St Kilda","2016",7
29,"Webster, Jimmy",10,4,5,15,0,0,0,3,1,0,1,3,1,1,0,3,11,0,0,5,0,0,73,-7,"St Kilda","2016",7
44,"Weller, Maverick",5,2,12,17,1,1,0,3,0,1,2,3,0,1,0,9,9,0,1,1,0,1,84,-7,"St Kilda","2016",7
0,"Rushed",0,0,0,0,0,2,0,0,0,0,0,0,0,0,0,0,0,0,0,0,0,0,0,-7,"St Kilda","2016",7
18,"Atley, Shaun",12,7,9,21,0,0,0,0,4,5,0,0,0,0,0,4,17,1,0,1,3,0,86,7,"North Melbourne","2016",7
50,"Brown, Ben",10,5,1,11,2,0,2,2,0,3,1,1,3,1,0,5,5,1,1,0,0,0,78,7,"North Melbourne","2016",7
10,"Cunnington, Ben",11,5,15,26,1,0,0,2,1,2,7,1,0,0,0,14,12,2,0,1,0,0,68,7,"North Melbourne","2016",7
15,"Dal Santo, Nick",11,3,8,19,0,1,0,5,2,2,5,2,2,0,0,7,13,0,0,1,0,0,82,7,"North Melbourne","2016",7
11,"Firrito, Michael",9,8,4,13,0,0,0,3,5,2,0,1,1,1,0,5,9,1,0,7,0,0,94,7,"North Melbourne","2016",7
43,"Gibson, Sam",11,5,10,21,0,1,0,0,1,4,1,3,1,0,0,5,18,0,0,2,0,0,83,7,"North Melbourne","2016",7
22,"Goldstein, Todd",9,5,8,17,0,1,35,4,1,4,4,3,3,0,0,9,8,1,0,3,0,0,89,7,"North Melbourne","2016",7
29,"Harvey, Brent",11,3,10,21,1,2,0,2,2,3,3,2,2,1,0,7,13,0,0,0,3,0,88,7,"North Melbourne","2016",7
4,"Higgins, Shaun",5,3,6,11,2,3,0,0,0,2,0,1,0,1,0,4,9,0,2,2,0,0,86,7,"North Melbourne","2016",7
5,"Jacobs, Ben",7,2,7,14,0,1,0,6,1,2,1,1,0,1,0,5,10,0,0,1,0,0,82,7,"North Melbourne","2016",7
34,"Macmillan, Jamie",9,5,4,13,0,0,0,6,2,2,1,3,0,0,0,4,9,1,0,2,1,0,89,7,"North Melbourne","2016",7
21,"McDonald, Luke",10,5,3,13,0,0,0,3,1,4,1,0,0,0,0,4,10,0,0,1,0,1,82,7,"North Melbourne","2016",7
17,"Mullett, Aaron",14,6,2,16,0,0,0,1,4,2,1,2,0,0,0,5,11,0,0,2,0,0,74,7,"North Melbourne","2016",7
28,"Nahas, Robin",7,2,4,11,0,2,0,2,0,2,1,0,1,0,0,9,3,1,1,3,1,0,81,7,"North Melbourne","2016",7
20,"Petrie, Drew",8,4,3,11,2,0,0,1,0,3,0,1,2,0,0,7,5,2,0,3,1,2,96,7,"North Melbourne","2016",7
9,"Swallow, Andrew",12,3,7,19,0,0,0,10,2,4,4,4,1,3,0,8,12,0,0,5,0,0,72,7,"North Melbourne","2016",7
25,"Tarrant, Robbie",7,5,4,11,0,0,0,0,3,1,1,3,0,2,0,4,7,1,0,10,0,0,94,7,"North Melbourne","2016",7
16,"Thompson, Scott",11,6,7,18,0,0,0,2,3,0,0,1,1,0,0,6,10,1,0,3,0,0,93,7,"North Melbourne","2016",7
30,"Waite, Jarrad",8,4,4,12,1,2,0,3,0,6,0,6,1,3,0,6,6,2,2,0,0,1,92,7,"North Melbourne","2016",7
8,"Wells, Daniel",5,1,6,11,0,0,1,3,0,0,4,0,0,0,0,7,6,0,0,4,0,0,54,7,"North Melbourne","2016",7
32,"Wood, Mason",6,4,5,11,2,2,0,4,0,2,1,1,2,1,0,6,5,1,3,0,0,0,71,7,"North Melbourne","2016",7
7,"Ziebell, Jack",19,5,9,28,0,1,1,2,4,5,4,6,2,2,1,14,14,0,0,1,1,0,67,7,"North Melbourne","2016",7
0,"Totals",212,96,136,348,11,16,39,61,36,60,40,42,22,16,1,145,212,15,9,52,10,4,0,7,"North Melbourne","2016",7
