"Number","Player","Kicks","Marks","Handballs","Disposals","Goals","Behinds","Hitouts","Tackles","Rebounds50s","Inside50s","Clearances","Clangers","FreesFor","FreesAgainst","BrownlowVotes","ContestedPossessions","UncontestedPossessions","ContestedMarks","MarksInside50","OnePercenters","Bounces","GoalAssists","PercentagePlayed","PointDifference","Team","Season","Round"
27,"Armfield, Dennis",14,4,5,19,0,1,0,4,1,5,3,3,1,0,0,7,10,0,1,3,0,0,83,20,"Carlton","2016",22
7,"Buckley, Dylan",7,3,5,12,3,0,0,2,1,3,0,4,1,1,0,3,9,0,1,1,0,0,79,20,"Carlton","2016",22
41,"Casboult, Levi",6,4,3,9,0,1,0,0,0,0,0,1,0,0,0,3,5,1,1,0,0,0,89,20,"Carlton","2016",22
9,"Cripps, Patrick",10,3,20,30,1,2,2,13,2,5,12,5,1,1,3,19,10,0,1,2,0,1,88,20,"Carlton","2016",22
28,"Cuningham, David",4,2,7,11,0,0,0,6,0,1,2,1,0,0,0,7,3,1,0,1,0,0,66,20,"Carlton","2016",22
35,"Curnow, Ed",13,2,10,23,0,1,0,6,2,4,5,3,1,1,0,8,14,0,0,0,0,0,68,20,"Carlton","2016",22
15,"Docherty, Sam",19,6,7,26,0,0,0,4,6,1,0,2,3,0,0,9,15,0,0,0,0,0,88,20,"Carlton","2016",22
33,"Everitt, Andrejs",9,6,7,16,1,1,0,1,2,2,1,2,0,0,0,2,11,0,2,1,0,0,77,20,"Carlton","2016",22
4,"Gibbs, Bryce",17,4,16,33,0,0,3,5,0,7,8,3,1,0,2,13,20,0,0,1,0,1,81,20,"Carlton","2016",22
32,"Graham, Nick",14,2,5,19,2,2,0,7,1,0,0,4,3,0,0,9,11,0,0,0,0,0,85,20,"Carlton","2016",22
14,"Jones, Liam",9,2,8,17,1,0,0,7,0,5,1,2,3,0,0,15,2,2,1,0,0,0,75,20,"Carlton","2016",22
8,"Kreuzer, Matthew",8,3,4,12,0,1,21,4,1,1,3,2,1,0,0,7,5,2,2,4,0,1,85,20,"Carlton","2016",22
34,"Phillips, Andrew",4,2,3,7,1,0,11,2,0,1,2,2,0,1,0,5,3,1,1,4,0,0,67,20,"Carlton","2016",22
20,"Plowman, Lachie",4,5,6,10,0,0,0,1,2,1,0,1,0,0,0,1,9,0,0,1,0,0,85,20,"Carlton","2016",22
17,"Rowe, Sam",7,5,3,10,0,0,0,1,6,0,0,2,0,0,0,2,8,0,0,12,0,0,100,20,"Carlton","2016",22
6,"Simpson, Kade",21,5,5,26,0,0,0,4,5,5,0,3,1,0,1,4,19,0,0,4,2,0,92,20,"Carlton","2016",22
19,"Sumner, Liam",5,5,5,10,1,0,0,2,0,1,1,0,2,0,0,5,7,0,1,3,0,0,82,20,"Carlton","2016",22
39,"Thomas, Dale",11,3,5,16,0,1,0,2,2,3,1,0,0,0,0,5,12,0,0,0,0,0,79,20,"Carlton","2016",22
42,"Tuohy, Zach",11,3,4,15,0,0,0,5,7,1,0,3,1,1,0,2,8,0,0,0,0,1,84,20,"Carlton","2016",22
23,"Weitering, Jacob",8,8,8,16,0,0,0,3,3,0,0,2,0,0,0,5,11,1,0,4,0,0,77,20,"Carlton","2016",22
43,"White, Simon",7,6,10,17,0,0,0,2,4,1,1,2,0,0,0,5,13,0,0,3,0,0,81,20,"Carlton","2016",22
46,"Wright, Matthew",13,3,7,20,1,0,0,2,0,5,1,3,1,0,0,6,11,2,1,1,1,1,89,20,"Carlton","2016",22
0,"Rushed",0,0,0,0,0,2,0,0,0,0,0,0,0,0,0,0,0,0,0,0,0,0,0,20,"Carlton","2016",22
10,"Brayshaw, Angus",6,3,12,18,0,0,0,4,1,2,0,2,0,0,0,4,15,0,0,1,0,0,80,-20,"Melbourne","2016",22
32,"Bugg, Tomas",7,2,7,14,1,0,0,2,1,3,0,2,1,0,0,4,10,0,0,1,0,0,80,-20,"Melbourne","2016",22
17,"Frost, Sam",5,3,9,14,0,0,0,3,2,1,0,5,0,2,0,6,8,0,0,4,0,0,77,-20,"Melbourne","2016",22
11,"Gawn, Max",10,6,6,16,1,0,33,3,0,3,3,3,0,2,0,9,7,3,1,5,0,0,79,-20,"Melbourne","2016",22
1,"Hogan, Jesse",11,14,7,18,1,3,0,0,0,5,0,1,0,0,0,5,13,5,5,1,0,1,93,-20,"Melbourne","2016",22
29,"Hunt, Jayden",12,3,4,16,1,0,0,1,1,4,0,2,0,1,0,4,11,2,0,3,2,0,88,-20,"Melbourne","2016",22
39,"Jetta, Neville",12,6,6,18,0,1,0,3,3,2,0,3,0,2,0,3,14,0,0,5,0,1,88,-20,"Melbourne","2016",22
2,"Jones, Nathan",12,5,17,29,0,1,0,5,2,3,5,5,0,3,0,11,19,1,1,5,0,1,86,-20,"Melbourne","2016",22
16,"Kent, Dean",5,0,4,9,0,0,0,3,1,3,0,2,0,0,0,5,5,0,0,3,0,0,71,-20,"Melbourne","2016",22
28,"McDonald, Oscar",10,3,10,20,0,0,0,4,4,2,1,2,0,1,0,5,14,1,0,8,0,0,88,-20,"Melbourne","2016",22
25,"McDonald, Tom",10,5,9,19,0,0,0,1,5,2,1,1,0,1,0,6,12,1,0,14,0,0,97,-20,"Melbourne","2016",22
22,"Michie, Viv",7,4,13,20,0,0,0,2,0,2,0,1,0,0,0,8,13,0,0,0,0,0,79,-20,"Melbourne","2016",22
30,"Neal-Bullen, Alex",5,1,3,8,1,0,0,4,0,3,2,2,0,1,0,2,7,0,0,0,0,1,84,-20,"Melbourne","2016",22
13,"Oliver, Clayton",5,6,19,24,1,0,0,4,3,0,2,2,0,0,0,9,16,0,1,0,0,0,74,-20,"Melbourne","2016",22
5,"Petracca, Christian",13,2,8,21,0,2,0,4,5,1,2,4,1,0,0,11,10,0,1,1,0,0,81,-20,"Melbourne","2016",22
15,"Stretch, Billy",4,3,10,14,0,1,0,3,1,1,0,3,0,1,0,2,14,0,0,0,1,0,67,-20,"Melbourne","2016",22
12,"Tyson, Dom",16,8,14,30,0,2,0,4,1,6,2,5,0,1,0,8,24,0,0,1,0,0,77,-20,"Melbourne","2016",22
37,"Vandenberg, Aaron",7,3,8,15,1,2,0,3,0,3,0,0,0,0,0,7,8,0,2,2,0,0,82,-20,"Melbourne","2016",22
23,"Vince, Bernie",13,4,9,22,0,1,0,1,5,4,0,4,1,2,0,4,15,0,0,1,0,0,85,-20,"Melbourne","2016",22
7,"Viney, Jack",13,6,14,27,0,0,0,11,2,4,8,5,2,2,0,16,12,0,0,3,0,1,82,-20,"Melbourne","2016",22
4,"Watts, Jack",6,3,8,14,0,1,2,2,0,1,0,0,0,0,0,3,11,1,1,2,0,1,84,-20,"Melbourne","2016",22
26,"Weideman, Sam",2,3,5,7,0,0,0,0,0,0,0,2,0,1,0,4,3,1,1,0,0,0,78,-20,"Melbourne","2016",22
0,"Rushed",0,0,0,0,0,2,0,0,0,0,0,0,0,0,0,0,0,0,0,0,0,0,0,-20,"Melbourne","2016",22
