"Number","Player","Kicks","Marks","Handballs","Disposals","Goals","Behinds","Hitouts","Tackles","Rebounds50s","Inside50s","Clearances","Clangers","FreesFor","FreesAgainst","BrownlowVotes","ContestedPossessions","UncontestedPossessions","ContestedMarks","MarksInside50","OnePercenters","Bounces","GoalAssists","PercentagePlayed","PointDifference","Team","Season","Round"
12,"Astbury, David",3,5,8,11,0,0,0,2,1,0,0,1,0,0,0,4,7,0,0,3,0,0,94,-36,"Richmond","2016",3
25,"Chaplin, Troy",7,5,8,15,0,1,0,2,1,2,0,1,0,1,0,6,9,2,0,3,0,1,79,-36,"Richmond","2016",3
9,"Cotchin, Trent",15,7,17,32,1,0,0,6,2,3,6,3,2,2,1,14,20,2,0,2,0,1,86,-36,"Richmond","2016",3
10,"Edwards, Shane",8,4,14,22,1,0,0,1,1,3,2,4,0,2,0,6,15,0,2,0,1,1,77,-36,"Richmond","2016",3
5,"Ellis, Brandon",22,11,17,39,0,1,0,2,3,4,1,3,2,0,0,6,33,0,0,0,0,1,86,-36,"Richmond","2016",3
32,"Ellis, Corey",5,3,11,16,0,1,0,1,3,0,2,1,0,0,0,5,10,0,0,1,0,0,73,-36,"Richmond","2016",3
6,"Grigg, Shaun",9,8,16,25,1,0,3,4,0,4,6,3,1,0,0,9,16,1,2,0,0,0,75,-36,"Richmond","2016",3
16,"Hampson, Shaun",8,5,3,11,1,0,34,2,0,3,2,1,2,0,0,6,4,4,1,2,0,0,82,-36,"Richmond","2016",3
14,"Houli, Bachar",21,10,15,36,0,0,0,5,5,3,2,2,0,1,0,8,28,1,0,3,1,0,95,-36,"Richmond","2016",3
23,"Lambert, Kane",10,3,8,18,1,0,0,3,3,4,2,2,0,2,0,5,14,0,0,2,0,0,78,-36,"Richmond","2016",3
7,"Lennon, Ben",11,8,0,11,0,1,0,3,3,2,0,1,2,1,0,1,11,0,0,2,0,0,82,-36,"Richmond","2016",3
27,"Lloyd, Sam",12,6,4,16,3,0,0,2,1,2,1,3,1,2,0,6,10,1,4,0,0,0,80,-36,"Richmond","2016",3
4,"Martin, Dustin",14,8,11,25,0,0,0,3,3,3,1,5,2,1,0,5,20,1,0,2,0,0,72,-36,"Richmond","2016",3
33,"McIntosh, Kamdyn",14,4,5,19,0,1,0,2,3,4,0,1,1,0,0,8,13,1,1,1,0,0,72,-36,"Richmond","2016",3
37,"Menadue, Connor",6,4,12,18,0,1,0,1,0,3,1,7,0,1,0,5,14,0,0,2,0,0,88,-36,"Richmond","2016",3
26,"Miles, Anthony",9,4,12,21,0,0,0,4,1,4,3,2,2,1,0,6,14,0,0,0,0,0,74,-36,"Richmond","2016",3
18,"Rance, Alex",11,9,10,21,0,0,0,4,1,0,0,1,1,0,0,6,15,0,0,6,1,0,99,-36,"Richmond","2016",3
8,"Riewoldt, Jack",9,7,4,13,1,2,0,0,0,2,0,2,1,0,0,9,4,4,3,0,0,1,98,-36,"Richmond","2016",3
17,"Rioli, Daniel",5,0,7,12,2,1,0,1,0,1,0,0,0,0,0,4,8,0,0,0,1,1,75,-36,"Richmond","2016",3
45,"Short, Jayden",8,5,3,11,0,1,0,3,3,3,2,0,2,0,0,5,6,0,0,0,2,0,75,-36,"Richmond","2016",3
29,"Vickery, Ty",7,4,6,13,2,2,5,2,1,3,1,2,1,2,0,9,5,2,2,1,0,1,78,-36,"Richmond","2016",3
1,"Vlastuin, Nick",3,3,2,5,0,0,0,3,1,0,0,0,0,0,0,1,4,0,0,0,0,0,84,-36,"Richmond","2016",3
0,"Rushed",0,0,0,0,0,2,0,0,0,0,0,0,0,0,0,0,0,0,0,0,0,0,0,-36,"Richmond","2016",3
21,"Atkins, Rory",2,1,7,9,0,0,0,3,0,0,1,2,0,2,0,2,8,0,0,2,0,0,82,36,"Adelaide","2016",3
18,"Betts, Eddie",6,4,6,12,3,1,0,4,0,0,1,0,2,0,0,7,5,0,1,0,0,2,86,36,"Adelaide","2016",3
16,"Brown, Luke",10,5,6,16,0,1,0,2,3,2,0,0,1,0,0,5,12,0,0,3,0,0,88,36,"Adelaide","2016",3
25,"Cheney, Kyle",8,6,10,18,0,0,0,2,1,0,0,2,2,1,0,7,12,0,0,4,0,0,94,36,"Adelaide","2016",3
44,"Crouch, Matt",8,3,20,28,0,0,0,4,2,3,7,5,3,1,0,16,12,0,0,0,0,1,70,36,"Adelaide","2016",3
26,"Douglas, Richard",11,2,7,18,3,0,0,4,2,2,7,3,2,1,0,8,11,0,0,1,0,0,83,36,"Adelaide","2016",3
15,"Hartigan, Kyle",8,4,2,10,0,0,0,3,2,3,0,3,0,0,0,2,8,0,0,5,0,0,90,36,"Adelaide","2016",3
24,"Jacobs, Sam",8,2,9,17,0,0,28,2,1,1,2,4,0,2,0,6,11,0,0,6,0,1,81,36,"Adelaide","2016",3
4,"Jenkins, Josh",4,5,7,11,1,1,7,2,0,2,0,1,0,1,0,3,8,1,1,2,0,2,92,36,"Adelaide","2016",3
3,"Knight, Riley",2,2,8,10,0,0,0,1,0,1,0,0,1,0,0,6,4,0,0,0,0,0,74,36,"Adelaide","2016",3
29,"Laird, Rory",12,3,13,25,0,0,0,2,6,1,2,1,0,1,0,8,17,1,0,0,0,0,84,36,"Adelaide","2016",3
6,"Lever, Jake",11,7,4,15,0,1,0,0,3,2,0,0,0,0,0,4,10,1,0,4,0,0,85,36,"Adelaide","2016",3
31,"Lyons, Jarryd",10,4,11,21,2,0,0,1,1,7,3,0,0,0,0,8,13,0,1,2,0,2,70,36,"Adelaide","2016",3
14,"Mackay, David",10,4,5,15,0,2,0,2,2,7,1,1,0,1,0,2,13,0,0,2,2,2,75,36,"Adelaide","2016",3
41,"McGovern, Mitch",7,3,3,10,1,1,0,5,0,3,0,2,0,1,0,4,5,1,0,2,0,0,80,36,"Adelaide","2016",3
30,"Milera, Wayne",8,1,4,12,0,1,0,1,0,2,0,2,1,0,0,5,7,0,0,0,0,2,77,36,"Adelaide","2016",3
11,"Seedsman, Paul",8,6,10,18,0,0,0,3,1,5,0,2,0,2,0,3,15,0,0,2,1,1,64,36,"Adelaide","2016",3
9,"Sloane, Rory",8,4,13,21,2,1,3,3,1,2,7,2,1,1,0,10,12,0,0,2,0,1,79,36,"Adelaide","2016",3
33,"Smith, Brodie",14,4,12,26,2,0,0,2,4,5,1,2,0,1,2,3,22,0,0,1,2,0,83,36,"Adelaide","2016",3
12,"Talia, Daniel",11,8,6,17,0,0,0,0,4,0,0,3,1,1,0,7,11,1,0,7,0,0,93,36,"Adelaide","2016",3
5,"Thompson, Scott",18,5,10,28,2,0,0,7,1,6,7,7,2,4,3,10,18,0,0,2,0,1,82,36,"Adelaide","2016",3
13,"Walker, Taylor",8,5,3,11,3,2,0,0,0,3,0,1,0,0,0,4,7,0,1,1,0,0,88,36,"Adelaide","2016",3
0,"Rushed",0,0,0,0,0,3,0,0,0,0,0,0,0,0,0,0,0,0,0,0,0,0,0,36,"Adelaide","2016",3
