"Number","Player","Kicks","Marks","Handballs","Disposals","Goals","Behinds","Hitouts","Tackles","Rebounds50s","Inside50s","Clearances","Clangers","FreesFor","FreesAgainst","BrownlowVotes","ContestedPossessions","UncontestedPossessions","ContestedMarks","MarksInside50","OnePercenters","Bounces","GoalAssists","PercentagePlayed","PointDifference","Team","Season","Round"
7,"Cunningham, Harry",4,3,9,13,0,0,0,1,0,3,0,1,0,1,0,4,9,0,0,1,2,1,83,81,"Sydney","2016",7
23,"Franklin, Lance",16,4,5,21,6,3,0,1,0,6,0,2,3,2,2,10,12,1,4,4,0,1,92,81,"Sydney","2016",7
39,"Grundy, Heath",15,9,7,22,0,0,0,2,7,0,0,5,0,1,0,8,14,2,0,3,0,0,94,81,"Sydney","2016",7
4,"Hannebery, Dan",15,5,16,31,0,0,0,4,1,7,5,4,1,1,0,17,16,0,0,1,0,1,79,81,"Sydney","2016",7
5,"Heeney, Isaac",13,9,9,22,5,0,0,1,0,4,0,1,1,0,3,11,11,3,4,2,0,2,88,81,"Sydney","2016",7
29,"Hewett, George",8,2,6,14,1,0,0,3,0,2,2,2,2,1,0,8,6,1,1,0,0,0,76,81,"Sydney","2016",7
15,"Jack, Kieren",12,7,8,20,2,0,0,4,1,1,0,4,0,1,0,8,14,0,2,1,0,2,68,81,"Sydney","2016",7
10,"Jones, Zak",9,2,6,15,0,0,0,5,3,4,1,3,2,1,0,5,10,0,0,2,1,0,81,81,"Sydney","2016",7
12,"Kennedy, Josh",14,3,26,40,0,0,0,3,1,7,11,1,0,0,0,16,20,1,0,2,0,0,86,81,"Sydney","2016",7
11,"Laidler, Jeremy",5,3,12,17,0,0,0,2,3,0,0,2,0,0,0,9,8,1,0,6,1,0,81,81,"Sydney","2016",7
44,"Lloyd, Jake",12,6,12,24,0,0,0,0,2,3,3,4,0,1,0,9,15,1,0,2,0,0,85,81,"Sydney","2016",7
21,"McGlynn, Ben",7,4,7,14,1,2,0,0,1,0,1,0,3,0,0,5,10,0,1,3,0,2,86,81,"Sydney","2016",7
3,"McVeigh, Jarrad",19,10,9,28,0,0,0,2,7,5,1,1,0,0,0,3,24,1,0,2,1,0,88,81,"Sydney","2016",7
14,"Mills, Callum",7,4,9,16,0,0,0,1,3,2,0,5,0,3,0,4,12,0,0,2,0,0,80,81,"Sydney","2016",7
6,"Mitchell, Tom",21,10,16,37,0,0,0,1,0,9,1,6,1,0,1,5,32,0,0,1,1,1,78,81,"Sydney","2016",7
41,"Papley, Tom",8,3,6,14,2,1,0,7,0,2,0,0,3,0,0,4,9,0,0,1,0,1,76,81,"Sydney","2016",7
26,"Parker, Luke",11,6,18,29,0,1,1,3,1,3,7,5,0,2,0,15,17,0,2,1,0,0,86,81,"Sydney","2016",7
24,"Rampe, Dane",6,3,5,11,0,0,0,4,5,1,0,2,2,1,0,6,6,1,0,7,0,1,94,81,"Sydney","2016",7
27,"Robinson, Dan",1,0,6,7,0,0,0,5,1,0,0,0,0,0,0,3,4,0,0,1,0,0,21,81,"Sydney","2016",7
18,"Sinclair, Callum",11,6,5,16,1,4,10,3,1,3,2,3,1,0,0,3,13,0,3,1,0,0,90,81,"Sydney","2016",7
40,"Smith, Nick",8,6,6,14,0,0,0,2,1,2,0,2,0,2,0,4,10,1,0,3,0,0,92,81,"Sydney","2016",7
8,"Tippett, Kurt",9,2,5,14,2,1,14,5,0,4,4,3,2,1,0,8,7,2,2,3,0,2,92,81,"Sydney","2016",7
0,"Rushed",0,0,0,0,0,3,0,0,0,0,0,0,0,0,0,0,0,0,0,0,0,0,0,81,"Sydney","2016",7
12,"Baguley, Mark",9,5,7,16,0,3,0,5,0,6,1,3,3,2,0,6,10,0,0,2,0,0,89,-81,"Essendon","2016",7
24,"Bird, Craig",11,3,9,20,1,0,0,4,2,3,2,1,0,1,0,9,12,0,1,0,0,0,75,-81,"Essendon","2016",7
28,"Brown, Mitch",14,9,9,23,1,0,0,2,0,3,1,3,1,0,0,11,11,2,0,0,0,0,94,-81,"Essendon","2016",7
17,"Cooney, Adam",8,3,9,17,0,0,1,3,2,1,0,4,0,1,0,5,11,0,0,1,0,0,81,-81,"Essendon","2016",7
51,"Crowley, Ryan",15,6,11,26,0,0,2,1,2,3,2,3,0,0,0,6,19,0,0,0,0,0,83,-81,"Essendon","2016",7
6,"Daniher, Joe",7,5,8,15,0,1,2,1,0,2,1,4,1,1,0,5,11,0,0,2,0,0,85,-81,"Essendon","2016",7
49,"Dea, Matt",9,9,9,18,0,0,0,3,3,0,0,0,1,0,0,4,13,0,0,1,0,0,89,-81,"Essendon","2016",7
15,"Dempsey, Courtenay",16,8,8,24,0,0,0,2,5,4,1,3,1,1,0,5,18,0,0,3,0,0,74,-81,"Essendon","2016",7
13,"Fantasia, Orazio",6,2,7,13,1,1,0,4,0,3,0,4,2,3,0,7,7,0,1,1,0,0,93,-81,"Essendon","2016",7
9,"Goddard, Brendon",14,5,14,28,0,1,2,1,2,4,0,1,0,0,0,9,19,2,0,3,0,0,86,-81,"Essendon","2016",7
55,"Grima, Nathan",9,5,4,13,0,0,0,1,4,1,0,5,0,1,0,6,8,1,0,4,0,0,82,-81,"Essendon","2016",7
42,"Gwilt, James",10,3,5,15,0,0,0,1,5,0,0,3,1,2,0,3,11,0,0,2,0,0,80,-81,"Essendon","2016",7
36,"Hartley, Michael",7,3,3,10,0,0,0,4,2,1,0,3,0,2,0,2,8,0,0,10,0,0,92,-81,"Essendon","2016",7
47,"Kelly, James",13,7,16,29,0,0,0,2,3,0,1,3,0,2,0,7,21,0,0,1,0,0,91,-81,"Essendon","2016",7
22,"Leuenberger, Matthew",3,1,9,12,0,0,21,3,0,2,2,7,2,3,0,7,5,1,0,1,0,0,89,-81,"Essendon","2016",7
43,"McDonald-Tipungwuti, Anthony",14,7,4,18,0,1,0,2,6,2,0,1,0,0,0,5,13,0,0,3,2,0,81,-81,"Essendon","2016",7
44,"McKernan, Shaun",7,5,4,11,1,0,5,2,0,2,1,2,0,1,0,6,6,2,0,3,0,0,88,-81,"Essendon","2016",7
7,"Merrett, Zach",11,6,13,24,0,1,0,8,2,0,4,0,3,0,0,9,15,0,1,0,0,2,84,-81,"Essendon","2016",7
50,"Polkinghorne, James",6,1,6,12,0,0,0,2,0,1,2,1,0,0,0,4,7,0,0,0,0,0,76,-81,"Essendon","2016",7
27,"Redman, Mason",4,2,6,10,0,0,0,6,1,3,1,1,1,1,0,8,4,0,0,3,0,1,83,-81,"Essendon","2016",7
52,"Simpkin, Jonathan",6,2,2,8,1,0,0,0,1,2,0,1,0,0,0,2,6,0,1,0,1,0,15,-81,"Essendon","2016",7
11,"Zaharakis, David",22,2,11,33,2,2,0,3,3,4,7,1,2,0,0,11,20,0,0,2,2,0,88,-81,"Essendon","2016",7
0,"Rushed",0,0,0,0,0,2,0,0,0,0,0,0,0,0,0,0,0,0,0,0,0,0,0,-81,"Essendon","2016",7
