"Number","Player","Kicks","Marks","Handballs","Disposals","Goals","Behinds","Hitouts","Tackles","Rebounds50s","Inside50s","Clearances","Clangers","FreesFor","FreesAgainst","BrownlowVotes","ContestedPossessions","UncontestedPossessions","ContestedMarks","MarksInside50","OnePercenters","Bounces","GoalAssists","PercentagePlayed","PointDifference","Team","Season","Round"
32,"Bugg, Tomas",7,3,14,21,0,0,0,8,0,0,1,3,1,1,0,8,13,0,0,0,0,0,82,46,"Melbourne","2016",12
6,"Dawes, Chris",8,5,10,18,0,1,2,2,1,4,2,4,0,2,0,7,12,0,1,2,0,0,92,46,"Melbourne","2016",12
17,"Frost, Sam",11,7,10,21,0,0,0,1,5,1,1,1,1,0,0,7,15,3,0,7,0,0,89,46,"Melbourne","2016",12
11,"Gawn, Max",14,6,13,27,3,1,31,3,3,2,4,1,1,1,2,6,18,1,3,1,0,1,85,46,"Melbourne","2016",12
1,"Hogan, Jesse",7,6,12,19,3,0,1,3,0,1,0,2,2,1,0,8,12,3,2,0,0,0,90,46,"Melbourne","2016",12
29,"Hunt, Jayden",4,3,9,13,0,0,0,1,1,3,2,4,0,2,0,5,9,0,0,2,0,0,82,46,"Melbourne","2016",12
39,"Jetta, Neville",4,2,6,10,0,0,0,0,0,0,0,1,1,1,0,3,7,0,0,2,0,0,86,46,"Melbourne","2016",12
2,"Jones, Nathan",17,5,15,32,1,1,0,8,1,5,5,5,3,1,1,11,21,0,0,1,0,0,84,46,"Melbourne","2016",12
35,"Kennedy, Ben",11,10,18,29,1,0,0,2,2,4,1,2,0,0,0,7,22,0,1,0,0,3,73,46,"Melbourne","2016",12
16,"Kent, Dean",14,7,9,23,3,1,0,4,0,9,0,0,1,0,0,5,17,0,2,1,0,2,83,46,"Melbourne","2016",12
28,"McDonald, Oscar",8,4,10,18,0,0,0,2,1,0,0,2,0,2,0,6,12,2,0,6,0,0,95,46,"Melbourne","2016",12
25,"McDonald, Tom",15,9,4,19,0,0,1,4,3,0,1,3,0,0,0,5,14,0,0,10,0,0,86,46,"Melbourne","2016",12
13,"Oliver, Clayton",3,0,13,16,0,0,1,8,0,0,5,4,0,3,0,10,6,0,0,0,0,0,68,46,"Melbourne","2016",12
5,"Petracca, Christian",10,3,10,20,1,1,0,1,0,3,1,1,1,0,0,11,9,1,0,2,0,2,76,46,"Melbourne","2016",12
15,"Stretch, Billy",2,2,16,18,0,0,0,1,0,0,2,0,0,0,0,7,10,0,0,0,0,0,79,46,"Melbourne","2016",12
9,"Trengove, Jack",5,4,8,13,1,0,1,9,1,1,2,0,0,0,0,3,11,0,1,1,0,1,65,46,"Melbourne","2016",12
12,"Tyson, Dom",13,7,16,29,0,0,3,9,2,2,2,4,1,0,0,8,22,0,0,0,0,0,75,46,"Melbourne","2016",12
37,"Vandenberg, Aaron",5,6,13,18,0,0,0,5,2,4,0,6,0,2,0,3,15,0,0,1,0,1,77,46,"Melbourne","2016",12
23,"Vince, Bernie",25,7,17,42,0,1,0,1,11,1,2,4,2,1,3,14,28,0,0,0,0,0,85,46,"Melbourne","2016",12
7,"Viney, Jack",14,6,16,30,1,0,0,4,1,4,6,4,1,1,0,13,17,1,0,1,0,0,80,46,"Melbourne","2016",12
42,"Wagner, Josh",8,6,8,16,0,0,0,4,1,1,0,2,0,1,0,2,14,0,0,2,0,0,83,46,"Melbourne","2016",12
4,"Watts, Jack",14,9,4,18,2,1,1,2,2,2,3,3,0,1,0,5,12,1,2,1,0,0,87,46,"Melbourne","2016",12
0,"Rushed",0,0,0,0,0,1,0,0,0,0,0,0,0,0,0,0,0,0,0,0,0,0,0,46,"Melbourne","2016",12
11,"Blair, Jarryd",7,2,11,18,0,1,0,5,1,0,1,3,0,2,0,6,12,0,1,1,0,0,84,-46,"Collingwood","2016",12
46,"Cox, Mason",5,3,0,5,2,1,1,2,0,2,0,1,2,0,0,6,1,2,2,4,0,0,86,-46,"Collingwood","2016",12
25,"Crisp, Jack",7,2,11,18,0,1,1,8,0,3,4,3,1,1,0,11,7,1,1,2,0,0,87,-46,"Collingwood","2016",12
39,"Crocker, Ben",5,3,2,7,0,0,0,2,0,2,0,0,0,0,0,3,4,1,1,1,0,0,74,-46,"Collingwood","2016",12
2,"de Goey, Jordan",12,4,10,22,0,0,0,4,1,6,3,4,0,1,0,10,11,1,0,1,0,0,79,-46,"Collingwood","2016",12
45,"Frost, Jack",4,2,3,7,0,0,0,5,3,0,0,1,1,1,0,2,4,0,0,5,0,0,90,-46,"Collingwood","2016",12
19,"Greenwood, Levi",6,1,8,14,1,0,1,15,0,2,2,1,2,1,0,6,8,0,0,0,0,0,84,-46,"Collingwood","2016",12
4,"Grundy, Brodie",7,4,8,15,1,0,22,3,1,1,1,4,0,0,0,12,4,2,1,3,0,0,83,-46,"Collingwood","2016",12
38,"Howe, Jeremy",10,3,8,18,0,0,0,1,3,0,1,2,0,0,0,7,7,1,0,1,2,0,88,-46,"Collingwood","2016",12
17,"Marsh, Jonathon",7,4,4,11,0,1,0,6,4,2,1,3,1,2,0,5,8,0,0,3,0,0,71,-46,"Collingwood","2016",12
37,"Maynard, Brayden",13,7,3,16,1,0,0,4,2,4,0,3,1,2,0,4,12,0,1,4,0,0,87,-46,"Collingwood","2016",12
10,"Pendlebury, Scott",14,2,12,26,0,0,1,3,3,4,6,3,1,1,0,18,9,1,0,1,0,2,82,-46,"Collingwood","2016",12
21,"Phillips, Tom",7,3,8,15,0,0,0,5,1,0,1,4,1,1,0,8,7,0,0,1,0,1,72,-46,"Collingwood","2016",12
20,"Reid, Ben",11,6,3,14,0,0,0,0,5,0,1,2,1,0,0,6,9,0,0,6,0,0,87,-46,"Collingwood","2016",12
22,"Sidebottom, Steele",9,5,8,17,1,0,0,4,0,3,1,1,1,0,0,5,12,0,1,2,0,1,88,-46,"Collingwood","2016",12
28,"Sinclair, Ben",6,2,5,11,0,0,0,4,0,1,0,0,2,0,0,5,9,0,0,5,0,0,83,-46,"Collingwood","2016",12
40,"Smith, Josh",8,4,9,17,0,0,0,1,0,2,2,2,0,0,0,4,13,0,0,0,0,0,75,-46,"Collingwood","2016",12
7,"Treloar, Adam",11,2,20,31,0,0,0,4,1,3,7,6,1,1,0,12,18,0,0,0,0,0,79,-46,"Collingwood","2016",12
18,"Varcoe, Travis",11,6,5,16,1,3,0,3,0,4,0,2,1,0,0,3,13,1,1,1,0,1,83,-46,"Collingwood","2016",12
9,"White, Jesse",15,6,4,19,1,1,0,2,0,6,0,4,2,0,0,10,9,1,3,2,0,2,83,-46,"Collingwood","2016",12
26,"Williams, Marley",7,0,12,19,0,0,0,2,2,1,0,2,0,0,0,6,12,0,0,0,0,0,77,-46,"Collingwood","2016",12
15,"Witts, Jarrod",4,3,4,8,0,1,10,2,0,2,2,3,2,2,0,4,5,1,1,1,0,0,78,-46,"Collingwood","2016",12
0,"Rushed",0,0,0,0,0,1,0,0,0,0,0,0,0,0,0,0,0,0,0,0,0,0,0,-46,"Collingwood","2016",12
