"Number","Player","Kicks","Marks","Handballs","Disposals","Goals","Behinds","Hitouts","Tackles","Rebounds50s","Inside50s","Clearances","Clangers","FreesFor","FreesAgainst","BrownlowVotes","ContestedPossessions","UncontestedPossessions","ContestedMarks","MarksInside50","OnePercenters","Bounces","GoalAssists","PercentagePlayed","PointDifference","Team","Season","Round"
18,"Cameron, Jeremy",7,2,5,12,3,2,0,4,0,3,0,0,1,0,0,6,5,0,2,3,0,1,87,92,"Greater Western Sydney","2016",22
3,"Coniglio, Stephen",10,1,13,23,0,1,0,5,1,4,3,1,0,1,0,7,16,0,1,1,0,2,78,92,"Greater Western Sydney","2016",22
1,"Davis, Phil",8,4,3,11,0,0,0,0,2,1,0,2,0,0,0,6,5,1,0,6,0,0,89,92,"Greater Western Sydney","2016",22
4,"Greene, Toby",11,6,4,15,2,1,0,4,0,2,2,6,1,2,0,9,7,1,4,0,0,2,78,92,"Greater Western Sydney","2016",22
32,"Griffen, Ryan",16,3,14,30,1,0,3,10,2,7,9,1,3,0,3,15,17,0,0,2,0,1,71,92,"Greater Western Sydney","2016",22
19,"Haynes, Nick",14,13,7,21,0,1,0,0,2,4,0,3,0,0,0,10,13,3,1,11,0,1,90,92,"Greater Western Sydney","2016",22
2,"Hopper, Jacob",3,1,12,15,1,0,0,3,0,3,4,1,0,1,0,11,4,0,0,0,0,1,70,92,"Greater Western Sydney","2016",22
17,"Johnson, Steve",11,5,3,14,3,1,0,2,0,1,0,4,0,1,0,2,11,0,2,1,0,1,80,92,"Greater Western Sydney","2016",22
22,"Kelly, Josh",11,2,9,20,0,1,0,2,0,4,2,2,0,0,0,5,15,0,1,0,1,0,77,92,"Greater Western Sydney","2016",22
37,"Lobb, Rory",8,1,5,13,1,1,5,5,1,2,1,1,1,1,0,6,7,0,0,0,0,1,88,92,"Greater Western Sydney","2016",22
41,"Mumford, Shane",2,0,8,10,0,0,31,7,0,1,4,5,1,3,0,6,4,0,0,2,0,0,82,92,"Greater Western Sydney","2016",22
24,"Patfull, Joel",7,5,6,13,0,0,0,4,2,1,0,2,1,0,0,4,9,1,0,2,0,0,85,92,"Greater Western Sydney","2016",22
12,"Patton, Jonathon",12,8,2,14,6,1,0,1,0,2,0,1,3,0,2,7,7,2,6,1,0,0,86,92,"Greater Western Sydney","2016",22
9,"Scully, Tom",10,5,11,21,1,1,0,4,0,6,2,3,0,2,0,8,13,0,0,0,0,0,92,92,"Greater Western Sydney","2016",22
23,"Shaw, Heath",20,11,5,25,0,0,0,5,6,0,0,4,1,0,0,5,18,1,0,3,1,0,94,92,"Greater Western Sydney","2016",22
5,"Shiel, Dylan",7,3,18,25,0,1,0,5,1,3,2,3,0,1,0,9,16,0,0,1,0,1,78,92,"Greater Western Sydney","2016",22
10,"Smith, Devon",5,2,11,16,0,1,0,3,0,3,0,3,0,0,0,5,11,0,0,0,1,1,74,92,"Greater Western Sydney","2016",22
20,"Tomlinson, Adam",16,12,4,20,0,0,0,1,3,4,0,3,1,2,0,3,17,0,0,5,1,0,90,92,"Greater Western Sydney","2016",22
8,"Ward, Callan",8,4,15,23,0,0,1,5,0,6,5,0,1,0,0,10,14,0,0,0,0,0,79,92,"Greater Western Sydney","2016",22
6,"Whitfield, Lachie",16,9,10,26,1,0,0,4,2,2,3,2,1,0,0,8,17,1,0,1,0,0,80,92,"Greater Western Sydney","2016",22
29,"Williams, Zac",12,3,9,21,0,0,0,1,1,5,2,0,0,0,0,5,16,0,0,1,2,2,79,92,"Greater Western Sydney","2016",22
16,"Wilson, Nathan",16,4,5,21,0,0,0,1,2,5,0,1,1,0,0,7,13,0,0,1,2,0,73,92,"Greater Western Sydney","2016",22
0,"Rushed",0,0,0,0,0,3,0,0,0,0,0,0,0,0,0,0,0,0,0,0,0,0,0,92,"Greater Western Sydney","2016",22
35,"Apeness, Michael",3,5,3,6,1,0,0,3,0,1,0,1,0,1,0,4,2,3,1,1,0,0,82,-92,"Fremantle","2016",22
1,"Ballantyne, Hayden",7,3,4,11,0,1,0,3,0,1,0,3,0,1,0,4,7,0,2,0,0,2,79,-92,"Fremantle","2016",22
19,"Blakely, Connor",8,3,10,18,0,0,3,2,0,2,2,3,3,1,0,8,10,1,0,0,0,0,55,-92,"Fremantle","2016",22
30,"Clarke, Zac",3,6,8,11,0,1,14,2,0,1,0,0,0,0,0,2,9,1,1,4,0,0,84,-92,"Fremantle","2016",22
40,"Collins, Sam",7,6,6,13,0,0,0,1,4,0,1,2,0,1,0,7,6,3,0,10,0,0,94,-92,"Fremantle","2016",22
12,"Griffin, Jonathon",6,3,2,8,0,0,15,4,1,0,2,3,2,2,0,1,5,0,0,5,0,0,80,-92,"Fremantle","2016",22
32,"Hill, Stephen",18,4,13,31,0,0,3,3,6,2,3,7,0,1,0,10,18,0,0,3,2,0,88,-92,"Fremantle","2016",22
5,"Ibbotson, Garrick",10,5,6,16,0,0,0,2,4,2,1,3,0,0,0,2,13,0,0,2,0,0,87,-92,"Fremantle","2016",22
26,"Langdon, Ed",9,3,7,16,0,0,0,2,5,1,2,2,0,1,0,3,13,0,0,1,0,0,74,-92,"Fremantle","2016",22
23,"Mayne, Chris",8,7,13,21,0,0,0,2,1,1,0,3,0,1,0,3,18,0,0,2,0,0,82,-92,"Fremantle","2016",22
16,"Mundy, David",5,2,10,15,0,0,2,5,2,1,6,8,1,3,0,10,7,0,0,3,0,0,84,-92,"Fremantle","2016",22
27,"Neale, Lachie",19,6,21,40,1,0,0,12,2,1,8,3,1,1,1,15,23,0,0,0,0,0,85,-92,"Fremantle","2016",22
6,"Pearce, Danyle",12,1,11,23,0,1,0,2,2,4,1,3,0,0,0,7,15,0,0,0,2,0,81,-92,"Fremantle","2016",22
11,"Sheridan, Tom",13,5,9,22,0,0,0,5,5,1,1,1,0,0,0,1,19,0,0,0,0,0,77,-92,"Fremantle","2016",22
36,"Silvagni, Alex",8,6,9,17,0,0,0,1,0,1,0,2,2,1,0,8,10,1,0,2,0,0,88,-92,"Fremantle","2016",22
34,"Spurr, Lee",12,11,10,22,0,0,0,4,2,0,1,1,1,0,0,5,17,0,0,5,0,0,91,-92,"Fremantle","2016",22
33,"Sutcliffe, Cam",10,6,7,17,0,0,0,3,2,3,0,1,0,0,0,4,14,0,0,0,0,0,83,-92,"Fremantle","2016",22
20,"Taberner, Matthew",5,3,5,10,0,0,0,4,0,1,0,3,1,1,0,4,7,0,0,0,0,0,81,-92,"Fremantle","2016",22
18,"Tucker, Darcy",7,2,7,14,0,1,0,4,0,1,1,2,1,0,0,6,10,0,0,1,0,0,74,-92,"Fremantle","2016",22
10,"Walters, Michael",7,0,13,20,0,2,0,3,2,1,1,5,2,1,0,6,15,0,0,0,0,0,83,-92,"Fremantle","2016",22
14,"Weller, Lachie",15,4,13,28,0,0,0,3,8,3,2,1,0,0,0,9,19,0,0,2,0,0,90,-92,"Fremantle","2016",22
41,"Yarran, Shane",8,3,3,11,3,1,0,2,0,4,0,4,0,0,0,6,5,0,2,1,0,0,79,-92,"Fremantle","2016",22
0,"Totals",200,94,190,390,5,7,37,72,46,32,32,61,14,16,1,125,262,9,6,42,4,2,0,-92,"Fremantle","2016",22
