"Number","Player","Kicks","Marks","Handballs","Disposals","Goals","Behinds","Hitouts","Tackles","Rebounds50s","Inside50s","Clearances","Clangers","FreesFor","FreesAgainst","BrownlowVotes","ContestedPossessions","UncontestedPossessions","ContestedMarks","MarksInside50","OnePercenters","Bounces","GoalAssists","PercentagePlayed","PointDifference","Team","Season","Round"
14,"Birchall, Grant",19,6,3,22,0,0,0,1,5,7,1,4,0,1,0,7,13,0,0,1,0,1,85,18,"Hawthorn","2016",11
22,"Breust, Luke",13,3,6,19,2,3,0,5,2,2,4,5,1,1,0,9,6,1,2,1,0,1,81,18,"Hawthorn","2016",11
9,"Burgoyne, Shaun",9,2,7,16,0,2,0,10,2,1,2,2,0,0,0,5,6,0,0,2,1,0,82,18,"Hawthorn","2016",11
18,"Ceglar, Jonathon",3,2,5,8,0,0,35,4,1,2,2,2,0,2,0,4,3,1,0,7,0,0,72,18,"Hawthorn","2016",11
8,"Duryea, Taylor",13,5,7,20,0,0,0,2,4,1,0,0,0,0,0,8,11,0,0,0,0,0,75,18,"Hawthorn","2016",11
12,"Frawley, James",12,7,4,16,0,0,0,0,3,0,0,2,1,1,0,4,11,1,0,7,0,0,100,18,"Hawthorn","2016",11
6,"Gibson, Josh",11,6,7,18,0,0,0,3,5,2,0,2,0,0,2,9,9,1,0,10,0,0,100,18,"Hawthorn","2016",11
19,"Gunston, Jack",10,3,5,15,3,1,0,5,0,3,1,1,2,0,0,8,7,1,1,0,0,0,86,18,"Hawthorn","2016",11
4,"Hartung, Billy",12,3,6,18,0,0,0,3,2,1,1,0,0,0,0,6,10,0,0,1,0,0,65,18,"Hawthorn","2016",11
10,"Hill, Bradley",11,1,4,15,1,1,0,5,0,5,2,5,0,3,0,3,7,0,0,3,0,1,85,18,"Hawthorn","2016",11
41,"Howe, Daniel",9,3,4,13,0,0,0,9,3,1,2,1,1,1,0,6,6,0,0,4,0,0,64,18,"Hawthorn","2016",11
3,"Lewis, Jordan",18,6,11,29,0,0,1,3,2,5,6,3,2,1,0,11,16,0,0,2,0,0,82,18,"Hawthorn","2016",11
7,"McEvoy, Ben",2,3,4,6,0,1,11,1,0,1,0,2,0,0,0,7,2,1,1,7,0,0,67,18,"Hawthorn","2016",11
5,"Mitchell, Sam",18,4,9,27,0,0,0,7,1,8,4,3,3,2,0,8,18,0,1,1,0,0,92,18,"Hawthorn","2016",11
23,"OBrien, Tim",6,3,4,10,2,1,0,3,0,0,0,3,0,2,0,4,4,1,3,0,0,0,87,18,"Hawthorn","2016",11
28,"Puopolo, Paul",11,0,8,19,1,1,0,10,1,2,4,2,3,2,0,13,5,0,0,0,0,0,84,18,"Hawthorn","2016",11
33,"Rioli, Cyril",10,4,1,11,1,0,0,11,0,3,1,4,0,2,0,3,7,0,1,2,0,1,79,18,"Hawthorn","2016",11
26,"Shiels, Liam",11,1,5,16,0,0,0,11,2,3,2,2,0,1,0,7,5,0,0,0,0,0,79,18,"Hawthorn","2016",11
21,"Sicily, James",6,3,2,8,0,1,0,2,2,0,1,1,3,1,0,5,4,0,0,4,0,0,75,18,"Hawthorn","2016",11
16,"Smith, Isaac",24,7,5,29,0,0,0,1,0,9,3,3,1,0,0,6,20,0,0,1,0,0,85,18,"Hawthorn","2016",11
40,"Stewart, Kade",8,2,8,16,1,1,0,9,0,2,3,1,2,0,0,9,6,0,0,0,0,0,76,18,"Hawthorn","2016",11
24,"Stratton, Ben",9,6,4,13,0,0,0,4,2,0,0,1,0,1,0,5,6,2,0,10,0,0,98,18,"Hawthorn","2016",11
0,"Rushed",0,0,0,0,0,4,0,0,0,0,0,0,0,0,0,0,0,0,0,0,0,0,0,18,"Hawthorn","2016",11
32,"Bugg, Tomas",5,2,9,14,0,0,0,3,2,1,2,2,1,0,0,5,8,0,0,2,0,0,74,-18,"Melbourne","2016",11
6,"Dawes, Chris",5,1,5,10,1,0,1,1,0,2,0,1,1,0,0,4,6,1,0,0,0,0,79,-18,"Melbourne","2016",11
17,"Frost, Sam",8,3,10,18,0,0,0,2,3,0,0,6,1,1,0,8,10,0,0,7,1,0,87,-18,"Melbourne","2016",11
36,"Garlett, Jeff",3,0,2,5,0,0,0,3,0,2,0,3,1,0,0,1,3,0,0,1,0,0,83,-18,"Melbourne","2016",11
11,"Gawn, Max",2,1,6,8,0,0,50,3,0,0,4,0,2,0,0,7,3,0,0,6,0,0,85,-18,"Melbourne","2016",11
43,"Harmes, James",8,2,2,10,0,1,0,3,0,3,2,4,0,2,0,3,7,1,2,1,0,0,76,-18,"Melbourne","2016",11
1,"Hogan, Jesse",5,5,3,8,1,0,0,0,0,0,0,1,1,0,0,5,7,0,1,2,0,2,92,-18,"Melbourne","2016",11
29,"Hunt, Jayden",4,1,6,10,0,0,0,6,3,2,0,1,0,0,0,5,4,1,0,2,2,0,85,-18,"Melbourne","2016",11
39,"Jetta, Neville",7,2,6,13,0,0,0,3,4,0,2,1,1,1,0,5,8,0,0,6,0,0,86,-18,"Melbourne","2016",11
2,"Jones, Nathan",16,1,15,31,1,0,0,6,2,5,8,5,1,1,1,14,17,0,0,2,0,0,77,-18,"Melbourne","2016",11
16,"Kent, Dean",6,0,7,13,2,0,0,3,1,2,0,2,0,1,0,3,9,0,0,0,0,0,83,-18,"Melbourne","2016",11
28,"McDonald, Oscar",11,1,11,22,0,0,0,2,3,2,2,5,2,3,0,13,9,0,0,9,0,0,87,-18,"Melbourne","2016",11
25,"McDonald, Tom",10,2,8,18,0,0,0,3,8,0,0,2,1,1,0,6,11,0,0,10,0,0,95,-18,"Melbourne","2016",11
13,"Oliver, Clayton",6,1,12,18,0,0,0,3,1,1,4,0,0,0,0,9,9,0,0,0,1,1,65,-18,"Melbourne","2016",11
5,"Petracca, Christian",7,4,10,17,1,0,0,6,1,7,1,1,2,0,0,9,10,0,1,1,0,1,82,-18,"Melbourne","2016",11
15,"Stretch, Billy",6,1,11,17,0,0,0,3,1,1,0,1,0,0,0,8,9,0,0,0,0,0,77,-18,"Melbourne","2016",11
9,"Trengove, Jack",10,2,9,19,0,0,0,2,2,0,4,3,1,0,0,7,12,0,0,0,0,0,72,-18,"Melbourne","2016",11
12,"Tyson, Dom",16,3,16,32,1,0,0,6,2,6,9,6,1,4,0,19,13,1,0,1,0,1,74,-18,"Melbourne","2016",11
37,"Vandenberg, Aaron",5,2,5,10,1,1,0,3,0,1,0,2,0,1,0,3,7,1,1,0,0,0,79,-18,"Melbourne","2016",11
23,"Vince, Bernie",29,2,7,36,0,0,1,4,4,9,11,8,2,2,3,15,22,0,0,1,0,0,93,-18,"Melbourne","2016",11
42,"Wagner, Josh",12,1,9,21,0,0,0,3,4,2,2,1,2,1,0,12,10,0,0,5,0,0,88,-18,"Melbourne","2016",11
4,"Watts, Jack",7,3,10,17,2,0,3,0,0,4,0,3,1,1,0,9,9,1,1,3,0,1,84,-18,"Melbourne","2016",11
0,"Rushed",0,0,0,0,0,2,0,0,0,0,0,0,0,0,0,0,0,0,0,0,0,0,0,-18,"Melbourne","2016",11
