"Number","Player","Kicks","Marks","Handballs","Disposals","Goals","Behinds","Hitouts","Tackles","Rebounds50s","Inside50s","Clearances","Clangers","FreesFor","FreesAgainst","BrownlowVotes","ContestedPossessions","UncontestedPossessions","ContestedMarks","MarksInside50","OnePercenters","Bounces","GoalAssists","PercentagePlayed","PointDifference","Team","Season","Round"
31,"Andrews, Harris",7,2,2,9,0,0,0,1,3,2,0,4,2,3,0,6,2,0,0,14,1,1,98,-3,"Brisbane Lions","2016",6
4,"Bastinac, Ryan",10,3,8,18,1,1,0,7,2,3,1,3,0,0,0,9,8,0,0,0,1,0,64,-3,"Brisbane Lions","2016",6
17,"Beams, Claye",4,1,0,4,0,0,0,1,0,0,0,0,0,0,0,1,4,0,0,4,0,0,83,-3,"Brisbane Lions","2016",6
7,"Bell, Tom",19,2,5,24,0,1,2,1,2,5,3,6,1,2,0,12,10,0,0,1,0,1,69,-3,"Brisbane Lions","2016",6
8,"Bewick, Rohan",13,3,0,13,0,0,0,9,3,3,1,3,1,1,0,5,7,1,0,2,0,1,81,-3,"Brisbane Lions","2016",6
3,"Christensen, Allen",15,7,2,17,3,1,0,3,0,5,1,2,3,1,0,6,11,0,4,1,0,1,76,-3,"Brisbane Lions","2016",6
24,"Dawson, Liam",1,0,2,3,0,0,0,2,0,0,0,2,0,1,0,2,1,0,0,3,0,0,72,-3,"Brisbane Lions","2016",6
27,"Gardiner, Darcy",5,1,5,10,0,0,0,2,2,0,0,6,0,2,0,4,5,0,1,6,0,0,87,-3,"Brisbane Lions","2016",6
11,"Hanley, Pearce",15,5,10,25,2,1,0,12,1,5,3,4,3,0,0,13,12,0,1,2,1,0,82,-3,"Brisbane Lions","2016",6
2,"Harwood, Ryan",4,2,3,7,0,0,0,6,4,1,0,2,0,2,0,7,1,2,0,5,0,0,82,-3,"Brisbane Lions","2016",6
1,"Keays, Ben",5,0,6,11,1,1,0,8,1,0,1,3,1,1,0,8,4,0,0,2,0,1,78,-3,"Brisbane Lions","2016",6
35,"Lester, Ryan",7,1,4,11,2,0,0,2,0,2,0,2,3,1,0,8,4,0,0,4,0,0,85,-3,"Brisbane Lions","2016",6
12,"Martin, Stefan",6,5,7,13,0,0,28,4,1,1,2,1,1,0,0,6,5,2,0,4,0,0,91,-3,"Brisbane Lions","2016",6
32,"Mayes, Sam",8,1,5,13,0,0,0,2,4,0,0,3,0,1,0,6,5,0,0,3,0,0,79,-3,"Brisbane Lions","2016",6
25,"McStay, Daniel",5,3,5,10,1,0,0,2,0,1,1,5,1,1,0,5,5,1,2,0,0,0,94,-3,"Brisbane Lions","2016",6
21,"Merrett, Daniel",8,3,1,9,0,0,0,2,2,1,0,1,3,1,0,8,2,1,0,14,0,0,100,-3,"Brisbane Lions","2016",6
10,"Rich, Daniel",17,3,6,23,2,1,0,5,1,8,7,0,0,0,0,10,12,1,0,1,0,0,81,-3,"Brisbane Lions","2016",6
5,"Robinson, Mitch",15,4,13,28,0,0,5,7,4,1,7,2,0,0,0,19,7,1,0,1,0,2,74,-3,"Brisbane Lions","2016",6
38,"Rockliff, Tom",17,5,15,32,0,0,1,10,4,4,7,4,1,2,0,15,16,0,0,0,0,1,80,-3,"Brisbane Lions","2016",6
28,"Taylor, Lewis",3,1,8,11,0,0,0,3,0,2,1,0,0,0,0,7,5,0,0,1,0,0,77,-3,"Brisbane Lions","2016",6
14,"Walker, Josh",3,1,5,8,1,0,5,2,0,2,0,2,1,0,0,3,6,0,1,0,0,0,79,-3,"Brisbane Lions","2016",6
15,"Zorko, Dayne",25,6,8,33,1,2,1,7,3,14,5,2,2,0,2,8,22,0,0,1,1,0,88,-3,"Brisbane Lions","2016",6
0,"Rushed",0,0,0,0,0,2,0,0,0,0,0,0,0,0,0,0,0,0,0,0,0,0,0,-3,"Brisbane Lions","2016",6
36,"Aliir, Aliir",2,0,4,6,0,0,0,3,1,0,1,2,1,1,0,6,2,0,0,3,0,0,89,3,"Sydney","2016",6
7,"Cunningham, Harry",4,2,9,13,0,0,0,7,0,3,0,2,1,2,0,4,9,0,0,0,0,3,75,3,"Sydney","2016",6
23,"Franklin, Lance",15,4,4,19,5,3,0,3,0,6,1,6,1,3,1,5,14,0,2,5,0,0,96,3,"Sydney","2016",6
39,"Grundy, Heath",10,2,4,14,0,0,0,3,3,0,0,1,0,0,0,3,11,0,0,7,0,0,100,3,"Sydney","2016",6
4,"Hannebery, Dan",16,2,17,33,0,0,0,13,3,6,6,3,2,2,0,19,15,0,0,1,0,1,87,3,"Sydney","2016",6
5,"Heeney, Isaac",8,3,9,17,1,0,0,2,1,4,2,2,0,0,0,6,10,0,1,1,0,0,85,3,"Sydney","2016",6
29,"Hewett, George",7,1,3,10,3,0,0,2,0,1,0,0,2,0,0,3,6,0,0,1,0,0,67,3,"Sydney","2016",6
15,"Jack, Kieren",5,1,17,22,0,0,0,7,0,4,6,3,1,0,0,13,8,0,1,1,0,0,74,3,"Sydney","2016",6
10,"Jones, Zak",8,2,5,13,0,0,0,1,3,0,1,2,0,0,0,2,10,0,0,5,0,0,80,3,"Sydney","2016",6
12,"Kennedy, Josh",15,1,15,30,0,0,0,4,2,4,5,2,0,1,0,17,14,0,0,1,0,0,90,3,"Sydney","2016",6
11,"Laidler, Jeremy",7,4,9,16,0,0,0,5,3,2,1,1,0,1,0,6,8,3,0,5,0,0,65,3,"Sydney","2016",6
44,"Lloyd, Jake",10,1,10,20,0,0,0,3,0,1,2,3,1,0,0,13,7,0,0,2,0,1,78,3,"Sydney","2016",6
21,"McGlynn, Ben",10,3,4,14,2,1,0,5,0,3,3,1,1,1,0,4,8,0,1,3,0,0,77,3,"Sydney","2016",6
3,"McVeigh, Jarrad",11,3,5,16,0,0,0,7,4,1,1,3,1,1,0,8,6,0,1,2,0,1,80,3,"Sydney","2016",6
14,"Mills, Callum",11,1,6,17,0,0,0,3,5,1,0,1,0,0,0,6,9,0,0,4,0,0,86,3,"Sydney","2016",6
6,"Mitchell, Tom",13,5,15,28,0,0,0,6,1,5,6,4,1,1,0,13,17,0,0,4,0,1,75,3,"Sydney","2016",6
41,"Papley, Tom",8,3,5,13,0,1,0,4,0,3,0,0,1,0,0,7,6,0,1,2,0,1,67,3,"Sydney","2016",6
26,"Parker, Luke",19,4,10,29,3,0,1,9,3,6,3,4,0,1,3,16,12,1,2,2,0,0,89,3,"Sydney","2016",6
24,"Rampe, Dane",15,5,8,23,0,0,0,2,12,0,0,5,0,2,0,10,9,2,0,8,0,0,95,3,"Sydney","2016",6
27,"Robinson, Dan",6,3,9,15,0,0,0,6,2,1,2,3,2,0,0,7,8,0,0,0,0,0,72,3,"Sydney","2016",6
18,"Sinclair, Callum",4,1,5,9,0,0,16,1,0,2,1,4,3,3,0,8,3,0,0,3,0,1,86,3,"Sydney","2016",6
8,"Tippett, Kurt",15,4,10,25,1,1,36,3,2,3,4,5,1,4,0,11,11,3,2,1,0,0,86,3,"Sydney","2016",6
0,"Rushed",0,0,0,0,0,1,0,0,0,0,0,0,0,0,0,0,0,0,0,0,0,0,0,3,"Sydney","2016",6
