"Number","Player","Kicks","Marks","Handballs","Disposals","Goals","Behinds","Hitouts","Tackles","Rebounds50s","Inside50s","Clearances","Clangers","FreesFor","FreesAgainst","BrownlowVotes","ContestedPossessions","UncontestedPossessions","ContestedMarks","MarksInside50","OnePercenters","Bounces","GoalAssists","PercentagePlayed","PointDifference","Team","Season","Round"
3,"Bartel, Jimmy",15,7,13,28,1,1,2,3,1,1,5,4,1,1,0,10,17,1,2,1,0,0,87,44,"Geelong","2016",7
46,"Blicavs, Mark",6,5,14,20,0,2,5,10,0,2,6,4,1,3,1,9,9,0,2,2,0,1,85,44,"Geelong","2016",7
23,"Caddy, Josh",12,5,14,26,1,1,3,4,0,4,2,1,0,0,0,8,18,0,0,1,1,2,80,44,"Geelong","2016",7
5,"Cockatoo, Nakia",8,4,3,11,1,0,0,4,0,4,1,2,0,0,0,2,9,0,0,0,0,0,60,44,"Geelong","2016",7
35,"Dangerfield, Patrick",14,9,12,26,0,1,1,4,1,7,6,3,2,0,3,11,15,3,0,1,0,3,91,44,"Geelong","2016",7
22,"Duncan, Mitch",15,9,9,24,0,2,0,3,2,2,3,1,2,0,0,4,21,0,2,0,0,0,84,44,"Geelong","2016",7
44,"Enright, Corey",9,5,5,14,0,0,0,7,3,2,0,0,0,0,0,3,12,0,0,3,0,1,88,44,"Geelong","2016",7
29,"Guthrie, Cameron",10,0,14,24,2,0,0,1,3,0,5,2,0,1,0,10,14,0,0,1,0,2,78,44,"Geelong","2016",7
26,"Hawkins, Tom",11,4,1,12,3,2,0,6,0,5,0,4,1,3,0,2,11,0,2,4,0,1,100,44,"Geelong","2016",7
25,"Henderson, Lachie",7,6,5,12,0,0,0,0,2,0,0,3,0,2,0,4,8,3,0,5,0,0,94,44,"Geelong","2016",7
39,"Kersten, Shane",13,9,5,18,3,1,0,2,0,8,0,1,2,0,0,5,12,0,3,0,0,1,95,44,"Geelong","2016",7
11,"Lang, Darcy",7,5,10,17,0,0,0,3,0,1,0,1,1,0,0,4,13,0,2,2,0,1,76,44,"Geelong","2016",7
13,"Lonergan, Tom",10,7,5,15,0,0,0,1,4,0,0,5,1,1,0,5,10,0,0,4,0,0,96,44,"Geelong","2016",7
4,"Mackie, Andrew",13,4,4,17,1,0,0,5,1,3,0,5,0,1,0,2,15,0,0,1,0,0,86,44,"Geelong","2016",7
6,"McCarthy, Lincoln",1,0,2,3,0,1,0,1,0,0,0,0,2,0,0,2,1,0,0,0,0,0,11,44,"Geelong","2016",7
10,"Menzel, Daniel",7,4,6,13,1,2,0,3,0,2,0,3,1,2,0,5,8,0,2,2,0,0,87,44,"Geelong","2016",7
32,"Motlop, Steven",17,4,8,25,4,0,0,3,2,6,2,1,0,0,2,8,16,0,0,1,5,2,92,44,"Geelong","2016",7
36,"Ruggles, Tom",14,4,3,17,0,0,0,3,1,2,1,4,2,2,0,7,10,1,0,2,0,0,83,44,"Geelong","2016",7
14,"Selwood, Joel",17,1,18,35,0,0,0,3,3,8,9,4,7,2,0,17,17,0,0,0,0,0,82,44,"Geelong","2016",7
9,"Smith, Zac",3,0,6,9,0,1,14,0,0,1,3,1,2,0,0,8,1,0,0,3,0,0,72,44,"Geelong","2016",7
1,"Stanley, Rhys",6,4,3,9,1,1,12,3,0,2,1,2,0,2,0,4,5,1,2,3,0,1,80,44,"Geelong","2016",7
7,"Taylor, Harry",5,2,2,7,0,0,0,8,3,0,0,1,2,1,0,5,4,0,0,8,0,0,93,44,"Geelong","2016",7
0,"Totals",220,98,162,382,18,15,37,77,26,60,44,52,27,21,6,135,246,9,17,44,6,15,0,44,"Geelong","2016",7
15,"Cripps, Jamie",3,1,6,9,1,0,0,4,0,1,0,3,0,2,0,4,5,0,0,0,0,1,76,-44,"West Coast","2016",7
27,"Darling, Jack",9,5,5,14,3,1,0,2,1,1,0,0,3,0,0,6,9,1,2,3,0,0,86,-44,"West Coast","2016",7
14,"Duggan, Liam",9,2,6,15,0,0,0,2,1,2,2,1,0,0,0,6,9,0,0,0,0,0,64,-44,"West Coast","2016",7
3,"Gaff, Andrew",17,5,19,36,0,0,0,0,1,4,1,4,0,0,0,8,29,0,0,0,0,0,86,-44,"West Coast","2016",7
33,"Hill, Josh",8,5,4,12,1,2,0,3,1,3,0,1,2,0,0,4,8,0,3,1,0,2,72,-44,"West Coast","2016",7
25,"Hurn, Shannon",11,2,4,15,0,0,0,0,7,2,1,2,0,1,0,3,10,0,0,4,0,1,88,-44,"West Coast","2016",7
34,"Hutchings, Mark",6,3,12,18,0,0,0,2,1,0,5,0,2,0,0,10,7,0,0,1,0,0,71,-44,"West Coast","2016",7
23,"Jetta, Lewis",8,1,1,9,1,0,0,0,2,2,1,2,0,2,0,1,9,0,0,1,0,0,78,-44,"West Coast","2016",7
17,"Kennedy, Josh",8,4,2,10,3,1,0,1,0,3,0,1,1,1,0,6,4,2,1,1,0,1,100,-44,"West Coast","2016",7
2,"LeCras, Mark",6,4,5,11,1,0,0,3,0,1,0,3,0,1,0,2,10,0,1,1,0,0,86,-44,"West Coast","2016",7
29,"Lycett, Scott",6,3,6,12,2,0,15,5,0,3,1,2,2,1,0,7,5,1,2,2,0,0,83,-44,"West Coast","2016",7
16,"Mackenzie, Eric",3,4,7,10,0,0,0,2,1,0,0,2,1,2,0,5,6,0,0,2,0,0,100,-44,"West Coast","2016",7
7,"Masten, Chris",13,5,9,22,0,0,0,1,1,5,2,2,0,1,0,3,19,1,0,0,0,1,87,-44,"West Coast","2016",7
20,"McGovern, Jeremy",14,8,7,21,0,0,0,2,7,0,0,1,2,0,0,7,14,3,0,6,0,0,82,-44,"West Coast","2016",7
9,"Naitanui, Nic",7,2,9,16,0,0,23,3,2,3,3,2,0,1,0,12,4,2,0,0,0,1,64,-44,"West Coast","2016",7
11,"Priddis, Matt",9,1,19,28,0,0,0,6,1,4,6,4,0,1,0,12,15,0,0,0,0,1,79,-44,"West Coast","2016",7
8,"Redden, Jack",8,2,5,13,0,1,0,7,1,2,4,4,2,4,0,8,4,0,0,0,0,1,78,-44,"West Coast","2016",7
31,"Schofield, Will",1,3,6,7,0,0,0,1,1,0,0,2,1,2,0,2,6,0,0,5,0,0,87,-44,"West Coast","2016",7
5,"Sheppard, Brad",10,6,14,24,0,0,0,1,3,2,1,1,2,0,0,11,14,1,0,3,0,0,85,-44,"West Coast","2016",7
13,"Shuey, Luke",6,1,13,19,0,0,1,6,2,2,3,6,2,3,0,7,13,0,0,0,0,0,77,-44,"West Coast","2016",7
12,"Wellingham, Sharrod",11,3,12,23,0,0,0,2,4,0,0,8,1,2,0,10,11,0,0,5,0,0,87,-44,"West Coast","2016",7
6,"Yeo, Elliot",7,2,6,13,0,0,0,2,1,3,2,5,0,3,0,3,11,0,0,1,0,1,85,-44,"West Coast","2016",7
0,"Rushed",0,0,0,0,0,2,0,0,0,0,0,0,0,0,0,0,0,0,0,0,0,0,0,-44,"West Coast","2016",7
