"Number","Player","Kicks","Marks","Handballs","Disposals","Goals","Behinds","Hitouts","Tackles","Rebounds50s","Inside50s","Clearances","Clangers","FreesFor","FreesAgainst","BrownlowVotes","ContestedPossessions","UncontestedPossessions","ContestedMarks","MarksInside50","OnePercenters","Bounces","GoalAssists","PercentagePlayed","PointDifference","Team","Season","Round"
27,"Armfield, Dennis",10,8,7,17,4,1,0,2,0,1,0,2,1,0,0,3,14,0,3,1,0,0,81,-60,"Carlton","2016",16
41,"Casboult, Levi",3,1,4,7,1,1,0,3,0,1,0,4,0,3,0,5,1,0,1,0,0,0,92,-60,"Carlton","2016",16
9,"Cripps, Patrick",9,2,18,27,0,0,1,5,3,3,12,3,2,1,0,20,7,0,0,1,0,0,85,-60,"Carlton","2016",16
35,"Curnow, Ed",8,2,11,19,0,0,0,10,2,0,2,4,2,1,0,8,11,0,0,1,0,1,84,-60,"Carlton","2016",16
15,"Docherty, Sam",16,8,11,27,0,0,0,1,3,0,1,3,0,0,0,9,17,0,0,3,1,0,88,-60,"Carlton","2016",16
33,"Everitt, Andrejs",6,5,6,12,0,0,0,1,0,3,1,0,0,0,0,3,9,1,0,0,0,1,83,-60,"Carlton","2016",16
4,"Gibbs, Bryce",18,2,16,34,0,0,2,2,2,7,5,3,2,0,0,14,21,0,0,2,1,0,81,-60,"Carlton","2016",16
11,"Kerridge, Sam",6,2,13,19,0,0,0,5,3,2,2,3,0,2,0,6,13,0,0,1,1,0,89,-60,"Carlton","2016",16
8,"Kreuzer, Matthew",7,2,1,8,0,0,15,9,1,2,2,2,0,1,0,3,4,0,0,2,0,0,69,-60,"Carlton","2016",16
13,"Lamb, Jed",7,1,2,9,0,2,0,3,0,6,1,4,0,2,0,3,6,0,1,2,0,0,74,-60,"Carlton","2016",16
34,"Phillips, Andrew",5,2,4,9,0,0,19,0,1,2,2,3,2,1,0,6,3,0,0,1,0,0,66,-60,"Carlton","2016",16
20,"Plowman, Lachie",6,4,4,10,0,0,0,2,1,0,0,2,1,1,0,3,8,0,0,11,0,0,80,-60,"Carlton","2016",16
17,"Rowe, Sam",7,6,4,11,0,0,0,0,1,0,0,3,1,1,0,5,7,0,0,17,0,0,100,-60,"Carlton","2016",16
2,"Silvagni, Jack",5,1,2,7,1,1,0,3,0,4,0,2,2,1,0,4,3,0,0,1,0,1,83,-60,"Carlton","2016",16
6,"Simpson, Kade",16,6,5,21,0,0,0,3,8,0,2,3,2,0,0,6,15,0,0,3,0,1,92,-60,"Carlton","2016",16
19,"Sumner, Liam",7,3,3,10,0,0,0,4,1,3,0,2,0,0,0,5,6,0,0,1,2,0,85,-60,"Carlton","2016",16
39,"Thomas, Dale",7,4,5,12,0,0,0,4,1,3,1,2,0,0,0,5,5,0,0,0,0,1,49,-60,"Carlton","2016",16
42,"Tuohy, Zach",21,6,5,26,0,0,0,0,8,5,1,6,0,1,0,8,15,0,0,3,0,0,95,-60,"Carlton","2016",16
1,"Walker, Andrew",5,2,8,13,0,0,0,2,1,1,1,7,1,2,0,7,8,0,0,2,0,0,80,-60,"Carlton","2016",16
23,"Weitering, Jacob",8,4,5,13,0,0,0,0,2,1,0,2,0,0,0,2,11,0,0,3,0,0,83,-60,"Carlton","2016",16
43,"White, Simon",7,5,8,15,0,0,0,3,0,2,0,1,0,1,0,6,10,0,1,6,0,0,70,-60,"Carlton","2016",16
46,"Wright, Matthew",16,0,8,24,1,0,0,4,0,5,2,7,2,1,0,11,11,0,0,0,0,0,91,-60,"Carlton","2016",16
0,"Totals",200,76,150,350,7,5,37,66,38,51,35,68,18,19,0,142,205,1,6,61,5,5,0,-60,"Carlton","2016",16
21,"Atkins, Rory",9,4,10,19,0,1,1,3,1,4,0,2,0,0,0,5,14,0,1,0,0,3,86,60,"Adelaide","2016",16
18,"Betts, Eddie",7,2,10,17,3,0,0,2,0,0,2,5,1,0,0,12,4,1,2,1,0,3,80,60,"Adelaide","2016",16
23,"Cameron, Charlie",6,2,3,9,0,2,0,7,1,2,0,2,0,2,0,0,9,0,1,2,1,0,82,60,"Adelaide","2016",16
25,"Cheney, Kyle",11,4,8,19,0,1,0,3,4,1,2,2,0,1,0,11,9,1,0,8,1,0,90,60,"Adelaide","2016",16
2,"Crouch, Brad",14,4,15,29,1,0,0,7,3,3,7,4,1,2,0,11,19,0,0,2,0,1,72,60,"Adelaide","2016",16
44,"Crouch, Matt",8,2,24,32,0,0,0,0,2,4,3,3,0,1,0,13,19,0,1,1,1,0,66,60,"Adelaide","2016",16
26,"Douglas, Richard",8,2,5,13,1,1,0,6,0,3,0,1,1,0,0,3,11,0,1,1,2,1,80,60,"Adelaide","2016",16
15,"Hartigan, Kyle",8,2,10,18,0,0,0,0,1,2,0,4,0,1,0,2,16,0,0,4,0,0,97,60,"Adelaide","2016",16
45,"Henderson, Ricky",12,6,14,26,0,0,0,1,1,4,0,3,1,2,0,6,20,0,0,0,0,1,78,60,"Adelaide","2016",16
24,"Jacobs, Sam",9,3,6,15,3,0,36,5,4,0,3,5,1,1,2,6,9,0,0,2,0,0,81,60,"Adelaide","2016",16
4,"Jenkins, Josh",12,7,2,14,3,2,3,3,0,4,2,0,2,0,0,6,7,1,4,3,0,2,85,60,"Adelaide","2016",16
29,"Laird, Rory",18,4,17,35,0,0,0,0,9,2,2,1,4,0,1,14,20,0,0,0,0,0,87,60,"Adelaide","2016",16
6,"Lever, Jake",16,4,10,26,0,0,0,0,4,1,0,5,1,1,0,11,16,0,0,8,0,0,89,60,"Adelaide","2016",16
27,"Lynch, Tom",10,8,7,17,1,1,0,3,0,3,1,2,0,1,0,6,13,0,2,0,0,1,90,60,"Adelaide","2016",16
31,"Lyons, Jarryd",12,2,8,20,1,0,0,4,1,8,5,1,0,0,0,12,8,1,1,1,0,0,68,60,"Adelaide","2016",16
14,"Mackay, David",11,2,9,20,1,0,0,4,1,3,0,4,0,0,0,7,14,1,0,3,0,0,82,60,"Adelaide","2016",16
41,"McGovern, Mitch",4,3,5,9,1,0,0,3,0,1,1,0,0,0,0,5,5,1,1,1,0,0,72,60,"Adelaide","2016",16
9,"Sloane, Rory",15,4,19,34,0,1,0,8,4,4,10,7,1,2,3,20,15,0,1,5,0,0,79,60,"Adelaide","2016",16
33,"Smith, Brodie",11,4,7,18,0,1,0,2,4,1,1,2,1,0,0,9,9,0,0,3,0,0,84,60,"Adelaide","2016",16
12,"Talia, Daniel",17,7,11,28,0,0,0,2,4,2,0,5,1,0,0,10,17,0,0,17,0,0,89,60,"Adelaide","2016",16
5,"Thompson, Scott",10,3,10,20,0,0,0,9,0,1,4,4,3,2,0,9,10,1,0,0,0,0,77,60,"Adelaide","2016",16
13,"Walker, Taylor",9,5,5,14,1,0,0,3,0,6,0,4,1,2,0,4,10,0,0,1,0,2,86,60,"Adelaide","2016",16
0,"Rushed",0,0,0,0,0,1,0,0,0,0,0,0,0,0,0,0,0,0,0,0,0,0,0,60,"Adelaide","2016",16
