"Number","Player","Kicks","Marks","Handballs","Disposals","Goals","Behinds","Hitouts","Tackles","Rebounds50s","Inside50s","Clearances","Clangers","FreesFor","FreesAgainst","BrownlowVotes","ContestedPossessions","UncontestedPossessions","ContestedMarks","MarksInside50","OnePercenters","Bounces","GoalAssists","PercentagePlayed","PointDifference","Team","Season","Round"
29,"Ambrose, Patrick",4,1,7,11,0,0,0,2,1,1,0,0,1,0,0,4,7,0,0,7,0,0,94,-14,"Essendon","2016",8
12,"Baguley, Mark",14,5,10,24,0,0,0,6,5,2,0,3,2,2,0,8,14,2,0,8,0,1,87,-14,"Essendon","2016",8
24,"Bird, Craig",7,1,20,27,0,0,0,5,0,4,7,2,0,0,0,9,18,0,0,0,0,0,68,-14,"Essendon","2016",8
28,"Brown, Mitch",3,3,4,7,0,0,0,1,0,2,1,0,1,0,0,2,5,1,0,1,0,0,88,-14,"Essendon","2016",8
17,"Cooney, Adam",16,5,17,33,1,1,0,3,1,4,2,4,0,1,0,9,26,0,0,1,0,1,78,-14,"Essendon","2016",8
51,"Crowley, Ryan",10,4,8,18,0,1,0,1,0,3,1,3,2,2,0,8,11,0,1,0,0,0,88,-14,"Essendon","2016",8
6,"Daniher, Joe",14,7,2,16,2,1,8,1,2,6,2,3,2,1,0,7,9,2,1,0,0,1,89,-14,"Essendon","2016",8
49,"Dea, Matt",13,8,6,19,0,0,0,1,6,0,0,2,1,2,0,5,14,2,0,3,2,0,82,-14,"Essendon","2016",8
13,"Fantasia, Orazio",5,3,4,9,2,1,0,3,0,2,0,2,0,1,0,4,6,0,1,1,0,1,83,-14,"Essendon","2016",8
9,"Goddard, Brendon",18,4,20,38,0,2,2,1,2,3,6,3,2,1,0,13,26,0,0,1,0,0,88,-14,"Essendon","2016",8
55,"Grima, Nathan",7,5,7,14,0,0,0,1,2,0,0,3,0,0,0,2,12,0,0,5,0,0,91,-14,"Essendon","2016",8
36,"Hartley, Michael",4,5,8,12,0,0,0,1,1,1,0,2,0,1,0,6,7,2,0,9,0,0,97,-14,"Essendon","2016",8
47,"Kelly, James",13,5,13,26,0,0,0,2,2,1,0,3,1,2,0,6,19,0,0,4,0,0,77,-14,"Essendon","2016",8
30,"Langford, Kyle",12,8,5,17,2,0,0,2,1,4,0,3,1,1,0,3,13,0,1,1,0,1,95,-14,"Essendon","2016",8
22,"Leuenberger, Matthew",4,4,7,11,0,0,17,0,1,0,1,1,1,1,0,3,7,0,0,4,0,0,76,-14,"Essendon","2016",8
43,"McDonald-Tipungwuti, Anthony",8,5,9,17,0,0,0,3,3,3,0,4,0,2,1,4,14,0,0,1,3,0,69,-14,"Essendon","2016",8
45,"McKenna, Conor",6,5,8,14,0,0,0,0,1,3,1,3,0,2,0,6,9,1,0,0,2,0,63,-14,"Essendon","2016",8
7,"Merrett, Zach",16,6,20,36,0,2,0,8,3,3,5,2,3,0,2,18,19,0,0,0,0,0,73,-14,"Essendon","2016",8
3,"Parish, Darcy",9,6,15,24,0,0,0,1,0,3,5,2,1,0,0,8,16,0,0,2,0,0,72,-14,"Essendon","2016",8
50,"Polkinghorne, James",10,5,7,17,0,2,0,1,0,5,1,2,2,0,0,4,14,1,0,1,0,0,83,-14,"Essendon","2016",8
27,"Redman, Mason",4,4,3,7,1,2,0,0,0,0,0,0,0,0,0,2,5,0,3,1,0,1,72,-14,"Essendon","2016",8
11,"Zaharakis, David",6,1,6,12,0,0,0,6,0,1,1,1,0,0,0,3,9,0,0,0,0,0,86,-14,"Essendon","2016",8
0,"Totals",203,100,206,409,8,12,27,49,31,51,33,48,20,19,3,134,280,11,7,50,7,6,0,-14,"Essendon","2016",8
18,"Atley, Shaun",5,2,10,15,0,0,0,2,2,1,0,1,0,1,0,4,11,0,0,2,2,0,90,14,"North Melbourne","2016",8
50,"Brown, Ben",4,1,1,5,1,1,3,1,0,1,0,2,2,2,0,4,1,1,0,2,0,0,84,14,"North Melbourne","2016",8
10,"Cunnington, Ben",7,5,12,19,0,1,0,6,1,1,5,3,0,3,0,9,10,1,1,1,0,1,71,14,"North Melbourne","2016",8
15,"Dal Santo, Nick",11,3,17,28,0,1,0,0,1,2,4,1,0,0,0,8,20,1,0,1,1,1,84,14,"North Melbourne","2016",8
38,"Daw, Majak",7,5,7,14,2,2,4,5,0,3,0,1,0,1,0,8,6,3,3,1,3,0,74,14,"North Melbourne","2016",8
43,"Gibson, Sam",20,15,16,36,0,1,0,3,5,7,1,2,2,1,3,6,31,0,0,0,0,0,87,14,"North Melbourne","2016",8
22,"Goldstein, Todd",8,5,14,22,0,0,35,2,1,1,6,2,2,1,0,11,11,1,0,1,0,0,84,14,"North Melbourne","2016",8
29,"Harvey, Brent",14,8,17,31,0,0,0,0,0,7,1,5,1,1,0,9,23,0,1,1,5,2,86,14,"North Melbourne","2016",8
5,"Jacobs, Ben",5,2,9,14,1,0,0,5,0,1,0,3,0,1,0,2,12,0,0,2,0,0,86,14,"North Melbourne","2016",8
34,"Macmillan, Jamie",7,4,7,14,0,0,0,2,4,0,0,2,0,0,0,5,8,0,0,7,0,0,86,14,"North Melbourne","2016",8
21,"McDonald, Luke",9,6,5,14,0,0,0,1,2,1,0,2,1,1,0,4,10,0,0,4,0,0,88,14,"North Melbourne","2016",8
2,"McKenzie, Brad",15,5,4,19,0,0,0,1,4,3,0,1,1,0,0,3,16,0,0,4,0,0,82,14,"North Melbourne","2016",8
17,"Mullett, Aaron",12,2,7,19,0,1,0,1,2,1,0,1,0,0,0,1,17,0,0,0,0,0,75,14,"North Melbourne","2016",8
28,"Nahas, Robin",4,2,4,8,0,1,0,7,0,1,0,1,1,1,0,3,5,0,1,1,0,0,84,14,"North Melbourne","2016",8
20,"Petrie, Drew",9,2,2,11,2,0,0,1,0,2,0,2,4,1,0,6,5,1,0,2,0,0,94,14,"North Melbourne","2016",8
9,"Swallow, Andrew",13,4,14,27,0,0,0,6,3,6,3,4,0,1,0,11,18,0,0,1,0,1,83,14,"North Melbourne","2016",8
25,"Tarrant, Robbie",13,7,7,20,0,0,0,1,3,0,0,0,1,0,0,7,12,1,0,12,0,0,89,14,"North Melbourne","2016",8
12,"Thomas, Lindsay",9,5,4,13,1,1,0,3,1,2,1,4,2,2,0,5,8,0,2,0,0,0,79,14,"North Melbourne","2016",8
16,"Thompson, Scott",14,6,5,19,0,0,0,1,4,0,0,1,0,0,0,7,11,2,0,6,0,0,81,14,"North Melbourne","2016",8
30,"Waite, Jarrad",9,5,9,18,2,3,0,6,1,1,3,1,0,1,0,7,11,1,3,3,0,0,93,14,"North Melbourne","2016",8
32,"Wood, Mason",8,6,5,13,1,0,0,2,0,2,1,0,1,0,0,4,10,1,2,0,0,0,47,14,"North Melbourne","2016",8
7,"Ziebell, Jack",12,1,11,23,0,1,0,2,2,5,8,6,1,2,0,15,9,0,1,3,0,1,70,14,"North Melbourne","2016",8
0,"Rushed",0,0,0,0,0,1,0,0,0,0,0,0,0,0,0,0,0,0,0,0,0,0,0,14,"North Melbourne","2016",8
