"Number","Player","Kicks","Marks","Handballs","Disposals","Goals","Behinds","Hitouts","Tackles","Rebounds50s","Inside50s","Clearances","Clangers","FreesFor","FreesAgainst","BrownlowVotes","ContestedPossessions","UncontestedPossessions","ContestedMarks","MarksInside50","OnePercenters","Bounces","GoalAssists","PercentagePlayed","PointDifference","Team","Season","Round"
15,"Amon, Karl",6,3,7,13,0,0,0,9,1,0,0,1,0,1,0,2,11,0,0,3,0,0,75,-8,"Port Adelaide","2016",9
1,"Boak, Travis",10,1,16,26,0,0,0,2,1,4,4,5,0,1,0,13,12,0,0,1,0,1,69,-8,"Port Adelaide","2016",9
5,"Broadbent, Matthew",12,2,8,20,0,0,0,7,3,4,0,2,1,1,0,7,13,0,0,2,2,0,78,-8,"Port Adelaide","2016",9
33,"Byrne-Jones, Darcy",7,2,5,12,0,0,0,3,3,1,0,0,0,0,0,5,7,0,0,3,0,0,69,-8,"Port Adelaide","2016",9
22,"Dixon, Charlie",11,9,9,20,2,1,0,0,0,5,0,2,0,0,0,8,11,2,3,4,0,0,97,-8,"Port Adelaide","2016",9
7,"Ebert, Brad",7,4,15,22,1,0,0,7,0,0,2,6,0,1,0,9,13,0,2,2,0,0,84,-8,"Port Adelaide","2016",9
9,"Gray, Robbie",11,1,17,28,0,1,0,10,2,4,8,3,3,1,1,16,15,0,0,1,1,0,87,-8,"Port Adelaide","2016",9
8,"Hartlett, Hamish",9,4,6,15,1,0,0,3,0,4,2,2,1,2,0,2,14,0,2,0,0,0,50,-8,"Port Adelaide","2016",9
36,"Hombsch, Jack",6,4,6,12,0,0,0,0,5,0,0,2,1,2,0,8,4,3,0,7,0,0,95,-8,"Port Adelaide","2016",9
24,"Impey, Jarman",8,2,0,8,0,2,0,1,0,0,0,2,1,1,0,3,4,1,0,0,2,0,75,-8,"Port Adelaide","2016",9
42,"Jonas, Tom",10,6,3,13,0,0,0,0,5,0,0,2,0,1,0,5,9,1,0,7,0,0,92,-8,"Port Adelaide","2016",9
48,"Krakouer, Nathan",17,2,4,21,0,0,0,2,5,5,1,7,2,0,0,9,13,0,0,1,0,0,77,-8,"Port Adelaide","2016",9
3,"Neade, Jake",7,5,6,13,0,0,0,3,1,5,1,1,1,1,0,4,11,0,0,4,0,2,73,-8,"Port Adelaide","2016",9
13,"OShea, Cameron",8,8,6,14,0,0,0,3,2,1,0,2,0,1,0,2,12,0,0,8,0,1,91,-8,"Port Adelaide","2016",9
29,"Pittard, Jasper",18,4,3,21,0,0,0,5,4,5,1,3,1,1,0,6,14,1,0,2,0,0,90,-8,"Port Adelaide","2016",9
21,"Polec, Jared",9,4,15,24,1,0,0,8,2,2,3,3,2,2,0,9,16,0,1,2,1,1,92,-8,"Port Adelaide","2016",9
14,"Stewart, Paul",9,5,6,15,0,0,0,3,1,1,1,2,1,1,0,7,8,0,0,7,0,0,84,-8,"Port Adelaide","2016",9
12,"Trengove, Jackson",6,0,9,15,0,0,13,11,0,1,6,5,2,4,0,10,5,0,0,3,0,0,81,-8,"Port Adelaide","2016",9
39,"Westhoff, Justin",9,5,6,15,1,0,1,8,0,3,1,4,1,1,0,4,11,1,0,2,0,1,88,-8,"Port Adelaide","2016",9
16,"Wines, Ollie",9,4,15,24,0,1,1,4,1,2,4,6,1,3,0,10,14,1,1,1,0,0,81,-8,"Port Adelaide","2016",9
20,"Wingard, Chad",12,5,8,20,3,1,0,3,0,6,1,3,0,0,0,10,9,2,1,1,1,3,91,-8,"Port Adelaide","2016",9
40,"Young, Aaron",13,6,8,21,4,1,0,6,0,2,1,2,2,0,0,9,12,0,3,3,0,1,81,-8,"Port Adelaide","2016",9
0,"Rushed",0,0,0,0,0,1,0,0,0,0,0,0,0,0,0,0,0,0,0,0,0,0,0,-8,"Port Adelaide","2016",9
26,"Butler, Sam",7,1,7,14,0,0,0,3,3,2,2,1,0,1,0,4,10,0,0,2,0,0,82,8,"West Coast","2016",9
15,"Cripps, Jamie",11,3,0,11,2,0,0,5,0,4,0,3,0,0,0,3,7,0,0,1,0,3,78,8,"West Coast","2016",9
27,"Darling, Jack",5,4,4,9,0,0,0,5,0,1,0,2,0,1,0,3,7,1,0,1,0,0,89,8,"West Coast","2016",9
14,"Duggan, Liam",6,1,6,12,0,0,0,4,0,5,4,1,0,1,0,6,7,0,0,2,0,0,69,8,"West Coast","2016",9
3,"Gaff, Andrew",10,1,7,17,0,0,0,0,3,5,2,3,0,1,0,4,14,0,1,0,1,1,52,8,"West Coast","2016",9
33,"Hill, Josh",7,4,8,15,1,0,0,2,4,1,0,2,0,0,0,6,10,0,0,4,0,1,78,8,"West Coast","2016",9
25,"Hurn, Shannon",8,2,5,13,0,0,0,4,2,2,0,1,0,0,0,4,8,0,0,4,0,0,80,8,"West Coast","2016",9
34,"Hutchings, Mark",12,4,8,20,0,0,0,5,1,2,3,2,1,0,0,7,13,0,0,2,0,1,78,8,"West Coast","2016",9
17,"Kennedy, Josh",10,4,5,15,7,0,0,4,1,2,0,4,3,2,3,11,6,1,4,0,0,1,100,8,"West Coast","2016",9
2,"LeCras, Mark",8,5,4,12,0,0,0,3,0,2,1,0,1,0,0,3,9,0,2,0,0,1,84,8,"West Coast","2016",9
29,"Lycett, Scott",10,5,3,13,2,2,23,11,0,4,3,0,4,0,0,6,8,0,2,2,0,0,80,8,"West Coast","2016",9
16,"Mackenzie, Eric",3,3,12,15,0,0,0,1,1,0,0,1,0,1,0,5,10,0,0,9,0,0,100,8,"West Coast","2016",9
7,"Masten, Chris",11,3,8,19,0,0,0,0,4,3,3,4,0,1,0,7,14,0,0,1,0,2,89,8,"West Coast","2016",9
20,"McGovern, Jeremy",6,5,3,9,0,0,0,0,2,1,0,0,0,0,0,3,5,2,0,8,0,0,83,8,"West Coast","2016",9
9,"Naitanui, Nic",7,3,6,13,0,0,48,5,0,5,5,4,2,1,0,11,3,2,0,2,0,0,71,8,"West Coast","2016",9
11,"Priddis, Matt",13,1,14,27,0,0,0,10,2,5,11,4,4,3,2,26,3,0,0,0,0,0,86,8,"West Coast","2016",9
8,"Redden, Jack",9,3,13,22,0,1,0,0,0,1,4,2,1,1,0,13,9,0,0,1,0,0,79,8,"West Coast","2016",9
31,"Schofield, Will",6,1,2,8,0,0,0,3,3,3,0,2,1,0,0,4,5,0,0,5,0,0,88,8,"West Coast","2016",9
5,"Sheppard, Brad",8,4,5,13,0,1,0,0,2,2,0,3,1,1,0,4,9,0,0,4,0,0,85,8,"West Coast","2016",9
13,"Shuey, Luke",13,1,10,23,1,0,0,7,2,6,6,7,3,2,0,13,11,0,0,1,0,0,83,8,"West Coast","2016",9
12,"Wellingham, Sharrod",15,7,9,24,0,1,0,0,4,3,0,2,1,1,0,7,14,0,0,7,0,0,82,8,"West Coast","2016",9
6,"Yeo, Elliot",10,3,9,19,1,1,0,3,0,2,1,4,3,3,0,13,6,1,1,2,0,0,83,8,"West Coast","2016",9
0,"Rushed",0,0,0,0,0,4,0,0,0,0,0,0,0,0,0,0,0,0,0,0,0,0,0,8,"West Coast","2016",9
