"Number","Player","Kicks","Marks","Handballs","Disposals","Goals","Behinds","Hitouts","Tackles","Rebounds50s","Inside50s","Clearances","Clangers","FreesFor","FreesAgainst","BrownlowVotes","ContestedPossessions","UncontestedPossessions","ContestedMarks","MarksInside50","OnePercenters","Bounces","GoalAssists","PercentagePlayed","PointDifference","Team","Season","Round"
33,"Adams, Marcus",8,8,7,15,0,0,0,1,1,1,1,0,1,0,0,6,9,2,0,4,0,0,90,65,"Western Bulldogs","2016",1
24,"Biggs, Shane",22,6,13,35,0,1,0,2,5,5,0,1,1,0,1,6,29,1,0,3,0,0,85,65,"Western Bulldogs","2016",1
4,"Bontempelli, Marcus",11,1,9,20,1,1,0,6,0,4,4,3,1,2,0,8,14,0,0,1,0,0,78,65,"Western Bulldogs","2016",1
5,"Boyd, Matthew",13,8,13,26,0,0,0,2,4,1,0,3,1,2,0,4,24,0,0,2,2,1,84,65,"Western Bulldogs","2016",1
17,"Boyd, Tom",7,6,3,10,1,0,5,3,0,0,1,3,1,1,0,4,7,1,3,0,0,0,79,65,"Western Bulldogs","2016",1
6,"Dahlhaus, Luke",7,2,18,25,0,1,0,6,0,3,8,2,4,2,0,16,10,0,0,0,0,0,78,65,"Western Bulldogs","2016",1
35,"Daniel, Caleb",12,6,8,20,1,0,0,3,0,3,2,2,1,0,0,7,13,0,0,0,0,2,79,65,"Western Bulldogs","2016",1
20,"Dunkley, Josh",8,4,7,15,1,1,1,4,0,0,0,3,0,1,0,4,11,1,1,0,0,1,71,65,"Western Bulldogs","2016",1
7,"Hunter, Lachie",16,10,15,31,0,0,0,0,2,4,0,1,0,0,0,4,26,0,1,1,0,0,87,65,"Western Bulldogs","2016",1
39,"Johannisen, Jason",20,9,15,35,1,1,0,0,3,3,3,2,0,1,3,9,25,0,1,1,1,1,82,65,"Western Bulldogs","2016",1
21,"Liberatore, Tom",11,2,14,25,1,1,0,2,0,7,4,1,1,1,0,11,16,0,1,3,0,1,81,65,"Western Bulldogs","2016",1
11,"Macrae, Jack",12,5,18,30,1,0,0,4,0,3,0,4,1,1,0,6,24,0,0,3,0,0,88,65,"Western Bulldogs","2016",1
16,"McLean, Toby",13,7,9,22,1,1,0,3,0,2,0,2,3,0,0,7,15,1,0,1,0,0,73,65,"Western Bulldogs","2016",1
38,"Morris, Dale",5,5,5,10,0,1,0,1,0,1,0,0,1,0,0,5,7,1,0,9,0,0,93,65,"Western Bulldogs","2016",1
2,"Murphy, Robert",20,9,11,31,0,1,0,1,3,3,0,1,0,0,0,3,27,0,0,4,5,0,81,65,"Western Bulldogs","2016",1
42,"Picken, Liam",11,5,12,23,0,1,0,3,1,1,2,3,2,0,0,9,15,0,2,3,0,2,85,65,"Western Bulldogs","2016",1
23,"Roughead, Jordan",5,3,6,11,1,0,21,5,0,2,0,2,0,1,0,6,7,2,1,5,0,0,81,65,"Western Bulldogs","2016",1
25,"Stevens, Koby",8,1,19,27,0,0,0,8,1,3,3,3,0,1,0,5,23,0,0,2,0,0,76,65,"Western Bulldogs","2016",1
9,"Stringer, Jake",12,6,6,18,5,1,0,2,0,1,0,2,0,0,2,6,11,2,4,1,0,1,83,65,"Western Bulldogs","2016",1
1,"Suckling, Matt",12,8,10,22,1,1,0,2,2,2,1,3,0,1,0,6,14,1,1,0,3,0,81,65,"Western Bulldogs","2016",1
3,"Wallis, Mitch",7,0,17,24,0,1,1,3,1,5,6,2,0,0,0,15,8,0,0,2,0,0,80,65,"Western Bulldogs","2016",1
10,"Wood, Easton",10,5,13,23,0,0,0,1,1,3,0,2,1,0,0,10,12,2,0,4,1,0,84,65,"Western Bulldogs","2016",1
0,"Totals",250,116,248,498,15,13,28,62,24,57,35,45,19,14,6,157,347,14,15,49,12,9,0,65,"Western Bulldogs","2016",1
1,"Ballantyne, Hayden",7,4,2,9,0,1,0,5,1,2,1,2,1,1,0,3,6,0,2,1,0,3,80,-65,"Fremantle","2016",1
21,"Barlow, Michael",13,6,9,22,0,0,3,2,4,3,2,4,1,1,0,7,14,0,0,0,0,0,85,-65,"Fremantle","2016",1
30,"Clarke, Zac",1,2,6,7,0,0,5,1,0,0,0,1,0,0,0,1,6,0,0,1,0,0,47,-65,"Fremantle","2016",1
3,"Dawson, Zac",4,8,11,15,0,0,0,3,0,0,0,4,0,1,0,4,11,1,0,12,0,0,96,-65,"Fremantle","2016",1
7,"Fyfe, Nat",6,4,9,15,0,0,4,2,0,2,2,3,0,2,0,12,3,2,0,0,0,0,86,-65,"Fremantle","2016",1
12,"Griffin, Jonathon",2,0,5,7,0,0,14,2,0,0,2,1,2,1,0,3,4,0,0,5,0,0,73,-65,"Fremantle","2016",1
32,"Hill, Stephen",6,2,6,12,0,0,0,3,1,3,0,2,0,0,0,3,9,0,0,0,0,0,88,-65,"Fremantle","2016",1
5,"Ibbotson, Garrick",15,7,7,22,0,0,0,3,5,0,0,1,1,1,0,7,14,0,0,1,1,0,97,-65,"Fremantle","2016",1
23,"Mayne, Chris",5,3,5,10,0,2,0,0,0,0,0,2,1,1,0,6,4,1,2,0,1,0,86,-65,"Fremantle","2016",1
16,"Mundy, David",10,2,11,21,0,0,0,3,3,1,2,3,0,1,0,10,11,0,0,0,0,0,82,-65,"Fremantle","2016",1
13,"Mzungu, Tendai",6,2,6,12,0,0,0,2,3,1,0,1,0,1,0,0,12,0,0,4,1,0,73,-65,"Fremantle","2016",1
27,"Neale, Lachie",13,4,19,32,0,0,0,4,4,1,6,2,1,0,0,13,18,0,0,0,0,0,71,-65,"Fremantle","2016",1
29,"Pavlich, Matthew",5,4,1,6,1,1,0,1,0,1,0,1,0,1,0,1,5,1,2,1,0,0,85,-65,"Fremantle","2016",1
46,"Pearce, Clancee",19,8,9,28,0,0,0,1,4,2,0,6,0,1,0,7,19,0,0,4,0,0,89,-65,"Fremantle","2016",1
6,"Pearce, Danyle",9,2,7,16,0,1,0,4,2,5,1,1,0,0,0,4,12,0,0,0,0,1,79,-65,"Fremantle","2016",1
11,"Sheridan, Tom",20,11,7,27,0,0,0,3,3,0,1,2,0,1,0,5,18,0,0,0,1,0,91,-65,"Fremantle","2016",1
34,"Spurr, Lee",15,9,2,17,0,0,0,2,2,0,3,6,1,2,0,4,13,0,0,1,0,0,91,-65,"Fremantle","2016",1
8,"Suban, Nick",11,3,4,15,1,0,0,3,2,1,3,3,2,0,0,5,10,0,0,2,0,0,78,-65,"Fremantle","2016",1
33,"Sutcliffe, Cam",15,8,6,21,0,1,0,2,6,0,0,3,1,1,0,5,14,0,0,4,1,0,98,-65,"Fremantle","2016",1
20,"Taberner, Matthew",4,4,4,8,1,1,0,1,0,2,0,2,0,2,0,4,4,1,2,1,0,0,69,-65,"Fremantle","2016",1
10,"Walters, Michael",9,4,4,13,1,1,0,4,0,5,1,4,2,1,0,6,8,0,1,2,1,1,82,-65,"Fremantle","2016",1
14,"Weller, Lachie",3,1,2,5,1,0,0,4,0,1,0,0,1,0,0,3,2,0,0,1,0,0,74,-65,"Fremantle","2016",1
0,"Totals",198,98,142,340,5,8,26,55,40,30,24,54,14,19,0,113,217,6,9,40,6,5,0,-65,"Fremantle","2016",1
