"Number","Player","Kicks","Marks","Handballs","Disposals","Goals","Behinds","Hitouts","Tackles","Rebounds50s","Inside50s","Clearances","Clangers","FreesFor","FreesAgainst","BrownlowVotes","ContestedPossessions","UncontestedPossessions","ContestedMarks","MarksInside50","OnePercenters","Bounces","GoalAssists","PercentagePlayed","PointDifference","Team","Season","Round"
31,"Andrews, Harris",9,8,4,13,0,0,0,0,1,2,0,2,1,1,0,3,10,1,0,7,0,0,92,-34,"Brisbane Lions","2016",2
4,"Bastinac, Ryan",6,1,13,19,0,0,0,2,3,3,3,2,1,1,0,10,9,0,0,2,0,1,79,-34,"Brisbane Lions","2016",2
17,"Beams, Claye",10,5,5,15,1,0,0,2,2,2,0,2,0,0,0,3,10,1,2,1,1,0,83,-34,"Brisbane Lions","2016",2
7,"Bell, Tom",6,2,7,13,1,0,1,2,2,2,1,2,0,1,0,6,8,0,1,0,1,0,79,-34,"Brisbane Lions","2016",2
8,"Bewick, Rohan",11,5,8,19,0,0,1,3,5,3,4,1,2,1,0,8,12,0,0,2,0,0,79,-34,"Brisbane Lions","2016",2
3,"Christensen, Allen",5,2,10,15,0,0,0,6,1,6,1,1,2,0,0,3,12,0,0,0,0,0,81,-34,"Brisbane Lions","2016",2
26,"Cutler, Tom",13,2,4,17,0,1,0,1,2,4,1,2,1,0,0,3,11,0,0,0,0,0,76,-34,"Brisbane Lions","2016",2
27,"Gardiner, Darcy",6,1,5,11,0,0,0,0,1,2,0,2,1,0,0,3,7,0,0,3,0,0,75,-34,"Brisbane Lions","2016",2
6,"Green, Josh",9,3,4,13,2,1,0,2,0,2,1,4,0,0,0,8,6,0,1,1,1,3,83,-34,"Brisbane Lions","2016",2
11,"Hanley, Pearce",16,3,8,24,0,3,1,2,3,4,2,3,2,3,0,5,17,0,1,1,0,2,82,-34,"Brisbane Lions","2016",2
2,"Harwood, Ryan",3,0,4,7,0,1,0,1,0,0,0,2,0,2,0,3,5,0,0,1,0,0,74,-34,"Brisbane Lions","2016",2
35,"Lester, Ryan",3,3,8,11,1,1,0,0,0,1,1,1,1,0,0,5,6,0,1,1,0,0,74,-34,"Brisbane Lions","2016",2
12,"Martin, Stefan",7,7,11,18,0,1,28,1,1,0,2,2,0,0,0,8,11,1,1,2,0,0,91,-34,"Brisbane Lions","2016",2
32,"Mayes, Sam",4,4,3,7,0,0,0,3,0,2,0,0,0,0,0,1,6,0,0,2,0,0,80,-34,"Brisbane Lions","2016",2
25,"McStay, Daniel",3,3,2,5,0,0,0,2,1,1,0,1,0,0,0,0,5,0,0,5,0,0,97,-34,"Brisbane Lions","2016",2
21,"Merrett, Daniel",4,1,2,6,0,0,0,3,2,0,0,5,1,4,0,4,1,1,0,11,0,0,100,-34,"Brisbane Lions","2016",2
10,"Rich, Daniel",5,0,2,7,0,0,0,5,0,2,5,3,0,1,0,5,3,0,0,1,0,0,72,-34,"Brisbane Lions","2016",2
38,"Rockliff, Tom",2,0,8,10,1,0,0,2,0,0,1,4,0,4,0,5,6,0,0,1,0,0,58,-34,"Brisbane Lions","2016",2
23,"Schache, Josh",8,5,1,9,0,2,0,3,0,2,0,0,0,0,0,7,2,5,1,2,0,0,90,-34,"Brisbane Lions","2016",2
28,"Taylor, Lewis",12,8,10,22,2,2,0,3,1,5,1,2,2,1,0,7,15,0,2,2,0,1,87,-34,"Brisbane Lions","2016",2
14,"Walker, Josh",7,8,4,11,1,0,1,3,0,3,0,1,0,1,0,5,6,3,1,2,0,1,88,-34,"Brisbane Lions","2016",2
15,"Zorko, Dayne",18,5,6,24,2,1,0,5,0,5,5,2,2,2,0,9,15,0,1,2,0,0,81,-34,"Brisbane Lions","2016",2
0,"Rushed",0,0,0,0,0,4,0,0,0,0,0,0,0,0,0,0,0,0,0,0,0,0,0,-34,"Brisbane Lions","2016",2
18,"Atley, Shaun",6,2,7,13,0,0,0,0,2,1,1,3,1,1,0,3,10,0,0,0,0,0,92,34,"North Melbourne","2016",2
50,"Brown, Ben",8,6,7,15,3,1,6,1,0,3,0,1,1,1,0,6,9,3,2,1,0,0,81,34,"North Melbourne","2016",2
10,"Cunnington, Ben",7,3,11,18,0,0,0,6,1,3,4,3,1,1,0,8,10,0,0,0,0,0,75,34,"North Melbourne","2016",2
15,"Dal Santo, Nick",11,3,9,20,2,0,0,1,1,3,2,6,0,3,0,6,13,0,2,2,0,0,74,34,"North Melbourne","2016",2
11,"Firrito, Michael",7,2,7,14,0,0,0,0,6,2,0,2,1,0,0,6,8,0,0,1,0,1,90,34,"North Melbourne","2016",2
27,"Garner, Taylor",6,2,7,13,0,2,1,3,1,3,1,1,2,1,0,9,5,0,0,1,0,0,65,34,"North Melbourne","2016",2
43,"Gibson, Sam",9,4,10,19,2,0,0,2,0,3,2,0,1,0,0,6,13,0,1,0,0,0,88,34,"North Melbourne","2016",2
22,"Goldstein, Todd",5,0,6,11,1,1,29,0,1,2,3,1,2,1,0,6,5,0,0,2,0,1,93,34,"North Melbourne","2016",2
6,"Hansen, Lachlan",0,0,5,5,0,0,0,0,0,0,0,1,0,1,0,1,4,0,0,3,0,0,81,34,"North Melbourne","2016",2
29,"Harvey, Brent",17,4,7,24,2,3,0,1,0,3,1,3,2,1,1,5,18,1,1,0,0,1,83,34,"North Melbourne","2016",2
4,"Higgins, Shaun",7,3,12,19,0,0,0,2,1,4,3,2,0,0,0,10,9,0,0,1,0,1,78,34,"North Melbourne","2016",2
5,"Jacobs, Ben",1,0,5,6,0,0,0,3,0,1,0,0,0,0,0,4,2,0,0,0,0,0,75,34,"North Melbourne","2016",2
34,"Macmillan, Jamie",12,2,4,16,0,0,0,1,5,4,0,1,1,0,0,5,9,1,0,5,1,0,90,34,"North Melbourne","2016",2
21,"McDonald, Luke",7,1,5,12,0,0,0,3,2,3,1,1,0,0,0,3,8,0,0,3,0,1,81,34,"North Melbourne","2016",2
20,"Petrie, Drew",11,9,5,16,1,2,0,1,0,1,0,1,1,1,0,6,9,3,5,1,0,0,95,34,"North Melbourne","2016",2
9,"Swallow, Andrew",10,2,12,22,0,1,0,3,2,1,5,1,1,0,0,10,10,0,0,0,0,0,74,34,"North Melbourne","2016",2
25,"Tarrant, Robbie",8,4,3,11,0,0,0,0,4,1,0,2,0,1,0,3,8,1,0,5,0,0,89,34,"North Melbourne","2016",2
12,"Thomas, Lindsay",10,4,6,16,0,2,0,4,1,2,2,3,1,2,0,8,9,0,2,1,0,2,73,34,"North Melbourne","2016",2
30,"Waite, Jarrad",12,6,11,23,5,1,0,5,0,1,1,2,3,1,3,13,11,2,4,0,1,1,95,34,"North Melbourne","2016",2
8,"Wells, Daniel",13,5,10,23,0,1,0,4,2,5,7,3,1,1,2,11,14,0,1,2,0,3,68,34,"North Melbourne","2016",2
19,"Wright, Sam",10,3,6,16,0,0,0,3,1,0,1,2,0,0,0,4,13,0,0,0,0,0,86,34,"North Melbourne","2016",2
7,"Ziebell, Jack",10,2,12,22,1,1,0,3,1,3,4,1,3,0,0,12,10,0,0,1,0,1,75,34,"North Melbourne","2016",2
0,"Totals",187,67,167,354,17,15,36,46,31,49,38,40,22,16,6,145,207,11,18,29,2,12,0,34,"North Melbourne","2016",2
