"Number","Player","Kicks","Marks","Handballs","Disposals","Goals","Behinds","Hitouts","Tackles","Rebounds50s","Inside50s","Clearances","Clangers","FreesFor","FreesAgainst","BrownlowVotes","ContestedPossessions","UncontestedPossessions","ContestedMarks","MarksInside50","OnePercenters","Bounces","GoalAssists","PercentagePlayed","PointDifference","Team","Season","Round"
9,"Ablett, Gary",20,4,14,34,1,3,0,7,1,7,9,4,3,2,1,14,21,0,2,0,2,1,87,61,"Gold Coast","2016",1
13,"Ah Chee, Callum",4,1,4,8,1,1,0,5,0,0,0,1,1,0,0,6,2,0,1,2,0,0,74,61,"Gold Coast","2016",1
27,"Cameron, Clay",7,7,8,15,0,0,0,3,1,1,1,0,1,0,0,3,12,0,0,3,0,1,86,61,"Gold Coast","2016",1
39,"Davis, Ryan",8,1,9,17,0,2,0,4,1,3,1,2,1,0,0,8,10,0,1,0,0,0,75,61,"Gold Coast","2016",1
12,"Day, Sam",7,4,8,15,2,0,2,2,0,3,1,3,3,2,0,7,8,1,2,4,0,2,95,61,"Gold Coast","2016",1
33,"Hall, Aaron",19,4,17,36,2,1,0,3,1,9,4,2,0,1,3,11,25,0,0,1,1,0,77,61,"Gold Coast","2016",1
5,"Harbrow, Jarrod",10,3,10,20,0,1,0,2,2,3,0,4,0,1,0,8,12,0,0,0,5,0,82,61,"Gold Coast","2016",1
23,"Lemmens, Sean",4,0,6,10,0,0,0,2,0,0,0,3,1,1,0,2,8,0,0,0,0,0,78,61,"Gold Coast","2016",1
37,"Lonergan, Jesse",9,3,11,20,1,0,0,6,0,4,2,2,0,0,0,8,11,0,0,0,0,1,67,61,"Gold Coast","2016",1
19,"Lynch, Tom",8,7,10,18,4,1,0,4,0,0,0,7,1,2,2,10,6,3,4,1,0,1,95,61,"Gold Coast","2016",1
7,"Malceski, Nick",12,4,7,19,1,2,0,3,1,4,1,4,2,2,0,8,12,2,2,0,0,1,86,61,"Gold Coast","2016",1
4,"Martin, Jack",8,4,5,13,2,0,0,8,0,2,0,1,1,0,0,5,7,0,2,1,0,2,79,61,"Gold Coast","2016",1
17,"May, Steven",12,6,4,16,0,0,0,2,5,3,0,1,0,1,0,4,11,2,0,10,0,0,93,61,"Gold Coast","2016",1
18,"McKenzie, Trent",13,7,4,17,0,0,0,5,2,3,0,0,1,0,0,4,13,0,0,0,0,0,77,61,"Gold Coast","2016",1
11,"Miller, Touk",9,2,11,20,1,2,0,2,0,1,1,4,1,1,0,7,15,0,0,1,0,0,74,61,"Gold Coast","2016",1
22,"Nicholls, Tom",5,3,5,10,0,0,24,4,1,1,1,4,0,2,0,6,5,0,0,4,0,0,87,61,"Gold Coast","2016",1
10,"Prestia, Dion",13,3,16,29,1,0,0,9,2,8,4,4,0,0,0,9,22,0,0,1,1,0,67,61,"Gold Coast","2016",1
35,"Rischitelli, Michael",7,3,20,27,0,0,0,7,1,3,10,0,2,0,0,13,14,0,0,1,1,0,79,61,"Gold Coast","2016",1
3,"Rosa, Matt",16,9,16,32,0,0,0,1,1,5,1,2,0,1,0,7,26,0,0,1,1,2,86,61,"Gold Coast","2016",1
42,"Saad, Adam",7,6,8,15,0,1,0,3,3,3,0,0,0,0,0,4,11,1,0,4,6,0,79,61,"Gold Coast","2016",1
6,"Sexton, Alex",15,6,8,23,1,2,0,3,4,2,1,4,0,1,0,3,19,0,1,1,0,2,85,61,"Gold Coast","2016",1
16,"Thompson, Rory",10,4,4,14,0,0,1,2,2,1,0,1,2,0,0,5,9,0,0,5,0,0,90,61,"Gold Coast","2016",1
0,"Rushed",0,0,0,0,0,3,0,0,0,0,0,0,0,0,0,0,0,0,0,0,0,0,0,61,"Gold Coast","2016",1
29,"Ambrose, Patrick",8,3,4,12,0,0,0,4,4,0,0,4,1,2,0,4,7,0,0,6,0,0,84,-61,"Essendon","2016",1
12,"Baguley, Mark",11,7,5,16,0,0,0,3,3,1,0,4,0,1,0,4,10,1,0,5,0,1,89,-61,"Essendon","2016",1
24,"Bird, Craig",4,1,7,11,0,0,0,6,2,2,1,2,0,0,0,4,8,0,0,0,0,2,70,-61,"Essendon","2016",1
28,"Brown, Mitch",10,4,3,13,0,0,0,2,2,0,0,2,2,2,0,3,10,0,0,2,0,0,91,-61,"Essendon","2016",1
17,"Cooney, Adam",7,4,7,14,0,0,0,3,1,4,0,2,2,1,0,6,8,0,0,0,0,0,82,-61,"Essendon","2016",1
51,"Crowley, Ryan",6,3,7,13,1,0,1,2,0,0,2,2,0,0,0,4,8,1,1,1,0,0,85,-61,"Essendon","2016",1
6,"Daniher, Joe",7,5,4,11,1,1,1,1,0,4,0,4,1,0,0,5,6,2,2,1,1,0,82,-61,"Essendon","2016",1
49,"Dea, Matt",6,5,9,15,0,0,0,5,0,0,0,0,1,0,0,4,11,0,0,1,0,0,87,-61,"Essendon","2016",1
8,"Gleeson, Martin",11,5,8,19,0,0,0,2,5,0,0,4,0,0,0,1,16,0,0,3,0,0,83,-61,"Essendon","2016",1
9,"Goddard, Brendon",8,7,16,24,0,0,0,1,2,0,3,4,1,2,0,10,14,0,0,1,0,0,83,-61,"Essendon","2016",1
42,"Gwilt, James",11,5,7,18,0,0,0,1,6,0,0,2,0,1,0,4,14,0,0,2,0,0,85,-61,"Essendon","2016",1
47,"Kelly, James",15,8,11,26,0,0,0,7,5,1,2,4,2,1,0,10,16,0,1,2,0,0,81,-61,"Essendon","2016",1
30,"Langford, Kyle",7,3,6,13,1,0,0,0,1,5,0,2,1,2,0,2,11,0,0,1,0,0,78,-61,"Essendon","2016",1
22,"Leuenberger, Matthew",2,3,6,8,0,0,32,0,0,1,0,1,1,1,0,1,9,0,0,2,0,1,75,-61,"Essendon","2016",1
43,"McDonald-Tipungwuti, Anthony",6,0,4,10,0,1,0,2,0,0,0,0,1,0,0,5,7,0,0,4,0,0,78,-61,"Essendon","2016",1
44,"McKernan, Shaun",4,1,2,6,1,0,5,0,1,1,1,6,2,3,0,2,5,0,0,3,0,1,81,-61,"Essendon","2016",1
20,"Merrett, Jackson",9,4,12,21,0,0,0,3,0,2,0,1,0,0,0,5,16,0,1,1,0,0,84,-61,"Essendon","2016",1
7,"Merrett, Zach",18,10,13,31,0,0,0,3,4,4,4,3,0,1,0,12,23,0,0,4,0,0,74,-61,"Essendon","2016",1
3,"Parish, Darcy",8,5,17,25,0,0,0,6,1,2,6,3,0,0,0,12,14,0,1,2,0,0,78,-61,"Essendon","2016",1
52,"Simpkin, Jonathan",8,3,9,17,0,0,0,2,3,0,1,6,0,3,0,8,10,0,0,2,0,1,77,-61,"Essendon","2016",1
48,"Stokes, Mathew",18,7,9,27,3,1,0,1,2,5,0,7,1,0,0,7,20,0,1,1,0,1,90,-61,"Essendon","2016",1
11,"Zaharakis, David",21,5,12,33,2,2,0,2,1,8,5,2,1,0,0,12,20,0,1,3,4,1,84,-61,"Essendon","2016",1
0,"Rushed",0,0,0,0,0,1,0,0,0,0,0,0,0,0,0,0,0,0,0,0,0,0,0,-61,"Essendon","2016",1
