"Number","Player","Kicks","Marks","Handballs","Disposals","Goals","Behinds","Hitouts","Tackles","Rebounds50s","Inside50s","Clearances","Clangers","FreesFor","FreesAgainst","BrownlowVotes","ContestedPossessions","UncontestedPossessions","ContestedMarks","MarksInside50","OnePercenters","Bounces","GoalAssists","PercentagePlayed","PointDifference","Team","Season","Round"
29,"Ambrose, Patrick",10,6,4,14,0,1,0,1,3,2,0,3,0,1,0,7,7,2,0,4,0,0,90,-40,"Essendon","2016",22
24,"Bird, Craig",7,2,12,19,0,0,0,7,0,2,0,3,1,2,0,5,14,0,0,0,0,0,73,-40,"Essendon","2016",22
28,"Brown, Mitch",12,13,10,22,0,0,0,1,2,2,1,1,1,1,0,8,15,0,0,1,0,0,83,-40,"Essendon","2016",22
17,"Cooney, Adam",13,6,9,22,1,1,0,3,3,2,4,2,1,0,0,8,15,0,0,1,0,0,76,-40,"Essendon","2016",22
6,"Daniher, Joe",8,6,3,11,2,3,0,0,0,2,0,4,1,2,0,7,4,5,4,1,0,0,92,-40,"Essendon","2016",22
49,"Dea, Matt",10,5,4,14,0,0,0,0,3,1,0,0,1,0,0,4,10,1,0,1,0,0,80,-40,"Essendon","2016",22
13,"Fantasia, Orazio",8,5,6,14,1,0,0,2,0,3,1,1,1,0,0,4,10,0,0,1,2,0,89,-40,"Essendon","2016",22
8,"Gleeson, Martin",8,5,5,13,0,0,0,0,4,2,0,1,0,1,0,3,11,0,0,2,0,0,75,-40,"Essendon","2016",22
36,"Hartley, Michael",12,8,6,18,0,0,0,2,3,1,0,0,2,0,0,3,14,0,0,5,0,0,92,-40,"Essendon","2016",22
53,"Jamar, Mark",3,3,5,8,0,0,17,2,0,0,2,3,1,3,0,4,4,1,0,2,0,0,79,-40,"Essendon","2016",22
47,"Kelly, James",13,11,17,30,0,0,0,1,3,1,0,3,0,2,0,3,29,0,0,5,0,0,91,-40,"Essendon","2016",22
30,"Langford, Kyle",7,5,6,13,0,1,0,4,2,4,3,3,0,1,0,7,7,1,0,0,0,1,82,-40,"Essendon","2016",22
33,"Laverde, Jayden",5,4,3,8,0,1,0,7,0,0,0,2,0,1,0,1,7,0,2,0,0,1,79,-40,"Essendon","2016",22
22,"Leuenberger, Matthew",5,0,8,13,1,0,24,1,0,1,2,2,1,1,0,7,6,0,0,2,0,0,82,-40,"Essendon","2016",22
34,"Long, Jake",5,3,5,10,0,0,0,4,1,0,0,1,1,0,0,3,8,0,0,1,0,0,70,-40,"Essendon","2016",22
43,"McDonald-Tipungwuti, Anthony",3,2,7,10,0,0,0,2,0,2,0,1,0,0,0,3,6,0,0,3,0,1,88,-40,"Essendon","2016",22
45,"McKenna, Conor",8,3,8,16,0,0,0,2,2,1,1,3,1,2,0,5,11,0,0,4,0,0,78,-40,"Essendon","2016",22
20,"Merrett, Jackson",10,9,5,15,1,1,0,1,0,3,1,1,0,1,0,5,10,0,1,0,0,1,72,-40,"Essendon","2016",22
7,"Merrett, Zach",22,5,13,35,1,1,0,8,4,5,7,3,2,0,0,13,22,0,0,1,0,0,81,-40,"Essendon","2016",22
3,"Parish, Darcy",5,2,14,19,0,0,0,2,1,0,2,1,1,0,0,12,7,0,0,0,0,0,73,-40,"Essendon","2016",22
48,"Stokes, Mathew",16,9,15,31,0,1,0,3,3,5,3,3,0,0,0,8,23,0,1,1,0,0,85,-40,"Essendon","2016",22
11,"Zaharakis, David",12,8,19,31,0,0,0,10,2,1,1,6,0,1,0,9,23,0,0,0,1,0,88,-40,"Essendon","2016",22
0,"Rushed",0,0,0,0,0,1,0,0,0,0,0,0,0,0,0,0,0,0,0,0,0,0,0,-40,"Essendon","2016",22
24,"Biggs, Shane",12,4,10,22,0,0,0,3,3,0,0,0,1,0,0,3,19,0,0,1,1,0,86,40,"Western Bulldogs","2016",22
4,"Bontempelli, Marcus",12,5,15,27,0,0,5,6,1,6,2,4,1,3,0,8,19,0,1,1,0,2,88,40,"Western Bulldogs","2016",22
5,"Boyd, Matthew",21,9,9,30,0,0,0,3,3,2,1,2,0,1,0,10,16,2,0,0,0,0,87,40,"Western Bulldogs","2016",22
17,"Boyd, Tom",6,6,7,13,1,1,13,2,0,1,1,2,2,1,0,7,7,3,1,3,0,1,87,40,"Western Bulldogs","2016",22
12,"Cordy, Zaine",5,3,3,8,1,0,5,6,0,1,0,1,0,0,0,4,4,2,2,3,0,0,84,40,"Western Bulldogs","2016",22
6,"Dahlhaus, Luke",8,3,15,23,0,0,0,4,1,4,1,2,1,0,0,7,16,0,0,1,0,0,81,40,"Western Bulldogs","2016",22
35,"Daniel, Caleb",15,5,8,23,2,0,0,3,1,2,0,0,1,0,0,6,17,0,0,1,4,0,79,40,"Western Bulldogs","2016",22
29,"Dickson, Tory",7,4,5,12,3,1,0,1,1,1,0,1,0,0,0,4,8,0,2,0,0,0,85,40,"Western Bulldogs","2016",22
20,"Dunkley, Josh",8,6,6,14,0,0,0,8,1,1,0,1,0,0,0,1,13,1,0,0,0,0,79,40,"Western Bulldogs","2016",22
30,"Hamling, Joel",7,3,3,10,0,0,0,1,2,0,0,1,1,1,0,2,8,1,0,5,0,0,95,40,"Western Bulldogs","2016",22
13,"Hrovat, Nathan",10,6,18,28,0,1,0,2,4,2,5,2,1,0,0,11,17,0,0,1,1,0,82,40,"Western Bulldogs","2016",22
7,"Hunter, Lachie",15,7,15,30,1,1,0,2,2,4,3,4,0,0,1,6,24,0,1,0,0,0,88,40,"Western Bulldogs","2016",22
39,"Johannisen, Jason",27,12,4,31,0,2,0,4,2,8,1,1,1,0,2,7,24,0,2,2,0,1,83,40,"Western Bulldogs","2016",22
46,"Jong, Lin",8,4,12,20,1,0,1,7,0,0,7,3,4,1,0,17,4,1,0,2,1,0,76,40,"Western Bulldogs","2016",22
16,"McLean, Toby",9,4,10,19,1,2,0,7,1,1,3,1,3,1,0,8,13,0,0,0,0,0,77,40,"Western Bulldogs","2016",22
42,"Picken, Liam",15,7,18,33,1,0,1,8,2,5,5,5,2,2,3,16,16,1,1,0,0,1,85,40,"Western Bulldogs","2016",22
18,"Roberts, Fletcher",4,4,4,8,0,0,0,1,1,1,0,0,0,0,0,3,5,0,0,9,0,0,95,40,"Western Bulldogs","2016",22
23,"Roughead, Jordan",1,2,3,4,1,0,9,1,0,0,1,1,0,1,0,3,1,1,1,1,0,0,83,40,"Western Bulldogs","2016",22
14,"Smith, Clay",7,6,8,15,1,1,0,2,0,4,1,5,0,4,0,6,8,0,1,1,0,0,77,40,"Western Bulldogs","2016",22
37,"Smith, Roarke",8,5,4,12,0,0,0,1,2,2,0,1,1,0,0,1,10,0,0,3,1,0,78,40,"Western Bulldogs","2016",22
19,"Webb, Lukas",6,1,8,14,0,0,1,3,1,3,4,2,0,0,0,9,5,0,0,2,0,2,76,40,"Western Bulldogs","2016",22
10,"Wood, Easton",4,5,6,10,1,0,0,1,0,3,0,0,0,0,0,1,9,0,0,2,0,0,50,40,"Western Bulldogs","2016",22
0,"Totals",215,111,191,406,14,9,35,76,28,51,35,39,19,15,6,140,263,12,12,38,8,7,0,40,"Western Bulldogs","2016",22
