"Number","Player","Kicks","Marks","Handballs","Disposals","Goals","Behinds","Hitouts","Tackles","Rebounds50s","Inside50s","Clearances","Clangers","FreesFor","FreesAgainst","BrownlowVotes","ContestedPossessions","UncontestedPossessions","ContestedMarks","MarksInside50","OnePercenters","Bounces","GoalAssists","PercentagePlayed","PointDifference","Team","Season","Round"
21,"Atkins, Rory",19,8,9,28,0,1,2,0,4,7,0,3,0,0,0,7,20,0,0,1,2,0,81,22,"Adelaide","2016",10
18,"Betts, Eddie",15,3,0,15,5,2,0,3,0,4,3,2,3,1,2,9,6,1,2,0,0,0,79,22,"Adelaide","2016",10
16,"Brown, Luke",15,6,4,19,0,1,0,1,3,4,0,1,0,0,0,2,15,0,0,1,0,1,80,22,"Adelaide","2016",10
23,"Cameron, Charlie",14,4,5,19,0,1,0,2,1,5,5,1,0,0,0,8,11,1,2,0,4,1,85,22,"Adelaide","2016",10
25,"Cheney, Kyle",9,6,5,14,0,0,0,3,2,1,1,2,1,1,0,4,10,0,0,8,0,0,93,22,"Adelaide","2016",10
26,"Douglas, Richard",14,0,6,20,0,1,0,7,0,2,7,3,3,0,0,12,7,0,0,0,0,0,79,22,"Adelaide","2016",10
15,"Hartigan, Kyle",9,6,5,14,0,0,0,2,3,1,0,2,0,0,0,4,8,1,0,6,0,0,86,22,"Adelaide","2016",10
45,"Henderson, Ricky",7,4,6,13,0,0,0,4,0,3,0,4,1,2,0,5,9,0,0,0,0,1,77,22,"Adelaide","2016",10
24,"Jacobs, Sam",5,0,4,9,0,0,27,4,0,3,0,1,0,0,0,2,8,0,0,3,0,0,81,22,"Adelaide","2016",10
4,"Jenkins, Josh",7,5,8,15,1,0,2,0,0,6,0,1,2,1,0,13,3,4,1,1,0,3,88,22,"Adelaide","2016",10
6,"Lever, Jake",14,9,5,19,0,0,0,0,4,1,0,7,2,4,0,6,14,0,0,2,0,0,92,22,"Adelaide","2016",10
27,"Lynch, Tom",8,7,11,19,0,3,0,1,0,2,2,2,1,0,0,9,10,1,3,0,0,0,94,22,"Adelaide","2016",10
31,"Lyons, Jarryd",15,6,5,20,1,0,0,2,0,4,6,2,0,0,0,10,10,0,1,0,0,1,64,22,"Adelaide","2016",10
41,"McGovern, Mitch",7,3,4,11,1,1,0,5,0,3,1,0,2,0,0,6,5,0,2,1,0,1,85,22,"Adelaide","2016",10
30,"Milera, Wayne",5,1,3,8,1,1,0,1,1,0,1,2,0,2,0,3,5,0,0,1,0,0,68,22,"Adelaide","2016",10
11,"Seedsman, Paul",14,3,4,18,0,1,0,1,2,4,1,3,0,0,0,4,14,0,0,1,1,0,80,22,"Adelaide","2016",10
9,"Sloane, Rory",6,2,11,17,1,0,0,8,0,1,3,2,3,2,0,13,3,1,1,1,0,0,76,22,"Adelaide","2016",10
33,"Smith, Brodie",18,8,8,26,0,0,0,2,9,8,3,2,0,0,0,10,14,2,0,4,2,1,85,22,"Adelaide","2016",10
12,"Talia, Daniel",14,7,6,20,0,0,0,1,4,0,1,1,3,1,0,7,13,2,0,9,0,0,91,22,"Adelaide","2016",10
5,"Thompson, Scott",8,3,14,22,0,0,0,5,0,2,4,3,1,2,0,14,6,0,0,0,0,1,72,22,"Adelaide","2016",10
7,"van Berlo, Nathan",3,1,3,6,0,0,0,3,2,0,0,2,0,2,0,3,4,0,0,4,1,0,77,22,"Adelaide","2016",10
13,"Walker, Taylor",15,10,3,18,5,3,0,1,0,1,0,2,1,1,3,4,14,0,6,1,0,1,88,22,"Adelaide","2016",10
0,"Rushed",0,0,0,0,0,2,0,0,0,0,0,0,0,0,0,0,0,0,0,0,0,0,0,22,"Adelaide","2016",10
18,"Cameron, Jeremy",10,7,4,14,1,0,0,0,0,5,0,1,1,1,0,7,8,1,2,2,0,0,85,-22,"Greater Western Sydney","2016",10
3,"Coniglio, Stephen",12,3,18,30,0,0,0,3,1,6,5,2,0,0,0,11,19,0,0,2,0,1,89,-22,"Greater Western Sydney","2016",10
4,"Greene, Toby",7,1,12,19,3,0,0,9,0,3,0,6,2,4,0,9,12,0,0,2,0,0,83,-22,"Greater Western Sydney","2016",10
19,"Haynes, Nick",13,6,9,22,0,0,0,2,4,0,0,1,2,0,0,7,14,0,0,8,1,0,89,-22,"Greater Western Sydney","2016",10
2,"Hopper, Jacob",7,3,9,16,1,0,0,1,0,3,1,2,0,0,0,8,8,0,0,0,0,0,72,-22,"Greater Western Sydney","2016",10
17,"Johnson, Steve",8,4,7,15,0,1,0,0,0,3,1,1,2,1,0,7,8,0,0,0,0,1,88,-22,"Greater Western Sydney","2016",10
22,"Kelly, Josh",12,8,16,28,1,0,0,6,2,5,2,3,0,2,1,12,17,0,1,4,1,2,87,-22,"Greater Western Sydney","2016",10
40,"Kennedy, Adam",4,5,7,11,0,0,0,1,2,0,0,0,0,0,0,1,11,1,0,1,0,0,76,-22,"Greater Western Sydney","2016",10
37,"Lobb, Rory",8,6,5,13,1,1,3,0,1,1,0,2,2,1,0,8,5,4,2,3,0,0,84,-22,"Greater Western Sydney","2016",10
41,"Mumford, Shane",2,3,7,9,0,1,33,7,0,1,1,1,1,1,0,6,4,0,1,7,0,0,88,-22,"Greater Western Sydney","2016",10
7,"Palmer, Rhys",5,1,7,12,0,0,0,0,0,3,2,3,1,1,0,6,6,0,0,0,0,0,77,-22,"Greater Western Sydney","2016",10
24,"Patfull, Joel",2,3,5,7,0,0,0,1,1,0,0,2,0,2,0,2,5,0,0,3,0,0,90,-22,"Greater Western Sydney","2016",10
12,"Patton, Jonathon",7,7,7,14,0,0,0,0,3,1,0,1,1,1,0,9,6,3,0,5,1,0,82,-22,"Greater Western Sydney","2016",10
9,"Scully, Tom",16,9,9,25,2,1,0,1,0,5,1,3,2,1,0,6,19,0,3,0,0,1,91,-22,"Greater Western Sydney","2016",10
23,"Shaw, Heath",22,4,2,24,0,0,0,1,11,3,1,6,0,2,0,5,16,0,0,1,1,0,96,-22,"Greater Western Sydney","2016",10
5,"Shiel, Dylan",18,7,11,29,2,1,1,2,1,2,3,3,0,2,0,10,20,0,1,3,0,2,71,-22,"Greater Western Sydney","2016",10
11,"Steele, Jack",6,3,5,11,1,0,0,2,0,2,1,3,0,0,0,2,9,0,1,0,0,0,69,-22,"Greater Western Sydney","2016",10
20,"Tomlinson, Adam",12,4,6,18,1,0,0,0,1,2,1,1,0,1,0,6,11,1,0,0,0,0,92,-22,"Greater Western Sydney","2016",10
8,"Ward, Callan",8,1,9,17,0,0,0,4,4,1,6,1,3,0,0,11,6,1,0,0,0,0,81,-22,"Greater Western Sydney","2016",10
6,"Whitfield, Lachie",12,4,5,17,0,0,0,3,3,4,1,3,2,2,0,3,14,0,0,1,0,1,62,-22,"Greater Western Sydney","2016",10
29,"Williams, Zac",13,5,8,21,0,0,0,1,3,0,0,3,0,0,0,7,14,0,0,1,2,0,74,-22,"Greater Western Sydney","2016",10
16,"Wilson, Nathan",12,3,5,17,0,0,0,0,6,2,1,2,0,1,0,2,13,1,0,6,1,0,74,-22,"Greater Western Sydney","2016",10
0,"Rushed",0,0,0,0,0,2,0,0,0,0,0,0,0,0,0,0,0,0,0,0,0,0,0,-22,"Greater Western Sydney","2016",10
