"Number","Player","Kicks","Marks","Handballs","Disposals","Goals","Behinds","Hitouts","Tackles","Rebounds50s","Inside50s","Clearances","Clangers","FreesFor","FreesAgainst","BrownlowVotes","ContestedPossessions","UncontestedPossessions","ContestedMarks","MarksInside50","OnePercenters","Bounces","GoalAssists","PercentagePlayed","PointDifference","Team","Season","Round"
35,"Apeness, Michael",3,4,4,7,1,0,0,1,0,1,0,0,0,0,0,6,1,3,1,1,0,3,72,-46,"Fremantle","2016",20
1,"Ballantyne, Hayden",6,1,2,8,1,0,0,5,1,2,1,1,1,0,0,3,5,0,0,0,1,0,75,-46,"Fremantle","2016",20
30,"Clarke, Zac",1,4,9,10,0,0,11,1,0,0,1,2,0,1,0,3,7,1,0,5,0,0,73,-46,"Fremantle","2016",20
40,"Collins, Sam",7,5,3,10,0,0,0,1,1,0,1,1,0,1,0,4,6,1,0,6,0,0,89,-46,"Fremantle","2016",20
17,"Crozier, Hayden",11,6,3,14,0,0,0,2,4,1,0,2,0,0,0,1,13,0,0,2,0,0,89,-46,"Fremantle","2016",20
32,"Hill, Stephen",20,2,10,30,0,0,0,4,4,7,4,8,0,2,0,10,18,0,0,1,3,0,88,-46,"Fremantle","2016",20
15,"Hughes, Ethan",10,7,6,16,0,0,0,2,4,0,1,3,1,0,0,3,12,0,0,2,0,0,90,-46,"Fremantle","2016",20
5,"Ibbotson, Garrick",11,5,3,14,0,0,0,1,2,2,1,2,2,0,0,8,7,2,0,1,0,1,89,-46,"Fremantle","2016",20
26,"Langdon, Ed",8,5,12,20,0,0,0,3,1,1,1,2,0,0,0,4,15,0,0,0,0,0,74,-46,"Fremantle","2016",20
23,"Mayne, Chris",12,6,10,22,0,2,0,4,1,0,0,1,2,0,0,9,13,1,0,3,1,0,90,-46,"Fremantle","2016",20
16,"Mundy, David",15,2,8,23,0,0,2,7,1,6,10,3,2,1,0,14,10,0,0,1,0,1,83,-46,"Fremantle","2016",20
27,"Neale, Lachie",11,3,18,29,0,0,0,4,3,3,8,4,0,1,0,10,18,1,0,0,0,0,73,-46,"Fremantle","2016",20
29,"Pavlich, Matthew",8,6,3,11,2,1,0,4,0,1,0,1,0,1,0,5,6,2,2,3,0,0,87,-46,"Fremantle","2016",20
6,"Pearce, Danyle",16,2,9,25,0,0,0,1,4,6,4,2,1,0,0,6,19,0,0,1,4,0,73,-46,"Fremantle","2016",20
31,"Sandilands, Aaron",2,4,10,12,0,0,23,2,0,1,2,4,0,3,0,8,4,1,0,3,0,0,79,-46,"Fremantle","2016",20
11,"Sheridan, Tom",8,1,8,16,2,0,0,3,1,3,2,1,1,1,0,7,9,1,1,2,0,0,88,-46,"Fremantle","2016",20
36,"Silvagni, Alex",12,6,4,16,0,0,0,3,4,2,0,5,2,1,0,6,10,1,0,8,0,0,69,-46,"Fremantle","2016",20
34,"Spurr, Lee",12,10,10,22,0,0,0,3,3,1,0,1,2,0,0,3,18,0,0,1,0,0,95,-46,"Fremantle","2016",20
18,"Tucker, Darcy",12,5,5,17,0,1,0,1,3,2,2,1,1,0,0,4,11,0,0,2,0,0,60,-46,"Fremantle","2016",20
10,"Walters, Michael",6,5,8,14,1,1,0,0,1,0,0,4,1,2,0,7,8,2,2,1,0,0,87,-46,"Fremantle","2016",20
14,"Weller, Lachie",6,3,9,15,0,1,0,0,2,1,1,1,1,0,0,4,11,0,0,0,0,0,69,-46,"Fremantle","2016",20
41,"Yarran, Shane",12,5,6,18,2,2,0,0,0,4,0,5,1,1,0,6,12,0,2,1,0,0,84,-46,"Fremantle","2016",20
0,"Rushed",0,0,0,0,0,2,0,0,0,0,0,0,0,0,0,0,0,0,0,0,0,0,0,-46,"Fremantle","2016",20
37,"Barrass, Tom",7,6,4,11,0,0,0,1,2,0,0,1,0,1,0,4,7,3,0,9,0,0,84,46,"West Coast","2016",20
15,"Cripps, Jamie",14,6,6,20,0,1,0,3,2,5,1,3,0,0,0,4,16,0,0,0,6,1,81,46,"West Coast","2016",20
27,"Darling, Jack",6,8,12,18,0,1,0,4,0,3,2,5,0,1,0,9,9,2,1,2,0,0,89,46,"West Coast","2016",20
3,"Gaff, Andrew",12,1,7,19,1,0,0,0,1,3,0,4,1,1,0,4,15,0,0,0,1,0,90,46,"West Coast","2016",20
33,"Hill, Josh",6,2,3,9,3,0,0,5,1,1,0,2,0,0,0,3,5,0,1,1,0,0,75,46,"West Coast","2016",20
25,"Hurn, Shannon",16,6,7,23,1,0,0,3,2,3,0,0,2,0,0,5,16,1,0,2,0,1,89,46,"West Coast","2016",20
34,"Hutchings, Mark",8,2,5,13,0,1,0,7,2,2,3,2,1,1,0,5,8,0,1,1,0,0,83,46,"West Coast","2016",20
17,"Kennedy, Josh",11,8,2,13,7,2,0,3,0,0,0,2,1,2,3,5,9,3,6,2,0,1,100,46,"West Coast","2016",20
2,"LeCras, Mark",16,9,2,18,3,2,0,2,0,6,1,1,0,0,0,5,14,1,5,1,0,0,86,46,"West Coast","2016",20
29,"Lycett, Scott",5,6,5,10,0,0,13,3,1,4,2,2,2,0,0,5,5,1,0,1,0,0,69,46,"West Coast","2016",20
7,"Masten, Chris",20,8,13,33,0,0,0,2,3,3,1,3,1,1,0,4,29,0,0,1,0,1,88,46,"West Coast","2016",20
20,"McGovern, Jeremy",18,7,2,20,0,0,0,1,4,3,0,0,1,0,0,6,13,1,0,4,0,0,86,46,"West Coast","2016",20
9,"Naitanui, Nic",3,0,4,7,1,0,26,2,0,1,3,3,4,2,0,7,2,0,0,1,0,0,61,46,"West Coast","2016",20
30,"Nelson, Jackson",9,5,7,16,0,0,0,4,2,3,2,1,0,1,0,5,11,0,0,1,0,1,83,46,"West Coast","2016",20
11,"Priddis, Matt",11,4,22,33,0,0,0,4,1,6,5,2,1,0,2,18,14,0,0,2,0,3,83,46,"West Coast","2016",20
31,"Schofield, Will",9,6,5,14,0,0,0,2,4,1,0,1,0,0,0,2,10,0,0,2,0,0,91,46,"West Coast","2016",20
4,"Sheed, Dom",5,2,7,12,0,0,0,0,0,0,1,2,0,0,0,4,8,0,0,0,0,0,70,46,"West Coast","2016",20
5,"Sheppard, Brad",11,7,7,18,0,0,0,0,0,4,0,2,0,0,0,5,14,1,0,6,0,1,87,46,"West Coast","2016",20
13,"Shuey, Luke",8,2,15,23,0,0,0,10,2,3,6,3,1,3,1,12,11,1,0,0,3,3,79,46,"West Coast","2016",20
32,"Tunbridge, Simon",7,3,3,10,1,0,0,3,0,4,1,4,0,1,0,3,7,0,0,1,0,0,66,46,"West Coast","2016",20
12,"Wellingham, Sharrod",14,6,10,24,0,0,0,1,5,2,0,2,0,1,0,10,14,0,0,1,1,0,80,46,"West Coast","2016",20
6,"Yeo, Elliot",6,4,8,14,0,0,0,6,1,3,3,5,0,3,0,7,8,1,0,1,1,0,78,46,"West Coast","2016",20
0,"Rushed",0,0,0,0,0,1,0,0,0,0,0,0,0,0,0,0,0,0,0,0,0,0,0,46,"West Coast","2016",20
