"Number","Player","Kicks","Marks","Handballs","Disposals","Goals","Behinds","Hitouts","Tackles","Rebounds50s","Inside50s","Clearances","Clangers","FreesFor","FreesAgainst","BrownlowVotes","ContestedPossessions","UncontestedPossessions","ContestedMarks","MarksInside50","OnePercenters","Bounces","GoalAssists","PercentagePlayed","PointDifference","Team","Season","Round"
3,"Bartel, Jimmy",12,5,5,17,0,0,0,2,3,3,7,0,2,0,0,11,6,0,0,1,0,1,83,30,"Geelong","2016",1
46,"Blicavs, Mark",9,3,12,21,1,0,9,5,2,2,4,4,2,2,0,10,12,1,1,3,0,2,84,30,"Geelong","2016",1
23,"Caddy, Josh",11,3,10,21,3,0,0,4,0,3,7,1,1,1,0,15,6,0,1,0,0,0,74,30,"Geelong","2016",1
35,"Dangerfield, Patrick",18,5,25,43,0,3,1,5,4,10,7,3,0,2,3,21,22,2,2,1,2,0,84,30,"Geelong","2016",1
22,"Duncan, Mitch",11,6,15,26,0,1,1,6,2,5,3,3,1,2,0,7,19,0,1,2,0,1,76,30,"Geelong","2016",1
44,"Enright, Corey",11,4,10,21,0,0,0,6,4,0,0,3,0,0,0,9,12,1,0,7,0,0,89,30,"Geelong","2016",1
28,"Gregson, Cory",8,3,4,12,0,1,0,5,0,2,2,3,1,0,0,5,8,0,3,0,0,2,70,30,"Geelong","2016",1
29,"Guthrie, Cameron",11,2,8,19,1,0,0,2,4,0,2,3,1,2,0,6,9,0,0,0,0,0,85,30,"Geelong","2016",1
26,"Hawkins, Tom",7,2,3,10,2,0,0,3,0,3,0,8,2,6,0,6,3,1,1,0,0,0,94,30,"Geelong","2016",1
25,"Henderson, Lachie",4,2,1,5,1,0,0,4,1,0,0,2,0,0,0,1,4,0,1,6,0,0,81,30,"Geelong","2016",1
39,"Kersten, Shane",4,3,2,6,0,0,0,3,0,2,0,3,1,2,0,4,4,1,0,2,0,1,86,30,"Geelong","2016",1
8,"Kolodjashnij, Jake",7,2,4,11,0,0,0,2,0,0,0,0,1,0,0,5,6,0,0,1,0,0,84,30,"Geelong","2016",1
11,"Lang, Darcy",7,2,7,14,3,0,0,4,0,4,3,3,2,1,0,9,6,1,1,0,0,0,85,30,"Geelong","2016",1
13,"Lonergan, Tom",4,4,0,4,0,0,0,5,1,0,0,1,0,0,0,0,4,0,0,8,0,0,93,30,"Geelong","2016",1
4,"Mackie, Andrew",12,4,5,17,0,1,0,4,2,4,2,4,0,2,0,5,13,1,0,1,0,0,84,30,"Geelong","2016",1
6,"McCarthy, Lincoln",8,2,3,11,2,0,0,4,0,4,0,4,0,0,0,2,8,1,1,1,1,0,74,30,"Geelong","2016",1
32,"Motlop, Steven",9,1,7,16,1,0,0,1,1,3,0,3,0,2,0,3,12,0,0,0,0,0,74,30,"Geelong","2016",1
21,"Murdoch, Jordan",8,4,6,14,1,0,0,5,1,4,2,3,3,1,0,7,10,0,1,0,0,0,71,30,"Geelong","2016",1
14,"Selwood, Joel",12,2,11,23,0,1,0,5,1,5,7,1,3,1,2,12,12,0,1,0,0,3,78,30,"Geelong","2016",1
9,"Smith, Zac",8,1,6,14,3,0,16,3,0,3,4,6,3,2,0,13,3,1,0,7,0,1,74,30,"Geelong","2016",1
1,"Stanley, Rhys",7,5,2,9,0,0,29,2,0,2,1,4,1,1,0,2,8,0,2,6,0,1,86,30,"Geelong","2016",1
7,"Taylor, Harry",8,6,7,15,0,0,0,1,4,2,0,2,0,1,0,7,9,1,0,5,0,0,90,30,"Geelong","2016",1
0,"Rushed",0,0,0,0,0,1,0,0,0,0,0,0,0,0,0,0,0,0,0,0,0,0,0,30,"Geelong","2016",1
14,"Birchall, Grant",11,5,15,26,0,0,0,1,3,2,1,1,0,0,0,7,18,0,0,0,0,0,82,-30,"Hawthorn","2016",1
22,"Breust, Luke",5,2,8,13,2,1,0,2,0,2,0,1,0,0,0,5,7,0,1,0,0,0,85,-30,"Hawthorn","2016",1
9,"Burgoyne, Shaun",13,5,8,21,1,1,0,5,1,7,5,6,2,4,0,11,11,0,0,3,0,0,86,-30,"Hawthorn","2016",1
8,"Duryea, Taylor",12,4,8,20,0,0,0,3,7,2,0,2,2,1,0,7,12,0,0,2,0,0,85,-30,"Hawthorn","2016",1
12,"Frawley, James",12,4,6,18,0,0,0,2,3,0,0,1,5,1,0,8,10,0,0,8,0,1,99,-30,"Hawthorn","2016",1
6,"Gibson, Josh",8,4,16,24,0,0,0,4,4,0,1,2,3,0,0,6,16,0,0,3,0,0,100,-30,"Hawthorn","2016",1
19,"Gunston, Jack",11,7,4,15,3,1,0,6,1,1,0,0,3,0,0,8,8,2,3,3,0,1,93,-30,"Hawthorn","2016",1
4,"Hartung, Billy",13,1,11,24,1,2,0,3,0,6,0,0,0,0,0,2,21,0,0,0,0,2,76,-30,"Hawthorn","2016",1
15,"Hodge, Luke",8,4,10,18,0,0,0,5,3,2,2,4,1,2,0,8,9,0,0,2,0,0,75,-30,"Hawthorn","2016",1
29,"Langford, Will",13,2,7,20,2,0,1,8,0,4,6,5,1,4,0,13,10,0,1,1,0,1,76,-30,"Hawthorn","2016",1
3,"Lewis, Jordan",12,7,18,30,0,1,9,8,3,3,5,6,2,1,0,13,16,0,0,1,0,1,85,-30,"Hawthorn","2016",1
17,"Dewar, Angus",6,1,6,12,0,0,0,5,6,1,1,1,0,1,0,6,7,0,0,2,0,0,76,-30,"Hawthorn","2016",1
7,"McEvoy, Ben",4,4,6,10,0,1,31,3,0,1,1,1,0,0,0,5,5,1,1,2,0,0,79,-30,"Hawthorn","2016",1
5,"Mitchell, Sam",19,5,17,36,0,0,0,5,5,2,8,4,1,1,1,15,22,1,0,1,2,0,93,-30,"Hawthorn","2016",1
13,"ORourke, Jonathan",6,1,10,16,0,0,0,2,0,3,4,2,3,0,0,10,6,0,0,1,1,0,72,-30,"Hawthorn","2016",1
43,"Pittonet, Marc",1,0,5,6,0,0,7,1,0,0,2,3,1,1,0,3,2,0,0,1,0,0,40,-30,"Hawthorn","2016",1
28,"Puopolo, Paul",8,3,3,11,3,0,0,3,0,2,1,0,1,0,0,4,6,0,0,0,0,1,85,-30,"Hawthorn","2016",1
33,"Rioli, Cyril",8,2,1,9,0,0,0,5,0,3,1,1,1,1,0,6,4,0,0,1,0,1,86,-30,"Hawthorn","2016",1
25,"Schoenmakers, Ryan",0,1,2,2,0,0,0,1,1,0,0,0,0,0,0,0,4,0,0,3,0,0,80,-30,"Hawthorn","2016",1
21,"Sicily, James",3,1,2,5,0,1,0,4,0,2,0,0,0,0,0,2,3,0,0,1,0,1,63,-30,"Hawthorn","2016",1
16,"Smith, Isaac",9,5,6,15,0,1,0,3,3,3,1,3,2,2,0,2,14,0,0,0,0,0,87,-30,"Hawthorn","2016",1
24,"Stratton, Ben",4,2,5,9,0,0,0,2,2,0,0,5,0,5,0,0,10,0,0,7,0,0,97,-30,"Hawthorn","2016",1
0,"Rushed",0,0,0,0,0,5,0,0,0,0,0,0,0,0,0,0,0,0,0,0,0,0,0,-30,"Hawthorn","2016",1
