"Number","Player","Kicks","Marks","Handballs","Disposals","Goals","Behinds","Hitouts","Tackles","Rebounds50s","Inside50s","Clearances","Clangers","FreesFor","FreesAgainst","BrownlowVotes","ContestedPossessions","UncontestedPossessions","ContestedMarks","MarksInside50","OnePercenters","Bounces","GoalAssists","PercentagePlayed","PointDifference","Team","Season","Round"
7,"Buckley, Dylan",8,3,4,12,1,0,0,2,0,2,0,3,0,1,0,2,10,0,0,0,0,1,80,-36,"Carlton","2016",4
38,"Byrne, Ciaran",11,4,4,15,0,0,0,2,2,1,1,7,2,3,0,10,6,1,0,2,1,0,77,-36,"Carlton","2016",4
41,"Casboult, Levi",5,6,3,8,0,0,0,4,0,1,0,4,0,2,0,6,2,4,2,0,0,0,86,-36,"Carlton","2016",4
9,"Cripps, Patrick",12,4,11,23,1,2,3,8,1,3,9,4,3,3,0,14,8,1,1,1,0,0,84,-36,"Carlton","2016",4
30,"Curnow, Charlie",8,3,7,15,0,0,0,3,2,4,0,3,1,1,0,8,7,1,0,1,0,0,78,-36,"Carlton","2016",4
35,"Curnow, Ed",8,2,13,21,0,0,0,4,0,0,5,0,0,0,0,12,10,0,0,1,0,0,80,-36,"Carlton","2016",4
15,"Docherty, Sam",18,10,7,25,0,1,0,4,5,2,0,2,1,1,0,6,17,1,1,4,1,0,85,-36,"Carlton","2016",4
4,"Gibbs, Bryce",14,4,3,17,1,1,2,5,2,4,3,4,1,2,0,6,11,0,1,1,2,0,86,-36,"Carlton","2016",4
32,"Graham, Nick",6,4,6,12,0,0,0,4,2,0,1,3,1,3,0,4,8,0,1,1,0,0,88,-36,"Carlton","2016",4
11,"Kerridge, Sam",10,5,16,26,0,0,0,2,1,4,4,6,0,3,0,10,17,0,0,1,0,1,88,-36,"Carlton","2016",4
8,"Kreuzer, Matthew",9,3,2,11,0,1,24,3,1,2,1,4,1,2,0,7,4,1,2,3,0,0,74,-36,"Carlton","2016",4
13,"Lamb, Jed",11,6,2,13,1,0,0,1,1,4,0,3,0,2,0,4,10,1,1,0,0,3,82,-36,"Carlton","2016",4
3,"Murphy, Marc",5,2,5,10,0,0,0,1,0,1,0,1,0,0,0,3,7,0,0,0,0,0,53,-36,"Carlton","2016",4
34,"Phillips, Andrew",3,3,3,6,1,0,21,2,0,0,0,1,0,1,0,3,4,2,1,4,0,0,75,-36,"Carlton","2016",4
20,"Plowman, Lachie",7,2,3,10,0,0,0,1,3,1,1,2,0,0,0,2,9,0,0,4,0,0,84,-36,"Carlton","2016",4
17,"Rowe, Sam",4,4,5,9,0,0,0,0,0,0,1,2,0,1,0,4,5,0,0,8,0,0,84,-36,"Carlton","2016",4
6,"Simpson, Kade",16,10,10,26,0,0,0,1,4,1,0,1,0,0,0,2,23,0,0,1,2,0,90,-36,"Carlton","2016",4
19,"Sumner, Liam",4,2,3,7,2,0,0,2,0,1,0,0,2,0,0,3,4,0,1,0,0,1,82,-36,"Carlton","2016",4
39,"Thomas, Dale",12,5,6,18,0,0,0,2,1,5,2,3,0,2,0,6,14,0,0,2,0,1,81,-36,"Carlton","2016",4
42,"Tuohy, Zach",13,5,2,15,0,0,0,2,3,1,0,2,1,0,0,4,11,1,0,1,0,0,88,-36,"Carlton","2016",4
23,"Weitering, Jacob",11,5,4,15,0,0,0,0,4,2,0,5,0,3,0,6,10,1,0,7,0,0,85,-36,"Carlton","2016",4
46,"Wright, Matthew",14,5,8,22,0,0,0,4,3,5,4,3,0,0,0,9,14,0,0,1,0,0,89,-36,"Carlton","2016",4
0,"Rushed",0,0,0,0,0,2,0,0,0,0,0,0,0,0,0,0,0,0,0,0,0,0,0,-36,"Carlton","2016",4
33,"Adams, Marcus",5,5,7,12,0,1,0,3,1,0,0,1,1,1,0,6,6,2,0,6,0,0,97,36,"Western Bulldogs","2016",4
44,"Adcock, Jed",7,3,6,13,1,1,0,2,2,4,0,1,0,1,0,1,11,0,1,1,0,0,79,36,"Western Bulldogs","2016",4
24,"Biggs, Shane",22,7,10,32,0,0,0,1,3,4,2,4,1,0,2,9,24,0,0,4,1,0,81,36,"Western Bulldogs","2016",4
4,"Bontempelli, Marcus",6,1,7,13,3,0,2,1,0,4,2,2,0,0,0,5,9,0,0,4,0,0,87,36,"Western Bulldogs","2016",4
5,"Boyd, Matthew",12,8,14,26,0,0,0,1,3,2,1,3,0,0,0,5,19,0,0,2,2,0,81,36,"Western Bulldogs","2016",4
17,"Boyd, Tom",5,1,2,7,0,1,4,5,0,2,0,4,2,2,0,4,3,0,0,2,0,0,82,36,"Western Bulldogs","2016",4
6,"Dahlhaus, Luke",11,3,11,22,0,1,0,4,1,4,2,2,2,1,0,8,14,0,0,0,0,1,80,36,"Western Bulldogs","2016",4
35,"Daniel, Caleb",15,7,8,23,0,0,0,3,1,4,1,2,2,0,0,3,20,0,1,1,0,0,90,36,"Western Bulldogs","2016",4
30,"Hamling, Joel",5,3,8,13,0,0,0,2,1,1,0,2,1,1,0,3,10,0,0,5,0,0,87,36,"Western Bulldogs","2016",4
7,"Hunter, Lachie",18,4,15,33,1,0,0,3,2,4,6,3,4,1,3,9,24,0,0,3,6,0,96,36,"Western Bulldogs","2016",4
39,"Johannisen, Jason",13,4,6,19,1,0,0,0,2,1,0,2,1,0,0,5,14,1,0,0,3,2,51,36,"Western Bulldogs","2016",4
46,"Jong, Lin",4,1,10,14,1,0,3,6,0,2,3,2,1,1,0,8,5,1,1,1,0,2,74,36,"Western Bulldogs","2016",4
21,"Liberatore, Tom",7,2,15,22,1,0,0,2,0,2,3,1,1,0,0,7,15,0,0,0,0,0,82,36,"Western Bulldogs","2016",4
11,"Macrae, Jack",12,5,14,26,0,0,0,6,1,1,3,6,1,1,0,9,17,0,0,4,0,0,79,36,"Western Bulldogs","2016",4
16,"McLean, Toby",5,4,7,12,1,0,0,3,1,1,1,0,2,0,0,5,7,0,0,0,0,0,79,36,"Western Bulldogs","2016",4
38,"Morris, Dale",6,8,16,22,0,1,0,4,1,1,1,0,3,0,0,8,14,1,0,6,0,0,87,36,"Western Bulldogs","2016",4
42,"Picken, Liam",12,7,6,18,0,0,0,2,4,1,4,3,0,0,0,4,13,1,1,2,0,1,85,36,"Western Bulldogs","2016",4
23,"Roughead, Jordan",6,3,6,12,0,0,16,4,1,2,3,0,1,0,0,6,9,0,0,9,0,0,78,36,"Western Bulldogs","2016",4
25,"Stevens, Koby",17,5,8,25,2,0,1,3,5,3,0,4,4,1,1,7,17,0,1,0,2,0,78,36,"Western Bulldogs","2016",4
9,"Stringer, Jake",7,3,10,17,0,0,0,4,2,2,3,4,1,2,0,10,8,1,1,0,2,1,87,36,"Western Bulldogs","2016",4
1,"Suckling, Matt",18,5,9,27,1,0,0,1,4,2,1,1,1,1,0,5,18,0,0,2,2,0,73,36,"Western Bulldogs","2016",4
3,"Wallis, Mitch",4,2,14,18,1,0,0,1,1,3,5,1,1,0,0,8,10,0,0,1,0,1,83,36,"Western Bulldogs","2016",4
0,"Rushed",0,0,0,0,0,2,0,0,0,0,0,0,0,0,0,0,0,0,0,0,0,0,0,36,"Western Bulldogs","2016",4
