"Number","Player","Kicks","Marks","Handballs","Disposals","Goals","Behinds","Hitouts","Tackles","Rebounds50s","Inside50s","Clearances","Clangers","FreesFor","FreesAgainst","BrownlowVotes","ContestedPossessions","UncontestedPossessions","ContestedMarks","MarksInside50","OnePercenters","Bounces","GoalAssists","PercentagePlayed","PointDifference","Team","Season","Round"
14,"Aish, James",6,2,4,10,0,0,0,1,0,4,0,3,0,0,0,3,7,0,0,0,0,0,69,-15,"Collingwood","2016",7
11,"Blair, Jarryd",6,0,13,19,1,0,0,1,0,1,3,2,2,1,0,12,8,0,0,2,0,1,72,-15,"Collingwood","2016",7
29,"Broomhead, Tim",3,1,6,9,1,0,0,2,1,1,1,1,1,0,0,4,5,0,0,0,0,0,50,-15,"Collingwood","2016",7
46,"Cox, Mason",4,1,3,7,0,1,10,2,0,1,0,2,1,1,0,1,4,0,0,2,0,1,85,-15,"Collingwood","2016",7
25,"Crisp, Jack",6,3,11,17,0,2,1,1,0,0,3,2,1,2,0,8,10,0,0,1,1,0,90,-15,"Collingwood","2016",7
39,"Crocker, Ben",3,2,5,8,0,1,0,3,0,2,0,2,0,1,0,1,7,0,1,2,0,0,77,-15,"Collingwood","2016",7
2,"de Goey, Jordan",8,2,10,18,0,0,0,5,1,2,6,7,1,4,0,9,11,0,0,1,0,1,87,-15,"Collingwood","2016",7
1,"Fasolo, Alex",10,2,7,17,4,0,0,3,1,2,0,1,2,0,0,6,11,1,1,0,0,0,89,-15,"Collingwood","2016",7
45,"Frost, Jack",5,3,1,6,0,0,0,7,2,0,0,1,1,0,0,2,4,1,0,7,0,0,85,-15,"Collingwood","2016",7
19,"Greenwood, Levi",9,2,7,16,1,0,0,2,2,2,0,2,0,1,0,7,9,0,0,1,0,0,80,-15,"Collingwood","2016",7
4,"Grundy, Brodie",2,1,4,6,0,0,24,4,2,1,1,1,0,1,0,3,3,1,0,3,1,0,85,-15,"Collingwood","2016",7
38,"Howe, Jeremy",12,9,10,22,0,1,0,4,2,1,1,1,1,1,0,5,16,2,0,4,0,0,80,-15,"Collingwood","2016",7
37,"Maynard, Brayden",9,5,3,12,0,0,0,4,3,2,1,4,0,2,0,3,9,0,0,4,0,0,86,-15,"Collingwood","2016",7
30,"Moore, Darcy",7,6,6,13,3,0,0,0,0,3,0,1,2,1,0,7,8,3,2,1,0,2,80,-15,"Collingwood","2016",7
43,"Oxley, Adam",10,2,1,11,0,0,0,2,5,1,0,4,2,1,0,2,4,0,0,1,2,0,87,-15,"Collingwood","2016",7
10,"Pendlebury, Scott",17,3,17,34,0,1,0,7,2,6,4,4,1,2,2,14,22,0,0,4,2,0,86,-15,"Collingwood","2016",7
20,"Reid, Ben",17,12,2,19,0,0,0,1,7,2,0,1,1,0,0,5,15,1,0,5,0,0,79,-15,"Collingwood","2016",7
22,"Sidebottom, Steele",12,7,17,29,0,1,0,4,4,4,5,1,1,0,0,10,18,0,0,0,0,3,87,-15,"Collingwood","2016",7
40,"Smith, Josh",9,4,9,18,0,0,0,1,4,1,0,0,0,0,0,0,17,0,0,0,0,0,87,-15,"Collingwood","2016",7
34,"Toovey, Alan",2,2,10,12,0,0,0,3,1,1,0,2,0,1,0,4,8,0,0,8,0,0,95,-15,"Collingwood","2016",7
7,"Treloar, Adam",8,1,19,27,0,1,0,8,3,5,3,2,1,1,0,12,17,0,0,2,2,1,88,-15,"Collingwood","2016",7
9,"White, Jesse",12,5,3,15,2,2,0,3,1,4,1,2,2,1,0,7,8,2,1,1,0,0,75,-15,"Collingwood","2016",7
0,"Rushed",0,0,0,0,0,2,0,0,0,0,0,0,0,0,0,0,0,0,0,0,0,0,0,-15,"Collingwood","2016",7
27,"Armfield, Dennis",5,1,6,11,0,0,0,2,1,2,0,0,1,0,0,8,4,1,1,0,0,2,74,15,"Carlton","2016",7
38,"Byrne, Ciaran",8,3,6,14,0,1,0,4,2,4,0,0,3,0,0,6,9,0,0,2,3,0,83,15,"Carlton","2016",7
41,"Casboult, Levi",14,11,3,17,3,1,4,1,0,4,1,2,1,0,0,10,6,7,5,1,0,0,91,15,"Carlton","2016",7
9,"Cripps, Patrick",4,3,25,29,0,0,1,6,0,3,9,2,2,0,1,19,15,0,0,2,4,2,80,15,"Carlton","2016",7
35,"Curnow, Ed",10,2,14,24,0,0,0,13,0,3,7,4,2,3,0,14,8,0,0,1,0,0,88,15,"Carlton","2016",7
15,"Docherty, Sam",16,8,8,24,0,0,0,5,4,2,0,2,0,0,0,7,17,2,0,3,0,0,90,15,"Carlton","2016",7
33,"Everitt, Andrejs",14,8,6,20,3,1,0,1,0,3,1,4,1,2,0,4,14,1,2,1,0,0,82,15,"Carlton","2016",7
4,"Gibbs, Bryce",16,3,14,30,3,0,3,8,2,3,4,4,1,1,3,8,22,0,1,1,0,1,81,15,"Carlton","2016",7
40,"Jamison, Michael",1,0,2,3,0,0,0,3,1,0,0,1,1,1,0,2,2,0,0,3,0,0,78,15,"Carlton","2016",7
14,"Jones, Liam",5,3,3,8,1,0,0,1,0,1,0,1,1,1,0,7,2,2,1,4,0,0,71,15,"Carlton","2016",7
11,"Kerridge, Sam",8,3,16,24,1,0,0,5,1,3,3,4,1,1,0,7,17,0,0,1,0,0,76,15,"Carlton","2016",7
8,"Kreuzer, Matthew",6,1,7,13,0,0,20,3,0,1,5,1,2,1,0,11,4,1,0,4,0,1,83,15,"Carlton","2016",7
13,"Lamb, Jed",10,3,9,19,1,0,0,2,1,4,3,2,1,2,0,4,15,0,1,2,2,0,81,15,"Carlton","2016",7
3,"Murphy, Marc",17,1,7,24,1,0,0,3,4,3,2,5,2,1,0,5,19,0,0,0,0,2,76,15,"Carlton","2016",7
20,"Plowman, Lachie",3,3,5,8,0,0,0,0,1,1,0,3,0,2,0,4,5,1,0,3,0,1,76,15,"Carlton","2016",7
17,"Rowe, Sam",3,3,5,8,0,0,0,2,1,1,0,2,0,1,0,4,4,1,0,19,0,0,100,15,"Carlton","2016",7
6,"Simpson, Kade",14,7,17,31,0,0,0,2,4,4,1,2,0,1,0,7,23,0,0,5,5,0,92,15,"Carlton","2016",7
19,"Sumner, Liam",7,3,4,11,1,1,0,3,0,2,0,1,0,0,0,2,8,0,3,0,0,0,82,15,"Carlton","2016",7
39,"Thomas, Dale",16,7,5,21,1,1,0,3,1,2,0,2,0,1,0,3,18,0,1,1,0,0,78,15,"Carlton","2016",7
42,"Tuohy, Zach",12,3,4,16,0,1,1,1,4,5,1,1,0,1,0,5,8,2,0,1,0,0,87,15,"Carlton","2016",7
1,"Walker, Andrew",3,2,0,3,0,1,1,4,0,0,0,3,1,1,0,1,2,0,1,2,0,0,68,15,"Carlton","2016",7
46,"Wright, Matthew",12,2,11,23,0,0,0,1,1,6,3,2,1,0,0,5,18,0,0,0,0,1,83,15,"Carlton","2016",7
0,"Rushed",0,0,0,0,0,2,0,0,0,0,0,0,0,0,0,0,0,0,0,0,0,0,0,15,"Carlton","2016",7
