"Number","Player","Kicks","Marks","Handballs","Disposals","Goals","Behinds","Hitouts","Tackles","Rebounds50s","Inside50s","Clearances","Clangers","FreesFor","FreesAgainst","BrownlowVotes","ContestedPossessions","UncontestedPossessions","ContestedMarks","MarksInside50","OnePercenters","Bounces","GoalAssists","PercentagePlayed","PointDifference","Team","Season","Round"
24,"Biggs, Shane",14,6,6,20,0,0,0,3,1,3,0,4,0,0,0,2,17,1,0,1,0,1,73,10,"Western Bulldogs","2016",16
4,"Bontempelli, Marcus",11,4,14,25,2,2,2,8,1,3,9,4,3,3,3,16,11,1,2,1,0,1,86,10,"Western Bulldogs","2016",16
5,"Boyd, Matthew",17,7,11,28,0,0,0,3,4,4,0,3,1,1,1,7,20,0,0,2,0,0,85,10,"Western Bulldogs","2016",16
35,"Daniel, Caleb",14,5,11,25,0,0,0,1,4,2,1,3,0,1,0,3,21,0,0,2,0,0,83,10,"Western Bulldogs","2016",16
29,"Dickson, Tory",9,8,11,20,1,1,0,4,0,3,0,0,0,0,0,5,15,0,0,0,0,0,87,10,"Western Bulldogs","2016",16
7,"Hunter, Lachie",13,6,11,24,0,1,0,4,3,4,3,4,0,2,0,5,20,0,0,0,1,0,90,10,"Western Bulldogs","2016",16
39,"Johannisen, Jason",13,10,9,22,1,0,0,0,1,1,0,4,0,1,0,3,20,0,0,1,1,0,83,10,"Western Bulldogs","2016",16
46,"Jong, Lin",5,2,8,13,0,1,5,7,0,1,3,1,1,0,0,4,8,0,0,1,0,1,78,10,"Western Bulldogs","2016",16
21,"Liberatore, Tom",8,2,5,13,0,0,0,6,0,4,3,1,1,0,0,6,6,0,0,0,0,0,39,10,"Western Bulldogs","2016",16
11,"Macrae, Jack",13,4,11,24,0,0,0,9,3,3,3,0,3,0,0,12,13,0,0,1,0,1,87,10,"Western Bulldogs","2016",16
38,"Morris, Dale",6,7,9,15,0,0,0,3,4,1,0,0,0,0,0,2,13,1,0,2,0,0,100,10,"Western Bulldogs","2016",16
42,"Picken, Liam",8,4,8,16,0,0,0,5,1,0,3,2,2,1,0,8,7,0,0,0,0,1,78,10,"Western Bulldogs","2016",16
43,"Redpath, Jack",10,5,4,14,2,1,4,2,0,3,2,0,1,0,0,5,8,1,2,1,0,0,89,10,"Western Bulldogs","2016",16
18,"Roberts, Fletcher",4,4,6,10,0,0,0,0,1,1,0,1,0,0,0,3,7,0,0,4,0,0,94,10,"Western Bulldogs","2016",16
23,"Roughead, Jordan",5,4,6,11,0,0,13,2,1,2,3,3,0,1,0,5,6,1,0,2,0,0,81,10,"Western Bulldogs","2016",16
14,"Smith, Clay",10,4,8,18,1,1,0,8,0,5,2,2,2,1,0,9,8,0,1,1,0,1,78,10,"Western Bulldogs","2016",16
25,"Stevens, Koby",5,3,12,17,0,0,2,7,0,2,2,1,2,0,0,6,12,0,1,1,0,0,77,10,"Western Bulldogs","2016",16
9,"Stringer, Jake",10,6,5,15,4,0,0,3,0,1,2,4,2,3,0,6,11,0,1,0,0,0,87,10,"Western Bulldogs","2016",16
1,"Suckling, Matt",15,7,7,22,1,1,0,2,2,3,0,1,1,0,0,1,20,0,0,2,0,0,83,10,"Western Bulldogs","2016",16
3,"Wallis, Mitch",2,0,15,17,0,0,0,2,1,1,2,0,1,0,0,9,8,0,0,0,0,0,83,10,"Western Bulldogs","2016",16
19,"Webb, Lukas",2,1,5,7,0,0,0,3,0,0,0,0,0,0,0,3,4,0,0,1,0,0,75,10,"Western Bulldogs","2016",16
10,"Wood, Easton",14,8,6,20,0,0,0,1,4,1,0,1,3,1,0,7,13,0,0,5,0,0,83,10,"Western Bulldogs","2016",16
0,"Rushed",0,0,0,0,0,5,0,0,0,0,0,0,0,0,0,0,0,0,0,0,0,0,0,10,"Western Bulldogs","2016",16
12,"Astbury, David",13,12,8,21,0,0,0,0,2,0,0,2,0,0,0,8,12,3,0,3,0,0,94,-10,"Richmond","2016",16
46,"Castagna, Jason",13,7,6,19,2,0,0,3,2,4,2,2,1,1,0,7,12,0,1,0,0,0,84,-10,"Richmond","2016",16
30,"Conca, Reece",9,5,12,21,0,0,0,2,1,1,1,4,0,1,0,4,14,0,0,0,0,0,74,-10,"Richmond","2016",16
9,"Cotchin, Trent",14,2,14,28,1,0,0,5,3,7,6,5,2,3,0,11,16,0,0,1,1,0,80,-10,"Richmond","2016",16
3,"Deledio, Brett",10,7,12,22,0,0,0,5,2,0,5,1,0,1,0,5,17,0,0,1,0,1,89,-10,"Richmond","2016",16
10,"Edwards, Shane",12,4,6,18,2,2,0,5,1,4,2,4,0,0,0,9,9,1,2,1,0,2,81,-10,"Richmond","2016",16
5,"Ellis, Brandon",9,4,8,17,1,0,0,6,2,2,1,1,0,0,0,3,14,0,0,0,0,0,89,-10,"Richmond","2016",16
24,"Griffiths, Ben",7,7,3,10,1,1,10,2,2,2,1,1,1,0,0,5,5,2,2,3,0,0,86,-10,"Richmond","2016",16
2,"Grimes, Dylan",8,6,3,11,0,0,0,8,2,0,0,1,0,0,0,1,9,0,0,7,0,0,90,-10,"Richmond","2016",16
16,"Hampson, Shaun",2,2,6,8,0,0,45,3,0,2,0,2,0,1,0,5,3,2,0,1,0,0,78,-10,"Richmond","2016",16
28,"Hunt, Taylor",8,6,7,15,0,0,0,1,1,3,1,2,1,1,0,7,9,0,0,3,0,1,78,-10,"Richmond","2016",16
27,"Lloyd, Sam",11,5,4,15,1,1,0,3,0,3,0,1,2,0,0,4,9,0,1,1,1,0,68,-10,"Richmond","2016",16
31,"Markov, Oleg",15,9,3,18,0,0,0,4,3,1,0,3,1,0,0,3,15,1,0,2,1,0,71,-10,"Richmond","2016",16
4,"Martin, Dustin",21,1,17,38,0,0,0,5,3,6,8,9,1,6,2,16,23,0,0,0,1,0,83,-10,"Richmond","2016",16
34,"McBean, Liam",3,2,3,6,1,1,1,2,0,1,1,2,1,1,0,5,1,1,2,1,0,0,76,-10,"Richmond","2016",16
37,"Menadue, Connor",5,5,7,12,0,0,0,8,0,2,0,2,2,0,0,6,8,0,0,1,0,1,85,-10,"Richmond","2016",16
26,"Miles, Anthony",9,4,13,22,0,0,0,2,0,1,3,3,2,3,0,11,12,0,1,0,0,1,66,-10,"Richmond","2016",16
18,"Rance, Alex",11,11,5,16,0,0,0,1,2,0,0,0,0,0,0,1,15,0,0,6,0,0,100,-10,"Richmond","2016",16
8,"Riewoldt, Jack",11,7,1,12,2,3,0,1,0,2,1,4,0,2,0,6,6,2,4,1,0,1,97,-10,"Richmond","2016",16
17,"Rioli, Daniel",2,2,7,9,0,0,0,2,0,1,0,2,1,1,0,5,5,0,0,1,0,0,77,-10,"Richmond","2016",16
45,"Short, Jayden",15,4,3,18,0,0,0,4,4,3,1,2,0,1,0,4,15,0,0,3,0,0,69,-10,"Richmond","2016",16
1,"Vlastuin, Nick",12,9,4,16,0,0,0,4,3,0,1,3,0,1,0,8,8,1,0,2,0,0,84,-10,"Richmond","2016",16
0,"Rushed",0,0,0,0,0,1,0,0,0,0,0,0,0,0,0,0,0,0,0,0,0,0,0,-10,"Richmond","2016",16
