"Number","Player","Kicks","Marks","Handballs","Disposals","Goals","Behinds","Hitouts","Tackles","Rebounds50s","Inside50s","Clearances","Clangers","FreesFor","FreesAgainst","BrownlowVotes","ContestedPossessions","UncontestedPossessions","ContestedMarks","MarksInside50","OnePercenters","Bounces","GoalAssists","PercentagePlayed","PointDifference","Team","Season","Round"
29,"Ambrose, Patrick",4,1,9,13,0,0,0,3,2,0,0,3,0,0,0,10,5,1,0,11,0,0,92,-37,"Essendon","2016",18
28,"Brown, Mitch",6,3,6,12,1,2,0,1,1,2,0,3,1,1,0,6,6,0,1,1,0,0,85,-37,"Essendon","2016",18
17,"Cooney, Adam",11,4,8,19,0,2,0,4,1,3,1,4,1,0,0,7,12,0,1,0,2,0,74,-37,"Essendon","2016",18
6,"Daniher, Joe",8,5,2,10,4,1,0,1,0,1,0,2,1,0,0,5,5,3,4,0,0,0,86,-37,"Essendon","2016",18
49,"Dea, Matt",13,6,3,16,0,0,0,3,3,1,0,3,2,1,0,3,13,1,0,7,0,0,87,-37,"Essendon","2016",18
15,"Dempsey, Courtenay",11,3,4,15,1,0,0,1,1,1,0,6,0,3,0,5,9,1,1,1,0,1,86,-37,"Essendon","2016",18
13,"Fantasia, Orazio",8,4,2,10,3,1,0,9,1,5,0,1,2,1,0,4,5,0,1,0,5,0,83,-37,"Essendon","2016",18
10,"Francis, Aaron",9,7,7,16,0,1,0,2,2,1,0,2,1,0,0,9,7,4,2,5,0,0,78,-37,"Essendon","2016",18
8,"Gleeson, Martin",12,4,5,17,0,0,0,0,4,2,0,1,1,0,0,4,14,0,0,4,0,1,84,-37,"Essendon","2016",18
9,"Goddard, Brendon",18,11,13,31,0,0,2,6,4,5,5,3,4,1,0,16,15,3,0,5,0,0,87,-37,"Essendon","2016",18
41,"Hams, Will",6,3,9,15,1,1,0,1,1,2,1,0,1,0,0,6,9,0,1,1,0,0,76,-37,"Essendon","2016",18
36,"Hartley, Michael",2,0,5,7,0,0,0,5,3,0,1,2,0,1,0,2,5,0,0,16,0,0,95,-37,"Essendon","2016",18
47,"Kelly, James",8,3,8,16,0,0,0,5,1,3,2,2,1,0,0,6,9,1,0,2,0,0,77,-37,"Essendon","2016",18
30,"Langford, Kyle",11,7,8,19,1,0,2,3,1,4,3,1,1,1,0,9,11,2,1,1,0,0,69,-37,"Essendon","2016",18
33,"Laverde, Jayden",11,6,3,14,0,2,0,5,1,4,0,3,1,0,0,5,9,2,1,1,0,1,84,-37,"Essendon","2016",18
22,"Leuenberger, Matthew",13,2,5,18,0,1,36,3,0,5,3,7,0,1,0,8,10,0,1,2,0,1,81,-37,"Essendon","2016",18
43,"McDonald-Tipungwuti, Anthony",8,4,5,13,1,3,0,3,0,2,2,0,1,0,0,5,8,0,1,2,1,1,78,-37,"Essendon","2016",18
45,"McKenna, Conor",7,2,7,14,0,2,0,2,1,6,0,0,1,0,0,4,10,0,0,1,0,0,79,-37,"Essendon","2016",18
44,"McKernan, Shaun",6,3,4,10,0,0,5,2,0,2,3,3,0,0,0,7,2,1,0,2,0,1,84,-37,"Essendon","2016",18
7,"Merrett, Zach",15,6,19,34,0,0,0,8,3,8,5,3,3,2,2,11,24,0,0,0,0,1,76,-37,"Essendon","2016",18
3,"Parish, Darcy",8,5,13,21,0,0,0,4,0,5,5,2,1,0,0,13,8,3,0,1,0,0,71,-37,"Essendon","2016",18
11,"Zaharakis, David",7,2,6,13,0,1,0,7,1,4,2,0,1,0,0,3,10,0,1,0,0,1,88,-37,"Essendon","2016",18
0,"Rushed",0,0,0,0,0,2,0,0,0,0,0,0,0,0,0,0,0,0,0,0,0,0,0,-37,"Essendon","2016",18
31,"Andrews, Harris",3,3,2,5,0,0,1,3,3,0,0,0,0,0,0,0,5,0,0,10,0,0,96,37,"Brisbane Lions","2016",18
4,"Bastinac, Ryan",19,6,11,30,1,0,0,3,3,4,5,7,1,2,0,8,22,1,0,2,0,3,71,37,"Brisbane Lions","2016",18
8,"Bewick, Rohan",9,3,4,13,1,0,0,0,2,2,1,1,0,0,0,6,7,0,0,2,0,1,75,37,"Brisbane Lions","2016",18
26,"Cutler, Tom",12,6,4,16,2,1,0,2,5,3,2,3,0,0,0,3,14,0,2,0,2,0,79,37,"Brisbane Lions","2016",18
24,"Dawson, Liam",9,6,4,13,2,0,0,0,0,3,1,3,1,2,0,7,7,2,2,2,0,0,79,37,"Brisbane Lions","2016",18
27,"Gardiner, Darcy",4,4,7,11,0,1,0,3,0,2,1,0,0,0,0,3,7,0,0,2,0,0,77,37,"Brisbane Lions","2016",18
6,"Green, Josh",10,2,5,15,2,2,0,1,0,3,2,1,0,0,0,7,8,0,0,1,0,1,82,37,"Brisbane Lions","2016",18
40,"Hammelmann, Matthew",2,1,4,6,0,0,0,5,2,1,0,3,0,2,0,4,1,0,0,3,0,0,94,37,"Brisbane Lions","2016",18
11,"Hanley, Pearce",20,4,11,31,1,0,1,6,2,10,3,9,0,5,0,10,21,0,0,1,4,0,80,37,"Brisbane Lions","2016",18
30,"Hipwood, Eric",6,4,6,12,1,1,0,1,0,2,0,2,0,0,0,6,6,1,1,1,0,1,89,37,"Brisbane Lions","2016",18
1,"Keays, Ben",1,1,7,8,0,0,0,4,0,0,0,1,2,0,0,8,1,0,0,1,0,2,80,37,"Brisbane Lions","2016",18
12,"Martin, Stefan",11,4,14,25,1,1,29,5,2,4,6,3,1,0,0,14,10,1,1,2,0,3,92,37,"Brisbane Lions","2016",18
36,"Mathieson, Rhys",9,2,8,17,2,0,0,4,0,2,3,5,2,3,0,9,9,0,0,0,0,0,68,37,"Brisbane Lions","2016",18
32,"Mayes, Sam",12,0,11,23,1,0,0,1,6,0,1,5,1,2,0,8,8,0,0,3,0,0,86,37,"Brisbane Lions","2016",18
21,"Merrett, Daniel",1,2,9,10,0,0,0,0,0,1,0,4,0,1,0,4,6,1,0,10,0,0,91,37,"Brisbane Lions","2016",18
10,"Rich, Daniel",22,5,5,27,1,0,0,2,9,7,1,1,1,0,0,6,18,0,0,3,0,0,78,37,"Brisbane Lions","2016",18
5,"Robinson, Mitch",7,0,10,17,0,0,0,1,2,1,8,1,0,1,1,11,7,0,0,2,0,1,90,37,"Brisbane Lions","2016",18
38,"Rockliff, Tom",24,12,14,38,1,0,0,9,1,6,7,3,1,0,3,17,21,0,0,0,0,0,78,37,"Brisbane Lions","2016",18
23,"Schache, Josh",3,5,5,8,0,1,0,6,0,1,0,0,0,0,0,4,4,2,1,2,0,0,82,37,"Brisbane Lions","2016",18
14,"Walker, Josh",6,4,2,8,4,0,4,2,0,0,0,2,1,2,0,6,2,2,3,2,0,0,75,37,"Brisbane Lions","2016",18
47,"William, Reuben",6,2,5,11,0,0,0,1,3,2,0,3,0,2,0,3,8,0,0,3,2,0,79,37,"Brisbane Lions","2016",18
15,"Zorko, Dayne",15,4,13,28,0,0,0,6,4,0,6,3,1,2,0,12,14,0,1,0,0,3,81,37,"Brisbane Lions","2016",18
0,"Rushed",0,0,0,0,0,1,0,0,0,0,0,0,0,0,0,0,0,0,0,0,0,0,0,37,"Brisbane Lions","2016",18
