"Number","Player","Kicks","Marks","Handballs","Disposals","Goals","Behinds","Hitouts","Tackles","Rebounds50s","Inside50s","Clearances","Clangers","FreesFor","FreesAgainst","BrownlowVotes","ContestedPossessions","UncontestedPossessions","ContestedMarks","MarksInside50","OnePercenters","Bounces","GoalAssists","PercentagePlayed","PointDifference","Team","Season","Round"
13,"Adams, Taylor",17,3,19,36,0,0,0,11,1,8,8,6,1,1,3,15,22,0,0,2,0,0,81,19,"Collingwood","2016",19
14,"Aish, James",11,3,15,26,2,0,0,4,2,2,3,6,1,2,0,13,13,0,0,2,0,0,84,19,"Collingwood","2016",19
16,"Brown, Nathan",6,6,7,13,0,0,0,2,1,1,0,2,0,1,0,4,9,1,0,7,0,0,88,19,"Collingwood","2016",19
32,"Cloke, Travis",8,7,3,11,1,2,0,4,0,3,0,2,0,1,0,3,8,1,2,1,0,0,95,19,"Collingwood","2016",19
25,"Crisp, Jack",7,3,14,21,1,0,0,8,0,3,1,3,0,0,0,7,15,0,0,3,0,0,86,19,"Collingwood","2016",19
39,"Crocker, Ben",5,2,9,14,0,0,0,1,0,1,1,1,1,1,0,3,11,0,1,1,0,1,85,19,"Collingwood","2016",19
2,"de Goey, Jordan",3,1,11,14,0,0,0,2,0,3,4,1,0,0,0,8,7,0,0,0,0,1,75,19,"Collingwood","2016",19
19,"Greenwood, Levi",6,1,8,14,1,1,0,3,1,1,1,1,1,0,0,5,9,1,1,1,0,1,85,19,"Collingwood","2016",19
4,"Grundy, Brodie",8,5,11,19,0,1,45,7,1,1,4,4,1,3,0,6,13,0,0,1,1,0,88,19,"Collingwood","2016",19
38,"Howe, Jeremy",10,3,4,14,0,0,0,2,2,1,0,1,0,0,0,2,10,0,0,1,0,0,94,19,"Collingwood","2016",19
17,"Marsh, Jonathon",7,5,4,11,0,0,0,3,2,0,0,3,1,0,0,3,7,1,0,7,0,0,87,19,"Collingwood","2016",19
37,"Maynard, Brayden",10,2,5,15,1,0,0,6,2,1,0,0,1,0,0,5,12,0,1,1,0,1,83,19,"Collingwood","2016",19
30,"Moore, Darcy",8,6,0,8,3,2,0,1,0,2,0,1,2,1,0,7,1,5,5,1,0,1,34,19,"Collingwood","2016",19
10,"Pendlebury, Scott",11,4,23,34,0,0,1,13,3,3,6,1,4,0,2,15,20,0,0,1,0,0,81,19,"Collingwood","2016",19
20,"Reid, Ben",10,7,6,16,0,0,0,3,3,0,0,4,0,1,0,3,13,1,0,7,0,0,91,19,"Collingwood","2016",19
22,"Sidebottom, Steele",16,3,10,26,2,0,0,5,3,5,3,1,0,0,1,5,21,0,1,1,1,0,90,19,"Collingwood","2016",19
40,"Smith, Josh",18,7,10,28,0,0,0,7,4,1,1,1,0,0,0,1,25,0,0,4,0,0,90,19,"Collingwood","2016",19
7,"Treloar, Adam",12,1,16,28,1,0,0,9,2,3,9,3,0,0,0,17,12,0,0,2,2,0,75,19,"Collingwood","2016",19
18,"Varcoe, Travis",6,2,8,14,0,0,0,8,0,3,0,0,0,0,0,10,5,1,0,2,0,0,82,19,"Collingwood","2016",19
9,"White, Jesse",8,2,3,11,1,1,7,5,0,3,2,1,3,1,0,6,5,0,1,3,1,1,89,19,"Collingwood","2016",19
26,"Williams, Marley",7,4,15,22,0,0,0,3,4,1,1,1,0,0,0,4,17,0,0,1,1,0,67,19,"Collingwood","2016",19
33,"Wills, Rupert",5,1,12,17,0,0,0,11,0,1,3,1,1,1,0,8,10,0,0,1,0,1,68,19,"Collingwood","2016",19
0,"Rushed",0,0,0,0,0,6,0,0,0,0,0,0,0,0,0,0,0,0,0,0,0,0,0,19,"Collingwood","2016",19
26,"Butler, Sam",7,2,2,9,0,0,0,4,6,1,0,1,1,0,0,4,4,0,0,7,0,0,78,-19,"West Coast","2016",19
15,"Cripps, Jamie",5,6,10,15,2,0,0,5,0,3,0,0,0,0,0,6,11,1,2,1,0,2,83,-19,"West Coast","2016",19
27,"Darling, Jack",8,6,0,8,4,1,0,2,0,1,0,0,0,0,0,2,7,1,4,2,0,0,83,-19,"West Coast","2016",19
14,"Duggan, Liam",4,2,7,11,0,0,0,9,1,3,1,2,0,1,0,5,6,0,0,0,0,2,71,-19,"West Coast","2016",19
3,"Gaff, Andrew",20,5,15,35,0,0,0,3,1,5,5,2,0,0,0,10,26,0,0,0,0,1,94,-19,"West Coast","2016",19
33,"Hill, Josh",8,4,6,14,2,2,0,3,0,3,0,2,0,0,0,5,9,0,1,4,0,0,74,-19,"West Coast","2016",19
25,"Hurn, Shannon",10,3,6,16,0,0,0,2,5,2,0,2,0,1,0,2,10,1,0,4,1,1,83,-19,"West Coast","2016",19
34,"Hutchings, Mark",9,2,12,21,0,0,0,8,1,4,2,2,1,0,0,12,9,0,0,0,0,1,78,-19,"West Coast","2016",19
39,"Karpany, Malcolm",3,1,5,8,0,0,0,4,1,1,0,2,0,0,0,3,4,0,0,2,0,0,65,-19,"West Coast","2016",19
17,"Kennedy, Josh",11,7,1,12,2,2,0,4,0,1,0,5,2,1,0,6,6,2,5,0,0,0,100,-19,"West Coast","2016",19
2,"LeCras, Mark",6,1,3,9,0,0,0,3,0,0,2,4,1,3,0,7,6,0,0,1,0,0,84,-19,"West Coast","2016",19
29,"Lycett, Scott",3,4,14,17,0,0,22,6,0,1,4,2,2,1,0,10,7,0,0,0,0,0,82,-19,"West Coast","2016",19
16,"Mackenzie, Eric",8,4,5,13,0,0,0,5,2,3,1,3,1,0,0,3,10,0,0,10,0,0,100,-19,"West Coast","2016",19
7,"Masten, Chris",4,2,11,15,1,0,0,2,2,0,1,2,1,1,0,5,10,0,0,1,0,0,87,-19,"West Coast","2016",19
20,"McGovern, Jeremy",8,6,4,12,0,0,3,5,2,1,2,2,1,1,0,5,7,1,0,6,0,0,81,-19,"West Coast","2016",19
11,"Priddis, Matt",13,3,18,31,0,0,0,6,1,5,7,3,0,2,0,17,15,1,0,4,0,0,89,-19,"West Coast","2016",19
31,"Schofield, Will",6,5,3,9,0,0,0,1,3,2,0,2,1,1,0,2,7,1,0,1,0,1,81,-19,"West Coast","2016",19
4,"Sheed, Dom",4,2,4,8,0,0,1,3,0,3,1,3,0,2,0,1,6,0,0,1,0,0,72,-19,"West Coast","2016",19
5,"Sheppard, Brad",4,0,8,12,0,0,0,2,1,1,0,2,1,1,0,2,10,0,0,3,0,0,88,-19,"West Coast","2016",19
13,"Shuey, Luke",10,5,18,28,0,0,1,6,4,4,1,2,0,1,0,2,26,0,0,1,0,1,80,-19,"West Coast","2016",19
32,"Tunbridge, Simon",4,1,4,8,0,0,2,5,1,1,1,1,1,0,0,3,5,0,0,0,0,0,77,-19,"West Coast","2016",19
12,"Wellingham, Sharrod",7,3,4,11,0,0,0,1,0,2,0,2,0,1,0,4,7,0,0,1,1,0,71,-19,"West Coast","2016",19
0,"Rushed",0,0,0,0,0,1,0,0,0,0,0,0,0,0,0,0,0,0,0,0,0,0,0,-19,"West Coast","2016",19
