"Number","Player","Kicks","Marks","Handballs","Disposals","Goals","Behinds","Hitouts","Tackles","Rebounds50s","Inside50s","Clearances","Clangers","FreesFor","FreesAgainst","BrownlowVotes","ContestedPossessions","UncontestedPossessions","ContestedMarks","MarksInside50","OnePercenters","Bounces","GoalAssists","PercentagePlayed","PointDifference","Team","Season","Round"
12,"Astbury, David",10,7,6,16,0,0,0,0,4,1,0,3,0,0,0,6,9,2,0,6,0,0,90,9,"Richmond","2016",1
9,"Cotchin, Trent",14,0,7,21,0,0,0,6,5,1,3,3,2,2,0,10,11,0,0,0,0,0,83,9,"Richmond","2016",1
10,"Edwards, Shane",7,1,5,12,1,0,0,3,0,3,2,3,1,1,0,6,4,0,0,0,0,1,83,9,"Richmond","2016",1
5,"Ellis, Brandon",11,3,10,21,0,0,0,2,0,0,3,3,0,0,0,8,12,1,0,0,1,1,88,9,"Richmond","2016",1
32,"Ellis, Corey",8,3,3,11,1,0,0,4,1,4,0,1,1,0,0,3,8,1,0,1,0,0,81,9,"Richmond","2016",1
24,"Griffiths, Ben",6,4,4,10,0,0,7,1,0,5,1,1,0,1,0,5,5,0,1,3,0,3,71,9,"Richmond","2016",1
2,"Grimes, Dylan",4,3,2,6,0,0,0,2,0,1,0,4,0,3,0,1,5,0,0,6,0,0,84,9,"Richmond","2016",1
16,"Hampson, Shaun",2,1,6,8,0,1,24,0,1,0,1,1,1,0,0,3,5,0,0,3,0,0,76,9,"Richmond","2016",1
14,"Houli, Bachar",15,6,9,24,0,0,0,0,8,3,1,5,0,1,0,5,14,1,0,3,0,1,90,9,"Richmond","2016",1
23,"Lambert, Kane",16,8,12,28,1,0,0,7,2,4,3,6,1,2,0,10,20,0,2,2,1,1,83,9,"Richmond","2016",1
27,"Lloyd, Sam",10,3,4,14,2,0,0,3,0,4,2,2,0,1,0,6,7,1,0,0,0,0,87,9,"Richmond","2016",1
4,"Martin, Dustin",15,2,9,24,0,0,0,3,3,2,6,5,0,2,1,7,18,0,0,1,0,2,81,9,"Richmond","2016",1
33,"McIntosh, Kamdyn",8,4,6,14,0,0,0,2,1,2,3,1,3,0,0,7,9,0,0,2,0,0,87,9,"Richmond","2016",1
37,"Menadue, Connor",7,4,6,13,2,0,0,4,3,1,1,3,0,2,0,4,9,0,2,1,0,2,82,9,"Richmond","2016",1
26,"Miles, Anthony",6,1,13,19,1,0,0,4,1,4,7,3,2,1,0,13,6,0,0,0,0,0,72,9,"Richmond","2016",1
38,"Morris, Steven",2,0,2,4,0,0,0,2,0,2,0,0,0,0,0,1,3,0,0,1,0,0,71,9,"Richmond","2016",1
18,"Rance, Alex",9,7,11,20,0,0,0,4,1,1,0,2,0,1,2,9,11,2,0,0,0,1,98,9,"Richmond","2016",1
8,"Riewoldt, Jack",10,6,8,18,2,1,0,3,0,1,2,3,2,2,0,9,10,0,3,0,0,0,96,9,"Richmond","2016",1
17,"Rioli, Daniel",6,2,1,7,0,2,0,6,1,3,0,0,1,0,0,1,5,0,1,0,0,0,69,9,"Richmond","2016",1
21,"Townsend, Jacob",9,4,7,16,0,0,1,3,1,4,2,3,0,1,0,8,8,0,0,0,0,0,78,9,"Richmond","2016",1
29,"Vickery, Ty",6,4,2,8,3,2,1,0,0,0,0,0,1,0,0,3,5,2,3,0,0,0,72,9,"Richmond","2016",1
1,"Vlastuin, Nick",10,6,8,18,1,0,0,1,6,0,1,1,1,1,0,6,12,0,0,3,0,0,80,9,"Richmond","2016",1
0,"Rushed",0,0,0,0,0,2,0,0,0,0,0,0,0,0,0,0,0,0,0,0,0,0,0,9,"Richmond","2016",1
12,"Boekhorst, Blaine",11,6,4,15,0,1,0,3,1,5,1,0,0,0,0,4,9,0,0,2,0,0,88,-9,"Carlton","2016",1
7,"Buckley, Dylan",2,3,1,3,0,0,0,3,0,1,0,3,1,2,0,1,3,0,0,0,0,0,88,-9,"Carlton","2016",1
41,"Casboult, Levi",8,7,4,12,0,2,1,2,0,1,0,1,1,0,0,5,6,2,3,1,0,0,88,-9,"Carlton","2016",1
9,"Cripps, Patrick",8,4,19,27,1,1,1,3,1,2,10,2,0,2,3,17,10,0,1,1,0,0,84,-9,"Carlton","2016",1
35,"Curnow, Ed",9,1,11,20,0,0,0,4,3,1,3,2,0,0,0,8,12,0,0,1,1,0,77,-9,"Carlton","2016",1
15,"Docherty, Sam",13,6,16,29,0,0,0,2,3,1,0,2,2,0,0,8,21,1,0,3,0,0,84,-9,"Carlton","2016",1
33,"Everitt, Andrejs",8,5,9,17,2,0,0,2,0,2,1,1,1,0,0,6,11,0,2,0,1,1,72,-9,"Carlton","2016",1
4,"Gibbs, Bryce",15,6,15,30,1,0,2,7,1,4,2,2,1,1,0,7,22,0,1,0,0,1,82,-9,"Carlton","2016",1
32,"Graham, Nick",13,7,10,23,0,1,0,3,1,4,1,2,2,1,0,4,19,0,1,0,0,1,88,-9,"Carlton","2016",1
40,"Jamison, Michael",4,3,5,9,0,0,0,0,2,0,1,1,0,1,0,4,7,0,0,6,0,0,85,-9,"Carlton","2016",1
11,"Kerridge, Sam",16,7,8,24,0,1,0,2,0,8,6,4,1,1,0,10,15,0,1,0,0,1,86,-9,"Carlton","2016",1
8,"Kreuzer, Matthew",5,2,5,10,1,0,16,3,2,2,3,4,0,2,0,4,5,0,0,4,0,0,68,-9,"Carlton","2016",1
13,"Lamb, Jed",9,2,4,13,1,0,0,1,0,1,0,3,2,1,0,4,9,0,1,2,1,0,78,-9,"Carlton","2016",1
3,"Murphy, Marc",16,7,11,27,1,1,0,6,1,6,3,1,4,0,0,6,20,0,1,0,1,1,73,-9,"Carlton","2016",1
34,"Phillips, Andrew",3,2,2,5,1,0,21,2,0,2,1,1,0,1,0,4,3,1,1,3,0,0,67,-9,"Carlton","2016",1
17,"Rowe, Sam",7,6,5,12,0,0,0,0,1,1,0,2,1,1,0,3,9,1,0,7,0,0,98,-9,"Carlton","2016",1
6,"Simpson, Kade",21,10,10,31,0,0,0,1,7,4,2,2,1,0,0,6,23,0,1,2,0,0,95,-9,"Carlton","2016",1
42,"Tuohy, Zach",13,5,5,18,0,0,0,1,1,6,0,3,1,2,0,5,14,0,0,2,0,2,89,-9,"Carlton","2016",1
1,"Walker, Andrew",7,4,2,9,1,1,0,1,0,2,0,1,1,0,0,6,3,2,3,1,0,1,80,-9,"Carlton","2016",1
23,"Weitering, Jacob",12,7,5,17,0,0,0,1,1,2,0,0,0,0,0,6,11,3,0,3,0,0,81,-9,"Carlton","2016",1
43,"White, Simon",8,2,5,13,0,0,0,1,3,0,0,2,1,1,0,5,9,0,0,5,0,0,77,-9,"Carlton","2016",1
46,"Wright, Matthew",7,3,5,12,3,1,0,3,0,2,0,0,1,0,0,6,6,0,2,0,0,0,72,-9,"Carlton","2016",1
0,"Rushed",0,0,0,0,0,2,0,0,0,0,0,0,0,0,0,0,0,0,0,0,0,0,0,-9,"Carlton","2016",1
