"Number","Player","Kicks","Marks","Handballs","Disposals","Goals","Behinds","Hitouts","Tackles","Rebounds50s","Inside50s","Clearances","Clangers","FreesFor","FreesAgainst","BrownlowVotes","ContestedPossessions","UncontestedPossessions","ContestedMarks","MarksInside50","OnePercenters","Bounces","GoalAssists","PercentagePlayed","PointDifference","Team","Season","Round"
18,"Cameron, Jeremy",7,5,3,10,2,0,0,1,0,3,0,4,0,4,0,1,8,0,3,2,0,0,84,88,"Greater Western Sydney","2016",19
3,"Coniglio, Stephen",11,2,22,33,0,0,0,7,1,2,4,4,2,2,3,13,17,0,0,0,0,1,82,88,"Greater Western Sydney","2016",19
1,"Davis, Phil",8,7,6,14,0,0,0,1,4,1,0,4,1,3,0,4,11,0,0,8,0,0,88,88,"Greater Western Sydney","2016",19
4,"Greene, Toby",8,2,7,15,3,1,0,5,2,4,2,2,2,0,0,6,8,0,2,1,0,0,84,88,"Greater Western Sydney","2016",19
32,"Griffen, Ryan",6,3,8,14,0,1,2,4,0,2,1,2,0,2,0,4,10,0,0,0,1,0,71,88,"Greater Western Sydney","2016",19
27,"Himmelberg, Harry",10,7,6,16,0,1,0,0,1,3,0,0,1,0,0,5,11,0,0,3,0,1,82,88,"Greater Western Sydney","2016",19
17,"Johnson, Steve",13,7,5,18,3,0,0,4,2,4,3,0,2,0,0,9,9,0,2,0,0,2,82,88,"Greater Western Sydney","2016",19
22,"Kelly, Josh",10,3,11,21,0,1,0,1,2,4,1,2,0,1,0,5,17,0,1,0,2,1,78,88,"Greater Western Sydney","2016",19
40,"Kennedy, Adam",10,6,8,18,1,0,0,2,2,2,1,2,0,1,0,3,15,0,1,1,0,0,79,88,"Greater Western Sydney","2016",19
37,"Lobb, Rory",7,4,4,11,0,1,4,3,1,1,1,3,2,0,0,8,3,2,1,1,0,1,68,88,"Greater Western Sydney","2016",19
41,"Mumford, Shane",0,3,16,16,0,0,28,4,0,0,7,5,3,4,0,11,6,2,0,0,0,0,89,88,"Greater Western Sydney","2016",19
24,"Patfull, Joel",5,6,10,15,0,0,0,3,1,3,0,2,0,1,0,3,12,0,0,2,1,0,85,88,"Greater Western Sydney","2016",19
12,"Patton, Jonathon",6,6,2,8,0,1,0,3,0,1,0,6,0,2,0,1,7,0,1,2,0,0,81,88,"Greater Western Sydney","2016",19
50,"Reid, Sam",8,4,3,11,3,0,0,3,0,3,1,0,1,0,0,6,5,1,2,1,0,0,78,88,"Greater Western Sydney","2016",19
9,"Scully, Tom",12,5,18,30,2,0,0,1,1,7,3,4,0,2,2,9,22,0,2,2,2,1,91,88,"Greater Western Sydney","2016",19
23,"Shaw, Heath",26,11,3,29,0,0,0,2,8,3,0,3,0,0,1,6,21,0,0,3,7,0,91,88,"Greater Western Sydney","2016",19
5,"Shiel, Dylan",11,3,14,25,1,0,0,1,2,4,3,4,1,0,0,10,15,0,0,1,3,3,80,88,"Greater Western Sydney","2016",19
10,"Smith, Devon",8,1,9,17,1,0,0,14,1,4,3,2,1,1,0,5,13,0,1,1,1,2,82,88,"Greater Western Sydney","2016",19
20,"Tomlinson, Adam",9,5,4,13,0,0,0,0,2,2,0,2,0,1,0,4,9,0,0,2,0,0,90,88,"Greater Western Sydney","2016",19
8,"Ward, Callan",9,3,9,18,1,0,2,6,0,3,6,1,4,0,0,7,11,0,0,1,2,1,82,88,"Greater Western Sydney","2016",19
29,"Williams, Zac",15,9,9,24,0,0,0,3,2,4,1,3,0,0,0,6,20,0,0,2,2,0,81,88,"Greater Western Sydney","2016",19
16,"Wilson, Nathan",14,6,3,17,0,1,0,1,3,4,1,2,1,0,0,4,11,0,0,1,1,0,70,88,"Greater Western Sydney","2016",19
0,"Rushed",0,0,0,0,0,2,0,0,0,0,0,0,0,0,0,0,0,0,0,0,0,0,0,88,"Greater Western Sydney","2016",19
12,"Astbury, David",4,5,6,10,0,0,0,4,2,0,0,0,0,0,0,4,6,1,0,9,0,0,74,-88,"Richmond","2016",19
30,"Conca, Reece",6,4,5,11,0,0,0,7,1,2,2,0,1,0,0,4,7,0,0,0,0,0,67,-88,"Richmond","2016",19
9,"Cotchin, Trent",11,3,10,21,0,0,0,0,4,2,4,4,3,1,0,9,13,0,0,1,0,0,83,-88,"Richmond","2016",19
39,"Drummond, Nathan",3,3,5,8,0,0,0,6,0,1,1,0,2,0,0,4,4,0,0,0,0,0,74,-88,"Richmond","2016",19
5,"Ellis, Brandon",14,9,10,24,0,0,0,2,0,2,2,3,0,1,0,7,16,0,0,0,0,0,86,-88,"Richmond","2016",19
6,"Grigg, Shaun",9,3,7,16,0,0,1,5,2,3,1,4,0,2,0,3,13,0,0,0,0,0,81,-88,"Richmond","2016",19
2,"Grimes, Dylan",7,4,7,14,0,0,0,2,3,0,1,1,2,0,0,7,7,0,0,1,0,0,84,-88,"Richmond","2016",19
16,"Hampson, Shaun",5,5,5,10,0,1,37,3,0,1,1,6,2,3,0,5,6,1,1,1,0,0,84,-88,"Richmond","2016",19
14,"Houli, Bachar",12,11,9,21,0,0,0,4,2,4,2,2,0,0,0,2,20,0,0,1,0,0,84,-88,"Richmond","2016",19
28,"Hunt, Taylor",17,7,6,23,0,0,0,0,2,3,0,3,1,0,0,1,21,1,0,2,0,0,76,-88,"Richmond","2016",19
23,"Lambert, Kane",5,2,6,11,0,1,0,4,0,1,1,2,1,0,0,3,7,0,0,0,1,0,78,-88,"Richmond","2016",19
27,"Lloyd, Sam",7,6,1,8,1,1,0,4,0,1,0,0,0,0,0,2,6,1,2,0,0,0,81,-88,"Richmond","2016",19
44,"Marcon, Adam",9,4,7,16,0,0,0,5,5,3,3,6,1,1,0,6,10,0,0,0,0,1,72,-88,"Richmond","2016",19
31,"Markov, Oleg",8,2,1,9,0,0,0,3,1,3,0,1,1,1,0,3,6,1,0,1,0,0,67,-88,"Richmond","2016",19
4,"Martin, Dustin",16,9,12,28,0,0,0,6,2,2,4,7,1,4,0,13,16,0,0,0,0,1,88,-88,"Richmond","2016",19
26,"Miles, Anthony",5,2,6,11,0,0,0,5,2,2,6,3,2,2,0,8,3,0,0,0,0,0,70,-88,"Richmond","2016",19
18,"Rance, Alex",16,9,10,26,0,0,0,0,5,0,0,3,2,1,0,14,13,5,0,9,0,0,98,-88,"Richmond","2016",19
8,"Riewoldt, Jack",12,5,5,17,2,1,0,1,0,3,0,5,4,1,0,9,8,1,3,2,0,0,96,-88,"Richmond","2016",19
17,"Rioli, Daniel",6,7,4,10,0,0,0,1,0,2,0,1,0,0,0,2,8,1,1,0,0,0,74,-88,"Richmond","2016",19
45,"Short, Jayden",20,5,3,23,0,0,0,1,6,3,0,3,0,0,0,1,17,1,0,0,1,0,86,-88,"Richmond","2016",19
29,"Vickery, Ty",2,4,6,8,0,0,5,5,0,0,0,1,0,0,0,3,5,1,0,3,0,0,82,-88,"Richmond","2016",19
1,"Vlastuin, Nick",11,5,3,14,0,0,0,1,3,0,1,4,1,4,0,7,7,2,0,1,0,0,89,-88,"Richmond","2016",19
0,"Rushed",0,0,0,0,0,1,0,0,0,0,0,0,0,0,0,0,0,0,0,0,0,0,0,-88,"Richmond","2016",19
