"Number","Player","Kicks","Marks","Handballs","Disposals","Goals","Behinds","Hitouts","Tackles","Rebounds50s","Inside50s","Clearances","Clangers","FreesFor","FreesAgainst","BrownlowVotes","ContestedPossessions","UncontestedPossessions","ContestedMarks","MarksInside50","OnePercenters","Bounces","GoalAssists","PercentagePlayed","PointDifference","Team","Season","Round"
31,"Andrews, Harris",2,3,6,8,0,0,0,0,1,1,0,1,1,0,0,5,4,0,0,7,0,0,88,-94,"Brisbane Lions","2016",19
4,"Bastinac, Ryan",9,1,9,18,0,1,0,2,2,3,2,5,0,2,0,7,12,0,0,1,0,1,77,-94,"Brisbane Lions","2016",19
33,"Close, Michael",4,2,3,7,2,0,0,2,0,0,0,1,0,1,0,6,2,2,2,2,0,0,79,-94,"Brisbane Lions","2016",19
26,"Cutler, Tom",12,4,2,14,0,1,0,3,4,5,1,0,0,0,0,3,10,0,0,0,0,1,79,-94,"Brisbane Lions","2016",19
24,"Dawson, Liam",5,3,4,9,1,0,0,2,0,1,0,2,1,0,0,3,6,0,1,0,0,0,82,-94,"Brisbane Lions","2016",19
6,"Green, Josh",9,0,6,15,1,1,0,2,1,5,2,3,0,1,0,8,7,0,0,0,0,0,84,-94,"Brisbane Lions","2016",19
40,"Hammelmann, Matthew",3,2,1,4,0,0,0,5,2,1,0,1,0,1,0,1,3,0,0,4,0,0,88,-94,"Brisbane Lions","2016",19
11,"Hanley, Pearce",8,2,7,15,0,1,3,3,0,2,2,2,1,0,0,5,10,0,0,2,2,1,77,-94,"Brisbane Lions","2016",19
30,"Hipwood, Eric",4,4,2,6,1,3,1,1,0,0,0,1,0,0,0,3,3,1,4,0,0,0,83,-94,"Brisbane Lions","2016",19
1,"Keays, Ben",4,1,8,12,0,0,0,4,0,1,1,0,0,0,0,7,6,0,0,0,0,2,81,-94,"Brisbane Lions","2016",19
35,"Lester, Ryan",10,4,6,16,0,0,0,0,3,6,1,2,1,1,0,4,13,0,0,4,0,1,81,-94,"Brisbane Lions","2016",19
36,"Mathieson, Rhys",11,4,9,20,0,0,0,2,3,7,4,4,2,1,0,8,12,0,0,1,0,1,74,-94,"Brisbane Lions","2016",19
32,"Mayes, Sam",12,4,2,14,0,0,0,2,8,1,0,1,0,0,0,3,8,0,0,6,0,0,84,-94,"Brisbane Lions","2016",19
21,"Merrett, Daniel",2,0,4,6,0,0,0,2,2,0,0,0,1,0,0,3,2,0,0,6,0,0,100,-94,"Brisbane Lions","2016",19
10,"Rich, Daniel",17,2,7,24,0,0,0,2,7,5,3,3,0,1,0,9,12,0,0,4,0,0,79,-94,"Brisbane Lions","2016",19
18,"Robertson, Nick",6,5,4,10,1,0,0,4,4,0,0,2,0,1,0,2,8,0,1,4,0,0,80,-94,"Brisbane Lions","2016",19
5,"Robinson, Mitch",6,0,8,14,0,0,0,11,3,2,3,7,2,3,0,6,8,0,0,2,0,0,70,-94,"Brisbane Lions","2016",19
38,"Rockliff, Tom",10,1,16,26,1,0,0,1,1,3,7,2,1,0,0,11,14,0,0,3,0,0,78,-94,"Brisbane Lions","2016",19
44,"Smith, Archie",2,1,17,19,0,0,30,5,0,2,9,1,6,1,0,17,5,1,0,1,0,0,80,-94,"Brisbane Lions","2016",19
28,"Taylor, Lewis",5,2,4,9,0,1,0,2,1,0,1,0,1,0,0,5,5,0,1,1,0,0,82,-94,"Brisbane Lions","2016",19
14,"Walker, Josh",4,3,3,7,2,0,6,1,0,1,2,3,0,3,0,5,2,1,2,0,0,0,86,-94,"Brisbane Lions","2016",19
15,"Zorko, Dayne",8,2,8,16,2,0,0,7,2,2,2,1,2,1,0,7,9,0,0,1,0,0,86,-94,"Brisbane Lions","2016",19
0,"Rushed",0,0,0,0,0,5,0,0,0,0,0,0,0,0,0,0,0,0,0,0,0,0,0,-94,"Brisbane Lions","2016",19
41,"Ah Chee, Brendon",8,6,6,14,2,1,0,5,0,2,3,1,1,1,0,9,5,3,4,0,0,3,79,94,"Port Adelaide","2016",19
15,"Amon, Karl",10,5,5,15,2,1,0,3,0,1,0,0,1,0,0,3,12,0,2,0,0,2,65,94,"Port Adelaide","2016",19
25,"Austin, Logan",5,2,4,9,0,1,0,3,2,2,0,0,1,0,0,1,8,0,1,13,0,1,91,94,"Port Adelaide","2016",19
1,"Boak, Travis",13,6,11,24,3,2,0,1,0,5,3,6,0,2,0,8,18,1,3,4,0,1,85,94,"Port Adelaide","2016",19
5,"Broadbent, Matthew",13,5,3,16,0,0,0,2,3,6,1,1,1,0,0,5,10,0,0,3,2,0,83,94,"Port Adelaide","2016",19
11,"Butcher, John",11,11,9,20,4,2,1,3,0,2,1,0,1,0,0,9,13,2,5,2,0,0,92,94,"Port Adelaide","2016",19
33,"Byrne-Jones, Darcy",9,5,4,13,0,0,0,3,0,3,0,3,0,1,0,3,11,1,0,1,0,1,86,94,"Port Adelaide","2016",19
17,"Clurey, Tom",6,2,4,10,0,0,0,1,0,1,0,1,0,0,0,2,8,0,0,2,0,0,90,94,"Port Adelaide","2016",19
7,"Ebert, Brad",15,4,12,27,2,0,0,4,2,4,0,3,0,1,0,7,22,1,2,1,0,1,86,94,"Port Adelaide","2016",19
9,"Gray, Robbie",14,2,18,32,0,1,0,3,0,11,3,3,2,2,1,15,20,0,0,3,2,2,88,94,"Port Adelaide","2016",19
46,"Gray, Sam",8,3,20,28,0,0,0,2,2,1,2,4,2,1,0,11,20,1,0,1,0,0,72,94,"Port Adelaide","2016",19
24,"Impey, Jarman",7,1,4,11,2,2,0,4,0,3,0,0,1,0,0,4,6,1,1,0,1,1,69,94,"Port Adelaide","2016",19
48,"Krakouer, Nathan",11,3,8,19,0,0,0,3,2,4,1,1,1,0,0,9,11,1,0,8,0,0,81,94,"Port Adelaide","2016",19
29,"Pittard, Jasper",4,1,5,9,0,0,0,1,4,0,1,0,0,0,0,5,4,0,0,7,1,0,79,94,"Port Adelaide","2016",19
21,"Polec, Jared",12,2,13,25,0,1,0,3,4,7,2,4,0,3,0,8,17,0,0,1,0,1,85,94,"Port Adelaide","2016",19
14,"Stewart, Paul",9,5,7,16,0,0,0,1,2,1,0,2,0,0,0,6,9,1,0,3,0,0,86,94,"Port Adelaide","2016",19
18,"Toumpas, Jimmy",6,2,6,12,0,1,0,1,1,4,1,0,0,0,0,1,10,0,0,0,5,1,59,94,"Port Adelaide","2016",19
12,"Trengove, Jackson",12,4,13,25,2,1,18,4,3,6,15,6,3,5,0,20,5,2,0,3,0,0,88,94,"Port Adelaide","2016",19
39,"Westhoff, Justin",10,10,3,13,2,1,0,2,1,2,0,1,0,0,0,6,7,4,5,0,0,1,88,94,"Port Adelaide","2016",19
16,"Wines, Ollie",18,4,14,32,0,2,4,3,1,6,8,3,1,1,3,13,17,0,1,0,1,0,69,94,"Port Adelaide","2016",19
20,"Wingard, Chad",9,5,7,16,5,0,0,1,0,3,1,2,2,0,0,7,12,0,2,4,0,1,88,94,"Port Adelaide","2016",19
40,"Young, Aaron",12,9,10,22,1,5,0,6,0,3,1,5,0,2,2,6,15,0,4,1,1,1,91,94,"Port Adelaide","2016",19
0,"Rushed",0,0,0,0,0,2,0,0,0,0,0,0,0,0,0,0,0,0,0,0,0,0,0,94,"Port Adelaide","2016",19
