"Number","Player","Kicks","Marks","Handballs","Disposals","Goals","Behinds","Hitouts","Tackles","Rebounds50s","Inside50s","Clearances","Clangers","FreesFor","FreesAgainst","BrownlowVotes","ContestedPossessions","UncontestedPossessions","ContestedMarks","MarksInside50","OnePercenters","Bounces","GoalAssists","PercentagePlayed","PointDifference","Team","Season","Round"
18,"Atley, Shaun",8,5,7,15,0,0,0,2,2,1,0,3,1,2,0,2,14,0,0,2,1,1,82,67,"North Melbourne","2016",9
50,"Brown, Ben",7,5,3,10,2,1,4,1,0,2,2,0,2,0,0,6,4,2,3,3,0,0,84,67,"North Melbourne","2016",9
10,"Cunnington, Ben",10,4,7,17,0,0,0,3,1,3,7,2,1,0,0,10,7,0,0,0,0,1,66,67,"North Melbourne","2016",9
15,"Dal Santo, Nick",18,7,10,28,0,0,0,4,2,2,4,2,0,1,0,12,17,1,0,0,0,2,80,67,"North Melbourne","2016",9
14,"Dumont, Trent",9,1,6,15,0,1,0,9,0,3,2,2,0,1,0,6,9,0,0,1,0,1,74,67,"North Melbourne","2016",9
11,"Firrito, Michael",4,2,8,12,0,0,0,3,3,0,0,1,0,0,0,6,6,0,0,2,0,0,88,67,"North Melbourne","2016",9
43,"Gibson, Sam",9,4,6,15,0,1,0,4,1,3,0,4,1,0,0,3,12,0,0,1,0,0,85,67,"North Melbourne","2016",9
22,"Goldstein, Todd",12,5,7,19,3,0,45,2,0,4,5,1,5,1,3,11,7,2,2,1,0,2,87,67,"North Melbourne","2016",9
29,"Harvey, Brent",12,4,9,21,2,1,0,1,1,6,2,1,1,0,0,6,15,0,0,0,2,1,85,67,"North Melbourne","2016",9
34,"Macmillan, Jamie",14,10,7,21,0,1,0,0,4,1,0,4,0,2,0,5,17,0,0,2,0,0,84,67,"North Melbourne","2016",9
21,"McDonald, Luke",15,8,6,21,0,0,0,1,5,1,0,1,0,1,0,5,17,0,0,2,0,0,91,67,"North Melbourne","2016",9
2,"McKenzie, Brad",8,4,3,11,0,0,0,6,2,4,1,0,0,0,0,2,9,0,0,2,0,1,84,67,"North Melbourne","2016",9
17,"Mullett, Aaron",15,4,5,20,0,0,0,2,4,5,3,2,1,0,0,6,12,0,0,0,0,0,78,67,"North Melbourne","2016",9
28,"Nahas, Robin",5,6,3,8,2,1,0,1,1,3,0,1,1,1,0,2,6,1,1,0,0,2,72,67,"North Melbourne","2016",9
20,"Petrie, Drew",6,3,3,9,0,0,0,4,0,2,0,3,2,0,0,2,7,0,0,1,0,1,92,67,"North Melbourne","2016",9
44,"Ray, Farren",10,4,8,18,1,0,0,1,0,1,2,0,0,0,0,5,13,0,0,0,0,0,78,67,"North Melbourne","2016",9
9,"Swallow, Andrew",2,1,14,16,0,0,0,7,1,1,5,2,1,2,0,13,4,0,0,1,0,0,72,67,"North Melbourne","2016",9
25,"Tarrant, Robbie",12,9,10,22,0,0,3,3,2,2,0,1,0,1,1,4,18,0,0,5,0,0,84,67,"North Melbourne","2016",9
12,"Thomas, Lindsay",7,4,4,11,3,3,0,1,0,1,1,2,2,2,0,7,4,2,4,0,0,0,77,67,"North Melbourne","2016",9
16,"Thompson, Scott",9,7,7,16,0,0,0,0,3,0,1,3,1,0,0,5,13,0,0,8,0,0,85,67,"North Melbourne","2016",9
30,"Waite, Jarrad",9,6,7,16,2,0,0,0,1,0,0,2,2,1,0,9,8,3,2,1,0,0,91,67,"North Melbourne","2016",9
7,"Ziebell, Jack",16,5,6,22,2,1,1,4,1,4,6,0,2,0,2,11,11,0,1,4,0,0,81,67,"North Melbourne","2016",9
0,"Rushed",0,0,0,0,0,1,0,0,0,0,0,0,0,0,0,0,0,0,0,0,0,0,0,67,"North Melbourne","2016",9
27,"Armfield, Dennis",6,4,7,13,0,0,0,1,0,1,0,2,0,0,0,4,9,0,1,0,0,0,87,-67,"Carlton","2016",9
38,"Byrne, Ciaran",13,7,10,23,0,0,0,2,1,4,1,2,2,1,0,5,18,2,0,3,2,0,80,-67,"Carlton","2016",9
9,"Cripps, Patrick",7,5,21,28,0,0,1,6,1,2,8,3,1,2,0,14,16,0,0,0,0,0,88,-67,"Carlton","2016",9
35,"Curnow, Ed",11,1,11,22,0,1,0,4,1,2,1,5,1,2,0,7,15,0,1,1,0,1,88,-67,"Carlton","2016",9
15,"Docherty, Sam",18,8,11,29,0,0,0,1,5,2,1,2,0,0,0,12,17,1,0,2,0,0,83,-67,"Carlton","2016",9
33,"Everitt, Andrejs",2,2,8,10,0,0,0,1,0,0,0,0,0,0,0,1,9,0,0,1,0,0,86,-67,"Carlton","2016",9
4,"Gibbs, Bryce",15,6,14,29,0,2,5,4,2,3,3,4,1,3,0,9,21,0,0,1,0,0,80,-67,"Carlton","2016",9
37,"Gorringe, Daniel",7,3,6,13,1,0,7,1,0,2,2,3,0,3,0,2,10,0,0,4,0,0,74,-67,"Carlton","2016",9
14,"Jones, Liam",3,1,9,12,2,1,0,2,0,0,1,1,1,0,0,9,3,0,1,1,0,0,85,-67,"Carlton","2016",9
11,"Kerridge, Sam",14,4,15,29,0,1,1,4,2,5,5,2,2,0,0,12,17,0,0,0,0,0,79,-67,"Carlton","2016",9
13,"Lamb, Jed",6,2,2,8,0,1,0,1,0,2,1,1,0,1,0,2,6,0,0,1,0,0,77,-67,"Carlton","2016",9
3,"Murphy, Marc",13,7,9,22,0,0,0,4,3,6,0,1,0,1,0,3,19,0,0,1,0,0,78,-67,"Carlton","2016",9
20,"Plowman, Lachie",12,6,3,15,0,0,0,2,3,2,0,2,0,0,0,2,12,0,0,6,0,0,94,-67,"Carlton","2016",9
17,"Rowe, Sam",3,1,3,6,0,0,5,1,1,0,0,5,0,3,0,2,3,1,0,2,0,0,75,-67,"Carlton","2016",9
6,"Simpson, Kade",15,6,8,23,1,0,0,3,4,0,0,2,2,1,0,5,15,0,0,2,2,0,89,-67,"Carlton","2016",9
19,"Sumner, Liam",10,0,3,13,0,2,0,3,0,4,1,4,3,1,0,5,9,0,0,0,1,1,70,-67,"Carlton","2016",9
39,"Thomas, Dale",12,6,4,16,1,0,1,1,0,2,0,0,0,0,0,5,10,1,1,3,0,0,78,-67,"Carlton","2016",9
42,"Tuohy, Zach",12,6,7,19,0,0,0,2,4,3,1,3,0,1,0,3,15,0,0,1,0,0,80,-67,"Carlton","2016",9
1,"Walker, Andrew",7,6,1,8,1,0,0,2,0,0,0,3,1,0,0,1,7,0,4,1,0,0,78,-67,"Carlton","2016",9
23,"Weitering, Jacob",6,6,5,11,0,0,0,0,1,0,0,4,0,3,0,5,6,1,0,3,0,0,94,-67,"Carlton","2016",9
43,"White, Simon",2,2,6,8,0,0,0,2,1,0,0,1,0,1,0,1,7,0,0,5,0,0,79,-67,"Carlton","2016",9
46,"Wright, Matthew",9,4,14,23,0,0,0,4,1,6,4,1,1,0,0,7,16,0,0,0,0,0,78,-67,"Carlton","2016",9
0,"Rushed",0,0,0,0,0,2,0,0,0,0,0,0,0,0,0,0,0,0,0,0,0,0,0,-67,"Carlton","2016",9
