"Number","Player","Kicks","Marks","Handballs","Disposals","Goals","Behinds","Hitouts","Tackles","Rebounds50s","Inside50s","Clearances","Clangers","FreesFor","FreesAgainst","BrownlowVotes","ContestedPossessions","UncontestedPossessions","ContestedMarks","MarksInside50","OnePercenters","Bounces","GoalAssists","PercentagePlayed","PointDifference","Team","Season","Round"
8,"Acres, Blake",16,4,7,23,1,3,0,5,5,4,3,3,2,2,0,10,14,0,1,0,1,4,88,-70,"St Kilda","2016",21
20,"Armitage, David",8,6,21,29,1,0,0,6,2,3,7,3,2,2,0,13,18,0,1,1,0,0,82,-70,"St Kilda","2016",21
15,"Billings, Jack",7,3,6,13,0,0,0,3,1,3,0,3,1,1,0,7,7,1,0,0,0,0,83,-70,"St Kilda","2016",21
27,"Bruce, Josh",5,5,6,11,0,1,0,3,0,0,1,3,0,2,0,6,5,1,1,3,0,0,92,-70,"St Kilda","2016",21
24,"Dempster, Sean",10,8,4,14,1,0,0,1,3,1,0,2,2,1,0,5,9,0,0,2,0,0,89,-70,"St Kilda","2016",21
25,"Fisher, Sam",3,2,8,11,0,0,0,0,1,0,0,0,0,0,0,1,10,0,0,4,0,0,51,-70,"St Kilda","2016",21
19,"Gilbert, Sam",3,1,8,11,0,0,0,2,1,0,0,1,3,0,0,10,3,0,0,5,0,0,87,-70,"St Kilda","2016",21
22,"Gresham, Jade",9,2,7,16,0,0,0,3,0,3,4,3,0,2,0,6,10,0,0,0,0,1,68,-70,"St Kilda","2016",21
1,"Hickey, Tom",2,2,8,10,0,0,24,3,0,1,3,3,2,2,0,6,4,1,0,2,0,0,68,-70,"St Kilda","2016",21
32,"McCartin, Paddy",4,4,1,5,2,0,0,0,0,1,0,1,0,1,0,1,4,1,2,2,0,0,83,-70,"St Kilda","2016",21
36,"McKenzie, Daniel",9,4,6,15,0,0,0,3,4,0,0,3,0,1,0,7,8,0,0,2,0,0,66,-70,"St Kilda","2016",21
28,"Membrey, Tim",7,5,2,9,1,0,0,2,0,1,0,3,0,1,0,4,7,2,1,1,0,1,89,-70,"St Kilda","2016",21
41,"Minchington, Darren",3,2,5,8,0,0,0,3,0,1,0,1,0,0,0,2,6,0,0,2,0,0,74,-70,"St Kilda","2016",21
11,"Montagna, Leigh",12,6,15,27,1,0,0,6,1,4,1,2,0,0,0,5,22,2,1,4,0,0,92,-70,"St Kilda","2016",21
16,"Newnes, Jack",14,2,6,20,1,1,2,8,3,8,2,3,1,0,0,1,16,0,0,1,0,0,93,-70,"St Kilda","2016",21
12,"Riewoldt, Nick",13,6,11,24,1,1,7,4,5,1,0,1,3,0,0,7,17,0,1,0,0,1,92,-70,"St Kilda","2016",21
17,"Roberton, Dylan",8,4,8,16,0,0,0,2,1,1,0,4,1,1,0,5,11,1,0,2,0,0,84,-70,"St Kilda","2016",21
6,"Ross, Sebastian",13,2,15,28,0,0,1,4,1,3,6,1,1,0,0,10,17,0,1,1,0,1,85,-70,"St Kilda","2016",21
5,"Savage, Shane",12,4,9,21,0,0,0,6,4,3,1,0,0,0,0,8,12,0,0,4,0,0,90,-70,"St Kilda","2016",21
3,"Steven, Jack",13,0,12,25,0,1,0,3,0,5,3,5,0,1,0,11,15,0,0,2,4,2,83,-70,"St Kilda","2016",21
44,"Weller, Maverick",6,2,12,18,1,1,0,4,0,3,2,1,0,0,0,12,8,2,1,1,0,0,87,-70,"St Kilda","2016",21
34,"Wright, Nathan",6,1,2,8,1,0,0,8,1,2,1,0,1,0,0,5,3,0,0,1,0,0,75,-70,"St Kilda","2016",21
0,"Rushed",0,0,0,0,0,2,0,0,0,0,0,0,0,0,0,0,0,0,0,0,0,0,0,-70,"St Kilda","2016",21
36,"Aliir, Aliir",8,9,9,17,0,0,0,1,3,1,0,0,0,0,0,7,10,3,0,8,1,0,84,70,"Sydney","2016",21
7,"Cunningham, Harry",12,9,7,19,0,0,0,0,3,0,0,3,0,0,0,1,16,0,0,1,0,0,80,70,"Sydney","2016",21
23,"Franklin, Lance",18,9,10,28,6,1,0,4,1,3,2,6,0,5,2,10,17,2,6,3,1,1,95,70,"Sydney","2016",21
39,"Grundy, Heath",9,5,6,15,0,0,0,1,1,0,0,1,0,1,0,3,12,0,0,10,2,0,95,70,"Sydney","2016",21
4,"Hannebery, Dan",20,7,17,37,1,0,0,2,1,10,7,4,2,1,1,14,23,0,3,1,0,3,92,70,"Sydney","2016",21
5,"Heeney, Isaac",8,5,5,13,1,1,0,2,0,3,1,0,1,0,0,6,7,1,2,0,0,1,75,70,"Sydney","2016",21
29,"Hewett, George",6,3,14,20,1,0,0,1,1,3,2,2,0,2,0,4,16,0,1,1,0,1,70,70,"Sydney","2016",21
15,"Jack, Kieren",11,3,9,20,1,0,0,2,2,5,3,2,1,1,0,6,12,0,1,1,0,2,81,70,"Sydney","2016",21
12,"Kennedy, Josh",9,5,26,35,1,0,0,4,1,3,7,1,2,0,0,16,19,1,1,0,0,1,90,70,"Sydney","2016",21
44,"Lloyd, Jake",21,7,14,35,0,0,0,1,4,6,0,2,3,0,0,6,25,0,0,0,0,2,87,70,"Sydney","2016",21
3,"McVeigh, Jarrad",13,4,13,26,1,0,0,3,0,3,1,1,0,0,0,5,21,0,1,1,0,1,85,70,"Sydney","2016",21
14,"Mills, Callum",17,8,10,27,0,0,0,1,4,0,0,5,1,2,0,6,21,2,0,3,0,0,81,70,"Sydney","2016",21
6,"Mitchell, Tom",8,4,11,19,0,0,0,8,0,7,1,2,0,0,0,9,13,0,0,0,0,0,86,70,"Sydney","2016",21
35,"Naismith, Sam",4,2,8,12,1,0,18,2,1,2,3,6,1,3,0,9,3,1,1,2,0,0,65,70,"Sydney","2016",21
13,"Nankervis, Toby",6,2,9,15,1,1,24,3,1,0,5,3,1,0,0,8,8,0,0,4,0,0,59,70,"Sydney","2016",21
41,"Papley, Tom",9,4,7,16,3,1,0,3,0,2,1,2,1,0,0,5,12,0,3,1,0,2,75,70,"Sydney","2016",21
26,"Parker, Luke",17,9,16,33,3,1,2,5,1,5,5,7,2,3,3,13,19,2,4,1,0,3,94,70,"Sydney","2016",21
24,"Rampe, Dane",6,2,8,14,0,0,0,1,3,1,0,1,0,1,0,6,8,1,0,8,1,0,90,70,"Sydney","2016",21
42,"Richards, Xavier",8,7,4,12,3,0,0,3,0,1,0,3,0,0,0,6,6,3,2,1,0,1,84,70,"Sydney","2016",21
16,"Rohan, Gary",8,2,0,8,0,3,0,1,1,3,0,0,0,0,0,4,6,0,0,3,0,0,68,70,"Sydney","2016",21
40,"Smith, Nick",12,8,8,20,0,0,0,4,5,1,0,2,2,0,0,4,16,0,0,5,0,0,83,70,"Sydney","2016",21
22,"Towers, Dean",6,2,12,18,0,0,1,1,2,1,1,0,0,0,0,6,12,0,0,0,0,0,83,70,"Sydney","2016",21
0,"Totals",236,116,223,459,23,8,45,53,35,60,39,53,17,19,6,154,302,16,25,54,5,18,0,70,"Sydney","2016",21
