"Number","Player","Kicks","Marks","Handballs","Disposals","Goals","Behinds","Hitouts","Tackles","Rebounds50s","Inside50s","Clearances","Clangers","FreesFor","FreesAgainst","BrownlowVotes","ContestedPossessions","UncontestedPossessions","ContestedMarks","MarksInside50","OnePercenters","Bounces","GoalAssists","PercentagePlayed","PointDifference","Team","Season","Round"
21,"Atkins, Rory",7,2,19,26,0,0,0,0,1,3,1,7,0,3,0,7,24,0,0,0,0,1,83,82,"Adelaide","2016",19
18,"Betts, Eddie",12,5,4,16,5,2,0,2,0,4,1,2,1,2,1,10,6,2,3,3,6,2,88,82,"Adelaide","2016",19
16,"Brown, Luke",12,6,10,22,0,0,0,5,2,4,0,2,3,1,0,8,16,1,0,3,0,1,88,82,"Adelaide","2016",19
23,"Cameron, Charlie",8,4,6,14,4,1,0,4,1,3,1,2,2,1,0,7,7,0,3,2,0,0,88,82,"Adelaide","2016",19
25,"Cheney, Kyle",8,7,5,13,0,0,0,1,2,2,0,0,0,0,0,2,11,1,0,2,0,0,84,82,"Adelaide","2016",19
2,"Crouch, Brad",9,2,22,31,0,0,0,4,1,5,4,5,0,3,0,11,20,0,0,0,0,1,75,82,"Adelaide","2016",19
44,"Crouch, Matt",11,4,22,33,0,0,0,4,0,2,3,2,1,0,0,10,25,0,0,0,0,0,76,82,"Adelaide","2016",19
26,"Douglas, Richard",8,4,9,17,2,0,0,7,0,5,3,1,2,0,0,8,9,0,0,1,0,2,85,82,"Adelaide","2016",19
15,"Hartigan, Kyle",8,5,5,13,1,0,0,1,0,3,0,2,1,1,0,4,10,0,0,4,0,1,92,82,"Adelaide","2016",19
24,"Jacobs, Sam",3,1,2,5,0,0,7,1,0,0,0,1,0,1,0,4,1,1,0,0,0,0,23,82,"Adelaide","2016",19
4,"Jenkins, Josh",7,3,4,11,2,0,13,4,0,2,1,3,1,1,0,5,8,0,1,3,0,1,89,82,"Adelaide","2016",19
29,"Laird, Rory",13,7,23,36,0,0,0,0,6,2,0,0,1,0,2,13,21,2,0,3,0,1,87,82,"Adelaide","2016",19
6,"Lever, Jake",8,5,6,14,0,0,0,2,3,1,0,1,0,1,0,3,10,0,0,2,0,0,89,82,"Adelaide","2016",19
27,"Lynch, Tom",10,6,8,18,0,0,1,4,2,2,0,0,2,0,0,6,11,1,0,0,1,1,95,82,"Adelaide","2016",19
31,"Lyons, Jarryd",8,4,13,21,1,1,0,6,0,1,7,2,2,2,0,11,11,0,1,2,0,0,74,82,"Adelaide","2016",19
14,"Mackay, David",11,2,13,24,0,2,0,4,3,3,4,3,2,1,0,11,16,0,0,3,0,0,80,82,"Adelaide","2016",19
41,"McGovern, Mitch",8,8,6,14,4,1,0,1,0,1,0,5,0,2,0,4,9,3,4,2,0,1,89,82,"Adelaide","2016",19
11,"Seedsman, Paul",14,3,9,23,2,1,0,4,2,4,2,3,1,1,0,4,19,0,1,2,0,0,82,82,"Adelaide","2016",19
9,"Sloane, Rory",17,5,16,33,1,1,5,4,1,9,4,2,2,0,3,11,23,1,1,4,0,1,77,82,"Adelaide","2016",19
33,"Smith, Brodie",13,3,11,24,0,2,0,2,3,5,0,2,0,0,0,4,18,0,1,0,0,0,86,82,"Adelaide","2016",19
12,"Talia, Daniel",9,7,11,20,0,0,0,3,5,0,0,0,0,0,0,4,15,0,0,10,0,1,99,82,"Adelaide","2016",19
5,"Thompson, Scott",12,4,17,29,0,0,0,6,0,4,4,4,1,1,0,9,19,0,1,0,0,0,73,82,"Adelaide","2016",19
0,"Totals",216,97,241,457,22,11,26,69,32,65,35,49,22,21,6,156,309,12,16,46,7,14,0,82,"Adelaide","2016",19
29,"Ambrose, Patrick",9,8,2,11,0,0,0,4,2,1,0,2,0,1,0,4,8,3,0,7,0,0,85,-82,"Essendon","2016",19
24,"Bird, Craig",11,5,10,21,0,0,0,9,1,4,4,4,3,0,0,7,15,0,0,1,0,0,72,-82,"Essendon","2016",19
17,"Cooney, Adam",16,7,7,23,1,0,3,3,3,4,5,3,1,1,0,8,15,1,0,2,0,0,67,-82,"Essendon","2016",19
6,"Daniher, Joe",15,11,6,21,4,1,0,1,0,2,3,6,2,3,0,10,11,6,6,0,0,1,93,-82,"Essendon","2016",19
49,"Dea, Matt",10,5,9,19,0,0,0,3,4,1,0,2,2,1,0,10,9,1,0,2,0,0,89,-82,"Essendon","2016",19
15,"Dempsey, Courtenay",7,5,3,10,0,0,0,0,0,1,0,4,0,2,0,1,8,0,1,2,0,0,84,-82,"Essendon","2016",19
13,"Fantasia, Orazio",7,4,6,13,1,2,0,3,0,4,0,4,0,2,0,5,7,2,2,1,1,0,81,-82,"Essendon","2016",19
10,"Francis, Aaron",5,0,2,7,0,1,0,1,1,0,1,1,3,1,0,6,2,0,0,7,0,0,76,-82,"Essendon","2016",19
8,"Gleeson, Martin",4,1,9,13,0,0,0,3,2,0,0,2,0,2,0,3,10,0,0,1,0,0,87,-82,"Essendon","2016",19
9,"Goddard, Brendon",18,7,11,29,0,0,1,1,8,3,2,3,1,0,0,5,23,0,0,5,0,0,90,-82,"Essendon","2016",19
41,"Hams, Will",9,6,8,17,0,0,0,1,0,1,3,2,2,0,0,6,11,0,1,1,0,0,76,-82,"Essendon","2016",19
36,"Hartley, Michael",6,6,3,9,0,0,0,6,2,0,0,3,0,2,0,2,8,0,0,6,0,0,92,-82,"Essendon","2016",19
30,"Langford, Kyle",6,4,9,15,1,0,0,2,1,1,0,1,0,1,0,4,11,2,0,3,0,0,84,-82,"Essendon","2016",19
33,"Laverde, Jayden",7,5,10,17,2,0,0,1,0,1,2,2,0,0,0,6,11,0,2,1,0,1,78,-82,"Essendon","2016",19
22,"Leuenberger, Matthew",7,0,4,11,0,0,53,5,1,1,3,0,1,0,0,5,6,0,0,7,0,2,84,-82,"Essendon","2016",19
43,"McDonald-Tipungwuti, Anthony",3,1,11,14,0,1,0,3,0,1,0,3,0,3,0,7,8,0,0,2,1,0,84,-82,"Essendon","2016",19
45,"McKenna, Conor",12,3,4,16,0,1,0,4,3,5,2,2,2,1,0,5,9,0,0,6,0,2,74,-82,"Essendon","2016",19
7,"Merrett, Zach",17,4,14,31,0,0,0,2,3,8,6,4,2,0,0,11,20,0,0,1,0,1,84,-82,"Essendon","2016",19
56,"Michael, Sam",2,3,5,7,0,0,3,2,0,1,0,2,0,0,0,3,4,0,0,1,0,1,74,-82,"Essendon","2016",19
3,"Parish, Darcy",5,1,16,21,0,0,0,4,1,2,6,3,0,0,0,12,9,0,0,2,0,0,76,-82,"Essendon","2016",19
50,"Polkinghorne, James",7,3,13,20,0,1,0,0,2,2,2,3,1,1,0,9,13,0,1,2,0,0,80,-82,"Essendon","2016",19
11,"Zaharakis, David",8,2,10,18,0,0,0,4,1,2,1,3,1,1,0,7,11,0,0,1,0,0,87,-82,"Essendon","2016",19
0,"Totals",191,91,172,363,9,7,60,62,35,45,40,59,21,22,0,136,229,15,13,61,2,8,0,-82,"Essendon","2016",19
