"Number","Player","Kicks","Marks","Handballs","Disposals","Goals","Behinds","Hitouts","Tackles","Rebounds50s","Inside50s","Clearances","Clangers","FreesFor","FreesAgainst","BrownlowVotes","ContestedPossessions","UncontestedPossessions","ContestedMarks","MarksInside50","OnePercenters","Bounces","GoalAssists","PercentagePlayed","PointDifference","Team","Season","Round"
9,"Ablett, Gary",11,4,11,22,2,0,0,4,1,5,4,5,2,5,0,8,14,0,1,1,0,0,90,-73,"Gold Coast","2016",7
27,"Cameron, Clay",5,3,9,14,0,0,0,5,5,0,0,3,0,1,0,5,8,0,0,3,0,0,89,-73,"Gold Coast","2016",7
15,"Currie, Daniel",7,5,7,14,1,0,32,3,1,2,1,5,2,4,0,11,3,3,1,3,0,0,96,-73,"Gold Coast","2016",7
12,"Day, Sam",7,5,4,11,0,0,0,2,6,1,1,2,1,1,0,8,3,2,0,10,0,0,88,-73,"Gold Coast","2016",7
41,"Garlett, Jarrod",9,4,3,12,2,0,0,2,0,2,0,4,0,0,0,5,6,1,1,0,0,1,87,-73,"Gold Coast","2016",7
2,"Grant, Jarrad",12,8,3,15,1,0,0,3,2,2,2,3,1,1,0,4,10,1,1,0,0,0,84,-73,"Gold Coast","2016",7
33,"Hall, Aaron",11,4,10,21,1,0,0,7,2,5,3,2,1,1,0,8,14,0,1,0,2,2,85,-73,"Gold Coast","2016",7
5,"Harbrow, Jarrod",7,3,7,14,0,0,0,5,5,1,1,5,0,4,0,5,8,0,0,2,1,0,89,-73,"Gold Coast","2016",7
28,"Kolodjashnij, Kade",11,3,5,16,0,0,0,0,3,0,0,2,1,0,0,6,8,0,0,4,0,0,85,-73,"Gold Coast","2016",7
23,"Lemmens, Sean",10,7,4,14,0,0,0,4,4,0,1,2,0,2,0,3,13,0,1,2,0,0,82,-73,"Gold Coast","2016",7
37,"Lonergan, Jesse",9,5,11,20,0,0,0,7,0,1,3,6,3,4,0,7,13,0,0,1,0,0,81,-73,"Gold Coast","2016",7
19,"Lynch, Tom",8,4,8,16,4,0,3,1,0,4,1,1,2,0,0,9,7,2,2,0,1,2,96,-73,"Gold Coast","2016",7
44,"Macpherson, Darcy",5,3,5,10,1,0,0,9,0,2,0,1,0,1,0,5,5,0,1,1,0,1,78,-73,"Gold Coast","2016",7
7,"Malceski, Nick",10,3,6,16,0,0,0,4,2,3,3,1,2,0,0,10,6,2,0,2,0,1,87,-73,"Gold Coast","2016",7
4,"Martin, Jack",4,3,7,11,0,0,0,2,0,2,0,7,0,4,0,5,6,0,0,2,0,1,80,-73,"Gold Coast","2016",7
11,"Miller, Touk",10,3,12,22,0,1,0,10,2,1,4,5,0,1,0,10,12,0,0,2,0,0,85,-73,"Gold Coast","2016",7
10,"Prestia, Dion",11,2,9,20,0,0,0,6,3,3,5,1,1,1,0,9,12,0,0,1,0,0,87,-73,"Gold Coast","2016",7
3,"Rosa, Matt",3,1,1,4,0,0,4,0,0,0,0,0,0,0,0,0,4,0,0,0,0,0,23,-73,"Gold Coast","2016",7
42,"Saad, Adam",8,3,7,15,0,1,0,2,8,0,1,1,0,0,0,5,7,0,0,2,10,1,89,-73,"Gold Coast","2016",7
20,"Schade, Henry",11,8,6,17,0,0,0,0,3,1,0,2,1,1,0,3,14,1,0,3,0,0,91,-73,"Gold Coast","2016",7
6,"Sexton, Alex",2,1,2,4,0,0,0,0,0,0,0,0,0,0,0,1,3,0,0,0,0,0,30,-73,"Gold Coast","2016",7
30,"Wright, Peter",3,3,6,9,2,0,7,3,0,0,0,3,1,0,0,6,3,1,2,4,0,0,95,-73,"Gold Coast","2016",7
0,"Rushed",0,0,0,0,0,1,0,0,0,0,0,0,0,0,0,0,0,0,0,0,0,0,0,-73,"Gold Coast","2016",7
32,"Bugg, Tomas",14,3,11,25,0,1,0,7,1,7,8,2,1,1,0,13,13,0,0,2,0,0,80,73,"Melbourne","2016",7
20,"Garland, Colin",6,0,9,15,0,0,0,3,1,2,0,2,1,1,0,6,7,0,0,8,0,0,85,73,"Melbourne","2016",7
36,"Garlett, Jeff",9,2,3,12,3,1,0,4,0,4,0,1,1,1,0,6,5,0,1,1,0,1,82,73,"Melbourne","2016",7
11,"Gawn, Max",11,4,6,17,2,3,46,5,0,3,6,3,3,1,3,13,3,2,2,1,0,3,86,73,"Melbourne","2016",7
43,"Harmes, James",11,1,15,26,3,0,0,5,0,4,2,0,2,0,0,11,15,0,0,2,0,0,79,73,"Melbourne","2016",7
1,"Hogan, Jesse",8,5,1,9,1,3,0,4,1,1,0,3,1,2,0,1,6,0,3,0,0,0,87,73,"Melbourne","2016",7
29,"Hunt, Jayden",10,6,9,19,0,0,0,4,1,5,1,0,0,0,0,4,15,1,0,1,3,1,88,73,"Melbourne","2016",7
39,"Jetta, Neville",6,6,11,17,0,0,0,1,3,1,0,0,3,0,0,5,12,0,0,3,0,0,80,73,"Melbourne","2016",7
2,"Jones, Nathan",20,2,13,33,2,1,0,6,0,8,5,2,1,1,2,11,20,0,0,0,0,2,84,73,"Melbourne","2016",7
35,"Kennedy, Ben",10,2,6,16,2,0,0,9,2,1,3,2,3,2,0,9,9,0,1,0,0,1,83,73,"Melbourne","2016",7
16,"Kent, Dean",5,3,9,14,1,1,0,2,1,0,0,5,1,0,0,7,7,1,1,0,0,1,82,73,"Melbourne","2016",7
25,"McDonald, Tom",3,1,7,10,0,0,0,1,2,1,0,0,0,0,0,2,8,0,0,11,0,0,97,73,"Melbourne","2016",7
22,"Michie, Viv",5,1,8,13,0,0,0,1,1,3,0,2,0,0,0,3,10,0,0,0,0,1,80,73,"Melbourne","2016",7
13,"Oliver, Clayton",4,3,19,23,0,0,0,6,1,3,4,2,0,2,0,13,10,0,1,1,0,0,77,73,"Melbourne","2016",7
21,"Pedersen, Cameron",7,5,7,14,3,2,4,3,1,0,2,2,2,2,0,8,6,2,3,0,0,2,94,73,"Melbourne","2016",7
5,"Petracca, Christian",5,2,19,24,2,1,0,4,0,4,1,2,1,1,0,12,13,0,1,1,0,1,72,73,"Melbourne","2016",7
15,"Stretch, Billy",9,2,7,16,1,0,0,3,1,3,2,0,1,0,0,4,12,0,0,1,0,0,74,73,"Melbourne","2016",7
12,"Tyson, Dom",10,4,11,21,1,0,2,3,2,7,5,2,1,1,0,9,12,0,0,0,0,1,71,73,"Melbourne","2016",7
23,"Vince, Bernie",18,1,10,28,1,0,0,1,2,8,2,2,5,0,0,7,20,0,1,0,0,0,84,73,"Melbourne","2016",7
7,"Viney, Jack",8,3,16,24,2,0,0,7,0,4,7,5,0,2,1,10,13,1,0,0,1,0,69,73,"Melbourne","2016",7
42,"Wagner, Josh",12,4,13,25,0,0,0,5,0,2,0,3,4,1,0,9,18,0,0,2,0,0,87,73,"Melbourne","2016",7
4,"Watts, Jack",9,3,2,11,0,1,0,3,0,4,0,1,0,0,0,6,6,1,1,1,0,0,79,73,"Melbourne","2016",7
0,"Rushed",0,0,0,0,0,2,0,0,0,0,0,0,0,0,0,0,0,0,0,0,0,0,0,73,"Melbourne","2016",7
