"Number","Player","Kicks","Marks","Handballs","Disposals","Goals","Behinds","Hitouts","Tackles","Rebounds50s","Inside50s","Clearances","Clangers","FreesFor","FreesAgainst","BrownlowVotes","ContestedPossessions","UncontestedPossessions","ContestedMarks","MarksInside50","OnePercenters","Bounces","GoalAssists","PercentagePlayed","PointDifference","Team","Season","Round"
33,"Adams, Marcus",9,5,9,18,0,0,0,2,6,1,0,3,1,0,0,4,14,0,0,10,1,0,97,8,"Western Bulldogs","2016",11
24,"Biggs, Shane",11,7,12,23,0,0,0,2,3,5,1,1,0,0,0,3,20,0,0,1,4,0,81,8,"Western Bulldogs","2016",11
4,"Bontempelli, Marcus",11,4,19,30,0,1,1,9,1,3,6,1,4,0,2,21,9,1,1,6,2,0,87,8,"Western Bulldogs","2016",11
5,"Boyd, Matthew",27,9,7,34,0,0,0,0,5,2,1,1,0,0,0,5,27,0,0,4,0,0,92,8,"Western Bulldogs","2016",11
15,"Campbell, Tom",7,4,7,14,2,0,14,1,0,3,1,1,1,0,0,6,8,1,1,1,0,0,78,8,"Western Bulldogs","2016",11
6,"Dahlhaus, Luke",11,6,9,20,0,0,0,3,1,5,1,4,0,2,0,4,16,0,1,2,0,0,83,8,"Western Bulldogs","2016",11
35,"Daniel, Caleb",11,5,13,24,0,0,0,2,0,2,2,3,0,1,0,4,20,0,0,2,0,0,86,8,"Western Bulldogs","2016",11
29,"Dickson, Tory",7,5,10,17,0,1,0,2,1,4,0,2,0,1,0,4,12,0,2,1,0,3,83,8,"Western Bulldogs","2016",11
20,"Dunkley, Josh",7,4,5,12,1,1,2,3,1,1,1,2,1,0,0,4,10,0,2,2,0,0,71,8,"Western Bulldogs","2016",11
7,"Hunter, Lachie",20,11,18,38,1,1,0,6,2,4,1,5,3,0,3,8,32,1,2,1,0,0,90,8,"Western Bulldogs","2016",11
21,"Liberatore, Tom",9,4,11,20,3,0,0,4,4,0,7,3,1,3,0,10,10,0,2,2,0,0,87,8,"Western Bulldogs","2016",11
11,"Macrae, Jack",18,6,15,33,0,0,0,7,1,3,6,5,2,2,1,14,20,0,0,1,0,0,82,8,"Western Bulldogs","2016",11
16,"McLean, Toby",5,1,9,14,0,1,0,2,1,0,0,2,0,0,0,7,7,1,0,2,0,0,36,8,"Western Bulldogs","2016",11
38,"Morris, Dale",8,7,6,14,0,0,0,4,0,1,0,0,0,0,0,6,8,1,0,9,0,1,95,8,"Western Bulldogs","2016",11
42,"Picken, Liam",12,9,11,23,1,0,0,2,1,2,1,2,0,0,0,5,18,1,1,0,0,0,84,8,"Western Bulldogs","2016",11
43,"Redpath, Jack",9,7,2,11,2,2,0,1,0,3,0,1,1,0,0,6,5,3,3,1,0,0,85,8,"Western Bulldogs","2016",11
18,"Roberts, Fletcher",1,1,5,6,0,0,0,1,1,0,0,2,0,2,0,4,2,0,0,7,0,0,95,8,"Western Bulldogs","2016",11
23,"Roughead, Jordan",4,4,6,10,0,1,11,2,0,1,3,2,0,2,0,8,2,4,1,1,0,1,80,8,"Western Bulldogs","2016",11
9,"Stringer, Jake",7,2,11,18,2,0,1,2,1,5,3,1,1,1,0,12,7,0,0,1,0,0,85,8,"Western Bulldogs","2016",11
1,"Suckling, Matt",20,7,8,28,0,1,0,1,7,3,0,1,1,0,0,5,21,0,0,1,1,0,81,8,"Western Bulldogs","2016",11
3,"Wallis, Mitch",10,5,16,26,0,0,0,5,1,5,1,5,1,2,0,8,18,0,1,1,0,2,83,8,"Western Bulldogs","2016",11
34,"Williams, Bailey",4,2,9,13,0,0,0,1,0,0,0,3,0,1,0,5,7,0,0,2,0,0,61,8,"Western Bulldogs","2016",11
0,"Rushed",0,0,0,0,0,2,0,0,0,0,0,0,0,0,0,0,0,0,0,0,0,0,0,8,"Western Bulldogs","2016",11
26,"Butler, Sam",11,7,5,16,0,0,0,6,4,1,0,3,1,2,0,2,13,0,0,1,0,0,85,-8,"West Coast","2016",11
28,"Cole, Tom",6,4,6,12,0,0,0,0,1,0,0,2,2,2,0,5,7,0,0,1,0,0,70,-8,"West Coast","2016",11
15,"Cripps, Jamie",11,5,4,15,0,1,0,4,0,6,0,1,1,0,0,4,11,0,0,1,0,2,79,-8,"West Coast","2016",11
27,"Darling, Jack",5,3,9,14,2,0,0,0,0,1,0,2,0,2,0,8,6,1,2,0,0,2,91,-8,"West Coast","2016",11
14,"Duggan, Liam",6,4,5,11,0,1,0,3,0,2,1,0,0,0,0,2,10,0,1,0,0,0,63,-8,"West Coast","2016",11
3,"Gaff, Andrew",17,4,6,23,0,0,0,1,4,4,1,3,0,0,0,5,18,0,0,0,1,0,86,-8,"West Coast","2016",11
33,"Hill, Josh",9,5,8,17,2,0,0,2,2,2,1,1,1,1,0,7,10,0,1,1,1,0,76,-8,"West Coast","2016",11
25,"Hurn, Shannon",21,3,0,21,0,0,0,1,9,4,2,3,1,0,0,6,12,2,0,4,0,1,86,-8,"West Coast","2016",11
34,"Hutchings, Mark",11,4,5,16,1,0,0,0,1,2,1,1,0,1,0,6,12,0,0,1,0,0,75,-8,"West Coast","2016",11
17,"Kennedy, Josh",3,3,2,5,1,0,0,6,0,0,0,0,0,0,0,2,3,1,2,2,0,0,100,-8,"West Coast","2016",11
2,"LeCras, Mark",10,6,3,13,2,1,0,3,0,2,2,3,0,2,0,4,7,1,3,0,0,0,88,-8,"West Coast","2016",11
29,"Lycett, Scott",6,4,3,9,0,0,13,6,0,3,2,1,3,0,0,6,5,2,0,3,0,0,68,-8,"West Coast","2016",11
16,"Mackenzie, Eric",9,9,4,13,0,0,0,1,2,1,0,0,0,0,0,2,10,1,0,6,0,0,100,-8,"West Coast","2016",11
7,"Masten, Chris",15,6,6,21,1,0,0,3,1,3,0,3,0,0,0,5,17,0,0,2,0,1,88,-8,"West Coast","2016",11
9,"Naitanui, Nic",2,1,4,6,0,1,30,4,0,1,3,0,0,0,0,5,1,0,1,4,0,0,70,-8,"West Coast","2016",11
11,"Priddis, Matt",6,2,21,27,0,0,0,12,0,3,9,4,3,1,0,20,6,0,0,1,0,0,89,-8,"West Coast","2016",11
8,"Redden, Jack",6,1,9,15,0,1,0,8,2,3,2,1,2,1,0,7,8,0,0,2,0,1,67,-8,"West Coast","2016",11
31,"Schofield, Will",6,5,5,11,0,0,0,3,4,0,0,2,1,0,0,5,6,1,0,3,0,0,86,-8,"West Coast","2016",11
5,"Sheppard, Brad",9,5,6,15,0,0,0,2,2,4,0,3,0,0,0,2,13,0,0,4,0,0,88,-8,"West Coast","2016",11
13,"Shuey, Luke",14,2,7,21,0,2,0,9,1,4,6,5,1,2,0,8,12,0,0,0,0,1,87,-8,"West Coast","2016",11
12,"Wellingham, Sharrod",7,3,2,9,0,0,0,2,3,1,0,2,0,2,0,2,10,0,0,6,2,0,82,-8,"West Coast","2016",11
6,"Yeo, Elliot",9,4,3,12,2,1,0,5,1,2,0,3,1,1,0,1,9,0,2,0,0,1,75,-8,"West Coast","2016",11
0,"Rushed",0,0,0,0,0,1,0,0,0,0,0,0,0,0,0,0,0,0,0,0,0,0,0,-8,"West Coast","2016",11
