"Number","Player","Kicks","Marks","Handballs","Disposals","Goals","Behinds","Hitouts","Tackles","Rebounds50s","Inside50s","Clearances","Clangers","FreesFor","FreesAgainst","BrownlowVotes","ContestedPossessions","UncontestedPossessions","ContestedMarks","MarksInside50","OnePercenters","Bounces","GoalAssists","PercentagePlayed","PointDifference","Team","Season","Round"
3,"Bartel, Jimmy",18,14,12,30,0,1,0,0,6,2,6,1,0,0,0,11,17,2,2,4,0,0,83,120,"Geelong","2016",6
24,"Bews, Jed",8,5,5,13,0,0,0,4,0,0,0,0,0,0,0,3,10,0,0,0,0,0,86,120,"Geelong","2016",6
46,"Blicavs, Mark",13,6,8,21,0,0,7,7,1,6,5,3,2,2,0,9,13,0,0,3,0,1,84,120,"Geelong","2016",6
23,"Caddy, Josh",11,5,20,31,2,1,2,4,0,2,3,3,1,0,0,11,20,0,2,1,1,1,75,120,"Geelong","2016",6
5,"Cockatoo, Nakia",5,1,7,12,3,0,0,4,0,0,2,3,1,1,0,6,6,0,0,0,0,0,65,120,"Geelong","2016",6
35,"Dangerfield, Patrick",17,6,13,30,2,3,0,5,1,7,5,2,2,1,3,17,14,3,2,0,0,0,91,120,"Geelong","2016",6
22,"Duncan, Mitch",13,10,14,27,1,0,0,5,1,9,1,8,1,5,0,6,22,1,0,1,0,0,79,120,"Geelong","2016",6
44,"Enright, Corey",11,1,10,21,0,0,0,2,4,1,2,2,0,0,0,5,13,0,0,2,1,0,89,120,"Geelong","2016",6
29,"Guthrie, Cameron",12,8,17,29,0,0,0,2,3,3,2,2,0,1,0,7,21,1,0,1,0,1,73,120,"Geelong","2016",6
26,"Hawkins, Tom",19,11,5,24,4,2,0,5,0,4,0,1,4,0,2,10,12,1,8,0,0,3,100,120,"Geelong","2016",6
25,"Henderson, Lachie",15,11,6,21,0,0,0,4,4,3,0,3,0,2,0,5,16,2,0,5,2,0,94,120,"Geelong","2016",6
39,"Kersten, Shane",10,7,6,16,4,2,0,4,0,2,0,3,0,1,0,5,11,0,3,3,0,2,82,120,"Geelong","2016",6
8,"Kolodjashnij, Jake",6,6,5,11,0,0,0,1,0,0,0,2,0,0,0,1,10,0,0,5,0,0,88,120,"Geelong","2016",6
11,"Lang, Darcy",14,8,8,22,2,0,0,6,0,0,2,0,0,0,0,6,14,1,1,0,0,0,78,120,"Geelong","2016",6
13,"Lonergan, Tom",9,7,1,10,0,0,0,1,2,1,0,2,0,2,0,2,7,1,0,1,0,0,90,120,"Geelong","2016",6
6,"McCarthy, Lincoln",5,1,4,9,0,1,0,3,0,2,1,2,1,1,0,4,5,0,0,2,0,0,57,120,"Geelong","2016",6
10,"Menzel, Daniel",13,9,12,25,1,2,0,6,0,5,3,2,0,0,0,8,18,1,1,2,0,1,83,120,"Geelong","2016",6
32,"Motlop, Steven",19,6,7,26,3,1,0,1,1,7,0,2,0,2,0,3,23,0,2,0,3,1,83,120,"Geelong","2016",6
14,"Selwood, Joel",14,8,18,32,1,2,0,5,0,2,7,2,2,2,1,14,19,2,2,0,0,3,78,120,"Geelong","2016",6
9,"Smith, Zac",7,3,8,15,1,1,12,1,0,5,3,0,1,0,0,9,6,2,1,1,0,1,76,120,"Geelong","2016",6
7,"Taylor, Harry",11,7,3,14,0,0,0,1,2,1,0,1,1,1,0,3,11,1,0,9,1,0,96,120,"Geelong","2016",6
30,"Vardy, Nathan",2,2,4,6,1,0,11,5,0,0,0,1,0,1,0,3,4,1,1,1,0,0,70,120,"Geelong","2016",6
0,"Rushed",0,0,0,0,0,2,0,0,0,0,0,0,0,0,0,0,0,0,0,0,0,0,0,120,"Geelong","2016",6
9,"Ablett, Gary",13,3,13,26,0,0,0,5,2,3,8,2,2,2,0,15,10,0,0,0,0,0,89,-120,"Gold Coast","2016",6
27,"Cameron, Clay",4,4,4,8,1,0,0,3,0,1,0,1,0,1,0,2,6,1,1,3,0,0,91,-120,"Gold Coast","2016",6
15,"Currie, Daniel",3,5,6,9,0,0,34,4,2,0,1,3,0,1,0,6,4,2,0,3,0,0,85,-120,"Gold Coast","2016",6
39,"Davis, Ryan",7,2,3,10,0,0,0,2,0,2,0,4,1,0,0,6,6,0,0,1,1,0,71,-120,"Gold Coast","2016",6
12,"Day, Sam",4,3,5,9,0,0,0,3,2,0,0,2,0,1,0,4,6,0,0,3,0,0,94,-120,"Gold Coast","2016",6
2,"Grant, Jarrad",3,1,6,9,0,0,0,2,0,2,0,0,1,0,0,3,6,0,0,0,0,1,81,-120,"Gold Coast","2016",6
33,"Hall, Aaron",18,5,10,28,0,1,0,4,2,2,3,4,1,0,0,12,15,0,0,0,0,0,79,-120,"Gold Coast","2016",6
5,"Harbrow, Jarrod",7,3,8,15,1,0,0,2,1,2,1,3,1,1,0,5,10,0,0,0,0,0,85,-120,"Gold Coast","2016",6
28,"Kolodjashnij, Kade",11,3,8,19,0,0,0,0,4,1,0,3,2,0,0,5,13,1,0,3,0,0,87,-120,"Gold Coast","2016",6
23,"Lemmens, Sean",11,4,7,18,1,1,0,2,5,4,1,3,4,1,0,7,11,0,0,1,0,0,79,-120,"Gold Coast","2016",6
37,"Lonergan, Jesse",6,2,7,13,0,0,0,3,1,3,2,1,0,0,0,6,7,0,0,1,0,1,79,-120,"Gold Coast","2016",6
19,"Lynch, Tom",7,4,4,11,2,0,0,3,0,1,1,2,2,2,0,6,5,1,1,3,0,0,97,-120,"Gold Coast","2016",6
7,"Malceski, Nick",9,4,11,20,0,1,0,6,0,2,2,3,3,1,0,7,13,1,0,0,0,0,85,-120,"Gold Coast","2016",6
4,"Martin, Jack",3,1,6,9,0,0,0,3,0,0,0,1,0,1,0,5,7,0,0,0,1,0,78,-120,"Gold Coast","2016",6
18,"McKenzie, Trent",1,0,0,1,0,0,0,1,0,0,0,0,0,0,0,0,1,0,0,1,0,0,27,-120,"Gold Coast","2016",6
11,"Miller, Touk",4,1,4,8,0,0,0,3,1,2,0,3,0,1,0,2,6,0,0,0,0,1,73,-120,"Gold Coast","2016",6
10,"Prestia, Dion",11,3,13,24,0,0,0,9,3,2,2,3,1,0,0,11,11,0,0,0,0,0,79,-120,"Gold Coast","2016",6
3,"Rosa, Matt",7,3,14,21,0,1,2,2,2,0,0,5,1,1,0,6,16,0,1,0,0,0,88,-120,"Gold Coast","2016",6
20,"Schade, Henry",6,5,6,12,0,0,0,3,4,0,1,1,1,0,0,5,7,0,0,9,0,0,92,-120,"Gold Coast","2016",6
6,"Sexton, Alex",8,3,12,20,2,1,0,1,0,4,1,2,1,1,0,8,12,0,0,2,2,0,90,-120,"Gold Coast","2016",6
34,"Willis, Mackenzie",4,1,7,11,0,0,0,2,1,0,1,3,1,2,0,2,10,0,0,3,0,0,77,-120,"Gold Coast","2016",6
30,"Wright, Peter",3,2,2,5,0,0,3,0,0,2,0,2,0,0,0,3,3,0,0,9,0,0,92,-120,"Gold Coast","2016",6
0,"Rushed",0,0,0,0,0,1,0,0,0,0,0,0,0,0,0,0,0,0,0,0,0,0,0,-120,"Gold Coast","2016",6
