"Number","Player","Kicks","Marks","Handballs","Disposals","Goals","Behinds","Hitouts","Tackles","Rebounds50s","Inside50s","Clearances","Clangers","FreesFor","FreesAgainst","BrownlowVotes","ContestedPossessions","UncontestedPossessions","ContestedMarks","MarksInside50","OnePercenters","Bounces","GoalAssists","PercentagePlayed","PointDifference","Team","Season","Round"
14,"Aish, James",7,1,3,10,0,1,0,5,2,1,1,2,2,2,0,6,5,0,0,1,0,0,82,71,"Collingwood","2016",22
11,"Blair, Jarryd",7,3,6,13,0,0,0,2,0,3,2,1,0,0,0,4,10,0,0,0,0,2,85,71,"Collingwood","2016",22
16,"Brown, Nathan",12,9,5,17,0,0,0,1,4,0,0,2,2,1,0,6,11,0,0,14,0,0,94,71,"Collingwood","2016",22
25,"Crisp, Jack",7,6,16,23,2,0,2,3,0,1,2,2,0,0,0,10,13,1,3,0,0,0,83,71,"Collingwood","2016",22
39,"Crocker, Ben",6,3,4,10,1,1,0,0,0,2,0,1,2,0,0,6,4,2,3,0,0,2,80,71,"Collingwood","2016",22
2,"de Goey, Jordan",8,5,7,15,3,1,0,1,1,3,0,0,1,0,0,4,11,0,1,0,1,0,72,71,"Collingwood","2016",22
19,"Greenwood, Levi",13,4,8,21,2,1,0,2,0,7,0,0,2,0,0,4,17,0,1,0,1,0,78,71,"Collingwood","2016",22
4,"Grundy, Brodie",12,5,14,26,0,0,36,9,2,0,5,11,0,4,0,16,10,0,0,1,0,0,89,71,"Collingwood","2016",22
38,"Howe, Jeremy",21,18,8,29,0,0,0,0,6,0,0,4,2,3,1,8,21,5,0,9,0,0,96,71,"Collingwood","2016",22
17,"Marsh, Jonathon",9,6,3,12,0,0,0,3,3,1,0,1,0,0,0,2,11,0,0,7,0,1,88,71,"Collingwood","2016",22
37,"Maynard, Brayden",15,3,7,22,0,1,0,7,3,7,1,5,1,2,0,5,15,0,0,0,3,0,81,71,"Collingwood","2016",22
30,"Moore, Darcy",3,2,0,3,0,0,0,0,0,1,0,2,0,0,0,0,3,0,0,0,0,0,33,71,"Collingwood","2016",22
43,"Oxley, Adam",6,4,6,12,0,0,0,0,0,1,0,0,0,0,0,2,10,0,0,0,0,0,83,71,"Collingwood","2016",22
10,"Pendlebury, Scott",15,9,17,32,1,0,1,8,0,7,4,1,0,0,2,12,21,0,0,4,0,1,80,71,"Collingwood","2016",22
21,"Phillips, Tom",12,7,13,25,1,1,0,5,1,1,3,0,0,0,0,8,17,0,1,0,1,1,80,71,"Collingwood","2016",22
22,"Sidebottom, Steele",13,5,13,26,1,2,0,5,1,1,4,2,2,1,0,10,19,0,1,0,0,0,87,71,"Collingwood","2016",22
40,"Smith, Josh",19,9,16,35,1,1,0,2,5,5,1,3,0,0,0,10,25,0,0,3,0,0,91,71,"Collingwood","2016",22
7,"Treloar, Adam",18,3,20,38,1,4,0,6,4,7,4,2,0,1,3,11,26,0,1,0,2,1,84,71,"Collingwood","2016",22
18,"Varcoe, Travis",13,8,15,28,0,0,0,2,1,2,0,4,0,2,0,2,25,0,0,0,0,1,85,71,"Collingwood","2016",22
9,"White, Jesse",13,10,4,17,3,4,9,4,0,3,0,1,1,1,0,8,9,3,6,4,0,0,94,71,"Collingwood","2016",22
26,"Williams, Marley",8,1,13,21,0,0,0,2,2,3,1,2,1,1,0,3,18,0,0,3,1,2,75,71,"Collingwood","2016",22
33,"Wills, Rupert",8,4,10,18,0,0,0,10,1,5,3,1,2,1,0,6,14,0,0,1,0,2,79,71,"Collingwood","2016",22
0,"Rushed",0,0,0,0,0,5,0,0,0,0,0,0,0,0,0,0,0,0,0,0,0,0,0,71,"Collingwood","2016",22
13,"Ah Chee, Callum",3,3,9,12,0,1,0,0,0,1,1,1,0,0,0,9,3,1,0,1,0,0,76,-71,"Gold Coast","2016",22
31,"Brooksby, Keegan",9,3,7,16,0,0,15,7,1,4,7,1,2,1,0,10,6,0,0,1,0,0,89,-71,"Gold Coast","2016",22
39,"Davis, Ryan",9,2,5,14,2,1,0,7,0,6,3,2,3,1,0,8,7,0,0,0,0,0,74,-71,"Gold Coast","2016",22
12,"Day, Sam",8,3,4,12,0,0,0,3,1,1,0,3,1,1,0,5,7,0,1,4,0,0,89,-71,"Gold Coast","2016",22
29,"Fiorini, Brayden",7,4,10,17,0,0,0,1,0,2,3,1,0,0,0,5,13,0,1,1,0,0,69,-71,"Gold Coast","2016",22
41,"Garlett, Jarrod",3,1,4,7,0,0,0,2,1,0,0,1,1,0,0,4,3,0,0,0,0,0,72,-71,"Gold Coast","2016",22
2,"Grant, Jarrad",5,5,5,10,0,1,0,4,0,1,0,2,2,1,0,3,8,0,0,0,0,0,84,-71,"Gold Coast","2016",22
33,"Hall, Aaron",15,3,11,26,0,1,0,5,4,6,7,0,3,0,0,12,12,0,0,1,2,0,80,-71,"Gold Coast","2016",22
5,"Harbrow, Jarrod",12,4,6,18,0,0,0,0,5,2,1,0,1,0,0,5,10,1,0,2,2,0,93,-71,"Gold Coast","2016",22
28,"Kolodjashnij, Kade",5,0,6,11,0,0,0,1,4,1,0,3,0,1,0,1,9,0,0,3,0,0,88,-71,"Gold Coast","2016",22
23,"Lemmens, Sean",3,0,1,4,0,0,0,2,0,2,0,2,0,1,0,1,3,0,0,0,0,0,21,-71,"Gold Coast","2016",22
19,"Lynch, Tom",10,4,5,15,2,3,0,4,0,2,0,2,2,2,0,11,3,2,2,1,0,1,96,-71,"Gold Coast","2016",22
4,"Martin, Jack",9,5,9,18,1,0,0,3,2,1,0,1,0,1,0,5,11,1,0,4,2,0,88,-71,"Gold Coast","2016",22
32,"Matera, Brandon",6,3,8,14,0,1,0,0,1,2,0,2,0,0,0,4,10,0,1,0,0,0,81,-71,"Gold Coast","2016",22
17,"May, Steven",9,5,10,19,0,0,0,1,5,1,0,1,0,0,0,2,15,1,0,8,0,0,86,-71,"Gold Coast","2016",22
11,"Miller, Touk",15,3,17,32,0,1,0,4,1,4,8,2,0,0,0,14,16,0,0,2,0,0,84,-71,"Gold Coast","2016",22
3,"Rosa, Matt",8,4,8,16,0,0,2,3,2,4,1,4,1,3,0,4,13,0,0,1,0,0,91,-71,"Gold Coast","2016",22
42,"Saad, Adam",9,2,7,16,0,0,0,3,3,0,0,2,1,1,0,5,12,1,0,3,4,0,85,-71,"Gold Coast","2016",22
6,"Sexton, Alex",8,1,2,10,0,0,0,5,1,2,4,3,0,2,0,5,5,0,0,1,0,0,87,-71,"Gold Coast","2016",22
26,"Shaw, Matt",6,5,9,15,0,0,0,2,2,0,0,2,0,0,0,0,15,0,0,5,0,0,91,-71,"Gold Coast","2016",22
16,"Thompson, Rory",6,7,5,11,0,2,0,0,4,0,0,2,0,2,0,4,8,2,2,3,0,0,92,-71,"Gold Coast","2016",22
30,"Wright, Peter",3,2,6,9,1,0,1,3,0,1,0,2,2,1,0,7,2,2,1,0,0,0,82,-71,"Gold Coast","2016",22
0,"Totals",168,69,154,322,6,11,18,60,37,43,35,39,19,18,0,124,191,11,8,41,10,1,0,-71,"Gold Coast","2016",22
