"Number","Player","Kicks","Marks","Handballs","Disposals","Goals","Behinds","Hitouts","Tackles","Rebounds50s","Inside50s","Clearances","Clangers","FreesFor","FreesAgainst","BrownlowVotes","ContestedPossessions","UncontestedPossessions","ContestedMarks","MarksInside50","OnePercenters","Bounces","GoalAssists","PercentagePlayed","PointDifference","Team","Season","Round"
21,"Atkins, Rory",12,3,13,25,0,0,0,3,0,8,2,4,1,3,0,6,21,1,0,0,1,3,85,138,"Adelaide","2016",20
18,"Betts, Eddie",8,2,2,10,4,1,0,2,0,1,2,2,3,1,0,6,4,1,2,0,1,1,88,138,"Adelaide","2016",20
16,"Brown, Luke",11,5,7,18,1,0,0,1,2,1,0,3,0,0,0,4,14,0,1,1,0,0,91,138,"Adelaide","2016",20
23,"Cameron, Charlie",9,3,6,15,1,0,0,2,0,5,2,3,2,2,0,9,7,0,0,0,3,4,91,138,"Adelaide","2016",20
25,"Cheney, Kyle",10,7,8,18,0,0,0,2,2,1,0,3,0,1,0,7,11,2,0,3,0,0,92,138,"Adelaide","2016",20
2,"Crouch, Brad",12,2,22,34,1,0,0,6,2,4,9,4,3,1,2,16,16,0,0,0,1,0,74,138,"Adelaide","2016",20
44,"Crouch, Matt",18,6,14,32,1,0,0,1,2,6,1,4,1,2,0,6,27,0,1,0,0,2,78,138,"Adelaide","2016",20
26,"Douglas, Richard",7,2,7,14,0,0,0,4,0,1,1,1,0,1,0,6,8,0,0,2,0,2,86,138,"Adelaide","2016",20
28,"Ellis-Yolmen, Cam",10,4,8,18,2,3,0,5,0,1,3,1,0,1,0,8,9,1,4,0,0,1,76,138,"Adelaide","2016",20
15,"Hartigan, Kyle",11,8,10,21,0,0,0,1,4,1,0,0,0,0,0,3,17,0,0,7,0,0,90,138,"Adelaide","2016",20
4,"Jenkins, Josh",14,10,7,21,3,2,9,2,0,5,0,2,1,0,0,4,17,1,4,3,0,0,88,138,"Adelaide","2016",20
29,"Laird, Rory",11,9,25,36,0,0,0,0,0,1,1,3,0,0,0,5,32,0,0,2,1,0,88,138,"Adelaide","2016",20
6,"Lever, Jake",10,5,7,17,0,0,0,2,2,2,0,2,1,1,0,10,7,2,0,5,0,0,88,138,"Adelaide","2016",20
27,"Lynch, Tom",17,15,3,20,4,0,0,4,0,6,0,1,0,1,0,1,19,1,3,0,0,3,92,138,"Adelaide","2016",20
31,"Lyons, Jarryd",16,3,13,29,1,2,0,2,2,1,6,0,3,0,0,15,15,0,0,1,0,1,77,138,"Adelaide","2016",20
14,"Mackay, David",6,4,16,22,0,0,0,3,0,6,1,1,1,0,0,6,16,0,0,1,4,0,81,138,"Adelaide","2016",20
43,"OBrien, Reilly",5,3,11,16,1,1,29,2,0,1,4,4,0,2,0,9,8,2,1,3,0,0,78,138,"Adelaide","2016",20
11,"Seedsman, Paul",3,0,0,3,1,0,0,1,0,1,0,1,0,0,0,0,3,0,0,1,0,0,14,138,"Adelaide","2016",20
9,"Sloane, Rory",16,5,18,34,2,0,1,2,1,8,2,3,0,1,3,11,24,0,0,0,1,2,74,138,"Adelaide","2016",20
33,"Smith, Brodie",19,7,6,25,1,1,0,8,3,4,1,6,1,1,0,4,20,0,1,1,6,0,85,138,"Adelaide","2016",20
12,"Talia, Daniel",12,13,15,27,0,0,0,3,3,2,0,4,1,2,1,11,16,5,0,12,0,1,93,138,"Adelaide","2016",20
13,"Walker, Taylor",17,12,5,22,4,1,0,1,0,7,0,5,3,1,0,8,14,2,2,1,0,1,93,138,"Adelaide","2016",20
0,"Rushed",0,0,0,0,0,4,0,0,0,0,0,0,0,0,0,0,0,0,0,0,0,0,0,138,"Adelaide","2016",20
31,"Andrews, Harris",9,6,5,14,0,0,0,3,5,0,1,2,1,1,0,10,3,3,0,12,0,0,95,-138,"Brisbane Lions","2016",20
4,"Bastinac, Ryan",14,3,13,27,0,0,0,12,2,2,7,3,0,0,0,12,16,0,0,1,0,0,83,-138,"Brisbane Lions","2016",20
24,"Dawson, Liam",7,1,0,7,0,0,0,2,2,1,1,2,1,0,0,2,5,0,0,0,0,0,81,-138,"Brisbane Lions","2016",20
27,"Gardiner, Darcy",8,2,3,11,0,0,0,1,4,1,2,7,1,4,0,6,5,1,0,5,0,0,88,-138,"Brisbane Lions","2016",20
6,"Green, Josh",7,1,3,10,0,0,0,2,0,1,1,2,0,1,0,6,5,0,0,0,0,0,83,-138,"Brisbane Lions","2016",20
40,"Hammelmann, Matthew",6,2,1,7,0,0,0,3,0,1,0,1,1,0,0,2,5,0,0,8,0,0,93,-138,"Brisbane Lions","2016",20
11,"Hanley, Pearce",7,0,7,14,0,0,3,6,2,4,2,3,1,2,0,6,8,0,0,1,0,1,77,-138,"Brisbane Lions","2016",20
30,"Hipwood, Eric",6,2,6,12,0,1,0,0,0,2,0,3,4,0,0,9,3,2,0,1,1,0,86,-138,"Brisbane Lions","2016",20
1,"Keays, Ben",5,2,13,18,0,0,0,5,3,0,1,0,1,0,0,11,8,2,0,1,0,0,81,-138,"Brisbane Lions","2016",20
35,"Lester, Ryan",6,3,1,7,0,0,0,5,0,1,4,2,1,1,0,5,2,1,0,0,0,0,80,-138,"Brisbane Lions","2016",20
36,"Mathieson, Rhys",7,1,13,20,2,0,0,2,1,1,2,3,3,2,0,14,6,0,0,0,0,0,76,-138,"Brisbane Lions","2016",20
32,"Mayes, Sam",9,2,2,11,0,0,0,1,3,2,1,1,0,0,0,2,7,0,0,4,0,0,81,-138,"Brisbane Lions","2016",20
21,"Merrett, Daniel",3,3,5,8,0,0,0,0,1,0,0,5,1,4,0,7,3,0,0,9,0,0,89,-138,"Brisbane Lions","2016",20
10,"Rich, Daniel",12,1,7,19,1,0,0,3,6,3,0,6,1,1,0,3,14,0,1,4,0,0,78,-138,"Brisbane Lions","2016",20
18,"Robertson, Nick",2,1,1,3,0,0,0,0,0,2,0,1,0,1,0,1,2,0,0,0,0,0,76,-138,"Brisbane Lions","2016",20
5,"Robinson, Mitch",9,2,10,19,1,1,1,2,0,4,6,6,2,3,0,12,8,0,1,2,0,0,81,-138,"Brisbane Lions","2016",20
38,"Rockliff, Tom",16,2,15,31,1,0,0,9,2,1,3,3,1,0,0,9,20,0,0,2,0,1,72,-138,"Brisbane Lions","2016",20
23,"Schache, Josh",0,0,3,3,0,0,0,1,0,0,0,1,0,0,0,1,2,0,0,1,0,0,76,-138,"Brisbane Lions","2016",20
44,"Smith, Archie",6,1,9,15,0,0,32,3,3,0,3,1,1,0,0,9,5,1,0,4,0,0,83,-138,"Brisbane Lions","2016",20
28,"Taylor, Lewis",3,1,7,10,1,0,0,2,0,1,1,1,0,0,0,3,7,0,1,0,1,0,80,-138,"Brisbane Lions","2016",20
14,"Walker, Josh",2,1,2,4,0,1,8,1,0,0,0,1,0,0,0,0,4,0,0,0,0,0,81,-138,"Brisbane Lions","2016",20
15,"Zorko, Dayne",5,1,9,14,0,0,0,12,1,2,4,3,1,1,0,11,5,0,0,0,0,0,80,-138,"Brisbane Lions","2016",20
0,"Totals",149,38,135,284,6,3,44,75,35,29,39,57,21,21,0,141,143,10,3,55,2,2,0,-138,"Brisbane Lions","2016",20
