"Number","Player","Kicks","Marks","Handballs","Disposals","Goals","Behinds","Hitouts","Tackles","Rebounds50s","Inside50s","Clearances","Clangers","FreesFor","FreesAgainst","BrownlowVotes","ContestedPossessions","UncontestedPossessions","ContestedMarks","MarksInside50","OnePercenters","Bounces","GoalAssists","PercentagePlayed","PointDifference","Team","Season","Round"
3,"Anderson, Jed",9,1,4,13,1,1,0,4,1,3,0,3,1,0,0,3,9,0,0,0,0,0,76,-28,"North Melbourne","2016",17
18,"Atley, Shaun",12,3,7,19,0,0,0,0,1,4,1,2,1,1,0,4,15,0,0,2,2,0,83,-28,"North Melbourne","2016",17
50,"Brown, Ben",11,10,5,16,3,1,3,2,1,2,0,1,0,0,0,6,10,2,7,2,0,1,94,-28,"North Melbourne","2016",17
13,"Clarke, Ryan",7,1,15,22,0,2,0,3,1,3,1,4,2,2,0,9,14,0,0,1,1,1,69,-28,"North Melbourne","2016",17
10,"Cunnington, Ben",5,2,15,20,0,0,0,2,0,2,4,1,0,0,0,12,8,1,0,1,0,1,57,-28,"North Melbourne","2016",17
15,"Dal Santo, Nick",7,0,21,28,0,0,0,3,1,2,0,1,0,0,0,7,20,0,0,1,0,1,89,-28,"North Melbourne","2016",17
11,"Firrito, Michael",8,7,5,13,0,0,0,2,3,1,0,5,0,2,0,5,10,1,0,4,1,0,91,-28,"North Melbourne","2016",17
43,"Gibson, Sam",8,4,11,19,0,1,0,1,2,2,0,1,1,1,0,3,16,1,2,0,0,0,83,-28,"North Melbourne","2016",17
22,"Goldstein, Todd",2,2,10,12,0,0,30,4,0,0,5,0,3,0,0,7,5,0,0,5,0,0,86,-28,"North Melbourne","2016",17
29,"Harvey, Brent",14,3,15,29,2,0,0,1,1,4,1,0,2,0,0,9,19,1,0,1,1,1,91,-28,"North Melbourne","2016",17
34,"Macmillan, Jamie",5,2,13,18,1,0,0,1,1,1,1,4,1,2,0,7,12,0,0,4,3,0,91,-28,"North Melbourne","2016",17
2,"McKenzie, Brad",13,2,4,17,0,0,0,1,5,4,1,1,0,0,0,1,14,0,0,0,0,1,74,-28,"North Melbourne","2016",17
17,"Mullett, Aaron",10,1,3,13,0,0,0,0,4,2,1,1,1,0,0,5,8,0,0,0,1,0,76,-28,"North Melbourne","2016",17
20,"Petrie, Drew",7,5,4,11,0,2,2,2,0,3,0,1,2,1,0,7,6,1,2,0,0,1,92,-28,"North Melbourne","2016",17
9,"Swallow, Andrew",5,1,19,24,0,1,0,4,0,3,8,4,0,2,0,17,7,0,0,2,1,0,74,-28,"North Melbourne","2016",17
25,"Tarrant, Robbie",11,6,6,17,0,0,0,4,3,1,0,3,2,2,0,8,9,0,0,8,0,0,94,-28,"North Melbourne","2016",17
12,"Thomas, Lindsay",9,5,5,14,3,3,0,2,0,2,1,1,3,0,0,8,7,0,3,2,0,0,83,-28,"North Melbourne","2016",17
16,"Thompson, Scott",3,2,5,8,0,0,0,3,1,0,0,0,1,0,0,3,6,0,0,2,1,0,90,-28,"North Melbourne","2016",17
41,"Wagner, Corey",3,2,2,5,0,0,0,3,0,0,0,0,0,0,0,2,3,0,1,1,0,0,63,-28,"North Melbourne","2016",17
30,"Waite, Jarrad",8,3,3,11,0,2,0,4,0,3,0,3,3,1,0,8,3,0,1,0,0,0,91,-28,"North Melbourne","2016",17
8,"Wells, Daniel",7,4,15,22,0,1,0,1,0,2,3,2,0,1,0,7,16,0,1,1,0,0,77,-28,"North Melbourne","2016",17
7,"Ziebell, Jack",13,4,10,23,0,0,0,2,1,4,1,7,0,4,0,10,15,1,0,2,0,0,76,-28,"North Melbourne","2016",17
0,"Rushed",0,0,0,0,0,3,0,0,0,0,0,0,0,0,0,0,0,0,0,0,0,0,0,-28,"North Melbourne","2016",17
41,"Ah Chee, Brendon",6,4,13,19,1,0,2,2,0,1,4,1,1,1,0,8,11,0,0,3,0,0,68,28,"Port Adelaide","2016",17
15,"Amon, Karl",9,3,7,16,0,0,0,2,3,3,3,2,0,0,0,9,7,1,0,0,1,1,75,28,"Port Adelaide","2016",17
25,"Austin, Logan",3,0,2,5,0,0,0,2,1,0,1,2,0,2,0,2,4,0,0,7,0,0,91,28,"Port Adelaide","2016",17
1,"Boak, Travis",8,4,24,32,1,0,0,7,0,5,3,2,1,0,2,9,23,0,0,0,0,1,85,28,"Port Adelaide","2016",17
5,"Broadbent, Matthew",11,3,4,15,0,0,0,1,4,2,0,1,0,0,0,4,10,0,0,2,2,0,84,28,"Port Adelaide","2016",17
33,"Byrne-Jones, Darcy",10,3,3,13,0,0,0,2,3,0,1,2,1,0,0,5,8,0,0,3,0,0,87,28,"Port Adelaide","2016",17
17,"Clurey, Tom",7,6,3,10,0,0,0,1,3,0,0,1,0,0,0,1,9,0,0,12,0,0,97,28,"Port Adelaide","2016",17
22,"Dixon, Charlie",4,2,1,5,0,0,0,2,0,2,0,3,1,2,0,3,2,1,1,2,1,0,71,28,"Port Adelaide","2016",17
9,"Gray, Robbie",14,6,21,35,2,1,0,2,1,5,5,6,2,1,3,11,25,0,3,0,0,1,86,28,"Port Adelaide","2016",17
46,"Gray, Sam",5,3,9,14,1,0,0,5,2,1,1,1,1,0,0,7,8,1,1,1,0,0,64,28,"Port Adelaide","2016",17
8,"Hartlett, Hamish",13,6,8,21,0,0,0,3,1,5,0,4,0,4,0,6,16,1,0,4,1,0,77,28,"Port Adelaide","2016",17
24,"Impey, Jarman",5,2,7,12,0,1,0,2,2,1,2,3,1,0,0,4,8,0,1,1,2,1,79,28,"Port Adelaide","2016",17
2,"Mitchell, Kane",7,2,9,16,0,0,0,5,1,1,2,0,1,0,0,5,11,0,0,1,0,0,90,28,"Port Adelaide","2016",17
3,"Neade, Jake",3,0,4,7,1,0,0,4,0,1,0,0,0,0,0,4,4,0,0,1,1,1,69,28,"Port Adelaide","2016",17
29,"Pittard, Jasper",13,4,7,20,0,0,0,1,5,1,0,4,0,1,0,3,12,1,0,4,2,0,85,28,"Port Adelaide","2016",17
28,"Schulz, Jay",7,5,3,10,3,1,0,3,0,1,0,3,2,2,0,6,4,2,1,2,0,0,80,28,"Port Adelaide","2016",17
14,"Stewart, Paul",7,3,5,12,0,0,0,2,3,0,0,5,1,2,0,5,7,1,0,4,0,0,85,28,"Port Adelaide","2016",17
12,"Trengove, Jackson",7,4,15,22,0,0,15,6,0,2,7,6,1,5,0,11,11,0,0,1,0,1,89,28,"Port Adelaide","2016",17
39,"Westhoff, Justin",12,5,8,20,3,1,3,2,1,4,0,0,0,0,0,6,13,1,2,2,0,1,89,28,"Port Adelaide","2016",17
16,"Wines, Ollie",13,5,10,23,0,0,4,6,1,5,4,3,2,1,0,7,17,0,0,1,0,3,69,28,"Port Adelaide","2016",17
20,"Wingard, Chad",13,6,7,20,2,2,0,3,0,4,2,4,0,1,0,7,15,0,5,2,2,0,92,28,"Port Adelaide","2016",17
40,"Young, Aaron",11,6,10,21,2,2,0,3,0,1,3,1,4,1,1,10,10,1,2,0,1,2,88,28,"Port Adelaide","2016",17
0,"Rushed",0,0,0,0,0,1,0,0,0,0,0,0,0,0,0,0,0,0,0,0,0,0,0,28,"Port Adelaide","2016",17
