"Number","Player","Kicks","Marks","Handballs","Disposals","Goals","Behinds","Hitouts","Tackles","Rebounds50s","Inside50s","Clearances","Clangers","FreesFor","FreesAgainst","BrownlowVotes","ContestedPossessions","UncontestedPossessions","ContestedMarks","MarksInside50","OnePercenters","Bounces","GoalAssists","PercentagePlayed","PointDifference","Team","Season","Round"
15,"Amon, Karl",12,3,4,16,1,0,0,2,2,2,2,2,0,0,0,6,10,0,0,1,0,0,64,38,"Port Adelaide","2016",15
25,"Austin, Logan",3,0,2,5,0,0,0,1,1,3,0,0,0,0,0,2,2,0,0,12,0,0,90,38,"Port Adelaide","2016",15
1,"Boak, Travis",17,3,9,26,2,0,0,11,3,5,4,4,4,2,3,13,11,1,0,1,0,1,86,38,"Port Adelaide","2016",15
5,"Broadbent, Matthew",9,4,5,14,2,0,0,6,1,2,4,0,1,0,0,7,7,0,1,6,0,0,66,38,"Port Adelaide","2016",15
33,"Byrne-Jones, Darcy",13,1,2,15,0,0,0,2,2,2,0,2,2,1,0,8,7,0,0,3,0,1,82,38,"Port Adelaide","2016",15
17,"Clurey, Tom",9,2,3,12,0,0,0,0,4,0,0,4,0,2,0,5,6,0,0,6,1,0,92,38,"Port Adelaide","2016",15
22,"Dixon, Charlie",5,3,5,10,1,1,2,4,1,0,1,3,0,0,0,8,2,2,2,3,0,0,87,38,"Port Adelaide","2016",15
7,"Ebert, Brad",10,0,7,17,0,0,0,8,0,2,8,5,2,0,0,13,3,0,0,2,0,0,84,38,"Port Adelaide","2016",15
9,"Gray, Robbie",16,2,8,24,1,0,0,8,2,7,5,2,2,1,0,10,13,0,1,3,1,0,72,38,"Port Adelaide","2016",15
8,"Hartlett, Hamish",9,3,5,14,0,0,0,6,2,3,0,1,0,0,0,5,7,0,0,5,0,0,85,38,"Port Adelaide","2016",15
24,"Impey, Jarman",8,2,5,13,1,1,0,2,0,4,0,6,1,2,0,6,7,0,0,0,0,0,66,38,"Port Adelaide","2016",15
48,"Krakouer, Nathan",13,3,2,15,0,0,0,1,4,1,1,3,0,0,0,7,11,0,0,3,0,0,71,38,"Port Adelaide","2016",15
2,"Mitchell, Kane",17,4,7,24,1,1,0,8,0,2,3,4,0,1,0,8,14,0,0,0,2,0,86,38,"Port Adelaide","2016",15
3,"Neade, Jake",1,0,8,9,0,0,0,4,1,2,1,0,2,0,0,6,3,0,0,0,0,2,78,38,"Port Adelaide","2016",15
13,"OShea, Cameron",10,2,5,15,0,0,0,3,4,1,1,5,1,2,0,4,9,0,0,18,0,0,93,38,"Port Adelaide","2016",15
29,"Pittard, Jasper",10,2,3,13,0,0,0,4,4,3,2,2,0,0,0,8,5,0,0,7,0,0,88,38,"Port Adelaide","2016",15
28,"Schulz, Jay",4,1,3,7,0,0,0,5,0,2,0,2,1,1,0,2,6,0,0,2,0,1,85,38,"Port Adelaide","2016",15
12,"Trengove, Jackson",15,4,5,20,1,0,13,3,1,4,8,6,3,2,0,16,4,2,1,0,0,0,81,38,"Port Adelaide","2016",15
39,"Westhoff, Justin",14,6,5,19,1,1,8,7,2,4,1,6,3,2,0,11,6,2,1,7,0,0,98,38,"Port Adelaide","2016",15
16,"Wines, Ollie",16,2,11,27,0,0,2,9,0,10,10,3,2,0,1,17,8,0,0,2,0,0,67,38,"Port Adelaide","2016",15
20,"Wingard, Chad",14,4,4,18,2,2,0,2,0,6,1,1,0,0,0,7,11,0,0,4,2,0,97,38,"Port Adelaide","2016",15
40,"Young, Aaron",8,5,6,14,1,1,0,10,4,3,0,3,1,2,0,7,7,1,0,0,0,0,82,38,"Port Adelaide","2016",15
0,"Rushed",0,0,0,0,0,3,0,0,0,0,0,0,0,0,0,0,0,0,0,0,0,0,0,38,"Port Adelaide","2016",15
12,"Astbury, David",15,4,8,23,0,0,0,3,4,3,0,1,3,0,0,9,14,1,0,3,0,0,91,-38,"Richmond","2016",15
35,"Broad, Nathan",7,3,5,12,0,0,0,1,1,0,0,2,0,2,0,6,8,0,0,5,0,0,76,-38,"Richmond","2016",15
30,"Conca, Reece",15,6,7,22,0,0,0,3,4,4,0,5,1,0,0,3,16,0,0,4,0,0,78,-38,"Richmond","2016",15
9,"Cotchin, Trent",8,0,6,14,0,0,0,7,1,1,2,4,2,1,0,11,5,0,0,2,0,0,83,-38,"Richmond","2016",15
3,"Deledio, Brett",17,5,13,30,0,0,0,1,2,1,2,4,1,2,0,13,14,0,0,2,0,0,91,-38,"Richmond","2016",15
10,"Edwards, Shane",9,2,8,17,0,1,0,1,3,3,6,1,0,1,0,10,7,0,0,0,1,1,83,-38,"Richmond","2016",15
5,"Ellis, Brandon",21,10,13,34,0,0,1,1,6,5,5,1,0,0,2,12,21,2,0,0,1,1,89,-38,"Richmond","2016",15
24,"Griffiths, Ben",2,0,3,5,0,0,12,8,0,1,0,7,0,4,0,4,0,0,0,1,0,0,70,-38,"Richmond","2016",15
6,"Grigg, Shaun",9,3,9,18,0,0,0,6,0,5,2,5,0,1,0,7,14,0,0,2,0,3,83,-38,"Richmond","2016",15
2,"Grimes, Dylan",5,4,6,11,0,0,0,3,2,2,0,1,1,0,0,5,6,1,0,5,0,0,88,-38,"Richmond","2016",15
28,"Hunt, Taylor",7,4,8,15,0,0,0,1,4,1,3,2,1,1,0,6,12,0,0,3,0,0,82,-38,"Richmond","2016",15
23,"Lambert, Kane",4,3,6,10,0,0,0,5,1,2,1,1,0,0,0,6,3,1,0,0,0,0,80,-38,"Richmond","2016",15
27,"Lloyd, Sam",10,6,7,17,2,1,0,1,2,2,0,2,2,1,0,7,10,0,1,1,0,1,73,-38,"Richmond","2016",15
20,"Maric, Ivan",1,0,1,2,0,0,39,3,2,0,0,4,1,2,0,3,1,0,0,5,0,0,73,-38,"Richmond","2016",15
4,"Martin, Dustin",20,4,12,32,0,0,0,2,3,4,6,7,1,2,0,13,16,1,0,2,0,0,83,-38,"Richmond","2016",15
37,"Menadue, Connor",8,4,5,13,0,0,0,2,2,1,0,3,0,2,0,5,10,1,0,0,0,1,66,-38,"Richmond","2016",15
26,"Miles, Anthony",17,3,11,28,0,0,0,8,5,2,6,2,0,0,0,14,14,0,0,1,0,0,76,-38,"Richmond","2016",15
18,"Rance, Alex",10,7,6,16,0,0,0,3,2,1,0,1,2,0,0,7,9,1,0,14,0,0,96,-38,"Richmond","2016",15
8,"Riewoldt, Jack",12,7,2,14,4,1,0,2,0,4,0,3,2,1,0,8,6,2,3,0,0,1,99,-38,"Richmond","2016",15
45,"Short, Jayden",15,4,0,15,1,0,0,2,2,6,0,3,0,2,0,2,13,0,1,1,0,0,79,-38,"Richmond","2016",15
29,"Vickery, Ty",5,3,1,6,1,1,0,2,0,1,0,4,0,2,0,4,3,3,2,1,0,0,79,-38,"Richmond","2016",15
1,"Vlastuin, Nick",10,5,6,16,0,0,0,0,3,2,0,1,1,1,0,4,11,0,0,7,0,0,82,-38,"Richmond","2016",15
0,"Rushed",0,0,0,0,0,4,0,0,0,0,0,0,0,0,0,0,0,0,0,0,0,0,0,-38,"Richmond","2016",15
