"Number","Player","Kicks","Marks","Handballs","Disposals","Goals","Behinds","Hitouts","Tackles","Rebounds50s","Inside50s","Clearances","Clangers","FreesFor","FreesAgainst","BrownlowVotes","ContestedPossessions","UncontestedPossessions","ContestedMarks","MarksInside50","OnePercenters","Bounces","GoalAssists","PercentagePlayed","PointDifference","Team","Season","Round"
31,"Andrews, Harris",13,9,6,19,0,0,1,2,4,1,0,2,2,2,0,7,11,1,0,7,0,0,94,-60,"Brisbane Lions","2016",22
4,"Bastinac, Ryan",6,2,16,22,0,0,0,3,1,3,5,2,1,0,0,10,13,0,0,1,0,0,83,-60,"Brisbane Lions","2016",22
7,"Bell, Tom",8,6,4,12,2,1,0,0,0,3,0,3,0,2,0,4,9,1,2,0,0,1,79,-60,"Brisbane Lions","2016",22
19,"Clayton, Josh",3,1,3,6,0,1,0,2,0,1,0,0,1,0,0,2,4,1,1,3,1,1,71,-60,"Brisbane Lions","2016",22
26,"Cutler, Tom",17,5,7,24,1,0,0,2,5,5,0,2,2,1,0,3,19,0,0,0,0,1,85,-60,"Brisbane Lions","2016",22
27,"Gardiner, Darcy",6,1,7,13,0,0,0,3,2,0,0,1,1,0,0,4,9,0,0,6,0,0,84,-60,"Brisbane Lions","2016",22
40,"Hammelmann, Matthew",3,3,7,10,0,0,0,1,1,0,0,1,0,0,0,3,7,0,0,5,0,0,79,-60,"Brisbane Lions","2016",22
11,"Hanley, Pearce",10,5,9,19,0,1,0,1,0,1,1,1,1,1,0,2,16,0,0,0,4,1,76,-60,"Brisbane Lions","2016",22
30,"Hipwood, Eric",6,2,4,10,0,2,0,1,0,2,0,2,1,0,0,5,4,0,1,4,0,1,91,-60,"Brisbane Lions","2016",22
1,"Keays, Ben",4,3,7,11,0,0,0,4,0,0,2,0,0,0,0,3,8,0,0,0,0,0,75,-60,"Brisbane Lions","2016",22
35,"Lester, Ryan",3,2,6,9,0,0,0,2,1,2,0,1,0,0,0,3,6,0,0,2,0,0,83,-60,"Brisbane Lions","2016",22
12,"Martin, Stefan",8,6,10,18,0,0,33,4,1,1,6,4,1,2,0,9,9,0,0,2,0,0,82,-60,"Brisbane Lions","2016",22
36,"Mathieson, Rhys",11,4,8,19,1,0,1,4,1,1,9,4,3,2,0,11,8,0,0,1,0,1,72,-60,"Brisbane Lions","2016",22
32,"Mayes, Sam",9,5,9,18,0,0,0,1,3,0,1,0,0,0,0,4,15,1,0,1,0,0,79,-60,"Brisbane Lions","2016",22
21,"Merrett, Daniel",11,7,5,16,0,0,0,5,8,1,0,3,1,0,0,2,11,1,0,7,0,0,96,-60,"Brisbane Lions","2016",22
39,"Paine, Jackson",1,3,4,5,0,0,0,2,2,0,0,2,0,2,0,1,4,0,0,6,1,0,77,-60,"Brisbane Lions","2016",22
10,"Rich, Daniel",13,3,11,24,2,0,0,7,3,5,7,5,3,2,0,13,12,0,0,2,0,0,80,-60,"Brisbane Lions","2016",22
5,"Robinson, Mitch",12,4,10,22,1,0,0,7,0,4,5,4,1,2,0,14,9,1,1,1,0,0,83,-60,"Brisbane Lions","2016",22
38,"Rockliff, Tom",20,7,7,27,1,1,0,5,6,6,3,3,1,0,0,8,20,1,1,1,0,0,85,-60,"Brisbane Lions","2016",22
28,"Taylor, Lewis",9,6,6,15,1,0,0,3,1,1,1,0,0,0,0,1,14,0,2,0,1,0,81,-60,"Brisbane Lions","2016",22
14,"Walker, Josh",6,2,3,9,1,0,8,2,0,2,1,1,1,1,0,2,6,0,0,0,0,0,82,-60,"Brisbane Lions","2016",22
15,"Zorko, Dayne",10,6,6,16,0,2,0,1,1,1,2,2,2,1,0,5,11,0,0,0,2,0,82,-60,"Brisbane Lions","2016",22
0,"Rushed",0,0,0,0,0,1,0,0,0,0,0,0,0,0,0,0,0,0,0,0,0,0,0,-60,"Brisbane Lions","2016",22
46,"Blicavs, Mark",7,3,10,17,1,0,6,3,1,1,3,2,2,1,0,7,10,0,0,3,0,0,87,60,"Geelong","2016",22
18,"Cowan, Josh",11,5,7,18,1,0,0,4,1,3,2,1,0,1,0,5,15,0,0,0,0,2,77,60,"Geelong","2016",22
35,"Dangerfield, Patrick",14,4,14,28,2,4,0,5,0,6,6,5,3,3,2,18,12,0,2,0,3,1,86,60,"Geelong","2016",22
22,"Duncan, Mitch",12,8,13,25,1,0,0,5,0,6,3,1,2,0,0,7,19,0,1,3,0,1,87,60,"Geelong","2016",22
44,"Enright, Corey",17,8,7,24,1,0,0,2,3,2,1,5,2,3,0,7,18,0,1,3,0,1,86,60,"Geelong","2016",22
29,"Guthrie, Cameron",10,4,11,21,1,0,0,5,1,1,2,2,0,1,0,4,17,0,0,1,0,0,87,60,"Geelong","2016",22
26,"Hawkins, Tom",10,5,3,13,2,2,0,3,0,1,0,3,1,1,0,6,6,2,3,0,0,1,85,60,"Geelong","2016",22
25,"Henderson, Lachie",7,5,4,11,2,1,0,4,1,3,0,1,0,0,0,2,8,0,2,2,0,1,82,60,"Geelong","2016",22
39,"Kersten, Shane",8,5,4,12,1,0,0,2,0,2,0,3,0,2,0,2,10,0,0,1,1,3,81,60,"Geelong","2016",22
8,"Kolodjashnij, Jake",7,4,9,16,0,0,0,0,3,0,0,1,1,0,0,7,9,1,0,1,0,0,90,60,"Geelong","2016",22
11,"Lang, Darcy",12,4,6,18,0,1,0,3,1,3,2,4,0,2,0,6,14,0,0,0,0,0,88,60,"Geelong","2016",22
13,"Lonergan, Tom",9,4,4,13,0,0,0,0,1,2,0,1,0,0,0,0,12,0,1,1,1,0,84,60,"Geelong","2016",22
4,"Mackie, Andrew",11,4,10,21,0,0,0,3,5,1,0,0,0,0,0,3,17,0,0,1,0,0,86,60,"Geelong","2016",22
6,"McCarthy, Lincoln",7,6,2,9,2,0,0,2,0,2,0,2,0,1,0,3,7,1,4,0,1,1,81,60,"Geelong","2016",22
27,"Menegola, Sam",12,6,21,33,0,0,0,4,1,8,8,1,0,1,1,15,18,0,0,1,0,0,71,60,"Geelong","2016",22
32,"Motlop, Steven",17,6,6,23,5,0,0,3,1,4,4,3,0,1,3,6,16,0,2,1,2,0,82,60,"Geelong","2016",22
36,"Ruggles, Tom",10,4,5,15,0,0,0,0,2,0,1,1,0,1,0,3,11,0,0,1,0,0,82,60,"Geelong","2016",22
14,"Selwood, Joel",9,3,14,23,0,1,1,9,1,5,3,1,3,1,0,11,14,0,1,1,0,1,83,60,"Geelong","2016",22
16,"Selwood, Scott",11,6,11,22,0,0,0,3,1,3,3,3,3,1,0,9,15,0,1,4,0,0,81,60,"Geelong","2016",22
9,"Smith, Zac",2,1,9,11,0,2,14,1,0,1,3,1,0,1,0,7,5,0,0,1,1,0,60,60,"Geelong","2016",22
1,"Stanley, Rhys",6,2,5,11,0,1,15,2,1,4,0,1,1,1,0,5,7,0,0,1,0,1,69,60,"Geelong","2016",22
7,"Taylor, Harry",10,8,8,18,0,0,0,1,2,3,0,1,0,0,0,6,12,1,0,4,1,1,86,60,"Geelong","2016",22
0,"Rushed",0,0,0,0,0,3,0,0,0,0,0,0,0,0,0,0,0,0,0,0,0,0,0,60,"Geelong","2016",22
