"Number","Player","Kicks","Marks","Handballs","Disposals","Goals","Behinds","Hitouts","Tackles","Rebounds50s","Inside50s","Clearances","Clangers","FreesFor","FreesAgainst","BrownlowVotes","ContestedPossessions","UncontestedPossessions","ContestedMarks","MarksInside50","OnePercenters","Bounces","GoalAssists","PercentagePlayed","PointDifference","Team","Season","Round"
32,"Bugg, Tomas",8,1,5,13,0,0,0,9,0,2,2,2,1,1,0,5,8,0,0,0,0,1,76,-32,"Melbourne","2016",8
20,"Garland, Colin",6,3,3,9,0,0,0,5,3,0,0,3,0,2,0,2,6,1,0,4,0,0,93,-32,"Melbourne","2016",8
36,"Garlett, Jeff",5,1,4,9,2,1,0,3,1,1,0,2,1,0,0,5,4,0,1,1,0,0,92,-32,"Melbourne","2016",8
11,"Gawn, Max",3,2,3,6,0,1,42,1,1,0,2,6,0,3,0,6,2,1,0,3,0,0,82,-32,"Melbourne","2016",8
43,"Harmes, James",6,2,9,15,0,0,0,5,0,3,0,2,1,0,0,3,13,0,0,0,0,2,79,-32,"Melbourne","2016",8
1,"Hogan, Jesse",10,9,7,17,1,3,0,0,0,3,0,0,0,0,0,10,7,5,5,2,0,3,98,-32,"Melbourne","2016",8
29,"Hunt, Jayden",5,1,4,9,0,0,0,3,2,3,2,0,0,0,0,3,5,0,0,1,0,0,82,-32,"Melbourne","2016",8
39,"Jetta, Neville",8,4,10,18,0,0,0,3,5,0,0,1,2,0,0,10,8,0,0,7,0,0,89,-32,"Melbourne","2016",8
2,"Jones, Nathan",9,2,12,21,0,0,0,8,1,5,4,2,1,2,0,6,14,0,0,0,0,2,79,-32,"Melbourne","2016",8
35,"Kennedy, Ben",8,5,10,18,2,1,0,4,1,3,0,2,1,1,0,4,14,0,1,0,2,0,83,-32,"Melbourne","2016",8
25,"McDonald, Tom",13,11,12,25,1,0,1,2,10,0,0,2,0,0,0,4,18,0,0,6,0,0,98,-32,"Melbourne","2016",8
22,"Michie, Viv",6,6,7,13,0,0,0,0,2,0,0,0,0,0,0,2,11,0,0,2,0,0,78,-32,"Melbourne","2016",8
13,"Oliver, Clayton",3,2,12,15,1,0,0,5,0,0,1,2,0,0,0,4,11,0,0,0,0,0,63,-32,"Melbourne","2016",8
21,"Pedersen, Cameron",6,6,9,15,0,2,6,1,1,4,0,3,0,1,0,4,11,0,0,2,0,1,79,-32,"Melbourne","2016",8
5,"Petracca, Christian",10,4,10,20,1,0,0,2,2,7,4,4,2,0,0,9,12,0,0,1,0,0,75,-32,"Melbourne","2016",8
3,"Salem, Christian",11,2,5,16,0,0,0,6,4,0,3,1,0,0,0,5,12,0,0,0,2,0,73,-32,"Melbourne","2016",8
15,"Stretch, Billy",10,6,15,25,0,0,0,2,1,2,2,1,1,0,0,10,14,1,0,0,0,0,73,-32,"Melbourne","2016",8
12,"Tyson, Dom",8,3,24,32,0,0,1,4,1,2,3,1,0,0,0,12,20,0,0,0,0,0,74,-32,"Melbourne","2016",8
23,"Vince, Bernie",18,5,6,24,0,0,0,7,8,3,5,3,0,1,0,5,16,0,0,1,0,1,85,-32,"Melbourne","2016",8
7,"Viney, Jack",10,4,15,25,1,0,0,16,0,2,6,4,2,3,0,11,17,0,1,1,0,0,80,-32,"Melbourne","2016",8
42,"Wagner, Josh",11,3,3,14,0,0,0,1,0,1,1,3,0,1,0,3,11,0,0,2,1,0,86,-32,"Melbourne","2016",8
4,"Watts, Jack",12,11,2,14,3,0,0,0,0,7,0,2,0,1,0,2,13,0,3,3,0,1,84,-32,"Melbourne","2016",8
0,"Rushed",0,0,0,0,0,2,0,0,0,0,0,0,0,0,0,0,0,0,0,0,0,0,0,-32,"Melbourne","2016",8
44,"Adcock, Jed",8,2,9,17,0,0,0,3,2,1,0,2,0,0,0,4,12,0,0,2,0,1,88,32,"Western Bulldogs","2016",8
24,"Biggs, Shane",8,2,11,19,0,0,0,3,2,2,1,1,0,0,0,4,15,0,0,2,0,0,80,32,"Western Bulldogs","2016",8
4,"Bontempelli, Marcus",13,5,20,33,0,0,5,2,2,6,8,3,1,1,3,17,18,0,0,2,0,1,78,32,"Western Bulldogs","2016",8
5,"Boyd, Matthew",23,8,8,31,0,0,0,1,10,2,0,1,0,0,0,5,21,0,0,3,1,0,86,32,"Western Bulldogs","2016",8
15,"Campbell, Tom",2,3,5,7,0,0,34,5,0,1,1,2,1,0,0,2,5,0,1,2,0,2,84,32,"Western Bulldogs","2016",8
6,"Dahlhaus, Luke",11,4,18,29,0,0,0,7,1,5,3,5,0,2,0,9,20,0,0,0,0,1,76,32,"Western Bulldogs","2016",8
31,"Dale, Bailey",6,6,9,15,1,0,0,1,0,2,0,3,0,1,0,2,13,0,1,1,0,0,71,32,"Western Bulldogs","2016",8
35,"Daniel, Caleb",11,4,9,20,0,1,0,1,1,2,3,2,0,1,0,3,15,0,0,0,0,1,79,32,"Western Bulldogs","2016",8
29,"Dickson, Tory",5,1,5,10,2,0,0,4,1,1,0,1,1,0,0,5,5,0,0,0,0,0,85,32,"Western Bulldogs","2016",8
7,"Hunter, Lachie",14,4,20,34,1,0,0,3,3,3,4,1,1,0,2,14,20,0,0,3,0,1,86,32,"Western Bulldogs","2016",8
21,"Liberatore, Tom",12,2,13,25,1,0,0,19,0,5,7,5,1,3,1,15,10,0,0,0,0,0,78,32,"Western Bulldogs","2016",8
11,"Macrae, Jack",15,5,12,27,0,0,0,5,4,2,1,3,2,0,0,7,20,0,0,2,0,0,87,32,"Western Bulldogs","2016",8
16,"McLean, Toby",11,5,7,18,1,2,0,1,1,3,0,2,2,0,0,6,12,0,1,1,0,0,69,32,"Western Bulldogs","2016",8
38,"Morris, Dale",5,4,8,13,0,0,0,2,1,1,0,1,1,0,0,7,6,2,0,6,0,0,95,32,"Western Bulldogs","2016",8
42,"Picken, Liam",19,5,11,30,2,1,0,5,1,6,1,3,0,0,0,9,21,0,0,1,0,0,84,32,"Western Bulldogs","2016",8
43,"Redpath, Jack",11,11,3,14,3,1,0,2,0,1,1,4,1,1,0,9,8,5,7,2,0,1,82,32,"Western Bulldogs","2016",8
18,"Roberts, Fletcher",3,0,4,7,0,0,0,1,3,0,0,0,1,0,0,4,2,0,0,11,0,0,85,32,"Western Bulldogs","2016",8
23,"Roughead, Jordan",6,1,3,9,0,1,2,3,1,2,3,1,3,0,0,6,4,0,0,3,0,0,81,32,"Western Bulldogs","2016",8
9,"Stringer, Jake",13,7,3,16,5,0,0,1,0,4,2,3,0,0,0,3,12,0,1,0,0,0,85,32,"Western Bulldogs","2016",8
3,"Wallis, Mitch",11,3,14,25,1,0,1,6,1,4,2,4,1,0,0,14,14,1,1,3,0,1,79,32,"Western Bulldogs","2016",8
34,"Williams, Bailey",7,2,7,14,0,1,0,4,0,5,1,1,0,1,0,5,10,0,0,2,0,1,77,32,"Western Bulldogs","2016",8
10,"Wood, Easton",8,3,5,13,0,0,0,5,1,3,1,4,0,2,0,5,8,2,0,5,0,1,87,32,"Western Bulldogs","2016",8
0,"Rushed",0,0,0,0,0,5,0,0,0,0,0,0,0,0,0,0,0,0,0,0,0,0,0,32,"Western Bulldogs","2016",8
