"Number","Player","Kicks","Marks","Handballs","Disposals","Goals","Behinds","Hitouts","Tackles","Rebounds50s","Inside50s","Clearances","Clangers","FreesFor","FreesAgainst","BrownlowVotes","ContestedPossessions","UncontestedPossessions","ContestedMarks","MarksInside50","OnePercenters","Bounces","GoalAssists","PercentagePlayed","PointDifference","Team","Season","Round"
27,"Armfield, Dennis",11,5,8,19,3,0,0,2,1,3,0,0,1,0,0,5,10,0,3,0,0,2,86,38,"Carlton","2016",11
38,"Byrne, Ciaran",9,4,9,18,0,0,0,2,2,1,0,2,0,1,0,1,18,0,0,1,1,1,83,38,"Carlton","2016",11
41,"Casboult, Levi",5,5,2,7,1,0,0,3,0,0,0,3,0,1,0,2,5,1,1,2,0,0,92,38,"Carlton","2016",11
9,"Cripps, Patrick",10,4,16,26,2,0,2,2,0,1,6,10,3,5,0,16,8,0,0,1,1,1,78,38,"Carlton","2016",11
35,"Curnow, Ed",16,3,12,28,1,0,0,12,4,4,4,4,2,0,1,12,16,0,2,2,0,2,87,38,"Carlton","2016",11
15,"Docherty, Sam",12,8,8,20,0,0,0,3,6,2,0,5,0,1,0,1,20,0,0,4,0,0,93,38,"Carlton","2016",11
33,"Everitt, Andrejs",7,4,4,11,0,1,0,0,1,3,0,3,1,1,0,4,7,0,1,2,0,0,85,38,"Carlton","2016",11
4,"Gibbs, Bryce",7,1,5,12,0,1,0,6,1,2,3,3,2,1,0,4,7,0,0,1,0,0,77,38,"Carlton","2016",11
37,"Gorringe, Daniel",7,7,11,18,1,1,12,3,0,3,2,3,2,1,0,9,11,3,2,2,0,2,65,38,"Carlton","2016",11
32,"Graham, Nick",6,6,10,16,0,0,1,7,2,2,3,4,0,2,0,5,11,0,0,0,0,0,79,38,"Carlton","2016",11
11,"Kerridge, Sam",17,16,13,30,1,0,0,2,1,7,0,0,0,0,2,8,22,2,2,0,3,1,88,38,"Carlton","2016",11
8,"Kreuzer, Matthew",2,0,0,2,0,0,12,3,0,1,0,4,0,2,0,1,1,0,0,0,0,0,37,38,"Carlton","2016",11
13,"Lamb, Jed",9,4,4,13,3,0,0,3,0,3,0,1,0,1,0,2,12,0,3,4,0,1,83,38,"Carlton","2016",11
20,"Plowman, Lachie",5,3,11,16,0,0,0,1,1,0,1,3,2,1,0,5,11,0,0,4,0,0,91,38,"Carlton","2016",11
17,"Rowe, Sam",4,3,3,7,1,0,4,0,0,2,2,1,1,0,0,3,5,0,1,7,0,0,83,38,"Carlton","2016",11
6,"Simpson, Kade",15,9,9,24,0,0,0,3,2,3,0,2,0,1,0,2,22,0,0,2,0,3,92,38,"Carlton","2016",11
39,"Thomas, Dale",7,3,8,15,0,0,0,3,1,0,0,1,2,0,0,5,10,0,0,0,0,0,85,38,"Carlton","2016",11
42,"Tuohy, Zach",15,4,8,23,1,0,0,3,2,5,0,1,1,1,0,4,18,0,0,1,0,0,86,38,"Carlton","2016",11
1,"Walker, Andrew",8,3,8,16,0,3,0,4,0,2,1,2,2,0,0,6,10,0,1,0,0,0,84,38,"Carlton","2016",11
23,"Weitering, Jacob",16,14,8,24,0,0,0,3,5,0,1,2,0,0,0,7,16,3,0,4,0,0,90,38,"Carlton","2016",11
43,"White, Simon",7,3,8,15,0,0,0,2,1,4,0,4,0,2,0,6,9,0,0,10,0,0,81,38,"Carlton","2016",11
46,"Wright, Matthew",10,4,5,15,2,0,0,3,1,2,2,2,3,2,0,5,12,0,0,0,0,2,76,38,"Carlton","2016",11
0,"Totals",205,113,170,375,16,6,31,70,31,50,25,60,22,23,3,113,261,9,16,47,5,15,0,38,"Carlton","2016",11
4,"Bastinac, Ryan",12,6,8,20,0,0,0,7,3,3,5,1,2,0,0,5,14,0,0,0,2,0,80,-38,"Brisbane Lions","2016",11
7,"Bell, Tom",4,2,3,7,0,1,0,6,1,1,0,4,2,1,0,5,3,0,2,1,0,0,86,-38,"Brisbane Lions","2016",11
3,"Christensen, Allen",6,1,0,6,0,0,0,0,2,1,1,3,1,1,0,4,1,0,0,0,0,0,39,-38,"Brisbane Lions","2016",11
26,"Cutler, Tom",13,7,3,16,1,0,0,2,3,2,0,4,0,2,0,4,12,0,1,2,1,0,87,-38,"Brisbane Lions","2016",11
34,"Freeman, Jonathan",4,3,2,6,1,1,0,3,1,0,0,3,1,3,0,4,4,2,2,1,0,0,89,-38,"Brisbane Lions","2016",11
11,"Hanley, Pearce",9,3,9,18,0,1,0,2,1,4,2,1,0,1,0,4,13,0,1,2,0,0,83,-38,"Brisbane Lions","2016",11
2,"Harwood, Ryan",12,6,8,20,0,0,0,2,1,0,2,3,1,2,0,7,14,0,0,2,0,0,80,-38,"Brisbane Lions","2016",11
16,"Jansen, Jarrad",8,2,13,21,1,0,0,5,1,3,4,3,1,1,0,13,8,0,0,1,0,0,78,-38,"Brisbane Lions","2016",11
1,"Keays, Ben",3,2,7,10,1,0,0,5,0,0,0,0,1,0,0,6,5,1,1,1,0,0,86,-38,"Brisbane Lions","2016",11
12,"Martin, Stefan",6,8,7,13,1,0,19,0,1,2,1,0,0,0,0,2,11,0,1,0,0,0,74,-38,"Brisbane Lions","2016",11
32,"Mayes, Sam",13,6,5,18,0,0,0,0,2,1,0,1,0,0,0,1,15,0,0,5,0,0,86,-38,"Brisbane Lions","2016",11
25,"McStay, Daniel",6,4,5,11,0,0,0,1,1,1,0,0,1,0,0,3,8,0,0,4,0,0,94,-38,"Brisbane Lions","2016",11
21,"Merrett, Daniel",5,2,4,9,0,0,0,1,0,1,0,1,2,1,0,6,2,1,0,3,0,0,90,-38,"Brisbane Lions","2016",11
39,"Paine, Jackson",5,1,3,8,0,0,0,1,2,0,0,5,0,2,0,3,7,0,0,4,0,0,86,-38,"Brisbane Lions","2016",11
10,"Rich, Daniel",11,3,5,16,2,0,0,4,1,5,1,3,2,2,0,6,7,1,1,1,0,0,88,-38,"Brisbane Lions","2016",11
18,"Robertson, Nick",6,3,5,11,0,0,0,4,2,1,1,2,1,0,0,3,8,0,0,3,0,0,76,-38,"Brisbane Lions","2016",11
5,"Robinson, Mitch",11,4,14,25,0,0,1,9,4,3,7,5,3,2,0,15,11,0,0,2,0,1,79,-38,"Brisbane Lions","2016",11
38,"Rockliff, Tom",21,8,27,48,1,0,0,9,3,4,13,3,1,0,3,18,30,0,0,0,0,1,80,-38,"Brisbane Lions","2016",11
23,"Schache, Josh",5,2,4,9,1,2,0,2,0,3,1,1,1,0,0,4,5,0,1,2,0,0,87,-38,"Brisbane Lions","2016",11
28,"Taylor, Lewis",4,0,10,14,0,0,0,0,1,1,1,5,0,1,0,6,8,0,0,1,0,0,84,-38,"Brisbane Lions","2016",11
13,"West, Trent",4,2,7,11,0,0,23,2,1,3,1,2,2,2,0,4,7,0,0,2,0,2,83,-38,"Brisbane Lions","2016",11
15,"Zorko, Dayne",16,4,9,25,0,4,0,6,2,5,2,5,1,1,0,6,18,0,2,0,1,1,85,-38,"Brisbane Lions","2016",11
0,"Rushed",0,0,0,0,0,1,0,0,0,0,0,0,0,0,0,0,0,0,0,0,0,0,0,-38,"Brisbane Lions","2016",11
