"Number","Player","Kicks","Marks","Handballs","Disposals","Goals","Behinds","Hitouts","Tackles","Rebounds50s","Inside50s","Clearances","Clangers","FreesFor","FreesAgainst","BrownlowVotes","ContestedPossessions","UncontestedPossessions","ContestedMarks","MarksInside50","OnePercenters","Bounces","GoalAssists","PercentagePlayed","PointDifference","Team","Season","Round"
36,"Aliir, Aliir",7,2,3,10,0,0,0,5,3,0,1,4,0,0,0,3,7,1,0,7,0,0,81,55,"Sydney","2016",13
23,"Franklin, Lance",7,4,7,14,4,2,0,7,0,2,0,3,2,3,2,6,10,1,3,0,0,0,89,55,"Sydney","2016",13
39,"Grundy, Heath",13,2,3,16,0,0,0,8,2,1,1,1,0,1,0,5,10,1,0,7,0,0,89,55,"Sydney","2016",13
4,"Hannebery, Dan",10,1,18,28,0,0,0,7,1,2,2,8,0,2,0,18,8,0,0,1,0,0,88,55,"Sydney","2016",13
5,"Heeney, Isaac",3,2,3,6,0,1,0,13,0,2,1,2,1,1,0,4,2,0,1,2,0,0,79,55,"Sydney","2016",13
29,"Hewett, George",5,2,4,9,1,0,0,9,0,0,1,2,0,0,0,5,4,0,0,0,0,0,69,55,"Sydney","2016",13
15,"Jack, Kieren",12,2,8,20,0,3,0,8,2,0,3,1,2,0,0,12,9,0,1,2,0,3,81,55,"Sydney","2016",13
10,"Jones, Zak",14,4,11,25,0,1,0,8,4,2,1,2,2,0,0,7,17,0,0,5,0,0,85,55,"Sydney","2016",13
12,"Kennedy, Josh",15,0,13,28,1,0,0,4,4,3,9,6,1,2,0,16,10,0,0,2,0,2,88,55,"Sydney","2016",13
44,"Lloyd, Jake",14,2,7,21,1,0,0,2,2,2,5,4,1,2,0,8,10,0,0,3,0,0,70,55,"Sydney","2016",13
21,"McGlynn, Ben",14,4,2,16,2,1,0,6,0,6,2,1,2,1,0,6,10,0,1,3,0,0,71,55,"Sydney","2016",13
3,"McVeigh, Jarrad",14,2,11,25,0,0,0,9,8,4,2,2,1,0,1,13,9,0,0,2,1,1,94,55,"Sydney","2016",13
14,"Mills, Callum",16,2,7,23,0,0,0,5,3,2,2,3,2,0,0,9,12,0,0,4,0,1,82,55,"Sydney","2016",13
6,"Mitchell, Tom",14,4,11,25,0,1,0,9,2,4,2,4,1,0,0,11,13,0,0,1,0,0,78,55,"Sydney","2016",13
13,"Nankervis, Toby",4,2,3,7,1,0,9,8,0,0,2,2,0,1,0,5,2,1,1,6,0,0,85,55,"Sydney","2016",13
26,"Parker, Luke",16,2,7,23,0,0,1,17,2,7,7,4,3,0,3,14,8,0,0,3,0,0,91,55,"Sydney","2016",13
24,"Rampe, Dane",5,3,7,12,0,0,0,6,1,1,0,3,0,2,0,9,6,1,0,11,0,0,94,55,"Sydney","2016",13
16,"Rohan, Gary",9,1,4,13,0,0,0,4,3,3,0,3,1,1,0,6,6,0,1,0,0,1,77,55,"Sydney","2016",13
1,"Rose, James",13,6,3,16,0,0,0,8,1,6,0,5,1,3,0,6,11,0,1,2,0,0,67,55,"Sydney","2016",13
18,"Sinclair, Callum",4,1,7,11,0,0,14,4,1,0,2,2,0,2,0,7,4,0,0,3,0,0,71,55,"Sydney","2016",13
40,"Smith, Nick",11,2,1,12,0,0,0,3,4,1,1,0,0,0,0,5,5,0,0,1,0,1,87,55,"Sydney","2016",13
22,"Towers, Dean",14,6,13,27,2,2,5,5,0,3,2,5,1,1,0,11,15,0,1,4,0,2,84,55,"Sydney","2016",13
0,"Rushed",0,0,0,0,0,3,0,0,0,0,0,0,0,0,0,0,0,0,0,0,0,0,0,55,"Sydney","2016",13
32,"Bugg, Tomas",13,0,10,23,0,0,0,5,3,2,1,3,0,1,0,8,13,0,0,3,0,0,92,-55,"Melbourne","2016",13
6,"Dawes, Chris",5,2,10,15,0,0,2,3,1,1,1,3,2,0,0,6,9,0,0,0,0,1,82,-55,"Melbourne","2016",13
17,"Frost, Sam",8,1,3,11,0,1,0,2,2,3,0,7,0,2,0,5,5,0,0,5,0,0,83,-55,"Melbourne","2016",13
11,"Gawn, Max",9,1,5,14,0,0,58,8,1,4,6,1,2,0,0,9,4,0,0,4,0,0,87,-55,"Melbourne","2016",13
1,"Hogan, Jesse",11,5,7,18,1,0,2,2,2,1,0,1,0,0,0,8,10,0,2,1,0,0,89,-55,"Melbourne","2016",13
29,"Hunt, Jayden",9,1,9,18,0,0,0,3,5,0,1,3,3,1,0,8,8,0,0,3,0,0,81,-55,"Melbourne","2016",13
39,"Jetta, Neville",2,0,5,7,0,0,0,4,1,0,0,1,0,1,0,1,4,0,0,5,0,0,86,-55,"Melbourne","2016",13
2,"Jones, Nathan",15,0,10,25,0,0,0,8,1,6,6,2,1,2,0,16,7,0,0,0,0,0,84,-55,"Melbourne","2016",13
35,"Kennedy, Ben",6,0,6,12,0,0,0,3,0,2,0,4,0,1,0,6,7,0,0,1,0,1,80,-55,"Melbourne","2016",13
16,"Kent, Dean",5,1,7,12,1,0,0,4,0,1,1,2,0,2,0,9,4,0,1,3,0,0,77,-55,"Melbourne","2016",13
28,"McDonald, Oscar",10,4,5,15,0,0,0,6,0,0,1,2,5,0,0,8,9,0,0,9,0,0,85,-55,"Melbourne","2016",13
25,"McDonald, Tom",11,2,7,18,0,0,0,1,4,1,0,2,1,0,0,8,10,0,0,12,0,0,89,-55,"Melbourne","2016",13
13,"Oliver, Clayton",4,1,11,15,0,0,0,2,1,3,1,3,0,2,0,7,7,0,0,0,0,0,62,-55,"Melbourne","2016",13
5,"Petracca, Christian",10,2,4,14,2,0,0,4,1,1,1,2,0,0,0,9,5,1,0,0,0,0,81,-55,"Melbourne","2016",13
15,"Stretch, Billy",5,0,3,8,0,0,0,4,1,1,0,0,0,0,0,5,4,0,0,0,0,0,66,-55,"Melbourne","2016",13
9,"Trengove, Jack",6,0,13,19,0,0,0,5,3,1,1,4,1,1,0,9,6,0,0,1,0,0,83,-55,"Melbourne","2016",13
12,"Tyson, Dom",10,0,7,17,0,0,0,3,1,1,4,2,0,1,0,7,10,0,0,2,0,0,71,-55,"Melbourne","2016",13
37,"Vandenberg, Aaron",6,1,7,13,0,0,0,3,2,3,3,1,0,1,0,9,6,0,0,0,0,0,82,-55,"Melbourne","2016",13
23,"Vince, Bernie",21,3,7,28,0,2,2,4,3,5,5,4,3,2,0,14,11,1,1,3,0,0,87,-55,"Melbourne","2016",13
7,"Viney, Jack",13,2,13,26,0,0,0,6,1,3,4,8,0,1,0,13,10,0,0,2,0,0,89,-55,"Melbourne","2016",13
42,"Wagner, Josh",15,2,4,19,0,0,0,4,3,3,0,3,3,2,0,6,12,0,0,1,0,0,85,-55,"Melbourne","2016",13
4,"Watts, Jack",11,4,7,18,0,1,2,5,0,5,1,3,1,1,0,10,8,1,0,2,0,0,80,-55,"Melbourne","2016",13
0,"Rushed",0,0,0,0,0,3,0,0,0,0,0,0,0,0,0,0,0,0,0,0,0,0,0,-55,"Melbourne","2016",13
