"Number","Player","Kicks","Marks","Handballs","Disposals","Goals","Behinds","Hitouts","Tackles","Rebounds50s","Inside50s","Clearances","Clangers","FreesFor","FreesAgainst","BrownlowVotes","ContestedPossessions","UncontestedPossessions","ContestedMarks","MarksInside50","OnePercenters","Bounces","GoalAssists","PercentagePlayed","PointDifference","Team","Season","Round"
26,"Butler, Sam",7,5,6,13,0,0,0,2,1,2,0,2,0,1,0,5,10,0,0,5,0,0,89,25,"West Coast","2016",22
15,"Cripps, Jamie",11,3,6,17,0,2,0,3,1,3,2,4,2,1,0,7,11,0,0,1,0,1,77,25,"West Coast","2016",22
27,"Darling, Jack",9,6,3,12,3,0,4,3,1,3,2,2,1,0,0,9,4,3,2,2,0,0,88,25,"West Coast","2016",22
3,"Gaff, Andrew",18,4,20,38,0,0,0,3,3,6,4,5,0,1,3,9,29,0,0,0,1,1,93,25,"West Coast","2016",22
33,"Hill, Josh",2,2,2,4,0,0,0,3,0,0,0,2,1,0,0,1,3,0,0,1,0,0,75,25,"West Coast","2016",22
25,"Hurn, Shannon",12,6,3,15,0,1,0,0,1,2,0,4,0,2,0,2,12,1,0,1,0,0,86,25,"West Coast","2016",22
34,"Hutchings, Mark",5,2,5,10,0,0,0,4,1,1,2,1,0,1,0,5,5,0,1,0,0,0,86,25,"West Coast","2016",22
23,"Jetta, Lewis",8,1,5,13,1,0,0,4,1,3,2,3,1,1,0,2,11,0,0,1,0,0,75,25,"West Coast","2016",22
17,"Kennedy, Josh",8,7,1,9,5,0,0,1,0,2,0,0,0,0,2,4,5,3,4,2,0,0,95,25,"West Coast","2016",22
2,"LeCras, Mark",14,8,10,24,2,2,0,0,0,4,2,3,0,1,0,12,13,1,1,0,0,0,91,25,"West Coast","2016",22
29,"Lycett, Scott",5,3,11,16,0,0,22,3,0,4,5,0,2,0,0,12,4,2,0,3,0,1,73,25,"West Coast","2016",22
7,"Masten, Chris",16,6,14,30,0,0,0,2,4,6,4,4,1,2,0,11,19,0,0,0,0,1,87,25,"West Coast","2016",22
20,"McGovern, Jeremy",14,9,3,17,0,0,0,1,5,0,0,1,1,0,1,8,10,4,0,9,0,0,82,25,"West Coast","2016",22
9,"Naitanui, Nic",1,1,11,12,0,0,18,2,0,1,2,4,1,2,0,7,5,0,0,3,0,0,48,25,"West Coast","2016",22
30,"Nelson, Jackson",9,2,2,11,0,1,0,1,1,1,0,3,1,1,0,6,7,0,0,3,0,1,86,25,"West Coast","2016",22
11,"Priddis, Matt",10,5,19,29,0,0,0,9,1,2,8,7,1,3,0,14,18,1,0,0,0,1,84,25,"West Coast","2016",22
31,"Schofield, Will",3,3,4,7,0,0,0,2,1,0,0,3,0,2,0,2,6,0,0,6,0,0,96,25,"West Coast","2016",22
4,"Sheed, Dom",10,3,10,20,0,0,0,1,2,2,1,2,1,0,0,7,15,0,1,0,0,1,71,25,"West Coast","2016",22
5,"Sheppard, Brad",9,3,5,14,0,0,0,4,1,4,1,2,1,0,0,6,7,1,0,2,0,0,82,25,"West Coast","2016",22
13,"Shuey, Luke",9,0,12,21,1,1,0,7,1,2,7,1,4,0,0,15,6,0,0,1,0,0,74,25,"West Coast","2016",22
12,"Wellingham, Sharrod",9,2,8,17,0,0,0,4,4,0,0,2,1,2,0,5,14,0,0,3,0,0,79,25,"West Coast","2016",22
6,"Yeo, Elliot",11,8,3,14,1,2,0,3,0,3,1,2,1,0,0,4,8,2,4,1,0,0,84,25,"West Coast","2016",22
0,"Rushed",0,0,0,0,0,5,0,0,0,0,0,0,0,0,0,0,0,0,0,0,0,0,0,25,"West Coast","2016",22
14,"Birchall, Grant",15,4,10,25,0,0,0,0,2,2,1,2,0,0,0,5,17,0,0,2,0,1,82,-25,"Hawthorn","2016",22
30,"Brand, Kaiden",10,7,2,12,0,0,0,2,2,1,0,0,0,0,0,0,11,0,0,6,0,0,80,-25,"Hawthorn","2016",22
22,"Breust, Luke",9,3,7,16,1,1,0,5,1,6,1,2,1,2,0,5,11,0,1,0,0,1,86,-25,"Hawthorn","2016",22
9,"Burgoyne, Shaun",17,3,8,25,2,2,0,8,3,3,3,7,4,1,0,13,11,0,1,4,0,1,84,-25,"Hawthorn","2016",22
35,"Burton, Ryan",8,3,2,10,0,0,0,2,0,2,0,0,2,0,0,4,4,0,0,0,0,0,77,-25,"Hawthorn","2016",22
18,"Ceglar, Jonathon",2,2,2,4,0,0,14,2,0,0,0,2,1,2,0,1,3,0,0,4,0,0,55,-25,"Hawthorn","2016",22
8,"Duryea, Taylor",9,7,4,13,0,0,0,2,3,3,0,0,0,0,0,0,13,0,0,1,0,0,75,-25,"Hawthorn","2016",22
12,"Frawley, James",7,5,8,15,0,0,0,0,3,1,0,3,0,2,0,3,13,0,0,2,0,0,100,-25,"Hawthorn","2016",22
6,"Gibson, Josh",5,3,8,13,0,0,0,2,1,0,1,3,0,0,0,2,11,0,0,9,0,0,100,-25,"Hawthorn","2016",22
19,"Gunston, Jack",10,8,3,13,2,0,0,3,0,2,0,1,1,1,0,2,12,0,2,2,0,0,94,-25,"Hawthorn","2016",22
4,"Hartung, Billy",15,6,8,23,0,0,0,2,3,2,3,3,0,0,0,5,18,0,0,0,0,0,74,-25,"Hawthorn","2016",22
10,"Hill, Bradley",9,3,5,14,0,0,0,4,1,2,0,0,1,0,0,3,12,0,0,2,0,0,83,-25,"Hawthorn","2016",22
15,"Hodge, Luke",21,7,7,28,0,0,0,1,5,2,4,6,1,3,0,14,13,0,0,6,0,2,86,-25,"Hawthorn","2016",22
3,"Lewis, Jordan",12,7,15,27,1,0,5,2,2,0,2,4,0,2,0,6,21,0,0,2,0,0,91,-25,"Hawthorn","2016",22
7,"McEvoy, Ben",3,2,4,7,0,0,15,3,0,1,2,1,2,0,0,5,2,0,0,2,0,0,84,-25,"Hawthorn","2016",22
5,"Mitchell, Sam",10,3,12,22,0,0,0,2,1,1,2,3,2,1,0,9,14,0,0,2,0,0,89,-25,"Hawthorn","2016",22
28,"Puopolo, Paul",5,3,5,10,1,0,0,5,0,2,1,2,1,2,0,5,6,0,1,1,0,0,82,-25,"Hawthorn","2016",22
33,"Rioli, Cyril",7,1,6,13,0,0,0,8,1,1,2,4,2,2,0,7,5,0,0,1,0,1,74,-25,"Hawthorn","2016",22
26,"Shiels, Liam",7,1,6,13,0,0,0,7,1,2,5,2,0,1,0,6,7,0,0,2,0,1,76,-25,"Hawthorn","2016",22
21,"Sicily, James",7,2,3,10,2,1,0,2,0,2,1,2,1,1,0,3,8,0,1,1,0,0,81,-25,"Hawthorn","2016",22
16,"Smith, Isaac",15,7,6,21,0,1,0,2,1,6,0,2,0,0,0,4,17,1,0,0,4,0,82,-25,"Hawthorn","2016",22
11,"Whitecross, Brendan",10,6,6,16,1,0,0,3,5,2,3,0,1,0,0,6,11,1,1,1,0,0,63,-25,"Hawthorn","2016",22
0,"Rushed",0,0,0,0,0,2,0,0,0,0,0,0,0,0,0,0,0,0,0,0,0,0,0,-25,"Hawthorn","2016",22
