"Number","Player","Kicks","Marks","Handballs","Disposals","Goals","Behinds","Hitouts","Tackles","Rebounds50s","Inside50s","Clearances","Clangers","FreesFor","FreesAgainst","BrownlowVotes","ContestedPossessions","UncontestedPossessions","ContestedMarks","MarksInside50","OnePercenters","Bounces","GoalAssists","PercentagePlayed","PointDifference","Team","Season","Round"
29,"Ambrose, Patrick",6,3,3,9,0,0,0,1,3,3,1,2,2,1,0,6,4,1,0,7,0,0,88,-11,"Essendon","2016",16
24,"Bird, Craig",10,1,9,19,0,1,0,6,2,2,3,1,0,1,0,10,8,0,0,1,0,0,69,-11,"Essendon","2016",16
28,"Brown, Mitch",6,3,6,12,1,1,0,4,0,3,0,0,1,0,0,10,3,1,1,2,0,0,90,-11,"Essendon","2016",16
17,"Cooney, Adam",16,11,12,28,0,0,0,0,2,1,2,2,0,0,0,6,23,0,0,0,0,0,81,-11,"Essendon","2016",16
6,"Daniher, Joe",11,7,5,16,2,3,0,0,0,3,0,5,1,2,0,10,8,6,5,2,0,2,89,-11,"Essendon","2016",16
49,"Dea, Matt",9,6,3,12,0,0,0,4,4,1,0,1,1,0,0,4,8,1,0,1,0,0,85,-11,"Essendon","2016",16
15,"Dempsey, Courtenay",11,1,7,18,1,1,0,3,2,2,2,2,1,0,0,7,12,0,0,1,0,0,83,-11,"Essendon","2016",16
13,"Fantasia, Orazio",8,3,5,13,3,3,0,5,0,3,3,0,2,0,0,9,6,0,3,1,3,0,84,-11,"Essendon","2016",16
8,"Gleeson, Martin",6,5,6,12,0,0,0,1,1,1,1,1,0,1,0,6,6,2,0,4,0,0,81,-11,"Essendon","2016",16
9,"Goddard, Brendon",14,2,14,28,0,0,3,6,4,7,2,2,1,1,0,9,19,0,0,2,0,1,81,-11,"Essendon","2016",16
42,"Gwilt, James",13,7,6,19,0,0,0,0,3,4,0,3,0,1,0,6,14,2,0,6,0,0,86,-11,"Essendon","2016",16
41,"Hams, Will",8,6,8,16,1,0,0,1,0,0,1,2,2,0,0,7,9,1,1,1,0,0,76,-11,"Essendon","2016",16
36,"Hartley, Michael",8,6,5,13,0,0,0,4,4,1,0,1,1,1,0,6,7,1,0,20,0,0,97,-11,"Essendon","2016",16
47,"Kelly, James",9,3,12,21,0,0,0,7,2,2,4,2,1,1,0,9,13,0,0,1,0,0,84,-11,"Essendon","2016",16
30,"Langford, Kyle",9,4,12,21,0,0,1,4,2,2,2,3,1,1,0,7,14,0,0,1,0,0,74,-11,"Essendon","2016",16
33,"Laverde, Jayden",4,1,5,9,2,0,0,4,0,1,0,1,2,0,0,6,4,0,0,1,0,0,66,-11,"Essendon","2016",16
43,"McDonald-Tipungwuti, Anthony",10,6,7,17,2,2,0,5,1,6,1,4,2,3,0,10,10,2,0,1,0,4,81,-11,"Essendon","2016",16
45,"McKenna, Conor",5,4,4,9,0,0,0,1,2,1,0,0,0,0,0,1,8,0,0,0,1,0,80,-11,"Essendon","2016",16
44,"McKernan, Shaun",4,3,7,11,0,0,14,1,0,2,2,2,0,1,0,8,3,1,0,2,0,0,86,-11,"Essendon","2016",16
7,"Merrett, Zach",19,2,17,36,1,0,0,5,3,7,7,2,3,0,2,14,22,0,0,1,0,1,79,-11,"Essendon","2016",16
56,"Michael, Sam",7,4,2,9,0,0,16,5,2,1,3,3,0,2,0,5,4,2,1,2,0,0,83,-11,"Essendon","2016",16
3,"Parish, Darcy",11,3,10,21,1,1,0,1,2,2,2,1,0,0,0,6,16,0,0,1,0,1,77,-11,"Essendon","2016",16
0,"Rushed",0,0,0,0,0,2,0,0,0,0,0,0,0,0,0,0,0,0,0,0,0,0,0,-11,"Essendon","2016",16
8,"Acres, Blake",3,1,9,12,0,0,1,1,1,3,3,2,0,1,0,7,6,0,0,1,0,0,71,11,"St Kilda","2016",16
20,"Armitage, David",11,4,12,23,1,0,0,5,1,4,7,5,0,4,0,9,16,0,1,2,0,1,70,11,"St Kilda","2016",16
27,"Bruce, Josh",3,3,9,12,1,1,2,6,0,0,1,2,2,0,0,8,5,1,1,0,0,1,84,11,"St Kilda","2016",16
21,"Delaney, Luke",4,4,7,11,0,0,0,2,2,1,1,1,1,1,0,4,7,0,0,6,0,0,98,11,"St Kilda","2016",16
24,"Dempster, Sean",2,1,6,8,0,0,0,0,1,0,0,1,0,0,0,3,5,0,0,2,0,0,85,11,"St Kilda","2016",16
7,"Dunstan, Luke",7,2,17,24,1,1,0,2,1,0,3,1,1,1,0,11,13,1,1,0,0,0,70,11,"St Kilda","2016",16
14,"Geary, Jarryn",7,3,9,16,0,0,0,2,4,2,0,2,3,2,0,7,10,2,0,5,0,0,84,11,"St Kilda","2016",16
19,"Gilbert, Sam",7,3,7,14,0,0,4,3,1,2,0,1,0,1,0,5,7,0,0,4,0,0,85,11,"St Kilda","2016",16
22,"Gresham, Jade",10,4,9,19,1,1,0,3,1,3,2,1,0,0,0,3,16,0,2,0,1,0,82,11,"St Kilda","2016",16
1,"Hickey, Tom",6,1,7,13,0,0,46,8,0,2,3,3,1,0,1,6,8,0,0,4,0,1,89,11,"St Kilda","2016",16
36,"McKenzie, Daniel",3,4,9,12,0,0,0,7,2,2,1,4,1,2,0,5,9,0,0,3,0,0,71,11,"St Kilda","2016",16
28,"Membrey, Tim",7,4,4,11,5,0,0,0,0,3,0,1,1,1,0,7,3,1,3,3,0,2,84,11,"St Kilda","2016",16
41,"Minchington, Darren",4,2,8,12,1,1,0,5,0,2,2,0,1,0,0,6,6,0,1,1,1,1,77,11,"St Kilda","2016",16
11,"Montagna, Leigh",15,3,13,28,0,0,0,1,5,2,1,1,0,0,0,6,19,0,0,2,0,0,86,11,"St Kilda","2016",16
16,"Newnes, Jack",17,3,10,27,1,0,0,3,3,7,5,3,0,1,0,11,16,0,0,1,0,1,90,11,"St Kilda","2016",16
12,"Riewoldt, Nick",15,7,6,21,1,1,5,2,5,1,3,1,0,1,0,5,17,0,1,3,0,1,95,11,"St Kilda","2016",16
17,"Roberton, Dylan",9,5,11,20,1,0,0,0,3,2,0,3,0,0,0,8,10,2,0,2,1,0,85,11,"St Kilda","2016",16
6,"Ross, Sebastian",11,2,21,32,1,0,2,6,1,4,2,3,1,1,0,7,25,0,1,5,0,0,87,11,"St Kilda","2016",16
5,"Savage, Shane",4,3,4,8,0,0,0,4,2,1,0,5,0,3,0,2,7,0,0,3,1,0,66,11,"St Kilda","2016",16
3,"Steven, Jack",21,0,20,41,1,0,0,12,2,9,12,3,4,1,3,22,20,0,0,2,0,0,83,11,"St Kilda","2016",16
44,"Weller, Maverick",10,2,3,13,2,1,0,2,0,4,0,2,0,1,0,3,11,0,1,1,0,2,78,11,"St Kilda","2016",16
34,"Wright, Nathan",5,2,4,9,0,0,0,6,1,4,0,2,0,0,0,5,5,0,0,3,0,1,79,11,"St Kilda","2016",16
0,"Rushed",0,0,0,0,0,1,0,0,0,0,0,0,0,0,0,0,0,0,0,0,0,0,0,11,"St Kilda","2016",16
