"Number","Player","Kicks","Marks","Handballs","Disposals","Goals","Behinds","Hitouts","Tackles","Rebounds50s","Inside50s","Clearances","Clangers","FreesFor","FreesAgainst","BrownlowVotes","ContestedPossessions","UncontestedPossessions","ContestedMarks","MarksInside50","OnePercenters","Bounces","GoalAssists","PercentagePlayed","PointDifference","Team","Season","Round"
33,"Adams, Marcus",5,3,8,13,0,0,0,4,1,1,0,1,1,0,0,6,8,1,0,9,0,1,96,53,"Western Bulldogs","2016",5
44,"Adcock, Jed",4,4,12,16,0,0,0,4,1,1,1,2,1,1,0,3,15,0,0,1,0,1,84,53,"Western Bulldogs","2016",5
24,"Biggs, Shane",10,4,9,19,0,0,0,3,0,3,1,1,0,0,0,4,14,1,1,6,0,0,83,53,"Western Bulldogs","2016",5
4,"Bontempelli, Marcus",7,3,13,20,2,1,2,2,0,2,1,2,1,0,0,8,11,1,2,1,0,0,77,53,"Western Bulldogs","2016",5
5,"Boyd, Matthew",18,6,13,31,0,0,0,2,4,0,1,2,2,0,0,14,17,2,0,2,0,0,85,53,"Western Bulldogs","2016",5
15,"Campbell, Tom",10,7,6,16,1,2,22,2,0,5,3,1,1,0,0,9,7,5,3,2,0,0,84,53,"Western Bulldogs","2016",5
6,"Dahlhaus, Luke",16,3,7,23,2,2,0,4,0,6,5,1,3,0,0,7,15,0,1,1,1,0,76,53,"Western Bulldogs","2016",5
31,"Dale, Bailey",8,3,8,16,0,2,0,3,0,3,0,4,1,2,0,5,11,1,2,0,0,0,83,53,"Western Bulldogs","2016",5
29,"Dickson, Tory",11,4,7,18,2,1,0,5,2,1,1,4,0,1,0,2,16,1,2,0,0,0,77,53,"Western Bulldogs","2016",5
7,"Hunter, Lachie",14,3,18,32,0,0,0,2,0,5,2,1,0,0,0,10,22,0,0,1,0,0,89,53,"Western Bulldogs","2016",5
46,"Jong, Lin",10,1,5,15,1,1,3,4,1,3,3,1,0,0,0,8,8,0,0,1,0,1,78,53,"Western Bulldogs","2016",5
21,"Liberatore, Tom",10,4,9,19,2,0,0,4,2,5,0,2,1,0,0,8,11,0,0,1,0,1,86,53,"Western Bulldogs","2016",5
11,"Macrae, Jack",9,2,16,25,0,1,0,4,0,2,1,0,2,0,0,11,14,0,0,1,0,1,91,53,"Western Bulldogs","2016",5
16,"McLean, Toby",14,5,11,25,2,1,0,0,0,4,2,1,3,0,0,13,11,1,2,2,0,2,84,53,"Western Bulldogs","2016",5
38,"Morris, Dale",11,8,5,16,0,0,0,0,6,1,0,0,1,0,0,5,12,2,0,6,0,0,98,53,"Western Bulldogs","2016",5
42,"Picken, Liam",12,5,10,22,0,0,0,3,0,8,3,3,0,2,0,9,12,0,0,2,1,0,79,53,"Western Bulldogs","2016",5
23,"Roughead, Jordan",6,4,7,13,1,0,11,5,1,2,4,2,1,2,0,7,8,2,1,3,0,0,82,53,"Western Bulldogs","2016",5
25,"Stevens, Koby",11,5,23,34,0,1,0,6,0,7,7,5,1,1,3,15,17,1,1,1,3,4,88,53,"Western Bulldogs","2016",5
9,"Stringer, Jake",10,2,7,17,3,3,1,2,0,4,1,3,3,2,1,8,10,0,1,0,1,0,84,53,"Western Bulldogs","2016",5
1,"Suckling, Matt",2,1,3,5,0,0,0,0,0,0,1,1,0,0,0,1,4,0,0,1,0,0,31,53,"Western Bulldogs","2016",5
3,"Wallis, Mitch",15,6,18,33,1,0,0,1,0,6,7,1,2,1,2,18,17,0,2,1,0,1,81,53,"Western Bulldogs","2016",5
10,"Wood, Easton",8,2,11,19,0,0,0,0,1,2,0,3,0,0,0,5,13,0,0,8,1,0,83,53,"Western Bulldogs","2016",5
0,"Rushed",0,0,0,0,0,3,0,0,0,0,0,0,0,0,0,0,0,0,0,0,0,0,0,53,"Western Bulldogs","2016",5
31,"Andrews, Harris",9,8,2,11,0,0,0,3,5,1,0,2,0,0,0,4,7,1,0,15,0,0,97,-53,"Brisbane Lions","2016",5
4,"Bastinac, Ryan",8,6,12,20,0,0,0,5,3,0,3,2,1,1,0,10,9,2,1,3,0,1,81,-53,"Brisbane Lions","2016",5
17,"Beams, Claye",7,3,5,12,0,0,0,4,2,1,1,2,2,1,0,5,7,0,0,3,0,0,84,-53,"Brisbane Lions","2016",5
7,"Bell, Tom",12,5,7,19,0,0,0,4,1,1,1,6,0,1,0,3,15,0,1,2,0,0,87,-53,"Brisbane Lions","2016",5
8,"Bewick, Rohan",9,5,5,14,1,0,0,2,1,2,0,4,0,1,0,4,10,0,1,0,0,0,86,-53,"Brisbane Lions","2016",5
3,"Christensen, Allen",2,0,4,6,0,0,0,1,0,0,0,0,0,0,0,2,4,0,0,0,0,0,38,-53,"Brisbane Lions","2016",5
26,"Cutler, Tom",4,0,2,6,0,0,0,1,4,0,0,1,0,0,0,1,2,0,0,1,1,0,16,-53,"Brisbane Lions","2016",5
24,"Dawson, Liam",3,2,2,5,0,0,0,3,2,0,0,1,0,1,0,1,5,0,0,6,0,0,79,-53,"Brisbane Lions","2016",5
27,"Gardiner, Darcy",5,3,5,10,0,0,0,8,2,2,0,5,0,5,0,4,6,0,0,1,0,0,91,-53,"Brisbane Lions","2016",5
6,"Green, Josh",10,2,2,12,0,0,0,2,1,5,0,3,0,0,0,3,9,0,0,0,1,2,87,-53,"Brisbane Lions","2016",5
11,"Hanley, Pearce",13,6,7,20,1,3,0,4,4,3,4,3,0,2,0,7,14,0,1,2,0,0,89,-53,"Brisbane Lions","2016",5
2,"Harwood, Ryan",6,5,6,12,0,0,0,4,2,0,1,0,0,0,0,4,8,1,0,3,0,0,82,-53,"Brisbane Lions","2016",5
35,"Lester, Ryan",10,8,7,17,2,0,0,5,0,2,0,1,0,0,0,5,12,1,2,0,0,2,87,-53,"Brisbane Lions","2016",5
12,"Martin, Stefan",9,7,9,18,0,0,20,3,2,1,2,6,3,3,0,9,9,2,1,1,0,2,93,-53,"Brisbane Lions","2016",5
21,"Merrett, Daniel",9,4,8,17,0,0,0,3,5,1,0,2,2,1,0,12,6,2,0,7,0,0,100,-53,"Brisbane Lions","2016",5
10,"Rich, Daniel",10,3,7,17,1,0,0,7,2,0,2,0,1,0,0,5,11,0,0,1,0,0,76,-53,"Brisbane Lions","2016",5
5,"Robinson, Mitch",16,3,11,27,0,0,1,4,3,4,7,5,1,2,0,15,14,0,0,0,0,0,91,-53,"Brisbane Lions","2016",5
38,"Rockliff, Tom",10,6,16,26,1,0,0,2,3,0,3,3,0,2,0,8,18,0,1,0,0,1,81,-53,"Brisbane Lions","2016",5
23,"Schache, Josh",7,4,2,9,1,0,0,0,0,3,0,0,0,0,0,5,4,2,0,1,0,1,94,-53,"Brisbane Lions","2016",5
28,"Taylor, Lewis",10,3,10,20,0,1,0,2,2,1,0,2,0,2,0,4,16,0,0,0,1,0,83,-53,"Brisbane Lions","2016",5
14,"Walker, Josh",4,4,5,9,1,0,8,3,2,1,0,3,0,2,0,6,3,3,0,0,0,0,93,-53,"Brisbane Lions","2016",5
15,"Zorko, Dayne",13,6,8,21,2,0,0,5,1,3,1,0,2,0,0,8,13,1,0,0,0,0,84,-53,"Brisbane Lions","2016",5
0,"Rushed",0,0,0,0,0,3,0,0,0,0,0,0,0,0,0,0,0,0,0,0,0,0,0,-53,"Brisbane Lions","2016",5
