"Number","Player","Kicks","Marks","Handballs","Disposals","Goals","Behinds","Hitouts","Tackles","Rebounds50s","Inside50s","Clearances","Clangers","FreesFor","FreesAgainst","BrownlowVotes","ContestedPossessions","UncontestedPossessions","ContestedMarks","MarksInside50","OnePercenters","Bounces","GoalAssists","PercentagePlayed","PointDifference","Team","Season","Round"
11,"Blair, Jarryd",8,3,13,21,0,0,0,8,1,3,1,3,2,0,0,7,14,0,0,1,0,1,86,-67,"Collingwood","2016",11
32,"Cloke, Travis",10,6,3,13,0,1,0,4,1,4,0,3,1,1,0,4,9,1,1,2,0,1,89,-67,"Collingwood","2016",11
46,"Cox, Mason",6,6,2,8,2,1,13,0,0,2,0,2,1,1,0,5,3,4,2,3,0,1,80,-67,"Collingwood","2016",11
25,"Crisp, Jack",9,3,13,22,0,1,0,8,2,4,2,3,1,1,0,11,12,0,0,1,0,0,74,-67,"Collingwood","2016",11
39,"Crocker, Ben",3,3,4,7,0,1,0,3,0,1,0,1,0,1,0,2,5,0,2,1,0,0,74,-67,"Collingwood","2016",11
2,"de Goey, Jordan",11,4,8,19,1,1,0,3,1,2,2,2,1,1,0,7,13,0,1,1,0,0,72,-67,"Collingwood","2016",11
45,"Frost, Jack",3,2,5,8,0,0,0,0,1,0,0,1,0,1,0,3,4,0,0,5,0,0,86,-67,"Collingwood","2016",11
27,"Goodyear, Matthew",3,1,4,7,0,1,0,2,0,0,0,1,0,0,0,5,2,1,0,0,0,0,70,-67,"Collingwood","2016",11
19,"Greenwood, Levi",11,2,10,21,0,0,0,12,1,3,3,9,1,3,0,8,10,0,0,1,0,0,84,-67,"Collingwood","2016",11
4,"Grundy, Brodie",9,1,9,18,1,0,25,0,0,2,5,0,1,0,0,11,6,1,1,1,0,0,82,-67,"Collingwood","2016",11
38,"Howe, Jeremy",14,10,6,20,0,0,0,1,4,0,0,3,2,0,0,9,11,3,0,6,2,0,74,-67,"Collingwood","2016",11
37,"Maynard, Brayden",16,10,6,22,0,0,0,1,7,1,1,5,3,1,0,10,16,0,0,7,0,0,87,-67,"Collingwood","2016",11
43,"Oxley, Adam",6,4,7,13,0,0,0,2,3,1,0,2,0,1,0,1,10,0,0,3,0,0,77,-67,"Collingwood","2016",11
10,"Pendlebury, Scott",15,5,15,30,1,2,0,9,3,4,4,3,2,1,0,12,17,0,1,3,0,0,88,-67,"Collingwood","2016",11
20,"Reid, Ben",18,7,7,25,0,0,0,1,7,4,0,3,3,0,0,11,16,1,0,4,0,0,87,-67,"Collingwood","2016",11
22,"Sidebottom, Steele",11,3,9,20,2,0,0,4,1,3,2,3,1,0,0,7,14,0,0,3,0,0,84,-67,"Collingwood","2016",11
28,"Sinclair, Ben",14,3,13,27,0,0,0,2,1,4,0,1,1,0,0,9,19,0,0,3,0,0,76,-67,"Collingwood","2016",11
40,"Smith, Josh",9,4,12,21,0,0,0,3,2,4,1,4,1,1,0,5,17,0,0,7,0,0,89,-67,"Collingwood","2016",11
34,"Toovey, Alan",6,1,4,10,0,0,0,2,3,0,0,1,2,1,0,6,6,0,0,6,1,0,92,-67,"Collingwood","2016",11
7,"Treloar, Adam",9,3,19,28,0,1,0,7,1,4,3,1,0,1,0,11,17,0,0,0,0,0,85,-67,"Collingwood","2016",11
18,"Varcoe, Travis",7,7,13,20,0,0,0,2,0,2,0,2,0,0,0,6,13,1,0,0,1,0,81,-67,"Collingwood","2016",11
9,"White, Jesse",14,8,0,14,0,3,1,2,0,5,1,2,0,1,0,2,12,0,1,1,0,1,82,-67,"Collingwood","2016",11
0,"Rushed",0,0,0,0,0,4,0,0,0,0,0,0,0,0,0,0,0,0,0,0,0,0,0,-67,"Collingwood","2016",11
25,"Austin, Logan",7,5,3,10,0,0,0,0,3,0,0,0,0,0,0,4,8,0,0,10,0,0,89,67,"Port Adelaide","2016",11
1,"Boak, Travis",14,4,11,25,1,1,0,4,1,7,4,6,0,2,0,10,15,0,0,3,0,0,83,67,"Port Adelaide","2016",11
5,"Broadbent, Matthew",14,6,2,16,0,0,0,3,2,2,0,2,1,1,0,6,10,0,0,5,0,1,72,67,"Port Adelaide","2016",11
33,"Byrne-Jones, Darcy",11,5,9,20,0,1,0,4,4,1,0,1,0,1,0,5,15,0,0,2,0,0,83,67,"Port Adelaide","2016",11
22,"Dixon, Charlie",6,3,8,14,0,2,1,4,0,3,0,5,1,2,0,10,4,2,1,6,0,1,94,67,"Port Adelaide","2016",11
7,"Ebert, Brad",11,5,6,17,0,2,0,7,2,3,0,2,0,1,0,8,9,2,1,1,0,1,87,67,"Port Adelaide","2016",11
9,"Gray, Robbie",8,3,18,26,1,0,0,3,0,2,5,6,2,1,0,15,12,0,2,3,0,2,84,67,"Port Adelaide","2016",11
46,"Gray, Sam",11,7,7,18,1,0,0,4,0,1,2,3,1,1,0,9,9,0,2,0,0,0,75,67,"Port Adelaide","2016",11
8,"Hartlett, Hamish",9,1,9,18,1,1,0,2,3,4,1,2,1,0,0,8,9,0,0,2,0,0,78,67,"Port Adelaide","2016",11
32,"Howard, Dougal",4,3,2,6,0,0,2,2,0,1,0,5,0,4,0,2,4,0,0,1,0,0,75,67,"Port Adelaide","2016",11
24,"Impey, Jarman",18,8,4,22,1,0,0,1,2,6,0,3,0,1,3,6,18,0,2,3,2,3,70,67,"Port Adelaide","2016",11
48,"Krakouer, Nathan",10,3,1,11,0,0,0,0,2,2,0,1,0,0,0,3,7,0,0,7,0,0,70,67,"Port Adelaide","2016",11
3,"Neade, Jake",9,3,6,15,4,0,0,4,1,4,2,0,0,0,0,7,7,0,1,1,0,0,83,67,"Port Adelaide","2016",11
13,"OShea, Cameron",9,2,5,14,0,0,0,1,3,1,1,1,0,0,0,4,10,0,0,5,0,0,89,67,"Port Adelaide","2016",11
29,"Pittard, Jasper",20,6,3,23,0,1,0,3,6,4,0,4,0,2,0,2,18,0,0,4,1,1,90,67,"Port Adelaide","2016",11
21,"Polec, Jared",9,2,11,20,1,0,0,5,1,1,2,2,2,1,0,9,10,0,0,2,0,0,72,67,"Port Adelaide","2016",11
14,"Stewart, Paul",6,3,4,10,0,0,0,2,3,0,0,2,1,2,0,5,5,1,0,4,0,0,89,67,"Port Adelaide","2016",11
12,"Trengove, Jackson",3,0,9,12,1,0,6,3,0,1,3,1,2,0,0,9,3,0,0,3,0,0,68,67,"Port Adelaide","2016",11
39,"Westhoff, Justin",13,4,14,27,1,0,1,2,2,2,3,4,1,0,1,9,17,0,0,6,0,2,90,67,"Port Adelaide","2016",11
16,"Wines, Ollie",13,0,11,24,0,1,1,6,2,5,4,6,1,1,0,14,12,0,0,1,0,1,72,67,"Port Adelaide","2016",11
20,"Wingard, Chad",12,3,7,19,3,1,0,3,0,5,0,2,2,2,0,9,11,0,0,4,0,1,99,67,"Port Adelaide","2016",11
40,"Young, Aaron",13,5,11,24,4,1,0,2,0,4,0,3,1,1,2,9,16,0,1,2,0,0,88,67,"Port Adelaide","2016",11
0,"Totals",230,81,161,391,19,11,11,65,37,59,27,61,16,23,6,163,229,5,10,75,3,13,0,67,"Port Adelaide","2016",11
