"Number","Player","Kicks","Marks","Handballs","Disposals","Goals","Behinds","Hitouts","Tackles","Rebounds50s","Inside50s","Clearances","Clangers","FreesFor","FreesAgainst","BrownlowVotes","ContestedPossessions","UncontestedPossessions","ContestedMarks","MarksInside50","OnePercenters","Bounces","GoalAssists","PercentagePlayed","PointDifference","Team","Season","Round"
29,"Ambrose, Patrick",5,3,12,17,0,0,0,3,5,0,0,3,0,2,0,2,15,0,0,9,0,0,93,6,"Essendon","2016",21
24,"Bird, Craig",8,1,17,25,1,0,0,9,1,0,6,6,0,1,0,11,14,0,1,0,0,0,78,6,"Essendon","2016",21
28,"Brown, Mitch",14,11,7,21,1,0,0,2,1,3,0,1,0,0,0,4,15,2,1,5,0,0,94,6,"Essendon","2016",21
17,"Cooney, Adam",15,4,5,20,1,1,1,3,5,1,2,4,1,0,0,5,16,0,0,1,0,0,71,6,"Essendon","2016",21
6,"Daniher, Joe",11,8,6,17,1,1,1,0,1,5,0,2,1,1,0,10,10,3,1,1,1,1,89,6,"Essendon","2016",21
49,"Dea, Matt",15,7,5,20,0,0,0,3,3,1,0,3,1,1,0,9,11,2,0,5,0,0,92,6,"Essendon","2016",21
13,"Fantasia, Orazio",7,4,2,9,3,1,0,2,1,0,1,2,1,2,0,4,5,0,4,0,0,0,90,6,"Essendon","2016",21
8,"Gleeson, Martin",7,5,16,23,0,0,0,1,6,1,1,0,0,0,0,5,18,1,0,2,1,0,85,6,"Essendon","2016",21
54,"Grimley, Sam",2,1,3,5,1,1,4,0,0,0,1,0,0,0,0,3,2,0,1,3,0,0,68,6,"Essendon","2016",21
36,"Hartley, Michael",5,4,3,8,0,0,0,2,0,0,0,2,0,1,0,3,4,2,0,15,0,0,73,6,"Essendon","2016",21
47,"Kelly, James",12,7,14,26,0,0,0,1,5,1,1,4,0,3,0,9,15,1,0,2,0,0,83,6,"Essendon","2016",21
33,"Laverde, Jayden",7,3,5,12,0,2,0,1,0,3,0,3,1,0,0,4,8,1,0,1,0,1,81,6,"Essendon","2016",21
22,"Leuenberger, Matthew",3,3,6,9,0,0,29,0,1,1,1,3,0,3,0,4,6,2,0,2,0,0,83,6,"Essendon","2016",21
34,"Long, Jake",6,4,7,13,0,1,0,3,3,1,0,1,0,0,0,2,11,0,1,1,1,2,75,6,"Essendon","2016",21
43,"McDonald-Tipungwuti, Anthony",13,8,6,19,0,0,0,3,2,1,0,2,0,1,0,5,12,0,0,0,2,0,71,6,"Essendon","2016",21
45,"McKenna, Conor",15,3,7,22,2,0,0,1,5,4,1,7,1,2,0,5,17,0,0,4,2,0,75,6,"Essendon","2016",21
20,"Merrett, Jackson",6,3,11,17,1,1,0,1,0,4,0,1,0,0,0,7,10,1,1,1,0,0,90,6,"Essendon","2016",21
7,"Merrett, Zach",20,6,18,38,0,0,0,3,2,4,4,3,1,0,3,10,27,0,0,1,0,1,80,6,"Essendon","2016",21
50,"Polkinghorne, James",3,5,18,21,0,0,0,1,2,0,2,1,0,1,0,8,16,0,0,5,0,0,69,6,"Essendon","2016",21
52,"Simpkin, Jonathan",12,4,12,24,0,0,0,2,4,4,2,2,1,1,0,6,19,0,0,1,1,1,87,6,"Essendon","2016",21
48,"Stokes, Mathew",13,7,19,32,0,0,0,2,2,4,2,1,0,0,0,9,24,0,1,0,0,1,87,6,"Essendon","2016",21
11,"Zaharakis, David",19,4,21,40,0,0,0,6,4,6,4,4,1,0,2,11,29,0,0,2,0,0,85,6,"Essendon","2016",21
0,"Rushed",0,0,0,0,0,1,0,0,0,0,0,0,0,0,0,0,0,0,0,0,0,0,0,6,"Essendon","2016",21
13,"Ah Chee, Callum",9,4,10,19,0,1,0,4,0,4,4,1,4,0,0,14,6,1,2,1,0,0,80,-6,"Gold Coast","2016",21
31,"Brooksby, Keegan",6,1,6,12,0,0,20,3,0,3,4,0,2,0,0,10,1,1,0,5,0,0,84,-6,"Gold Coast","2016",21
39,"Davis, Ryan",8,1,6,14,0,1,0,3,0,3,1,4,0,0,0,7,7,0,0,0,0,0,77,-6,"Gold Coast","2016",21
12,"Day, Sam",7,6,7,14,2,1,1,5,0,1,0,2,0,0,0,8,6,2,4,0,0,1,83,-6,"Gold Coast","2016",21
41,"Garlett, Jarrod",6,4,6,12,0,0,0,4,0,4,2,6,1,2,0,6,7,0,0,0,0,1,85,-6,"Gold Coast","2016",21
2,"Grant, Jarrad",7,6,6,13,1,0,0,0,0,1,0,1,0,1,0,4,9,1,2,3,0,0,75,-6,"Gold Coast","2016",21
33,"Hall, Aaron",20,4,9,29,0,0,2,4,1,6,3,3,0,0,0,10,20,0,0,1,0,1,78,-6,"Gold Coast","2016",21
14,"Hallahan, Mitch",10,1,8,18,0,0,0,1,1,4,7,3,0,1,0,8,11,0,0,2,1,0,72,-6,"Gold Coast","2016",21
5,"Harbrow, Jarrod",14,4,2,16,0,0,0,4,3,4,0,2,4,0,0,6,10,0,0,2,0,0,93,-6,"Gold Coast","2016",21
38,"Joyce, Jesse",5,3,5,10,0,0,0,2,1,3,1,1,1,1,0,4,6,0,0,1,0,0,75,-6,"Gold Coast","2016",21
28,"Kolodjashnij, Kade",13,9,3,16,0,0,0,1,2,5,1,2,0,1,0,2,15,1,0,5,0,0,86,-6,"Gold Coast","2016",21
19,"Lynch, Tom",11,3,7,18,2,3,1,1,0,5,0,0,4,0,0,10,9,1,1,2,1,1,96,-6,"Gold Coast","2016",21
4,"Martin, Jack",10,6,6,16,0,0,1,4,2,1,2,0,0,0,0,5,11,0,0,1,6,1,87,-6,"Gold Coast","2016",21
32,"Matera, Brandon",7,1,5,12,1,0,0,3,0,1,1,1,0,0,0,5,8,0,0,1,0,0,74,-6,"Gold Coast","2016",21
17,"May, Steven",10,9,10,20,0,0,0,3,3,3,0,2,1,1,0,11,8,2,0,10,1,0,86,-6,"Gold Coast","2016",21
11,"Miller, Touk",20,7,19,39,1,0,0,4,3,11,4,5,1,1,1,13,26,1,0,1,0,1,85,-6,"Gold Coast","2016",21
3,"Rosa, Matt",14,3,13,27,0,1,0,1,2,1,1,5,0,1,0,8,19,0,0,0,0,0,78,-6,"Gold Coast","2016",21
42,"Saad, Adam",7,3,5,12,0,0,0,1,2,2,0,0,1,0,0,3,9,0,0,3,0,0,72,-6,"Gold Coast","2016",21
36,"Schoenfeld, Josh",7,7,6,13,0,0,0,3,3,1,1,2,0,0,0,4,10,0,0,0,0,0,82,-6,"Gold Coast","2016",21
26,"Shaw, Matt",10,6,8,18,0,0,0,1,3,3,2,0,0,0,0,5,13,0,0,0,0,0,76,-6,"Gold Coast","2016",21
16,"Thompson, Rory",5,5,6,11,0,0,0,1,3,0,0,0,0,0,0,3,7,1,0,6,0,0,94,-6,"Gold Coast","2016",21
30,"Wright, Peter",9,7,5,14,2,2,4,2,0,3,1,1,0,0,0,7,7,3,3,6,0,0,83,-6,"Gold Coast","2016",21
0,"Rushed",0,0,0,0,0,6,0,0,0,0,0,0,0,0,0,0,0,0,0,0,0,0,0,-6,"Gold Coast","2016",21
