"Number","Player","Kicks","Marks","Handballs","Disposals","Goals","Behinds","Hitouts","Tackles","Rebounds50s","Inside50s","Clearances","Clangers","FreesFor","FreesAgainst","BrownlowVotes","ContestedPossessions","UncontestedPossessions","ContestedMarks","MarksInside50","OnePercenters","Bounces","GoalAssists","PercentagePlayed","PointDifference","Team","Season","Round"
10,"Brayshaw, Angus",3,0,6,9,1,0,0,5,1,3,0,4,1,3,0,7,4,0,0,1,0,1,63,33,"Melbourne","2016",5
32,"Bugg, Tomas",8,3,7,15,1,0,0,8,1,1,3,4,3,2,0,7,10,1,1,0,0,0,87,33,"Melbourne","2016",5
14,"Dunn, Lynden",11,6,7,18,0,0,1,2,6,1,1,4,1,2,0,4,9,0,0,11,0,0,91,33,"Melbourne","2016",5
17,"Frost, Sam",6,4,4,10,1,1,0,2,1,3,1,3,1,3,0,5,6,1,0,2,0,0,75,33,"Melbourne","2016",5
36,"Garlett, Jeff",10,2,7,17,4,1,0,3,0,1,0,1,1,0,0,6,10,0,1,2,0,3,88,33,"Melbourne","2016",5
11,"Gawn, Max",12,7,6,18,2,0,47,4,3,2,4,2,1,1,3,12,4,4,2,1,0,0,84,33,"Melbourne","2016",5
43,"Harmes, James",6,0,5,11,1,0,0,4,2,1,0,0,0,0,0,3,7,0,0,0,0,1,63,33,"Melbourne","2016",5
1,"Hogan, Jesse",13,10,3,16,0,2,0,0,0,2,0,3,1,0,0,6,10,2,3,2,0,0,92,33,"Melbourne","2016",5
29,"Hunt, Jayden",8,3,6,14,0,0,0,1,0,5,1,3,1,1,0,6,9,0,0,2,0,0,68,33,"Melbourne","2016",5
39,"Jetta, Neville",9,5,6,15,0,0,0,3,4,2,0,0,1,0,0,4,11,0,0,3,0,1,90,33,"Melbourne","2016",5
2,"Jones, Nathan",9,1,17,26,0,0,0,2,3,4,7,4,1,2,0,11,13,0,0,0,0,0,85,33,"Melbourne","2016",5
35,"Kennedy, Ben",4,3,10,14,0,0,0,2,0,3,0,1,0,0,0,7,7,0,1,0,0,1,77,33,"Melbourne","2016",5
16,"Kent, Dean",15,5,10,25,1,1,0,4,2,7,0,1,0,0,0,8,17,1,1,2,0,3,90,33,"Melbourne","2016",5
8,"Lumumba, Heritier",11,7,6,17,0,0,0,3,2,3,3,2,1,2,0,4,14,0,0,2,2,0,91,33,"Melbourne","2016",5
25,"McDonald, Tom",15,8,8,23,0,0,0,2,3,0,0,5,1,0,0,11,11,4,0,8,0,0,98,33,"Melbourne","2016",5
21,"Pedersen, Cameron",7,3,6,13,0,1,4,1,1,2,2,1,1,1,0,8,7,2,1,6,0,1,74,33,"Melbourne","2016",5
3,"Salem, Christian",14,2,9,23,1,0,0,4,3,3,2,2,0,0,0,3,20,0,0,1,0,0,76,33,"Melbourne","2016",5
12,"Tyson, Dom",13,4,18,31,2,0,0,4,1,5,5,7,1,3,1,15,15,0,0,1,0,0,80,33,"Melbourne","2016",5
23,"Vince, Bernie",16,3,8,24,3,1,0,3,1,2,4,5,1,1,0,9,15,1,1,1,0,0,88,33,"Melbourne","2016",5
7,"Viney, Jack",14,3,23,37,0,0,0,9,1,5,9,6,4,1,2,23,17,0,0,2,0,2,74,33,"Melbourne","2016",5
42,"Wagner, Josh",11,4,8,19,0,0,0,5,3,1,1,0,2,0,0,5,13,0,0,3,0,0,85,33,"Melbourne","2016",5
4,"Watts, Jack",7,4,10,17,3,0,0,3,0,0,0,3,2,0,0,10,6,1,1,1,0,2,79,33,"Melbourne","2016",5
0,"Rushed",0,0,0,0,0,2,0,0,0,0,0,0,0,0,0,0,0,0,0,0,0,0,0,33,"Melbourne","2016",5
12,"Astbury, David",9,5,3,12,0,1,0,1,1,4,0,2,3,1,0,10,3,3,0,5,0,0,88,-33,"Richmond","2016",5
11,"Batchelor, Jake",4,1,2,6,0,0,0,1,1,1,0,2,0,1,0,2,4,0,0,2,0,0,77,-33,"Richmond","2016",5
25,"Chaplin, Troy",7,3,1,8,1,0,3,2,1,4,1,1,1,1,0,4,4,0,0,5,0,2,94,-33,"Richmond","2016",5
9,"Cotchin, Trent",17,1,15,32,0,1,1,6,2,1,10,2,0,0,0,20,13,0,0,1,0,0,76,-33,"Richmond","2016",5
10,"Edwards, Shane",13,3,10,23,1,1,0,3,0,7,6,2,0,0,0,8,14,0,1,0,0,1,77,-33,"Richmond","2016",5
5,"Ellis, Brandon",11,2,8,19,1,0,0,4,2,1,1,4,0,2,0,3,15,0,1,2,0,0,90,-33,"Richmond","2016",5
32,"Ellis, Corey",4,0,7,11,0,0,0,1,2,0,2,2,0,0,0,3,7,0,0,1,0,0,84,-33,"Richmond","2016",5
6,"Grigg, Shaun",9,4,13,22,0,0,3,2,1,7,3,1,0,0,0,12,10,1,0,0,0,1,72,-33,"Richmond","2016",5
14,"Houli, Bachar",12,3,2,14,0,0,0,3,6,4,1,4,1,2,0,4,8,0,0,1,0,0,89,-33,"Richmond","2016",5
23,"Lambert, Kane",8,3,4,12,0,1,0,4,2,4,1,3,0,2,0,2,9,0,0,1,0,1,80,-33,"Richmond","2016",5
27,"Lloyd, Sam",8,1,6,14,3,1,0,7,0,1,1,0,1,0,0,8,5,1,1,0,0,0,80,-33,"Richmond","2016",5
20,"Maric, Ivan",6,3,7,13,0,0,26,2,1,2,2,1,1,1,0,6,6,1,0,2,0,0,84,-33,"Richmond","2016",5
4,"Martin, Dustin",11,3,7,18,1,0,0,5,3,3,3,2,0,0,0,9,8,0,1,2,0,0,85,-33,"Richmond","2016",5
33,"McIntosh, Kamdyn",9,3,4,13,0,0,0,4,4,1,0,2,2,1,0,7,6,1,0,1,0,0,80,-33,"Richmond","2016",5
37,"Menadue, Connor",4,0,7,11,0,0,0,2,0,2,0,2,1,0,0,2,10,0,0,1,0,0,76,-33,"Richmond","2016",5
26,"Miles, Anthony",13,3,12,25,1,0,0,7,1,4,6,2,3,1,0,14,11,0,0,1,0,0,82,-33,"Richmond","2016",5
38,"Morris, Steven",2,0,4,6,0,0,0,4,1,0,0,2,0,2,0,4,2,0,0,5,0,0,76,-33,"Richmond","2016",5
18,"Rance, Alex",11,3,5,16,0,0,0,1,4,1,0,4,2,2,0,10,5,2,0,13,1,1,98,-33,"Richmond","2016",5
8,"Riewoldt, Jack",16,7,8,24,3,2,0,0,0,6,0,4,2,2,0,15,10,3,2,0,0,2,92,-33,"Richmond","2016",5
17,"Rioli, Daniel",2,0,8,10,0,0,0,3,0,0,0,3,3,1,0,8,3,0,0,0,0,0,70,-33,"Richmond","2016",5
21,"Townsend, Jacob",4,2,8,12,0,0,0,8,1,1,3,5,1,4,0,6,6,0,0,0,0,0,73,-33,"Richmond","2016",5
29,"Vickery, Ty",5,3,2,7,3,1,7,2,0,2,0,1,1,1,0,6,2,1,2,2,0,2,78,-33,"Richmond","2016",5
0,"Rushed",0,0,0,0,0,4,0,0,0,0,0,0,0,0,0,0,0,0,0,0,0,0,0,-33,"Richmond","2016",5
