"Number","Player","Kicks","Marks","Handballs","Disposals","Goals","Behinds","Hitouts","Tackles","Rebounds50s","Inside50s","Clearances","Clangers","FreesFor","FreesAgainst","BrownlowVotes","ContestedPossessions","UncontestedPossessions","ContestedMarks","MarksInside50","OnePercenters","Bounces","GoalAssists","PercentagePlayed","PointDifference","Team","Season","Round"
13,"Adams, Taylor",17,2,13,30,0,0,0,6,0,4,4,4,2,2,0,13,17,0,0,2,0,1,77,-40,"Collingwood","2016",18
14,"Aish, James",10,1,7,17,0,1,0,1,2,3,3,1,2,1,0,8,8,0,0,2,0,1,75,-40,"Collingwood","2016",18
11,"Blair, Jarryd",7,2,7,14,2,1,0,9,1,4,0,2,2,1,0,8,6,0,1,0,0,0,85,-40,"Collingwood","2016",18
16,"Brown, Nathan",3,0,3,6,0,0,0,1,1,1,0,2,0,2,0,4,1,0,0,10,0,0,100,-40,"Collingwood","2016",18
32,"Cloke, Travis",7,3,1,8,0,0,0,2,0,4,0,3,1,2,0,3,5,1,0,1,0,0,85,-40,"Collingwood","2016",18
25,"Crisp, Jack",10,0,11,21,0,2,1,9,1,4,3,1,2,0,0,8,13,0,0,0,0,0,85,-40,"Collingwood","2016",18
1,"Fasolo, Alex",2,2,2,4,1,0,0,2,0,1,0,2,0,1,0,1,3,0,0,0,0,0,86,-40,"Collingwood","2016",18
19,"Greenwood, Levi",8,3,2,10,2,0,0,8,0,3,3,5,1,3,0,5,6,1,2,3,0,0,82,-40,"Collingwood","2016",18
4,"Grundy, Brodie",7,4,12,19,0,0,29,2,0,2,4,6,0,4,0,9,10,0,0,4,0,0,87,-40,"Collingwood","2016",18
38,"Howe, Jeremy",10,6,8,18,0,1,0,4,2,3,0,4,3,0,0,11,7,1,0,3,0,0,93,-40,"Collingwood","2016",18
17,"Marsh, Jonathon",7,2,3,10,0,0,0,4,4,0,0,5,2,0,0,5,7,0,0,5,0,0,86,-40,"Collingwood","2016",18
37,"Maynard, Brayden",9,2,8,17,0,0,0,1,4,1,0,2,0,1,0,7,9,0,0,3,0,0,87,-40,"Collingwood","2016",18
30,"Moore, Darcy",4,5,4,8,2,1,0,3,0,1,0,1,1,1,0,3,5,3,3,0,0,0,95,-40,"Collingwood","2016",18
10,"Pendlebury, Scott",13,2,17,30,1,1,0,3,3,5,7,2,1,0,0,15,16,0,0,0,0,2,85,-40,"Collingwood","2016",18
20,"Reid, Ben",10,6,4,14,0,0,0,1,3,0,0,1,1,0,0,5,10,2,0,9,0,0,93,-40,"Collingwood","2016",18
22,"Sidebottom, Steele",13,3,15,28,2,0,0,3,1,4,0,9,0,2,0,13,16,1,0,3,0,1,91,-40,"Collingwood","2016",18
28,"Sinclair, Ben",0,0,0,0,0,0,0,0,0,0,0,0,0,0,0,0,0,0,0,0,0,0,3,-40,"Collingwood","2016",18
40,"Smith, Josh",7,3,11,18,0,0,0,5,2,1,1,2,0,1,0,6,13,0,0,3,0,0,80,-40,"Collingwood","2016",18
7,"Treloar, Adam",10,4,15,25,0,0,0,6,3,2,7,2,0,1,0,12,14,1,0,0,0,2,81,-40,"Collingwood","2016",18
18,"Varcoe, Travis",8,2,7,15,0,0,0,5,3,4,0,2,1,1,0,5,11,0,0,1,0,1,85,-40,"Collingwood","2016",18
9,"White, Jesse",6,3,5,11,2,1,1,3,2,2,2,0,2,0,0,8,5,1,1,4,0,0,80,-40,"Collingwood","2016",18
26,"Williams, Marley",9,4,10,19,0,0,0,3,2,0,0,5,1,4,0,7,13,0,0,0,0,0,78,-40,"Collingwood","2016",18
0,"Rushed",0,0,0,0,0,4,0,0,0,0,0,0,0,0,0,0,0,0,0,0,0,0,0,-40,"Collingwood","2016",18
3,"Anderson, Jed",7,2,5,12,0,1,0,1,0,5,2,2,1,1,0,6,6,0,1,1,0,1,70,40,"North Melbourne","2016",18
18,"Atley, Shaun",8,2,8,16,0,0,0,2,4,0,1,1,1,1,0,5,11,0,0,2,1,0,88,40,"North Melbourne","2016",18
50,"Brown, Ben",7,2,4,11,2,0,0,3,0,3,0,1,2,0,0,6,5,1,0,3,0,1,100,40,"North Melbourne","2016",18
13,"Clarke, Ryan",8,4,19,27,0,1,0,2,2,4,3,1,1,1,0,12,15,0,1,0,0,3,68,40,"North Melbourne","2016",18
10,"Cunnington, Ben",6,5,15,21,0,0,0,3,2,2,6,3,0,1,0,11,9,0,0,0,0,1,63,40,"North Melbourne","2016",18
15,"Dal Santo, Nick",10,3,19,29,0,1,0,5,2,2,3,3,1,0,0,10,18,0,0,2,0,0,87,40,"North Melbourne","2016",18
38,"Daw, Majak",5,3,2,7,0,1,11,5,0,0,0,5,1,2,0,5,3,2,0,1,0,0,65,40,"North Melbourne","2016",18
14,"Dumont, Trent",6,3,9,15,2,0,1,6,1,2,0,4,2,1,0,6,11,0,0,0,0,1,82,40,"North Melbourne","2016",18
11,"Firrito, Michael",9,2,2,11,0,0,0,1,2,3,0,3,3,1,0,6,6,1,0,7,2,0,89,40,"North Melbourne","2016",18
43,"Gibson, Sam",16,7,17,33,1,1,0,2,3,4,2,2,2,1,3,10,23,0,0,3,1,0,90,40,"North Melbourne","2016",18
22,"Goldstein, Todd",3,1,10,13,1,0,21,2,0,0,4,0,2,0,0,9,3,0,1,1,0,0,87,40,"North Melbourne","2016",18
29,"Harvey, Brent",15,2,10,25,2,2,0,3,1,8,2,4,0,2,0,5,19,0,0,1,4,1,87,40,"North Melbourne","2016",18
34,"Macmillan, Jamie",13,8,6,19,1,0,0,3,2,3,0,1,1,0,0,4,15,0,0,1,0,0,86,40,"North Melbourne","2016",18
2,"McKenzie, Brad",11,5,8,19,0,0,0,3,3,3,1,2,1,1,0,7,11,1,0,0,0,0,82,40,"North Melbourne","2016",18
17,"Mullett, Aaron",6,0,4,10,0,0,0,4,1,2,1,3,0,1,0,4,6,0,0,6,1,0,70,40,"North Melbourne","2016",18
20,"Petrie, Drew",10,7,4,14,2,2,0,7,0,2,1,1,3,0,0,7,8,2,3,5,0,0,96,40,"North Melbourne","2016",18
9,"Swallow, Andrew",5,2,14,19,0,0,0,2,1,5,3,3,1,3,0,9,9,0,0,0,0,1,68,40,"North Melbourne","2016",18
25,"Tarrant, Robbie",13,9,6,19,0,0,0,2,6,0,0,4,0,3,0,2,17,0,0,5,0,0,93,40,"North Melbourne","2016",18
12,"Thomas, Lindsay",11,2,4,15,5,2,0,3,0,3,4,1,3,0,1,6,8,0,1,2,0,1,73,40,"North Melbourne","2016",18
16,"Thompson, Scott",7,5,8,15,0,0,0,3,1,1,0,1,1,1,0,5,11,0,0,6,0,0,94,40,"North Melbourne","2016",18
8,"Wells, Daniel",18,7,11,29,0,0,0,2,1,5,6,3,0,0,2,8,22,0,2,0,2,2,76,40,"North Melbourne","2016",18
7,"Ziebell, Jack",12,7,8,20,2,2,1,1,0,4,2,2,1,2,0,6,14,0,2,1,0,0,84,40,"North Melbourne","2016",18
0,"Rushed",0,0,0,0,0,3,0,0,0,0,0,0,0,0,0,0,0,0,0,0,0,0,0,40,"North Melbourne","2016",18
