"Number","Player","Kicks","Marks","Handballs","Disposals","Goals","Behinds","Hitouts","Tackles","Rebounds50s","Inside50s","Clearances","Clangers","FreesFor","FreesAgainst","BrownlowVotes","ContestedPossessions","UncontestedPossessions","ContestedMarks","MarksInside50","OnePercenters","Bounces","GoalAssists","PercentagePlayed","PointDifference","Team","Season","Round"
1,"Ballantyne, Hayden",8,2,5,13,3,0,0,0,0,1,1,2,0,1,0,4,9,1,2,1,0,0,83,-38,"Fremantle","2016",9
19,"Blakely, Connor",14,1,8,22,0,0,7,7,1,6,6,2,1,2,0,15,10,1,0,0,0,0,62,-38,"Fremantle","2016",9
30,"Clarke, Zac",1,1,7,8,0,0,15,2,1,0,1,5,0,5,0,5,2,0,0,3,0,0,66,-38,"Fremantle","2016",9
17,"Crozier, Hayden",11,5,4,15,0,0,0,3,3,2,0,1,1,0,0,6,9,1,0,1,0,0,82,-38,"Fremantle","2016",9
3,"Dawson, Zac",3,1,6,9,0,0,0,0,1,1,0,3,2,1,0,5,3,0,0,5,0,0,100,-38,"Fremantle","2016",9
12,"Griffin, Jonathon",1,0,2,3,0,0,19,6,0,0,0,2,0,1,0,2,1,0,0,5,0,1,82,-38,"Fremantle","2016",9
15,"Hughes, Ethan",9,5,8,17,0,0,0,1,3,1,0,2,1,1,0,9,7,2,0,4,0,0,92,-38,"Fremantle","2016",9
5,"Ibbotson, Garrick",6,1,6,12,0,0,0,2,0,1,0,4,1,0,0,4,9,0,0,1,0,0,95,-38,"Fremantle","2016",9
26,"Langdon, Ed",9,3,3,12,1,2,0,5,0,1,1,3,0,0,0,4,7,2,1,0,0,0,71,-38,"Fremantle","2016",9
23,"Mayne, Chris",6,3,8,14,0,0,0,6,1,1,0,1,1,1,0,4,11,1,0,0,1,0,91,-38,"Fremantle","2016",9
16,"Mundy, David",9,2,14,23,0,0,3,6,2,4,8,6,0,3,0,14,10,0,0,2,0,0,86,-38,"Fremantle","2016",9
27,"Neale, Lachie",15,7,22,37,0,0,0,9,1,3,6,4,3,0,1,18,20,0,0,0,0,0,87,-38,"Fremantle","2016",9
29,"Pavlich, Matthew",6,3,3,9,0,0,0,6,1,2,0,2,0,1,0,3,6,1,0,0,0,1,94,-38,"Fremantle","2016",9
25,"Pearce, Alex",9,3,6,15,0,0,0,3,2,0,0,1,3,1,0,7,9,0,0,8,0,0,60,-38,"Fremantle","2016",9
46,"Pearce, Clancee",7,2,3,10,0,0,0,5,2,0,2,0,1,0,0,4,6,0,0,2,0,0,57,-38,"Fremantle","2016",9
6,"Pearce, Danyle",19,2,4,23,0,0,0,3,3,6,5,3,1,0,0,9,12,0,0,1,0,0,69,-38,"Fremantle","2016",9
11,"Sheridan, Tom",9,3,6,15,0,0,0,1,2,1,0,3,0,1,0,1,13,0,0,1,1,1,79,-38,"Fremantle","2016",9
34,"Spurr, Lee",11,5,4,15,0,0,0,2,3,2,1,6,1,4,0,2,11,0,0,2,0,1,93,-38,"Fremantle","2016",9
8,"Suban, Nick",11,1,9,20,0,2,0,7,2,5,4,0,1,0,0,11,9,0,1,1,0,0,81,-38,"Fremantle","2016",9
20,"Taberner, Matthew",5,2,6,11,1,0,0,3,0,2,0,3,1,1,0,9,3,2,0,4,0,0,89,-38,"Fremantle","2016",9
10,"Walters, Michael",8,0,3,11,1,3,0,5,0,1,1,1,2,0,0,3,7,0,0,2,0,0,84,-38,"Fremantle","2016",9
14,"Weller, Lachie",6,0,6,12,0,0,0,3,0,3,0,6,1,1,0,6,4,0,0,0,0,0,73,-38,"Fremantle","2016",9
0,"Rushed",0,0,0,0,0,2,0,0,0,0,0,0,0,0,0,0,0,0,0,0,0,0,0,-38,"Fremantle","2016",9
11,"Batchelor, Jake",5,2,3,8,0,0,0,1,3,1,0,0,0,0,0,2,6,0,0,1,0,0,78,38,"Richmond","2016",9
25,"Chaplin, Troy",9,6,4,13,0,0,0,1,2,1,0,0,2,0,0,6,8,0,0,6,0,0,85,38,"Richmond","2016",9
9,"Cotchin, Trent",18,2,21,39,0,1,0,7,1,5,10,6,2,2,2,18,16,0,0,1,0,3,80,38,"Richmond","2016",9
3,"Deledio, Brett",12,4,8,20,0,2,0,6,2,4,2,3,2,0,0,9,10,0,1,2,0,1,87,38,"Richmond","2016",9
10,"Edwards, Shane",13,3,9,22,2,1,0,2,1,3,3,4,0,0,0,9,12,1,1,0,0,1,74,38,"Richmond","2016",9
5,"Ellis, Brandon",16,6,2,18,0,2,0,4,4,2,1,1,0,0,0,5,13,0,0,1,0,0,81,38,"Richmond","2016",9
24,"Griffiths, Ben",4,3,3,7,1,1,15,2,0,4,1,1,2,1,0,4,3,1,1,3,0,0,79,38,"Richmond","2016",9
6,"Grigg, Shaun",17,4,7,24,1,0,0,8,4,0,5,5,2,0,0,13,13,0,1,1,0,1,85,38,"Richmond","2016",9
2,"Grimes, Dylan",5,1,4,9,0,0,0,3,1,1,0,4,1,2,0,3,6,1,0,4,0,0,84,38,"Richmond","2016",9
16,"Hampson, Shaun",6,3,2,8,0,0,32,2,1,2,2,1,4,0,0,9,1,3,0,0,0,0,69,38,"Richmond","2016",9
28,"Hunt, Taylor",12,7,10,22,0,0,0,1,2,1,3,2,0,0,0,7,15,0,0,4,0,1,96,38,"Richmond","2016",9
23,"Lambert, Kane",8,2,7,15,0,0,0,3,0,3,1,4,0,1,0,5,8,0,0,0,0,1,85,38,"Richmond","2016",9
27,"Lloyd, Sam",8,6,6,14,1,0,0,3,0,2,1,4,2,3,0,5,9,1,1,0,0,1,80,38,"Richmond","2016",9
4,"Martin, Dustin",17,4,13,30,0,1,0,5,0,6,5,1,0,1,3,14,16,0,0,2,0,0,83,38,"Richmond","2016",9
37,"Menadue, Connor",5,3,3,8,1,1,0,2,1,0,0,1,0,1,0,2,8,0,0,2,0,0,70,38,"Richmond","2016",9
26,"Miles, Anthony",15,4,7,22,2,0,0,6,2,1,5,5,3,2,0,13,8,0,2,2,0,0,78,38,"Richmond","2016",9
38,"Morris, Steven",11,4,8,19,1,0,0,1,3,0,1,4,1,1,0,9,8,1,1,0,0,0,75,38,"Richmond","2016",9
18,"Rance, Alex",7,3,8,15,0,0,0,0,3,2,1,0,1,0,0,8,7,0,0,12,0,0,100,38,"Richmond","2016",9
8,"Riewoldt, Jack",8,5,1,9,2,1,0,5,1,3,0,3,2,2,0,5,4,2,2,1,0,0,96,38,"Richmond","2016",9
45,"Short, Jayden",5,3,0,5,0,0,0,2,0,1,0,1,0,1,0,1,4,0,0,1,0,0,79,38,"Richmond","2016",9
29,"Vickery, Ty",1,0,1,2,0,1,1,2,0,0,0,4,0,3,0,2,1,0,0,3,0,0,71,38,"Richmond","2016",9
1,"Vlastuin, Nick",15,11,3,18,0,0,0,1,0,1,1,2,0,1,0,4,13,1,0,4,0,0,84,38,"Richmond","2016",9
0,"Rushed",0,0,0,0,0,6,0,0,0,0,0,0,0,0,0,0,0,0,0,0,0,0,0,38,"Richmond","2016",9
