"Number","Player","Kicks","Marks","Handballs","Disposals","Goals","Behinds","Hitouts","Tackles","Rebounds50s","Inside50s","Clearances","Clangers","FreesFor","FreesAgainst","BrownlowVotes","ContestedPossessions","UncontestedPossessions","ContestedMarks","MarksInside50","OnePercenters","Bounces","GoalAssists","PercentagePlayed","PointDifference","Team","Season","Round"
3,"Anderson, Jed",4,1,1,5,0,0,0,0,0,2,1,0,0,0,0,3,2,0,0,0,0,0,26,10,"North Melbourne","2016",1
18,"Atley, Shaun",10,5,7,17,0,0,0,1,6,1,0,2,0,0,0,4,13,0,0,3,5,0,84,10,"North Melbourne","2016",1
50,"Brown, Ben",9,6,2,11,2,0,2,2,1,2,1,3,0,1,0,4,7,1,1,4,0,0,83,10,"North Melbourne","2016",1
10,"Cunnington, Ben",7,1,20,27,0,1,1,7,1,1,10,2,1,1,0,23,4,1,0,2,0,0,79,10,"North Melbourne","2016",1
15,"Dal Santo, Nick",12,2,9,21,1,1,0,2,4,3,6,0,2,0,0,9,11,0,1,1,1,0,80,10,"North Melbourne","2016",1
11,"Firrito, Michael",10,9,7,17,0,0,0,1,4,2,0,2,0,2,0,4,12,1,0,7,1,0,90,10,"North Melbourne","2016",1
27,"Garner, Taylor",5,5,6,11,2,0,0,5,0,1,0,0,0,0,0,4,6,1,1,1,0,0,71,10,"North Melbourne","2016",1
43,"Gibson, Sam",11,3,14,25,0,0,0,6,1,5,2,2,1,0,0,5,21,0,0,2,0,2,83,10,"North Melbourne","2016",1
22,"Goldstein, Todd",8,4,5,13,1,0,44,7,0,1,3,2,0,1,3,8,4,4,0,2,0,0,92,10,"North Melbourne","2016",1
29,"Harvey, Brent",12,5,4,16,3,0,0,2,1,1,1,1,0,0,0,4,13,0,0,1,1,0,84,10,"North Melbourne","2016",1
4,"Higgins, Shaun",8,5,10,18,1,0,0,9,1,4,1,1,1,0,0,9,9,1,1,0,0,0,86,10,"North Melbourne","2016",1
34,"Macmillan, Jamie",11,4,4,15,0,0,0,1,2,5,2,1,0,0,0,6,9,0,0,5,3,0,81,10,"North Melbourne","2016",1
21,"McDonald, Luke",8,4,4,12,0,1,0,2,1,0,0,2,0,2,0,4,8,1,0,2,0,0,89,10,"North Melbourne","2016",1
20,"Petrie, Drew",5,3,1,6,2,1,0,4,0,2,0,4,0,4,0,3,3,2,2,5,0,0,94,10,"North Melbourne","2016",1
9,"Swallow, Andrew",9,1,8,17,0,0,0,10,3,0,2,2,1,1,0,11,9,0,0,3,0,0,77,10,"North Melbourne","2016",1
25,"Tarrant, Robbie",16,8,8,24,0,1,0,2,5,4,0,5,2,3,0,7,15,1,0,6,0,0,91,10,"North Melbourne","2016",1
12,"Thomas, Lindsay",10,4,4,14,1,2,0,3,0,3,0,2,2,1,0,6,7,1,2,0,0,2,76,10,"North Melbourne","2016",1
16,"Thompson, Scott",7,5,6,13,0,0,0,1,1,1,0,1,2,1,0,5,10,0,0,4,0,0,88,10,"North Melbourne","2016",1
30,"Waite, Jarrad",14,7,6,20,3,1,0,6,1,3,0,3,2,1,1,11,9,3,3,1,0,1,98,10,"North Melbourne","2016",1
8,"Wells, Daniel",14,5,4,18,0,0,0,7,0,8,6,0,2,0,0,9,9,0,0,1,0,2,79,10,"North Melbourne","2016",1
19,"Wright, Sam",8,2,7,15,0,0,0,0,5,2,0,1,2,1,0,5,10,0,0,4,0,0,91,10,"North Melbourne","2016",1
7,"Ziebell, Jack",16,2,10,26,0,0,0,4,1,5,7,7,0,3,0,16,12,0,0,3,0,1,79,10,"North Melbourne","2016",1
0,"Rushed",0,0,0,0,0,3,0,0,0,0,0,0,0,0,0,0,0,0,0,0,0,0,0,10,"North Melbourne","2016",1
21,"Atkins, Rory",9,3,9,18,0,0,0,2,2,4,3,2,0,1,0,10,10,0,0,2,1,0,77,-10,"Adelaide","2016",1
18,"Betts, Eddie",11,3,4,15,1,3,0,8,3,3,3,3,3,1,0,8,7,0,1,0,0,0,91,-10,"Adelaide","2016",1
16,"Brown, Luke",9,4,4,13,0,0,0,2,3,1,0,1,0,0,0,3,10,0,0,0,0,0,83,-10,"Adelaide","2016",1
25,"Cheney, Kyle",5,1,6,11,0,0,0,2,4,0,0,0,2,0,0,9,3,1,0,7,0,0,84,-10,"Adelaide","2016",1
2,"Crouch, Brad",12,2,8,20,0,0,0,9,2,1,3,7,2,3,0,9,13,0,0,1,0,1,77,-10,"Adelaide","2016",1
44,"Crouch, Matt",14,3,9,23,1,0,0,2,2,5,10,1,2,1,0,15,9,0,0,1,0,0,67,-10,"Adelaide","2016",1
26,"Douglas, Richard",14,2,6,20,1,0,0,3,2,6,2,1,1,0,0,5,14,0,0,3,0,1,76,-10,"Adelaide","2016",1
24,"Jacobs, Sam",4,3,6,10,1,0,35,1,0,1,2,1,0,0,0,4,6,1,1,0,0,0,93,-10,"Adelaide","2016",1
4,"Jenkins, Josh",8,5,2,10,5,0,5,1,0,2,0,1,1,1,2,4,5,1,2,2,0,1,90,-10,"Adelaide","2016",1
29,"Laird, Rory",14,9,10,24,0,0,0,1,2,2,1,4,0,1,0,7,17,0,0,1,0,1,82,-10,"Adelaide","2016",1
6,"Lever, Jake",7,2,4,11,0,0,0,0,3,0,0,2,1,2,0,3,7,1,0,9,0,0,94,-10,"Adelaide","2016",1
27,"Lynch, Tom",10,4,1,11,1,0,0,2,0,2,2,3,3,1,0,6,7,0,1,0,0,1,88,-10,"Adelaide","2016",1
14,"Mackay, David",8,2,5,13,1,0,0,4,1,3,3,1,0,1,0,3,10,0,0,2,1,0,68,-10,"Adelaide","2016",1
41,"McGovern, Mitch",7,5,2,9,0,3,0,3,1,1,0,3,0,1,0,5,5,2,1,2,0,1,74,-10,"Adelaide","2016",1
30,"Milera, Wayne",4,2,3,7,0,1,0,2,0,1,1,2,2,1,0,5,2,1,0,2,0,0,70,-10,"Adelaide","2016",1
11,"Seedsman, Paul",6,3,5,11,1,0,0,4,1,3,0,1,0,0,0,2,11,0,0,0,1,0,76,-10,"Adelaide","2016",1
9,"Sloane, Rory",5,1,14,19,0,1,4,7,0,2,4,2,0,0,0,10,8,0,0,2,2,2,76,-10,"Adelaide","2016",1
33,"Smith, Brodie",16,5,8,24,0,0,0,1,4,6,2,4,0,0,0,8,16,0,0,4,2,1,85,-10,"Adelaide","2016",1
12,"Talia, Daniel",7,3,9,16,0,0,0,3,7,1,0,0,0,0,0,5,11,0,0,12,0,0,95,-10,"Adelaide","2016",1
5,"Thompson, Scott",15,3,15,30,0,1,0,2,1,7,9,3,2,2,0,17,14,0,0,0,0,0,89,-10,"Adelaide","2016",1
7,"van Berlo, Nathan",5,0,4,9,0,0,0,3,1,3,0,2,1,0,0,5,4,0,0,5,0,1,77,-10,"Adelaide","2016",1
13,"Walker, Taylor",13,10,5,18,2,3,0,1,0,3,0,3,2,2,0,7,12,1,2,2,0,0,88,-10,"Adelaide","2016",1
0,"Rushed",0,0,0,0,0,1,0,0,0,0,0,0,0,0,0,0,0,0,0,0,0,0,0,-10,"Adelaide","2016",1
