"Number","Player","Kicks","Marks","Handballs","Disposals","Goals","Behinds","Hitouts","Tackles","Rebounds50s","Inside50s","Clearances","Clangers","FreesFor","FreesAgainst","BrownlowVotes","ContestedPossessions","UncontestedPossessions","ContestedMarks","MarksInside50","OnePercenters","Bounces","GoalAssists","PercentagePlayed","PointDifference","Team","Season","Round"
31,"Andrews, Harris",8,9,7,15,0,0,1,1,1,0,0,1,0,0,0,6,10,1,0,13,0,0,94,-83,"Brisbane Lions","2016",12
4,"Bastinac, Ryan",16,7,10,26,1,1,0,2,1,2,1,3,1,0,0,9,18,0,1,1,0,1,85,-83,"Brisbane Lions","2016",12
7,"Bell, Tom",8,6,6,14,0,0,0,3,0,2,1,1,0,0,0,5,9,1,3,1,0,0,79,-83,"Brisbane Lions","2016",12
8,"Bewick, Rohan",15,9,6,21,1,1,0,5,6,4,2,2,0,0,0,5,16,0,0,0,0,0,71,-83,"Brisbane Lions","2016",12
26,"Cutler, Tom",19,13,9,28,2,1,0,3,3,8,1,1,0,0,0,6,21,0,1,3,4,0,85,-83,"Brisbane Lions","2016",12
27,"Gardiner, Darcy",9,7,14,23,0,0,0,2,1,1,0,2,2,1,0,10,13,0,0,4,0,0,81,-83,"Brisbane Lions","2016",12
11,"Hanley, Pearce",17,5,13,30,0,1,0,2,2,1,8,2,1,2,0,12,18,0,0,3,0,0,79,-83,"Brisbane Lions","2016",12
2,"Harwood, Ryan",8,5,7,15,0,0,0,5,2,0,1,5,0,2,0,5,11,0,0,4,0,0,75,-83,"Brisbane Lions","2016",12
16,"Jansen, Jarrad",2,0,7,9,0,1,0,7,0,0,2,2,0,0,0,8,1,0,0,1,0,0,69,-83,"Brisbane Lions","2016",12
1,"Keays, Ben",1,2,4,5,0,1,0,3,0,0,0,0,0,0,0,1,5,0,2,0,0,0,80,-83,"Brisbane Lions","2016",12
12,"Martin, Stefan",2,2,11,13,0,0,30,1,0,0,3,4,2,3,0,9,4,0,0,2,0,0,83,-83,"Brisbane Lions","2016",12
32,"Mayes, Sam",18,8,2,20,0,0,0,2,3,1,1,2,1,1,0,3,18,1,0,4,0,0,81,-83,"Brisbane Lions","2016",12
25,"McStay, Daniel",10,8,11,21,0,0,0,5,3,5,1,3,2,1,0,5,17,0,0,4,0,2,90,-83,"Brisbane Lions","2016",12
21,"Merrett, Daniel",7,5,3,10,0,0,0,2,0,0,0,4,1,3,0,3,8,0,0,7,0,0,92,-83,"Brisbane Lions","2016",12
10,"Rich, Daniel",12,2,6,18,1,0,0,4,3,4,1,2,1,1,0,5,11,0,1,2,0,1,85,-83,"Brisbane Lions","2016",12
18,"Robertson, Nick",9,7,13,22,0,0,0,2,0,2,0,2,0,1,0,5,18,0,1,2,0,1,68,-83,"Brisbane Lions","2016",12
5,"Robinson, Mitch",12,6,14,26,0,1,0,8,1,2,5,2,1,1,0,8,19,0,0,1,0,0,89,-83,"Brisbane Lions","2016",12
38,"Rockliff, Tom",14,8,20,34,0,0,0,9,2,3,2,3,0,0,0,8,26,0,0,0,1,0,78,-83,"Brisbane Lions","2016",12
23,"Schache, Josh",3,3,2,5,2,0,0,0,0,0,0,0,0,0,0,2,3,1,2,0,0,0,89,-83,"Brisbane Lions","2016",12
28,"Taylor, Lewis",7,4,6,13,2,1,0,1,1,0,0,2,0,2,0,3,11,0,1,1,1,0,84,-83,"Brisbane Lions","2016",12
13,"West, Trent",3,4,6,9,0,0,18,1,0,0,1,0,0,0,0,6,3,1,1,3,0,0,85,-83,"Brisbane Lions","2016",12
15,"Zorko, Dayne",18,6,8,26,0,0,0,3,2,2,2,1,0,0,0,5,21,0,0,3,0,0,79,-83,"Brisbane Lions","2016",12
0,"Rushed",0,0,0,0,0,2,0,0,0,0,0,0,0,0,0,0,0,0,0,0,0,0,0,-83,"Brisbane Lions","2016",12
1,"Ballantyne, Hayden",13,7,10,23,4,0,0,2,0,4,2,1,1,0,0,10,14,0,2,2,3,2,75,83,"Fremantle","2016",12
21,"Barlow, Michael",11,8,12,23,0,0,0,2,3,2,1,0,1,0,0,11,12,2,0,2,0,0,88,83,"Fremantle","2016",12
19,"Blakely, Connor",7,2,22,29,0,0,2,3,1,5,7,4,0,1,3,14,15,0,0,0,0,0,61,83,"Fremantle","2016",12
30,"Clarke, Zac",4,0,3,7,0,0,20,3,1,1,4,2,3,2,0,4,1,0,0,4,0,0,88,83,"Fremantle","2016",12
40,"Collins, Sam",5,5,3,8,0,0,0,2,2,0,0,1,0,0,0,2,6,0,0,6,0,0,97,83,"Fremantle","2016",12
17,"Crozier, Hayden",17,4,3,20,0,0,0,4,3,3,2,2,2,0,0,4,16,0,0,1,0,0,92,83,"Fremantle","2016",12
3,"Dawson, Zac",1,4,5,6,0,0,4,0,1,0,0,0,0,0,0,2,7,0,0,8,0,0,95,83,"Fremantle","2016",12
38,"Hannath, Jack",8,1,4,12,0,1,12,2,0,2,3,2,1,2,0,6,8,0,0,3,0,0,83,83,"Fremantle","2016",12
32,"Hill, Stephen",14,8,11,25,0,0,2,1,3,0,0,0,0,0,0,2,22,0,0,2,0,0,90,83,"Fremantle","2016",12
23,"Mayne, Chris",8,5,10,18,4,2,0,9,0,1,0,1,1,1,1,6,11,0,3,0,1,3,81,83,"Fremantle","2016",12
16,"Mundy, David",6,1,14,20,0,0,3,6,1,3,5,0,0,0,0,10,9,0,0,1,0,0,79,83,"Fremantle","2016",12
27,"Neale, Lachie",7,1,11,18,0,0,0,2,0,5,6,1,1,1,0,9,9,0,0,1,0,0,77,83,"Fremantle","2016",12
6,"Pearce, Danyle",12,5,11,23,0,0,0,4,1,8,1,2,0,0,0,6,17,0,0,2,1,2,79,83,"Fremantle","2016",12
11,"Sheridan, Tom",12,4,10,22,1,1,0,3,1,2,1,1,1,0,0,6,17,0,1,0,0,0,74,83,"Fremantle","2016",12
22,"Smith, Tanner",5,2,6,11,1,0,0,4,0,1,1,3,1,2,0,4,6,0,0,3,0,4,74,83,"Fremantle","2016",12
34,"Spurr, Lee",12,8,5,17,0,0,0,2,3,1,0,1,1,0,0,5,12,2,0,2,1,0,88,83,"Fremantle","2016",12
8,"Suban, Nick",13,7,8,21,1,1,1,4,0,4,2,2,0,1,0,8,13,0,1,1,0,1,78,83,"Fremantle","2016",12
33,"Sutcliffe, Cam",8,6,5,13,0,0,0,6,1,1,0,0,0,0,0,2,11,0,0,2,0,0,92,83,"Fremantle","2016",12
20,"Taberner, Matthew",12,8,5,17,5,0,0,0,1,1,0,0,0,0,0,7,10,1,4,2,0,0,89,83,"Fremantle","2016",12
18,"Tucker, Darcy",16,4,3,19,2,0,0,3,0,7,4,5,1,0,0,7,12,0,0,0,1,0,69,83,"Fremantle","2016",12
10,"Walters, Michael",9,4,10,19,1,0,0,5,1,4,5,3,1,2,0,6,14,0,2,1,1,2,80,83,"Fremantle","2016",12
14,"Weller, Lachie",12,3,10,22,4,0,0,3,0,4,2,4,3,0,2,9,13,0,0,2,0,3,69,83,"Fremantle","2016",12
0,"Rushed",0,0,0,0,0,4,0,0,0,0,0,0,0,0,0,0,0,0,0,0,0,0,0,83,"Fremantle","2016",12
