"Number","Player","Kicks","Marks","Handballs","Disposals","Goals","Behinds","Hitouts","Tackles","Rebounds50s","Inside50s","Clearances","Clangers","FreesFor","FreesAgainst","BrownlowVotes","ContestedPossessions","UncontestedPossessions","ContestedMarks","MarksInside50","OnePercenters","Bounces","GoalAssists","PercentagePlayed","PointDifference","Team","Season","Round"
7,"Cunningham, Harry",6,4,3,9,0,0,0,3,1,3,0,1,1,0,0,3,6,1,0,2,1,0,83,25,"Sydney","2016",3
23,"Franklin, Lance",15,6,3,18,4,1,0,4,0,5,1,4,2,2,1,10,8,3,3,0,0,0,96,25,"Sydney","2016",3
39,"Grundy, Heath",10,3,9,19,0,0,0,0,4,1,0,2,2,0,0,8,10,0,0,6,0,0,98,25,"Sydney","2016",3
4,"Hannebery, Dan",16,2,15,31,2,2,0,2,2,4,7,5,3,3,3,16,16,0,1,0,0,0,82,25,"Sydney","2016",3
5,"Heeney, Isaac",4,2,7,11,1,1,0,2,0,0,1,0,0,0,0,6,5,1,1,0,0,0,82,25,"Sydney","2016",3
29,"Hewett, George",1,0,2,3,0,0,0,4,1,0,0,1,0,0,0,0,3,0,0,0,0,0,51,25,"Sydney","2016",3
15,"Jack, Kieren",15,0,7,22,0,1,0,6,1,5,3,4,2,0,0,8,14,0,0,1,0,1,81,25,"Sydney","2016",3
10,"Jones, Zak",7,2,2,9,0,0,0,0,3,0,1,3,1,2,0,2,7,0,0,1,0,0,68,25,"Sydney","2016",3
12,"Kennedy, Josh",8,0,21,29,0,0,0,13,2,7,8,3,3,1,0,16,13,0,0,1,0,1,83,25,"Sydney","2016",3
11,"Laidler, Jeremy",9,4,5,14,0,0,0,0,5,1,1,3,2,1,0,5,8,1,0,6,0,0,82,25,"Sydney","2016",3
44,"Lloyd, Jake",11,5,14,25,0,0,0,1,2,5,3,2,0,0,0,8,17,0,0,1,0,0,76,25,"Sydney","2016",3
21,"McGlynn, Ben",9,2,8,17,1,1,0,4,0,5,0,2,4,0,0,10,6,0,0,1,0,0,66,25,"Sydney","2016",3
14,"Mills, Callum",3,3,6,9,0,0,0,1,0,2,0,1,0,1,0,4,5,2,0,1,0,1,78,25,"Sydney","2016",3
6,"Mitchell, Tom",16,3,9,25,1,2,0,7,1,7,2,3,0,0,0,8,18,0,1,1,0,2,80,25,"Sydney","2016",3
41,"Papley, Tom",9,1,5,14,1,0,0,3,1,3,0,5,1,3,0,8,5,0,0,1,0,0,78,25,"Sydney","2016",3
26,"Parker, Luke",10,7,20,30,1,0,0,6,2,3,7,2,3,1,2,16,17,2,0,2,0,1,90,25,"Sydney","2016",3
24,"Rampe, Dane",15,10,4,19,0,0,0,0,9,3,0,4,0,2,0,5,15,1,0,7,0,0,96,25,"Sydney","2016",3
25,"Richards, Ted",8,4,5,13,0,0,0,0,0,2,0,3,2,1,0,9,6,3,0,5,0,0,84,25,"Sydney","2016",3
27,"Robinson, Dan",8,4,2,10,0,1,1,5,0,4,0,0,1,0,0,2,7,0,0,1,0,1,68,25,"Sydney","2016",3
18,"Sinclair, Callum",4,3,4,8,1,0,16,0,0,1,0,1,2,0,0,4,4,0,0,2,0,1,87,25,"Sydney","2016",3
40,"Smith, Nick",10,5,7,17,0,0,0,1,1,5,0,0,1,0,0,5,12,0,0,1,0,0,97,25,"Sydney","2016",3
8,"Tippett, Kurt",8,4,1,9,2,0,32,2,0,1,4,6,0,2,0,7,3,2,4,5,0,0,94,25,"Sydney","2016",3
0,"Totals",202,74,159,361,14,9,49,64,35,67,38,55,30,19,6,160,205,16,10,45,1,8,0,25,"Sydney","2016",3
3,"Coniglio, Stephen",10,3,12,22,2,0,1,2,4,1,6,3,1,0,0,12,11,0,2,3,0,1,79,-25,"Greater Western Sydney","2016",3
35,"Corr, Aidan",4,3,1,5,0,0,0,1,1,1,0,3,0,1,0,0,5,0,1,2,0,0,74,-25,"Greater Western Sydney","2016",3
1,"Davis, Phil",14,5,4,18,0,0,0,4,8,0,0,5,3,3,0,7,11,0,0,11,0,0,93,-25,"Greater Western Sydney","2016",3
4,"Greene, Toby",10,1,12,22,0,1,1,1,2,2,2,6,1,4,0,6,16,0,0,1,1,0,76,-25,"Greater Western Sydney","2016",3
32,"Griffen, Ryan",8,4,13,21,0,2,1,7,2,4,7,3,0,2,0,10,11,2,1,0,1,0,72,-25,"Greater Western Sydney","2016",3
33,"Hoskin-Elliott, Will",3,2,5,8,0,0,0,4,1,0,1,3,1,3,0,3,5,0,0,1,0,0,84,-25,"Greater Western Sydney","2016",3
17,"Johnson, Steve",9,3,9,18,1,0,0,3,1,5,2,5,1,4,0,7,12,0,0,1,1,1,82,-25,"Greater Western Sydney","2016",3
22,"Kelly, Josh",14,2,7,21,1,0,0,3,3,5,2,3,0,1,0,6,15,0,0,1,0,1,81,-25,"Greater Western Sydney","2016",3
40,"Kennedy, Adam",8,4,6,14,0,0,0,3,2,2,0,1,1,0,0,2,12,1,0,1,1,0,83,-25,"Greater Western Sydney","2016",3
37,"Lobb, Rory",2,1,5,7,0,0,1,2,1,0,1,2,0,1,0,3,4,0,0,5,0,0,86,-25,"Greater Western Sydney","2016",3
41,"Mumford, Shane",4,3,7,11,1,0,30,10,1,1,3,0,3,0,0,7,4,2,0,1,0,0,84,-25,"Greater Western Sydney","2016",3
7,"Palmer, Rhys",8,5,3,11,2,1,0,2,0,3,0,2,2,0,0,4,7,0,2,0,0,0,80,-25,"Greater Western Sydney","2016",3
24,"Patfull, Joel",6,2,4,10,0,0,0,2,3,0,0,1,2,1,0,7,4,0,0,11,0,0,89,-25,"Greater Western Sydney","2016",3
12,"Patton, Jonathon",4,4,3,7,2,0,0,1,0,1,0,1,0,1,0,2,5,0,1,0,0,0,80,-25,"Greater Western Sydney","2016",3
9,"Scully, Tom",16,7,13,29,0,2,0,6,3,4,4,6,1,1,0,9,21,0,1,1,1,1,89,-25,"Greater Western Sydney","2016",3
23,"Shaw, Heath",22,9,5,27,0,0,0,4,10,0,0,6,0,2,0,7,18,2,0,3,5,0,94,-25,"Greater Western Sydney","2016",3
5,"Shiel, Dylan",11,2,17,28,0,0,0,6,0,2,3,2,0,1,0,9,18,0,0,1,3,1,70,-25,"Greater Western Sydney","2016",3
10,"Smith, Devon",7,1,13,20,0,0,0,2,1,2,1,2,0,1,0,8,13,0,0,0,0,1,78,-25,"Greater Western Sydney","2016",3
8,"Ward, Callan",5,4,13,18,1,0,4,7,1,2,4,3,1,1,0,13,7,0,0,2,0,0,81,-25,"Greater Western Sydney","2016",3
6,"Whitfield, Lachie",12,4,16,28,0,0,0,5,1,6,2,4,1,1,0,11,18,0,0,1,3,0,86,-25,"Greater Western Sydney","2016",3
29,"Williams, Zac",11,5,7,18,0,0,0,2,1,3,0,0,1,0,0,6,12,1,1,0,1,0,74,-25,"Greater Western Sydney","2016",3
16,"Wilson, Nathan",12,4,9,21,0,0,0,0,5,3,0,5,0,2,0,9,12,0,0,4,1,0,84,-25,"Greater Western Sydney","2016",3
0,"Rushed",0,0,0,0,0,2,0,0,0,0,0,0,0,0,0,0,0,0,0,0,0,0,0,-25,"Greater Western Sydney","2016",3
