"Number","Player","Kicks","Marks","Handballs","Disposals","Goals","Behinds","Hitouts","Tackles","Rebounds50s","Inside50s","Clearances","Clangers","FreesFor","FreesAgainst","BrownlowVotes","ContestedPossessions","UncontestedPossessions","ContestedMarks","MarksInside50","OnePercenters","Bounces","GoalAssists","PercentagePlayed","PointDifference","Team","Season","Round"
29,"Ambrose, Patrick",1,1,10,11,0,0,3,2,1,0,2,2,0,2,0,6,5,0,0,4,0,0,94,-30,"Essendon","2016",4
12,"Baguley, Mark",13,9,9,22,0,0,0,3,4,2,0,2,1,1,0,4,18,0,0,3,0,0,83,-30,"Essendon","2016",4
24,"Bird, Craig",8,4,16,24,0,1,0,4,0,1,3,5,2,2,0,11,12,0,1,0,0,0,84,-30,"Essendon","2016",4
28,"Brown, Mitch",9,7,1,10,1,0,0,2,0,3,0,2,2,1,0,3,7,1,1,2,0,0,82,-30,"Essendon","2016",4
17,"Cooney, Adam",13,6,15,28,0,0,1,1,0,2,3,2,1,0,0,7,21,0,0,3,0,0,74,-30,"Essendon","2016",4
6,"Daniher, Joe",3,1,3,6,0,1,0,2,1,0,0,1,1,1,0,2,4,0,0,2,0,0,89,-30,"Essendon","2016",4
49,"Dea, Matt",12,7,4,16,0,0,0,3,3,2,2,2,2,0,0,8,8,0,0,2,0,1,84,-30,"Essendon","2016",4
13,"Fantasia, Orazio",11,8,18,29,1,1,0,5,1,3,1,3,0,0,0,4,25,0,1,0,0,0,75,-30,"Essendon","2016",4
8,"Gleeson, Martin",10,4,9,19,0,0,0,3,4,2,2,4,1,1,0,6,12,0,0,6,0,1,79,-30,"Essendon","2016",4
9,"Goddard, Brendon",11,5,15,26,0,0,3,1,3,3,2,6,0,1,0,7,19,0,0,1,0,0,89,-30,"Essendon","2016",4
42,"Gwilt, James",15,16,10,25,0,0,0,0,2,0,0,3,0,0,0,0,25,0,0,5,0,0,90,-30,"Essendon","2016",4
36,"Hartley, Michael",3,2,2,5,0,0,0,5,3,0,0,1,0,0,0,1,4,0,0,4,0,0,92,-30,"Essendon","2016",4
47,"Kelly, James",14,6,9,23,0,0,0,5,4,0,1,2,1,0,0,5,18,0,0,1,0,0,85,-30,"Essendon","2016",4
30,"Langford, Kyle",3,0,10,13,0,0,0,1,0,0,1,1,1,1,0,2,11,0,0,2,0,0,80,-30,"Essendon","2016",4
33,"Laverde, Jayden",3,1,5,8,1,0,0,2,0,1,0,1,2,0,0,5,4,0,1,0,0,0,29,-30,"Essendon","2016",4
22,"Leuenberger, Matthew",5,3,11,16,0,2,25,0,0,1,3,1,2,0,0,7,9,0,2,1,0,0,82,-30,"Essendon","2016",4
43,"McDonald-Tipungwuti, Anthony",14,3,9,23,0,0,0,0,3,4,0,0,1,0,0,6,15,0,0,3,3,1,83,-30,"Essendon","2016",4
45,"McKenna, Conor",6,4,7,13,0,0,0,1,0,0,0,2,1,0,0,5,8,0,2,0,0,0,81,-30,"Essendon","2016",4
7,"Merrett, Zach",16,5,13,29,1,0,0,8,1,8,4,1,3,1,3,10,19,0,1,0,0,1,87,-30,"Essendon","2016",4
3,"Parish, Darcy",8,1,16,24,0,0,0,2,2,4,5,3,1,1,0,14,10,0,0,0,0,0,83,-30,"Essendon","2016",4
48,"Stokes, Mathew",12,4,10,22,1,0,0,6,1,1,4,1,2,0,0,7,15,0,0,0,0,0,89,-30,"Essendon","2016",4
11,"Zaharakis, David",17,7,17,34,1,0,0,3,3,3,5,6,0,4,2,12,24,0,0,0,1,1,88,-30,"Essendon","2016",4
0,"Rushed",0,0,0,0,0,1,0,0,0,0,0,0,0,0,0,0,0,0,0,0,0,0,0,-30,"Essendon","2016",4
3,"Bartel, Jimmy",7,4,5,12,1,0,0,6,1,1,0,3,0,1,0,5,8,1,2,3,0,0,93,30,"Geelong","2016",4
46,"Blicavs, Mark",4,5,10,14,0,0,5,2,0,1,1,2,0,1,0,4,10,1,0,3,0,0,94,30,"Geelong","2016",4
23,"Caddy, Josh",6,4,17,23,1,0,0,6,0,3,2,2,0,0,0,13,11,2,1,1,1,0,74,30,"Geelong","2016",4
5,"Cockatoo, Nakia",9,4,4,13,1,2,0,7,0,1,1,2,2,1,0,7,7,0,3,1,0,1,82,30,"Geelong","2016",4
35,"Dangerfield, Patrick",14,5,13,27,0,0,0,2,2,7,5,4,1,2,0,12,17,0,0,0,0,0,76,30,"Geelong","2016",4
22,"Duncan, Mitch",12,4,15,27,0,0,0,4,2,5,4,5,1,2,1,8,19,0,0,0,2,1,71,30,"Geelong","2016",4
28,"Gregson, Cory",5,1,5,10,1,1,0,4,0,3,0,2,1,0,0,4,6,1,1,2,2,0,79,30,"Geelong","2016",4
29,"Guthrie, Cameron",6,1,12,18,0,0,1,6,0,2,2,3,2,1,0,6,14,0,0,1,4,1,70,30,"Geelong","2016",4
26,"Hawkins, Tom",8,5,4,12,0,0,0,2,0,4,0,3,0,1,0,4,7,2,1,1,0,1,87,30,"Geelong","2016",4
25,"Henderson, Lachie",13,10,4,17,0,0,0,1,5,1,0,0,0,0,0,4,13,2,0,5,0,0,92,30,"Geelong","2016",4
8,"Kolodjashnij, Jake",6,3,6,12,0,0,0,2,1,1,1,1,1,0,0,5,6,1,0,1,0,0,85,30,"Geelong","2016",4
11,"Lang, Darcy",6,3,5,11,1,1,0,2,0,1,2,1,0,0,0,4,7,0,1,0,0,0,83,30,"Geelong","2016",4
13,"Lonergan, Tom",8,6,4,12,0,0,0,2,2,2,0,0,0,0,0,2,10,1,0,3,0,0,91,30,"Geelong","2016",4
4,"Mackie, Andrew",16,8,6,22,0,0,0,4,4,2,2,4,1,3,0,5,17,0,0,2,1,0,84,30,"Geelong","2016",4
10,"Menzel, Daniel",10,8,8,18,0,5,0,3,0,1,0,1,0,0,0,5,12,2,6,0,0,1,81,30,"Geelong","2016",4
32,"Motlop, Steven",19,4,5,24,2,1,0,0,1,4,1,2,0,2,0,4,19,0,1,0,2,0,84,30,"Geelong","2016",4
21,"Murdoch, Jordan",5,4,5,10,0,0,0,3,0,1,0,4,0,2,0,3,7,0,0,3,0,0,72,30,"Geelong","2016",4
36,"Ruggles, Tom",9,2,8,17,0,0,0,1,3,1,1,5,3,2,0,3,13,0,0,0,0,0,85,30,"Geelong","2016",4
14,"Selwood, Joel",14,5,12,26,0,0,0,5,2,8,4,6,2,2,0,11,15,0,0,3,0,1,74,30,"Geelong","2016",4
9,"Smith, Zac",3,2,3,6,1,2,10,4,0,0,1,1,1,0,0,3,3,1,2,1,0,0,71,30,"Geelong","2016",4
1,"Stanley, Rhys",5,1,3,8,1,2,10,3,2,1,0,5,0,3,0,4,4,0,1,2,0,1,84,30,"Geelong","2016",4
7,"Taylor, Harry",12,8,8,20,0,0,0,2,5,0,0,2,1,1,0,7,13,1,0,4,0,0,89,30,"Geelong","2016",4
0,"Rushed",0,0,0,0,0,4,0,0,0,0,0,0,0,0,0,0,0,0,0,0,0,0,0,30,"Geelong","2016",4
