"Number","Player","Kicks","Marks","Handballs","Disposals","Goals","Behinds","Hitouts","Tackles","Rebounds50s","Inside50s","Clearances","Clangers","FreesFor","FreesAgainst","BrownlowVotes","ContestedPossessions","UncontestedPossessions","ContestedMarks","MarksInside50","OnePercenters","Bounces","GoalAssists","PercentagePlayed","PointDifference","Team","Season","Round"
11,"Batchelor, Jake",6,3,3,9,0,0,0,1,1,1,0,1,0,1,0,1,8,0,0,2,0,0,78,1,"Richmond","2016",8
25,"Chaplin, Troy",9,5,3,12,0,0,0,1,2,1,0,2,1,1,0,4,6,1,0,6,0,0,99,1,"Richmond","2016",8
3,"Deledio, Brett",17,8,17,34,0,1,0,1,1,4,2,3,0,2,0,12,21,1,2,1,0,1,91,1,"Richmond","2016",8
10,"Edwards, Shane",12,4,13,25,0,0,0,6,4,4,5,2,2,0,0,8,16,0,0,1,0,1,81,1,"Richmond","2016",8
5,"Ellis, Brandon",17,7,9,26,1,0,0,3,1,1,0,3,5,1,0,11,16,1,1,1,1,0,85,1,"Richmond","2016",8
32,"Ellis, Corey",11,6,5,16,0,1,0,4,3,1,0,0,1,0,0,1,13,0,1,0,0,0,77,1,"Richmond","2016",8
24,"Griffiths, Ben",12,7,8,20,5,1,1,3,0,3,1,2,2,1,3,6,15,1,3,3,1,1,83,1,"Richmond","2016",8
6,"Grigg, Shaun",14,4,11,25,0,0,3,3,2,6,5,0,1,0,0,9,17,0,0,2,0,1,83,1,"Richmond","2016",8
2,"Grimes, Dylan",9,4,5,14,0,0,0,6,4,0,0,3,2,0,0,7,7,0,0,2,1,0,74,1,"Richmond","2016",8
16,"Hampson, Shaun",1,1,4,5,0,0,27,1,0,0,1,1,1,1,0,3,2,1,0,5,0,0,82,1,"Richmond","2016",8
28,"Hunt, Taylor",6,2,7,13,0,0,0,2,1,0,0,2,0,0,0,3,10,0,0,0,0,0,90,1,"Richmond","2016",8
27,"Lloyd, Sam",10,7,5,15,3,2,0,3,0,3,0,3,0,2,0,5,11,1,4,0,0,0,66,1,"Richmond","2016",8
4,"Martin, Dustin",23,4,5,28,1,2,0,8,1,5,4,6,1,3,1,14,13,2,2,0,1,1,80,1,"Richmond","2016",8
37,"Menadue, Connor",5,2,8,13,0,0,0,3,1,0,2,3,0,1,0,3,10,0,0,0,1,0,70,1,"Richmond","2016",8
26,"Miles, Anthony",11,4,20,31,1,0,0,5,2,1,10,2,2,1,0,17,15,0,0,1,0,1,77,1,"Richmond","2016",8
38,"Morris, Steven",8,4,7,15,0,0,0,5,4,1,0,1,4,1,0,5,10,0,0,2,1,0,82,1,"Richmond","2016",8
18,"Rance, Alex",9,5,5,14,0,0,0,3,2,0,0,4,1,4,0,10,6,1,0,8,0,0,98,1,"Richmond","2016",8
8,"Riewoldt, Jack",16,9,3,19,1,3,1,3,0,6,0,2,2,2,0,9,11,3,2,2,1,3,98,1,"Richmond","2016",8
17,"Rioli, Daniel",5,3,6,11,2,1,0,2,0,4,0,2,1,0,0,4,8,0,1,1,3,1,89,1,"Richmond","2016",8
45,"Short, Jayden",7,4,1,8,0,1,0,2,0,2,0,1,1,1,0,3,4,0,1,0,0,1,75,1,"Richmond","2016",8
29,"Vickery, Ty",3,2,5,8,0,2,0,1,0,0,1,0,1,0,0,4,4,0,2,1,0,0,67,1,"Richmond","2016",8
1,"Vlastuin, Nick",12,5,6,18,0,0,1,8,2,3,4,6,0,4,0,6,12,0,0,1,1,0,78,1,"Richmond","2016",8
0,"Rushed",0,0,0,0,0,3,0,0,0,0,0,0,0,0,0,0,0,0,0,0,0,0,0,1,"Richmond","2016",8
7,"Cunningham, Harry",7,1,4,11,0,0,0,6,2,1,1,0,1,0,0,3,8,0,0,1,1,0,78,-1,"Sydney","2016",8
23,"Franklin, Lance",14,7,4,18,5,0,0,0,0,9,0,9,3,5,0,8,11,3,2,1,2,1,96,-1,"Sydney","2016",8
39,"Grundy, Heath",6,2,2,8,0,0,0,0,1,1,1,3,1,3,0,4,4,2,0,1,0,1,66,-1,"Sydney","2016",8
4,"Hannebery, Dan",18,3,16,34,2,0,0,3,3,3,3,2,4,1,2,15,19,0,1,0,0,1,89,-1,"Sydney","2016",8
5,"Heeney, Isaac",8,1,10,18,1,1,0,5,0,4,3,4,1,3,0,12,9,1,0,4,0,2,87,-1,"Sydney","2016",8
29,"Hewett, George",6,2,7,13,1,0,0,3,1,1,2,1,2,0,0,6,7,1,0,0,0,0,58,-1,"Sydney","2016",8
17,"Hiscox, Jack",5,4,2,7,0,1,0,1,0,1,0,1,0,1,0,2,6,0,0,1,0,0,71,-1,"Sydney","2016",8
15,"Jack, Kieren",10,1,13,23,1,1,0,7,1,4,6,3,1,0,0,13,11,0,0,2,0,0,79,-1,"Sydney","2016",8
10,"Jones, Zak",3,1,6,9,0,0,0,1,0,1,0,1,0,0,0,3,6,0,0,4,1,0,68,-1,"Sydney","2016",8
11,"Laidler, Jeremy",3,0,7,10,0,0,0,0,1,1,0,3,2,1,0,6,4,0,0,5,1,0,81,-1,"Sydney","2016",8
44,"Lloyd, Jake",11,2,12,23,1,0,0,3,1,3,1,5,1,1,0,9,16,0,0,2,1,0,84,-1,"Sydney","2016",8
3,"McVeigh, Jarrad",12,0,8,20,0,1,0,2,2,5,0,4,0,1,0,4,16,0,0,4,0,0,90,-1,"Sydney","2016",8
14,"Mills, Callum",10,3,7,17,0,1,0,1,2,0,1,1,1,0,0,2,12,0,1,0,0,0,71,-1,"Sydney","2016",8
6,"Mitchell, Tom",6,4,10,16,0,2,0,3,2,2,1,2,0,1,0,8,8,0,1,1,0,0,69,-1,"Sydney","2016",8
41,"Papley, Tom",4,0,1,5,1,0,0,5,0,0,1,5,2,2,0,3,2,0,0,1,0,0,61,-1,"Sydney","2016",8
26,"Parker, Luke",9,1,11,20,0,2,0,5,0,4,5,6,4,3,0,13,8,0,0,3,0,0,92,-1,"Sydney","2016",8
24,"Rampe, Dane",9,3,6,15,0,0,0,1,6,0,0,1,0,1,0,6,8,1,0,6,0,0,92,-1,"Sydney","2016",8
25,"Richards, Ted",5,4,1,6,0,0,0,1,2,0,0,3,0,1,0,1,5,1,0,5,0,0,93,-1,"Sydney","2016",8
18,"Sinclair, Callum",6,4,3,9,0,0,7,1,1,4,1,2,1,2,0,4,5,1,0,5,0,1,89,-1,"Sydney","2016",8
40,"Smith, Nick",3,2,6,9,0,0,0,2,2,0,0,1,0,0,0,4,5,0,0,2,0,0,88,-1,"Sydney","2016",8
8,"Tippett, Kurt",6,4,9,15,2,0,23,4,0,3,2,3,0,2,0,9,5,2,2,7,0,2,92,-1,"Sydney","2016",8
22,"Towers, Dean",5,3,9,14,1,0,0,1,0,2,0,1,2,0,0,5,9,0,1,0,0,2,84,-1,"Sydney","2016",8
0,"Rushed",0,0,0,0,0,1,0,0,0,0,0,0,0,0,0,0,0,0,0,0,0,0,0,-1,"Sydney","2016",8
