"Number","Player","Kicks","Marks","Handballs","Disposals","Goals","Behinds","Hitouts","Tackles","Rebounds50s","Inside50s","Clearances","Clangers","FreesFor","FreesAgainst","BrownlowVotes","ContestedPossessions","UncontestedPossessions","ContestedMarks","MarksInside50","OnePercenters","Bounces","GoalAssists","PercentagePlayed","PointDifference","Team","Season","Round"
3,"Bartel, Jimmy",10,3,6,16,0,1,0,5,1,2,1,5,0,1,0,10,4,1,1,2,0,0,89,-38,"Geelong","2016",16
46,"Blicavs, Mark",6,1,9,15,0,0,11,4,1,0,3,3,0,2,0,11,5,1,0,4,0,0,89,-38,"Geelong","2016",16
19,"Clark, Mitch",3,3,7,10,0,0,5,3,0,0,1,5,0,2,0,6,4,1,0,1,0,0,76,-38,"Geelong","2016",16
5,"Cockatoo, Nakia",9,4,5,14,1,0,0,5,1,6,1,4,1,2,0,9,7,1,2,2,1,0,60,-38,"Geelong","2016",16
35,"Dangerfield, Patrick",22,6,12,34,1,1,0,4,2,10,7,2,8,0,1,16,19,2,1,1,0,0,84,-38,"Geelong","2016",16
22,"Duncan, Mitch",13,3,11,24,0,0,0,7,2,8,3,1,1,1,0,7,15,0,0,1,0,3,78,-38,"Geelong","2016",16
44,"Enright, Corey",11,5,8,19,1,1,0,2,1,3,1,3,1,2,0,5,14,0,1,5,0,1,83,-38,"Geelong","2016",16
29,"Guthrie, Cameron",7,3,8,15,0,0,1,1,0,1,1,1,0,0,0,3,12,0,0,0,1,0,70,-38,"Geelong","2016",16
26,"Hawkins, Tom",5,2,3,8,2,0,0,3,0,2,0,2,2,1,0,6,2,1,2,3,0,0,85,-38,"Geelong","2016",16
25,"Henderson, Lachie",5,4,5,10,0,0,0,3,0,2,0,4,0,1,0,5,5,1,0,3,1,0,93,-38,"Geelong","2016",16
8,"Kolodjashnij, Jake",4,1,5,9,0,0,0,5,1,1,0,0,1,0,0,4,6,0,0,4,0,0,74,-38,"Geelong","2016",16
11,"Lang, Darcy",5,2,3,8,0,0,0,1,0,0,1,2,1,1,0,4,4,0,0,0,0,0,85,-38,"Geelong","2016",16
13,"Lonergan, Tom",6,2,7,13,0,0,0,0,3,1,0,2,0,1,0,4,9,0,0,4,0,0,88,-38,"Geelong","2016",16
4,"Mackie, Andrew",19,5,9,28,0,0,0,6,5,2,1,4,2,1,0,12,16,0,0,1,0,0,87,-38,"Geelong","2016",16
6,"McCarthy, Lincoln",3,2,4,7,0,0,0,5,0,1,0,4,0,3,0,2,6,1,0,1,0,0,70,-38,"Geelong","2016",16
10,"Menzel, Daniel",5,3,6,11,2,0,0,1,0,0,0,0,1,0,0,6,5,1,1,0,0,0,86,-38,"Geelong","2016",16
32,"Motlop, Steven",10,3,7,17,0,0,0,4,1,4,1,5,0,1,0,4,13,0,0,1,0,0,84,-38,"Geelong","2016",16
21,"Murdoch, Jordan",9,6,4,13,1,0,0,1,1,1,1,1,1,0,0,4,9,0,1,1,0,0,78,-38,"Geelong","2016",16
36,"Ruggles, Tom",8,2,6,14,0,0,0,3,0,1,0,1,1,0,0,6,7,0,0,1,0,0,76,-38,"Geelong","2016",16
14,"Selwood, Joel",16,4,7,23,0,1,0,6,1,4,10,3,2,2,0,14,10,0,1,4,0,0,84,-38,"Geelong","2016",16
9,"Smith, Zac",8,3,6,14,1,0,16,4,0,2,2,3,1,2,0,7,6,1,2,3,0,0,80,-38,"Geelong","2016",16
7,"Taylor, Harry",9,6,6,15,0,0,0,2,2,1,0,2,1,0,0,8,6,1,0,6,0,1,100,-38,"Geelong","2016",16
0,"Rushed",0,0,0,0,0,2,0,0,0,0,0,0,0,0,0,0,0,0,0,0,0,0,0,-38,"Geelong","2016",16
36,"Aliir, Aliir",6,5,9,15,0,0,0,1,1,0,0,1,0,1,0,7,8,1,0,3,0,0,83,38,"Sydney","2016",16
23,"Franklin, Lance",6,7,9,15,1,1,0,4,0,1,0,1,0,1,0,4,11,1,3,3,0,1,97,38,"Sydney","2016",16
39,"Grundy, Heath",8,2,8,16,0,0,0,1,2,1,0,5,0,2,0,5,10,0,0,4,0,0,94,38,"Sydney","2016",16
4,"Hannebery, Dan",13,3,18,31,0,0,0,5,2,1,5,6,2,1,0,11,20,0,1,0,1,1,90,38,"Sydney","2016",16
29,"Hewett, George",5,3,8,13,1,0,0,3,0,0,1,2,1,2,0,5,8,0,0,2,0,0,75,38,"Sydney","2016",16
15,"Jack, Kieren",16,4,8,24,3,0,0,10,0,2,5,5,2,3,3,11,13,0,2,1,0,1,83,38,"Sydney","2016",16
10,"Jones, Zak",9,3,7,16,1,0,0,2,6,1,1,3,0,1,0,5,11,0,0,4,0,0,82,38,"Sydney","2016",16
12,"Kennedy, Josh",14,3,10,24,1,1,0,9,1,5,2,2,1,0,0,10,16,0,0,0,0,2,86,38,"Sydney","2016",16
44,"Lloyd, Jake",16,2,4,20,1,0,0,3,4,5,1,1,1,0,0,5,16,0,0,1,0,0,84,38,"Sydney","2016",16
3,"McVeigh, Jarrad",7,0,8,15,0,0,0,3,2,1,1,2,3,0,0,10,5,0,0,2,0,0,90,38,"Sydney","2016",16
14,"Mills, Callum",17,6,6,23,1,0,0,2,4,1,0,3,0,1,0,6,17,0,0,2,0,0,82,38,"Sydney","2016",16
6,"Mitchell, Tom",9,0,24,33,0,1,0,6,2,2,6,3,1,2,0,21,12,0,0,2,2,0,90,38,"Sydney","2016",16
35,"Naismith, Sam",1,0,3,4,0,0,25,4,0,1,0,0,0,0,0,3,1,0,0,1,0,0,75,38,"Sydney","2016",16
41,"Papley, Tom",5,3,5,10,2,0,0,4,0,3,0,2,0,1,0,5,4,1,1,1,0,1,63,38,"Sydney","2016",16
26,"Parker, Luke",15,5,12,27,1,0,0,3,2,4,7,2,2,2,0,10,14,0,0,0,0,2,94,38,"Sydney","2016",16
24,"Rampe, Dane",14,6,9,23,0,0,0,1,8,1,0,0,2,0,2,8,14,1,0,2,0,0,92,38,"Sydney","2016",16
25,"Richards, Ted",4,3,5,9,1,2,0,1,0,1,0,0,1,0,0,4,5,0,2,4,0,0,73,38,"Sydney","2016",16
16,"Rohan, Gary",9,6,1,10,0,1,0,2,1,4,0,8,1,5,0,4,7,1,1,2,0,1,75,38,"Sydney","2016",16
1,"Rose, James",3,2,3,6,0,1,0,2,0,2,0,0,0,0,0,3,3,0,2,1,0,0,64,38,"Sydney","2016",16
18,"Sinclair, Callum",3,0,2,5,0,0,8,3,1,1,3,1,2,1,0,3,2,0,0,4,0,0,58,38,"Sydney","2016",16
40,"Smith, Nick",9,2,2,11,0,0,0,4,3,0,1,0,2,0,0,6,5,0,0,5,0,0,86,38,"Sydney","2016",16
22,"Towers, Dean",12,5,11,23,2,0,2,3,1,6,2,5,2,1,0,11,12,1,1,4,0,0,86,38,"Sydney","2016",16
0,"Rushed",0,0,0,0,0,1,0,0,0,0,0,0,0,0,0,0,0,0,0,0,0,0,0,38,"Sydney","2016",16
