"Number","Player","Kicks","Marks","Handballs","Disposals","Goals","Behinds","Hitouts","Tackles","Rebounds50s","Inside50s","Clearances","Clangers","FreesFor","FreesAgainst","BrownlowVotes","ContestedPossessions","UncontestedPossessions","ContestedMarks","MarksInside50","OnePercenters","Bounces","GoalAssists","PercentagePlayed","PointDifference","Team","Season","Round"
31,"Andrews, Harris",5,1,5,10,0,0,0,4,4,0,0,0,2,0,0,7,3,1,0,14,0,0,96,4,"Brisbane Lions","2016",21
4,"Bastinac, Ryan",12,4,10,22,0,1,1,3,4,3,6,3,3,2,0,14,10,1,0,1,1,1,83,4,"Brisbane Lions","2016",21
33,"Close, Michael",6,5,3,9,4,0,0,5,0,0,0,0,1,0,0,5,4,3,3,2,0,0,84,4,"Brisbane Lions","2016",21
26,"Cutler, Tom",12,4,6,18,1,0,0,3,5,3,1,2,0,1,0,4,12,0,0,1,1,0,77,4,"Brisbane Lions","2016",21
27,"Gardiner, Darcy",8,1,3,11,0,0,0,3,3,0,1,2,1,0,0,6,4,0,0,7,0,0,84,4,"Brisbane Lions","2016",21
40,"Hammelmann, Matthew",4,1,2,6,0,0,0,2,4,0,0,0,0,0,0,2,4,0,0,3,0,0,86,4,"Brisbane Lions","2016",21
11,"Hanley, Pearce",7,4,6,13,1,0,3,6,1,2,3,1,2,1,0,7,8,1,2,1,0,1,85,4,"Brisbane Lions","2016",21
30,"Hipwood, Eric",4,1,4,8,0,2,0,1,0,1,0,1,2,0,0,5,3,0,1,0,0,1,90,4,"Brisbane Lions","2016",21
16,"Jansen, Jarrad",4,4,8,12,0,0,0,2,1,1,2,4,2,2,0,8,5,0,1,1,0,0,67,4,"Brisbane Lions","2016",21
1,"Keays, Ben",5,1,3,8,0,0,0,3,2,0,1,2,1,2,0,4,4,0,0,1,0,0,82,4,"Brisbane Lions","2016",21
35,"Lester, Ryan",4,4,4,8,1,0,0,5,0,2,0,2,0,1,0,2,6,1,2,0,0,0,86,4,"Brisbane Lions","2016",21
12,"Martin, Stefan",6,5,3,9,0,1,25,1,1,2,1,1,0,1,0,4,6,1,1,1,0,0,83,4,"Brisbane Lions","2016",21
36,"Mathieson, Rhys",9,2,7,16,0,0,0,5,3,2,4,4,1,2,0,10,6,1,1,0,0,0,69,4,"Brisbane Lions","2016",21
32,"Mayes, Sam",10,6,3,13,0,0,0,2,5,1,0,1,1,0,0,2,10,0,0,1,0,0,79,4,"Brisbane Lions","2016",21
21,"Merrett, Daniel",5,3,3,8,0,0,0,0,0,0,0,4,1,3,0,7,3,2,0,14,0,0,96,4,"Brisbane Lions","2016",21
10,"Rich, Daniel",9,3,4,13,1,1,0,1,3,2,2,2,0,0,0,4,9,0,0,2,0,0,82,4,"Brisbane Lions","2016",21
5,"Robinson, Mitch",16,2,6,22,0,0,1,11,5,9,3,1,1,1,0,13,9,1,0,4,0,0,77,4,"Brisbane Lions","2016",21
38,"Rockliff, Tom",24,5,15,39,2,0,0,12,6,5,6,4,0,1,3,12,24,0,0,1,2,1,78,4,"Brisbane Lions","2016",21
44,"Smith, Archie",2,1,4,6,1,1,8,2,0,0,1,3,1,2,0,4,2,0,1,3,0,0,63,4,"Brisbane Lions","2016",21
28,"Taylor, Lewis",6,1,4,10,0,0,0,3,0,0,2,1,1,1,0,3,7,0,0,0,1,1,88,4,"Brisbane Lions","2016",21
14,"Walker, Josh",2,3,5,7,1,0,0,1,0,1,0,2,0,1,0,2,5,0,1,0,0,0,85,4,"Brisbane Lions","2016",21
15,"Zorko, Dayne",21,7,6,27,3,0,0,4,2,12,3,5,1,2,2,12,13,0,1,1,1,4,80,4,"Brisbane Lions","2016",21
0,"Rushed",0,0,0,0,0,3,0,0,0,0,0,0,0,0,0,0,0,0,0,0,0,0,0,4,"Brisbane Lions","2016",21
27,"Armfield, Dennis",10,3,2,12,1,0,0,4,2,4,0,2,0,1,0,2,11,0,1,0,1,1,84,-4,"Carlton","2016",21
12,"Boekhorst, Blaine",6,2,5,11,1,1,0,3,0,2,0,1,0,1,0,1,9,0,1,0,0,0,82,-4,"Carlton","2016",21
7,"Buckley, Dylan",11,1,3,14,1,3,0,3,2,6,2,2,3,0,0,4,10,0,1,0,4,1,81,-4,"Carlton","2016",21
41,"Casboult, Levi",8,5,5,13,4,2,0,3,0,0,0,2,3,0,0,10,2,3,3,1,0,0,87,-4,"Carlton","2016",21
9,"Cripps, Patrick",8,0,16,24,0,2,1,8,1,5,11,2,2,1,0,22,2,0,0,2,2,0,74,-4,"Carlton","2016",21
28,"Cuningham, David",2,3,5,7,0,0,0,8,0,0,0,0,0,0,0,1,6,0,0,1,0,0,69,-4,"Carlton","2016",21
35,"Curnow, Ed",11,4,18,29,0,1,0,9,1,5,10,5,1,1,1,14,15,0,1,1,1,2,84,-4,"Carlton","2016",21
15,"Docherty, Sam",12,7,6,18,0,0,0,1,3,2,3,1,1,0,0,7,11,1,0,2,0,1,93,-4,"Carlton","2016",21
4,"Gibbs, Bryce",17,2,7,24,0,1,2,2,1,9,2,4,0,2,0,9,15,0,0,1,0,0,79,-4,"Carlton","2016",21
14,"Jones, Liam",7,5,4,11,0,2,0,1,0,1,0,3,0,1,0,9,3,3,3,1,0,0,87,-4,"Carlton","2016",21
11,"Kerridge, Sam",10,5,6,16,0,0,0,3,1,3,1,4,0,2,0,3,12,0,0,1,0,0,84,-4,"Carlton","2016",21
8,"Kreuzer, Matthew",10,1,4,14,0,0,30,1,1,4,5,6,2,5,0,11,3,1,0,2,0,1,81,-4,"Carlton","2016",21
34,"Phillips, Andrew",3,2,2,5,1,0,13,3,0,2,1,0,0,0,0,1,4,0,1,1,0,0,60,-4,"Carlton","2016",21
20,"Plowman, Lachie",8,5,2,10,0,0,0,3,2,0,0,2,2,1,0,3,7,0,0,4,0,0,89,-4,"Carlton","2016",21
17,"Rowe, Sam",2,4,7,9,0,0,0,0,0,0,0,2,0,2,0,4,4,1,0,13,0,0,96,-4,"Carlton","2016",21
2,"Silvagni, Jack",6,2,2,8,3,0,0,4,0,3,0,1,0,0,0,4,5,0,2,0,0,0,76,-4,"Carlton","2016",21
6,"Simpson, Kade",18,2,8,26,0,0,0,1,1,6,1,1,1,0,0,8,17,1,0,1,5,1,97,-4,"Carlton","2016",21
39,"Thomas, Dale",10,1,4,14,0,1,0,2,2,5,4,1,2,1,0,6,8,0,0,0,0,0,72,-4,"Carlton","2016",21
42,"Tuohy, Zach",12,4,12,24,0,0,0,1,8,2,1,1,1,0,0,6,14,1,0,3,7,0,85,-4,"Carlton","2016",21
23,"Weitering, Jacob",7,3,6,13,0,0,0,0,1,2,0,1,0,1,0,7,5,2,0,3,1,0,77,-4,"Carlton","2016",21
43,"White, Simon",11,3,6,17,0,1,1,3,2,5,1,1,4,0,0,9,9,0,0,6,0,0,78,-4,"Carlton","2016",21
46,"Wright, Matthew",5,1,5,10,2,0,0,4,0,2,1,2,1,2,0,7,3,0,1,0,0,0,86,-4,"Carlton","2016",21
0,"Rushed",0,0,0,0,0,3,0,0,0,0,0,0,0,0,0,0,0,0,0,0,0,0,0,-4,"Carlton","2016",21
