"Number","Player","Kicks","Marks","Handballs","Disposals","Goals","Behinds","Hitouts","Tackles","Rebounds50s","Inside50s","Clearances","Clangers","FreesFor","FreesAgainst","BrownlowVotes","ContestedPossessions","UncontestedPossessions","ContestedMarks","MarksInside50","OnePercenters","Bounces","GoalAssists","PercentagePlayed","PointDifference","Team","Season","Round"
26,"Butler, Sam",9,8,9,18,0,0,0,3,0,1,1,2,0,1,0,3,16,1,1,3,0,0,86,68,"West Coast","2016",4
15,"Cripps, Jamie",5,2,3,8,0,0,0,2,0,2,1,1,1,0,0,3,6,0,0,0,0,2,72,68,"West Coast","2016",4
27,"Darling, Jack",11,8,1,12,4,2,0,1,0,4,1,2,1,1,0,8,4,5,5,2,0,0,90,68,"West Coast","2016",4
14,"Duggan, Liam",7,3,6,13,0,1,0,4,0,3,2,1,1,1,0,3,8,0,2,0,0,1,73,68,"West Coast","2016",4
3,"Gaff, Andrew",23,7,10,33,0,0,0,0,2,6,4,3,1,1,3,8,24,0,1,0,0,2,86,68,"West Coast","2016",4
33,"Hill, Josh",7,2,1,8,1,0,0,2,0,2,0,3,0,0,0,3,5,0,1,0,0,0,83,68,"West Coast","2016",4
25,"Hurn, Shannon",12,5,5,17,0,0,0,0,2,4,0,4,1,2,0,4,15,0,0,2,1,0,83,68,"West Coast","2016",4
34,"Hutchings, Mark",7,2,2,9,2,0,0,6,0,2,5,3,3,3,0,5,4,0,0,0,0,1,59,68,"West Coast","2016",4
23,"Jetta, Lewis",9,4,7,16,1,0,0,0,1,2,0,0,0,0,0,7,9,0,0,1,0,0,76,68,"West Coast","2016",4
17,"Kennedy, Josh",7,5,4,11,2,3,0,7,0,1,0,2,2,2,0,5,6,1,2,1,0,2,71,68,"West Coast","2016",4
2,"LeCras, Mark",11,6,5,16,2,0,0,4,0,6,1,2,1,1,0,3,14,0,2,1,0,2,89,68,"West Coast","2016",4
29,"Lycett, Scott",10,6,4,14,1,1,18,5,0,4,3,5,5,3,0,12,5,2,3,2,0,0,83,68,"West Coast","2016",4
16,"Mackenzie, Eric",6,7,8,14,0,0,0,0,1,2,0,1,0,1,0,5,9,1,0,4,0,0,100,68,"West Coast","2016",4
7,"Masten, Chris",7,3,8,15,0,0,0,1,0,1,0,1,0,0,0,5,11,0,0,2,0,0,84,68,"West Coast","2016",4
20,"McGovern, Jeremy",11,8,4,15,0,2,0,1,0,2,0,0,2,0,0,9,8,5,0,2,0,0,80,68,"West Coast","2016",4
9,"Naitanui, Nic",7,3,9,16,0,0,36,2,1,4,3,5,3,1,0,11,5,0,0,1,0,0,66,68,"West Coast","2016",4
30,"Nelson, Jackson",8,1,3,11,0,0,0,2,2,1,0,4,0,1,0,2,9,0,0,1,0,0,76,68,"West Coast","2016",4
8,"Redden, Jack",6,4,8,14,1,0,0,5,1,0,1,2,0,1,0,3,10,0,1,0,0,0,81,68,"West Coast","2016",4
31,"Schofield, Will",10,8,5,15,0,0,0,1,4,1,0,1,0,0,0,1,13,0,0,8,0,0,90,68,"West Coast","2016",4
5,"Sheppard, Brad",9,9,11,20,0,0,0,1,1,0,0,0,1,0,0,6,16,2,0,4,0,0,85,68,"West Coast","2016",4
13,"Shuey, Luke",12,3,10,22,2,0,0,9,0,4,8,1,4,1,0,11,10,0,0,3,0,0,77,68,"West Coast","2016",4
6,"Yeo, Elliot",19,9,6,25,2,4,0,3,0,8,7,5,3,2,2,13,12,1,2,0,0,2,85,68,"West Coast","2016",4
0,"Rushed",0,0,0,0,0,4,0,0,0,0,0,0,0,0,0,0,0,0,0,0,0,0,0,68,"West Coast","2016",4
12,"Astbury, David",7,7,3,10,0,0,0,1,5,0,0,3,0,0,0,2,8,1,0,3,0,0,52,-68,"Richmond","2016",4
25,"Chaplin, Troy",5,2,7,12,0,1,1,2,2,0,1,2,1,2,0,4,8,1,0,1,0,0,96,-68,"Richmond","2016",4
9,"Cotchin, Trent",15,3,14,29,0,1,1,4,5,3,7,5,7,1,1,16,12,0,0,1,0,0,84,-68,"Richmond","2016",4
10,"Edwards, Shane",7,0,7,14,0,0,0,4,0,3,4,3,0,1,0,7,7,0,0,2,0,1,76,-68,"Richmond","2016",4
5,"Ellis, Brandon",11,7,8,19,0,0,0,2,4,1,3,0,0,0,0,5,14,0,0,4,0,1,88,-68,"Richmond","2016",4
32,"Ellis, Corey",9,2,11,20,0,0,0,4,2,0,1,3,2,0,0,5,14,1,0,0,0,0,78,-68,"Richmond","2016",4
6,"Grigg, Shaun",7,2,15,22,0,0,2,5,0,1,4,5,1,2,0,8,13,0,0,0,0,0,78,-68,"Richmond","2016",4
16,"Hampson, Shaun",1,0,0,1,0,0,7,1,0,0,0,5,1,4,0,1,0,0,0,1,0,0,32,-68,"Richmond","2016",4
14,"Houli, Bachar",11,7,5,16,0,0,0,1,3,1,0,2,0,0,0,2,14,1,0,1,0,0,85,-68,"Richmond","2016",4
28,"Hunt, Taylor",8,6,11,19,0,0,0,2,1,0,3,2,1,1,0,4,15,0,0,1,0,0,82,-68,"Richmond","2016",4
23,"Lambert, Kane",8,2,10,18,1,0,0,1,1,4,1,1,0,1,0,4,12,0,0,1,0,0,88,-68,"Richmond","2016",4
7,"Lennon, Ben",9,7,2,11,0,1,0,2,0,3,0,2,1,1,0,1,10,0,2,1,0,3,83,-68,"Richmond","2016",4
27,"Lloyd, Sam",8,4,2,10,2,0,0,3,1,2,1,0,0,0,0,2,8,0,2,1,0,0,88,-68,"Richmond","2016",4
4,"Martin, Dustin",9,2,14,23,0,0,0,3,2,2,2,4,1,2,0,8,15,0,0,0,0,0,84,-68,"Richmond","2016",4
33,"McIntosh, Kamdyn",16,6,8,24,0,0,0,1,9,2,2,8,0,5,0,5,18,0,0,5,1,1,83,-68,"Richmond","2016",4
37,"Menadue, Connor",3,2,12,15,0,0,0,4,1,2,1,2,0,1,0,5,11,0,0,2,0,0,82,-68,"Richmond","2016",4
15,"Moore, Andrew",6,2,3,9,0,0,0,4,0,2,1,3,2,2,0,2,8,0,0,0,0,0,68,-68,"Richmond","2016",4
18,"Rance, Alex",12,11,14,26,0,0,0,3,2,0,0,2,2,2,0,9,18,0,0,9,1,0,100,-68,"Richmond","2016",4
8,"Riewoldt, Jack",11,9,3,14,4,0,0,3,0,1,0,2,1,1,0,7,6,5,4,0,0,0,100,-68,"Richmond","2016",4
17,"Rioli, Daniel",3,0,6,9,2,0,0,2,0,0,0,0,1,0,0,3,6,0,0,0,0,0,83,-68,"Richmond","2016",4
29,"Vickery, Ty",4,1,1,5,0,0,10,4,1,0,2,2,1,1,0,3,1,0,0,3,0,0,83,-68,"Richmond","2016",4
1,"Vlastuin, Nick",8,7,6,14,0,0,0,1,2,0,0,2,0,2,0,4,11,0,0,4,0,0,80,-68,"Richmond","2016",4
0,"Totals",178,89,162,340,9,3,21,57,41,27,33,58,22,29,1,107,229,9,8,40,2,6,0,-68,"Richmond","2016",4
