"Number","Player","Kicks","Marks","Handballs","Disposals","Goals","Behinds","Hitouts","Tackles","Rebounds50s","Inside50s","Clearances","Clangers","FreesFor","FreesAgainst","BrownlowVotes","ContestedPossessions","UncontestedPossessions","ContestedMarks","MarksInside50","OnePercenters","Bounces","GoalAssists","PercentagePlayed","PointDifference","Team","Season","Round"
37,"Barrass, Tom",5,4,6,11,0,0,0,2,1,1,1,1,0,0,0,4,7,0,0,6,0,0,80,6,"West Coast","2016",18
26,"Butler, Sam",4,2,9,13,0,0,0,3,2,1,0,2,0,1,0,4,9,0,0,4,0,0,82,6,"West Coast","2016",18
15,"Cripps, Jamie",9,5,6,15,1,2,0,4,0,3,1,1,0,0,0,4,11,0,3,0,1,1,77,6,"West Coast","2016",18
27,"Darling, Jack",8,6,8,16,1,0,0,2,1,6,0,0,2,0,0,7,9,2,1,0,0,0,90,6,"West Coast","2016",18
14,"Duggan, Liam",6,2,2,8,1,0,0,3,0,4,1,0,0,0,0,4,3,0,0,0,0,0,68,6,"West Coast","2016",18
3,"Gaff, Andrew",10,1,16,26,1,0,0,1,4,2,2,0,1,0,0,7,20,0,0,0,0,0,94,6,"West Coast","2016",18
22,"Giles, Jonathan",5,0,1,6,0,0,17,2,1,0,1,1,1,1,0,3,0,0,0,1,0,0,47,6,"West Coast","2016",18
33,"Hill, Josh",7,2,4,11,1,0,0,0,1,1,1,1,0,0,0,4,5,1,1,0,0,0,78,6,"West Coast","2016",18
25,"Hurn, Shannon",14,7,5,19,0,0,0,1,5,1,2,5,0,1,0,6,13,1,0,2,0,0,79,6,"West Coast","2016",18
17,"Kennedy, Josh",5,2,2,7,3,1,0,4,0,0,0,3,3,3,0,4,5,1,1,3,0,0,100,6,"West Coast","2016",18
2,"LeCras, Mark",9,3,7,16,0,1,0,3,0,3,3,1,1,1,0,9,7,0,0,0,0,1,89,6,"West Coast","2016",18
29,"Lycett, Scott",9,2,9,18,1,0,21,6,3,0,5,5,2,2,0,14,4,2,1,3,0,0,75,6,"West Coast","2016",18
16,"Mackenzie, Eric",5,3,2,7,0,0,0,2,2,1,0,3,0,1,0,1,4,1,0,8,0,0,100,6,"West Coast","2016",18
7,"Masten, Chris",7,1,5,12,0,0,0,3,3,3,2,1,1,1,0,5,6,0,0,0,0,1,82,6,"West Coast","2016",18
20,"McGovern, Jeremy",13,4,2,15,0,0,0,3,8,0,0,1,0,0,0,4,10,1,0,9,0,0,91,6,"West Coast","2016",18
30,"Nelson, Jackson",7,1,3,10,0,0,0,7,3,0,2,3,0,2,0,7,2,0,0,3,0,0,76,6,"West Coast","2016",18
11,"Priddis, Matt",16,2,8,24,1,0,0,15,2,2,7,2,2,0,3,17,9,0,1,0,0,0,88,6,"West Coast","2016",18
8,"Redden, Jack",4,1,11,15,0,0,1,6,2,1,3,4,1,3,0,9,8,0,0,2,0,0,80,6,"West Coast","2016",18
5,"Sheppard, Brad",8,2,7,15,0,0,0,3,2,0,1,2,0,0,0,6,9,0,0,3,0,0,91,6,"West Coast","2016",18
13,"Shuey, Luke",15,0,9,24,0,0,0,10,3,4,8,3,6,2,0,17,9,0,0,0,0,0,84,6,"West Coast","2016",18
12,"Wellingham, Sharrod",9,5,4,13,0,0,0,0,4,1,0,5,1,1,0,2,12,0,0,1,0,1,70,6,"West Coast","2016",18
6,"Yeo, Elliot",9,2,2,11,0,1,5,5,1,3,2,3,1,0,0,6,6,0,0,0,0,0,79,6,"West Coast","2016",18
0,"Rushed",0,0,0,0,0,1,0,0,0,0,0,0,0,0,0,0,0,0,0,0,0,0,0,6,"West Coast","2016",18
10,"Brayshaw, Angus",11,4,9,20,0,0,0,9,1,4,2,6,0,2,0,6,14,0,1,0,0,1,58,-6,"Melbourne","2016",18
6,"Dawes, Chris",9,2,3,12,2,0,1,5,0,3,0,6,2,0,0,7,5,1,1,2,0,0,81,-6,"Melbourne","2016",18
17,"Frost, Sam",9,3,6,15,0,0,0,4,2,3,0,0,2,0,0,6,9,1,0,1,0,1,74,-6,"Melbourne","2016",18
36,"Garlett, Jeff",7,3,2,9,3,1,0,3,0,1,0,0,2,0,0,4,5,0,3,0,0,0,85,-6,"Melbourne","2016",18
11,"Gawn, Max",9,5,8,17,0,0,41,8,1,2,3,7,1,4,0,10,6,2,0,6,0,0,81,-6,"Melbourne","2016",18
43,"Harmes, James",6,1,7,13,0,0,0,4,0,2,3,3,0,1,0,6,7,0,0,1,0,0,82,-6,"Melbourne","2016",18
1,"Hogan, Jesse",7,5,6,13,0,1,0,1,0,2,0,2,0,0,0,6,7,2,1,1,0,0,93,-6,"Melbourne","2016",18
29,"Hunt, Jayden",10,1,8,18,0,0,0,3,1,4,0,2,0,0,0,5,14,0,0,3,0,0,88,-6,"Melbourne","2016",18
39,"Jetta, Neville",3,1,10,13,0,0,0,4,1,1,1,1,1,1,0,5,7,0,0,3,0,0,86,-6,"Melbourne","2016",18
45,"Jones, Matt",8,3,13,21,1,0,0,8,0,1,2,0,0,0,0,9,14,0,0,0,2,0,79,-6,"Melbourne","2016",18
2,"Jones, Nathan",13,1,21,34,0,0,0,8,0,6,2,4,1,2,0,6,23,0,0,1,1,1,83,-6,"Melbourne","2016",18
16,"Kent, Dean",16,5,9,25,1,1,0,2,2,6,2,4,1,0,1,5,19,0,1,1,0,0,85,-6,"Melbourne","2016",18
28,"McDonald, Oscar",7,2,7,14,0,0,0,0,4,3,0,0,0,0,0,5,7,0,0,4,0,0,85,-6,"Melbourne","2016",18
25,"McDonald, Tom",10,6,3,13,0,0,0,2,4,1,0,3,2,1,0,5,9,2,0,8,0,0,97,-6,"Melbourne","2016",18
30,"Neal-Bullen, Alex",6,2,10,16,0,0,0,3,1,4,0,3,0,0,0,6,10,0,1,3,0,0,69,-6,"Melbourne","2016",18
5,"Petracca, Christian",7,1,12,19,1,0,0,4,0,4,2,1,1,0,0,11,9,0,0,2,0,0,78,-6,"Melbourne","2016",18
15,"Stretch, Billy",7,3,15,22,0,1,0,5,0,3,6,1,1,1,0,11,11,0,1,1,0,0,72,-6,"Melbourne","2016",18
12,"Tyson, Dom",15,6,14,29,0,1,1,10,2,5,3,7,0,2,2,12,17,0,0,0,0,0,78,-6,"Melbourne","2016",18
23,"Vince, Bernie",15,4,8,23,0,1,0,2,3,5,5,7,2,5,0,8,17,0,0,3,0,1,85,-6,"Melbourne","2016",18
7,"Viney, Jack",9,4,17,26,0,0,0,7,0,4,3,2,1,0,0,13,15,0,3,2,0,1,83,-6,"Melbourne","2016",18
42,"Wagner, Josh",8,2,7,15,0,0,0,5,1,1,2,3,1,1,0,6,10,0,0,2,0,0,87,-6,"Melbourne","2016",18
4,"Watts, Jack",9,2,7,16,0,3,3,2,1,1,2,3,1,2,0,7,8,0,0,3,0,0,88,-6,"Melbourne","2016",18
0,"Rushed",0,0,0,0,0,3,0,0,0,0,0,0,0,0,0,0,0,0,0,0,0,0,0,-6,"Melbourne","2016",18
