"Number","Player","Kicks","Marks","Handballs","Disposals","Goals","Behinds","Hitouts","Tackles","Rebounds50s","Inside50s","Clearances","Clangers","FreesFor","FreesAgainst","BrownlowVotes","ContestedPossessions","UncontestedPossessions","ContestedMarks","MarksInside50","OnePercenters","Bounces","GoalAssists","PercentagePlayed","PointDifference","Team","Season","Round"
14,"Birchall, Grant",14,4,11,25,0,0,0,2,4,3,0,3,0,0,0,5,19,1,0,2,1,0,78,19,"Hawthorn","2016",19
30,"Brand, Kaiden",4,1,7,11,0,0,0,0,0,0,0,1,0,1,0,4,7,1,0,3,0,0,62,19,"Hawthorn","2016",19
22,"Breust, Luke",7,7,9,16,2,1,0,1,0,4,1,1,0,0,0,6,11,0,1,1,0,2,79,19,"Hawthorn","2016",19
9,"Burgoyne, Shaun",16,8,9,25,1,0,0,5,6,5,1,6,3,2,3,7,17,2,0,2,0,0,79,19,"Hawthorn","2016",19
18,"Ceglar, Jonathon",7,2,2,9,2,0,13,2,2,0,2,3,2,2,0,5,4,1,2,4,0,0,81,19,"Hawthorn","2016",19
8,"Duryea, Taylor",11,4,1,12,1,1,0,0,1,2,0,2,1,0,0,4,9,0,0,0,0,0,77,19,"Hawthorn","2016",19
12,"Frawley, James",12,5,6,18,0,0,0,3,3,1,0,2,1,1,0,4,14,0,0,9,0,0,100,19,"Hawthorn","2016",19
6,"Gibson, Josh",6,5,8,14,0,0,0,2,3,1,0,3,1,2,0,3,11,1,0,9,0,0,100,19,"Hawthorn","2016",19
19,"Gunston, Jack",14,6,3,17,1,4,0,2,1,4,0,0,2,0,0,8,10,2,3,3,0,0,95,19,"Hawthorn","2016",19
37,"Hardwick, Blake",5,1,3,8,0,1,0,3,0,2,0,1,2,0,0,2,6,0,1,0,0,0,80,19,"Hawthorn","2016",19
10,"Hill, Bradley",8,1,12,20,0,0,0,2,1,3,1,0,0,0,0,2,17,0,0,0,0,1,74,19,"Hawthorn","2016",19
15,"Hodge, Luke",12,2,6,18,1,0,1,3,0,1,2,0,1,0,0,4,13,0,0,1,0,0,85,19,"Hawthorn","2016",19
29,"Langford, Will",10,6,6,16,0,1,1,2,1,5,3,1,0,0,0,7,9,0,1,1,0,0,79,19,"Hawthorn","2016",19
3,"Lewis, Jordan",12,9,15,27,1,0,1,1,1,3,4,3,0,1,1,10,18,0,1,2,0,1,83,19,"Hawthorn","2016",19
7,"McEvoy, Ben",5,5,2,7,1,1,16,2,0,1,1,0,1,0,0,4,3,3,3,7,0,1,77,19,"Hawthorn","2016",19
5,"Mitchell, Sam",10,2,12,22,0,0,0,2,4,1,4,0,0,0,0,8,14,0,0,2,0,0,87,19,"Hawthorn","2016",19
23,"OBrien, Tim",5,3,2,7,0,1,0,2,0,1,0,0,0,0,0,2,5,0,0,1,0,0,71,19,"Hawthorn","2016",19
13,"ORourke, Jonathan",6,3,6,12,0,0,0,1,2,0,0,3,0,1,0,3,9,0,0,0,0,0,73,19,"Hawthorn","2016",19
21,"Sicily, James",9,7,4,13,0,0,0,2,1,3,0,2,1,2,0,7,6,2,0,1,0,0,89,19,"Hawthorn","2016",19
16,"Smith, Isaac",15,5,7,22,0,0,1,2,3,9,3,3,0,1,0,7,14,0,0,1,6,1,82,19,"Hawthorn","2016",19
24,"Stratton, Ben",6,4,9,15,0,1,0,2,1,1,0,2,0,0,0,4,9,0,1,4,0,0,100,19,"Hawthorn","2016",19
11,"Whitecross, Brendan",5,7,14,19,0,0,0,1,1,2,0,0,0,0,0,6,13,1,0,2,0,0,69,19,"Hawthorn","2016",19
0,"Rushed",0,0,0,0,0,3,0,0,0,0,0,0,0,0,0,0,0,0,0,0,0,0,0,19,"Hawthorn","2016",19
27,"Armfield, Dennis",2,3,10,12,0,0,0,2,0,0,0,0,0,0,0,2,11,0,0,1,0,0,89,-19,"Carlton","2016",19
12,"Boekhorst, Blaine",9,4,11,20,0,0,0,3,1,2,1,2,0,1,0,9,11,1,1,1,0,1,75,-19,"Carlton","2016",19
7,"Buckley, Dylan",11,7,8,19,1,0,0,1,3,2,0,2,0,0,0,2,17,0,2,3,0,0,83,-19,"Carlton","2016",19
41,"Casboult, Levi",5,6,4,9,0,1,0,0,0,2,0,0,0,0,0,4,4,3,1,1,0,0,80,-19,"Carlton","2016",19
9,"Cripps, Patrick",9,4,22,31,1,0,2,3,0,3,11,4,1,2,2,18,13,1,1,2,3,0,85,-19,"Carlton","2016",19
35,"Curnow, Ed",17,4,6,23,0,1,0,5,3,4,2,2,2,0,0,6,17,0,0,1,0,0,82,-19,"Carlton","2016",19
15,"Docherty, Sam",15,7,10,25,0,0,0,1,5,1,0,2,1,1,0,5,16,1,0,5,1,0,87,-19,"Carlton","2016",19
33,"Everitt, Andrejs",7,5,5,12,1,0,0,2,1,3,0,0,1,0,0,2,10,0,1,1,0,1,72,-19,"Carlton","2016",19
4,"Gibbs, Bryce",12,3,9,21,1,0,1,9,0,4,2,1,0,0,0,5,17,0,2,1,0,0,77,-19,"Carlton","2016",19
32,"Graham, Nick",8,2,10,18,0,1,0,3,3,3,3,4,1,0,0,9,10,0,0,1,0,0,77,-19,"Carlton","2016",19
11,"Kerridge, Sam",10,4,6,16,0,0,0,5,1,3,4,3,0,0,0,7,9,0,0,0,0,0,88,-19,"Carlton","2016",19
8,"Kreuzer, Matthew",8,3,6,14,1,2,14,2,3,1,2,3,1,1,0,10,4,2,3,2,0,0,84,-19,"Carlton","2016",19
34,"Phillips, Andrew",6,5,2,8,0,0,14,2,1,2,2,2,0,2,0,8,1,4,1,6,0,0,70,-19,"Carlton","2016",19
20,"Plowman, Lachie",7,0,7,14,0,0,0,1,0,1,0,0,1,0,0,5,9,0,0,4,0,0,79,-19,"Carlton","2016",19
17,"Rowe, Sam",5,6,7,12,0,0,0,2,0,1,0,3,0,3,0,2,9,0,0,11,0,0,100,-19,"Carlton","2016",19
2,"Silvagni, Jack",4,4,3,7,1,1,0,4,0,0,0,2,1,2,0,3,6,1,1,1,0,0,83,-19,"Carlton","2016",19
6,"Simpson, Kade",15,1,7,22,0,0,0,2,6,2,1,2,0,1,0,4,17,0,0,1,5,1,91,-19,"Carlton","2016",19
19,"Sumner, Liam",7,4,3,10,1,0,0,3,0,1,0,1,1,0,0,5,6,0,1,2,0,0,76,-19,"Carlton","2016",19
42,"Tuohy, Zach",19,3,16,35,0,3,0,1,3,6,1,2,1,1,0,7,22,0,0,0,0,1,84,-19,"Carlton","2016",19
23,"Weitering, Jacob",8,1,7,15,0,0,0,2,3,1,1,2,0,0,0,4,11,0,0,5,0,0,77,-19,"Carlton","2016",19
43,"White, Simon",9,5,11,20,0,0,0,2,4,1,0,2,1,1,0,5,15,1,0,4,0,0,79,-19,"Carlton","2016",19
46,"Wright, Matthew",12,4,6,18,0,0,0,6,1,4,1,1,1,0,0,5,13,0,1,0,0,1,82,-19,"Carlton","2016",19
0,"Rushed",0,0,0,0,0,4,0,0,0,0,0,0,0,0,0,0,0,0,0,0,0,0,0,-19,"Carlton","2016",19
