"Number","Player","Kicks","Marks","Handballs","Disposals","Goals","Behinds","Hitouts","Tackles","Rebounds50s","Inside50s","Clearances","Clangers","FreesFor","FreesAgainst","BrownlowVotes","ContestedPossessions","UncontestedPossessions","ContestedMarks","MarksInside50","OnePercenters","Bounces","GoalAssists","PercentagePlayed","PointDifference","Team","Season","Round"
7,"Cunningham, Harry",2,0,9,11,1,0,0,5,0,0,1,0,1,0,0,7,4,0,0,0,0,0,66,26,"Sydney","2016",10
23,"Franklin, Lance",11,7,4,15,3,4,0,6,0,2,0,2,3,2,0,6,11,2,3,0,0,0,97,26,"Sydney","2016",10
39,"Grundy, Heath",6,7,6,12,0,0,0,2,1,1,0,1,0,1,0,5,6,2,0,2,0,0,100,26,"Sydney","2016",10
4,"Hannebery, Dan",13,6,21,34,1,0,0,5,1,8,6,2,0,0,1,13,21,0,1,1,0,1,91,26,"Sydney","2016",10
5,"Heeney, Isaac",8,5,5,13,1,0,0,1,3,0,1,1,0,0,0,4,9,0,2,4,0,0,79,26,"Sydney","2016",10
29,"Hewett, George",6,3,7,13,1,1,0,4,0,3,2,3,1,1,0,3,10,0,1,0,0,2,71,26,"Sydney","2016",10
15,"Jack, Kieren",15,3,11,26,0,0,0,13,4,1,3,3,1,1,0,10,17,0,0,0,0,0,79,26,"Sydney","2016",10
10,"Jones, Zak",16,2,5,21,1,0,0,3,3,5,4,3,3,0,0,10,10,0,0,1,0,0,70,26,"Sydney","2016",10
12,"Kennedy, Josh",9,1,26,35,1,0,0,12,1,4,7,4,2,3,2,22,14,0,0,1,0,1,84,26,"Sydney","2016",10
11,"Laidler, Jeremy",8,3,6,14,0,0,0,2,4,2,0,2,0,0,0,6,5,1,0,2,0,0,82,26,"Sydney","2016",10
44,"Lloyd, Jake",13,5,16,29,0,1,0,3,1,2,4,4,0,0,0,11,19,0,0,1,0,1,77,26,"Sydney","2016",10
31,"Marsh, Harrison",5,1,8,13,0,0,0,2,1,1,0,2,0,0,0,4,9,1,0,2,0,0,65,26,"Sydney","2016",10
21,"McGlynn, Ben",9,3,4,13,1,0,0,4,0,5,1,1,3,0,0,5,8,0,0,0,0,0,73,26,"Sydney","2016",10
3,"McVeigh, Jarrad",13,3,12,25,2,0,0,4,7,3,1,2,0,0,0,7,14,2,0,2,0,0,93,26,"Sydney","2016",10
14,"Mills, Callum",10,4,8,18,0,0,0,4,5,1,0,2,1,0,0,4,14,1,0,1,0,0,81,26,"Sydney","2016",10
6,"Mitchell, Tom",11,8,30,41,1,1,0,10,3,3,5,2,2,1,3,17,25,0,1,1,1,2,78,26,"Sydney","2016",10
26,"Parker, Luke",8,1,14,22,0,0,1,2,3,1,2,3,1,2,0,9,15,0,0,1,0,0,86,26,"Sydney","2016",10
24,"Rampe, Dane",9,5,3,12,0,0,0,1,2,4,0,2,0,1,0,4,8,0,0,5,0,0,92,26,"Sydney","2016",10
16,"Rohan, Gary",5,3,3,8,1,0,0,0,1,1,1,4,0,3,0,6,4,0,2,0,1,0,70,26,"Sydney","2016",10
18,"Sinclair, Callum",3,2,4,7,0,0,13,7,0,0,3,1,1,1,0,6,1,1,1,1,0,0,92,26,"Sydney","2016",10
40,"Smith, Nick",4,3,7,11,0,0,0,0,2,0,1,1,1,1,0,5,6,0,0,3,0,0,88,26,"Sydney","2016",10
8,"Tippett, Kurt",5,1,9,14,0,0,37,0,1,4,2,5,0,3,0,5,8,0,0,2,0,0,87,26,"Sydney","2016",10
0,"Totals",189,76,218,407,14,7,51,90,43,51,44,50,20,20,6,169,238,10,11,30,2,7,0,26,"Sydney","2016",10
18,"Atley, Shaun",8,3,5,13,0,0,0,1,2,0,0,3,1,2,0,5,9,0,0,2,0,0,83,-26,"North Melbourne","2016",10
50,"Brown, Ben",7,4,4,11,1,2,4,1,0,3,2,1,3,1,0,6,6,0,2,3,0,0,83,-26,"North Melbourne","2016",10
10,"Cunnington, Ben",14,3,18,32,0,0,0,2,2,2,6,4,1,0,0,16,15,0,0,1,1,1,68,-26,"North Melbourne","2016",10
15,"Dal Santo, Nick",7,3,14,21,0,0,1,7,1,2,5,2,0,1,0,8,13,0,0,0,0,1,82,-26,"North Melbourne","2016",10
14,"Dumont, Trent",4,3,9,13,1,0,1,5,0,1,1,2,1,0,0,7,7,1,1,0,0,0,73,-26,"North Melbourne","2016",10
11,"Firrito, Michael",10,0,4,14,0,0,0,1,9,1,0,3,1,1,0,9,2,0,0,4,0,0,89,-26,"North Melbourne","2016",10
43,"Gibson, Sam",9,2,8,17,0,1,0,1,0,5,6,3,3,2,0,8,10,0,0,0,0,0,88,-26,"North Melbourne","2016",10
22,"Goldstein, Todd",5,2,4,9,1,0,43,6,0,2,2,2,0,1,0,5,4,1,0,3,0,0,76,-26,"North Melbourne","2016",10
29,"Harvey, Brent",4,3,9,13,0,1,0,2,0,2,0,2,0,0,0,7,7,0,1,0,0,0,85,-26,"North Melbourne","2016",10
34,"Macmillan, Jamie",13,4,4,17,1,1,0,2,2,6,0,3,0,2,0,4,13,0,0,1,1,0,77,-26,"North Melbourne","2016",10
21,"McDonald, Luke",5,2,3,8,0,0,0,2,2,1,0,3,2,2,0,3,6,0,0,2,0,0,87,-26,"North Melbourne","2016",10
2,"McKenzie, Brad",7,0,4,11,0,0,0,2,5,1,1,1,0,0,0,4,5,0,0,1,0,0,73,-26,"North Melbourne","2016",10
28,"Nahas, Robin",5,0,4,9,1,2,0,7,1,1,1,0,0,0,0,5,3,0,0,0,0,0,86,-26,"North Melbourne","2016",10
20,"Petrie, Drew",4,3,2,6,0,0,1,2,0,3,0,1,0,1,0,2,4,0,0,2,0,0,97,-26,"North Melbourne","2016",10
9,"Swallow, Andrew",9,3,8,17,0,0,0,12,3,3,8,0,0,0,0,10,6,0,0,2,0,0,70,-26,"North Melbourne","2016",10
25,"Tarrant, Robbie",8,5,5,13,0,0,0,0,2,2,0,2,0,1,0,3,10,1,0,7,0,0,97,-26,"North Melbourne","2016",10
12,"Thomas, Lindsay",7,1,2,9,3,1,0,4,0,1,1,5,2,1,0,6,2,1,1,0,0,0,78,-26,"North Melbourne","2016",10
16,"Thompson, Scott",9,6,6,15,0,1,0,3,2,4,0,2,1,1,0,6,10,1,0,4,0,1,95,-26,"North Melbourne","2016",10
30,"Waite, Jarrad",9,6,5,14,0,0,0,6,0,0,1,6,1,3,0,8,7,1,0,1,0,0,88,-26,"North Melbourne","2016",10
8,"Wells, Daniel",13,5,6,19,1,0,0,7,2,4,4,1,0,1,0,7,12,0,1,1,0,1,74,-26,"North Melbourne","2016",10
19,"Wright, Sam",7,3,8,15,0,0,0,3,2,0,2,3,0,0,0,5,9,0,0,1,0,0,77,-26,"North Melbourne","2016",10
7,"Ziebell, Jack",20,3,2,22,0,0,1,5,0,8,6,1,4,0,0,10,11,0,0,0,0,0,74,-26,"North Melbourne","2016",10
0,"Rushed",0,0,0,0,0,2,0,0,0,0,0,0,0,0,0,0,0,0,0,0,0,0,0,-26,"North Melbourne","2016",10
