"Number","Player","Kicks","Marks","Handballs","Disposals","Goals","Behinds","Hitouts","Tackles","Rebounds50s","Inside50s","Clearances","Clangers","FreesFor","FreesAgainst","BrownlowVotes","ContestedPossessions","UncontestedPossessions","ContestedMarks","MarksInside50","OnePercenters","Bounces","GoalAssists","PercentagePlayed","PointDifference","Team","Season","Round"
44,"Bennell, Jamie",11,6,6,17,2,1,0,2,0,3,1,3,0,1,0,6,11,0,2,1,0,1,82,64,"West Coast","2016",1
26,"Butler, Sam",8,6,9,17,0,0,0,1,1,1,1,1,0,1,0,2,16,0,0,1,0,0,85,64,"West Coast","2016",1
15,"Cripps, Jamie",12,5,4,16,3,1,0,4,0,3,1,2,1,0,0,5,11,0,3,1,0,1,74,64,"West Coast","2016",1
27,"Darling, Jack",11,8,6,17,2,0,0,1,0,4,0,3,3,2,0,6,11,1,3,0,2,2,88,64,"West Coast","2016",1
14,"Duggan, Liam",13,7,3,16,0,0,0,1,2,5,1,1,0,0,0,3,13,0,0,0,1,1,73,64,"West Coast","2016",1
18,"Ellis, Xavier",4,3,6,10,1,0,0,2,1,1,0,1,1,1,0,4,7,0,0,0,0,0,63,64,"West Coast","2016",1
3,"Gaff, Andrew",15,1,18,33,0,1,0,1,4,2,0,1,1,1,0,7,28,0,1,1,1,1,90,64,"West Coast","2016",1
33,"Hill, Josh",10,6,9,19,3,1,0,3,1,4,1,2,0,0,0,6,14,1,1,1,0,1,85,64,"West Coast","2016",1
25,"Hurn, Shannon",9,5,1,10,0,0,0,3,1,3,0,1,1,1,0,2,7,1,0,1,0,2,87,64,"West Coast","2016",1
17,"Kennedy, Josh",21,16,4,25,8,2,0,4,0,8,1,2,1,2,3,8,18,4,10,0,1,4,100,64,"West Coast","2016",1
2,"LeCras, Mark",19,9,6,25,2,0,0,1,0,3,2,4,0,1,0,6,20,0,2,0,0,2,86,64,"West Coast","2016",1
29,"Lycett, Scott",4,3,7,11,0,0,13,3,1,3,1,3,0,3,0,5,8,1,0,2,0,0,66,64,"West Coast","2016",1
16,"Mackenzie, Eric",12,7,12,24,0,0,0,2,6,0,0,1,0,1,0,8,14,1,0,4,0,0,100,64,"West Coast","2016",1
20,"McGovern, Jeremy",7,6,2,9,1,0,0,1,2,1,0,1,0,0,0,2,7,0,0,5,0,0,80,64,"West Coast","2016",1
9,"Naitanui, Nic",7,6,15,22,2,0,46,2,0,6,5,3,2,2,1,17,6,6,2,4,0,1,67,64,"West Coast","2016",1
30,"Nelson, Jackson",9,3,6,15,0,0,0,3,1,0,1,3,0,2,0,2,13,0,0,2,0,0,85,64,"West Coast","2016",1
11,"Priddis, Matt",16,4,27,43,0,0,0,5,1,4,12,2,3,0,2,24,20,0,0,2,0,2,84,64,"West Coast","2016",1
8,"Redden, Jack",7,4,18,25,1,0,0,3,0,2,7,2,0,2,0,16,9,0,0,1,0,2,70,64,"West Coast","2016",1
31,"Schofield, Will",6,2,7,13,0,0,0,1,1,1,0,2,1,2,0,3,11,0,0,4,0,0,84,64,"West Coast","2016",1
5,"Sheppard, Brad",9,7,12,21,0,0,0,3,1,1,0,2,0,0,0,6,16,0,0,5,0,0,84,64,"West Coast","2016",1
13,"Shuey, Luke",17,3,13,30,0,0,0,4,0,3,7,8,2,5,0,11,19,0,0,1,1,1,85,64,"West Coast","2016",1
6,"Yeo, Elliot",13,4,7,20,1,1,2,9,1,6,4,3,1,2,0,11,9,2,1,0,0,0,80,64,"West Coast","2016",1
0,"Rushed",0,0,0,0,0,3,0,0,0,0,0,0,0,0,0,0,0,0,0,0,0,0,0,64,"West Coast","2016",1
31,"Andrews, Harris",3,2,3,6,0,0,1,3,2,1,0,2,1,1,0,4,2,0,0,9,0,0,96,-64,"Brisbane Lions","2016",1
4,"Bastinac, Ryan",11,3,12,23,0,0,0,4,2,5,4,3,1,1,0,9,14,0,0,1,1,0,72,-64,"Brisbane Lions","2016",1
17,"Beams, Claye",2,0,5,7,0,0,0,7,1,0,0,0,0,0,0,0,7,0,0,2,0,0,78,-64,"Brisbane Lions","2016",1
7,"Bell, Tom",7,4,17,24,0,0,1,5,1,2,2,2,3,1,0,13,14,1,0,3,1,3,76,-64,"Brisbane Lions","2016",1
8,"Bewick, Rohan",4,2,5,9,0,1,1,4,2,0,1,1,0,0,0,4,5,0,0,0,0,1,75,-64,"Brisbane Lions","2016",1
3,"Christensen, Allen",12,6,7,19,3,2,0,1,1,3,3,2,7,0,0,9,10,1,1,1,0,1,75,-64,"Brisbane Lions","2016",1
26,"Cutler, Tom",8,2,5,13,0,0,0,4,3,2,0,3,0,1,0,3,7,0,0,4,0,0,80,-64,"Brisbane Lions","2016",1
34,"Freeman, Jonathan",3,2,3,6,0,1,0,1,0,0,0,1,1,0,0,4,2,1,1,0,0,0,76,-64,"Brisbane Lions","2016",1
27,"Gardiner, Darcy",2,1,7,9,0,0,0,1,1,0,0,4,0,3,0,5,4,1,0,5,0,0,82,-64,"Brisbane Lions","2016",1
11,"Hanley, Pearce",10,0,9,19,1,0,1,4,1,3,1,1,2,0,0,4,16,0,0,2,0,2,84,-64,"Brisbane Lions","2016",1
2,"Harwood, Ryan",8,2,7,15,0,0,0,0,3,1,2,2,1,0,0,5,10,0,0,3,0,1,78,-64,"Brisbane Lions","2016",1
35,"Lester, Ryan",8,2,7,15,0,0,0,2,1,1,1,3,1,3,0,6,10,0,0,3,0,3,85,-64,"Brisbane Lions","2016",1
12,"Martin, Stefan",6,2,15,21,0,0,21,1,2,3,6,4,3,1,0,12,8,1,0,3,0,0,94,-64,"Brisbane Lions","2016",1
32,"Mayes, Sam",6,3,10,16,0,0,0,3,2,2,2,2,0,0,0,2,13,0,0,0,0,0,81,-64,"Brisbane Lions","2016",1
25,"McStay, Daniel",6,4,6,12,0,0,0,2,5,1,0,2,2,0,0,5,7,1,0,9,0,0,98,-64,"Brisbane Lions","2016",1
22,"Paparone, Marco",5,2,4,9,0,0,0,1,2,1,0,1,0,1,0,2,8,0,0,3,0,1,88,-64,"Brisbane Lions","2016",1
10,"Rich, Daniel",14,2,9,23,2,1,0,11,1,8,4,2,3,1,0,10,15,0,0,1,0,0,70,-64,"Brisbane Lions","2016",1
5,"Robinson, Mitch",6,0,17,23,0,0,1,4,3,1,8,4,2,2,0,15,10,0,0,3,0,0,66,-64,"Brisbane Lions","2016",1
38,"Rockliff, Tom",9,5,12,21,2,1,0,8,0,2,6,2,1,1,0,8,13,0,2,0,0,0,85,-64,"Brisbane Lions","2016",1
23,"Schache, Josh",7,5,2,9,2,1,0,4,0,3,0,0,0,0,0,2,6,1,3,0,0,1,91,-64,"Brisbane Lions","2016",1
28,"Taylor, Lewis",12,4,6,18,3,1,0,2,0,6,0,3,1,0,0,3,14,0,0,0,0,0,86,-64,"Brisbane Lions","2016",1
14,"Walker, Josh",5,3,1,6,2,1,2,2,0,0,0,3,0,1,0,3,4,1,3,1,0,0,84,-64,"Brisbane Lions","2016",1
0,"Rushed",0,0,0,0,0,3,0,0,0,0,0,0,0,0,0,0,0,0,0,0,0,0,0,-64,"Brisbane Lions","2016",1
