"Number","Player","Kicks","Marks","Handballs","Disposals","Goals","Behinds","Hitouts","Tackles","Rebounds50s","Inside50s","Clearances","Clangers","FreesFor","FreesAgainst","BrownlowVotes","ContestedPossessions","UncontestedPossessions","ContestedMarks","MarksInside50","OnePercenters","Bounces","GoalAssists","PercentagePlayed","PointDifference","Team","Season","Round"
27,"Armfield, Dennis",10,1,7,17,3,1,0,3,1,4,1,2,2,1,0,5,14,0,0,1,2,2,85,19,"Carlton","2016",10
41,"Casboult, Levi",6,4,2,8,1,1,0,1,0,1,0,1,1,1,0,3,5,1,1,0,0,0,95,19,"Carlton","2016",10
9,"Cripps, Patrick",9,1,21,30,0,0,3,7,0,8,3,7,1,2,0,15,15,1,0,1,1,1,89,19,"Carlton","2016",10
35,"Curnow, Ed",14,6,15,29,1,0,0,9,1,4,4,1,0,0,1,6,23,0,1,2,1,1,89,19,"Carlton","2016",10
15,"Docherty, Sam",18,8,12,30,0,0,0,0,6,6,0,3,0,0,0,6,20,2,0,4,1,2,94,19,"Carlton","2016",10
33,"Everitt, Andrejs",13,7,7,20,4,1,0,0,0,5,4,1,1,0,2,10,10,1,3,3,1,0,90,19,"Carlton","2016",10
4,"Gibbs, Bryce",17,3,17,34,2,1,2,7,2,4,9,4,3,1,3,13,21,0,1,4,0,1,83,19,"Carlton","2016",10
37,"Gorringe, Daniel",7,2,7,14,2,0,8,2,0,1,3,2,0,1,0,7,7,0,1,6,0,0,74,19,"Carlton","2016",10
11,"Kerridge, Sam",5,1,9,14,0,0,0,7,1,1,1,2,1,0,0,5,9,0,0,1,0,0,87,19,"Carlton","2016",10
8,"Kreuzer, Matthew",9,1,6,15,0,0,17,12,1,2,8,5,0,1,0,9,4,0,0,1,0,0,80,19,"Carlton","2016",10
13,"Lamb, Jed",10,5,5,15,1,2,0,4,0,6,0,3,3,0,0,7,10,0,1,0,0,0,89,19,"Carlton","2016",10
3,"Murphy, Marc",2,1,0,2,1,0,0,0,0,1,0,0,0,0,0,0,2,0,1,0,0,0,6,19,"Carlton","2016",10
20,"Plowman, Lachie",10,6,6,16,0,0,0,3,4,0,0,2,1,0,0,4,12,0,0,3,0,0,96,19,"Carlton","2016",10
17,"Rowe, Sam",3,1,2,5,0,0,0,2,1,1,0,0,1,0,0,1,4,0,0,16,0,0,100,19,"Carlton","2016",10
6,"Simpson, Kade",17,6,10,27,0,0,0,4,4,5,3,5,1,2,0,8,17,1,0,3,1,1,89,19,"Carlton","2016",10
19,"Sumner, Liam",0,0,1,1,0,0,0,0,0,0,0,0,0,0,0,0,1,0,0,0,0,0,13,19,"Carlton","2016",10
39,"Thomas, Dale",11,6,6,17,0,0,0,3,1,2,1,2,2,0,0,3,12,0,0,0,0,1,87,19,"Carlton","2016",10
42,"Tuohy, Zach",11,5,10,21,0,0,0,3,3,1,0,0,1,0,0,9,13,1,0,0,0,0,97,19,"Carlton","2016",10
1,"Walker, Andrew",10,6,8,18,1,0,1,4,0,4,0,2,1,0,0,8,9,2,1,3,1,3,92,19,"Carlton","2016",10
23,"Weitering, Jacob",9,8,8,17,0,0,0,1,5,0,0,4,0,1,0,3,14,0,0,2,1,0,88,19,"Carlton","2016",10
43,"White, Simon",14,6,6,20,0,0,0,4,5,1,0,0,1,0,0,5,15,1,0,3,1,0,87,19,"Carlton","2016",10
46,"Wright, Matthew",6,1,12,18,0,2,0,4,0,3,5,0,2,0,0,9,9,0,0,2,0,0,90,19,"Carlton","2016",10
0,"Totals",211,85,177,388,16,8,31,80,35,60,42,46,22,10,6,136,246,10,10,55,10,12,0,19,"Carlton","2016",10
3,"Bartel, Jimmy",15,6,9,24,1,0,0,7,4,2,3,3,1,1,0,10,13,0,0,0,1,0,88,-19,"Geelong","2016",10
46,"Blicavs, Mark",3,2,6,9,0,0,9,5,0,1,1,2,0,1,0,2,7,0,0,3,0,2,76,-19,"Geelong","2016",10
23,"Caddy, Josh",8,5,12,20,0,1,0,2,1,5,5,2,1,0,0,10,9,1,0,1,0,1,78,-19,"Geelong","2016",10
35,"Dangerfield, Patrick",13,7,18,31,0,0,1,6,1,4,7,2,1,0,0,15,17,1,0,3,2,1,87,-19,"Geelong","2016",10
22,"Duncan, Mitch",12,5,20,32,0,0,0,6,4,1,3,4,1,1,0,6,26,0,0,1,1,1,82,-19,"Geelong","2016",10
44,"Enright, Corey",13,6,13,26,1,0,0,4,3,1,1,2,0,0,0,6,21,0,1,0,0,0,90,-19,"Geelong","2016",10
28,"Gregson, Cory",7,3,10,17,2,2,0,3,0,3,0,2,0,1,0,5,12,0,2,0,0,2,79,-19,"Geelong","2016",10
29,"Guthrie, Cameron",11,5,16,27,2,1,1,1,3,5,2,4,0,2,0,8,19,0,0,0,5,0,70,-19,"Geelong","2016",10
26,"Hawkins, Tom",7,8,6,13,1,2,0,5,0,0,0,0,0,0,0,8,5,5,4,1,0,1,95,-19,"Geelong","2016",10
25,"Henderson, Lachie",15,8,3,18,0,0,0,2,6,2,1,0,0,0,0,8,10,2,0,5,0,0,91,-19,"Geelong","2016",10
39,"Kersten, Shane",8,5,3,11,0,1,0,3,1,4,0,1,0,0,0,3,8,1,1,1,0,0,86,-19,"Geelong","2016",10
8,"Kolodjashnij, Jake",7,2,7,14,0,0,0,2,4,1,0,0,0,0,0,2,12,0,0,3,0,1,88,-19,"Geelong","2016",10
11,"Lang, Darcy",5,1,3,8,0,1,0,4,0,2,0,1,1,1,0,2,6,0,0,1,0,1,78,-19,"Geelong","2016",10
13,"Lonergan, Tom",5,3,7,12,0,0,0,2,0,0,0,1,0,1,0,5,7,1,0,5,0,0,91,-19,"Geelong","2016",10
4,"Mackie, Andrew",12,5,6,18,0,2,0,3,2,2,1,7,0,4,0,3,16,0,1,1,1,0,76,-19,"Geelong","2016",10
32,"Motlop, Steven",12,1,3,15,2,0,0,0,0,4,1,9,0,5,0,1,14,0,0,0,0,0,83,-19,"Geelong","2016",10
21,"Murdoch, Jordan",7,1,11,18,0,0,0,1,4,1,1,3,0,1,0,7,12,0,0,0,0,0,81,-19,"Geelong","2016",10
14,"Selwood, Joel",13,2,13,26,0,0,0,4,0,5,3,3,2,1,0,10,16,0,0,0,0,0,73,-19,"Geelong","2016",10
2,"Smedts, Billie",5,3,11,16,1,0,0,1,0,3,1,2,1,0,0,2,15,0,1,0,1,0,74,-19,"Geelong","2016",10
9,"Smith, Zac",3,0,7,10,1,1,20,5,1,0,1,1,0,1,0,8,3,0,0,3,0,0,72,-19,"Geelong","2016",10
1,"Stanley, Rhys",10,5,9,19,1,0,14,1,1,3,4,3,2,1,0,12,5,2,2,2,0,1,67,-19,"Geelong","2016",10
7,"Taylor, Harry",5,5,10,15,0,0,0,2,3,1,0,1,0,1,0,6,10,2,0,5,0,0,94,-19,"Geelong","2016",10
0,"Rushed",0,0,0,0,0,2,0,0,0,0,0,0,0,0,0,0,0,0,0,0,0,0,0,-19,"Geelong","2016",10
