"Number","Player","Kicks","Marks","Handballs","Disposals","Goals","Behinds","Hitouts","Tackles","Rebounds50s","Inside50s","Clearances","Clangers","FreesFor","FreesAgainst","BrownlowVotes","ContestedPossessions","UncontestedPossessions","ContestedMarks","MarksInside50","OnePercenters","Bounces","GoalAssists","PercentagePlayed","PointDifference","Team","Season","Round"
36,"Aliir, Aliir",6,6,12,18,0,0,0,1,6,1,0,2,0,0,0,9,8,3,0,3,0,1,81,6,"Sydney","2016",18
7,"Cunningham, Harry",7,2,9,16,0,0,0,1,3,0,0,3,0,0,0,3,11,1,0,0,0,0,72,6,"Sydney","2016",18
45,"Foote, Jordan",3,2,7,10,0,0,0,4,0,1,1,1,1,1,0,5,5,1,0,0,0,0,66,6,"Sydney","2016",18
23,"Franklin, Lance",14,5,3,17,4,2,0,3,0,4,0,3,0,1,1,3,14,0,2,2,0,0,98,6,"Sydney","2016",18
39,"Grundy, Heath",9,5,5,14,0,0,0,0,4,1,0,0,0,0,0,4,10,1,0,6,0,0,97,6,"Sydney","2016",18
4,"Hannebery, Dan",14,3,8,22,0,1,0,6,3,4,4,6,1,1,0,10,12,0,0,2,1,0,88,6,"Sydney","2016",18
5,"Heeney, Isaac",10,1,6,16,0,1,0,5,0,7,3,0,2,0,0,9,7,0,0,2,0,0,79,6,"Sydney","2016",18
29,"Hewett, George",3,0,10,13,0,0,0,3,2,2,0,2,1,2,0,4,10,0,0,1,0,1,80,6,"Sydney","2016",18
15,"Jack, Kieren",14,3,8,22,1,2,0,3,1,3,4,4,3,1,0,10,11,0,1,0,0,1,79,6,"Sydney","2016",18
12,"Kennedy, Josh",12,1,23,35,1,0,0,6,0,5,12,7,0,2,3,23,13,0,0,1,0,0,87,6,"Sydney","2016",18
44,"Lloyd, Jake",21,3,7,28,0,0,0,0,9,4,0,3,0,2,0,3,25,0,0,1,1,0,83,6,"Sydney","2016",18
14,"Mills, Callum",11,8,13,24,0,0,0,0,0,2,0,3,0,0,0,10,15,1,0,2,0,0,81,6,"Sydney","2016",18
6,"Mitchell, Tom",2,0,21,23,0,0,0,4,0,1,4,2,0,1,0,16,8,0,0,0,1,0,75,6,"Sydney","2016",18
35,"Naismith, Sam",4,3,8,12,0,0,31,7,2,1,2,4,1,3,0,9,3,2,0,1,0,0,81,6,"Sydney","2016",18
41,"Papley, Tom",4,3,5,9,0,0,0,4,0,2,0,3,0,1,0,3,7,0,0,0,0,0,71,6,"Sydney","2016",18
26,"Parker, Luke",10,4,14,24,2,1,4,8,1,1,6,4,0,1,0,9,14,0,1,1,0,0,89,6,"Sydney","2016",18
24,"Rampe, Dane",9,2,8,17,0,0,0,3,5,0,0,2,0,0,0,6,10,1,0,10,0,0,97,6,"Sydney","2016",18
42,"Richards, Xavier",5,5,8,13,2,1,0,5,0,4,0,3,2,3,0,8,6,1,1,1,3,0,86,6,"Sydney","2016",18
16,"Rohan, Gary",6,3,2,8,0,1,0,8,0,4,0,1,2,0,0,4,5,0,1,0,2,1,80,6,"Sydney","2016",18
18,"Sinclair, Callum",4,2,2,6,0,0,14,2,0,2,3,0,1,0,0,5,1,1,0,3,0,1,61,6,"Sydney","2016",18
40,"Smith, Nick",8,3,5,13,0,0,0,4,3,2,2,1,0,0,0,4,9,0,0,4,0,0,89,6,"Sydney","2016",18
22,"Towers, Dean",7,3,11,18,0,1,2,3,1,3,4,4,2,2,0,11,9,0,0,1,0,1,81,6,"Sydney","2016",18
0,"Rushed",0,0,0,0,0,4,0,0,0,0,0,0,0,0,0,0,0,0,0,0,0,0,0,6,"Sydney","2016",18
27,"Armfield, Dennis",6,2,7,13,1,1,0,4,0,2,1,2,1,1,0,4,9,0,0,1,0,0,89,-6,"Carlton","2016",18
12,"Boekhorst, Blaine",6,3,7,13,1,0,0,3,2,1,0,3,1,1,0,7,8,0,0,2,0,1,78,-6,"Carlton","2016",18
7,"Buckley, Dylan",8,3,4,12,1,1,0,4,0,4,1,0,0,0,0,3,7,0,0,1,0,1,74,-6,"Carlton","2016",18
41,"Casboult, Levi",3,3,8,11,1,0,0,0,0,1,1,2,0,0,0,7,4,1,1,1,0,1,94,-6,"Carlton","2016",18
9,"Cripps, Patrick",10,4,22,32,0,0,4,13,2,3,11,5,1,1,2,22,10,1,0,0,0,0,82,-6,"Carlton","2016",18
30,"Curnow, Charlie",3,2,3,6,1,0,0,1,0,1,0,3,0,0,0,5,1,2,1,0,0,0,55,-6,"Carlton","2016",18
35,"Curnow, Ed",18,5,10,28,2,0,0,6,5,4,8,4,3,3,0,16,12,0,0,0,0,0,90,-6,"Carlton","2016",18
15,"Docherty, Sam",22,11,8,30,0,1,0,2,3,4,1,2,1,1,0,4,25,1,0,0,3,0,90,-6,"Carlton","2016",18
4,"Gibbs, Bryce",16,1,15,31,0,1,3,11,2,8,7,3,2,0,0,15,15,0,0,1,0,2,76,-6,"Carlton","2016",18
32,"Graham, Nick",12,2,10,22,0,0,0,10,1,4,6,4,2,1,0,10,12,0,0,0,0,0,76,-6,"Carlton","2016",18
11,"Kerridge, Sam",9,3,8,17,0,1,0,0,1,4,0,2,0,1,0,5,12,1,0,0,0,0,83,-6,"Carlton","2016",18
8,"Kreuzer, Matthew",10,6,7,17,1,0,23,2,2,1,4,5,0,1,0,10,7,2,1,4,0,0,75,-6,"Carlton","2016",18
34,"Phillips, Andrew",5,2,1,6,0,0,17,4,2,1,2,2,0,2,0,3,2,1,0,2,0,0,70,-6,"Carlton","2016",18
20,"Plowman, Lachie",3,3,7,10,0,0,0,2,0,1,0,1,0,0,0,3,7,1,0,7,0,0,78,-6,"Carlton","2016",18
17,"Rowe, Sam",6,3,1,7,0,0,0,2,0,0,0,2,1,1,0,2,5,1,0,7,0,0,97,-6,"Carlton","2016",18
2,"Silvagni, Jack",2,0,3,5,1,0,0,3,0,2,0,0,2,0,0,3,2,0,0,0,1,0,76,-6,"Carlton","2016",18
6,"Simpson, Kade",23,5,11,34,0,0,0,4,9,4,0,2,1,1,0,5,25,0,0,1,3,0,95,-6,"Carlton","2016",18
19,"Sumner, Liam",5,1,8,13,1,0,0,2,2,2,1,0,0,0,0,3,8,0,0,0,0,1,73,-6,"Carlton","2016",18
42,"Tuohy, Zach",13,0,8,21,0,0,0,3,5,0,0,0,1,0,0,4,13,0,0,2,0,0,88,-6,"Carlton","2016",18
23,"Weitering, Jacob",5,4,9,14,0,0,0,2,1,0,0,1,0,0,0,5,8,1,0,7,0,0,82,-6,"Carlton","2016",18
43,"White, Simon",5,2,9,14,0,0,0,4,2,1,1,0,2,0,0,6,7,0,0,0,0,0,86,-6,"Carlton","2016",18
46,"Wright, Matthew",14,2,13,27,0,2,0,7,1,5,3,3,2,1,0,7,18,0,0,0,1,0,92,-6,"Carlton","2016",18
0,"Rushed",0,0,0,0,0,1,0,0,0,0,0,0,0,0,0,0,0,0,0,0,0,0,0,-6,"Carlton","2016",18
