"Number","Player","Kicks","Marks","Handballs","Disposals","Goals","Behinds","Hitouts","Tackles","Rebounds50s","Inside50s","Clearances","Clangers","FreesFor","FreesAgainst","BrownlowVotes","ContestedPossessions","UncontestedPossessions","ContestedMarks","MarksInside50","OnePercenters","Bounces","GoalAssists","PercentagePlayed","PointDifference","Team","Season","Round"
15,"Amon, Karl",13,4,7,20,0,0,0,0,3,4,4,5,0,1,0,9,10,1,0,2,0,1,73,-40,"Port Adelaide","2016",21
25,"Austin, Logan",4,1,2,6,0,0,0,2,1,0,0,0,0,0,0,1,5,0,0,4,0,0,79,-40,"Port Adelaide","2016",21
1,"Boak, Travis",10,5,12,22,0,0,0,3,1,4,3,1,1,0,0,6,16,0,0,0,0,1,88,-40,"Port Adelaide","2016",21
5,"Broadbent, Matthew",13,6,10,23,0,0,0,0,4,0,3,4,0,1,0,7,13,0,0,6,0,0,87,-40,"Port Adelaide","2016",21
33,"Byrne-Jones, Darcy",12,6,5,17,0,0,0,0,0,2,0,3,0,1,0,4,13,0,0,1,0,0,90,-40,"Port Adelaide","2016",21
17,"Clurey, Tom",6,2,4,10,0,0,0,3,1,1,0,2,2,1,0,4,6,0,0,2,0,0,97,-40,"Port Adelaide","2016",21
22,"Dixon, Charlie",5,5,6,11,0,0,0,1,0,2,0,4,1,0,0,4,7,0,2,1,0,0,92,-40,"Port Adelaide","2016",21
7,"Ebert, Brad",11,7,7,18,0,0,1,6,3,2,1,3,0,0,0,4,13,0,0,1,0,0,91,-40,"Port Adelaide","2016",21
9,"Gray, Robbie",10,1,16,26,0,1,0,6,4,3,6,6,0,3,0,14,11,0,0,5,1,1,91,-40,"Port Adelaide","2016",21
46,"Gray, Sam",10,3,15,25,1,0,0,9,1,3,3,4,2,0,0,7,17,0,1,0,0,1,88,-40,"Port Adelaide","2016",21
24,"Impey, Jarman",9,5,7,16,0,0,0,2,0,4,0,3,1,2,0,7,10,0,1,0,1,2,76,-40,"Port Adelaide","2016",21
48,"Krakouer, Nathan",6,2,3,9,1,0,0,2,0,1,1,0,0,0,0,3,5,1,1,1,0,0,72,-40,"Port Adelaide","2016",21
23,"Lobbe, Matthew",1,3,5,6,0,0,14,9,0,0,1,4,1,2,0,4,3,1,0,4,0,1,71,-40,"Port Adelaide","2016",21
13,"OShea, Cameron",9,3,0,9,0,0,0,2,2,2,0,2,1,1,0,0,7,0,0,5,0,0,80,-40,"Port Adelaide","2016",21
37,"Palmer, Jesse",6,4,6,12,0,1,0,2,0,2,0,2,0,0,0,5,8,0,0,1,0,0,81,-40,"Port Adelaide","2016",21
29,"Pittard, Jasper",16,3,12,28,0,0,0,2,8,1,2,9,0,1,0,7,17,1,0,3,2,0,93,-40,"Port Adelaide","2016",21
21,"Polec, Jared",14,3,10,24,2,0,0,4,2,4,0,3,4,0,0,7,17,0,1,3,3,0,93,-40,"Port Adelaide","2016",21
12,"Trengove, Jackson",4,3,11,15,0,1,9,6,1,2,4,4,3,2,0,11,5,0,0,3,0,0,86,-40,"Port Adelaide","2016",21
39,"Westhoff, Justin",13,7,7,20,0,1,1,5,1,6,0,3,1,2,0,2,17,0,1,0,0,0,83,-40,"Port Adelaide","2016",21
16,"Wines, Ollie",12,3,18,30,1,0,1,6,2,4,3,5,1,2,0,17,16,1,0,3,0,0,77,-40,"Port Adelaide","2016",21
20,"Wingard, Chad",5,3,0,5,1,0,0,0,0,2,0,0,0,0,0,0,5,0,1,0,0,0,30,-40,"Port Adelaide","2016",21
40,"Young, Aaron",5,2,3,8,2,0,0,3,1,0,1,2,0,0,0,2,6,0,0,1,0,0,83,-40,"Port Adelaide","2016",21
0,"Rushed",0,0,0,0,0,2,0,0,0,0,0,0,0,0,0,0,0,0,0,0,0,0,0,-40,"Port Adelaide","2016",21
10,"Brayshaw, Angus",8,4,10,18,2,0,0,3,2,4,2,4,0,1,0,8,11,0,0,1,0,0,80,40,"Melbourne","2016",21
32,"Bugg, Tomas",9,5,10,19,2,1,0,5,1,1,2,2,2,1,0,4,14,0,2,1,0,0,85,40,"Melbourne","2016",21
17,"Frost, Sam",8,5,4,12,1,1,0,0,1,3,0,3,0,0,0,1,11,0,1,3,0,0,79,40,"Melbourne","2016",21
36,"Garlett, Jeff",12,1,5,17,2,1,0,1,1,5,2,2,0,0,0,5,12,0,1,0,2,0,85,40,"Melbourne","2016",21
11,"Gawn, Max",9,6,7,16,0,2,47,4,2,3,2,4,2,2,3,11,7,5,2,6,0,0,83,40,"Melbourne","2016",21
43,"Harmes, James",5,3,7,12,0,0,0,3,2,0,1,3,0,1,0,3,9,0,0,1,1,0,86,40,"Melbourne","2016",21
1,"Hogan, Jesse",7,6,2,9,0,2,0,0,0,1,0,2,0,0,0,4,5,2,3,0,0,0,88,40,"Melbourne","2016",21
29,"Hunt, Jayden",13,4,7,20,0,0,0,3,5,8,0,2,2,1,1,4,15,1,0,0,6,1,84,40,"Melbourne","2016",21
39,"Jetta, Neville",11,9,9,20,0,0,0,3,3,0,1,1,2,1,0,5,15,0,2,4,0,1,84,40,"Melbourne","2016",21
2,"Jones, Nathan",15,3,14,29,1,1,0,5,2,2,4,3,0,1,0,9,20,0,0,1,2,0,81,40,"Melbourne","2016",21
16,"Kent, Dean",13,7,9,22,1,0,0,1,1,6,0,7,0,2,0,8,12,1,1,2,1,1,68,40,"Melbourne","2016",21
28,"McDonald, Oscar",15,9,8,23,0,0,0,2,5,3,0,2,0,0,0,7,14,2,0,3,0,0,89,40,"Melbourne","2016",21
25,"McDonald, Tom",15,10,3,18,0,0,0,4,2,1,0,0,0,0,0,1,15,0,0,11,1,0,94,40,"Melbourne","2016",21
13,"Oliver, Clayton",13,2,9,22,1,0,0,2,2,1,7,3,2,1,0,10,10,0,0,1,0,0,66,40,"Melbourne","2016",21
21,"Pedersen, Cameron",6,3,7,13,0,1,2,0,0,4,0,2,2,1,0,9,4,2,0,4,0,1,82,40,"Melbourne","2016",21
5,"Petracca, Christian",11,3,3,14,0,0,0,2,0,5,2,6,1,1,0,9,7,0,1,1,0,1,77,40,"Melbourne","2016",21
15,"Stretch, Billy",8,4,9,17,0,1,0,7,0,1,5,0,0,0,0,7,8,0,1,1,0,0,72,40,"Melbourne","2016",21
12,"Tyson, Dom",9,6,20,29,1,1,0,8,3,0,7,1,2,0,2,15,13,0,1,1,0,1,80,40,"Melbourne","2016",21
37,"Vandenberg, Aaron",6,3,4,10,0,1,0,6,0,3,2,2,0,1,0,4,7,0,0,0,0,2,80,40,"Melbourne","2016",21
23,"Vince, Bernie",22,5,9,31,1,0,0,2,4,1,2,6,3,2,0,11,19,0,1,0,0,0,84,40,"Melbourne","2016",21
7,"Viney, Jack",6,3,11,17,0,1,0,5,1,1,3,5,0,2,0,7,10,0,1,0,0,0,79,40,"Melbourne","2016",21
4,"Watts, Jack",11,9,3,14,1,0,4,4,1,3,1,2,1,0,0,5,11,1,1,1,0,0,93,40,"Melbourne","2016",21
0,"Rushed",0,0,0,0,0,3,0,0,0,0,0,0,0,0,0,0,0,0,0,0,0,0,0,40,"Melbourne","2016",21
