"Number","Player","Kicks","Marks","Handballs","Disposals","Goals","Behinds","Hitouts","Tackles","Rebounds50s","Inside50s","Clearances","Clangers","FreesFor","FreesAgainst","BrownlowVotes","ContestedPossessions","UncontestedPossessions","ContestedMarks","MarksInside50","OnePercenters","Bounces","GoalAssists","PercentagePlayed","PointDifference","Team","Season","Round"
21,"Buntine, Matt",5,3,2,7,0,0,0,1,1,1,0,2,0,1,0,3,5,0,0,5,0,0,82,75,"Greater Western Sydney","2016",6
18,"Cameron, Jeremy",4,0,1,5,3,0,0,1,0,0,0,1,0,1,0,3,1,0,0,1,0,0,82,75,"Greater Western Sydney","2016",6
3,"Coniglio, Stephen",12,3,18,30,0,1,0,9,2,3,5,3,1,0,0,11,19,0,0,0,0,2,80,75,"Greater Western Sydney","2016",6
1,"Davis, Phil",3,3,2,5,0,0,0,0,0,0,0,2,0,1,0,0,5,0,0,5,0,0,79,75,"Greater Western Sydney","2016",6
4,"Greene, Toby",13,4,9,22,3,0,0,3,0,9,3,3,2,2,0,7,15,1,2,2,0,1,85,75,"Greater Western Sydney","2016",6
19,"Haynes, Nick",9,5,6,15,0,0,0,1,1,2,2,2,0,1,0,9,6,1,0,3,0,0,70,75,"Greater Western Sydney","2016",6
17,"Johnson, Steve",16,4,9,25,5,0,0,4,1,6,4,5,3,1,1,10,11,0,2,0,0,1,88,75,"Greater Western Sydney","2016",6
22,"Kelly, Josh",17,4,9,26,0,2,0,3,1,2,2,2,0,0,0,8,18,0,1,1,0,3,83,75,"Greater Western Sydney","2016",6
40,"Kennedy, Adam",9,4,7,16,0,0,0,1,2,2,2,2,3,1,0,4,12,0,0,3,0,1,84,75,"Greater Western Sydney","2016",6
37,"Lobb, Rory",9,10,7,16,4,2,7,2,1,0,0,2,1,2,3,10,6,8,4,1,0,0,88,75,"Greater Western Sydney","2016",6
41,"Mumford, Shane",3,4,9,12,0,0,33,2,3,0,4,3,0,2,0,10,2,3,0,4,0,0,89,75,"Greater Western Sydney","2016",6
7,"Palmer, Rhys",12,7,3,15,3,1,0,3,0,1,0,0,1,0,0,5,10,2,4,1,0,1,78,75,"Greater Western Sydney","2016",6
24,"Patfull, Joel",4,5,5,9,0,0,0,2,2,1,0,2,0,2,0,2,6,0,0,4,0,0,87,75,"Greater Western Sydney","2016",6
12,"Patton, Jonathon",4,4,3,7,0,0,0,1,0,1,0,2,0,0,0,5,2,2,0,3,0,1,79,75,"Greater Western Sydney","2016",6
9,"Scully, Tom",10,5,13,23,3,1,0,1,0,3,3,2,1,1,0,7,16,0,1,0,0,1,86,75,"Greater Western Sydney","2016",6
23,"Shaw, Heath",29,11,3,32,0,0,0,2,9,0,1,1,1,0,0,7,23,0,0,1,2,0,90,75,"Greater Western Sydney","2016",6
5,"Shiel, Dylan",19,3,15,34,0,1,0,5,1,7,8,6,1,0,0,13,19,0,0,1,0,2,72,75,"Greater Western Sydney","2016",6
11,"Steele, Jack",9,6,12,21,0,0,0,7,0,6,4,1,1,0,0,8,13,0,0,0,0,1,77,75,"Greater Western Sydney","2016",6
8,"Ward, Callan",9,5,20,29,1,2,3,4,0,1,5,2,1,0,2,12,17,3,1,2,2,0,87,75,"Greater Western Sydney","2016",6
6,"Whitfield, Lachie",16,9,12,28,2,0,0,4,0,5,1,0,0,0,0,5,23,0,1,0,0,1,83,75,"Greater Western Sydney","2016",6
29,"Williams, Zac",8,4,12,20,0,1,0,5,2,3,3,3,2,1,0,11,10,0,0,1,0,0,70,75,"Greater Western Sydney","2016",6
16,"Wilson, Nathan",13,4,3,16,0,0,0,2,8,3,0,4,2,2,0,3,12,0,0,0,0,1,82,75,"Greater Western Sydney","2016",6
0,"Rushed",0,0,0,0,0,3,0,0,0,0,0,0,0,0,0,0,0,0,0,0,0,0,0,75,"Greater Western Sydney","2016",6
14,"Birchall, Grant",10,7,10,20,0,0,0,2,2,1,3,1,0,1,0,5,17,0,0,6,0,0,81,-75,"Hawthorn","2016",6
22,"Breust, Luke",8,3,5,13,3,2,0,1,1,1,2,3,2,3,0,9,3,2,3,0,0,1,84,-75,"Hawthorn","2016",6
9,"Burgoyne, Shaun",9,2,9,18,0,0,0,3,2,6,4,1,0,1,0,8,8,0,0,2,0,1,77,-75,"Hawthorn","2016",6
18,"Ceglar, Jonathon",4,6,10,14,0,1,22,3,0,1,1,1,2,1,0,7,8,1,0,1,0,0,82,-75,"Hawthorn","2016",6
8,"Duryea, Taylor",11,2,3,14,0,0,0,2,1,4,1,2,1,1,0,3,12,0,0,2,0,1,75,-75,"Hawthorn","2016",6
12,"Frawley, James",5,0,3,8,0,0,0,0,1,1,0,4,0,2,0,0,8,0,0,8,0,0,68,-75,"Hawthorn","2016",6
6,"Gibson, Josh",9,4,10,19,0,0,0,1,2,2,0,0,0,0,0,5,13,2,0,4,1,1,100,-75,"Hawthorn","2016",6
19,"Gunston, Jack",12,4,3,15,5,0,0,2,0,4,0,1,0,0,0,4,11,0,2,1,0,0,93,-75,"Hawthorn","2016",6
10,"Hill, Bradley",8,1,6,14,0,0,0,0,1,3,1,3,0,0,0,4,10,0,1,1,0,1,75,-75,"Hawthorn","2016",6
15,"Hodge, Luke",10,3,10,20,0,0,1,2,2,6,1,4,1,2,0,5,15,0,0,1,0,1,77,-75,"Hawthorn","2016",6
41,"Howe, Daniel",7,5,7,14,1,0,0,3,3,0,1,3,1,2,0,6,8,0,1,1,0,0,83,-75,"Hawthorn","2016",6
3,"Lewis, Jordan",6,1,9,15,0,1,4,4,2,3,3,1,1,1,0,6,7,0,0,0,0,0,82,-75,"Hawthorn","2016",6
36,"Lovell, Kieran",6,1,5,11,0,0,0,1,1,2,2,0,1,0,0,6,5,0,0,0,0,0,74,-75,"Hawthorn","2016",6
7,"McEvoy, Ben",5,5,11,16,0,0,24,1,1,1,2,1,1,0,0,8,6,1,1,3,0,0,84,-75,"Hawthorn","2016",6
5,"Mitchell, Sam",11,1,15,26,0,1,1,0,1,6,1,2,1,1,0,7,17,0,0,0,3,1,88,-75,"Hawthorn","2016",6
23,"OBrien, Tim",5,2,5,10,0,0,0,1,4,1,0,1,0,1,0,2,7,0,0,10,0,0,92,-75,"Hawthorn","2016",6
28,"Puopolo, Paul",5,1,1,6,2,1,0,3,0,0,0,1,2,1,0,3,3,0,0,0,0,0,79,-75,"Hawthorn","2016",6
33,"Rioli, Cyril",5,2,7,12,1,0,0,5,0,3,3,1,2,0,0,8,6,0,1,0,0,0,78,-75,"Hawthorn","2016",6
26,"Shiels, Liam",6,1,12,18,0,0,0,5,1,2,3,2,1,1,0,8,7,0,0,2,0,0,74,-75,"Hawthorn","2016",6
21,"Sicily, James",7,3,2,9,0,1,0,1,0,2,1,3,2,0,0,3,6,0,1,2,0,0,69,-75,"Hawthorn","2016",6
16,"Smith, Isaac",6,4,5,11,0,2,0,0,0,1,0,2,0,1,0,3,10,0,1,1,0,2,85,-75,"Hawthorn","2016",6
24,"Stratton, Ben",6,3,5,11,0,0,0,1,1,0,0,1,0,1,0,4,10,0,0,12,0,0,100,-75,"Hawthorn","2016",6
0,"Rushed",0,0,0,0,0,2,0,0,0,0,0,0,0,0,0,0,0,0,0,0,0,0,0,-75,"Hawthorn","2016",6
