"Number","Player","Kicks","Marks","Handballs","Disposals","Goals","Behinds","Hitouts","Tackles","Rebounds50s","Inside50s","Clearances","Clangers","FreesFor","FreesAgainst","BrownlowVotes","ContestedPossessions","UncontestedPossessions","ContestedMarks","MarksInside50","OnePercenters","Bounces","GoalAssists","PercentagePlayed","PointDifference","Team","Season","Round"
3,"Anderson, Jed",4,1,3,7,0,1,0,6,1,2,1,1,1,1,0,2,4,0,0,0,1,0,81,23,"North Melbourne","2016",19
18,"Atley, Shaun",8,3,7,15,0,0,0,2,0,2,0,1,1,0,0,3,12,0,0,3,1,1,88,23,"North Melbourne","2016",19
50,"Brown, Ben",9,4,2,11,3,1,0,0,0,1,0,2,4,0,0,6,5,1,3,2,0,0,100,23,"North Melbourne","2016",19
13,"Clarke, Ryan",2,2,9,11,0,0,0,0,0,1,1,2,0,1,0,3,9,0,0,0,0,0,77,23,"North Melbourne","2016",19
10,"Cunnington, Ben",9,2,17,26,0,0,0,4,2,2,8,6,0,2,2,13,13,1,0,0,0,0,73,23,"North Melbourne","2016",19
15,"Dal Santo, Nick",16,6,10,26,0,0,0,3,6,1,2,0,4,0,0,6,20,0,0,0,1,1,85,23,"North Melbourne","2016",19
14,"Dumont, Trent",9,2,7,16,1,0,0,6,2,5,0,0,0,0,0,3,13,0,1,1,0,2,80,23,"North Melbourne","2016",19
11,"Firrito, Michael",5,4,5,10,0,0,0,1,4,0,0,3,0,1,0,5,8,0,0,4,0,0,96,23,"North Melbourne","2016",19
43,"Gibson, Sam",14,6,14,28,0,0,0,3,4,4,5,1,1,0,0,10,18,0,0,0,0,1,86,23,"North Melbourne","2016",19
22,"Goldstein, Todd",6,4,8,14,0,1,36,3,1,1,2,2,2,0,0,8,7,1,1,4,0,0,86,23,"North Melbourne","2016",19
29,"Harvey, Brent",13,5,11,24,1,1,0,2,1,3,2,0,0,0,0,7,19,0,1,0,1,0,94,23,"North Melbourne","2016",19
34,"Macmillan, Jamie",16,8,15,31,1,1,0,2,7,3,1,1,1,0,0,8,22,0,0,2,3,0,95,23,"North Melbourne","2016",19
2,"McKenzie, Brad",15,9,8,23,0,0,0,0,8,1,1,2,0,0,0,5,17,0,0,1,0,0,82,23,"North Melbourne","2016",19
17,"Mullett, Aaron",5,3,8,13,1,1,0,4,0,2,1,0,0,0,0,1,13,0,1,1,1,0,73,23,"North Melbourne","2016",19
20,"Petrie, Drew",11,12,7,18,2,1,3,0,1,5,1,4,0,4,3,8,11,4,2,3,0,0,84,23,"North Melbourne","2016",19
9,"Swallow, Andrew",5,4,13,18,0,1,0,6,1,1,5,3,1,1,0,12,8,1,2,2,0,0,72,23,"North Melbourne","2016",19
25,"Tarrant, Robbie",10,6,5,15,0,0,0,4,2,2,0,1,1,1,0,3,12,1,0,7,0,0,88,23,"North Melbourne","2016",19
12,"Thomas, Lindsay",7,2,1,8,1,2,0,3,0,1,0,5,1,3,0,5,3,1,1,3,1,2,82,23,"North Melbourne","2016",19
16,"Thompson, Scott",8,6,2,10,0,0,0,2,2,0,0,3,3,3,0,7,3,3,0,6,0,0,85,23,"North Melbourne","2016",19
30,"Waite, Jarrad",6,2,4,10,2,0,0,3,1,0,0,2,2,0,0,6,4,1,0,0,0,0,34,23,"North Melbourne","2016",19
8,"Wells, Daniel",12,3,12,24,0,0,0,3,0,5,3,3,2,2,1,9,16,0,1,1,1,2,75,23,"North Melbourne","2016",19
7,"Ziebell, Jack",8,2,5,13,0,1,0,5,0,2,1,2,0,0,0,5,8,1,0,1,0,0,84,23,"North Melbourne","2016",19
0,"Rushed",0,0,0,0,0,2,0,0,0,0,0,0,0,0,0,0,0,0,0,0,0,0,0,23,"North Melbourne","2016",19
8,"Acres, Blake",11,4,11,22,1,0,0,4,1,4,3,1,2,0,0,10,13,1,1,0,0,0,81,-23,"St Kilda","2016",19
20,"Armitage, David",4,1,11,15,0,0,0,6,1,2,0,4,1,3,0,4,12,0,0,1,0,0,76,-23,"St Kilda","2016",19
15,"Billings, Jack",11,6,11,22,0,0,0,3,1,3,0,4,0,0,0,5,17,0,2,1,0,0,71,-23,"St Kilda","2016",19
27,"Bruce, Josh",5,3,2,7,2,2,5,4,0,2,0,7,0,5,0,4,3,1,2,0,0,0,87,-23,"St Kilda","2016",19
24,"Dempster, Sean",6,4,4,10,0,0,0,1,4,0,0,3,1,1,0,2,8,0,0,6,0,0,93,-23,"St Kilda","2016",19
7,"Dunstan, Luke",7,0,5,12,1,0,0,3,2,3,2,6,1,3,0,9,6,0,0,2,0,1,70,-23,"St Kilda","2016",19
14,"Geary, Jarryn",9,3,4,13,0,0,0,0,2,3,0,2,0,2,0,5,7,0,0,0,1,0,89,-23,"St Kilda","2016",19
19,"Gilbert, Sam",3,1,4,7,0,0,0,1,1,1,0,2,0,2,0,2,4,0,0,4,0,0,92,-23,"St Kilda","2016",19
22,"Gresham, Jade",8,2,9,17,0,1,0,4,0,4,1,2,0,1,0,6,11,0,0,0,0,0,85,-23,"St Kilda","2016",19
1,"Hickey, Tom",5,4,3,8,0,1,21,2,0,3,1,3,1,2,0,5,2,2,0,2,0,0,81,-23,"St Kilda","2016",19
36,"McKenzie, Daniel",4,2,5,9,0,0,0,1,3,1,0,1,1,1,0,6,4,0,0,1,2,0,78,-23,"St Kilda","2016",19
28,"Membrey, Tim",8,7,4,12,0,1,0,2,0,1,0,1,0,0,0,4,8,2,3,1,1,0,79,-23,"St Kilda","2016",19
41,"Minchington, Darren",5,0,10,15,0,1,0,4,0,2,1,0,2,0,0,8,7,0,0,2,1,0,68,-23,"St Kilda","2016",19
11,"Montagna, Leigh",7,2,15,22,1,0,0,1,1,2,5,1,1,0,0,10,11,0,0,1,0,0,87,-23,"St Kilda","2016",19
16,"Newnes, Jack",5,1,8,13,0,0,2,4,3,3,0,0,1,0,0,4,9,0,0,0,0,0,89,-23,"St Kilda","2016",19
12,"Riewoldt, Nick",13,8,3,16,2,2,3,0,0,4,0,1,1,0,0,5,11,2,1,0,0,0,99,-23,"St Kilda","2016",19
17,"Roberton, Dylan",11,5,4,15,0,2,0,2,5,1,0,2,1,1,0,8,5,3,1,3,2,0,84,-23,"St Kilda","2016",19
6,"Ross, Sebastian",10,5,15,25,0,0,1,7,0,3,4,1,0,1,0,8,17,0,0,1,2,0,78,-23,"St Kilda","2016",19
5,"Savage, Shane",7,2,5,12,0,0,0,0,2,4,1,1,1,0,0,3,8,0,0,0,0,0,84,-23,"St Kilda","2016",19
3,"Steven, Jack",13,1,8,21,0,0,0,4,1,6,3,2,2,1,0,7,11,0,0,1,0,1,81,-23,"St Kilda","2016",19
44,"Weller, Maverick",10,5,6,16,1,1,0,2,0,5,3,1,2,1,0,8,8,2,1,2,0,1,79,-23,"St Kilda","2016",19
34,"Wright, Nathan",5,5,10,15,0,1,0,1,0,0,2,2,1,0,0,3,12,0,1,0,0,0,67,-23,"St Kilda","2016",19
0,"Rushed",0,0,0,0,0,2,0,0,0,0,0,0,0,0,0,0,0,0,0,0,0,0,0,-23,"St Kilda","2016",19
