"Number","Player","Kicks","Marks","Handballs","Disposals","Goals","Behinds","Hitouts","Tackles","Rebounds50s","Inside50s","Clearances","Clangers","FreesFor","FreesAgainst","BrownlowVotes","ContestedPossessions","UncontestedPossessions","ContestedMarks","MarksInside50","OnePercenters","Bounces","GoalAssists","PercentagePlayed","PointDifference","Team","Season","Round"
15,"Amon, Karl",8,3,5,13,1,2,0,2,0,1,2,2,1,0,0,7,5,0,1,0,0,0,80,-15,"Port Adelaide","2016",22
1,"Boak, Travis",11,1,15,26,1,0,0,4,0,4,7,4,1,1,0,14,13,0,0,1,0,1,82,-15,"Port Adelaide","2016",22
5,"Broadbent, Matthew",12,5,6,18,1,1,0,1,5,1,1,4,0,1,0,6,10,0,1,2,1,0,85,-15,"Port Adelaide","2016",22
33,"Byrne-Jones, Darcy",7,1,6,13,0,0,0,1,1,1,2,3,0,1,0,5,8,0,0,3,2,1,84,-15,"Port Adelaide","2016",22
17,"Clurey, Tom",7,6,3,10,0,0,0,2,2,0,0,3,1,2,0,3,7,1,0,7,2,0,100,-15,"Port Adelaide","2016",22
7,"Ebert, Brad",11,6,8,19,0,0,0,6,2,5,2,3,0,2,0,5,15,0,0,1,0,0,75,-15,"Port Adelaide","2016",22
9,"Gray, Robbie",13,1,14,27,2,1,0,7,2,3,6,1,1,0,0,15,12,0,0,2,1,2,85,-15,"Port Adelaide","2016",22
46,"Gray, Sam",7,3,17,24,0,0,0,5,1,3,4,1,1,0,0,8,16,0,0,2,0,1,73,-15,"Port Adelaide","2016",22
24,"Impey, Jarman",8,4,6,14,0,0,0,7,2,5,2,2,2,2,0,8,7,0,0,1,4,1,76,-15,"Port Adelaide","2016",22
48,"Krakouer, Nathan",7,3,2,9,0,0,0,2,2,0,0,0,1,0,0,8,3,1,0,3,0,0,78,-15,"Port Adelaide","2016",22
23,"Lobbe, Matthew",3,1,2,5,0,0,22,3,0,1,3,3,2,2,0,5,1,0,0,2,0,0,87,-15,"Port Adelaide","2016",22
3,"Neade, Jake",5,1,0,5,2,1,0,5,0,2,0,2,2,2,0,4,2,0,0,0,0,0,78,-15,"Port Adelaide","2016",22
13,"OShea, Cameron",13,1,8,21,0,0,0,3,2,2,1,6,1,2,0,6,15,0,0,4,0,0,88,-15,"Port Adelaide","2016",22
37,"Palmer, Jesse",5,5,3,8,1,1,0,3,0,3,0,0,0,0,0,2,6,1,2,1,0,0,71,-15,"Port Adelaide","2016",22
29,"Pittard, Jasper",10,6,9,19,0,0,0,3,3,0,1,7,1,0,0,4,15,0,0,4,0,0,93,-15,"Port Adelaide","2016",22
21,"Polec, Jared",12,2,6,18,1,0,0,1,1,7,3,2,0,0,0,3,15,0,0,0,0,0,90,-15,"Port Adelaide","2016",22
28,"Schulz, Jay",3,2,5,8,0,2,0,1,0,2,0,1,1,1,0,7,2,1,1,2,0,0,87,-15,"Port Adelaide","2016",22
18,"Toumpas, Jimmy",6,1,3,9,1,0,0,1,2,0,0,2,1,0,0,1,7,0,0,2,1,0,55,-15,"Port Adelaide","2016",22
12,"Trengove, Jackson",6,3,0,6,0,0,7,3,0,2,1,2,0,0,0,5,1,2,0,6,0,0,85,-15,"Port Adelaide","2016",22
39,"Westhoff, Justin",11,6,5,16,1,2,0,1,0,3,0,3,1,1,0,7,9,2,3,2,0,1,85,-15,"Port Adelaide","2016",22
16,"Wines, Ollie",16,4,12,28,0,0,6,6,4,7,10,4,2,1,2,16,13,1,0,2,1,0,75,-15,"Port Adelaide","2016",22
40,"Young, Aaron",4,5,4,8,3,0,0,1,0,1,0,1,1,1,0,3,6,0,2,0,0,0,89,-15,"Port Adelaide","2016",22
0,"Totals",185,70,139,324,14,10,35,68,29,53,45,56,20,19,2,142,188,9,10,47,12,7,0,-15,"Port Adelaide","2016",22
21,"Atkins, Rory",12,7,6,18,0,0,0,1,3,5,3,2,0,1,0,5,13,1,0,1,0,1,87,15,"Adelaide","2016",22
18,"Betts, Eddie",15,3,3,18,5,2,0,2,0,2,1,7,2,1,1,11,6,2,3,0,0,1,91,15,"Adelaide","2016",22
16,"Brown, Luke",12,5,3,15,1,0,0,3,7,2,0,3,0,1,0,4,10,0,0,1,0,0,86,15,"Adelaide","2016",22
23,"Cameron, Charlie",9,5,8,17,0,1,0,4,0,4,1,5,0,3,0,3,14,0,2,1,1,1,81,15,"Adelaide","2016",22
25,"Cheney, Kyle",4,3,9,13,0,0,0,3,0,0,0,1,0,1,0,4,9,0,0,4,0,0,90,15,"Adelaide","2016",22
2,"Crouch, Brad",4,0,13,17,0,0,0,4,0,2,4,4,1,3,0,10,6,0,0,2,0,0,72,15,"Adelaide","2016",22
44,"Crouch, Matt",13,6,20,33,0,0,0,6,1,3,5,4,0,1,3,11,21,0,0,3,0,0,71,15,"Adelaide","2016",22
26,"Douglas, Richard",11,2,8,19,0,0,0,1,1,5,1,0,1,0,0,4,15,0,0,0,0,0,78,15,"Adelaide","2016",22
15,"Hartigan, Kyle",11,6,3,14,0,0,0,1,3,4,0,4,2,3,0,5,8,1,0,7,0,0,89,15,"Adelaide","2016",22
24,"Jacobs, Sam",6,5,7,13,0,1,38,1,0,0,1,2,1,1,0,4,8,1,0,3,0,0,85,15,"Adelaide","2016",22
4,"Jenkins, Josh",6,5,3,9,2,2,3,1,0,3,0,1,0,0,0,2,7,2,3,3,1,0,89,15,"Adelaide","2016",22
29,"Laird, Rory",12,5,11,23,0,0,0,0,1,4,0,3,0,0,0,6,16,0,0,3,0,0,89,15,"Adelaide","2016",22
6,"Lever, Jake",9,3,4,13,0,0,0,2,4,1,0,1,1,0,0,5,7,0,0,6,0,0,91,15,"Adelaide","2016",22
27,"Lynch, Tom",11,6,5,16,2,3,0,4,1,2,0,2,1,0,0,5,10,0,2,0,0,1,86,15,"Adelaide","2016",22
31,"Lyons, Jarryd",11,6,10,21,0,0,0,6,1,2,3,3,1,0,0,14,8,1,1,1,0,1,73,15,"Adelaide","2016",22
14,"Mackay, David",10,2,7,17,0,1,0,4,4,3,1,1,0,0,0,5,13,0,1,2,0,0,82,15,"Adelaide","2016",22
41,"McGovern, Mitch",10,6,1,11,3,2,0,1,1,2,0,0,1,0,0,6,5,2,3,2,0,0,81,15,"Adelaide","2016",22
9,"Sloane, Rory",10,4,9,19,0,0,1,10,1,6,3,6,1,2,0,7,13,1,0,4,0,2,80,15,"Adelaide","2016",22
33,"Smith, Brodie",5,3,2,7,0,0,0,0,2,2,1,0,2,0,0,4,4,0,0,1,0,0,27,15,"Adelaide","2016",22
12,"Talia, Daniel",5,3,4,9,0,0,0,2,2,0,0,1,1,0,0,3,7,0,0,8,0,0,95,15,"Adelaide","2016",22
5,"Thompson, Scott",12,3,10,22,0,1,1,3,2,6,6,2,2,2,0,6,16,0,0,1,0,2,87,15,"Adelaide","2016",22
13,"Walker, Taylor",10,7,3,13,2,4,0,2,0,1,0,1,2,1,0,8,8,2,3,3,0,0,88,15,"Adelaide","2016",22
0,"Rushed",0,0,0,0,0,2,0,0,0,0,0,0,0,0,0,0,0,0,0,0,0,0,0,15,"Adelaide","2016",22
