"Number","Player","Kicks","Marks","Handballs","Disposals","Goals","Behinds","Hitouts","Tackles","Rebounds50s","Inside50s","Clearances","Clangers","FreesFor","FreesAgainst","BrownlowVotes","ContestedPossessions","UncontestedPossessions","ContestedMarks","MarksInside50","OnePercenters","Bounces","GoalAssists","PercentagePlayed","PointDifference","Team","Season","Round"
24,"Biggs, Shane",11,2,8,19,0,0,0,0,3,1,0,1,0,0,0,3,16,0,0,4,0,0,72,-15,"Western Bulldogs","2016",18
4,"Bontempelli, Marcus",12,7,13,25,3,3,0,3,1,2,3,2,0,1,0,8,17,0,3,3,0,0,88,-15,"Western Bulldogs","2016",18
5,"Boyd, Matthew",15,7,9,24,0,0,0,3,2,1,0,5,1,2,0,7,15,0,0,0,0,0,88,-15,"Western Bulldogs","2016",18
17,"Boyd, Tom",4,1,4,8,0,1,13,1,1,1,0,2,2,1,0,6,3,0,1,2,0,0,86,-15,"Western Bulldogs","2016",18
35,"Daniel, Caleb",10,0,8,18,0,0,0,3,1,2,2,2,3,0,0,10,9,0,0,0,1,0,77,-15,"Western Bulldogs","2016",18
29,"Dickson, Tory",6,3,7,13,2,0,0,2,0,2,2,1,1,1,0,5,9,1,0,1,0,0,91,-15,"Western Bulldogs","2016",18
20,"Dunkley, Josh",8,5,12,20,0,0,0,6,1,2,3,0,1,0,0,9,12,0,0,3,0,0,82,-15,"Western Bulldogs","2016",18
7,"Hunter, Lachie",18,3,10,28,0,0,0,4,3,6,2,3,2,0,0,8,19,1,0,0,0,1,91,-15,"Western Bulldogs","2016",18
39,"Johannisen, Jason",12,3,11,23,0,0,0,3,2,3,1,2,0,0,0,5,17,0,0,3,1,0,86,-15,"Western Bulldogs","2016",18
46,"Jong, Lin",8,3,11,19,1,0,0,8,1,1,2,9,1,3,0,8,12,1,0,4,0,0,80,-15,"Western Bulldogs","2016",18
21,"Liberatore, Tom",3,1,11,14,0,0,0,3,1,2,1,2,0,1,0,8,7,0,0,0,0,1,85,-15,"Western Bulldogs","2016",18
11,"Macrae, Jack",12,8,15,27,0,0,0,2,3,3,3,2,1,1,0,9,19,1,1,1,0,1,88,-15,"Western Bulldogs","2016",18
38,"Morris, Dale",3,4,2,5,0,0,0,2,1,0,0,0,0,0,0,0,5,0,0,6,0,0,51,-15,"Western Bulldogs","2016",18
42,"Picken, Liam",10,5,10,20,0,1,0,1,0,4,2,0,1,0,0,8,11,1,0,2,0,0,85,-15,"Western Bulldogs","2016",18
43,"Redpath, Jack",1,0,3,4,1,0,2,2,0,0,0,3,1,2,0,2,2,0,0,0,0,0,63,-15,"Western Bulldogs","2016",18
18,"Roberts, Fletcher",4,3,7,11,0,0,0,1,4,1,0,1,0,1,0,4,8,0,0,11,0,0,93,-15,"Western Bulldogs","2016",18
23,"Roughead, Jordan",12,7,4,16,0,0,15,5,2,3,4,3,5,2,0,10,7,3,0,5,0,1,89,-15,"Western Bulldogs","2016",18
14,"Smith, Clay",8,4,7,15,1,1,0,7,1,3,3,5,2,3,0,9,6,0,1,2,0,0,83,-15,"Western Bulldogs","2016",18
25,"Stevens, Koby",6,1,10,16,0,0,0,5,0,3,3,4,1,2,0,8,10,0,0,0,0,1,89,-15,"Western Bulldogs","2016",18
1,"Suckling, Matt",14,4,7,21,1,0,0,3,2,7,2,5,2,0,0,6,13,0,0,1,0,0,84,-15,"Western Bulldogs","2016",18
3,"Wallis, Mitch",4,3,6,10,0,0,0,5,0,0,1,3,1,2,0,4,7,1,0,2,0,1,64,-15,"Western Bulldogs","2016",18
10,"Wood, Easton",10,8,6,16,0,0,0,0,4,3,0,3,0,2,0,5,12,1,0,3,1,0,88,-15,"Western Bulldogs","2016",18
0,"Totals",191,82,181,372,9,6,30,69,33,50,34,58,25,24,0,142,236,10,6,53,3,6,0,-15,"Western Bulldogs","2016",18
8,"Acres, Blake",6,5,6,12,0,0,3,1,1,1,0,3,0,2,0,3,10,0,0,0,0,0,71,15,"St Kilda","2016",18
20,"Armitage, David",10,3,8,18,1,0,0,6,1,2,4,4,2,1,0,8,11,0,1,1,1,1,64,15,"St Kilda","2016",18
15,"Billings, Jack",9,2,8,17,0,1,1,3,1,4,3,2,3,1,0,8,8,0,0,1,0,0,72,15,"St Kilda","2016",18
27,"Bruce, Josh",2,2,6,8,0,2,1,1,0,0,0,3,1,2,0,4,4,0,0,1,0,0,93,15,"St Kilda","2016",18
24,"Dempster, Sean",12,10,11,23,0,0,0,2,4,0,1,0,1,0,2,12,11,3,0,5,0,0,95,15,"St Kilda","2016",18
7,"Dunstan, Luke",11,3,6,17,0,0,0,6,3,3,6,2,1,2,0,9,10,0,0,2,0,1,76,15,"St Kilda","2016",18
14,"Geary, Jarryn",11,6,9,20,0,0,0,2,4,2,1,0,2,0,0,6,14,1,0,1,1,0,89,15,"St Kilda","2016",18
19,"Gilbert, Sam",7,2,5,12,0,0,1,4,0,2,0,4,1,1,0,5,5,2,0,5,0,0,91,15,"St Kilda","2016",18
22,"Gresham, Jade",12,4,7,19,1,0,0,2,0,3,3,1,1,1,0,8,10,0,0,0,0,0,76,15,"St Kilda","2016",18
1,"Hickey, Tom",6,6,12,18,0,1,34,3,2,0,4,4,2,3,0,10,7,3,1,3,0,0,87,15,"St Kilda","2016",18
36,"McKenzie, Daniel",5,3,7,12,0,0,0,1,3,0,1,1,0,1,0,4,9,0,0,3,0,0,69,15,"St Kilda","2016",18
28,"Membrey, Tim",9,6,5,14,2,1,0,1,1,1,0,3,0,1,0,9,6,3,3,4,0,0,83,15,"St Kilda","2016",18
11,"Montagna, Leigh",14,7,9,23,0,0,0,2,2,4,0,4,0,1,0,1,22,0,0,2,0,1,87,15,"St Kilda","2016",18
16,"Newnes, Jack",15,5,11,26,0,0,0,5,3,3,0,2,3,1,0,9,17,0,0,1,0,0,91,15,"St Kilda","2016",18
12,"Riewoldt, Nick",14,10,5,19,4,0,4,0,1,3,0,5,0,1,3,5,16,2,3,2,0,0,97,15,"St Kilda","2016",18
17,"Roberton, Dylan",13,9,10,23,0,1,0,1,2,3,0,2,1,1,0,3,20,2,0,1,1,0,87,15,"St Kilda","2016",18
6,"Ross, Sebastian",10,4,5,15,0,0,1,4,1,3,2,1,0,0,0,4,11,0,1,1,0,0,75,15,"St Kilda","2016",18
5,"Savage, Shane",15,5,7,22,0,1,0,3,5,5,1,1,2,0,0,5,18,0,0,2,0,0,86,15,"St Kilda","2016",18
40,"Sinclair, Jack",1,0,2,3,0,0,0,2,0,1,0,2,0,2,0,0,4,0,0,2,0,0,65,15,"St Kilda","2016",18
3,"Steven, Jack",17,6,22,39,1,0,0,7,0,2,6,4,1,1,1,14,25,0,0,2,0,1,83,15,"St Kilda","2016",18
44,"Weller, Maverick",13,8,9,22,1,1,0,3,1,5,0,5,1,2,0,13,8,4,0,0,0,0,85,15,"St Kilda","2016",18
34,"Wright, Nathan",5,2,4,9,1,1,0,4,2,1,1,1,2,1,0,5,4,1,0,0,0,0,77,15,"St Kilda","2016",18
0,"Totals",217,108,174,391,11,9,45,63,37,48,33,54,24,25,6,145,250,21,9,39,3,4,0,15,"St Kilda","2016",18
