"Number","Player","Kicks","Marks","Handballs","Disposals","Goals","Behinds","Hitouts","Tackles","Rebounds50s","Inside50s","Clearances","Clangers","FreesFor","FreesAgainst","BrownlowVotes","ContestedPossessions","UncontestedPossessions","ContestedMarks","MarksInside50","OnePercenters","Bounces","GoalAssists","PercentagePlayed","PointDifference","Team","Season","Round"
14,"Birchall, Grant",9,1,16,25,0,0,1,2,3,0,1,1,2,0,0,9,16,0,0,3,0,0,83,3,"Hawthorn","2016",4
22,"Breust, Luke",10,2,6,16,2,3,1,3,0,2,1,3,3,1,0,8,8,0,2,0,0,1,81,3,"Hawthorn","2016",4
9,"Burgoyne, Shaun",5,3,11,16,0,0,0,3,2,1,3,0,0,0,0,5,12,0,0,2,0,0,81,3,"Hawthorn","2016",4
18,"Ceglar, Jonathon",3,3,8,11,2,0,23,3,0,0,1,1,2,1,0,3,8,1,1,1,0,0,60,3,"Hawthorn","2016",4
8,"Duryea, Taylor",13,5,5,18,0,0,0,1,2,2,0,3,0,2,0,2,15,0,0,3,0,0,79,3,"Hawthorn","2016",4
12,"Frawley, James",8,4,4,12,0,0,0,3,4,2,0,3,0,1,0,1,10,0,0,9,0,0,100,3,"Hawthorn","2016",4
19,"Gunston, Jack",13,11,6,19,0,1,0,5,2,4,1,3,0,1,0,5,14,1,1,1,0,0,88,3,"Hawthorn","2016",4
4,"Hartung, Billy",11,1,10,21,0,1,0,4,1,4,2,1,0,0,0,7,12,0,0,1,1,3,76,3,"Hawthorn","2016",4
15,"Hodge, Luke",14,6,9,23,0,1,1,2,4,2,1,5,0,2,0,9,14,1,0,5,0,0,84,3,"Hawthorn","2016",4
41,"Howe, Daniel",6,1,2,8,0,0,1,5,0,1,0,3,0,1,0,2,8,1,1,0,0,1,70,3,"Hawthorn","2016",4
29,"Langford, Will",5,2,14,19,0,0,1,3,0,3,3,2,0,0,0,11,8,0,0,0,0,0,71,3,"Hawthorn","2016",4
3,"Lewis, Jordan",9,4,18,27,1,0,4,6,1,3,7,1,2,0,0,12,16,0,0,3,0,0,88,3,"Hawthorn","2016",4
17,"Dewar, Angus",3,1,4,7,0,0,0,1,0,2,0,1,0,1,0,1,7,0,0,0,0,0,74,3,"Hawthorn","2016",4
7,"McEvoy, Ben",0,2,12,12,0,0,18,5,0,0,1,0,1,0,0,6,7,2,0,3,0,0,76,3,"Hawthorn","2016",4
5,"Mitchell, Sam",13,4,31,44,0,0,0,3,3,4,10,3,5,0,3,20,24,0,0,0,1,0,88,3,"Hawthorn","2016",4
23,"OBrien, Tim",7,2,4,11,2,0,0,5,1,3,0,4,2,3,0,8,3,1,0,2,0,1,91,3,"Hawthorn","2016",4
28,"Puopolo, Paul",7,1,5,12,2,0,0,7,0,2,3,2,1,0,0,6,5,0,1,1,0,0,81,3,"Hawthorn","2016",4
33,"Rioli, Cyril",6,5,3,9,1,0,0,5,3,1,0,2,1,1,0,7,4,2,2,4,0,0,79,3,"Hawthorn","2016",4
26,"Shiels, Liam",13,3,2,15,0,0,0,6,1,8,4,6,0,2,0,6,10,0,0,0,0,0,79,3,"Hawthorn","2016",4
21,"Sicily, James",8,5,2,10,2,1,0,1,0,3,0,4,1,0,0,4,6,0,1,3,0,1,89,3,"Hawthorn","2016",4
16,"Smith, Isaac",11,4,11,22,1,1,0,4,3,4,1,0,0,0,0,4,19,0,0,0,2,0,85,3,"Hawthorn","2016",4
24,"Stratton, Ben",7,5,6,13,0,0,0,1,2,1,1,0,0,0,0,3,11,0,0,8,0,0,96,3,"Hawthorn","2016",4
0,"Rushed",0,0,0,0,0,1,0,0,0,0,0,0,0,0,0,0,0,0,0,0,0,0,0,3,"Hawthorn","2016",4
8,"Acres, Blake",7,2,6,13,0,0,0,1,2,3,3,2,1,1,0,6,8,0,0,1,0,1,57,-3,"St Kilda","2016",4
20,"Armitage, David",15,3,20,35,1,0,0,6,0,5,4,6,1,4,2,12,23,0,0,1,1,0,82,-3,"St Kilda","2016",4
15,"Billings, Jack",13,7,14,27,0,0,0,6,3,3,1,2,1,0,0,6,20,2,1,2,0,2,77,-3,"St Kilda","2016",4
27,"Bruce, Josh",6,3,4,10,2,0,2,1,0,2,0,1,2,0,0,5,6,1,1,2,0,0,86,-3,"St Kilda","2016",4
24,"Dempster, Sean",14,9,4,18,0,0,0,2,3,0,0,4,0,2,0,4,15,3,0,8,1,0,67,-3,"St Kilda","2016",4
25,"Fisher, Sam",6,2,7,13,0,0,1,2,3,0,0,5,1,1,0,6,7,0,0,8,0,0,95,-3,"St Kilda","2016",4
14,"Geary, Jarryn",6,5,10,16,0,0,0,3,1,1,0,1,2,1,0,6,11,0,0,3,0,1,76,-3,"St Kilda","2016",4
19,"Gilbert, Sam",5,2,12,17,1,0,2,10,1,3,4,4,1,3,0,12,5,1,2,1,0,0,80,-3,"St Kilda","2016",4
1,"Hickey, Tom",4,1,6,10,0,0,31,3,1,1,3,3,1,3,0,9,1,0,0,2,0,0,85,-3,"St Kilda","2016",4
9,"Lee, Tom",14,9,5,19,0,0,0,2,3,3,0,5,1,1,0,4,15,1,0,3,0,0,92,-3,"St Kilda","2016",4
13,"Lonie, Jack",6,2,5,11,1,1,0,2,0,1,1,3,1,0,0,6,5,0,1,1,0,1,76,-3,"St Kilda","2016",4
32,"McCartin, Paddy",6,5,3,9,2,1,0,3,0,1,0,2,0,0,0,5,4,3,2,0,0,1,85,-3,"St Kilda","2016",4
41,"Minchington, Darren",6,3,8,14,2,0,0,3,2,1,4,0,0,0,0,9,6,0,1,1,2,0,66,-3,"St Kilda","2016",4
11,"Montagna, Leigh",18,5,9,27,0,0,0,3,3,1,1,0,0,0,0,6,20,0,0,2,1,1,90,-3,"St Kilda","2016",4
16,"Newnes, Jack",12,4,13,25,0,0,0,3,2,2,1,3,2,1,0,6,20,0,0,2,1,1,87,-3,"St Kilda","2016",4
12,"Riewoldt, Nick",13,12,10,23,2,1,6,3,1,1,0,4,0,1,1,6,17,2,3,3,0,0,98,-3,"St Kilda","2016",4
6,"Ross, Sebastian",14,3,14,28,0,0,0,4,2,5,4,1,0,1,0,6,21,0,0,1,0,0,82,-3,"St Kilda","2016",4
5,"Savage, Shane",13,6,17,30,0,1,0,1,3,2,0,1,0,0,0,11,18,1,0,1,0,0,88,-3,"St Kilda","2016",4
40,"Sinclair, Jack",6,5,9,15,0,1,0,2,1,2,1,1,0,1,0,5,12,0,1,0,0,0,82,-3,"St Kilda","2016",4
3,"Steven, Jack",11,2,12,23,0,0,0,8,0,7,5,0,0,0,0,13,9,0,0,0,0,0,81,-3,"St Kilda","2016",4
4,"Templeton, Eli",5,1,4,9,1,1,0,3,0,0,0,1,0,0,0,1,8,0,0,2,0,0,67,-3,"St Kilda","2016",4
44,"Weller, Maverick",6,2,12,18,1,0,0,7,1,2,3,1,2,0,0,8,10,0,0,0,0,0,75,-3,"St Kilda","2016",4
0,"Totals",206,93,204,410,13,6,42,78,32,46,35,50,16,20,3,152,261,14,12,44,6,8,0,-3,"St Kilda","2016",4
