"Number","Player","Kicks","Marks","Handballs","Disposals","Goals","Behinds","Hitouts","Tackles","Rebounds50s","Inside50s","Clearances","Clangers","FreesFor","FreesAgainst","BrownlowVotes","ContestedPossessions","UncontestedPossessions","ContestedMarks","MarksInside50","OnePercenters","Bounces","GoalAssists","PercentagePlayed","PointDifference","Team","Season","Round"
4,"Bastinac, Ryan",6,3,8,14,0,0,0,2,0,2,1,4,0,3,0,4,9,0,0,0,0,1,75,-78,"Brisbane Lions","2016",8
17,"Beams, Claye",3,0,3,6,0,0,0,1,1,1,0,3,1,1,0,3,3,0,0,2,0,0,73,-78,"Brisbane Lions","2016",8
9,"Beams, Dayne",7,3,11,18,0,0,0,4,1,2,0,2,1,1,0,5,13,0,0,0,0,0,61,-78,"Brisbane Lions","2016",8
7,"Bell, Tom",5,0,8,13,0,0,0,1,0,3,1,3,0,1,0,5,7,0,0,0,0,0,79,-78,"Brisbane Lions","2016",8
8,"Bewick, Rohan",6,1,10,16,1,0,0,3,2,3,1,4,0,4,0,6,10,0,0,1,0,0,81,-78,"Brisbane Lions","2016",8
3,"Christensen, Allen",8,3,7,15,0,0,0,4,1,1,3,3,3,0,0,8,8,1,0,1,0,0,77,-78,"Brisbane Lions","2016",8
27,"Gardiner, Darcy",2,1,2,4,0,0,0,4,1,0,0,3,0,3,0,2,2,0,0,3,0,0,89,-78,"Brisbane Lions","2016",8
6,"Green, Josh",4,0,3,7,1,1,0,4,0,1,1,2,0,1,0,2,5,0,0,1,0,0,84,-78,"Brisbane Lions","2016",8
11,"Hanley, Pearce",8,2,9,17,0,0,0,4,1,1,2,5,0,1,0,5,10,0,0,1,0,0,79,-78,"Brisbane Lions","2016",8
2,"Harwood, Ryan",11,6,5,16,0,0,0,1,4,1,0,3,1,0,0,5,10,0,0,2,1,0,65,-78,"Brisbane Lions","2016",8
1,"Keays, Ben",4,1,12,16,0,0,0,5,1,2,1,2,1,1,0,12,4,0,0,1,0,1,85,-78,"Brisbane Lions","2016",8
35,"Lester, Ryan",8,6,9,17,1,0,0,3,0,2,0,1,0,0,0,5,12,0,2,3,0,2,82,-78,"Brisbane Lions","2016",8
12,"Martin, Stefan",6,2,12,18,0,0,24,4,1,0,5,5,4,4,0,11,6,1,0,2,0,0,93,-78,"Brisbane Lions","2016",8
32,"Mayes, Sam",13,3,8,21,0,0,0,3,4,1,0,2,3,1,0,6,12,0,0,3,0,1,87,-78,"Brisbane Lions","2016",8
21,"Merrett, Daniel",4,4,6,10,0,0,0,0,4,1,0,4,0,3,0,1,9,0,0,10,0,0,100,-78,"Brisbane Lions","2016",8
22,"Paparone, Marco",10,3,4,14,0,0,0,0,7,0,0,1,1,0,0,3,8,0,0,5,0,0,91,-78,"Brisbane Lions","2016",8
10,"Rich, Daniel",10,0,8,18,1,0,0,3,3,2,1,4,0,2,0,6,9,0,0,0,0,0,81,-78,"Brisbane Lions","2016",8
5,"Robinson, Mitch",14,3,2,16,0,0,1,6,4,5,3,5,1,1,0,5,9,0,0,1,0,0,76,-78,"Brisbane Lions","2016",8
23,"Schache, Josh",7,6,5,12,0,2,0,1,0,3,0,3,0,0,0,3,8,1,3,1,0,0,96,-78,"Brisbane Lions","2016",8
28,"Taylor, Lewis",7,2,5,12,0,0,0,1,3,1,0,1,1,0,0,3,9,0,0,0,0,0,79,-78,"Brisbane Lions","2016",8
14,"Walker, Josh",4,5,8,12,2,1,7,1,0,1,0,3,0,1,0,8,6,2,3,3,0,0,87,-78,"Brisbane Lions","2016",8
15,"Zorko, Dayne",13,6,6,19,4,0,0,7,2,5,5,3,4,1,0,7,12,1,2,1,0,0,80,-78,"Brisbane Lions","2016",8
0,"Rushed",0,0,0,0,0,1,0,0,0,0,0,0,0,0,0,0,0,0,0,0,0,0,0,-78,"Brisbane Lions","2016",8
13,"Adams, Taylor",18,6,15,33,1,0,0,3,4,4,2,5,2,1,0,10,21,0,0,3,2,0,82,78,"Collingwood","2016",8
11,"Blair, Jarryd",13,3,12,25,1,0,0,2,1,6,5,1,4,1,0,10,13,0,0,1,0,0,85,78,"Collingwood","2016",8
46,"Cox, Mason",8,3,1,9,4,2,11,2,0,1,0,2,3,1,1,6,2,2,3,1,0,0,83,78,"Collingwood","2016",8
25,"Crisp, Jack",7,0,8,15,0,0,2,8,0,4,3,2,0,1,0,6,9,0,0,2,1,1,76,78,"Collingwood","2016",8
39,"Crocker, Ben",8,3,4,12,3,2,0,0,1,1,0,3,2,2,0,6,6,0,2,0,0,0,75,78,"Collingwood","2016",8
2,"de Goey, Jordan",12,6,11,23,1,3,0,2,0,3,3,2,0,1,0,6,18,0,1,2,0,1,83,78,"Collingwood","2016",8
1,"Fasolo, Alex",8,3,5,13,1,1,0,3,1,3,3,2,1,1,0,8,6,1,1,3,0,1,90,78,"Collingwood","2016",8
45,"Frost, Jack",5,4,4,9,0,0,0,1,3,2,0,0,0,0,0,2,7,0,0,9,0,0,93,78,"Collingwood","2016",8
19,"Greenwood, Levi",10,3,5,15,0,1,0,0,1,3,3,2,3,1,0,7,8,1,1,0,0,0,74,78,"Collingwood","2016",8
4,"Grundy, Brodie",10,4,7,17,1,2,19,7,0,2,5,5,3,4,0,10,7,2,1,7,0,1,83,78,"Collingwood","2016",8
38,"Howe, Jeremy",14,7,6,20,0,0,0,2,3,5,0,0,0,0,0,4,15,1,0,8,0,1,93,78,"Collingwood","2016",8
37,"Maynard, Brayden",4,0,3,7,0,1,0,2,0,1,0,0,0,0,0,5,4,0,0,5,0,1,84,78,"Collingwood","2016",8
30,"Moore, Darcy",4,4,3,7,1,1,0,0,0,1,0,2,0,1,0,3,5,1,2,1,0,0,86,78,"Collingwood","2016",8
43,"Oxley, Adam",15,7,7,22,0,1,0,4,4,4,0,2,1,1,0,5,15,1,1,2,0,1,88,78,"Collingwood","2016",8
10,"Pendlebury, Scott",15,2,19,34,0,0,0,3,1,10,9,1,5,0,2,17,18,0,0,1,1,3,84,78,"Collingwood","2016",8
22,"Sidebottom, Steele",17,5,14,31,0,0,0,2,1,5,8,4,1,2,0,12,18,0,0,1,0,0,86,78,"Collingwood","2016",8
28,"Sinclair, Ben",4,1,3,7,0,1,0,3,1,3,0,0,1,0,0,2,6,0,0,2,0,0,77,78,"Collingwood","2016",8
40,"Smith, Josh",8,3,11,19,0,0,0,2,2,1,1,2,1,1,0,5,15,0,1,3,0,0,80,78,"Collingwood","2016",8
34,"Toovey, Alan",5,3,6,11,0,0,0,4,1,0,1,1,1,0,0,6,5,1,0,6,0,0,86,78,"Collingwood","2016",8
7,"Treloar, Adam",16,4,20,36,3,3,0,3,1,8,5,1,1,1,3,13,23,0,0,0,1,2,84,78,"Collingwood","2016",8
18,"Varcoe, Travis",4,4,5,9,1,1,0,1,0,0,0,2,0,1,0,4,6,0,1,0,1,0,47,78,"Collingwood","2016",8
9,"White, Jesse",11,7,4,15,3,2,2,2,0,3,0,1,0,1,0,6,9,1,5,1,0,1,82,78,"Collingwood","2016",8
0,"Rushed",0,0,0,0,0,2,0,0,0,0,0,0,0,0,0,0,0,0,0,0,0,0,0,78,"Collingwood","2016",8
