"Number","Player","Kicks","Marks","Handballs","Disposals","Goals","Behinds","Hitouts","Tackles","Rebounds50s","Inside50s","Clearances","Clangers","FreesFor","FreesAgainst","BrownlowVotes","ContestedPossessions","UncontestedPossessions","ContestedMarks","MarksInside50","OnePercenters","Bounces","GoalAssists","PercentagePlayed","PointDifference","Team","Season","Round"
20,"Armitage, David",13,6,5,18,1,1,0,7,0,4,2,0,1,0,0,4,15,0,2,0,0,1,78,46,"St Kilda","2016",9
15,"Billings, Jack",13,2,5,18,0,2,0,5,2,3,4,1,3,0,0,5,14,0,1,2,0,0,74,46,"St Kilda","2016",9
27,"Bruce, Josh",9,5,7,16,5,1,3,6,0,2,0,4,1,1,1,8,9,1,3,1,0,0,88,46,"St Kilda","2016",9
24,"Dempster, Sean",8,4,6,14,0,0,0,1,4,1,0,0,0,0,0,8,4,2,0,4,0,0,94,46,"St Kilda","2016",9
7,"Dunstan, Luke",9,5,17,26,0,0,0,2,1,5,7,4,0,1,0,10,17,0,0,2,0,1,73,46,"St Kilda","2016",9
25,"Fisher, Sam",7,7,7,14,0,0,0,4,3,0,0,0,1,0,0,4,10,1,0,8,0,0,87,46,"St Kilda","2016",9
14,"Geary, Jarryn",10,7,6,16,0,0,0,0,3,2,0,1,1,1,0,2,14,0,0,5,0,0,86,46,"St Kilda","2016",9
19,"Gilbert, Sam",4,2,3,7,0,0,0,4,1,1,2,1,0,0,0,3,4,0,0,3,0,0,81,46,"St Kilda","2016",9
22,"Gresham, Jade",7,2,5,12,0,0,0,2,0,3,1,0,1,0,0,5,7,0,0,0,0,0,70,46,"St Kilda","2016",9
1,"Hickey, Tom",4,3,7,11,1,0,17,2,1,1,4,2,2,2,0,6,6,0,2,2,0,1,81,46,"St Kilda","2016",9
32,"McCartin, Paddy",9,10,2,11,2,1,0,0,0,2,0,2,0,0,0,4,8,2,5,2,0,1,62,46,"St Kilda","2016",9
36,"McKenzie, Daniel",5,2,7,12,0,1,0,4,1,1,1,2,0,1,0,6,6,0,1,2,0,0,78,46,"St Kilda","2016",9
28,"Membrey, Tim",12,9,2,14,3,3,0,0,0,2,0,4,0,3,0,4,10,2,5,0,0,0,93,46,"St Kilda","2016",9
11,"Montagna, Leigh",20,5,6,26,0,2,0,3,2,5,2,2,0,0,0,5,20,2,0,1,0,2,85,46,"St Kilda","2016",9
16,"Newnes, Jack",12,2,9,21,1,0,1,2,0,8,4,2,1,1,0,8,13,0,0,0,0,1,82,46,"St Kilda","2016",9
12,"Riewoldt, Nick",13,9,11,24,0,0,3,5,1,8,0,2,1,0,0,7,19,1,2,1,0,2,95,46,"St Kilda","2016",9
17,"Roberton, Dylan",5,1,4,9,0,0,0,0,0,1,0,1,0,1,0,1,8,0,0,1,0,1,80,46,"St Kilda","2016",9
6,"Ross, Sebastian",16,11,21,37,1,0,0,2,2,6,8,1,0,0,2,16,24,1,0,4,0,0,82,46,"St Kilda","2016",9
5,"Savage, Shane",11,6,6,17,0,0,0,3,3,1,0,2,0,0,0,2,14,0,0,1,0,0,91,46,"St Kilda","2016",9
3,"Steven, Jack",20,5,20,40,1,0,0,4,1,9,10,3,1,0,3,16,24,0,1,0,1,3,86,46,"St Kilda","2016",9
29,"Webster, Jimmy",7,2,3,10,0,0,0,2,2,1,0,0,1,0,0,1,9,0,0,2,0,0,73,46,"St Kilda","2016",9
44,"Weller, Maverick",5,4,8,13,1,2,0,5,0,1,1,3,0,2,0,6,8,0,1,2,0,0,79,46,"St Kilda","2016",9
0,"Totals",219,109,167,386,16,13,24,63,27,67,46,37,14,13,6,131,263,12,23,43,1,13,0,46,"St Kilda","2016",9
29,"Ambrose, Patrick",10,6,8,18,0,0,0,2,3,2,0,1,1,0,0,5,12,1,0,5,0,0,86,-46,"Essendon","2016",9
12,"Baguley, Mark",10,10,3,13,1,0,0,4,2,3,0,2,1,0,0,3,10,1,3,1,0,2,89,-46,"Essendon","2016",9
24,"Bird, Craig",6,4,14,20,0,0,0,6,1,2,6,1,0,0,0,9,11,0,0,1,0,1,61,-46,"Essendon","2016",9
28,"Brown, Mitch",11,6,1,12,4,2,0,1,0,2,0,1,0,0,0,4,8,2,3,1,0,1,87,-46,"Essendon","2016",9
17,"Cooney, Adam",13,6,13,26,1,1,0,4,3,3,3,1,0,0,0,7,20,0,1,3,0,1,80,-46,"Essendon","2016",9
6,"Daniher, Joe",7,5,3,10,2,0,6,1,1,3,0,1,2,0,0,4,6,1,1,1,0,0,88,-46,"Essendon","2016",9
49,"Dea, Matt",17,15,9,26,0,0,0,2,5,2,0,1,0,0,0,6,18,2,0,6,1,0,87,-46,"Essendon","2016",9
13,"Fantasia, Orazio",4,5,8,12,0,0,0,0,1,1,0,2,0,1,0,5,8,0,1,0,0,1,83,-46,"Essendon","2016",9
8,"Gleeson, Martin",13,8,6,19,0,1,0,1,4,3,0,4,0,2,0,4,16,0,0,2,0,0,76,-46,"Essendon","2016",9
9,"Goddard, Brendon",10,9,20,30,0,0,3,5,3,1,1,2,1,1,0,5,27,0,0,2,2,0,81,-46,"Essendon","2016",9
42,"Gwilt, James",17,9,6,23,0,0,0,1,6,2,0,1,1,0,0,3,19,0,0,4,2,0,91,-46,"Essendon","2016",9
36,"Hartley, Michael",6,3,9,15,0,0,0,1,0,0,0,2,1,1,0,4,11,0,0,9,0,0,96,-46,"Essendon","2016",9
47,"Kelly, James",20,10,13,33,0,0,0,5,5,2,1,2,1,0,0,8,24,0,0,3,0,0,83,-46,"Essendon","2016",9
30,"Langford, Kyle",8,6,4,12,1,1,0,2,2,3,1,1,2,1,0,6,8,1,1,1,0,0,89,-46,"Essendon","2016",9
22,"Leuenberger, Matthew",5,2,7,12,0,0,30,3,3,1,2,1,2,1,0,7,7,1,0,3,0,0,80,-46,"Essendon","2016",9
43,"McDonald-Tipungwuti, Anthony",12,9,8,20,0,0,0,4,1,2,1,1,1,1,0,6,14,0,0,1,0,1,82,-46,"Essendon","2016",9
45,"McKenna, Conor",1,0,2,3,0,0,0,1,0,0,0,1,0,0,0,1,2,0,0,1,0,0,65,-46,"Essendon","2016",9
7,"Merrett, Zach",13,3,16,29,0,0,0,4,2,5,3,6,0,2,0,11,19,0,0,5,0,1,76,-46,"Essendon","2016",9
3,"Parish, Darcy",2,2,18,20,0,0,0,3,0,0,2,3,0,3,0,7,15,0,0,0,0,0,76,-46,"Essendon","2016",9
50,"Polkinghorne, James",4,4,5,9,0,0,2,1,0,1,1,2,0,1,0,3,5,1,0,0,0,0,79,-46,"Essendon","2016",9
27,"Redman, Mason",2,1,0,2,0,0,0,2,1,1,0,0,0,0,0,1,1,1,0,4,0,0,77,-46,"Essendon","2016",9
11,"Zaharakis, David",17,4,14,31,0,1,0,3,5,1,2,4,0,0,0,7,25,0,0,1,0,0,88,-46,"Essendon","2016",9
0,"Rushed",0,0,0,0,0,3,0,0,0,0,0,0,0,0,0,0,0,0,0,0,0,0,0,-46,"Essendon","2016",9
