"Number","Player","Kicks","Marks","Handballs","Disposals","Goals","Behinds","Hitouts","Tackles","Rebounds50s","Inside50s","Clearances","Clangers","FreesFor","FreesAgainst","BrownlowVotes","ContestedPossessions","UncontestedPossessions","ContestedMarks","MarksInside50","OnePercenters","Bounces","GoalAssists","PercentagePlayed","PointDifference","Team","Season","Round"
20,"Armitage, David",7,4,12,19,1,1,0,5,0,2,4,2,2,2,0,11,10,0,1,2,0,1,86,29,"St Kilda","2016",3
15,"Billings, Jack",18,5,12,30,2,0,0,5,3,5,2,5,0,1,1,3,26,0,0,1,0,1,81,29,"St Kilda","2016",3
27,"Bruce, Josh",6,7,6,12,2,2,1,2,0,1,0,4,1,1,0,4,8,3,3,0,0,2,94,29,"St Kilda","2016",3
24,"Dempster, Sean",10,6,6,16,0,0,0,1,2,0,0,1,1,1,0,5,9,2,0,8,0,0,100,29,"St Kilda","2016",3
7,"Dunstan, Luke",6,5,19,25,0,0,0,7,3,3,4,3,2,1,0,9,16,0,0,0,0,0,82,29,"St Kilda","2016",3
25,"Fisher, Sam",14,7,4,18,0,0,0,2,4,0,0,2,0,2,0,4,14,1,0,12,0,0,100,29,"St Kilda","2016",3
14,"Geary, Jarryn",10,5,10,20,0,0,0,1,3,0,0,4,0,1,0,3,16,0,0,3,0,1,89,29,"St Kilda","2016",3
19,"Gilbert, Sam",12,7,7,19,2,1,1,1,0,4,0,1,0,1,0,7,12,1,1,3,0,0,85,29,"St Kilda","2016",3
1,"Hickey, Tom",5,2,5,10,0,0,30,5,0,0,2,6,0,4,0,7,4,1,1,6,0,0,90,29,"St Kilda","2016",3
13,"Lonie, Jack",6,6,4,10,1,3,0,3,0,0,2,1,1,0,0,3,7,0,4,0,0,0,87,29,"St Kilda","2016",3
32,"McCartin, Paddy",5,3,0,5,1,2,0,0,0,0,0,2,2,1,0,3,3,1,3,0,0,1,41,29,"St Kilda","2016",3
41,"Minchington, Darren",8,3,7,15,0,1,0,3,0,4,2,3,2,0,0,10,5,0,1,1,1,2,73,29,"St Kilda","2016",3
11,"Montagna, Leigh",25,14,15,40,0,1,0,3,3,7,1,2,0,0,3,5,35,0,0,4,1,0,93,29,"St Kilda","2016",3
16,"Newnes, Jack",21,6,13,34,0,0,0,4,3,8,1,5,1,1,0,8,25,0,0,3,0,2,94,29,"St Kilda","2016",3
12,"Riewoldt, Nick",9,7,2,11,2,0,1,1,1,1,0,0,2,0,0,4,7,2,0,1,0,0,39,29,"St Kilda","2016",3
17,"Roberton, Dylan",7,2,7,14,0,0,0,3,2,1,0,1,0,0,0,4,9,0,0,0,0,1,51,29,"St Kilda","2016",3
6,"Ross, Sebastian",21,3,10,31,0,0,3,1,3,1,2,1,0,0,0,3,27,0,0,0,2,0,84,29,"St Kilda","2016",3
5,"Savage, Shane",15,6,13,28,0,0,0,1,4,7,1,2,0,2,0,6,20,0,0,0,0,1,95,29,"St Kilda","2016",3
40,"Sinclair, Jack",9,10,7,16,1,0,0,0,0,3,1,2,1,1,0,5,11,0,2,0,0,2,85,29,"St Kilda","2016",3
3,"Steven, Jack",16,5,14,30,3,0,0,6,0,5,6,3,3,1,2,10,23,0,1,2,0,1,80,29,"St Kilda","2016",3
29,"Webster, Jimmy",9,7,15,24,0,0,0,5,2,0,1,1,0,0,0,6,18,0,0,2,1,0,83,29,"St Kilda","2016",3
44,"Weller, Maverick",11,6,8,19,3,0,0,2,1,2,2,3,2,1,0,6,14,0,2,0,0,0,87,29,"St Kilda","2016",3
0,"Totals",250,126,196,446,18,11,36,61,34,54,31,54,20,21,6,126,319,11,19,48,5,15,0,29,"St Kilda","2016",3
13,"Adams, Taylor",13,3,15,28,1,0,0,6,1,4,9,3,4,2,0,15,15,0,0,1,0,1,78,-29,"Collingwood","2016",3
14,"Aish, James",7,5,4,11,1,0,0,0,2,1,1,1,1,0,0,5,6,1,2,0,0,0,75,-29,"Collingwood","2016",3
11,"Blair, Jarryd",6,1,5,11,0,0,0,0,0,3,0,2,1,0,0,1,10,0,0,1,0,0,87,-29,"Collingwood","2016",3
16,"Brown, Nathan",4,3,7,11,0,0,0,0,1,1,0,3,0,2,0,5,6,1,0,9,0,0,88,-29,"Collingwood","2016",3
32,"Cloke, Travis",13,7,3,16,2,1,8,1,2,6,1,3,2,0,0,6,10,1,3,2,0,1,90,-29,"Collingwood","2016",3
25,"Crisp, Jack",9,1,8,17,1,2,1,3,1,1,3,3,1,2,0,6,11,0,1,2,0,0,80,-29,"Collingwood","2016",3
2,"de Goey, Jordan",10,5,7,17,2,2,0,4,0,3,1,0,0,0,0,6,11,1,1,0,0,1,84,-29,"Collingwood","2016",3
1,"Fasolo, Alex",7,1,7,14,2,0,0,0,0,1,1,3,1,2,0,6,7,1,0,2,0,0,88,-29,"Collingwood","2016",3
6,"Goldsack, Tyson",5,3,4,9,0,0,0,3,3,0,0,3,0,0,0,2,9,0,0,3,0,1,82,-29,"Collingwood","2016",3
27,"Goodyear, Matthew",7,4,4,11,0,0,0,0,0,1,0,3,0,0,0,3,8,0,0,0,1,0,69,-29,"Collingwood","2016",3
19,"Greenwood, Levi",13,3,11,24,0,0,1,2,1,4,3,4,1,1,0,10,13,1,0,1,0,1,78,-29,"Collingwood","2016",3
4,"Grundy, Brodie",11,2,5,16,0,1,22,4,0,1,2,1,3,0,0,9,7,0,1,3,0,0,90,-29,"Collingwood","2016",3
38,"Howe, Jeremy",7,2,1,8,1,0,0,3,0,5,1,1,1,0,0,3,4,0,1,2,0,0,88,-29,"Collingwood","2016",3
8,"Langdon, Tom",13,7,14,27,1,0,0,2,4,2,4,1,1,0,0,12,13,1,0,1,0,1,82,-29,"Collingwood","2016",3
37,"Maynard, Brayden",13,2,6,19,0,0,0,5,3,2,0,4,0,2,0,6,11,0,0,0,0,0,83,-29,"Collingwood","2016",3
30,"Moore, Darcy",3,1,3,6,0,0,0,1,1,0,0,3,1,2,0,6,1,1,1,3,0,1,89,-29,"Collingwood","2016",3
43,"Oxley, Adam",13,8,12,25,1,0,0,3,1,6,3,2,0,1,0,13,13,3,0,1,0,1,89,-29,"Collingwood","2016",3
10,"Pendlebury, Scott",17,3,10,27,2,0,0,4,3,4,2,2,3,1,0,7,19,0,0,2,0,0,88,-29,"Collingwood","2016",3
20,"Reid, Ben",9,5,7,16,0,0,0,2,5,1,0,3,0,3,0,5,12,1,0,6,0,1,86,-29,"Collingwood","2016",3
28,"Sinclair, Ben",5,2,3,8,0,0,0,2,0,2,0,3,0,0,0,1,7,0,0,0,0,0,82,-29,"Collingwood","2016",3
7,"Treloar, Adam",5,1,20,25,0,0,0,8,2,1,7,2,1,2,0,17,9,0,0,0,0,0,84,-29,"Collingwood","2016",3
26,"Williams, Marley",2,3,1,3,0,0,0,0,2,0,0,1,0,0,0,0,3,0,0,1,0,0,37,-29,"Collingwood","2016",3
0,"Totals",192,72,157,349,14,6,32,53,32,49,38,51,21,20,0,144,205,12,10,40,1,9,0,-29,"Collingwood","2016",3
