"Number","Player","Kicks","Marks","Handballs","Disposals","Goals","Behinds","Hitouts","Tackles","Rebounds50s","Inside50s","Clearances","Clangers","FreesFor","FreesAgainst","BrownlowVotes","ContestedPossessions","UncontestedPossessions","ContestedMarks","MarksInside50","OnePercenters","Bounces","GoalAssists","PercentagePlayed","PointDifference","Team","Season","Round"
21,"Atkins, Rory",15,6,10,25,1,0,0,2,4,6,2,3,0,1,1,6,17,0,0,2,1,2,72,10,"Adelaide","2016",4
18,"Betts, Eddie",12,2,7,19,4,1,0,5,0,2,0,1,3,0,0,13,6,0,1,0,0,0,88,10,"Adelaide","2016",4
16,"Brown, Luke",4,2,6,10,0,0,0,1,0,2,1,1,0,0,0,5,5,0,0,2,0,1,91,10,"Adelaide","2016",4
25,"Cheney, Kyle",7,2,4,11,0,0,0,0,3,2,0,4,1,1,0,5,6,1,0,1,0,0,87,10,"Adelaide","2016",4
44,"Crouch, Matt",8,2,19,27,0,0,0,5,1,2,4,2,0,1,0,9,15,0,0,1,0,0,72,10,"Adelaide","2016",4
26,"Douglas, Richard",18,3,6,24,1,2,0,7,4,1,4,4,2,2,0,13,10,0,1,1,0,0,84,10,"Adelaide","2016",4
15,"Hartigan, Kyle",7,4,6,13,0,0,0,0,3,0,1,2,0,2,0,7,6,0,0,8,0,0,96,10,"Adelaide","2016",4
24,"Jacobs, Sam",6,1,10,16,0,0,35,2,0,2,4,2,3,1,0,9,8,0,0,4,0,0,84,10,"Adelaide","2016",4
4,"Jenkins, Josh",10,4,6,16,1,3,9,3,1,4,2,0,3,0,0,8,9,0,2,2,0,0,93,10,"Adelaide","2016",4
29,"Laird, Rory",12,5,15,27,0,0,0,2,5,1,1,2,2,1,0,11,17,1,0,0,0,0,88,10,"Adelaide","2016",4
6,"Lever, Jake",7,2,0,7,0,0,0,1,2,1,0,0,1,0,0,3,4,1,0,3,0,0,76,10,"Adelaide","2016",4
27,"Lynch, Tom",16,6,5,21,3,2,0,1,0,6,2,4,1,1,0,6,15,0,1,0,0,0,87,10,"Adelaide","2016",4
31,"Lyons, Jarryd",10,1,5,15,0,0,0,8,2,2,4,3,1,1,0,13,5,0,1,0,0,2,63,10,"Adelaide","2016",4
14,"Mackay, David",9,1,6,15,0,0,0,8,0,6,2,2,0,1,0,7,8,0,0,0,1,0,75,10,"Adelaide","2016",4
41,"McGovern, Mitch",8,4,3,11,2,0,0,3,0,4,1,1,1,1,0,3,8,0,0,1,0,0,72,10,"Adelaide","2016",4
30,"Milera, Wayne",1,1,8,9,0,1,0,1,1,0,1,2,1,1,0,5,4,0,0,0,0,1,55,10,"Adelaide","2016",4
11,"Seedsman, Paul",9,1,3,12,2,0,0,5,0,2,1,4,0,1,0,5,7,0,0,0,1,0,79,10,"Adelaide","2016",4
9,"Sloane, Rory",14,4,10,24,0,0,3,10,1,6,6,2,1,2,2,19,7,2,0,3,0,0,78,10,"Adelaide","2016",4
33,"Smith, Brodie",13,3,5,18,0,0,0,3,5,4,0,4,2,2,0,3,15,0,0,1,3,0,86,10,"Adelaide","2016",4
12,"Talia, Daniel",5,3,4,9,0,0,0,0,2,0,0,0,0,0,0,1,7,1,0,9,0,0,97,10,"Adelaide","2016",4
5,"Thompson, Scott",9,3,18,27,0,0,0,10,2,3,6,2,1,0,0,10,17,0,0,0,0,1,87,10,"Adelaide","2016",4
13,"Walker, Taylor",11,9,5,16,2,2,0,3,0,5,0,2,0,2,0,6,10,3,4,0,0,1,90,10,"Adelaide","2016",4
0,"Rushed",0,0,0,0,0,6,0,0,0,0,0,0,0,0,0,0,0,0,0,0,0,0,0,10,"Adelaide","2016",4
7,"Cunningham, Harry",9,4,6,15,1,1,0,8,2,1,1,0,1,0,0,4,11,0,1,1,0,1,77,-10,"Sydney","2016",4
23,"Franklin, Lance",10,7,6,16,4,1,0,2,1,4,0,2,2,1,0,7,8,3,3,4,0,1,98,-10,"Sydney","2016",4
39,"Grundy, Heath",10,3,7,17,0,0,0,0,2,0,0,4,0,3,0,9,9,2,0,5,0,0,100,-10,"Sydney","2016",4
4,"Hannebery, Dan",18,3,20,38,1,2,0,5,2,7,8,2,1,0,3,14,24,0,1,1,0,0,89,-10,"Sydney","2016",4
5,"Heeney, Isaac",11,4,7,18,4,0,0,1,0,3,1,2,2,1,0,11,7,1,1,2,0,2,88,-10,"Sydney","2016",4
15,"Jack, Kieren",7,3,9,16,0,0,0,4,1,3,3,4,1,2,0,7,12,0,0,0,0,1,72,-10,"Sydney","2016",4
12,"Kennedy, Josh",11,1,17,28,0,0,0,3,0,5,9,2,1,1,0,15,12,0,0,1,1,0,87,-10,"Sydney","2016",4
11,"Laidler, Jeremy",8,3,7,15,0,0,0,5,5,2,0,1,1,0,0,5,6,0,0,3,0,0,80,-10,"Sydney","2016",4
44,"Lloyd, Jake",10,4,8,18,0,0,0,3,3,5,1,4,1,2,0,5,14,0,0,3,0,0,75,-10,"Sydney","2016",4
21,"McGlynn, Ben",4,1,5,9,2,0,0,6,0,2,3,0,0,0,0,6,3,0,0,2,0,0,79,-10,"Sydney","2016",4
3,"McVeigh, Jarrad",9,3,4,13,0,0,0,8,1,2,1,1,1,0,0,5,9,0,0,1,0,2,77,-10,"Sydney","2016",4
14,"Mills, Callum",12,8,11,23,0,0,0,3,3,5,3,5,1,1,0,10,12,2,0,4,0,0,85,-10,"Sydney","2016",4
6,"Mitchell, Tom",9,1,13,22,0,0,0,4,1,2,0,7,0,4,0,11,11,0,1,1,0,1,82,-10,"Sydney","2016",4
13,"Nankervis, Toby",3,2,8,11,0,0,8,9,0,1,2,1,1,0,0,8,2,1,0,1,0,0,68,-10,"Sydney","2016",4
41,"Papley, Tom",2,0,3,5,0,2,0,2,0,0,0,0,0,0,0,2,4,0,0,1,0,0,61,-10,"Sydney","2016",4
26,"Parker, Luke",11,1,15,26,1,1,1,6,1,5,3,4,1,1,0,10,15,0,0,0,0,0,89,-10,"Sydney","2016",4
24,"Rampe, Dane",11,3,12,23,0,1,0,2,9,1,0,2,3,2,0,9,13,0,0,8,1,0,94,-10,"Sydney","2016",4
25,"Richards, Ted",4,2,6,10,0,0,0,0,2,0,0,3,0,0,0,5,5,0,0,3,0,0,78,-10,"Sydney","2016",4
27,"Robinson, Dan",5,2,4,9,0,1,0,7,0,3,2,0,1,0,0,3,6,0,0,0,0,1,71,-10,"Sydney","2016",4
40,"Smith, Nick",9,1,6,15,0,0,0,4,4,2,0,1,2,1,0,5,10,0,0,4,0,0,97,-10,"Sydney","2016",4
8,"Tippett, Kurt",7,2,6,13,2,0,35,3,1,2,2,3,1,3,0,8,4,0,1,3,0,0,86,-10,"Sydney","2016",4
22,"Towers, Dean",6,3,6,12,0,0,0,1,0,2,0,2,0,1,0,5,7,0,0,0,0,0,68,-10,"Sydney","2016",4
0,"Rushed",0,0,0,0,0,4,0,0,0,0,0,0,0,0,0,0,0,0,0,0,0,0,0,-10,"Sydney","2016",4
