"Number","Player","Kicks","Marks","Handballs","Disposals","Goals","Behinds","Hitouts","Tackles","Rebounds50s","Inside50s","Clearances","Clangers","FreesFor","FreesAgainst","BrownlowVotes","ContestedPossessions","UncontestedPossessions","ContestedMarks","MarksInside50","OnePercenters","Bounces","GoalAssists","PercentagePlayed","PointDifference","Team","Season","Round"
20,"Armitage, David",16,3,12,28,1,0,0,17,2,3,7,2,3,0,2,14,14,1,0,1,1,1,81,34,"St Kilda","2016",10
27,"Bruce, Josh",8,4,2,10,2,2,1,2,0,1,0,3,0,1,0,3,7,0,3,2,0,0,90,34,"St Kilda","2016",10
24,"Dempster, Sean",9,7,5,14,0,0,0,1,3,1,0,1,0,0,0,2,10,1,0,5,0,0,87,34,"St Kilda","2016",10
7,"Dunstan, Luke",9,5,6,15,0,1,0,6,1,0,1,4,0,2,0,7,9,0,0,3,0,1,70,34,"St Kilda","2016",10
25,"Fisher, Sam",10,6,4,14,0,0,0,0,3,2,0,2,1,2,0,6,9,3,0,10,0,0,95,34,"St Kilda","2016",10
14,"Geary, Jarryn",10,3,8,18,0,0,0,3,4,1,0,2,0,0,0,5,13,2,1,2,0,2,90,34,"St Kilda","2016",10
19,"Gilbert, Sam",5,4,11,16,0,0,2,6,0,2,1,1,1,0,0,9,7,1,0,1,0,0,78,34,"St Kilda","2016",10
22,"Gresham, Jade",6,4,7,13,1,0,0,7,1,2,0,0,1,0,0,4,9,0,0,0,1,0,74,34,"St Kilda","2016",10
1,"Hickey, Tom",5,3,7,12,0,0,41,3,0,1,5,2,1,1,0,7,6,1,0,3,0,0,90,34,"St Kilda","2016",10
32,"McCartin, Paddy",7,5,2,9,2,0,0,0,0,2,0,1,0,1,0,5,4,3,2,0,0,1,67,34,"St Kilda","2016",10
36,"McKenzie, Daniel",4,3,7,11,0,0,0,4,0,0,0,1,0,1,0,2,9,0,0,1,0,0,61,34,"St Kilda","2016",10
28,"Membrey, Tim",9,6,6,15,3,2,0,4,0,3,1,0,1,0,0,7,9,0,4,1,0,0,81,34,"St Kilda","2016",10
11,"Montagna, Leigh",15,11,10,25,0,0,0,7,5,2,0,3,0,1,0,2,23,0,0,1,1,0,91,34,"St Kilda","2016",10
30,"Murdoch, Brodie",9,5,4,13,1,0,0,3,1,0,0,0,0,0,0,2,10,0,0,1,2,0,74,34,"St Kilda","2016",10
16,"Newnes, Jack",13,9,6,19,1,0,1,6,2,4,2,2,0,1,0,5,14,2,1,1,0,0,88,34,"St Kilda","2016",10
12,"Riewoldt, Nick",17,11,7,24,2,2,1,6,1,4,0,1,2,1,1,5,18,3,2,2,0,0,95,34,"St Kilda","2016",10
17,"Roberton, Dylan",12,6,17,29,0,0,0,1,11,1,1,0,2,0,0,10,19,1,0,2,0,0,81,34,"St Kilda","2016",10
6,"Ross, Sebastian",12,1,12,24,0,0,1,5,0,7,5,4,1,1,0,10,15,0,0,1,0,1,85,34,"St Kilda","2016",10
5,"Savage, Shane",12,5,10,22,0,0,0,4,3,3,0,1,1,1,0,3,18,0,0,3,0,0,82,34,"St Kilda","2016",10
40,"Sinclair, Jack",2,3,7,9,0,0,0,4,0,0,1,0,0,0,0,2,8,0,0,1,1,0,72,34,"St Kilda","2016",10
3,"Steven, Jack",15,5,17,32,1,0,0,9,2,5,6,2,2,1,3,14,19,0,1,0,0,1,85,34,"St Kilda","2016",10
44,"Weller, Maverick",5,2,10,15,1,0,0,3,2,1,1,0,0,0,0,3,12,0,1,1,0,0,85,34,"St Kilda","2016",10
0,"Rushed",0,0,0,0,0,4,0,0,0,0,0,0,0,0,0,0,0,0,0,0,0,0,0,34,"St Kilda","2016",10
1,"Ballantyne, Hayden",4,4,2,6,0,0,0,5,0,1,1,1,0,0,0,1,5,0,0,1,0,0,70,-34,"Fremantle","2016",10
21,"Barlow, Michael",13,2,11,24,0,0,0,6,0,4,6,3,0,1,0,13,12,0,0,0,0,1,72,-34,"Fremantle","2016",10
19,"Blakely, Connor",13,3,12,25,0,0,3,2,0,6,5,0,3,0,0,14,11,1,0,0,0,0,56,-34,"Fremantle","2016",10
40,"Collins, Sam",8,7,4,12,0,0,0,1,0,0,0,2,1,0,0,4,8,1,0,5,0,0,97,-34,"Fremantle","2016",10
17,"Crozier, Hayden",16,10,8,24,0,0,0,0,4,3,1,2,0,2,0,5,18,1,0,2,0,0,88,-34,"Fremantle","2016",10
3,"Dawson, Zac",4,3,4,8,0,0,4,2,2,0,0,1,1,1,0,4,4,0,0,11,0,0,97,-34,"Fremantle","2016",10
9,"de Boer, Matt",2,1,14,16,0,0,0,5,0,0,4,0,0,0,0,9,7,0,0,1,0,1,68,-34,"Fremantle","2016",10
12,"Griffin, Jonathon",3,3,8,11,0,0,35,2,0,1,2,3,2,2,0,7,5,1,0,7,0,0,90,-34,"Fremantle","2016",10
32,"Hill, Stephen",14,0,12,26,0,0,0,3,2,7,8,4,1,2,0,11,14,0,0,2,1,1,83,-34,"Fremantle","2016",10
5,"Ibbotson, Garrick",10,9,5,15,0,0,0,1,2,0,0,2,0,1,0,3,13,0,0,3,0,0,96,-34,"Fremantle","2016",10
26,"Langdon, Ed",2,1,9,11,2,0,0,4,0,0,0,2,0,1,0,4,7,0,1,0,0,1,75,-34,"Fremantle","2016",10
23,"Mayne, Chris",5,6,9,14,0,0,1,4,0,3,0,3,1,1,0,8,6,1,0,0,0,2,85,-34,"Fremantle","2016",10
27,"Neale, Lachie",11,3,20,31,1,0,0,4,2,4,9,2,0,0,0,19,10,1,1,0,0,0,81,-34,"Fremantle","2016",10
29,"Pavlich, Matthew",3,1,5,8,1,0,0,8,1,2,0,1,2,0,0,3,5,0,0,2,1,0,88,-34,"Fremantle","2016",10
6,"Pearce, Danyle",15,2,8,23,0,0,0,2,4,4,2,3,0,0,0,5,18,0,0,0,1,0,78,-34,"Fremantle","2016",10
11,"Sheridan, Tom",11,4,7,18,1,1,0,4,1,1,0,0,0,0,0,2,16,0,0,2,0,0,74,-34,"Fremantle","2016",10
34,"Spurr, Lee",12,5,6,18,0,1,0,3,3,1,1,1,0,1,0,2,16,0,0,1,0,0,93,-34,"Fremantle","2016",10
8,"Suban, Nick",9,2,6,15,0,1,0,4,1,3,2,3,2,2,0,7,9,0,0,0,0,1,76,-34,"Fremantle","2016",10
33,"Sutcliffe, Cam",8,7,3,11,0,0,0,3,2,2,0,1,0,1,0,1,10,0,0,8,0,0,84,-34,"Fremantle","2016",10
20,"Taberner, Matthew",9,5,4,13,2,1,5,1,0,3,1,0,0,0,0,6,7,3,1,0,0,0,89,-34,"Fremantle","2016",10
10,"Walters, Michael",10,4,10,20,1,1,0,1,1,5,1,5,1,0,0,6,14,1,0,0,1,2,87,-34,"Fremantle","2016",10
14,"Weller, Lachie",4,1,7,11,2,1,0,5,0,2,1,1,0,1,0,4,7,0,0,0,0,1,72,-34,"Fremantle","2016",10
0,"Rushed",0,0,0,0,0,1,0,0,0,0,0,0,0,0,0,0,0,0,0,0,0,0,0,-34,"Fremantle","2016",10
