"Number","Player","Kicks","Marks","Handballs","Disposals","Goals","Behinds","Hitouts","Tackles","Rebounds50s","Inside50s","Clearances","Clangers","FreesFor","FreesAgainst","BrownlowVotes","ContestedPossessions","UncontestedPossessions","ContestedMarks","MarksInside50","OnePercenters","Bounces","GoalAssists","PercentagePlayed","PointDifference","Team","Season","Round"
27,"Armfield, Dennis",8,4,8,16,0,2,0,2,0,2,0,0,1,0,0,6,10,0,1,0,0,1,78,2,"Carlton","2016",8
38,"Byrne, Ciaran",6,3,3,9,0,0,0,1,1,0,0,2,1,2,0,2,7,1,0,5,0,0,76,2,"Carlton","2016",8
41,"Casboult, Levi",0,1,0,0,0,0,0,0,0,0,0,1,0,1,0,1,0,1,1,0,0,0,6,2,"Carlton","2016",8
9,"Cripps, Patrick",9,5,21,30,0,1,1,7,3,2,8,2,1,0,3,16,14,0,1,0,0,2,82,2,"Carlton","2016",8
35,"Curnow, Ed",15,5,12,27,0,0,0,7,3,7,5,1,2,0,0,13,15,0,0,0,0,3,91,2,"Carlton","2016",8
15,"Docherty, Sam",22,13,11,33,0,0,0,4,7,3,1,5,0,1,1,9,21,2,0,6,1,1,96,2,"Carlton","2016",8
33,"Everitt, Andrejs",8,6,9,17,3,1,1,2,0,4,0,2,1,0,0,6,10,0,2,0,0,1,84,2,"Carlton","2016",8
4,"Gibbs, Bryce",18,5,12,30,1,0,3,7,2,2,6,1,3,0,2,10,19,0,0,0,0,1,82,2,"Carlton","2016",8
40,"Jamison, Michael",6,6,1,7,0,0,0,1,3,1,0,1,0,0,0,0,8,0,0,7,0,0,84,2,"Carlton","2016",8
14,"Jones, Liam",8,6,0,8,2,2,0,1,0,3,0,2,2,1,0,5,3,3,3,3,0,0,89,2,"Carlton","2016",8
11,"Kerridge, Sam",6,4,9,15,0,0,2,3,1,1,2,2,0,0,0,6,9,0,0,2,0,1,88,2,"Carlton","2016",8
8,"Kreuzer, Matthew",8,6,7,15,2,0,38,2,0,4,4,1,1,1,0,7,8,3,2,2,0,0,80,2,"Carlton","2016",8
13,"Lamb, Jed",9,3,4,13,2,1,0,4,1,1,2,1,2,0,0,7,7,0,2,1,0,0,83,2,"Carlton","2016",8
3,"Murphy, Marc",14,3,12,26,1,0,0,3,2,4,4,7,1,1,0,9,15,0,0,1,0,0,78,2,"Carlton","2016",8
20,"Plowman, Lachie",13,9,4,17,0,0,0,4,3,1,0,2,0,1,0,1,15,0,0,5,0,0,92,2,"Carlton","2016",8
17,"Rowe, Sam",10,8,3,13,1,1,12,0,1,0,3,2,3,0,0,5,8,1,3,4,0,0,92,2,"Carlton","2016",8
6,"Simpson, Kade",20,10,5,25,0,0,0,4,5,2,0,4,3,1,0,7,19,0,0,3,0,0,93,2,"Carlton","2016",8
19,"Sumner, Liam",6,2,5,11,1,0,0,4,0,2,0,1,2,0,0,5,6,0,2,1,0,1,82,2,"Carlton","2016",8
39,"Thomas, Dale",10,4,7,17,0,0,0,3,1,2,0,4,0,1,0,1,16,0,0,1,0,1,86,2,"Carlton","2016",8
42,"Tuohy, Zach",10,3,10,20,1,0,0,4,5,3,0,0,2,0,0,8,10,0,0,0,0,0,85,2,"Carlton","2016",8
1,"Walker, Andrew",10,1,5,15,0,0,2,3,1,3,0,3,1,1,0,4,11,0,0,4,0,1,87,2,"Carlton","2016",8
46,"Wright, Matthew",10,5,11,21,0,0,0,4,0,2,5,0,0,0,0,11,9,1,0,1,0,0,87,2,"Carlton","2016",8
0,"Rushed",0,0,0,0,0,1,0,0,0,0,0,0,0,0,0,0,0,0,0,0,0,0,0,2,"Carlton","2016",8
41,"Ah Chee, Brendon",2,2,6,8,0,0,0,2,1,3,1,4,0,2,0,3,5,0,0,2,0,0,71,-2,"Port Adelaide","2016",8
15,"Amon, Karl",12,2,10,22,1,0,0,1,2,4,2,3,0,1,0,10,12,0,0,1,2,0,68,-2,"Port Adelaide","2016",8
1,"Boak, Travis",4,0,8,12,1,1,0,5,0,0,3,1,0,1,0,6,8,0,0,5,0,0,76,-2,"Port Adelaide","2016",8
5,"Broadbent, Matthew",10,5,5,15,1,1,0,4,1,2,3,3,0,3,0,6,10,0,0,1,4,1,69,-2,"Port Adelaide","2016",8
33,"Byrne-Jones, Darcy",6,0,2,8,0,0,0,3,0,3,0,3,1,1,0,1,7,0,0,3,0,0,86,-2,"Port Adelaide","2016",8
22,"Dixon, Charlie",5,3,8,13,2,1,3,1,0,1,1,2,1,0,0,9,4,1,2,0,0,1,93,-2,"Port Adelaide","2016",8
7,"Ebert, Brad",6,2,8,14,1,0,0,9,0,1,3,1,0,1,0,6,8,1,0,1,0,0,80,-2,"Port Adelaide","2016",8
8,"Hartlett, Hamish",15,7,11,26,1,0,0,7,8,3,4,4,0,0,0,13,14,1,0,2,0,1,71,-2,"Port Adelaide","2016",8
36,"Hombsch, Jack",9,5,1,10,0,0,0,1,4,3,0,3,2,2,0,3,6,0,0,13,1,0,95,-2,"Port Adelaide","2016",8
24,"Impey, Jarman",4,3,5,9,0,0,0,1,0,4,0,2,0,2,0,5,5,1,0,0,0,2,85,-2,"Port Adelaide","2016",8
42,"Jonas, Tom",4,1,3,7,0,0,0,2,2,0,1,1,0,0,0,5,1,0,0,7,0,0,91,-2,"Port Adelaide","2016",8
48,"Krakouer, Nathan",7,4,1,8,0,0,0,1,1,0,0,0,0,0,0,3,5,1,0,0,0,0,73,-2,"Port Adelaide","2016",8
3,"Neade, Jake",7,3,4,11,0,1,0,3,0,3,0,3,2,1,0,3,9,0,0,0,0,0,77,-2,"Port Adelaide","2016",8
13,"OShea, Cameron",4,0,4,8,0,0,0,2,0,1,0,6,0,3,0,1,6,0,0,0,0,0,85,-2,"Port Adelaide","2016",8
29,"Pittard, Jasper",10,2,5,15,0,2,0,1,2,5,0,1,0,0,0,3,10,0,0,7,0,0,85,-2,"Port Adelaide","2016",8
21,"Polec, Jared",13,2,5,18,0,1,0,2,1,7,1,5,0,2,0,4,13,0,0,2,0,0,84,-2,"Port Adelaide","2016",8
14,"Stewart, Paul",7,5,4,11,0,0,0,2,4,0,0,3,1,1,0,6,4,1,0,4,0,0,84,-2,"Port Adelaide","2016",8
12,"Trengove, Jackson",12,3,8,20,1,0,16,6,2,4,5,9,0,4,0,10,10,0,0,1,0,0,79,-2,"Port Adelaide","2016",8
39,"Westhoff, Justin",11,3,3,14,2,2,3,5,0,4,6,1,2,0,0,7,6,1,2,0,0,1,94,-2,"Port Adelaide","2016",8
16,"Wines, Ollie",9,4,20,29,0,1,5,3,0,4,8,4,0,1,0,15,14,1,1,2,0,0,70,-2,"Port Adelaide","2016",8
20,"Wingard, Chad",7,1,4,11,2,1,0,2,0,3,1,3,1,1,0,4,9,1,1,3,0,1,98,-2,"Port Adelaide","2016",8
40,"Young, Aaron",7,1,10,17,1,2,0,3,1,1,4,1,1,0,0,13,4,1,0,0,0,2,84,-2,"Port Adelaide","2016",8
0,"Totals",171,58,135,306,13,13,27,66,29,56,43,63,11,26,0,136,170,10,6,54,7,9,0,-2,"Port Adelaide","2016",8
