"Number","Player","Kicks","Marks","Handballs","Disposals","Goals","Behinds","Hitouts","Tackles","Rebounds50s","Inside50s","Clearances","Clangers","FreesFor","FreesAgainst","BrownlowVotes","ContestedPossessions","UncontestedPossessions","ContestedMarks","MarksInside50","OnePercenters","Bounces","GoalAssists","PercentagePlayed","PointDifference","Team","Season","Round"
14,"Birchall, Grant",9,2,9,18,1,0,0,4,2,2,0,2,0,1,0,0,16,0,0,2,0,0,77,41,"Hawthorn","2016",8
30,"Brand, Kaiden",6,1,6,12,0,0,0,2,3,1,0,2,0,1,0,0,10,0,0,9,0,0,96,41,"Hawthorn","2016",8
22,"Breust, Luke",6,2,6,12,3,1,1,4,1,1,2,1,1,1,0,8,6,0,1,1,0,1,83,41,"Hawthorn","2016",8
9,"Burgoyne, Shaun",7,4,9,16,0,1,0,2,1,2,1,3,0,1,0,4,12,0,1,2,0,0,75,41,"Hawthorn","2016",8
18,"Ceglar, Jonathon",4,1,1,5,0,1,26,5,0,2,0,1,1,0,0,2,3,0,0,2,0,0,63,41,"Hawthorn","2016",8
8,"Duryea, Taylor",14,8,6,20,0,0,0,2,3,5,1,2,2,0,0,6,15,1,0,2,0,0,75,41,"Hawthorn","2016",8
12,"Frawley, James",7,4,11,18,0,0,0,3,3,1,0,2,2,1,0,8,10,1,0,4,0,0,100,41,"Hawthorn","2016",8
6,"Gibson, Josh",8,8,13,21,1,0,0,6,2,0,0,2,1,0,1,9,12,1,0,8,0,1,100,41,"Hawthorn","2016",8
19,"Gunston, Jack",11,6,6,17,3,1,0,1,0,2,1,2,1,1,0,8,8,2,4,0,0,0,97,41,"Hawthorn","2016",8
4,"Hartung, Billy",13,4,7,20,0,0,0,2,2,5,1,4,0,1,0,3,17,0,0,0,0,1,75,41,"Hawthorn","2016",8
10,"Hill, Bradley",13,2,5,18,1,1,0,2,1,5,1,2,0,1,0,2,15,0,1,0,0,1,73,41,"Hawthorn","2016",8
41,"Howe, Daniel",11,2,8,19,0,0,0,5,1,5,0,0,3,0,0,7,13,0,0,2,0,0,73,41,"Hawthorn","2016",8
29,"Langford, Will",8,1,8,16,0,0,0,6,2,4,7,3,1,2,0,12,4,0,0,3,0,0,79,41,"Hawthorn","2016",8
3,"Lewis, Jordan",15,3,10,25,1,0,0,8,1,9,8,4,1,2,0,8,16,0,0,2,0,1,76,41,"Hawthorn","2016",8
7,"McEvoy, Ben",4,3,8,12,2,0,16,7,0,1,1,3,1,1,0,5,8,1,2,2,0,2,65,41,"Hawthorn","2016",8
5,"Mitchell, Sam",10,4,16,26,0,0,2,3,0,2,6,5,1,5,0,9,18,0,0,1,0,0,89,41,"Hawthorn","2016",8
23,"OBrien, Tim",6,4,3,9,2,1,0,3,0,2,0,0,1,0,0,7,2,3,2,0,0,0,81,41,"Hawthorn","2016",8
28,"Puopolo, Paul",3,0,12,15,1,0,0,4,0,2,1,2,1,1,0,11,4,0,0,1,0,1,74,41,"Hawthorn","2016",8
26,"Shiels, Liam",6,2,9,15,0,1,0,15,0,4,4,1,2,0,0,4,10,0,1,0,0,0,87,41,"Hawthorn","2016",8
21,"Sicily, James",13,10,4,17,1,3,0,0,0,1,0,1,2,0,0,8,9,4,5,0,0,1,78,41,"Hawthorn","2016",8
16,"Smith, Isaac",18,4,9,27,1,0,2,1,3,3,4,2,5,0,2,10,17,0,1,0,0,0,82,41,"Hawthorn","2016",8
24,"Stratton, Ben",11,4,8,19,0,0,0,3,3,1,1,2,0,0,0,9,9,2,0,3,0,0,100,41,"Hawthorn","2016",8
0,"Rushed",0,0,0,0,0,4,0,0,0,0,0,0,0,0,0,0,0,0,0,0,0,0,0,41,"Hawthorn","2016",8
1,"Ballantyne, Hayden",8,1,5,13,1,2,0,3,1,3,3,4,1,1,0,9,5,0,0,1,0,1,76,-41,"Fremantle","2016",8
19,"Blakely, Connor",10,0,8,18,0,1,6,2,2,1,4,3,1,2,0,5,13,0,0,0,0,0,65,-41,"Fremantle","2016",8
30,"Clarke, Zac",2,1,3,5,0,0,17,6,1,2,0,1,0,1,0,1,4,0,0,2,0,1,82,-41,"Fremantle","2016",8
17,"Crozier, Hayden",11,6,4,15,1,0,0,4,0,2,0,5,2,3,0,5,10,0,0,0,1,0,75,-41,"Fremantle","2016",8
12,"Griffin, Jonathon",5,3,5,10,1,0,27,3,0,4,2,1,2,1,0,3,7,0,0,3,0,1,83,-41,"Fremantle","2016",8
32,"Hill, Stephen",12,1,4,16,1,1,2,6,3,3,2,3,0,0,0,7,8,1,1,0,0,0,47,-41,"Fremantle","2016",8
15,"Hughes, Ethan",3,2,11,14,0,0,0,3,5,0,0,2,0,1,0,3,12,0,0,7,0,1,99,-41,"Fremantle","2016",8
5,"Ibbotson, Garrick",8,4,8,16,0,0,0,0,2,1,0,4,1,1,0,4,11,0,0,5,0,0,97,-41,"Fremantle","2016",8
26,"Langdon, Ed",3,0,6,9,1,0,0,4,2,0,1,3,1,1,0,4,5,0,0,0,0,0,78,-41,"Fremantle","2016",8
23,"Mayne, Chris",5,3,9,14,1,1,0,9,0,1,0,2,1,2,0,5,10,0,2,2,0,2,89,-41,"Fremantle","2016",8
16,"Mundy, David",16,5,13,29,1,0,2,3,7,3,5,4,0,0,0,11,16,1,1,3,0,0,94,-41,"Fremantle","2016",8
13,"Mzungu, Tendai",9,3,5,14,0,1,0,6,2,0,0,4,1,2,0,5,9,0,2,1,0,0,81,-41,"Fremantle","2016",8
27,"Neale, Lachie",8,3,30,38,1,0,0,5,1,4,8,6,1,4,3,17,20,0,1,0,0,0,88,-41,"Fremantle","2016",8
25,"Pearce, Alex",3,4,7,10,0,0,0,1,1,0,0,0,2,0,0,6,5,1,0,11,0,0,73,-41,"Fremantle","2016",8
46,"Pearce, Clancee",8,5,18,26,0,0,0,1,0,0,4,0,0,0,0,10,16,0,0,1,0,0,65,-41,"Fremantle","2016",8
6,"Pearce, Danyle",11,1,5,16,0,1,0,2,3,3,2,1,1,0,0,3,14,0,0,0,0,0,72,-41,"Fremantle","2016",8
34,"Spurr, Lee",10,6,10,20,0,0,0,2,3,1,1,3,0,2,0,7,13,2,0,0,0,0,97,-41,"Fremantle","2016",8
8,"Suban, Nick",7,0,3,10,0,0,0,5,2,2,1,3,1,2,0,7,3,0,0,1,0,0,73,-41,"Fremantle","2016",8
33,"Sutcliffe, Cam",12,4,4,16,0,0,0,3,3,2,0,5,0,2,0,3,12,0,0,2,0,0,92,-41,"Fremantle","2016",8
20,"Taberner, Matthew",8,7,5,13,0,0,0,2,0,3,0,2,1,1,0,7,6,3,1,0,0,0,97,-41,"Fremantle","2016",8
10,"Walters, Michael",16,5,10,26,2,0,0,7,1,3,5,3,2,0,0,8,18,1,1,0,0,0,82,-41,"Fremantle","2016",8
14,"Weller, Lachie",6,3,8,14,1,0,0,4,1,3,0,0,1,0,0,6,9,0,0,0,0,1,72,-41,"Fremantle","2016",8
0,"Rushed",0,0,0,0,0,2,0,0,0,0,0,0,0,0,0,0,0,0,0,0,0,0,0,-41,"Fremantle","2016",8
