"Number","Player","Kicks","Marks","Handballs","Disposals","Goals","Behinds","Hitouts","Tackles","Rebounds50s","Inside50s","Clearances","Clangers","FreesFor","FreesAgainst","BrownlowVotes","ContestedPossessions","UncontestedPossessions","ContestedMarks","MarksInside50","OnePercenters","Bounces","GoalAssists","PercentagePlayed","PointDifference","Team","Season","Round"
1,"Ballantyne, Hayden",1,0,3,4,0,1,0,1,0,0,0,2,1,2,0,4,2,0,0,0,0,0,66,-4,"Fremantle","2016",5
21,"Barlow, Michael",12,2,20,32,0,0,2,14,3,4,4,3,1,1,0,13,17,0,0,1,0,0,92,-4,"Fremantle","2016",5
30,"Clarke, Zac",1,0,4,5,0,0,19,3,0,0,1,0,2,0,0,3,4,0,0,6,0,0,66,-4,"Fremantle","2016",5
17,"Crozier, Hayden",8,2,3,11,2,2,0,5,0,1,2,2,1,0,0,4,7,0,2,1,0,0,71,-4,"Fremantle","2016",5
3,"Dawson, Zac",5,3,4,9,0,0,2,2,1,0,0,5,0,3,0,1,8,0,0,9,0,0,100,-4,"Fremantle","2016",5
7,"Fyfe, Nat",6,1,9,15,1,0,1,3,2,2,2,4,1,0,0,8,7,0,0,0,0,0,42,-4,"Fremantle","2016",5
28,"Grey, Brady",3,1,13,16,0,0,0,10,0,1,1,3,2,1,0,9,9,1,1,2,0,1,79,-4,"Fremantle","2016",5
12,"Griffin, Jonathon",6,3,7,13,1,1,19,2,1,3,0,1,1,0,0,4,8,1,0,4,0,0,69,-4,"Fremantle","2016",5
32,"Hill, Stephen",15,1,8,23,0,2,2,4,2,6,3,4,0,1,0,13,11,1,0,1,1,0,91,-4,"Fremantle","2016",5
37,"Johnson, Michael",14,9,5,19,0,0,0,0,4,2,1,1,0,0,0,7,13,1,0,7,0,1,87,-4,"Fremantle","2016",5
23,"Mayne, Chris",7,5,5,12,1,1,0,9,0,0,1,0,0,0,0,6,5,3,2,1,1,0,81,-4,"Fremantle","2016",5
27,"Neale, Lachie",23,10,12,35,0,1,0,2,4,2,9,5,1,1,3,15,20,0,1,1,1,0,86,-4,"Fremantle","2016",5
29,"Pavlich, Matthew",5,2,7,12,0,3,0,10,0,2,0,2,0,1,0,4,7,1,1,0,0,2,95,-4,"Fremantle","2016",5
25,"Pearce, Alex",2,0,5,7,0,0,0,0,2,0,0,2,1,1,0,7,1,0,0,7,0,0,93,-4,"Fremantle","2016",5
6,"Pearce, Danyle",15,1,8,23,0,0,0,2,1,7,1,5,0,0,0,8,15,0,0,2,1,0,85,-4,"Fremantle","2016",5
11,"Sheridan, Tom",6,3,14,20,0,0,0,0,3,2,0,1,0,1,0,3,16,0,0,4,0,0,90,-4,"Fremantle","2016",5
34,"Spurr, Lee",11,6,9,20,0,0,0,9,3,0,1,1,2,1,0,5,14,0,0,2,0,0,94,-4,"Fremantle","2016",5
33,"Sutcliffe, Cam",8,4,8,16,1,0,0,5,4,1,1,3,0,3,0,4,13,0,1,7,0,1,95,-4,"Fremantle","2016",5
20,"Taberner, Matthew",10,8,8,18,1,0,1,3,1,2,0,5,0,1,0,1,17,1,1,1,0,0,84,-4,"Fremantle","2016",5
18,"Tucker, Darcy",6,3,10,16,0,0,0,3,3,1,3,1,1,0,0,7,11,0,1,2,0,0,63,-4,"Fremantle","2016",5
10,"Walters, Michael",11,4,7,18,2,0,0,6,1,8,5,2,2,0,0,11,6,1,2,1,0,0,92,-4,"Fremantle","2016",5
14,"Weller, Lachie",9,0,9,18,0,1,0,7,1,4,3,2,2,1,0,9,8,0,0,0,0,0,78,-4,"Fremantle","2016",5
0,"Rushed",0,0,0,0,0,2,0,0,0,0,0,0,0,0,0,0,0,0,0,0,0,0,0,-4,"Fremantle","2016",5
7,"Buckley, Dylan",3,1,4,7,0,1,0,2,0,1,1,0,1,0,0,3,5,0,0,0,0,0,84,4,"Carlton","2016",5
38,"Byrne, Ciaran",10,5,9,19,0,0,0,1,3,2,0,3,2,2,0,9,10,4,0,0,0,0,83,4,"Carlton","2016",5
41,"Casboult, Levi",8,6,8,16,0,2,0,2,0,4,0,2,2,0,0,7,9,1,2,0,0,0,91,4,"Carlton","2016",5
9,"Cripps, Patrick",9,2,20,29,0,0,1,5,3,4,9,3,0,2,2,20,10,0,0,0,0,0,88,4,"Carlton","2016",5
30,"Curnow, Charlie",7,3,4,11,1,0,0,1,1,3,0,2,0,0,0,5,6,0,1,2,0,0,62,4,"Carlton","2016",5
35,"Curnow, Ed",12,3,19,31,0,2,0,6,2,1,2,3,0,0,0,9,21,0,1,2,0,0,87,4,"Carlton","2016",5
15,"Docherty, Sam",11,4,4,15,0,0,0,2,5,2,0,2,1,0,0,4,10,0,0,6,1,0,91,4,"Carlton","2016",5
4,"Gibbs, Bryce",11,4,16,27,1,2,1,6,1,5,5,1,0,0,0,10,16,0,2,1,0,1,83,4,"Carlton","2016",5
14,"Jones, Liam",6,3,2,8,2,1,0,2,0,3,0,2,2,2,0,4,4,1,2,2,0,0,85,4,"Carlton","2016",5
11,"Kerridge, Sam",13,5,15,28,0,1,0,5,2,3,4,4,0,1,0,11,16,1,1,2,1,1,89,4,"Carlton","2016",5
8,"Kreuzer, Matthew",3,1,2,5,0,0,24,5,0,2,0,3,0,2,0,4,1,0,1,3,0,0,66,4,"Carlton","2016",5
13,"Lamb, Jed",6,3,4,10,1,1,0,3,0,2,0,2,1,2,0,3,7,1,2,0,0,1,82,4,"Carlton","2016",5
3,"Murphy, Marc",12,3,16,28,1,1,0,6,0,3,4,3,3,1,1,8,22,0,0,0,0,0,78,4,"Carlton","2016",5
34,"Phillips, Andrew",4,1,1,5,0,0,19,2,0,1,1,0,0,0,0,1,4,0,0,1,0,0,58,4,"Carlton","2016",5
20,"Plowman, Lachie",4,0,5,9,0,0,0,4,2,1,0,0,0,0,0,3,8,0,0,9,1,0,81,4,"Carlton","2016",5
17,"Rowe, Sam",3,3,6,9,0,0,0,4,1,0,0,2,0,1,0,6,3,0,0,6,0,0,89,4,"Carlton","2016",5
6,"Simpson, Kade",19,7,11,30,0,0,0,1,4,3,0,1,0,1,0,6,21,0,0,2,0,3,94,4,"Carlton","2016",5
19,"Sumner, Liam",7,2,3,10,0,0,0,3,0,2,1,4,1,0,0,3,6,0,0,1,0,0,81,4,"Carlton","2016",5
39,"Thomas, Dale",7,1,8,15,3,0,0,5,2,0,1,2,2,1,0,6,11,0,0,0,0,0,81,4,"Carlton","2016",5
42,"Tuohy, Zach",6,1,4,10,0,0,0,3,4,1,0,2,1,1,0,3,7,0,0,3,0,0,84,4,"Carlton","2016",5
23,"Weitering, Jacob",6,3,5,11,0,0,0,1,2,0,0,1,0,0,0,4,6,0,0,7,1,0,79,4,"Carlton","2016",5
46,"Wright, Matthew",14,5,9,23,1,0,0,8,2,4,4,4,2,2,0,10,12,1,1,2,1,1,84,4,"Carlton","2016",5
0,"Rushed",0,0,0,0,0,1,0,0,0,0,0,0,0,0,0,0,0,0,0,0,0,0,0,4,"Carlton","2016",5
