"Number","Player","Kicks","Marks","Handballs","Disposals","Goals","Behinds","Hitouts","Tackles","Rebounds50s","Inside50s","Clearances","Clangers","FreesFor","FreesAgainst","BrownlowVotes","ContestedPossessions","UncontestedPossessions","ContestedMarks","MarksInside50","OnePercenters","Bounces","GoalAssists","PercentagePlayed","PointDifference","Team","Season","Round"
13,"Ah Chee, Callum",5,3,12,17,0,0,0,2,1,3,3,2,2,0,0,8,10,0,0,1,0,1,76,-8,"Gold Coast","2016",20
39,"Davis, Ryan",10,2,8,18,2,0,0,3,1,6,0,0,1,0,0,4,13,0,0,2,2,1,81,-8,"Gold Coast","2016",20
12,"Day, Sam",4,3,2,6,0,1,0,2,1,1,0,0,1,0,0,2,4,0,1,0,0,0,92,-8,"Gold Coast","2016",20
41,"Garlett, Jarrod",14,5,5,19,1,0,0,9,4,4,4,3,2,0,0,9,10,1,0,1,0,1,73,-8,"Gold Coast","2016",20
2,"Grant, Jarrad",7,4,10,17,0,0,0,1,0,1,1,2,1,1,0,7,10,0,0,1,0,2,79,-8,"Gold Coast","2016",20
14,"Hallahan, Mitch",10,2,9,19,1,0,0,5,1,2,4,2,2,1,0,11,10,1,1,1,0,0,79,-8,"Gold Coast","2016",20
5,"Harbrow, Jarrod",15,3,9,24,0,0,0,2,6,2,1,2,1,1,0,4,21,0,0,1,1,0,93,-8,"Gold Coast","2016",20
38,"Joyce, Jesse",10,6,5,15,0,0,0,2,1,0,2,0,0,0,0,3,12,0,0,2,0,0,83,-8,"Gold Coast","2016",20
28,"Kolodjashnij, Kade",13,10,7,20,0,0,0,1,1,1,0,2,0,0,0,3,17,0,0,3,2,0,90,-8,"Gold Coast","2016",20
23,"Lemmens, Sean",6,4,8,14,0,0,0,0,2,0,0,2,0,0,0,4,11,0,1,3,0,0,73,-8,"Gold Coast","2016",20
19,"Lynch, Tom",11,9,8,19,4,1,0,0,0,2,0,5,2,1,1,10,10,4,4,2,0,2,97,-8,"Gold Coast","2016",20
4,"Martin, Jack",13,7,9,22,0,0,1,2,3,0,3,3,0,1,0,8,15,0,0,4,0,0,80,-8,"Gold Coast","2016",20
32,"Matera, Brandon",15,6,5,20,2,1,0,1,0,4,1,1,0,0,0,3,17,0,1,0,0,2,71,-8,"Gold Coast","2016",20
17,"May, Steven",17,14,10,27,0,0,0,0,5,3,1,2,2,1,3,10,16,2,0,2,2,0,95,-8,"Gold Coast","2016",20
11,"Miller, Touk",5,0,19,24,0,0,1,5,0,3,2,4,1,0,0,12,12,0,0,2,0,0,84,-8,"Gold Coast","2016",20
22,"Nicholls, Tom",3,2,7,10,1,0,18,5,0,0,1,1,0,0,0,8,3,1,1,2,0,0,78,-8,"Gold Coast","2016",20
3,"Rosa, Matt",9,5,12,21,0,0,0,7,2,3,2,1,0,1,0,6,15,0,0,1,0,0,79,-8,"Gold Coast","2016",20
36,"Schoenfeld, Josh",6,3,6,12,0,0,0,1,0,3,2,2,1,1,0,6,8,0,0,3,0,1,80,-8,"Gold Coast","2016",20
6,"Sexton, Alex",4,2,1,5,0,0,0,1,0,3,1,1,0,0,0,2,3,0,0,1,1,0,49,-8,"Gold Coast","2016",20
26,"Shaw, Matt",12,3,8,20,0,0,0,1,2,4,3,3,1,0,0,9,12,1,0,2,0,0,84,-8,"Gold Coast","2016",20
16,"Thompson, Rory",10,12,5,15,0,0,0,3,5,1,0,0,0,0,0,4,11,2,0,11,0,0,98,-8,"Gold Coast","2016",20
30,"Wright, Peter",10,4,6,16,2,0,8,0,0,1,2,2,1,0,0,7,8,1,1,2,0,0,87,-8,"Gold Coast","2016",20
0,"Rushed",0,0,0,0,0,3,0,0,0,0,0,0,0,0,0,0,0,0,0,0,0,0,0,-8,"Gold Coast","2016",20
18,"Cameron, Jeremy",10,5,5,15,4,1,0,2,0,2,2,6,1,3,0,6,10,2,2,1,0,0,77,8,"Greater Western Sydney","2016",20
3,"Coniglio, Stephen",11,4,22,33,0,1,0,4,2,2,5,3,1,2,2,15,18,0,0,0,0,1,87,8,"Greater Western Sydney","2016",20
1,"Davis, Phil",13,7,3,16,0,0,0,1,3,2,0,4,0,2,0,4,11,2,0,10,0,0,91,8,"Greater Western Sydney","2016",20
4,"Greene, Toby",15,5,7,22,2,2,0,3,0,4,1,2,1,0,0,9,13,1,1,2,1,3,81,8,"Greater Western Sydney","2016",20
32,"Griffen, Ryan",7,2,15,22,0,0,2,4,0,5,4,4,0,2,0,8,15,0,0,2,0,0,72,8,"Greater Western Sydney","2016",20
19,"Haynes, Nick",12,7,6,18,0,0,0,1,2,0,2,2,0,0,0,8,11,3,0,4,0,1,82,8,"Greater Western Sydney","2016",20
27,"Himmelberg, Harry",7,2,3,10,0,0,0,2,2,0,0,0,1,0,0,3,7,0,0,0,0,0,77,8,"Greater Western Sydney","2016",20
17,"Johnson, Steve",13,4,4,17,2,0,0,4,0,2,2,4,0,0,0,4,13,0,2,1,2,2,85,8,"Greater Western Sydney","2016",20
22,"Kelly, Josh",10,2,17,27,0,0,0,5,1,3,9,4,0,1,0,14,13,0,0,0,0,0,76,8,"Greater Western Sydney","2016",20
37,"Lobb, Rory",7,5,6,13,1,0,3,5,1,2,0,1,0,0,0,8,6,4,1,4,0,0,92,8,"Greater Western Sydney","2016",20
41,"Mumford, Shane",1,1,10,11,0,0,51,8,0,1,2,2,0,1,0,4,7,0,0,2,0,0,85,8,"Greater Western Sydney","2016",20
24,"Patfull, Joel",7,5,11,18,0,0,0,4,3,2,1,2,0,2,0,5,14,0,0,1,0,0,86,8,"Greater Western Sydney","2016",20
12,"Patton, Jonathon",11,8,1,12,2,0,0,2,0,4,0,2,0,0,0,4,8,3,3,2,0,1,79,8,"Greater Western Sydney","2016",20
50,"Reid, Sam",6,2,4,10,1,0,0,3,1,3,0,1,0,0,0,5,6,0,2,2,0,2,78,8,"Greater Western Sydney","2016",20
9,"Scully, Tom",7,5,21,28,0,0,0,8,0,2,7,2,1,1,0,13,14,0,0,0,0,0,90,8,"Greater Western Sydney","2016",20
23,"Shaw, Heath",13,7,4,17,0,0,0,0,3,0,0,1,0,0,0,4,13,0,0,2,4,0,91,8,"Greater Western Sydney","2016",20
10,"Smith, Devon",14,4,5,19,1,3,0,5,1,5,1,2,0,0,0,5,14,0,1,1,6,1,79,8,"Greater Western Sydney","2016",20
20,"Tomlinson, Adam",8,5,1,9,0,0,0,1,1,0,0,2,0,1,0,0,9,0,0,6,0,0,90,8,"Greater Western Sydney","2016",20
8,"Ward, Callan",11,3,15,26,1,0,3,4,0,2,4,3,1,1,0,9,16,0,1,0,0,0,77,8,"Greater Western Sydney","2016",20
6,"Whitfield, Lachie",13,8,9,22,0,0,0,4,3,7,2,2,1,0,0,7,17,0,0,2,4,1,83,8,"Greater Western Sydney","2016",20
29,"Williams, Zac",16,5,8,24,0,1,0,3,3,5,2,3,1,1,0,10,15,3,0,0,1,0,73,8,"Greater Western Sydney","2016",20
16,"Wilson, Nathan",12,4,0,12,0,0,0,1,7,0,0,3,0,1,0,2,9,0,0,1,2,0,69,8,"Greater Western Sydney","2016",20
0,"Totals",224,100,177,401,14,8,59,74,33,53,44,55,8,18,2,147,259,18,13,43,20,12,0,8,"Greater Western Sydney","2016",20
