"Number","Player","Kicks","Marks","Handballs","Disposals","Goals","Behinds","Hitouts","Tackles","Rebounds50s","Inside50s","Clearances","Clangers","FreesFor","FreesAgainst","BrownlowVotes","ContestedPossessions","UncontestedPossessions","ContestedMarks","MarksInside50","OnePercenters","Bounces","GoalAssists","PercentagePlayed","PointDifference","Team","Season","Round"
24,"Biggs, Shane",14,4,6,20,0,0,0,2,2,3,0,1,0,0,0,5,17,0,0,4,1,0,87,14,"Western Bulldogs","2016",20
4,"Bontempelli, Marcus",15,8,4,19,1,0,0,9,0,2,2,2,2,1,3,9,9,3,1,1,0,1,86,14,"Western Bulldogs","2016",20
5,"Boyd, Matthew",13,6,9,22,0,0,0,3,6,4,1,1,0,0,0,7,12,1,0,0,0,1,75,14,"Western Bulldogs","2016",20
17,"Boyd, Tom",2,1,2,4,0,0,5,4,0,0,0,2,0,1,0,2,2,1,0,3,0,0,90,14,"Western Bulldogs","2016",20
12,"Cordy, Zaine",5,2,2,7,1,1,0,2,1,2,0,3,0,1,0,3,5,0,1,2,0,1,85,14,"Western Bulldogs","2016",20
6,"Dahlhaus, Luke",13,1,15,28,0,0,0,2,3,3,1,5,1,2,0,9,17,0,0,0,0,1,77,14,"Western Bulldogs","2016",20
35,"Daniel, Caleb",9,4,8,17,1,0,0,6,0,5,2,1,0,0,0,8,10,0,1,1,3,0,86,14,"Western Bulldogs","2016",20
29,"Dickson, Tory",13,7,5,18,1,0,0,2,2,4,0,7,0,3,0,3,14,1,1,0,0,0,89,14,"Western Bulldogs","2016",20
20,"Dunkley, Josh",9,4,10,19,0,1,1,4,1,3,3,5,1,2,0,7,13,0,0,1,0,0,85,14,"Western Bulldogs","2016",20
30,"Hamling, Joel",7,7,2,9,0,0,0,0,0,1,0,0,1,0,0,2,7,1,0,9,0,0,91,14,"Western Bulldogs","2016",20
13,"Hrovat, Nathan",7,5,7,14,1,0,0,4,1,1,2,0,0,0,0,4,10,0,1,1,0,0,76,14,"Western Bulldogs","2016",20
7,"Hunter, Lachie",11,5,10,21,1,1,0,1,1,4,1,2,2,2,0,7,14,0,1,1,0,2,88,14,"Western Bulldogs","2016",20
39,"Johannisen, Jason",15,6,7,22,1,0,0,2,4,8,3,2,2,0,2,8,14,1,0,2,2,0,82,14,"Western Bulldogs","2016",20
46,"Jong, Lin",7,4,11,18,0,0,1,3,3,3,3,0,1,0,0,11,6,0,0,0,0,0,87,14,"Western Bulldogs","2016",20
38,"Morris, Dale",7,6,2,9,0,0,0,2,1,0,0,2,1,1,0,4,5,1,0,6,0,0,85,14,"Western Bulldogs","2016",20
42,"Picken, Liam",10,1,8,18,0,0,0,7,2,4,1,5,2,2,0,6,12,0,0,1,0,1,88,14,"Western Bulldogs","2016",20
18,"Roberts, Fletcher",7,2,3,10,0,0,0,2,2,1,0,1,1,1,0,5,5,1,0,8,0,0,93,14,"Western Bulldogs","2016",20
23,"Roughead, Jordan",9,3,4,13,1,1,11,2,1,3,0,1,1,1,0,6,8,2,2,5,0,0,91,14,"Western Bulldogs","2016",20
14,"Smith, Clay",1,0,1,2,0,0,0,0,0,1,0,0,0,0,0,1,1,0,0,0,0,0,13,14,"Western Bulldogs","2016",20
9,"Stringer, Jake",7,6,5,12,1,1,0,1,2,1,1,3,0,1,0,6,7,1,3,2,0,0,79,14,"Western Bulldogs","2016",20
19,"Webb, Lukas",8,3,7,15,0,1,0,3,1,3,5,2,1,1,0,8,8,1,1,1,0,0,82,14,"Western Bulldogs","2016",20
10,"Wood, Easton",10,10,10,20,0,0,0,0,1,3,0,1,2,0,0,11,11,3,0,1,0,1,87,14,"Western Bulldogs","2016",20
0,"Rushed",0,0,0,0,0,1,0,0,0,0,0,0,0,0,0,0,0,0,0,0,0,0,0,14,"Western Bulldogs","2016",20
3,"Anderson, Jed",7,5,9,16,0,1,0,3,1,4,1,4,0,2,0,7,8,0,1,1,0,0,82,-14,"North Melbourne","2016",20
18,"Atley, Shaun",11,7,10,21,0,0,0,3,2,0,0,1,0,0,0,3,17,1,0,2,0,0,94,-14,"North Melbourne","2016",20
50,"Brown, Ben",5,3,1,6,1,0,1,0,1,0,0,0,2,0,0,2,4,1,1,0,0,0,27,-14,"North Melbourne","2016",20
13,"Clarke, Ryan",7,3,10,17,0,1,0,6,1,2,0,2,2,0,0,3,15,0,0,1,0,0,75,-14,"North Melbourne","2016",20
10,"Cunnington, Ben",10,5,17,27,0,0,0,5,3,1,2,4,1,2,0,11,16,0,0,2,0,0,71,-14,"North Melbourne","2016",20
15,"Dal Santo, Nick",13,6,16,29,0,0,0,0,2,2,6,1,0,1,0,10,20,0,0,3,2,1,86,-14,"North Melbourne","2016",20
38,"Daw, Majak",5,3,5,10,1,0,6,1,1,2,0,2,0,1,0,6,4,2,1,2,0,0,90,-14,"North Melbourne","2016",20
14,"Dumont, Trent",9,7,10,19,0,0,0,8,3,3,1,5,1,2,0,5,14,0,0,1,0,0,87,-14,"North Melbourne","2016",20
11,"Firrito, Michael",4,6,10,14,0,0,0,1,2,0,0,1,1,0,0,6,9,0,0,1,0,0,90,-14,"North Melbourne","2016",20
43,"Gibson, Sam",15,5,13,28,0,0,0,0,3,3,3,5,1,0,0,5,23,0,2,0,0,1,92,-14,"North Melbourne","2016",20
22,"Goldstein, Todd",8,5,11,19,1,0,35,3,1,1,2,3,3,1,0,10,8,1,0,3,0,1,84,-14,"North Melbourne","2016",20
29,"Harvey, Brent",12,5,8,20,1,0,0,3,1,6,0,1,0,0,0,3,17,0,1,1,4,0,86,-14,"North Melbourne","2016",20
34,"Macmillan, Jamie",16,8,14,30,0,0,0,0,6,2,0,1,1,0,0,5,23,0,0,3,1,0,94,-14,"North Melbourne","2016",20
2,"McKenzie, Brad",15,6,4,19,0,0,0,4,5,3,0,1,1,0,0,4,15,1,0,2,0,0,88,-14,"North Melbourne","2016",20
17,"Mullett, Aaron",12,7,5,17,0,1,0,1,3,1,0,0,1,0,0,3,14,0,0,1,0,0,71,-14,"North Melbourne","2016",20
20,"Petrie, Drew",6,2,4,10,0,2,1,2,0,2,0,0,1,0,0,2,9,0,0,5,0,1,98,-14,"North Melbourne","2016",20
9,"Swallow, Andrew",9,3,16,25,0,0,0,5,1,2,3,4,1,2,0,11,15,0,0,2,0,1,70,-14,"North Melbourne","2016",20
25,"Tarrant, Robbie",12,7,6,18,0,0,0,3,5,0,0,3,1,1,0,7,11,2,0,5,0,0,89,-14,"North Melbourne","2016",20
12,"Thomas, Lindsay",7,5,4,11,1,0,0,3,1,2,2,4,0,3,0,6,6,1,1,1,2,0,85,-14,"North Melbourne","2016",20
16,"Thompson, Scott",12,5,5,17,0,0,0,1,3,2,0,4,0,2,0,5,11,1,0,3,0,0,75,-14,"North Melbourne","2016",20
8,"Wells, Daniel",15,5,11,26,1,0,0,3,1,4,6,5,0,0,1,13,14,0,0,2,1,0,88,-14,"North Melbourne","2016",20
7,"Ziebell, Jack",15,3,7,22,1,0,1,3,5,3,5,5,2,1,0,9,14,0,0,0,0,0,77,-14,"North Melbourne","2016",20
0,"Totals",225,111,196,421,7,5,44,58,51,45,31,56,19,18,1,136,287,10,7,41,10,5,0,-14,"North Melbourne","2016",20
