"Number","Player","Kicks","Marks","Handballs","Disposals","Goals","Behinds","Hitouts","Tackles","Rebounds50s","Inside50s","Clearances","Clangers","FreesFor","FreesAgainst","BrownlowVotes","ContestedPossessions","UncontestedPossessions","ContestedMarks","MarksInside50","OnePercenters","Bounces","GoalAssists","PercentagePlayed","PointDifference","Team","Season","Round"
3,"Bartel, Jimmy",8,2,17,25,2,0,0,4,0,0,4,3,0,0,0,9,16,0,0,2,0,0,86,31,"Geelong","2016",12
46,"Blicavs, Mark",9,8,14,23,0,1,7,3,1,3,4,2,0,0,0,8,15,2,0,2,0,0,74,31,"Geelong","2016",12
23,"Caddy, Josh",7,3,12,19,1,1,0,1,0,2,3,5,1,1,0,8,10,1,1,1,2,1,89,31,"Geelong","2016",12
35,"Dangerfield, Patrick",27,13,21,48,2,1,0,3,4,11,13,4,3,1,3,23,25,3,1,1,2,1,81,31,"Geelong","2016",12
22,"Duncan, Mitch",11,8,12,23,1,2,0,5,1,3,2,1,2,0,0,8,15,0,1,1,0,4,76,31,"Geelong","2016",12
44,"Enright, Corey",13,5,5,18,0,0,0,0,3,3,2,1,0,0,0,6,12,1,0,2,1,0,89,31,"Geelong","2016",12
29,"Guthrie, Cameron",6,1,9,15,0,0,0,2,0,0,1,3,1,0,0,5,10,0,0,1,0,0,71,31,"Geelong","2016",12
25,"Henderson, Lachie",5,2,3,8,0,0,0,1,2,0,0,1,0,0,0,3,5,1,0,6,0,0,96,31,"Geelong","2016",12
39,"Kersten, Shane",8,5,6,14,3,1,0,2,0,5,0,3,0,2,0,4,11,1,3,1,0,1,80,31,"Geelong","2016",12
8,"Kolodjashnij, Jake",2,0,2,4,0,0,1,3,1,0,1,0,0,0,0,1,3,0,0,0,0,0,84,31,"Geelong","2016",12
11,"Lang, Darcy",6,2,5,11,1,0,1,0,0,4,0,1,1,1,0,2,9,0,0,1,0,1,72,31,"Geelong","2016",12
13,"Lonergan, Tom",4,2,5,9,0,0,0,0,3,2,0,0,1,0,0,4,5,0,0,1,0,1,84,31,"Geelong","2016",12
4,"Mackie, Andrew",12,6,6,18,0,0,0,1,2,1,0,1,1,0,0,3,14,1,0,0,0,0,87,31,"Geelong","2016",12
6,"McCarthy, Lincoln",2,1,6,8,0,1,0,4,0,1,1,2,0,2,0,4,4,0,1,1,0,1,78,31,"Geelong","2016",12
10,"Menzel, Daniel",13,6,1,14,4,1,0,0,0,6,0,3,0,0,0,8,7,3,2,1,0,1,88,31,"Geelong","2016",12
32,"Motlop, Steven",13,4,2,15,1,1,0,1,1,5,1,2,0,2,0,3,12,0,1,1,4,1,82,31,"Geelong","2016",12
21,"Murdoch, Jordan",6,2,2,8,0,1,0,2,0,2,1,1,0,0,0,3,5,0,0,0,2,0,76,31,"Geelong","2016",12
36,"Ruggles, Tom",10,3,8,18,0,0,0,2,2,1,1,1,2,0,0,9,10,0,0,1,0,0,69,31,"Geelong","2016",12
14,"Selwood, Joel",17,8,21,38,0,1,0,5,2,2,8,3,3,3,2,17,21,1,0,1,0,0,79,31,"Geelong","2016",12
9,"Smith, Zac",11,2,6,17,0,1,17,3,2,3,3,3,3,2,0,8,11,0,1,3,0,1,81,31,"Geelong","2016",12
1,"Stanley, Rhys",3,0,3,6,0,0,9,1,0,1,2,5,0,4,0,3,3,0,0,2,0,0,83,31,"Geelong","2016",12
7,"Taylor, Harry",14,11,7,21,0,0,0,3,4,2,0,1,0,1,0,5,15,3,0,2,2,0,95,31,"Geelong","2016",12
0,"Rushed",0,0,0,0,0,3,0,0,0,0,0,0,0,0,0,0,0,0,0,0,0,0,0,31,"Geelong","2016",12
18,"Atley, Shaun",8,4,6,14,0,0,0,1,4,1,1,1,1,1,0,2,11,0,0,1,1,1,75,-31,"North Melbourne","2016",12
50,"Brown, Ben",8,8,2,10,0,0,5,1,0,4,0,2,0,1,0,4,6,3,0,1,0,0,79,-31,"North Melbourne","2016",12
10,"Cunnington, Ben",3,0,6,9,0,0,0,2,0,1,4,0,0,0,0,6,3,0,0,0,0,1,57,-31,"North Melbourne","2016",12
15,"Dal Santo, Nick",8,4,13,21,0,0,0,2,1,1,2,4,1,1,0,9,12,0,0,0,0,0,82,-31,"North Melbourne","2016",12
11,"Firrito, Michael",8,1,1,9,0,0,0,0,2,3,0,2,1,2,0,0,9,0,0,4,0,0,88,-31,"North Melbourne","2016",12
43,"Gibson, Sam",19,9,15,34,0,0,0,4,0,7,4,2,2,0,0,11,22,1,0,0,0,2,94,-31,"North Melbourne","2016",12
22,"Goldstein, Todd",4,4,9,13,0,0,38,4,0,1,4,3,1,2,0,6,7,0,0,0,0,0,84,-31,"North Melbourne","2016",12
29,"Harvey, Brent",10,5,6,16,4,0,0,2,0,0,2,1,1,1,0,2,12,0,4,0,2,0,88,-31,"North Melbourne","2016",12
34,"Macmillan, Jamie",9,7,13,22,0,0,0,1,2,4,0,1,0,0,0,6,16,0,0,2,0,2,90,-31,"North Melbourne","2016",12
21,"McDonald, Luke",6,3,5,11,1,0,0,2,3,0,0,0,1,0,0,5,6,0,0,4,1,0,87,-31,"North Melbourne","2016",12
2,"McKenzie, Brad",7,2,2,9,0,0,0,1,2,1,0,3,0,1,0,2,6,0,0,2,0,0,87,-31,"North Melbourne","2016",12
17,"Mullett, Aaron",12,4,1,13,0,1,0,0,4,3,1,3,0,2,0,1,12,0,0,1,0,1,79,-31,"North Melbourne","2016",12
28,"Nahas, Robin",2,0,1,3,0,0,0,2,1,1,0,1,1,1,0,2,3,0,0,1,0,0,80,-31,"North Melbourne","2016",12
20,"Petrie, Drew",5,6,4,9,2,0,0,2,0,2,0,1,0,1,0,3,6,1,2,3,0,0,92,-31,"North Melbourne","2016",12
9,"Swallow, Andrew",1,0,3,4,0,0,0,2,0,0,1,1,0,0,0,3,1,0,0,0,0,0,19,-31,"North Melbourne","2016",12
25,"Tarrant, Robbie",12,11,7,19,0,0,0,1,9,0,0,2,2,2,0,7,12,2,0,5,0,0,97,-31,"North Melbourne","2016",12
12,"Thomas, Lindsay",10,4,3,13,1,1,1,3,0,4,2,3,0,1,0,4,9,0,2,0,0,1,91,-31,"North Melbourne","2016",12
16,"Thompson, Scott",9,5,7,16,0,0,0,0,1,4,0,0,4,0,0,7,9,0,0,4,0,0,92,-31,"North Melbourne","2016",12
30,"Waite, Jarrad",7,6,4,11,0,0,0,1,0,0,0,2,0,0,0,2,9,0,1,0,0,0,90,-31,"North Melbourne","2016",12
8,"Wells, Daniel",17,5,14,31,0,0,0,4,8,3,7,1,1,0,1,11,21,0,0,1,0,1,87,-31,"North Melbourne","2016",12
32,"Wood, Mason",7,6,5,12,2,0,0,1,0,1,0,0,0,0,0,7,5,2,2,1,0,1,80,-31,"North Melbourne","2016",12
7,"Ziebell, Jack",17,2,5,22,2,0,0,5,2,2,5,4,3,2,0,7,14,0,0,1,0,0,82,-31,"North Melbourne","2016",12
0,"Totals",189,96,132,321,12,2,44,41,39,43,33,37,19,18,1,107,211,9,11,31,4,10,0,-31,"North Melbourne","2016",12
