"Number","Player","Kicks","Marks","Handballs","Disposals","Goals","Behinds","Hitouts","Tackles","Rebounds50s","Inside50s","Clearances","Clangers","FreesFor","FreesAgainst","BrownlowVotes","ContestedPossessions","UncontestedPossessions","ContestedMarks","MarksInside50","OnePercenters","Bounces","GoalAssists","PercentagePlayed","PointDifference","Team","Season","Round"
9,"Ablett, Gary",10,0,8,18,1,0,0,3,3,3,10,4,2,1,0,15,4,0,0,1,0,0,71,26,"Gold Coast","2016",16
13,"Ah Chee, Callum",8,3,6,14,2,1,0,2,0,2,1,3,0,2,0,4,9,0,1,1,0,2,76,26,"Gold Coast","2016",16
39,"Davis, Ryan",10,1,2,12,2,2,0,5,0,3,2,2,2,1,0,9,3,0,0,1,0,1,82,26,"Gold Coast","2016",16
12,"Day, Sam",8,5,6,14,0,0,3,1,3,2,0,5,1,2,0,6,9,1,0,2,0,0,92,26,"Gold Coast","2016",16
41,"Garlett, Jarrod",7,5,3,10,1,1,0,8,0,2,1,4,2,1,0,6,6,0,1,1,0,0,76,26,"Gold Coast","2016",16
33,"Hall, Aaron",20,3,9,29,0,1,0,6,0,8,7,7,1,2,0,13,17,0,0,2,2,1,77,26,"Gold Coast","2016",16
5,"Harbrow, Jarrod",16,12,11,27,0,0,0,4,8,1,1,4,0,1,2,7,19,1,0,2,2,0,87,26,"Gold Coast","2016",16
38,"Joyce, Jesse",6,2,0,6,0,0,0,0,1,1,0,2,0,1,0,0,7,0,0,3,0,0,76,26,"Gold Coast","2016",16
28,"Kolodjashnij, Kade",4,3,12,16,0,0,0,2,2,0,0,1,0,1,0,2,15,0,0,0,0,0,90,26,"Gold Coast","2016",16
19,"Lynch, Tom",8,7,4,12,5,0,0,2,0,2,0,2,0,2,0,6,6,3,5,0,0,2,98,26,"Gold Coast","2016",16
7,"Malceski, Nick",11,6,8,19,0,0,0,4,2,2,0,4,0,2,0,3,15,0,0,1,0,2,78,26,"Gold Coast","2016",16
4,"Martin, Jack",14,9,15,29,0,0,0,4,5,2,0,3,0,0,0,7,22,1,0,3,3,0,79,26,"Gold Coast","2016",16
32,"Matera, Brandon",11,5,6,17,3,0,0,1,0,3,1,1,1,0,0,7,12,0,1,3,1,1,87,26,"Gold Coast","2016",16
17,"May, Steven",11,9,7,18,0,0,1,1,3,1,0,2,1,0,0,1,16,0,0,11,0,0,98,26,"Gold Coast","2016",16
11,"Miller, Touk",12,6,15,27,1,0,0,11,2,3,3,4,4,1,1,14,14,0,0,0,0,1,80,26,"Gold Coast","2016",16
22,"Nicholls, Tom",5,2,11,16,0,0,31,7,1,0,3,3,1,1,0,11,4,1,0,3,0,0,91,26,"Gold Coast","2016",16
10,"Prestia, Dion",14,5,17,31,0,0,0,8,2,6,7,4,3,2,0,14,16,0,0,0,1,1,88,26,"Gold Coast","2016",16
35,"Rischitelli, Michael",0,0,0,0,0,0,0,0,0,0,0,0,0,0,0,0,0,0,0,0,0,0,4,26,"Gold Coast","2016",16
6,"Sexton, Alex",10,2,7,17,2,0,0,1,0,4,1,2,1,1,0,5,11,0,1,0,0,1,90,26,"Gold Coast","2016",16
26,"Shaw, Matt",11,3,9,20,0,0,0,2,4,3,2,1,1,0,0,7,13,0,0,0,0,1,88,26,"Gold Coast","2016",16
16,"Thompson, Rory",8,8,4,12,0,0,0,1,3,0,0,0,0,0,0,2,10,0,0,5,0,0,96,26,"Gold Coast","2016",16
30,"Wright, Peter",13,12,7,20,5,1,6,1,1,2,1,2,1,0,3,8,12,4,6,2,0,3,95,26,"Gold Coast","2016",16
0,"Rushed",0,0,0,0,0,1,0,0,0,0,0,0,0,0,0,0,0,0,0,0,0,0,0,26,"Gold Coast","2016",16
31,"Andrews, Harris",6,3,4,10,2,1,3,3,2,0,0,3,1,1,0,6,4,2,2,3,0,0,89,-26,"Brisbane Lions","2016",16
4,"Bastinac, Ryan",7,0,5,12,0,1,0,3,0,4,0,0,0,0,0,3,10,0,0,0,0,3,78,-26,"Brisbane Lions","2016",16
8,"Bewick, Rohan",12,3,3,15,1,0,0,4,1,1,3,4,0,0,0,5,9,0,1,0,0,0,79,-26,"Brisbane Lions","2016",16
27,"Gardiner, Darcy",1,1,7,8,0,0,0,0,0,0,1,1,0,0,0,5,3,0,0,3,0,0,77,-26,"Brisbane Lions","2016",16
6,"Green, Josh",8,4,9,17,1,3,0,1,1,3,1,3,0,1,0,6,11,0,1,1,0,1,83,-26,"Brisbane Lions","2016",16
40,"Hammelmann, Matthew",5,3,5,10,0,0,0,2,2,3,0,4,1,2,0,7,4,1,0,3,0,0,91,-26,"Brisbane Lions","2016",16
11,"Hanley, Pearce",12,5,11,23,0,1,2,4,1,3,7,6,0,3,0,9,14,0,0,0,0,1,80,-26,"Brisbane Lions","2016",16
30,"Hipwood, Eric",8,3,2,10,4,1,1,0,0,2,0,1,1,0,0,6,4,2,2,1,0,0,87,-26,"Brisbane Lions","2016",16
16,"Jansen, Jarrad",4,2,10,14,2,0,0,4,0,2,2,1,1,0,0,6,9,0,1,3,0,0,71,-26,"Brisbane Lions","2016",16
35,"Lester, Ryan",8,4,10,18,1,1,0,2,3,1,3,1,0,0,0,9,8,2,1,5,0,0,85,-26,"Brisbane Lions","2016",16
12,"Martin, Stefan",13,5,6,19,0,1,30,2,3,7,3,4,1,2,0,8,10,0,0,3,0,1,90,-26,"Brisbane Lions","2016",16
36,"Mathieson, Rhys",10,1,14,24,0,0,0,4,0,7,5,4,2,3,0,10,13,0,0,0,0,0,67,-26,"Brisbane Lions","2016",16
32,"Mayes, Sam",16,3,5,21,0,0,0,4,3,4,0,6,2,1,0,4,18,0,0,2,0,0,80,-26,"Brisbane Lions","2016",16
25,"McStay, Daniel",5,4,6,11,2,0,2,1,1,0,0,0,1,0,0,6,4,1,1,6,0,0,85,-26,"Brisbane Lions","2016",16
21,"Merrett, Daniel",4,4,5,9,0,0,0,0,3,1,0,2,2,1,0,3,5,1,0,10,0,0,93,-26,"Brisbane Lions","2016",16
10,"Rich, Daniel",7,3,5,12,2,0,0,2,0,5,0,0,1,0,0,4,7,1,1,0,0,0,69,-26,"Brisbane Lions","2016",16
5,"Robinson, Mitch",9,5,12,21,0,0,1,8,0,4,4,4,2,3,0,6,16,0,1,2,0,1,84,-26,"Brisbane Lions","2016",16
38,"Rockliff, Tom",7,1,21,28,0,0,0,10,0,3,3,4,1,2,0,12,16,0,0,0,0,1,83,-26,"Brisbane Lions","2016",16
23,"Schache, Josh",5,2,3,8,1,1,0,0,0,1,0,2,0,1,0,7,3,0,2,1,0,2,88,-26,"Brisbane Lions","2016",16
28,"Taylor, Lewis",4,3,7,11,0,0,0,3,0,1,0,3,1,1,0,3,8,0,1,0,0,2,78,-26,"Brisbane Lions","2016",16
47,"William, Reuben",5,2,8,13,0,0,0,3,2,3,0,1,1,0,0,6,7,1,0,0,1,0,80,-26,"Brisbane Lions","2016",16
15,"Zorko, Dayne",8,1,11,19,1,0,0,8,0,4,2,0,3,0,0,7,10,0,0,1,0,0,84,-26,"Brisbane Lions","2016",16
0,"Rushed",0,0,0,0,0,1,0,0,0,0,0,0,0,0,0,0,0,0,0,0,0,0,0,-26,"Brisbane Lions","2016",16
