"Number","Player","Kicks","Marks","Handballs","Disposals","Goals","Behinds","Hitouts","Tackles","Rebounds50s","Inside50s","Clearances","Clangers","FreesFor","FreesAgainst","BrownlowVotes","ContestedPossessions","UncontestedPossessions","ContestedMarks","MarksInside50","OnePercenters","Bounces","GoalAssists","PercentagePlayed","PointDifference","Team","Season","Round"
14,"Aish, James",10,5,6,16,1,0,0,4,1,2,0,2,0,0,0,5,11,0,1,2,0,0,74,48,"Collingwood","2016",14
11,"Blair, Jarryd",8,2,11,19,0,1,0,7,0,2,0,0,2,0,0,11,6,0,1,1,0,2,82,48,"Collingwood","2016",14
16,"Brown, Nathan",4,5,8,12,0,0,0,2,4,0,0,0,0,0,0,3,9,0,0,16,1,0,89,48,"Collingwood","2016",14
32,"Cloke, Travis",11,7,3,14,2,2,1,2,0,4,0,3,1,1,0,5,8,2,2,0,0,0,93,48,"Collingwood","2016",14
46,"Cox, Mason",5,3,5,10,2,0,7,4,0,1,0,3,0,3,0,7,2,3,1,2,0,0,78,48,"Collingwood","2016",14
25,"Crisp, Jack",13,2,11,24,0,0,1,4,2,6,7,3,2,0,0,14,10,1,0,1,2,1,87,48,"Collingwood","2016",14
2,"de Goey, Jordan",8,4,8,16,1,0,0,5,1,3,2,6,1,0,0,5,11,0,0,1,0,0,77,48,"Collingwood","2016",14
19,"Greenwood, Levi",9,0,7,16,1,1,0,12,0,3,5,6,3,4,0,9,9,0,0,1,0,0,85,48,"Collingwood","2016",14
4,"Grundy, Brodie",9,4,9,18,0,0,34,4,1,2,6,3,4,2,0,11,8,1,0,2,0,1,81,48,"Collingwood","2016",14
38,"Howe, Jeremy",14,4,6,20,0,0,0,1,3,1,0,3,1,2,0,6,14,1,0,7,2,0,89,48,"Collingwood","2016",14
17,"Marsh, Jonathon",12,8,5,17,0,0,0,2,5,1,0,1,3,0,0,10,9,2,0,8,0,0,89,48,"Collingwood","2016",14
37,"Maynard, Brayden",18,12,4,22,0,1,0,6,3,3,0,1,0,0,0,4,18,1,1,2,0,1,84,48,"Collingwood","2016",14
10,"Pendlebury, Scott",13,1,12,25,0,0,0,5,1,5,6,3,0,1,1,9,15,0,0,0,0,0,80,48,"Collingwood","2016",14
21,"Phillips, Tom",13,6,6,19,1,3,0,3,0,6,0,1,2,0,0,5,15,0,1,2,0,2,68,48,"Collingwood","2016",14
20,"Reid, Ben",16,12,6,22,0,0,0,0,1,5,0,3,0,1,2,7,15,2,0,2,0,0,84,48,"Collingwood","2016",14
22,"Sidebottom, Steele",10,4,14,24,0,1,0,3,2,2,2,1,1,0,0,12,12,1,1,0,0,0,83,48,"Collingwood","2016",14
28,"Sinclair, Ben",10,5,7,17,0,0,0,3,3,2,0,0,0,0,0,3,15,1,0,2,0,0,82,48,"Collingwood","2016",14
40,"Smith, Josh",12,4,13,25,1,0,0,4,4,2,2,1,0,0,0,4,21,0,0,0,0,0,76,48,"Collingwood","2016",14
7,"Treloar, Adam",17,3,16,33,1,0,0,7,1,4,6,6,1,0,3,14,19,0,1,0,0,1,74,48,"Collingwood","2016",14
18,"Varcoe, Travis",4,3,4,8,0,0,0,5,0,4,0,2,0,0,0,3,4,0,2,1,0,0,78,48,"Collingwood","2016",14
9,"White, Jesse",7,3,3,10,2,0,1,1,0,2,0,2,0,0,0,2,8,0,2,0,0,1,85,48,"Collingwood","2016",14
26,"Williams, Marley",14,5,4,18,0,0,0,1,0,5,0,0,0,0,0,5,13,0,0,2,0,0,83,48,"Collingwood","2016",14
0,"Rushed",0,0,0,0,0,4,0,0,0,0,0,0,0,0,0,0,0,0,0,0,0,0,0,48,"Collingwood","2016",14
1,"Ballantyne, Hayden",7,4,6,13,2,0,0,5,1,2,1,3,1,1,0,4,8,0,2,0,0,0,82,-48,"Fremantle","2016",14
21,"Barlow, Michael",11,4,20,31,0,0,1,6,3,1,2,2,0,1,0,15,15,1,0,1,0,1,74,-48,"Fremantle","2016",14
19,"Blakely, Connor",10,1,14,24,0,2,1,1,3,3,5,4,2,1,0,10,13,0,0,2,0,0,64,-48,"Fremantle","2016",14
30,"Clarke, Zac",3,3,8,11,0,0,15,3,0,1,2,4,1,3,0,4,6,0,0,3,0,0,84,-48,"Fremantle","2016",14
40,"Collins, Sam",8,6,10,18,0,0,0,4,2,1,0,0,3,0,0,8,10,2,0,8,0,0,90,-48,"Fremantle","2016",14
17,"Crozier, Hayden",18,3,5,23,0,0,0,4,9,2,1,1,0,0,0,6,16,0,0,3,0,0,90,-48,"Fremantle","2016",14
3,"Dawson, Zac",3,5,11,14,0,0,2,4,2,0,0,2,0,1,0,8,5,2,0,11,0,0,96,-48,"Fremantle","2016",14
38,"Hannath, Jack",1,1,2,3,0,0,10,5,1,0,1,3,1,2,0,2,2,1,0,3,0,0,76,-48,"Fremantle","2016",14
32,"Hill, Stephen",16,1,9,25,0,0,1,5,3,6,5,3,1,0,0,9,16,0,0,1,0,0,85,-48,"Fremantle","2016",14
23,"Mayne, Chris",2,3,4,6,0,1,0,4,0,0,0,3,0,1,0,1,6,1,1,0,0,0,80,-48,"Fremantle","2016",14
16,"Mundy, David",5,2,13,18,0,0,1,5,2,0,2,0,0,0,0,9,9,1,0,3,0,0,89,-48,"Fremantle","2016",14
27,"Neale, Lachie",5,3,22,27,0,0,0,6,1,3,4,5,1,2,0,14,14,0,0,0,0,1,82,-48,"Fremantle","2016",14
29,"Pavlich, Matthew",8,1,8,16,2,2,0,2,0,4,1,0,1,0,0,9,6,1,1,2,0,1,81,-48,"Fremantle","2016",14
6,"Pearce, Danyle",17,4,4,21,0,0,0,1,4,3,0,1,0,0,0,7,14,0,0,1,1,0,82,-48,"Fremantle","2016",14
11,"Sheridan, Tom",9,1,11,20,0,0,1,0,4,2,1,2,0,1,0,3,16,0,0,2,0,0,86,-48,"Fremantle","2016",14
34,"Spurr, Lee",5,2,5,10,0,0,0,1,3,1,1,1,0,0,0,5,5,0,0,4,0,0,86,-48,"Fremantle","2016",14
8,"Suban, Nick",7,0,1,8,0,0,0,10,4,2,0,6,1,4,0,5,4,0,0,2,0,1,72,-48,"Fremantle","2016",14
33,"Sutcliffe, Cam",8,5,6,14,0,0,0,4,4,0,1,3,0,0,0,0,13,0,0,2,0,0,92,-48,"Fremantle","2016",14
20,"Taberner, Matthew",8,3,5,13,0,0,3,3,0,1,0,4,0,3,0,5,7,1,1,0,0,0,89,-48,"Fremantle","2016",14
18,"Tucker, Darcy",3,2,5,8,0,0,0,5,0,1,1,1,0,1,0,4,5,1,0,1,0,0,61,-48,"Fremantle","2016",14
10,"Walters, Michael",20,6,8,28,1,1,0,4,1,4,2,3,2,0,0,8,20,0,1,0,0,0,82,-48,"Fremantle","2016",14
14,"Weller, Lachie",5,2,3,8,0,1,0,6,0,0,0,2,0,0,0,2,6,0,0,0,0,0,77,-48,"Fremantle","2016",14
0,"Totals",179,62,180,359,5,7,35,88,47,37,30,53,14,21,0,138,216,11,6,49,1,4,0,-48,"Fremantle","2016",14
