"Number","Player","Kicks","Marks","Handballs","Disposals","Goals","Behinds","Hitouts","Tackles","Rebounds50s","Inside50s","Clearances","Clangers","FreesFor","FreesAgainst","BrownlowVotes","ContestedPossessions","UncontestedPossessions","ContestedMarks","MarksInside50","OnePercenters","Bounces","GoalAssists","PercentagePlayed","PointDifference","Team","Season","Round"
13,"Adams, Taylor",14,8,9,23,0,0,0,2,2,3,1,4,1,2,0,12,14,0,0,2,0,1,90,24,"Collingwood","2016",9
11,"Blair, Jarryd",3,3,7,10,0,0,0,7,0,0,0,5,3,4,0,6,7,0,0,1,0,0,82,24,"Collingwood","2016",9
46,"Cox, Mason",4,3,5,9,2,0,4,1,0,1,2,3,0,0,0,6,4,1,1,3,1,1,88,24,"Collingwood","2016",9
25,"Crisp, Jack",14,4,10,24,1,0,1,8,2,8,5,6,1,2,0,10,14,0,0,0,1,4,68,24,"Collingwood","2016",9
39,"Crocker, Ben",5,2,2,7,1,0,0,0,0,3,0,2,2,1,0,3,4,0,1,1,0,0,63,24,"Collingwood","2016",9
2,"de Goey, Jordan",10,5,12,22,1,0,0,2,2,3,5,3,1,2,0,11,13,0,0,0,0,0,85,24,"Collingwood","2016",9
1,"Fasolo, Alex",5,2,5,10,2,0,0,6,0,1,0,2,0,2,0,2,8,0,1,1,0,1,83,24,"Collingwood","2016",9
45,"Frost, Jack",4,3,6,10,0,0,0,4,3,0,0,1,1,0,0,4,6,0,0,4,1,0,94,24,"Collingwood","2016",9
19,"Greenwood, Levi",13,2,8,21,0,0,0,4,2,2,1,6,1,2,0,7,14,0,0,0,0,1,79,24,"Collingwood","2016",9
4,"Grundy, Brodie",15,4,5,20,2,0,13,3,3,2,6,3,2,0,0,14,7,0,2,2,1,0,82,24,"Collingwood","2016",9
38,"Howe, Jeremy",17,11,5,22,0,0,0,1,4,3,0,3,2,2,0,7,14,1,0,4,0,0,84,24,"Collingwood","2016",9
37,"Maynard, Brayden",11,3,3,14,0,0,0,0,3,0,0,4,0,1,0,5,8,0,0,4,0,0,86,24,"Collingwood","2016",9
30,"Moore, Darcy",7,6,5,12,1,1,1,2,0,3,0,2,1,0,0,4,8,2,1,2,0,0,78,24,"Collingwood","2016",9
43,"Oxley, Adam",10,6,4,14,0,0,0,3,3,4,0,3,0,1,0,3,11,0,0,0,0,0,81,24,"Collingwood","2016",9
10,"Pendlebury, Scott",11,6,15,26,3,0,0,4,4,0,4,2,2,1,2,13,14,0,2,1,0,2,76,24,"Collingwood","2016",9
20,"Reid, Ben",12,8,2,14,0,0,0,1,2,0,0,0,1,0,0,3,12,0,0,7,0,0,85,24,"Collingwood","2016",9
22,"Sidebottom, Steele",21,9,10,31,0,0,0,5,3,2,2,2,1,0,3,10,20,1,0,2,2,1,90,24,"Collingwood","2016",9
40,"Smith, Josh",7,2,10,17,0,0,0,0,1,0,2,1,2,1,0,9,8,0,0,3,0,0,71,24,"Collingwood","2016",9
34,"Toovey, Alan",6,3,7,13,0,0,0,1,1,0,0,1,1,0,0,6,8,0,0,3,0,0,92,24,"Collingwood","2016",9
7,"Treloar, Adam",10,5,19,29,1,1,0,8,1,5,2,2,0,2,1,9,18,0,1,0,0,2,85,24,"Collingwood","2016",9
18,"Varcoe, Travis",10,2,2,12,0,2,0,5,1,4,0,3,3,0,0,5,8,0,0,2,2,1,74,24,"Collingwood","2016",9
9,"White, Jesse",8,5,2,10,2,0,2,3,1,2,1,1,1,0,0,4,6,1,1,0,0,0,87,24,"Collingwood","2016",9
0,"Rushed",0,0,0,0,0,4,0,0,0,0,0,0,0,0,0,0,0,0,0,0,0,0,0,24,"Collingwood","2016",9
3,"Bartel, Jimmy",17,7,6,23,0,1,0,4,2,1,2,2,3,2,0,9,15,1,1,4,0,0,92,-24,"Geelong","2016",9
24,"Bews, Jed",7,6,5,12,0,0,0,3,5,1,0,3,1,2,0,3,10,0,0,7,0,0,81,-24,"Geelong","2016",9
46,"Blicavs, Mark",7,4,10,17,0,0,11,7,1,3,1,1,1,1,0,8,10,1,0,1,0,0,81,-24,"Geelong","2016",9
23,"Caddy, Josh",10,5,11,21,1,1,2,6,1,2,5,5,2,1,0,13,7,0,1,0,0,0,77,-24,"Geelong","2016",9
35,"Dangerfield, Patrick",11,9,10,21,0,2,0,7,0,4,3,5,0,1,0,10,12,2,2,2,0,2,78,-24,"Geelong","2016",9
22,"Duncan, Mitch",15,6,10,25,1,1,0,8,1,6,2,5,3,1,0,9,17,0,0,3,0,0,77,-24,"Geelong","2016",9
44,"Enright, Corey",11,5,8,19,0,0,0,1,1,0,2,2,1,2,0,3,14,0,0,4,0,0,84,-24,"Geelong","2016",9
28,"Gregson, Cory",5,2,8,13,0,0,0,7,0,3,1,3,1,2,0,7,6,0,0,0,0,1,76,-24,"Geelong","2016",9
29,"Guthrie, Cameron",5,3,14,19,0,0,0,7,1,3,2,4,0,3,0,5,15,0,0,2,0,0,82,-24,"Geelong","2016",9
26,"Hawkins, Tom",9,5,3,12,4,1,0,4,0,1,0,4,1,1,0,8,4,3,3,2,0,1,95,-24,"Geelong","2016",9
25,"Henderson, Lachie",9,6,5,14,0,0,0,4,1,1,0,4,0,2,0,5,9,1,0,10,2,1,100,-24,"Geelong","2016",9
33,"Horlin-Smith, George",5,1,4,9,0,0,0,2,1,2,2,0,0,0,0,3,6,0,0,1,0,0,66,-24,"Geelong","2016",9
39,"Kersten, Shane",4,4,2,6,0,1,0,3,1,3,0,2,1,0,0,3,4,1,1,3,3,1,83,-24,"Geelong","2016",9
11,"Lang, Darcy",14,6,9,23,1,0,0,3,2,4,2,0,2,0,0,10,13,1,2,1,0,0,76,-24,"Geelong","2016",9
4,"Mackie, Andrew",8,3,10,18,0,0,0,3,1,3,1,1,0,0,0,4,13,0,1,3,0,0,84,-24,"Geelong","2016",9
10,"Menzel, Daniel",8,6,7,15,1,1,0,1,1,1,0,2,0,0,0,6,8,2,2,0,0,0,89,-24,"Geelong","2016",9
32,"Motlop, Steven",7,3,5,12,1,2,0,2,0,3,1,1,1,0,0,3,8,0,1,1,0,0,89,-24,"Geelong","2016",9
36,"Ruggles, Tom",10,6,6,16,0,1,0,0,4,1,0,1,0,1,0,2,13,0,1,0,0,0,76,-24,"Geelong","2016",9
14,"Selwood, Joel",13,1,5,18,0,0,1,6,0,7,6,5,5,4,0,11,8,0,0,2,0,1,80,-24,"Geelong","2016",9
9,"Smith, Zac",4,0,6,10,1,0,12,4,0,3,2,3,1,0,0,10,0,0,0,3,0,0,63,-24,"Geelong","2016",9
1,"Stanley, Rhys",5,3,3,8,1,0,12,2,0,2,0,3,0,2,0,3,6,1,2,1,1,0,74,-24,"Geelong","2016",9
7,"Taylor, Harry",8,5,2,10,0,0,0,1,1,0,0,2,0,1,0,3,7,2,0,2,0,0,96,-24,"Geelong","2016",9
0,"Rushed",0,0,0,0,0,3,0,0,0,0,0,0,0,0,0,0,0,0,0,0,0,0,0,-24,"Geelong","2016",9
