"Number","Player","Kicks","Marks","Handballs","Disposals","Goals","Behinds","Hitouts","Tackles","Rebounds50s","Inside50s","Clearances","Clangers","FreesFor","FreesAgainst","BrownlowVotes","ContestedPossessions","UncontestedPossessions","ContestedMarks","MarksInside50","OnePercenters","Bounces","GoalAssists","PercentagePlayed","PointDifference","Team","Season","Round"
37,"Barrass, Tom",5,3,3,8,0,0,0,4,1,1,0,2,1,0,0,3,5,0,0,7,0,0,84,32,"West Coast","2016",16
1,"Brown, Mitch",2,2,7,9,0,0,2,3,0,2,1,3,2,1,0,7,4,1,0,2,0,1,67,32,"West Coast","2016",16
26,"Butler, Sam",10,5,5,15,0,0,0,1,1,3,1,2,2,2,0,6,10,1,0,2,0,0,90,32,"West Coast","2016",16
15,"Cripps, Jamie",10,8,3,13,3,0,0,1,1,4,2,2,1,1,0,4,9,0,3,0,0,1,80,32,"West Coast","2016",16
27,"Darling, Jack",4,4,3,7,1,1,0,1,0,1,0,2,1,1,0,5,2,4,1,3,0,0,89,32,"West Coast","2016",16
3,"Gaff, Andrew",18,5,8,26,1,0,0,3,2,6,2,4,1,2,0,5,23,0,0,0,1,1,90,32,"West Coast","2016",16
33,"Hill, Josh",6,2,3,9,0,0,0,7,2,1,1,3,1,1,0,4,5,0,0,2,0,0,77,32,"West Coast","2016",16
25,"Hurn, Shannon",16,9,3,19,1,0,0,2,5,1,1,0,1,0,0,3,14,0,0,3,0,0,81,32,"West Coast","2016",16
34,"Hutchings, Mark",5,1,6,11,0,0,0,2,0,3,2,3,0,3,0,4,8,0,0,1,0,1,73,32,"West Coast","2016",16
23,"Jetta, Lewis",7,4,2,9,0,0,0,4,2,0,2,0,1,0,0,2,7,0,0,0,0,0,69,32,"West Coast","2016",16
17,"Kennedy, Josh",12,8,3,15,4,4,0,2,0,2,0,4,2,1,1,6,9,1,5,1,0,0,100,32,"West Coast","2016",16
2,"LeCras, Mark",15,6,5,20,2,1,0,3,1,4,3,3,2,0,0,6,14,0,1,0,0,1,86,32,"West Coast","2016",16
29,"Lycett, Scott",8,4,4,12,1,0,28,5,0,2,3,4,1,2,0,5,5,0,0,1,0,0,74,32,"West Coast","2016",16
7,"Masten, Chris",13,9,10,23,1,0,0,1,2,3,2,1,1,1,0,5,20,0,1,0,0,1,85,32,"West Coast","2016",16
35,"McGinnity, Patrick",6,2,4,10,1,0,0,2,0,3,2,2,0,2,0,2,7,0,1,0,0,0,72,32,"West Coast","2016",16
20,"McGovern, Jeremy",10,6,4,14,0,0,0,1,4,0,0,2,0,1,0,9,5,5,0,7,0,0,85,32,"West Coast","2016",16
11,"Priddis, Matt",13,0,12,25,0,0,0,12,4,3,5,5,0,2,2,16,11,0,0,2,0,1,84,32,"West Coast","2016",16
31,"Schofield, Will",10,4,4,14,0,0,0,3,2,0,0,0,1,0,0,5,6,0,0,4,1,0,89,32,"West Coast","2016",16
5,"Sheppard, Brad",10,6,3,13,0,0,0,6,0,1,0,3,3,1,0,5,10,0,0,4,0,0,85,32,"West Coast","2016",16
13,"Shuey, Luke",15,3,14,29,0,0,1,5,3,3,9,5,2,2,3,16,13,0,0,1,0,3,81,32,"West Coast","2016",16
12,"Wellingham, Sharrod",8,5,7,15,0,0,0,4,3,1,1,2,2,1,0,6,8,0,0,4,0,1,86,32,"West Coast","2016",16
6,"Yeo, Elliot",12,6,5,17,1,2,1,5,0,4,4,2,2,0,0,9,9,1,1,2,0,0,74,32,"West Coast","2016",16
0,"Totals",215,102,118,333,16,8,32,77,33,48,41,54,27,24,6,133,204,13,13,46,2,11,0,32,"West Coast","2016",16
3,"Anderson, Jed",7,4,4,11,1,0,0,2,1,2,2,2,1,2,0,4,6,0,1,2,0,0,71,-32,"North Melbourne","2016",16
18,"Atley, Shaun",12,6,6,18,0,0,0,1,2,0,1,3,2,2,0,4,14,0,0,0,0,0,88,-32,"North Melbourne","2016",16
50,"Brown, Ben",8,5,6,14,4,0,3,3,0,4,0,2,0,1,0,11,3,5,2,2,0,0,92,-32,"North Melbourne","2016",16
13,"Clarke, Ryan",11,2,10,21,0,0,0,0,1,4,4,0,1,0,0,5,17,1,0,1,0,0,68,-32,"North Melbourne","2016",16
10,"Cunnington, Ben",7,1,12,19,0,0,0,5,4,0,8,4,1,1,0,12,7,0,0,0,0,0,75,-32,"North Melbourne","2016",16
14,"Dumont, Trent",11,3,10,21,1,0,1,4,2,5,8,5,2,2,0,11,10,1,1,0,0,0,71,-32,"North Melbourne","2016",16
11,"Firrito, Michael",5,2,7,12,0,0,0,2,1,2,0,1,0,0,0,6,5,0,0,1,0,0,85,-32,"North Melbourne","2016",16
43,"Gibson, Sam",16,7,13,29,1,1,0,2,1,4,4,2,1,0,0,9,20,0,0,0,0,0,90,-32,"North Melbourne","2016",16
22,"Goldstein, Todd",3,1,8,11,1,0,65,2,1,0,2,2,2,1,0,5,6,1,1,0,0,0,90,-32,"North Melbourne","2016",16
29,"Harvey, Brent",15,3,5,20,0,2,0,1,2,5,6,2,2,1,0,10,10,0,0,0,1,1,92,-32,"North Melbourne","2016",16
34,"Macmillan, Jamie",16,3,7,23,0,0,0,4,4,2,1,1,2,0,0,8,13,1,1,4,0,0,90,-32,"North Melbourne","2016",16
2,"McKenzie, Brad",6,2,2,8,0,0,0,0,1,0,0,0,0,0,0,1,5,1,0,0,0,0,80,-32,"North Melbourne","2016",16
17,"Mullett, Aaron",8,1,4,12,0,0,0,2,1,4,0,2,0,2,0,1,12,0,0,2,0,0,87,-32,"North Melbourne","2016",16
20,"Petrie, Drew",8,5,4,12,0,2,0,0,0,2,0,1,2,1,0,4,7,0,2,2,0,2,98,-32,"North Melbourne","2016",16
44,"Ray, Farren",4,2,2,6,0,0,0,1,0,2,1,1,0,0,0,2,5,0,0,1,0,0,34,-32,"North Melbourne","2016",16
9,"Swallow, Andrew",7,5,18,25,0,0,0,6,0,1,4,4,2,2,0,12,13,0,0,3,0,0,79,-32,"North Melbourne","2016",16
25,"Tarrant, Robbie",11,7,3,14,0,0,0,2,5,2,0,1,2,1,0,3,12,0,0,12,0,0,98,-32,"North Melbourne","2016",16
12,"Thomas, Lindsay",7,1,2,9,2,0,0,4,0,0,0,6,0,4,0,7,1,0,1,0,0,1,90,-32,"North Melbourne","2016",16
16,"Thompson, Scott",12,7,2,14,0,0,0,1,3,2,0,5,0,3,0,2,12,0,0,4,0,0,95,-32,"North Melbourne","2016",16
41,"Wagner, Corey",2,2,5,7,0,0,0,3,0,1,1,2,1,2,0,4,4,0,0,2,0,0,76,-32,"North Melbourne","2016",16
32,"Wood, Mason",6,4,1,7,1,1,0,3,0,1,0,2,0,1,0,5,2,3,2,1,0,0,66,-32,"North Melbourne","2016",16
7,"Ziebell, Jack",15,3,6,21,0,0,0,12,0,5,4,6,3,1,0,11,9,0,0,1,0,0,86,-32,"North Melbourne","2016",16
0,"Totals",197,76,137,334,11,6,69,60,29,48,46,54,24,27,0,137,193,13,11,38,1,4,0,-32,"North Melbourne","2016",16
