"Number","Player","Kicks","Marks","Handballs","Disposals","Goals","Behinds","Hitouts","Tackles","Rebounds50s","Inside50s","Clearances","Clangers","FreesFor","FreesAgainst","BrownlowVotes","ContestedPossessions","UncontestedPossessions","ContestedMarks","MarksInside50","OnePercenters","Bounces","GoalAssists","PercentagePlayed","PointDifference","Team","Season","Round"
3,"Bartel, Jimmy",15,3,19,34,0,0,0,5,1,8,9,4,4,0,0,17,15,0,0,2,0,1,86,30,"Geelong","2016",18
24,"Bews, Jed",7,5,7,14,0,0,0,2,1,1,0,1,0,1,0,6,7,0,0,6,0,0,89,30,"Geelong","2016",18
46,"Blicavs, Mark",7,5,14,21,0,0,12,4,3,1,3,4,0,2,0,12,9,1,0,3,0,0,73,30,"Geelong","2016",18
5,"Cockatoo, Nakia",6,2,5,11,1,1,0,3,1,2,0,0,1,0,0,2,9,0,2,2,0,1,78,30,"Geelong","2016",18
18,"Cowan, Josh",6,4,6,12,0,0,0,6,1,3,1,0,0,0,0,4,8,1,0,4,0,0,75,30,"Geelong","2016",18
35,"Dangerfield, Patrick",16,3,20,36,0,1,0,6,2,4,6,4,2,2,1,17,18,1,0,2,0,0,84,30,"Geelong","2016",18
22,"Duncan, Mitch",12,3,9,21,0,0,1,5,0,3,1,4,0,0,0,8,13,0,0,3,1,0,80,30,"Geelong","2016",18
44,"Enright, Corey",21,6,10,31,0,0,0,2,8,1,3,5,0,1,3,10,18,0,0,4,0,0,86,30,"Geelong","2016",18
29,"Guthrie, Cameron",9,1,16,25,1,1,0,7,1,2,2,3,0,1,0,11,12,0,0,1,0,0,74,30,"Geelong","2016",18
26,"Hawkins, Tom",9,5,3,12,4,1,0,6,0,1,0,0,0,0,0,7,4,2,4,3,0,0,85,30,"Geelong","2016",18
39,"Kersten, Shane",5,3,9,14,0,0,0,3,0,2,0,2,0,1,0,3,11,0,0,4,0,2,84,30,"Geelong","2016",18
8,"Kolodjashnij, Jake",7,4,4,11,0,0,0,3,0,1,0,0,1,0,0,6,7,1,0,5,0,0,83,30,"Geelong","2016",18
13,"Lonergan, Tom",5,2,3,8,0,0,0,4,3,0,0,0,0,0,0,1,7,0,0,7,0,1,80,30,"Geelong","2016",18
4,"Mackie, Andrew",10,2,6,16,0,0,0,3,2,1,1,4,0,1,0,5,10,0,0,3,0,0,89,30,"Geelong","2016",18
6,"McCarthy, Lincoln",8,2,2,10,1,0,0,3,0,1,1,3,1,1,0,3,6,0,1,0,0,1,76,30,"Geelong","2016",18
27,"Menegola, Sam",12,5,14,26,0,0,0,5,0,6,5,2,1,0,0,14,12,1,0,1,0,1,67,30,"Geelong","2016",18
10,"Menzel, Daniel",10,5,7,17,4,1,0,3,1,3,0,3,1,0,0,9,9,2,1,2,0,0,86,30,"Geelong","2016",18
32,"Motlop, Steven",17,2,7,24,0,2,0,7,1,5,1,7,0,1,0,7,15,0,0,1,0,1,86,30,"Geelong","2016",18
36,"Ruggles, Tom",10,5,5,15,0,0,0,1,4,2,0,3,1,2,0,1,14,0,0,4,0,0,80,30,"Geelong","2016",18
14,"Selwood, Joel",19,3,15,34,0,0,0,4,1,6,5,6,3,3,2,18,16,0,0,2,0,0,79,30,"Geelong","2016",18
1,"Stanley, Rhys",7,6,6,13,1,2,26,2,0,1,1,3,0,2,0,4,8,0,3,3,0,0,81,30,"Geelong","2016",18
7,"Taylor, Harry",5,6,4,9,0,0,0,0,1,1,0,0,0,0,0,3,6,2,0,8,0,1,98,30,"Geelong","2016",18
0,"Rushed",0,0,0,0,0,4,0,0,0,0,0,0,0,0,0,0,0,0,0,0,0,0,0,30,"Geelong","2016",18
21,"Atkins, Rory",11,4,3,14,0,2,0,2,2,2,1,2,1,1,0,7,7,1,0,1,0,0,84,-30,"Adelaide","2016",18
18,"Betts, Eddie",8,2,3,11,1,0,0,2,1,2,2,1,0,0,0,4,4,0,0,1,0,0,89,-30,"Adelaide","2016",18
16,"Brown, Luke",9,0,3,12,0,0,0,2,6,0,0,0,0,0,0,3,7,0,0,2,0,0,89,-30,"Adelaide","2016",18
23,"Cameron, Charlie",14,5,4,18,0,3,0,4,1,4,3,3,2,0,0,9,9,0,2,1,0,0,85,-30,"Adelaide","2016",18
25,"Cheney, Kyle",12,8,5,17,0,0,0,1,4,2,1,0,1,0,0,7,10,2,0,4,0,0,90,-30,"Adelaide","2016",18
2,"Crouch, Brad",9,2,12,21,0,0,0,7,0,3,4,1,1,0,0,12,9,1,0,1,0,0,71,-30,"Adelaide","2016",18
44,"Crouch, Matt",19,4,12,31,0,1,0,8,2,1,3,7,2,0,0,12,17,0,0,0,0,0,72,-30,"Adelaide","2016",18
26,"Douglas, Richard",12,5,6,18,1,0,0,1,0,3,1,3,1,0,0,6,12,1,1,1,0,0,76,-30,"Adelaide","2016",18
15,"Hartigan, Kyle",6,4,3,9,0,0,0,1,3,0,0,2,0,2,0,0,7,0,0,10,0,0,97,-30,"Adelaide","2016",18
45,"Henderson, Ricky",13,5,6,19,0,1,0,1,2,5,2,2,0,0,0,8,8,0,0,0,0,0,89,-30,"Adelaide","2016",18
24,"Jacobs, Sam",9,3,5,14,0,0,41,3,2,3,2,3,2,1,0,6,10,1,0,2,0,1,83,-30,"Adelaide","2016",18
4,"Jenkins, Josh",6,1,2,8,3,1,6,0,0,2,1,0,1,0,0,4,3,0,0,0,0,0,88,-30,"Adelaide","2016",18
29,"Laird, Rory",13,6,9,22,0,0,0,4,1,2,1,8,1,2,0,10,14,0,0,2,0,0,86,-30,"Adelaide","2016",18
6,"Lever, Jake",11,7,4,15,0,0,0,2,3,3,1,0,1,0,0,6,9,1,0,2,0,0,78,-30,"Adelaide","2016",18
27,"Lynch, Tom",9,4,6,15,2,0,0,5,1,2,1,4,0,2,0,6,8,1,1,0,0,0,91,-30,"Adelaide","2016",18
31,"Lyons, Jarryd",13,3,11,24,0,0,0,7,1,5,3,4,1,0,0,12,12,0,1,1,0,2,71,-30,"Adelaide","2016",18
41,"McGovern, Mitch",1,1,1,2,0,0,0,2,0,0,0,3,0,2,0,1,1,0,0,0,0,0,75,-30,"Adelaide","2016",18
9,"Sloane, Rory",13,2,9,22,0,0,1,5,0,2,6,4,1,3,0,11,11,0,1,2,0,0,78,-30,"Adelaide","2016",18
33,"Smith, Brodie",15,5,5,20,0,0,0,4,7,1,2,4,1,1,0,7,10,0,0,2,1,0,92,-30,"Adelaide","2016",18
12,"Talia, Daniel",3,1,3,6,0,0,0,3,0,0,0,0,0,0,0,3,3,0,0,4,0,0,63,-30,"Adelaide","2016",18
5,"Thompson, Scott",10,3,8,18,0,0,0,7,1,2,8,4,1,1,0,9,7,0,0,1,0,0,74,-30,"Adelaide","2016",18
13,"Walker, Taylor",7,3,4,11,0,2,0,0,1,2,0,1,1,0,0,7,4,1,0,2,0,0,78,-30,"Adelaide","2016",18
0,"Rushed",0,0,0,0,0,3,0,0,0,0,0,0,0,0,0,0,0,0,0,0,0,0,0,-30,"Adelaide","2016",18
