"Number","Player","Kicks","Marks","Handballs","Disposals","Goals","Behinds","Hitouts","Tackles","Rebounds50s","Inside50s","Clearances","Clangers","FreesFor","FreesAgainst","BrownlowVotes","ContestedPossessions","UncontestedPossessions","ContestedMarks","MarksInside50","OnePercenters","Bounces","GoalAssists","PercentagePlayed","PointDifference","Team","Season","Round"
13,"Ah Chee, Callum",2,0,5,7,0,0,0,2,0,1,2,2,0,0,0,3,4,0,0,0,0,0,53,-75,"Gold Coast","2016",9
31,"Brooksby, Keegan",10,6,8,18,0,0,0,2,4,0,0,4,0,1,0,5,14,0,0,3,0,0,93,-75,"Gold Coast","2016",9
15,"Currie, Daniel",5,4,4,9,1,2,36,4,1,1,1,2,1,2,0,8,2,3,1,0,0,0,95,-75,"Gold Coast","2016",9
39,"Davis, Ryan",12,4,6,18,1,1,0,5,0,4,0,5,0,2,0,2,15,0,3,0,0,1,82,-75,"Gold Coast","2016",9
12,"Day, Sam",10,8,4,14,0,0,0,0,2,0,0,2,0,1,0,5,9,3,0,4,0,0,84,-75,"Gold Coast","2016",9
2,"Grant, Jarrad",9,8,3,12,2,1,0,2,1,0,0,1,2,0,0,5,8,1,2,1,0,1,80,-75,"Gold Coast","2016",9
5,"Harbrow, Jarrod",8,5,5,13,0,0,0,1,7,0,0,0,1,0,0,1,11,0,0,2,1,0,90,-75,"Gold Coast","2016",9
28,"Kolodjashnij, Kade",12,6,8,20,0,0,0,5,4,1,1,4,1,1,0,6,13,0,0,5,0,0,92,-75,"Gold Coast","2016",9
23,"Lemmens, Sean",12,6,6,18,0,0,0,3,3,2,1,5,2,2,0,8,11,0,0,3,0,0,87,-75,"Gold Coast","2016",9
37,"Lonergan, Jesse",10,1,17,27,0,0,0,5,2,1,9,6,2,2,0,18,10,0,0,2,0,0,79,-75,"Gold Coast","2016",9
19,"Lynch, Tom",8,3,5,13,2,0,1,3,0,5,0,2,2,2,0,5,8,1,0,0,0,4,98,-75,"Gold Coast","2016",9
44,"Macpherson, Darcy",4,1,5,9,0,1,0,4,2,1,0,2,0,0,0,6,3,1,1,1,0,0,41,-75,"Gold Coast","2016",9
7,"Malceski, Nick",16,6,9,25,0,0,0,3,5,1,1,3,0,0,0,6,18,1,0,1,1,1,79,-75,"Gold Coast","2016",9
4,"Martin, Jack",10,7,11,21,0,0,0,1,4,1,3,2,1,1,0,7,14,0,0,1,0,0,79,-75,"Gold Coast","2016",9
32,"Matera, Brandon",7,2,6,13,2,0,0,1,1,3,0,1,0,1,0,3,9,0,2,1,0,1,85,-75,"Gold Coast","2016",9
10,"Prestia, Dion",11,2,20,31,0,0,0,3,6,3,5,5,2,2,0,13,19,0,0,0,1,0,78,-75,"Gold Coast","2016",9
35,"Rischitelli, Michael",11,2,13,24,0,0,0,3,1,5,3,3,1,1,0,15,10,1,0,0,0,0,81,-75,"Gold Coast","2016",9
8,"Russell, Luke",5,1,13,18,0,0,0,3,2,1,1,1,0,0,0,5,13,0,0,0,0,0,85,-75,"Gold Coast","2016",9
20,"Schade, Henry",9,7,3,12,0,0,0,1,2,0,0,1,0,0,0,0,12,0,0,4,0,0,78,-75,"Gold Coast","2016",9
26,"Shaw, Matt",9,3,9,18,0,0,0,2,0,1,1,1,0,0,0,3,15,0,0,1,0,0,89,-75,"Gold Coast","2016",9
48,"Tape, Seb",2,0,11,13,0,0,0,7,0,1,3,0,0,0,0,6,7,0,0,2,0,0,83,-75,"Gold Coast","2016",9
30,"Wright, Peter",7,9,8,15,3,2,5,0,0,3,0,2,0,0,0,6,9,2,6,4,0,1,89,-75,"Gold Coast","2016",9
0,"Rushed",0,0,0,0,0,1,0,0,0,0,0,0,0,0,0,0,0,0,0,0,0,0,0,-75,"Gold Coast","2016",9
21,"Atkins, Rory",9,5,13,22,1,1,0,2,0,3,6,1,0,0,0,10,12,0,2,0,2,0,75,75,"Adelaide","2016",9
18,"Betts, Eddie",6,3,5,11,0,0,0,6,0,4,4,2,0,1,0,7,4,0,2,1,0,3,84,75,"Adelaide","2016",9
16,"Brown, Luke",7,6,7,14,1,0,0,2,2,2,0,0,0,0,0,2,12,1,0,1,0,2,81,75,"Adelaide","2016",9
23,"Cameron, Charlie",9,2,3,12,1,1,0,8,1,2,3,2,1,1,0,10,4,1,1,1,2,1,77,75,"Adelaide","2016",9
25,"Cheney, Kyle",7,5,4,11,0,0,0,2,1,0,0,1,0,1,0,2,9,1,0,3,0,0,94,75,"Adelaide","2016",9
26,"Douglas, Richard",8,5,13,21,1,1,0,4,0,2,4,2,0,2,0,5,16,0,2,2,1,0,78,75,"Adelaide","2016",9
15,"Hartigan, Kyle",8,7,8,16,0,0,0,2,3,1,0,2,1,1,0,7,10,0,0,2,0,0,88,75,"Adelaide","2016",9
45,"Henderson, Ricky",13,6,10,23,0,0,0,2,2,4,1,2,0,0,0,4,17,0,0,0,0,1,76,75,"Adelaide","2016",9
24,"Jacobs, Sam",10,4,2,12,0,0,29,2,0,5,2,1,2,1,0,5,6,1,0,1,0,0,79,75,"Adelaide","2016",9
4,"Jenkins, Josh",6,4,7,13,1,1,6,2,0,3,1,1,0,1,0,3,10,0,0,2,0,1,89,75,"Adelaide","2016",9
6,"Lever, Jake",9,2,5,14,0,1,0,1,2,1,1,0,2,0,0,4,10,0,0,3,1,0,88,75,"Adelaide","2016",9
27,"Lynch, Tom",16,10,6,22,2,2,0,0,1,4,0,1,2,1,2,8,15,3,4,0,0,2,84,75,"Adelaide","2016",9
31,"Lyons, Jarryd",13,5,7,20,1,0,0,6,1,7,3,1,1,1,0,7,13,0,1,0,0,3,70,75,"Adelaide","2016",9
41,"McGovern, Mitch",6,5,9,15,3,0,0,0,0,1,0,2,0,0,0,5,10,0,2,1,0,2,83,75,"Adelaide","2016",9
30,"Milera, Wayne",9,5,3,12,3,0,0,5,0,3,1,1,2,0,0,4,8,1,1,0,1,1,79,75,"Adelaide","2016",9
11,"Seedsman, Paul",16,7,5,21,1,0,0,5,1,3,2,3,2,0,0,3,18,0,0,0,1,0,79,75,"Adelaide","2016",9
9,"Sloane, Rory",10,5,17,27,0,0,1,7,0,5,4,3,1,1,0,10,17,0,0,1,1,0,76,75,"Adelaide","2016",9
33,"Smith, Brodie",17,2,7,24,1,0,0,1,1,10,1,4,0,0,0,5,19,0,0,3,0,1,83,75,"Adelaide","2016",9
12,"Talia, Daniel",12,9,11,23,1,0,0,1,2,2,0,2,1,1,1,8,14,1,0,6,0,0,92,75,"Adelaide","2016",9
5,"Thompson, Scott",8,3,14,22,0,0,0,3,1,2,7,2,1,1,0,11,11,0,0,0,0,0,78,75,"Adelaide","2016",9
7,"van Berlo, Nathan",15,8,6,21,0,1,0,2,2,2,0,2,1,2,0,3,17,1,0,1,0,0,86,75,"Adelaide","2016",9
13,"Walker, Taylor",10,9,9,19,5,2,0,2,1,5,0,2,1,0,3,4,15,1,4,0,0,3,82,75,"Adelaide","2016",9
0,"Rushed",0,0,0,0,0,7,0,0,0,0,0,0,0,0,0,0,0,0,0,0,0,0,0,75,"Adelaide","2016",9
