"Number","Player","Kicks","Marks","Handballs","Disposals","Goals","Behinds","Hitouts","Tackles","Rebounds50s","Inside50s","Clearances","Clangers","FreesFor","FreesAgainst","BrownlowVotes","ContestedPossessions","UncontestedPossessions","ContestedMarks","MarksInside50","OnePercenters","Bounces","GoalAssists","PercentagePlayed","PointDifference","Team","Season","Round"
3,"Bartel, Jimmy",10,9,6,16,3,0,0,4,0,2,0,5,3,3,0,5,13,0,2,2,0,0,89,111,"Geelong","2016",23
24,"Bews, Jed",4,2,6,10,0,0,0,2,1,1,0,1,0,0,0,3,7,0,0,2,0,0,84,111,"Geelong","2016",23
46,"Blicavs, Mark",6,6,18,24,0,0,7,4,3,1,2,0,0,0,0,7,18,1,0,3,0,0,86,111,"Geelong","2016",23
23,"Caddy, Josh",6,2,18,24,2,1,3,6,0,3,2,4,0,2,0,10,14,0,1,0,0,1,78,111,"Geelong","2016",23
18,"Cowan, Josh",5,3,10,15,0,0,0,10,0,1,1,1,1,0,0,5,10,0,0,1,0,0,85,111,"Geelong","2016",23
35,"Dangerfield, Patrick",20,3,12,32,0,1,1,4,0,16,10,2,2,1,3,17,16,0,0,0,1,6,85,111,"Geelong","2016",23
22,"Duncan, Mitch",9,2,6,15,1,0,0,6,3,4,3,2,2,1,0,6,11,0,0,0,0,1,89,111,"Geelong","2016",23
44,"Enright, Corey",6,2,8,14,0,0,0,5,0,2,2,3,0,1,0,9,8,0,0,2,0,1,87,111,"Geelong","2016",23
29,"Guthrie, Cameron",10,4,12,22,0,0,0,5,2,2,3,2,1,0,0,7,14,0,0,2,0,1,71,111,"Geelong","2016",23
26,"Hawkins, Tom",10,9,3,13,6,1,0,0,0,1,0,2,0,1,0,8,5,5,7,1,0,0,89,111,"Geelong","2016",23
8,"Kolodjashnij, Jake",2,2,1,3,0,0,0,2,0,0,0,2,0,0,0,1,2,1,0,3,0,0,56,111,"Geelong","2016",23
13,"Lonergan, Tom",9,5,1,10,0,0,0,2,1,0,0,0,2,0,0,5,6,2,0,1,0,0,92,111,"Geelong","2016",23
4,"Mackie, Andrew",13,7,3,16,0,0,0,2,8,1,0,1,3,0,0,3,11,1,1,6,0,0,70,111,"Geelong","2016",23
6,"McCarthy, Lincoln",13,4,5,18,1,0,0,4,1,3,0,4,2,2,0,7,10,0,2,0,0,3,76,111,"Geelong","2016",23
27,"Menegola, Sam",15,7,12,27,3,0,1,1,3,5,2,4,0,1,1,9,18,0,1,3,0,1,82,111,"Geelong","2016",23
10,"Menzel, Daniel",15,7,7,22,4,0,0,1,2,2,2,2,0,0,0,9,13,3,2,0,0,1,85,111,"Geelong","2016",23
32,"Motlop, Steven",10,3,2,12,2,0,0,7,0,3,0,4,2,1,0,4,8,0,1,0,2,2,86,111,"Geelong","2016",23
36,"Ruggles, Tom",14,4,8,22,0,0,0,1,4,0,1,2,0,0,0,8,13,1,0,4,0,1,84,111,"Geelong","2016",23
14,"Selwood, Joel",17,4,19,36,1,2,0,4,1,8,6,4,1,0,2,16,20,0,1,1,0,1,82,111,"Geelong","2016",23
9,"Smith, Zac",3,0,5,8,0,1,22,3,0,0,6,1,1,1,0,8,0,0,0,3,0,0,73,111,"Geelong","2016",23
1,"Stanley, Rhys",10,5,9,19,0,2,8,0,0,3,1,1,0,0,0,8,12,2,2,2,0,0,76,111,"Geelong","2016",23
7,"Taylor, Harry",12,9,8,20,1,0,0,1,4,1,0,3,0,1,0,7,12,2,0,9,0,0,96,111,"Geelong","2016",23
0,"Rushed",0,0,0,0,0,3,0,0,0,0,0,0,0,0,0,0,0,0,0,0,0,0,0,111,"Geelong","2016",23
10,"Brayshaw, Angus",15,4,11,26,1,0,0,5,0,7,3,2,1,0,0,9,15,0,0,2,1,0,75,-111,"Melbourne","2016",23
32,"Bugg, Tomas",2,2,6,8,0,0,0,5,0,1,0,2,0,2,0,3,5,0,1,2,0,0,87,-111,"Melbourne","2016",23
17,"Frost, Sam",5,2,7,12,0,0,0,4,1,1,0,3,1,1,0,6,7,0,0,4,0,0,81,-111,"Melbourne","2016",23
36,"Garlett, Jeff",6,2,4,10,2,0,0,5,0,2,1,2,0,0,0,3,5,0,0,1,1,0,85,-111,"Melbourne","2016",23
11,"Gawn, Max",10,2,5,15,0,0,41,3,0,2,4,3,2,2,0,9,4,1,0,1,0,0,85,-111,"Melbourne","2016",23
43,"Harmes, James",9,1,12,21,0,0,0,5,2,2,2,2,2,0,0,7,13,0,0,2,1,1,77,-111,"Melbourne","2016",23
1,"Hogan, Jesse",7,3,2,9,1,1,0,2,0,3,0,2,1,2,0,4,5,0,2,0,0,0,85,-111,"Melbourne","2016",23
29,"Hunt, Jayden",9,4,10,19,0,1,0,0,5,3,0,4,1,0,0,6,11,1,0,2,1,0,85,-111,"Melbourne","2016",23
39,"Jetta, Neville",7,2,6,13,0,0,0,1,2,1,0,4,3,1,0,7,5,1,0,2,0,0,67,-111,"Melbourne","2016",23
45,"Jones, Matt",7,4,7,14,0,0,0,3,1,2,0,0,1,0,0,3,11,0,0,0,0,1,79,-111,"Melbourne","2016",23
2,"Jones, Nathan",10,5,15,25,0,1,0,3,1,1,4,5,0,3,0,10,15,1,0,2,0,0,87,-111,"Melbourne","2016",23
28,"McDonald, Oscar",10,6,2,12,0,0,0,0,4,1,0,0,0,0,0,2,9,0,0,6,0,0,97,-111,"Melbourne","2016",23
25,"McDonald, Tom",8,5,13,21,0,0,0,0,4,1,0,1,0,0,0,7,11,2,0,9,3,0,90,-111,"Melbourne","2016",23
5,"Petracca, Christian",7,2,9,16,0,1,0,3,2,3,2,3,1,0,0,7,9,0,0,2,0,0,86,-111,"Melbourne","2016",23
3,"Salem, Christian",10,1,17,27,0,0,0,7,2,1,2,7,1,2,0,8,18,0,0,2,0,0,84,-111,"Melbourne","2016",23
15,"Stretch, Billy",8,4,9,17,0,0,0,3,3,2,1,1,0,0,0,2,15,0,0,0,0,0,73,-111,"Melbourne","2016",23
12,"Tyson, Dom",11,2,12,23,0,0,0,2,0,2,0,5,1,1,0,6,16,0,0,0,2,0,78,-111,"Melbourne","2016",23
37,"Vandenberg, Aaron",5,4,11,16,1,0,0,3,1,3,2,5,0,3,0,8,8,1,2,2,1,0,78,-111,"Melbourne","2016",23
23,"Vince, Bernie",10,3,4,14,0,0,1,5,3,1,1,3,0,1,0,4,8,0,0,1,0,0,85,-111,"Melbourne","2016",23
7,"Viney, Jack",9,3,11,20,0,0,0,6,2,2,8,4,0,2,0,10,11,0,0,0,0,1,86,-111,"Melbourne","2016",23
4,"Watts, Jack",8,3,7,15,0,1,3,0,0,2,1,0,0,0,0,4,11,0,0,2,0,1,75,-111,"Melbourne","2016",23
26,"Weideman, Sam",4,3,1,5,1,0,0,0,0,0,0,0,0,0,0,1,4,0,1,0,0,0,77,-111,"Melbourne","2016",23
0,"Rushed",0,0,0,0,0,3,0,0,0,0,0,0,0,0,0,0,0,0,0,0,0,0,0,-111,"Melbourne","2016",23
