"Number","Player","Kicks","Marks","Handballs","Disposals","Goals","Behinds","Hitouts","Tackles","Rebounds50s","Inside50s","Clearances","Clangers","FreesFor","FreesAgainst","BrownlowVotes","ContestedPossessions","UncontestedPossessions","ContestedMarks","MarksInside50","OnePercenters","Bounces","GoalAssists","PercentagePlayed","PointDifference","Team","Season","Round"
1,"Ballantyne, Hayden",5,1,3,8,4,0,0,1,0,0,0,1,1,1,0,2,6,0,1,1,0,0,74,-26,"Fremantle","2016",2
21,"Barlow, Michael",3,1,13,16,1,1,0,4,1,0,0,4,1,1,0,8,8,0,0,3,0,1,77,-26,"Fremantle","2016",2
3,"Dawson, Zac",2,1,2,4,0,0,0,0,0,0,0,2,0,1,0,0,4,0,0,9,0,0,94,-26,"Fremantle","2016",2
7,"Fyfe, Nat",14,3,20,34,3,2,2,4,0,3,10,4,1,3,1,22,13,2,2,1,0,0,91,-26,"Fremantle","2016",2
32,"Hill, Stephen",21,1,8,29,0,0,0,7,2,10,6,5,1,0,0,13,16,0,0,3,1,2,89,-26,"Fremantle","2016",2
5,"Ibbotson, Garrick",4,2,3,7,0,0,0,1,2,0,0,2,1,1,0,3,5,0,0,2,0,0,88,-26,"Fremantle","2016",2
37,"Johnson, Michael",11,6,6,17,0,0,1,1,6,2,0,3,1,1,0,6,10,2,0,3,0,1,92,-26,"Fremantle","2016",2
26,"Langdon, Ed",7,3,6,13,0,0,0,3,1,2,0,0,2,0,0,4,9,0,0,0,0,1,72,-26,"Fremantle","2016",2
23,"Mayne, Chris",8,4,7,15,1,1,0,6,0,3,0,3,2,1,0,7,8,1,1,2,0,1,86,-26,"Fremantle","2016",2
16,"Mundy, David",16,2,5,21,0,1,0,5,4,6,8,4,1,2,0,13,11,0,0,4,0,0,80,-26,"Fremantle","2016",2
27,"Neale, Lachie",14,4,13,27,0,0,0,5,2,3,5,2,1,1,0,13,14,0,0,0,0,0,73,-26,"Fremantle","2016",2
29,"Pavlich, Matthew",10,4,8,18,2,2,1,3,0,1,1,2,2,1,0,8,9,1,1,0,0,0,81,-26,"Fremantle","2016",2
25,"Pearce, Alex",2,0,5,7,0,1,7,2,0,1,1,3,0,1,0,7,1,0,0,4,0,1,82,-26,"Fremantle","2016",2
46,"Pearce, Clancee",7,4,9,16,0,0,0,2,2,1,2,2,1,1,0,6,10,1,0,0,0,0,83,-26,"Fremantle","2016",2
6,"Pearce, Danyle",12,3,4,16,0,2,0,3,1,4,0,2,0,0,0,4,11,0,1,1,0,0,78,-26,"Fremantle","2016",2
31,"Sandilands, Aaron",1,2,5,6,0,0,48,2,0,1,2,2,0,1,0,5,2,1,0,3,0,1,88,-26,"Fremantle","2016",2
11,"Sheridan, Tom",8,3,8,16,0,0,0,1,0,4,2,2,1,0,0,4,12,0,0,1,0,0,72,-26,"Fremantle","2016",2
34,"Spurr, Lee",10,9,4,14,0,0,0,1,4,2,0,0,0,0,0,6,7,3,0,1,0,0,82,-26,"Fremantle","2016",2
8,"Suban, Nick",7,1,6,13,0,0,0,6,1,6,3,1,1,1,0,6,8,0,0,1,0,0,78,-26,"Fremantle","2016",2
33,"Sutcliffe, Cam",6,2,3,9,0,0,0,5,3,1,0,3,0,2,0,5,5,0,0,6,0,0,91,-26,"Fremantle","2016",2
10,"Walters, Michael",12,5,4,16,3,3,0,2,0,4,4,1,2,0,0,7,9,1,3,1,3,1,87,-26,"Fremantle","2016",2
14,"Weller, Lachie",6,2,6,12,0,2,0,1,1,6,0,0,2,0,0,8,4,0,0,0,0,2,63,-26,"Fremantle","2016",2
0,"Rushed",0,0,0,0,0,1,0,0,0,0,0,0,0,0,0,0,0,0,0,0,0,0,0,-26,"Fremantle","2016",2
9,"Ablett, Gary",12,1,11,23,1,1,0,8,2,5,3,4,0,1,0,11,13,0,0,2,6,1,95,26,"Gold Coast","2016",2
13,"Ah Chee, Callum",5,4,4,9,2,1,0,3,1,1,1,2,1,0,0,6,3,1,2,1,0,0,63,26,"Gold Coast","2016",2
27,"Cameron, Clay",6,5,3,9,1,0,0,4,0,1,0,0,2,0,0,5,4,2,1,1,0,1,88,26,"Gold Coast","2016",2
39,"Davis, Ryan",6,3,2,8,2,0,0,2,1,2,0,1,0,1,0,3,6,0,2,0,1,0,70,26,"Gold Coast","2016",2
12,"Day, Sam",3,2,9,12,0,1,4,2,0,2,0,0,1,0,0,9,3,0,1,2,0,3,80,26,"Gold Coast","2016",2
33,"Hall, Aaron",17,11,15,32,0,0,0,4,3,3,3,6,2,2,3,8,27,0,0,2,0,0,80,26,"Gold Coast","2016",2
5,"Harbrow, Jarrod",13,6,8,21,0,0,0,5,7,1,3,4,0,3,0,6,14,0,0,4,3,2,85,26,"Gold Coast","2016",2
28,"Kolodjashnij, Kade",13,5,3,16,0,0,0,7,1,1,2,4,2,2,0,4,12,0,0,3,0,0,86,26,"Gold Coast","2016",2
23,"Lemmens, Sean",7,5,9,16,0,1,0,2,1,0,2,2,0,1,0,5,11,1,0,1,1,0,73,26,"Gold Coast","2016",2
37,"Lonergan, Jesse",7,1,9,16,0,1,1,7,1,4,5,5,2,3,0,8,9,0,0,1,0,1,75,26,"Gold Coast","2016",2
19,"Lynch, Tom",10,7,5,15,5,1,0,1,0,2,0,0,2,0,2,8,7,2,4,1,0,0,98,26,"Gold Coast","2016",2
7,"Malceski, Nick",8,3,6,14,0,1,0,2,2,5,1,1,0,0,0,1,13,0,0,1,0,4,71,26,"Gold Coast","2016",2
4,"Martin, Jack",12,11,4,16,4,1,0,2,0,4,1,0,2,0,0,5,11,3,4,1,0,2,81,26,"Gold Coast","2016",2
32,"Matera, Brandon",8,4,3,11,2,2,0,2,1,3,0,1,0,0,0,1,10,0,0,0,2,0,81,26,"Gold Coast","2016",2
17,"May, Steven",8,1,3,11,0,0,0,4,3,2,2,4,2,2,0,5,4,1,0,11,0,0,93,26,"Gold Coast","2016",2
18,"McKenzie, Trent",10,3,5,15,0,0,0,3,5,2,1,2,2,0,0,3,10,0,0,2,0,0,80,26,"Gold Coast","2016",2
22,"Nicholls, Tom",3,2,4,7,0,0,16,4,1,0,1,2,0,1,0,5,2,1,0,2,0,0,87,26,"Gold Coast","2016",2
10,"Prestia, Dion",10,0,14,24,1,2,0,5,1,1,1,4,1,1,0,7,18,0,0,2,0,2,82,26,"Gold Coast","2016",2
35,"Rischitelli, Michael",1,0,2,3,0,0,0,3,0,1,1,1,0,1,0,1,2,0,0,1,0,0,71,26,"Gold Coast","2016",2
42,"Saad, Adam",4,1,11,15,0,0,0,1,3,2,0,1,0,0,0,7,8,0,0,2,8,0,82,26,"Gold Coast","2016",2
6,"Sexton, Alex",14,4,11,25,1,0,0,2,2,8,4,3,0,2,0,9,17,0,0,2,3,1,87,26,"Gold Coast","2016",2
16,"Thompson, Rory",4,1,5,9,0,0,0,2,3,0,0,0,0,0,0,4,4,0,0,3,0,0,92,26,"Gold Coast","2016",2
0,"Totals",181,80,146,327,19,12,21,75,38,50,31,47,19,20,5,121,208,11,14,45,24,17,0,26,"Gold Coast","2016",2
