"Number","Player","Kicks","Marks","Handballs","Disposals","Goals","Behinds","Hitouts","Tackles","Rebounds50s","Inside50s","Clearances","Clangers","FreesFor","FreesAgainst","BrownlowVotes","ContestedPossessions","UncontestedPossessions","ContestedMarks","MarksInside50","OnePercenters","Bounces","GoalAssists","PercentagePlayed","PointDifference","Team","Season","Round"
37,"Barrass, Tom",7,3,2,9,0,0,0,0,3,0,0,0,1,0,0,3,6,1,0,9,0,0,75,-29,"West Coast","2016",12
15,"Cripps, Jamie",7,2,3,10,0,2,0,2,1,4,1,2,1,0,0,3,7,0,0,0,6,0,77,-29,"West Coast","2016",12
27,"Darling, Jack",6,3,3,9,2,1,0,3,0,1,0,0,1,0,0,8,1,3,2,3,0,1,88,-29,"West Coast","2016",12
14,"Duggan, Liam",5,2,4,9,1,0,0,3,0,2,1,1,1,0,0,5,4,0,1,1,0,1,71,-29,"West Coast","2016",12
18,"Ellis, Xavier",7,3,5,12,0,0,0,2,4,1,0,2,1,1,0,5,7,0,0,0,0,0,72,-29,"West Coast","2016",12
3,"Gaff, Andrew",13,2,9,22,1,0,0,0,1,0,2,4,0,1,0,7,16,0,1,0,0,0,84,-29,"West Coast","2016",12
33,"Hill, Josh",13,4,6,19,1,0,0,3,4,2,2,2,1,0,0,7,14,0,1,2,1,0,85,-29,"West Coast","2016",12
25,"Hurn, Shannon",12,5,4,16,0,0,0,1,6,1,0,1,0,1,0,5,9,3,0,2,0,0,85,-29,"West Coast","2016",12
34,"Hutchings, Mark",9,1,10,19,1,0,0,6,3,0,5,1,0,1,0,10,9,0,0,1,0,1,78,-29,"West Coast","2016",12
17,"Kennedy, Josh",11,5,2,13,3,1,0,5,0,4,0,4,3,2,0,8,4,2,3,2,0,1,100,-29,"West Coast","2016",12
2,"LeCras, Mark",10,2,2,12,0,0,0,1,1,1,4,3,1,1,0,8,5,0,0,1,1,0,85,-29,"West Coast","2016",12
29,"Lycett, Scott",5,0,3,8,0,0,17,1,0,1,2,2,1,1,0,5,4,0,0,1,0,0,63,-29,"West Coast","2016",12
7,"Masten, Chris",9,1,12,21,0,0,0,3,0,7,1,0,0,0,0,9,12,0,0,0,0,1,89,-29,"West Coast","2016",12
20,"McGovern, Jeremy",11,6,5,16,0,0,0,1,3,0,0,1,1,0,0,11,5,4,0,9,0,0,91,-29,"West Coast","2016",12
9,"Naitanui, Nic",6,3,2,8,0,0,40,1,0,2,2,1,0,0,0,6,2,3,0,5,0,1,65,-29,"West Coast","2016",12
11,"Priddis, Matt",11,2,18,29,0,0,0,12,2,2,8,5,0,3,0,16,14,0,0,0,0,0,85,-29,"West Coast","2016",12
8,"Redden, Jack",5,2,10,15,0,0,1,4,0,0,5,2,2,1,0,7,9,0,0,0,0,0,76,-29,"West Coast","2016",12
31,"Schofield, Will",4,4,5,9,0,0,0,2,3,0,0,4,0,2,0,5,5,1,0,7,0,0,96,-29,"West Coast","2016",12
5,"Sheppard, Brad",8,4,10,18,0,0,0,0,3,1,0,3,0,0,0,6,12,1,0,7,0,0,91,-29,"West Coast","2016",12
13,"Shuey, Luke",9,1,13,22,0,0,0,5,2,2,5,2,2,1,0,14,10,0,0,1,3,1,83,-29,"West Coast","2016",12
12,"Wellingham, Sharrod",4,2,7,11,0,0,0,3,3,0,2,4,0,2,0,5,8,0,0,4,0,0,83,-29,"West Coast","2016",12
6,"Yeo, Elliot",11,2,7,18,2,1,0,6,1,4,0,3,0,2,0,11,6,1,0,3,3,0,79,-29,"West Coast","2016",12
0,"Rushed",0,0,0,0,0,5,0,0,0,0,0,0,0,0,0,0,0,0,0,0,0,0,0,-29,"West Coast","2016",12
21,"Atkins, Rory",8,2,7,15,1,1,0,5,0,5,1,1,0,0,0,5,9,0,0,1,1,0,81,29,"Adelaide","2016",12
18,"Betts, Eddie",13,5,1,14,5,2,0,3,0,5,0,2,1,1,1,5,11,2,3,1,1,0,94,29,"Adelaide","2016",12
16,"Brown, Luke",9,4,4,13,0,0,0,3,0,2,0,1,0,0,0,3,10,0,0,2,0,0,83,29,"Adelaide","2016",12
23,"Cameron, Charlie",8,6,5,13,1,1,0,3,0,3,0,1,0,1,0,6,8,2,3,2,2,1,80,29,"Adelaide","2016",12
25,"Cheney, Kyle",7,4,6,13,0,0,0,3,1,1,0,2,1,0,0,9,6,1,0,5,0,0,83,29,"Adelaide","2016",12
44,"Crouch, Matt",6,1,18,24,0,0,0,7,1,0,5,0,2,0,0,11,14,0,0,3,0,0,68,29,"Adelaide","2016",12
26,"Douglas, Richard",7,3,7,14,1,1,0,5,0,3,2,1,0,0,0,10,3,3,2,1,0,1,77,29,"Adelaide","2016",12
15,"Hartigan, Kyle",10,4,1,11,0,0,0,2,4,0,0,3,0,0,0,2,9,0,0,11,0,0,93,29,"Adelaide","2016",12
24,"Jacobs, Sam",9,7,5,14,0,1,36,5,0,2,1,1,0,1,0,4,10,2,1,1,0,2,78,29,"Adelaide","2016",12
4,"Jenkins, Josh",9,7,3,12,3,1,4,1,0,4,3,0,1,0,0,7,6,1,3,1,0,1,79,29,"Adelaide","2016",12
29,"Laird, Rory",18,10,7,25,0,0,0,4,2,2,1,0,1,0,2,7,18,0,0,3,0,1,89,29,"Adelaide","2016",12
6,"Lever, Jake",14,8,4,18,0,0,0,1,2,3,0,6,1,5,0,8,11,1,0,7,0,0,82,29,"Adelaide","2016",12
27,"Lynch, Tom",17,10,6,23,1,2,0,1,0,2,0,1,1,0,0,7,18,1,0,1,0,1,88,29,"Adelaide","2016",12
31,"Lyons, Jarryd",11,2,12,23,0,1,0,6,1,2,3,1,2,0,0,17,8,0,0,2,0,1,71,29,"Adelaide","2016",12
14,"Mackay, David",11,5,9,20,0,1,0,5,3,4,4,1,1,1,0,12,10,0,1,1,0,0,68,29,"Adelaide","2016",12
41,"McGovern, Mitch",7,4,3,10,1,0,0,4,0,2,0,2,1,0,0,4,6,2,0,1,0,0,83,29,"Adelaide","2016",12
11,"Seedsman, Paul",10,6,12,22,0,1,0,7,3,7,2,1,0,0,0,6,16,0,0,1,0,0,82,29,"Adelaide","2016",12
9,"Sloane, Rory",19,2,10,29,0,0,0,6,0,5,9,3,3,1,3,17,13,1,0,4,0,2,78,29,"Adelaide","2016",12
33,"Smith, Brodie",12,6,10,22,0,2,0,1,1,6,2,2,1,1,0,6,16,0,0,1,0,0,74,29,"Adelaide","2016",12
12,"Talia, Daniel",8,6,4,12,0,0,0,4,1,0,1,1,2,1,0,7,5,2,0,5,0,0,100,29,"Adelaide","2016",12
5,"Thompson, Scott",13,2,11,24,0,0,0,12,0,5,6,5,1,2,0,11,12,1,0,0,0,0,76,29,"Adelaide","2016",12
13,"Walker, Taylor",7,3,5,12,2,0,0,1,0,2,0,3,0,2,0,4,8,0,1,1,0,2,93,29,"Adelaide","2016",12
0,"Rushed",0,0,0,0,0,1,0,0,0,0,0,0,0,0,0,0,0,0,0,0,0,0,0,29,"Adelaide","2016",12
