"Number","Player","Kicks","Marks","Handballs","Disposals","Goals","Behinds","Hitouts","Tackles","Rebounds50s","Inside50s","Clearances","Clangers","FreesFor","FreesAgainst","BrownlowVotes","ContestedPossessions","UncontestedPossessions","ContestedMarks","MarksInside50","OnePercenters","Bounces","GoalAssists","PercentagePlayed","PointDifference","Team","Season","Round"
14,"Birchall, Grant",16,6,8,24,1,0,0,0,3,1,0,2,1,2,0,3,22,0,0,4,0,0,84,39,"Hawthorn","2016",21
30,"Brand, Kaiden",6,5,7,13,0,0,0,2,0,0,0,2,0,1,0,6,8,0,0,3,0,0,62,39,"Hawthorn","2016",21
22,"Breust, Luke",7,2,7,14,2,0,0,10,0,4,0,2,0,0,0,5,9,0,0,2,0,2,80,39,"Hawthorn","2016",21
9,"Burgoyne, Shaun",14,6,11,25,0,0,0,1,3,3,3,2,0,0,0,8,15,1,0,3,0,0,84,39,"Hawthorn","2016",21
35,"Burton, Ryan",6,5,4,10,1,2,0,3,0,2,0,2,0,2,0,1,9,0,2,0,0,0,59,39,"Hawthorn","2016",21
18,"Ceglar, Jonathon",2,1,4,6,1,0,15,3,0,0,1,3,1,2,0,3,2,1,0,10,0,0,79,39,"Hawthorn","2016",21
8,"Duryea, Taylor",9,9,7,16,0,0,0,3,3,1,1,1,0,0,0,4,12,1,0,4,0,0,89,39,"Hawthorn","2016",21
12,"Frawley, James",5,3,4,9,0,0,0,3,1,1,0,2,0,0,0,2,7,0,0,10,0,0,100,39,"Hawthorn","2016",21
6,"Gibson, Josh",14,9,8,22,0,0,0,3,1,2,0,1,0,0,0,6,15,1,0,8,0,0,100,39,"Hawthorn","2016",21
19,"Gunston, Jack",7,5,4,11,1,1,0,1,1,2,0,2,1,1,0,3,8,0,2,1,0,1,91,39,"Hawthorn","2016",21
4,"Hartung, Billy",9,3,10,19,0,0,0,2,1,2,2,1,0,0,0,4,15,0,0,1,1,1,83,39,"Hawthorn","2016",21
10,"Hill, Bradley",21,3,7,28,1,2,0,1,2,6,1,1,1,0,0,5,20,0,0,3,1,1,85,39,"Hawthorn","2016",21
15,"Hodge, Luke",18,8,9,27,0,0,0,4,3,3,4,3,1,0,0,11,19,2,0,5,0,2,85,39,"Hawthorn","2016",21
29,"Langford, Will",9,4,9,18,1,0,0,3,0,4,3,2,0,0,0,7,11,0,1,0,0,0,75,39,"Hawthorn","2016",21
3,"Lewis, Jordan",15,10,12,27,1,0,3,5,1,0,4,3,1,1,0,9,19,0,1,1,0,0,82,39,"Hawthorn","2016",21
7,"McEvoy, Ben",3,4,7,10,0,0,21,3,1,1,1,1,1,1,0,5,6,0,1,0,0,0,83,39,"Hawthorn","2016",21
5,"Mitchell, Sam",23,8,14,37,0,0,0,1,7,3,2,2,1,0,3,7,30,1,0,1,0,0,88,39,"Hawthorn","2016",21
28,"Puopolo, Paul",6,4,8,14,2,0,0,7,0,1,1,3,0,0,0,8,6,1,2,2,0,1,79,39,"Hawthorn","2016",21
33,"Rioli, Cyril",10,4,3,13,3,0,0,2,0,5,1,6,1,5,0,8,7,1,1,3,0,2,76,39,"Hawthorn","2016",21
26,"Shiels, Liam",14,2,7,21,0,1,0,6,5,4,8,3,2,1,0,9,11,0,0,1,0,1,79,39,"Hawthorn","2016",21
16,"Smith, Isaac",21,11,12,33,0,1,1,7,1,6,4,3,2,2,2,8,22,1,1,3,1,1,81,39,"Hawthorn","2016",21
11,"Whitecross, Brendan",7,4,16,23,0,0,0,2,2,3,1,1,1,0,0,9,16,0,0,3,2,1,76,39,"Hawthorn","2016",21
0,"Rushed",0,0,0,0,0,5,0,0,0,0,0,0,0,0,0,0,0,0,0,0,0,0,0,39,"Hawthorn","2016",21
3,"Anderson, Jed",5,2,7,12,0,0,0,6,1,2,1,1,0,0,0,7,5,0,0,2,0,1,77,-39,"North Melbourne","2016",21
18,"Atley, Shaun",10,4,7,17,0,0,0,0,4,0,2,1,0,1,0,3,13,0,0,2,0,0,93,-39,"North Melbourne","2016",21
13,"Clarke, Ryan",0,0,7,7,0,0,0,2,0,0,0,2,0,0,0,6,1,0,0,0,0,0,66,-39,"North Melbourne","2016",21
10,"Cunnington, Ben",8,4,10,18,0,0,0,3,0,2,4,2,0,1,0,8,10,2,0,0,0,0,63,-39,"North Melbourne","2016",21
15,"Dal Santo, Nick",9,1,14,23,0,0,0,2,2,3,2,2,0,0,0,3,19,0,0,1,0,0,87,-39,"North Melbourne","2016",21
38,"Daw, Majak",6,7,5,11,0,3,5,4,0,1,0,2,0,2,0,8,3,6,3,3,1,1,86,-39,"North Melbourne","2016",21
14,"Dumont, Trent",8,0,10,18,0,0,0,1,1,5,2,3,1,0,0,6,12,0,0,0,0,3,69,-39,"North Melbourne","2016",21
11,"Firrito, Michael",8,4,3,11,0,0,0,0,4,0,0,1,1,1,0,4,7,1,0,3,0,0,92,-39,"North Melbourne","2016",21
43,"Gibson, Sam",14,6,7,21,2,0,0,4,1,1,1,1,1,0,0,5,17,0,1,1,0,0,90,-39,"North Melbourne","2016",21
22,"Goldstein, Todd",4,3,3,7,1,0,38,2,0,2,0,2,0,2,0,3,4,2,1,4,0,1,86,-39,"North Melbourne","2016",21
6,"Hansen, Lachlan",10,6,5,15,0,0,0,6,5,1,1,0,3,0,0,9,6,3,0,3,0,0,80,-39,"North Melbourne","2016",21
29,"Harvey, Brent",12,5,8,20,0,0,0,3,0,0,2,6,0,1,0,2,17,0,0,0,0,0,91,-39,"North Melbourne","2016",21
34,"Macmillan, Jamie",10,5,3,13,0,0,0,2,4,1,1,2,2,1,0,7,5,3,0,1,0,0,94,-39,"North Melbourne","2016",21
2,"McKenzie, Brad",5,4,2,7,0,0,0,3,0,0,1,0,0,0,0,2,5,0,0,0,0,0,85,-39,"North Melbourne","2016",21
17,"Mullett, Aaron",5,2,4,9,0,0,0,3,3,0,0,2,2,1,0,4,5,0,0,1,0,0,72,-39,"North Melbourne","2016",21
28,"Nahas, Robin",6,4,8,14,1,0,0,2,0,2,1,4,0,0,0,5,9,0,1,1,1,0,68,-39,"North Melbourne","2016",21
20,"Petrie, Drew",10,6,3,13,3,1,0,2,0,5,0,1,2,0,0,6,7,2,3,1,0,0,97,-39,"North Melbourne","2016",21
9,"Swallow, Andrew",17,7,12,29,0,1,0,7,2,5,6,2,2,0,1,15,14,0,0,1,0,0,76,-39,"North Melbourne","2016",21
25,"Tarrant, Robbie",16,10,3,19,0,0,0,6,4,6,2,3,1,1,0,9,10,3,0,4,0,0,84,-39,"North Melbourne","2016",21
12,"Thomas, Lindsay",8,1,8,16,1,0,0,2,1,4,0,5,0,2,0,6,11,0,0,1,0,1,81,-39,"North Melbourne","2016",21
8,"Wells, Daniel",8,3,6,14,0,0,0,2,1,2,2,1,0,0,0,5,10,0,0,2,0,0,80,-39,"North Melbourne","2016",21
7,"Ziebell, Jack",16,4,6,22,0,1,2,2,0,5,5,6,3,1,0,15,7,2,0,1,0,0,84,-39,"North Melbourne","2016",21
0,"Rushed",0,0,0,0,0,3,0,0,0,0,0,0,0,0,0,0,0,0,0,0,0,0,0,-39,"North Melbourne","2016",21
