"Number","Player","Kicks","Marks","Handballs","Disposals","Goals","Behinds","Hitouts","Tackles","Rebounds50s","Inside50s","Clearances","Clangers","FreesFor","FreesAgainst","BrownlowVotes","ContestedPossessions","UncontestedPossessions","ContestedMarks","MarksInside50","OnePercenters","Bounces","GoalAssists","PercentagePlayed","PointDifference","Team","Season","Round"
29,"Ambrose, Patrick",4,2,2,6,0,0,0,3,3,0,0,1,1,1,0,3,3,0,0,4,0,0,89,-27,"Essendon","2016",13
14,"Ashby, Jason",7,2,6,13,0,0,0,5,3,0,0,2,1,0,0,4,8,1,0,3,0,0,80,-27,"Essendon","2016",13
24,"Bird, Craig",4,1,8,12,0,0,0,7,1,0,2,0,0,0,0,7,5,0,0,0,0,0,59,-27,"Essendon","2016",13
28,"Brown, Mitch",11,3,1,12,2,4,0,0,0,2,0,2,2,0,0,7,5,0,2,0,0,0,79,-27,"Essendon","2016",13
17,"Cooney, Adam",18,12,7,25,0,2,0,5,3,5,4,5,0,0,3,7,19,0,0,0,0,1,73,-27,"Essendon","2016",13
6,"Daniher, Joe",9,6,2,11,2,2,0,4,1,1,0,1,2,0,0,6,6,2,4,2,0,0,98,-27,"Essendon","2016",13
15,"Dempsey, Courtenay",14,4,4,18,0,2,0,5,3,6,0,2,3,0,0,8,10,0,0,3,0,1,90,-27,"Essendon","2016",13
13,"Fantasia, Orazio",11,6,1,12,4,4,0,3,0,3,1,2,0,1,1,6,6,1,4,1,0,1,83,-27,"Essendon","2016",13
8,"Gleeson, Martin",7,6,11,18,0,0,0,0,0,1,0,2,0,1,0,8,10,1,1,2,0,0,81,-27,"Essendon","2016",13
9,"Goddard, Brendon",14,8,11,25,0,0,3,3,4,7,6,2,1,0,0,9,16,0,0,1,3,0,87,-27,"Essendon","2016",13
42,"Gwilt, James",14,6,7,21,0,0,0,2,6,2,0,3,0,3,0,11,12,2,0,10,0,1,94,-27,"Essendon","2016",13
41,"Hams, Will",7,6,8,15,0,0,0,3,3,1,1,1,2,0,0,3,12,0,0,3,0,0,72,-27,"Essendon","2016",13
36,"Hartley, Michael",7,3,1,8,0,0,0,3,0,2,0,1,1,0,0,2,5,0,0,12,0,0,95,-27,"Essendon","2016",13
53,"Jamar, Mark",6,6,6,12,2,1,14,0,0,2,1,1,1,1,0,8,4,5,1,2,0,0,78,-27,"Essendon","2016",13
47,"Kelly, James",11,5,10,21,0,0,0,6,1,3,7,6,2,2,0,11,9,1,0,2,0,0,67,-27,"Essendon","2016",13
22,"Leuenberger, Matthew",4,3,3,7,2,0,27,4,0,1,1,1,0,1,0,4,3,1,2,6,0,0,90,-27,"Essendon","2016",13
43,"McDonald-Tipungwuti, Anthony",15,5,2,17,0,0,0,3,1,5,2,3,1,2,0,4,12,0,0,4,1,1,71,-27,"Essendon","2016",13
20,"Merrett, Jackson",11,4,6,17,0,1,0,0,4,2,0,2,0,1,0,4,13,0,0,2,1,1,82,-27,"Essendon","2016",13
7,"Merrett, Zach",14,5,8,22,0,0,0,8,1,8,3,0,0,0,0,6,18,0,0,5,0,1,78,-27,"Essendon","2016",13
3,"Parish, Darcy",6,3,7,13,0,2,0,0,1,1,1,0,0,0,0,3,10,0,1,0,0,0,87,-27,"Essendon","2016",13
48,"Stokes, Mathew",9,4,7,16,0,0,0,2,0,1,0,0,3,0,0,6,10,0,1,2,0,0,84,-27,"Essendon","2016",13
11,"Zaharakis, David",11,2,14,25,0,0,0,5,3,3,6,2,4,0,0,11,14,0,0,0,0,1,84,-27,"Essendon","2016",13
0,"Totals",214,102,132,346,12,18,44,71,38,56,35,39,24,13,4,138,210,14,16,64,5,8,0,-27,"Essendon","2016",13
21,"Buntine, Matt",8,6,2,10,0,0,0,1,2,0,0,1,0,0,0,1,9,0,0,1,2,0,88,27,"Greater Western Sydney","2016",13
18,"Cameron, Jeremy",7,3,2,9,2,2,0,2,0,1,0,0,0,0,0,3,6,1,1,3,0,0,85,27,"Greater Western Sydney","2016",13
3,"Coniglio, Stephen",17,4,12,29,1,1,0,7,1,9,8,4,1,1,2,16,14,0,0,0,1,3,84,27,"Greater Western Sydney","2016",13
1,"Davis, Phil",5,5,4,9,0,0,0,1,1,1,0,2,1,1,0,5,6,0,0,9,0,0,89,27,"Greater Western Sydney","2016",13
44,"Downie, Tom",2,2,3,5,0,0,20,2,0,0,0,2,0,1,0,2,3,1,1,5,0,0,88,27,"Greater Western Sydney","2016",13
4,"Greene, Toby",16,5,6,22,4,2,2,3,0,7,1,5,2,1,0,9,14,0,1,2,0,1,87,27,"Greater Western Sydney","2016",13
32,"Griffen, Ryan",8,5,10,18,1,0,2,4,0,2,4,2,0,1,0,9,10,0,1,2,0,0,72,27,"Greater Western Sydney","2016",13
19,"Haynes, Nick",12,8,3,15,0,0,0,2,3,3,0,1,0,1,0,4,11,3,0,3,0,0,80,27,"Greater Western Sydney","2016",13
2,"Hopper, Jacob",6,2,12,18,1,0,0,3,2,3,1,3,0,2,0,7,11,0,0,3,0,1,68,27,"Greater Western Sydney","2016",13
22,"Kelly, Josh",11,4,12,23,1,1,0,3,2,4,3,2,0,1,0,5,19,0,0,1,0,0,82,27,"Greater Western Sydney","2016",13
15,"Kennedy, Matthew",6,1,5,11,3,0,0,0,0,0,0,1,1,0,0,6,5,0,0,1,0,0,58,27,"Greater Western Sydney","2016",13
37,"Lobb, Rory",6,4,8,14,0,0,13,4,3,0,0,0,1,0,0,10,6,2,0,2,0,0,84,27,"Greater Western Sydney","2016",13
24,"Patfull, Joel",7,5,5,12,0,0,0,3,4,1,0,4,0,2,0,2,9,0,0,2,0,0,89,27,"Greater Western Sydney","2016",13
12,"Patton, Jonathon",8,8,6,14,1,1,0,1,1,2,0,1,2,0,0,9,5,3,1,2,2,0,86,27,"Greater Western Sydney","2016",13
50,"Reid, Sam",8,3,5,13,1,2,0,2,0,1,0,4,0,1,0,5,8,1,3,1,0,1,73,27,"Greater Western Sydney","2016",13
9,"Scully, Tom",9,7,12,21,0,0,0,7,0,6,4,2,0,2,0,7,14,0,0,0,4,1,95,27,"Greater Western Sydney","2016",13
23,"Shaw, Heath",27,7,4,31,0,0,0,3,9,2,0,5,0,2,0,8,18,1,0,4,2,0,95,27,"Greater Western Sydney","2016",13
5,"Shiel, Dylan",8,0,13,21,0,1,0,4,0,4,6,2,3,1,0,12,11,0,0,1,0,2,74,27,"Greater Western Sydney","2016",13
8,"Ward, Callan",12,1,13,25,0,0,3,3,3,7,7,6,0,2,0,12,15,0,0,0,2,2,87,27,"Greater Western Sydney","2016",13
6,"Whitfield, Lachie",9,3,4,13,0,0,0,4,2,3,1,7,1,5,0,6,10,0,1,0,1,1,85,27,"Greater Western Sydney","2016",13
29,"Williams, Zac",12,5,11,23,2,0,0,0,0,2,0,1,1,0,0,5,18,1,0,2,2,0,76,27,"Greater Western Sydney","2016",13
16,"Wilson, Nathan",10,3,9,19,0,0,0,0,7,2,0,1,0,0,0,1,15,0,0,2,1,0,76,27,"Greater Western Sydney","2016",13
0,"Rushed",0,0,0,0,0,5,0,0,0,0,0,0,0,0,0,0,0,0,0,0,0,0,0,27,"Greater Western Sydney","2016",13
