"Number","Player","Kicks","Marks","Handballs","Disposals","Goals","Behinds","Hitouts","Tackles","Rebounds50s","Inside50s","Clearances","Clangers","FreesFor","FreesAgainst","BrownlowVotes","ContestedPossessions","UncontestedPossessions","ContestedMarks","MarksInside50","OnePercenters","Bounces","GoalAssists","PercentagePlayed","PointDifference","Team","Season","Round"
25,"Austin, Logan",12,7,1,13,0,0,0,4,2,1,0,1,1,0,0,1,12,0,0,7,0,0,84,-3,"Port Adelaide","2016",12
1,"Boak, Travis",15,1,9,24,1,1,0,3,0,5,5,1,1,0,0,11,13,0,1,1,0,0,82,-3,"Port Adelaide","2016",12
5,"Broadbent, Matthew",15,5,5,20,0,1,0,2,5,2,3,1,1,0,0,6,12,0,1,1,1,0,73,-3,"Port Adelaide","2016",12
33,"Byrne-Jones, Darcy",6,5,8,14,0,0,0,6,1,0,0,1,1,0,0,3,11,0,0,4,1,0,89,-3,"Port Adelaide","2016",12
22,"Dixon, Charlie",4,3,10,14,2,0,0,1,0,0,0,0,0,0,0,10,5,3,2,3,0,0,91,-3,"Port Adelaide","2016",12
7,"Ebert, Brad",10,6,13,23,1,0,0,5,2,1,0,3,1,1,0,12,12,4,0,6,0,0,92,-3,"Port Adelaide","2016",12
9,"Gray, Robbie",19,3,13,32,1,1,0,4,2,6,8,5,1,1,2,20,13,1,1,1,0,1,87,-3,"Port Adelaide","2016",12
46,"Gray, Sam",9,2,5,14,0,0,0,11,0,3,1,2,1,0,0,7,8,0,0,1,1,0,72,-3,"Port Adelaide","2016",12
8,"Hartlett, Hamish",5,4,10,15,0,0,0,3,0,3,0,2,0,0,0,4,12,0,0,0,0,1,79,-3,"Port Adelaide","2016",12
32,"Howard, Dougal",6,6,3,9,1,1,7,1,0,3,1,1,0,1,0,4,5,2,2,3,0,0,53,-3,"Port Adelaide","2016",12
24,"Impey, Jarman",5,2,3,8,1,0,0,8,0,2,0,1,0,0,0,0,8,0,1,1,1,0,82,-3,"Port Adelaide","2016",12
48,"Krakouer, Nathan",12,4,1,13,0,1,0,8,3,6,0,4,1,0,0,6,9,1,0,2,0,2,89,-3,"Port Adelaide","2016",12
3,"Neade, Jake",10,4,7,17,2,0,0,3,0,4,0,3,2,0,0,7,10,0,1,2,0,0,77,-3,"Port Adelaide","2016",12
13,"OShea, Cameron",8,3,7,15,0,0,0,3,2,2,1,2,0,1,0,4,9,0,0,5,0,0,87,-3,"Port Adelaide","2016",12
29,"Pittard, Jasper",22,9,6,28,0,1,0,1,9,3,1,4,3,1,0,9,18,2,0,8,2,1,87,-3,"Port Adelaide","2016",12
21,"Polec, Jared",11,4,9,20,0,0,0,3,0,3,1,1,1,1,0,5,16,0,0,1,0,0,79,-3,"Port Adelaide","2016",12
14,"Stewart, Paul",6,3,4,10,0,0,0,3,3,0,0,2,1,0,0,5,4,0,0,4,0,0,78,-3,"Port Adelaide","2016",12
12,"Trengove, Jackson",6,2,10,16,0,1,22,10,1,4,6,4,1,2,0,11,7,0,0,4,0,0,80,-3,"Port Adelaide","2016",12
39,"Westhoff, Justin",8,3,9,17,0,1,0,4,0,3,0,0,1,0,0,6,11,1,0,5,1,2,88,-3,"Port Adelaide","2016",12
16,"Wines, Ollie",7,4,19,26,1,0,6,8,1,1,4,2,2,0,1,17,11,1,1,0,0,0,80,-3,"Port Adelaide","2016",12
20,"Wingard, Chad",11,3,4,15,2,0,0,0,0,1,1,1,1,0,0,6,9,0,2,1,0,3,96,-3,"Port Adelaide","2016",12
40,"Young, Aaron",10,3,12,22,2,1,0,4,0,2,2,5,3,2,0,7,16,0,1,2,0,0,76,-3,"Port Adelaide","2016",12
0,"Rushed",0,0,0,0,0,4,0,0,0,0,0,0,0,0,0,0,0,0,0,0,0,0,0,-3,"Port Adelaide","2016",12
24,"Biggs, Shane",13,4,4,17,1,0,0,2,2,5,0,2,0,0,0,0,16,0,1,1,1,1,75,3,"Western Bulldogs","2016",12
4,"Bontempelli, Marcus",9,2,20,29,2,1,2,4,0,5,9,7,0,2,3,18,14,0,2,5,0,0,86,3,"Western Bulldogs","2016",12
5,"Boyd, Matthew",18,2,10,28,0,0,0,2,7,2,1,5,1,0,0,9,15,0,0,1,1,0,90,3,"Western Bulldogs","2016",12
15,"Campbell, Tom",7,2,6,13,0,0,24,2,1,3,3,1,1,0,0,10,2,1,0,1,0,0,86,3,"Western Bulldogs","2016",12
6,"Dahlhaus, Luke",4,0,4,8,1,0,0,2,0,1,0,1,1,1,0,3,5,0,0,1,0,0,18,3,"Western Bulldogs","2016",12
35,"Daniel, Caleb",12,2,8,20,0,0,0,5,1,3,1,2,0,2,0,2,17,0,0,0,3,3,76,3,"Western Bulldogs","2016",12
29,"Dickson, Tory",7,4,4,11,2,1,0,3,0,3,0,2,0,1,0,3,8,0,3,2,0,1,89,3,"Western Bulldogs","2016",12
20,"Dunkley, Josh",4,1,10,14,0,1,0,6,0,2,3,2,0,1,0,9,5,1,0,1,0,0,86,3,"Western Bulldogs","2016",12
30,"Hamling, Joel",0,2,6,6,0,0,0,5,1,0,0,1,0,0,0,3,3,0,0,13,0,0,90,3,"Western Bulldogs","2016",12
22,"Honeychurch, Mitch",12,5,10,22,1,1,0,6,2,2,3,2,1,1,0,9,13,1,0,1,0,1,77,3,"Western Bulldogs","2016",12
7,"Hunter, Lachie",16,6,9,25,0,0,0,1,7,3,0,5,0,1,0,6,19,0,0,2,0,1,89,3,"Western Bulldogs","2016",12
21,"Liberatore, Tom",8,2,16,24,1,0,0,8,0,6,13,4,1,3,0,21,7,0,0,3,0,0,84,3,"Western Bulldogs","2016",12
11,"Macrae, Jack",8,2,13,21,0,0,0,10,0,2,2,1,1,0,0,6,16,0,0,1,0,0,88,3,"Western Bulldogs","2016",12
38,"Morris, Dale",4,0,6,10,0,0,0,5,2,0,0,2,1,1,0,5,4,0,0,13,0,0,96,3,"Western Bulldogs","2016",12
42,"Picken, Liam",9,1,16,25,0,0,0,5,3,1,2,8,0,3,0,13,13,0,1,1,0,0,83,3,"Western Bulldogs","2016",12
43,"Redpath, Jack",7,7,2,9,4,0,0,2,0,2,0,6,0,1,0,3,6,2,4,1,0,1,83,3,"Western Bulldogs","2016",12
18,"Roberts, Fletcher",2,1,5,7,0,0,0,0,1,0,0,0,0,0,0,2,4,0,0,12,0,0,89,3,"Western Bulldogs","2016",12
23,"Roughead, Jordan",6,4,6,12,0,0,29,4,0,0,1,1,1,0,0,2,9,0,0,3,0,0,86,3,"Western Bulldogs","2016",12
9,"Stringer, Jake",8,1,8,16,3,1,0,1,0,2,2,5,0,2,0,10,7,1,0,2,1,0,90,3,"Western Bulldogs","2016",12
1,"Suckling, Matt",11,0,6,17,0,1,0,2,6,1,0,1,0,1,0,5,10,0,0,2,2,0,85,3,"Western Bulldogs","2016",12
3,"Wallis, Mitch",13,2,15,28,0,1,0,4,1,6,6,5,2,1,0,18,10,0,1,0,0,0,79,3,"Western Bulldogs","2016",12
34,"Williams, Bailey",6,5,8,14,0,0,0,1,2,2,0,2,0,2,0,4,10,0,0,2,0,1,72,3,"Western Bulldogs","2016",12
0,"Rushed",0,0,0,0,0,3,0,0,0,0,0,0,0,0,0,0,0,0,0,0,0,0,0,3,"Western Bulldogs","2016",12
