"Number","Player","Kicks","Marks","Handballs","Disposals","Goals","Behinds","Hitouts","Tackles","Rebounds50s","Inside50s","Clearances","Clangers","FreesFor","FreesAgainst","BrownlowVotes","ContestedPossessions","UncontestedPossessions","ContestedMarks","MarksInside50","OnePercenters","Bounces","GoalAssists","PercentagePlayed","PointDifference","Team","Season","Round"
29,"Ambrose, Patrick",3,2,2,5,0,0,0,5,0,1,0,2,0,2,0,2,4,1,0,9,0,0,93,-38,"Essendon","2016",10
12,"Baguley, Mark",10,3,3,13,0,0,0,4,1,2,1,4,5,1,0,7,6,0,1,3,0,1,85,-38,"Essendon","2016",10
24,"Bird, Craig",6,2,13,19,0,0,0,7,2,2,8,2,1,0,0,12,7,0,0,1,0,1,71,-38,"Essendon","2016",10
28,"Brown, Mitch",6,3,3,9,2,0,0,3,0,1,0,1,1,0,0,2,7,0,2,0,0,0,90,-38,"Essendon","2016",10
17,"Cooney, Adam",13,6,12,25,0,0,0,4,2,3,2,4,0,1,0,9,18,0,0,1,0,0,78,-38,"Essendon","2016",10
51,"Crowley, Ryan",5,5,9,14,1,0,0,1,1,0,1,2,0,0,0,7,7,1,3,0,0,0,77,-38,"Essendon","2016",10
6,"Daniher, Joe",7,7,10,17,2,0,5,1,0,3,2,5,1,0,0,8,9,2,1,3,1,0,86,-38,"Essendon","2016",10
49,"Dea, Matt",9,6,9,18,0,0,0,1,3,2,0,0,0,0,0,5,13,0,0,5,0,0,83,-38,"Essendon","2016",10
15,"Dempsey, Courtenay",13,7,4,17,0,0,0,2,2,1,1,1,0,0,0,2,15,1,0,2,0,0,77,-38,"Essendon","2016",10
19,"Edwards, Shaun",7,2,7,14,0,1,0,2,0,2,2,3,0,1,0,6,8,0,0,1,0,0,80,-38,"Essendon","2016",10
13,"Fantasia, Orazio",5,4,5,10,2,2,0,4,0,0,1,1,1,0,0,4,6,0,1,0,0,1,84,-38,"Essendon","2016",10
8,"Gleeson, Martin",8,3,8,16,0,0,0,1,3,0,1,1,0,0,0,4,12,0,0,1,0,0,85,-38,"Essendon","2016",10
9,"Goddard, Brendon",22,6,12,34,0,1,4,5,6,4,3,4,1,0,0,9,26,1,0,0,0,0,90,-38,"Essendon","2016",10
42,"Gwilt, James",14,7,6,20,0,0,0,0,5,2,0,4,0,2,0,5,16,1,0,1,0,0,95,-38,"Essendon","2016",10
36,"Hartley, Michael",1,1,2,3,0,0,0,1,1,0,0,2,0,2,0,1,2,0,0,4,0,0,65,-38,"Essendon","2016",10
53,"Jamar, Mark",2,3,5,7,1,0,19,2,0,1,1,1,2,1,0,5,3,2,0,4,0,0,80,-38,"Essendon","2016",10
47,"Kelly, James",12,3,12,24,0,0,0,10,1,6,5,5,1,0,0,9,15,0,0,0,1,0,68,-38,"Essendon","2016",10
30,"Langford, Kyle",6,3,6,12,0,0,0,3,1,6,1,3,0,0,0,3,9,0,0,2,0,1,86,-38,"Essendon","2016",10
43,"McDonald-Tipungwuti, Anthony",10,5,4,14,0,0,0,5,1,1,0,1,3,1,0,6,9,1,0,2,2,0,82,-38,"Essendon","2016",10
7,"Merrett, Zach",11,7,11,22,0,1,0,9,1,4,2,5,2,0,0,6,16,0,0,0,0,0,74,-38,"Essendon","2016",10
3,"Parish, Darcy",12,7,13,25,2,1,0,0,0,2,1,3,0,1,0,6,19,0,2,0,0,1,86,-38,"Essendon","2016",10
11,"Zaharakis, David",13,4,17,30,0,0,0,4,3,5,10,2,2,0,0,12,18,0,0,0,0,2,86,-38,"Essendon","2016",10
0,"Rushed",0,0,0,0,0,1,0,0,0,0,0,0,0,0,0,0,0,0,0,0,0,0,0,-38,"Essendon","2016",10
12,"Astbury, David",10,11,5,15,0,0,0,3,1,1,0,1,0,1,0,4,11,3,0,5,0,0,93,38,"Richmond","2016",10
11,"Batchelor, Jake",13,4,7,20,0,0,0,0,1,1,1,5,1,3,0,6,16,0,0,3,0,1,80,38,"Richmond","2016",10
9,"Cotchin, Trent",18,5,11,29,2,0,0,5,2,4,5,3,0,1,2,10,18,1,1,2,0,2,83,38,"Richmond","2016",10
3,"Deledio, Brett",9,7,14,23,3,1,0,4,1,2,0,2,0,1,0,5,18,0,2,1,2,0,87,38,"Richmond","2016",10
10,"Edwards, Shane",15,4,11,26,1,0,0,3,3,7,4,3,0,0,0,9,17,0,1,0,0,1,81,38,"Richmond","2016",10
5,"Ellis, Brandon",14,5,16,30,0,0,0,2,2,2,3,1,0,0,1,9,21,0,0,0,0,0,79,38,"Richmond","2016",10
32,"Ellis, Corey",13,4,1,14,0,0,0,2,4,0,0,0,0,0,0,2,10,0,0,0,1,0,72,38,"Richmond","2016",10
24,"Griffiths, Ben",6,5,4,10,1,2,8,0,0,2,0,0,1,0,0,5,5,2,3,2,0,0,75,38,"Richmond","2016",10
6,"Grigg, Shaun",15,4,8,23,2,0,0,2,0,5,8,4,1,1,0,11,12,0,1,2,1,2,82,38,"Richmond","2016",10
2,"Grimes, Dylan",10,6,7,17,0,0,0,2,4,0,0,0,0,0,0,8,9,1,0,2,0,0,82,38,"Richmond","2016",10
16,"Hampson, Shaun",3,0,5,8,0,0,33,1,0,1,1,6,3,4,0,7,3,0,0,3,0,0,73,38,"Richmond","2016",10
28,"Hunt, Taylor",11,6,7,18,0,0,0,2,2,0,0,1,0,0,0,2,15,0,0,2,0,0,87,38,"Richmond","2016",10
23,"Lambert, Kane",9,2,8,17,0,1,0,5,0,4,0,2,1,1,0,8,11,0,0,1,0,1,80,38,"Richmond","2016",10
27,"Lloyd, Sam",11,6,2,13,2,0,0,0,0,3,0,2,0,0,0,3,11,1,3,1,0,1,81,38,"Richmond","2016",10
4,"Martin, Dustin",22,10,16,38,0,0,0,1,1,6,7,7,0,3,3,15,24,1,1,3,1,2,75,38,"Richmond","2016",10
26,"Miles, Anthony",13,9,9,22,0,0,0,2,3,3,1,3,1,2,0,8,14,0,0,2,0,1,74,38,"Richmond","2016",10
38,"Morris, Steven",8,2,6,14,0,0,0,4,6,3,0,0,1,0,0,5,8,0,0,6,0,0,90,38,"Richmond","2016",10
18,"Rance, Alex",9,9,9,18,0,0,0,2,2,0,0,3,0,2,0,4,13,0,0,9,0,0,100,38,"Richmond","2016",10
8,"Riewoldt, Jack",10,6,3,13,2,3,1,2,0,4,0,1,1,0,0,5,9,0,4,1,0,1,94,38,"Richmond","2016",10
17,"Rioli, Daniel",4,1,2,6,0,0,0,2,0,1,0,2,2,1,0,5,3,0,0,4,1,1,80,38,"Richmond","2016",10
29,"Vickery, Ty",10,8,3,13,3,0,1,0,0,2,0,0,0,0,0,6,7,3,2,1,0,0,76,38,"Richmond","2016",10
1,"Vlastuin, Nick",11,7,10,21,0,0,0,2,1,2,1,0,0,0,0,5,15,1,1,3,0,0,77,38,"Richmond","2016",10
0,"Rushed",0,0,0,0,0,2,0,0,0,0,0,0,0,0,0,0,0,0,0,0,0,0,0,38,"Richmond","2016",10
