"Number","Player","Kicks","Marks","Handballs","Disposals","Goals","Behinds","Hitouts","Tackles","Rebounds50s","Inside50s","Clearances","Clangers","FreesFor","FreesAgainst","BrownlowVotes","ContestedPossessions","UncontestedPossessions","ContestedMarks","MarksInside50","OnePercenters","Bounces","GoalAssists","PercentagePlayed","PointDifference","Team","Season","Round"
36,"Aliir, Aliir",11,6,5,16,0,0,0,0,2,1,1,4,0,2,0,7,8,0,0,1,0,0,88,-5,"Sydney","2016",17
23,"Franklin, Lance",12,6,7,19,0,2,0,3,0,6,0,3,1,0,0,8,10,3,2,2,1,1,99,-5,"Sydney","2016",17
39,"Grundy, Heath",12,7,3,15,0,0,0,2,1,0,0,1,0,0,0,5,10,2,1,6,0,0,100,-5,"Sydney","2016",17
4,"Hannebery, Dan",10,6,11,21,0,2,0,3,2,1,1,4,0,2,0,2,19,0,1,2,0,0,86,-5,"Sydney","2016",17
29,"Hewett, George",5,3,7,12,0,0,0,2,1,1,1,4,0,1,0,5,6,0,0,0,0,0,73,-5,"Sydney","2016",17
15,"Jack, Kieren",15,3,5,20,0,1,0,5,3,4,4,4,0,1,0,10,9,0,0,0,0,0,78,-5,"Sydney","2016",17
10,"Jones, Zak",7,1,0,7,0,0,0,1,1,4,0,3,0,2,0,1,7,0,0,2,0,0,59,-5,"Sydney","2016",17
12,"Kennedy, Josh",15,6,18,33,1,1,0,6,1,6,7,2,1,0,1,19,15,0,0,0,0,0,90,-5,"Sydney","2016",17
44,"Lloyd, Jake",9,3,3,12,0,0,0,4,2,3,1,0,1,0,0,5,7,0,0,2,0,0,69,-5,"Sydney","2016",17
21,"McGlynn, Ben",8,2,4,12,0,0,0,2,0,7,2,2,1,0,0,6,6,0,0,0,0,1,69,-5,"Sydney","2016",17
3,"McVeigh, Jarrad",9,0,14,23,0,0,0,3,6,0,2,1,0,0,0,9,13,0,0,2,0,0,94,-5,"Sydney","2016",17
14,"Mills, Callum",10,7,7,17,0,0,0,2,4,3,0,1,0,0,0,5,12,1,0,3,0,0,82,-5,"Sydney","2016",17
6,"Mitchell, Tom",8,4,26,34,0,0,0,6,1,2,3,2,0,1,0,14,20,0,0,1,2,0,84,-5,"Sydney","2016",17
35,"Naismith, Sam",6,3,6,12,0,0,30,1,3,2,0,2,0,0,0,6,6,1,0,4,0,1,71,-5,"Sydney","2016",17
41,"Papley, Tom",8,1,7,15,2,1,0,1,0,2,0,3,1,1,0,9,6,0,1,1,1,0,78,-5,"Sydney","2016",17
26,"Parker, Luke",17,1,18,35,1,1,0,4,1,3,14,5,1,1,0,19,13,0,1,2,0,1,90,-5,"Sydney","2016",17
24,"Rampe, Dane",14,7,2,16,0,0,0,1,7,0,0,3,1,1,0,5,10,1,0,6,0,0,94,-5,"Sydney","2016",17
25,"Richards, Ted",5,4,3,8,0,0,0,1,0,1,0,1,0,0,0,4,3,1,1,0,0,0,77,-5,"Sydney","2016",17
16,"Rohan, Gary",9,5,3,12,4,1,0,3,1,1,0,0,0,0,0,5,6,3,3,1,0,1,76,-5,"Sydney","2016",17
18,"Sinclair, Callum",5,3,6,11,1,0,13,2,0,2,1,2,1,2,0,8,3,3,1,3,0,0,66,-5,"Sydney","2016",17
40,"Smith, Nick",7,3,5,12,0,0,0,0,1,2,1,0,1,0,0,5,8,1,0,1,0,0,90,-5,"Sydney","2016",17
22,"Towers, Dean",9,4,3,12,1,1,3,2,0,3,0,2,0,1,0,3,10,1,0,0,2,0,88,-5,"Sydney","2016",17
0,"Totals",211,85,163,374,10,10,46,54,37,54,38,49,9,15,1,160,207,17,11,39,6,5,0,-5,"Sydney","2016",17
14,"Birchall, Grant",13,6,12,25,0,0,0,0,4,1,0,1,0,0,0,3,20,1,0,0,0,0,75,5,"Hawthorn","2016",17
30,"Brand, Kaiden",4,3,7,11,0,0,0,1,3,0,0,4,0,1,0,5,6,0,0,5,0,0,81,5,"Hawthorn","2016",17
22,"Breust, Luke",6,2,5,11,0,1,1,6,0,0,3,2,0,0,0,4,8,0,1,1,0,0,85,5,"Hawthorn","2016",17
9,"Burgoyne, Shaun",15,3,11,26,2,1,0,11,1,7,10,0,1,0,3,12,13,0,1,1,1,0,83,5,"Hawthorn","2016",17
18,"Ceglar, Jonathon",5,3,5,10,1,0,28,5,1,3,1,0,0,0,0,4,7,0,0,4,0,0,79,5,"Hawthorn","2016",17
8,"Duryea, Taylor",11,6,4,15,0,0,0,1,4,3,0,2,1,1,0,3,11,0,0,0,1,1,72,5,"Hawthorn","2016",17
12,"Frawley, James",5,2,2,7,0,0,0,2,2,1,0,1,0,1,0,1,5,0,0,7,0,0,100,5,"Hawthorn","2016",17
6,"Gibson, Josh",12,8,12,24,0,0,0,0,3,0,0,2,1,0,0,6,18,1,0,6,0,0,100,5,"Hawthorn","2016",17
19,"Gunston, Jack",15,8,5,20,2,2,0,6,2,3,0,3,2,1,0,9,10,3,3,2,0,0,93,5,"Hawthorn","2016",17
10,"Hill, Bradley",12,7,13,25,1,1,0,3,2,2,1,4,1,0,0,6,20,1,1,2,1,0,74,5,"Hawthorn","2016",17
15,"Hodge, Luke",11,6,7,18,0,0,2,4,4,4,2,4,0,2,0,6,12,0,0,5,0,0,89,5,"Hawthorn","2016",17
3,"Lewis, Jordan",14,5,12,26,1,1,4,4,4,6,4,2,1,1,0,8,19,0,0,4,0,0,88,5,"Hawthorn","2016",17
17,"Dewar, Angus",2,1,1,3,0,0,0,3,0,0,0,1,0,1,0,2,1,0,0,3,0,0,72,5,"Hawthorn","2016",17
7,"McEvoy, Ben",2,0,5,7,0,0,9,2,0,0,0,0,1,0,0,4,3,0,0,2,0,1,81,5,"Hawthorn","2016",17
5,"Mitchell, Sam",25,4,12,37,0,0,0,3,6,4,8,5,2,0,2,11,25,0,0,2,0,0,92,5,"Hawthorn","2016",17
13,"ORourke, Jonathan",6,2,6,12,1,0,0,3,1,2,3,1,1,0,0,5,6,0,0,0,0,0,57,5,"Hawthorn","2016",17
28,"Puopolo, Paul",10,3,8,18,1,0,0,8,1,4,1,3,2,1,0,9,6,0,1,1,0,0,80,5,"Hawthorn","2016",17
33,"Rioli, Cyril",9,4,8,17,2,0,0,7,0,6,1,2,0,0,0,10,7,2,2,0,1,0,76,5,"Hawthorn","2016",17
21,"Sicily, James",7,2,2,9,0,1,0,1,2,1,0,0,0,0,0,3,6,0,0,0,0,1,74,5,"Hawthorn","2016",17
16,"Smith, Isaac",13,5,8,21,0,0,1,5,0,2,2,2,1,0,0,4,17,0,0,0,2,1,84,5,"Hawthorn","2016",17
24,"Stratton, Ben",6,3,5,11,0,0,0,4,0,0,0,0,1,0,0,3,7,0,0,5,0,1,92,5,"Hawthorn","2016",17
11,"Whitecross, Brendan",6,6,9,15,0,1,0,2,1,0,2,1,0,0,0,5,11,1,1,5,0,0,71,5,"Hawthorn","2016",17
0,"Rushed",0,0,0,0,0,1,0,0,0,0,0,0,0,0,0,0,0,0,0,0,0,0,0,5,"Hawthorn","2016",17
