"Number","Player","Kicks","Marks","Handballs","Disposals","Goals","Behinds","Hitouts","Tackles","Rebounds50s","Inside50s","Clearances","Clangers","FreesFor","FreesAgainst","BrownlowVotes","ContestedPossessions","UncontestedPossessions","ContestedMarks","MarksInside50","OnePercenters","Bounces","GoalAssists","PercentagePlayed","PointDifference","Team","Season","Round"
27,"Armfield, Dennis",10,5,11,21,0,0,0,0,0,4,3,4,0,2,0,8,14,0,0,0,0,1,84,-7,"Carlton","2016",17
7,"Buckley, Dylan",10,5,7,17,1,0,0,5,0,3,1,1,0,0,0,5,12,0,0,0,1,0,81,-7,"Carlton","2016",17
9,"Cripps, Patrick",9,3,20,29,1,2,3,6,2,3,12,2,4,2,2,16,13,0,1,0,0,0,86,-7,"Carlton","2016",17
30,"Curnow, Charlie",4,3,3,7,1,0,0,2,0,2,0,2,1,0,0,3,5,1,1,0,0,1,68,-7,"Carlton","2016",17
35,"Curnow, Ed",8,3,7,15,1,0,0,7,0,3,1,2,2,1,0,4,10,0,0,1,0,0,91,-7,"Carlton","2016",17
15,"Docherty, Sam",21,12,11,32,0,0,0,3,9,1,0,3,1,0,0,6,24,1,0,2,2,1,92,-7,"Carlton","2016",17
4,"Gibbs, Bryce",16,3,10,26,2,0,3,2,1,5,4,1,0,0,0,7,18,0,1,0,0,2,80,-7,"Carlton","2016",17
32,"Graham, Nick",9,10,7,16,0,0,0,8,0,3,0,3,0,1,0,2,14,0,1,1,0,1,68,-7,"Carlton","2016",17
18,"Jaksch, Kristian",7,2,1,8,0,0,0,2,1,2,0,2,1,0,0,2,6,0,0,0,0,0,79,-7,"Carlton","2016",17
11,"Kerridge, Sam",12,6,15,27,1,0,0,5,2,2,1,4,0,1,0,5,22,1,1,3,0,1,86,-7,"Carlton","2016",17
8,"Kreuzer, Matthew",5,0,7,12,0,0,17,5,0,2,7,4,2,1,0,9,1,0,0,2,0,0,78,-7,"Carlton","2016",17
13,"Lamb, Jed",3,3,2,5,0,0,0,2,1,0,1,3,0,1,0,2,3,0,0,1,0,0,76,-7,"Carlton","2016",17
34,"Phillips, Andrew",6,4,3,9,0,2,19,4,1,2,5,1,2,0,0,9,1,3,1,4,0,0,83,-7,"Carlton","2016",17
20,"Plowman, Lachie",10,5,5,15,0,0,0,0,3,1,0,1,0,1,0,3,10,1,0,4,0,0,79,-7,"Carlton","2016",17
17,"Rowe, Sam",4,2,2,6,0,0,0,3,0,0,0,2,3,1,0,4,3,1,0,11,0,0,100,-7,"Carlton","2016",17
2,"Silvagni, Jack",9,6,3,12,1,2,0,0,0,0,0,1,1,0,0,5,7,2,2,0,0,1,87,-7,"Carlton","2016",17
6,"Simpson, Kade",13,10,15,28,0,0,0,2,4,1,0,5,1,3,0,9,21,1,0,2,3,0,95,-7,"Carlton","2016",17
19,"Sumner, Liam",3,2,3,6,0,1,0,2,0,2,0,2,1,0,0,3,5,0,0,1,0,1,77,-7,"Carlton","2016",17
42,"Tuohy, Zach",11,2,8,19,0,0,0,1,3,1,0,1,1,0,0,4,14,0,0,2,1,0,82,-7,"Carlton","2016",17
23,"Weitering, Jacob",4,4,3,7,2,0,0,1,0,1,0,0,0,0,0,4,3,3,2,2,0,0,62,-7,"Carlton","2016",17
43,"White, Simon",12,10,11,23,0,0,1,4,4,2,1,3,0,2,0,6,17,1,0,4,0,0,81,-7,"Carlton","2016",17
46,"Wright, Matthew",16,5,3,19,1,0,0,1,1,3,4,5,1,1,0,6,13,0,1,1,0,0,85,-7,"Carlton","2016",17
0,"Rushed",0,0,0,0,0,2,0,0,0,0,0,0,0,0,0,0,0,0,0,0,0,0,0,-7,"Carlton","2016",17
37,"Barrass, Tom",10,6,7,17,0,0,0,1,2,1,0,0,0,0,0,5,12,2,0,4,0,0,79,7,"West Coast","2016",17
1,"Brown, Mitch",3,0,3,6,0,0,4,7,1,0,0,1,0,1,0,2,4,0,0,0,0,0,54,7,"West Coast","2016",17
26,"Butler, Sam",10,3,5,15,0,0,0,2,3,2,0,1,1,0,0,3,11,0,0,1,0,0,80,7,"West Coast","2016",17
15,"Cripps, Jamie",10,6,6,16,3,0,0,7,0,6,1,1,3,0,1,5,11,0,1,0,0,1,74,7,"West Coast","2016",17
27,"Darling, Jack",7,5,4,11,0,5,0,3,0,0,1,2,2,1,0,5,8,0,4,0,0,0,90,7,"West Coast","2016",17
3,"Gaff, Andrew",18,6,12,30,0,0,0,1,5,2,5,1,0,0,3,8,22,0,1,1,0,1,87,7,"West Coast","2016",17
33,"Hill, Josh",7,5,6,13,1,0,0,3,1,3,0,2,0,0,0,7,6,2,2,2,0,1,85,7,"West Coast","2016",17
25,"Hurn, Shannon",8,6,8,16,0,0,0,2,3,0,1,1,0,0,0,6,8,1,0,3,0,0,85,7,"West Coast","2016",17
34,"Hutchings, Mark",8,1,4,12,0,0,0,3,0,2,3,3,2,1,0,7,5,0,0,1,0,0,83,7,"West Coast","2016",17
17,"Kennedy, Josh",7,5,1,8,2,1,0,0,0,2,0,4,1,1,0,2,6,1,3,1,0,0,100,7,"West Coast","2016",17
2,"LeCras, Mark",14,6,4,18,2,1,0,7,0,5,0,1,1,1,0,5,12,0,1,0,0,3,84,7,"West Coast","2016",17
29,"Lycett, Scott",7,1,5,12,0,1,36,4,1,2,5,5,0,4,0,5,7,0,0,5,1,0,81,7,"West Coast","2016",17
7,"Masten, Chris",12,4,6,18,0,0,0,0,1,4,1,5,0,2,0,4,16,0,0,1,0,1,85,7,"West Coast","2016",17
35,"McGinnity, Patrick",2,1,10,12,0,0,0,3,0,0,2,0,1,0,0,7,5,0,0,0,0,0,67,7,"West Coast","2016",17
20,"McGovern, Jeremy",12,8,6,18,0,0,0,3,2,3,0,1,0,0,0,7,10,3,0,4,0,0,80,7,"West Coast","2016",17
11,"Priddis, Matt",12,1,12,24,0,0,0,8,1,5,9,3,2,2,0,15,8,0,0,0,0,0,87,7,"West Coast","2016",17
8,"Redden, Jack",4,2,4,8,0,0,0,2,2,0,3,2,0,1,0,2,6,0,0,0,0,0,74,7,"West Coast","2016",17
31,"Schofield, Will",4,2,4,8,1,0,0,5,0,0,0,3,2,2,0,4,6,1,1,8,0,0,90,7,"West Coast","2016",17
5,"Sheppard, Brad",6,4,6,12,0,0,0,0,0,2,0,1,0,1,0,4,8,0,0,0,0,0,91,7,"West Coast","2016",17
13,"Shuey, Luke",9,5,14,23,1,1,0,8,3,4,4,4,1,2,0,9,13,0,0,1,1,0,77,7,"West Coast","2016",17
12,"Wellingham, Sharrod",9,6,8,17,0,0,0,3,3,1,0,1,0,0,0,3,13,0,0,1,0,0,82,7,"West Coast","2016",17
6,"Yeo, Elliot",11,4,5,16,2,0,1,5,1,4,2,5,1,2,0,6,10,1,0,1,0,1,87,7,"West Coast","2016",17
0,"Rushed",0,0,0,0,0,1,0,0,0,0,0,0,0,0,0,0,0,0,0,0,0,0,0,7,"West Coast","2016",17
