"Number","Player","Kicks","Marks","Handballs","Disposals","Goals","Behinds","Hitouts","Tackles","Rebounds50s","Inside50s","Clearances","Clangers","FreesFor","FreesAgainst","BrownlowVotes","ContestedPossessions","UncontestedPossessions","ContestedMarks","MarksInside50","OnePercenters","Bounces","GoalAssists","PercentagePlayed","PointDifference","Team","Season","Round"
9,"Ablett, Gary",14,3,21,35,0,1,0,8,3,3,9,3,1,1,1,12,22,0,1,3,1,0,90,54,"Gold Coast","2016",3
27,"Cameron, Clay",8,7,10,18,1,0,0,5,5,2,0,1,1,0,0,5,13,0,1,5,0,0,90,54,"Gold Coast","2016",3
39,"Davis, Ryan",9,5,5,14,0,2,0,4,2,2,1,3,0,1,0,3,11,0,3,3,0,0,81,54,"Gold Coast","2016",3
12,"Day, Sam",7,5,5,12,1,2,2,5,0,3,0,1,1,0,0,5,8,2,3,9,0,1,88,54,"Gold Coast","2016",3
33,"Hall, Aaron",27,6,13,40,1,2,0,4,3,7,2,5,2,0,3,9,31,0,1,0,0,2,78,54,"Gold Coast","2016",3
5,"Harbrow, Jarrod",12,3,10,22,0,0,0,5,6,1,0,1,0,0,0,2,18,0,0,2,1,0,92,54,"Gold Coast","2016",3
28,"Kolodjashnij, Kade",15,12,11,26,0,0,0,1,3,3,1,0,1,0,0,4,24,0,0,5,0,0,92,54,"Gold Coast","2016",3
23,"Lemmens, Sean",5,1,6,11,0,0,0,4,1,1,1,1,0,0,0,5,6,0,0,4,1,1,84,54,"Gold Coast","2016",3
37,"Lonergan, Jesse",7,1,14,21,0,1,0,4,1,1,2,3,2,2,0,8,13,0,0,2,0,0,81,54,"Gold Coast","2016",3
19,"Lynch, Tom",14,10,9,23,4,3,0,2,0,3,0,2,1,1,2,8,16,3,6,0,0,2,98,54,"Gold Coast","2016",3
7,"Malceski, Nick",12,6,12,24,1,0,0,3,3,4,3,2,3,1,0,6,19,0,1,2,1,0,85,54,"Gold Coast","2016",3
4,"Martin, Jack",11,10,8,19,3,0,0,0,0,2,0,2,0,1,0,5,14,0,4,0,0,2,84,54,"Gold Coast","2016",3
32,"Matera, Brandon",14,5,2,16,1,2,0,0,1,7,1,3,0,1,0,4,12,0,0,1,0,0,90,54,"Gold Coast","2016",3
17,"May, Steven",10,4,5,15,0,0,0,2,1,0,0,1,2,1,0,5,10,1,0,11,1,0,94,54,"Gold Coast","2016",3
18,"McKenzie, Trent",0,0,0,0,0,0,0,1,0,0,0,0,0,0,0,0,0,0,0,1,0,0,10,54,"Gold Coast","2016",3
22,"Nicholls, Tom",5,2,9,14,0,0,17,2,2,2,4,3,0,2,0,9,5,2,0,2,0,0,81,54,"Gold Coast","2016",3
10,"Prestia, Dion",9,4,15,24,0,0,0,3,3,3,3,3,2,2,0,8,16,0,0,0,0,0,77,54,"Gold Coast","2016",3
35,"Rischitelli, Michael",7,5,14,21,0,0,0,3,2,4,4,0,0,0,0,9,14,0,0,5,0,1,86,54,"Gold Coast","2016",3
3,"Rosa, Matt",12,6,12,24,0,0,0,3,1,4,1,2,1,0,0,7,16,0,1,1,0,0,79,54,"Gold Coast","2016",3
42,"Saad, Adam",10,7,9,19,0,0,0,4,3,1,0,1,1,0,0,6,15,0,0,1,3,0,89,54,"Gold Coast","2016",3
6,"Sexton, Alex",11,5,5,16,1,0,0,2,0,7,0,3,2,1,0,3,13,0,2,0,0,1,86,54,"Gold Coast","2016",3
16,"Thompson, Rory",3,2,3,6,0,0,0,0,1,1,0,0,0,0,0,2,4,0,0,4,0,0,66,54,"Gold Coast","2016",3
0,"Rushed",0,0,0,0,0,4,0,0,0,0,0,0,0,0,0,0,0,0,0,0,0,0,0,54,"Gold Coast","2016",3
12,"Boekhorst, Blaine",7,3,6,13,0,0,0,1,0,2,0,2,0,1,0,3,9,0,1,0,1,0,80,-54,"Carlton","2016",3
7,"Buckley, Dylan",4,2,7,11,0,1,0,2,0,5,1,1,0,0,0,3,8,0,0,0,0,1,73,-54,"Carlton","2016",3
38,"Byrne, Ciaran",10,5,10,20,0,0,0,1,1,1,0,1,0,0,0,6,14,0,0,0,0,0,78,-54,"Carlton","2016",3
41,"Casboult, Levi",6,5,3,9,1,2,0,1,0,2,0,1,1,0,0,5,4,2,3,1,0,0,87,-54,"Carlton","2016",3
9,"Cripps, Patrick",9,1,14,23,1,1,1,8,0,3,8,6,3,4,0,13,9,0,0,1,0,0,82,-54,"Carlton","2016",3
30,"Curnow, Charlie",7,3,3,10,1,1,0,1,0,2,0,2,0,1,0,3,8,1,0,3,0,1,64,-54,"Carlton","2016",3
35,"Curnow, Ed",14,6,16,30,0,0,0,4,2,5,2,6,1,3,0,13,18,1,0,0,0,0,88,-54,"Carlton","2016",3
15,"Docherty, Sam",11,8,11,22,0,0,0,5,8,1,1,2,1,2,0,6,18,0,0,6,0,0,89,-54,"Carlton","2016",3
4,"Gibbs, Bryce",10,6,11,21,0,0,0,5,3,4,1,2,0,1,0,4,20,0,0,2,0,0,85,-54,"Carlton","2016",3
32,"Graham, Nick",10,5,10,20,0,0,0,1,2,2,1,0,0,0,0,1,18,0,0,0,0,0,88,-54,"Carlton","2016",3
40,"Jamison, Michael",5,4,7,12,0,0,0,2,2,3,0,0,0,0,0,1,10,1,0,5,0,0,81,-54,"Carlton","2016",3
11,"Kerridge, Sam",11,4,10,21,0,1,1,3,1,4,1,3,0,1,0,6,16,0,1,1,0,1,92,-54,"Carlton","2016",3
8,"Kreuzer, Matthew",5,1,6,11,0,0,23,3,0,1,1,1,2,0,0,6,6,0,0,0,1,0,75,-54,"Carlton","2016",3
3,"Murphy, Marc",11,2,9,20,0,0,0,1,0,6,2,5,1,1,0,7,11,0,0,1,5,0,74,-54,"Carlton","2016",3
34,"Phillips, Andrew",1,2,4,5,0,0,11,4,0,0,2,1,0,1,0,4,2,1,0,1,0,0,72,-54,"Carlton","2016",3
17,"Rowe, Sam",4,2,4,8,0,0,1,0,3,0,0,2,0,1,0,3,4,0,0,9,0,0,96,-54,"Carlton","2016",3
6,"Simpson, Kade",11,2,12,23,0,0,0,0,5,1,1,2,0,2,0,6,17,0,0,3,0,0,92,-54,"Carlton","2016",3
39,"Thomas, Dale",8,3,9,17,0,1,0,3,2,1,1,1,0,0,0,3,13,0,0,1,0,0,84,-54,"Carlton","2016",3
42,"Tuohy, Zach",14,3,5,19,1,0,0,1,6,2,0,1,1,1,0,4,12,0,0,2,0,0,80,-54,"Carlton","2016",3
23,"Weitering, Jacob",17,9,9,26,0,0,0,2,5,2,0,1,2,0,0,10,15,3,0,6,1,0,88,-54,"Carlton","2016",3
24,"Whiley, Mark",8,2,8,16,0,0,1,1,0,1,1,1,1,0,0,5,10,0,0,0,0,0,66,-54,"Carlton","2016",3
46,"Wright, Matthew",11,4,12,23,1,1,0,4,1,1,1,2,1,1,0,13,9,0,0,1,0,0,86,-54,"Carlton","2016",3
0,"Rushed",0,0,0,0,0,3,0,0,0,0,0,0,0,0,0,0,0,0,0,0,0,0,0,-54,"Carlton","2016",3
