"Number","Player","Kicks","Marks","Handballs","Disposals","Goals","Behinds","Hitouts","Tackles","Rebounds50s","Inside50s","Clearances","Clangers","FreesFor","FreesAgainst","BrownlowVotes","ContestedPossessions","UncontestedPossessions","ContestedMarks","MarksInside50","OnePercenters","Bounces","GoalAssists","PercentagePlayed","PointDifference","Team","Season","Round"
29,"Ambrose, Patrick",7,4,5,12,0,0,0,1,1,2,0,1,0,0,0,4,8,1,0,1,0,0,89,24,"Essendon","2016",23
24,"Bird, Craig",10,5,12,22,0,1,0,5,3,2,6,1,1,0,0,8,14,0,1,0,0,1,69,24,"Essendon","2016",23
28,"Brown, Mitch",12,6,9,21,0,0,1,1,7,0,0,4,0,1,0,4,17,0,0,5,0,0,83,24,"Essendon","2016",23
6,"Daniher, Joe",12,6,5,17,5,2,0,0,0,3,0,1,1,0,3,4,13,0,4,2,0,1,85,24,"Essendon","2016",23
49,"Dea, Matt",17,10,10,27,0,0,0,2,7,0,0,2,1,0,0,9,18,1,0,1,0,0,88,24,"Essendon","2016",23
15,"Dempsey, Courtenay",10,6,3,13,1,1,0,0,1,3,0,2,0,0,0,2,11,1,2,1,0,1,77,24,"Essendon","2016",23
8,"Gleeson, Martin",7,4,9,16,0,0,0,3,3,0,0,2,0,0,0,2,14,0,0,2,0,0,76,24,"Essendon","2016",23
9,"Goddard, Brendon",9,5,15,24,0,0,0,6,2,1,3,2,2,1,0,8,17,0,0,3,0,1,87,24,"Essendon","2016",23
36,"Hartley, Michael",6,4,2,8,0,1,0,2,3,2,0,1,0,0,0,4,5,0,0,14,0,0,92,24,"Essendon","2016",23
47,"Kelly, James",14,8,8,22,0,0,0,5,5,2,1,0,1,0,0,5,16,0,0,3,1,2,86,24,"Essendon","2016",23
38,"Kommer, Nick",4,3,5,9,0,1,0,2,0,3,2,1,2,0,0,4,5,0,1,0,0,1,76,24,"Essendon","2016",23
30,"Langford, Kyle",10,9,4,14,3,2,0,5,1,0,0,1,2,0,0,5,10,2,2,1,0,0,84,24,"Essendon","2016",23
33,"Laverde, Jayden",9,7,1,10,1,2,0,1,1,2,0,3,1,1,0,2,8,0,2,0,0,1,82,24,"Essendon","2016",23
22,"Leuenberger, Matthew",4,3,11,15,0,1,18,1,1,2,3,1,1,1,0,6,10,0,1,2,0,0,83,24,"Essendon","2016",23
34,"Long, Jake",5,4,5,10,0,0,0,0,0,4,2,2,0,1,0,2,9,0,0,1,1,0,77,24,"Essendon","2016",23
43,"McDonald-Tipungwuti, Anthony",6,3,4,10,4,0,0,3,0,0,0,0,1,0,1,3,7,0,2,1,0,0,75,24,"Essendon","2016",23
45,"McKenna, Conor",12,3,6,18,0,0,0,2,2,0,0,2,1,1,0,2,16,0,0,1,0,0,80,24,"Essendon","2016",23
44,"McKernan, Shaun",13,5,3,16,1,0,3,1,1,5,2,4,1,1,0,8,8,1,0,2,0,1,82,24,"Essendon","2016",23
20,"Merrett, Jackson",8,5,9,17,0,0,0,0,1,4,1,1,0,0,0,5,12,1,0,1,0,1,86,24,"Essendon","2016",23
7,"Merrett, Zach",20,4,14,34,0,0,0,3,3,5,6,0,3,0,2,11,24,0,0,0,1,1,85,24,"Essendon","2016",23
3,"Parish, Darcy",9,5,14,23,0,0,0,8,2,2,4,4,0,2,0,10,12,0,0,0,0,1,76,24,"Essendon","2016",23
11,"Zaharakis, David",12,6,10,22,0,0,0,3,1,3,1,2,1,0,0,6,18,0,0,1,1,0,81,24,"Essendon","2016",23
0,"Rushed",0,0,0,0,0,2,0,0,0,0,0,0,0,0,0,0,0,0,0,0,0,0,0,24,"Essendon","2016",23
27,"Armfield, Dennis",4,1,6,10,2,0,0,1,0,2,0,0,0,0,0,3,7,0,1,0,0,0,86,-24,"Carlton","2016",23
7,"Buckley, Dylan",12,4,9,21,1,1,0,2,0,5,0,5,0,2,0,8,14,0,0,0,0,0,80,-24,"Carlton","2016",23
41,"Casboult, Levi",6,7,2,8,1,2,0,1,0,2,0,2,0,0,0,3,5,3,4,2,0,0,90,-24,"Carlton","2016",23
9,"Cripps, Patrick",7,4,25,32,0,0,1,8,1,1,10,2,0,2,0,23,10,0,0,1,0,0,84,-24,"Carlton","2016",23
28,"Cuningham, David",8,3,5,13,0,0,0,2,1,6,1,2,1,0,0,3,9,0,0,1,1,0,68,-24,"Carlton","2016",23
15,"Docherty, Sam",16,8,10,26,1,0,0,1,9,3,0,2,0,0,0,5,19,0,0,4,7,0,91,-24,"Carlton","2016",23
4,"Gibbs, Bryce",13,3,17,30,0,1,3,3,1,5,5,2,0,1,0,10,17,0,1,0,0,1,76,-24,"Carlton","2016",23
32,"Graham, Nick",12,5,8,20,0,3,0,0,0,5,1,2,0,0,0,7,13,0,1,0,0,0,72,-24,"Carlton","2016",23
14,"Jones, Liam",2,2,3,5,0,0,0,2,0,2,0,1,0,1,0,2,4,0,0,1,0,0,87,-24,"Carlton","2016",23
11,"Kerridge, Sam",11,2,6,17,1,3,0,4,1,3,1,3,1,2,0,7,11,0,1,3,0,0,84,-24,"Carlton","2016",23
8,"Kreuzer, Matthew",8,4,2,10,1,1,15,3,0,3,2,0,2,0,0,7,4,2,3,0,0,0,74,-24,"Carlton","2016",23
34,"Phillips, Andrew",4,2,3,7,0,0,12,3,0,0,2,4,0,2,0,5,4,1,0,3,0,1,59,-24,"Carlton","2016",23
20,"Plowman, Lachie",4,3,8,12,0,0,0,1,1,0,0,2,1,1,0,4,8,0,0,3,0,0,81,-24,"Carlton","2016",23
17,"Rowe, Sam",3,5,11,14,0,0,0,1,2,0,0,5,0,3,0,6,9,1,0,7,0,0,100,-24,"Carlton","2016",23
2,"Silvagni, Jack",7,3,1,8,0,2,0,7,0,2,1,2,1,0,0,2,5,0,2,0,0,0,84,-24,"Carlton","2016",23
6,"Simpson, Kade",22,7,13,35,0,0,0,3,3,2,0,5,1,1,0,8,26,0,0,3,3,3,95,-24,"Carlton","2016",23
19,"Sumner, Liam",5,1,4,9,0,1,0,2,0,2,1,0,0,0,0,5,4,0,0,1,0,0,76,-24,"Carlton","2016",23
39,"Thomas, Dale",11,4,4,15,0,0,0,3,2,4,1,3,0,1,0,3,13,0,0,1,0,0,79,-24,"Carlton","2016",23
42,"Tuohy, Zach",16,5,8,24,0,1,0,3,3,5,0,1,2,1,0,4,22,0,0,5,2,0,84,-24,"Carlton","2016",23
23,"Weitering, Jacob",9,3,8,17,0,0,0,0,4,4,0,0,0,0,0,5,11,1,0,4,0,1,78,-24,"Carlton","2016",23
43,"White, Simon",7,5,8,15,0,0,0,2,0,0,0,2,0,2,0,5,10,0,0,2,0,0,84,-24,"Carlton","2016",23
46,"Wright, Matthew",15,7,5,20,3,2,0,2,0,5,1,1,0,0,0,7,12,0,3,1,0,0,87,-24,"Carlton","2016",23
0,"Rushed",0,0,0,0,0,2,0,0,0,0,0,0,0,0,0,0,0,0,0,0,0,0,0,-24,"Carlton","2016",23
