"Number","Player","Kicks","Marks","Handballs","Disposals","Goals","Behinds","Hitouts","Tackles","Rebounds50s","Inside50s","Clearances","Clangers","FreesFor","FreesAgainst","BrownlowVotes","ContestedPossessions","UncontestedPossessions","ContestedMarks","MarksInside50","OnePercenters","Bounces","GoalAssists","PercentagePlayed","PointDifference","Team","Season","Round"
13,"Ah Chee, Callum",4,5,14,18,0,0,0,3,0,2,0,1,1,1,0,8,10,1,0,1,0,0,78,-23,"Gold Coast","2016",23
31,"Brooksby, Keegan",7,3,10,17,0,0,29,6,1,1,5,2,1,1,0,10,7,0,0,3,0,0,89,-23,"Gold Coast","2016",23
39,"Davis, Ryan",3,0,3,6,0,0,0,0,0,2,1,0,2,0,0,3,3,0,0,0,0,1,35,-23,"Gold Coast","2016",23
12,"Day, Sam",7,3,5,12,2,3,2,3,0,2,0,0,0,0,0,6,6,0,3,2,0,1,89,-23,"Gold Coast","2016",23
29,"Fiorini, Brayden",19,7,13,32,2,1,0,12,2,2,5,1,1,0,1,8,22,0,0,0,0,1,72,-23,"Gold Coast","2016",23
2,"Grant, Jarrad",7,4,9,16,0,1,0,3,1,2,3,2,0,1,0,6,11,0,0,3,0,0,80,-23,"Gold Coast","2016",23
33,"Hall, Aaron",20,3,7,27,0,0,0,5,0,5,3,1,0,0,0,6,22,0,0,2,0,2,80,-23,"Gold Coast","2016",23
14,"Hallahan, Mitch",8,0,14,22,0,0,0,4,2,3,4,5,1,2,0,10,13,0,0,0,0,0,73,-23,"Gold Coast","2016",23
38,"Joyce, Jesse",4,3,8,12,0,0,0,0,2,0,1,0,0,0,0,5,7,0,0,3,0,1,79,-23,"Gold Coast","2016",23
28,"Kolodjashnij, Kade",11,6,8,19,0,0,0,2,2,1,1,1,1,0,0,5,15,0,0,4,0,0,88,-23,"Gold Coast","2016",23
19,"Lynch, Tom",12,7,7,19,1,4,1,2,0,5,1,2,2,1,0,9,10,3,2,2,0,1,94,-23,"Gold Coast","2016",23
44,"Macpherson, Darcy",5,2,5,10,1,1,0,3,0,3,0,1,1,1,0,4,6,0,0,0,0,0,76,-23,"Gold Coast","2016",23
4,"Martin, Jack",12,6,11,23,0,0,1,4,2,2,0,1,0,1,0,5,17,0,0,0,0,0,89,-23,"Gold Coast","2016",23
32,"Matera, Brandon",11,2,4,15,1,1,0,5,1,1,1,0,0,0,0,4,12,0,0,1,1,0,76,-23,"Gold Coast","2016",23
17,"May, Steven",15,9,7,22,0,0,1,1,4,2,0,2,1,2,0,5,14,1,0,7,0,0,95,-23,"Gold Coast","2016",23
11,"Miller, Touk",14,2,14,28,0,0,1,5,1,6,7,1,1,0,0,14,15,0,0,1,0,0,83,-23,"Gold Coast","2016",23
3,"Rosa, Matt",12,7,16,28,1,0,0,4,1,1,1,5,1,2,0,9,20,0,1,2,0,0,89,-23,"Gold Coast","2016",23
42,"Saad, Adam",12,7,8,20,0,0,0,3,3,5,1,6,1,2,0,3,19,0,0,3,7,0,80,-23,"Gold Coast","2016",23
6,"Sexton, Alex",11,5,6,17,1,0,0,3,1,5,1,2,1,0,0,3,14,0,0,1,2,0,92,-23,"Gold Coast","2016",23
26,"Shaw, Matt",9,4,5,14,0,0,0,1,2,1,0,0,2,0,0,3,12,0,0,1,0,0,81,-23,"Gold Coast","2016",23
16,"Thompson, Rory",5,6,7,12,0,0,0,2,1,1,0,2,0,1,0,3,9,0,0,9,0,0,91,-23,"Gold Coast","2016",23
30,"Wright, Peter",2,1,4,6,0,0,0,1,0,2,0,1,0,0,0,4,3,0,0,5,0,0,89,-23,"Gold Coast","2016",23
0,"Rushed",0,0,0,0,0,1,0,0,0,0,0,0,0,0,0,0,0,0,0,0,0,0,0,-23,"Gold Coast","2016",23
15,"Amon, Karl",6,2,7,13,0,0,0,1,1,1,0,2,1,1,0,8,7,0,0,2,0,1,85,23,"Port Adelaide","2016",23
25,"Austin, Logan",3,2,1,4,0,0,0,1,2,1,0,2,1,2,0,1,3,0,0,4,0,0,49,23,"Port Adelaide","2016",23
1,"Boak, Travis",9,5,13,22,1,0,0,5,2,5,4,3,1,2,0,8,14,0,0,1,0,0,78,23,"Port Adelaide","2016",23
26,"Bonner, Riley",17,4,5,22,0,0,0,2,6,1,1,4,1,1,0,6,16,0,0,1,1,0,83,23,"Port Adelaide","2016",23
5,"Broadbent, Matthew",16,6,11,27,0,1,0,2,3,3,5,0,2,0,0,11,17,0,0,0,2,0,80,23,"Port Adelaide","2016",23
33,"Byrne-Jones, Darcy",9,2,4,13,0,0,0,3,4,1,2,3,0,1,0,5,8,0,0,3,0,0,81,23,"Port Adelaide","2016",23
17,"Clurey, Tom",5,4,4,9,0,0,0,1,2,0,0,1,0,0,0,4,4,1,0,10,0,0,100,23,"Port Adelaide","2016",23
7,"Ebert, Brad",11,6,11,22,1,0,0,2,3,1,2,2,0,1,0,6,16,1,1,0,0,0,83,23,"Port Adelaide","2016",23
9,"Gray, Robbie",16,4,18,34,4,0,0,2,3,2,6,2,2,0,3,13,20,0,1,1,2,1,83,23,"Port Adelaide","2016",23
46,"Gray, Sam",10,0,22,32,1,2,0,5,2,3,4,4,0,1,0,12,22,0,0,2,0,0,81,23,"Port Adelaide","2016",23
24,"Impey, Jarman",8,3,8,16,1,1,0,8,0,6,2,5,1,1,0,3,12,0,0,1,3,2,82,23,"Port Adelaide","2016",23
48,"Krakouer, Nathan",10,3,1,11,0,0,0,3,3,1,0,3,0,0,0,4,7,0,0,8,0,0,78,23,"Port Adelaide","2016",23
23,"Lobbe, Matthew",6,1,4,10,0,0,40,2,1,2,4,2,1,1,0,9,2,1,0,5,0,0,85,23,"Port Adelaide","2016",23
37,"Palmer, Jesse",8,5,6,14,0,2,0,2,0,2,0,1,1,0,0,4,10,0,1,0,0,2,76,23,"Port Adelaide","2016",23
29,"Pittard, Jasper",11,2,6,17,0,0,0,2,3,1,0,0,0,0,0,4,13,0,0,3,0,2,80,23,"Port Adelaide","2016",23
21,"Polec, Jared",10,4,8,18,0,0,0,4,2,3,4,1,1,0,0,6,12,0,0,1,0,1,91,23,"Port Adelaide","2016",23
28,"Schulz, Jay",6,3,7,13,3,0,0,0,0,1,1,1,1,0,0,7,6,1,2,1,0,0,86,23,"Port Adelaide","2016",23
34,"Snelling, Will",6,1,9,15,1,0,0,6,1,2,1,2,0,1,0,4,10,0,0,0,0,1,64,23,"Port Adelaide","2016",23
12,"Trengove, Jackson",6,4,8,14,0,0,3,0,2,0,0,1,0,0,0,2,11,0,0,5,0,0,95,23,"Port Adelaide","2016",23
39,"Westhoff, Justin",5,7,9,14,0,0,2,5,1,1,0,1,0,1,0,7,10,1,1,12,0,0,95,23,"Port Adelaide","2016",23
16,"Wines, Ollie",13,5,17,30,0,1,4,8,0,5,9,8,1,2,2,20,9,2,0,2,0,1,77,23,"Port Adelaide","2016",23
40,"Young, Aaron",7,3,1,8,1,3,0,3,0,3,0,2,1,2,0,2,6,1,1,0,0,0,86,23,"Port Adelaide","2016",23
0,"Rushed",0,0,0,0,0,1,0,0,0,0,0,0,0,0,0,0,0,0,0,0,0,0,0,23,"Port Adelaide","2016",23
