"Number","Player","Kicks","Marks","Handballs","Disposals","Goals","Behinds","Hitouts","Tackles","Rebounds50s","Inside50s","Clearances","Clangers","FreesFor","FreesAgainst","BrownlowVotes","ContestedPossessions","UncontestedPossessions","ContestedMarks","MarksInside50","OnePercenters","Bounces","GoalAssists","PercentagePlayed","PointDifference","Team","Season","Round"
3,"Bartel, Jimmy",17,4,8,25,0,0,0,5,2,5,2,2,1,0,0,10,15,0,0,3,0,2,92,10,"Geelong","2016",11
46,"Blicavs, Mark",4,1,14,18,0,0,11,4,1,0,4,3,2,1,0,11,7,0,0,1,0,0,76,10,"Geelong","2016",11
23,"Caddy, Josh",16,1,11,27,0,1,1,3,1,7,2,2,1,0,0,10,17,0,1,2,1,2,79,10,"Geelong","2016",11
35,"Dangerfield, Patrick",17,2,15,32,0,1,1,5,1,11,7,4,2,1,0,15,18,1,0,3,1,1,81,10,"Geelong","2016",11
22,"Duncan, Mitch",11,1,12,23,0,1,0,2,3,3,1,3,2,0,0,8,14,0,0,0,0,0,84,10,"Geelong","2016",11
44,"Enright, Corey",14,4,11,25,0,0,0,4,1,1,3,3,1,1,0,14,11,0,0,2,0,0,90,10,"Geelong","2016",11
29,"Guthrie, Cameron",10,1,17,27,2,0,0,3,1,4,7,3,1,1,0,12,11,0,0,1,0,0,77,10,"Geelong","2016",11
26,"Hawkins, Tom",10,7,4,14,2,3,0,4,0,3,0,1,0,1,0,5,7,1,5,3,0,1,96,10,"Geelong","2016",11
25,"Henderson, Lachie",12,6,2,14,1,1,0,0,4,4,0,1,1,0,1,4,8,1,0,8,0,1,96,10,"Geelong","2016",11
39,"Kersten, Shane",8,4,9,17,2,2,0,2,0,4,0,3,2,0,0,8,7,0,0,0,0,0,80,10,"Geelong","2016",11
8,"Kolodjashnij, Jake",5,1,2,7,0,0,0,3,1,2,1,4,0,1,0,4,3,0,0,3,0,0,87,10,"Geelong","2016",11
11,"Lang, Darcy",6,2,4,10,0,1,0,1,2,2,0,1,1,0,0,3,7,0,0,0,0,0,61,10,"Geelong","2016",11
13,"Lonergan, Tom",8,4,4,12,0,0,0,4,4,2,0,2,0,1,0,4,10,0,0,9,0,0,84,10,"Geelong","2016",11
4,"Mackie, Andrew",14,3,2,16,0,0,0,4,4,5,1,2,1,0,0,4,10,0,0,4,0,0,90,10,"Geelong","2016",11
6,"McCarthy, Lincoln",8,0,3,11,1,1,0,0,0,1,1,3,2,1,0,5,5,0,0,1,0,0,68,10,"Geelong","2016",11
10,"Menzel, Daniel",10,4,4,14,3,1,0,1,0,5,0,3,1,1,0,6,7,2,1,3,0,1,90,10,"Geelong","2016",11
32,"Motlop, Steven",12,4,2,14,0,0,0,0,0,5,2,3,1,2,0,5,9,1,0,0,2,2,83,10,"Geelong","2016",11
21,"Murdoch, Jordan",7,5,5,12,1,1,0,1,1,1,0,0,0,0,0,4,8,0,2,1,0,0,67,10,"Geelong","2016",11
36,"Ruggles, Tom",6,1,1,7,0,0,0,3,0,0,0,1,3,1,0,4,3,0,0,1,0,0,66,10,"Geelong","2016",11
14,"Selwood, Joel",16,2,13,29,1,0,1,7,1,6,8,4,5,3,2,18,12,1,0,1,0,1,79,10,"Geelong","2016",11
9,"Smith, Zac",7,0,12,19,1,0,31,4,2,2,10,2,2,1,0,15,5,0,0,7,0,0,78,10,"Geelong","2016",11
7,"Taylor, Harry",4,4,10,14,0,0,0,1,1,1,0,2,0,0,0,5,9,0,0,9,0,0,95,10,"Geelong","2016",11
0,"Rushed",0,0,0,0,0,1,0,0,0,0,0,0,0,0,0,0,0,0,0,0,0,0,0,10,"Geelong","2016",11
21,"Buntine, Matt",7,2,2,9,0,0,0,3,1,0,0,2,0,0,0,2,7,1,0,5,0,0,82,-10,"Greater Western Sydney","2016",11
18,"Cameron, Jeremy",3,1,6,9,0,0,0,1,0,1,0,3,0,1,0,4,5,0,0,0,0,0,83,-10,"Greater Western Sydney","2016",11
3,"Coniglio, Stephen",12,0,15,27,0,0,0,2,2,4,5,5,1,1,0,16,11,0,0,0,0,1,86,-10,"Greater Western Sydney","2016",11
1,"Davis, Phil",8,4,3,11,0,0,0,4,9,1,1,4,2,0,0,7,5,0,0,13,0,0,99,-10,"Greater Western Sydney","2016",11
4,"Greene, Toby",11,3,7,18,3,0,0,7,0,4,0,10,0,8,0,6,11,0,1,0,1,0,87,-10,"Greater Western Sydney","2016",11
19,"Haynes, Nick",13,4,4,17,0,0,0,2,14,0,2,1,0,1,0,6,9,0,0,7,0,0,81,-10,"Greater Western Sydney","2016",11
2,"Hopper, Jacob",6,4,5,11,1,1,0,8,1,1,1,4,2,1,0,4,8,0,1,0,0,0,57,-10,"Greater Western Sydney","2016",11
17,"Johnson, Steve",11,4,8,19,1,0,0,0,1,2,0,5,0,2,0,8,11,0,0,1,0,1,88,-10,"Greater Western Sydney","2016",11
22,"Kelly, Josh",8,2,11,19,0,0,0,5,0,4,3,2,2,0,0,7,12,0,0,1,1,0,84,-10,"Greater Western Sydney","2016",11
37,"Lobb, Rory",4,1,3,7,0,0,17,5,0,1,3,2,1,1,0,5,2,1,0,3,0,1,81,-10,"Greater Western Sydney","2016",11
41,"Mumford, Shane",1,1,9,10,0,0,34,6,0,1,3,4,1,4,0,8,3,0,0,6,0,0,89,-10,"Greater Western Sydney","2016",11
24,"Patfull, Joel",5,4,2,7,0,0,0,3,4,0,0,3,0,1,0,2,5,0,0,3,0,0,83,-10,"Greater Western Sydney","2016",11
12,"Patton, Jonathon",7,5,3,10,1,0,0,2,1,3,0,3,0,0,0,2,8,0,1,4,2,0,82,-10,"Greater Western Sydney","2016",11
9,"Scully, Tom",9,4,6,15,2,0,0,6,1,3,2,4,0,2,0,7,8,0,2,1,3,0,88,-10,"Greater Western Sydney","2016",11
23,"Shaw, Heath",19,8,3,22,0,0,0,2,8,1,0,2,0,0,0,8,10,1,0,6,3,0,92,-10,"Greater Western Sydney","2016",11
5,"Shiel, Dylan",19,5,13,32,1,0,0,2,3,4,7,1,2,0,0,11,20,0,0,0,2,1,75,-10,"Greater Western Sydney","2016",11
11,"Steele, Jack",7,3,3,10,1,0,0,5,1,0,1,2,0,1,0,4,5,1,0,0,0,0,70,-10,"Greater Western Sydney","2016",11
20,"Tomlinson, Adam",10,8,6,16,0,1,0,1,0,2,1,3,0,1,0,6,11,0,1,2,0,2,75,-10,"Greater Western Sydney","2016",11
8,"Ward, Callan",15,6,7,22,1,0,0,9,5,3,9,1,1,1,0,11,10,0,0,0,1,2,85,-10,"Greater Western Sydney","2016",11
6,"Whitfield, Lachie",20,9,8,28,3,0,0,1,1,6,3,3,1,0,3,8,17,0,2,2,0,0,84,-10,"Greater Western Sydney","2016",11
29,"Williams, Zac",20,8,5,25,0,0,0,3,3,3,4,6,2,3,0,8,17,0,0,2,0,0,74,-10,"Greater Western Sydney","2016",11
16,"Wilson, Nathan",9,4,5,14,0,0,0,2,3,4,1,2,1,1,0,4,8,0,0,0,0,1,76,-10,"Greater Western Sydney","2016",11
0,"Rushed",0,0,0,0,0,2,0,0,0,0,0,0,0,0,0,0,0,0,0,0,0,0,0,-10,"Greater Western Sydney","2016",11
