"Number","Player","Kicks","Marks","Handballs","Disposals","Goals","Behinds","Hitouts","Tackles","Rebounds50s","Inside50s","Clearances","Clangers","FreesFor","FreesAgainst","BrownlowVotes","ContestedPossessions","UncontestedPossessions","ContestedMarks","MarksInside50","OnePercenters","Bounces","GoalAssists","PercentagePlayed","PointDifference","Team","Season","Round"
8,"Acres, Blake",8,3,7,15,1,0,2,4,1,2,0,1,0,0,0,2,13,0,1,0,0,1,82,32,"St Kilda","2016",12
20,"Armitage, David",6,4,12,18,0,0,0,7,1,3,5,1,0,0,0,9,11,0,0,1,0,1,82,32,"St Kilda","2016",12
27,"Bruce, Josh",7,7,4,11,0,1,0,4,0,3,0,4,1,3,0,4,7,2,1,2,0,1,90,32,"St Kilda","2016",12
21,"Delaney, Luke",0,3,4,4,0,0,0,0,0,0,0,1,0,1,0,0,4,0,0,6,0,0,94,32,"St Kilda","2016",12
7,"Dunstan, Luke",4,2,14,18,0,2,0,5,0,3,5,3,2,3,0,11,9,0,1,1,0,1,73,32,"St Kilda","2016",12
14,"Geary, Jarryn",11,4,3,14,0,0,0,5,3,0,0,4,0,1,0,2,13,0,0,2,0,0,89,32,"St Kilda","2016",12
19,"Gilbert, Sam",6,1,11,17,0,0,0,2,3,4,0,6,0,4,0,5,11,1,0,6,0,0,87,32,"St Kilda","2016",12
22,"Gresham, Jade",8,3,4,12,2,0,0,2,0,4,0,4,1,0,0,5,7,0,1,0,1,0,78,32,"St Kilda","2016",12
1,"Hickey, Tom",9,3,7,16,1,0,32,4,3,3,7,3,2,0,0,12,4,2,1,5,0,2,91,32,"St Kilda","2016",12
9,"Lee, Tom",2,1,0,2,0,0,0,1,1,0,0,1,0,0,0,1,1,1,0,2,0,0,47,32,"St Kilda","2016",12
28,"Membrey, Tim",11,10,6,17,5,1,0,2,0,4,0,1,0,0,2,6,10,1,5,0,0,0,88,32,"St Kilda","2016",12
41,"Minchington, Darren",8,4,8,16,0,0,0,2,1,2,5,3,2,0,0,7,9,1,0,0,0,0,73,32,"St Kilda","2016",12
11,"Montagna, Leigh",19,4,7,26,1,0,0,4,3,8,5,2,2,0,0,9,17,0,0,0,3,1,90,32,"St Kilda","2016",12
16,"Newnes, Jack",15,5,10,25,1,0,1,4,2,5,3,6,0,0,0,8,17,0,0,3,1,0,91,32,"St Kilda","2016",12
42,"Pierce, Lewis",2,1,4,6,1,0,10,1,1,0,1,3,1,2,0,3,3,1,0,2,0,0,50,32,"St Kilda","2016",12
17,"Roberton, Dylan",13,8,4,17,0,0,0,2,5,1,0,1,0,0,0,3,14,0,1,7,0,0,84,32,"St Kilda","2016",12
6,"Ross, Sebastian",16,4,17,33,1,0,2,0,1,4,4,3,0,0,1,8,25,0,0,0,3,1,82,32,"St Kilda","2016",12
5,"Savage, Shane",12,5,7,19,0,0,0,2,2,1,0,2,0,1,0,6,12,0,0,5,0,0,90,32,"St Kilda","2016",12
3,"Steven, Jack",19,3,6,25,3,1,0,9,1,10,5,1,2,1,3,8,17,0,1,0,0,6,86,32,"St Kilda","2016",12
29,"Webster, Jimmy",13,4,10,23,0,0,0,2,3,4,0,4,1,1,0,7,15,1,0,1,2,0,86,32,"St Kilda","2016",12
44,"Weller, Maverick",8,3,6,14,1,2,0,4,3,2,2,3,1,1,0,7,7,0,0,2,0,0,89,32,"St Kilda","2016",12
34,"Wright, Nathan",1,0,4,5,0,0,0,4,0,0,1,1,0,1,0,3,3,0,0,1,0,0,76,32,"St Kilda","2016",12
0,"Rushed",0,0,0,0,0,1,0,0,0,0,0,0,0,0,0,0,0,0,0,0,0,0,0,32,"St Kilda","2016",12
27,"Armfield, Dennis",11,2,6,17,0,0,0,3,1,2,1,2,2,0,0,7,9,0,0,1,0,0,80,-32,"Carlton","2016",12
38,"Byrne, Ciaran",6,5,8,14,0,0,0,1,3,1,2,0,0,0,0,2,12,0,0,4,0,1,80,-32,"Carlton","2016",12
41,"Casboult, Levi",6,6,2,8,3,0,0,1,0,1,0,6,0,3,0,3,6,2,3,3,0,0,87,-32,"Carlton","2016",12
9,"Cripps, Patrick",5,2,21,26,0,0,1,6,0,1,10,2,0,2,0,16,10,0,0,0,0,1,84,-32,"Carlton","2016",12
35,"Curnow, Ed",14,5,15,29,0,1,0,7,3,3,5,4,1,1,0,7,20,0,0,1,0,0,87,-32,"Carlton","2016",12
15,"Docherty, Sam",20,8,9,29,0,0,0,3,9,2,2,3,0,0,0,6,21,1,0,5,0,1,88,-32,"Carlton","2016",12
33,"Everitt, Andrejs",8,5,4,12,1,2,1,1,3,0,0,1,0,0,0,1,9,0,3,0,0,0,87,-32,"Carlton","2016",12
4,"Gibbs, Bryce",13,2,14,27,1,0,5,0,0,5,4,7,0,3,0,9,17,0,0,1,0,1,79,-32,"Carlton","2016",12
37,"Gorringe, Daniel",6,5,1,7,0,2,9,2,0,1,0,1,0,0,0,0,7,0,2,1,0,0,64,-32,"Carlton","2016",12
11,"Kerridge, Sam",8,8,19,27,0,0,0,1,2,1,2,2,0,1,0,7,19,0,1,1,3,0,86,-32,"Carlton","2016",12
8,"Kreuzer, Matthew",8,0,5,13,0,0,18,2,0,3,4,0,3,0,0,10,4,0,0,2,0,0,72,-32,"Carlton","2016",12
13,"Lamb, Jed",9,3,6,15,1,0,0,2,1,4,0,4,1,1,0,4,12,0,0,1,0,0,69,-32,"Carlton","2016",12
20,"Plowman, Lachie",9,8,6,15,0,0,0,0,4,0,0,0,1,0,0,4,11,0,0,5,0,0,82,-32,"Carlton","2016",12
17,"Rowe, Sam",6,6,7,13,0,0,1,2,3,1,0,0,2,0,0,4,8,1,0,8,0,0,100,-32,"Carlton","2016",12
6,"Simpson, Kade",18,8,12,30,1,0,0,3,3,3,1,3,0,1,0,8,22,1,0,2,1,0,94,-32,"Carlton","2016",12
19,"Sumner, Liam",8,4,5,13,0,0,0,4,1,3,0,1,2,0,0,4,9,0,0,0,0,1,82,-32,"Carlton","2016",12
39,"Thomas, Dale",20,9,11,31,0,0,0,1,3,2,2,3,2,0,0,8,22,0,0,1,1,2,78,-32,"Carlton","2016",12
42,"Tuohy, Zach",10,5,13,23,0,0,0,0,3,6,1,3,0,1,0,5,16,0,0,2,1,1,85,-32,"Carlton","2016",12
1,"Walker, Andrew",7,2,3,10,3,1,0,1,0,1,1,4,1,1,0,5,5,1,2,1,0,0,78,-32,"Carlton","2016",12
23,"Weitering, Jacob",11,6,5,16,0,0,0,1,2,2,0,2,0,0,0,4,10,1,1,0,0,0,82,-32,"Carlton","2016",12
43,"White, Simon",3,2,11,14,0,0,0,0,0,0,1,2,0,0,0,5,11,0,0,2,0,0,76,-32,"Carlton","2016",12
46,"Wright, Matthew",16,7,11,27,2,0,0,2,2,6,3,1,4,1,0,8,21,0,2,0,0,1,81,-32,"Carlton","2016",12
0,"Totals",222,108,194,416,12,6,35,43,43,48,39,51,19,15,0,127,281,7,14,41,6,9,0,-32,"Carlton","2016",12
