"Number","Player","Kicks","Marks","Handballs","Disposals","Goals","Behinds","Hitouts","Tackles","Rebounds50s","Inside50s","Clearances","Clangers","FreesFor","FreesAgainst","BrownlowVotes","ContestedPossessions","UncontestedPossessions","ContestedMarks","MarksInside50","OnePercenters","Bounces","GoalAssists","PercentagePlayed","PointDifference","Team","Season","Round"
13,"Adams, Taylor",13,7,4,17,0,1,0,1,2,0,1,0,1,0,0,4,13,0,0,1,0,0,45,-21,"Collingwood","2016",10
11,"Blair, Jarryd",7,4,13,20,1,1,0,6,0,3,2,2,0,1,0,12,10,0,1,1,0,0,88,-21,"Collingwood","2016",10
46,"Cox, Mason",2,2,4,6,0,0,8,3,0,0,1,0,0,0,0,4,4,0,0,8,0,0,93,-21,"Collingwood","2016",10
25,"Crisp, Jack",14,7,9,23,0,1,0,7,1,2,1,1,0,1,0,7,16,0,0,1,0,0,81,-21,"Collingwood","2016",10
39,"Crocker, Ben",6,4,5,11,1,0,0,4,0,0,0,3,1,2,0,4,7,2,2,1,0,0,85,-21,"Collingwood","2016",10
2,"de Goey, Jordan",12,5,7,19,0,0,0,3,1,5,0,5,0,0,0,6,12,1,1,0,0,0,91,-21,"Collingwood","2016",10
1,"Fasolo, Alex",7,5,10,17,1,1,0,2,0,3,0,3,1,2,0,8,9,0,1,3,0,0,52,-21,"Collingwood","2016",10
45,"Frost, Jack",8,6,5,13,0,0,0,4,2,0,0,0,0,0,0,4,9,0,0,11,0,0,97,-21,"Collingwood","2016",10
19,"Greenwood, Levi",7,3,7,14,0,0,0,11,2,3,1,2,2,2,0,6,9,0,1,2,0,1,93,-21,"Collingwood","2016",10
4,"Grundy, Brodie",10,2,7,17,0,0,25,6,0,4,4,6,2,2,0,8,10,0,0,2,1,0,91,-21,"Collingwood","2016",10
38,"Howe, Jeremy",16,11,12,28,0,0,0,3,11,2,0,3,0,0,0,8,20,0,0,8,0,0,95,-21,"Collingwood","2016",10
37,"Maynard, Brayden",17,9,4,21,0,0,0,8,4,2,0,6,1,2,0,2,20,0,0,2,0,0,91,-21,"Collingwood","2016",10
30,"Moore, Darcy",7,5,3,10,2,1,1,0,0,1,0,2,1,1,0,5,5,3,2,2,0,0,72,-21,"Collingwood","2016",10
43,"Oxley, Adam",10,5,4,14,0,1,0,2,1,1,0,1,0,0,0,3,10,0,0,1,0,0,78,-21,"Collingwood","2016",10
10,"Pendlebury, Scott",19,4,13,32,1,1,1,6,1,6,3,5,0,1,1,15,17,0,0,2,0,1,93,-21,"Collingwood","2016",10
20,"Reid, Ben",16,13,6,22,0,0,0,0,3,1,0,2,1,0,0,4,18,1,0,2,0,1,89,-21,"Collingwood","2016",10
22,"Sidebottom, Steele",18,9,8,26,0,0,0,3,2,5,4,5,1,1,0,9,19,0,1,4,0,2,83,-21,"Collingwood","2016",10
40,"Smith, Josh",14,7,8,22,0,0,0,1,5,1,1,2,0,1,0,4,18,0,0,3,0,0,94,-21,"Collingwood","2016",10
34,"Toovey, Alan",0,0,1,1,0,0,0,1,0,0,0,0,0,0,0,0,1,0,0,0,0,0,27,-21,"Collingwood","2016",10
7,"Treloar, Adam",13,4,18,31,1,0,0,6,0,3,5,4,2,0,0,11,18,0,0,0,0,1,89,-21,"Collingwood","2016",10
18,"Varcoe, Travis",7,5,10,17,0,1,0,6,0,5,0,2,2,1,0,3,16,0,0,2,0,0,86,-21,"Collingwood","2016",10
9,"White, Jesse",9,8,9,18,0,1,1,2,0,5,0,0,0,0,0,4,14,0,1,2,0,1,86,-21,"Collingwood","2016",10
0,"Rushed",0,0,0,0,0,2,0,0,0,0,0,0,0,0,0,0,0,0,0,0,0,0,0,-21,"Collingwood","2016",10
33,"Adams, Marcus",10,9,8,18,0,0,0,2,5,1,0,2,1,1,0,3,16,1,0,6,0,0,87,21,"Western Bulldogs","2016",10
24,"Biggs, Shane",11,5,15,26,0,0,0,0,5,4,0,2,0,0,0,5,22,0,0,2,0,0,82,21,"Western Bulldogs","2016",10
4,"Bontempelli, Marcus",11,6,9,20,1,0,2,3,0,5,2,3,2,0,0,11,10,1,1,1,0,0,85,21,"Western Bulldogs","2016",10
5,"Boyd, Matthew",15,10,9,24,0,0,0,1,4,2,1,1,0,0,0,3,21,0,0,3,0,1,86,21,"Western Bulldogs","2016",10
15,"Campbell, Tom",5,4,5,10,1,0,13,2,0,1,4,1,1,1,0,9,1,3,1,2,0,0,72,21,"Western Bulldogs","2016",10
6,"Dahlhaus, Luke",10,6,27,37,1,0,0,6,4,2,1,5,0,0,3,11,25,0,2,2,2,2,80,21,"Western Bulldogs","2016",10
35,"Daniel, Caleb",10,4,12,22,0,0,0,4,3,2,1,2,0,0,0,6,15,0,0,2,0,0,72,21,"Western Bulldogs","2016",10
29,"Dickson, Tory",8,3,11,19,2,0,0,1,0,2,1,3,0,2,0,5,14,0,0,0,0,3,89,21,"Western Bulldogs","2016",10
20,"Dunkley, Josh",14,10,4,18,2,1,1,5,0,4,3,0,1,0,0,7,11,1,4,1,0,0,80,21,"Western Bulldogs","2016",10
7,"Hunter, Lachie",19,9,10,29,0,0,0,5,1,5,2,4,1,1,0,8,22,1,0,1,0,0,84,21,"Western Bulldogs","2016",10
21,"Liberatore, Tom",16,4,15,31,0,0,0,6,4,4,6,3,1,0,0,13,19,0,0,1,0,0,82,21,"Western Bulldogs","2016",10
11,"Macrae, Jack",17,6,15,32,0,0,0,10,1,3,5,4,3,1,0,10,22,0,0,1,0,0,81,21,"Western Bulldogs","2016",10
16,"McLean, Toby",5,4,9,14,0,0,0,2,0,0,0,2,2,2,0,8,8,0,1,2,0,0,73,21,"Western Bulldogs","2016",10
38,"Morris, Dale",6,4,13,19,0,0,0,6,1,0,0,4,1,1,0,9,10,2,0,3,0,0,99,21,"Western Bulldogs","2016",10
42,"Picken, Liam",10,6,9,19,0,1,0,2,1,0,0,3,1,2,0,4,16,0,0,1,1,0,84,21,"Western Bulldogs","2016",10
43,"Redpath, Jack",12,9,5,17,2,0,0,2,0,4,0,3,0,0,0,4,14,1,2,0,0,2,86,21,"Western Bulldogs","2016",10
18,"Roberts, Fletcher",6,5,6,12,0,0,1,1,3,0,0,1,0,0,0,4,7,0,0,7,0,0,82,21,"Western Bulldogs","2016",10
23,"Roughead, Jordan",9,2,3,12,0,0,15,3,1,3,3,4,1,1,0,7,5,1,0,2,0,1,75,21,"Western Bulldogs","2016",10
9,"Stringer, Jake",5,5,6,11,0,0,0,0,0,2,0,4,0,1,0,3,8,0,1,1,1,1,77,21,"Western Bulldogs","2016",10
1,"Suckling, Matt",17,7,5,22,1,0,0,1,5,2,0,2,0,0,0,3,17,0,1,2,1,0,78,21,"Western Bulldogs","2016",10
3,"Wallis, Mitch",7,3,12,19,0,1,0,3,0,2,2,3,2,1,0,8,12,1,1,0,0,0,80,21,"Western Bulldogs","2016",10
10,"Wood, Easton",14,13,7,21,1,0,0,0,5,1,0,3,0,1,2,6,16,3,0,4,0,0,87,21,"Western Bulldogs","2016",10
0,"Rushed",0,0,0,0,0,5,0,0,0,0,0,0,0,0,0,0,0,0,0,0,0,0,0,21,"Western Bulldogs","2016",10
