"Number","Player","Kicks","Marks","Handballs","Disposals","Goals","Behinds","Hitouts","Tackles","Rebounds50s","Inside50s","Clearances","Clangers","FreesFor","FreesAgainst","BrownlowVotes","ContestedPossessions","UncontestedPossessions","ContestedMarks","MarksInside50","OnePercenters","Bounces","GoalAssists","PercentagePlayed","PointDifference","Team","Season","Round"
13,"Adams, Taylor",22,6,7,29,0,0,0,4,5,6,2,5,1,3,0,4,23,0,0,1,0,1,83,-35,"Collingwood","2016",4
14,"Aish, James",11,4,9,20,0,0,0,3,1,4,2,1,1,0,0,6,14,0,0,2,0,1,76,-35,"Collingwood","2016",4
11,"Blair, Jarryd",5,1,11,16,0,0,0,8,0,3,5,2,2,1,0,8,9,0,0,1,1,0,81,-35,"Collingwood","2016",4
16,"Brown, Nathan",7,3,8,15,0,0,0,2,1,1,0,0,2,0,0,5,9,0,0,7,0,0,90,-35,"Collingwood","2016",4
32,"Cloke, Travis",11,5,4,15,2,0,4,2,0,2,0,2,0,0,0,4,11,1,2,2,0,1,76,-35,"Collingwood","2016",4
25,"Crisp, Jack",8,4,11,19,0,0,4,6,1,1,2,0,0,0,0,8,12,0,0,0,0,0,86,-35,"Collingwood","2016",4
2,"de Goey, Jordan",9,2,13,22,0,1,0,4,0,2,5,1,0,0,0,10,10,0,0,2,0,0,80,-35,"Collingwood","2016",4
1,"Fasolo, Alex",8,3,10,18,1,2,0,5,0,4,1,2,0,2,0,7,12,1,0,0,0,1,91,-35,"Collingwood","2016",4
19,"Greenwood, Levi",7,2,11,18,0,1,0,13,0,4,0,4,2,0,0,14,6,1,0,2,0,1,82,-35,"Collingwood","2016",4
4,"Grundy, Brodie",8,4,15,23,0,0,25,5,2,2,4,7,3,3,0,12,16,1,0,2,0,0,85,-35,"Collingwood","2016",4
38,"Howe, Jeremy",6,5,8,14,0,0,0,6,0,4,0,3,1,1,0,7,7,2,1,0,0,0,81,-35,"Collingwood","2016",4
8,"Langdon, Tom",17,2,9,26,0,0,0,4,6,2,0,4,1,1,0,8,15,0,0,5,0,0,81,-35,"Collingwood","2016",4
30,"Moore, Darcy",5,7,5,10,1,1,0,6,0,1,0,3,1,1,0,6,5,3,2,7,0,0,76,-35,"Collingwood","2016",4
43,"Oxley, Adam",16,4,5,21,0,0,0,1,3,6,0,1,2,0,0,6,16,0,0,4,2,1,78,-35,"Collingwood","2016",4
10,"Pendlebury, Scott",11,2,14,25,0,0,1,9,4,1,5,2,2,1,0,14,11,0,0,6,0,0,85,-35,"Collingwood","2016",4
20,"Reid, Ben",10,10,8,18,0,0,0,0,6,0,0,1,1,0,0,7,12,3,0,3,0,0,81,-35,"Collingwood","2016",4
22,"Sidebottom, Steele",14,6,12,26,2,1,0,7,3,1,4,1,0,1,0,6,20,1,1,1,0,0,87,-35,"Collingwood","2016",4
28,"Sinclair, Ben",5,0,4,9,1,0,0,1,2,1,0,0,0,0,0,1,7,0,0,1,0,0,45,-35,"Collingwood","2016",4
34,"Toovey, Alan",5,2,7,12,0,0,0,3,1,1,0,0,0,0,0,4,8,0,0,0,0,0,94,-35,"Collingwood","2016",4
7,"Treloar, Adam",17,7,14,31,1,1,0,4,2,4,6,0,0,0,0,9,22,0,0,0,1,2,83,-35,"Collingwood","2016",4
18,"Varcoe, Travis",7,3,6,13,1,1,0,4,1,2,0,3,0,1,0,1,10,0,2,1,2,0,84,-35,"Collingwood","2016",4
9,"White, Jesse",6,3,6,12,0,0,0,2,1,3,0,1,0,0,0,3,9,0,0,3,0,0,94,-35,"Collingwood","2016",4
0,"Rushed",0,0,0,0,0,5,0,0,0,0,0,0,0,0,0,0,0,0,0,0,0,0,0,-35,"Collingwood","2016",4
10,"Brayshaw, Angus",7,3,8,15,1,0,0,2,1,3,1,5,1,3,0,9,6,0,1,1,0,2,72,35,"Melbourne","2016",4
32,"Bugg, Tomas",12,5,17,29,0,0,0,9,1,1,2,2,0,0,0,14,16,0,1,2,1,2,85,35,"Melbourne","2016",4
14,"Dunn, Lynden",12,4,1,13,0,0,0,2,6,1,0,2,0,1,0,3,9,0,0,6,1,0,92,35,"Melbourne","2016",4
17,"Frost, Sam",8,5,11,19,1,2,0,4,1,4,1,3,1,0,0,9,11,1,2,0,0,2,77,35,"Melbourne","2016",4
11,"Gawn, Max",7,6,8,15,1,0,37,5,1,0,1,4,1,4,0,3,12,2,1,4,0,0,85,35,"Melbourne","2016",4
43,"Harmes, James",8,2,10,18,0,0,0,6,1,5,1,1,2,0,0,11,10,1,0,3,0,1,82,35,"Melbourne","2016",4
1,"Hogan, Jesse",12,9,6,18,2,2,0,0,1,5,0,1,0,0,0,5,13,2,2,3,0,0,88,35,"Melbourne","2016",4
29,"Hunt, Jayden",7,5,6,13,0,0,0,2,4,2,0,3,0,2,0,4,10,0,0,2,0,0,75,35,"Melbourne","2016",4
39,"Jetta, Neville",8,2,11,19,0,0,0,7,1,0,2,2,2,1,0,9,10,0,0,5,0,0,84,35,"Melbourne","2016",4
45,"Jones, Matt",8,2,10,18,0,0,0,2,2,2,3,1,0,0,0,5,12,0,0,1,0,0,73,35,"Melbourne","2016",4
2,"Jones, Nathan",9,2,20,29,0,1,0,4,4,0,2,5,0,0,2,9,20,0,1,1,0,1,84,35,"Melbourne","2016",4
35,"Kennedy, Ben",9,4,13,22,1,0,0,1,2,3,3,4,1,1,0,9,13,1,0,0,1,0,65,35,"Melbourne","2016",4
16,"Kent, Dean",12,4,9,21,1,0,0,6,1,5,1,5,0,1,0,4,15,0,1,1,0,1,82,35,"Melbourne","2016",4
8,"Lumumba, Heritier",9,7,11,20,0,0,0,0,0,5,0,0,0,0,0,3,17,1,0,4,0,2,89,35,"Melbourne","2016",4
25,"McDonald, Tom",11,8,6,17,0,0,0,0,4,1,0,2,0,1,0,3,14,0,0,14,1,0,98,35,"Melbourne","2016",4
13,"Oliver, Clayton",3,2,8,11,0,0,0,8,2,1,1,2,0,1,0,5,6,0,0,1,0,0,69,35,"Melbourne","2016",4
21,"Pedersen, Cameron",11,5,9,20,2,0,3,3,1,3,0,1,0,0,0,5,13,1,0,3,0,1,82,35,"Melbourne","2016",4
3,"Salem, Christian",12,1,8,20,0,0,0,5,4,2,0,0,3,0,0,9,9,0,0,0,0,0,81,35,"Melbourne","2016",4
12,"Tyson, Dom",8,5,16,24,2,0,0,6,3,5,3,3,0,1,0,8,16,1,1,1,2,0,82,35,"Melbourne","2016",4
7,"Viney, Jack",10,3,21,31,1,0,0,6,2,6,10,3,2,1,1,16,15,0,0,1,0,1,87,35,"Melbourne","2016",4
42,"Wagner, Josh",13,6,11,24,0,0,0,5,2,2,0,2,2,1,0,5,20,2,0,2,0,0,80,35,"Melbourne","2016",4
4,"Watts, Jack",14,8,3,17,4,1,0,1,0,1,0,2,0,1,3,6,11,1,3,1,0,0,88,35,"Melbourne","2016",4
0,"Totals",210,98,223,433,16,6,40,84,44,57,31,53,15,19,6,154,278,13,13,56,6,13,0,35,"Melbourne","2016",4
