"Number","Player","Kicks","Marks","Handballs","Disposals","Goals","Behinds","Hitouts","Tackles","Rebounds50s","Inside50s","Clearances","Clangers","FreesFor","FreesAgainst","BrownlowVotes","ContestedPossessions","UncontestedPossessions","ContestedMarks","MarksInside50","OnePercenters","Bounces","GoalAssists","PercentagePlayed","PointDifference","Team","Season","Round"
21,"Atkins, Rory",13,4,9,22,1,0,0,0,2,3,5,3,1,0,0,8,14,0,0,1,0,0,73,-26,"Adelaide","2016",8
18,"Betts, Eddie",7,2,8,15,2,2,0,5,1,0,2,2,2,1,0,10,2,1,2,1,0,0,87,-26,"Adelaide","2016",8
16,"Brown, Luke",12,3,4,16,0,0,0,7,2,2,0,1,2,1,0,5,10,0,0,1,1,1,85,-26,"Adelaide","2016",8
23,"Cameron, Charlie",13,5,5,18,1,0,0,4,2,5,2,2,0,0,0,12,7,1,0,3,1,1,80,-26,"Adelaide","2016",8
25,"Cheney, Kyle",9,7,1,10,0,0,0,2,1,0,0,0,1,0,0,3,7,1,0,3,0,0,83,-26,"Adelaide","2016",8
2,"Crouch, Brad",7,2,7,14,0,0,0,7,1,1,4,6,1,0,0,10,4,0,0,0,0,0,68,-26,"Adelaide","2016",8
44,"Crouch, Matt",8,3,8,16,0,0,0,3,3,0,5,2,0,0,0,9,8,0,0,2,0,0,69,-26,"Adelaide","2016",8
26,"Douglas, Richard",5,0,3,8,0,0,0,5,0,1,3,1,1,1,0,5,3,0,0,1,0,0,67,-26,"Adelaide","2016",8
15,"Hartigan, Kyle",11,8,3,14,0,0,0,2,5,0,0,7,0,3,0,5,8,1,0,4,0,0,90,-26,"Adelaide","2016",8
45,"Henderson, Ricky",20,11,5,25,0,1,0,2,6,2,1,3,0,0,0,3,20,0,0,4,1,0,87,-26,"Adelaide","2016",8
24,"Jacobs, Sam",14,4,6,20,0,0,37,1,1,3,3,4,1,0,0,8,12,0,0,1,0,2,82,-26,"Adelaide","2016",8
4,"Jenkins, Josh",9,3,1,10,2,0,4,2,0,2,1,2,1,1,0,7,4,1,1,1,0,1,89,-26,"Adelaide","2016",8
6,"Lever, Jake",11,6,3,14,0,0,0,3,4,1,0,1,1,0,0,5,9,2,0,3,0,0,77,-26,"Adelaide","2016",8
27,"Lynch, Tom",15,4,4,19,0,0,0,2,1,3,0,2,2,0,0,8,11,1,0,1,0,0,90,-26,"Adelaide","2016",8
41,"McGovern, Mitch",6,3,5,11,2,0,0,3,0,2,0,2,2,0,0,6,7,0,1,0,0,0,74,-26,"Adelaide","2016",8
30,"Milera, Wayne",6,2,3,9,0,1,0,2,0,3,0,1,1,0,0,4,5,0,0,2,0,1,71,-26,"Adelaide","2016",8
11,"Seedsman, Paul",8,2,1,9,0,1,0,8,2,2,2,3,2,1,0,7,3,1,1,0,0,0,86,-26,"Adelaide","2016",8
9,"Sloane, Rory",15,6,13,28,1,0,2,11,0,7,9,3,6,0,2,17,11,1,2,4,0,0,82,-26,"Adelaide","2016",8
33,"Smith, Brodie",5,2,1,6,0,0,0,3,4,0,0,2,0,1,0,0,6,0,0,2,0,0,89,-26,"Adelaide","2016",8
12,"Talia, Daniel",8,6,4,12,0,0,0,1,4,0,0,0,0,0,0,3,7,0,0,10,0,0,97,-26,"Adelaide","2016",8
5,"Thompson, Scott",10,3,10,20,0,0,0,5,1,4,3,4,1,1,0,12,6,0,0,1,0,0,84,-26,"Adelaide","2016",8
13,"Walker, Taylor",8,7,2,10,2,0,0,2,0,3,0,7,1,4,0,9,2,5,1,2,0,0,92,-26,"Adelaide","2016",8
0,"Rushed",0,0,0,0,0,1,0,0,0,0,0,0,0,0,0,0,0,0,0,0,0,0,0,-26,"Adelaide","2016",8
3,"Bartel, Jimmy",12,8,13,25,0,0,0,2,2,1,1,2,0,1,0,7,14,0,0,1,0,0,90,26,"Geelong","2016",8
24,"Bews, Jed",7,4,10,17,0,0,0,5,4,2,1,2,0,2,0,6,11,0,0,5,0,0,85,26,"Geelong","2016",8
46,"Blicavs, Mark",7,5,8,15,0,0,8,8,1,3,1,2,0,1,0,7,9,1,0,2,0,1,84,26,"Geelong","2016",8
23,"Caddy, Josh",12,3,9,21,1,2,2,7,1,4,2,3,1,2,0,10,11,1,1,2,1,0,82,26,"Geelong","2016",8
35,"Dangerfield, Patrick",13,3,20,33,0,1,0,11,2,6,6,7,2,2,0,22,11,1,0,1,0,0,86,26,"Geelong","2016",8
22,"Duncan, Mitch",11,2,11,22,1,0,0,2,1,3,5,3,0,3,0,9,14,0,0,1,1,1,87,26,"Geelong","2016",8
44,"Enright, Corey",18,9,5,23,1,0,0,0,6,3,2,2,0,1,0,9,15,0,0,2,0,0,85,26,"Geelong","2016",8
28,"Gregson, Cory",4,2,4,8,0,0,0,6,0,4,1,2,0,2,0,3,5,0,0,1,0,1,85,26,"Geelong","2016",8
29,"Guthrie, Cameron",13,4,23,36,0,2,0,10,2,3,8,4,0,3,3,16,23,2,0,2,1,0,72,26,"Geelong","2016",8
26,"Hawkins, Tom",5,4,3,8,0,3,0,3,0,0,1,2,0,0,0,5,4,2,3,4,0,0,93,26,"Geelong","2016",8
25,"Henderson, Lachie",13,9,3,16,0,0,0,4,1,1,0,1,3,0,0,7,9,2,0,9,0,0,100,26,"Geelong","2016",8
39,"Kersten, Shane",8,6,5,13,3,2,0,4,0,0,1,1,1,1,0,6,8,1,4,1,0,0,95,26,"Geelong","2016",8
11,"Lang, Darcy",5,3,8,13,1,1,0,1,1,1,0,0,0,0,0,4,10,0,1,1,0,1,76,26,"Geelong","2016",8
13,"Lonergan, Tom",0,0,0,0,0,0,0,0,0,0,0,0,0,0,0,0,0,0,0,0,0,0,4,26,"Geelong","2016",8
4,"Mackie, Andrew",10,6,3,13,0,0,0,0,1,5,0,4,1,1,0,1,13,0,0,1,0,1,85,26,"Geelong","2016",8
10,"Menzel, Daniel",12,8,6,18,1,2,0,2,1,6,1,2,1,0,0,6,12,1,3,0,0,1,90,26,"Geelong","2016",8
32,"Motlop, Steven",19,1,5,24,4,0,0,3,2,4,3,6,1,3,1,12,13,1,1,0,5,2,90,26,"Geelong","2016",8
36,"Ruggles, Tom",9,5,4,13,0,0,0,2,2,4,1,1,0,0,0,3,9,1,0,2,0,0,79,26,"Geelong","2016",8
14,"Selwood, Joel",11,2,13,24,0,2,0,4,2,3,4,6,2,1,0,13,13,0,0,3,0,0,85,26,"Geelong","2016",8
9,"Smith, Zac",5,3,10,15,0,1,31,1,0,3,1,0,0,0,0,9,6,1,0,7,0,0,74,26,"Geelong","2016",8
1,"Stanley, Rhys",8,3,5,13,1,1,7,4,1,5,3,5,0,3,0,7,5,1,1,3,0,1,78,26,"Geelong","2016",8
7,"Taylor, Harry",11,7,1,12,0,0,0,2,2,0,0,2,2,0,0,2,10,0,0,13,0,0,96,26,"Geelong","2016",8
0,"Rushed",0,0,0,0,0,3,0,0,0,0,0,0,0,0,0,0,0,0,0,0,0,0,0,26,"Geelong","2016",8
