"Number","Player","Kicks","Marks","Handballs","Disposals","Goals","Behinds","Hitouts","Tackles","Rebounds50s","Inside50s","Clearances","Clangers","FreesFor","FreesAgainst","BrownlowVotes","ContestedPossessions","UncontestedPossessions","ContestedMarks","MarksInside50","OnePercenters","Bounces","GoalAssists","PercentagePlayed","PointDifference","Team","Season","Round"
4,"Bastinac, Ryan",7,1,8,15,0,0,0,1,1,2,5,1,1,0,0,9,5,0,0,2,2,0,79,-48,"Brisbane Lions","2016",10
7,"Bell, Tom",12,0,4,16,4,0,0,4,0,4,2,2,1,0,0,5,11,0,0,1,2,0,77,-48,"Brisbane Lions","2016",10
3,"Christensen, Allen",19,4,12,31,0,0,0,3,8,1,1,3,3,1,0,12,22,0,0,1,0,0,88,-48,"Brisbane Lions","2016",10
26,"Cutler, Tom",9,2,9,18,0,0,1,4,3,3,1,0,0,0,0,7,12,0,0,2,0,0,79,-48,"Brisbane Lions","2016",10
34,"Freeman, Jonathan",3,1,1,4,1,1,0,2,0,0,0,0,1,0,0,3,1,1,1,0,0,0,85,-48,"Brisbane Lions","2016",10
11,"Hanley, Pearce",17,7,8,25,0,0,1,5,4,5,4,2,1,1,0,7,16,0,1,0,0,0,80,-48,"Brisbane Lions","2016",10
2,"Harwood, Ryan",11,2,10,21,0,0,0,5,2,1,0,1,2,1,0,10,12,0,0,1,0,0,77,-48,"Brisbane Lions","2016",10
1,"Keays, Ben",3,1,12,15,0,0,0,2,0,1,4,2,0,1,0,6,10,0,0,1,0,1,82,-48,"Brisbane Lions","2016",10
35,"Lester, Ryan",2,0,5,7,0,1,0,2,0,1,0,2,0,2,0,4,3,0,0,1,0,1,77,-48,"Brisbane Lions","2016",10
12,"Martin, Stefan",3,1,4,7,0,0,20,1,0,3,2,3,0,0,0,5,2,0,0,3,0,0,87,-48,"Brisbane Lions","2016",10
36,"Mathieson, Rhys",8,3,6,14,0,1,0,3,2,2,2,3,4,2,0,9,6,0,0,1,0,0,62,-48,"Brisbane Lions","2016",10
32,"Mayes, Sam",14,5,11,25,0,0,0,1,4,3,0,2,2,0,0,6,18,0,0,1,0,1,80,-48,"Brisbane Lions","2016",10
25,"McStay, Daniel",9,3,3,12,0,0,0,2,2,3,0,4,1,1,0,5,6,1,0,8,0,0,88,-48,"Brisbane Lions","2016",10
21,"Merrett, Daniel",7,4,3,10,0,0,0,6,1,1,0,2,1,2,0,5,5,1,0,4,0,1,92,-48,"Brisbane Lions","2016",10
39,"Paine, Jackson",4,1,8,12,0,0,0,3,1,0,0,7,0,2,0,8,5,0,0,9,0,0,92,-48,"Brisbane Lions","2016",10
10,"Rich, Daniel",12,3,7,19,0,1,0,6,0,5,7,3,1,0,0,8,10,0,1,1,0,0,77,-48,"Brisbane Lions","2016",10
18,"Robertson, Nick",14,7,8,22,1,0,0,3,2,3,0,2,0,1,0,7,14,1,0,1,0,0,73,-48,"Brisbane Lions","2016",10
5,"Robinson, Mitch",11,3,15,26,0,0,0,3,2,2,7,5,0,2,0,14,12,0,0,1,0,0,88,-48,"Brisbane Lions","2016",10
23,"Schache, Josh",5,8,8,13,2,2,0,0,0,1,0,2,0,0,0,7,6,3,3,0,0,0,91,-48,"Brisbane Lions","2016",10
28,"Taylor, Lewis",10,5,13,23,3,0,0,2,1,2,0,3,0,2,0,7,18,0,2,0,0,1,77,-48,"Brisbane Lions","2016",10
13,"West, Trent",3,1,5,8,0,0,21,2,1,2,0,7,0,4,0,2,6,0,0,2,0,0,89,-48,"Brisbane Lions","2016",10
15,"Zorko, Dayne",13,2,10,23,2,0,0,9,3,4,4,4,2,3,0,10,13,0,0,2,0,1,79,-48,"Brisbane Lions","2016",10
0,"Rushed",0,0,0,0,0,3,0,0,0,0,0,0,0,0,0,0,0,0,0,0,0,0,0,-48,"Brisbane Lions","2016",10
14,"Birchall, Grant",13,7,13,26,0,0,0,1,5,4,1,2,0,1,0,5,22,0,0,1,0,1,82,48,"Hawthorn","2016",10
22,"Breust, Luke",13,7,8,21,2,1,0,5,1,5,3,3,3,2,0,12,10,1,3,2,0,0,84,48,"Hawthorn","2016",10
9,"Burgoyne, Shaun",13,4,9,22,1,0,0,7,4,5,3,1,2,0,0,8,10,0,0,3,0,1,85,48,"Hawthorn","2016",10
18,"Ceglar, Jonathon",6,2,9,15,0,0,32,0,3,3,6,2,2,1,0,10,4,1,1,2,0,1,77,48,"Hawthorn","2016",10
8,"Duryea, Taylor",8,1,5,13,0,0,0,2,1,4,3,2,0,1,0,5,8,0,0,2,0,0,84,48,"Hawthorn","2016",10
12,"Frawley, James",11,6,4,15,0,0,0,0,3,0,0,1,0,0,0,2,13,0,0,6,0,0,100,48,"Hawthorn","2016",10
6,"Gibson, Josh",14,7,12,26,0,0,0,7,3,2,3,1,3,0,1,13,12,0,0,5,0,0,68,48,"Hawthorn","2016",10
19,"Gunston, Jack",11,7,13,24,2,1,0,2,1,2,0,5,1,1,0,9,15,4,4,1,0,2,96,48,"Hawthorn","2016",10
4,"Hartung, Billy",8,0,6,14,0,0,0,4,1,1,1,0,1,0,0,4,10,0,0,0,0,1,81,48,"Hawthorn","2016",10
10,"Hill, Bradley",10,2,7,17,2,2,0,4,0,3,0,2,0,0,0,3,15,0,1,2,0,2,86,48,"Hawthorn","2016",10
29,"Langford, Will",8,3,7,15,0,0,1,6,0,2,2,2,0,1,0,7,10,0,1,0,0,2,65,48,"Hawthorn","2016",10
3,"Lewis, Jordan",25,6,17,42,1,1,2,2,2,6,9,5,2,2,3,18,22,1,1,1,0,2,92,48,"Hawthorn","2016",10
7,"McEvoy, Ben",5,7,9,14,3,0,14,0,0,1,2,2,0,0,0,9,5,4,3,4,0,1,87,48,"Hawthorn","2016",10
5,"Mitchell, Sam",14,1,10,24,0,0,0,5,1,7,6,0,3,0,0,8,14,0,0,1,4,0,90,48,"Hawthorn","2016",10
23,"OBrien, Tim",5,3,2,7,1,0,0,0,2,1,0,3,0,3,0,4,2,2,0,5,0,0,82,48,"Hawthorn","2016",10
28,"Puopolo, Paul",7,2,8,15,2,0,0,2,0,6,1,4,2,3,0,8,6,1,1,0,0,2,81,48,"Hawthorn","2016",10
33,"Rioli, Cyril",13,1,6,19,5,1,0,8,0,1,2,4,3,1,2,7,12,0,1,1,0,0,74,48,"Hawthorn","2016",10
26,"Shiels, Liam",9,4,7,16,0,0,0,9,2,3,2,4,1,2,0,8,9,0,0,0,0,0,92,48,"Hawthorn","2016",10
21,"Sicily, James",5,4,5,10,1,0,0,3,0,1,0,0,1,0,0,3,7,0,1,4,2,1,76,48,"Hawthorn","2016",10
16,"Smith, Isaac",16,5,5,21,1,0,5,2,1,4,0,5,0,1,0,3,18,0,0,0,1,0,89,48,"Hawthorn","2016",10
27,"Spangher, Matthew",1,0,0,1,0,0,0,0,0,0,0,0,0,0,0,0,1,0,0,0,0,0,5,48,"Hawthorn","2016",10
24,"Stratton, Ben",10,5,7,17,0,0,0,3,2,0,0,4,1,1,0,6,11,0,0,3,0,0,97,48,"Hawthorn","2016",10
0,"Rushed",0,0,0,0,0,3,0,0,0,0,0,0,0,0,0,0,0,0,0,0,0,0,0,48,"Hawthorn","2016",10
