"Number","Player","Kicks","Marks","Handballs","Disposals","Goals","Behinds","Hitouts","Tackles","Rebounds50s","Inside50s","Clearances","Clangers","FreesFor","FreesAgainst","BrownlowVotes","ContestedPossessions","UncontestedPossessions","ContestedMarks","MarksInside50","OnePercenters","Bounces","GoalAssists","PercentagePlayed","PointDifference","Team","Season","Round"
18,"Atley, Shaun",6,2,11,17,0,0,0,3,5,0,1,3,1,1,0,6,13,0,0,1,2,1,88,5,"North Melbourne","2016",3
50,"Brown, Ben",6,4,4,10,0,1,0,1,0,1,0,1,0,0,0,5,5,1,1,0,0,1,78,5,"North Melbourne","2016",3
10,"Cunnington, Ben",6,1,14,20,0,0,2,2,2,1,4,4,1,0,0,15,5,0,0,2,0,0,66,5,"North Melbourne","2016",3
15,"Dal Santo, Nick",8,1,13,21,0,0,1,2,0,3,4,2,1,0,0,9,10,0,0,1,0,0,73,5,"North Melbourne","2016",3
11,"Firrito, Michael",14,5,5,19,0,0,0,3,12,0,1,4,0,2,0,4,15,1,0,6,0,1,93,5,"North Melbourne","2016",3
27,"Garner, Taylor",2,1,6,8,0,1,0,6,0,1,1,4,0,3,0,2,6,0,0,0,0,1,46,5,"North Melbourne","2016",3
43,"Gibson, Sam",10,1,8,18,2,0,0,3,0,5,3,2,2,1,0,5,13,0,0,0,0,1,91,5,"North Melbourne","2016",3
22,"Goldstein, Todd",11,3,8,19,5,2,38,5,1,2,9,2,4,1,3,15,4,2,2,3,0,0,93,5,"North Melbourne","2016",3
29,"Harvey, Brent",11,2,11,22,6,0,0,5,0,3,0,1,1,1,2,4,17,0,2,1,2,0,90,5,"North Melbourne","2016",3
4,"Higgins, Shaun",5,2,12,17,0,1,0,2,1,4,3,2,3,0,0,6,12,0,0,0,1,0,85,5,"North Melbourne","2016",3
5,"Jacobs, Ben",2,1,4,6,0,0,0,3,0,1,1,1,1,0,0,5,2,0,0,2,0,0,86,5,"North Melbourne","2016",3
34,"Macmillan, Jamie",11,3,3,14,1,0,0,1,3,5,3,1,1,1,0,4,11,0,0,1,0,0,80,5,"North Melbourne","2016",3
21,"McDonald, Luke",7,3,3,10,0,0,0,5,0,4,0,1,0,1,0,2,8,0,0,3,0,1,83,5,"North Melbourne","2016",3
20,"Petrie, Drew",5,1,4,9,2,1,0,3,0,3,0,3,1,2,0,6,3,1,1,3,0,1,96,5,"North Melbourne","2016",3
9,"Swallow, Andrew",6,0,7,13,0,0,0,11,1,3,2,4,1,3,0,5,9,0,0,1,0,1,77,5,"North Melbourne","2016",3
25,"Tarrant, Robbie",7,3,5,12,0,0,1,3,2,0,0,1,1,0,0,6,5,1,0,7,0,0,91,5,"North Melbourne","2016",3
12,"Thomas, Lindsay",5,3,8,13,0,2,0,3,0,0,0,1,0,1,0,3,10,0,2,2,0,0,73,5,"North Melbourne","2016",3
16,"Thompson, Scott",1,1,8,9,0,0,0,2,1,0,0,1,0,1,0,8,2,0,0,10,0,0,91,5,"North Melbourne","2016",3
30,"Waite, Jarrad",9,5,6,15,4,0,0,5,0,2,2,2,1,2,0,9,6,2,3,1,0,3,89,5,"North Melbourne","2016",3
8,"Wells, Daniel",10,1,7,17,0,0,1,7,1,5,6,2,0,0,0,8,10,0,0,2,0,2,79,5,"North Melbourne","2016",3
19,"Wright, Sam",9,4,5,14,0,0,0,3,3,2,0,4,0,1,0,5,10,0,0,1,0,0,83,5,"North Melbourne","2016",3
7,"Ziebell, Jack",14,1,5,19,1,1,0,19,2,6,6,4,5,2,0,12,8,1,0,1,0,0,69,5,"North Melbourne","2016",3
0,"Rushed",0,0,0,0,0,1,0,0,0,0,0,0,0,0,0,0,0,0,0,0,0,0,0,5,"North Melbourne","2016",3
32,"Bugg, Tomas",7,0,10,17,0,0,0,5,3,2,4,2,1,0,0,9,8,0,0,0,1,0,83,-5,"Melbourne","2016",3
14,"Dunn, Lynden",10,1,3,13,1,0,0,3,5,2,0,1,2,1,0,6,5,0,0,9,0,0,86,-5,"Melbourne","2016",3
17,"Frost, Sam",3,2,3,6,0,0,1,1,1,2,1,1,0,0,0,3,3,0,0,1,0,0,75,-5,"Melbourne","2016",3
11,"Gawn, Max",7,5,11,18,2,1,63,0,0,2,7,8,3,7,0,17,4,4,1,4,0,3,89,-5,"Melbourne","2016",3
43,"Harmes, James",9,1,5,14,1,0,0,10,0,4,2,2,4,0,0,8,5,1,0,1,0,0,71,-5,"Melbourne","2016",3
1,"Hogan, Jesse",10,7,9,19,3,2,0,2,1,3,1,1,0,0,0,7,13,2,3,5,0,2,92,-5,"Melbourne","2016",3
39,"Jetta, Neville",9,5,7,16,0,0,0,6,3,3,0,3,1,1,0,6,11,0,0,2,0,1,86,-5,"Melbourne","2016",3
45,"Jones, Matt",11,4,11,22,0,0,0,4,3,3,6,4,0,2,0,8,13,0,0,0,1,0,87,-5,"Melbourne","2016",3
2,"Jones, Nathan",8,0,10,18,1,1,0,5,0,3,5,1,0,1,0,7,9,0,0,0,1,0,91,-5,"Melbourne","2016",3
35,"Kennedy, Ben",8,2,7,15,0,1,0,3,0,3,0,3,0,1,0,8,8,1,0,3,0,0,83,-5,"Melbourne","2016",3
16,"Kent, Dean",10,2,4,14,4,2,0,2,0,3,0,3,1,1,0,3,11,0,1,1,1,0,80,-5,"Melbourne","2016",3
8,"Lumumba, Heritier",9,3,8,17,0,0,0,1,2,2,1,3,1,1,0,6,11,0,0,2,3,0,89,-5,"Melbourne","2016",3
25,"McDonald, Tom",4,3,6,10,0,0,0,2,2,1,0,0,0,0,0,3,7,0,0,5,0,0,97,-5,"Melbourne","2016",3
13,"Oliver, Clayton",7,1,19,26,2,0,0,4,1,3,7,5,2,1,0,13,13,0,0,1,0,0,65,-5,"Melbourne","2016",3
3,"Salem, Christian",12,2,5,17,0,0,0,1,1,4,1,1,0,1,0,5,12,1,0,3,2,1,87,-5,"Melbourne","2016",3
15,"Stretch, Billy",9,1,6,15,0,0,0,3,1,2,2,4,2,0,0,8,12,0,0,1,1,0,75,-5,"Melbourne","2016",3
12,"Tyson, Dom",4,1,16,20,1,0,1,1,1,3,5,3,1,2,0,11,12,0,0,0,0,1,68,-5,"Melbourne","2016",3
37,"Vandenberg, Aaron",4,2,4,8,1,1,0,4,0,1,0,0,0,0,0,4,4,0,1,3,0,1,83,-5,"Melbourne","2016",3
23,"Vince, Bernie",22,2,10,32,0,0,0,3,1,7,10,7,2,1,0,17,14,1,0,0,1,3,82,-5,"Melbourne","2016",3
7,"Viney, Jack",16,1,12,28,1,0,0,2,0,8,10,6,1,4,1,16,13,0,1,0,1,1,80,-5,"Melbourne","2016",3
42,"Wagner, Josh",3,0,5,8,0,0,0,4,0,1,1,1,1,0,0,6,3,0,0,3,0,0,63,-5,"Melbourne","2016",3
4,"Watts, Jack",8,4,5,13,3,0,0,1,0,1,0,4,1,0,0,5,8,1,3,3,0,2,86,-5,"Melbourne","2016",3
0,"Rushed",0,0,0,0,0,3,0,0,0,0,0,0,0,0,0,0,0,0,0,0,0,0,0,-5,"Melbourne","2016",3
