"Number","Player","Kicks","Marks","Handballs","Disposals","Goals","Behinds","Hitouts","Tackles","Rebounds50s","Inside50s","Clearances","Clangers","FreesFor","FreesAgainst","BrownlowVotes","ContestedPossessions","UncontestedPossessions","ContestedMarks","MarksInside50","OnePercenters","Bounces","GoalAssists","PercentagePlayed","PointDifference","Team","Season","Round"
13,"Adams, Taylor",11,6,11,22,0,0,0,5,0,3,2,3,0,1,0,8,14,0,0,1,1,1,83,32,"Collingwood","2020",6
40,"Bosenavulagi, Atu",6,4,10,16,0,0,0,1,0,2,0,4,0,1,0,5,11,0,0,0,2,0,68,32,"Collingwood","2020",6
17,"Brown, Callum",5,2,8,13,0,0,0,2,0,1,0,2,0,1,0,5,8,0,0,1,0,0,82,32,"Collingwood","2020",6
46,"Cox, Mason",2,0,3,5,1,0,3,0,0,0,0,2,3,1,0,7,0,0,0,4,0,0,78,32,"Collingwood","2020",6
25,"Crisp, Jack",7,4,8,15,0,0,0,2,3,1,0,2,0,1,0,4,11,1,0,3,0,0,90,32,"Collingwood","2020",6
5,"Elliott, Jamie",5,2,10,15,0,1,0,1,1,2,5,0,0,0,0,7,8,0,1,2,0,0,54,32,"Collingwood","2020",6
4,"Grundy, Brodie",3,1,8,11,0,0,22,2,0,1,4,2,1,2,0,7,4,1,0,0,0,0,91,32,"Collingwood","2020",6
32,"Hoskin-Elliott, Will",9,4,1,10,2,1,0,1,0,5,0,1,3,1,0,5,4,1,1,2,0,1,84,32,"Collingwood","2020",6
27,"Kelly, Will",4,2,1,5,1,1,0,0,0,1,0,1,0,1,0,3,3,1,0,1,0,0,71,32,"Collingwood","2020",6
37,"Maynard, Brayden",15,1,5,20,0,0,0,4,4,2,1,2,0,1,0,6,10,0,0,4,0,0,86,32,"Collingwood","2020",6
16,"Mayne, Chris",7,3,11,18,0,0,0,3,0,0,1,0,1,0,0,5,12,0,0,3,0,0,88,32,"Collingwood","2020",6
41,"Mihocek, Brody",9,5,0,9,4,1,0,2,0,2,0,3,2,1,3,5,5,1,4,3,0,0,85,32,"Collingwood","2020",6
30,"Moore, Darcy",13,6,8,21,0,0,0,1,4,3,0,2,3,0,1,6,14,0,0,3,0,0,90,32,"Collingwood","2020",6
10,"Pendlebury, Scott",8,1,13,21,0,0,0,2,1,3,5,1,2,0,0,7,13,0,0,4,0,0,88,32,"Collingwood","2020",6
21,"Phillips, Tom",11,2,4,15,0,0,0,1,2,1,0,1,1,0,0,4,10,0,0,0,0,0,91,32,"Collingwood","2020",6
3,"Quaynor, Isaac",8,3,7,15,0,0,0,1,2,5,0,1,0,0,0,5,10,1,0,3,0,0,79,32,"Collingwood","2020",6
23,"Roughead, Jordan",0,1,3,3,0,0,0,0,0,0,0,2,0,1,0,2,1,0,0,6,0,0,88,32,"Collingwood","2020",6
12,"Scharenberg, Matt",9,5,7,16,0,0,0,2,2,0,0,1,0,0,0,3,12,0,0,4,0,0,86,32,"Collingwood","2020",6
1,"Stephenson, Jaidyn",9,2,6,15,0,0,0,4,3,3,0,3,1,2,0,3,12,0,0,1,0,1,86,32,"Collingwood","2020",6
7,"Treloar, Adam",16,1,19,35,0,0,0,1,2,8,6,5,1,1,2,15,21,0,0,1,0,1,82,32,"Collingwood","2020",6
18,"Varcoe, Travis",6,3,9,15,0,0,0,4,3,1,0,1,0,0,0,4,12,0,0,0,0,0,80,32,"Collingwood","2020",6
33,"Wills, Rupert",7,1,12,19,0,0,0,5,2,3,2,0,1,0,0,8,12,0,0,1,0,1,69,32,"Collingwood","2020",6
0,"Rushed",0,0,0,0,0,7,0,0,0,0,0,0,0,0,0,0,0,0,0,0,0,0,0,32,"Collingwood","2020",6
18,"Ceglar, Jonathon",4,0,5,9,0,0,9,2,0,0,3,5,1,2,0,5,4,0,0,7,0,0,79,-32,"Hawthorn","2020",6
30,"Day, Will",10,2,6,16,0,0,0,2,3,1,1,1,2,0,0,7,6,0,0,3,0,0,80,-32,"Hawthorn","2020",6
12,"Frawley, James",9,4,3,12,0,0,0,0,3,0,0,3,1,3,0,5,7,0,0,5,0,0,85,-32,"Hawthorn","2020",6
8,"Frost, Sam",5,4,4,9,0,0,0,0,4,0,0,2,1,1,0,5,4,1,0,6,0,0,84,-32,"Hawthorn","2020",6
19,"Gunston, Jack",10,5,0,10,1,3,0,2,0,3,0,1,0,0,0,3,7,1,1,1,0,0,89,-32,"Hawthorn","2020",6
15,"Hardwick, Blake",17,6,3,20,0,0,0,1,7,2,0,5,0,2,0,4,15,0,0,2,0,0,87,-32,"Hawthorn","2020",6
31,"Henderson, Ricky",13,8,3,16,0,0,0,1,1,3,3,1,1,0,0,1,12,0,0,1,0,0,78,-32,"Hawthorn","2020",6
7,"McEvoy, Ben",6,6,4,10,1,0,8,1,1,0,0,0,0,0,0,5,6,2,1,3,0,0,76,-32,"Hawthorn","2020",6
3,"Mitchell, Tom",14,7,19,33,0,0,0,1,1,2,4,1,0,1,0,11,23,0,0,0,0,0,87,-32,"Hawthorn","2020",6
35,"Morris, Josh",2,1,2,4,0,0,0,2,0,2,0,0,0,0,0,3,2,0,0,1,0,0,71,-32,"Hawthorn","2020",6
1,"Morrison, Harry",12,9,5,17,0,0,0,2,4,0,0,0,0,0,0,3,16,0,0,3,0,0,84,-32,"Hawthorn","2020",6
23,"OBrien, Tim",9,7,1,10,0,1,1,1,0,2,0,4,0,2,0,2,8,1,1,2,0,0,90,-32,"Hawthorn","2020",6
10,"OMeara, Jaeger",11,2,9,20,0,1,0,5,2,3,5,6,0,3,0,7,14,0,1,2,0,0,89,-32,"Hawthorn","2020",6
25,"Patton, Jonathon",1,0,0,1,0,0,0,0,0,1,0,0,1,0,0,1,0,0,0,0,0,0,14,-32,"Hawthorn","2020",6
28,"Puopolo, Paul",2,0,5,7,0,0,0,4,0,0,0,1,1,1,0,7,1,0,0,0,0,0,79,-32,"Hawthorn","2020",6
21,"Scully, Tom",4,0,6,10,0,0,0,1,0,1,0,3,0,1,0,5,6,0,0,2,0,1,97,-32,"Hawthorn","2020",6
26,"Shiels, Liam",11,6,9,20,0,0,0,6,2,1,3,2,2,1,0,7,11,0,1,0,0,0,80,-32,"Hawthorn","2020",6
6,"Sicily, James",17,14,11,28,0,0,0,0,5,1,0,3,2,1,0,5,20,2,0,2,0,0,88,-32,"Hawthorn","2020",6
16,"Smith, Isaac",12,9,14,26,1,1,0,1,2,5,0,4,0,1,0,4,22,0,1,1,0,0,95,-32,"Hawthorn","2020",6
24,"Stratton, Ben",6,4,6,12,0,0,0,1,1,1,0,1,2,0,0,6,7,1,0,7,0,0,96,-32,"Hawthorn","2020",6
20,"Wingard, Chad",8,3,2,10,0,1,0,1,0,3,0,2,0,0,0,4,6,1,1,0,0,0,90,-32,"Hawthorn","2020",6
5,"Worpel, James",12,3,6,18,0,0,0,4,0,1,2,1,1,0,0,7,9,0,0,0,0,0,82,-32,"Hawthorn","2020",6
0,"Rushed",0,0,0,0,0,2,0,0,0,0,0,0,0,0,0,0,0,0,0,0,0,0,0,-32,"Hawthorn","2020",6
