"Number","Player","Kicks","Marks","Handballs","Disposals","Goals","Behinds","Hitouts","Tackles","Rebounds50s","Inside50s","Clearances","Clangers","FreesFor","FreesAgainst","BrownlowVotes","ContestedPossessions","UncontestedPossessions","ContestedMarks","MarksInside50","OnePercenters","Bounces","GoalAssists","PercentagePlayed","PointDifference","Team","Season","Round"
41,"Casboult, Levi",12,6,2,14,1,1,8,3,0,4,4,2,3,0,0,9,5,2,2,0,0,0,90,5,"Carlton","2020",16
46,"Cottrell, Matthew",7,2,2,9,1,0,0,0,2,1,3,3,0,0,0,6,3,1,1,2,0,0,75,5,"Carlton","2020",16
9,"Cripps, Patrick",10,4,7,17,1,0,0,7,0,4,5,2,4,1,2,10,7,1,0,2,0,0,87,5,"Carlton","2020",16
28,"Cuningham, David",4,1,6,10,0,0,0,3,1,2,2,3,0,2,0,6,5,0,0,2,0,0,77,5,"Carlton","2020",16
35,"Curnow, Ed",8,3,8,16,0,0,0,5,1,4,4,4,0,1,0,9,6,0,0,2,0,3,84,5,"Carlton","2020",16
12,"De Koning, Tom",5,2,7,12,0,0,19,3,1,2,4,1,1,0,0,10,3,1,0,3,0,0,70,5,"Carlton","2020",16
15,"Docherty, Sam",11,1,7,18,0,0,0,1,2,4,2,2,1,0,0,7,8,0,0,0,0,0,90,5,"Carlton","2020",16
25,"Fisher, Zac",7,2,9,16,1,1,0,1,0,3,0,2,0,0,0,9,7,0,0,0,2,1,81,5,"Carlton","2020",16
14,"Jones, Liam",6,2,1,7,0,0,0,2,1,1,0,0,2,0,0,3,4,1,0,9,0,0,93,5,"Carlton","2020",16
21,"Martin, Jack",9,8,1,10,0,0,0,0,0,1,0,3,0,1,0,1,9,0,0,1,0,0,49,5,"Carlton","2020",16
11,"McGovern, Mitch",1,0,4,5,0,0,0,2,0,1,0,0,0,0,0,1,4,0,0,0,0,0,73,5,"Carlton","2020",16
10,"McKay, Harry",6,4,1,7,2,2,0,2,0,0,0,2,0,0,0,3,3,1,3,2,0,0,90,5,"Carlton","2020",16
3,"Murphy, Marc",11,2,5,16,0,2,0,2,0,3,0,2,0,0,0,4,12,0,0,2,3,1,78,5,"Carlton","2020",16
32,"Newnes, Jack",7,2,10,17,1,1,0,2,1,1,0,2,0,2,0,10,6,0,0,0,0,1,93,5,"Carlton","2020",16
44,"Owies, Matthew",3,1,2,5,0,0,0,1,0,0,0,3,0,2,0,4,2,0,0,1,0,0,68,5,"Carlton","2020",16
5,"Petrevski-Seton, Sam",18,6,4,22,0,0,0,3,3,2,1,2,1,1,0,9,12,0,0,1,0,0,78,5,"Carlton","2020",16
20,"Plowman, Lachie",10,4,0,10,0,0,0,5,1,2,0,0,0,0,0,1,8,1,0,2,0,0,93,5,"Carlton","2020",16
43,"Setterfield, Will",10,4,6,16,0,0,0,8,0,4,4,1,0,0,0,7,10,0,0,1,0,0,88,5,"Carlton","2020",16
6,"Simpson, Kade",14,4,4,18,0,0,0,2,4,1,1,2,2,0,0,6,11,0,0,2,0,0,83,5,"Carlton","2020",16
18,"Walsh, Sam",20,9,5,25,1,1,0,3,2,6,2,2,1,1,3,7,19,0,0,1,3,0,89,5,"Carlton","2020",16
23,"Weitering, Jacob",15,12,1,16,0,0,0,1,4,4,0,1,2,0,0,6,12,1,0,7,0,0,95,5,"Carlton","2020",16
31,"Williamson, Tom",8,5,5,13,0,0,0,0,2,0,0,4,1,1,0,4,8,0,0,1,1,0,77,5,"Carlton","2020",16
0,"Rushed",0,0,0,0,0,1,0,0,0,0,0,0,0,0,0,0,0,0,0,0,0,0,0,5,"Carlton","2020",16
36,"Aliir, Aliir",2,0,2,4,0,0,7,7,1,0,1,4,0,2,0,3,2,0,0,3,1,0,76,-5,"Sydney","2020",16
22,"Blakey, Nick",8,2,2,10,0,0,0,6,0,0,5,2,0,1,0,5,6,0,0,1,0,0,59,-5,"Sydney","2020",16
4,"Clarke, Ryan",4,2,6,10,0,0,0,3,1,1,2,1,0,0,0,4,6,0,0,0,0,0,82,-5,"Sydney","2020",16
7,"Cunningham, Harry",11,5,1,12,0,0,0,2,6,1,1,0,0,0,0,4,7,1,0,0,0,0,84,-5,"Sydney","2020",16
34,"Dawson, Jordan",10,4,5,15,1,0,0,3,3,4,1,1,1,0,0,5,10,0,0,4,0,2,84,-5,"Sydney","2020",16
13,"Florent, Oliver",12,4,3,15,2,0,0,4,1,3,1,2,0,0,1,6,11,0,1,2,0,0,86,-5,"Sydney","2020",16
42,"Fox, Robbie",7,2,4,11,0,0,0,1,4,1,1,3,2,1,0,4,8,0,0,8,0,0,90,-5,"Sydney","2020",16
9,"Hayward, Will",9,4,2,11,1,0,0,3,0,2,0,2,1,1,0,4,5,1,1,0,0,0,85,-5,"Sydney","2020",16
12,"Kennedy, Josh",13,2,3,16,0,0,0,4,1,5,5,2,0,2,0,7,9,0,0,0,0,0,86,-5,"Sydney","2020",16
44,"Lloyd, Jake",14,3,10,24,0,0,0,3,6,1,2,0,0,0,0,7,11,0,0,1,0,2,87,-5,"Sydney","2020",16
30,"McCartin, Tom",6,7,5,11,0,0,0,1,5,0,1,2,0,1,0,5,6,2,0,5,0,0,89,-5,"Sydney","2020",16
27,"McInerney, Justin",7,1,6,13,1,0,0,2,0,3,1,1,0,0,0,4,9,0,0,2,0,0,90,-5,"Sydney","2020",16
41,"McLean, Hayden",2,2,0,2,1,0,0,0,0,0,0,2,0,2,0,2,1,1,1,2,0,0,74,-5,"Sydney","2020",16
43,"Melican, Lewis",8,4,5,13,0,0,0,1,7,0,0,2,1,0,0,8,5,2,0,1,0,0,93,-5,"Sydney","2020",16
11,"Papley, Tom",7,3,3,10,0,1,0,1,1,2,1,1,2,1,0,5,4,0,0,0,0,0,88,-5,"Sydney","2020",16
26,"Parker, Luke",7,0,10,17,0,0,0,3,0,4,4,0,1,0,0,9,7,0,0,2,0,0,83,-5,"Sydney","2020",16
20,"Reid, Sam",4,3,3,7,1,1,3,3,0,0,0,0,0,0,0,4,3,2,2,0,0,0,86,-5,"Sydney","2020",16
8,"Rowbottom, James",3,1,6,9,0,0,0,5,0,1,2,2,2,1,0,6,5,0,0,1,0,0,74,-5,"Sydney","2020",16
18,"Sinclair, Callum",6,1,2,8,0,1,21,0,0,2,1,6,1,4,0,5,3,0,1,1,0,0,80,-5,"Sydney","2020",16
28,"Taylor, Lewis",4,1,5,9,1,1,0,1,1,2,2,1,1,0,0,7,3,0,0,2,1,0,73,-5,"Sydney","2020",16
6,"Thurlow, Jackson",7,1,4,11,0,0,0,1,3,0,0,0,0,0,0,2,4,0,0,4,0,0,79,-5,"Sydney","2020",16
45,"Wicks, Sam",3,2,4,7,0,0,0,3,1,2,0,3,0,2,0,3,4,0,0,1,0,0,74,-5,"Sydney","2020",16
0,"Totals",154,54,91,245,8,4,31,57,41,34,31,37,12,18,1,109,129,9,6,40,2,4,0,-5,"Sydney","2020",16
