"Number","Player","Kicks","Marks","Handballs","Disposals","Goals","Behinds","Hitouts","Tackles","Rebounds50s","Inside50s","Clearances","Clangers","FreesFor","FreesAgainst","BrownlowVotes","ContestedPossessions","UncontestedPossessions","ContestedMarks","MarksInside50","OnePercenters","Bounces","GoalAssists","PercentagePlayed","PointDifference","Team","Season","Round"
32,"Bell, James",6,3,7,13,1,0,0,5,0,0,3,1,0,0,0,7,6,0,0,1,0,0,78,41,"Sydney","2020",12
22,"Blakey, Nick",14,6,4,18,2,1,0,3,3,2,3,5,0,1,0,6,12,0,1,1,4,0,64,41,"Sydney","2020",12
7,"Cunningham, Harry",7,4,3,10,0,0,0,0,1,3,0,0,1,0,0,5,4,0,0,4,0,0,82,41,"Sydney","2020",12
34,"Dawson, Jordan",13,5,5,18,2,0,0,2,0,1,2,4,1,1,0,5,14,1,2,1,0,0,79,41,"Sydney","2020",12
13,"Florent, Oliver",9,0,3,12,0,0,0,4,1,3,0,2,0,0,0,5,7,0,0,0,0,0,79,41,"Sydney","2020",12
16,"Foot, Zac",6,5,4,10,1,0,0,1,2,1,0,4,1,2,0,3,7,1,2,1,0,2,76,41,"Sydney","2020",12
42,"Fox, Robbie",4,2,0,4,0,0,0,3,2,0,1,1,1,0,0,1,3,0,0,3,0,0,74,41,"Sydney","2020",12
9,"Hayward, Will",3,2,3,6,1,0,0,1,0,0,1,0,0,0,0,2,3,1,1,1,0,0,83,41,"Sydney","2020",12
44,"Lloyd, Jake",20,6,7,27,0,0,0,4,4,2,1,2,0,0,2,8,11,2,0,1,0,0,87,41,"Sydney","2020",12
30,"McCartin, Tom",4,3,1,5,0,0,0,2,0,2,0,0,0,0,0,3,1,3,0,0,0,0,86,41,"Sydney","2020",12
43,"Melican, Lewis",10,3,5,15,0,0,0,2,5,0,1,2,1,2,0,7,7,2,0,4,0,0,88,41,"Sydney","2020",12
14,"Mills, Callum",14,10,5,19,0,0,0,2,3,0,1,3,3,2,0,5,13,0,0,6,1,0,88,41,"Sydney","2020",12
38,"ORiordan, Colin",8,3,7,15,0,0,0,2,2,0,0,2,0,1,0,4,12,0,0,7,0,0,82,41,"Sydney","2020",12
11,"Papley, Tom",8,1,2,10,0,3,0,3,1,3,4,5,1,2,0,13,3,0,0,4,2,1,94,41,"Sydney","2020",12
26,"Parker, Luke",15,3,14,29,0,1,0,6,2,5,4,4,1,0,3,15,12,0,1,2,0,1,89,41,"Sydney","2020",12
24,"Rampe, Dane",15,7,7,22,0,0,0,1,10,0,2,2,0,1,1,10,11,2,0,4,0,0,97,41,"Sydney","2020",12
20,"Reid, Sam",3,3,3,6,0,0,10,1,0,1,1,1,0,0,0,4,2,2,0,1,0,0,85,41,"Sydney","2020",12
8,"Rowbottom, James",17,2,3,20,1,0,0,2,6,4,6,2,3,1,0,9,9,0,0,1,0,1,80,41,"Sydney","2020",12
18,"Sinclair, Callum",6,4,6,12,0,0,28,2,2,2,1,3,1,1,0,6,6,2,0,2,0,0,79,41,"Sydney","2020",12
3,"Stephens, Dylan",8,4,3,11,1,0,0,6,1,2,0,2,0,1,0,5,7,0,0,1,0,0,72,41,"Sydney","2020",12
6,"Thurlow, Jackson",11,7,4,15,1,0,0,3,2,2,0,1,2,0,0,7,8,1,0,0,0,0,78,41,"Sydney","2020",12
45,"Wicks, Sam",2,1,4,6,0,0,0,2,0,0,0,2,0,1,0,3,3,0,0,1,0,1,79,41,"Sydney","2020",12
0,"Rushed",0,0,0,0,0,1,0,0,0,0,0,0,0,0,0,0,0,0,0,0,0,0,0,41,"Sydney","2020",12
7,"Ash, Lachie",4,0,2,6,0,0,0,3,1,2,0,2,0,1,0,3,3,0,0,4,0,0,81,-41,"Greater Western Sydney","2020",12
5,"Caldwell, Jye",8,4,5,13,0,1,0,2,0,2,0,4,0,1,0,5,9,0,1,0,0,0,79,-41,"Greater Western Sydney","2020",12
18,"Cameron, Jeremy",3,0,2,5,1,0,1,3,0,1,0,6,1,4,0,3,3,0,0,2,0,0,89,-41,"Greater Western Sydney","2020",12
3,"Coniglio, Stephen",12,2,8,20,0,0,0,5,1,5,4,5,0,1,0,10,10,0,0,2,0,0,87,-41,"Greater Western Sydney","2020",12
35,"Corr, Aidan",7,2,2,9,0,0,0,2,3,0,0,0,0,0,0,3,3,0,0,1,0,0,75,-41,"Greater Western Sydney","2020",12
16,"Daniels, Brent",9,4,4,13,0,0,0,4,0,1,1,1,1,0,0,5,8,0,0,2,0,0,77,-41,"Greater Western Sydney","2020",12
31,"Finlayson, Jeremy",5,2,3,8,1,1,2,2,0,2,2,1,1,0,0,6,2,1,1,3,0,0,74,-41,"Greater Western Sydney","2020",12
19,"Haynes, Nick",5,2,2,7,0,0,0,0,1,1,0,0,0,0,0,4,2,2,0,8,0,0,91,-41,"Greater Western Sydney","2020",12
27,"Himmelberg, Harry",4,1,2,6,0,0,2,1,0,4,1,1,1,1,0,5,1,1,0,3,0,0,79,-41,"Greater Western Sydney","2020",12
2,"Hopper, Jacob",6,0,8,14,0,0,0,3,0,2,4,2,1,1,0,10,4,0,0,0,0,0,69,-41,"Greater Western Sydney","2020",12
20,"Hutchesson, Tom",4,2,3,7,0,1,0,1,1,2,0,1,1,0,0,2,5,0,0,1,0,0,55,-41,"Greater Western Sydney","2020",12
10,"Jacobs, Sam",4,2,6,10,0,0,25,1,1,1,3,3,1,1,0,6,3,0,0,3,0,0,77,-41,"Greater Western Sydney","2020",12
25,"Keeffe, Lachlan",3,3,2,5,0,0,0,0,1,1,0,0,0,0,0,1,3,0,0,12,0,0,96,-41,"Greater Western Sydney","2020",12
22,"Kelly, Josh",19,1,12,31,0,1,0,5,4,7,9,3,1,1,0,13,15,0,0,2,0,0,92,-41,"Greater Western Sydney","2020",12
17,"Langdon, Zac",3,2,5,8,1,2,0,4,1,1,0,2,2,1,0,7,2,0,1,1,0,0,84,-41,"Greater Western Sydney","2020",12
33,"OHalloran, Xavier",4,2,6,10,0,0,0,3,0,3,0,4,0,0,0,6,4,0,1,3,0,0,86,-41,"Greater Western Sydney","2020",12
36,"Perryman, Harry",12,3,8,20,0,0,0,3,1,2,2,5,1,0,0,11,10,0,0,3,0,0,83,-41,"Greater Western Sydney","2020",12
23,"Shaw, Heath",5,2,1,6,0,0,0,2,3,0,0,3,1,1,0,5,4,1,0,3,0,0,96,-41,"Greater Western Sydney","2020",12
14,"Taranto, Tim",10,1,3,13,0,0,0,7,1,4,5,3,1,2,0,8,4,0,0,0,0,0,88,-41,"Greater Western Sydney","2020",12
8,"Ward, Callan",8,1,4,12,0,0,0,1,1,3,2,0,2,0,0,4,9,0,0,2,0,0,78,-41,"Greater Western Sydney","2020",12
6,"Whitfield, Lachie",10,5,4,14,0,0,0,4,0,4,1,2,0,1,0,3,12,0,0,1,0,0,83,-41,"Greater Western Sydney","2020",12
29,"Williams, Zac",15,2,6,21,0,0,0,1,2,4,1,0,1,0,0,8,10,1,0,3,0,0,82,-41,"Greater Western Sydney","2020",12
0,"Rushed",0,0,0,0,0,1,0,0,0,0,0,0,0,0,0,0,0,0,0,0,0,0,0,-41,"Greater Western Sydney","2020",12
