"Number","Player","Kicks","Marks","Handballs","Disposals","Goals","Behinds","Hitouts","Tackles","Rebounds50s","Inside50s","Clearances","Clangers","FreesFor","FreesAgainst","BrownlowVotes","ContestedPossessions","UncontestedPossessions","ContestedMarks","MarksInside50","OnePercenters","Bounces","GoalAssists","PercentagePlayed","PointDifference","Team","Season","Round"
4,"Ablett, Gary",10,1,9,19,0,0,0,0,2,7,1,4,0,2,0,12,8,0,0,0,0,0,85,-22,"Geelong","2020",7
24,"Bews, Jed",4,0,4,8,0,0,0,2,1,0,0,1,1,1,0,5,2,0,0,3,0,0,98,-22,"Geelong","2020",7
46,"Blicavs, Mark",9,3,0,9,0,0,0,1,5,0,0,1,0,0,0,3,6,0,0,12,0,0,100,-22,"Geelong","2020",7
6,"Clark, Jordan",7,4,5,12,1,0,0,2,0,1,0,2,0,1,0,3,10,0,1,1,0,0,55,-22,"Geelong","2020",7
40,"Dahlhaus, Luke",5,2,9,14,0,0,0,1,1,0,2,0,0,0,0,7,8,0,0,0,0,0,75,-22,"Geelong","2020",7
35,"Dangerfield, Patrick",23,3,9,32,0,1,0,4,3,4,10,3,0,1,0,14,14,0,0,6,0,1,84,-22,"Geelong","2020",7
28,"Fort, Darcy",5,3,3,8,0,0,23,3,1,0,4,3,1,3,0,3,5,0,0,4,0,0,80,-22,"Geelong","2020",7
29,"Guthrie, Cameron",16,7,12,28,1,0,0,2,4,1,8,3,0,0,0,11,14,0,1,0,0,0,76,-22,"Geelong","2020",7
26,"Hawkins, Tom",8,3,3,11,0,1,2,2,0,4,2,3,0,2,0,7,5,1,1,3,0,2,100,-22,"Geelong","2020",7
38,"Henry, Jack",7,3,2,9,0,0,0,2,5,0,0,0,0,0,0,4,4,0,0,4,0,0,94,-22,"Geelong","2020",7
8,"Kolodjashnij, Jake",6,5,4,10,0,0,0,0,1,0,0,1,0,0,0,3,6,1,0,5,0,0,84,-22,"Geelong","2020",7
27,"Menegola, Sam",9,3,10,19,0,0,0,1,1,1,3,1,0,1,0,9,10,0,0,0,0,0,93,-22,"Geelong","2020",7
32,"Miers, Gryan",8,3,6,14,0,0,0,2,0,2,0,4,0,1,0,3,11,0,0,0,0,0,95,-22,"Geelong","2020",7
42,"OConnor, Mark",7,5,4,11,0,0,0,4,3,0,0,7,0,4,0,3,7,0,0,3,0,0,100,-22,"Geelong","2020",7
3,"Parfitt, Brandan",7,1,5,12,0,1,0,7,1,5,2,1,0,0,0,5,6,0,0,0,0,0,73,-22,"Geelong","2020",7
17,"Ratugolea, Esava",3,2,4,7,0,0,7,1,0,1,2,2,2,1,0,5,3,0,0,4,0,0,85,-22,"Geelong","2020",7
23,"Rohan, Gary",5,2,2,7,1,0,0,1,0,1,0,1,0,0,0,5,2,1,1,1,0,1,82,-22,"Geelong","2020",7
14,"Selwood, Joel",0,0,1,1,0,0,0,1,0,0,0,0,0,0,0,1,0,0,0,0,0,0,10,-22,"Geelong","2020",7
37,"Simpson, Sam",9,3,3,12,1,0,0,3,1,1,1,1,2,0,0,4,5,0,0,0,0,0,78,-22,"Geelong","2020",7
9,"Steven, Jack",11,3,5,16,0,0,0,6,1,2,4,6,2,4,0,5,13,0,0,0,0,0,76,-22,"Geelong","2020",7
7,"Taylor, Harry",5,3,2,7,0,0,0,4,1,0,0,0,2,0,0,5,4,2,0,4,0,0,94,-22,"Geelong","2020",7
2,"Tuohy, Zach",15,1,2,17,1,0,0,0,6,1,0,3,0,1,0,5,8,0,0,3,0,0,84,-22,"Geelong","2020",7
0,"Rushed",0,0,0,0,0,2,0,0,0,0,0,0,0,0,0,0,0,0,0,0,0,0,0,-22,"Geelong","2020",7
13,"Adams, Taylor",11,4,10,21,1,0,0,6,1,3,5,3,2,0,0,13,9,1,1,2,0,1,79,22,"Collingwood","2020",7
40,"Bosenavulagi, Atu",2,1,1,3,0,0,0,3,0,1,0,0,2,0,0,2,1,0,0,0,0,1,57,22,"Collingwood","2020",7
17,"Brown, Callum",3,2,9,12,0,0,0,4,0,2,1,2,1,1,0,8,6,0,1,1,0,1,74,22,"Collingwood","2020",7
25,"Crisp, Jack",12,5,8,20,0,0,0,2,1,2,2,1,0,0,0,5,15,0,0,2,0,0,89,22,"Collingwood","2020",7
26,"Daicos, Josh",9,1,5,14,1,0,0,2,1,1,1,1,1,0,0,5,9,0,0,0,0,0,75,22,"Collingwood","2020",7
2,"de Goey, Jordan",11,5,6,17,5,1,0,1,0,3,1,0,1,0,3,12,6,2,4,1,1,0,91,22,"Collingwood","2020",7
5,"Elliott, Jamie",10,3,2,12,0,1,0,4,0,4,2,3,0,1,0,2,7,0,1,1,0,0,77,22,"Collingwood","2020",7
4,"Grundy, Brodie",10,5,7,17,0,0,46,3,3,6,3,2,5,1,2,10,6,1,0,1,1,0,92,22,"Collingwood","2020",7
32,"Hoskin-Elliott, Will",6,4,5,11,1,2,0,0,0,0,0,1,0,0,0,5,5,1,1,0,0,0,88,22,"Collingwood","2020",7
37,"Maynard, Brayden",9,2,4,13,0,0,0,4,3,0,1,2,2,1,0,8,6,0,0,5,0,0,94,22,"Collingwood","2020",7
16,"Mayne, Chris",8,3,8,16,0,1,0,9,2,0,2,4,2,2,0,8,10,0,0,3,0,0,83,22,"Collingwood","2020",7
41,"Mihocek, Brody",3,4,4,7,0,0,0,1,0,2,1,2,0,1,0,4,3,2,1,2,0,1,95,22,"Collingwood","2020",7
30,"Moore, Darcy",5,2,8,13,0,0,0,1,2,0,1,1,0,0,0,4,6,0,0,8,1,0,89,22,"Collingwood","2020",7
9,"Noble, John",8,3,7,15,0,0,0,2,1,0,1,1,0,0,0,4,11,0,0,1,0,0,80,22,"Collingwood","2020",7
10,"Pendlebury, Scott",16,1,9,25,0,0,0,0,0,3,4,3,2,0,0,10,14,0,0,8,0,1,90,22,"Collingwood","2020",7
21,"Phillips, Tom",14,1,7,21,0,0,0,4,4,6,0,1,1,0,0,5,15,0,0,1,0,0,80,22,"Collingwood","2020",7
3,"Quaynor, Isaac",6,3,5,11,0,0,0,5,1,1,0,0,1,0,0,6,5,1,0,1,0,0,82,22,"Collingwood","2020",7
23,"Roughead, Jordan",5,2,3,8,0,0,0,2,2,0,0,3,0,0,0,2,6,0,0,5,0,0,100,22,"Collingwood","2020",7
1,"Stephenson, Jaidyn",5,3,5,10,0,0,0,3,0,2,0,2,0,1,0,3,7,0,1,0,0,0,81,22,"Collingwood","2020",7
7,"Treloar, Adam",18,2,16,34,0,1,0,6,2,6,11,2,2,0,1,18,13,0,0,0,0,0,80,22,"Collingwood","2020",7
18,"Varcoe, Travis",5,0,6,11,0,0,0,1,1,3,2,2,0,1,0,3,7,0,0,3,0,0,68,22,"Collingwood","2020",7
33,"Wills, Rupert",6,2,7,13,0,0,0,4,1,1,3,1,0,1,0,5,8,0,0,0,0,0,56,22,"Collingwood","2020",7
0,"Rushed",0,0,0,0,0,3,0,0,0,0,0,0,0,0,0,0,0,0,0,0,0,0,0,22,"Collingwood","2020",7
