"Number","Player","Kicks","Marks","Handballs","Disposals","Goals","Behinds","Hitouts","Tackles","Rebounds50s","Inside50s","Clearances","Clangers","FreesFor","FreesAgainst","BrownlowVotes","ContestedPossessions","UncontestedPossessions","ContestedMarks","MarksInside50","OnePercenters","Bounces","GoalAssists","PercentagePlayed","PointDifference","Team","Season","Round"
26,"Battle, Josh",7,3,4,11,2,1,0,2,1,1,1,4,0,1,0,7,4,1,2,1,0,1,73,53,"St Kilda","2020",9
15,"Billings, Jack",9,4,10,19,0,1,0,5,1,2,1,3,0,1,0,8,11,0,0,1,0,0,80,53,"St Kilda","2020",9
16,"Butler, Dan",11,1,2,13,2,0,0,8,1,3,0,6,1,2,0,4,7,0,1,2,1,0,88,53,"St Kilda","2020",9
2,"Carlisle, Jake",4,3,3,7,0,0,0,3,0,0,0,4,0,1,0,1,5,0,0,3,0,0,83,53,"St Kilda","2020",9
11,"Clark, Hunter",13,6,7,20,1,1,0,3,0,2,1,4,1,0,0,6,15,1,1,0,0,0,88,53,"St Kilda","2020",9
1,"Coffield, Nick",8,8,9,17,0,0,0,0,3,2,1,1,0,0,0,6,13,1,0,4,0,0,84,53,"St Kilda","2020",9
14,"Geary, Jarryn",1,0,5,6,1,0,0,4,0,0,1,1,0,1,0,4,3,0,0,2,0,1,76,53,"St Kilda","2020",9
4,"Gresham, Jade",13,3,10,23,2,0,0,1,0,8,6,3,0,1,3,10,9,1,2,1,2,0,81,53,"St Kilda","2020",9
8,"Hill, Bradley",10,2,5,15,0,0,0,2,1,3,1,2,0,1,0,0,14,0,0,1,1,0,88,53,"St Kilda","2020",9
40,"Hind, Nick",12,2,4,16,3,1,0,5,1,3,2,2,1,2,2,9,8,0,0,3,4,0,79,53,"St Kilda","2020",9
20,"Howard, Dougal",8,6,1,9,0,0,0,2,1,1,0,1,0,1,0,2,8,1,0,7,0,0,88,53,"St Kilda","2020",9
3,"Jones, Zak",8,3,13,21,1,0,0,5,0,4,6,3,1,1,0,14,7,0,1,1,1,2,74,53,"St Kilda","2020",9
12,"King, Max",3,2,6,9,3,0,2,3,0,0,0,0,1,0,0,8,3,2,1,1,0,0,89,53,"St Kilda","2020",9
19,"Marshall, Rowan",9,3,8,17,0,2,14,4,1,2,3,5,2,1,0,11,5,2,1,2,0,0,74,53,"St Kilda","2020",9
28,"Membrey, Tim",8,5,4,12,0,0,0,1,0,3,0,2,1,0,0,6,7,1,0,2,0,1,81,53,"St Kilda","2020",9
34,"Parker, Matthew",5,1,2,7,0,2,0,4,0,1,0,1,0,1,0,1,5,0,0,0,0,1,79,53,"St Kilda","2020",9
33,"Paton, Ben",11,7,3,14,0,0,0,0,5,2,0,3,1,1,0,5,9,1,0,1,2,0,87,53,"St Kilda","2020",9
18,"Ryder, Paddy",4,1,3,7,0,0,19,2,1,2,1,1,2,1,0,4,3,0,0,4,0,1,67,53,"St Kilda","2020",9
5,"Savage, Shane",13,4,1,14,0,2,0,3,5,4,2,2,0,0,0,4,9,1,0,5,0,1,81,53,"St Kilda","2020",9
35,"Sinclair, Jack",6,2,9,15,0,0,0,7,2,2,7,2,2,1,0,10,6,1,1,2,0,2,87,53,"St Kilda","2020",9
9,"Steele, Jack",14,2,9,23,0,0,0,6,0,8,4,2,1,0,1,9,15,0,0,1,0,3,84,53,"St Kilda","2020",9
44,"Wilkie, Callum",15,2,1,16,0,0,0,3,6,1,1,3,1,0,0,3,8,0,0,4,0,0,89,53,"St Kilda","2020",9
0,"Rushed",0,0,0,0,0,1,0,0,0,0,0,0,0,0,0,0,0,0,0,0,0,0,0,53,"St Kilda","2020",9
36,"Aliir, Aliir",7,3,5,12,0,1,10,1,2,0,3,3,1,2,0,6,6,0,0,5,0,0,81,-53,"Sydney","2020",9
32,"Bell, James",8,3,7,15,0,0,0,4,0,2,1,3,1,1,0,8,7,0,0,0,0,0,75,-53,"Sydney","2020",9
22,"Blakey, Nick",3,1,2,5,0,1,0,1,0,0,0,1,1,0,0,3,2,1,1,2,0,0,82,-53,"Sydney","2020",9
4,"Clarke, Ryan",8,0,2,10,0,0,0,0,1,1,0,2,0,0,0,3,5,0,0,1,0,0,91,-53,"Sydney","2020",9
7,"Cunningham, Harry",10,4,8,18,0,0,0,2,6,0,1,1,1,0,0,4,13,0,0,2,0,0,85,-53,"Sydney","2020",9
34,"Dawson, Jordan",9,4,4,13,0,0,0,3,2,2,0,2,0,1,0,3,10,2,0,4,0,0,91,-53,"Sydney","2020",9
13,"Florent, Oliver",14,0,6,20,1,1,0,4,2,6,2,4,1,1,0,9,11,0,0,0,0,0,86,-53,"Sydney","2020",9
42,"Fox, Robbie",5,2,11,16,0,0,0,2,3,0,1,1,1,1,0,9,8,0,0,11,0,0,81,-53,"Sydney","2020",9
15,"Gray, Sam",5,1,5,10,0,1,0,2,0,1,3,2,0,0,0,7,4,0,0,1,0,0,72,-53,"Sydney","2020",9
9,"Hayward, Will",10,6,5,15,0,1,0,4,1,0,1,3,0,0,0,4,10,0,2,1,0,0,87,-53,"Sydney","2020",9
19,"Ling, Matt",8,1,2,10,0,0,0,1,3,1,2,4,0,1,0,3,7,0,0,2,0,0,80,-53,"Sydney","2020",9
44,"Lloyd, Jake",14,2,11,25,0,0,0,2,7,2,0,2,3,0,0,9,11,0,0,3,0,1,79,-53,"Sydney","2020",9
30,"McCartin, Tom",6,5,3,9,3,0,0,1,0,2,0,1,2,0,0,4,5,2,2,1,0,1,84,-53,"Sydney","2020",9
14,"Mills, Callum",7,2,13,20,0,0,0,1,1,3,3,3,3,1,0,11,11,0,0,4,0,0,85,-53,"Sydney","2020",9
11,"Papley, Tom",6,1,3,9,1,2,0,2,0,1,1,2,0,1,0,4,5,0,0,1,0,1,89,-53,"Sydney","2020",9
26,"Parker, Luke",14,4,13,27,0,1,0,4,2,5,6,4,2,2,0,13,15,0,1,1,0,1,87,-53,"Sydney","2020",9
24,"Rampe, Dane",10,3,4,14,0,0,0,1,7,0,0,5,0,2,0,4,8,0,0,8,0,0,95,-53,"Sydney","2020",9
20,"Reid, Sam",3,4,7,10,0,1,0,1,0,3,1,1,0,0,0,6,4,1,2,0,0,0,75,-53,"Sydney","2020",9
8,"Rowbottom, James",7,3,9,16,0,0,0,6,0,2,7,2,0,0,0,9,7,1,1,2,0,0,77,-53,"Sydney","2020",9
18,"Sinclair, Callum",4,1,1,5,1,0,27,3,0,0,2,3,1,2,0,5,0,1,1,3,0,0,74,-53,"Sydney","2020",9
37,"Taylor, Elijah",4,1,4,8,0,0,0,1,1,2,0,4,0,0,0,4,5,0,0,2,0,0,66,-53,"Sydney","2020",9
28,"Taylor, Lewis",5,1,5,10,0,1,0,5,0,3,1,2,0,0,0,3,7,0,1,0,0,0,78,-53,"Sydney","2020",9
0,"Rushed",0,0,0,0,0,2,0,0,0,0,0,0,0,0,0,0,0,0,0,0,0,0,0,-53,"Sydney","2020",9
