"Number","Player","Kicks","Marks","Handballs","Disposals","Goals","Behinds","Hitouts","Tackles","Rebounds50s","Inside50s","Clearances","Clangers","FreesFor","FreesAgainst","BrownlowVotes","ContestedPossessions","UncontestedPossessions","ContestedMarks","MarksInside50","OnePercenters","Bounces","GoalAssists","PercentagePlayed","PointDifference","Team","Season","Round"
4,"Bontempelli, Marcus",18,4,4,22,1,1,0,5,2,7,3,5,0,0,0,6,15,0,1,3,0,2,80,28,"Western Bulldogs","2020",13
17,"Bruce, Josh",1,2,4,5,0,0,5,4,0,1,0,0,0,0,0,1,4,0,0,2,0,0,87,28,"Western Bulldogs","2020",13
25,"Cavarra, Ben",5,1,2,7,1,0,0,5,0,2,0,2,0,1,0,3,4,0,0,0,0,0,70,28,"Western Bulldogs","2020",13
9,"Crozier, Hayden",10,8,4,14,0,0,0,2,3,0,0,0,0,0,0,3,11,1,1,3,0,0,80,28,"Western Bulldogs","2020",13
35,"Daniel, Caleb",10,2,5,15,0,1,0,2,3,2,0,1,0,1,0,3,8,0,0,1,1,0,73,28,"Western Bulldogs","2020",13
5,"Dunkley, Josh",4,3,15,19,0,0,1,7,0,0,2,1,0,1,0,8,11,0,0,0,0,0,79,28,"Western Bulldogs","2020",13
44,"English, Tim",3,2,3,6,1,0,6,0,0,0,1,1,0,0,0,4,2,1,1,0,0,0,84,28,"Western Bulldogs","2020",13
43,"Gardner, Ryan",3,3,4,7,0,0,0,2,2,1,1,1,0,1,0,1,6,0,0,7,0,0,95,28,"Western Bulldogs","2020",13
7,"Hunter, Lachie",15,8,9,24,0,1,0,2,2,6,2,7,3,0,0,6,17,0,1,1,1,1,86,28,"Western Bulldogs","2020",13
39,"Johannisen, Jason",15,3,6,21,0,0,0,1,5,3,0,1,0,0,0,3,18,0,0,2,1,1,82,28,"Western Bulldogs","2020",13
42,"Keath, Alex",8,6,5,13,0,0,0,0,1,0,0,1,0,0,0,3,10,1,0,5,1,0,98,28,"Western Bulldogs","2020",13
21,"Liberatore, Tom",10,1,10,20,1,0,0,2,3,1,5,4,1,1,0,13,8,0,0,2,0,0,80,28,"Western Bulldogs","2020",13
27,"Lipinski, Patrick",9,1,9,18,0,3,0,2,3,1,1,1,0,0,0,5,11,0,0,2,0,0,78,28,"Western Bulldogs","2020",13
11,"Macrae, Jack",9,3,17,26,0,0,1,8,2,3,5,3,1,0,1,11,17,0,0,2,0,1,80,28,"Western Bulldogs","2020",13
16,"McLean, Toby",4,2,9,13,1,0,0,2,0,2,0,2,1,1,0,4,9,0,1,0,0,1,82,28,"Western Bulldogs","2020",13
33,"Naughton, Aaron",3,4,7,10,0,0,0,0,0,1,0,3,0,0,0,5,5,1,0,1,0,1,86,28,"Western Bulldogs","2020",13
20,"Richards, Ed",5,2,2,7,0,0,0,0,0,3,0,1,0,0,0,1,6,0,0,1,0,1,76,28,"Western Bulldogs","2020",13
6,"Smith, Bailey",12,2,14,26,1,0,0,0,3,4,4,1,0,0,3,10,17,0,0,0,0,0,76,28,"Western Bulldogs","2020",13
23,"Vandermeer, Laitham",7,3,6,13,1,0,0,0,0,1,0,4,1,3,0,5,11,0,1,2,0,0,76,28,"Western Bulldogs","2020",13
3,"Wallis, Mitch",7,5,4,11,4,0,0,1,0,2,0,0,0,0,2,8,3,3,4,3,0,1,83,28,"Western Bulldogs","2020",13
34,"Williams, Bailey",14,5,5,19,1,0,0,3,8,3,1,4,2,1,0,5,10,0,0,2,0,0,88,28,"Western Bulldogs","2020",13
10,"Wood, Easton",5,4,6,11,0,0,0,1,0,0,0,0,1,0,0,4,7,0,0,4,0,0,81,28,"Western Bulldogs","2020",13
0,"Rushed",0,0,0,0,0,2,0,0,0,0,0,0,0,0,0,0,0,0,0,0,0,0,0,28,"Western Bulldogs","2020",13
10,"Brayshaw, Angus",11,6,10,21,0,0,0,3,2,4,3,4,2,2,0,7,14,0,0,2,0,0,79,-28,"Melbourne","2020",13
31,"Fritsch, Bayley",12,10,0,12,1,2,0,0,0,3,0,2,0,0,0,4,9,3,5,0,0,0,71,-28,"Melbourne","2020",13
19,"Hannan, Mitch",3,1,3,6,0,0,0,3,0,2,0,2,1,1,0,3,3,0,0,1,0,0,78,-28,"Melbourne","2020",13
4,"Harmes, James",3,0,9,12,0,0,0,1,1,1,0,1,0,0,0,7,5,0,0,0,0,0,78,-28,"Melbourne","2020",13
14,"Hibberd, Michael",11,5,5,16,0,0,0,3,5,1,0,4,1,0,0,2,13,0,1,2,0,0,86,-28,"Melbourne","2020",13
15,"Langdon, Ed",7,4,11,18,0,0,0,1,1,3,0,4,1,1,0,10,9,0,0,1,0,0,98,-28,"Melbourne","2020",13
8,"Lever, Jake",10,9,4,14,0,0,0,1,3,0,0,3,0,0,0,7,8,1,0,8,0,0,87,-28,"Melbourne","2020",13
41,"Lockhart, Jay",6,3,1,7,0,0,0,3,1,0,0,2,0,0,0,1,6,0,0,3,0,0,77,-28,"Melbourne","2020",13
1,"May, Steven",13,6,2,15,0,0,0,1,7,0,0,0,0,0,0,1,9,0,0,11,0,0,88,-28,"Melbourne","2020",13
25,"McDonald, Tom",8,3,1,9,1,0,11,2,1,0,0,2,2,0,0,5,5,2,1,4,0,0,89,-28,"Melbourne","2020",13
18,"Melksham, Jake",6,4,3,9,1,3,0,1,0,3,0,2,1,0,0,2,7,0,3,1,0,1,81,-28,"Melbourne","2020",13
13,"Oliver, Clayton",9,4,6,15,1,0,0,7,0,4,5,2,0,1,0,8,7,0,1,0,0,0,83,-28,"Melbourne","2020",13
5,"Petracca, Christian",14,2,12,26,0,0,0,1,2,5,8,6,0,1,0,11,15,0,0,1,1,1,92,-28,"Melbourne","2020",13
36,"Pickett, Kysaiah",3,1,3,6,0,2,0,5,0,0,0,2,0,1,0,4,2,0,0,0,0,0,70,-28,"Melbourne","2020",13
21,"Preuss, Braydon",6,2,2,8,0,0,31,0,1,3,1,3,1,0,0,5,3,1,0,2,0,0,77,-28,"Melbourne","2020",13
3,"Salem, Christian",12,4,7,19,0,0,0,3,4,2,2,2,0,0,0,4,14,0,0,1,0,0,89,-28,"Melbourne","2020",13
9,"Spargo, Charlie",2,1,2,4,1,0,0,1,0,1,0,0,0,0,0,3,1,1,0,0,0,0,78,-28,"Melbourne","2020",13
32,"Sparrow, Tom",2,1,3,5,0,1,0,2,0,0,1,2,0,2,0,3,3,0,0,0,0,1,36,-28,"Melbourne","2020",13
20,"Tomlinson, Adam",6,3,8,14,0,0,0,2,1,0,0,0,0,0,0,3,11,0,0,1,0,0,95,-28,"Melbourne","2020",13
22,"Vandenberg, Aaron",6,3,5,11,0,0,0,1,0,2,1,2,0,1,0,5,7,0,0,4,0,0,88,-28,"Melbourne","2020",13
7,"Viney, Jack",14,2,10,24,0,0,0,4,1,6,6,5,1,0,0,12,13,0,0,0,0,1,86,-28,"Melbourne","2020",13
26,"Weideman, Sam",7,3,6,13,2,0,0,1,0,4,0,3,0,0,0,7,6,2,2,1,0,1,97,-28,"Melbourne","2020",13
0,"Rushed",0,0,0,0,0,2,0,0,0,0,0,0,0,0,0,0,0,0,0,0,0,0,0,-28,"Melbourne","2020",13
