"Number","Player","Kicks","Marks","Handballs","Disposals","Goals","Behinds","Hitouts","Tackles","Rebounds50s","Inside50s","Clearances","Clangers","FreesFor","FreesAgainst","BrownlowVotes","ContestedPossessions","UncontestedPossessions","ContestedMarks","MarksInside50","OnePercenters","Bounces","GoalAssists","PercentagePlayed","PointDifference","Team","Season","Round"
19,"Betts, Eddie",6,1,2,8,0,0,0,6,0,4,1,2,2,2,0,3,5,0,0,0,0,0,81,-31,"Carlton","2020",9
41,"Casboult, Levi",5,4,1,6,3,0,2,2,0,0,0,2,0,2,0,3,3,2,3,1,0,0,88,-31,"Carlton","2020",9
9,"Cripps, Patrick",8,1,19,27,1,2,0,5,1,1,9,2,7,1,2,19,8,1,1,1,1,0,88,-31,"Carlton","2020",9
28,"Cuningham, David",1,1,3,4,1,0,0,0,0,0,0,0,0,0,0,1,3,0,1,1,0,0,59,-31,"Carlton","2020",9
35,"Curnow, Ed",12,1,7,19,0,0,0,6,2,4,8,3,0,1,0,10,7,0,0,1,0,0,89,-31,"Carlton","2020",9
15,"Docherty, Sam",13,3,6,19,0,0,0,1,4,2,1,5,2,1,0,9,9,0,0,2,0,1,91,-31,"Carlton","2020",9
40,"Gibbons, Michael",10,2,2,12,0,0,0,2,0,5,1,2,1,1,0,3,9,0,0,1,1,0,82,-31,"Carlton","2020",9
14,"Jones, Liam",8,6,2,10,0,0,0,0,2,1,0,2,0,0,0,4,6,1,0,5,0,0,97,-31,"Carlton","2020",9
7,"Kennedy, Matthew",7,2,4,11,0,0,0,5,3,3,2,2,0,1,0,5,6,1,0,0,1,0,66,-31,"Carlton","2020",9
21,"Martin, Jack",5,2,10,15,2,0,0,4,0,2,3,4,3,1,0,10,7,1,1,1,0,0,81,-31,"Carlton","2020",9
10,"McKay, Harry",5,5,1,6,0,1,0,1,0,2,0,1,2,1,0,4,3,2,2,0,0,1,87,-31,"Carlton","2020",9
47,"Moore, Callum",2,2,2,4,0,0,1,2,0,1,0,2,0,1,0,4,1,1,0,2,0,0,76,-31,"Carlton","2020",9
3,"Murphy, Marc",9,3,6,15,0,0,0,1,0,2,2,4,2,1,0,3,11,0,0,1,0,0,78,-31,"Carlton","2020",9
32,"Newnes, Jack",4,0,2,6,2,0,0,4,0,1,0,0,0,0,0,1,4,0,0,2,0,0,85,-31,"Carlton","2020",9
5,"Petrevski-Seton, Sam",6,2,2,8,0,0,0,1,3,0,0,2,0,1,0,3,3,0,0,1,0,0,82,-31,"Carlton","2020",9
27,"Pittonet, Marc",7,1,5,12,0,0,15,1,0,2,4,3,2,1,0,7,2,1,0,1,0,0,78,-31,"Carlton","2020",9
20,"Plowman, Lachie",7,2,1,8,0,0,0,2,5,0,1,2,0,1,0,2,4,0,0,6,0,0,100,-31,"Carlton","2020",9
43,"Setterfield, Will",1,0,7,8,0,0,0,4,0,1,1,2,1,1,0,5,4,0,0,0,0,1,79,-31,"Carlton","2020",9
6,"Simpson, Kade",9,4,2,11,0,0,0,1,2,2,0,0,0,0,0,1,8,0,0,0,0,0,76,-31,"Carlton","2020",9
18,"Walsh, Sam",6,2,6,12,0,0,0,3,2,1,2,3,0,2,0,3,8,0,0,0,0,1,82,-31,"Carlton","2020",9
23,"Weitering, Jacob",10,7,4,14,0,0,0,2,2,1,0,2,1,1,0,5,10,1,0,7,0,0,98,-31,"Carlton","2020",9
31,"Williamson, Tom",6,2,4,10,0,0,0,3,1,1,0,1,1,1,0,4,4,1,0,2,0,0,59,-31,"Carlton","2020",9
0,"Rushed",0,0,0,0,0,1,0,0,0,0,0,0,0,0,0,0,0,0,0,0,0,0,0,-31,"Carlton","2020",9
22,"Breust, Luke",7,2,5,12,2,1,0,0,0,2,1,2,1,2,0,5,7,1,1,0,1,0,82,31,"Hawthorn","2020",9
9,"Burgoyne, Shaun",8,2,6,14,0,0,0,1,0,5,0,2,0,0,0,2,11,0,1,0,0,2,62,31,"Hawthorn","2020",9
18,"Ceglar, Jonathon",4,4,4,8,0,0,22,4,1,1,1,1,1,1,0,3,6,1,1,1,0,1,65,31,"Hawthorn","2020",9
30,"Day, Will",7,5,3,10,1,0,0,0,3,1,0,0,0,0,0,1,9,0,1,0,0,0,81,31,"Hawthorn","2020",9
12,"Frawley, James",6,1,1,7,0,0,0,1,0,1,0,2,2,0,0,4,4,0,0,6,0,0,87,31,"Hawthorn","2020",9
8,"Frost, Sam",10,3,5,15,0,0,0,0,4,2,0,5,2,2,0,7,6,1,0,3,0,0,85,31,"Hawthorn","2020",9
19,"Gunston, Jack",11,7,5,16,3,1,0,0,3,0,0,5,1,2,3,8,8,3,3,0,0,0,90,31,"Hawthorn","2020",9
15,"Hardwick, Blake",6,3,8,14,0,0,0,2,3,1,0,0,0,0,0,7,6,0,0,5,0,0,84,31,"Hawthorn","2020",9
4,"Impey, Jarman",7,4,4,11,1,1,0,2,0,1,0,2,1,0,0,4,7,1,1,0,0,1,62,31,"Hawthorn","2020",9
7,"McEvoy, Ben",4,3,2,6,0,0,19,1,0,2,0,1,1,1,0,4,3,1,0,2,0,1,79,31,"Hawthorn","2020",9
3,"Mitchell, Tom",16,4,12,28,0,0,0,8,2,5,5,3,0,3,1,10,18,0,0,0,0,0,87,31,"Hawthorn","2020",9
1,"Morrison, Harry",6,2,7,13,0,0,0,1,2,0,3,2,2,2,0,5,9,0,0,1,0,0,81,31,"Hawthorn","2020",9
23,"OBrien, Tim",4,2,3,7,1,1,1,2,0,1,0,2,2,1,0,3,4,0,1,0,0,1,89,31,"Hawthorn","2020",9
10,"OMeara, Jaeger",9,1,9,18,1,0,0,4,1,1,5,4,0,1,0,10,10,0,0,2,0,0,89,31,"Hawthorn","2020",9
14,"Scrimshaw, Jack",9,1,2,11,0,0,0,2,0,2,0,6,2,3,0,5,7,0,0,2,0,0,86,31,"Hawthorn","2020",9
21,"Scully, Tom",6,2,5,11,0,1,0,1,0,3,0,1,0,0,0,4,7,0,1,1,0,2,82,31,"Hawthorn","2020",9
26,"Shiels, Liam",9,4,6,15,2,0,0,3,0,4,5,1,1,1,0,7,9,0,2,2,1,0,73,31,"Hawthorn","2020",9
6,"Sicily, James",11,5,4,15,0,0,0,0,2,3,0,2,1,1,0,5,12,1,0,5,1,0,96,31,"Hawthorn","2020",9
16,"Smith, Isaac",9,5,6,15,2,0,0,1,1,2,0,5,0,1,0,6,12,1,1,1,0,0,89,31,"Hawthorn","2020",9
24,"Stratton, Ben",3,2,5,8,0,0,0,0,1,0,0,1,0,1,0,1,6,1,0,2,0,0,82,31,"Hawthorn","2020",9
20,"Wingard, Chad",7,2,6,13,1,0,0,4,1,3,2,1,3,0,0,7,7,0,1,1,0,1,87,31,"Hawthorn","2020",9
5,"Worpel, James",8,4,12,20,0,0,0,5,1,2,1,2,1,2,0,13,7,0,0,2,0,0,81,31,"Hawthorn","2020",9
0,"Totals",167,68,120,287,14,5,42,42,25,42,23,50,21,24,4,121,175,11,14,36,3,9,0,31,"Hawthorn","2020",9
