"Number","Player","Kicks","Marks","Handballs","Disposals","Goals","Behinds","Hitouts","Tackles","Rebounds50s","Inside50s","Clearances","Clangers","FreesFor","FreesAgainst","BrownlowVotes","ContestedPossessions","UncontestedPossessions","ContestedMarks","MarksInside50","OnePercenters","Bounces","GoalAssists","PercentagePlayed","PointDifference","Team","Season","Round"
39,"Aarts, Jake",4,3,2,6,0,0,0,2,0,2,0,3,0,1,0,1,5,0,1,0,1,0,78,8,"Richmond","2020",6
7,"Baker, Liam",10,8,7,17,0,0,0,3,3,3,0,2,0,0,1,4,13,0,0,1,2,0,81,8,"Richmond","2020",6
21,"Balta, Noah",3,3,3,6,0,0,0,1,5,0,0,0,0,0,0,0,6,0,0,6,0,0,100,8,"Richmond","2020",6
29,"Bolton, Shai",11,2,3,14,1,1,0,2,1,5,4,4,0,2,0,6,8,0,0,1,0,0,75,8,"Richmond","2020",6
35,"Broad, Nathan",14,6,2,16,0,0,0,3,5,2,0,1,1,0,0,5,12,0,0,2,2,0,94,8,"Richmond","2020",6
22,"Caddy, Josh",8,5,9,17,0,1,0,0,0,1,0,2,0,2,0,5,12,0,0,0,0,0,88,8,"Richmond","2020",6
11,"Castagna, Jason",12,3,2,14,0,1,0,3,1,3,0,4,1,1,0,4,8,0,2,0,0,0,89,8,"Richmond","2020",6
41,"Chol, Mabior",6,2,1,7,0,1,11,1,2,0,4,1,0,1,0,4,3,1,1,2,0,0,49,8,"Richmond","2020",6
43,"Eggmolesse-Smith, Derek",5,1,5,10,0,0,0,3,1,1,0,2,1,1,0,6,3,0,0,0,0,0,68,8,"Richmond","2020",6
34,"Graham, Jack",12,4,4,16,0,0,0,6,1,7,1,4,2,2,0,4,11,0,0,1,0,0,76,8,"Richmond","2020",6
2,"Grimes, Dylan",8,6,6,14,0,0,0,2,1,1,0,3,0,1,0,1,12,0,0,6,2,0,88,8,"Richmond","2020",6
13,"Higgins, Jack",8,1,11,19,0,0,0,3,1,3,2,2,3,0,0,5,14,0,0,1,0,0,87,8,"Richmond","2020",6
23,"Lambert, Kane",13,7,9,22,0,0,0,6,3,6,2,3,1,1,3,5,15,0,0,2,0,1,85,8,"Richmond","2020",6
19,"Lynch, Tom",5,2,0,5,1,1,0,0,0,1,0,2,2,1,0,4,0,2,2,1,0,0,91,8,"Richmond","2020",6
4,"Martin, Dustin",5,1,10,15,1,0,0,0,0,2,3,2,0,2,0,7,7,0,1,1,1,0,87,8,"Richmond","2020",6
33,"McIntosh, Kamdyn",14,5,10,24,0,0,0,2,2,3,2,4,0,1,0,12,12,0,0,3,0,0,89,8,"Richmond","2020",6
50,"Pickett, Marlion",4,2,7,11,0,0,0,4,0,2,3,2,0,1,0,5,6,0,0,2,0,1,71,8,"Richmond","2020",6
8,"Riewoldt, Jack",7,4,2,9,1,2,0,2,0,3,0,2,1,1,0,6,4,2,1,2,0,0,91,8,"Richmond","2020",6
17,"Rioli, Daniel",4,3,2,6,0,0,0,0,0,4,0,3,1,0,0,5,3,0,0,2,0,0,85,8,"Richmond","2020",6
15,"Short, Jayden",20,9,6,26,0,0,0,0,3,3,0,5,1,0,0,6,17,0,0,0,3,1,77,8,"Richmond","2020",6
20,"Soldo, Ivan",2,1,6,8,0,1,21,2,0,0,4,0,2,0,0,7,2,0,0,7,0,0,60,8,"Richmond","2020",6
1,"Vlastuin, Nick",10,5,6,16,0,0,0,1,3,1,0,3,2,2,0,4,10,1,0,5,2,0,92,8,"Richmond","2020",6
0,"Rushed",0,0,0,0,0,2,0,0,0,0,0,0,0,0,0,0,0,0,0,0,0,0,0,8,"Richmond","2020",6
22,"Blakey, Nick",6,1,3,9,0,3,0,4,0,3,0,1,1,1,0,4,7,0,0,1,0,1,93,-8,"Sydney","2020",6
4,"Clarke, Ryan",7,2,16,23,0,0,0,1,4,3,2,3,0,2,0,10,13,0,0,1,0,0,88,-8,"Sydney","2020",6
7,"Cunningham, Harry",13,3,5,18,0,0,0,1,4,3,0,4,0,1,0,4,12,0,0,2,0,0,88,-8,"Sydney","2020",6
34,"Dawson, Jordan",9,0,4,13,0,2,0,4,1,4,3,3,3,1,0,8,4,0,0,1,0,1,86,-8,"Sydney","2020",6
13,"Florent, Oliver",7,3,10,17,0,0,0,3,1,3,2,3,0,1,0,4,13,0,0,1,0,0,81,-8,"Sydney","2020",6
42,"Fox, Robbie",5,2,8,13,0,0,0,4,2,0,0,0,2,0,0,6,7,0,0,8,0,0,94,-8,"Sydney","2020",6
15,"Gray, Sam",4,4,3,7,0,0,0,3,0,0,0,0,0,0,0,2,5,1,1,1,0,0,81,-8,"Sydney","2020",6
9,"Hayward, Will",8,4,5,13,0,0,0,0,1,1,0,2,1,1,0,3,10,2,0,7,0,0,86,-8,"Sydney","2020",6
5,"Heeney, Isaac",8,5,8,16,0,0,0,1,1,3,0,1,1,0,0,10,6,2,0,0,0,0,83,-8,"Sydney","2020",6
29,"Hewett, George",6,2,9,15,0,0,0,5,4,3,5,2,0,1,0,6,9,0,0,1,0,0,85,-8,"Sydney","2020",6
12,"Kennedy, Josh",2,1,0,2,0,0,0,1,0,1,1,0,1,0,0,1,1,0,0,0,0,0,9,-8,"Sydney","2020",6
44,"Lloyd, Jake",19,6,5,24,0,0,0,1,11,0,0,4,0,1,0,4,12,0,0,3,0,0,84,-8,"Sydney","2020",6
41,"McLean, Hayden",7,3,4,11,0,0,5,4,2,1,2,5,0,2,0,3,8,0,1,0,0,0,83,-8,"Sydney","2020",6
14,"Mills, Callum",23,9,6,29,0,1,0,4,6,0,1,4,3,1,2,9,19,0,0,5,1,0,97,-8,"Sydney","2020",6
38,"ORiordan, Colin",7,3,5,12,0,0,0,3,3,1,1,3,1,0,0,5,7,0,0,4,0,0,72,-8,"Sydney","2020",6
11,"Papley, Tom",7,3,3,10,2,1,0,1,0,1,0,1,1,0,0,4,6,0,2,1,0,0,88,-8,"Sydney","2020",6
26,"Parker, Luke",4,2,6,10,0,0,0,5,1,1,1,5,0,2,0,3,7,0,0,3,0,0,89,-8,"Sydney","2020",6
24,"Rampe, Dane",10,3,6,16,0,0,0,1,3,2,1,2,3,2,0,7,8,0,0,3,0,0,98,-8,"Sydney","2020",6
8,"Rowbottom, James",9,3,6,15,1,0,0,2,2,1,2,2,1,0,0,5,9,0,0,0,0,0,84,-8,"Sydney","2020",6
3,"Stephens, Dylan",10,5,1,11,0,1,0,4,1,1,0,3,1,0,0,2,9,0,1,0,0,0,74,-8,"Sydney","2020",6
33,"Stoddart, Ryley",4,2,6,10,0,0,0,2,1,1,0,2,0,0,0,4,4,0,0,0,0,0,78,-8,"Sydney","2020",6
1,"Warner, Chad",4,2,4,8,0,0,0,2,0,2,0,3,1,2,0,4,4,0,0,0,0,0,78,-8,"Sydney","2020",6
0,"Totals",179,68,123,302,3,8,5,56,48,35,21,53,20,18,2,108,180,5,5,42,1,2,0,-8,"Sydney","2020",6
