"Number","Player","Kicks","Marks","Handballs","Disposals","Goals","Behinds","Hitouts","Tackles","Rebounds50s","Inside50s","Clearances","Clangers","FreesFor","FreesAgainst","BrownlowVotes","ContestedPossessions","UncontestedPossessions","ContestedMarks","MarksInside50","OnePercenters","Bounces","GoalAssists","PercentagePlayed","PointDifference","Team","Season","Round"
10,"Brayshaw, Angus",17,4,12,29,1,1,0,3,3,8,2,2,0,1,1,7,23,0,0,2,0,0,80,57,"Melbourne","2020",11
31,"Fritsch, Bayley",11,4,3,14,2,4,0,1,1,3,0,1,2,0,0,6,8,0,2,1,0,2,72,57,"Melbourne","2020",11
19,"Hannan, Mitch",8,4,5,13,1,1,0,0,0,5,0,0,0,0,0,5,8,1,0,2,0,0,82,57,"Melbourne","2020",11
4,"Harmes, James",3,1,5,8,0,0,0,1,1,0,0,5,1,2,0,5,5,0,0,0,0,0,78,57,"Melbourne","2020",11
14,"Hibberd, Michael",12,5,7,19,0,0,0,2,5,0,0,3,0,2,0,5,11,1,0,0,0,0,85,57,"Melbourne","2020",11
6,"Jackson, Luke",2,1,9,11,0,0,5,3,0,0,2,0,0,0,0,8,4,1,0,4,0,0,69,57,"Melbourne","2020",11
2,"Jones, Nathan",8,1,5,13,0,1,0,0,0,3,0,4,0,1,0,4,9,0,0,0,0,2,73,57,"Melbourne","2020",11
15,"Langdon, Ed",12,4,11,23,0,0,0,2,0,6,1,3,0,0,0,5,19,0,0,1,2,1,92,57,"Melbourne","2020",11
8,"Lever, Jake",10,7,2,12,0,0,0,2,1,2,0,0,1,0,0,6,6,2,0,8,0,0,95,57,"Melbourne","2020",11
1,"May, Steven",10,4,0,10,0,0,0,0,1,1,0,1,0,0,0,2,6,0,0,3,0,0,93,57,"Melbourne","2020",11
25,"McDonald, Tom",9,3,4,13,1,0,2,7,1,2,0,1,2,0,0,6,7,0,0,3,0,0,84,57,"Melbourne","2020",11
18,"Melksham, Jake",5,4,2,7,1,0,0,2,0,2,0,0,0,0,0,0,8,0,2,1,0,1,85,57,"Melbourne","2020",11
13,"Oliver, Clayton",17,3,14,31,1,0,0,5,2,8,6,4,1,3,2,12,20,0,0,1,0,1,85,57,"Melbourne","2020",11
5,"Petracca, Christian",13,5,16,29,1,2,0,3,1,3,4,2,3,0,3,17,14,0,2,1,1,1,83,57,"Melbourne","2020",11
36,"Pickett, Kysaiah",7,3,5,12,1,2,0,3,0,3,1,6,0,2,0,8,4,0,1,1,0,1,84,57,"Melbourne","2020",11
24,"Rivers, Trent",6,6,8,14,0,0,0,0,2,2,0,1,0,0,0,4,10,2,0,1,0,0,74,57,"Melbourne","2020",11
3,"Salem, Christian",10,2,8,18,0,0,0,2,3,0,0,4,2,2,0,6,10,0,0,1,0,0,84,57,"Melbourne","2020",11
9,"Spargo, Charlie",8,5,4,12,1,0,0,1,1,3,0,3,1,2,0,4,9,0,1,0,0,1,77,57,"Melbourne","2020",11
32,"Sparrow, Tom",9,3,8,17,1,0,0,4,0,3,1,1,0,0,0,6,11,0,0,0,0,0,67,57,"Melbourne","2020",11
20,"Tomlinson, Adam",6,2,7,13,0,0,0,0,1,2,0,1,0,1,0,4,10,0,0,4,0,0,91,57,"Melbourne","2020",11
22,"Vandenberg, Aaron",6,6,5,11,0,0,0,3,2,2,1,6,0,2,0,4,8,1,0,3,0,0,75,57,"Melbourne","2020",11
26,"Weideman, Sam",5,5,8,13,2,3,0,0,0,0,0,2,0,1,0,6,7,3,5,2,0,0,92,57,"Melbourne","2020",11
0,"Totals",194,82,148,342,13,14,7,44,25,58,18,50,13,19,6,130,217,11,13,39,3,10,0,57,"Melbourne","2020",11
3,"Anderson, Jed",2,2,8,10,0,0,0,8,0,0,1,4,0,0,0,3,7,0,0,0,0,0,48,-57,"North Melbourne","2020",11
18,"Atley, Shaun",8,2,9,17,0,0,0,2,3,0,0,2,0,0,0,6,10,0,0,1,0,0,91,-57,"North Melbourne","2020",11
16,"Bonar, Aiden",5,0,6,11,0,0,0,1,0,1,1,0,3,0,0,7,4,0,0,4,0,0,49,-57,"North Melbourne","2020",11
9,"Davies-Uniacke, Luke",9,3,15,24,0,0,0,2,3,1,1,3,0,1,0,10,15,0,0,2,2,0,76,-57,"North Melbourne","2020",11
1,"Daw, Majak",3,0,5,8,1,0,6,2,0,1,2,1,0,1,0,4,4,0,0,1,0,0,79,-57,"North Melbourne","2020",11
14,"Dumont, Trent",13,6,14,27,0,0,0,6,1,3,6,2,3,1,0,13,14,0,0,1,0,0,81,-57,"North Melbourne","2020",11
24,"Durdin, Sam",4,4,2,6,0,0,0,0,1,1,0,0,0,0,0,1,5,0,0,2,0,0,82,-57,"North Melbourne","2020",11
22,"Goldstein, Todd",3,0,14,17,0,0,23,2,1,1,4,1,1,0,0,8,10,0,0,1,0,0,87,-57,"North Melbourne","2020",11
43,"Hall, Aaron",11,6,6,17,0,2,0,1,0,4,1,2,1,1,0,6,13,0,1,2,2,1,73,-57,"North Melbourne","2020",11
4,"Higgins, Shaun",10,3,17,27,0,0,0,1,5,1,2,4,0,0,0,8,18,0,0,0,0,0,90,-57,"North Melbourne","2020",11
20,"Larkey, Nick",6,3,1,7,4,0,0,2,0,2,0,3,2,0,0,4,3,2,1,1,0,0,95,-57,"North Melbourne","2020",11
34,"Macmillan, Jamie",7,2,7,14,0,0,0,2,2,1,0,2,1,1,0,6,12,0,0,3,1,0,86,-57,"North Melbourne","2020",11
35,"Mahony, Jack",0,1,6,6,0,0,0,4,0,0,1,3,1,2,0,5,3,0,1,0,0,0,74,-57,"North Melbourne","2020",11
11,"McDonald, Luke",22,9,11,33,0,0,0,2,10,1,0,1,0,0,0,5,21,1,0,2,0,0,89,-57,"North Melbourne","2020",11
23,"McKay, Ben",5,4,8,13,0,0,0,1,2,0,0,4,0,2,0,4,9,2,0,8,0,0,97,-57,"North Melbourne","2020",11
17,"Pittard, Jasper",8,3,8,16,0,0,0,0,2,3,0,2,1,0,0,6,10,0,0,4,0,0,84,-57,"North Melbourne","2020",11
13,"Polec, Jared",12,4,6,18,0,0,0,1,3,1,1,0,0,0,0,5,14,0,0,0,1,0,91,-57,"North Melbourne","2020",11
8,"Scott, Bailey",7,4,2,9,0,0,0,3,1,2,1,2,1,0,0,4,5,0,0,0,1,0,89,-57,"North Melbourne","2020",11
12,"Simpkin, Jy",12,4,8,20,0,0,0,4,2,3,1,7,1,3,0,7,15,1,0,0,0,0,83,-57,"North Melbourne","2020",11
25,"Tarrant, Robbie",16,5,7,23,0,0,0,3,8,1,0,3,2,0,0,5,16,0,0,6,0,0,86,-57,"North Melbourne","2020",11
19,"Walker, Josh",3,1,6,9,0,0,0,2,0,0,0,2,0,0,0,3,7,0,0,1,0,1,79,-57,"North Melbourne","2020",11
44,"Zurhaar, Cameron",11,3,1,12,0,1,0,3,0,3,0,3,2,1,0,6,6,1,2,1,0,1,92,-57,"North Melbourne","2020",11
0,"Rushed",0,0,0,0,0,2,0,0,0,0,0,0,0,0,0,0,0,0,0,0,0,0,0,-57,"North Melbourne","2020",11
