"Number","Player","Kicks","Marks","Handballs","Disposals","Goals","Behinds","Hitouts","Tackles","Rebounds50s","Inside50s","Clearances","Clangers","FreesFor","FreesAgainst","BrownlowVotes","ContestedPossessions","UncontestedPossessions","ContestedMarks","MarksInside50","OnePercenters","Bounces","GoalAssists","PercentagePlayed","PointDifference","Team","Season","Round"
15,"Amon, Karl",13,4,4,17,1,1,0,2,2,3,0,1,0,0,0,3,14,0,0,1,0,0,83,48,"Port Adelaide","2020",4
10,"Boak, Travis",10,2,9,19,0,1,0,3,1,4,4,3,0,1,0,8,11,0,0,1,0,2,76,48,"Port Adelaide","2020",4
26,"Bonner, Riley",10,4,1,11,0,0,0,0,2,3,1,1,0,0,0,5,6,1,0,1,0,0,72,48,"Port Adelaide","2020",4
18,"Butters, Zak",9,3,5,14,0,2,0,1,0,3,1,1,1,1,0,4,9,1,0,0,1,1,82,48,"Port Adelaide","2020",4
33,"Byrne-Jones, Darcy",14,4,2,16,0,0,0,0,4,1,2,3,1,1,0,3,12,0,0,3,0,0,86,48,"Port Adelaide","2020",4
17,"Clurey, Tom",10,9,2,12,0,0,0,2,2,2,0,0,0,0,0,4,9,2,0,3,0,0,92,48,"Port Adelaide","2020",4
22,"Dixon, Charlie",9,7,6,15,6,2,1,1,0,1,0,3,2,0,3,12,3,6,5,2,0,0,87,48,"Port Adelaide","2020",4
7,"Ebert, Brad",13,4,3,16,2,0,0,5,1,5,0,4,2,0,0,4,11,0,0,1,0,1,85,48,"Port Adelaide","2020",4
24,"Farrell, Kane",8,3,2,10,0,0,0,2,3,2,0,2,0,0,0,4,6,0,0,0,2,0,83,48,"Port Adelaide","2020",4
9,"Gray, Robbie",6,0,5,11,0,0,0,4,0,2,3,3,2,2,0,10,2,0,0,2,0,1,85,48,"Port Adelaide","2020",4
8,"Hartlett, Hamish",16,6,6,22,1,1,0,0,4,4,1,3,0,1,1,3,16,0,0,1,0,0,86,48,"Port Adelaide","2020",4
5,"Houston, Dan",11,5,7,18,0,0,0,5,3,2,0,3,0,0,0,6,10,0,0,1,0,0,88,48,"Port Adelaide","2020",4
1,"Jonas, Tom",11,6,4,15,0,0,0,2,4,1,0,2,0,1,0,5,9,0,0,7,0,0,93,48,"Port Adelaide","2020",4
29,"Lycett, Scott",6,1,4,10,0,0,15,6,0,2,6,0,2,0,0,7,3,0,0,1,0,0,83,48,"Port Adelaide","2020",4
4,"Marshall, Todd",7,5,1,8,1,1,0,5,0,2,0,1,2,0,0,4,3,2,2,0,0,1,82,48,"Port Adelaide","2020",4
12,"McKenzie, Trent",6,2,1,7,0,0,0,1,2,0,0,1,1,1,0,3,2,1,0,4,0,0,82,48,"Port Adelaide","2020",4
6,"Motlop, Steven",3,3,10,13,0,0,0,1,0,1,0,2,0,1,0,4,9,0,0,0,0,1,76,48,"Port Adelaide","2020",4
2,"Powell-Pepper, Sam",2,2,9,11,0,0,0,3,1,1,1,0,0,0,0,8,4,0,0,1,0,0,77,48,"Port Adelaide","2020",4
11,"Rockliff, Tom",9,4,10,19,0,0,0,3,1,1,1,1,1,0,0,4,15,0,0,0,0,0,61,48,"Port Adelaide","2020",4
20,"Rozee, Connor",10,5,5,15,0,1,0,0,0,2,1,2,0,1,0,5,9,0,1,2,0,0,86,48,"Port Adelaide","2020",4
39,"Westhoff, Justin",9,8,4,13,2,0,1,3,0,2,0,1,0,0,2,6,9,2,3,2,0,0,77,48,"Port Adelaide","2020",4
16,"Wines, Ollie",7,3,7,14,0,1,0,1,0,4,2,0,1,0,0,5,9,0,1,1,0,0,76,48,"Port Adelaide","2020",4
0,"Rushed",0,0,0,0,0,1,0,0,0,0,0,0,0,0,0,0,0,0,0,0,0,0,0,48,"Port Adelaide","2020",4
41,"Ah Chee, Brendon",3,2,6,9,0,0,0,1,0,1,0,3,0,1,0,5,5,2,0,2,1,0,83,-48,"West Coast","2020",4
37,"Barrass, Tom",5,4,0,5,0,0,0,0,2,0,0,1,0,1,0,2,4,1,0,18,0,0,91,-48,"West Coast","2020",4
10,"Brander, Jarrod",7,5,3,10,0,0,0,1,2,0,0,1,0,0,0,3,7,1,0,1,0,0,79,-48,"West Coast","2020",4
28,"Cole, Tom",5,2,5,10,0,0,0,5,3,0,1,1,1,1,0,5,6,0,0,3,0,0,85,-48,"West Coast","2020",4
15,"Cripps, Jamie",6,4,6,12,0,1,0,1,0,2,1,1,1,0,0,4,9,0,0,1,0,1,86,-48,"West Coast","2020",4
27,"Darling, Jack",2,1,2,4,0,1,0,1,0,0,0,3,1,0,0,5,0,1,1,2,0,0,100,-48,"West Coast","2020",4
14,"Duggan, Liam",10,3,5,15,0,0,0,0,1,3,2,1,0,1,0,3,12,0,0,3,0,0,84,-48,"West Coast","2020",4
3,"Gaff, Andrew",17,6,10,27,0,0,0,1,0,4,4,1,0,0,0,9,16,0,0,1,2,1,87,-48,"West Coast","2020",4
16,"Hickey, Tom",2,2,2,4,0,0,6,1,1,1,0,0,0,0,0,2,3,0,0,2,0,0,41,-48,"West Coast","2020",4
25,"Hurn, Shannon",15,5,2,17,0,0,0,0,6,1,0,3,0,1,0,4,8,1,0,4,1,0,81,-48,"West Coast","2020",4
23,"Jetta, Lewis",10,3,5,15,0,0,0,2,7,0,0,5,0,1,0,3,8,0,0,0,0,0,78,-48,"West Coast","2020",4
47,"Jones, Jamaine",6,3,5,11,0,0,0,3,2,3,0,4,2,2,0,4,7,0,0,0,0,0,78,-48,"West Coast","2020",4
11,"Kelly, Tim",15,2,3,18,1,0,0,6,2,2,4,4,1,0,0,10,8,0,0,0,0,1,80,-48,"West Coast","2020",4
17,"Kennedy, Josh",7,7,4,11,4,1,0,1,0,3,0,2,0,1,0,5,7,3,4,0,0,0,96,-48,"West Coast","2020",4
9,"Naitanui, Nic",6,0,3,9,0,0,30,0,0,3,6,3,0,1,0,9,1,0,0,3,0,0,63,-48,"West Coast","2020",4
8,"Redden, Jack",7,5,5,12,0,0,0,2,2,1,0,0,1,0,0,2,10,0,0,0,0,0,84,-48,"West Coast","2020",4
1,"Ryan, Liam",10,5,1,11,1,0,0,2,0,5,1,3,2,1,0,7,4,2,1,2,0,0,88,-48,"West Coast","2020",4
31,"Schofield, Will",1,0,2,3,0,0,0,1,2,0,0,3,0,3,0,1,2,0,0,2,0,0,81,-48,"West Coast","2020",4
4,"Sheed, Dom",9,4,11,20,0,0,0,1,1,1,5,2,0,0,0,10,11,0,0,1,0,0,82,-48,"West Coast","2020",4
5,"Sheppard, Brad",9,6,6,15,0,0,0,2,3,0,0,0,0,0,0,3,12,0,0,3,0,0,100,-48,"West Coast","2020",4
13,"Shuey, Luke",13,1,9,22,0,0,0,2,1,5,5,1,1,1,0,13,10,0,0,2,0,0,69,-48,"West Coast","2020",4
6,"Yeo, Elliot",10,1,8,18,0,0,0,3,0,1,6,5,0,0,0,8,7,0,0,1,0,0,83,-48,"West Coast","2020",4
0,"Rushed",0,0,0,0,0,2,0,0,0,0,0,0,0,0,0,0,0,0,0,0,0,0,0,-48,"West Coast","2020",4
