"Number","Player","Kicks","Marks","Handballs","Disposals","Goals","Behinds","Hitouts","Tackles","Rebounds50s","Inside50s","Clearances","Clangers","FreesFor","FreesAgainst","BrownlowVotes","ContestedPossessions","UncontestedPossessions","ContestedMarks","MarksInside50","OnePercenters","Bounces","GoalAssists","PercentagePlayed","PointDifference","Team","Season","Round"
11,"Aish, James",13,3,2,15,0,0,0,1,3,2,2,1,3,0,0,4,10,0,1,0,0,1,76,-29,"Fremantle","2020",3
34,"Bewley, Brett",9,2,8,17,0,0,0,2,3,3,1,2,0,0,0,11,7,0,0,0,0,1,88,-29,"Fremantle","2020",3
8,"Brayshaw, Andrew",3,3,10,13,0,0,0,4,1,2,2,1,0,0,0,4,9,0,0,1,0,0,68,-29,"Fremantle","2020",3
5,"Cerra, Adam",8,3,7,15,0,0,0,8,2,1,1,5,0,3,0,4,11,0,0,0,0,0,77,-29,"Fremantle","2020",3
33,"Colyer, Travis",6,0,2,8,1,0,0,2,1,0,2,3,0,0,0,6,0,0,0,1,0,0,68,-29,"Fremantle","2020",3
6,"Conca, Reece",11,5,0,11,0,0,0,2,2,0,0,5,0,3,0,2,9,0,0,2,0,1,90,-29,"Fremantle","2020",3
36,"Cox, Brennan",9,5,6,15,0,0,0,0,5,1,0,2,0,0,0,3,11,0,0,6,0,0,96,-29,"Fremantle","2020",3
7,"Fyfe, Nat",9,3,14,23,1,1,0,4,3,3,3,4,1,3,1,17,6,2,2,2,0,0,93,-29,"Fremantle","2020",3
1,"Hogan, Jesse",2,1,7,9,0,0,0,0,0,0,0,1,0,0,0,4,6,0,0,0,0,0,97,-29,"Fremantle","2020",3
15,"Hughes, Ethan",5,4,4,9,0,0,0,4,2,0,0,1,0,0,0,3,6,0,0,1,0,0,83,-29,"Fremantle","2020",3
37,"Lobb, Rory",5,2,2,7,0,0,17,3,1,3,2,5,1,1,0,5,2,2,0,4,0,0,94,-29,"Fremantle","2020",3
2,"Logue, Griffin",5,0,4,9,0,0,0,0,2,2,0,0,1,0,0,5,4,0,0,6,0,0,100,-29,"Fremantle","2020",3
3,"Matera, Brandon",6,4,1,7,1,1,0,3,0,2,0,1,0,1,0,1,6,0,1,1,0,0,81,-29,"Fremantle","2020",3
16,"Mundy, David",7,3,6,13,0,0,0,3,1,3,3,2,1,0,0,7,6,0,1,1,0,0,65,-29,"Fremantle","2020",3
13,"Ryan, Luke",10,4,2,12,0,0,0,3,5,0,1,1,1,1,0,1,7,0,0,4,0,0,83,-29,"Fremantle","2020",3
28,"Schultz, Lachie",8,3,2,10,0,1,0,1,1,1,0,5,0,0,0,3,6,1,1,0,0,0,79,-29,"Fremantle","2020",3
27,"Sturt, Sam",2,1,0,2,0,0,0,1,1,0,0,0,1,0,0,1,1,0,0,0,0,0,53,-29,"Fremantle","2020",3
20,"Taberner, Matthew",7,3,1,8,2,0,3,0,0,2,0,4,2,2,0,5,3,2,1,0,0,1,96,-29,"Fremantle","2020",3
18,"Tucker, Darcy",8,3,6,14,0,0,0,6,0,2,3,1,2,1,0,5,10,0,0,0,0,0,84,-29,"Fremantle","2020",3
10,"Walters, Michael",12,1,11,23,1,1,0,1,5,1,7,6,3,0,0,12,12,0,0,4,0,0,87,-29,"Fremantle","2020",3
14,"Wilson, Nathan",12,3,0,12,0,0,0,1,5,3,0,1,0,0,0,2,6,0,0,5,0,0,75,-29,"Fremantle","2020",3
26,"Young, Hayden",6,3,2,8,0,0,0,0,1,3,0,0,1,0,0,2,6,0,0,1,0,0,66,-29,"Fremantle","2020",3
0,"Rushed",0,0,0,0,0,1,0,0,0,0,0,0,0,0,0,0,0,0,0,0,0,0,0,-29,"Fremantle","2020",3
15,"Amon, Karl",9,3,5,14,0,0,0,2,0,3,2,4,0,2,0,7,8,0,0,2,0,0,91,29,"Port Adelaide","2020",3
10,"Boak, Travis",16,2,10,26,1,0,0,7,0,8,6,3,1,1,3,12,12,0,1,2,0,2,80,29,"Port Adelaide","2020",3
26,"Bonner, Riley",8,3,2,10,0,0,0,1,2,2,0,2,0,0,0,3,8,0,0,4,0,0,82,29,"Port Adelaide","2020",3
18,"Butters, Zak",6,2,3,9,0,0,0,2,1,4,3,1,0,1,0,7,3,0,0,1,0,0,85,29,"Port Adelaide","2020",3
33,"Byrne-Jones, Darcy",14,4,1,15,0,0,0,2,3,3,1,5,0,0,0,4,11,0,0,2,0,0,80,29,"Port Adelaide","2020",3
17,"Clurey, Tom",4,3,2,6,0,0,0,0,0,2,0,3,0,1,0,1,6,0,0,6,0,0,93,29,"Port Adelaide","2020",3
22,"Dixon, Charlie",7,6,2,9,2,2,6,2,0,3,0,5,0,2,0,7,3,5,4,2,0,0,94,29,"Port Adelaide","2020",3
21,"Duursma, Xavier",6,2,2,8,0,0,0,2,0,3,1,1,1,0,0,4,4,0,0,1,0,0,50,29,"Port Adelaide","2020",3
7,"Ebert, Brad",13,5,3,16,1,1,0,3,0,8,1,2,1,1,0,6,11,0,1,4,0,1,83,29,"Port Adelaide","2020",3
9,"Gray, Robbie",3,1,7,10,1,0,0,2,0,0,2,0,0,0,0,6,5,0,0,1,0,0,82,29,"Port Adelaide","2020",3
8,"Hartlett, Hamish",9,3,5,14,0,0,0,4,4,1,0,0,1,0,0,6,9,0,0,6,0,1,82,29,"Port Adelaide","2020",3
5,"Houston, Dan",10,4,2,12,0,0,0,2,5,4,0,1,1,0,0,3,7,0,0,2,0,0,83,29,"Port Adelaide","2020",3
1,"Jonas, Tom",2,0,3,5,0,0,0,1,2,0,1,1,0,0,0,4,1,0,0,11,0,0,91,29,"Port Adelaide","2020",3
29,"Lycett, Scott",5,2,7,12,0,0,37,4,1,2,4,3,3,2,0,9,3,0,0,6,0,1,81,29,"Port Adelaide","2020",3
4,"Marshall, Todd",8,3,2,10,1,2,0,3,0,0,0,2,1,1,0,7,2,2,3,1,0,1,81,29,"Port Adelaide","2020",3
12,"McKenzie, Trent",16,5,0,16,0,0,0,2,7,1,1,3,1,0,0,4,11,0,0,3,0,0,90,29,"Port Adelaide","2020",3
6,"Motlop, Steven",3,1,2,5,0,0,0,3,0,0,1,2,0,1,0,4,2,0,1,1,0,0,73,29,"Port Adelaide","2020",3
2,"Powell-Pepper, Sam",4,0,6,10,1,1,0,1,0,3,2,4,0,3,0,4,5,0,0,0,0,0,78,29,"Port Adelaide","2020",3
11,"Rockliff, Tom",8,1,11,19,0,0,0,3,1,2,5,3,2,0,0,9,7,0,0,2,0,0,76,29,"Port Adelaide","2020",3
20,"Rozee, Connor",4,2,4,8,0,0,0,0,0,0,0,3,0,1,0,4,5,0,2,3,0,0,88,29,"Port Adelaide","2020",3
39,"Westhoff, Justin",11,5,4,15,2,1,1,1,1,3,1,1,1,0,0,5,10,0,1,2,0,1,86,29,"Port Adelaide","2020",3
16,"Wines, Ollie",13,2,12,25,1,0,0,3,1,3,6,6,2,1,2,14,13,0,0,1,0,0,74,29,"Port Adelaide","2020",3
0,"Rushed",0,0,0,0,0,3,0,0,0,0,0,0,0,0,0,0,0,0,0,0,0,0,0,29,"Port Adelaide","2020",3
