"Number","Player","Kicks","Marks","Handballs","Disposals","Goals","Behinds","Hitouts","Tackles","Rebounds50s","Inside50s","Clearances","Clangers","FreesFor","FreesAgainst","BrownlowVotes","ContestedPossessions","UncontestedPossessions","ContestedMarks","MarksInside50","OnePercenters","Bounces","GoalAssists","PercentagePlayed","PointDifference","Team","Season","Round"
13,"Adams, Taylor",11,1,7,18,0,1,0,5,0,4,2,2,1,1,0,5,15,0,0,1,0,0,78,22,"Collingwood","2020",17
17,"Brown, Callum",4,0,6,10,0,0,0,3,2,0,1,1,1,0,0,6,5,0,0,0,0,0,75,22,"Collingwood","2020",17
6,"Brown, Tyler",9,5,6,15,1,0,0,0,0,2,3,1,0,0,0,7,9,1,1,5,0,0,80,22,"Collingwood","2020",17
46,"Cox, Mason",5,7,3,8,2,0,4,0,0,2,0,1,2,0,0,7,3,4,1,1,1,0,85,22,"Collingwood","2020",17
25,"Crisp, Jack",13,3,10,23,1,0,0,3,2,5,1,0,2,0,0,6,17,0,0,5,0,0,90,22,"Collingwood","2020",17
26,"Daicos, Josh",10,5,11,21,0,0,0,0,2,2,2,1,1,0,0,6,16,0,0,0,0,0,85,22,"Collingwood","2020",17
2,"de Goey, Jordan",8,2,2,10,4,2,0,1,0,0,1,2,2,1,2,6,2,1,2,0,0,1,86,22,"Collingwood","2020",17
5,"Elliott, Jamie",9,2,7,16,0,0,0,6,0,6,1,4,1,1,0,4,14,0,0,0,3,0,66,22,"Collingwood","2020",17
19,"Greenwood, Levi",8,2,6,14,0,0,0,4,0,4,1,3,1,0,0,6,8,0,0,3,0,0,81,22,"Collingwood","2020",17
4,"Grundy, Brodie",3,2,9,12,0,0,27,8,1,1,2,1,1,1,0,5,8,1,0,2,0,0,90,22,"Collingwood","2020",17
32,"Hoskin-Elliott, Will",9,9,7,16,1,0,0,1,1,2,1,3,0,1,0,4,13,0,1,3,0,0,80,22,"Collingwood","2020",17
44,"Madgen, Jack",6,3,4,10,0,0,0,2,3,0,0,0,1,0,0,2,9,0,0,3,0,0,86,22,"Collingwood","2020",17
37,"Maynard, Brayden",15,6,1,16,0,0,0,3,6,1,0,3,0,1,0,4,8,0,0,7,0,0,82,22,"Collingwood","2020",17
41,"Mihocek, Brody",7,4,2,9,1,1,0,2,0,3,0,1,1,0,0,3,5,1,0,1,0,0,80,22,"Collingwood","2020",17
30,"Moore, Darcy",10,4,4,14,0,0,0,2,5,1,0,2,0,0,0,3,8,2,0,9,0,0,92,22,"Collingwood","2020",17
9,"Noble, John",13,5,8,21,0,0,0,1,4,0,1,4,1,1,1,6,15,0,0,1,0,0,78,22,"Collingwood","2020",17
10,"Pendlebury, Scott",7,2,12,19,0,0,0,4,0,4,7,1,0,0,3,12,9,0,0,1,0,2,83,22,"Collingwood","2020",17
3,"Quaynor, Isaac",12,7,5,17,0,0,0,2,5,1,0,1,1,0,0,4,13,0,0,1,0,0,76,22,"Collingwood","2020",17
23,"Roughead, Jordan",10,6,4,14,0,0,0,0,4,0,0,2,2,0,0,4,10,0,0,5,0,0,97,22,"Collingwood","2020",17
24,"Thomas, Josh",5,2,3,8,0,1,0,2,0,1,1,2,0,1,0,5,4,0,0,1,0,1,81,22,"Collingwood","2020",17
7,"Treloar, Adam",10,1,16,26,0,0,0,5,0,4,3,3,0,0,0,12,13,0,0,0,0,0,70,22,"Collingwood","2020",17
18,"Varcoe, Travis",5,4,3,8,0,1,0,1,0,2,0,0,0,0,0,0,7,0,0,0,0,1,79,22,"Collingwood","2020",17
0,"Rushed",0,0,0,0,0,2,0,0,0,0,0,0,0,0,0,0,0,0,0,0,0,0,0,22,"Collingwood","2020",17
15,"Anderson, Noah",12,2,8,20,0,0,0,4,2,7,4,3,1,1,0,12,8,0,0,2,0,0,81,-22,"Gold Coast","2020",17
10,"Ballard, Charlie",6,5,1,7,0,0,0,0,0,0,0,1,0,0,0,3,5,1,0,14,0,0,94,-22,"Gold Coast","2020",17
3,"Bowes, Jack",17,2,4,21,0,0,0,2,3,0,2,2,0,0,0,7,10,0,1,0,0,0,88,-22,"Gold Coast","2020",17
25,"Collins, Sam",5,4,5,10,0,0,0,1,5,0,0,3,1,1,0,5,6,0,0,7,0,0,100,-22,"Gold Coast","2020",17
19,"Corbett, Josh",4,2,3,7,1,0,0,1,0,2,0,2,0,1,0,3,3,0,0,1,0,0,78,-22,"Gold Coast","2020",17
12,"Day, Sam",5,4,4,9,0,0,4,2,0,5,0,0,0,0,0,3,6,1,0,4,0,1,81,-22,"Gold Coast","2020",17
4,"Ellis, Brandon",14,3,10,24,0,0,0,2,3,4,3,4,0,1,0,6,17,0,0,0,0,0,91,-22,"Gold Coast","2020",17
46,"Graham, Caleb",8,4,1,9,0,0,0,0,2,0,0,3,0,1,0,2,6,0,0,6,0,0,74,-22,"Gold Coast","2020",17
21,"Greenwood, Hugh",11,6,9,20,0,0,0,3,3,3,5,4,0,2,0,11,8,1,0,2,0,0,79,-22,"Gold Coast","2020",17
5,"Harbrow, Jarrod",9,3,4,13,0,0,0,0,1,0,0,3,0,0,0,2,11,0,0,5,0,0,83,-22,"Gold Coast","2020",17
39,"Holman, Nick",3,4,6,9,0,0,0,5,1,0,0,2,0,1,0,3,7,0,2,1,0,1,79,-22,"Gold Coast","2020",17
34,"King, Ben",3,2,2,5,1,2,0,0,0,0,0,1,0,1,0,3,2,0,2,0,0,0,100,-22,"Gold Coast","2020",17
23,"Lemmens, Sean",0,0,0,0,0,0,0,0,0,0,0,1,0,0,0,0,0,0,0,0,0,0,8,-22,"Gold Coast","2020",17
13,"Lukosius, Jack",15,2,1,16,0,0,0,1,4,3,0,4,2,1,0,2,11,0,0,1,0,0,86,-22,"Gold Coast","2020",17
44,"Macpherson, Darcy",8,3,4,12,0,0,0,1,1,3,0,2,0,0,0,2,9,0,0,1,0,0,82,-22,"Gold Coast","2020",17
11,"Miller, Touk",10,4,12,22,0,1,0,9,2,2,4,2,3,1,0,8,15,0,0,4,0,0,90,-22,"Gold Coast","2020",17
27,"Powell, Wil",14,6,8,22,0,0,0,2,5,0,0,3,0,0,0,4,16,0,0,2,0,0,81,-22,"Gold Coast","2020",17
22,"Rankine, Izak",6,0,3,9,0,1,0,2,0,3,0,4,1,2,0,5,2,0,0,0,0,1,81,-22,"Gold Coast","2020",17
6,"Sexton, Alex",11,5,4,15,3,3,0,1,0,1,1,0,0,0,0,9,7,1,3,1,0,0,93,-22,"Gold Coast","2020",17
24,"Swallow, David",8,1,7,15,1,0,0,6,1,2,3,5,0,0,0,9,6,0,0,2,0,0,78,-22,"Gold Coast","2020",17
14,"Weller, Lachie",12,3,11,23,0,0,0,4,2,4,5,3,0,0,0,11,10,0,0,3,0,0,84,-22,"Gold Coast","2020",17
28,"Witts, Jarrod",8,3,5,13,0,0,31,1,0,2,3,7,0,5,0,6,8,0,0,5,0,0,89,-22,"Gold Coast","2020",17
0,"Rushed",0,0,0,0,0,3,0,0,0,0,0,0,0,0,0,0,0,0,0,0,0,0,0,-22,"Gold Coast","2020",17
