"Number","Player","Kicks","Marks","Handballs","Disposals","Goals","Behinds","Hitouts","Tackles","Rebounds50s","Inside50s","Clearances","Clangers","FreesFor","FreesAgainst","BrownlowVotes","ContestedPossessions","UncontestedPossessions","ContestedMarks","MarksInside50","OnePercenters","Bounces","GoalAssists","PercentagePlayed","PointDifference","Team","Season","Round"
9,"Ainsworth, Ben",5,2,4,9,1,0,0,0,1,2,0,0,1,0,0,3,6,0,1,1,0,0,82,0,"Gold Coast","2020",11
15,"Anderson, Noah",9,3,6,15,0,0,0,2,1,2,4,1,0,1,0,6,10,0,0,1,0,0,73,0,"Gold Coast","2020",11
10,"Ballard, Charlie",10,7,0,10,0,0,0,0,3,2,0,4,1,1,0,3,5,3,0,3,0,0,98,0,"Gold Coast","2020",11
3,"Bowes, Jack",13,4,3,16,1,0,0,1,3,2,0,0,1,0,0,6,9,0,0,2,0,1,83,0,"Gold Coast","2020",11
35,"Budarick, Connor",5,2,1,6,0,0,0,2,2,1,0,0,0,0,0,2,4,0,0,0,0,0,85,0,"Gold Coast","2020",11
25,"Collins, Sam",3,2,2,5,0,0,0,1,2,0,0,0,0,0,0,1,4,0,0,11,0,0,96,0,"Gold Coast","2020",11
19,"Corbett, Josh",7,5,4,11,0,1,0,1,1,1,0,1,2,1,0,5,8,0,0,0,0,0,86,0,"Gold Coast","2020",11
12,"Day, Sam",7,6,3,10,2,0,1,1,0,3,1,2,1,1,0,5,4,2,3,2,0,1,80,0,"Gold Coast","2020",11
4,"Ellis, Brandon",12,5,6,18,0,1,0,1,3,2,0,2,1,1,0,5,14,0,0,1,1,0,82,0,"Gold Coast","2020",11
8,"Fiorini, Brayden",10,5,3,13,1,0,0,1,4,1,0,0,1,0,0,6,6,0,1,0,0,0,80,0,"Gold Coast","2020",11
26,"Flanders, Sam",3,0,5,8,0,0,0,5,0,3,0,2,0,0,0,5,2,0,0,1,0,0,59,0,"Gold Coast","2020",11
21,"Greenwood, Hugh",11,1,7,18,1,0,0,3,0,2,8,5,0,1,3,13,5,1,1,1,0,0,78,0,"Gold Coast","2020",11
5,"Harbrow, Jarrod",6,3,1,7,0,0,0,0,2,1,2,3,0,2,0,3,5,0,0,1,0,0,85,0,"Gold Coast","2020",11
34,"King, Ben",7,3,1,8,2,1,0,0,0,2,0,2,0,1,0,3,4,0,2,0,0,0,94,0,"Gold Coast","2020",11
23,"Lemmens, Sean",5,2,3,8,0,0,0,4,0,3,1,4,1,2,0,4,4,0,0,0,0,0,69,0,"Gold Coast","2020",11
13,"Lukosius, Jack",8,2,3,11,0,0,0,3,3,1,0,0,0,0,0,3,3,0,0,4,1,0,89,0,"Gold Coast","2020",11
11,"Miller, Touk",7,2,4,11,0,0,0,4,1,2,5,3,0,1,0,7,5,0,0,3,0,0,82,0,"Gold Coast","2020",11
27,"Powell, Wil",5,4,2,7,0,0,0,4,4,1,0,1,0,0,0,2,5,0,0,3,0,0,66,0,"Gold Coast","2020",11
22,"Rankine, Izak",10,3,4,14,1,2,0,0,1,4,3,2,0,1,0,10,4,1,1,0,0,1,85,0,"Gold Coast","2020",11
24,"Swallow, David",6,2,7,13,0,0,0,4,1,2,3,3,0,0,0,8,5,0,1,0,0,1,75,0,"Gold Coast","2020",11
14,"Weller, Lachie",10,1,8,18,2,1,0,3,3,3,3,1,1,0,1,8,10,0,0,1,0,1,83,0,"Gold Coast","2020",11
28,"Witts, Jarrod",6,0,5,11,0,0,31,2,1,3,2,4,2,3,0,6,4,0,0,4,0,1,92,0,"Gold Coast","2020",11
0,"Rushed",0,0,0,0,0,1,0,0,0,0,0,0,0,0,0,0,0,0,0,0,0,0,0,0,"Gold Coast","2020",11
2,"Bellchambers, Tom",5,3,2,7,1,0,18,2,0,1,2,1,2,0,0,3,4,1,1,2,0,0,85,0,"Essendon","2020",11
37,"Clarke, Dylan",5,2,5,10,0,0,0,4,2,1,1,2,1,1,0,5,5,1,0,1,0,0,64,0,"Essendon","2020",11
12,"Cutler, Tom",6,2,4,10,1,1,0,1,1,1,0,4,1,1,0,4,6,0,0,0,0,0,78,0,"Essendon","2020",11
10,"Francis, Aaron",9,4,4,13,0,0,0,0,4,1,0,1,0,0,0,1,10,0,0,11,0,0,98,0,"Essendon","2020",11
8,"Gleeson, Martin",7,6,6,13,0,0,0,1,3,1,0,2,1,1,0,5,7,1,0,0,0,0,85,0,"Essendon","2020",11
35,"Guelfi, Matt",8,4,6,14,0,0,0,1,3,2,1,4,0,1,0,7,6,0,1,2,0,0,89,0,"Essendon","2020",11
4,"Langford, Kyle",4,4,7,11,2,0,0,2,0,0,1,3,0,1,0,3,8,0,3,1,0,0,86,0,"Essendon","2020",11
43,"McDonald-Tipungwuti, Anthony",3,1,7,10,0,0,0,3,0,2,0,0,1,0,0,5,5,0,0,2,0,1,81,0,"Essendon","2020",11
1,"McGrath, Andrew",12,1,14,26,0,0,0,2,2,2,6,1,3,0,0,9,15,0,0,1,0,0,79,0,"Essendon","2020",11
45,"McKenna, Conor",6,2,2,8,0,0,0,0,0,5,0,1,0,0,0,0,8,0,1,0,3,2,84,0,"Essendon","2020",11
44,"McKernan, Shaun",5,5,3,8,0,1,6,0,0,2,0,2,0,2,0,5,3,3,2,0,0,2,66,0,"Essendon","2020",11
7,"Merrett, Zach",17,5,13,30,0,0,0,0,4,6,3,3,1,0,0,11,16,0,0,0,0,0,83,0,"Essendon","2020",11
3,"Parish, Darcy",13,2,7,20,0,1,0,8,1,4,2,3,1,0,0,9,11,0,0,0,0,1,81,0,"Essendon","2020",11
27,"Redman, Mason",6,3,9,15,0,0,0,1,3,2,0,1,0,0,0,5,10,0,0,0,1,0,76,0,"Essendon","2020",11
14,"Ridley, Jordan",20,10,3,23,0,0,0,0,2,3,1,3,2,1,0,8,14,2,0,4,1,1,78,0,"Essendon","2020",11
42,"Saad, Adam",8,2,8,16,0,0,0,2,3,3,0,3,0,1,0,4,13,0,0,8,0,0,86,0,"Essendon","2020",11
9,"Shiel, Dylan",16,4,10,26,0,1,0,4,1,5,6,1,1,0,0,11,14,0,0,0,1,1,76,0,"Essendon","2020",11
5,"Smith, Devon",4,2,9,13,0,0,0,4,1,2,0,2,1,0,0,4,9,0,0,0,0,1,85,0,"Essendon","2020",11
40,"Snelling, Will",8,3,10,18,1,0,0,7,0,2,3,5,0,2,0,5,12,0,0,1,0,0,90,0,"Essendon","2020",11
17,"Stewart, James",8,5,2,10,3,1,0,0,0,2,0,0,0,0,0,3,6,3,3,0,0,0,82,0,"Essendon","2020",11
11,"Zaharakis, David",6,3,7,13,3,0,0,1,0,1,0,2,1,0,2,7,7,0,2,1,1,0,79,0,"Essendon","2020",11
30,"Zerk-Thatcher, Brandon",1,1,2,3,0,0,0,1,0,0,0,2,0,1,0,3,0,1,0,1,0,0,88,0,"Essendon","2020",11
0,"Rushed",0,0,0,0,0,2,0,0,0,0,0,0,0,0,0,0,0,0,0,0,0,0,0,0,"Essendon","2020",11
