"Number","Player","Kicks","Marks","Handballs","Disposals","Goals","Behinds","Hitouts","Tackles","Rebounds50s","Inside50s","Clearances","Clangers","FreesFor","FreesAgainst","BrownlowVotes","ContestedPossessions","UncontestedPossessions","ContestedMarks","MarksInside50","OnePercenters","Bounces","GoalAssists","PercentagePlayed","PointDifference","Team","Season","Round"
17,"Bennell, Harley",7,2,6,13,1,1,0,0,0,2,1,1,0,0,0,3,10,0,1,2,0,1,78,17,"Melbourne","2020",6
10,"Brayshaw, Angus",9,1,3,12,0,1,0,0,0,3,1,2,1,0,0,4,8,0,1,1,0,0,82,17,"Melbourne","2020",6
31,"Fritsch, Bayley",7,2,2,9,2,1,0,0,0,3,0,1,0,0,0,3,4,1,2,1,0,0,90,17,"Melbourne","2020",6
11,"Gawn, Max",10,8,5,15,0,0,30,3,1,5,3,3,2,1,2,11,4,4,0,2,0,0,98,17,"Melbourne","2020",6
19,"Hannan, Mitch",8,1,0,8,1,0,0,2,0,3,0,1,2,1,0,5,3,0,0,2,0,2,54,17,"Melbourne","2020",6
4,"Harmes, James",9,2,5,14,1,0,0,1,0,3,3,5,0,1,0,8,7,0,1,0,0,0,69,17,"Melbourne","2020",6
14,"Hibberd, Michael",8,4,3,11,1,0,0,1,3,2,0,3,0,1,0,2,9,0,0,0,0,0,83,17,"Melbourne","2020",6
39,"Jetta, Neville",1,1,4,5,0,0,0,0,0,0,0,0,0,0,0,2,3,0,0,3,0,0,78,17,"Melbourne","2020",6
15,"Langdon, Ed",13,4,6,19,0,1,0,0,1,5,2,2,0,2,0,4,15,0,0,1,1,0,91,17,"Melbourne","2020",6
8,"Lever, Jake",8,6,3,11,0,0,0,2,3,3,0,0,1,0,0,5,5,1,0,3,0,0,97,17,"Melbourne","2020",6
41,"Lockhart, Jay",3,2,1,4,0,0,0,2,2,0,1,1,1,1,0,2,2,0,0,2,0,0,70,17,"Melbourne","2020",6
1,"May, Steven",14,5,4,18,0,0,0,1,8,2,0,1,1,0,0,3,8,2,0,3,0,0,93,17,"Melbourne","2020",6
28,"McDonald, Oscar",6,3,3,9,0,0,0,4,1,1,0,0,0,0,0,2,7,1,0,5,0,0,94,17,"Melbourne","2020",6
25,"McDonald, Tom",2,2,1,3,0,0,0,0,0,0,0,1,1,0,0,1,4,0,0,1,0,0,21,17,"Melbourne","2020",6
18,"Melksham, Jake",5,3,9,14,1,0,0,3,0,1,3,6,1,0,0,11,5,0,1,1,0,0,91,17,"Melbourne","2020",6
13,"Oliver, Clayton",14,3,10,24,0,0,0,5,0,6,8,6,1,3,0,14,10,0,0,0,0,1,85,17,"Melbourne","2020",6
5,"Petracca, Christian",11,6,14,25,2,0,0,1,3,3,6,8,0,2,3,15,11,1,3,0,0,0,89,17,"Melbourne","2020",6
36,"Pickett, Kysaiah",5,1,3,8,0,0,0,1,0,1,0,1,1,1,0,6,3,0,0,2,0,3,79,17,"Melbourne","2020",6
3,"Salem, Christian",12,2,6,18,1,0,0,2,4,2,0,1,0,0,0,5,10,0,0,1,2,0,91,17,"Melbourne","2020",6
22,"Vandenberg, Aaron",6,3,5,11,0,1,0,3,0,0,1,4,2,2,0,4,7,0,0,2,0,0,47,17,"Melbourne","2020",6
7,"Viney, Jack",10,3,11,21,0,0,0,8,0,2,2,2,0,0,0,12,9,1,1,2,0,1,77,17,"Melbourne","2020",6
26,"Weideman, Sam",4,3,3,7,2,0,0,0,0,1,0,2,1,2,0,5,2,2,2,0,0,0,96,17,"Melbourne","2020",6
0,"Rushed",0,0,0,0,0,3,0,0,0,0,0,0,0,0,0,0,0,0,0,0,0,0,0,17,"Melbourne","2020",6
9,"Ainsworth, Ben",8,5,1,9,1,1,0,2,0,4,0,1,1,1,0,3,6,0,0,0,1,0,87,-17,"Gold Coast","2020",6
15,"Anderson, Noah",7,2,10,17,0,0,0,3,2,0,1,4,1,1,0,3,15,0,0,0,0,0,70,-17,"Gold Coast","2020",6
10,"Ballard, Charlie",13,7,2,15,0,0,0,0,6,1,0,6,2,1,0,8,6,3,0,5,0,0,90,-17,"Gold Coast","2020",6
3,"Bowes, Jack",10,6,9,19,0,0,0,1,3,2,0,4,0,0,0,5,12,1,0,3,0,0,84,-17,"Gold Coast","2020",6
35,"Budarick, Connor",8,5,5,13,0,0,0,0,2,1,0,2,1,1,0,2,12,0,0,1,0,1,83,-17,"Gold Coast","2020",6
25,"Collins, Sam",8,7,7,15,0,0,0,1,3,1,0,2,1,1,0,8,8,1,0,5,0,0,100,-17,"Gold Coast","2020",6
12,"Day, Sam",4,2,3,7,0,0,2,1,0,3,0,3,0,2,0,4,3,1,0,4,0,0,66,-17,"Gold Coast","2020",6
4,"Ellis, Brandon",13,3,3,16,2,0,0,2,0,1,2,6,1,0,0,5,12,0,0,1,1,0,86,-17,"Gold Coast","2020",6
8,"Fiorini, Brayden",5,3,4,9,1,0,0,0,2,1,0,2,0,0,0,1,8,0,0,0,0,0,71,-17,"Gold Coast","2020",6
21,"Greenwood, Hugh",9,4,9,18,0,1,0,12,1,2,3,5,0,1,0,11,8,1,0,2,0,1,86,-17,"Gold Coast","2020",6
1,"Hanley, Pearce",6,5,5,11,0,0,0,2,3,1,1,1,0,1,0,5,6,1,0,2,0,0,78,-17,"Gold Coast","2020",6
5,"Harbrow, Jarrod",5,3,5,10,0,0,0,3,2,0,0,2,0,1,0,2,8,0,0,1,0,0,86,-17,"Gold Coast","2020",6
39,"Holman, Nick",3,3,6,9,0,0,0,4,0,1,0,1,0,0,0,3,6,0,0,0,0,0,76,-17,"Gold Coast","2020",6
34,"King, Ben",7,6,0,7,1,2,0,0,0,1,0,0,0,0,0,2,5,1,2,3,0,0,94,-17,"Gold Coast","2020",6
13,"Lukosius, Jack",14,1,4,18,0,0,0,1,5,2,0,1,2,0,0,4,11,0,0,1,0,0,80,-17,"Gold Coast","2020",6
44,"Macpherson, Darcy",2,0,2,4,0,0,0,4,0,0,0,0,1,0,0,2,3,0,0,1,0,0,70,-17,"Gold Coast","2020",6
11,"Miller, Touk",10,4,13,23,0,1,0,5,3,2,3,0,2,0,0,11,12,0,0,1,0,0,77,-17,"Gold Coast","2020",6
22,"Rankine, Izak",8,1,4,12,3,3,0,3,0,2,2,3,3,2,1,8,4,0,1,2,1,1,86,-17,"Gold Coast","2020",6
6,"Sexton, Alex",7,2,2,9,0,0,0,1,0,2,0,0,0,0,0,1,7,0,0,4,0,2,89,-17,"Gold Coast","2020",6
24,"Swallow, David",10,3,7,17,0,0,0,5,1,4,4,2,0,1,0,6,11,0,0,1,0,0,76,-17,"Gold Coast","2020",6
14,"Weller, Lachie",8,2,7,15,1,0,0,1,1,3,4,3,1,1,0,5,9,0,0,2,0,0,80,-17,"Gold Coast","2020",6
28,"Witts, Jarrod",3,1,5,8,0,1,18,5,0,1,1,2,1,1,0,4,4,0,1,2,0,0,84,-17,"Gold Coast","2020",6
0,"Totals",168,75,113,281,9,9,20,56,34,35,21,50,17,15,1,103,176,9,4,41,3,5,0,-17,"Gold Coast","2020",6
