"Number","Player","Kicks","Marks","Handballs","Disposals","Goals","Behinds","Hitouts","Tackles","Rebounds50s","Inside50s","Clearances","Clangers","FreesFor","FreesAgainst","BrownlowVotes","ContestedPossessions","UncontestedPossessions","ContestedMarks","MarksInside50","OnePercenters","Bounces","GoalAssists","PercentagePlayed","PointDifference","Team","Season","Round"
41,"Ah Chee, Brendon",7,3,5,12,2,1,0,2,2,2,0,2,1,1,0,4,8,0,0,1,0,2,83,27,"West Coast","2020",1
37,"Barrass, Tom",14,9,2,16,0,0,0,0,4,0,1,2,1,0,0,4,12,1,0,11,0,0,84,27,"West Coast","2020",1
10,"Brander, Jarrod",9,7,4,13,0,1,0,1,2,1,0,1,0,0,0,3,11,0,1,2,0,0,75,27,"West Coast","2020",1
15,"Cripps, Jamie",9,7,3,12,0,0,0,1,0,4,0,2,0,0,0,3,9,1,1,0,1,3,86,27,"West Coast","2020",1
27,"Darling, Jack",4,2,4,8,1,0,0,3,0,2,0,0,0,0,0,3,5,0,1,2,0,0,100,27,"West Coast","2020",1
14,"Duggan, Liam",12,8,9,21,0,0,0,1,2,0,1,0,1,0,0,4,17,0,0,1,0,0,90,27,"West Coast","2020",1
3,"Gaff, Andrew",16,8,14,30,1,0,0,0,4,3,3,1,1,0,2,6,23,0,1,0,0,0,88,27,"West Coast","2020",1
16,"Hickey, Tom",1,0,3,4,0,0,8,0,0,1,2,3,0,2,0,4,1,0,0,1,0,0,52,27,"West Coast","2020",1
25,"Hurn, Shannon",17,9,6,23,0,0,0,1,4,0,0,0,0,0,0,5,13,0,0,5,1,0,83,27,"West Coast","2020",1
23,"Jetta, Lewis",14,8,4,18,1,0,0,3,3,1,2,1,0,0,0,2,14,0,0,0,1,0,84,27,"West Coast","2020",1
11,"Kelly, Tim",14,5,5,19,1,0,0,2,3,6,2,1,0,0,0,3,16,0,0,0,1,0,80,27,"West Coast","2020",1
17,"Kennedy, Josh",2,3,2,4,0,0,0,0,0,0,0,0,0,0,0,1,3,0,0,2,0,0,88,27,"West Coast","2020",1
20,"McGovern, Jeremy",7,3,5,12,0,0,0,3,3,0,0,2,0,0,0,5,7,1,0,5,0,0,80,27,"West Coast","2020",1
9,"Naitanui, Nic",4,1,9,13,0,0,23,0,0,3,6,2,0,1,0,10,3,1,0,3,0,2,61,27,"West Coast","2020",1
30,"Nelson, Jackson",8,6,4,12,0,0,0,2,0,1,0,0,0,0,0,1,11,0,0,2,0,0,82,27,"West Coast","2020",1
21,"Petruccelle, Jack",4,4,1,5,1,0,0,1,0,2,0,0,0,0,0,2,3,1,1,1,0,0,67,27,"West Coast","2020",1
8,"Redden, Jack",5,4,4,9,0,0,0,1,0,1,1,1,0,0,0,1,7,0,0,0,0,0,92,27,"West Coast","2020",1
1,"Ryan, Liam",14,4,0,14,3,3,0,3,0,0,0,0,4,0,0,5,7,0,3,0,0,1,83,27,"West Coast","2020",1
4,"Sheed, Dom",15,6,7,22,2,0,0,1,2,4,3,2,0,0,3,10,15,0,0,1,2,1,81,27,"West Coast","2020",1
5,"Sheppard, Brad",12,8,4,16,0,0,0,0,5,1,0,2,1,0,0,4,11,0,0,4,2,0,96,27,"West Coast","2020",1
13,"Shuey, Luke",18,8,9,27,0,0,0,5,2,3,5,6,0,0,0,10,18,0,0,3,1,0,82,27,"West Coast","2020",1
6,"Yeo, Elliot",8,6,4,12,0,0,0,5,1,0,2,7,0,7,0,3,8,0,0,1,1,0,80,27,"West Coast","2020",1
0,"Rushed",0,0,0,0,0,1,0,0,0,0,0,0,0,0,0,0,0,0,0,0,0,0,0,27,"West Coast","2020",1
12,"Bedford, Toby",2,1,6,8,0,0,0,2,0,2,0,2,0,1,0,3,5,0,0,1,0,1,59,-27,"Melbourne","2020",1
10,"Brayshaw, Angus",8,3,10,18,0,2,0,2,1,3,2,1,0,0,0,6,13,0,1,0,0,0,71,-27,"Melbourne","2020",1
38,"Brown, Mitch",4,3,4,8,0,0,0,1,0,1,0,3,0,1,0,3,5,1,0,0,0,0,83,-27,"Melbourne","2020",1
31,"Fritsch, Bayley",7,5,2,9,0,2,0,0,0,2,0,2,0,0,0,2,8,0,2,0,0,1,89,-27,"Melbourne","2020",1
11,"Gawn, Max",8,6,6,14,0,0,18,0,1,2,4,0,1,0,0,4,10,1,0,4,0,0,96,-27,"Melbourne","2020",1
4,"Harmes, James",5,2,13,18,0,0,0,3,2,0,0,2,0,1,0,8,9,0,0,2,0,0,82,-27,"Melbourne","2020",1
14,"Hibberd, Michael",16,9,5,21,0,0,0,0,2,9,0,2,0,0,0,2,20,0,0,0,0,0,75,-27,"Melbourne","2020",1
39,"Jetta, Neville",3,3,4,7,0,0,0,1,0,1,0,2,0,1,0,4,2,2,0,2,0,0,69,-27,"Melbourne","2020",1
15,"Langdon, Ed",23,4,8,31,0,1,0,1,3,8,2,4,0,0,0,3,27,0,1,1,3,0,100,-27,"Melbourne","2020",1
8,"Lever, Jake",6,3,3,9,0,0,0,1,2,0,0,4,1,2,0,6,4,0,0,6,0,0,100,-27,"Melbourne","2020",1
41,"Lockhart, Jay",6,2,7,13,0,0,0,1,3,0,0,0,0,0,0,8,5,0,0,2,0,0,77,-27,"Melbourne","2020",1
1,"May, Steven",9,4,1,10,0,0,0,0,1,0,0,0,0,0,0,2,4,0,0,4,0,0,97,-27,"Melbourne","2020",1
28,"McDonald, Oscar",9,3,5,14,0,0,0,0,2,2,0,2,1,0,0,7,8,0,0,9,0,0,100,-27,"Melbourne","2020",1
25,"McDonald, Tom",5,4,2,7,2,0,1,0,0,0,1,1,0,0,0,1,5,0,1,1,0,0,84,-27,"Melbourne","2020",1
18,"Melksham, Jake",4,3,4,8,1,0,0,0,0,0,1,1,1,1,0,5,4,0,1,1,0,1,83,-27,"Melbourne","2020",1
30,"Neal-Bullen, Alex",7,3,5,12,1,0,0,2,0,0,0,2,1,0,0,4,8,0,0,0,0,0,69,-27,"Melbourne","2020",1
13,"Oliver, Clayton",8,3,12,20,0,0,0,4,0,2,5,1,1,0,0,10,10,0,0,1,0,0,79,-27,"Melbourne","2020",1
5,"Petracca, Christian",11,6,13,24,0,0,0,3,0,3,2,3,1,0,0,11,14,0,1,0,0,0,84,-27,"Melbourne","2020",1
36,"Pickett, Kysaiah",7,1,4,11,2,2,0,1,0,2,1,4,0,2,0,5,6,0,1,0,0,0,71,-27,"Melbourne","2020",1
9,"Spargo, Charlie",6,1,2,8,0,0,0,0,0,1,0,3,0,0,0,2,6,0,0,1,0,0,58,-27,"Melbourne","2020",1
20,"Tomlinson, Adam",9,6,5,14,0,0,0,1,2,2,0,2,0,0,0,2,12,2,0,0,0,0,95,-27,"Melbourne","2020",1
7,"Viney, Jack",14,5,20,34,1,1,0,6,2,5,7,3,4,0,1,20,16,1,0,1,0,1,78,-27,"Melbourne","2020",1
0,"Rushed",0,0,0,0,0,1,0,0,0,0,0,0,0,0,0,0,0,0,0,0,0,0,0,-27,"Melbourne","2020",1
