"Number","Player","Kicks","Marks","Handballs","Disposals","Goals","Behinds","Hitouts","Tackles","Rebounds50s","Inside50s","Clearances","Clangers","FreesFor","FreesAgainst","BrownlowVotes","ContestedPossessions","UncontestedPossessions","ContestedMarks","MarksInside50","OnePercenters","Bounces","GoalAssists","PercentagePlayed","PointDifference","Team","Season","Round"
9,"Ainsworth, Ben",10,5,7,17,1,2,0,5,0,2,0,3,2,2,0,6,12,0,3,0,0,0,82,53,"Gold Coast","2020",3
15,"Anderson, Noah",4,3,5,9,0,0,0,2,0,2,1,0,0,0,0,4,6,0,0,2,0,0,80,53,"Gold Coast","2020",3
10,"Ballard, Charlie",9,7,4,13,0,0,0,0,3,2,0,3,0,1,0,5,8,2,0,4,0,0,92,53,"Gold Coast","2020",3
3,"Bowes, Jack",14,7,6,20,0,0,0,3,1,3,0,3,1,0,0,2,15,0,0,2,0,0,81,53,"Gold Coast","2020",3
35,"Budarick, Connor",11,6,5,16,1,0,0,2,1,5,0,6,0,2,0,6,10,2,0,0,0,0,82,53,"Gold Coast","2020",3
25,"Collins, Sam",5,6,5,10,0,0,0,2,2,0,0,0,2,0,0,4,6,1,0,6,0,0,98,53,"Gold Coast","2020",3
12,"Day, Sam",3,0,1,4,0,0,5,2,0,1,0,2,0,1,0,0,4,0,0,3,0,0,63,53,"Gold Coast","2020",3
4,"Ellis, Brandon",16,3,4,20,0,1,0,5,1,3,1,3,2,1,0,4,13,0,0,1,2,0,75,53,"Gold Coast","2020",3
21,"Greenwood, Hugh",7,1,4,11,0,1,0,13,1,2,8,4,1,2,0,10,1,0,0,3,0,2,71,53,"Gold Coast","2020",3
1,"Hanley, Pearce",12,5,5,17,0,0,0,2,4,3,1,3,0,2,0,3,12,1,0,0,2,1,73,53,"Gold Coast","2020",3
5,"Harbrow, Jarrod",8,1,2,10,0,0,0,0,1,1,0,3,0,2,0,1,10,0,0,2,0,0,88,53,"Gold Coast","2020",3
39,"Holman, Nick",3,4,6,9,0,0,0,4,0,2,0,1,0,1,0,3,6,0,0,2,0,0,86,53,"Gold Coast","2020",3
34,"King, Ben",7,6,6,13,3,2,0,0,0,0,0,3,0,1,1,5,8,1,5,2,0,1,88,53,"Gold Coast","2020",3
13,"Lukosius, Jack",11,6,4,15,0,0,0,3,2,4,0,1,0,1,0,3,12,1,0,0,0,0,85,53,"Gold Coast","2020",3
44,"Macpherson, Darcy",7,3,11,18,2,0,0,2,0,2,2,2,3,2,0,8,10,0,0,2,0,0,83,53,"Gold Coast","2020",3
11,"Miller, Touk",16,6,10,26,1,0,0,3,1,3,4,6,1,1,2,10,17,0,0,1,0,1,80,53,"Gold Coast","2020",3
27,"Powell, Wil",3,2,9,12,0,0,0,3,1,2,1,0,0,0,0,4,8,0,0,1,0,2,73,53,"Gold Coast","2020",3
18,"Rowell, Matt",10,1,10,20,2,0,0,10,1,3,3,4,2,1,3,12,9,0,0,0,0,0,81,53,"Gold Coast","2020",3
6,"Sexton, Alex",5,1,1,6,1,1,0,5,0,2,1,2,1,1,0,2,3,0,1,0,0,0,90,53,"Gold Coast","2020",3
24,"Swallow, David",11,3,5,16,0,1,0,3,1,6,3,4,0,1,0,6,10,0,0,0,0,0,85,53,"Gold Coast","2020",3
14,"Weller, Lachie",12,5,9,21,1,0,0,5,4,1,5,2,0,0,0,10,9,0,0,0,0,0,85,53,"Gold Coast","2020",3
28,"Witts, Jarrod",12,6,5,17,0,1,22,1,0,7,8,6,1,4,0,15,4,3,1,5,0,0,79,53,"Gold Coast","2020",3
0,"Rushed",0,0,0,0,0,1,0,0,0,0,0,0,0,0,0,0,0,0,0,0,0,0,0,53,"Gold Coast","2020",3
21,"Atkins, Rory",2,0,1,3,0,0,0,1,0,0,0,2,0,2,0,1,3,0,0,0,0,0,26,-53,"Adelaide","2020",3
16,"Brown, Luke",14,4,2,16,0,0,0,2,6,4,2,4,2,1,0,5,7,0,0,1,0,0,86,-53,"Adelaide","2020",3
20,"Crocker, Ben",7,2,2,9,1,1,0,3,0,4,1,2,3,0,0,5,4,0,0,1,0,0,85,-53,"Adelaide","2020",3
2,"Crouch, Brad",9,1,13,22,0,0,0,6,2,1,5,4,3,1,0,13,9,0,0,0,0,0,82,-53,"Adelaide","2020",3
5,"Crouch, Matt",6,1,16,22,0,0,0,3,1,0,5,1,2,0,0,10,13,0,0,1,0,0,71,-53,"Adelaide","2020",3
39,"Doedee, Tom",13,8,7,20,0,0,0,2,5,2,0,0,1,0,0,5,13,1,1,2,0,0,90,-53,"Adelaide","2020",3
32,"Fogarty, Darcy",4,3,2,6,1,0,0,4,1,1,0,1,1,0,0,4,1,2,0,1,0,0,91,-53,"Adelaide","2020",3
17,"Hamill, Will",4,2,5,9,0,0,0,1,1,1,0,2,2,0,0,3,6,0,0,1,0,0,80,-53,"Adelaide","2020",3
1,"Jones, Chayce",4,1,3,7,0,0,0,1,0,1,1,5,1,2,0,5,3,0,0,1,0,0,82,-53,"Adelaide","2020",3
28,"Keays, Ben",8,6,4,12,1,1,0,3,2,2,1,2,2,1,0,4,9,0,0,1,0,0,78,-53,"Adelaide","2020",3
8,"Kelly, Jake",2,2,2,4,0,0,0,5,0,0,0,1,0,0,0,2,2,0,0,2,0,0,86,-53,"Adelaide","2020",3
29,"Laird, Rory",13,3,12,25,0,0,0,3,9,0,2,3,1,2,0,6,18,0,0,1,0,0,88,-53,"Adelaide","2020",3
27,"Lynch, Tom",7,2,7,14,0,1,0,0,0,3,2,4,1,1,0,4,10,0,0,0,0,2,92,-53,"Adelaide","2020",3
35,"McAsey, Fischer",5,3,2,7,0,0,0,1,2,0,0,1,1,0,0,4,3,0,0,5,0,0,83,-53,"Adelaide","2020",3
25,"McHenry, Ned",0,0,2,2,0,0,0,4,0,0,0,2,0,2,0,0,2,0,0,0,0,0,83,-53,"Adelaide","2020",3
4,"Murphy, Lachlan",2,1,2,4,0,0,0,2,0,1,0,2,0,1,0,2,3,0,0,2,0,0,86,-53,"Adelaide","2020",3
43,"OBrien, Reilly",5,3,6,11,0,0,37,6,1,1,0,6,3,2,0,6,6,1,0,3,0,0,88,-53,"Adelaide","2020",3
11,"Seedsman, Paul",11,4,4,15,0,0,0,5,3,2,1,3,0,0,0,4,10,1,0,2,2,0,82,-53,"Adelaide","2020",3
9,"Sloane, Rory",7,0,8,15,0,0,0,1,4,1,4,0,0,0,0,12,4,0,0,3,0,0,86,-53,"Adelaide","2020",3
33,"Smith, Brodie",14,5,3,17,0,0,0,2,5,2,1,0,2,0,0,6,10,0,0,1,0,0,81,-53,"Adelaide","2020",3
12,"Talia, Daniel",4,3,0,4,0,0,0,1,1,0,0,1,1,1,0,2,3,0,0,4,0,0,88,-53,"Adelaide","2020",3
13,"Walker, Taylor",4,2,2,6,1,0,2,1,0,2,0,0,0,0,0,2,4,0,1,1,0,0,86,-53,"Adelaide","2020",3
0,"Rushed",0,0,0,0,0,2,0,0,0,0,0,0,0,0,0,0,0,0,0,0,0,0,0,-53,"Adelaide","2020",3
