"Number","Player","Kicks","Marks","Handballs","Disposals","Goals","Behinds","Hitouts","Tackles","Rebounds50s","Inside50s","Clearances","Clangers","FreesFor","FreesAgainst","BrownlowVotes","ContestedPossessions","UncontestedPossessions","ContestedMarks","MarksInside50","OnePercenters","Bounces","GoalAssists","PercentagePlayed","PointDifference","Team","Season","Round"
3,"Anderson, Jed",16,1,14,30,1,0,0,3,3,5,5,1,2,1,0,12,18,0,0,3,0,1,77,-15,"North Melbourne","2020",18
18,"Atley, Shaun",5,2,14,19,0,0,0,0,3,2,1,2,0,0,0,3,17,0,0,3,1,0,87,-15,"North Melbourne","2020",18
9,"Davies-Uniacke, Luke",7,0,17,24,0,0,0,1,2,5,1,4,0,0,1,11,13,0,0,0,0,1,81,-15,"North Melbourne","2020",18
14,"Dumont, Trent",10,2,12,22,0,0,0,4,3,3,2,4,2,1,0,9,15,0,0,0,0,0,64,-15,"North Melbourne","2020",18
24,"Durdin, Sam",2,0,4,6,0,1,0,1,0,2,0,3,2,2,0,4,2,0,0,1,0,0,89,-15,"North Melbourne","2020",18
6,"Garner, Taylor",5,2,7,12,0,0,0,4,0,2,0,3,1,1,0,8,4,0,0,1,0,0,71,-15,"North Melbourne","2020",18
22,"Goldstein, Todd",5,4,13,18,0,1,21,2,1,1,4,3,1,1,0,7,11,0,0,2,0,1,89,-15,"North Melbourne","2020",18
43,"Hall, Aaron",6,2,8,14,0,1,0,2,1,0,1,3,0,0,0,5,12,0,1,0,0,0,77,-15,"North Melbourne","2020",18
4,"Higgins, Shaun",9,6,14,23,1,0,0,2,0,2,1,3,0,0,0,4,18,0,1,2,0,0,77,-15,"North Melbourne","2020",18
20,"Larkey, Nick",4,3,3,7,1,0,0,2,0,2,0,2,1,1,0,5,3,2,1,1,0,0,92,-15,"North Melbourne","2020",18
11,"McDonald, Luke",13,2,15,28,0,0,0,2,4,4,1,4,0,1,0,10,15,1,0,3,0,0,97,-15,"North Melbourne","2020",18
23,"McKay, Ben",3,3,5,8,0,0,0,1,0,2,0,1,0,0,0,3,5,1,0,5,0,0,81,-15,"North Melbourne","2020",18
40,"Murphy, Tom",3,2,7,10,0,2,0,1,0,0,0,1,0,0,0,3,7,0,2,0,0,0,67,-15,"North Melbourne","2020",18
39,"Perez, Flynn",8,1,7,15,0,0,0,3,3,2,0,0,0,0,0,5,12,0,0,2,0,0,83,-15,"North Melbourne","2020",18
13,"Polec, Jared",20,4,5,25,0,0,0,2,4,2,1,3,1,1,0,6,20,0,0,0,0,1,86,-15,"North Melbourne","2020",18
8,"Scott, Bailey",5,1,8,13,0,0,0,3,0,2,4,6,0,2,0,8,6,0,0,0,0,0,82,-15,"North Melbourne","2020",18
12,"Simpkin, Jy",12,3,20,32,0,1,0,5,2,3,3,4,0,2,0,12,17,0,0,0,0,0,78,-15,"North Melbourne","2020",18
25,"Tarrant, Robbie",7,3,5,12,0,0,0,1,4,1,0,0,0,0,0,4,6,0,0,8,0,0,90,-15,"North Melbourne","2020",18
33,"Vickers-Willis, Ed",10,3,8,18,0,0,0,1,2,2,2,3,2,1,0,7,11,0,0,3,0,0,76,-15,"North Melbourne","2020",18
19,"Walker, Josh",4,1,3,7,0,0,0,1,1,0,0,5,0,3,0,2,5,1,0,3,1,0,86,-15,"North Melbourne","2020",18
7,"Ziebell, Jack",5,4,3,8,0,2,0,4,0,0,0,0,1,0,0,3,5,0,1,1,0,0,90,-15,"North Melbourne","2020",18
44,"Zurhaar, Cameron",5,3,4,9,1,0,1,2,0,1,0,6,2,2,0,4,5,0,1,2,0,0,82,-15,"North Melbourne","2020",18
0,"Rushed",0,0,0,0,0,2,0,0,0,0,0,0,0,0,0,0,0,0,0,0,0,0,0,-15,"North Melbourne","2020",18
41,"Ah Chee, Brendon",6,2,9,15,0,1,0,2,1,2,2,3,0,0,0,8,8,0,0,1,0,0,75,15,"West Coast","2020",18
33,"Ainsworth, Brayden",7,2,4,11,1,1,0,1,0,0,0,1,0,0,0,3,8,0,2,1,0,0,80,15,"West Coast","2020",18
12,"Allen, Oscar",5,2,5,10,3,0,0,1,0,2,0,0,2,0,2,6,6,0,0,3,0,0,82,15,"West Coast","2020",18
37,"Barrass, Tom",3,1,1,4,0,0,0,0,2,0,0,1,1,1,0,1,3,0,0,9,0,0,100,15,"West Coast","2020",18
28,"Cole, Tom",4,1,3,7,0,0,0,1,1,1,0,2,0,2,0,2,6,0,0,2,0,0,86,15,"West Coast","2020",18
27,"Darling, Jack",7,3,5,12,1,0,0,1,0,4,0,6,2,4,0,8,3,1,0,1,0,0,95,15,"West Coast","2020",18
14,"Duggan, Liam",15,3,5,20,0,0,0,3,3,3,3,3,0,0,0,7,15,0,0,4,0,0,88,15,"West Coast","2020",18
29,"Foley, Luke",3,2,0,3,0,0,0,1,0,1,0,0,0,0,0,1,3,0,0,4,0,0,73,15,"West Coast","2020",18
3,"Gaff, Andrew",16,2,10,26,0,0,0,3,1,5,4,3,3,0,0,14,12,0,0,3,0,0,93,15,"West Coast","2020",18
25,"Hurn, Shannon",17,4,6,23,0,0,0,4,9,3,0,1,2,1,0,7,10,0,0,0,0,0,81,15,"West Coast","2020",18
11,"Kelly, Tim",8,2,10,18,0,0,0,5,0,2,3,4,0,0,0,7,11,0,0,0,0,0,83,15,"West Coast","2020",18
17,"Kennedy, Josh",2,1,0,2,0,0,0,1,0,0,0,0,0,0,0,2,0,1,0,2,0,0,41,15,"West Coast","2020",18
9,"Naitanui, Nic",3,2,10,13,0,0,24,5,0,4,5,3,1,1,0,10,4,0,0,3,0,0,78,15,"West Coast","2020",18
30,"Nelson, Jackson",19,5,3,22,0,0,0,4,10,2,2,3,1,1,0,7,12,0,0,1,0,0,86,15,"West Coast","2020",18
21,"Petruccelle, Jack",3,2,5,8,0,2,0,1,0,0,2,2,0,0,0,7,3,0,1,1,0,0,80,15,"West Coast","2020",18
35,"Rotham, Josh",6,3,1,7,0,0,0,1,5,1,0,0,0,0,0,1,7,0,0,9,0,0,87,15,"West Coast","2020",18
1,"Ryan, Liam",8,4,7,15,2,1,0,2,0,2,2,3,0,0,0,10,6,2,1,0,0,1,79,15,"West Coast","2020",18
31,"Schofield, Will",5,1,3,8,0,0,0,3,0,1,0,0,1,0,0,4,2,0,0,3,0,0,83,15,"West Coast","2020",18
4,"Sheed, Dom",12,1,11,23,0,0,0,4,2,5,5,6,3,3,3,12,11,0,0,0,0,0,81,15,"West Coast","2020",18
5,"Sheppard, Brad",11,3,5,16,0,0,0,7,3,0,0,5,3,2,0,7,8,0,0,4,0,0,91,15,"West Coast","2020",18
2,"Waterman, Jake",5,1,3,8,0,0,0,1,2,0,1,1,0,0,0,2,5,0,0,0,0,0,83,15,"West Coast","2020",18
32,"Williams, Bailey",2,1,5,7,0,0,5,2,0,2,0,1,0,0,0,3,5,0,0,2,0,0,77,15,"West Coast","2020",18
0,"Rushed",0,0,0,0,0,2,0,0,0,0,0,0,0,0,0,0,0,0,0,0,0,0,0,15,"West Coast","2020",18
