"Number","Player","Kicks","Marks","Handballs","Disposals","Goals","Behinds","Hitouts","Tackles","Rebounds50s","Inside50s","Clearances","Clangers","FreesFor","FreesAgainst","BrownlowVotes","ContestedPossessions","UncontestedPossessions","ContestedMarks","MarksInside50","OnePercenters","Bounces","GoalAssists","PercentagePlayed","PointDifference","Team","Season","Round"
16,"Brown, Luke",3,1,2,5,0,0,0,2,3,0,0,1,0,1,0,1,2,0,0,2,0,0,85,-28,"Adelaide","2020",13
41,"Butts, Jordon",4,3,4,8,0,0,0,1,3,0,0,1,0,1,0,1,6,0,0,1,0,0,83,-28,"Adelaide","2020",13
20,"Crocker, Ben",4,3,1,5,0,1,0,1,0,2,0,1,1,0,0,2,4,0,1,1,0,0,81,-28,"Adelaide","2020",13
5,"Crouch, Matt",12,3,10,22,0,0,0,14,2,2,4,3,1,0,0,9,12,0,0,1,0,0,81,-28,"Adelaide","2020",13
32,"Fogarty, Darcy",5,1,3,8,0,0,0,5,0,3,1,0,1,0,0,5,3,0,0,1,0,0,74,-28,"Adelaide","2020",13
15,"Hartigan, Kyle",8,5,1,9,0,0,0,1,5,0,0,2,1,1,0,5,4,3,0,1,0,0,98,-28,"Adelaide","2020",13
34,"Himmelberg, Elliott",5,1,3,8,0,1,3,2,1,1,1,2,1,0,0,6,3,1,1,4,0,0,78,-28,"Adelaide","2020",13
1,"Jones, Chayce",3,0,6,9,0,0,0,5,1,0,5,0,2,0,0,7,2,0,0,0,0,0,84,-28,"Adelaide","2020",13
28,"Keays, Ben",9,4,8,17,0,1,0,3,0,0,2,2,0,0,0,6,12,0,0,0,0,0,88,-28,"Adelaide","2020",13
8,"Kelly, Jake",3,1,1,4,0,0,0,1,1,0,0,2,0,2,0,1,3,0,0,5,0,0,89,-28,"Adelaide","2020",13
29,"Laird, Rory",12,2,16,28,0,1,0,7,1,5,4,4,2,0,0,13,15,0,0,0,0,0,82,-28,"Adelaide","2020",13
14,"Mackay, David",8,4,10,18,1,0,0,2,2,0,1,3,0,0,0,5,12,0,1,0,1,0,78,-28,"Adelaide","2020",13
23,"McAdam, Shane",8,3,3,11,1,0,0,1,1,2,1,1,0,0,0,5,4,1,1,0,0,0,62,-28,"Adelaide","2020",13
4,"Murphy, Lachlan",4,1,9,13,0,0,0,6,1,2,0,1,3,1,0,9,4,0,0,1,0,0,77,-28,"Adelaide","2020",13
43,"OBrien, Reilly",4,1,3,7,0,2,37,4,0,2,2,1,1,0,0,5,3,0,0,0,0,0,86,-28,"Adelaide","2020",13
10,"Poholke, Myles",6,1,8,14,0,0,0,3,0,1,2,3,0,1,0,8,6,0,0,0,0,0,71,-28,"Adelaide","2020",13
26,"Schoenberg, Harry",2,0,7,9,1,0,0,4,1,0,2,2,1,0,0,6,7,0,0,1,0,1,83,-28,"Adelaide","2020",13
38,"Sholl, Lachlan",5,3,3,8,0,0,0,1,2,0,0,0,1,0,0,4,5,0,0,0,0,0,81,-28,"Adelaide","2020",13
9,"Sloane, Rory",7,0,8,15,1,0,0,6,0,3,1,3,2,1,0,8,7,0,0,2,0,0,83,-28,"Adelaide","2020",13
33,"Smith, Brodie",16,3,5,21,0,0,0,1,7,4,2,2,0,1,0,3,10,0,0,3,0,0,87,-28,"Adelaide","2020",13
18,"Stengle, Tyson",5,1,3,8,1,1,0,0,0,0,2,3,0,1,0,4,5,0,0,2,0,0,81,-28,"Adelaide","2020",13
13,"Walker, Taylor",2,1,1,3,0,0,0,4,0,1,1,1,1,0,0,3,1,0,0,3,0,1,88,-28,"Adelaide","2020",13
0,"Totals",135,42,115,250,5,7,40,74,31,28,31,38,18,10,0,116,130,5,4,28,1,2,0,-28,"Adelaide","2020",13
30,"Atkins, Tom",2,0,8,10,0,0,0,8,0,0,2,4,0,1,0,7,4,0,0,0,0,0,74,28,"Geelong","2020",13
24,"Bews, Jed",9,2,5,14,0,0,0,2,1,1,2,0,0,0,0,3,10,0,0,1,0,0,83,28,"Geelong","2020",13
46,"Blicavs, Mark",7,4,7,14,1,0,7,2,1,1,2,1,3,1,0,9,5,1,0,2,0,0,80,28,"Geelong","2020",13
6,"Clark, Jordan",7,4,6,13,0,0,0,6,0,2,0,5,0,2,0,2,12,0,0,1,0,0,72,28,"Geelong","2020",13
45,"Close, Brad",4,2,4,8,0,0,0,3,0,1,0,0,0,0,0,5,3,0,0,0,0,1,79,28,"Geelong","2020",13
40,"Dahlhaus, Luke",8,2,6,14,0,0,0,3,0,3,1,3,1,1,0,4,11,1,0,1,0,0,78,28,"Geelong","2020",13
35,"Dangerfield, Patrick",16,3,11,27,0,0,0,4,1,8,5,7,0,3,1,15,13,1,0,1,2,2,75,28,"Geelong","2020",13
22,"Duncan, Mitch",15,6,7,22,2,1,0,6,1,3,2,3,0,2,2,5,15,1,2,0,2,2,88,28,"Geelong","2020",13
29,"Guthrie, Cameron",13,8,20,33,0,0,0,5,1,3,7,4,0,1,3,11,23,0,0,2,0,0,72,28,"Geelong","2020",13
26,"Hawkins, Tom",7,4,6,13,3,3,0,3,0,0,1,4,1,2,0,6,7,0,4,0,0,0,97,28,"Geelong","2020",13
25,"Henderson, Lachie",10,5,5,15,0,0,0,1,3,0,1,0,0,0,0,5,8,1,0,1,0,0,95,28,"Geelong","2020",13
38,"Henry, Jack",8,5,0,8,0,0,0,1,1,0,0,1,0,0,0,1,7,0,0,8,0,0,90,28,"Geelong","2020",13
8,"Kolodjashnij, Jake",7,4,6,13,0,0,0,2,2,1,0,2,0,1,0,5,9,0,0,6,0,0,91,28,"Geelong","2020",13
27,"Menegola, Sam",11,6,13,24,0,1,0,3,3,3,3,3,0,0,0,8,17,0,0,1,0,1,91,28,"Geelong","2020",13
32,"Miers, Gryan",9,3,6,15,0,0,0,1,0,2,0,2,1,0,0,4,12,0,0,1,0,0,89,28,"Geelong","2020",13
42,"OConnor, Mark",9,6,1,10,0,0,0,2,2,2,0,1,0,0,0,0,10,0,0,1,0,0,89,28,"Geelong","2020",13
3,"Parfitt, Brandan",10,4,13,23,0,1,0,4,0,3,1,5,1,3,0,7,17,1,0,4,0,1,75,28,"Geelong","2020",13
17,"Ratugolea, Esava",3,2,6,9,0,1,4,3,1,0,1,1,1,0,0,7,2,1,2,1,0,0,67,28,"Geelong","2020",13
23,"Rohan, Gary",2,0,3,5,1,1,0,0,0,2,0,2,1,0,0,4,1,0,0,1,0,0,85,28,"Geelong","2020",13
1,"Stanley, Rhys",3,2,4,7,2,0,25,5,0,1,1,1,0,1,0,7,2,1,1,6,0,0,80,28,"Geelong","2020",13
9,"Steven, Jack",10,2,14,24,0,1,0,11,2,2,6,1,1,0,0,7,14,0,0,1,2,0,69,28,"Geelong","2020",13
44,"Stewart, Tom",15,7,5,20,0,0,0,2,4,4,1,1,0,0,0,4,13,1,0,4,0,0,81,28,"Geelong","2020",13
0,"Rushed",0,0,0,0,0,2,0,0,0,0,0,0,0,0,0,0,0,0,0,0,0,0,0,28,"Geelong","2020",13
