"Number","Player","Kicks","Marks","Handballs","Disposals","Goals","Behinds","Hitouts","Tackles","Rebounds50s","Inside50s","Clearances","Clangers","FreesFor","FreesAgainst","BrownlowVotes","ContestedPossessions","UncontestedPossessions","ContestedMarks","MarksInside50","OnePercenters","Bounces","GoalAssists","PercentagePlayed","PointDifference","Team","Season","Round"
18,"Cameron, Jeremy",5,5,2,7,3,0,0,1,0,0,0,3,0,2,0,2,5,1,3,0,0,0,91,32,"Greater Western Sydney","2020",1
3,"Coniglio, Stephen",12,2,7,19,2,0,0,1,1,3,6,0,2,0,0,8,10,0,1,1,0,0,89,32,"Greater Western Sydney","2020",1
35,"Corr, Aidan",6,3,3,9,0,0,0,1,2,1,0,0,0,0,0,1,9,0,0,3,0,0,82,32,"Greater Western Sydney","2020",1
13,"Cumming, Isaac",5,1,3,8,0,0,0,3,1,1,0,0,0,0,0,4,1,1,0,0,0,1,83,32,"Greater Western Sydney","2020",1
16,"Daniels, Brent",5,1,4,9,0,0,0,2,0,4,2,1,1,0,0,7,3,0,0,3,1,1,81,32,"Greater Western Sydney","2020",1
1,"Davis, Phil",5,3,1,6,0,0,0,0,1,0,0,4,1,1,0,2,5,0,0,5,0,0,89,32,"Greater Western Sydney","2020",1
24,"de Boer, Matt",8,1,6,14,0,0,0,5,0,2,5,3,5,3,1,5,9,0,0,0,0,0,83,32,"Greater Western Sydney","2020",1
31,"Finlayson, Jeremy",7,1,0,7,1,0,4,2,2,2,2,2,1,1,0,3,3,0,0,1,0,1,83,32,"Greater Western Sydney","2020",1
12,"Green, Tom",3,1,3,6,0,0,0,2,0,0,2,1,1,0,0,4,3,0,0,1,0,1,68,32,"Greater Western Sydney","2020",1
4,"Greene, Toby",12,6,4,16,4,1,0,0,1,2,1,3,0,2,3,3,11,0,4,1,0,2,90,32,"Greater Western Sydney","2020",1
19,"Haynes, Nick",17,9,3,20,0,0,0,0,9,1,1,4,1,0,0,8,12,2,0,2,0,1,87,32,"Greater Western Sydney","2020",1
27,"Himmelberg, Harry",4,2,3,7,0,0,0,0,0,3,1,2,1,1,0,5,2,1,1,2,0,1,92,32,"Greater Western Sydney","2020",1
2,"Hopper, Jacob",10,7,12,22,0,0,0,3,1,5,4,2,2,0,0,11,10,0,1,1,0,1,85,32,"Greater Western Sydney","2020",1
10,"Jacobs, Sam",7,1,3,10,0,0,28,5,0,4,5,0,2,0,0,7,5,0,0,3,0,1,82,32,"Greater Western Sydney","2020",1
22,"Kelly, Josh",10,2,8,18,0,1,0,6,0,2,1,2,3,1,0,7,10,0,1,0,0,0,91,32,"Greater Western Sydney","2020",1
40,"Kennedy, Adam",1,0,0,1,0,0,0,0,0,0,0,0,0,0,0,0,1,0,0,0,0,0,15,32,"Greater Western Sydney","2020",1
17,"Langdon, Zac",6,2,4,10,1,0,0,2,0,0,0,0,2,0,0,5,5,0,1,2,0,0,74,32,"Greater Western Sydney","2020",1
38,"Lloyd, Daniel",12,5,1,13,2,0,0,2,1,3,0,2,1,1,0,4,9,1,3,1,0,2,83,32,"Greater Western Sydney","2020",1
36,"Perryman, Harry",10,2,10,20,4,0,0,2,3,3,2,3,1,1,2,5,14,1,1,3,0,0,93,32,"Greater Western Sydney","2020",1
23,"Shaw, Heath",10,7,1,11,0,0,0,3,1,1,0,4,0,1,0,2,9,1,0,2,0,0,82,32,"Greater Western Sydney","2020",1
15,"Taylor, Sam",0,1,4,4,0,0,0,1,2,0,0,1,0,1,0,3,1,1,0,2,0,0,82,32,"Greater Western Sydney","2020",1
6,"Whitfield, Lachie",12,2,9,21,0,0,0,2,6,2,1,0,0,0,0,3,14,0,1,2,0,1,95,32,"Greater Western Sydney","2020",1
0,"Rushed",0,0,0,0,0,1,0,0,0,0,0,0,0,0,0,0,0,0,0,0,0,0,0,32,"Greater Western Sydney","2020",1
4,"Ablett, Gary",16,4,8,24,1,2,0,1,1,4,2,6,1,0,0,10,12,0,2,1,0,1,88,-32,"Geelong","2020",1
30,"Atkins, Tom",4,2,3,7,0,0,0,0,0,1,0,1,0,0,0,0,7,0,0,1,0,1,83,-32,"Geelong","2020",1
46,"Blicavs, Mark",5,2,4,9,0,0,0,2,3,0,0,1,4,1,0,8,4,0,0,2,0,0,94,-32,"Geelong","2020",1
6,"Clark, Jordan",10,4,3,13,0,1,0,1,0,1,0,2,1,1,0,2,10,0,0,1,0,0,83,-32,"Geelong","2020",1
40,"Dahlhaus, Luke",6,6,10,16,1,0,0,1,1,2,1,2,0,1,0,7,10,0,1,1,0,0,79,-32,"Geelong","2020",1
35,"Dangerfield, Patrick",8,1,8,16,1,0,0,1,0,3,6,5,2,5,0,10,6,0,0,1,0,1,86,-32,"Geelong","2020",1
22,"Duncan, Mitch",16,6,5,21,3,0,0,0,2,5,2,4,1,2,0,2,18,0,1,1,2,0,72,-32,"Geelong","2020",1
28,"Fort, Darcy",8,2,0,8,0,0,24,0,1,1,3,4,0,3,0,6,2,2,0,6,0,0,83,-32,"Geelong","2020",1
29,"Guthrie, Cameron",6,5,5,11,0,0,0,3,1,1,1,3,1,2,0,6,6,0,0,0,0,1,67,-32,"Geelong","2020",1
39,"Guthrie, Zach",4,0,3,7,0,0,0,1,0,0,0,1,0,0,0,1,6,0,0,0,0,0,76,-32,"Geelong","2020",1
26,"Hawkins, Tom",8,6,3,11,2,2,1,3,0,1,1,1,1,0,0,5,5,1,3,2,0,1,90,-32,"Geelong","2020",1
38,"Henry, Jack",8,6,3,11,0,0,0,1,1,1,0,1,0,1,0,4,8,0,0,1,0,0,90,-32,"Geelong","2020",1
27,"Menegola, Sam",4,5,8,12,0,0,0,2,0,2,1,5,1,2,0,1,11,0,0,0,1,1,80,-32,"Geelong","2020",1
32,"Miers, Gryan",5,3,3,8,1,0,0,2,1,1,0,0,0,0,0,1,7,0,0,1,0,0,91,-32,"Geelong","2020",1
19,"Narkle, Quinton",3,1,9,12,0,0,0,5,1,1,2,3,0,2,0,6,7,0,0,1,0,1,65,-32,"Geelong","2020",1
42,"OConnor, Mark",11,4,1,12,1,0,0,1,1,1,0,0,1,0,0,3,9,0,1,2,0,0,90,-32,"Geelong","2020",1
17,"Ratugolea, Esava",2,1,4,6,0,1,3,1,0,1,1,2,1,1,0,6,0,1,0,1,0,2,72,-32,"Geelong","2020",1
23,"Rohan, Gary",8,5,0,8,1,1,0,0,0,5,1,4,0,1,0,3,6,0,1,2,0,1,86,-32,"Geelong","2020",1
14,"Selwood, Joel",10,5,6,16,0,0,0,2,0,3,5,4,0,1,0,5,11,0,0,0,0,0,78,-32,"Geelong","2020",1
44,"Stewart, Tom",12,6,6,18,0,0,0,0,5,1,2,2,0,1,0,8,7,2,0,3,0,0,79,-32,"Geelong","2020",1
7,"Taylor, Harry",8,5,4,12,0,0,0,1,0,1,2,1,1,0,0,7,6,2,0,4,0,1,79,-32,"Geelong","2020",1
2,"Tuohy, Zach",14,4,2,16,0,0,0,1,3,5,0,5,0,0,0,2,13,0,0,3,0,0,88,-32,"Geelong","2020",1
0,"Totals",176,83,98,274,11,7,28,29,21,41,30,57,15,24,0,103,171,8,9,34,3,11,0,-32,"Geelong","2020",1
