"Number","Player","Kicks","Marks","Handballs","Disposals","Goals","Behinds","Hitouts","Tackles","Rebounds50s","Inside50s","Clearances","Clangers","FreesFor","FreesAgainst","BrownlowVotes","ContestedPossessions","UncontestedPossessions","ContestedMarks","MarksInside50","OnePercenters","Bounces","GoalAssists","PercentagePlayed","PointDifference","Team","Season","Round"
2,"Bellchambers, Tom",5,0,1,6,0,0,24,0,2,1,3,2,1,2,0,4,1,0,0,5,0,0,73,-1,"Essendon","2020",4
13,"Fantasia, Orazio",4,1,2,6,0,0,0,3,0,2,0,0,1,0,0,3,4,0,1,4,0,2,79,-1,"Essendon","2020",4
10,"Francis, Aaron",9,7,5,14,0,0,0,4,2,2,0,2,1,0,0,4,9,0,0,4,0,0,82,-1,"Essendon","2020",4
8,"Gleeson, Martin",10,3,4,14,0,0,0,1,2,2,0,2,0,0,0,4,10,0,0,3,0,0,79,-1,"Essendon","2020",4
33,"Ham, Brayden",4,2,2,6,0,0,0,0,0,1,0,1,0,0,0,1,4,0,0,0,0,0,77,-1,"Essendon","2020",4
26,"Hooker, Cale",5,5,8,13,0,0,0,0,2,0,0,1,0,0,0,5,6,0,0,7,1,0,89,-1,"Essendon","2020",4
18,"Hurley, Michael",14,4,2,16,0,0,0,0,7,0,1,5,1,1,0,5,7,1,0,1,0,0,91,-1,"Essendon","2020",4
4,"Langford, Kyle",6,3,8,14,0,0,0,4,0,2,3,5,0,2,0,6,8,0,0,0,1,0,81,-1,"Essendon","2020",4
43,"McDonald-Tipungwuti, Anthony",3,1,1,4,1,0,0,3,0,1,1,1,0,0,0,2,2,0,0,2,0,0,82,-1,"Essendon","2020",4
1,"McGrath, Andrew",11,0,9,20,0,0,0,5,2,2,4,3,1,0,0,9,10,0,0,1,0,0,86,-1,"Essendon","2020",4
44,"McKernan, Shaun",10,7,3,13,1,0,8,2,1,3,1,5,1,1,0,6,7,1,1,1,0,0,81,-1,"Essendon","2020",4
7,"Merrett, Zach",9,1,8,17,0,0,0,3,2,5,3,2,0,0,0,7,10,0,0,0,1,1,76,-1,"Essendon","2020",4
3,"Parish, Darcy",6,0,4,10,2,0,0,2,0,2,1,3,0,1,0,6,4,0,0,1,0,1,81,-1,"Essendon","2020",4
27,"Redman, Mason",7,2,3,10,0,0,0,3,3,1,0,1,1,0,0,4,6,1,0,3,3,0,78,-1,"Essendon","2020",4
14,"Ridley, Jordan",13,6,5,18,0,0,0,2,5,1,0,1,1,0,0,8,8,2,0,9,0,1,92,-1,"Essendon","2020",4
42,"Saad, Adam",12,3,4,16,0,0,0,5,7,1,0,0,1,0,0,7,6,1,0,4,1,0,90,-1,"Essendon","2020",4
9,"Shiel, Dylan",11,1,8,19,0,0,0,2,3,3,4,2,2,0,0,13,6,0,0,1,0,0,82,-1,"Essendon","2020",4
5,"Smith, Devon",11,5,7,18,1,0,0,6,2,2,1,7,0,2,0,6,10,0,0,0,1,0,85,-1,"Essendon","2020",4
40,"Snelling, Will",1,0,6,7,0,0,0,3,0,0,0,3,0,1,0,2,4,0,0,1,0,0,75,-1,"Essendon","2020",4
25,"Stringer, Jake",5,1,3,8,2,0,0,2,1,1,1,3,1,1,0,4,4,0,1,1,0,0,84,-1,"Essendon","2020",4
20,"Townsend, Jacob",4,3,1,5,1,0,0,1,0,2,0,1,1,1,0,4,3,2,2,3,0,0,78,-1,"Essendon","2020",4
11,"Zaharakis, David",4,2,9,13,0,0,0,6,1,0,0,2,0,1,0,2,11,0,0,0,1,1,80,-1,"Essendon","2020",4
0,"Rushed",0,0,0,0,0,3,0,0,0,0,0,0,0,0,0,0,0,0,0,0,0,0,0,-1,"Essendon","2020",4
19,"Betts, Eddie",7,2,1,8,1,2,0,0,0,4,0,3,0,1,0,2,5,0,0,1,0,0,86,1,"Carlton","2020",4
41,"Casboult, Levi",12,9,2,14,3,0,5,1,1,1,0,3,0,0,2,7,8,3,5,2,0,0,95,1,"Carlton","2020",4
9,"Cripps, Patrick",10,2,10,20,0,1,0,4,0,5,2,3,0,0,0,7,13,0,0,0,0,0,89,1,"Carlton","2020",4
28,"Cuningham, David",15,8,13,28,0,2,0,1,0,6,2,5,1,1,3,10,17,0,2,0,2,0,84,1,"Carlton","2020",4
35,"Curnow, Ed",10,2,10,20,0,0,0,6,2,3,2,2,1,1,0,10,7,1,0,2,0,0,92,1,"Carlton","2020",4
15,"Docherty, Sam",22,8,10,32,0,0,0,0,8,1,2,1,0,0,0,10,21,0,0,1,0,0,86,1,"Carlton","2020",4
40,"Gibbons, Michael",18,8,7,25,0,2,0,5,1,4,2,8,1,3,1,7,20,0,3,2,0,1,88,1,"Carlton","2020",4
14,"Jones, Liam",3,2,0,3,0,0,0,2,0,0,0,0,0,0,0,0,3,0,0,7,0,0,98,1,"Carlton","2020",4
21,"Martin, Jack",2,2,9,11,1,0,0,3,0,0,1,5,0,1,0,5,6,0,1,2,0,0,90,1,"Carlton","2020",4
11,"McGovern, Mitch",8,1,2,10,2,0,0,2,0,0,0,4,1,1,0,5,5,1,1,2,0,0,84,1,"Carlton","2020",4
3,"Murphy, Marc",15,4,6,21,0,0,0,3,0,6,3,2,0,0,0,8,10,0,0,0,0,2,86,1,"Carlton","2020",4
32,"Newnes, Jack",8,3,5,13,0,1,0,3,2,3,1,2,0,0,0,2,11,0,1,0,0,0,75,1,"Carlton","2020",4
5,"Petrevski-Seton, Sam",9,5,5,14,0,0,0,3,2,2,2,1,0,1,0,5,8,0,0,2,0,0,83,1,"Carlton","2020",4
34,"Philp, Sam",2,0,3,5,0,0,0,2,0,1,0,2,0,0,0,4,2,0,0,1,0,0,67,1,"Carlton","2020",4
27,"Pittonet, Marc",8,3,3,11,0,0,20,2,0,3,8,2,2,2,0,7,3,2,0,3,0,0,83,1,"Carlton","2020",4
20,"Plowman, Lachie",9,2,4,13,0,0,0,1,1,0,1,2,2,1,0,4,9,0,0,4,0,0,91,1,"Carlton","2020",4
43,"Setterfield, Will",10,3,8,18,0,0,0,2,1,5,6,1,1,0,0,10,9,0,0,1,0,0,82,1,"Carlton","2020",4
1,"Silvagni, Jack",1,1,0,1,0,0,0,0,0,0,0,0,0,0,0,0,1,0,0,0,0,0,2,1,"Carlton","2020",4
6,"Simpson, Kade",12,6,3,15,0,0,0,2,3,0,0,1,0,0,0,4,11,0,0,3,0,0,77,1,"Carlton","2020",4
18,"Walsh, Sam",12,7,12,24,0,0,0,2,1,4,2,3,1,0,0,7,18,0,0,2,0,0,85,1,"Carlton","2020",4
23,"Weitering, Jacob",9,5,2,11,0,0,0,1,3,0,0,1,1,1,0,5,6,1,0,6,0,0,100,1,"Carlton","2020",4
31,"Williamson, Tom",9,5,6,15,0,0,0,2,1,1,3,3,2,0,0,7,8,0,0,1,0,1,76,1,"Carlton","2020",4
0,"Rushed",0,0,0,0,0,2,0,0,0,0,0,0,0,0,0,0,0,0,0,0,0,0,0,1,"Carlton","2020",4
