"Number","Player","Kicks","Marks","Handballs","Disposals","Goals","Behinds","Hitouts","Tackles","Rebounds50s","Inside50s","Clearances","Clangers","FreesFor","FreesAgainst","BrownlowVotes","ContestedPossessions","UncontestedPossessions","ContestedMarks","MarksInside50","OnePercenters","Bounces","GoalAssists","PercentagePlayed","PointDifference","Team","Season","Round"
16,"Brown, Luke",11,6,3,14,0,0,0,2,3,1,0,2,1,0,0,2,11,0,0,4,0,0,69,-44,"Adelaide","2020",18
2,"Crouch, Brad",11,1,15,26,0,1,0,4,4,5,8,6,1,1,0,11,15,0,0,0,0,0,74,-44,"Adelaide","2020",18
5,"Crouch, Matt",10,5,20,30,0,0,0,3,2,2,3,6,3,3,0,11,19,0,0,1,0,0,78,-44,"Adelaide","2020",18
32,"Fogarty, Darcy",6,3,4,10,2,0,0,0,0,0,1,2,1,1,0,7,3,1,2,1,0,0,83,-44,"Adelaide","2020",18
15,"Hartigan, Kyle",7,2,2,9,0,0,0,0,2,0,0,0,1,0,0,1,7,0,0,3,0,0,91,-44,"Adelaide","2020",18
34,"Himmelberg, Elliott",4,4,5,9,0,2,3,3,2,1,0,0,0,0,0,4,5,2,1,3,0,0,82,-44,"Adelaide","2020",18
1,"Jones, Chayce",2,3,1,3,0,0,0,0,0,1,0,2,0,1,0,0,3,0,0,1,0,0,83,-44,"Adelaide","2020",18
28,"Keays, Ben",9,2,7,16,0,1,0,3,4,1,1,0,0,0,0,7,8,0,0,0,0,0,83,-44,"Adelaide","2020",18
8,"Kelly, Jake",9,5,6,15,0,0,0,1,5,0,0,1,1,0,0,7,8,3,0,3,0,0,86,-44,"Adelaide","2020",18
29,"Laird, Rory",14,1,14,28,0,0,0,2,3,3,3,3,2,1,0,11,18,0,0,0,0,0,82,-44,"Adelaide","2020",18
27,"Lynch, Tom",12,5,13,25,0,1,0,2,3,2,0,1,1,0,0,4,19,0,1,2,0,0,82,-44,"Adelaide","2020",18
14,"Mackay, David",8,1,9,17,0,0,0,1,3,1,0,0,0,0,0,8,7,1,0,2,0,0,85,-44,"Adelaide","2020",18
23,"McAdam, Shane",5,2,9,14,1,0,0,0,0,0,0,2,0,0,0,7,6,0,1,1,0,0,80,-44,"Adelaide","2020",18
36,"McPherson, Andrew",8,2,5,13,0,0,0,2,3,1,0,1,2,0,0,7,7,0,0,3,0,0,78,-44,"Adelaide","2020",18
43,"OBrien, Reilly",8,7,11,19,0,0,29,4,2,2,2,2,0,0,2,6,10,4,0,3,0,0,85,-44,"Adelaide","2020",18
26,"Schoenberg, Harry",5,1,4,9,0,0,0,0,0,2,2,1,0,0,0,5,4,0,0,0,0,0,86,-44,"Adelaide","2020",18
38,"Sholl, Lachlan",11,6,8,19,0,0,0,1,5,1,3,2,1,0,0,7,13,0,0,1,0,0,83,-44,"Adelaide","2020",18
9,"Sloane, Rory",7,1,8,15,0,0,0,6,0,3,5,1,0,0,0,7,6,1,0,1,0,1,77,-44,"Adelaide","2020",18
33,"Smith, Brodie",11,3,6,17,0,1,0,4,3,2,0,1,1,0,0,4,11,0,0,2,1,0,86,-44,"Adelaide","2020",18
18,"Stengle, Tyson",4,1,3,7,0,1,0,0,0,1,1,0,0,0,0,2,5,0,0,2,0,0,75,-44,"Adelaide","2020",18
12,"Talia, Daniel",3,0,3,6,0,0,0,2,1,1,0,0,1,0,0,3,1,0,0,4,0,0,87,-44,"Adelaide","2020",18
13,"Walker, Taylor",8,6,1,9,1,1,0,0,0,4,0,3,1,1,0,6,4,3,0,4,0,0,84,-44,"Adelaide","2020",18
0,"Rushed",0,0,0,0,0,1,0,0,0,0,0,0,0,0,0,0,0,0,0,0,0,0,0,-44,"Adelaide","2020",18
39,"Aarts, Jake",7,3,5,12,2,0,0,1,1,2,0,4,0,3,0,1,12,0,1,0,0,1,74,44,"Richmond","2020",18
12,"Astbury, David",10,6,4,14,0,0,0,2,0,1,0,2,0,0,0,6,7,3,0,4,0,0,89,44,"Richmond","2020",18
7,"Baker, Liam",7,4,5,12,0,0,0,4,2,2,1,0,2,0,0,8,5,1,0,5,0,0,79,44,"Richmond","2020",18
21,"Balta, Noah",8,5,2,10,0,0,0,0,5,0,0,2,0,1,0,2,6,0,0,4,0,0,92,44,"Richmond","2020",18
22,"Caddy, Josh",5,3,3,8,2,0,1,0,0,4,0,0,0,0,0,4,4,2,2,0,0,0,66,44,"Richmond","2020",18
11,"Castagna, Jason",5,4,4,9,1,1,0,5,1,3,0,0,0,0,0,3,6,0,2,2,0,1,89,44,"Richmond","2020",18
41,"Chol, Mabior",3,1,0,3,1,0,2,2,0,1,0,1,0,1,0,2,1,0,1,4,0,0,77,44,"Richmond","2020",18
9,"Cotchin, Trent",8,0,4,12,0,0,0,3,4,3,5,6,1,2,0,8,3,0,0,2,0,0,64,44,"Richmond","2020",18
10,"Edwards, Shane",11,4,7,18,0,0,0,3,1,3,8,2,2,1,1,12,7,1,0,2,3,1,72,44,"Richmond","2020",18
34,"Graham, Jack",10,0,11,21,0,1,0,8,2,4,3,5,0,3,0,10,11,0,0,0,0,0,82,44,"Richmond","2020",18
2,"Grimes, Dylan",8,5,2,10,0,0,0,1,1,1,0,2,1,0,0,3,6,0,0,7,0,0,83,44,"Richmond","2020",18
14,"Houli, Bachar",9,2,5,14,0,0,0,3,5,2,0,0,0,0,0,1,11,0,0,1,1,0,85,44,"Richmond","2020",18
23,"Lambert, Kane",10,6,8,18,1,0,0,5,0,5,1,0,0,0,0,7,11,0,2,2,0,2,87,44,"Richmond","2020",18
4,"Martin, Dustin",16,6,12,28,1,0,1,0,0,6,4,7,0,1,3,16,14,2,2,2,1,1,85,44,"Richmond","2020",18
33,"McIntosh, Kamdyn",7,2,6,13,1,0,0,1,2,2,0,1,0,0,0,3,12,0,0,2,0,0,86,44,"Richmond","2020",18
25,"Nankervis, Toby",1,2,11,12,0,0,24,3,0,1,2,7,0,2,0,11,1,2,0,3,0,0,70,44,"Richmond","2020",18
50,"Pickett, Marlion",4,3,4,8,0,0,0,7,2,1,1,1,1,0,0,4,6,0,0,1,0,0,85,44,"Richmond","2020",18
8,"Riewoldt, Jack",8,6,5,13,2,0,0,1,0,4,0,3,0,1,0,4,8,1,3,2,0,1,100,44,"Richmond","2020",18
17,"Rioli, Daniel",8,2,6,14,1,1,0,3,0,2,0,2,1,0,0,4,10,0,1,1,1,1,85,44,"Richmond","2020",18
5,"Ross, Jack",8,2,4,12,0,0,0,3,1,6,3,2,0,0,0,4,7,0,0,2,0,1,77,44,"Richmond","2020",18
15,"Short, Jayden",17,7,3,20,0,0,0,1,2,2,0,1,0,1,0,5,15,0,0,3,2,0,81,44,"Richmond","2020",18
1,"Vlastuin, Nick",7,4,8,15,0,0,0,5,0,2,0,1,0,1,0,4,8,0,0,5,0,1,93,44,"Richmond","2020",18
0,"Rushed",0,0,0,0,0,2,0,0,0,0,0,0,0,0,0,0,0,0,0,0,0,0,0,44,"Richmond","2020",18
