"Number","Player","Kicks","Marks","Handballs","Disposals","Goals","Behinds","Hitouts","Tackles","Rebounds50s","Inside50s","Clearances","Clangers","FreesFor","FreesAgainst","BrownlowVotes","ContestedPossessions","UncontestedPossessions","ContestedMarks","MarksInside50","OnePercenters","Bounces","GoalAssists","PercentagePlayed","PointDifference","Team","Season","Round"
9,"Ainsworth, Ben",12,3,2,14,0,0,0,3,3,7,0,3,1,0,0,7,7,1,0,1,0,0,87,-33,"Gold Coast","2020",13
15,"Anderson, Noah",4,1,1,5,0,0,0,2,0,1,0,1,0,0,0,3,2,0,0,0,0,0,83,-33,"Gold Coast","2020",13
10,"Ballard, Charlie",10,3,3,13,0,0,0,0,4,0,2,3,1,0,0,5,5,0,0,3,0,0,83,-33,"Gold Coast","2020",13
3,"Bowes, Jack",14,5,6,20,0,0,0,3,4,1,2,6,0,1,0,8,8,0,0,2,0,0,82,-33,"Gold Coast","2020",13
35,"Budarick, Connor",8,3,1,9,0,0,0,1,3,0,0,2,1,2,0,1,8,0,0,0,0,0,88,-33,"Gold Coast","2020",13
25,"Collins, Sam",8,4,3,11,0,0,0,2,3,2,1,2,1,0,0,4,4,2,0,6,0,0,95,-33,"Gold Coast","2020",13
19,"Corbett, Josh",6,4,2,8,0,0,0,0,0,0,0,3,1,1,0,3,6,1,1,0,0,0,82,-33,"Gold Coast","2020",13
12,"Day, Sam",1,1,5,6,0,0,5,0,0,0,0,0,2,0,0,5,1,1,0,1,0,0,78,-33,"Gold Coast","2020",13
4,"Ellis, Brandon",9,4,4,13,0,0,0,7,0,0,0,2,0,1,0,2,9,0,0,1,0,0,87,-33,"Gold Coast","2020",13
26,"Flanders, Sam",5,2,1,6,1,0,0,3,0,2,0,2,0,0,0,1,5,0,1,1,0,0,78,-33,"Gold Coast","2020",13
46,"Graham, Caleb",5,3,1,6,0,0,0,2,2,0,0,3,0,1,0,1,4,0,0,7,0,0,83,-33,"Gold Coast","2020",13
21,"Greenwood, Hugh",7,0,4,11,0,0,0,11,4,2,4,1,2,1,0,8,2,0,0,1,0,0,79,-33,"Gold Coast","2020",13
5,"Harbrow, Jarrod",10,1,4,14,0,0,0,0,3,1,0,2,1,1,0,4,8,0,0,4,0,0,83,-33,"Gold Coast","2020",13
34,"King, Ben",2,0,3,5,0,1,0,0,0,0,0,0,1,0,0,4,1,0,0,0,0,0,86,-33,"Gold Coast","2020",13
23,"Lemmens, Sean",4,3,3,7,1,0,0,1,0,1,0,1,0,0,0,2,6,0,1,1,0,1,69,-33,"Gold Coast","2020",13
13,"Lukosius, Jack",19,6,4,23,0,0,0,1,10,2,1,2,0,0,0,5,9,1,0,3,0,1,81,-33,"Gold Coast","2020",13
11,"Miller, Touk",10,2,7,17,0,0,0,7,2,1,3,4,2,2,0,8,11,0,0,3,0,1,78,-33,"Gold Coast","2020",13
27,"Powell, Wil",7,3,4,11,0,0,0,1,1,1,0,0,1,0,0,3,8,0,0,2,0,1,78,-33,"Gold Coast","2020",13
22,"Rankine, Izak",6,5,2,8,1,1,0,0,0,0,0,2,0,0,0,2,6,0,1,1,1,0,80,-33,"Gold Coast","2020",13
24,"Swallow, David",11,4,4,15,0,1,0,7,3,2,5,2,0,2,0,7,5,0,0,0,0,0,79,-33,"Gold Coast","2020",13
14,"Weller, Lachie",6,3,4,10,1,0,0,1,2,2,2,3,1,0,0,3,7,0,0,0,3,0,82,-33,"Gold Coast","2020",13
28,"Witts, Jarrod",5,0,4,9,0,0,21,2,1,1,3,1,2,0,0,4,5,0,0,1,0,0,81,-33,"Gold Coast","2020",13
0,"Totals",169,60,72,241,4,3,26,54,45,26,23,45,17,12,0,90,127,6,4,38,4,4,0,-33,"Gold Coast","2020",13
19,"Betts, Eddie",7,2,3,10,1,1,0,1,0,3,2,4,1,0,0,8,3,1,1,0,0,1,83,33,"Carlton","2020",13
41,"Casboult, Levi",5,5,3,8,0,1,1,0,0,3,0,5,0,2,0,4,4,3,1,3,0,0,86,33,"Carlton","2020",13
46,"Cottrell, Matthew",10,2,2,12,0,0,0,0,1,4,0,2,1,0,0,4,7,0,0,0,0,0,76,33,"Carlton","2020",13
9,"Cripps, Patrick",13,4,10,23,0,1,0,6,2,3,8,2,2,1,0,13,9,0,1,2,1,0,87,33,"Carlton","2020",13
35,"Curnow, Ed",15,5,4,19,1,0,0,6,1,3,2,2,0,1,0,2,16,0,0,1,0,0,81,33,"Carlton","2020",13
12,"De Koning, Tom",6,4,4,10,0,1,8,3,0,1,1,7,0,4,0,5,5,3,0,1,0,0,75,33,"Carlton","2020",13
15,"Docherty, Sam",12,8,4,16,0,0,0,1,4,1,0,0,0,0,0,2,14,0,0,0,1,0,91,33,"Carlton","2020",13
25,"Fisher, Zac",8,4,13,21,0,0,0,5,0,3,0,1,1,0,1,10,12,0,0,1,3,1,80,33,"Carlton","2020",13
40,"Gibbons, Michael",12,5,7,19,2,0,0,5,0,4,1,3,1,1,3,3,15,1,2,0,0,1,79,33,"Carlton","2020",13
14,"Jones, Liam",7,5,1,8,0,0,0,1,1,2,0,0,0,0,0,4,4,1,0,5,0,0,80,33,"Carlton","2020",13
21,"Martin, Jack",11,6,10,21,0,1,0,4,0,3,1,0,2,0,0,8,12,0,1,0,0,0,74,33,"Carlton","2020",13
10,"McKay, Harry",11,8,2,13,2,4,0,1,0,1,0,3,1,1,0,5,8,1,5,1,0,0,90,33,"Carlton","2020",13
3,"Murphy, Marc",18,4,10,28,0,2,0,2,1,3,5,3,0,2,2,10,17,0,0,0,0,0,83,33,"Carlton","2020",13
32,"Newnes, Jack",9,4,14,23,1,0,0,0,0,4,0,3,0,0,0,7,14,0,1,0,0,2,77,33,"Carlton","2020",13
5,"Petrevski-Seton, Sam",8,3,2,10,0,0,0,3,0,1,0,3,1,0,0,3,7,0,0,1,0,0,72,33,"Carlton","2020",13
27,"Pittonet, Marc",2,1,1,3,0,0,14,1,0,1,1,2,0,0,0,2,0,1,0,3,0,0,69,33,"Carlton","2020",13
20,"Plowman, Lachie",7,3,2,9,0,0,0,0,2,2,0,2,0,0,0,5,4,2,0,3,0,0,96,33,"Carlton","2020",13
43,"Setterfield, Will",15,3,8,23,0,0,0,5,2,4,5,2,2,0,0,10,14,0,0,1,0,1,81,33,"Carlton","2020",13
6,"Simpson, Kade",13,6,2,15,0,0,0,1,3,3,0,4,0,1,0,6,7,1,0,3,0,0,87,33,"Carlton","2020",13
18,"Walsh, Sam",12,3,12,24,0,1,0,0,1,3,4,3,0,1,0,11,13,0,0,0,1,0,78,33,"Carlton","2020",13
23,"Weitering, Jacob",7,6,6,13,0,0,0,1,2,1,0,3,0,2,0,6,8,1,0,4,0,0,95,33,"Carlton","2020",13
31,"Williamson, Tom",6,2,1,7,0,0,0,4,1,1,0,1,0,1,0,3,4,0,0,3,0,0,79,33,"Carlton","2020",13
0,"Rushed",0,0,0,0,0,6,0,0,0,0,0,0,0,0,0,0,0,0,0,0,0,0,0,33,"Carlton","2020",13
