"Number","Player","Kicks","Marks","Handballs","Disposals","Goals","Behinds","Hitouts","Tackles","Rebounds50s","Inside50s","Clearances","Clangers","FreesFor","FreesAgainst","BrownlowVotes","ContestedPossessions","UncontestedPossessions","ContestedMarks","MarksInside50","OnePercenters","Bounces","GoalAssists","PercentagePlayed","PointDifference","Team","Season","Round"
3,"Anderson, Jed",14,5,5,19,0,0,0,7,1,4,4,4,2,1,0,9,9,1,0,1,0,0,69,-7,"North Melbourne","2020",8
18,"Atley, Shaun",12,5,6,18,0,0,0,1,2,1,0,1,0,0,0,4,13,0,0,1,0,1,92,-7,"North Melbourne","2020",8
50,"Brown, Ben",5,5,2,7,1,0,3,0,0,1,0,2,0,0,0,3,5,1,1,2,0,0,91,-7,"North Melbourne","2020",8
9,"Davies-Uniacke, Luke",3,2,4,7,0,0,0,1,0,1,2,1,2,1,0,5,4,0,0,1,0,0,71,-7,"North Melbourne","2020",8
14,"Dumont, Trent",17,4,5,22,0,0,0,4,2,4,2,1,2,0,0,6,16,0,0,2,0,1,80,-7,"North Melbourne","2020",8
22,"Goldstein, Todd",2,3,6,8,0,1,41,2,2,0,3,3,1,2,0,6,2,1,1,4,0,0,95,-7,"North Melbourne","2020",8
43,"Hall, Aaron",6,2,7,13,1,0,0,5,0,3,2,3,0,2,0,5,9,0,0,0,0,2,73,-7,"North Melbourne","2020",8
37,"Hayden, Kyron",5,3,7,12,0,0,0,3,3,0,1,0,1,0,0,8,4,0,0,1,0,0,85,-7,"North Melbourne","2020",8
4,"Higgins, Shaun",13,0,6,19,0,0,0,7,3,1,3,6,3,1,0,10,10,0,0,2,0,0,83,-7,"North Melbourne","2020",8
20,"Larkey, Nick",3,0,2,5,2,1,0,0,0,1,0,2,1,1,0,4,2,0,0,1,0,0,70,-7,"North Melbourne","2020",8
34,"Macmillan, Jamie",8,5,5,13,0,0,0,1,4,0,0,3,2,0,0,2,11,0,0,2,0,0,70,-7,"North Melbourne","2020",8
35,"Mahony, Jack",2,0,5,7,0,0,0,4,1,1,0,0,3,0,0,3,3,0,0,0,0,1,64,-7,"North Melbourne","2020",8
11,"McDonald, Luke",15,4,3,18,0,0,0,4,6,3,1,2,1,1,0,4,11,0,0,3,0,0,93,-7,"North Melbourne","2020",8
23,"McKay, Ben",5,4,5,10,0,0,0,0,3,1,0,0,1,0,0,4,6,0,0,4,0,0,84,-7,"North Melbourne","2020",8
17,"Pittard, Jasper",9,4,2,11,1,0,0,1,0,4,0,2,3,1,0,3,8,0,0,2,0,1,87,-7,"North Melbourne","2020",8
13,"Polec, Jared",13,4,12,25,1,0,0,6,1,5,3,6,4,2,1,16,11,1,1,0,0,0,90,-7,"North Melbourne","2020",8
8,"Scott, Bailey",6,2,5,11,3,0,0,4,0,3,2,1,2,1,0,7,5,0,1,0,0,0,73,-7,"North Melbourne","2020",8
12,"Simpkin, Jy",8,3,3,11,0,0,0,4,2,1,5,6,1,4,0,4,4,0,0,0,0,0,73,-7,"North Melbourne","2020",8
25,"Tarrant, Robbie",14,3,2,16,0,0,0,3,7,3,1,2,2,1,0,4,7,0,0,5,0,0,96,-7,"North Melbourne","2020",8
31,"Taylor, Curtis",3,2,3,6,0,0,0,2,1,1,1,1,0,0,0,2,5,0,0,1,0,0,88,-7,"North Melbourne","2020",8
19,"Walker, Josh",8,4,5,13,0,0,0,2,6,0,0,4,1,2,0,6,5,1,0,5,0,0,80,-7,"North Melbourne","2020",8
44,"Zurhaar, Cameron",4,1,4,8,0,1,0,2,0,3,0,6,0,4,0,6,3,1,0,1,1,1,92,-7,"North Melbourne","2020",8
0,"Totals",175,65,104,279,9,3,44,63,44,41,30,56,32,24,1,121,153,6,4,38,1,7,0,-7,"North Melbourne","2020",8
19,"Betts, Eddie",2,2,3,5,0,0,0,2,0,1,0,0,0,0,0,4,2,0,0,2,0,0,81,7,"Carlton","2020",8
41,"Casboult, Levi",4,3,1,5,1,1,0,3,0,0,0,1,1,1,0,3,3,1,3,0,0,0,95,7,"Carlton","2020",8
9,"Cripps, Patrick",5,2,11,16,0,0,0,5,0,4,2,5,1,5,0,8,9,1,0,0,0,0,83,7,"Carlton","2020",8
28,"Cuningham, David",9,1,2,11,2,2,0,3,0,4,0,5,1,2,0,6,4,1,0,0,1,0,76,7,"Carlton","2020",8
35,"Curnow, Ed",17,3,2,19,0,1,0,10,5,5,6,6,2,1,2,13,7,0,0,3,0,0,95,7,"Carlton","2020",8
15,"Docherty, Sam",9,2,4,13,0,0,0,5,3,5,1,6,0,3,0,4,9,0,0,6,0,0,90,7,"Carlton","2020",8
40,"Gibbons, Michael",8,1,1,9,1,1,0,3,1,3,4,3,0,2,0,7,4,0,0,1,0,0,84,7,"Carlton","2020",8
14,"Jones, Liam",6,3,0,6,0,0,0,1,1,2,0,1,0,1,0,1,4,0,0,11,0,0,96,7,"Carlton","2020",8
7,"Kennedy, Matthew",12,8,8,20,2,1,0,1,0,2,2,5,1,1,0,5,13,0,1,0,0,0,65,7,"Carlton","2020",8
21,"Martin, Jack",12,5,6,18,0,2,0,4,2,6,3,5,1,3,3,6,12,0,0,2,0,1,89,7,"Carlton","2020",8
11,"McGovern, Mitch",2,1,0,2,0,1,0,2,0,1,0,3,1,1,0,3,1,0,0,1,0,1,44,7,"Carlton","2020",8
47,"Moore, Callum",0,0,2,2,0,0,2,2,0,0,1,2,0,2,0,1,1,0,0,3,0,0,69,7,"Carlton","2020",8
3,"Murphy, Marc",11,3,11,22,0,0,0,1,0,5,3,5,1,3,0,10,12,0,0,1,0,1,84,7,"Carlton","2020",8
32,"Newnes, Jack",9,3,6,15,2,0,0,5,4,3,0,3,1,1,0,5,10,0,0,0,0,0,80,7,"Carlton","2020",8
5,"Petrevski-Seton, Sam",12,3,2,14,0,0,0,6,3,0,1,0,3,0,0,5,9,0,0,0,0,0,76,7,"Carlton","2020",8
27,"Pittonet, Marc",3,2,8,11,0,0,27,1,0,3,6,0,2,0,0,7,4,1,0,2,0,0,85,7,"Carlton","2020",8
20,"Plowman, Lachie",13,7,5,18,0,0,0,1,5,0,0,1,2,1,0,4,13,0,0,5,0,0,95,7,"Carlton","2020",8
43,"Setterfield, Will",11,1,9,20,0,0,0,6,1,4,6,2,3,1,0,12,8,0,0,0,0,2,82,7,"Carlton","2020",8
6,"Simpson, Kade",10,1,7,17,0,0,0,0,2,0,0,2,2,1,0,4,10,0,0,0,0,0,82,7,"Carlton","2020",8
18,"Walsh, Sam",11,4,10,21,1,0,0,5,2,4,3,4,2,2,0,11,11,0,0,1,0,0,87,7,"Carlton","2020",8
23,"Weitering, Jacob",6,4,0,6,0,0,0,0,1,1,1,2,0,0,0,4,3,2,0,12,0,0,96,7,"Carlton","2020",8
31,"Williamson, Tom",5,1,5,10,0,0,0,0,1,1,0,2,0,1,0,1,8,0,0,1,0,0,65,7,"Carlton","2020",8
0,"Rushed",0,0,0,0,0,1,0,0,0,0,0,0,0,0,0,0,0,0,0,0,0,0,0,7,"Carlton","2020",8
