"Number","Player","Kicks","Marks","Handballs","Disposals","Goals","Behinds","Hitouts","Tackles","Rebounds50s","Inside50s","Clearances","Clangers","FreesFor","FreesAgainst","BrownlowVotes","ContestedPossessions","UncontestedPossessions","ContestedMarks","MarksInside50","OnePercenters","Bounces","GoalAssists","PercentagePlayed","PointDifference","Team","Season","Round"
22,"Breust, Luke",7,2,5,12,3,0,0,5,0,3,3,2,2,1,0,7,5,1,1,3,0,2,90,28,"Hawthorn","2020",1
9,"Burgoyne, Shaun",7,3,3,10,3,0,0,4,0,2,0,1,0,0,2,5,5,0,3,6,1,1,79,28,"Hawthorn","2020",1
18,"Ceglar, Jonathon",3,2,5,8,0,0,28,1,0,1,2,1,2,1,0,6,2,2,0,3,0,1,82,28,"Hawthorn","2020",1
12,"Frawley, James",4,2,2,6,0,0,0,3,0,1,0,2,1,1,0,3,4,0,0,3,0,0,91,28,"Hawthorn","2020",1
8,"Frost, Sam",4,1,7,11,0,0,0,1,4,3,0,2,2,0,0,8,5,1,0,3,2,0,83,28,"Hawthorn","2020",1
19,"Gunston, Jack",13,4,3,16,0,1,0,1,6,2,0,2,0,1,0,4,8,0,0,2,0,0,80,28,"Hawthorn","2020",1
41,"Hanrahan, Oliver",9,3,6,15,1,1,0,2,0,3,0,1,1,0,0,5,8,0,1,1,1,1,67,28,"Hawthorn","2020",1
31,"Henderson, Ricky",8,8,3,11,0,0,0,1,1,0,1,0,1,0,0,2,10,0,0,2,0,0,82,28,"Hawthorn","2020",1
7,"McEvoy, Ben",5,3,4,9,0,1,3,2,1,0,0,0,1,0,0,4,5,1,0,4,0,1,88,28,"Hawthorn","2020",1
3,"Mitchell, Tom",11,2,14,25,0,0,0,3,3,2,9,3,3,0,0,14,10,0,0,1,0,0,89,28,"Hawthorn","2020",1
1,"Morrison, Harry",10,2,0,10,0,0,0,2,1,5,1,2,1,1,0,4,4,0,0,3,0,0,86,28,"Hawthorn","2020",1
23,"OBrien, Tim",4,1,4,8,1,0,1,0,0,1,0,0,0,0,0,4,4,0,0,3,0,1,86,28,"Hawthorn","2020",1
10,"OMeara, Jaeger",11,4,12,23,0,0,0,5,1,2,4,6,0,2,0,14,10,1,0,0,0,0,77,28,"Hawthorn","2020",1
25,"Patton, Jonathon",5,4,2,7,1,1,1,0,1,0,0,2,0,2,0,1,6,0,2,2,0,2,89,28,"Hawthorn","2020",1
28,"Puopolo, Paul",5,2,3,8,0,0,0,2,0,3,0,0,0,0,0,3,5,0,0,0,0,0,55,28,"Hawthorn","2020",1
21,"Scully, Tom",9,4,6,15,1,0,0,1,4,1,1,4,0,1,0,3,13,0,1,0,0,0,87,28,"Hawthorn","2020",1
26,"Shiels, Liam",15,4,9,24,0,0,0,6,1,7,1,3,1,1,1,7,18,1,1,1,0,1,77,28,"Hawthorn","2020",1
6,"Sicily, James",15,5,2,17,0,0,0,0,6,2,1,6,1,1,0,5,10,1,0,5,0,0,88,28,"Hawthorn","2020",1
16,"Smith, Isaac",12,4,7,19,1,0,0,4,7,1,2,0,1,0,0,7,10,0,0,1,0,0,82,28,"Hawthorn","2020",1
24,"Stratton, Ben",3,3,2,5,0,0,0,1,1,0,0,4,1,2,0,2,4,0,0,1,0,0,83,28,"Hawthorn","2020",1
20,"Wingard, Chad",14,5,6,20,3,0,0,3,0,4,1,2,1,0,3,8,12,2,2,0,2,0,81,28,"Hawthorn","2020",1
5,"Worpel, James",13,5,6,19,0,1,0,4,0,2,2,2,1,1,0,7,14,0,0,2,0,2,78,28,"Hawthorn","2020",1
0,"Rushed",0,0,0,0,0,1,0,0,0,0,0,0,0,0,0,0,0,0,0,0,0,0,0,28,"Hawthorn","2020",1
24,"Adams, Marcus",2,1,3,5,0,0,0,0,2,0,1,1,0,1,0,4,1,1,0,0,0,0,85,-28,"Brisbane Lions","2020",1
31,"Andrews, Harris",9,4,8,17,0,0,0,2,5,0,0,1,2,1,0,8,8,1,0,6,0,0,93,-28,"Brisbane Lions","2020",1
43,"Answerth, Noah",15,4,0,15,0,0,0,2,5,2,0,8,0,2,0,5,8,0,0,1,0,0,84,-28,"Brisbane Lions","2020",1
33,"Bailey, Zac",7,3,6,13,0,0,0,2,1,6,1,3,1,0,0,7,6,0,0,2,0,0,86,-28,"Brisbane Lions","2020",1
7,"Berry, Jarrod",5,2,8,13,0,1,0,0,0,3,0,2,0,1,0,4,9,0,1,2,0,1,82,-28,"Brisbane Lions","2020",1
23,"Cameron, Charlie",7,3,2,9,2,0,0,2,0,2,0,1,1,1,0,4,5,0,1,2,0,0,72,-28,"Brisbane Lions","2020",1
27,"Gardiner, Darcy",5,3,2,7,0,0,0,2,0,0,0,1,0,0,0,4,3,1,0,8,0,0,92,-28,"Brisbane Lions","2020",1
30,"Hipwood, Eric",13,5,3,16,3,0,0,1,0,6,0,5,1,1,0,4,10,0,2,1,0,0,91,-28,"Brisbane Lions","2020",1
17,"Lyons, Jarryd",15,6,7,22,0,0,0,5,1,4,6,2,1,0,0,12,9,0,0,0,0,1,82,-28,"Brisbane Lions","2020",1
12,"Martin, Stefan",6,1,4,10,0,1,12,3,2,0,5,3,0,1,0,6,4,0,1,3,0,0,51,-28,"Brisbane Lions","2020",1
11,"McCarthy, Lincoln",4,3,7,11,0,1,0,4,0,1,0,4,0,2,0,6,4,1,1,0,0,2,89,-28,"Brisbane Lions","2020",1
6,"McCluggage, Hugh",11,3,8,19,0,1,0,0,2,3,1,3,1,0,0,8,12,0,0,0,0,1,79,-28,"Brisbane Lions","2020",1
46,"McInerney, Oscar",3,1,1,4,0,0,10,2,0,1,0,1,0,1,0,1,3,1,0,3,0,0,92,-28,"Brisbane Lions","2020",1
25,"McStay, Daniel",4,3,3,7,2,0,0,2,0,1,0,0,1,0,0,4,3,3,2,2,0,0,78,-28,"Brisbane Lions","2020",1
9,"Neale, Lachie",14,0,12,26,1,2,0,10,0,5,8,4,3,3,0,16,11,0,0,0,1,0,90,-28,"Brisbane Lions","2020",1
16,"Rayner, Cam",5,2,4,9,1,0,0,3,0,4,2,0,0,0,0,3,6,0,0,0,2,0,76,-28,"Brisbane Lions","2020",1
10,"Rich, Daniel",16,4,1,17,0,0,0,0,3,4,0,3,1,1,0,5,9,0,0,3,0,0,85,-28,"Brisbane Lions","2020",1
2,"Robertson, Deven",3,0,4,7,0,0,0,3,0,0,0,1,0,1,0,4,3,0,0,2,0,0,68,-28,"Brisbane Lions","2020",1
5,"Robinson, Mitch",14,7,10,24,0,0,0,2,4,1,2,4,2,0,0,7,17,0,0,2,0,1,81,-28,"Brisbane Lions","2020",1
37,"Starcevich, Brandon",7,4,2,9,0,0,0,0,1,0,0,4,0,1,0,3,7,0,0,2,0,0,83,-28,"Brisbane Lions","2020",1
29,"Witherden, Alex",10,7,3,13,0,0,0,0,3,1,0,2,0,0,0,1,11,0,0,0,0,0,76,-28,"Brisbane Lions","2020",1
15,"Zorko, Dayne",9,2,5,14,0,1,0,5,1,2,2,5,1,3,0,5,10,0,0,1,0,0,85,-28,"Brisbane Lions","2020",1
0,"Rushed",0,0,0,0,0,1,0,0,0,0,0,0,0,0,0,0,0,0,0,0,0,0,0,-28,"Brisbane Lions","2020",1
