"Number","Player","Kicks","Marks","Handballs","Disposals","Goals","Behinds","Hitouts","Tackles","Rebounds50s","Inside50s","Clearances","Clangers","FreesFor","FreesAgainst","BrownlowVotes","ContestedPossessions","UncontestedPossessions","ContestedMarks","MarksInside50","OnePercenters","Bounces","GoalAssists","PercentagePlayed","PointDifference","Team","Season","Round"
41,"Ah Chee, Brendon",4,2,2,6,1,0,0,2,0,0,0,2,1,0,0,2,4,0,1,1,0,0,78,33,"West Coast","2020",6
33,"Ainsworth, Brayden",4,4,8,12,1,0,0,3,1,1,0,2,0,2,0,2,9,0,1,0,0,0,71,33,"West Coast","2020",6
12,"Allen, Oscar",11,5,4,15,1,3,4,4,0,2,1,3,3,1,0,9,8,1,2,4,0,0,80,33,"West Coast","2020",6
37,"Barrass, Tom",9,6,5,14,0,0,0,0,3,2,0,1,0,0,0,4,10,2,0,5,1,0,81,33,"West Coast","2020",6
39,"Cameron, Jarrod",2,0,3,5,0,0,0,2,0,2,0,5,0,3,0,3,2,0,0,1,0,0,59,33,"West Coast","2020",6
28,"Cole, Tom",6,3,4,10,0,0,0,1,0,1,0,0,0,0,0,5,6,0,0,3,0,0,87,33,"West Coast","2020",6
15,"Cripps, Jamie",7,0,3,10,1,0,0,2,0,4,1,3,0,0,0,4,7,0,0,0,1,1,85,33,"West Coast","2020",6
27,"Darling, Jack",5,3,5,10,2,1,0,0,0,3,0,2,0,0,0,6,6,2,1,4,0,1,98,33,"West Coast","2020",6
14,"Duggan, Liam",13,7,4,17,0,0,0,3,4,3,1,6,0,1,0,2,16,0,0,4,0,0,93,33,"West Coast","2020",6
3,"Gaff, Andrew",8,2,4,12,0,0,0,3,0,2,2,2,2,0,0,3,9,0,0,2,0,0,96,33,"West Coast","2020",6
25,"Hurn, Shannon",8,2,2,10,0,0,0,0,2,0,0,0,0,0,0,1,6,0,0,0,0,0,73,33,"West Coast","2020",6
11,"Kelly, Tim",14,5,10,24,0,0,0,4,2,3,8,1,2,0,3,10,14,0,0,1,0,1,81,33,"West Coast","2020",6
17,"Kennedy, Josh",5,4,0,5,1,3,0,1,0,1,0,2,1,2,0,2,4,0,3,1,0,0,84,33,"West Coast","2020",6
20,"McGovern, Jeremy",13,12,4,17,0,0,0,0,1,1,0,1,1,0,0,7,10,4,0,6,0,0,80,33,"West Coast","2020",6
9,"Naitanui, Nic",4,0,3,7,1,0,24,3,1,1,5,4,0,3,0,6,1,0,0,3,0,0,66,33,"West Coast","2020",6
30,"Nelson, Jackson",10,4,6,16,0,0,0,3,0,2,2,1,3,1,0,8,9,0,0,3,0,1,86,33,"West Coast","2020",6
8,"Redden, Jack",10,6,8,18,1,0,0,3,1,2,2,1,2,1,0,6,12,0,0,1,0,0,84,33,"West Coast","2020",6
1,"Ryan, Liam",2,2,3,5,1,0,0,1,0,1,0,0,0,0,0,2,4,1,1,1,0,1,78,33,"West Coast","2020",6
4,"Sheed, Dom",13,7,11,24,0,0,0,4,2,6,5,3,1,2,2,9,16,1,0,1,0,0,87,33,"West Coast","2020",6
5,"Sheppard, Brad",13,9,6,19,0,0,0,0,1,2,0,1,0,0,0,2,16,0,0,0,0,0,100,33,"West Coast","2020",6
2,"Waterman, Jake",4,5,3,7,0,0,0,0,1,2,0,2,1,1,0,2,6,0,0,0,0,0,73,33,"West Coast","2020",6
6,"Yeo, Elliot",15,2,6,21,0,0,0,5,0,8,1,2,0,1,0,5,15,0,0,0,0,1,81,33,"West Coast","2020",6
0,"Totals",180,90,104,284,10,7,28,44,19,49,28,44,17,18,5,100,190,11,9,41,2,6,0,33,"West Coast","2020",6
16,"Brown, Luke",7,4,4,11,0,0,0,3,4,0,0,2,1,1,0,3,8,0,0,1,0,0,74,-33,"Adelaide","2020",6
2,"Crouch, Brad",14,3,9,23,0,0,0,2,1,3,5,5,2,2,0,9,14,0,0,0,0,0,75,-33,"Adelaide","2020",6
5,"Crouch, Matt",16,4,13,29,0,0,0,0,2,6,3,3,3,0,0,10,19,0,0,1,0,0,67,-33,"Adelaide","2020",6
39,"Doedee, Tom",15,11,5,20,0,0,0,0,6,0,1,3,1,1,0,2,16,1,0,1,0,0,94,-33,"Adelaide","2020",6
22,"Frampton, Billy",4,4,4,8,1,0,5,0,0,0,0,1,0,1,0,3,5,1,1,0,0,0,87,-33,"Adelaide","2020",6
17,"Hamill, Will",7,3,5,12,0,0,0,3,3,0,0,5,2,4,0,7,9,0,0,1,0,1,74,-33,"Adelaide","2020",6
15,"Hartigan, Kyle",5,6,5,10,0,0,0,2,0,1,0,0,0,0,0,2,7,0,0,5,0,0,93,-33,"Adelaide","2020",6
1,"Jones, Chayce",6,2,5,11,1,0,0,2,2,0,2,2,4,2,0,5,6,0,0,0,0,0,83,-33,"Adelaide","2020",6
28,"Keays, Ben",7,3,6,13,0,0,0,1,0,1,0,2,0,2,1,2,11,0,0,1,0,0,96,-33,"Adelaide","2020",6
8,"Kelly, Jake",10,8,0,10,0,0,0,2,4,0,0,1,0,0,0,1,9,0,0,2,0,0,98,-33,"Adelaide","2020",6
29,"Laird, Rory",7,5,10,17,0,0,0,2,2,2,1,2,1,1,0,3,14,0,0,1,0,1,77,-33,"Adelaide","2020",6
27,"Lynch, Tom",10,5,7,17,1,0,0,1,0,0,0,1,0,0,0,5,12,0,1,0,0,0,82,-33,"Adelaide","2020",6
14,"Mackay, David",5,2,11,16,0,0,0,2,2,1,1,2,0,0,0,7,9,0,0,0,0,0,76,-33,"Adelaide","2020",6
23,"McAdam, Shane",5,4,2,7,0,1,0,0,0,3,0,2,0,0,0,0,7,0,1,2,0,1,76,-33,"Adelaide","2020",6
35,"McAsey, Fischer",4,3,10,14,0,0,0,1,0,2,0,4,0,0,0,7,7,2,0,1,0,0,86,-33,"Adelaide","2020",6
25,"McHenry, Ned",4,3,6,10,0,0,0,4,0,0,0,0,0,0,0,4,7,0,0,1,0,0,71,-33,"Adelaide","2020",6
36,"McPherson, Andrew",4,5,5,9,0,0,0,2,2,0,1,0,1,0,0,5,5,0,0,5,0,0,74,-33,"Adelaide","2020",6
43,"OBrien, Reilly",10,9,9,19,0,0,12,7,2,0,0,1,0,0,0,7,11,4,0,1,0,0,90,-33,"Adelaide","2020",6
9,"Sloane, Rory",9,5,9,18,1,0,0,2,1,2,2,5,1,1,0,4,13,0,0,0,0,0,78,-33,"Adelaide","2020",6
33,"Smith, Brodie",16,4,15,31,1,1,0,3,4,3,1,4,1,1,0,7,25,0,0,3,1,0,78,-33,"Adelaide","2020",6
18,"Stengle, Tyson",3,2,2,5,0,2,0,2,0,0,0,1,0,0,0,1,4,0,2,0,0,0,76,-33,"Adelaide","2020",6
12,"Talia, Daniel",12,7,2,14,0,0,0,0,3,0,0,2,1,1,0,1,11,0,0,3,0,0,92,-33,"Adelaide","2020",6
0,"Totals",180,102,144,324,5,4,17,41,38,24,17,48,18,17,1,95,229,8,5,29,1,3,0,-33,"Adelaide","2020",6
