"Number","Player","Kicks","Marks","Handballs","Disposals","Goals","Behinds","Hitouts","Tackles","Rebounds50s","Inside50s","Clearances","Clangers","FreesFor","FreesAgainst","BrownlowVotes","ContestedPossessions","UncontestedPossessions","ContestedMarks","MarksInside50","OnePercenters","Bounces","GoalAssists","PercentagePlayed","PointDifference","Team","Season","Round"
4,"Bontempelli, Marcus",5,0,10,15,0,0,0,6,1,2,2,7,1,3,0,7,9,0,0,4,0,0,82,-52,"Western Bulldogs","2020",1
17,"Bruce, Josh",2,1,4,6,1,0,2,2,0,0,2,1,0,0,0,2,4,0,1,2,0,0,90,-52,"Western Bulldogs","2020",1
25,"Cavarra, Ben",2,1,1,3,1,1,0,1,1,1,1,0,1,0,0,2,1,0,0,1,0,0,72,-52,"Western Bulldogs","2020",1
12,"Cordy, Zaine",9,2,0,9,0,0,0,0,5,0,0,0,0,0,0,2,4,0,0,7,1,0,94,-52,"Western Bulldogs","2020",1
9,"Crozier, Hayden",12,4,5,17,0,0,0,7,3,1,1,3,2,2,0,7,10,0,0,5,0,0,84,-52,"Western Bulldogs","2020",1
31,"Dale, Bailey",1,1,5,6,0,0,0,0,0,0,0,2,0,1,0,2,4,0,0,0,0,0,76,-52,"Western Bulldogs","2020",1
35,"Daniel, Caleb",10,3,10,20,0,0,0,1,2,3,1,1,0,0,0,8,11,0,0,2,0,0,78,-52,"Western Bulldogs","2020",1
5,"Dunkley, Josh",9,2,10,19,0,0,0,2,2,1,2,2,0,0,0,8,11,0,0,2,0,0,81,-52,"Western Bulldogs","2020",1
44,"English, Tim",9,4,1,10,0,1,12,0,0,1,1,0,3,0,0,4,6,2,0,5,0,0,78,-52,"Western Bulldogs","2020",1
43,"Gardner, Ryan",8,5,3,11,0,0,0,1,0,0,0,2,0,0,0,0,10,0,0,8,0,0,97,-52,"Western Bulldogs","2020",1
7,"Hunter, Lachie",13,5,9,22,0,0,0,1,2,1,1,5,1,2,0,5,17,0,0,1,1,0,85,-52,"Western Bulldogs","2020",1
39,"Johannisen, Jason",11,4,5,16,0,0,0,0,0,0,2,1,0,0,0,4,13,0,0,1,0,1,82,-52,"Western Bulldogs","2020",1
42,"Keath, Alex",13,9,2,15,0,0,0,1,2,1,1,2,0,1,0,5,10,3,0,3,0,0,85,-52,"Western Bulldogs","2020",1
22,"Lloyd, Sam",6,4,2,8,0,1,0,5,0,1,0,1,2,0,0,2,6,0,0,0,0,0,83,-52,"Western Bulldogs","2020",1
11,"Macrae, Jack",11,5,11,22,0,0,0,5,2,3,4,2,1,1,0,11,10,0,0,1,0,0,82,-52,"Western Bulldogs","2020",1
33,"Naughton, Aaron",1,0,1,2,0,0,0,1,0,0,0,2,0,1,0,1,2,0,0,2,0,0,81,-52,"Western Bulldogs","2020",1
6,"Smith, Bailey",9,5,14,23,0,0,0,7,1,2,2,3,0,1,0,6,18,0,0,0,1,0,79,-52,"Western Bulldogs","2020",1
1,"Suckling, Matt",8,6,3,11,1,0,0,1,0,4,0,3,0,1,0,3,11,0,0,2,0,1,76,-52,"Western Bulldogs","2020",1
3,"Wallis, Mitch",5,2,7,12,1,0,0,1,0,1,0,3,1,2,0,6,7,0,0,0,0,0,80,-52,"Western Bulldogs","2020",1
34,"Williams, Bailey",9,6,8,17,1,0,0,0,3,0,0,3,0,0,0,2,15,0,0,4,1,0,82,-52,"Western Bulldogs","2020",1
10,"Wood, Easton",7,5,7,14,0,0,0,0,4,0,1,3,0,1,0,7,7,2,0,2,0,0,83,-52,"Western Bulldogs","2020",1
2,"Young, Lewis",3,3,1,4,0,1,1,0,1,0,0,4,0,3,0,0,4,0,1,0,0,0,69,-52,"Western Bulldogs","2020",1
0,"Totals",163,77,119,282,5,4,15,42,29,22,21,50,12,19,0,94,190,7,2,52,4,2,0,-52,"Western Bulldogs","2020",1
13,"Adams, Taylor",16,3,10,26,1,0,0,5,1,2,12,4,2,0,0,14,11,0,1,2,1,0,85,52,"Collingwood","2020",1
17,"Brown, Callum",6,1,8,14,1,0,0,3,1,2,1,1,0,0,0,4,10,0,0,2,0,1,76,52,"Collingwood","2020",1
6,"Brown, Tyler",4,0,11,15,0,0,0,3,0,1,1,2,0,0,0,7,9,0,0,1,0,1,71,52,"Collingwood","2020",1
46,"Cox, Mason",5,4,4,9,2,0,8,0,0,0,0,1,2,0,0,5,3,2,1,1,0,0,79,52,"Collingwood","2020",1
25,"Crisp, Jack",12,7,3,15,0,1,0,0,1,6,0,4,1,2,0,2,13,0,0,2,0,1,79,52,"Collingwood","2020",1
26,"Daicos, Josh",7,3,7,14,2,0,0,5,1,1,1,4,0,2,0,4,10,0,0,1,0,0,88,52,"Collingwood","2020",1
2,"de Goey, Jordan",9,4,5,14,1,2,0,1,0,6,4,2,0,0,0,5,9,0,2,1,0,0,84,52,"Collingwood","2020",1
5,"Elliott, Jamie",9,3,4,13,1,1,0,1,0,4,1,4,0,0,0,3,10,0,2,2,0,0,67,52,"Collingwood","2020",1
4,"Grundy, Brodie",8,3,11,19,1,3,35,3,0,5,4,3,4,1,3,13,8,2,2,2,0,2,82,52,"Collingwood","2020",1
32,"Hoskin-Elliott, Will",9,6,6,15,1,0,0,2,0,1,2,0,2,0,0,6,9,0,0,1,0,0,84,52,"Collingwood","2020",1
38,"Howe, Jeremy",16,9,9,25,0,0,0,4,4,1,0,2,1,0,0,11,14,3,0,0,1,0,96,52,"Collingwood","2020",1
44,"Madgen, Jack",4,3,1,5,0,0,0,0,0,0,0,0,0,0,0,0,5,0,0,2,0,0,77,52,"Collingwood","2020",1
37,"Maynard, Brayden",15,6,4,19,0,0,0,2,3,2,1,1,0,1,0,4,12,0,0,2,0,0,86,52,"Collingwood","2020",1
16,"Mayne, Chris",13,7,16,29,0,0,0,0,1,1,0,3,2,0,0,8,20,0,0,2,0,0,85,52,"Collingwood","2020",1
41,"Mihocek, Brody",9,8,2,11,3,0,0,3,0,4,0,1,0,1,2,3,8,2,4,1,0,1,82,52,"Collingwood","2020",1
30,"Moore, Darcy",7,6,4,11,0,0,0,0,1,0,0,1,0,1,0,4,7,1,0,1,0,0,97,52,"Collingwood","2020",1
9,"Noble, John",8,4,11,19,0,0,0,3,0,1,0,4,0,1,0,4,15,0,0,0,0,0,71,52,"Collingwood","2020",1
10,"Pendlebury, Scott",13,4,12,25,0,0,0,4,1,2,3,2,2,1,0,7,17,0,0,3,0,0,83,52,"Collingwood","2020",1
21,"Phillips, Tom",5,0,7,12,0,0,0,3,1,2,1,3,3,1,0,6,6,0,0,0,0,1,84,52,"Collingwood","2020",1
23,"Roughead, Jordan",3,2,2,5,0,0,0,1,0,0,0,0,0,0,0,1,4,1,0,3,0,0,93,52,"Collingwood","2020",1
22,"Sidebottom, Steele",11,9,15,26,0,1,0,4,2,1,2,3,0,0,1,7,21,0,1,2,0,1,77,52,"Collingwood","2020",1
24,"Thomas, Josh",2,2,9,11,0,0,0,2,0,0,1,2,0,1,0,5,7,0,1,1,0,1,74,52,"Collingwood","2020",1
0,"Totals",191,94,161,352,13,8,43,49,17,42,34,47,19,12,6,123,228,11,14,32,2,9,0,52,"Collingwood","2020",1
