"Number","Player","Kicks","Marks","Handballs","Disposals","Goals","Behinds","Hitouts","Tackles","Rebounds50s","Inside50s","Clearances","Clangers","FreesFor","FreesAgainst","BrownlowVotes","ContestedPossessions","UncontestedPossessions","ContestedMarks","MarksInside50","OnePercenters","Bounces","GoalAssists","PercentagePlayed","PointDifference","Team","Season","Round"
36,"Aliir, Aliir",7,2,8,15,0,0,7,3,3,1,2,1,0,0,0,7,8,0,0,5,0,0,78,-6,"Sydney","2020",2
22,"Blakey, Nick",10,3,1,11,1,0,0,2,0,6,0,4,2,1,0,3,7,1,0,0,0,0,78,-6,"Sydney","2020",2
2,"Brand, Kaiden",2,2,5,7,0,0,0,2,0,0,0,1,2,0,0,3,5,1,0,4,0,0,88,-6,"Sydney","2020",2
7,"Cunningham, Harry",11,3,4,15,0,0,0,5,4,4,1,5,2,1,0,5,11,0,0,2,1,0,87,-6,"Sydney","2020",2
34,"Dawson, Jordan",10,6,6,16,0,0,0,0,1,2,0,5,1,2,0,4,12,0,0,0,0,0,86,-6,"Sydney","2020",2
13,"Florent, Oliver",22,4,5,27,0,0,0,2,1,9,7,4,0,2,0,9,17,0,0,2,1,0,83,-6,"Sydney","2020",2
15,"Gray, Sam",4,2,3,7,0,1,0,2,0,0,0,0,1,0,0,3,4,0,0,0,0,0,78,-6,"Sydney","2020",2
9,"Hayward, Will",5,1,4,9,0,1,0,2,0,1,1,2,1,0,0,8,1,1,0,1,0,1,81,-6,"Sydney","2020",2
5,"Heeney, Isaac",4,0,6,10,1,1,0,4,0,2,2,3,1,0,0,6,4,0,0,1,0,1,96,-6,"Sydney","2020",2
29,"Hewett, George",6,4,7,13,0,0,0,3,0,3,2,0,0,0,0,8,5,2,0,1,0,0,59,-6,"Sydney","2020",2
12,"Kennedy, Josh",10,3,9,19,0,0,0,4,1,2,7,1,3,0,0,12,6,1,0,0,0,0,81,-6,"Sydney","2020",2
44,"Lloyd, Jake",15,4,14,29,1,0,0,5,3,1,0,1,0,0,0,4,21,0,0,1,0,1,93,-6,"Sydney","2020",2
30,"McCartin, Tom",4,3,2,6,1,0,0,0,0,1,0,0,0,0,0,3,3,0,0,0,0,0,85,-6,"Sydney","2020",2
27,"McInerney, Justin",6,3,4,10,0,0,0,1,2,1,0,1,1,0,0,4,6,1,0,0,0,0,76,-6,"Sydney","2020",2
14,"Mills, Callum",9,8,8,17,0,0,0,2,2,1,0,3,2,1,0,9,8,2,0,6,0,0,92,-6,"Sydney","2020",2
38,"ORiordan, Colin",5,3,4,9,0,0,0,2,0,1,0,0,1,0,0,2,7,0,0,1,0,0,69,-6,"Sydney","2020",2
11,"Papley, Tom",6,4,5,11,3,1,0,1,0,0,0,3,0,3,1,4,8,0,3,1,0,1,84,-6,"Sydney","2020",2
26,"Parker, Luke",13,5,12,25,0,0,0,4,1,2,5,3,3,1,2,13,12,0,0,1,0,1,83,-6,"Sydney","2020",2
24,"Rampe, Dane",16,8,4,20,0,0,0,1,10,1,0,0,2,0,0,5,13,2,0,4,2,0,86,-6,"Sydney","2020",2
8,"Rowbottom, James",6,1,4,10,0,1,0,3,0,3,2,4,1,2,0,5,7,0,0,1,0,0,82,-6,"Sydney","2020",2
18,"Sinclair, Callum",7,3,6,13,1,0,27,4,4,0,5,0,2,0,0,6,8,0,0,3,0,0,77,-6,"Sydney","2020",2
28,"Taylor, Lewis",10,4,2,12,3,1,0,0,1,3,1,3,0,0,0,3,9,0,1,1,0,0,77,-6,"Sydney","2020",2
0,"Rushed",0,0,0,0,0,1,0,0,0,0,0,0,0,0,0,0,0,0,0,0,0,0,0,-6,"Sydney","2020",2
2,"Bellchambers, Tom",4,1,1,5,0,0,27,2,1,1,1,3,0,1,0,3,2,0,0,3,0,0,86,6,"Essendon","2020",2
12,"Cutler, Tom",8,6,6,14,0,0,0,2,1,1,0,1,0,1,0,2,11,0,0,0,1,0,91,6,"Essendon","2020",2
10,"Francis, Aaron",5,3,6,11,0,0,0,1,3,1,0,6,0,2,0,4,6,2,0,10,2,0,88,6,"Essendon","2020",2
35,"Guelfi, Matt",1,1,4,5,0,0,0,1,1,0,1,1,0,1,0,4,1,1,0,2,0,0,79,6,"Essendon","2020",2
21,"Heppell, Dyson",9,0,8,17,0,0,0,2,1,5,5,1,4,1,0,10,8,0,0,1,0,0,72,6,"Essendon","2020",2
26,"Hooker, Cale",6,7,7,13,0,0,0,2,3,0,0,2,0,1,0,5,7,1,0,6,0,0,85,6,"Essendon","2020",2
18,"Hurley, Michael",10,4,5,15,0,0,0,1,5,0,0,2,1,0,0,3,11,0,0,5,0,0,98,6,"Essendon","2020",2
4,"Langford, Kyle",14,6,8,22,1,1,0,1,1,4,2,2,0,0,0,12,9,2,2,0,1,1,82,6,"Essendon","2020",2
43,"McDonald-Tipungwuti, Anthony",5,1,2,7,2,0,0,2,0,3,1,5,1,3,0,4,3,0,0,1,0,0,81,6,"Essendon","2020",2
1,"McGrath, Andrew",8,2,15,23,0,0,0,7,2,2,6,4,2,1,0,8,16,0,0,1,2,0,84,6,"Essendon","2020",2
44,"McKernan, Shaun",4,2,3,7,3,0,3,3,0,1,0,3,0,3,0,6,3,1,1,4,0,1,84,6,"Essendon","2020",2
7,"Merrett, Zach",14,4,15,29,1,1,0,4,2,2,3,1,1,0,3,11,19,0,0,2,0,0,82,6,"Essendon","2020",2
3,"Parish, Darcy",8,3,9,17,1,1,0,1,0,4,2,4,0,2,0,7,10,1,2,0,0,0,67,6,"Essendon","2020",2
27,"Redman, Mason",7,1,5,12,0,0,0,2,3,0,0,1,0,0,0,2,9,0,0,1,0,0,79,6,"Essendon","2020",2
14,"Ridley, Jordan",10,4,7,17,0,0,0,1,5,1,0,1,1,0,0,6,11,2,0,6,0,0,87,6,"Essendon","2020",2
42,"Saad, Adam",11,1,9,20,0,0,0,1,2,6,2,3,0,1,0,8,9,0,0,4,0,1,85,6,"Essendon","2020",2
9,"Shiel, Dylan",12,0,10,22,0,1,0,2,1,4,8,3,2,2,0,13,11,0,0,1,0,1,74,6,"Essendon","2020",2
5,"Smith, Devon",9,1,8,17,1,2,0,3,0,4,3,2,0,2,0,8,9,1,0,0,0,1,88,6,"Essendon","2020",2
40,"Snelling, Will",4,0,2,6,0,0,0,4,1,2,0,2,1,1,0,4,2,0,0,1,0,1,82,6,"Essendon","2020",2
25,"Stringer, Jake",6,2,1,7,3,0,0,2,0,2,0,3,0,2,0,5,2,2,2,0,0,0,84,6,"Essendon","2020",2
20,"Townsend, Jacob",4,0,1,5,0,0,0,4,1,1,0,1,0,1,0,2,2,0,0,0,0,0,70,6,"Essendon","2020",2
11,"Zaharakis, David",4,1,2,6,0,0,0,1,0,2,0,0,0,0,0,1,5,0,0,2,0,0,73,6,"Essendon","2020",2
0,"Rushed",0,0,0,0,0,1,0,0,0,0,0,0,0,0,0,0,0,0,0,0,0,0,0,6,"Essendon","2020",2
