"Number","Player","Kicks","Marks","Handballs","Disposals","Goals","Behinds","Hitouts","Tackles","Rebounds50s","Inside50s","Clearances","Clangers","FreesFor","FreesAgainst","BrownlowVotes","ContestedPossessions","UncontestedPossessions","ContestedMarks","MarksInside50","OnePercenters","Bounces","GoalAssists","PercentagePlayed","PointDifference","Team","Season","Round"
22,"Breust, Luke",9,5,7,16,1,0,0,3,0,3,1,2,2,0,0,7,10,0,1,2,0,2,76,-36,"Hawthorn","2020",17
9,"Burgoyne, Shaun",6,4,5,11,0,0,0,5,3,2,0,0,0,0,0,5,7,0,0,6,0,0,87,-36,"Hawthorn","2020",17
18,"Ceglar, Jonathon",1,1,8,9,0,0,30,1,2,0,2,1,0,1,0,5,4,1,0,0,0,0,71,-36,"Hawthorn","2020",17
46,"Cousins, James",9,2,10,19,0,0,0,4,1,2,4,4,0,1,0,8,12,0,0,3,1,0,85,-36,"Hawthorn","2020",17
30,"Day, Will",6,2,10,16,0,0,0,1,2,2,0,2,1,0,0,7,8,0,0,3,0,0,91,-36,"Hawthorn","2020",17
8,"Frost, Sam",2,2,4,6,0,0,0,2,0,0,0,0,0,0,0,2,4,0,0,2,0,0,89,-36,"Hawthorn","2020",17
44,"Greaves, Damon",10,6,4,14,0,0,0,3,6,0,1,0,1,0,0,5,9,0,0,0,0,0,82,-36,"Hawthorn","2020",17
19,"Gunston, Jack",6,3,3,9,3,1,0,3,0,2,0,0,0,0,0,4,8,0,1,2,0,0,92,-36,"Hawthorn","2020",17
15,"Hardwick, Blake",9,1,5,14,0,0,0,2,5,3,1,2,0,1,0,3,11,0,0,5,0,0,80,-36,"Hawthorn","2020",17
17,"Howe, Daniel",11,2,2,13,0,0,0,1,0,4,1,0,1,0,0,2,8,0,0,1,0,0,76,-36,"Hawthorn","2020",17
2,"Lewis, Mitch",3,3,4,7,0,1,9,2,0,1,0,2,0,1,0,3,4,1,2,2,0,0,73,-36,"Hawthorn","2020",17
32,"Maginness, Finn",2,0,8,10,0,0,0,5,0,1,2,1,0,1,0,7,4,0,0,1,0,0,77,-36,"Hawthorn","2020",17
7,"McEvoy, Ben",3,3,3,6,0,0,0,4,0,0,0,0,0,0,0,2,4,2,0,6,0,0,85,-36,"Hawthorn","2020",17
3,"Mitchell, Tom",3,1,9,12,0,0,0,7,1,0,2,1,0,0,0,7,5,0,0,0,0,0,81,-36,"Hawthorn","2020",17
36,"Moore, Dylan",6,4,3,9,0,0,0,3,0,1,0,2,0,0,0,1,8,0,0,1,0,0,81,-36,"Hawthorn","2020",17
1,"Morrison, Harry",7,4,9,16,0,0,0,3,3,2,2,0,1,0,0,3,13,0,0,1,0,0,87,-36,"Hawthorn","2020",17
23,"OBrien, Tim",8,5,2,10,1,0,7,2,1,3,0,0,2,0,0,4,6,1,0,3,0,0,92,-36,"Hawthorn","2020",17
10,"OMeara, Jaeger",7,1,10,17,0,0,0,4,2,1,2,1,0,0,0,8,10,0,0,2,0,0,79,-36,"Hawthorn","2020",17
28,"Puopolo, Paul",4,1,5,9,0,0,0,2,0,2,2,2,0,1,0,3,5,0,0,2,0,0,70,-36,"Hawthorn","2020",17
14,"Scrimshaw, Jack",8,4,4,12,0,0,0,5,3,0,0,5,0,2,0,1,8,0,0,3,0,0,81,-36,"Hawthorn","2020",17
26,"Shiels, Liam",12,2,9,21,0,0,0,4,1,3,5,7,0,2,0,11,10,0,0,3,0,1,83,-36,"Hawthorn","2020",17
20,"Wingard, Chad",8,2,6,14,1,0,0,5,0,1,0,1,0,0,0,5,10,0,1,2,0,1,84,-36,"Hawthorn","2020",17
0,"Rushed",0,0,0,0,0,2,0,0,0,0,0,0,0,0,0,0,0,0,0,0,0,0,0,-36,"Hawthorn","2020",17
4,"Bontempelli, Marcus",18,8,10,28,0,0,0,6,1,8,11,3,2,0,3,17,13,2,0,6,0,1,90,36,"Western Bulldogs","2020",17
17,"Bruce, Josh",3,4,8,11,0,1,2,2,1,1,2,0,1,0,0,6,5,2,1,3,0,0,87,36,"Western Bulldogs","2020",17
12,"Cordy, Zaine",7,3,3,10,0,0,0,0,2,0,1,1,0,1,0,4,6,1,0,3,0,0,92,36,"Western Bulldogs","2020",17
9,"Crozier, Hayden",13,5,1,14,0,1,0,0,3,2,0,3,0,0,0,2,11,0,1,7,0,0,82,36,"Western Bulldogs","2020",17
35,"Daniel, Caleb",21,11,7,28,1,0,0,3,3,7,0,4,0,0,2,5,21,0,0,1,0,0,88,36,"Western Bulldogs","2020",17
5,"Dunkley, Josh",8,4,12,20,0,1,0,10,1,3,5,1,0,0,0,9,13,1,0,3,0,1,83,36,"Western Bulldogs","2020",17
15,"Duryea, Taylor",10,3,4,14,0,0,0,6,2,1,2,2,2,0,0,9,5,1,0,3,0,0,76,36,"Western Bulldogs","2020",17
44,"English, Tim",5,4,3,8,2,0,23,5,0,1,3,1,0,0,0,4,6,0,1,4,0,0,87,36,"Western Bulldogs","2020",17
43,"Gardner, Ryan",5,5,4,9,0,0,0,2,1,0,0,1,0,0,0,4,5,0,0,12,0,0,91,36,"Western Bulldogs","2020",17
7,"Hunter, Lachie",9,5,10,19,0,2,0,5,1,2,0,1,0,1,0,1,17,0,1,2,0,0,96,36,"Western Bulldogs","2020",17
39,"Johannisen, Jason",12,2,6,18,2,0,0,0,1,4,0,1,0,0,0,4,14,0,1,1,0,2,83,36,"Western Bulldogs","2020",17
42,"Keath, Alex",6,6,6,12,0,0,0,2,3,1,0,3,0,1,0,4,9,0,0,7,0,0,96,36,"Western Bulldogs","2020",17
21,"Liberatore, Tom",12,4,16,28,0,0,0,9,1,4,3,3,0,1,0,14,13,0,0,0,0,0,84,36,"Western Bulldogs","2020",17
11,"Macrae, Jack",15,1,14,29,0,1,0,3,1,3,2,3,1,0,0,10,19,0,0,2,0,1,84,36,"Western Bulldogs","2020",17
16,"McLean, Toby",1,0,0,1,1,0,0,0,0,0,0,0,1,0,0,1,1,0,0,0,0,0,5,36,"Western Bulldogs","2020",17
33,"Naughton, Aaron",6,6,7,13,2,0,0,3,0,0,0,1,1,1,0,7,7,1,1,0,0,2,88,36,"Western Bulldogs","2020",17
20,"Richards, Ed",6,3,10,16,0,2,0,1,0,1,0,2,0,1,0,8,9,0,1,1,0,0,83,36,"Western Bulldogs","2020",17
6,"Smith, Bailey",11,2,14,25,1,0,0,4,0,1,3,4,0,2,1,8,17,0,0,1,0,0,76,36,"Western Bulldogs","2020",17
37,"Smith, Roarke",6,3,9,15,1,1,0,1,1,0,2,1,1,0,0,7,10,0,1,3,0,0,84,36,"Western Bulldogs","2020",17
1,"Suckling, Matt",5,3,3,8,0,0,0,0,0,0,0,1,0,0,0,2,6,0,1,1,0,0,69,36,"Western Bulldogs","2020",17
3,"Wallis, Mitch",5,2,6,11,1,0,0,2,0,0,0,0,0,0,0,5,6,1,0,0,0,2,89,36,"Western Bulldogs","2020",17
34,"Williams, Bailey",8,1,5,13,0,0,0,1,4,3,0,0,1,0,0,2,11,0,0,1,0,0,83,36,"Western Bulldogs","2020",17
0,"Rushed",0,0,0,0,0,1,0,0,0,0,0,0,0,0,0,0,0,0,0,0,0,0,0,36,"Western Bulldogs","2020",17
