"Number","Player","Kicks","Marks","Handballs","Disposals","Goals","Behinds","Hitouts","Tackles","Rebounds50s","Inside50s","Clearances","Clangers","FreesFor","FreesAgainst","BrownlowVotes","ContestedPossessions","UncontestedPossessions","ContestedMarks","MarksInside50","OnePercenters","Bounces","GoalAssists","PercentagePlayed","PointDifference","Team","Season","Round"
41,"Ah Chee, Brendon",3,3,4,7,0,0,0,1,0,2,0,3,1,0,0,7,4,1,1,2,0,0,71,22,"West Coast","2020",11
12,"Allen, Oscar",5,2,2,7,0,1,7,3,1,1,1,0,1,0,0,4,3,1,0,1,0,1,82,22,"West Coast","2020",11
37,"Barrass, Tom",9,6,1,10,0,0,0,0,1,1,0,0,1,0,0,3,7,2,0,12,0,0,97,22,"West Coast","2020",11
39,"Cameron, Jarrod",1,1,2,3,1,0,0,3,0,0,0,3,0,2,0,1,3,0,1,1,0,0,64,22,"West Coast","2020",11
28,"Cole, Tom",10,5,3,13,0,0,0,3,1,0,0,3,0,0,0,3,10,1,0,2,0,0,84,22,"West Coast","2020",11
15,"Cripps, Jamie",5,2,8,13,1,0,0,3,0,3,0,2,1,1,0,5,7,0,0,1,0,0,90,22,"West Coast","2020",11
27,"Darling, Jack",7,2,5,12,2,1,1,2,0,1,0,0,2,0,0,9,4,2,1,2,0,3,89,22,"West Coast","2020",11
14,"Duggan, Liam",15,11,1,16,0,0,0,1,1,2,1,1,0,1,0,1,16,0,0,3,0,0,85,22,"West Coast","2020",11
3,"Gaff, Andrew",13,4,7,20,1,0,0,2,0,3,4,5,2,0,0,8,12,1,1,0,0,1,92,22,"West Coast","2020",11
25,"Hurn, Shannon",11,5,3,14,0,0,0,2,6,1,0,1,0,0,0,1,9,0,0,3,0,0,79,22,"West Coast","2020",11
11,"Kelly, Tim",13,1,9,22,0,0,0,3,1,7,3,5,0,0,2,10,12,0,0,0,1,1,87,22,"West Coast","2020",11
17,"Kennedy, Josh",5,5,3,8,2,1,0,2,0,1,0,0,0,0,0,2,6,1,3,0,0,0,85,22,"West Coast","2020",11
9,"Naitanui, Nic",3,0,5,8,0,0,41,4,1,0,7,1,4,1,0,9,1,0,0,2,0,0,73,22,"West Coast","2020",11
30,"Nelson, Jackson",16,6,1,17,0,0,0,1,7,0,1,1,0,1,0,5,9,1,0,2,0,0,84,22,"West Coast","2020",11
8,"Redden, Jack",6,0,11,17,0,0,0,2,3,1,4,2,0,0,0,9,7,0,0,1,0,1,86,22,"West Coast","2020",11
35,"Rotham, Josh",11,8,1,12,0,0,0,1,5,0,0,0,0,0,0,3,9,1,0,5,0,0,76,22,"West Coast","2020",11
1,"Ryan, Liam",2,0,1,3,0,0,0,3,0,0,0,1,0,0,0,1,1,0,0,0,0,0,75,22,"West Coast","2020",11
4,"Sheed, Dom",15,2,11,26,2,0,0,5,4,4,9,6,1,1,0,12,14,0,0,0,0,0,76,22,"West Coast","2020",11
5,"Sheppard, Brad",9,5,4,13,1,0,0,1,4,0,0,1,0,0,0,1,12,0,0,5,0,0,94,22,"West Coast","2020",11
13,"Shuey, Luke",8,3,8,16,0,0,0,7,1,4,4,3,1,1,0,6,9,0,0,3,0,0,77,22,"West Coast","2020",11
2,"Waterman, Jake",7,4,2,9,1,2,0,2,0,1,0,1,0,1,0,3,5,1,2,0,0,1,70,22,"West Coast","2020",11
6,"Yeo, Elliot",8,2,13,21,0,1,0,5,0,3,9,4,0,3,3,17,5,0,0,3,0,0,81,22,"West Coast","2020",11
0,"Totals",182,77,105,287,11,6,49,56,36,35,43,43,14,12,5,120,165,12,9,48,1,8,0,22,"West Coast","2020",11
19,"Betts, Eddie",5,0,6,11,0,1,0,4,1,1,1,1,1,0,0,8,1,0,0,1,0,1,89,-22,"Carlton","2020",11
41,"Casboult, Levi",6,4,1,7,0,0,5,2,1,1,0,1,0,1,0,4,2,3,2,0,0,0,93,-22,"Carlton","2020",11
46,"Cottrell, Matthew",7,1,2,9,0,0,0,1,1,6,0,1,1,0,0,3,6,0,0,0,0,0,75,-22,"Carlton","2020",11
9,"Cripps, Patrick",7,2,12,19,0,1,0,8,0,1,8,7,1,2,0,15,5,1,1,1,0,0,91,-22,"Carlton","2020",11
35,"Curnow, Ed",7,1,7,14,0,0,0,4,1,3,1,2,1,1,0,12,5,1,0,1,0,1,89,-22,"Carlton","2020",11
12,"De Koning, Tom",1,0,4,5,0,1,11,3,0,1,2,3,0,2,0,5,0,0,0,1,0,0,87,-22,"Carlton","2020",11
15,"Docherty, Sam",11,4,1,12,0,0,0,3,3,1,0,2,1,0,0,3,9,0,0,4,1,0,86,-22,"Carlton","2020",11
25,"Fisher, Zac",7,1,5,12,4,0,0,5,0,3,1,1,0,0,0,3,8,0,0,0,0,0,81,-22,"Carlton","2020",11
40,"Gibbons, Michael",4,1,2,6,1,0,0,1,0,2,0,2,1,2,0,1,5,0,0,0,2,1,78,-22,"Carlton","2020",11
14,"Jones, Liam",6,6,0,6,0,0,0,3,0,3,0,2,0,2,1,4,3,3,0,17,0,0,92,-22,"Carlton","2020",11
7,"Kennedy, Matthew",12,6,1,13,0,0,0,5,1,4,2,1,1,0,0,6,7,3,0,0,0,0,81,-22,"Carlton","2020",11
21,"Martin, Jack",3,2,0,3,0,0,0,1,0,0,0,0,0,0,0,0,3,0,0,0,0,0,29,-22,"Carlton","2020",11
3,"Murphy, Marc",9,5,14,23,0,0,0,3,0,2,3,1,0,0,0,8,14,0,0,1,0,0,85,-22,"Carlton","2020",11
32,"Newnes, Jack",9,4,3,12,0,1,0,5,2,1,1,1,0,0,0,3,9,0,0,0,0,0,86,-22,"Carlton","2020",11
5,"Petrevski-Seton, Sam",9,2,5,14,0,0,0,4,1,0,1,3,0,2,0,7,7,0,0,1,0,0,74,-22,"Carlton","2020",11
27,"Pittonet, Marc",4,2,5,9,0,0,17,3,0,2,1,3,1,1,0,3,5,1,0,3,0,0,63,-22,"Carlton","2020",11
20,"Plowman, Lachie",5,3,4,9,0,0,0,4,0,1,0,2,1,0,0,6,4,1,0,1,0,0,95,-22,"Carlton","2020",11
43,"Setterfield, Will",10,0,5,15,1,0,0,7,2,4,5,2,3,0,0,7,8,0,0,3,0,0,85,-22,"Carlton","2020",11
6,"Simpson, Kade",8,4,5,13,0,0,0,0,3,1,0,0,0,0,0,1,10,0,0,0,0,0,81,-22,"Carlton","2020",11
18,"Walsh, Sam",9,5,11,20,1,0,0,4,1,3,5,2,0,1,0,10,10,1,0,1,0,0,80,-22,"Carlton","2020",11
23,"Weitering, Jacob",5,3,2,7,0,0,0,1,3,1,0,1,0,0,0,2,4,0,0,1,0,0,96,-22,"Carlton","2020",11
31,"Williamson, Tom",8,5,5,13,0,1,0,6,1,3,1,2,0,0,0,5,9,0,0,2,0,0,83,-22,"Carlton","2020",11
0,"Rushed",0,0,0,0,0,3,0,0,0,0,0,0,0,0,0,0,0,0,0,0,0,0,0,-22,"Carlton","2020",11
