"Number","Player","Kicks","Marks","Handballs","Disposals","Goals","Behinds","Hitouts","Tackles","Rebounds50s","Inside50s","Clearances","Clangers","FreesFor","FreesAgainst","BrownlowVotes","ContestedPossessions","UncontestedPossessions","ContestedMarks","MarksInside50","OnePercenters","Bounces","GoalAssists","PercentagePlayed","PointDifference","Team","Season","Round"
4,"Ah Chee, Callum",9,10,4,13,0,0,0,2,5,1,0,3,0,0,0,4,8,3,1,2,0,0,84,17,"Brisbane Lions","2020",18
33,"Bailey, Zac",6,1,6,12,0,0,0,1,1,1,3,5,1,1,0,11,3,0,0,0,0,1,70,17,"Brisbane Lions","2020",18
14,"Birchall, Grant",11,7,2,13,0,0,0,0,2,1,1,0,1,0,0,4,11,0,0,5,0,0,73,17,"Brisbane Lions","2020",18
23,"Cameron, Charlie",7,0,4,11,1,2,0,5,0,2,0,3,1,1,0,4,7,0,0,0,1,0,83,17,"Brisbane Lions","2020",18
18,"Coleman, Keidean",4,1,2,6,1,0,0,6,0,1,1,2,1,2,0,5,3,0,0,2,0,0,80,17,"Brisbane Lions","2020",18
28,"Ellis-Yolmen, Cam",3,0,5,8,0,0,0,4,0,1,1,2,1,1,0,5,3,0,0,2,0,0,68,17,"Brisbane Lions","2020",18
27,"Gardiner, Darcy",5,3,4,9,0,0,0,1,1,2,0,1,0,0,0,3,6,0,0,8,0,1,97,17,"Brisbane Lions","2020",18
30,"Hipwood, Eric",6,2,3,9,1,0,0,1,0,3,0,1,0,0,0,5,5,1,0,2,0,1,96,17,"Brisbane Lions","2020",18
35,"Lester, Ryan",8,1,4,12,0,0,0,3,2,0,0,2,2,1,0,3,6,1,0,3,0,0,82,17,"Brisbane Lions","2020",18
17,"Lyons, Jarryd",13,2,7,20,0,0,0,1,0,5,6,3,0,0,0,8,9,0,0,0,0,0,79,17,"Brisbane Lions","2020",18
12,"Martin, Stefan",3,1,5,8,0,0,13,3,0,2,2,0,1,0,0,6,2,1,0,0,0,1,56,17,"Brisbane Lions","2020",18
11,"McCarthy, Lincoln",6,2,3,9,2,1,0,2,1,3,1,2,1,1,0,2,8,0,1,2,0,0,78,17,"Brisbane Lions","2020",18
6,"McCluggage, Hugh",11,5,6,17,0,3,0,4,2,3,2,2,1,1,0,8,9,0,1,1,0,0,81,17,"Brisbane Lions","2020",18
46,"McInerney, Oscar",4,1,4,8,0,0,24,1,4,1,5,2,0,0,0,10,1,1,0,5,0,0,75,17,"Brisbane Lions","2020",18
25,"McStay, Daniel",3,1,2,5,0,0,4,3,0,3,0,1,0,0,0,3,2,0,0,2,0,0,90,17,"Brisbane Lions","2020",18
9,"Neale, Lachie",15,3,14,29,0,2,0,1,2,9,5,4,2,0,3,16,12,1,1,0,0,0,93,17,"Brisbane Lions","2020",18
40,"Payne, Jack",2,1,0,2,0,0,0,0,0,1,0,2,0,0,0,1,2,0,0,7,0,0,93,17,"Brisbane Lions","2020",18
16,"Rayner, Cam",5,1,6,11,2,0,0,7,0,3,2,1,1,0,0,6,4,0,1,0,0,1,83,17,"Brisbane Lions","2020",18
10,"Rich, Daniel",15,2,7,22,2,0,0,1,2,5,1,0,3,0,2,10,9,0,0,1,0,0,87,17,"Brisbane Lions","2020",18
5,"Robinson, Mitch",12,1,2,14,2,1,0,3,2,5,5,4,3,1,0,8,6,0,1,0,0,0,82,17,"Brisbane Lions","2020",18
37,"Starcevich, Brandon",12,5,4,16,0,0,0,1,2,3,1,1,1,0,0,9,7,1,0,3,0,1,84,17,"Brisbane Lions","2020",18
15,"Zorko, Dayne",13,5,1,14,0,1,0,4,1,6,4,1,0,0,0,7,6,0,1,3,0,2,87,17,"Brisbane Lions","2020",18
0,"Rushed",0,0,0,0,0,2,0,0,0,0,0,0,0,0,0,0,0,0,0,0,0,0,0,17,"Brisbane Lions","2020",18
19,"Betts, Eddie",4,2,3,7,0,0,0,2,0,1,1,3,0,1,0,4,3,1,1,0,0,1,80,-17,"Carlton","2020",18
41,"Casboult, Levi",1,0,1,2,1,0,5,3,0,0,0,2,0,1,0,2,0,0,0,1,0,0,87,-17,"Carlton","2020",18
9,"Cripps, Patrick",3,0,8,11,0,0,0,2,0,0,2,5,0,1,0,3,7,0,0,1,0,0,51,-17,"Carlton","2020",18
28,"Cuningham, David",7,4,7,14,0,0,0,9,1,3,1,1,1,0,0,8,6,0,0,0,0,1,84,-17,"Carlton","2020",18
35,"Curnow, Ed",14,3,5,19,1,0,0,4,4,5,2,3,0,1,0,5,12,0,0,1,0,0,90,-17,"Carlton","2020",18
12,"De Koning, Tom",2,0,1,3,0,0,2,4,1,0,0,1,1,1,0,4,0,0,0,1,0,0,74,-17,"Carlton","2020",18
40,"Gibbons, Michael",9,5,3,12,1,0,0,1,0,3,2,3,1,2,0,3,8,0,2,3,0,0,76,-17,"Carlton","2020",18
14,"Jones, Liam",9,6,0,9,0,0,0,1,3,1,0,1,0,1,0,2,7,1,1,13,0,0,97,-17,"Carlton","2020",18
7,"Kennedy, Matthew",10,5,13,23,0,0,0,4,0,2,6,2,0,0,0,11,12,0,0,0,0,1,68,-17,"Carlton","2020",18
21,"Martin, Jack",6,1,5,11,0,0,0,6,2,1,2,4,0,1,0,7,4,0,0,2,0,0,75,-17,"Carlton","2020",18
11,"McGovern, Mitch",5,3,1,6,0,0,0,1,1,1,0,1,1,1,0,2,5,0,0,5,0,0,80,-17,"Carlton","2020",18
10,"McKay, Harry",6,5,0,6,3,0,0,2,0,1,0,2,1,1,0,4,2,3,3,1,0,0,89,-17,"Carlton","2020",18
3,"Murphy, Marc",7,3,4,11,1,0,0,6,1,2,2,3,0,2,0,4,7,0,1,1,0,0,81,-17,"Carlton","2020",18
32,"Newnes, Jack",11,4,2,13,1,0,0,4,2,0,1,3,0,0,0,3,9,0,2,1,0,1,86,-17,"Carlton","2020",18
5,"Petrevski-Seton, Sam",15,5,2,17,0,0,0,3,8,1,1,1,1,0,0,8,9,0,0,0,0,1,77,-17,"Carlton","2020",18
27,"Pittonet, Marc",7,2,4,11,0,0,29,1,1,3,4,1,0,0,0,7,3,1,0,4,0,0,85,-17,"Carlton","2020",18
20,"Plowman, Lachie",8,2,1,9,0,0,0,4,3,2,1,0,2,0,0,6,2,1,0,3,0,0,93,-17,"Carlton","2020",18
29,"Polson, Cameron",4,1,2,6,0,0,0,2,2,1,0,3,0,1,0,2,4,1,0,1,0,0,73,-17,"Carlton","2020",18
6,"Simpson, Kade",16,2,3,19,1,0,0,3,7,2,1,4,0,1,0,2,8,0,0,2,1,0,90,-17,"Carlton","2020",18
18,"Walsh, Sam",12,1,19,31,0,0,0,3,1,5,6,10,0,4,1,21,13,0,0,1,0,1,85,-17,"Carlton","2020",18
23,"Weitering, Jacob",7,1,2,9,0,0,0,1,6,0,2,3,0,0,0,4,3,0,0,7,0,0,100,-17,"Carlton","2020",18
31,"Williamson, Tom",10,2,4,14,1,0,0,5,5,3,5,5,1,1,0,7,7,0,0,0,0,2,82,-17,"Carlton","2020",18
0,"Rushed",0,0,0,0,0,1,0,0,0,0,0,0,0,0,0,0,0,0,0,0,0,0,0,-17,"Carlton","2020",18
