"Number","Player","Kicks","Marks","Handballs","Disposals","Goals","Behinds","Hitouts","Tackles","Rebounds50s","Inside50s","Clearances","Clangers","FreesFor","FreesAgainst","BrownlowVotes","ContestedPossessions","UncontestedPossessions","ContestedMarks","MarksInside50","OnePercenters","Bounces","GoalAssists","PercentagePlayed","PointDifference","Team","Season","Round"
2,"Bellchambers, Tom",5,1,2,7,0,0,29,3,0,0,2,1,3,1,0,4,3,0,0,4,0,0,87,6,"Essendon","2020",1
12,"Cutler, Tom",11,3,6,17,0,0,0,1,3,4,1,2,1,0,0,5,11,0,0,3,0,1,87,6,"Essendon","2020",1
13,"Fantasia, Orazio",4,5,2,6,1,0,0,1,0,0,0,1,0,1,0,0,6,0,2,0,0,0,79,6,"Essendon","2020",1
10,"Francis, Aaron",5,4,5,10,0,0,0,2,0,1,0,1,0,0,0,1,8,0,0,4,0,0,78,6,"Essendon","2020",1
35,"Guelfi, Matt",9,4,7,16,0,0,0,2,3,3,0,2,1,1,0,3,14,0,0,3,0,0,80,6,"Essendon","2020",1
18,"Hurley, Michael",12,11,5,17,0,0,0,0,3,1,0,3,0,0,0,2,13,0,0,5,0,0,100,6,"Essendon","2020",1
4,"Langford, Kyle",9,8,9,18,0,1,0,3,1,2,1,1,0,0,0,6,12,1,1,0,0,0,86,6,"Essendon","2020",1
15,"Laverde, Jayden",4,4,1,5,1,0,0,1,0,2,0,2,1,2,0,1,5,0,1,0,0,1,69,6,"Essendon","2020",1
43,"McDonald-Tipungwuti, Anthony",4,1,7,11,0,0,0,5,0,2,1,2,0,0,0,5,6,0,0,3,0,1,76,6,"Essendon","2020",1
1,"McGrath, Andrew",12,1,11,23,0,0,0,8,0,5,3,2,2,1,0,11,12,0,0,0,0,0,78,6,"Essendon","2020",1
7,"Merrett, Zach",9,4,13,22,0,0,0,3,1,3,4,1,1,1,0,10,13,0,0,5,0,0,83,6,"Essendon","2020",1
3,"Parish, Darcy",6,1,6,12,0,0,0,1,0,1,3,1,0,0,0,5,8,0,0,2,0,0,66,6,"Essendon","2020",1
27,"Redman, Mason",12,9,5,17,0,0,0,3,2,1,0,3,0,1,0,2,14,0,0,1,0,0,84,6,"Essendon","2020",1
14,"Ridley, Jordan",12,9,4,16,0,0,0,2,2,0,0,0,1,0,0,3,13,1,0,7,0,0,90,6,"Essendon","2020",1
42,"Saad, Adam",15,6,13,28,0,1,0,3,6,2,0,3,1,1,2,4,22,0,0,3,3,0,78,6,"Essendon","2020",1
9,"Shiel, Dylan",21,5,14,35,0,1,0,3,2,2,9,2,3,0,3,13,19,0,0,2,3,1,86,6,"Essendon","2020",1
5,"Smith, Devon",9,2,6,15,1,1,0,5,1,3,2,2,1,1,0,8,8,0,0,1,1,1,81,6,"Essendon","2020",1
40,"Snelling, Will",4,4,13,17,1,0,0,4,0,1,0,1,0,0,0,4,13,0,0,1,0,0,80,6,"Essendon","2020",1
25,"Stringer, Jake",9,5,0,9,2,3,0,4,0,5,1,2,0,0,0,3,6,0,2,1,0,0,85,6,"Essendon","2020",1
20,"Townsend, Jacob",4,3,5,9,3,0,0,3,0,0,0,1,2,1,0,7,3,3,3,0,0,1,77,6,"Essendon","2020",1
11,"Zaharakis, David",9,5,8,17,0,0,0,1,1,3,1,3,0,0,0,3,15,0,0,1,1,0,80,6,"Essendon","2020",1
30,"Zerk-Thatcher, Brandon",7,3,5,12,0,0,0,0,1,0,0,1,0,0,0,1,10,0,0,4,0,0,91,6,"Essendon","2020",1
0,"Rushed",0,0,0,0,0,2,0,0,0,0,0,0,0,0,0,0,0,0,0,0,0,0,0,6,"Essendon","2020",1
11,"Aish, James",8,2,4,12,0,0,0,1,2,4,0,0,1,0,0,1,12,0,0,3,0,1,87,-6,"Fremantle","2020",1
41,"Banfield, Bailey",5,3,7,12,0,0,0,2,0,2,2,2,0,0,0,6,6,0,0,1,0,0,81,-6,"Fremantle","2020",1
34,"Bewley, Brett",16,8,4,20,0,0,0,2,7,1,0,2,1,0,0,4,16,0,0,0,0,0,85,-6,"Fremantle","2020",1
8,"Brayshaw, Andrew",7,1,7,14,0,2,0,1,1,0,3,0,0,0,0,7,9,0,0,3,0,0,65,-6,"Fremantle","2020",1
5,"Cerra, Adam",4,4,11,15,0,1,0,1,0,2,2,3,1,3,0,3,12,0,0,2,0,0,73,-6,"Fremantle","2020",1
33,"Colyer, Travis",10,4,3,13,1,2,0,1,0,2,0,1,0,0,0,4,9,0,2,0,0,0,80,-6,"Fremantle","2020",1
6,"Conca, Reece",10,4,5,15,0,0,0,4,4,0,1,2,0,0,0,6,10,0,0,1,0,0,86,-6,"Fremantle","2020",1
36,"Cox, Brennan",6,3,4,10,0,0,0,1,2,1,0,4,1,3,0,2,9,1,0,4,0,0,81,-6,"Fremantle","2020",1
12,"Crowden, Mitch",7,2,3,10,0,0,0,2,1,3,1,4,1,3,0,3,6,0,0,0,0,1,56,-6,"Fremantle","2020",1
4,"Darcy, Sean",1,2,5,6,0,0,21,0,0,0,2,2,0,2,0,6,2,1,1,5,0,0,87,-6,"Fremantle","2020",1
44,"Duman, Taylin",7,5,3,10,0,0,0,3,4,0,0,2,0,0,0,4,6,0,0,5,1,0,87,-6,"Fremantle","2020",1
7,"Fyfe, Nat",10,4,16,26,0,0,0,4,2,1,1,4,2,1,0,10,14,1,0,6,0,0,95,-6,"Fremantle","2020",1
15,"Hughes, Ethan",5,3,2,7,0,0,0,0,1,0,0,0,0,0,0,2,5,0,0,1,0,0,73,-6,"Fremantle","2020",1
37,"Lobb, Rory",13,7,2,15,2,0,9,2,1,3,1,2,0,0,1,7,9,4,0,3,0,1,95,-6,"Fremantle","2020",1
2,"Logue, Griffin",2,1,4,6,0,0,0,0,0,0,0,1,0,0,0,3,4,0,0,5,0,0,100,-6,"Fremantle","2020",1
23,"McCarthy, Cam",8,3,3,11,0,1,0,1,2,1,0,2,1,0,0,4,8,0,0,1,0,0,69,-6,"Fremantle","2020",1
13,"Ryan, Luke",9,1,2,11,0,0,0,0,2,0,0,2,0,2,0,2,6,0,0,3,0,0,83,-6,"Fremantle","2020",1
28,"Schultz, Lachie",6,4,3,9,0,0,0,2,1,4,0,1,1,0,0,3,6,0,0,0,0,0,77,-6,"Fremantle","2020",1
27,"Sturt, Sam",5,3,5,10,3,0,0,2,0,2,0,0,1,0,0,4,6,1,2,0,0,0,82,-6,"Fremantle","2020",1
20,"Taberner, Matthew",6,5,4,10,1,2,0,0,0,1,0,5,0,3,0,5,5,3,3,1,0,0,95,-6,"Fremantle","2020",1
18,"Tucker, Darcy",10,6,13,23,0,0,0,2,0,3,3,5,0,0,0,7,18,0,0,1,0,2,77,-6,"Fremantle","2020",1
10,"Walters, Michael",11,4,10,21,1,0,0,2,2,6,5,3,1,0,0,9,11,0,1,1,1,2,87,-6,"Fremantle","2020",1
0,"Rushed",0,0,0,0,0,1,0,0,0,0,0,0,0,0,0,0,0,0,0,0,0,0,0,-6,"Fremantle","2020",1
