"Number","Player","Kicks","Marks","Handballs","Disposals","Goals","Behinds","Hitouts","Tackles","Rebounds50s","Inside50s","Clearances","Clangers","FreesFor","FreesAgainst","BrownlowVotes","ContestedPossessions","UncontestedPossessions","ContestedMarks","MarksInside50","OnePercenters","Bounces","GoalAssists","PercentagePlayed","PointDifference","Team","Season","Round"
22,"Breust, Luke",6,1,7,13,0,2,0,3,1,3,0,1,0,0,0,7,6,1,1,1,1,3,78,-16,"Hawthorn","2020",14
18,"Ceglar, Jonathon",4,2,9,13,0,0,30,0,2,1,4,4,0,3,0,9,4,2,0,0,0,1,83,-16,"Hawthorn","2020",14
46,"Cousins, James",10,3,9,19,1,1,0,2,3,4,3,1,2,1,0,6,14,0,0,2,0,0,78,-16,"Hawthorn","2020",14
30,"Day, Will",7,2,9,16,0,0,0,3,1,0,0,1,2,0,0,2,14,0,0,5,0,0,89,-16,"Hawthorn","2020",14
8,"Frost, Sam",5,2,7,12,0,0,0,2,3,0,0,0,2,0,0,5,7,0,0,3,0,0,94,-16,"Hawthorn","2020",14
13,"Glass, Conor",9,3,4,13,0,0,0,3,1,0,1,2,0,0,0,2,12,0,0,4,1,0,74,-16,"Hawthorn","2020",14
19,"Gunston, Jack",7,3,4,11,2,1,0,1,0,1,1,1,1,1,0,8,3,2,2,3,0,1,94,-16,"Hawthorn","2020",14
41,"Hanrahan, Oliver",6,1,5,11,0,2,0,1,1,2,0,3,1,1,0,5,7,0,1,1,0,0,77,-16,"Hawthorn","2020",14
15,"Hardwick, Blake",9,5,5,14,0,0,0,1,6,1,0,1,0,0,0,0,11,0,0,3,0,0,86,-16,"Hawthorn","2020",14
27,"Hartley, Michael",10,2,4,14,0,0,0,3,6,0,0,2,1,1,0,3,7,1,0,5,0,0,100,-16,"Hawthorn","2020",14
17,"Howe, Daniel",8,4,3,11,2,0,0,2,1,2,1,1,1,1,0,4,8,0,0,4,0,1,85,-16,"Hawthorn","2020",14
29,"Jiath, Changkuoth",6,2,5,11,0,0,0,1,2,0,0,1,0,0,0,5,7,0,0,3,0,0,73,-16,"Hawthorn","2020",14
7,"McEvoy, Ben",6,7,10,16,0,0,5,2,1,0,0,0,2,0,0,12,5,6,0,5,0,0,87,-16,"Hawthorn","2020",14
38,"Minchington, Darren",5,1,1,6,1,0,0,1,1,2,0,1,0,0,0,1,5,0,0,0,2,0,76,-16,"Hawthorn","2020",14
3,"Mitchell, Tom",7,3,20,27,0,0,0,7,1,2,6,1,1,1,0,12,15,0,0,0,0,0,92,-16,"Hawthorn","2020",14
23,"OBrien, Tim",5,3,2,7,1,1,1,0,0,2,1,1,1,1,0,5,3,1,1,3,0,0,84,-16,"Hawthorn","2020",14
25,"Patton, Jonathon",0,0,1,1,0,0,1,0,0,0,0,1,0,0,0,1,0,0,0,0,0,0,16,-16,"Hawthorn","2020",14
14,"Scrimshaw, Jack",12,9,10,22,0,0,0,1,1,1,0,3,0,1,0,3,19,0,0,3,0,0,87,-16,"Hawthorn","2020",14
21,"Scully, Tom",6,1,9,15,2,0,0,1,0,1,0,2,0,0,0,4,11,0,0,0,0,0,90,-16,"Hawthorn","2020",14
26,"Shiels, Liam",4,3,5,9,0,0,0,0,0,3,0,2,0,0,0,2,7,0,0,0,0,0,83,-16,"Hawthorn","2020",14
20,"Wingard, Chad",5,3,3,8,0,0,0,2,0,5,0,2,1,1,0,2,7,0,0,1,2,0,87,-16,"Hawthorn","2020",14
5,"Worpel, James",15,6,8,23,1,3,0,6,1,4,2,5,1,2,0,6,17,0,2,0,0,0,87,-16,"Hawthorn","2020",14
0,"Rushed",0,0,0,0,0,1,0,0,0,0,0,0,0,0,0,0,0,0,0,0,0,0,0,-16,"Hawthorn","2020",14
37,"Clarke, Dylan",2,1,3,5,2,0,0,2,0,1,1,1,0,0,0,1,5,0,1,2,0,0,80,16,"Essendon","2020",14
6,"Daniher, Joe",13,10,1,14,3,3,0,0,0,3,0,3,2,3,1,5,9,3,5,2,0,1,80,16,"Essendon","2020",14
8,"Gleeson, Martin",5,3,8,13,0,0,0,2,3,0,0,0,0,0,0,5,8,0,0,2,0,0,87,16,"Essendon","2020",14
35,"Guelfi, Matt",4,2,3,7,0,0,0,0,4,0,0,1,0,1,0,2,6,0,0,0,0,0,84,16,"Essendon","2020",14
33,"Ham, Brayden",1,1,4,5,0,0,0,1,0,1,0,0,0,0,0,3,3,0,0,0,0,0,81,16,"Essendon","2020",14
26,"Hooker, Cale",5,3,12,17,2,0,0,2,0,0,0,5,3,2,0,9,7,1,1,2,0,0,88,16,"Essendon","2020",14
4,"Langford, Kyle",11,2,16,27,1,1,0,2,1,4,3,5,1,2,0,5,22,0,0,1,1,0,83,16,"Essendon","2020",14
43,"McDonald-Tipungwuti, Anthony",3,2,2,5,2,0,0,3,0,2,1,0,0,0,0,3,2,1,1,2,0,0,86,16,"Essendon","2020",14
1,"McGrath, Andrew",15,2,17,32,0,0,0,3,3,5,10,5,1,1,2,16,18,0,0,1,3,0,82,16,"Essendon","2020",14
7,"Merrett, Zach",15,3,21,36,0,1,0,6,3,6,1,3,1,0,3,4,32,0,1,1,1,0,79,16,"Essendon","2020",14
22,"Mosquito, Irving",4,3,4,8,0,1,0,1,0,1,0,1,0,1,0,2,6,0,0,0,0,0,60,16,"Essendon","2020",14
3,"Parish, Darcy",11,1,13,24,0,1,0,5,0,5,4,3,0,0,0,8,16,0,1,1,0,1,79,16,"Essendon","2020",14
34,"Phillips, Andrew",1,0,6,7,0,0,21,2,0,0,6,2,1,1,0,10,2,0,0,10,0,1,84,16,"Essendon","2020",14
27,"Redman, Mason",2,0,6,8,0,0,0,1,0,0,1,1,1,1,0,3,5,0,0,3,0,0,75,16,"Essendon","2020",14
14,"Ridley, Jordan",9,3,7,16,0,0,0,0,2,0,0,3,0,1,0,2,11,0,0,6,0,0,100,16,"Essendon","2020",14
42,"Saad, Adam",11,3,8,19,0,0,0,3,2,5,1,4,1,0,0,6,12,0,0,4,1,1,88,16,"Essendon","2020",14
9,"Shiel, Dylan",12,2,13,25,0,0,0,7,0,7,5,2,0,1,0,8,16,0,0,0,0,2,81,16,"Essendon","2020",14
5,"Smith, Devon",11,4,12,23,0,0,0,1,4,1,3,2,1,0,0,6,14,0,0,0,0,0,86,16,"Essendon","2020",14
40,"Snelling, Will",0,1,12,12,0,0,0,7,0,0,2,2,1,1,0,8,5,0,0,2,0,1,86,16,"Essendon","2020",14
17,"Stewart, James",6,4,2,8,1,0,1,1,0,3,2,1,1,1,0,4,5,1,1,1,0,1,71,16,"Essendon","2020",14
25,"Stringer, Jake",5,1,2,7,2,0,0,1,0,1,0,1,0,0,0,3,5,0,1,2,0,1,84,16,"Essendon","2020",14
30,"Zerk-Thatcher, Brandon",5,3,2,7,0,0,0,0,2,1,0,0,0,0,0,3,4,1,0,2,0,0,76,16,"Essendon","2020",14
0,"Rushed",0,0,0,0,0,2,0,0,0,0,0,0,0,0,0,0,0,0,0,0,0,0,0,16,"Essendon","2020",14
