"Number","Player","Kicks","Marks","Handballs","Disposals","Goals","Behinds","Hitouts","Tackles","Rebounds50s","Inside50s","Clearances","Clangers","FreesFor","FreesAgainst","BrownlowVotes","ContestedPossessions","UncontestedPossessions","ContestedMarks","MarksInside50","OnePercenters","Bounces","GoalAssists","PercentagePlayed","PointDifference","Team","Season","Round"
19,"Betts, Eddie",4,1,5,9,0,2,0,4,0,1,0,2,0,0,0,5,3,0,0,0,0,1,88,-16,"Carlton","2020",17
41,"Casboult, Levi",9,5,5,14,0,1,3,5,1,0,1,3,2,1,0,10,5,1,0,1,0,0,93,-16,"Carlton","2020",17
9,"Cripps, Patrick",6,2,10,16,1,1,0,5,1,2,6,2,2,0,0,12,4,1,1,2,0,0,91,-16,"Carlton","2020",17
28,"Cuningham, David",5,4,9,14,0,1,0,3,0,3,1,1,0,0,0,5,9,1,0,2,3,0,71,-16,"Carlton","2020",17
35,"Curnow, Ed",9,1,7,16,0,0,0,7,1,3,5,1,1,0,0,11,6,0,0,0,0,0,89,-16,"Carlton","2020",17
12,"De Koning, Tom",7,2,3,10,0,0,19,1,2,4,4,2,0,1,0,6,4,1,0,2,0,1,89,-16,"Carlton","2020",17
15,"Docherty, Sam",2,1,1,3,0,0,0,0,0,0,0,1,0,0,0,1,2,0,0,0,0,0,17,-16,"Carlton","2020",17
25,"Fisher, Zac",5,0,3,8,0,1,0,0,0,0,1,0,1,0,0,2,4,0,0,2,1,1,61,-16,"Carlton","2020",17
40,"Gibbons, Michael",10,5,7,17,0,0,0,3,0,5,2,2,1,0,0,5,12,0,0,1,0,3,90,-16,"Carlton","2020",17
14,"Jones, Liam",11,5,1,12,0,0,0,1,4,1,0,1,0,0,0,5,5,2,0,16,0,0,93,-16,"Carlton","2020",17
11,"McGovern, Mitch",6,3,2,8,1,0,0,1,0,3,0,4,0,0,0,6,2,2,1,0,0,1,84,-16,"Carlton","2020",17
10,"McKay, Harry",6,6,2,8,4,1,0,2,0,1,0,1,0,1,2,5,3,5,5,3,0,0,94,-16,"Carlton","2020",17
3,"Murphy, Marc",11,8,4,15,0,0,0,2,2,1,3,1,0,0,0,4,11,0,1,1,0,0,72,-16,"Carlton","2020",17
32,"Newnes, Jack",8,7,6,14,0,0,0,4,1,4,0,1,1,1,0,4,12,0,0,2,0,0,86,-16,"Carlton","2020",17
4,"OBrien, Lochie",5,2,2,7,1,0,0,2,1,0,1,1,0,1,0,2,5,0,1,0,0,0,67,-16,"Carlton","2020",17
5,"Petrevski-Seton, Sam",12,4,3,15,0,0,0,2,2,0,0,2,1,1,0,6,12,0,0,0,0,0,86,-16,"Carlton","2020",17
20,"Plowman, Lachie",8,4,4,12,0,1,0,4,1,2,0,5,0,1,0,3,8,1,0,1,0,0,94,-16,"Carlton","2020",17
43,"Setterfield, Will",10,2,6,16,1,0,0,9,1,4,4,2,3,0,0,8,8,1,0,0,0,0,81,-16,"Carlton","2020",17
6,"Simpson, Kade",16,6,3,19,0,0,0,0,4,6,1,3,1,2,0,3,13,0,0,3,3,1,82,-16,"Carlton","2020",17
18,"Walsh, Sam",12,6,10,22,0,0,0,6,1,4,3,4,0,1,0,5,17,0,0,0,0,0,87,-16,"Carlton","2020",17
23,"Weitering, Jacob",9,4,2,11,0,0,0,4,7,0,0,1,1,0,0,4,3,1,0,14,0,0,100,-16,"Carlton","2020",17
31,"Williamson, Tom",5,4,2,7,0,0,0,0,2,0,0,2,0,0,0,2,5,0,0,1,0,0,83,-16,"Carlton","2020",17
0,"Totals",176,82,97,273,8,8,22,65,31,44,32,42,14,10,2,114,153,16,9,51,7,8,0,-16,"Carlton","2020",17
16,"Brown, Luke",11,5,3,14,0,0,0,1,3,3,0,1,0,0,0,6,8,0,0,2,0,2,89,16,"Adelaide","2020",17
41,"Butts, Jordon",4,2,2,6,0,0,0,1,2,1,0,0,1,0,0,3,3,0,0,6,0,0,93,16,"Adelaide","2020",17
2,"Crouch, Brad",12,3,6,18,1,0,0,4,1,2,3,2,1,0,0,4,12,0,0,0,0,0,72,16,"Adelaide","2020",17
5,"Crouch, Matt",11,2,17,28,0,1,0,3,3,1,4,4,1,3,0,7,21,0,0,0,0,0,73,16,"Adelaide","2020",17
32,"Fogarty, Darcy",4,0,3,7,0,0,0,1,0,3,0,0,1,0,0,4,3,0,0,1,1,1,80,16,"Adelaide","2020",17
22,"Frampton, Billy",3,3,3,6,1,0,0,3,0,1,0,3,0,2,0,1,5,0,2,2,0,1,87,16,"Adelaide","2020",17
6,"Gibbs, Bryce",16,6,11,27,0,1,0,1,7,0,1,3,0,1,0,6,15,0,1,0,1,0,79,16,"Adelaide","2020",17
15,"Hartigan, Kyle",6,4,5,11,0,0,0,1,3,0,0,2,1,1,0,6,5,0,0,6,0,0,92,16,"Adelaide","2020",17
34,"Himmelberg, Elliott",5,2,5,10,2,2,3,2,0,1,2,0,1,0,0,7,3,1,2,1,1,0,85,16,"Adelaide","2020",17
1,"Jones, Chayce",2,2,4,6,1,0,0,1,0,1,1,0,0,0,0,5,1,1,1,0,0,0,81,16,"Adelaide","2020",17
28,"Keays, Ben",11,7,7,18,0,1,0,1,2,4,1,1,0,0,0,4,13,1,1,0,0,1,84,16,"Adelaide","2020",17
8,"Kelly, Jake",4,2,3,7,0,0,0,3,3,0,0,2,0,1,0,2,5,0,0,4,0,0,94,16,"Adelaide","2020",17
29,"Laird, Rory",11,3,16,27,0,0,0,5,0,4,4,3,1,1,1,14,16,0,0,3,0,1,78,16,"Adelaide","2020",17
27,"Lynch, Tom",16,5,5,21,1,0,0,2,3,4,1,1,1,1,0,4,16,0,0,0,0,1,74,16,"Adelaide","2020",17
23,"McAdam, Shane",10,5,0,10,1,3,0,4,0,5,0,0,0,0,0,2,8,1,1,0,0,0,77,16,"Adelaide","2020",17
36,"McPherson, Andrew",6,2,11,17,0,0,0,1,0,1,1,0,0,0,0,7,11,0,0,2,0,0,71,16,"Adelaide","2020",17
43,"OBrien, Reilly",8,2,2,10,0,0,35,3,1,1,0,3,1,1,0,5,5,0,0,0,0,0,85,16,"Adelaide","2020",17
26,"Schoenberg, Harry",10,4,11,21,0,0,0,5,2,3,3,3,1,1,0,10,12,0,0,0,0,0,79,16,"Adelaide","2020",17
38,"Sholl, Lachlan",19,3,5,24,2,1,0,0,2,5,3,3,0,0,3,7,17,0,1,1,0,0,79,16,"Adelaide","2020",17
9,"Sloane, Rory",11,3,7,18,0,0,0,2,0,2,3,3,0,0,0,11,5,0,1,4,0,0,80,16,"Adelaide","2020",17
33,"Smith, Brodie",8,3,3,11,1,0,0,1,4,1,1,2,0,1,0,4,6,0,1,0,0,0,81,16,"Adelaide","2020",17
18,"Stengle, Tyson",3,0,4,7,0,0,0,7,0,1,2,2,0,1,0,2,5,0,0,0,0,0,86,16,"Adelaide","2020",17
0,"Rushed",0,0,0,0,0,3,0,0,0,0,0,0,0,0,0,0,0,0,0,0,0,0,0,16,"Adelaide","2020",17
