"Number","Player","Kicks","Marks","Handballs","Disposals","Goals","Behinds","Hitouts","Tackles","Rebounds50s","Inside50s","Clearances","Clangers","FreesFor","FreesAgainst","BrownlowVotes","ContestedPossessions","UncontestedPossessions","ContestedMarks","MarksInside50","OnePercenters","Bounces","GoalAssists","PercentagePlayed","PointDifference","Team","Season","Round"
41,"Ah Chee, Brendon",10,3,6,16,0,0,0,3,2,1,1,1,0,0,0,7,9,1,0,0,0,0,72,34,"West Coast","2020",5
12,"Allen, Oscar",6,6,5,11,3,1,7,3,0,1,1,1,0,1,2,8,5,3,3,5,0,1,86,34,"West Coast","2020",5
37,"Barrass, Tom",10,6,3,13,0,0,0,1,1,0,0,2,1,0,0,4,9,2,0,5,0,0,86,34,"West Coast","2020",5
28,"Cole, Tom",6,3,3,9,0,0,0,1,0,2,0,0,0,0,0,4,6,2,0,2,1,0,74,34,"West Coast","2020",5
15,"Cripps, Jamie",6,2,5,11,2,2,0,2,0,1,3,0,0,0,0,8,4,0,1,2,0,0,91,34,"West Coast","2020",5
27,"Darling, Jack",5,4,5,10,2,0,0,4,0,2,0,1,1,1,0,4,6,0,1,1,0,0,100,34,"West Coast","2020",5
14,"Duggan, Liam",14,8,3,17,0,0,0,0,0,3,0,2,0,1,0,2,15,0,0,1,0,0,91,34,"West Coast","2020",5
3,"Gaff, Andrew",8,3,10,18,0,0,0,3,0,2,4,1,1,0,0,9,9,0,1,0,0,1,98,34,"West Coast","2020",5
25,"Hurn, Shannon",8,2,8,16,0,0,0,2,4,1,0,2,0,0,0,6,8,0,0,2,1,0,85,34,"West Coast","2020",5
47,"Jones, Jamaine",7,2,3,10,0,1,0,5,0,2,0,2,2,0,0,5,5,0,0,0,0,0,80,34,"West Coast","2020",5
11,"Kelly, Tim",10,5,9,19,0,1,0,3,0,7,0,4,0,2,0,4,15,0,1,0,0,0,86,34,"West Coast","2020",5
17,"Kennedy, Josh",6,3,1,7,0,3,0,0,0,1,0,1,2,1,0,4,3,1,2,1,0,0,87,34,"West Coast","2020",5
20,"McGovern, Jeremy",6,5,4,10,0,0,0,3,1,0,0,2,0,2,0,2,10,0,0,7,0,0,80,34,"West Coast","2020",5
9,"Naitanui, Nic",8,1,3,11,0,1,39,4,0,5,7,2,0,1,1,9,2,1,0,0,0,0,70,34,"West Coast","2020",5
30,"Nelson, Jackson",11,5,3,14,0,0,0,2,1,0,0,1,0,1,0,2,9,0,0,0,0,0,88,34,"West Coast","2020",5
8,"Redden, Jack",10,2,5,15,0,1,0,2,1,3,1,1,2,0,0,4,12,0,0,1,0,0,91,34,"West Coast","2020",5
1,"Ryan, Liam",5,2,3,8,1,1,0,3,0,3,0,2,1,1,0,4,4,0,0,3,0,2,90,34,"West Coast","2020",5
4,"Sheed, Dom",17,10,7,24,1,0,0,2,4,5,9,2,2,0,0,14,11,0,0,1,0,0,79,34,"West Coast","2020",5
5,"Sheppard, Brad",15,13,6,21,0,0,0,0,6,0,0,0,0,0,0,4,16,0,0,6,0,0,96,34,"West Coast","2020",5
13,"Shuey, Luke",3,0,3,6,0,0,0,1,2,0,1,1,0,0,0,3,4,0,0,1,1,1,23,34,"West Coast","2020",5
2,"Waterman, Jake",9,5,2,11,2,0,0,1,0,3,0,0,1,0,0,3,7,1,1,0,0,1,74,34,"West Coast","2020",5
6,"Yeo, Elliot",14,2,7,21,0,0,0,5,1,5,9,2,2,2,3,12,8,0,0,1,0,0,74,34,"West Coast","2020",5
0,"Totals",194,92,104,298,11,11,46,50,23,47,36,30,15,13,6,122,177,11,10,39,3,6,0,34,"West Coast","2020",5
36,"Aliir, Aliir",3,3,4,7,0,0,5,0,1,0,2,3,0,0,0,3,4,0,0,2,0,0,75,-34,"Sydney","2020",5
22,"Blakey, Nick",10,5,3,13,0,1,0,3,0,2,0,1,1,1,0,3,8,1,2,0,1,0,77,-34,"Sydney","2020",5
4,"Clarke, Ryan",3,1,11,14,0,0,0,4,0,3,3,1,2,1,0,9,6,0,0,0,0,0,99,-34,"Sydney","2020",5
7,"Cunningham, Harry",6,1,3,9,0,0,0,1,1,2,0,0,1,0,0,2,8,0,0,0,0,0,94,-34,"Sydney","2020",5
34,"Dawson, Jordan",10,3,5,15,0,1,0,1,4,0,0,2,1,0,0,3,12,1,1,4,0,1,83,-34,"Sydney","2020",5
13,"Florent, Oliver",12,5,7,19,1,0,0,1,2,4,5,4,0,2,0,9,12,0,2,1,0,1,90,-34,"Sydney","2020",5
15,"Gray, Sam",4,1,7,11,0,0,0,1,2,1,0,1,0,0,0,1,9,0,0,0,0,0,74,-34,"Sydney","2020",5
9,"Hayward, Will",2,4,6,8,0,0,0,5,1,1,1,2,0,2,0,4,4,1,0,2,0,0,81,-34,"Sydney","2020",5
5,"Heeney, Isaac",8,5,7,15,1,1,0,1,0,2,2,1,1,0,0,7,8,1,0,1,0,1,91,-34,"Sydney","2020",5
29,"Hewett, George",6,2,6,12,1,0,0,2,1,2,0,0,0,0,0,5,8,0,0,2,0,1,82,-34,"Sydney","2020",5
12,"Kennedy, Josh",10,6,15,25,0,1,0,6,2,0,4,9,1,3,0,8,16,0,2,0,0,1,83,-34,"Sydney","2020",5
44,"Lloyd, Jake",16,5,10,26,0,0,0,3,10,1,0,0,0,0,0,2,15,0,0,5,0,0,92,-34,"Sydney","2020",5
27,"McInerney, Justin",4,3,9,13,0,0,0,1,0,2,1,3,1,2,0,5,9,0,0,2,0,0,86,-34,"Sydney","2020",5
41,"McLean, Hayden",5,1,3,8,2,0,5,2,0,0,0,1,1,0,0,4,4,1,1,3,0,0,72,-34,"Sydney","2020",5
43,"Melican, Lewis",3,1,2,5,0,0,0,1,0,0,0,0,0,0,0,1,3,1,0,1,0,0,50,-34,"Sydney","2020",5
14,"Mills, Callum",8,4,10,18,0,0,0,3,2,2,0,0,1,0,0,8,7,1,0,3,0,0,82,-34,"Sydney","2020",5
38,"ORiordan, Colin",3,1,4,7,0,0,0,0,2,0,0,0,0,0,0,3,4,0,0,2,0,0,76,-34,"Sydney","2020",5
11,"Papley, Tom",8,8,7,15,1,1,0,0,1,2,0,2,1,1,0,4,11,1,2,0,0,0,86,-34,"Sydney","2020",5
26,"Parker, Luke",10,3,9,19,0,1,0,6,2,3,1,0,0,0,0,5,14,0,1,4,0,0,85,-34,"Sydney","2020",5
24,"Rampe, Dane",4,1,3,7,0,0,0,1,1,0,0,2,1,2,0,2,6,0,0,5,0,0,92,-34,"Sydney","2020",5
25,"Ronke, Ben",6,2,4,10,0,0,0,1,2,1,1,4,0,0,0,3,7,0,0,0,0,1,72,-34,"Sydney","2020",5
8,"Rowbottom, James",8,2,8,16,0,1,0,4,2,2,2,3,1,1,0,7,9,0,0,2,0,0,77,-34,"Sydney","2020",5
0,"Totals",149,67,143,292,6,7,10,47,36,30,22,39,13,15,0,98,184,8,11,39,1,6,0,-34,"Sydney","2020",5
