"Number","Player","Kicks","Marks","Handballs","Disposals","Goals","Behinds","Hitouts","Tackles","Rebounds50s","Inside50s","Clearances","Clangers","FreesFor","FreesAgainst","BrownlowVotes","ContestedPossessions","UncontestedPossessions","ContestedMarks","MarksInside50","OnePercenters","Bounces","GoalAssists","PercentagePlayed","PointDifference","Team","Season","Round"
15,"Ahern, Paul",5,1,5,10,1,0,0,0,1,0,0,1,0,0,0,2,8,0,1,1,0,1,53,-11,"North Melbourne","2020",3
3,"Anderson, Jed",10,3,4,14,0,0,0,5,0,1,2,2,0,0,0,7,8,0,1,3,0,0,68,-11,"North Melbourne","2020",3
18,"Atley, Shaun",6,2,6,12,0,0,0,3,2,0,0,3,1,2,0,6,6,0,0,0,0,0,92,-11,"North Melbourne","2020",3
16,"Bonar, Aiden",3,0,5,8,0,0,0,4,1,1,2,0,0,0,0,4,4,0,0,1,0,0,49,-11,"North Melbourne","2020",3
50,"Brown, Ben",6,3,0,6,3,2,0,0,0,0,0,0,2,0,0,7,1,2,2,2,0,0,100,-11,"North Melbourne","2020",3
14,"Dumont, Trent",9,3,8,17,1,1,0,3,3,1,1,2,0,0,0,5,12,1,2,1,0,0,91,-11,"North Melbourne","2020",3
22,"Goldstein, Todd",7,2,11,18,0,1,35,2,1,2,9,3,4,0,0,13,5,1,0,1,0,0,96,-11,"North Melbourne","2020",3
43,"Hall, Aaron",15,4,6,21,1,3,0,2,1,6,2,1,0,0,0,6,12,1,1,1,2,0,78,-11,"North Melbourne","2020",3
37,"Hayden, Kyron",2,1,4,6,0,0,0,4,0,0,1,3,0,3,0,5,3,0,0,1,0,0,79,-11,"North Melbourne","2020",3
4,"Higgins, Shaun",4,2,7,11,0,0,0,2,0,2,1,1,1,0,0,2,9,0,0,1,0,0,89,-11,"North Melbourne","2020",3
34,"Macmillan, Jamie",4,2,5,9,0,0,0,3,2,0,0,0,1,0,0,3,5,0,0,2,0,0,66,-11,"North Melbourne","2020",3
11,"McDonald, Luke",5,0,7,12,0,0,0,2,3,0,0,5,1,3,0,4,7,0,0,4,0,0,87,-11,"North Melbourne","2020",3
17,"Pittard, Jasper",13,3,6,19,0,0,0,3,6,2,0,5,1,1,0,4,11,0,1,9,3,0,88,-11,"North Melbourne","2020",3
13,"Polec, Jared",5,0,7,12,0,0,0,3,2,1,2,1,0,0,0,5,8,0,0,0,0,1,86,-11,"North Melbourne","2020",3
12,"Simpkin, Jy",13,2,13,26,1,1,0,4,1,5,8,2,5,1,3,14,14,0,0,1,0,0,88,-11,"North Melbourne","2020",3
25,"Tarrant, Robbie",10,2,4,14,0,0,0,2,5,3,0,4,1,1,0,4,8,0,0,6,0,0,94,-11,"North Melbourne","2020",3
31,"Taylor, Curtis",5,2,5,10,0,0,0,0,1,2,1,2,2,1,0,4,7,0,0,1,0,0,76,-11,"North Melbourne","2020",3
26,"Thomas, Tarryn",2,0,5,7,0,0,0,2,0,2,1,2,1,1,0,4,4,0,0,1,0,1,76,-11,"North Melbourne","2020",3
19,"Walker, Josh",5,2,5,10,0,0,0,1,2,2,0,0,1,0,0,7,5,2,0,4,0,0,94,-11,"North Melbourne","2020",3
32,"Wood, Mason",2,1,7,9,0,0,0,2,0,2,0,0,1,0,0,3,6,0,0,2,0,0,74,-11,"North Melbourne","2020",3
7,"Ziebell, Jack",7,7,7,14,0,2,0,3,0,4,2,2,0,0,0,7,8,2,3,0,0,1,88,-11,"North Melbourne","2020",3
44,"Zurhaar, Cameron",5,3,2,7,1,1,0,2,0,3,0,1,1,1,0,4,4,1,1,0,2,1,87,-11,"North Melbourne","2020",3
0,"Rushed",0,0,0,0,0,1,0,0,0,0,0,0,0,0,0,0,0,0,0,0,0,0,0,-11,"North Melbourne","2020",3
36,"Aliir, Aliir",5,4,6,11,0,0,0,1,4,1,0,1,0,0,0,3,8,0,0,2,0,0,89,11,"Sydney","2020",3
22,"Blakey, Nick",5,2,1,6,1,2,0,3,0,2,0,0,1,0,0,3,3,0,1,0,0,0,75,11,"Sydney","2020",3
7,"Cunningham, Harry",4,1,7,11,0,0,0,4,0,2,1,0,1,0,0,4,7,0,0,0,0,0,88,11,"Sydney","2020",3
34,"Dawson, Jordan",14,2,2,16,1,0,0,3,5,1,0,0,0,0,0,2,6,0,0,2,0,0,78,11,"Sydney","2020",3
13,"Florent, Oliver",13,3,9,22,0,1,0,2,2,4,2,2,1,2,1,8,14,1,0,1,1,0,85,11,"Sydney","2020",3
42,"Fox, Robbie",12,5,1,13,0,0,0,1,3,5,0,1,0,1,0,1,11,0,0,3,0,0,78,11,"Sydney","2020",3
15,"Gray, Sam",4,1,9,13,0,0,0,3,2,1,0,1,0,0,0,5,8,0,0,0,0,0,78,11,"Sydney","2020",3
9,"Hayward, Will",2,0,4,6,1,0,0,2,0,1,0,2,0,2,0,3,3,0,0,2,0,0,78,11,"Sydney","2020",3
5,"Heeney, Isaac",12,8,6,18,1,2,0,2,1,3,1,3,1,1,2,9,8,3,2,0,0,0,92,11,"Sydney","2020",3
29,"Hewett, George",3,1,8,11,0,0,0,3,1,0,2,1,0,1,0,8,3,0,1,0,0,1,88,11,"Sydney","2020",3
12,"Kennedy, Josh",11,1,11,22,0,1,0,6,0,4,6,1,1,0,0,12,7,0,0,1,0,0,75,11,"Sydney","2020",3
44,"Lloyd, Jake",15,6,7,22,0,0,0,1,3,2,0,2,2,0,0,4,14,0,0,0,0,0,89,11,"Sydney","2020",3
30,"McCartin, Tom",1,2,1,2,0,1,1,1,1,0,0,3,0,2,0,2,1,1,1,2,0,1,60,11,"Sydney","2020",3
41,"McLean, Hayden",4,3,3,7,1,0,3,3,0,1,0,0,0,0,0,4,3,2,2,3,0,2,84,11,"Sydney","2020",3
14,"Mills, Callum",7,4,2,9,0,0,0,1,2,1,1,1,0,1,0,3,8,0,0,2,0,0,89,11,"Sydney","2020",3
38,"ORiordan, Colin",1,1,3,4,0,0,0,2,0,0,1,1,0,1,0,3,1,0,0,0,0,0,78,11,"Sydney","2020",3
11,"Papley, Tom",10,2,3,13,2,1,0,4,0,3,1,2,5,1,0,5,8,0,1,0,0,2,87,11,"Sydney","2020",3
26,"Parker, Luke",11,6,8,19,1,0,0,3,1,4,5,5,0,4,0,11,5,1,1,0,0,1,83,11,"Sydney","2020",3
24,"Rampe, Dane",5,1,3,8,0,0,0,1,2,0,0,3,0,2,0,2,5,0,0,4,0,0,100,11,"Sydney","2020",3
8,"Rowbottom, James",9,1,9,18,1,0,0,3,3,1,5,1,1,1,0,11,9,0,0,1,0,0,73,11,"Sydney","2020",3
18,"Sinclair, Callum",3,1,5,8,0,0,19,1,0,2,1,4,0,4,0,5,3,1,0,2,0,0,80,11,"Sydney","2020",3
28,"Taylor, Lewis",4,2,1,5,1,0,0,3,0,3,0,1,1,0,0,2,4,0,0,0,0,0,75,11,"Sydney","2020",3
0,"Rushed",0,0,0,0,0,3,0,0,0,0,0,0,0,0,0,0,0,0,0,0,0,0,0,11,"Sydney","2020",3
