"Number","Player","Kicks","Marks","Handballs","Disposals","Goals","Behinds","Hitouts","Tackles","Rebounds50s","Inside50s","Clearances","Clangers","FreesFor","FreesAgainst","BrownlowVotes","ContestedPossessions","UncontestedPossessions","ContestedMarks","MarksInside50","OnePercenters","Bounces","GoalAssists","PercentagePlayed","PointDifference","Team","Season","Round"
4,"Ablett, Gary",11,3,3,14,2,0,0,3,1,4,1,4,0,3,1,6,8,0,1,0,0,2,93,27,"Geelong","2020",6
24,"Bews, Jed",8,3,3,11,0,0,0,4,4,0,2,1,2,0,0,6,4,0,0,2,0,0,100,27,"Geelong","2020",6
46,"Blicavs, Mark",8,4,3,11,0,0,0,3,2,0,0,1,1,0,0,5,7,1,0,9,0,1,95,27,"Geelong","2020",6
40,"Dahlhaus, Luke",7,3,5,12,0,0,0,6,0,3,0,3,0,0,0,3,8,0,0,0,0,0,85,27,"Geelong","2020",6
35,"Dangerfield, Patrick",18,7,8,26,0,2,0,3,2,7,8,4,0,1,3,14,12,1,1,1,0,3,90,27,"Geelong","2020",6
22,"Duncan, Mitch",2,1,1,3,0,0,0,0,0,0,0,0,0,0,0,0,3,0,0,0,0,0,6,27,"Geelong","2020",6
28,"Fort, Darcy",8,0,4,12,0,0,16,2,0,4,6,2,2,1,0,8,2,0,0,5,0,0,90,27,"Geelong","2020",6
29,"Guthrie, Cameron",10,5,12,22,0,0,0,5,3,2,3,3,0,1,0,9,12,0,0,0,0,0,82,27,"Geelong","2020",6
26,"Hawkins, Tom",10,6,5,15,3,1,3,5,0,4,0,4,2,1,2,4,10,1,3,0,0,0,98,27,"Geelong","2020",6
38,"Henry, Jack",6,3,4,10,0,0,0,3,0,1,1,1,1,1,0,2,6,0,0,5,0,0,99,27,"Geelong","2020",6
8,"Kolodjashnij, Jake",7,3,4,11,0,0,0,2,3,0,0,2,0,0,0,1,10,0,0,5,0,0,97,27,"Geelong","2020",6
27,"Menegola, Sam",16,5,10,26,2,0,0,0,1,1,0,1,0,1,0,6,20,0,1,1,0,0,85,27,"Geelong","2020",6
32,"Miers, Gryan",7,3,9,16,0,0,0,0,2,1,0,3,1,2,0,7,7,0,0,0,0,1,94,27,"Geelong","2020",6
19,"Narkle, Quinton",0,0,1,1,0,0,0,1,0,0,0,1,0,0,0,1,0,0,0,0,0,0,6,27,"Geelong","2020",6
42,"OConnor, Mark",9,4,3,12,0,0,0,2,2,0,0,0,1,0,0,2,8,0,0,1,0,0,92,27,"Geelong","2020",6
3,"Parfitt, Brandan",8,2,11,19,1,0,0,3,3,0,3,4,3,2,0,8,10,0,1,0,0,0,62,27,"Geelong","2020",6
17,"Ratugolea, Esava",6,4,2,8,1,0,3,4,0,2,0,2,2,2,0,4,4,1,1,1,0,0,89,27,"Geelong","2020",6
23,"Rohan, Gary",6,4,5,11,2,1,0,0,0,2,0,4,0,3,0,6,5,0,2,3,0,0,92,27,"Geelong","2020",6
14,"Selwood, Joel",13,2,7,20,0,0,0,8,5,3,5,6,2,3,0,13,10,0,0,4,0,1,82,27,"Geelong","2020",6
37,"Simpson, Sam",12,6,15,27,0,0,0,5,2,1,2,3,1,1,0,13,14,0,1,0,0,0,82,27,"Geelong","2020",6
7,"Taylor, Harry",6,2,4,10,0,0,0,3,2,0,0,2,1,2,0,4,6,0,0,4,0,0,97,27,"Geelong","2020",6
2,"Tuohy, Zach",15,5,4,19,0,1,0,3,5,3,3,2,1,1,0,7,12,0,0,1,0,0,86,27,"Geelong","2020",6
0,"Rushed",0,0,0,0,0,2,0,0,0,0,0,0,0,0,0,0,0,0,0,0,0,0,0,27,"Geelong","2020",6
4,"Ah Chee, Callum",10,1,5,15,0,0,0,4,1,3,2,3,2,2,0,6,7,0,0,4,0,0,84,-27,"Brisbane Lions","2020",6
31,"Andrews, Harris",3,0,4,7,0,0,0,1,0,1,0,1,1,0,0,7,2,0,0,6,0,0,100,-27,"Brisbane Lions","2020",6
33,"Bailey, Zac",5,2,4,9,0,0,0,3,0,2,0,3,0,2,0,2,7,0,0,1,0,0,83,-27,"Brisbane Lions","2020",6
7,"Berry, Jarrod",10,2,9,19,0,2,0,7,2,5,5,4,3,1,0,15,5,0,1,2,1,1,72,-27,"Brisbane Lions","2020",6
13,"Berry, Tom",4,2,3,7,0,0,0,2,0,1,0,2,0,1,0,4,1,1,1,0,0,0,76,-27,"Brisbane Lions","2020",6
14,"Birchall, Grant",9,3,1,10,0,0,0,2,2,2,3,0,1,0,0,4,4,1,0,2,0,0,77,-27,"Brisbane Lions","2020",6
23,"Cameron, Charlie",4,2,2,6,1,2,0,1,0,1,0,2,1,2,0,2,4,0,2,0,0,0,93,-27,"Brisbane Lions","2020",6
27,"Gardiner, Darcy",4,1,2,6,0,0,0,3,1,2,0,3,0,2,0,1,6,0,0,10,0,0,97,-27,"Brisbane Lions","2020",6
30,"Hipwood, Eric",5,3,3,8,1,0,0,2,0,1,0,1,0,0,0,4,3,1,1,0,0,0,97,-27,"Brisbane Lions","2020",6
35,"Lester, Ryan",6,2,2,8,0,0,0,0,2,0,0,1,2,0,0,7,2,1,0,3,0,0,91,-27,"Brisbane Lions","2020",6
17,"Lyons, Jarryd",14,3,6,20,0,0,0,6,1,3,3,2,1,0,0,7,11,0,1,0,0,1,83,-27,"Brisbane Lions","2020",6
12,"Martin, Stefan",4,2,2,6,0,0,19,2,1,3,2,2,2,2,0,4,0,2,1,0,0,1,70,-27,"Brisbane Lions","2020",6
11,"McCarthy, Lincoln",4,1,1,5,0,0,0,5,0,1,1,3,1,1,0,2,4,0,1,0,0,0,80,-27,"Brisbane Lions","2020",6
6,"McCluggage, Hugh",5,4,5,10,1,0,0,5,1,1,1,0,1,0,0,4,7,0,1,1,0,0,77,-27,"Brisbane Lions","2020",6
46,"McInerney, Oscar",2,0,1,3,0,1,17,2,1,1,2,0,1,0,0,1,1,0,0,0,0,0,67,-27,"Brisbane Lions","2020",6
25,"McStay, Daniel",4,2,3,7,0,0,0,0,0,1,0,1,2,1,0,3,4,1,0,4,0,0,96,-27,"Brisbane Lions","2020",6
9,"Neale, Lachie",12,5,14,26,1,0,0,4,3,2,2,3,0,1,0,11,14,0,0,0,0,0,94,-27,"Brisbane Lions","2020",6
16,"Rayner, Cam",8,6,4,12,2,0,0,5,2,2,1,3,1,2,0,3,9,1,1,1,0,0,81,-27,"Brisbane Lions","2020",6
10,"Rich, Daniel",12,1,0,12,0,0,0,1,4,3,1,1,1,0,0,3,7,0,0,3,0,0,85,-27,"Brisbane Lions","2020",6
5,"Robinson, Mitch",5,0,6,11,0,0,0,0,1,0,0,0,0,0,0,6,5,0,0,0,0,1,53,-27,"Brisbane Lions","2020",6
37,"Starcevich, Brandon",6,3,2,8,0,0,0,1,1,3,0,3,1,1,0,1,7,0,0,2,0,0,67,-27,"Brisbane Lions","2020",6
15,"Zorko, Dayne",13,0,5,18,0,1,0,6,1,4,4,4,4,2,0,12,4,0,0,0,1,1,79,-27,"Brisbane Lions","2020",6
0,"Rushed",0,0,0,0,0,4,0,0,0,0,0,0,0,0,0,0,0,0,0,0,0,0,0,-27,"Brisbane Lions","2020",6
