"Number","Player","Kicks","Marks","Handballs","Disposals","Goals","Behinds","Hitouts","Tackles","Rebounds50s","Inside50s","Clearances","Clangers","FreesFor","FreesAgainst","BrownlowVotes","ContestedPossessions","UncontestedPossessions","ContestedMarks","MarksInside50","OnePercenters","Bounces","GoalAssists","PercentagePlayed","PointDifference","Team","Season","Round"
13,"Adams, Taylor",17,4,12,29,1,1,0,4,3,2,3,1,1,0,3,13,13,0,1,2,0,0,87,9,"Collingwood","2020",10
17,"Brown, Callum",3,3,11,14,0,0,0,4,1,2,0,1,0,0,0,5,9,0,0,0,0,0,83,9,"Collingwood","2020",10
25,"Crisp, Jack",9,2,6,15,0,0,0,5,2,4,1,0,2,0,1,7,9,0,0,2,0,0,94,9,"Collingwood","2020",10
26,"Daicos, Josh",19,5,6,25,1,0,0,2,1,7,4,3,1,0,2,6,17,0,1,0,0,0,95,9,"Collingwood","2020",10
5,"Elliott, Jamie",7,3,3,10,1,0,0,6,0,4,1,3,2,1,0,4,5,0,1,0,0,0,85,9,"Collingwood","2020",10
4,"Grundy, Brodie",4,0,12,16,0,0,32,7,0,3,6,2,3,1,0,12,4,0,0,2,0,0,89,9,"Collingwood","2020",10
32,"Hoskin-Elliott, Will",0,0,0,0,0,0,0,0,0,0,0,0,0,0,0,0,0,0,0,0,0,0,6,9,"Collingwood","2020",10
44,"Madgen, Jack",9,3,7,16,0,0,0,4,4,1,0,1,3,0,0,10,5,0,0,5,0,0,84,9,"Collingwood","2020",10
37,"Maynard, Brayden",14,4,5,19,0,1,0,4,4,3,2,4,2,2,0,7,12,0,0,1,0,0,83,9,"Collingwood","2020",10
41,"Mihocek, Brody",10,9,5,15,0,1,0,2,0,4,0,2,0,1,0,7,9,1,0,2,0,0,95,9,"Collingwood","2020",10
30,"Moore, Darcy",6,4,3,9,0,0,0,3,3,1,0,2,1,1,0,2,6,1,0,8,0,0,87,9,"Collingwood","2020",10
9,"Noble, John",7,4,7,14,1,0,0,2,2,5,0,4,0,0,0,3,11,0,0,2,2,1,84,9,"Collingwood","2020",10
21,"Phillips, Tom",14,6,6,20,0,0,0,0,2,0,1,2,1,1,0,6,12,0,1,0,0,1,95,9,"Collingwood","2020",10
3,"Quaynor, Isaac",2,1,5,7,0,0,0,0,2,0,0,0,0,0,0,1,6,0,0,2,0,0,71,9,"Collingwood","2020",10
20,"Reid, Ben",5,2,4,9,1,0,1,0,0,2,0,2,2,0,0,5,4,0,0,1,0,0,89,9,"Collingwood","2020",10
23,"Roughead, Jordan",9,6,9,18,0,0,0,1,1,0,0,3,0,0,0,4,15,0,0,4,0,0,98,9,"Collingwood","2020",10
39,"Ruscoe, Trey",6,1,1,7,1,3,0,0,0,0,0,0,1,0,0,3,3,0,0,0,0,0,69,9,"Collingwood","2020",10
22,"Sidebottom, Steele",9,3,9,18,0,0,0,8,0,0,3,3,0,0,0,7,9,0,0,2,0,1,97,9,"Collingwood","2020",10
36,"Sier, Brayden",8,1,15,23,0,1,0,3,0,4,8,3,1,2,0,11,14,0,0,0,0,0,85,9,"Collingwood","2020",10
1,"Stephenson, Jaidyn",8,5,2,10,0,2,0,2,1,2,0,0,0,0,0,2,8,0,1,1,0,0,93,9,"Collingwood","2020",10
24,"Thomas, Josh",5,1,8,13,0,0,0,4,0,1,1,3,2,1,0,7,7,0,0,1,0,0,82,9,"Collingwood","2020",10
7,"Treloar, Adam",11,3,14,25,0,0,0,2,1,5,3,4,1,1,0,12,12,0,0,3,0,0,49,9,"Collingwood","2020",10
0,"Rushed",0,0,0,0,0,5,0,0,0,0,0,0,0,0,0,0,0,0,0,0,0,0,0,9,"Collingwood","2020",10
36,"Aliir, Aliir",1,1,2,3,0,0,2,0,0,1,0,3,0,3,0,2,2,0,0,3,0,0,61,-9,"Sydney","2020",10
32,"Bell, James",5,1,1,6,1,0,0,5,0,1,1,2,0,0,0,3,2,0,1,0,0,0,83,-9,"Sydney","2020",10
7,"Cunningham, Harry",9,2,4,13,0,0,0,1,5,1,1,2,0,0,0,4,5,0,0,1,0,0,87,-9,"Sydney","2020",10
34,"Dawson, Jordan",10,8,7,17,0,0,0,4,3,2,0,3,0,1,0,8,10,4,0,3,0,0,84,-9,"Sydney","2020",10
13,"Florent, Oliver",7,1,5,12,0,0,0,6,1,2,3,3,1,1,0,5,8,0,0,0,0,0,89,-9,"Sydney","2020",10
42,"Fox, Robbie",4,3,4,8,0,0,0,3,3,0,0,1,1,1,0,2,5,0,0,4,0,0,96,-9,"Sydney","2020",10
9,"Hayward, Will",7,5,6,13,0,0,0,4,0,3,0,3,0,1,0,6,6,2,0,0,0,0,81,-9,"Sydney","2020",10
19,"Ling, Matt",5,2,1,6,0,0,0,0,1,1,0,3,0,1,0,1,4,0,0,1,0,0,66,-9,"Sydney","2020",10
44,"Lloyd, Jake",19,7,6,25,0,0,0,3,6,0,0,2,1,1,0,5,14,0,0,1,0,0,86,-9,"Sydney","2020",10
30,"McCartin, Tom",5,3,4,9,0,0,0,2,0,4,0,2,1,1,0,3,6,1,0,2,0,0,89,-9,"Sydney","2020",10
43,"Melican, Lewis",4,1,3,7,0,0,0,1,2,0,0,5,1,2,0,4,3,0,0,9,0,0,85,-9,"Sydney","2020",10
14,"Mills, Callum",10,4,2,12,0,0,0,5,5,1,1,2,0,1,0,3,8,0,0,3,0,0,91,-9,"Sydney","2020",10
11,"Papley, Tom",6,1,1,7,1,2,0,5,0,2,1,0,2,0,0,3,3,0,1,0,0,0,92,-9,"Sydney","2020",10
26,"Parker, Luke",6,2,6,12,0,0,0,12,2,1,3,6,1,2,0,8,3,0,0,0,0,0,90,-9,"Sydney","2020",10
24,"Rampe, Dane",8,5,4,12,0,0,0,1,5,0,0,3,0,2,0,3,8,0,0,2,0,0,88,-9,"Sydney","2020",10
20,"Reid, Sam",6,5,2,8,0,1,0,3,0,3,0,1,0,0,0,7,1,4,2,0,0,2,80,-9,"Sydney","2020",10
8,"Rowbottom, James",8,0,9,17,0,0,0,2,2,4,7,3,0,1,0,16,3,0,0,1,0,1,74,-9,"Sydney","2020",10
18,"Sinclair, Callum",7,3,5,12,0,0,22,4,1,0,4,3,2,1,0,7,4,0,0,1,0,0,82,-9,"Sydney","2020",10
3,"Stephens, Dylan",9,2,3,12,1,1,0,5,2,2,0,4,0,2,0,4,10,0,0,0,0,1,72,-9,"Sydney","2020",10
37,"Taylor, Elijah",2,2,4,6,0,0,0,0,2,1,0,2,0,1,0,4,4,1,0,1,0,1,64,-9,"Sydney","2020",10
6,"Thurlow, Jackson",10,5,5,15,2,1,0,3,2,3,3,1,0,0,0,4,11,1,1,2,0,0,81,-9,"Sydney","2020",10
45,"Wicks, Sam",6,1,3,9,1,0,0,6,1,1,0,1,1,1,0,6,3,0,1,0,0,1,79,-9,"Sydney","2020",10
0,"Totals",154,64,87,241,6,5,24,75,43,33,24,55,11,23,0,108,123,13,6,34,0,6,0,-9,"Sydney","2020",10
