"Number","Player","Kicks","Marks","Handballs","Disposals","Goals","Behinds","Hitouts","Tackles","Rebounds50s","Inside50s","Clearances","Clangers","FreesFor","FreesAgainst","BrownlowVotes","ContestedPossessions","UncontestedPossessions","ContestedMarks","MarksInside50","OnePercenters","Bounces","GoalAssists","PercentagePlayed","PointDifference","Team","Season","Round"
9,"Ainsworth, Ben",12,6,3,15,1,1,0,2,0,5,0,1,2,1,0,3,12,0,2,2,2,0,85,-47,"Gold Coast","2020",1
15,"Anderson, Noah",6,2,6,12,0,0,0,0,2,1,0,2,0,1,0,5,8,0,0,1,0,0,75,-47,"Gold Coast","2020",1
3,"Bowes, Jack",9,3,9,18,0,0,0,2,6,0,2,2,0,0,0,9,5,1,0,0,0,0,85,-47,"Gold Coast","2020",1
7,"Brodie, Will",4,3,10,14,0,0,0,1,0,0,3,3,0,0,0,4,10,0,0,1,0,0,67,-47,"Gold Coast","2020",1
35,"Budarick, Connor",3,0,5,8,0,0,0,3,3,1,0,0,1,0,0,3,5,0,0,1,0,0,86,-47,"Gold Coast","2020",1
25,"Collins, Sam",11,6,4,15,0,0,0,0,4,0,0,3,2,1,0,9,4,3,0,4,0,0,96,-47,"Gold Coast","2020",1
12,"Day, Sam",1,0,6,7,0,1,10,1,0,0,0,2,0,0,0,4,3,0,0,0,0,0,82,-47,"Gold Coast","2020",1
4,"Ellis, Brandon",15,3,6,21,0,0,0,2,3,1,1,4,1,2,0,8,11,1,0,1,0,0,92,-47,"Gold Coast","2020",1
8,"Fiorini, Brayden",14,4,5,19,0,0,0,4,6,1,0,3,0,0,0,1,16,0,0,0,0,0,82,-47,"Gold Coast","2020",1
46,"Graham, Caleb",4,3,1,5,0,0,0,0,2,0,0,4,1,4,0,1,4,0,0,16,0,0,95,-47,"Gold Coast","2020",1
21,"Greenwood, Hugh",9,1,9,18,0,0,0,3,1,1,3,1,0,1,0,13,7,0,0,2,0,2,79,-47,"Gold Coast","2020",1
39,"Holman, Nick",3,0,5,8,0,0,0,1,0,0,0,1,0,0,0,5,4,0,0,0,0,0,80,-47,"Gold Coast","2020",1
38,"Joyce, Jesse",9,3,5,14,0,0,0,1,4,3,0,1,0,0,0,5,8,0,0,0,0,0,74,-47,"Gold Coast","2020",1
34,"King, Ben",5,2,2,7,1,0,0,1,0,2,1,2,3,1,0,6,1,1,2,1,0,0,87,-47,"Gold Coast","2020",1
23,"Lemmens, Sean",6,1,3,9,1,0,0,3,0,4,0,2,0,0,0,2,7,1,0,0,0,0,70,-47,"Gold Coast","2020",1
13,"Lukosius, Jack",12,3,2,14,0,0,0,2,8,1,0,2,1,1,0,3,4,1,0,3,0,0,83,-47,"Gold Coast","2020",1
44,"Macpherson, Darcy",7,2,5,12,0,0,0,2,1,0,2,0,0,0,0,4,9,0,0,1,0,0,87,-47,"Gold Coast","2020",1
11,"Miller, Touk",11,5,11,22,0,0,0,4,4,2,2,2,1,1,0,8,15,0,0,0,0,1,82,-47,"Gold Coast","2020",1
18,"Rowell, Matt",6,1,13,19,0,0,0,4,2,2,4,3,1,0,0,11,8,0,0,1,0,0,78,-47,"Gold Coast","2020",1
24,"Swallow, David",13,5,4,17,1,0,0,2,1,3,3,2,0,1,0,8,10,1,0,2,0,0,80,-47,"Gold Coast","2020",1
14,"Weller, Lachie",11,6,6,17,0,0,0,2,4,3,2,4,1,2,0,4,14,0,0,1,0,0,84,-47,"Gold Coast","2020",1
28,"Witts, Jarrod",2,0,3,5,0,0,24,1,0,1,2,1,0,1,0,2,2,0,0,2,0,0,73,-47,"Gold Coast","2020",1
0,"Rushed",0,0,0,0,0,3,0,0,0,0,0,0,0,0,0,0,0,0,0,0,0,0,0,-47,"Gold Coast","2020",1
15,"Amon, Karl",15,6,6,21,0,2,0,2,1,3,1,3,0,1,0,4,17,0,1,1,0,1,84,47,"Port Adelaide","2020",1
10,"Boak, Travis",12,2,13,25,0,0,0,4,1,5,7,1,0,0,3,12,14,0,0,1,0,1,78,47,"Port Adelaide","2020",1
3,"Burton, Ryan",13,6,5,18,0,0,0,3,2,2,2,0,0,0,0,7,8,1,0,4,0,0,81,47,"Port Adelaide","2020",1
18,"Butters, Zak",8,2,4,12,1,0,0,0,0,3,0,5,1,0,0,3,10,0,0,1,0,1,79,47,"Port Adelaide","2020",1
33,"Byrne-Jones, Darcy",16,5,9,25,0,1,0,1,4,3,0,0,0,0,2,7,16,0,0,3,0,0,86,47,"Port Adelaide","2020",1
17,"Clurey, Tom",7,6,5,12,0,0,0,1,2,1,0,2,0,1,0,2,10,1,0,7,0,0,92,47,"Port Adelaide","2020",1
21,"Duursma, Xavier",12,4,6,18,0,1,0,0,0,1,1,2,2,0,0,9,9,0,0,0,0,1,89,47,"Port Adelaide","2020",1
7,"Ebert, Brad",11,8,9,20,1,3,0,6,0,3,0,2,1,0,0,7,13,0,2,1,0,0,84,47,"Port Adelaide","2020",1
19,"Georgiades, Mitch",8,3,3,11,2,0,0,2,0,3,0,3,4,1,0,5,6,0,2,1,0,0,81,47,"Port Adelaide","2020",1
9,"Gray, Robbie",11,6,7,18,0,1,0,3,0,4,3,1,1,1,0,6,11,1,2,1,1,1,93,47,"Port Adelaide","2020",1
8,"Hartlett, Hamish",6,3,4,10,1,0,0,2,2,1,0,0,1,0,0,1,8,0,0,1,0,0,54,47,"Port Adelaide","2020",1
5,"Houston, Dan",8,4,11,19,0,0,0,6,0,2,4,2,0,1,0,6,12,0,0,1,0,0,85,47,"Port Adelaide","2020",1
1,"Jonas, Tom",4,3,4,8,0,0,0,6,2,1,0,3,0,1,0,4,4,1,0,4,0,0,93,47,"Port Adelaide","2020",1
40,"Lienert, Jarrod",7,2,4,11,0,0,0,2,4,1,0,1,0,0,0,2,7,0,0,2,0,0,89,47,"Port Adelaide","2020",1
29,"Lycett, Scott",4,2,6,10,0,0,22,0,1,3,2,2,2,0,0,5,5,0,1,2,0,0,71,47,"Port Adelaide","2020",1
4,"Marshall, Todd",6,4,4,10,2,2,2,2,1,1,0,0,1,0,0,5,6,0,2,1,0,0,79,47,"Port Adelaide","2020",1
12,"McKenzie, Trent",12,7,3,15,0,0,0,1,4,1,0,4,0,2,0,4,10,2,0,2,0,0,85,47,"Port Adelaide","2020",1
6,"Motlop, Steven",10,2,5,15,2,0,0,3,1,4,1,4,0,1,0,7,7,0,1,1,0,1,79,47,"Port Adelaide","2020",1
2,"Powell-Pepper, Sam",11,2,9,20,0,2,0,4,0,3,5,1,1,0,0,10,11,1,0,1,1,0,71,47,"Port Adelaide","2020",1
11,"Rockliff, Tom",16,3,10,26,0,0,0,4,1,7,6,1,1,1,1,10,15,0,0,2,0,0,78,47,"Port Adelaide","2020",1
20,"Rozee, Connor",13,6,8,21,1,0,0,3,0,8,2,4,0,2,0,10,15,0,0,4,0,1,81,47,"Port Adelaide","2020",1
39,"Westhoff, Justin",9,4,3,12,0,1,7,5,0,2,2,4,2,2,0,3,8,0,1,2,0,1,87,47,"Port Adelaide","2020",1
0,"Rushed",0,0,0,0,0,3,0,0,0,0,0,0,0,0,0,0,0,0,0,0,0,0,0,47,"Port Adelaide","2020",1
