"Number","Player","Kicks","Marks","Handballs","Disposals","Goals","Behinds","Hitouts","Tackles","Rebounds50s","Inside50s","Clearances","Clangers","FreesFor","FreesAgainst","BrownlowVotes","ContestedPossessions","UncontestedPossessions","ContestedMarks","MarksInside50","OnePercenters","Bounces","GoalAssists","PercentagePlayed","PointDifference","Team","Season","Round"
13,"Adams, Taylor",10,4,7,17,0,0,0,6,1,4,4,1,0,1,0,6,11,0,0,1,0,2,86,-15,"Collingwood","2020",5
17,"Brown, Callum",6,3,7,13,1,0,0,0,0,1,1,2,1,1,0,3,9,1,1,1,0,1,78,-15,"Collingwood","2020",5
6,"Brown, Tyler",3,0,6,9,0,0,0,0,1,0,1,2,1,1,0,4,5,0,0,1,0,0,59,-15,"Collingwood","2020",5
46,"Cox, Mason",0,1,2,2,0,0,4,1,0,1,0,2,1,1,0,2,0,1,0,2,0,0,91,-15,"Collingwood","2020",5
25,"Crisp, Jack",7,1,6,13,0,0,0,4,2,0,0,1,1,0,0,1,12,0,0,5,0,0,86,-15,"Collingwood","2020",5
26,"Daicos, Josh",14,4,7,21,1,0,0,3,3,3,1,1,3,0,0,5,16,0,0,0,0,0,90,-15,"Collingwood","2020",5
2,"de Goey, Jordan",14,2,7,21,0,2,0,2,1,4,2,3,1,1,0,9,13,0,0,2,1,0,85,-15,"Collingwood","2020",5
5,"Elliott, Jamie",5,3,4,9,0,0,0,1,0,0,0,1,0,0,0,5,5,0,1,3,1,0,80,-15,"Collingwood","2020",5
4,"Grundy, Brodie",7,2,13,20,0,0,37,6,1,3,10,2,5,2,0,16,5,1,0,1,0,1,93,-15,"Collingwood","2020",5
32,"Hoskin-Elliott, Will",6,3,7,13,0,0,0,2,0,3,0,0,0,0,0,2,11,0,1,1,0,1,82,-15,"Collingwood","2020",5
37,"Maynard, Brayden",9,2,15,24,0,0,0,3,4,1,1,1,1,0,0,13,11,0,0,3,0,1,85,-15,"Collingwood","2020",5
16,"Mayne, Chris",10,3,4,14,0,0,0,1,2,2,0,1,1,0,0,4,7,1,0,2,0,0,73,-15,"Collingwood","2020",5
41,"Mihocek, Brody",6,1,3,9,1,1,0,2,0,2,0,1,0,1,0,3,5,0,1,4,0,0,97,-15,"Collingwood","2020",5
30,"Moore, Darcy",7,4,4,11,0,0,0,2,3,0,0,2,1,1,0,3,9,0,0,7,0,0,91,-15,"Collingwood","2020",5
10,"Pendlebury, Scott",8,5,14,22,0,0,0,3,0,5,2,1,2,0,0,7,15,0,0,0,0,0,80,-15,"Collingwood","2020",5
21,"Phillips, Tom",6,2,11,17,0,1,0,1,1,4,1,1,0,0,0,8,9,0,0,0,0,0,87,-15,"Collingwood","2020",5
23,"Roughead, Jordan",3,6,5,8,0,0,0,0,2,0,0,0,0,0,0,3,7,1,0,7,0,0,95,-15,"Collingwood","2020",5
12,"Scharenberg, Matt",8,4,4,12,0,0,0,2,0,0,0,1,1,1,0,3,8,0,0,8,0,0,84,-15,"Collingwood","2020",5
1,"Stephenson, Jaidyn",8,6,4,12,3,0,0,3,0,5,0,1,1,0,0,5,8,1,3,0,0,0,85,-15,"Collingwood","2020",5
7,"Treloar, Adam",19,2,11,30,0,2,0,5,5,1,3,2,1,1,1,18,11,0,1,0,0,0,74,-15,"Collingwood","2020",5
18,"Varcoe, Travis",4,1,3,7,1,0,0,1,0,1,0,2,0,1,0,0,7,0,0,1,0,1,79,-15,"Collingwood","2020",5
33,"Wills, Rupert",3,0,11,14,0,0,0,2,0,1,2,2,0,0,0,6,8,0,0,2,0,0,42,-15,"Collingwood","2020",5
0,"Totals",163,59,155,318,7,6,41,50,26,41,28,30,21,12,1,126,192,6,8,51,2,7,0,-15,"Collingwood","2020",5
13,"Fantasia, Orazio",7,4,2,9,0,0,0,1,3,0,0,3,0,1,0,2,7,0,0,2,0,0,73,15,"Essendon","2020",5
8,"Gleeson, Martin",8,4,3,11,0,0,0,2,1,2,0,2,0,1,0,2,9,0,0,3,0,0,81,15,"Essendon","2020",5
33,"Ham, Brayden",10,2,5,15,0,0,0,2,2,6,2,1,0,0,0,5,10,0,1,2,1,1,78,15,"Essendon","2020",5
46,"Hibberd, Mitchell",5,2,5,10,0,0,0,0,3,1,1,2,0,1,0,3,7,0,0,0,0,0,80,15,"Essendon","2020",5
26,"Hooker, Cale",6,6,5,11,0,0,0,1,2,0,0,2,1,0,0,5,6,1,0,6,0,0,94,15,"Essendon","2020",5
18,"Hurley, Michael",11,7,6,17,0,0,0,1,2,1,0,0,1,0,0,4,12,0,0,4,0,0,94,15,"Essendon","2020",5
4,"Langford, Kyle",10,6,6,16,0,0,0,1,2,1,1,3,0,1,0,7,10,1,1,1,0,0,80,15,"Essendon","2020",5
15,"Laverde, Jayden",4,2,2,6,0,0,0,3,0,1,0,1,0,1,0,1,5,1,1,2,0,2,74,15,"Essendon","2020",5
43,"McDonald-Tipungwuti, Anthony",7,3,3,10,2,1,0,7,0,0,2,3,1,3,0,7,4,1,1,3,0,0,81,15,"Essendon","2020",5
1,"McGrath, Andrew",11,1,8,19,0,0,0,4,1,0,5,3,0,1,0,14,8,0,0,3,0,0,83,15,"Essendon","2020",5
44,"McKernan, Shaun",4,2,1,5,1,0,0,0,0,0,1,4,1,2,0,4,2,0,1,2,0,0,73,15,"Essendon","2020",5
3,"Parish, Darcy",5,3,7,12,1,0,0,0,0,3,2,1,0,0,0,5,7,0,1,0,0,0,76,15,"Essendon","2020",5
34,"Phillips, Andrew",6,2,5,11,0,0,13,5,2,1,6,4,2,3,0,12,2,1,0,11,0,0,93,15,"Essendon","2020",5
27,"Redman, Mason",6,1,2,8,0,0,0,1,1,0,0,1,0,0,0,3,2,0,0,3,0,0,82,15,"Essendon","2020",5
14,"Ridley, Jordan",12,7,6,18,0,0,0,3,5,2,1,2,1,1,0,5,12,1,0,8,0,0,92,15,"Essendon","2020",5
42,"Saad, Adam",11,4,7,18,0,0,0,2,2,4,1,1,0,0,0,3,13,0,0,3,0,0,83,15,"Essendon","2020",5
9,"Shiel, Dylan",19,4,10,29,1,0,0,5,2,6,6,2,0,1,3,12,15,0,0,1,0,1,77,15,"Essendon","2020",5
5,"Smith, Devon",10,1,3,13,0,0,0,6,2,1,3,0,1,0,0,3,10,0,0,1,0,0,80,15,"Essendon","2020",5
40,"Snelling, Will",7,0,9,16,0,0,0,6,2,3,4,5,1,2,0,9,7,0,0,2,0,1,85,15,"Essendon","2020",5
25,"Stringer, Jake",8,3,2,10,3,0,0,7,0,2,2,3,2,1,2,6,5,0,2,0,0,0,80,15,"Essendon","2020",5
20,"Townsend, Jacob",5,2,1,6,1,1,0,7,0,1,0,2,1,2,0,2,3,0,1,2,0,0,80,15,"Essendon","2020",5
11,"Zaharakis, David",1,1,1,2,1,0,0,1,0,0,1,0,0,0,0,2,1,0,1,1,0,0,79,15,"Essendon","2020",5
0,"Rushed",0,0,0,0,0,1,0,0,0,0,0,0,0,0,0,0,0,0,0,0,0,0,0,15,"Essendon","2020",5
