"Number","Player","Kicks","Marks","Handballs","Disposals","Goals","Behinds","Hitouts","Tackles","Rebounds50s","Inside50s","Clearances","Clangers","FreesFor","FreesAgainst","BrownlowVotes","ContestedPossessions","UncontestedPossessions","ContestedMarks","MarksInside50","OnePercenters","Bounces","GoalAssists","PercentagePlayed","PointDifference","Team","Season","Round"
39,"Aarts, Jake",6,4,2,8,2,3,0,0,0,2,1,2,0,1,0,5,4,0,3,2,0,0,82,54,"Richmond","2020",7
7,"Baker, Liam",5,3,10,15,0,0,0,1,0,1,2,0,1,0,0,5,9,0,0,3,0,0,81,54,"Richmond","2020",7
21,"Balta, Noah",4,1,6,10,0,0,0,0,1,1,0,2,0,0,0,4,6,0,0,4,0,0,100,54,"Richmond","2020",7
29,"Bolton, Shai",10,1,9,19,0,1,0,1,1,7,5,4,1,2,3,10,10,0,0,2,2,1,76,54,"Richmond","2020",7
35,"Broad, Nathan",13,6,2,15,0,0,0,1,2,2,0,0,0,0,0,0,15,0,0,3,2,0,92,54,"Richmond","2020",7
22,"Caddy, Josh",3,2,2,5,0,0,0,0,0,1,0,1,0,0,0,0,5,0,0,1,0,0,29,54,"Richmond","2020",7
11,"Castagna, Jason",13,6,5,18,1,1,0,1,0,5,0,2,1,1,0,5,14,0,1,0,0,1,89,54,"Richmond","2020",7
41,"Chol, Mabior",7,4,2,9,2,0,1,3,0,1,0,0,0,0,0,4,5,1,2,1,0,0,69,54,"Richmond","2020",7
43,"Eggmolesse-Smith, Derek",17,6,6,23,0,0,0,3,4,3,0,1,0,0,2,3,17,1,0,1,0,0,81,54,"Richmond","2020",7
34,"Graham, Jack",5,3,9,14,0,0,0,9,2,1,2,2,0,2,0,8,7,0,0,1,0,0,69,54,"Richmond","2020",7
2,"Grimes, Dylan",12,9,7,19,0,0,0,2,0,2,0,1,1,1,0,6,15,1,0,9,0,0,95,54,"Richmond","2020",7
13,"Higgins, Jack",10,5,9,19,0,0,0,0,0,3,1,4,1,2,0,8,12,0,1,0,0,0,89,54,"Richmond","2020",7
23,"Lambert, Kane",7,5,12,19,0,0,0,2,2,4,1,1,0,0,0,3,17,0,0,0,0,1,88,54,"Richmond","2020",7
19,"Lynch, Tom",3,2,1,4,1,1,0,1,0,2,0,2,0,2,0,0,4,0,2,1,0,1,92,54,"Richmond","2020",7
4,"Martin, Dustin",11,3,5,16,2,0,0,3,0,4,3,4,2,2,0,6,10,0,0,0,0,0,92,54,"Richmond","2020",7
33,"McIntosh, Kamdyn",3,2,4,7,0,0,0,5,0,0,0,0,0,0,0,0,7,0,0,3,0,0,93,54,"Richmond","2020",7
50,"Pickett, Marlion",8,5,8,16,1,0,0,7,1,1,1,2,0,0,0,3,13,0,0,3,0,0,74,54,"Richmond","2020",7
8,"Riewoldt, Jack",6,4,2,8,1,1,0,2,0,2,0,0,1,0,0,2,6,1,2,3,0,0,85,54,"Richmond","2020",7
17,"Rioli, Daniel",5,1,6,11,1,0,0,3,0,4,1,2,0,0,0,6,5,0,0,0,0,0,82,54,"Richmond","2020",7
15,"Short, Jayden",18,8,3,21,0,2,0,0,7,2,0,3,1,1,1,2,15,0,1,2,1,0,86,54,"Richmond","2020",7
20,"Soldo, Ivan",4,2,4,8,0,0,23,3,1,2,3,4,1,4,0,5,3,0,0,5,0,0,85,54,"Richmond","2020",7
1,"Vlastuin, Nick",12,7,4,16,0,0,0,2,4,1,0,1,1,0,0,6,9,1,0,2,0,0,73,54,"Richmond","2020",7
0,"Rushed",0,0,0,0,0,2,0,0,0,0,0,0,0,0,0,0,0,0,0,0,0,0,0,54,"Richmond","2020",7
18,"Atley, Shaun",5,2,10,15,0,0,0,1,3,0,4,0,0,0,0,8,7,0,0,1,0,0,91,-54,"North Melbourne","2020",7
16,"Bonar, Aiden",5,4,6,11,0,0,0,3,1,1,0,2,0,0,0,2,9,0,0,2,0,0,90,-54,"North Melbourne","2020",7
50,"Brown, Ben",5,4,3,8,0,3,1,1,0,0,0,2,0,1,0,3,5,0,3,0,0,0,100,-54,"North Melbourne","2020",7
14,"Dumont, Trent",11,4,14,25,1,0,0,6,2,4,3,3,0,0,0,11,13,1,0,2,0,0,93,-54,"North Melbourne","2020",7
22,"Goldstein, Todd",8,2,6,14,0,0,26,1,2,1,6,2,2,1,0,8,6,0,0,1,0,0,95,-54,"North Melbourne","2020",7
43,"Hall, Aaron",12,2,10,22,0,0,0,1,0,3,4,0,0,0,0,9,14,0,0,1,0,0,88,-54,"North Melbourne","2020",7
37,"Hayden, Kyron",3,2,1,4,0,0,0,0,0,0,0,2,0,1,0,0,4,0,0,1,0,0,42,-54,"North Melbourne","2020",7
4,"Higgins, Shaun",14,5,22,36,0,0,0,5,6,0,4,1,3,1,0,10,25,0,0,0,0,1,89,-54,"North Melbourne","2020",7
34,"Macmillan, Jamie",9,2,5,14,0,0,0,1,6,1,2,1,2,0,0,5,8,0,0,0,0,0,71,-54,"North Melbourne","2020",7
35,"Mahony, Jack",3,2,5,8,0,1,0,2,0,0,0,2,0,2,0,4,4,0,1,0,0,0,86,-54,"North Melbourne","2020",7
11,"McDonald, Luke",6,2,7,13,0,0,0,3,1,4,2,2,1,0,0,4,10,0,1,1,0,0,80,-54,"North Melbourne","2020",7
23,"McKay, Ben",4,1,1,5,0,0,0,3,1,0,0,0,2,0,0,2,4,0,0,15,0,0,100,-54,"North Melbourne","2020",7
17,"Pittard, Jasper",4,0,5,9,0,0,0,2,0,0,0,3,2,0,0,3,5,0,0,2,0,0,85,-54,"North Melbourne","2020",7
13,"Polec, Jared",15,3,8,23,0,0,0,2,4,3,4,8,2,2,0,7,16,0,1,0,0,0,83,-54,"North Melbourne","2020",7
8,"Scott, Bailey",4,3,4,8,0,0,0,1,0,0,0,2,0,1,0,3,5,0,0,0,0,0,85,-54,"North Melbourne","2020",7
12,"Simpkin, Jy",8,1,6,14,0,1,0,1,1,3,1,1,2,1,0,9,5,0,0,1,0,0,61,-54,"North Melbourne","2020",7
25,"Tarrant, Robbie",11,4,7,18,0,0,0,2,5,0,0,1,0,0,0,2,11,0,0,4,0,0,100,-54,"North Melbourne","2020",7
31,"Taylor, Curtis",10,6,8,18,0,0,0,2,0,5,0,2,0,0,0,4,13,1,0,0,0,0,92,-54,"North Melbourne","2020",7
19,"Walker, Josh",8,8,6,14,1,2,1,0,0,0,1,3,0,0,0,9,6,5,3,0,0,0,94,-54,"North Melbourne","2020",7
2,"Williams, Marley",14,2,6,20,0,0,0,3,6,2,1,3,1,0,0,6,12,0,0,0,0,0,78,-54,"North Melbourne","2020",7
32,"Wood, Mason",4,3,5,9,0,0,0,2,0,1,0,2,1,1,0,2,7,0,0,0,0,0,80,-54,"North Melbourne","2020",7
7,"Ziebell, Jack",0,0,0,0,0,0,0,0,0,0,0,0,0,0,0,0,0,0,0,0,0,0,17,-54,"North Melbourne","2020",7
0,"Rushed",0,0,0,0,0,4,0,0,0,0,0,0,0,0,0,0,0,0,0,0,0,0,0,-54,"North Melbourne","2020",7
