"Number","Player","Kicks","Marks","Handballs","Disposals","Goals","Behinds","Hitouts","Tackles","Rebounds50s","Inside50s","Clearances","Clangers","FreesFor","FreesAgainst","BrownlowVotes","ContestedPossessions","UncontestedPossessions","ContestedMarks","MarksInside50","OnePercenters","Bounces","GoalAssists","PercentagePlayed","PointDifference","Team","Season","Round"
10,"Brayshaw, Angus",7,0,8,15,2,0,0,5,0,3,3,2,1,0,0,10,5,0,0,2,0,0,67,-3,"Melbourne","2020",4
31,"Fritsch, Bayley",5,4,0,5,1,1,0,0,1,1,0,0,1,0,0,1,4,0,2,0,0,0,81,-3,"Melbourne","2020",4
11,"Gawn, Max",11,3,6,17,0,0,33,2,1,4,4,1,4,0,2,10,5,0,0,2,0,0,94,-3,"Melbourne","2020",4
19,"Hannan, Mitch",4,4,3,7,0,1,0,2,0,2,0,0,2,0,0,5,3,1,0,2,0,1,64,-3,"Melbourne","2020",4
4,"Harmes, James",2,3,16,18,0,0,0,0,1,2,4,2,0,1,0,7,11,0,0,1,0,0,71,-3,"Melbourne","2020",4
14,"Hibberd, Michael",7,3,4,11,0,0,0,1,1,1,0,0,1,0,0,4,7,1,0,4,0,0,78,-3,"Melbourne","2020",4
29,"Hunt, Jayden",3,0,2,5,1,0,0,4,0,1,0,0,1,0,0,1,4,0,0,2,0,0,71,-3,"Melbourne","2020",4
15,"Langdon, Ed",9,6,7,16,0,0,0,0,3,2,2,0,0,0,0,4,13,0,0,2,0,0,97,-3,"Melbourne","2020",4
8,"Lever, Jake",6,2,4,10,0,0,0,0,2,0,0,0,1,0,0,4,6,0,0,3,0,0,100,-3,"Melbourne","2020",4
41,"Lockhart, Jay",6,2,2,8,0,0,0,3,1,2,0,2,0,2,0,4,4,1,0,2,0,0,75,-3,"Melbourne","2020",4
1,"May, Steven",9,3,1,10,0,0,0,0,5,0,0,2,1,1,0,2,5,0,0,11,0,0,95,-3,"Melbourne","2020",4
25,"McDonald, Tom",4,2,4,8,1,0,0,1,0,2,0,2,1,1,0,4,3,1,2,2,0,1,90,-3,"Melbourne","2020",4
18,"Melksham, Jake",10,2,1,11,0,2,0,1,1,0,1,4,1,1,0,5,6,0,1,0,0,0,82,-3,"Melbourne","2020",4
13,"Oliver, Clayton",10,2,13,23,0,0,0,6,5,2,7,4,1,3,0,13,8,0,0,1,0,1,85,-3,"Melbourne","2020",4
5,"Petracca, Christian",9,2,9,18,1,1,0,4,1,3,0,0,2,0,0,8,11,0,0,0,0,0,90,-3,"Melbourne","2020",4
36,"Pickett, Kysaiah",4,0,6,10,0,1,0,3,0,3,3,2,0,2,0,9,1,0,0,1,0,0,77,-3,"Melbourne","2020",4
24,"Rivers, Trent",7,1,5,12,0,0,0,3,0,2,0,5,1,1,0,4,7,0,0,2,0,0,75,-3,"Melbourne","2020",4
3,"Salem, Christian",9,4,2,11,0,0,0,2,4,1,0,1,0,0,0,2,7,1,0,2,0,0,82,-3,"Melbourne","2020",4
44,"Smith, Joel",4,2,2,6,0,0,0,1,0,0,0,0,0,0,0,2,4,1,0,6,0,0,95,-3,"Melbourne","2020",4
20,"Tomlinson, Adam",15,5,4,19,0,1,0,3,3,6,2,3,0,2,0,4,16,0,1,1,0,0,90,-3,"Melbourne","2020",4
22,"Vandenberg, Aaron",1,0,6,7,0,0,0,3,1,1,1,1,0,1,0,3,5,0,0,0,0,0,62,-3,"Melbourne","2020",4
7,"Viney, Jack",10,2,11,21,0,0,0,3,0,8,5,2,1,1,0,9,12,0,0,0,0,0,78,-3,"Melbourne","2020",4
0,"Rushed",0,0,0,0,0,1,0,0,0,0,0,0,0,0,0,0,0,0,0,0,0,0,0,-3,"Melbourne","2020",4
4,"Ablett, Gary",3,1,8,11,0,0,0,4,1,0,1,2,0,1,0,7,5,0,0,0,0,1,90,3,"Geelong","2020",4
30,"Atkins, Tom",1,0,0,1,0,0,0,1,0,1,0,0,1,0,0,1,1,0,0,0,0,0,50,3,"Geelong","2020",4
24,"Bews, Jed",14,6,1,15,0,0,0,1,4,2,0,1,1,0,0,3,12,0,0,2,0,0,95,3,"Geelong","2020",4
46,"Blicavs, Mark",10,5,5,15,0,0,0,2,3,1,1,1,1,0,0,8,6,1,0,7,0,0,100,3,"Geelong","2020",4
40,"Dahlhaus, Luke",7,3,7,14,0,0,0,5,1,2,0,0,1,0,0,6,8,0,1,1,0,2,81,3,"Geelong","2020",4
35,"Dangerfield, Patrick",14,6,8,22,1,0,0,3,2,5,2,2,2,1,0,10,12,1,0,0,0,1,83,3,"Geelong","2020",4
22,"Duncan, Mitch",14,9,5,19,1,0,0,4,4,2,1,4,1,2,0,6,14,0,1,1,0,1,86,3,"Geelong","2020",4
28,"Fort, Darcy",3,2,4,7,1,0,19,1,0,0,3,4,0,3,0,5,1,1,1,4,0,1,78,3,"Geelong","2020",4
29,"Guthrie, Cameron",19,10,5,24,1,0,0,2,1,4,3,2,1,2,3,6,16,1,1,1,0,0,83,3,"Geelong","2020",4
26,"Hawkins, Tom",10,7,3,13,1,3,2,0,1,1,1,2,0,1,0,5,9,1,3,0,0,0,98,3,"Geelong","2020",4
38,"Henry, Jack",8,3,0,8,0,0,0,5,4,1,0,1,1,1,0,3,5,0,0,9,0,0,100,3,"Geelong","2020",4
8,"Kolodjashnij, Jake",10,6,4,14,0,0,0,2,3,2,0,1,0,1,0,5,10,0,0,8,0,0,90,3,"Geelong","2020",4
27,"Menegola, Sam",13,10,12,25,0,0,0,4,2,6,3,5,0,1,1,8,18,0,0,1,0,1,91,3,"Geelong","2020",4
32,"Miers, Gryan",11,9,10,21,0,0,0,0,1,3,2,3,0,0,0,3,17,0,0,0,1,0,84,3,"Geelong","2020",4
42,"OConnor, Mark",17,14,3,20,0,0,0,2,4,1,0,3,1,2,0,3,18,0,0,3,0,0,87,3,"Geelong","2020",4
3,"Parfitt, Brandan",10,3,4,14,1,0,0,9,0,1,2,2,2,1,0,6,8,0,0,1,0,0,75,3,"Geelong","2020",4
17,"Ratugolea, Esava",4,4,1,5,1,1,7,2,0,0,0,1,0,0,0,2,3,2,2,1,0,0,80,3,"Geelong","2020",4
23,"Rohan, Gary",3,0,3,6,0,0,0,2,0,0,0,1,2,1,0,5,1,0,0,0,0,0,78,3,"Geelong","2020",4
14,"Selwood, Joel",13,4,10,23,0,0,0,2,1,3,2,1,1,1,0,9,11,0,0,2,0,0,86,3,"Geelong","2020",4
9,"Steven, Jack",8,5,9,17,0,0,0,1,0,1,2,3,1,0,0,4,11,0,0,0,0,0,70,3,"Geelong","2020",4
44,"Stewart, Tom",3,2,1,4,0,0,0,0,1,0,0,0,0,0,0,0,3,0,0,1,0,0,18,3,"Geelong","2020",4
2,"Tuohy, Zach",14,3,3,17,0,0,0,0,6,2,0,2,0,1,0,3,12,0,0,2,0,0,97,3,"Geelong","2020",4
0,"Rushed",0,0,0,0,0,1,0,0,0,0,0,0,0,0,0,0,0,0,0,0,0,0,0,3,"Geelong","2020",4
