"Number","Player","Kicks","Marks","Handballs","Disposals","Goals","Behinds","Hitouts","Tackles","Rebounds50s","Inside50s","Clearances","Clangers","FreesFor","FreesAgainst","BrownlowVotes","ContestedPossessions","UncontestedPossessions","ContestedMarks","MarksInside50","OnePercenters","Bounces","GoalAssists","PercentagePlayed","PointDifference","Team","Season","Round"
13,"Fantasia, Orazio",9,4,10,19,0,0,0,1,2,2,1,0,1,0,0,3,13,0,0,1,3,1,82,14,"Essendon","2020",6
8,"Gleeson, Martin",8,3,4,12,0,0,0,1,5,1,0,3,0,2,0,1,9,0,0,4,0,0,80,14,"Essendon","2020",6
33,"Ham, Brayden",10,4,3,13,0,1,0,3,1,3,0,0,0,0,0,2,11,0,0,0,0,0,75,14,"Essendon","2020",6
46,"Hibberd, Mitchell",9,1,10,19,0,1,0,5,0,1,1,5,1,2,0,9,9,0,0,0,0,0,80,14,"Essendon","2020",6
26,"Hooker, Cale",5,1,5,10,0,0,0,1,2,0,0,0,0,0,0,6,1,1,0,10,0,0,100,14,"Essendon","2020",6
18,"Hurley, Michael",10,4,6,16,0,0,0,0,5,0,0,1,0,0,0,6,10,1,0,9,0,0,94,14,"Essendon","2020",6
4,"Langford, Kyle",8,1,6,14,2,1,0,1,0,0,0,1,2,0,0,5,8,0,0,0,0,0,82,14,"Essendon","2020",6
15,"Laverde, Jayden",5,3,7,12,1,2,0,3,0,0,1,3,1,1,0,6,7,0,2,1,0,1,77,14,"Essendon","2020",6
43,"McDonald-Tipungwuti, Anthony",4,2,10,14,1,1,0,3,0,1,0,1,0,0,0,6,7,0,1,1,2,1,83,14,"Essendon","2020",6
1,"McGrath, Andrew",13,2,12,25,0,0,0,8,2,4,1,5,0,1,3,5,19,0,0,3,0,0,88,14,"Essendon","2020",6
45,"McKenna, Conor",10,2,8,18,0,0,0,4,5,1,0,5,0,1,0,5,12,0,0,2,2,0,76,14,"Essendon","2020",6
44,"McKernan, Shaun",5,3,4,9,0,1,4,2,1,2,2,6,0,3,0,3,7,1,1,2,0,0,69,14,"Essendon","2020",6
7,"Merrett, Zach",8,3,10,18,0,0,0,2,0,3,1,3,1,1,0,4,14,0,0,1,0,1,78,14,"Essendon","2020",6
3,"Parish, Darcy",8,0,13,21,0,0,0,6,0,7,7,5,1,1,0,14,7,0,0,0,0,0,79,14,"Essendon","2020",6
34,"Phillips, Andrew",4,1,0,4,0,0,28,4,0,2,3,4,1,3,0,3,1,1,0,1,0,0,81,14,"Essendon","2020",6
14,"Ridley, Jordan",14,7,4,18,0,0,0,1,7,3,0,1,0,0,0,4,13,3,0,6,0,0,84,14,"Essendon","2020",6
42,"Saad, Adam",11,2,10,21,0,0,0,2,6,2,1,2,2,0,0,6,13,0,0,2,1,0,84,14,"Essendon","2020",6
9,"Shiel, Dylan",5,1,7,12,0,0,0,5,1,1,4,2,3,0,0,8,3,0,0,3,0,0,74,14,"Essendon","2020",6
5,"Smith, Devon",10,2,13,23,0,1,0,6,0,4,2,7,1,1,0,8,12,0,0,0,0,0,80,14,"Essendon","2020",6
40,"Snelling, Will",8,1,7,15,1,0,0,8,1,1,3,1,3,0,0,10,5,0,0,0,0,0,87,14,"Essendon","2020",6
20,"Townsend, Jacob",7,3,2,9,1,2,0,0,0,2,0,6,1,4,0,6,3,1,3,1,0,1,82,14,"Essendon","2020",6
11,"Zaharakis, David",11,3,9,20,3,2,0,0,0,3,1,0,0,0,2,6,14,0,0,0,0,1,82,14,"Essendon","2020",6
0,"Rushed",0,0,0,0,0,1,0,0,0,0,0,0,0,0,0,0,0,0,0,0,0,0,0,14,"Essendon","2020",6
15,"Ahern, Paul",8,2,5,13,0,0,0,5,1,1,1,3,1,0,0,7,6,0,0,0,0,0,55,-14,"North Melbourne","2020",6
18,"Atley, Shaun",13,5,2,15,1,0,0,1,2,3,3,5,0,4,0,4,10,0,1,1,0,1,92,-14,"North Melbourne","2020",6
50,"Brown, Ben",8,4,0,8,1,0,0,1,0,5,0,4,0,0,0,2,6,0,0,5,0,0,100,-14,"North Melbourne","2020",6
42,"Campbell, Tom",3,1,2,5,0,0,2,0,0,3,1,0,0,0,0,1,3,0,0,5,0,0,73,-14,"North Melbourne","2020",6
14,"Dumont, Trent",10,3,8,18,0,0,0,7,2,4,5,2,1,1,0,9,10,0,0,0,0,0,89,-14,"North Melbourne","2020",6
22,"Goldstein, Todd",13,5,6,19,1,0,30,2,0,4,6,5,4,2,1,11,8,1,0,2,0,0,95,-14,"North Melbourne","2020",6
43,"Hall, Aaron",14,4,9,23,0,2,0,2,1,7,2,4,0,1,0,9,12,0,0,0,0,0,84,-14,"North Melbourne","2020",6
37,"Hayden, Kyron",5,4,1,6,0,0,0,2,2,0,0,2,0,0,0,3,4,1,0,2,0,0,86,-14,"North Melbourne","2020",6
4,"Higgins, Shaun",11,3,4,15,1,0,0,2,1,4,0,3,1,0,0,8,8,0,0,2,0,0,80,-14,"North Melbourne","2020",6
34,"Macmillan, Jamie",6,2,4,10,0,0,0,4,3,0,0,0,0,0,0,4,3,0,0,3,0,0,75,-14,"North Melbourne","2020",6
35,"Mahony, Jack",3,1,7,10,0,1,0,3,0,0,0,0,1,0,0,5,5,0,0,1,0,0,68,-14,"North Melbourne","2020",6
11,"McDonald, Luke",5,1,7,12,0,0,0,5,1,3,1,3,0,1,0,4,8,0,0,2,0,0,82,-14,"North Melbourne","2020",6
17,"Pittard, Jasper",16,5,2,18,0,0,0,3,7,3,0,4,3,1,0,5,9,0,0,5,0,0,87,-14,"North Melbourne","2020",6
13,"Polec, Jared",13,5,5,18,0,1,0,4,1,0,0,2,0,0,0,4,11,0,0,1,0,0,92,-14,"North Melbourne","2020",6
8,"Scott, Bailey",6,2,1,7,1,0,0,1,1,0,2,2,0,2,0,3,4,0,1,0,0,0,89,-14,"North Melbourne","2020",6
12,"Simpkin, Jy",16,3,7,23,0,1,0,6,1,6,7,4,2,1,0,16,8,0,0,1,0,1,84,-14,"North Melbourne","2020",6
25,"Tarrant, Robbie",10,0,0,10,0,0,0,1,8,1,0,1,2,1,0,3,0,0,0,6,0,0,87,-14,"North Melbourne","2020",6
31,"Taylor, Curtis",1,0,3,4,0,1,0,0,0,0,1,0,0,0,0,2,2,0,0,0,0,0,71,-14,"North Melbourne","2020",6
26,"Thomas, Tarryn",7,1,6,13,0,2,0,1,0,1,0,1,0,0,0,5,8,0,0,2,0,0,59,-14,"North Melbourne","2020",6
19,"Walker, Josh",7,3,1,8,0,0,0,0,2,1,0,3,3,0,0,6,2,3,0,5,0,0,91,-14,"North Melbourne","2020",6
2,"Williams, Marley",1,0,4,5,0,0,0,0,0,0,1,2,1,2,0,5,2,0,0,3,0,0,77,-14,"North Melbourne","2020",6
44,"Zurhaar, Cameron",8,2,11,19,2,1,0,3,0,1,1,3,1,2,0,10,8,0,1,1,0,0,85,-14,"North Melbourne","2020",6
0,"Rushed",0,0,0,0,0,2,0,0,0,0,0,0,0,0,0,0,0,0,0,0,0,0,0,-14,"North Melbourne","2020",6
