"Number","Player","Kicks","Marks","Handballs","Disposals","Goals","Behinds","Hitouts","Tackles","Rebounds50s","Inside50s","Clearances","Clangers","FreesFor","FreesAgainst","BrownlowVotes","ContestedPossessions","UncontestedPossessions","ContestedMarks","MarksInside50","OnePercenters","Bounces","GoalAssists","PercentagePlayed","PointDifference","Team","Season","Round"
36,"Aliir, Aliir",7,3,2,9,0,0,11,4,1,1,3,0,3,0,0,5,4,0,0,2,3,0,76,-32,"Sydney","2020",17
46,"Amartey, Joel",3,0,0,3,0,0,8,2,0,2,0,3,1,2,0,2,1,0,0,3,0,0,59,-32,"Sydney","2020",17
32,"Bell, James",5,0,9,14,0,1,0,3,1,2,2,2,5,2,0,8,6,0,0,0,0,0,89,-32,"Sydney","2020",17
22,"Blakey, Nick",11,0,3,14,0,0,0,1,2,5,5,2,1,0,0,7,7,0,0,1,0,2,79,-32,"Sydney","2020",17
4,"Clarke, Ryan",7,2,6,13,0,0,0,2,0,2,2,2,1,1,0,5,9,0,0,1,0,0,94,-32,"Sydney","2020",17
7,"Cunningham, Harry",11,8,3,14,0,0,0,1,3,0,0,1,1,0,0,3,11,0,0,1,0,0,82,-32,"Sydney","2020",17
13,"Florent, Oliver",9,0,5,14,0,0,0,1,1,5,6,2,0,1,0,9,4,0,0,0,0,0,78,-32,"Sydney","2020",17
42,"Fox, Robbie",5,1,5,10,0,0,0,2,2,0,0,0,0,0,0,3,7,0,0,4,0,0,91,-32,"Sydney","2020",17
9,"Hayward, Will",7,5,4,11,2,0,0,2,0,1,1,1,2,0,0,7,4,1,2,1,0,0,91,-32,"Sydney","2020",17
12,"Kennedy, Josh",13,5,13,26,0,0,0,10,3,5,8,5,0,1,1,15,11,0,0,2,0,0,84,-32,"Sydney","2020",17
44,"Lloyd, Jake",20,4,6,26,0,0,0,2,7,2,1,4,0,0,0,5,15,0,0,2,0,0,94,-32,"Sydney","2020",17
30,"McCartin, Tom",3,1,1,4,0,0,0,1,0,1,0,2,0,1,0,2,2,1,0,6,0,0,93,-32,"Sydney","2020",17
27,"McInerney, Justin",6,3,11,17,0,0,0,1,1,2,1,2,0,1,0,7,11,0,0,2,0,0,91,-32,"Sydney","2020",17
43,"Melican, Lewis",6,1,3,9,0,0,0,1,4,0,0,3,0,1,0,4,4,1,0,3,0,0,91,-32,"Sydney","2020",17
14,"Mills, Callum",11,4,6,17,0,0,0,3,4,3,0,3,2,0,0,6,11,1,0,3,0,0,87,-32,"Sydney","2020",17
11,"Papley, Tom",10,3,2,12,2,2,0,0,0,2,1,3,1,0,0,6,6,0,1,0,0,0,90,-32,"Sydney","2020",17
26,"Parker, Luke",13,3,20,33,2,0,0,2,1,2,5,9,1,2,2,18,12,0,1,2,0,1,86,-32,"Sydney","2020",17
20,"Reid, Sam",3,1,2,5,0,0,1,2,0,2,0,3,0,1,0,3,2,1,0,3,0,1,79,-32,"Sydney","2020",17
3,"Stephens, Dylan",13,5,3,16,0,0,0,2,1,2,2,3,0,1,0,4,13,0,1,1,1,0,92,-32,"Sydney","2020",17
28,"Taylor, Lewis",0,0,0,0,0,0,0,0,0,0,0,0,0,0,0,0,0,0,0,0,0,0,10,-32,"Sydney","2020",17
6,"Thurlow, Jackson",7,2,4,11,0,0,0,3,3,1,0,0,0,0,0,5,6,0,0,3,0,0,79,-32,"Sydney","2020",17
45,"Wicks, Sam",8,5,4,12,0,0,0,5,0,2,0,3,0,1,0,3,9,0,1,1,0,0,85,-32,"Sydney","2020",17
0,"Rushed",0,0,0,0,0,2,0,0,0,0,0,0,0,0,0,0,0,0,0,0,0,0,0,-32,"Sydney","2020",17
4,"Ah Chee, Callum",7,2,2,9,0,0,0,4,1,4,2,5,0,2,0,5,5,0,0,1,0,0,82,32,"Brisbane Lions","2020",17
43,"Answerth, Noah",7,0,0,7,0,0,0,3,2,2,1,2,2,1,0,5,3,0,0,3,0,1,82,32,"Brisbane Lions","2020",17
33,"Bailey, Zac",7,2,1,8,2,0,0,3,0,1,0,2,0,0,0,4,4,0,1,0,0,0,80,32,"Brisbane Lions","2020",17
14,"Birchall, Grant",10,4,0,10,0,0,0,0,4,2,0,1,0,0,0,2,8,0,0,2,0,0,77,32,"Brisbane Lions","2020",17
23,"Cameron, Charlie",10,2,2,12,2,1,0,0,0,1,0,2,0,0,0,4,7,0,1,0,0,1,85,32,"Brisbane Lions","2020",17
18,"Coleman, Keidean",6,2,3,9,1,1,0,7,0,2,1,6,0,4,0,2,5,0,0,0,1,0,79,32,"Brisbane Lions","2020",17
28,"Ellis-Yolmen, Cam",7,1,8,15,1,0,0,3,2,2,2,0,0,0,0,11,5,0,1,2,0,0,73,32,"Brisbane Lions","2020",17
27,"Gardiner, Darcy",7,7,3,10,0,0,0,0,4,1,0,2,0,2,0,2,9,2,0,3,0,0,95,32,"Brisbane Lions","2020",17
22,"Hinge, Mitch",10,2,3,13,0,0,0,3,1,4,2,0,0,0,0,7,6,0,0,1,0,1,83,32,"Brisbane Lions","2020",17
30,"Hipwood, Eric",5,0,3,8,2,0,0,0,0,1,0,3,0,1,0,3,4,0,0,2,0,0,93,32,"Brisbane Lions","2020",17
35,"Lester, Ryan",12,6,2,14,0,0,0,4,3,0,0,2,1,0,0,5,8,1,0,5,0,0,86,32,"Brisbane Lions","2020",17
17,"Lyons, Jarryd",13,1,7,20,1,1,0,3,2,2,5,1,1,1,3,14,7,0,0,3,0,0,80,32,"Brisbane Lions","2020",17
6,"McCluggage, Hugh",12,4,3,15,0,1,0,1,1,4,5,1,1,0,0,7,7,0,0,1,0,0,85,32,"Brisbane Lions","2020",17
46,"McInerney, Oscar",6,2,8,14,0,1,20,5,1,4,4,2,2,0,0,7,6,0,0,3,0,1,78,32,"Brisbane Lions","2020",17
25,"McStay, Daniel",8,5,6,14,1,0,0,1,1,2,0,2,2,0,0,8,5,2,0,0,0,1,86,32,"Brisbane Lions","2020",17
9,"Neale, Lachie",5,0,10,15,0,0,0,1,1,1,4,4,1,1,0,10,4,0,0,0,0,1,91,32,"Brisbane Lions","2020",17
40,"Payne, Jack",5,3,3,8,0,0,0,1,2,0,0,0,0,0,0,3,4,0,0,5,0,0,97,32,"Brisbane Lions","2020",17
16,"Rayner, Cam",2,1,2,4,0,0,0,5,1,1,1,2,1,0,0,2,2,0,0,0,0,0,74,32,"Brisbane Lions","2020",17
10,"Rich, Daniel",19,10,4,23,0,0,0,2,6,5,0,4,1,1,0,1,20,0,0,1,0,0,80,32,"Brisbane Lions","2020",17
5,"Robinson, Mitch",8,2,5,13,0,0,0,6,3,1,3,4,1,2,0,7,7,0,0,1,0,0,85,32,"Brisbane Lions","2020",17
44,"Smith, Archie",3,0,2,5,0,0,14,0,0,2,1,2,1,1,0,4,1,0,0,1,0,0,52,32,"Brisbane Lions","2020",17
15,"Zorko, Dayne",8,2,3,11,1,0,0,3,0,4,3,3,1,2,0,6,5,0,1,1,0,0,77,32,"Brisbane Lions","2020",17
0,"Rushed",0,0,0,0,0,2,0,0,0,0,0,0,0,0,0,0,0,0,0,0,0,0,0,32,"Brisbane Lions","2020",17
