"Number","Player","Kicks","Marks","Handballs","Disposals","Goals","Behinds","Hitouts","Tackles","Rebounds50s","Inside50s","Clearances","Clangers","FreesFor","FreesAgainst","BrownlowVotes","ContestedPossessions","UncontestedPossessions","ContestedMarks","MarksInside50","OnePercenters","Bounces","GoalAssists","PercentagePlayed","PointDifference","Team","Season","Round"
26,"Battle, Josh",9,6,7,16,1,0,2,0,0,2,0,3,2,1,0,7,9,2,1,1,0,1,71,26,"St Kilda","2020",4
15,"Billings, Jack",13,5,12,25,0,0,0,2,2,3,5,1,1,0,0,9,15,0,0,1,0,0,92,26,"St Kilda","2020",4
16,"Butler, Dan",10,3,4,14,3,2,0,3,1,3,0,0,1,0,3,6,8,1,0,0,0,1,84,26,"St Kilda","2020",4
2,"Carlisle, Jake",8,9,1,9,0,0,3,1,2,0,0,0,0,0,1,2,7,2,0,7,0,0,97,26,"St Kilda","2020",4
11,"Clark, Hunter",8,2,7,15,0,0,0,5,1,2,3,1,2,0,0,9,7,0,0,1,0,1,78,26,"St Kilda","2020",4
1,"Coffield, Nick",10,5,6,16,0,0,0,1,1,0,3,1,0,0,0,7,9,0,0,2,0,0,75,26,"St Kilda","2020",4
4,"Gresham, Jade",4,2,6,10,0,0,0,2,0,2,2,3,0,1,0,4,6,0,0,1,0,0,70,26,"St Kilda","2020",4
10,"Hannebery, Dan",5,1,13,18,0,0,0,1,2,2,4,2,0,1,0,9,9,0,0,1,0,0,79,26,"St Kilda","2020",4
8,"Hill, Bradley",14,6,5,19,1,0,0,2,2,3,0,4,2,0,0,2,16,0,1,1,0,0,85,26,"St Kilda","2020",4
20,"Howard, Dougal",8,5,0,8,0,0,1,1,1,0,0,0,0,0,0,1,5,0,0,8,0,0,93,26,"St Kilda","2020",4
3,"Jones, Zak",6,2,6,12,0,0,0,0,0,2,1,4,0,0,0,5,6,0,0,0,0,1,48,26,"St Kilda","2020",4
25,"Kent, Dean",8,2,2,10,2,0,0,0,1,2,1,6,0,2,0,2,6,0,0,1,0,1,77,26,"St Kilda","2020",4
12,"King, Max",5,3,5,10,0,0,0,1,1,1,0,2,0,1,0,4,5,1,0,0,0,0,86,26,"St Kilda","2020",4
21,"Long, Ben",9,2,8,17,0,0,0,7,2,1,1,5,1,3,2,9,9,0,0,3,0,0,85,26,"St Kilda","2020",4
13,"Lonie, Jack",12,3,4,16,2,0,0,1,3,3,2,3,3,1,0,5,10,0,0,0,0,2,83,26,"St Kilda","2020",4
43,"Marsh, Jonathon",7,4,4,11,1,0,0,5,0,3,0,3,1,1,0,4,7,1,2,1,0,1,86,26,"St Kilda","2020",4
19,"Marshall, Rowan",8,4,7,15,2,0,25,2,0,2,2,3,0,2,0,10,5,2,1,1,0,0,91,26,"St Kilda","2020",4
28,"Membrey, Tim",7,7,6,13,3,1,0,3,0,0,0,0,0,0,0,6,7,2,5,2,0,1,81,26,"St Kilda","2020",4
33,"Paton, Ben",5,5,9,14,0,0,0,0,2,1,1,1,0,0,0,3,9,0,0,1,0,0,81,26,"St Kilda","2020",4
6,"Ross, Sebastian",9,2,7,16,0,0,0,3,2,4,3,4,0,2,0,5,12,0,0,0,0,0,87,26,"St Kilda","2020",4
9,"Steele, Jack",10,3,11,21,0,0,0,10,3,2,5,1,1,0,0,8,13,1,0,0,0,0,81,26,"St Kilda","2020",4
44,"Wilkie, Callum",8,1,2,10,0,0,0,2,2,0,0,0,1,0,0,1,6,0,0,4,0,0,91,26,"St Kilda","2020",4
0,"Totals",183,82,132,315,15,3,31,52,28,38,33,47,15,15,6,118,186,12,10,36,0,9,0,26,"St Kilda","2020",4
12,"Astbury, David",8,5,6,14,0,0,0,1,1,2,0,3,0,0,0,6,7,2,0,3,0,1,85,-26,"Richmond","2020",4
7,"Baker, Liam",2,3,12,14,0,0,0,4,1,1,0,3,0,1,0,5,9,0,0,3,0,0,79,-26,"Richmond","2020",4
29,"Bolton, Shai",8,3,2,10,2,0,0,4,0,3,0,0,0,0,0,3,8,0,0,0,0,0,69,-26,"Richmond","2020",4
35,"Broad, Nathan",2,3,8,10,0,0,0,0,1,0,0,1,0,0,0,4,6,0,0,2,0,0,87,-26,"Richmond","2020",4
22,"Caddy, Josh",6,4,6,12,0,0,0,1,2,3,0,1,0,0,0,1,10,0,0,0,0,1,80,-26,"Richmond","2020",4
11,"Castagna, Jason",2,1,7,9,1,1,0,2,0,1,0,1,1,0,0,2,7,0,0,0,0,0,82,-26,"Richmond","2020",4
9,"Cotchin, Trent",10,4,13,23,0,0,0,6,0,6,2,2,3,1,0,12,11,0,0,0,0,1,75,-26,"Richmond","2020",4
10,"Edwards, Shane",10,0,14,24,1,0,0,6,1,4,8,4,0,0,0,14,11,0,0,3,0,1,76,-26,"Richmond","2020",4
2,"Grimes, Dylan",2,0,3,5,0,0,0,0,0,0,0,1,1,1,0,2,3,0,0,8,0,0,96,-26,"Richmond","2020",4
13,"Higgins, Jack",8,4,9,17,1,1,0,2,0,3,3,1,1,0,0,7,10,0,0,2,0,1,83,-26,"Richmond","2020",4
14,"Houli, Bachar",13,8,8,21,0,0,0,2,4,1,1,3,1,1,0,1,18,0,0,1,0,0,88,-26,"Richmond","2020",4
23,"Lambert, Kane",2,0,9,11,0,0,0,4,0,1,0,1,0,0,0,3,8,0,0,0,0,1,74,-26,"Richmond","2020",4
19,"Lynch, Tom",8,4,6,14,2,2,0,1,0,2,0,3,0,2,0,5,12,1,4,2,0,1,98,-26,"Richmond","2020",4
4,"Martin, Dustin",7,2,11,18,0,0,0,1,0,1,2,0,1,0,0,10,9,0,0,2,0,0,92,-26,"Richmond","2020",4
33,"McIntosh, Kamdyn",5,3,4,9,0,0,0,2,1,0,1,3,1,1,0,2,8,0,0,3,0,0,73,-26,"Richmond","2020",4
25,"Nankervis, Toby",9,4,8,17,1,0,26,7,2,2,5,2,3,0,0,13,4,2,1,7,0,0,80,-26,"Richmond","2020",4
3,"Prestia, Dion",13,1,12,25,0,0,0,6,2,4,5,7,1,2,0,8,18,0,0,1,0,0,82,-26,"Richmond","2020",4
8,"Riewoldt, Jack",5,3,2,7,1,3,0,1,0,0,0,1,0,1,0,3,4,0,3,2,0,2,98,-26,"Richmond","2020",4
5,"Ross, Jack",6,1,7,13,0,0,0,1,1,0,0,4,0,0,0,5,10,0,0,2,0,0,69,-26,"Richmond","2020",4
15,"Short, Jayden",13,5,7,20,0,0,0,0,4,3,1,3,1,1,0,6,14,0,0,1,1,0,74,-26,"Richmond","2020",4
44,"Stack, Sydney",3,1,6,9,1,0,0,0,0,0,1,4,0,1,0,2,7,0,0,2,0,0,73,-26,"Richmond","2020",4
1,"Vlastuin, Nick",7,3,4,11,0,0,0,0,3,2,0,5,1,3,0,5,7,1,0,3,0,0,85,-26,"Richmond","2020",4
0,"Totals",149,62,164,313,10,7,26,51,23,39,29,53,15,15,0,119,201,6,8,47,1,9,0,-26,"Richmond","2020",4
