"Number","Player","Kicks","Marks","Handballs","Disposals","Goals","Behinds","Hitouts","Tackles","Rebounds50s","Inside50s","Clearances","Clangers","FreesFor","FreesAgainst","BrownlowVotes","ContestedPossessions","UncontestedPossessions","ContestedMarks","MarksInside50","OnePercenters","Bounces","GoalAssists","PercentagePlayed","PointDifference","Team","Season","Round"
26,"Battle, Josh",5,1,0,5,1,0,0,0,0,4,1,0,2,0,0,3,1,0,0,2,0,0,77,52,"St Kilda","2020",18
15,"Billings, Jack",8,2,4,12,1,0,0,2,0,3,2,1,1,0,0,6,7,0,0,0,0,0,83,52,"St Kilda","2020",18
16,"Butler, Dan",9,2,2,11,1,1,0,2,2,4,0,1,1,0,0,9,4,0,0,2,1,1,89,52,"St Kilda","2020",18
2,"Carlisle, Jake",5,1,0,5,0,0,0,1,1,1,1,1,0,1,0,2,4,0,0,2,0,0,91,52,"St Kilda","2020",18
11,"Clark, Hunter",11,3,5,16,0,0,0,5,1,2,5,4,0,2,0,8,10,0,0,2,0,0,72,52,"St Kilda","2020",18
1,"Coffield, Nick",11,7,4,15,0,0,0,0,3,0,1,2,0,1,0,4,12,0,0,0,0,0,89,52,"St Kilda","2020",18
14,"Geary, Jarryn",2,1,7,9,0,0,0,2,0,0,2,0,1,0,0,6,4,0,0,2,0,0,78,52,"St Kilda","2020",18
10,"Hannebery, Dan",9,2,4,13,0,1,0,1,1,4,2,2,0,1,0,4,9,0,0,1,0,0,58,52,"St Kilda","2020",18
8,"Hill, Bradley",12,4,2,14,1,0,0,3,4,3,1,1,0,0,0,1,13,0,0,1,2,0,88,52,"St Kilda","2020",18
20,"Howard, Dougal",8,3,1,9,0,0,0,0,4,0,0,2,0,0,0,1,3,0,0,3,0,0,81,52,"St Kilda","2020",18
25,"Kent, Dean",9,6,3,12,0,0,0,1,1,6,0,4,0,1,0,2,9,0,0,0,0,0,81,52,"St Kilda","2020",18
12,"King, Max",6,5,3,9,1,2,0,1,0,3,0,1,1,0,0,5,4,2,2,2,0,0,86,52,"St Kilda","2020",18
21,"Long, Ben",9,5,3,12,0,0,0,0,2,2,1,2,1,0,0,5,9,0,0,3,0,0,87,52,"St Kilda","2020",18
13,"Lonie, Jack",8,2,1,9,2,0,0,3,0,1,0,2,1,1,0,3,7,0,1,0,0,0,72,52,"St Kilda","2020",18
19,"Marshall, Rowan",14,7,4,18,1,1,7,1,0,3,4,2,3,1,3,9,9,2,2,1,0,0,84,52,"St Kilda","2020",18
28,"Membrey, Tim",8,3,1,9,1,1,0,1,0,2,0,1,1,0,0,3,6,1,1,1,0,0,82,52,"St Kilda","2020",18
33,"Paton, Ben",9,4,4,13,0,0,0,1,3,1,0,1,0,0,0,4,7,0,0,1,0,0,86,52,"St Kilda","2020",18
6,"Ross, Sebastian",13,1,6,19,0,1,0,1,1,5,2,2,0,0,1,5,12,0,0,0,0,1,86,52,"St Kilda","2020",18
18,"Ryder, Paddy",5,1,1,6,1,0,29,3,0,0,3,1,0,1,0,3,2,0,0,4,0,0,77,52,"St Kilda","2020",18
35,"Sinclair, Jack",7,2,6,13,0,0,0,3,1,2,1,4,1,1,0,6,7,0,0,1,1,1,80,52,"St Kilda","2020",18
9,"Steele, Jack",7,1,11,18,2,0,0,7,1,2,10,1,3,0,2,14,2,0,0,3,0,1,86,52,"St Kilda","2020",18
44,"Wilkie, Callum",9,4,2,11,0,0,0,1,5,0,0,1,0,0,0,4,4,1,0,4,0,0,89,52,"St Kilda","2020",18
0,"Rushed",0,0,0,0,0,3,0,0,0,0,0,0,0,0,0,0,0,0,0,0,0,0,0,52,"St Kilda","2020",18
44,"Buckley, Jack",6,4,1,7,0,0,0,2,0,0,0,2,0,0,0,1,6,0,0,3,0,0,83,-52,"Greater Western Sydney","2020",18
18,"Cameron, Jeremy",8,6,2,10,0,1,0,0,0,4,1,2,0,1,0,7,3,3,1,3,0,0,86,-52,"Greater Western Sydney","2020",18
3,"Coniglio, Stephen",15,6,8,23,0,0,0,2,5,4,3,2,2,2,0,10,14,0,0,2,0,0,86,-52,"Greater Western Sydney","2020",18
13,"Cumming, Isaac",11,8,5,16,0,0,0,0,4,1,0,0,0,0,0,3,10,2,0,2,0,0,86,-52,"Greater Western Sydney","2020",18
16,"Daniels, Brent",8,3,6,14,0,0,0,1,0,1,0,3,0,2,0,4,9,0,0,0,0,0,82,-52,"Greater Western Sydney","2020",18
31,"Finlayson, Jeremy",4,2,1,5,0,0,2,2,0,3,0,1,1,1,0,2,4,0,1,3,0,0,85,-52,"Greater Western Sydney","2020",18
12,"Green, Tom",6,6,9,15,0,2,0,2,1,1,2,6,0,1,0,8,7,1,1,0,0,0,68,-52,"Greater Western Sydney","2020",18
4,"Greene, Toby",7,3,5,12,1,1,0,0,0,1,1,2,0,0,0,2,8,0,1,0,0,0,92,-52,"Greater Western Sydney","2020",18
19,"Haynes, Nick",6,5,2,8,0,0,0,0,0,0,1,3,0,2,0,1,7,0,1,2,0,0,82,-52,"Greater Western Sydney","2020",18
2,"Hopper, Jacob",9,3,9,18,0,0,0,4,1,0,2,1,0,0,0,4,14,0,0,0,0,0,81,-52,"Greater Western Sydney","2020",18
39,"Idun, Connor",7,3,6,13,0,0,0,1,3,0,0,3,2,1,0,5,7,0,0,8,0,0,89,-52,"Greater Western Sydney","2020",18
25,"Keeffe, Lachlan",8,6,6,14,0,0,0,0,3,1,0,3,1,1,0,8,6,3,0,12,0,0,96,-52,"Greater Western Sydney","2020",18
22,"Kelly, Josh",11,2,7,18,0,0,0,2,2,4,4,1,2,1,0,9,9,0,0,1,0,1,89,-52,"Greater Western Sydney","2020",18
38,"Lloyd, Daniel",10,6,7,17,1,0,0,3,1,2,3,4,0,0,0,7,10,0,0,0,0,0,75,-52,"Greater Western Sydney","2020",18
41,"Mumford, Shane",0,1,5,5,0,0,12,2,0,1,2,1,0,1,0,4,1,0,0,7,0,0,82,-52,"Greater Western Sydney","2020",18
36,"Perryman, Harry",12,6,6,18,0,0,0,6,3,1,0,1,0,0,0,5,14,0,0,1,0,0,81,-52,"Greater Western Sydney","2020",18
50,"Reid, Sam",1,2,1,2,0,0,0,2,0,0,0,1,0,0,0,0,3,0,0,1,0,0,56,-52,"Greater Western Sydney","2020",18
26,"Riccardi, Jake",6,5,5,11,1,2,1,1,0,1,0,0,0,0,0,3,8,0,2,1,0,0,81,-52,"Greater Western Sydney","2020",18
23,"Shaw, Heath",15,7,1,16,0,1,0,1,6,2,1,3,1,2,0,2,11,0,0,2,0,0,82,-52,"Greater Western Sydney","2020",18
14,"Taranto, Tim",12,3,7,19,0,1,0,2,1,2,2,3,0,0,0,6,12,1,1,0,0,0,84,-52,"Greater Western Sydney","2020",18
6,"Whitfield, Lachie",16,13,12,28,0,1,0,0,6,3,2,3,1,0,0,6,22,0,1,2,0,0,83,-52,"Greater Western Sydney","2020",18
29,"Williams, Zac",9,2,4,13,0,1,0,3,0,1,0,2,0,1,0,2,10,0,0,1,0,0,72,-52,"Greater Western Sydney","2020",18
0,"Rushed",0,0,0,0,0,2,0,0,0,0,0,0,0,0,0,0,0,0,0,0,0,0,0,-52,"Greater Western Sydney","2020",18
