"Number","Player","Kicks","Marks","Handballs","Disposals","Goals","Behinds","Hitouts","Tackles","Rebounds50s","Inside50s","Clearances","Clangers","FreesFor","FreesAgainst","BrownlowVotes","ContestedPossessions","UncontestedPossessions","ContestedMarks","MarksInside50","OnePercenters","Bounces","GoalAssists","PercentagePlayed","PointDifference","Team","Season","Round"
4,"Ah Chee, Callum",7,2,5,12,0,0,0,3,2,3,1,4,1,1,0,7,5,1,0,0,0,0,75,2,"Brisbane Lions","2020",13
31,"Andrews, Harris",7,5,9,16,0,0,0,0,2,1,0,1,0,0,0,7,8,2,0,10,0,0,96,2,"Brisbane Lions","2020",13
43,"Answerth, Noah",9,2,1,10,0,0,0,0,1,0,0,2,0,0,0,1,8,0,0,2,0,0,88,2,"Brisbane Lions","2020",13
33,"Bailey, Zac",12,2,5,17,1,1,0,3,0,5,0,0,2,0,0,7,10,0,0,1,0,0,80,2,"Brisbane Lions","2020",13
7,"Berry, Jarrod",9,4,11,20,2,0,0,2,2,3,6,1,1,1,3,9,11,0,1,2,0,0,81,2,"Brisbane Lions","2020",13
14,"Birchall, Grant",2,0,4,6,0,0,0,1,1,1,0,0,0,0,0,2,4,0,0,1,0,0,70,2,"Brisbane Lions","2020",13
23,"Cameron, Charlie",3,2,1,4,1,0,0,1,0,1,0,1,0,0,0,1,2,0,1,0,0,0,80,2,"Brisbane Lions","2020",13
47,"Fullarton, Tom",4,1,4,8,1,2,0,2,0,0,2,2,1,0,0,5,3,1,1,1,0,1,67,2,"Brisbane Lions","2020",13
27,"Gardiner, Darcy",12,6,2,14,0,0,0,1,2,1,0,4,2,2,0,8,5,2,0,1,0,0,96,2,"Brisbane Lions","2020",13
30,"Hipwood, Eric",12,8,2,14,0,3,0,3,0,3,0,3,2,1,0,9,5,4,4,4,0,0,90,2,"Brisbane Lions","2020",13
35,"Lester, Ryan",8,8,7,15,0,0,0,3,2,2,1,2,0,1,0,4,11,1,0,4,0,0,89,2,"Brisbane Lions","2020",13
17,"Lyons, Jarryd",7,2,4,11,0,0,0,3,1,3,3,4,0,2,0,5,6,0,0,1,0,0,72,2,"Brisbane Lions","2020",13
11,"McCarthy, Lincoln",5,2,6,11,1,1,0,3,0,0,2,0,0,0,0,7,5,0,1,1,0,1,75,2,"Brisbane Lions","2020",13
6,"McCluggage, Hugh",13,1,6,19,0,2,0,2,3,3,3,1,0,0,1,9,9,0,1,0,0,0,86,2,"Brisbane Lions","2020",13
46,"McInerney, Oscar",5,0,3,8,0,0,20,3,1,1,2,3,0,1,0,5,3,0,0,6,0,0,75,2,"Brisbane Lions","2020",13
25,"McStay, Daniel",2,3,3,5,0,1,0,1,0,0,0,1,0,0,0,3,2,2,1,2,0,0,82,2,"Brisbane Lions","2020",13
9,"Neale, Lachie",8,7,11,19,0,0,0,1,1,1,0,2,0,0,0,4,15,0,1,0,0,0,92,2,"Brisbane Lions","2020",13
16,"Rayner, Cam",2,2,8,10,0,1,0,3,0,1,0,0,0,0,0,2,8,0,2,0,0,1,81,2,"Brisbane Lions","2020",13
5,"Robinson, Mitch",4,2,2,6,0,0,0,4,1,1,0,0,0,0,0,2,4,0,0,2,0,0,78,2,"Brisbane Lions","2020",13
37,"Starcevich, Brandon",9,4,1,10,0,0,0,0,4,2,0,0,0,0,0,2,8,1,0,1,0,0,80,2,"Brisbane Lions","2020",13
29,"Witherden, Alex",10,6,5,15,0,0,0,1,4,2,0,2,0,1,0,3,11,0,0,1,0,0,81,2,"Brisbane Lions","2020",13
15,"Zorko, Dayne",13,6,8,21,0,1,0,2,4,4,3,2,2,1,0,6,14,0,0,0,0,0,85,2,"Brisbane Lions","2020",13
0,"Rushed",0,0,0,0,0,2,0,0,0,0,0,0,0,0,0,0,0,0,0,0,0,0,0,2,"Brisbane Lions","2020",13
26,"Battle, Josh",9,2,4,13,0,2,0,4,1,1,2,0,1,0,0,6,7,0,0,1,0,0,85,-2,"St Kilda","2020",13
15,"Billings, Jack",9,3,6,15,1,0,0,1,2,2,1,2,0,0,0,8,7,1,0,0,0,0,87,-2,"St Kilda","2020",13
16,"Butler, Dan",7,2,1,8,2,0,0,5,0,2,0,2,0,0,0,0,7,0,2,1,2,1,81,-2,"St Kilda","2020",13
23,"Bytel, Jack",2,1,6,8,0,0,0,5,0,2,1,2,2,1,0,3,7,0,0,1,0,0,57,-2,"St Kilda","2020",13
2,"Carlisle, Jake",13,8,1,14,0,0,0,2,4,0,0,0,1,0,0,4,9,2,0,2,0,0,79,-2,"St Kilda","2020",13
1,"Coffield, Nick",10,3,4,14,0,0,0,1,5,0,1,0,0,0,0,6,9,0,0,4,0,0,80,-2,"St Kilda","2020",13
14,"Geary, Jarryn",9,7,7,16,0,0,0,0,2,1,0,1,0,0,0,4,12,0,0,3,0,0,80,-2,"St Kilda","2020",13
8,"Hill, Bradley",12,4,3,15,0,0,0,0,4,4,0,2,0,0,0,1,12,0,0,0,5,0,81,-2,"St Kilda","2020",13
40,"Hind, Nick",3,1,4,7,0,0,0,4,0,1,1,1,1,1,0,3,4,0,0,1,0,0,74,-2,"St Kilda","2020",13
20,"Howard, Dougal",6,2,0,6,0,0,0,2,1,1,0,4,0,3,0,1,5,0,0,4,0,0,96,-2,"St Kilda","2020",13
3,"Jones, Zak",12,1,11,23,0,1,0,3,0,2,3,6,0,0,0,11,13,0,0,2,1,0,85,-2,"St Kilda","2020",13
25,"Kent, Dean",5,2,1,6,1,0,0,2,0,3,0,1,0,0,0,0,6,0,1,0,2,0,76,-2,"St Kilda","2020",13
12,"King, Max",5,4,6,11,0,2,2,2,0,1,1,3,0,0,0,6,5,1,2,0,0,1,85,-2,"St Kilda","2020",13
21,"Long, Ben",2,3,9,11,0,0,0,4,2,1,0,2,0,0,0,6,6,1,0,3,1,0,82,-2,"St Kilda","2020",13
19,"Marshall, Rowan",11,4,3,14,1,1,10,2,0,3,1,2,3,0,0,8,4,2,1,0,0,1,81,-2,"St Kilda","2020",13
28,"Membrey, Tim",7,5,2,9,1,0,0,8,0,1,0,5,1,2,0,4,5,1,1,1,0,0,91,-2,"St Kilda","2020",13
33,"Paton, Ben",10,4,4,14,0,0,0,1,4,1,1,2,0,1,0,1,10,0,0,1,0,0,92,-2,"St Kilda","2020",13
6,"Ross, Sebastian",7,0,8,15,0,0,0,3,0,2,5,2,0,1,0,7,8,0,0,1,0,0,79,-2,"St Kilda","2020",13
18,"Ryder, Paddy",0,0,4,4,0,0,18,5,1,0,2,0,0,0,0,4,0,0,0,3,0,0,68,-2,"St Kilda","2020",13
35,"Sinclair, Jack",7,2,4,11,0,0,0,3,1,5,2,0,0,0,0,4,7,0,0,0,1,1,84,-2,"St Kilda","2020",13
9,"Steele, Jack",10,3,15,25,1,0,0,10,0,6,4,3,1,2,2,17,8,1,1,0,0,2,86,-2,"St Kilda","2020",13
44,"Wilkie, Callum",10,2,2,12,0,0,0,1,4,0,1,2,1,0,0,5,4,0,0,2,0,0,92,-2,"St Kilda","2020",13
0,"Totals",166,63,105,271,7,6,30,68,31,39,26,42,11,11,2,109,155,9,8,30,12,6,0,-2,"St Kilda","2020",13
