"Number","Player","Kicks","Marks","Handballs","Disposals","Goals","Behinds","Hitouts","Tackles","Rebounds50s","Inside50s","Clearances","Clangers","FreesFor","FreesAgainst","BrownlowVotes","ContestedPossessions","UncontestedPossessions","ContestedMarks","MarksInside50","OnePercenters","Bounces","GoalAssists","PercentagePlayed","PointDifference","Team","Season","Round"
4,"Ah Chee, Callum",13,4,4,17,0,0,0,2,5,2,0,5,1,1,0,3,11,0,0,3,0,0,84,45,"Brisbane Lions","2020",16
43,"Answerth, Noah",9,2,2,11,0,0,0,4,3,1,1,4,0,0,0,4,6,0,0,4,0,0,90,45,"Brisbane Lions","2020",16
33,"Bailey, Zac",13,6,6,19,0,0,0,3,1,4,0,3,0,2,0,4,15,0,0,0,0,0,81,45,"Brisbane Lions","2020",16
7,"Berry, Jarrod",3,4,2,5,1,0,0,0,0,1,0,0,0,0,0,1,4,0,1,1,0,0,32,45,"Brisbane Lions","2020",16
23,"Cameron, Charlie",11,7,4,15,2,3,0,5,0,3,0,1,1,0,0,5,10,2,4,2,0,1,98,45,"Brisbane Lions","2020",16
18,"Coleman, Keidean",7,2,4,11,0,0,0,4,1,0,1,2,1,1,0,4,6,0,0,0,0,2,85,45,"Brisbane Lions","2020",16
27,"Gardiner, Darcy",5,0,6,11,0,0,0,1,1,1,0,1,0,0,0,4,6,0,0,9,0,0,92,45,"Brisbane Lions","2020",16
30,"Hipwood, Eric",12,10,2,14,1,1,0,1,0,3,0,4,0,3,0,6,9,4,3,5,0,2,97,45,"Brisbane Lions","2020",16
35,"Lester, Ryan",10,5,6,16,0,0,0,3,3,1,1,3,0,2,0,4,12,0,0,3,0,0,78,45,"Brisbane Lions","2020",16
17,"Lyons, Jarryd",14,2,9,23,0,1,0,4,0,5,7,1,0,0,0,8,12,0,0,3,0,1,96,45,"Brisbane Lions","2020",16
11,"McCarthy, Lincoln",3,1,3,6,1,1,0,1,0,1,0,3,0,1,0,4,3,0,1,1,0,0,82,45,"Brisbane Lions","2020",16
6,"McCluggage, Hugh",16,4,12,28,1,0,0,3,2,7,4,6,1,2,0,9,21,0,0,2,0,1,87,45,"Brisbane Lions","2020",16
46,"McInerney, Oscar",3,1,3,6,0,0,10,3,0,1,2,0,1,0,0,4,2,1,0,2,0,0,82,45,"Brisbane Lions","2020",16
25,"McStay, Daniel",6,2,2,8,1,0,0,2,1,2,0,2,0,1,0,5,3,2,1,2,0,0,95,45,"Brisbane Lions","2020",16
9,"Neale, Lachie",15,3,18,33,0,0,0,2,2,7,6,5,3,0,3,19,14,0,0,0,0,0,97,45,"Brisbane Lions","2020",16
40,"Payne, Jack",8,6,3,11,0,0,0,1,3,0,0,5,0,2,0,9,4,3,0,8,1,0,94,45,"Brisbane Lions","2020",16
16,"Rayner, Cam",9,6,3,12,3,1,0,4,0,4,1,3,1,2,2,5,9,1,2,4,0,1,87,45,"Brisbane Lions","2020",16
10,"Rich, Daniel",18,6,4,22,0,0,0,1,6,1,0,2,2,0,0,6,11,1,0,1,0,0,81,45,"Brisbane Lions","2020",16
5,"Robinson, Mitch",11,8,6,17,1,0,0,2,1,4,3,4,0,1,1,5,11,0,0,2,0,0,86,45,"Brisbane Lions","2020",16
44,"Smith, Archie",1,1,7,8,0,0,8,0,0,0,2,4,0,2,0,4,4,0,0,3,0,1,66,45,"Brisbane Lions","2020",16
37,"Starcevich, Brandon",0,0,0,0,0,0,0,0,0,0,0,0,0,0,0,0,0,0,0,2,0,0,19,45,"Brisbane Lions","2020",16
15,"Zorko, Dayne",20,9,5,25,2,1,0,4,6,1,4,2,1,1,0,6,16,0,2,2,0,1,92,45,"Brisbane Lions","2020",16
0,"Rushed",0,0,0,0,0,2,0,0,0,0,0,0,0,0,0,0,0,0,0,0,0,0,0,45,"Brisbane Lions","2020",16
9,"Ainsworth, Ben",10,3,8,18,1,0,0,2,0,6,1,2,1,0,0,5,13,0,0,0,0,1,82,-45,"Gold Coast","2020",16
15,"Anderson, Noah",8,3,13,21,0,0,0,2,0,4,4,3,1,0,0,12,6,0,0,0,0,0,87,-45,"Gold Coast","2020",16
10,"Ballard, Charlie",4,1,5,9,0,0,0,0,3,0,0,2,2,0,0,3,6,0,0,4,0,0,88,-45,"Gold Coast","2020",16
3,"Bowes, Jack",8,1,6,14,0,0,0,0,5,0,0,2,0,0,0,2,8,0,0,4,0,0,78,-45,"Gold Coast","2020",16
35,"Budarick, Connor",2,0,4,6,0,0,0,0,1,1,0,2,2,0,0,3,4,0,0,4,0,0,82,-45,"Gold Coast","2020",16
25,"Collins, Sam",5,4,6,11,0,0,0,0,2,0,0,1,1,0,0,7,5,2,0,3,0,0,97,-45,"Gold Coast","2020",16
19,"Corbett, Josh",7,4,4,11,2,1,0,0,0,1,0,1,3,1,0,8,3,3,1,0,0,0,69,-45,"Gold Coast","2020",16
12,"Day, Sam",4,4,6,10,0,0,1,1,0,0,0,6,0,0,0,5,5,1,0,1,0,0,78,-45,"Gold Coast","2020",16
4,"Ellis, Brandon",18,6,7,25,0,0,0,1,3,8,2,2,0,0,0,7,16,0,0,3,0,1,93,-45,"Gold Coast","2020",16
26,"Flanders, Sam",4,1,3,7,0,0,0,2,1,2,0,4,1,1,0,4,3,0,0,1,0,0,66,-45,"Gold Coast","2020",16
46,"Graham, Caleb",5,4,4,9,0,0,0,0,2,0,0,2,0,1,0,1,8,1,0,5,0,0,77,-45,"Gold Coast","2020",16
21,"Greenwood, Hugh",11,2,14,25,0,0,0,4,2,1,5,3,0,0,0,18,7,1,0,0,0,0,76,-45,"Gold Coast","2020",16
34,"King, Ben",6,3,0,6,2,0,0,1,1,0,0,1,1,0,0,3,3,2,3,1,0,0,98,-45,"Gold Coast","2020",16
13,"Lukosius, Jack",16,2,3,19,0,0,0,0,5,3,0,9,0,2,0,5,11,0,0,0,0,0,82,-45,"Gold Coast","2020",16
44,"Macpherson, Darcy",7,1,9,16,0,0,0,8,0,2,1,3,2,0,0,8,8,0,0,1,0,0,73,-45,"Gold Coast","2020",16
11,"Miller, Touk",7,1,7,14,0,0,0,4,0,1,2,3,3,1,0,7,7,0,0,0,0,0,91,-45,"Gold Coast","2020",16
27,"Powell, Wil",7,4,7,14,0,0,0,1,3,2,1,5,2,1,0,9,6,1,0,3,0,0,83,-45,"Gold Coast","2020",16
22,"Rankine, Izak",8,0,6,14,0,1,0,2,0,4,2,1,1,1,0,5,7,0,0,2,0,0,87,-45,"Gold Coast","2020",16
6,"Sexton, Alex",3,2,2,5,0,0,0,2,1,0,0,2,0,0,0,2,3,0,0,0,0,1,79,-45,"Gold Coast","2020",16
24,"Swallow, David",9,2,6,15,0,1,0,3,2,2,3,2,0,0,0,4,11,0,1,1,0,0,69,-45,"Gold Coast","2020",16
14,"Weller, Lachie",8,4,8,16,1,0,0,3,4,1,0,4,1,2,0,1,12,0,0,0,2,0,79,-45,"Gold Coast","2020",16
28,"Witts, Jarrod",4,1,2,6,0,0,32,0,0,4,3,2,0,2,0,4,2,0,0,3,0,0,84,-45,"Gold Coast","2020",16
0,"Rushed",0,0,0,0,0,4,0,0,0,0,0,0,0,0,0,0,0,0,0,0,0,0,0,-45,"Gold Coast","2020",16
