"Number","Player","Kicks","Marks","Handballs","Disposals","Goals","Behinds","Hitouts","Tackles","Rebounds50s","Inside50s","Clearances","Clangers","FreesFor","FreesAgainst","BrownlowVotes","ContestedPossessions","UncontestedPossessions","ContestedMarks","MarksInside50","OnePercenters","Bounces","GoalAssists","PercentagePlayed","PointDifference","Team","Season","Round"
10,"Brayshaw, Angus",11,7,12,23,1,0,0,4,3,1,4,1,0,0,0,9,15,0,1,2,0,0,81,56,"Melbourne","2020",12
31,"Fritsch, Bayley",11,7,3,14,2,1,0,1,0,3,0,3,0,1,1,4,11,0,2,2,0,0,82,56,"Melbourne","2020",12
4,"Harmes, James",6,2,9,15,0,0,0,3,0,1,0,3,0,0,0,4,10,0,0,3,0,0,82,56,"Melbourne","2020",12
14,"Hibberd, Michael",12,6,5,17,0,0,0,1,3,0,0,4,1,1,0,7,9,0,0,4,0,0,83,56,"Melbourne","2020",12
2,"Jones, Nathan",5,2,11,16,0,0,0,2,1,1,0,1,0,0,0,6,10,0,0,0,0,0,79,56,"Melbourne","2020",12
15,"Langdon, Ed",13,3,9,22,2,0,0,2,3,2,2,2,2,0,0,7,15,1,0,0,0,0,90,56,"Melbourne","2020",12
8,"Lever, Jake",4,2,6,10,0,0,0,2,2,1,1,4,0,2,0,6,4,0,0,4,0,0,90,56,"Melbourne","2020",12
41,"Lockhart, Jay",8,5,2,10,0,0,0,3,1,0,0,2,0,0,0,3,7,0,0,3,0,0,71,56,"Melbourne","2020",12
1,"May, Steven",14,5,3,17,0,0,0,2,7,1,0,3,1,0,0,3,8,0,0,6,0,1,94,56,"Melbourne","2020",12
25,"McDonald, Tom",3,2,5,8,1,0,2,2,0,0,0,1,1,1,0,2,6,0,1,3,0,0,81,56,"Melbourne","2020",12
18,"Melksham, Jake",9,3,4,13,2,0,0,0,0,8,0,2,2,0,0,4,9,0,1,4,0,2,83,56,"Melbourne","2020",12
13,"Oliver, Clayton",10,3,14,24,0,0,0,4,1,4,8,2,2,1,2,13,12,0,0,1,0,1,85,56,"Melbourne","2020",12
5,"Petracca, Christian",14,5,10,24,1,1,0,1,0,4,3,4,0,1,3,15,12,0,1,2,0,0,90,56,"Melbourne","2020",12
36,"Pickett, Kysaiah",4,1,1,5,1,0,0,1,0,1,0,2,0,1,0,1,3,0,0,1,0,0,79,56,"Melbourne","2020",12
21,"Preuss, Braydon",8,3,4,12,0,0,24,0,1,2,1,2,3,1,0,7,5,1,0,0,0,0,77,56,"Melbourne","2020",12
3,"Salem, Christian",16,10,6,22,0,0,0,2,5,1,0,2,0,0,0,2,19,0,0,0,0,1,95,56,"Melbourne","2020",12
9,"Spargo, Charlie",6,2,1,7,3,0,0,2,0,1,0,4,1,2,0,4,4,0,1,1,0,1,72,56,"Melbourne","2020",12
32,"Sparrow, Tom",5,1,3,8,1,0,0,3,1,0,2,1,2,1,0,4,5,0,1,1,0,0,55,56,"Melbourne","2020",12
20,"Tomlinson, Adam",8,5,2,10,0,0,0,0,2,0,1,2,0,0,0,2,8,0,0,3,0,0,84,56,"Melbourne","2020",12
22,"Vandenberg, Aaron",11,2,7,18,0,0,0,0,2,4,3,3,2,1,0,7,12,0,1,1,0,1,75,56,"Melbourne","2020",12
7,"Viney, Jack",14,3,5,19,0,0,0,2,1,3,6,6,3,1,0,7,11,0,0,2,0,2,82,56,"Melbourne","2020",12
26,"Weideman, Sam",6,5,2,8,2,0,0,1,0,2,0,2,1,1,0,3,5,1,3,2,0,1,89,56,"Melbourne","2020",12
0,"Rushed",0,0,0,0,0,2,0,0,0,0,0,0,0,0,0,0,0,0,0,0,0,0,0,56,"Melbourne","2020",12
13,"Adams, Taylor",14,9,16,30,1,0,0,0,3,4,5,8,0,4,0,13,19,0,1,3,1,0,85,-56,"Collingwood","2020",12
17,"Brown, Callum",4,2,4,8,1,0,0,0,0,1,0,0,0,0,0,3,5,0,1,0,0,0,82,-56,"Collingwood","2020",12
14,"Cameron, Darcy",2,1,3,5,0,1,1,1,0,0,0,1,1,0,0,5,2,1,1,1,0,0,93,-56,"Collingwood","2020",12
25,"Crisp, Jack",7,3,7,14,0,0,0,2,3,0,3,3,2,0,0,7,7,0,0,4,0,0,91,-56,"Collingwood","2020",12
26,"Daicos, Josh",10,6,11,21,0,1,0,1,1,2,1,3,0,0,0,5,15,1,1,1,0,0,92,-56,"Collingwood","2020",12
15,"Dunn, Lynden",5,1,3,8,0,0,0,1,0,2,0,1,0,1,0,3,4,0,0,3,0,0,92,-56,"Collingwood","2020",12
5,"Elliott, Jamie",12,3,3,15,1,0,0,5,0,5,3,5,1,2,0,6,9,0,1,2,0,0,85,-56,"Collingwood","2020",12
4,"Grundy, Brodie",7,3,8,15,0,0,35,6,2,2,8,3,2,2,0,11,6,0,0,5,0,1,96,-56,"Collingwood","2020",12
32,"Hoskin-Elliott, Will",7,2,4,11,1,2,0,1,0,1,1,2,0,0,0,5,6,0,1,1,0,0,90,-56,"Collingwood","2020",12
44,"Madgen, Jack",5,2,8,13,0,0,0,1,0,1,0,0,0,0,0,5,8,0,0,5,0,0,83,-56,"Collingwood","2020",12
37,"Maynard, Brayden",7,0,7,14,0,0,0,2,4,2,0,5,0,3,0,6,8,0,0,4,0,0,89,-56,"Collingwood","2020",12
41,"Mihocek, Brody",1,1,0,1,0,0,0,0,0,0,0,0,0,0,0,0,1,0,0,0,0,0,26,-56,"Collingwood","2020",12
30,"Moore, Darcy",4,1,6,10,0,0,0,1,2,1,0,6,2,3,0,4,4,0,0,8,0,0,90,-56,"Collingwood","2020",12
9,"Noble, John",9,3,10,19,0,0,0,2,1,1,0,3,2,1,0,4,14,0,0,0,0,0,86,-56,"Collingwood","2020",12
10,"Pendlebury, Scott",13,1,15,28,0,0,1,1,1,4,3,6,2,0,0,10,18,0,0,0,0,0,90,-56,"Collingwood","2020",12
21,"Phillips, Tom",14,3,8,22,0,0,0,2,4,4,2,2,2,0,0,12,9,1,0,0,0,0,93,-56,"Collingwood","2020",12
20,"Reid, Ben",2,1,0,2,2,0,0,1,0,0,0,1,1,1,0,1,1,0,1,1,0,0,55,-56,"Collingwood","2020",12
39,"Ruscoe, Trey",1,0,3,4,0,0,0,1,0,0,0,1,0,0,0,2,2,0,0,0,0,0,65,-56,"Collingwood","2020",12
22,"Sidebottom, Steele",16,6,13,29,0,0,0,4,0,4,3,5,0,1,0,8,20,0,0,1,0,1,90,-56,"Collingwood","2020",12
24,"Thomas, Josh",5,1,7,12,0,0,0,4,0,1,0,3,0,1,0,4,9,0,0,1,0,1,85,-56,"Collingwood","2020",12
18,"Varcoe, Travis",11,5,6,17,0,1,0,0,2,3,1,1,0,0,0,2,15,0,0,1,0,1,77,-56,"Collingwood","2020",12
33,"Wills, Rupert",5,1,11,16,0,0,0,4,0,3,2,5,0,2,0,6,10,0,0,1,0,0,63,-56,"Collingwood","2020",12
0,"Rushed",0,0,0,0,0,3,0,0,0,0,0,0,0,0,0,0,0,0,0,0,0,0,0,-56,"Collingwood","2020",12
