"Number","Player","Kicks","Marks","Handballs","Disposals","Goals","Behinds","Hitouts","Tackles","Rebounds50s","Inside50s","Clearances","Clangers","FreesFor","FreesAgainst","BrownlowVotes","ContestedPossessions","UncontestedPossessions","ContestedMarks","MarksInside50","OnePercenters","Bounces","GoalAssists","PercentagePlayed","PointDifference","Team","Season","Round"
41,"Ah Chee, Brendon",7,5,1,8,0,0,0,3,1,2,1,4,1,0,0,4,5,1,0,2,0,0,82,32,"West Coast","2020",12
33,"Ainsworth, Brayden",7,1,4,11,0,0,0,4,0,0,1,3,2,0,0,9,4,0,0,2,0,0,78,32,"West Coast","2020",12
12,"Allen, Oscar",6,3,0,6,1,0,10,2,1,1,1,1,0,0,0,3,3,1,1,1,0,0,77,32,"West Coast","2020",12
37,"Barrass, Tom",14,9,5,19,0,0,0,0,5,0,0,1,2,0,0,7,12,3,0,5,0,0,93,32,"West Coast","2020",12
10,"Brander, Jarrod",6,3,4,10,0,0,0,5,1,2,1,2,1,1,0,5,7,0,0,1,0,0,81,32,"West Coast","2020",12
28,"Cole, Tom",6,4,8,14,0,0,0,2,2,2,1,1,1,0,0,4,10,0,0,0,0,0,80,32,"West Coast","2020",12
15,"Cripps, Jamie",9,2,6,15,1,1,0,4,0,1,2,6,0,1,0,13,5,0,1,0,0,0,83,32,"West Coast","2020",12
27,"Darling, Jack",8,7,5,13,2,1,1,5,0,4,0,3,0,0,0,8,5,4,3,3,0,3,98,32,"West Coast","2020",12
3,"Gaff, Andrew",15,4,18,33,0,0,0,0,4,4,2,3,0,1,2,5,29,0,0,0,0,0,98,32,"West Coast","2020",12
25,"Hurn, Shannon",12,3,5,17,0,0,0,3,4,1,1,3,1,0,0,4,10,0,0,5,0,0,85,32,"West Coast","2020",12
11,"Kelly, Tim",8,0,7,15,0,1,0,4,1,3,3,3,0,2,0,7,9,0,0,2,0,0,81,32,"West Coast","2020",12
17,"Kennedy, Josh",7,5,1,8,3,1,0,3,0,2,0,0,0,0,0,4,3,3,3,2,0,0,92,32,"West Coast","2020",12
20,"McGovern, Jeremy",12,8,4,16,0,0,0,1,4,3,0,4,0,1,0,8,7,3,0,7,0,0,82,32,"West Coast","2020",12
9,"Naitanui, Nic",8,1,6,14,0,0,35,1,1,4,4,2,0,0,0,11,3,1,0,5,0,1,70,32,"West Coast","2020",12
30,"Nelson, Jackson",12,3,3,15,0,0,0,3,6,0,1,1,0,0,0,4,10,0,0,1,0,1,85,32,"West Coast","2020",12
8,"Redden, Jack",2,2,6,8,0,0,0,3,0,0,2,2,0,0,0,5,5,0,0,1,0,0,56,32,"West Coast","2020",12
46,"Reid, Nic",4,0,5,9,1,1,0,2,0,4,0,1,1,0,0,5,3,0,0,0,0,1,65,32,"West Coast","2020",12
35,"Rotham, Josh",11,6,3,14,0,0,0,2,3,2,0,0,1,0,0,2,12,0,0,5,0,0,83,32,"West Coast","2020",12
1,"Ryan, Liam",10,5,2,12,3,0,0,1,0,2,0,1,0,0,1,6,6,3,4,3,0,0,88,32,"West Coast","2020",12
4,"Sheed, Dom",8,2,9,17,0,1,0,3,1,0,8,5,1,1,0,13,10,0,0,3,0,0,82,32,"West Coast","2020",12
5,"Sheppard, Brad",12,8,10,22,1,0,0,3,4,0,0,2,1,1,0,5,17,0,0,2,0,0,93,32,"West Coast","2020",12
13,"Shuey, Luke",14,3,10,24,0,0,0,2,2,5,8,3,0,1,3,13,11,0,0,1,0,0,69,32,"West Coast","2020",12
0,"Rushed",0,0,0,0,0,3,0,0,0,0,0,0,0,0,0,0,0,0,0,0,0,0,0,32,"West Coast","2020",12
22,"Breust, Luke",2,0,4,6,0,0,0,2,2,2,2,1,0,1,0,5,3,0,0,1,0,0,73,-32,"Hawthorn","2020",12
9,"Burgoyne, Shaun",7,3,6,13,1,0,0,4,2,1,0,1,0,1,0,3,10,0,1,2,0,0,79,-32,"Hawthorn","2020",12
30,"Day, Will",11,8,5,16,0,0,0,2,0,3,0,3,0,0,0,5,11,1,0,4,0,0,75,-32,"Hawthorn","2020",12
12,"Frawley, James",6,1,5,11,0,0,0,0,4,0,0,2,0,0,0,5,4,0,0,3,0,0,90,-32,"Hawthorn","2020",12
8,"Frost, Sam",4,3,5,9,0,0,0,0,0,1,0,2,0,0,0,2,7,1,0,3,0,0,84,-32,"Hawthorn","2020",12
13,"Glass, Conor",8,7,4,12,1,0,0,4,2,5,0,4,0,0,0,1,12,0,1,2,0,0,81,-32,"Hawthorn","2020",12
19,"Gunston, Jack",6,1,3,9,2,1,0,0,0,1,1,0,1,0,0,4,3,0,1,2,0,0,83,-32,"Hawthorn","2020",12
15,"Hardwick, Blake",6,3,8,14,0,0,0,2,2,1,0,1,0,1,0,5,7,0,0,0,0,0,85,-32,"Hawthorn","2020",12
4,"Impey, Jarman",4,1,6,10,0,1,0,3,0,0,0,1,0,1,0,1,10,0,0,1,0,1,80,-32,"Hawthorn","2020",12
29,"Jiath, Changkuoth",5,1,7,12,0,0,0,0,1,0,1,3,0,1,0,4,6,0,0,2,0,0,70,-32,"Hawthorn","2020",12
7,"McEvoy, Ben",2,1,6,8,0,0,16,4,0,0,0,1,1,0,0,6,3,1,0,3,0,0,81,-32,"Hawthorn","2020",12
3,"Mitchell, Tom",11,2,23,34,0,1,0,5,2,3,6,5,1,1,0,18,17,1,0,0,0,0,89,-32,"Hawthorn","2020",12
1,"Morrison, Harry",6,1,7,13,0,1,0,3,0,3,1,3,0,1,0,6,9,0,1,1,0,0,87,-32,"Hawthorn","2020",12
11,"Nash, Conor",3,1,2,5,0,0,0,0,0,2,0,1,0,0,0,4,2,0,0,0,0,0,72,-32,"Hawthorn","2020",12
23,"OBrien, Tim",7,5,3,10,1,0,1,4,1,3,0,3,1,2,0,6,4,3,1,1,0,1,84,-32,"Hawthorn","2020",12
10,"OMeara, Jaeger",13,1,14,27,0,1,0,7,0,7,9,2,2,0,0,14,14,0,0,3,0,0,82,-32,"Hawthorn","2020",12
14,"Scrimshaw, Jack",12,6,6,18,0,0,0,1,7,2,1,2,0,0,0,2,14,0,0,3,0,0,78,-32,"Hawthorn","2020",12
26,"Shiels, Liam",16,6,9,25,1,0,0,2,0,5,6,4,2,0,0,7,17,0,0,1,0,0,77,-32,"Hawthorn","2020",12
6,"Sicily, James",12,5,0,12,0,0,0,0,5,1,0,1,0,0,0,1,9,0,0,3,0,0,96,-32,"Hawthorn","2020",12
24,"Stratton, Ben",4,1,3,7,0,0,0,3,2,0,0,2,0,0,0,3,4,0,0,6,0,0,90,-32,"Hawthorn","2020",12
20,"Wingard, Chad",5,3,8,13,0,0,0,6,0,1,1,3,0,2,0,3,11,0,2,2,0,1,80,-32,"Hawthorn","2020",12
5,"Worpel, James",11,5,16,27,1,0,0,2,0,6,4,3,1,1,0,9,17,0,1,1,0,0,83,-32,"Hawthorn","2020",12
0,"Rushed",0,0,0,0,0,2,0,0,0,0,0,0,0,0,0,0,0,0,0,0,0,0,0,-32,"Hawthorn","2020",12
