"Number","Player","Kicks","Marks","Handballs","Disposals","Goals","Behinds","Hitouts","Tackles","Rebounds50s","Inside50s","Clearances","Clangers","FreesFor","FreesAgainst","BrownlowVotes","ContestedPossessions","UncontestedPossessions","ContestedMarks","MarksInside50","OnePercenters","Bounces","GoalAssists","PercentagePlayed","PointDifference","Team","Season","Round"
16,"Brown, Luke",6,2,5,11,0,0,0,0,2,0,0,2,2,1,0,2,7,0,0,1,0,0,75,-23,"Adelaide","2020",7
2,"Crouch, Brad",7,1,8,15,0,0,0,6,0,4,4,3,3,0,0,10,6,0,0,2,0,0,79,-23,"Adelaide","2020",7
5,"Crouch, Matt",8,1,18,26,0,0,0,3,1,1,4,2,0,0,0,6,20,0,0,0,0,0,74,-23,"Adelaide","2020",7
39,"Doedee, Tom",14,10,4,18,0,0,0,2,3,3,0,1,0,0,0,4,10,4,0,5,0,0,91,-23,"Adelaide","2020",7
17,"Hamill, Will",2,2,6,8,0,0,0,0,0,1,0,3,0,2,0,2,7,0,0,0,0,1,80,-23,"Adelaide","2020",7
15,"Hartigan, Kyle",6,4,5,11,0,0,0,1,3,1,0,3,0,1,0,2,8,0,0,6,0,0,89,-23,"Adelaide","2020",7
1,"Jones, Chayce",3,2,3,6,0,0,0,3,0,3,2,1,0,1,0,2,5,0,0,0,0,0,70,-23,"Adelaide","2020",7
28,"Keays, Ben",15,2,8,23,1,0,0,3,1,4,7,2,2,1,0,12,9,0,0,1,0,0,86,-23,"Adelaide","2020",7
8,"Kelly, Jake",11,2,4,15,0,0,0,0,1,1,0,2,3,1,0,5,8,0,0,4,0,0,90,-23,"Adelaide","2020",7
29,"Laird, Rory",8,3,7,15,1,0,0,4,1,1,1,3,2,2,0,6,11,0,0,0,0,0,82,-23,"Adelaide","2020",7
27,"Lynch, Tom",11,3,6,17,1,1,0,0,0,4,2,2,0,0,0,8,8,0,0,1,0,0,89,-23,"Adelaide","2020",7
14,"Mackay, David",9,3,8,17,0,1,0,2,1,6,2,3,1,1,0,7,11,1,1,2,0,0,74,-23,"Adelaide","2020",7
23,"McAdam, Shane",6,3,1,7,2,0,0,4,1,1,0,3,2,1,0,3,4,0,1,2,0,0,80,-23,"Adelaide","2020",7
35,"McAsey, Fischer",2,2,3,5,0,1,0,0,0,0,0,0,0,0,0,2,3,1,1,2,0,0,78,-23,"Adelaide","2020",7
25,"McHenry, Ned",6,2,2,8,0,0,0,4,1,2,1,6,4,4,0,5,5,0,0,0,0,0,79,-23,"Adelaide","2020",7
36,"McPherson, Andrew",8,3,4,12,0,0,0,1,0,0,0,3,2,1,0,4,8,1,0,0,0,0,81,-23,"Adelaide","2020",7
43,"OBrien, Reilly",5,4,9,14,0,0,28,3,1,2,4,0,2,0,0,14,2,4,0,7,0,0,97,-23,"Adelaide","2020",7
11,"Seedsman, Paul",5,1,12,17,0,0,0,6,1,1,3,0,1,0,0,5,11,0,0,1,0,0,84,-23,"Adelaide","2020",7
33,"Smith, Brodie",8,2,4,12,0,0,0,3,3,1,0,8,0,2,0,2,6,0,0,1,0,0,74,-23,"Adelaide","2020",7
18,"Stengle, Tyson",7,2,0,7,0,0,0,1,1,1,0,2,1,1,0,2,5,0,1,1,0,1,71,-23,"Adelaide","2020",7
12,"Talia, Daniel",13,6,1,14,0,0,0,3,2,2,1,2,2,0,0,5,9,1,0,4,0,0,91,-23,"Adelaide","2020",7
13,"Walker, Taylor",6,2,2,8,3,2,1,0,0,1,0,0,2,0,0,6,2,1,2,3,0,0,87,-23,"Adelaide","2020",7
0,"Rushed",0,0,0,0,0,2,0,0,0,0,0,0,0,0,0,0,0,0,0,0,0,0,0,-23,"Adelaide","2020",7
26,"Battle, Josh",2,2,0,2,0,0,0,2,0,0,0,1,0,1,0,0,2,0,0,0,0,0,19,23,"St Kilda","2020",7
15,"Billings, Jack",10,3,4,14,0,0,0,5,1,2,0,3,0,0,0,5,9,0,0,2,0,0,92,23,"St Kilda","2020",7
16,"Butler, Dan",11,0,1,12,3,0,0,4,1,4,0,9,0,5,2,1,9,0,0,0,0,0,95,23,"St Kilda","2020",7
31,"Byrnes, Ryan",2,0,3,5,0,0,0,2,0,0,0,2,1,0,0,3,2,0,0,1,0,0,62,23,"St Kilda","2020",7
2,"Carlisle, Jake",7,5,5,12,0,0,0,4,3,1,0,1,1,0,0,7,5,2,0,5,0,0,92,23,"St Kilda","2020",7
11,"Clark, Hunter",10,5,6,16,0,0,0,2,3,1,1,4,1,2,0,8,8,1,0,1,0,0,79,23,"St Kilda","2020",7
1,"Coffield, Nick",13,7,4,17,0,0,0,0,4,1,1,2,1,1,0,6,12,1,0,2,0,0,87,23,"St Kilda","2020",7
14,"Geary, Jarryn",5,2,4,9,0,0,0,2,1,2,1,1,2,1,0,4,5,0,0,0,0,1,75,23,"St Kilda","2020",7
4,"Gresham, Jade",16,0,2,18,1,2,0,5,2,4,7,3,2,1,1,10,7,0,0,0,0,1,82,23,"St Kilda","2020",7
8,"Hill, Bradley",7,1,5,12,0,0,0,1,0,2,1,2,0,0,0,2,9,0,0,0,0,0,91,23,"St Kilda","2020",7
20,"Howard, Dougal",14,7,2,16,1,0,0,0,5,1,0,3,0,1,0,5,10,2,0,9,0,0,92,23,"St Kilda","2020",7
3,"Jones, Zak",14,4,6,20,0,1,0,3,3,3,6,6,0,3,0,10,9,0,0,1,0,1,84,23,"St Kilda","2020",7
25,"Kent, Dean",9,2,1,10,2,0,0,5,0,4,1,1,3,1,0,5,5,0,0,0,0,1,86,23,"St Kilda","2020",7
12,"King, Max",2,2,2,4,2,0,2,1,0,0,0,2,0,2,0,3,1,1,2,2,0,0,86,23,"St Kilda","2020",7
13,"Lonie, Jack",6,3,2,8,1,0,0,4,1,0,0,3,1,0,0,3,5,0,1,1,0,0,85,23,"St Kilda","2020",7
19,"Marshall, Rowan",5,3,3,8,0,0,10,4,0,2,0,2,0,1,0,5,3,0,0,2,0,0,86,23,"St Kilda","2020",7
28,"Membrey, Tim",2,1,5,7,1,0,0,0,0,1,0,2,0,1,0,4,3,1,1,4,0,0,94,23,"St Kilda","2020",7
33,"Paton, Ben",11,5,5,16,0,0,0,2,3,1,0,0,3,0,0,7,9,0,0,1,0,0,89,23,"St Kilda","2020",7
6,"Ross, Sebastian",4,1,6,10,0,0,0,3,0,0,1,1,0,1,0,5,5,0,0,1,0,2,91,23,"St Kilda","2020",7
18,"Ryder, Paddy",6,2,1,7,0,0,22,4,0,2,4,1,1,1,0,4,1,1,0,3,0,0,65,23,"St Kilda","2020",7
9,"Steele, Jack",13,3,13,26,1,0,0,6,2,4,13,6,3,5,3,20,6,0,0,1,0,0,89,23,"St Kilda","2020",7
44,"Wilkie, Callum",6,4,2,8,0,0,0,1,2,0,0,4,0,2,0,2,5,0,0,2,0,0,80,23,"St Kilda","2020",7
0,"Rushed",0,0,0,0,0,3,0,0,0,0,0,0,0,0,0,0,0,0,0,0,0,0,0,23,"St Kilda","2020",7
