"Number","Player","Kicks","Marks","Handballs","Disposals","Goals","Behinds","Hitouts","Tackles","Rebounds50s","Inside50s","Clearances","Clangers","FreesFor","FreesAgainst","BrownlowVotes","ContestedPossessions","UncontestedPossessions","ContestedMarks","MarksInside50","OnePercenters","Bounces","GoalAssists","PercentagePlayed","PointDifference","Team","Season","Round"
16,"Brown, Luke",5,3,3,8,0,0,0,4,2,0,0,0,1,0,0,5,3,1,0,3,0,0,92,-24,"Adelaide","2020",11
20,"Crocker, Ben",7,1,2,9,0,1,0,3,0,2,1,2,0,1,0,2,4,0,0,1,0,0,82,-24,"Adelaide","2020",11
5,"Crouch, Matt",11,6,18,29,0,0,0,4,2,3,4,2,0,0,0,8,18,0,0,2,0,0,77,-24,"Adelaide","2020",11
39,"Doedee, Tom",9,4,3,12,0,0,0,5,5,0,1,2,1,1,0,5,7,0,0,5,0,0,77,-24,"Adelaide","2020",11
32,"Fogarty, Darcy",5,1,4,9,0,0,0,1,1,1,0,8,1,3,0,7,1,0,0,0,0,0,91,-24,"Adelaide","2020",11
15,"Hartigan, Kyle",4,2,3,7,0,0,0,0,2,1,0,3,0,1,0,4,2,1,0,5,0,0,87,-24,"Adelaide","2020",11
34,"Himmelberg, Elliott",8,5,2,10,2,0,5,0,0,1,0,1,0,0,0,7,4,3,3,0,0,0,92,-24,"Adelaide","2020",11
28,"Keays, Ben",7,0,10,17,0,0,0,2,0,0,4,3,1,3,0,10,8,0,0,0,0,0,85,-24,"Adelaide","2020",11
29,"Laird, Rory",19,5,18,37,0,0,0,9,3,6,10,4,1,2,0,17,24,0,0,4,0,0,80,-24,"Adelaide","2020",11
27,"Lynch, Tom",5,2,0,5,0,0,0,1,0,0,0,2,0,1,0,2,3,0,0,0,0,0,21,-24,"Adelaide","2020",11
14,"Mackay, David",7,3,6,13,0,0,0,1,3,1,0,2,0,2,0,3,9,0,0,2,0,0,84,-24,"Adelaide","2020",11
23,"McAdam, Shane",5,4,3,8,1,1,0,3,0,1,0,1,0,0,0,2,6,1,2,1,0,0,78,-24,"Adelaide","2020",11
35,"McAsey, Fischer",5,3,2,7,0,0,0,1,2,0,0,4,0,0,0,1,6,0,0,4,0,0,92,-24,"Adelaide","2020",11
25,"McHenry, Ned",2,1,6,8,0,0,0,4,0,2,1,2,1,0,0,6,3,0,0,0,0,0,81,-24,"Adelaide","2020",11
36,"McPherson, Andrew",6,5,4,10,0,0,0,3,1,2,0,0,1,0,0,4,6,2,0,2,0,1,80,-24,"Adelaide","2020",11
43,"OBrien, Reilly",4,3,7,11,0,0,22,2,0,1,4,4,2,1,0,9,2,2,0,1,0,0,89,-24,"Adelaide","2020",11
26,"Schoenberg, Harry",2,0,5,7,0,0,0,2,0,0,0,2,1,1,0,5,3,0,0,0,0,0,71,-24,"Adelaide","2020",11
11,"Seedsman, Paul",7,4,9,16,0,1,0,0,0,1,2,0,0,0,0,4,12,1,0,1,0,0,88,-24,"Adelaide","2020",11
38,"Sholl, Lachlan",11,4,5,16,0,0,0,1,2,1,0,3,1,1,0,2,15,0,0,0,0,0,90,-24,"Adelaide","2020",11
33,"Smith, Brodie",17,11,4,21,0,0,0,3,7,3,1,4,0,1,0,3,18,1,0,0,1,0,86,-24,"Adelaide","2020",11
18,"Stengle, Tyson",7,2,1,8,2,1,0,3,1,2,0,1,1,1,0,3,5,0,0,3,0,2,82,-24,"Adelaide","2020",11
13,"Walker, Taylor",5,3,4,9,0,1,0,0,0,2,1,4,0,1,0,4,5,1,0,2,0,0,94,-24,"Adelaide","2020",11
0,"Rushed",0,0,0,0,0,3,0,0,0,0,0,0,0,0,0,0,0,0,0,0,0,0,0,-24,"Adelaide","2020",11
13,"Adams, Taylor",16,2,11,27,0,0,0,6,2,5,10,7,4,2,3,16,12,0,0,1,0,0,77,24,"Collingwood","2020",11
29,"Broomhead, Tim",2,0,5,7,0,0,0,2,0,1,0,2,1,1,0,3,4,0,0,0,0,0,79,24,"Collingwood","2020",11
17,"Brown, Callum",10,2,7,17,0,0,0,2,0,3,1,4,3,0,0,8,9,0,0,0,0,0,84,24,"Collingwood","2020",11
14,"Cameron, Darcy",12,9,3,15,2,0,4,1,1,2,2,3,1,1,0,9,6,5,4,1,0,0,80,24,"Collingwood","2020",11
25,"Crisp, Jack",17,4,5,22,0,0,0,3,2,6,3,3,0,1,2,3,19,0,0,2,1,2,89,24,"Collingwood","2020",11
26,"Daicos, Josh",5,5,10,15,1,0,0,0,0,1,1,1,0,0,0,3,12,0,1,1,0,0,91,24,"Collingwood","2020",11
15,"Dunn, Lynden",7,4,3,10,1,0,0,2,2,1,0,1,1,0,0,1,7,0,0,8,0,0,93,24,"Collingwood","2020",11
4,"Grundy, Brodie",2,1,8,10,0,0,24,6,0,3,0,1,2,1,0,5,7,0,0,1,0,0,76,24,"Collingwood","2020",11
44,"Madgen, Jack",8,6,5,13,0,0,0,2,3,0,1,2,0,0,0,3,8,0,0,7,0,0,88,24,"Collingwood","2020",11
37,"Maynard, Brayden",17,7,4,21,0,0,0,4,5,1,0,1,0,0,0,2,15,0,0,1,0,0,87,24,"Collingwood","2020",11
16,"Mayne, Chris",6,5,4,10,0,0,0,5,0,1,0,0,0,0,0,2,8,1,2,2,0,0,84,24,"Collingwood","2020",11
41,"Mihocek, Brody",7,5,6,13,1,1,0,4,0,1,0,3,1,0,0,7,6,1,2,0,0,0,94,24,"Collingwood","2020",11
9,"Noble, John",11,3,9,20,0,0,0,1,3,2,0,0,1,0,0,3,17,0,0,0,1,0,82,24,"Collingwood","2020",11
21,"Phillips, Tom",15,6,7,22,0,0,0,1,1,2,1,3,2,0,0,8,15,0,0,2,0,0,87,24,"Collingwood","2020",11
23,"Roughead, Jordan",6,2,5,11,0,0,0,1,2,0,1,1,1,0,0,5,6,0,0,5,0,0,64,24,"Collingwood","2020",11
39,"Ruscoe, Trey",6,3,0,6,2,1,0,2,0,1,0,0,0,0,0,1,4,1,1,0,0,0,71,24,"Collingwood","2020",11
22,"Sidebottom, Steele",13,1,9,22,0,0,0,1,2,7,3,4,0,1,1,8,14,0,0,5,0,1,83,24,"Collingwood","2020",11
36,"Sier, Brayden",3,1,13,16,0,0,0,5,0,1,5,4,0,1,0,6,10,0,0,1,0,1,73,24,"Collingwood","2020",11
1,"Stephenson, Jaidyn",3,1,1,4,2,0,0,1,0,1,0,2,0,2,0,2,4,0,1,1,0,1,93,24,"Collingwood","2020",11
24,"Thomas, Josh",9,6,5,14,1,0,0,1,0,2,3,1,1,0,0,5,10,0,0,1,0,0,65,24,"Collingwood","2020",11
18,"Varcoe, Travis",5,4,4,9,0,0,0,4,0,0,0,1,0,0,0,2,7,1,0,1,0,0,85,24,"Collingwood","2020",11
33,"Wills, Rupert",5,0,15,20,0,0,0,6,2,1,1,4,2,2,0,6,14,0,0,2,0,0,75,24,"Collingwood","2020",11
0,"Totals",185,77,139,324,10,2,28,60,25,42,32,48,20,12,6,108,214,9,11,42,2,5,0,24,"Collingwood","2020",11
