"Number","Player","Kicks","Marks","Handballs","Disposals","Goals","Behinds","Hitouts","Tackles","Rebounds50s","Inside50s","Clearances","Clangers","FreesFor","FreesAgainst","BrownlowVotes","ContestedPossessions","UncontestedPossessions","ContestedMarks","MarksInside50","OnePercenters","Bounces","GoalAssists","PercentagePlayed","PointDifference","Team","Season","Round"
19,"Betts, Eddie",10,3,4,14,4,1,0,2,0,4,0,3,2,0,2,6,7,0,2,0,0,1,88,52,"Carlton","2020",6
41,"Casboult, Levi",7,6,3,10,1,1,5,2,2,1,1,2,0,1,0,5,5,2,1,1,0,0,85,52,"Carlton","2020",6
9,"Cripps, Patrick",8,1,5,13,0,0,0,4,0,3,7,2,2,2,0,8,3,0,0,0,0,0,77,52,"Carlton","2020",6
28,"Cuningham, David",5,1,3,8,0,0,0,1,1,3,0,1,0,0,0,3,5,0,0,0,2,1,68,52,"Carlton","2020",6
35,"Curnow, Ed",15,1,4,19,1,0,0,5,1,3,7,1,1,0,3,12,7,0,0,2,0,0,84,52,"Carlton","2020",6
15,"Docherty, Sam",12,7,3,15,0,0,0,0,5,0,0,3,0,0,0,2,11,0,0,1,1,0,83,52,"Carlton","2020",6
40,"Gibbons, Michael",11,2,4,15,2,0,0,3,0,6,2,3,1,1,0,7,7,0,0,3,0,1,83,52,"Carlton","2020",6
14,"Jones, Liam",8,3,1,9,0,0,0,1,2,0,0,3,1,1,0,7,3,1,0,11,0,0,96,52,"Carlton","2020",6
7,"Kennedy, Matthew",9,4,11,20,0,0,0,1,2,3,3,3,0,0,0,11,10,1,0,1,0,1,76,52,"Carlton","2020",6
21,"Martin, Jack",6,5,7,13,2,1,0,5,1,1,1,2,0,2,0,11,3,3,3,0,0,2,76,52,"Carlton","2020",6
11,"McGovern, Mitch",10,7,2,12,2,0,0,2,1,2,0,0,0,0,0,2,10,0,1,3,0,2,78,52,"Carlton","2020",6
10,"McKay, Harry",6,5,3,9,3,0,0,5,0,2,0,3,1,3,0,4,6,1,3,1,0,0,93,52,"Carlton","2020",6
3,"Murphy, Marc",9,3,4,13,0,1,0,2,2,3,1,2,0,0,0,2,10,0,0,1,0,0,78,52,"Carlton","2020",6
32,"Newnes, Jack",10,5,4,14,1,0,0,2,2,1,0,5,0,3,0,5,8,0,0,1,0,1,79,52,"Carlton","2020",6
5,"Petrevski-Seton, Sam",13,4,6,19,0,0,0,0,6,1,2,3,0,1,0,6,11,0,0,1,0,1,85,52,"Carlton","2020",6
27,"Pittonet, Marc",1,0,6,7,0,0,33,1,0,1,2,1,1,1,0,6,1,0,0,1,0,0,79,52,"Carlton","2020",6
20,"Plowman, Lachie",5,2,5,10,0,0,0,0,5,0,1,1,0,0,0,5,3,0,0,5,0,0,84,52,"Carlton","2020",6
43,"Setterfield, Will",15,1,5,20,0,0,0,4,5,1,2,3,2,3,0,9,10,0,0,0,0,1,73,52,"Carlton","2020",6
6,"Simpson, Kade",15,3,2,17,0,0,0,0,4,1,1,2,0,0,0,6,8,0,0,1,0,0,88,52,"Carlton","2020",6
18,"Walsh, Sam",15,3,7,22,0,0,0,1,3,4,2,3,0,0,0,10,12,0,0,0,0,1,83,52,"Carlton","2020",6
23,"Weitering, Jacob",4,1,2,6,0,0,0,1,1,0,1,1,1,1,0,3,3,0,0,8,0,0,96,52,"Carlton","2020",6
31,"Williamson, Tom",7,3,3,10,0,0,0,1,2,1,0,2,0,1,0,1,10,0,0,1,0,0,68,52,"Carlton","2020",6
0,"Rushed",0,0,0,0,0,3,0,0,0,0,0,0,0,0,0,0,0,0,0,0,0,0,0,52,"Carlton","2020",6
4,"Bontempelli, Marcus",13,1,9,22,1,0,0,6,2,3,5,2,1,1,0,9,13,0,1,2,0,0,80,-52,"Western Bulldogs","2020",6
17,"Bruce, Josh",2,2,4,6,0,0,1,2,0,2,0,2,1,1,0,4,3,0,0,0,0,0,84,-52,"Western Bulldogs","2020",6
18,"Butler, Louis",13,4,3,16,0,1,0,0,2,1,0,2,0,0,0,4,11,0,0,2,0,0,83,-52,"Western Bulldogs","2020",6
12,"Cordy, Zaine",4,4,3,7,0,0,0,1,3,1,0,1,1,1,0,3,4,0,0,5,0,0,100,-52,"Western Bulldogs","2020",6
31,"Dale, Bailey",3,1,3,6,1,0,0,3,0,1,0,0,1,0,0,3,2,1,1,0,0,0,79,-52,"Western Bulldogs","2020",6
35,"Daniel, Caleb",9,3,5,14,0,0,0,2,5,1,1,1,0,1,0,6,5,0,0,3,1,0,81,-52,"Western Bulldogs","2020",6
44,"English, Tim",8,3,9,17,0,0,27,1,0,2,3,2,2,1,0,9,9,1,0,1,0,0,96,-52,"Western Bulldogs","2020",6
7,"Hunter, Lachie",17,4,10,27,0,0,0,5,0,5,1,0,1,0,0,3,20,0,0,0,0,2,82,-52,"Western Bulldogs","2020",6
39,"Johannisen, Jason",7,4,6,13,0,0,0,1,1,3,0,4,0,2,0,5,9,0,0,0,0,2,73,-52,"Western Bulldogs","2020",6
42,"Keath, Alex",9,2,2,11,0,0,0,0,2,0,0,1,4,1,0,7,5,1,0,1,0,0,100,-52,"Western Bulldogs","2020",6
21,"Liberatore, Tom",10,2,12,22,0,0,0,3,0,5,8,2,2,1,0,12,12,0,0,1,0,1,79,-52,"Western Bulldogs","2020",6
27,"Lipinski, Patrick",5,0,9,14,1,0,0,3,0,1,1,1,2,0,0,8,6,0,0,2,0,1,78,-52,"Western Bulldogs","2020",6
11,"Macrae, Jack",11,4,15,26,0,0,0,4,1,7,4,2,1,1,0,12,15,2,0,0,1,0,78,-52,"Western Bulldogs","2020",6
16,"McLean, Toby",6,1,7,13,0,2,0,4,0,3,2,0,1,0,0,4,9,0,1,0,0,0,83,-52,"Western Bulldogs","2020",6
20,"Richards, Ed",8,1,6,14,0,1,0,3,0,6,0,1,2,0,0,6,7,0,0,1,4,0,79,-52,"Western Bulldogs","2020",6
13,"Schache, Josh",1,0,1,2,0,0,0,0,0,1,0,0,0,0,0,1,1,0,0,0,0,0,57,-52,"Western Bulldogs","2020",6
6,"Smith, Bailey",11,1,15,26,1,1,0,6,1,3,5,3,0,1,1,10,14,0,0,1,0,0,83,-52,"Western Bulldogs","2020",6
23,"Vandermeer, Laitham",9,4,5,14,2,2,0,2,0,2,1,4,1,0,0,3,12,0,3,0,0,0,83,-52,"Western Bulldogs","2020",6
3,"Wallis, Mitch",1,1,6,7,1,0,0,4,1,1,0,1,0,1,0,2,5,1,1,1,0,0,81,-52,"Western Bulldogs","2020",6
14,"West, Rhylee",6,4,3,9,0,0,0,2,0,1,0,1,0,0,0,2,7,0,0,1,0,0,78,-52,"Western Bulldogs","2020",6
34,"Williams, Bailey",10,3,2,12,0,0,0,0,4,4,0,0,0,0,0,0,11,0,0,0,1,0,84,-52,"Western Bulldogs","2020",6
10,"Wood, Easton",5,3,3,8,0,0,0,2,3,0,0,0,0,0,0,1,6,0,0,3,1,0,79,-52,"Western Bulldogs","2020",6
0,"Rushed",0,0,0,0,0,2,0,0,0,0,0,0,0,0,0,0,0,0,0,0,0,0,0,-52,"Western Bulldogs","2020",6
