"Number","Player","Kicks","Marks","Handballs","Disposals","Goals","Behinds","Hitouts","Tackles","Rebounds50s","Inside50s","Clearances","Clangers","FreesFor","FreesAgainst","BrownlowVotes","ContestedPossessions","UncontestedPossessions","ContestedMarks","MarksInside50","OnePercenters","Bounces","GoalAssists","PercentagePlayed","PointDifference","Team","Season","Round"
19,"Betts, Eddie",4,1,2,6,1,0,0,2,0,3,0,1,0,0,0,3,3,1,0,0,0,1,86,-3,"Carlton","2020",7
41,"Casboult, Levi",5,5,3,8,0,2,4,2,0,3,1,2,0,2,0,2,6,0,2,1,0,1,88,-3,"Carlton","2020",7
9,"Cripps, Patrick",7,0,14,21,0,0,0,6,0,3,6,4,3,2,0,11,10,0,0,1,0,0,81,-3,"Carlton","2020",7
28,"Cuningham, David",4,0,5,9,0,0,0,3,0,2,0,3,1,0,0,3,6,0,0,0,1,1,77,-3,"Carlton","2020",7
35,"Curnow, Ed",9,3,11,20,0,1,0,7,0,0,3,3,0,2,0,9,10,0,0,0,0,1,87,-3,"Carlton","2020",7
15,"Docherty, Sam",13,4,5,18,0,0,0,0,6,0,0,1,0,0,0,3,10,1,0,0,0,0,83,-3,"Carlton","2020",7
40,"Gibbons, Michael",10,4,4,14,1,0,0,2,0,3,3,2,1,0,0,6,9,0,1,1,0,1,78,-3,"Carlton","2020",7
14,"Jones, Liam",6,4,2,8,0,0,0,1,1,1,0,3,1,2,0,6,2,2,0,10,0,0,97,-3,"Carlton","2020",7
7,"Kennedy, Matthew",9,1,6,15,0,0,0,0,3,2,2,5,2,0,0,6,8,0,0,1,0,0,63,-3,"Carlton","2020",7
21,"Martin, Jack",6,2,6,12,1,1,0,3,1,5,2,2,1,1,0,5,8,0,1,3,2,0,84,-3,"Carlton","2020",7
11,"McGovern, Mitch",9,5,0,9,0,0,0,2,0,4,0,3,2,2,0,4,7,0,1,0,0,1,76,-3,"Carlton","2020",7
10,"McKay, Harry",4,4,3,7,3,0,0,0,0,1,0,4,0,4,0,6,1,3,2,0,2,0,88,-3,"Carlton","2020",7
3,"Murphy, Marc",7,2,8,15,0,1,0,2,1,2,0,0,1,0,0,4,11,0,1,0,0,0,78,-3,"Carlton","2020",7
32,"Newnes, Jack",8,3,5,13,1,0,0,0,1,1,1,1,1,0,0,8,6,0,0,1,0,0,74,-3,"Carlton","2020",7
5,"Petrevski-Seton, Sam",6,0,4,10,0,0,0,1,0,1,1,0,0,0,0,4,7,0,0,1,0,0,74,-3,"Carlton","2020",7
27,"Pittonet, Marc",3,1,0,3,0,0,20,1,1,0,1,2,0,2,0,3,0,1,0,1,0,0,83,-3,"Carlton","2020",7
20,"Plowman, Lachie",10,4,2,12,0,0,0,0,3,0,0,1,3,0,0,6,7,0,0,7,0,0,98,-3,"Carlton","2020",7
43,"Setterfield, Will",8,2,5,13,0,0,0,10,3,1,4,0,0,0,0,6,6,0,0,0,0,1,78,-3,"Carlton","2020",7
6,"Simpson, Kade",12,4,5,17,0,0,0,1,3,0,0,0,1,0,0,6,9,1,0,0,0,0,85,-3,"Carlton","2020",7
18,"Walsh, Sam",11,6,5,16,2,0,0,3,2,4,1,2,0,1,2,7,8,1,1,0,0,0,79,-3,"Carlton","2020",7
23,"Weitering, Jacob",10,7,4,14,0,0,0,0,7,0,0,4,0,1,0,6,7,2,0,4,1,0,100,-3,"Carlton","2020",7
31,"Williamson, Tom",5,3,1,6,0,0,0,1,4,1,0,1,0,1,0,1,5,1,0,1,0,0,63,-3,"Carlton","2020",7
0,"Rushed",0,0,0,0,0,2,0,0,0,0,0,0,0,0,0,0,0,0,0,0,0,0,0,-3,"Carlton","2020",7
15,"Amon, Karl",7,0,3,10,0,0,0,1,0,2,0,4,1,1,0,3,5,0,0,1,0,0,84,3,"Port Adelaide","2020",7
10,"Boak, Travis",9,2,9,18,1,1,0,6,0,2,5,1,0,0,0,7,11,0,1,0,0,0,85,3,"Port Adelaide","2020",7
3,"Burton, Ryan",15,9,5,20,0,0,0,1,3,2,0,1,0,0,0,3,19,0,0,2,2,0,61,3,"Port Adelaide","2020",7
18,"Butters, Zak",12,5,3,15,1,0,0,4,1,1,0,2,1,1,0,6,11,0,1,1,0,1,86,3,"Port Adelaide","2020",7
33,"Byrne-Jones, Darcy",8,5,8,16,0,0,0,2,1,2,4,1,1,0,0,5,10,0,0,2,4,0,81,3,"Port Adelaide","2020",7
17,"Clurey, Tom",9,4,3,12,0,0,0,0,0,1,0,2,3,1,0,5,6,0,0,2,0,0,89,3,"Port Adelaide","2020",7
22,"Dixon, Charlie",11,7,4,15,3,4,0,0,1,1,0,2,2,1,3,9,6,6,7,1,0,1,88,3,"Port Adelaide","2020",7
21,"Duursma, Xavier",6,4,3,9,0,0,0,4,0,2,0,0,0,0,0,2,7,0,0,0,0,0,84,3,"Port Adelaide","2020",7
24,"Farrell, Kane",8,5,3,11,2,0,0,0,0,2,0,0,0,0,0,2,9,1,0,0,0,0,83,3,"Port Adelaide","2020",7
9,"Gray, Robbie",7,4,9,16,1,1,0,1,0,5,0,5,1,4,0,9,8,2,1,2,1,2,89,3,"Port Adelaide","2020",7
8,"Hartlett, Hamish",9,3,5,14,0,0,0,3,4,1,0,2,1,1,0,5,9,0,0,4,0,0,84,3,"Port Adelaide","2020",7
5,"Houston, Dan",10,3,5,15,0,1,0,8,0,5,3,1,2,0,0,7,8,0,1,1,0,0,85,3,"Port Adelaide","2020",7
1,"Jonas, Tom",11,9,9,20,0,0,0,2,5,1,0,2,2,1,0,10,11,1,0,10,0,0,92,3,"Port Adelaide","2020",7
38,"Ladhams, Peter",9,3,12,21,0,0,16,2,0,1,4,3,1,0,1,6,14,0,0,0,0,0,83,3,"Port Adelaide","2020",7
4,"Marshall, Todd",12,5,3,15,0,1,0,3,0,3,1,2,1,1,0,9,6,1,0,4,0,1,74,3,"Port Adelaide","2020",7
32,"Mayes, Sam",8,4,9,17,0,0,0,4,3,3,1,1,0,1,0,5,11,0,0,6,0,1,80,3,"Port Adelaide","2020",7
12,"McKenzie, Trent",11,5,2,13,0,0,0,1,4,3,0,1,2,0,0,5,5,1,0,1,0,0,93,3,"Port Adelaide","2020",7
6,"Motlop, Steven",4,1,2,6,1,0,0,0,0,3,0,1,0,1,0,1,6,0,0,1,0,1,57,3,"Port Adelaide","2020",7
2,"Powell-Pepper, Sam",4,4,8,12,0,1,0,1,2,1,2,4,0,3,0,5,7,1,1,0,0,0,80,3,"Port Adelaide","2020",7
20,"Rozee, Connor",5,1,3,8,0,1,0,3,0,1,0,1,0,0,0,2,5,0,1,2,1,0,78,3,"Port Adelaide","2020",7
39,"Westhoff, Justin",2,2,1,3,0,0,1,1,0,0,0,0,1,0,0,2,1,1,0,3,0,0,91,3,"Port Adelaide","2020",7
16,"Wines, Ollie",9,4,11,20,0,0,0,1,2,4,2,4,1,1,0,7,15,0,0,1,0,0,71,3,"Port Adelaide","2020",7
0,"Totals",186,89,120,306,9,10,17,48,26,46,22,40,20,17,4,115,190,14,13,44,8,7,0,3,"Port Adelaide","2020",7
