"Number","Player","Kicks","Marks","Handballs","Disposals","Goals","Behinds","Hitouts","Tackles","Rebounds50s","Inside50s","Clearances","Clangers","FreesFor","FreesAgainst","BrownlowVotes","ContestedPossessions","UncontestedPossessions","ContestedMarks","MarksInside50","OnePercenters","Bounces","GoalAssists","PercentagePlayed","PointDifference","Team","Season","Round"
15,"Amon, Karl",9,1,12,21,0,1,0,5,0,2,3,5,0,1,0,8,13,0,1,2,0,0,81,50,"Port Adelaide","2020",17
10,"Boak, Travis",9,0,17,26,1,0,0,4,1,4,4,2,0,0,3,12,14,0,0,0,0,1,74,50,"Port Adelaide","2020",17
26,"Bonner, Riley",16,6,3,19,0,0,0,2,5,2,0,3,0,1,0,4,12,1,0,3,0,0,76,50,"Port Adelaide","2020",17
33,"Byrne-Jones, Darcy",15,3,4,19,0,0,0,5,1,3,4,4,4,1,0,7,11,0,0,1,0,0,89,50,"Port Adelaide","2020",17
17,"Clurey, Tom",4,1,3,7,0,0,0,1,1,3,0,3,2,2,0,6,2,0,0,6,0,0,69,50,"Port Adelaide","2020",17
22,"Dixon, Charlie",10,6,0,10,2,3,0,2,0,1,0,1,0,0,0,3,5,3,3,2,0,0,100,50,"Port Adelaide","2020",17
21,"Duursma, Xavier",7,3,4,11,1,0,0,2,0,2,2,1,1,0,0,3,8,0,1,1,0,0,83,50,"Port Adelaide","2020",17
7,"Ebert, Brad",8,4,11,19,1,0,0,3,1,1,1,5,1,0,1,6,10,1,1,1,0,0,87,50,"Port Adelaide","2020",17
24,"Farrell, Kane",1,2,3,4,0,0,0,2,0,1,1,1,0,0,0,2,3,0,0,3,0,0,75,50,"Port Adelaide","2020",17
9,"Gray, Robbie",8,1,7,15,1,0,0,2,0,2,1,3,0,0,0,8,9,0,1,2,0,1,89,50,"Port Adelaide","2020",17
8,"Hartlett, Hamish",10,3,7,17,0,0,0,2,2,2,1,0,1,0,0,4,11,0,0,1,0,2,86,50,"Port Adelaide","2020",17
5,"Houston, Dan",15,8,2,17,0,0,0,3,3,2,0,2,3,1,0,6,13,0,0,4,0,0,78,50,"Port Adelaide","2020",17
1,"Jonas, Tom",8,6,1,9,0,0,0,2,4,0,0,2,0,2,0,2,8,0,0,8,0,0,96,50,"Port Adelaide","2020",17
38,"Ladhams, Peter",3,0,5,8,1,0,10,2,1,2,3,1,1,1,0,6,2,0,0,2,0,0,84,50,"Port Adelaide","2020",17
29,"Lycett, Scott",5,1,7,12,0,1,22,3,2,1,2,2,4,1,0,7,5,0,0,7,2,0,80,50,"Port Adelaide","2020",17
4,"Marshall, Todd",9,3,1,10,0,1,0,4,1,3,0,3,1,0,0,2,7,0,1,2,0,0,79,50,"Port Adelaide","2020",17
12,"McKenzie, Trent",13,6,1,14,0,1,0,2,4,1,1,0,1,0,0,3,8,1,0,2,0,0,90,50,"Port Adelaide","2020",17
6,"Motlop, Steven",4,2,9,13,1,0,0,0,0,1,1,2,1,1,0,6,6,0,2,1,0,2,77,50,"Port Adelaide","2020",17
2,"Powell-Pepper, Sam",3,2,9,12,1,0,0,4,0,3,2,5,0,3,0,4,8,0,0,0,0,0,74,50,"Port Adelaide","2020",17
11,"Rockliff, Tom",20,4,11,31,1,1,0,6,0,5,1,4,0,1,0,10,18,0,0,0,0,0,88,50,"Port Adelaide","2020",17
20,"Rozee, Connor",6,3,12,18,0,2,0,6,0,2,2,4,1,0,0,8,9,0,1,1,0,0,75,50,"Port Adelaide","2020",17
16,"Wines, Ollie",13,1,15,28,1,0,0,2,1,2,5,2,0,0,2,9,14,0,1,1,0,1,70,50,"Port Adelaide","2020",17
0,"Rushed",0,0,0,0,0,3,0,0,0,0,0,0,0,0,0,0,0,0,0,0,0,0,0,50,"Port Adelaide","2020",17
37,"Clarke, Dylan",5,2,5,10,1,0,0,4,0,2,1,2,2,1,0,6,5,0,0,0,0,0,73,-50,"Essendon","2020",17
12,"Cutler, Tom",5,1,3,8,1,0,0,2,0,1,0,2,0,2,0,1,6,0,1,0,0,0,87,-50,"Essendon","2020",17
6,"Daniher, Joe",5,3,3,8,0,0,0,0,0,2,0,7,2,4,0,8,1,3,1,1,0,1,87,-50,"Essendon","2020",17
38,"Draper, Sam",3,2,4,7,0,0,19,1,0,2,2,3,1,1,0,5,3,1,0,3,0,1,75,-50,"Essendon","2020",17
8,"Gleeson, Martin",3,3,5,8,0,0,0,2,0,1,0,3,0,1,0,2,7,0,0,6,0,1,81,-50,"Essendon","2020",17
35,"Guelfi, Matt",12,2,4,16,0,0,0,3,2,0,0,4,1,0,0,4,8,1,0,5,0,0,83,-50,"Essendon","2020",17
33,"Ham, Brayden",6,2,3,9,1,0,0,1,0,3,0,1,0,1,0,3,7,0,0,0,0,0,86,-50,"Essendon","2020",17
46,"Hibberd, Mitchell",5,1,12,17,0,0,0,6,0,0,5,4,0,2,0,10,6,0,0,1,0,0,86,-50,"Essendon","2020",17
4,"Langford, Kyle",11,1,7,18,0,0,0,1,1,3,2,3,0,0,0,9,7,0,0,0,0,0,78,-50,"Essendon","2020",17
43,"McDonald-Tipungwuti, Anthony",5,2,0,5,0,1,0,4,0,1,0,0,0,0,0,2,3,0,0,0,0,0,75,-50,"Essendon","2020",17
7,"Merrett, Zach",16,4,8,24,0,0,0,5,1,5,5,1,1,0,0,6,19,0,0,2,0,0,84,-50,"Essendon","2020",17
3,"Parish, Darcy",13,0,9,22,1,0,0,1,3,2,9,7,1,1,0,14,9,0,0,1,0,0,75,-50,"Essendon","2020",17
34,"Phillips, Andrew",0,0,3,3,0,0,17,1,0,0,2,2,0,2,0,3,0,0,0,1,0,0,73,-50,"Essendon","2020",17
14,"Ridley, Jordan",16,4,7,23,0,0,0,0,10,1,0,3,0,2,0,5,13,0,0,6,0,0,92,-50,"Essendon","2020",17
42,"Saad, Adam",13,3,7,20,0,0,0,1,6,1,1,1,1,1,0,8,11,0,0,2,0,0,73,-50,"Essendon","2020",17
9,"Shiel, Dylan",15,4,9,24,0,1,0,5,2,2,5,2,0,0,0,9,11,0,1,1,0,0,76,-50,"Essendon","2020",17
5,"Smith, Devon",13,2,13,26,0,0,0,7,3,0,0,0,1,0,0,4,16,0,0,2,0,0,87,-50,"Essendon","2020",17
40,"Snelling, Will",4,1,4,8,0,0,0,2,2,1,1,1,0,0,0,6,2,1,0,1,0,0,86,-50,"Essendon","2020",17
17,"Stewart, James",7,5,4,11,0,0,0,2,4,1,0,0,0,0,0,4,7,2,0,1,0,0,83,-50,"Essendon","2020",17
25,"Stringer, Jake",5,1,0,5,0,2,0,0,0,2,0,2,2,1,0,3,1,0,0,0,0,0,77,-50,"Essendon","2020",17
20,"Townsend, Jacob",5,1,2,7,0,0,0,3,0,2,0,3,3,2,0,5,1,1,0,1,0,0,83,-50,"Essendon","2020",17
30,"Zerk-Thatcher, Brandon",0,0,4,4,0,0,0,1,0,0,0,0,0,0,0,3,1,0,0,9,0,0,100,-50,"Essendon","2020",17
0,"Rushed",0,0,0,0,0,1,0,0,0,0,0,0,0,0,0,0,0,0,0,0,0,0,0,-50,"Essendon","2020",17
