"Number","Player","Kicks","Marks","Handballs","Disposals","Goals","Behinds","Hitouts","Tackles","Rebounds50s","Inside50s","Clearances","Clangers","FreesFor","FreesAgainst","BrownlowVotes","ContestedPossessions","UncontestedPossessions","ContestedMarks","MarksInside50","OnePercenters","Bounces","GoalAssists","PercentagePlayed","PointDifference","Team","Season","Round"
17,"Bennell, Harley",6,1,5,11,0,1,0,2,0,2,0,3,1,1,0,3,7,0,0,1,0,0,72,-4,"Melbourne","2020",8
10,"Brayshaw, Angus",4,1,5,9,0,0,0,2,0,1,1,1,0,0,0,3,8,0,0,3,0,0,65,-4,"Melbourne","2020",8
31,"Fritsch, Bayley",3,2,3,6,2,0,0,1,0,0,0,4,0,2,0,2,4,0,1,1,0,0,77,-4,"Melbourne","2020",8
11,"Gawn, Max",8,3,5,13,0,0,41,5,1,1,2,2,2,1,0,7,4,2,0,13,0,1,96,-4,"Melbourne","2020",8
19,"Hannan, Mitch",2,2,2,4,0,0,0,2,0,4,0,3,0,0,0,4,1,1,0,0,0,1,74,-4,"Melbourne","2020",8
4,"Harmes, James",8,2,4,12,0,1,0,2,0,2,3,5,3,3,0,6,9,0,0,0,0,0,65,-4,"Melbourne","2020",8
14,"Hibberd, Michael",7,2,3,10,0,0,0,1,2,3,0,1,3,0,0,3,6,0,0,2,0,0,89,-4,"Melbourne","2020",8
6,"Jackson, Luke",2,2,6,8,0,0,3,0,0,1,0,0,0,0,0,2,7,0,1,0,0,2,75,-4,"Melbourne","2020",8
39,"Jetta, Neville",1,0,1,2,0,0,0,0,0,0,0,3,2,2,0,2,1,0,0,1,0,0,64,-4,"Melbourne","2020",8
2,"Jones, Nathan",9,4,4,13,1,0,0,1,3,5,1,0,1,0,0,5,8,0,1,0,0,0,81,-4,"Melbourne","2020",8
15,"Langdon, Ed",11,4,6,17,0,1,0,1,3,2,1,1,0,1,0,6,11,1,1,0,0,0,90,-4,"Melbourne","2020",8
8,"Lever, Jake",8,3,4,12,0,0,0,1,4,0,0,1,1,0,0,4,7,0,0,3,0,0,100,-4,"Melbourne","2020",8
41,"Lockhart, Jay",6,3,4,10,0,0,0,1,4,0,0,0,0,0,0,7,3,1,0,3,0,0,67,-4,"Melbourne","2020",8
1,"May, Steven",11,2,6,17,0,0,0,1,6,0,0,1,0,0,0,5,6,1,0,3,0,0,95,-4,"Melbourne","2020",8
28,"McDonald, Oscar",4,2,2,6,0,0,0,1,2,1,0,6,0,3,0,3,3,0,0,5,0,0,97,-4,"Melbourne","2020",8
18,"Melksham, Jake",9,2,1,10,3,0,0,1,0,2,0,3,0,1,0,4,6,0,0,2,0,0,84,-4,"Melbourne","2020",8
13,"Oliver, Clayton",12,5,16,28,0,0,0,10,2,4,5,4,2,0,2,17,13,0,0,2,0,0,88,-4,"Melbourne","2020",8
5,"Petracca, Christian",11,1,13,24,0,0,0,8,1,5,4,1,1,1,0,14,11,0,0,0,0,0,95,-4,"Melbourne","2020",8
36,"Pickett, Kysaiah",3,0,2,5,0,1,0,4,0,1,1,3,1,3,0,3,2,0,0,0,0,0,77,-4,"Melbourne","2020",8
3,"Salem, Christian",14,5,3,17,0,0,0,4,4,2,1,2,0,0,0,5,10,0,0,3,0,0,86,-4,"Melbourne","2020",8
7,"Viney, Jack",13,1,11,24,1,0,0,3,1,5,3,4,3,0,0,13,11,0,0,3,0,0,82,-4,"Melbourne","2020",8
26,"Weideman, Sam",3,4,3,6,0,2,0,1,0,0,0,2,1,1,0,2,4,1,2,2,0,0,81,-4,"Melbourne","2020",8
0,"Rushed",0,0,0,0,0,1,0,0,0,0,0,0,0,0,0,0,0,0,0,0,0,0,0,-4,"Melbourne","2020",8
4,"Ah Chee, Callum",7,4,3,10,0,0,0,3,2,2,1,2,0,1,0,4,7,0,0,2,0,0,86,4,"Brisbane Lions","2020",8
31,"Andrews, Harris",8,4,3,11,0,0,0,1,1,0,0,2,2,1,0,5,6,0,0,11,0,0,100,4,"Brisbane Lions","2020",8
33,"Bailey, Zac",16,8,5,21,1,1,0,1,7,4,1,4,1,3,0,5,15,0,0,4,0,0,84,4,"Brisbane Lions","2020",8
7,"Berry, Jarrod",10,5,10,20,0,0,0,6,0,3,4,8,1,7,0,10,10,0,0,1,0,0,85,4,"Brisbane Lions","2020",8
13,"Berry, Tom",0,0,2,2,0,0,0,1,0,0,0,2,0,1,0,3,0,0,0,2,0,1,83,4,"Brisbane Lions","2020",8
14,"Birchall, Grant",10,5,5,15,0,0,0,3,2,2,1,0,0,0,0,4,9,0,0,0,0,0,68,4,"Brisbane Lions","2020",8
23,"Cameron, Charlie",6,4,3,9,2,2,0,4,0,1,0,1,1,0,0,3,6,2,1,1,4,0,89,4,"Brisbane Lions","2020",8
27,"Gardiner, Darcy",12,4,3,15,0,0,0,1,1,1,0,1,3,0,0,5,10,0,0,2,0,0,98,4,"Brisbane Lions","2020",8
30,"Hipwood, Eric",7,3,0,7,1,0,0,0,0,2,0,1,0,1,0,3,4,2,2,3,0,0,96,4,"Brisbane Lions","2020",8
35,"Lester, Ryan",4,2,5,9,0,0,0,0,2,0,0,0,0,0,0,4,5,0,0,5,0,0,91,4,"Brisbane Lions","2020",8
17,"Lyons, Jarryd",15,7,7,22,0,0,0,9,0,4,2,2,3,0,1,9,13,1,0,1,0,0,83,4,"Brisbane Lions","2020",8
11,"McCarthy, Lincoln",3,2,6,9,1,0,0,4,1,1,2,3,1,2,0,5,4,0,0,0,0,0,80,4,"Brisbane Lions","2020",8
6,"McCluggage, Hugh",13,3,9,22,0,1,0,2,2,3,3,3,0,0,0,10,12,0,0,3,0,3,82,4,"Brisbane Lions","2020",8
46,"McInerney, Oscar",8,2,5,13,0,0,8,1,0,3,4,3,1,0,0,9,4,2,0,3,0,0,76,4,"Brisbane Lions","2020",8
25,"McStay, Daniel",5,3,4,9,0,2,0,6,0,0,1,3,1,2,0,6,4,1,2,3,0,0,97,4,"Brisbane Lions","2020",8
9,"Neale, Lachie",16,6,17,33,0,0,0,1,1,7,7,2,1,1,3,16,16,1,0,1,1,0,89,4,"Brisbane Lions","2020",8
16,"Rayner, Cam",6,4,8,14,1,0,0,4,0,3,3,3,0,1,0,6,8,0,1,2,0,0,81,4,"Brisbane Lions","2020",8
10,"Rich, Daniel",5,0,0,5,0,0,0,1,3,1,0,1,0,0,0,1,3,0,0,0,0,0,44,4,"Brisbane Lions","2020",8
5,"Robinson, Mitch",13,7,2,15,0,1,0,1,3,3,1,4,1,1,0,4,11,0,1,0,0,0,79,4,"Brisbane Lions","2020",8
44,"Smith, Archie",2,0,2,4,0,0,10,1,1,0,2,1,1,0,0,2,2,0,0,2,0,0,43,4,"Brisbane Lions","2020",8
37,"Starcevich, Brandon",6,4,3,9,0,1,0,1,1,0,0,0,1,0,0,2,6,0,0,3,0,0,82,4,"Brisbane Lions","2020",8
15,"Zorko, Dayne",16,2,1,17,1,1,0,6,4,2,3,3,1,0,0,9,9,0,0,2,0,0,85,4,"Brisbane Lions","2020",8
0,"Rushed",0,0,0,0,0,2,0,0,0,0,0,0,0,0,0,0,0,0,0,0,0,0,0,4,"Brisbane Lions","2020",8
