"Number","Player","Kicks","Marks","Handballs","Disposals","Goals","Behinds","Hitouts","Tackles","Rebounds50s","Inside50s","Clearances","Clangers","FreesFor","FreesAgainst","BrownlowVotes","ContestedPossessions","UncontestedPossessions","ContestedMarks","MarksInside50","OnePercenters","Bounces","GoalAssists","PercentagePlayed","PointDifference","Team","Season","Round"
10,"Brayshaw, Angus",7,4,6,13,0,0,0,2,1,1,1,3,0,1,0,6,8,1,0,1,0,0,76,3,"Melbourne","2020",14
38,"Brown, Mitch",6,4,2,8,1,0,0,3,0,1,0,0,0,0,0,0,8,0,1,2,0,0,85,3,"Melbourne","2020",14
11,"Gawn, Max",8,2,7,15,1,0,30,2,4,0,4,5,1,2,0,11,4,0,1,5,0,0,94,3,"Melbourne","2020",14
19,"Hannan, Mitch",4,3,3,7,0,0,0,0,0,2,1,3,0,0,0,3,4,1,0,0,0,0,71,3,"Melbourne","2020",14
14,"Hibberd, Michael",9,6,7,16,0,0,0,0,4,1,1,1,0,0,0,3,13,0,0,2,0,1,73,3,"Melbourne","2020",14
2,"Jones, Nathan",6,1,8,14,0,0,0,1,1,0,0,3,1,0,0,6,7,0,0,0,0,1,81,3,"Melbourne","2020",14
15,"Langdon, Ed",16,8,6,22,0,0,0,3,3,2,0,1,1,0,0,5,17,1,0,1,0,0,87,3,"Melbourne","2020",14
8,"Lever, Jake",7,5,2,9,0,0,0,0,3,2,0,2,0,0,0,4,5,2,0,13,0,0,100,3,"Melbourne","2020",14
1,"May, Steven",14,9,8,22,0,0,0,1,6,0,0,1,0,0,2,8,11,2,0,6,0,0,95,3,"Melbourne","2020",14
28,"McDonald, Oscar",8,3,3,11,0,0,0,0,3,0,0,2,0,1,0,4,8,0,0,7,0,0,94,3,"Melbourne","2020",14
18,"Melksham, Jake",7,5,1,8,0,0,0,2,0,3,0,2,0,1,0,2,6,2,0,0,0,1,87,3,"Melbourne","2020",14
13,"Oliver, Clayton",8,3,18,26,0,0,0,4,2,2,6,3,0,0,0,16,10,0,0,0,0,0,80,3,"Melbourne","2020",14
5,"Petracca, Christian",11,3,4,15,4,1,0,2,1,3,3,2,1,2,3,12,4,1,1,2,0,0,86,3,"Melbourne","2020",14
36,"Pickett, Kysaiah",2,2,2,4,0,0,0,2,0,1,0,2,0,1,0,1,3,0,0,1,0,0,70,3,"Melbourne","2020",14
24,"Rivers, Trent",11,6,5,16,0,0,0,1,2,1,0,2,1,0,0,2,14,1,0,0,0,0,85,3,"Melbourne","2020",14
3,"Salem, Christian",11,4,10,21,0,0,0,2,5,2,1,1,0,0,0,5,15,0,0,1,0,1,84,3,"Melbourne","2020",14
9,"Spargo, Charlie",3,1,5,8,0,0,0,3,0,1,0,1,0,1,0,4,4,0,0,1,0,0,72,3,"Melbourne","2020",14
20,"Tomlinson, Adam",8,3,3,11,0,0,0,2,2,2,1,1,0,0,0,3,8,0,0,0,0,0,75,3,"Melbourne","2020",14
22,"Vandenberg, Aaron",5,2,4,9,0,0,0,0,0,2,1,1,1,0,0,1,8,0,0,0,0,1,62,3,"Melbourne","2020",14
7,"Viney, Jack",5,0,4,9,0,0,0,6,0,2,3,2,2,1,0,6,3,0,0,0,0,1,80,3,"Melbourne","2020",14
42,"Wagner, Josh",10,5,5,15,0,0,0,0,2,0,1,1,0,0,0,9,6,1,0,1,0,0,64,3,"Melbourne","2020",14
26,"Weideman, Sam",5,2,3,8,2,1,0,0,0,2,0,1,1,1,0,5,3,0,1,1,0,0,98,3,"Melbourne","2020",14
0,"Rushed",0,0,0,0,0,2,0,0,0,0,0,0,0,0,0,0,0,0,0,0,0,0,0,3,"Melbourne","2020",14
26,"Battle, Josh",6,2,0,6,1,0,0,4,0,1,1,4,0,2,0,2,4,0,0,3,0,0,67,-3,"St Kilda","2020",14
15,"Billings, Jack",11,5,3,14,0,1,0,2,0,2,2,2,1,0,0,6,8,0,0,2,0,0,82,-3,"St Kilda","2020",14
16,"Butler, Dan",7,3,4,11,0,0,0,1,0,4,0,1,0,0,0,3,7,1,0,0,1,1,79,-3,"St Kilda","2020",14
11,"Clark, Hunter",4,1,4,8,0,0,0,4,1,1,0,3,0,0,0,3,5,0,0,1,0,0,85,-3,"St Kilda","2020",14
1,"Coffield, Nick",10,7,5,15,0,0,0,1,0,2,0,1,0,0,0,2,13,1,0,2,0,0,85,-3,"St Kilda","2020",14
14,"Geary, Jarryn",10,5,4,14,0,0,0,4,2,2,0,1,1,0,0,1,12,0,0,1,0,0,82,-3,"St Kilda","2020",14
8,"Hill, Bradley",15,5,12,27,0,0,0,1,2,3,2,3,0,1,0,3,21,0,0,1,4,0,93,-3,"St Kilda","2020",14
40,"Hind, Nick",1,2,4,5,0,0,0,2,0,1,0,0,0,0,0,1,4,0,0,0,0,0,70,-3,"St Kilda","2020",14
20,"Howard, Dougal",8,4,3,11,0,0,0,4,3,1,0,3,2,1,0,5,5,0,0,6,0,0,92,-3,"St Kilda","2020",14
3,"Jones, Zak",10,3,10,20,0,0,0,8,0,6,5,5,0,1,0,7,13,0,0,0,0,0,79,-3,"St Kilda","2020",14
25,"Kent, Dean",5,3,4,9,0,0,0,1,0,2,0,3,0,1,0,2,6,0,0,1,0,0,79,-3,"St Kilda","2020",14
12,"King, Max",2,1,1,3,1,0,3,1,0,1,0,0,0,0,0,2,1,0,1,1,0,0,84,-3,"St Kilda","2020",14
21,"Long, Ben",8,3,7,15,0,0,0,2,3,2,0,2,2,0,0,8,6,0,0,1,0,0,80,-3,"St Kilda","2020",14
19,"Marshall, Rowan",10,6,3,13,1,2,11,4,1,1,2,1,1,0,0,8,5,4,2,1,0,0,82,-3,"St Kilda","2020",14
28,"Membrey, Tim",5,3,2,7,1,2,0,1,0,2,0,0,0,0,0,1,6,0,2,2,0,0,93,-3,"St Kilda","2020",14
33,"Paton, Ben",6,3,10,16,0,0,0,0,1,0,0,0,0,0,0,6,10,0,0,1,2,0,83,-3,"St Kilda","2020",14
30,"Phillips, Ed",8,4,4,12,1,0,0,1,3,2,1,2,1,1,0,6,6,0,0,1,0,1,86,-3,"St Kilda","2020",14
6,"Ross, Sebastian",9,0,6,15,0,0,0,4,1,2,4,1,1,1,0,4,11,0,0,0,2,0,84,-3,"St Kilda","2020",14
18,"Ryder, Paddy",6,3,0,6,1,0,17,1,0,1,1,2,2,1,0,5,2,1,1,1,0,0,74,-3,"St Kilda","2020",14
35,"Sinclair, Jack",9,1,5,14,0,0,0,0,0,7,2,0,0,0,0,5,10,0,0,1,0,1,66,-3,"St Kilda","2020",14
9,"Steele, Jack",13,5,13,26,1,0,0,1,2,3,8,1,0,0,1,15,12,2,1,3,0,0,82,-3,"St Kilda","2020",14
44,"Wilkie, Callum",7,4,8,15,0,0,0,0,2,0,1,0,0,0,0,10,4,2,0,3,0,0,92,-3,"St Kilda","2020",14
0,"Rushed",0,0,0,0,0,2,0,0,0,0,0,0,0,0,0,0,0,0,0,0,0,0,0,-3,"St Kilda","2020",14
