"Number","Player","Kicks","Marks","Handballs","Disposals","Goals","Behinds","Hitouts","Tackles","Rebounds50s","Inside50s","Clearances","Clangers","FreesFor","FreesAgainst","BrownlowVotes","ContestedPossessions","UncontestedPossessions","ContestedMarks","MarksInside50","OnePercenters","Bounces","GoalAssists","PercentagePlayed","PointDifference","Team","Season","Round"
26,"Battle, Josh",5,3,1,6,0,0,0,3,2,1,0,2,1,1,0,2,4,0,0,2,0,0,75,-15,"St Kilda","2020",17
15,"Billings, Jack",11,2,7,18,0,0,0,2,0,3,2,5,1,1,0,3,15,0,0,4,0,0,90,-15,"St Kilda","2020",17
16,"Butler, Dan",8,0,1,9,1,1,0,3,0,0,1,3,0,1,0,2,2,0,0,1,0,0,85,-15,"St Kilda","2020",17
11,"Clark, Hunter",10,4,14,24,0,0,0,3,1,4,5,0,0,0,0,12,12,0,0,0,0,0,84,-15,"St Kilda","2020",17
1,"Coffield, Nick",9,3,6,15,0,0,0,0,3,0,0,4,2,2,0,3,10,0,0,3,0,0,83,-15,"St Kilda","2020",17
14,"Geary, Jarryn",10,3,3,13,0,0,0,2,2,2,4,2,0,1,0,6,7,1,0,6,0,0,80,-15,"St Kilda","2020",17
8,"Hill, Bradley",11,5,3,14,0,1,0,2,3,1,1,1,0,1,0,2,12,0,0,1,0,1,75,-15,"St Kilda","2020",17
40,"Hind, Nick",4,0,3,7,0,1,0,4,0,2,2,1,0,1,0,4,2,0,0,3,0,0,64,-15,"St Kilda","2020",17
20,"Howard, Dougal",10,4,4,14,0,0,0,1,4,0,0,1,2,0,0,4,6,0,0,11,0,0,100,-15,"St Kilda","2020",17
3,"Jones, Zak",7,1,8,15,0,3,0,2,0,4,1,4,3,1,0,10,5,0,1,0,1,0,84,-15,"St Kilda","2020",17
25,"Kent, Dean",0,0,2,2,0,0,0,2,0,0,0,3,1,0,0,4,0,0,0,2,0,0,71,-15,"St Kilda","2020",17
12,"King, Max",6,2,3,9,0,4,2,0,0,1,0,2,0,0,0,6,3,1,1,0,0,0,86,-15,"St Kilda","2020",17
21,"Long, Ben",1,0,8,9,0,0,0,2,1,1,1,1,0,1,0,5,5,0,0,4,1,0,82,-15,"St Kilda","2020",17
13,"Lonie, Jack",4,0,7,11,1,0,0,5,0,2,0,2,0,0,0,6,4,0,0,2,0,0,85,-15,"St Kilda","2020",17
19,"Marshall, Rowan",7,1,4,11,1,0,11,2,0,2,3,5,1,2,0,7,2,0,0,3,0,0,82,-15,"St Kilda","2020",17
28,"Membrey, Tim",8,4,3,11,1,0,1,3,0,5,0,1,0,0,0,7,5,1,0,1,0,0,91,-15,"St Kilda","2020",17
33,"Paton, Ben",12,4,0,12,0,0,0,1,6,2,0,3,1,1,0,5,8,0,0,4,0,0,83,-15,"St Kilda","2020",17
6,"Ross, Sebastian",6,0,12,18,1,0,0,6,0,1,5,6,0,1,0,10,8,0,0,1,0,0,77,-15,"St Kilda","2020",17
18,"Ryder, Paddy",10,4,3,13,1,1,22,4,0,5,3,2,2,0,0,6,6,0,2,5,0,0,78,-15,"St Kilda","2020",17
35,"Sinclair, Jack",12,1,7,19,0,0,0,3,3,3,4,2,0,0,0,7,11,0,0,0,1,0,70,-15,"St Kilda","2020",17
9,"Steele, Jack",16,3,10,26,0,0,0,6,1,5,8,5,1,0,0,10,13,1,1,0,0,1,85,-15,"St Kilda","2020",17
44,"Wilkie, Callum",7,3,2,9,0,0,0,2,3,0,0,2,1,1,0,2,6,0,0,6,0,0,88,-15,"St Kilda","2020",17
0,"Rushed",0,0,0,0,0,3,0,0,0,0,0,0,0,0,0,0,0,0,0,0,0,0,0,-15,"St Kilda","2020",17
33,"Ainsworth, Brayden",3,1,3,6,0,0,0,3,0,1,1,3,0,3,0,4,5,0,0,3,0,0,82,15,"West Coast","2020",17
12,"Allen, Oscar",4,2,1,5,2,0,3,4,0,0,1,2,1,2,0,5,1,2,1,5,0,0,71,15,"West Coast","2020",17
37,"Barrass, Tom",9,7,6,15,0,0,0,0,6,0,0,0,1,0,0,10,6,1,0,16,0,0,96,15,"West Coast","2020",17
10,"Brander, Jarrod",6,2,2,8,0,0,0,0,0,2,0,2,2,0,0,4,4,0,0,1,0,1,84,15,"West Coast","2020",17
22,"Brayshaw, Hamish",3,1,2,5,0,1,0,1,0,1,0,0,1,0,0,1,3,0,1,0,0,0,58,15,"West Coast","2020",17
28,"Cole, Tom",6,2,2,8,1,0,0,4,1,1,2,4,2,2,0,4,5,0,0,1,0,0,85,15,"West Coast","2020",17
27,"Darling, Jack",7,6,3,10,2,1,0,2,0,0,0,1,0,1,0,7,4,4,3,3,0,2,100,15,"West Coast","2020",17
14,"Duggan, Liam",11,2,4,15,0,1,0,6,3,5,2,2,0,1,0,4,10,0,0,1,0,1,86,15,"West Coast","2020",17
3,"Gaff, Andrew",15,3,18,33,1,1,0,4,1,3,2,6,0,1,1,13,19,0,1,3,0,1,100,15,"West Coast","2020",17
25,"Hurn, Shannon",17,3,0,17,0,0,0,1,9,1,0,1,0,0,0,3,3,1,0,3,0,0,83,15,"West Coast","2020",17
11,"Kelly, Tim",20,6,10,30,1,2,0,4,5,4,9,3,0,1,3,15,16,1,0,3,0,2,87,15,"West Coast","2020",17
17,"Kennedy, Josh",8,4,1,9,1,1,0,0,0,1,0,5,2,3,0,4,5,0,1,1,0,0,95,15,"West Coast","2020",17
20,"McGovern, Jeremy",7,5,1,8,0,0,0,1,3,1,1,0,2,0,0,5,3,2,0,2,0,0,35,15,"West Coast","2020",17
9,"Naitanui, Nic",12,2,6,18,0,0,33,3,1,7,9,5,1,2,2,16,2,1,0,5,0,0,80,15,"West Coast","2020",17
30,"Nelson, Jackson",11,4,4,15,0,0,0,1,3,1,0,1,0,0,0,3,10,0,0,2,0,0,85,15,"West Coast","2020",17
24,"ONeill, Xavier",3,1,3,6,0,0,0,0,1,1,0,2,1,0,0,5,3,0,0,2,0,0,55,15,"West Coast","2020",17
21,"Petruccelle, Jack",7,2,4,11,0,1,0,2,0,4,2,3,1,0,0,6,5,0,1,0,0,0,78,15,"West Coast","2020",17
35,"Rotham, Josh",5,2,4,9,0,0,0,1,1,1,0,4,0,0,0,1,9,0,0,3,0,0,78,15,"West Coast","2020",17
1,"Ryan, Liam",10,4,6,16,1,1,0,4,0,4,1,0,0,0,0,8,7,2,3,2,0,0,96,15,"West Coast","2020",17
31,"Schofield, Will",2,1,2,4,0,0,0,2,0,0,0,0,0,0,0,1,3,0,0,8,0,0,98,15,"West Coast","2020",17
5,"Sheppard, Brad",7,2,4,11,0,0,0,1,2,1,0,0,0,0,0,2,8,0,0,6,0,0,87,15,"West Coast","2020",17
2,"Waterman, Jake",7,7,4,11,0,0,0,1,1,0,0,1,1,0,0,3,8,1,0,0,0,0,82,15,"West Coast","2020",17
0,"Rushed",0,0,0,0,0,2,0,0,0,0,0,0,0,0,0,0,0,0,0,0,0,0,0,15,"West Coast","2020",17
