"Number","Player","Kicks","Marks","Handballs","Disposals","Goals","Behinds","Hitouts","Tackles","Rebounds50s","Inside50s","Clearances","Clangers","FreesFor","FreesAgainst","BrownlowVotes","ContestedPossessions","UncontestedPossessions","ContestedMarks","MarksInside50","OnePercenters","Bounces","GoalAssists","PercentagePlayed","PointDifference","Team","Season","Round"
2,"Bellchambers, Tom",3,2,0,3,0,0,13,0,0,3,0,1,0,1,0,1,1,1,0,3,0,0,74,-63,"Essendon","2020",9
28,"Cahill, Ned",3,0,0,3,0,1,0,1,0,1,0,1,0,0,0,2,1,0,0,0,0,0,75,-63,"Essendon","2020",9
12,"Cutler, Tom",9,3,2,11,0,2,0,0,0,4,2,2,1,1,0,4,6,0,1,2,4,0,80,-63,"Essendon","2020",9
38,"Draper, Sam",6,2,3,9,0,1,21,2,0,3,3,2,1,2,0,6,2,1,1,1,0,0,78,-63,"Essendon","2020",9
10,"Francis, Aaron",3,2,7,10,0,0,0,2,1,0,0,2,1,1,0,4,6,0,0,2,0,0,86,-63,"Essendon","2020",9
8,"Gleeson, Martin",3,2,5,8,0,0,0,1,3,0,0,1,0,0,0,3,5,1,0,1,2,0,78,-63,"Essendon","2020",9
33,"Ham, Brayden",6,2,1,7,0,0,0,0,0,4,1,2,0,1,0,2,5,0,0,0,0,0,76,-63,"Essendon","2020",9
18,"Hurley, Michael",9,5,5,14,0,0,0,2,4,3,1,2,3,2,0,5,9,0,0,5,0,0,86,-63,"Essendon","2020",9
43,"McDonald-Tipungwuti, Anthony",4,0,3,7,0,0,0,5,0,3,2,2,1,2,0,6,1,0,0,1,0,0,86,-63,"Essendon","2020",9
1,"McGrath, Andrew",11,3,14,25,0,0,0,1,4,0,6,6,0,3,0,12,15,0,0,0,0,0,80,-63,"Essendon","2020",9
7,"Merrett, Zach",11,1,7,18,0,0,0,2,0,6,2,1,0,0,0,6,11,0,0,2,0,0,79,-63,"Essendon","2020",9
3,"Parish, Darcy",10,1,5,15,1,0,0,4,0,1,3,3,1,2,0,9,7,0,0,2,0,0,82,-63,"Essendon","2020",9
27,"Redman, Mason",8,1,4,12,0,1,0,0,2,1,0,2,1,1,0,6,4,0,0,1,0,0,94,-63,"Essendon","2020",9
14,"Ridley, Jordan",10,4,10,20,0,0,0,1,5,0,2,2,1,0,0,6,12,0,0,3,0,0,93,-63,"Essendon","2020",9
42,"Saad, Adam",7,1,4,11,0,0,0,1,2,3,0,1,1,1,0,3,8,0,0,2,0,0,89,-63,"Essendon","2020",9
9,"Shiel, Dylan",9,1,8,17,0,1,0,4,0,2,4,4,1,2,0,8,9,0,0,3,0,0,81,-63,"Essendon","2020",9
5,"Smith, Devon",8,3,6,14,2,1,0,2,0,4,4,3,1,1,0,7,7,0,0,0,0,0,80,-63,"Essendon","2020",9
40,"Snelling, Will",3,0,11,14,0,0,0,6,2,0,4,2,1,1,0,9,5,0,0,0,0,0,88,-63,"Essendon","2020",9
17,"Stewart, James",3,2,1,4,0,1,0,3,0,0,0,3,1,2,0,2,2,1,1,2,0,0,82,-63,"Essendon","2020",9
20,"Townsend, Jacob",5,3,1,6,0,1,0,0,0,2,0,1,0,1,0,2,3,1,2,1,0,0,78,-63,"Essendon","2020",9
11,"Zaharakis, David",4,1,9,13,0,0,0,2,0,2,0,3,0,0,0,4,10,0,0,0,0,0,82,-63,"Essendon","2020",9
30,"Zerk-Thatcher, Brandon",5,2,2,7,0,0,0,0,0,0,0,0,1,0,0,3,4,0,0,4,0,0,73,-63,"Essendon","2020",9
0,"Rushed",0,0,0,0,0,1,0,0,0,0,0,0,0,0,0,0,0,0,0,0,0,0,0,-63,"Essendon","2020",9
4,"Ah Chee, Callum",6,4,5,11,0,0,0,4,2,1,1,1,1,1,0,4,8,0,0,0,0,0,82,63,"Brisbane Lions","2020",9
31,"Andrews, Harris",10,7,1,11,0,0,0,1,4,1,0,0,1,0,0,3,9,0,0,7,0,0,98,63,"Brisbane Lions","2020",9
43,"Answerth, Noah",12,6,5,17,0,0,0,0,0,2,0,0,1,0,0,7,12,1,0,3,0,0,84,63,"Brisbane Lions","2020",9
33,"Bailey, Zac",11,7,5,16,0,1,0,5,1,4,0,2,0,1,0,5,13,0,1,2,0,1,80,63,"Brisbane Lions","2020",9
38,"Ballenden, Connor",3,3,3,6,1,0,2,1,0,1,1,2,1,1,0,5,2,1,2,0,0,1,70,63,"Brisbane Lions","2020",9
7,"Berry, Jarrod",15,6,4,19,0,0,0,2,2,4,3,1,4,0,0,9,9,0,0,1,0,3,80,63,"Brisbane Lions","2020",9
14,"Birchall, Grant",13,6,2,15,0,0,0,2,3,1,0,1,1,0,0,2,12,0,0,1,0,0,74,63,"Brisbane Lions","2020",9
23,"Cameron, Charlie",9,4,1,10,4,1,0,4,0,1,0,2,1,1,1,4,5,1,1,0,0,1,94,63,"Brisbane Lions","2020",9
28,"Ellis-Yolmen, Cam",8,3,6,14,1,0,0,3,1,2,3,1,3,1,0,7,8,0,1,0,0,0,72,63,"Brisbane Lions","2020",9
27,"Gardiner, Darcy",9,6,1,10,0,0,0,1,2,1,0,3,0,1,0,3,7,1,0,4,0,0,95,63,"Brisbane Lions","2020",9
30,"Hipwood, Eric",6,2,2,8,1,1,0,1,0,3,0,5,1,4,0,4,4,1,1,2,0,0,88,63,"Brisbane Lions","2020",9
17,"Lyons, Jarryd",11,4,11,22,1,0,0,3,0,1,2,3,1,0,0,10,12,0,0,1,0,2,83,63,"Brisbane Lions","2020",9
11,"McCarthy, Lincoln",9,5,5,14,1,0,0,6,0,3,0,2,2,1,0,8,8,1,2,0,0,1,79,63,"Brisbane Lions","2020",9
6,"McCluggage, Hugh",5,3,8,13,0,0,0,0,2,1,5,0,0,0,0,7,7,0,0,0,0,0,85,63,"Brisbane Lions","2020",9
46,"McInerney, Oscar",5,2,4,9,0,0,23,0,1,0,4,1,1,1,0,8,3,1,1,0,0,1,68,63,"Brisbane Lions","2020",9
9,"Neale, Lachie",18,5,15,33,2,0,0,1,3,3,4,4,2,0,3,14,19,0,0,2,1,0,91,63,"Brisbane Lions","2020",9
16,"Rayner, Cam",6,5,4,10,1,1,0,4,0,1,0,0,0,0,0,3,7,1,2,0,0,0,78,63,"Brisbane Lions","2020",9
5,"Robinson, Mitch",6,3,9,15,0,0,0,2,2,3,1,1,0,1,0,3,11,1,1,2,0,1,79,63,"Brisbane Lions","2020",9
21,"Skinner, Sam",8,7,2,10,1,1,0,2,1,2,0,2,0,1,0,1,9,0,2,1,0,0,70,63,"Brisbane Lions","2020",9
37,"Starcevich, Brandon",6,2,4,10,0,0,0,1,3,1,0,1,1,0,0,3,8,0,0,1,0,0,80,63,"Brisbane Lions","2020",9
29,"Witherden, Alex",20,4,5,25,0,0,0,2,7,1,3,1,3,0,2,10,12,0,0,4,0,0,86,63,"Brisbane Lions","2020",9
15,"Zorko, Dayne",14,5,5,19,1,1,0,5,4,0,2,3,0,2,0,5,10,0,1,1,1,0,83,63,"Brisbane Lions","2020",9
0,"Rushed",0,0,0,0,0,1,0,0,0,0,0,0,0,0,0,0,0,0,0,0,0,0,0,63,"Brisbane Lions","2020",9
