"Number","Player","Kicks","Marks","Handballs","Disposals","Goals","Behinds","Hitouts","Tackles","Rebounds50s","Inside50s","Clearances","Clangers","FreesFor","FreesAgainst","BrownlowVotes","ContestedPossessions","UncontestedPossessions","ContestedMarks","MarksInside50","OnePercenters","Bounces","GoalAssists","PercentagePlayed","PointDifference","Team","Season","Round"
16,"Brown, Luke",7,4,2,9,0,0,0,1,2,1,0,0,0,0,0,1,6,0,0,0,0,0,81,-20,"Adelaide","2020",5
20,"Crocker, Ben",12,8,2,14,0,1,0,1,2,3,0,4,1,0,0,4,9,2,1,0,0,0,79,-20,"Adelaide","2020",5
2,"Crouch, Brad",15,3,13,28,0,0,0,4,2,4,6,4,1,1,0,9,19,0,0,0,0,0,85,-20,"Adelaide","2020",5
5,"Crouch, Matt",10,4,17,27,0,0,0,5,1,3,4,3,0,2,0,11,16,0,0,0,0,0,81,-20,"Adelaide","2020",5
39,"Doedee, Tom",7,5,11,18,0,0,0,1,3,0,0,2,0,0,0,11,7,3,0,2,0,0,91,-20,"Adelaide","2020",5
22,"Frampton, Billy",4,4,6,10,1,1,1,0,0,2,0,2,0,2,0,5,5,1,1,3,0,1,82,-20,"Adelaide","2020",5
17,"Hamill, Will",8,5,5,13,0,0,0,1,3,1,1,3,1,1,0,2,10,0,0,0,0,0,76,-20,"Adelaide","2020",5
15,"Hartigan, Kyle",4,2,3,7,0,0,0,1,3,1,0,1,1,0,0,3,4,0,0,4,0,0,88,-20,"Adelaide","2020",5
1,"Jones, Chayce",3,0,9,12,0,0,0,1,1,1,0,4,1,2,0,8,5,0,0,2,0,0,77,-20,"Adelaide","2020",5
28,"Keays, Ben",11,2,3,14,0,0,0,4,4,4,5,1,1,1,0,7,7,0,0,1,0,0,83,-20,"Adelaide","2020",5
8,"Kelly, Jake",8,3,1,9,0,0,0,3,1,2,0,3,0,1,0,1,6,0,0,7,0,0,92,-20,"Adelaide","2020",5
29,"Laird, Rory",14,6,11,25,0,0,0,1,3,2,0,0,1,0,0,3,22,0,0,1,0,0,83,-20,"Adelaide","2020",5
27,"Lynch, Tom",13,4,4,17,1,1,0,1,0,2,0,1,0,0,0,4,13,0,1,0,0,0,83,-20,"Adelaide","2020",5
23,"McAdam, Shane",6,3,1,7,1,1,0,5,0,3,0,1,1,1,0,4,3,2,0,0,0,0,73,-20,"Adelaide","2020",5
25,"McHenry, Ned",4,3,8,12,0,2,0,0,0,0,1,2,1,1,0,6,6,0,1,1,0,0,82,-20,"Adelaide","2020",5
4,"Murphy, Lachlan",4,2,3,7,0,1,0,2,0,1,0,2,1,2,0,3,5,0,1,0,0,0,69,-20,"Adelaide","2020",5
43,"OBrien, Reilly",7,4,9,16,0,0,17,3,2,1,2,1,2,0,0,4,11,1,0,0,0,0,92,-20,"Adelaide","2020",5
10,"Poholke, Myles",3,3,4,7,1,0,0,1,0,2,2,0,0,0,0,4,3,1,1,0,2,0,75,-20,"Adelaide","2020",5
9,"Sloane, Rory",7,1,9,16,0,0,0,1,1,3,1,0,0,0,0,7,8,0,0,1,0,1,81,-20,"Adelaide","2020",5
33,"Smith, Brodie",15,7,5,20,0,0,0,1,1,3,1,4,1,2,0,3,18,0,0,0,0,0,73,-20,"Adelaide","2020",5
12,"Talia, Daniel",6,6,3,9,0,0,0,1,4,1,0,1,0,1,0,2,8,0,0,6,0,0,89,-20,"Adelaide","2020",5
13,"Walker, Taylor",2,0,4,6,0,0,0,1,0,2,1,1,0,0,0,4,3,0,0,4,0,0,83,-20,"Adelaide","2020",5
0,"Rushed",0,0,0,0,0,3,0,0,0,0,0,0,0,0,0,0,0,0,0,0,0,0,0,-20,"Adelaide","2020",5
11,"Aish, James",14,10,5,19,0,0,0,0,2,3,0,0,0,0,0,5,14,0,0,0,0,1,82,20,"Fremantle","2020",5
34,"Bewley, Brett",6,4,4,10,0,0,0,5,0,2,2,1,0,0,0,3,7,0,0,0,0,0,73,20,"Fremantle","2020",5
8,"Brayshaw, Andrew",13,8,10,23,0,0,0,5,2,3,2,2,3,0,2,10,12,1,1,1,0,1,86,20,"Fremantle","2020",5
5,"Cerra, Adam",13,6,4,17,0,0,0,5,1,5,2,1,3,0,0,8,9,1,1,1,0,0,90,20,"Fremantle","2020",5
6,"Conca, Reece",8,5,2,10,0,0,0,1,3,0,0,0,1,0,0,2,8,0,0,1,0,0,50,20,"Fremantle","2020",5
4,"Darcy, Sean",2,4,5,7,0,0,24,1,0,2,1,4,0,2,0,4,4,1,0,4,0,1,90,20,"Fremantle","2020",5
44,"Duman, Taylin",6,4,2,8,0,0,0,2,1,2,0,0,0,0,0,0,8,0,0,0,0,1,71,20,"Fremantle","2020",5
32,"Hill, Stephen",9,4,3,12,0,0,0,1,3,1,0,1,0,0,0,2,10,0,0,1,0,0,84,20,"Fremantle","2020",5
1,"Hogan, Jesse",8,6,1,9,0,0,0,0,0,4,0,1,0,0,0,0,9,0,1,0,0,1,91,20,"Fremantle","2020",5
15,"Hughes, Ethan",9,8,4,13,0,0,0,1,2,0,0,2,0,0,0,1,11,0,0,1,0,0,92,20,"Fremantle","2020",5
37,"Lobb, Rory",7,4,2,9,2,0,7,2,0,3,0,3,1,1,0,5,4,2,2,3,0,0,96,20,"Fremantle","2020",5
2,"Logue, Griffin",8,4,6,14,0,0,0,1,3,1,0,0,1,0,0,9,5,2,0,6,0,0,94,20,"Fremantle","2020",5
16,"Mundy, David",14,4,11,25,0,1,0,1,3,2,7,1,1,1,3,9,16,0,1,0,0,0,75,20,"Fremantle","2020",5
13,"Ryan, Luke",18,7,0,18,0,0,0,1,6,0,0,3,1,2,0,5,8,0,0,2,1,0,86,20,"Fremantle","2020",5
28,"Schultz, Lachie",5,1,3,8,0,1,0,6,1,2,0,3,4,2,0,8,2,0,0,1,0,0,81,20,"Fremantle","2020",5
22,"Serong, Caleb",6,2,4,10,0,0,0,3,1,1,2,1,0,0,0,3,7,0,1,1,0,1,58,20,"Fremantle","2020",5
27,"Sturt, Sam",5,3,6,11,1,0,0,0,1,1,0,0,0,0,0,5,6,0,1,1,0,1,87,20,"Fremantle","2020",5
20,"Taberner, Matthew",6,5,0,6,1,2,0,0,0,0,0,3,0,1,0,2,4,2,3,2,0,0,96,20,"Fremantle","2020",5
18,"Tucker, Darcy",13,6,3,16,2,1,0,3,3,4,2,4,1,1,1,4,12,0,2,0,0,0,70,20,"Fremantle","2020",5
10,"Walters, Michael",7,5,7,14,2,0,0,3,0,2,2,5,1,2,0,9,6,2,2,0,1,0,85,20,"Fremantle","2020",5
14,"Wilson, Nathan",10,3,1,11,0,0,0,0,3,5,0,2,0,1,0,2,8,0,0,2,3,0,85,20,"Fremantle","2020",5
26,"Young, Hayden",10,6,5,15,0,0,0,0,2,0,0,3,0,0,0,2,13,0,0,2,1,0,77,20,"Fremantle","2020",5
0,"Rushed",0,0,0,0,0,1,0,0,0,0,0,0,0,0,0,0,0,0,0,0,0,0,0,20,"Fremantle","2020",5
