"Number","Player","Kicks","Marks","Handballs","Disposals","Goals","Behinds","Hitouts","Tackles","Rebounds50s","Inside50s","Clearances","Clangers","FreesFor","FreesAgainst","BrownlowVotes","ContestedPossessions","UncontestedPossessions","ContestedMarks","MarksInside50","OnePercenters","Bounces","GoalAssists","PercentagePlayed","PointDifference","Team","Season","Round"
9,"Acres, Blake",7,7,4,11,0,0,0,1,2,2,0,1,1,0,0,0,11,0,0,1,0,0,88,6,"Fremantle","2020",6
11,"Aish, James",11,7,7,18,0,0,0,1,1,2,2,0,0,0,0,3,14,0,0,3,0,0,97,6,"Fremantle","2020",6
41,"Banfield, Bailey",8,3,3,11,1,0,0,2,0,2,0,5,2,2,0,4,6,0,1,1,0,1,96,6,"Fremantle","2020",6
34,"Bewley, Brett",9,5,7,16,1,0,0,0,1,4,0,1,0,0,0,3,13,0,0,2,0,0,91,6,"Fremantle","2020",6
8,"Brayshaw, Andrew",11,6,9,20,0,0,0,5,3,2,2,1,1,1,2,4,16,0,0,1,0,1,89,6,"Fremantle","2020",6
5,"Cerra, Adam",9,4,7,16,0,0,0,2,2,3,1,4,0,1,0,6,10,0,0,0,0,0,87,6,"Fremantle","2020",6
33,"Colyer, Travis",6,3,3,9,0,0,0,1,1,2,0,1,0,0,0,5,5,0,2,2,0,4,82,6,"Fremantle","2020",6
4,"Darcy, Sean",6,2,1,7,1,2,11,1,0,2,1,3,3,3,0,5,3,2,1,1,0,1,35,6,"Fremantle","2020",6
44,"Duman, Taylin",7,5,5,12,0,0,0,1,3,0,1,1,1,0,0,9,5,1,0,8,0,0,100,6,"Fremantle","2020",6
7,"Fyfe, Nat",8,1,10,18,2,0,0,1,1,0,2,2,2,0,0,11,6,1,1,1,0,0,94,6,"Fremantle","2020",6
32,"Hill, Stephen",9,6,7,16,0,0,0,0,2,1,0,1,0,0,0,6,10,1,1,0,0,0,84,6,"Fremantle","2020",6
15,"Hughes, Ethan",7,4,3,10,0,0,0,1,1,0,0,1,1,1,0,3,7,0,0,6,0,0,93,6,"Fremantle","2020",6
37,"Lobb, Rory",7,6,7,14,1,0,16,0,1,4,3,2,1,0,0,9,6,1,2,1,0,0,100,6,"Fremantle","2020",6
16,"Mundy, David",6,2,6,12,0,0,0,4,0,1,1,3,0,2,0,3,10,0,0,0,0,0,77,6,"Fremantle","2020",6
13,"Ryan, Luke",11,5,3,14,0,0,0,3,6,1,0,0,0,0,0,3,7,0,0,7,0,0,93,6,"Fremantle","2020",6
28,"Schultz, Lachie",8,4,1,9,2,2,0,2,1,2,0,1,2,0,0,3,5,1,1,1,0,0,85,6,"Fremantle","2020",6
22,"Serong, Caleb",8,2,3,11,1,0,0,2,0,4,4,2,0,1,0,4,5,1,1,1,0,0,54,6,"Fremantle","2020",6
20,"Taberner, Matthew",9,7,4,13,2,0,0,1,0,1,1,0,1,0,0,5,10,2,3,2,0,2,100,6,"Fremantle","2020",6
18,"Tucker, Darcy",8,1,7,15,1,1,0,2,0,3,3,2,2,2,0,4,10,0,0,0,0,0,85,6,"Fremantle","2020",6
10,"Walters, Michael",16,3,10,26,0,0,0,3,1,6,8,8,4,2,3,12,14,0,0,1,0,0,89,6,"Fremantle","2020",6
14,"Wilson, Nathan",10,6,3,13,0,0,0,0,2,1,0,1,1,0,0,4,8,0,0,1,0,0,70,6,"Fremantle","2020",6
26,"Young, Hayden",0,0,1,1,0,0,0,0,0,0,0,0,0,0,0,0,1,0,0,0,0,0,10,6,"Fremantle","2020",6
0,"Rushed",0,0,0,0,0,2,0,0,0,0,0,0,0,0,0,0,0,0,0,0,0,0,0,6,"Fremantle","2020",6
26,"Battle, Josh",8,4,6,14,0,0,2,4,3,2,1,1,1,0,0,6,8,0,0,2,0,0,65,-6,"St Kilda","2020",6
15,"Billings, Jack",12,6,6,18,1,1,0,0,3,1,2,2,1,0,0,6,11,0,0,0,0,1,82,-6,"St Kilda","2020",6
16,"Butler, Dan",5,1,1,6,1,0,0,1,0,3,1,1,0,1,0,4,2,0,0,0,1,0,83,-6,"St Kilda","2020",6
2,"Carlisle, Jake",9,7,3,12,0,0,4,0,4,0,0,0,2,0,0,4,9,1,0,6,0,0,90,-6,"St Kilda","2020",6
11,"Clark, Hunter",10,1,8,18,0,0,0,0,1,2,4,1,1,1,0,6,10,0,0,0,0,0,82,-6,"St Kilda","2020",6
1,"Coffield, Nick",5,6,7,12,0,0,0,1,1,0,0,3,0,2,0,4,8,0,0,1,0,0,88,-6,"St Kilda","2020",6
14,"Geary, Jarryn",4,0,7,11,0,0,0,1,0,2,3,0,1,0,0,6,5,0,0,0,0,0,86,-6,"St Kilda","2020",6
4,"Gresham, Jade",13,2,4,17,1,1,0,0,1,6,6,3,3,2,1,8,9,0,1,0,0,0,81,-6,"St Kilda","2020",6
8,"Hill, Bradley",8,0,3,11,0,0,0,0,1,2,0,4,0,3,0,3,6,0,0,0,2,1,86,-6,"St Kilda","2020",6
20,"Howard, Dougal",9,7,2,11,0,0,0,0,3,0,0,2,0,1,0,0,10,0,0,7,0,0,97,-6,"St Kilda","2020",6
3,"Jones, Zak",9,2,6,15,2,0,0,4,1,4,4,3,1,1,0,9,7,0,0,0,1,0,69,-6,"St Kilda","2020",6
25,"Kent, Dean",4,1,3,7,1,0,0,3,0,1,0,1,0,0,0,3,4,0,0,0,0,1,74,-6,"St Kilda","2020",6
12,"King, Max",5,3,2,7,1,3,0,1,0,0,0,0,0,0,0,7,1,2,3,1,0,0,80,-6,"St Kilda","2020",6
21,"Long, Ben",6,5,8,14,0,0,0,2,2,1,0,3,0,2,0,5,7,0,0,2,2,0,82,-6,"St Kilda","2020",6
13,"Lonie, Jack",6,2,3,9,1,1,0,4,0,1,0,0,1,0,0,4,5,0,0,3,0,0,82,-6,"St Kilda","2020",6
43,"Marsh, Jonathon",2,0,1,3,0,0,0,4,0,1,1,0,0,0,0,3,1,0,0,3,0,0,69,-6,"St Kilda","2020",6
19,"Marshall, Rowan",7,2,2,9,0,0,29,1,0,1,3,6,1,4,0,3,5,0,0,1,0,0,88,-6,"St Kilda","2020",6
28,"Membrey, Tim",8,6,3,11,3,1,0,2,0,3,0,2,2,1,0,5,5,2,3,1,0,0,93,-6,"St Kilda","2020",6
33,"Paton, Ben",6,3,7,13,0,0,0,0,0,1,1,1,0,0,0,4,9,1,0,0,0,0,75,-6,"St Kilda","2020",6
6,"Ross, Sebastian",5,2,7,12,0,0,0,1,0,2,1,4,0,4,0,6,8,0,0,0,0,0,78,-6,"St Kilda","2020",6
9,"Steele, Jack",10,3,12,22,0,0,0,3,4,6,4,3,1,0,0,10,12,0,0,0,0,0,84,-6,"St Kilda","2020",6
44,"Wilkie, Callum",14,3,4,18,0,0,0,1,7,1,0,1,0,0,0,5,9,0,0,6,0,0,85,-6,"St Kilda","2020",6
0,"Totals",165,66,105,270,11,7,35,33,31,40,31,41,15,22,1,111,151,6,7,33,6,3,0,-6,"St Kilda","2020",6
