"Number","Player","Kicks","Marks","Handballs","Disposals","Goals","Behinds","Hitouts","Tackles","Rebounds50s","Inside50s","Clearances","Clangers","FreesFor","FreesAgainst","BrownlowVotes","ContestedPossessions","UncontestedPossessions","ContestedMarks","MarksInside50","OnePercenters","Bounces","GoalAssists","PercentagePlayed","PointDifference","Team","Season","Round"
16,"Brown, Luke",5,0,6,11,0,0,0,4,2,1,2,1,1,1,0,7,4,0,0,4,0,0,78,12,"Adelaide","2020",16
2,"Crouch, Brad",11,4,20,31,0,0,0,2,0,2,4,1,0,0,1,13,17,0,0,1,0,0,83,12,"Adelaide","2020",16
5,"Crouch, Matt",11,2,16,27,1,0,0,12,0,3,3,2,0,0,2,9,19,0,0,2,0,0,80,12,"Adelaide","2020",16
32,"Fogarty, Darcy",4,2,3,7,0,0,0,2,0,2,0,2,2,1,0,5,2,1,0,3,0,0,82,12,"Adelaide","2020",16
15,"Hartigan, Kyle",6,4,4,10,0,0,0,4,3,0,0,1,1,1,0,4,7,0,0,7,0,0,89,12,"Adelaide","2020",16
34,"Himmelberg, Elliott",7,4,7,14,2,1,5,1,0,0,1,1,1,0,0,12,3,4,2,2,0,0,83,12,"Adelaide","2020",16
1,"Jones, Chayce",5,3,4,9,0,0,0,1,0,3,1,3,0,0,0,3,6,1,0,2,0,0,76,12,"Adelaide","2020",16
28,"Keays, Ben",10,3,8,18,0,0,0,4,1,3,3,3,0,0,0,6,12,0,0,3,0,0,85,12,"Adelaide","2020",16
8,"Kelly, Jake",7,2,5,12,0,0,0,1,2,1,0,1,2,0,0,6,6,0,0,7,0,0,100,12,"Adelaide","2020",16
29,"Laird, Rory",12,2,16,28,0,0,0,9,3,4,11,6,0,3,3,18,11,1,0,1,0,0,82,12,"Adelaide","2020",16
14,"Mackay, David",10,3,9,19,0,0,0,2,1,3,1,4,1,2,0,6,11,0,1,4,1,0,85,12,"Adelaide","2020",16
23,"McAdam, Shane",9,7,5,14,2,1,0,5,0,1,0,1,2,0,0,8,7,3,3,2,0,1,72,12,"Adelaide","2020",16
36,"McPherson, Andrew",7,2,4,11,0,0,0,1,1,2,0,2,0,0,0,4,7,1,0,0,0,0,72,12,"Adelaide","2020",16
4,"Murphy, Lachlan",5,1,3,8,0,2,0,0,0,3,0,0,0,0,0,2,6,0,0,2,0,0,80,12,"Adelaide","2020",16
43,"OBrien, Reilly",9,1,4,13,0,0,43,5,0,5,2,1,0,0,0,7,5,0,0,2,0,1,85,12,"Adelaide","2020",16
26,"Schoenberg, Harry",6,1,4,10,0,0,0,1,0,4,3,3,0,1,0,5,5,0,0,2,0,0,74,12,"Adelaide","2020",16
38,"Sholl, Lachlan",7,1,3,10,0,0,0,2,0,1,0,0,1,0,0,0,10,0,0,2,0,1,87,12,"Adelaide","2020",16
9,"Sloane, Rory",8,0,9,17,1,1,0,7,0,2,1,0,1,0,0,6,10,0,0,3,1,0,72,12,"Adelaide","2020",16
33,"Smith, Brodie",14,1,2,16,0,2,0,2,3,4,1,3,1,1,0,4,11,0,0,2,0,0,82,12,"Adelaide","2020",16
18,"Stengle, Tyson",9,5,5,14,1,1,0,3,0,4,1,0,0,0,0,8,6,1,2,1,0,2,77,12,"Adelaide","2020",16
12,"Talia, Daniel",5,4,6,11,0,0,0,0,2,0,0,2,0,0,0,3,8,0,0,3,0,0,91,12,"Adelaide","2020",16
13,"Walker, Taylor",5,1,3,8,1,1,0,1,0,1,0,0,0,0,0,3,6,0,0,0,0,0,85,12,"Adelaide","2020",16
0,"Rushed",0,0,0,0,0,2,0,0,0,0,0,0,0,0,0,0,0,0,0,0,0,0,0,12,"Adelaide","2020",16
7,"Ash, Lachie",10,4,8,18,0,0,0,1,1,1,0,2,0,0,0,5,13,0,0,1,0,0,83,-12,"Greater Western Sydney","2020",16
5,"Caldwell, Jye",7,3,4,11,1,0,0,7,0,2,1,1,1,0,0,5,7,0,0,2,0,0,86,-12,"Greater Western Sydney","2020",16
18,"Cameron, Jeremy",8,7,3,11,1,1,0,0,2,3,1,1,1,1,0,5,6,1,1,5,0,0,89,-12,"Greater Western Sydney","2020",16
3,"Coniglio, Stephen",9,4,11,20,0,1,0,4,0,1,2,3,0,0,0,3,16,0,0,1,0,0,87,-12,"Greater Western Sydney","2020",16
35,"Corr, Aidan",10,4,0,10,0,0,0,1,6,1,0,3,0,1,0,3,3,1,0,10,0,0,65,-12,"Greater Western Sydney","2020",16
24,"de Boer, Matt",3,1,8,11,0,0,0,2,1,1,1,4,3,2,0,7,5,0,0,0,0,0,80,-12,"Greater Western Sydney","2020",16
31,"Finlayson, Jeremy",5,3,3,8,2,0,3,4,1,1,1,1,0,1,0,3,5,1,1,1,1,1,78,-12,"Greater Western Sydney","2020",16
4,"Greene, Toby",6,5,9,15,0,0,0,1,0,3,1,1,0,0,0,7,8,2,0,0,0,1,85,-12,"Greater Western Sydney","2020",16
9,"Hately, Jackson",5,4,6,11,0,0,0,7,2,1,0,4,0,0,0,4,8,0,0,0,0,1,70,-12,"Greater Western Sydney","2020",16
19,"Haynes, Nick",12,6,5,17,0,0,0,2,7,0,0,1,0,0,0,3,12,0,0,4,0,0,91,-12,"Greater Western Sydney","2020",16
37,"Hill, Bobby",4,1,2,6,1,0,0,5,0,1,1,2,1,0,0,5,2,1,0,1,0,0,71,-12,"Greater Western Sydney","2020",16
27,"Himmelberg, Harry",12,2,3,15,0,0,0,3,2,3,1,4,1,1,0,6,9,0,0,2,0,0,87,-12,"Greater Western Sydney","2020",16
2,"Hopper, Jacob",7,1,11,18,0,0,0,5,3,0,2,3,1,1,0,8,10,0,0,0,1,0,78,-12,"Greater Western Sydney","2020",16
10,"Jacobs, Sam",8,4,6,14,1,0,20,7,3,1,2,1,0,0,0,11,4,2,0,3,0,0,81,-12,"Greater Western Sydney","2020",16
25,"Keeffe, Lachlan",4,4,3,7,0,0,0,2,0,1,0,0,0,0,0,4,5,2,0,9,0,1,96,-12,"Greater Western Sydney","2020",16
40,"Kennedy, Adam",3,1,5,8,0,0,0,3,1,0,3,0,1,0,0,3,5,0,0,0,0,0,78,-12,"Greater Western Sydney","2020",16
38,"Lloyd, Daniel",5,2,6,11,0,0,0,1,0,0,1,1,0,0,0,6,6,0,0,2,0,0,75,-12,"Greater Western Sydney","2020",16
50,"Reid, Sam",3,2,6,9,0,0,0,2,0,1,0,1,1,1,0,3,7,0,0,2,0,1,83,-12,"Greater Western Sydney","2020",16
26,"Riccardi, Jake",2,1,2,4,0,0,0,1,1,1,0,0,0,0,0,2,2,0,0,0,0,1,85,-12,"Greater Western Sydney","2020",16
23,"Shaw, Heath",13,6,2,15,1,0,0,5,2,1,0,3,0,3,0,4,9,0,1,7,0,0,85,-12,"Greater Western Sydney","2020",16
14,"Taranto, Tim",16,3,7,23,0,1,0,6,0,2,5,5,0,2,0,8,14,0,0,1,0,0,85,-12,"Greater Western Sydney","2020",16
6,"Whitfield, Lachie",21,5,8,29,0,0,0,7,8,1,2,3,0,0,0,4,22,0,0,0,0,0,81,-12,"Greater Western Sydney","2020",16
0,"Rushed",0,0,0,0,0,2,0,0,0,0,0,0,0,0,0,0,0,0,0,0,0,0,0,-12,"Greater Western Sydney","2020",16
