"Number","Player","Kicks","Marks","Handballs","Disposals","Goals","Behinds","Hitouts","Tackles","Rebounds50s","Inside50s","Clearances","Clangers","FreesFor","FreesAgainst","BrownlowVotes","ContestedPossessions","UncontestedPossessions","ContestedMarks","MarksInside50","OnePercenters","Bounces","GoalAssists","PercentagePlayed","PointDifference","Team","Season","Round"
11,"Aish, James",8,3,10,18,0,0,0,2,1,3,2,3,1,2,0,4,14,0,0,0,0,0,79,31,"Fremantle","2020",13
19,"Blakely, Connor",1,1,13,14,0,0,0,2,0,0,2,2,0,1,0,6,8,0,0,4,0,0,54,31,"Fremantle","2020",13
8,"Brayshaw, Andrew",13,1,13,26,0,0,0,7,1,2,4,2,1,0,0,7,17,0,0,2,0,0,79,31,"Fremantle","2020",13
5,"Cerra, Adam",6,1,7,13,1,0,0,4,3,0,2,3,0,1,0,8,7,0,0,1,0,0,86,31,"Fremantle","2020",13
6,"Conca, Reece",7,3,6,13,0,0,0,4,4,1,0,4,0,3,0,4,9,0,0,3,2,1,88,31,"Fremantle","2020",13
36,"Cox, Brennan",5,6,7,12,0,0,0,0,2,0,0,1,0,1,0,7,5,5,0,2,0,0,82,31,"Fremantle","2020",13
12,"Crowden, Mitch",3,2,5,8,0,0,0,5,0,1,1,1,1,0,0,4,4,0,0,2,0,0,78,31,"Fremantle","2020",13
4,"Darcy, Sean",1,0,8,9,0,0,21,0,0,0,4,2,0,0,0,6,3,0,0,1,0,1,82,31,"Fremantle","2020",13
44,"Duman, Taylin",11,2,4,15,0,0,0,2,3,1,0,3,1,0,0,6,8,0,0,3,0,0,83,31,"Fremantle","2020",13
43,"Frederick, Michael",6,3,3,9,1,0,0,1,0,2,0,0,0,0,0,4,4,0,1,0,0,0,75,31,"Fremantle","2020",13
7,"Fyfe, Nat",9,0,13,22,0,0,0,1,1,3,6,4,1,1,0,12,10,0,0,2,0,2,78,31,"Fremantle","2020",13
31,"Henry, Liam",8,6,1,9,0,0,0,0,0,1,0,1,0,0,0,3,6,0,1,2,0,0,77,31,"Fremantle","2020",13
32,"Hill, Stephen",2,1,4,6,0,0,0,0,0,1,0,3,1,2,0,3,4,0,0,6,0,0,84,31,"Fremantle","2020",13
15,"Hughes, Ethan",7,3,3,10,0,0,0,1,4,1,0,3,0,1,0,5,6,0,0,2,0,0,82,31,"Fremantle","2020",13
37,"Lobb, Rory",5,5,2,7,1,1,6,0,2,0,0,0,0,0,2,7,1,5,3,3,0,0,93,31,"Fremantle","2020",13
16,"Mundy, David",13,3,9,22,1,0,0,3,2,2,3,2,0,1,0,9,14,0,0,2,0,1,70,31,"Fremantle","2020",13
13,"Ryan, Luke",18,5,8,26,0,0,0,0,7,0,0,0,3,0,3,9,12,0,0,10,1,0,94,31,"Fremantle","2020",13
28,"Schultz, Lachie",13,9,6,19,1,0,0,2,1,1,1,3,1,0,0,5,15,0,3,0,0,0,86,31,"Fremantle","2020",13
22,"Serong, Caleb",10,1,10,20,0,1,0,5,2,5,3,2,1,0,0,7,14,0,0,1,0,0,73,31,"Fremantle","2020",13
20,"Taberner, Matthew",10,9,2,12,2,0,1,2,0,4,0,1,0,0,1,5,6,4,2,1,0,0,100,31,"Fremantle","2020",13
10,"Walters, Michael",13,4,5,18,0,1,0,0,0,6,0,1,2,0,0,6,10,0,0,2,1,0,86,31,"Fremantle","2020",13
14,"Wilson, Nathan",10,3,7,17,0,0,0,2,7,0,0,1,0,0,0,4,13,0,0,4,1,0,89,31,"Fremantle","2020",13
0,"Rushed",0,0,0,0,0,5,0,0,0,0,0,0,0,0,0,0,0,0,0,0,0,0,0,31,"Fremantle","2020",13
32,"Bell, James",4,2,3,7,0,0,0,4,0,1,0,3,0,3,0,3,4,0,0,1,0,0,78,-31,"Sydney","2020",13
22,"Blakey, Nick",12,3,3,15,0,0,0,2,1,7,4,1,3,0,0,7,8,0,0,0,0,1,75,-31,"Sydney","2020",13
7,"Cunningham, Harry",11,6,10,21,0,0,0,2,4,2,0,3,0,1,0,6,15,0,0,0,0,0,83,-31,"Sydney","2020",13
34,"Dawson, Jordan",17,6,2,19,0,0,0,1,3,2,1,0,1,0,0,3,14,1,0,3,0,0,88,-31,"Sydney","2020",13
13,"Florent, Oliver",8,2,12,20,0,0,0,2,0,5,3,3,0,0,0,6,13,0,0,1,0,0,85,-31,"Sydney","2020",13
16,"Foot, Zac",1,1,3,4,0,0,0,3,0,0,0,1,0,0,0,3,1,0,0,1,0,0,67,-31,"Sydney","2020",13
42,"Fox, Robbie",12,3,3,15,0,0,0,2,4,0,0,0,0,0,0,2,13,0,0,5,0,0,90,-31,"Sydney","2020",13
9,"Hayward, Will",3,2,6,9,0,0,0,1,0,1,0,1,0,1,0,1,8,0,0,1,0,0,85,-31,"Sydney","2020",13
12,"Kennedy, Josh",8,2,9,17,0,0,0,4,1,2,4,1,1,0,0,7,9,0,0,1,0,0,65,-31,"Sydney","2020",13
44,"Lloyd, Jake",21,7,7,28,0,0,0,1,3,2,0,0,0,0,0,6,16,0,0,4,0,0,88,-31,"Sydney","2020",13
30,"McCartin, Tom",6,4,2,8,1,0,0,0,0,1,0,2,1,2,0,6,3,2,1,1,0,0,83,-31,"Sydney","2020",13
43,"Melican, Lewis",10,4,3,13,0,0,0,2,2,1,0,3,1,0,0,4,7,2,0,15,0,0,89,-31,"Sydney","2020",13
14,"Mills, Callum",6,5,10,16,0,0,0,2,2,1,0,4,0,2,0,4,12,0,0,5,0,0,86,-31,"Sydney","2020",13
38,"ORiordan, Colin",7,6,3,10,0,0,0,2,1,0,0,2,0,1,0,3,7,0,0,4,0,0,77,-31,"Sydney","2020",13
11,"Papley, Tom",11,3,1,12,0,0,0,2,0,5,1,4,2,2,0,4,9,1,0,2,1,0,87,-31,"Sydney","2020",13
26,"Parker, Luke",9,3,8,17,0,0,0,4,0,4,2,5,0,1,0,10,6,1,0,1,0,0,86,-31,"Sydney","2020",13
20,"Reid, Sam",8,7,2,10,0,3,6,0,0,2,0,0,0,0,0,2,8,0,2,1,0,0,87,-31,"Sydney","2020",13
8,"Rowbottom, James",11,2,8,19,0,0,0,6,2,2,8,2,0,0,0,13,6,0,0,0,0,0,82,-31,"Sydney","2020",13
18,"Sinclair, Callum",5,5,4,9,0,0,26,1,1,2,3,0,0,0,0,6,4,2,0,5,0,0,88,-31,"Sydney","2020",13
3,"Stephens, Dylan",5,2,6,11,0,0,0,5,0,0,0,0,2,0,0,8,5,0,1,2,0,0,81,-31,"Sydney","2020",13
6,"Thurlow, Jackson",7,2,9,16,0,1,0,2,1,1,2,3,1,0,0,6,12,0,0,4,0,0,80,-31,"Sydney","2020",13
45,"Wicks, Sam",3,2,4,7,1,0,0,2,1,2,0,0,1,0,0,4,3,0,0,2,0,0,72,-31,"Sydney","2020",13
0,"Rushed",0,0,0,0,0,3,0,0,0,0,0,0,0,0,0,0,0,0,0,0,0,0,0,-31,"Sydney","2020",13
