"Number","Player","Kicks","Marks","Handballs","Disposals","Goals","Behinds","Hitouts","Tackles","Rebounds50s","Inside50s","Clearances","Clangers","FreesFor","FreesAgainst","BrownlowVotes","ContestedPossessions","UncontestedPossessions","ContestedMarks","MarksInside50","OnePercenters","Bounces","GoalAssists","PercentagePlayed","PointDifference","Team","Season","Round"
10,"Brayshaw, Angus",2,1,9,11,0,0,0,5,1,1,1,0,0,0,0,3,7,0,0,0,0,0,78,-51,"Melbourne","2020",9
31,"Fritsch, Bayley",4,4,9,13,0,0,0,0,2,0,0,3,0,2,0,2,11,0,0,3,0,0,86,-51,"Melbourne","2020",9
11,"Gawn, Max",9,5,2,11,0,0,40,3,2,1,4,4,2,1,0,8,2,3,0,5,0,0,89,-51,"Melbourne","2020",9
19,"Hannan, Mitch",3,3,3,6,0,0,0,0,0,2,0,3,0,2,0,4,1,2,0,1,0,0,62,-51,"Melbourne","2020",9
4,"Harmes, James",8,3,8,16,0,0,0,1,2,1,0,3,1,2,0,4,12,0,0,1,0,0,78,-51,"Melbourne","2020",9
14,"Hibberd, Michael",9,3,9,18,0,0,0,0,4,1,0,0,1,0,0,3,14,0,0,2,0,0,86,-51,"Melbourne","2020",9
6,"Jackson, Luke",2,0,2,4,0,1,4,0,0,0,1,1,1,0,0,2,2,0,0,1,0,1,71,-51,"Melbourne","2020",9
2,"Jones, Nathan",5,4,9,14,0,0,0,3,0,0,2,1,0,0,0,6,9,0,0,0,0,0,78,-51,"Melbourne","2020",9
15,"Langdon, Ed",9,4,5,14,0,0,0,1,2,0,1,2,0,1,0,4,9,0,0,1,0,0,86,-51,"Melbourne","2020",9
8,"Lever, Jake",8,6,4,12,0,0,0,2,1,1,0,2,1,1,0,6,9,1,0,10,0,0,97,-51,"Melbourne","2020",9
41,"Lockhart, Jay",9,4,3,12,0,2,0,1,2,3,0,2,0,0,0,3,9,0,0,2,0,0,70,-51,"Melbourne","2020",9
1,"May, Steven",15,0,2,17,0,0,0,0,10,2,0,2,1,1,0,3,4,0,0,9,0,0,91,-51,"Melbourne","2020",9
28,"McDonald, Oscar",4,1,7,11,0,0,0,0,1,0,0,1,0,1,0,3,6,0,0,4,0,0,93,-51,"Melbourne","2020",9
25,"McDonald, Tom",5,4,2,7,0,1,0,1,0,1,0,1,0,0,0,3,4,2,1,2,0,1,91,-51,"Melbourne","2020",9
18,"Melksham, Jake",7,3,3,10,1,1,0,0,0,4,0,1,0,1,0,1,9,0,2,0,0,1,86,-51,"Melbourne","2020",9
13,"Oliver, Clayton",9,2,14,23,0,1,0,8,2,1,7,8,1,4,0,14,9,0,0,0,0,0,83,-51,"Melbourne","2020",9
5,"Petracca, Christian",10,2,14,24,1,1,0,4,1,4,5,7,1,1,0,15,10,1,0,1,0,0,90,-51,"Melbourne","2020",9
36,"Pickett, Kysaiah",6,1,5,11,0,0,0,2,0,2,0,3,2,1,0,7,4,0,0,0,0,0,76,-51,"Melbourne","2020",9
3,"Salem, Christian",8,4,14,22,0,0,0,4,3,1,2,4,0,3,0,8,14,0,0,0,0,0,86,-51,"Melbourne","2020",9
32,"Sparrow, Tom",6,1,9,15,0,0,0,2,2,1,3,3,1,2,0,7,9,0,0,1,0,0,71,-51,"Melbourne","2020",9
7,"Viney, Jack",10,2,9,19,0,0,0,4,0,5,4,4,4,0,0,10,10,0,0,1,0,1,72,-51,"Melbourne","2020",9
26,"Weideman, Sam",2,2,3,5,2,0,0,1,0,0,0,0,0,0,0,1,4,0,2,1,0,0,79,-51,"Melbourne","2020",9
0,"Rushed",0,0,0,0,0,1,0,0,0,0,0,0,0,0,0,0,0,0,0,0,0,0,0,-51,"Melbourne","2020",9
15,"Amon, Karl",12,5,13,25,0,0,0,1,3,2,2,2,0,1,0,11,14,1,0,1,1,0,88,51,"Port Adelaide","2020",9
10,"Boak, Travis",14,4,11,25,1,1,0,2,0,4,8,4,3,0,3,13,13,1,1,1,0,0,73,51,"Port Adelaide","2020",9
18,"Butters, Zak",7,6,8,15,0,0,0,2,0,2,1,3,1,2,0,8,7,1,1,1,0,1,82,51,"Port Adelaide","2020",9
33,"Byrne-Jones, Darcy",12,0,5,17,0,0,0,3,4,2,4,4,1,1,0,8,10,0,0,2,0,0,83,51,"Port Adelaide","2020",9
17,"Clurey, Tom",5,3,5,10,0,0,0,0,1,0,0,1,1,1,0,3,8,0,0,3,0,0,93,51,"Port Adelaide","2020",9
22,"Dixon, Charlie",4,2,1,5,1,0,0,1,0,3,1,0,2,0,0,3,2,1,0,1,0,2,90,51,"Port Adelaide","2020",9
21,"Duursma, Xavier",8,4,7,15,0,0,0,2,2,3,0,2,4,1,0,8,8,0,0,1,0,0,81,51,"Port Adelaide","2020",9
7,"Ebert, Brad",3,1,7,10,0,0,0,3,0,1,0,2,0,1,0,5,4,0,0,1,1,0,79,51,"Port Adelaide","2020",9
24,"Farrell, Kane",6,2,5,11,1,2,0,2,0,2,0,1,2,1,0,5,6,2,1,2,0,1,79,51,"Port Adelaide","2020",9
19,"Georgiades, Mitch",8,5,3,11,3,2,0,2,0,2,0,3,2,1,1,3,7,1,3,1,0,0,83,51,"Port Adelaide","2020",9
9,"Gray, Robbie",5,4,10,15,0,0,0,3,0,2,1,4,0,1,0,6,10,0,0,5,0,1,82,51,"Port Adelaide","2020",9
8,"Hartlett, Hamish",9,4,5,14,0,0,0,4,2,1,0,3,1,0,0,4,10,0,0,2,0,0,76,51,"Port Adelaide","2020",9
5,"Houston, Dan",15,4,4,19,0,0,0,0,4,3,0,1,1,0,0,5,15,0,0,2,0,1,79,51,"Port Adelaide","2020",9
1,"Jonas, Tom",5,4,1,6,0,0,0,3,1,0,1,0,0,0,0,3,5,1,0,8,0,0,98,51,"Port Adelaide","2020",9
38,"Ladhams, Peter",4,1,9,13,0,1,10,1,0,1,3,6,1,5,0,7,7,0,0,0,0,0,81,51,"Port Adelaide","2020",9
40,"Lienert, Jarrod",9,2,6,15,0,0,0,1,2,1,0,1,0,0,0,2,9,0,0,3,0,0,84,51,"Port Adelaide","2020",9
32,"Mayes, Sam",12,6,7,19,1,1,0,4,2,5,0,1,1,0,0,6,12,0,0,0,0,0,89,51,"Port Adelaide","2020",9
2,"Powell-Pepper, Sam",9,2,5,14,0,0,0,7,0,7,2,1,0,0,0,2,12,0,0,1,0,1,63,51,"Port Adelaide","2020",9
11,"Rockliff, Tom",10,3,11,21,0,0,0,10,1,3,1,3,1,0,2,9,14,0,0,0,0,0,88,51,"Port Adelaide","2020",9
20,"Rozee, Connor",6,2,3,9,2,1,0,3,1,2,0,3,1,1,0,2,6,0,1,0,0,0,83,51,"Port Adelaide","2020",9
39,"Westhoff, Justin",6,5,4,10,2,0,3,3,0,0,1,2,0,0,0,5,5,2,2,1,0,0,84,51,"Port Adelaide","2020",9
16,"Wines, Ollie",7,0,18,25,1,0,0,3,1,1,4,2,1,0,0,11,14,0,0,2,0,1,64,51,"Port Adelaide","2020",9
0,"Rushed",0,0,0,0,0,3,0,0,0,0,0,0,0,0,0,0,0,0,0,0,0,0,0,51,"Port Adelaide","2020",9
