"Number","Player","Kicks","Marks","Handballs","Disposals","Goals","Behinds","Hitouts","Tackles","Rebounds50s","Inside50s","Clearances","Clangers","FreesFor","FreesAgainst","BrownlowVotes","ContestedPossessions","UncontestedPossessions","ContestedMarks","MarksInside50","OnePercenters","Bounces","GoalAssists","PercentagePlayed","PointDifference","Team","Season","Round"
27,"Abbott, Ryan",2,2,1,3,1,0,2,0,0,1,0,0,0,0,0,0,3,0,1,0,0,0,54,14,"St Kilda","2020",16
26,"Battle, Josh",8,3,1,9,1,3,0,2,2,0,0,2,1,1,0,4,6,1,1,1,0,0,90,14,"St Kilda","2020",16
15,"Billings, Jack",10,4,9,19,1,0,0,1,0,4,2,2,0,0,0,6,13,0,1,1,0,1,87,14,"St Kilda","2020",16
16,"Butler, Dan",10,4,4,14,1,1,0,2,1,5,0,0,1,0,0,4,10,0,2,0,0,1,92,14,"St Kilda","2020",16
11,"Clark, Hunter",9,7,6,15,0,0,0,1,1,1,1,2,1,2,0,2,14,0,0,0,0,0,77,14,"St Kilda","2020",16
1,"Coffield, Nick",14,11,7,21,0,0,0,2,2,2,0,1,0,0,0,5,15,1,0,3,0,0,86,14,"St Kilda","2020",16
14,"Geary, Jarryn",10,6,4,14,0,0,0,1,3,1,0,1,0,0,0,2,12,0,0,2,0,0,84,14,"St Kilda","2020",16
8,"Hill, Bradley",15,5,7,22,0,1,0,1,2,3,0,3,0,0,1,3,18,0,0,0,1,0,83,14,"St Kilda","2020",16
20,"Howard, Dougal",14,6,1,15,0,0,0,0,5,1,1,0,0,0,0,2,9,1,0,5,0,1,92,14,"St Kilda","2020",16
3,"Jones, Zak",11,6,11,22,1,0,0,2,3,4,2,1,1,0,0,7,16,0,1,0,0,1,87,14,"St Kilda","2020",16
25,"Kent, Dean",8,5,7,15,0,1,0,4,0,4,1,2,0,0,0,3,11,1,1,0,0,2,74,14,"St Kilda","2020",16
21,"Long, Ben",10,6,8,18,0,0,0,2,2,2,1,3,1,0,0,7,11,2,0,5,0,0,90,14,"St Kilda","2020",16
13,"Lonie, Jack",7,4,2,9,2,1,0,2,0,1,1,0,0,0,0,3,6,0,2,2,0,0,81,14,"St Kilda","2020",16
43,"Marsh, Jonathon",2,1,5,7,0,2,0,1,0,0,0,0,0,0,0,3,4,0,1,1,0,0,73,14,"St Kilda","2020",16
19,"Marshall, Rowan",11,8,3,14,2,2,2,1,0,1,0,2,2,1,0,5,9,2,3,2,0,0,92,14,"St Kilda","2020",16
33,"Paton, Ben",11,10,0,11,0,0,0,0,2,0,0,0,0,0,0,1,9,1,0,1,0,0,83,14,"St Kilda","2020",16
30,"Phillips, Ed",6,3,3,9,0,0,0,0,1,0,0,2,0,0,0,1,9,0,0,1,0,0,69,14,"St Kilda","2020",16
6,"Ross, Sebastian",15,2,8,23,0,0,0,2,2,7,8,5,1,1,0,11,11,0,0,2,0,0,82,14,"St Kilda","2020",16
18,"Ryder, Paddy",7,2,2,9,1,0,26,1,0,1,3,3,3,3,0,7,2,1,0,1,0,0,73,14,"St Kilda","2020",16
35,"Sinclair, Jack",6,6,7,13,0,0,0,3,0,3,1,1,1,0,0,3,11,0,1,3,1,3,76,14,"St Kilda","2020",16
9,"Steele, Jack",11,5,10,21,1,0,0,6,2,2,4,3,0,0,2,7,13,0,1,2,0,1,85,14,"St Kilda","2020",16
44,"Wilkie, Callum",8,6,3,11,0,0,0,0,3,0,0,0,0,0,0,4,6,1,0,1,0,0,87,14,"St Kilda","2020",16
0,"Rushed",0,0,0,0,0,3,0,0,0,0,0,0,0,0,0,0,0,0,0,0,0,0,0,14,"St Kilda","2020",16
22,"Breust, Luke",7,2,2,9,2,2,0,4,0,1,1,4,1,1,0,4,7,0,2,2,0,1,88,-14,"Hawthorn","2020",16
18,"Ceglar, Jonathon",5,4,8,13,0,0,15,1,1,2,4,2,4,1,0,7,6,2,0,0,0,0,74,-14,"Hawthorn","2020",16
46,"Cousins, James",10,3,12,22,0,1,0,0,1,5,4,0,0,0,0,8,13,1,0,1,0,0,79,-14,"Hawthorn","2020",16
30,"Day, Will",15,4,6,21,0,0,0,2,6,1,0,3,0,0,0,1,14,0,0,3,0,0,92,-14,"Hawthorn","2020",16
12,"Frawley, James",7,3,3,10,0,0,0,0,2,0,0,2,0,1,0,6,3,1,0,5,0,0,95,-14,"Hawthorn","2020",16
8,"Frost, Sam",6,4,2,8,0,1,0,0,1,0,0,3,0,1,0,2,6,0,0,2,0,0,91,-14,"Hawthorn","2020",16
44,"Greaves, Damon",12,7,5,17,0,0,0,0,6,3,0,0,0,0,0,2,12,0,0,1,0,1,81,-14,"Hawthorn","2020",16
19,"Gunston, Jack",6,4,4,10,1,2,0,0,0,2,0,1,0,0,0,4,7,0,2,0,0,2,91,-14,"Hawthorn","2020",16
15,"Hardwick, Blake",5,1,1,6,1,0,0,2,1,3,0,0,0,0,0,5,2,1,1,1,0,1,84,-14,"Hawthorn","2020",16
17,"Howe, Daniel",3,3,6,9,0,0,0,0,2,1,1,0,0,0,0,2,8,0,0,5,0,0,83,-14,"Hawthorn","2020",16
29,"Jiath, Changkuoth",4,2,3,7,0,0,0,3,1,1,0,2,1,0,0,2,5,1,0,1,0,0,76,-14,"Hawthorn","2020",16
2,"Lewis, Mitch",4,3,2,6,1,1,1,0,0,1,0,1,0,0,0,3,3,1,2,0,0,0,79,-14,"Hawthorn","2020",16
3,"Mitchell, Tom",14,5,13,27,1,0,0,2,2,3,1,6,1,3,3,7,20,0,0,0,0,0,84,-14,"Hawthorn","2020",16
36,"Moore, Dylan",2,2,4,6,1,1,0,1,0,0,0,0,0,0,0,5,1,1,1,1,1,0,76,-14,"Hawthorn","2020",16
35,"Morris, Josh",3,1,1,4,0,1,0,0,0,3,0,0,0,0,0,1,4,0,0,0,1,0,60,-14,"Hawthorn","2020",16
1,"Morrison, Harry",9,2,5,14,0,0,0,1,0,1,1,3,0,0,0,4,10,0,0,0,0,1,76,-14,"Hawthorn","2020",16
23,"OBrien, Tim",6,5,1,7,1,0,2,1,0,2,1,2,0,1,0,3,4,2,1,1,0,0,89,-14,"Hawthorn","2020",16
14,"Scrimshaw, Jack",9,3,7,16,0,0,0,2,3,2,0,2,0,1,0,5,8,3,0,1,0,1,83,-14,"Hawthorn","2020",16
21,"Scully, Tom",10,4,9,19,1,1,0,1,2,3,1,3,0,1,0,5,16,0,1,2,0,0,93,-14,"Hawthorn","2020",16
26,"Shiels, Liam",8,6,10,18,0,0,0,3,1,1,5,2,1,2,0,5,12,0,0,1,0,0,85,-14,"Hawthorn","2020",16
20,"Wingard, Chad",9,3,11,20,0,1,0,8,1,6,2,0,0,0,0,5,14,0,0,1,0,0,87,-14,"Hawthorn","2020",16
5,"Worpel, James",5,0,12,17,0,0,0,1,0,1,3,0,0,0,0,9,8,0,0,0,0,0,55,-14,"Hawthorn","2020",16
0,"Rushed",0,0,0,0,0,1,0,0,0,0,0,0,0,0,0,0,0,0,0,0,0,0,0,-14,"Hawthorn","2020",16
