"Number","Player","Kicks","Marks","Handballs","Disposals","Goals","Behinds","Hitouts","Tackles","Rebounds50s","Inside50s","Clearances","Clangers","FreesFor","FreesAgainst","BrownlowVotes","ContestedPossessions","UncontestedPossessions","ContestedMarks","MarksInside50","OnePercenters","Bounces","GoalAssists","PercentagePlayed","PointDifference","Team","Season","Round"
30,"Atkins, Tom",5,3,11,16,0,0,0,8,1,0,1,1,0,0,0,8,8,0,0,1,0,0,75,-26,"Geelong","2020",17
24,"Bews, Jed",5,5,3,8,0,1,0,1,0,1,3,0,2,0,0,3,5,0,0,1,0,0,75,-26,"Geelong","2020",17
46,"Blicavs, Mark",9,7,9,18,0,0,12,5,1,2,2,2,2,2,0,9,9,3,0,5,0,0,84,-26,"Geelong","2020",17
45,"Close, Brad",2,1,1,3,1,0,0,2,0,0,0,1,0,0,0,1,2,0,0,1,0,0,69,-26,"Geelong","2020",17
40,"Dahlhaus, Luke",8,5,6,14,0,0,0,1,1,4,1,2,1,0,0,4,11,1,0,1,0,0,75,-26,"Geelong","2020",17
35,"Dangerfield, Patrick",14,3,5,19,0,1,0,2,0,6,5,6,2,2,0,8,11,0,0,1,1,0,84,-26,"Geelong","2020",17
22,"Duncan, Mitch",13,6,2,15,0,0,0,2,2,2,1,2,2,0,0,5,12,0,0,3,1,0,81,-26,"Geelong","2020",17
13,"Fogarty, Lachie",9,5,5,14,0,0,0,1,0,2,1,2,2,0,0,5,10,0,0,0,0,0,69,-26,"Geelong","2020",17
29,"Guthrie, Cameron",16,9,7,23,0,0,0,6,3,1,3,2,0,0,0,4,15,1,0,0,1,0,75,-26,"Geelong","2020",17
26,"Hawkins, Tom",5,4,1,6,1,2,3,1,0,2,0,1,0,1,0,3,3,1,3,0,0,0,100,-26,"Geelong","2020",17
25,"Henderson, Lachie",8,4,4,12,0,0,0,0,2,2,0,4,0,3,0,4,7,0,0,8,0,0,99,-26,"Geelong","2020",17
38,"Henry, Jack",8,3,3,11,0,0,0,1,2,1,0,2,1,0,0,4,7,1,0,1,0,0,82,-26,"Geelong","2020",17
10,"Jarvis, Ben",3,3,2,5,0,1,0,1,0,0,0,0,0,0,0,2,4,1,1,1,0,0,60,-26,"Geelong","2020",17
8,"Kolodjashnij, Jake",10,7,1,11,0,0,0,1,2,1,0,1,0,1,0,2,10,0,0,1,0,0,88,-26,"Geelong","2020",17
27,"Menegola, Sam",12,5,6,18,0,0,0,1,2,4,3,1,0,0,0,8,10,0,0,2,0,2,88,-26,"Geelong","2020",17
32,"Miers, Gryan",8,7,3,11,0,0,0,3,1,2,0,2,0,1,0,0,13,0,0,0,0,1,91,-26,"Geelong","2020",17
42,"OConnor, Mark",10,9,8,18,0,0,0,2,4,0,0,1,2,0,0,7,13,0,0,2,2,0,98,-26,"Geelong","2020",17
3,"Parfitt, Brandan",10,1,6,16,0,0,0,1,1,4,8,3,0,0,0,11,7,0,0,0,0,0,74,-26,"Geelong","2020",17
17,"Ratugolea, Esava",11,7,4,15,2,0,5,2,0,2,2,3,2,0,0,11,4,5,3,0,0,0,85,-26,"Geelong","2020",17
44,"Stewart, Tom",20,8,5,25,0,0,0,0,8,3,1,4,0,1,0,8,14,2,0,3,0,1,77,-26,"Geelong","2020",17
7,"Taylor, Harry",9,5,3,12,0,0,0,0,1,0,0,0,1,0,0,5,7,0,0,4,0,0,81,-26,"Geelong","2020",17
2,"Tuohy, Zach",12,4,3,15,0,0,0,2,3,1,1,2,0,0,0,4,9,0,0,1,0,0,90,-26,"Geelong","2020",17
0,"Rushed",0,0,0,0,0,2,0,0,0,0,0,0,0,0,0,0,0,0,0,0,0,0,0,-26,"Geelong","2020",17
39,"Aarts, Jake",4,3,3,7,0,0,0,3,0,0,0,2,1,1,0,3,4,0,2,0,0,0,82,26,"Richmond","2020",17
7,"Baker, Liam",7,3,10,17,0,0,0,1,3,0,0,4,0,1,0,5,12,0,0,2,0,0,83,26,"Richmond","2020",17
21,"Balta, Noah",6,2,2,8,0,0,0,0,3,1,0,1,0,0,0,3,4,0,0,1,0,0,100,26,"Richmond","2020",17
29,"Bolton, Shai",10,5,8,18,0,1,0,6,1,3,4,7,1,5,3,11,10,0,0,2,4,1,89,26,"Richmond","2020",17
11,"Castagna, Jason",6,4,5,11,1,2,0,3,0,2,0,0,0,0,0,0,11,0,2,0,0,0,89,26,"Richmond","2020",17
9,"Cotchin, Trent",10,2,5,15,0,1,0,3,1,1,3,3,1,0,0,6,9,0,1,3,0,0,76,26,"Richmond","2020",17
34,"Graham, Jack",8,2,7,15,0,0,0,3,1,3,3,1,1,0,0,3,12,0,0,2,0,1,90,26,"Richmond","2020",17
2,"Grimes, Dylan",8,6,8,16,0,0,0,0,3,0,0,3,0,1,0,9,6,4,0,4,0,0,85,26,"Richmond","2020",17
14,"Houli, Bachar",6,1,4,10,0,1,0,2,3,1,0,0,0,0,0,2,6,0,1,3,1,0,76,26,"Richmond","2020",17
23,"Lambert, Kane",6,1,6,12,0,0,0,2,1,4,2,4,0,2,0,7,5,0,0,2,0,1,89,26,"Richmond","2020",17
19,"Lynch, Tom",6,3,3,9,1,2,0,3,0,1,0,3,2,0,0,5,6,1,2,2,0,0,62,26,"Richmond","2020",17
31,"Markov, Oleg",3,2,8,11,0,0,0,1,0,1,0,1,1,1,0,4,7,0,0,1,1,0,81,26,"Richmond","2020",17
4,"Martin, Dustin",13,4,6,19,0,3,0,3,0,8,3,5,1,1,1,9,8,2,1,1,0,1,89,26,"Richmond","2020",17
33,"McIntosh, Kamdyn",11,3,2,13,0,0,0,1,1,6,0,0,1,0,0,4,9,0,0,2,3,0,82,26,"Richmond","2020",17
25,"Nankervis, Toby",10,6,2,12,0,0,16,4,2,2,0,3,1,2,0,4,7,1,0,2,0,0,77,26,"Richmond","2020",17
50,"Pickett, Marlion",5,1,5,10,0,1,0,3,1,1,0,2,0,0,0,8,4,0,1,3,0,0,91,26,"Richmond","2020",17
8,"Riewoldt, Jack",7,6,3,10,4,0,0,0,1,2,1,2,0,1,2,4,6,2,4,3,0,0,100,26,"Richmond","2020",17
17,"Rioli, Daniel",11,5,3,14,1,1,0,2,0,2,0,0,1,0,0,4,10,0,0,0,0,0,84,26,"Richmond","2020",17
5,"Ross, Jack",7,3,6,13,0,0,0,4,3,2,0,2,0,0,0,5,10,0,0,1,0,1,71,26,"Richmond","2020",17
15,"Short, Jayden",10,3,6,16,0,1,0,1,8,2,0,1,0,0,0,1,11,0,0,1,6,0,81,26,"Richmond","2020",17
20,"Soldo, Ivan",2,1,0,2,0,0,7,2,0,0,0,2,0,2,0,1,1,0,0,2,0,0,24,26,"Richmond","2020",17
1,"Vlastuin, Nick",10,7,5,15,0,0,0,2,4,0,0,1,0,0,0,5,9,1,0,1,2,0,100,26,"Richmond","2020",17
0,"Rushed",0,0,0,0,0,2,0,0,0,0,0,0,0,0,0,0,0,0,0,0,0,0,0,26,"Richmond","2020",17
