"Number","Player","Kicks","Marks","Handballs","Disposals","Goals","Behinds","Hitouts","Tackles","Rebounds50s","Inside50s","Clearances","Clangers","FreesFor","FreesAgainst","BrownlowVotes","ContestedPossessions","UncontestedPossessions","ContestedMarks","MarksInside50","OnePercenters","Bounces","GoalAssists","PercentagePlayed","PointDifference","Team","Season","Round"
4,"Ah Chee, Callum",5,1,4,9,0,1,0,4,2,1,0,4,0,1,0,5,4,0,0,2,0,0,84,30,"Brisbane Lions","2020",3
31,"Andrews, Harris",8,3,0,8,0,0,0,0,4,0,0,0,2,0,0,3,5,0,0,13,0,0,99,30,"Brisbane Lions","2020",3
33,"Bailey, Zac",5,2,5,10,1,1,0,2,0,2,1,2,0,2,0,4,6,0,1,0,0,0,77,30,"Brisbane Lions","2020",3
7,"Berry, Jarrod",9,3,4,13,3,2,0,5,0,3,3,0,3,0,0,6,8,0,0,3,0,0,78,30,"Brisbane Lions","2020",3
13,"Berry, Tom",2,1,2,4,0,0,0,2,0,0,0,2,0,1,0,3,1,0,0,0,0,0,61,30,"Brisbane Lions","2020",3
14,"Birchall, Grant",11,8,4,15,0,0,0,1,1,1,1,3,1,1,0,3,12,0,0,1,0,0,76,30,"Brisbane Lions","2020",3
23,"Cameron, Charlie",4,2,1,5,1,0,0,2,0,1,0,3,2,2,0,3,3,0,1,0,0,0,95,30,"Brisbane Lions","2020",3
28,"Ellis-Yolmen, Cam",10,3,6,16,0,1,0,1,2,2,8,1,1,1,0,7,5,0,0,0,0,0,64,30,"Brisbane Lions","2020",3
27,"Gardiner, Darcy",10,4,1,11,0,0,0,0,2,3,0,2,0,0,0,3,7,0,0,11,0,0,95,30,"Brisbane Lions","2020",3
30,"Hipwood, Eric",9,4,3,12,0,2,0,1,0,5,0,2,1,0,0,6,5,0,0,2,0,1,95,30,"Brisbane Lions","2020",3
35,"Lester, Ryan",8,5,8,16,0,0,0,4,1,1,2,1,1,1,0,6,8,0,0,5,0,0,87,30,"Brisbane Lions","2020",3
17,"Lyons, Jarryd",18,2,7,25,0,0,0,5,3,5,7,3,2,0,0,13,10,0,0,0,0,0,87,30,"Brisbane Lions","2020",3
11,"McCarthy, Lincoln",3,1,6,9,0,2,0,3,0,0,1,1,0,0,0,8,0,1,1,2,0,1,88,30,"Brisbane Lions","2020",3
6,"McCluggage, Hugh",20,4,6,26,0,2,0,5,1,8,3,2,2,0,2,12,14,0,0,2,0,2,88,30,"Brisbane Lions","2020",3
46,"McInerney, Oscar",8,1,3,11,1,0,16,0,2,2,2,3,2,2,0,10,0,1,1,3,0,0,71,30,"Brisbane Lions","2020",3
25,"McStay, Daniel",3,3,3,6,1,0,0,0,0,0,0,3,0,0,0,4,3,1,1,0,0,0,97,30,"Brisbane Lions","2020",3
9,"Neale, Lachie",15,2,17,32,2,0,0,7,2,5,6,1,1,0,3,15,14,0,1,1,0,0,92,30,"Brisbane Lions","2020",3
16,"Rayner, Cam",5,1,3,8,0,1,0,4,0,3,0,1,1,1,0,5,3,1,1,3,0,0,77,30,"Brisbane Lions","2020",3
10,"Rich, Daniel",15,9,1,16,0,0,0,2,4,2,0,0,0,0,0,3,9,0,0,4,0,0,78,30,"Brisbane Lions","2020",3
5,"Robinson, Mitch",10,2,2,12,0,0,0,5,1,4,1,2,0,1,0,3,9,0,0,1,0,1,91,30,"Brisbane Lions","2020",3
44,"Smith, Archie",1,0,5,6,0,0,14,1,0,0,2,3,1,2,0,5,1,0,0,2,0,0,39,30,"Brisbane Lions","2020",3
37,"Starcevich, Brandon",9,3,3,12,1,0,0,3,2,2,1,1,0,0,0,6,6,0,1,2,0,0,81,30,"Brisbane Lions","2020",3
0,"Rushed",0,0,0,0,0,2,0,0,0,0,0,0,0,0,0,0,0,0,0,0,0,0,0,30,"Brisbane Lions","2020",3
41,"Ah Chee, Brendon",9,2,4,13,0,1,0,1,0,1,1,0,1,0,0,9,4,1,0,1,0,1,84,-30,"West Coast","2020",3
12,"Allen, Oscar",3,1,5,8,0,1,7,2,1,0,1,1,2,0,0,5,3,1,1,2,0,0,45,-30,"West Coast","2020",3
37,"Barrass, Tom",2,1,0,2,0,0,0,1,0,2,0,0,0,0,0,1,1,0,0,12,0,0,87,-30,"West Coast","2020",3
10,"Brander, Jarrod",12,8,2,14,0,0,0,1,2,4,1,4,0,0,0,4,9,2,1,2,0,0,85,-30,"West Coast","2020",3
15,"Cripps, Jamie",7,1,4,11,0,0,0,5,0,3,0,5,0,2,0,6,4,0,0,0,0,1,88,-30,"West Coast","2020",3
27,"Darling, Jack",3,3,4,7,1,0,0,3,0,1,0,2,0,1,0,2,5,0,1,2,0,1,100,-30,"West Coast","2020",3
14,"Duggan, Liam",9,2,1,10,0,0,0,2,4,1,0,2,1,1,0,7,3,0,0,3,0,0,82,-30,"West Coast","2020",3
3,"Gaff, Andrew",23,7,7,30,0,2,0,1,2,2,2,2,1,0,1,8,22,1,2,0,0,0,97,-30,"West Coast","2020",3
25,"Hurn, Shannon",12,5,2,14,0,0,0,1,8,1,0,2,0,2,0,3,4,1,0,2,0,0,82,-30,"West Coast","2020",3
23,"Jetta, Lewis",10,2,0,10,0,0,0,2,6,1,0,1,1,1,0,2,3,0,0,2,0,0,89,-30,"West Coast","2020",3
11,"Kelly, Tim",11,1,6,17,0,0,0,4,2,3,1,5,0,1,0,7,10,0,0,1,0,1,86,-30,"West Coast","2020",3
17,"Kennedy, Josh",3,2,2,5,1,0,0,3,0,1,0,2,0,1,0,3,2,0,1,1,0,0,86,-30,"West Coast","2020",3
9,"Naitanui, Nic",9,1,3,12,1,0,34,5,0,6,9,4,4,2,0,12,1,1,0,4,0,1,69,-30,"West Coast","2020",3
21,"Petruccelle, Jack",3,1,4,7,0,0,0,3,0,0,1,1,1,0,0,4,3,1,0,1,0,0,70,-30,"West Coast","2020",3
8,"Redden, Jack",4,1,8,12,0,0,0,2,0,0,1,4,0,2,0,5,9,0,0,2,0,0,83,-30,"West Coast","2020",3
35,"Rotham, Josh",5,0,0,5,0,0,0,2,3,2,0,2,1,0,0,1,3,0,0,3,0,0,74,-30,"West Coast","2020",3
1,"Ryan, Liam",4,2,2,6,3,0,0,1,1,1,1,1,1,1,0,2,4,0,2,1,0,0,71,-30,"West Coast","2020",3
31,"Schofield, Will",4,1,3,7,0,0,0,2,0,1,0,2,1,2,0,3,4,0,0,3,0,0,89,-30,"West Coast","2020",3
4,"Sheed, Dom",2,0,10,12,0,0,0,2,0,0,3,2,0,0,0,9,4,0,0,2,0,0,75,-30,"West Coast","2020",3
5,"Sheppard, Brad",11,5,4,15,0,0,0,2,6,0,1,2,1,0,0,6,8,0,0,6,0,0,97,-30,"West Coast","2020",3
13,"Shuey, Luke",4,0,9,13,0,0,0,1,3,1,6,1,0,1,0,9,8,0,0,4,1,0,80,-30,"West Coast","2020",3
6,"Yeo, Elliot",9,1,7,16,0,0,0,6,1,3,3,7,0,3,0,10,6,1,0,1,0,0,80,-30,"West Coast","2020",3
0,"Rushed",0,0,0,0,0,4,0,0,0,0,0,0,0,0,0,0,0,0,0,0,0,0,0,-30,"West Coast","2020",3
