"Number","Player","Kicks","Marks","Handballs","Disposals","Goals","Behinds","Hitouts","Tackles","Rebounds50s","Inside50s","Clearances","Clangers","FreesFor","FreesAgainst","BrownlowVotes","ContestedPossessions","UncontestedPossessions","ContestedMarks","MarksInside50","OnePercenters","Bounces","GoalAssists","PercentagePlayed","PointDifference","Team","Season","Round"
13,"Adams, Taylor",12,1,7,19,2,0,0,4,0,4,6,5,3,3,0,12,9,0,0,2,0,0,73,44,"Collingwood","2020",3
17,"Brown, Callum",7,3,7,14,1,2,0,0,0,2,0,2,0,2,0,4,12,0,1,1,0,1,72,44,"Collingwood","2020",3
6,"Brown, Tyler",6,2,9,15,1,0,0,3,1,2,1,1,0,1,0,3,12,0,0,2,0,0,73,44,"Collingwood","2020",3
14,"Cameron, Darcy",2,2,0,2,0,0,3,5,0,1,0,1,0,1,0,1,1,1,0,1,0,0,90,44,"Collingwood","2020",3
25,"Crisp, Jack",12,6,12,24,0,0,0,0,4,3,1,1,1,0,0,7,17,0,0,3,0,1,84,44,"Collingwood","2020",3
26,"Daicos, Josh",7,5,10,17,0,2,0,3,0,0,3,0,1,0,0,6,11,1,0,1,0,0,78,44,"Collingwood","2020",3
2,"de Goey, Jordan",9,4,7,16,1,1,0,4,0,4,3,4,0,2,0,5,10,0,0,0,0,0,84,44,"Collingwood","2020",3
5,"Elliott, Jamie",9,4,4,13,2,3,0,3,0,3,3,1,0,0,0,4,8,1,2,3,0,1,78,44,"Collingwood","2020",3
4,"Grundy, Brodie",5,5,15,20,0,0,31,4,0,3,3,6,4,4,1,12,7,2,0,1,0,0,78,44,"Collingwood","2020",3
32,"Hoskin-Elliott, Will",12,8,3,15,0,0,0,2,0,4,1,2,1,1,0,2,12,0,0,3,0,1,90,44,"Collingwood","2020",3
38,"Howe, Jeremy",16,4,2,18,0,0,0,0,9,1,0,2,0,1,0,2,12,1,0,6,0,1,92,44,"Collingwood","2020",3
37,"Maynard, Brayden",15,5,6,21,0,0,0,6,3,1,0,2,2,1,0,3,18,1,0,2,0,0,84,44,"Collingwood","2020",3
16,"Mayne, Chris",7,6,8,15,0,0,0,1,2,1,1,1,0,0,0,3,12,0,0,1,0,0,71,44,"Collingwood","2020",3
41,"Mihocek, Brody",7,6,2,9,2,0,0,2,0,2,0,2,0,0,0,6,5,1,2,2,0,0,90,44,"Collingwood","2020",3
30,"Moore, Darcy",5,6,10,15,0,0,0,0,2,1,1,2,0,0,0,9,7,2,0,7,0,0,93,44,"Collingwood","2020",3
9,"Noble, John",9,5,5,14,0,0,0,0,1,2,0,1,1,1,0,2,13,0,0,2,0,0,80,44,"Collingwood","2020",3
10,"Pendlebury, Scott",12,7,14,26,0,0,0,3,1,5,2,6,0,0,2,6,21,0,0,2,0,1,86,44,"Collingwood","2020",3
21,"Phillips, Tom",6,5,5,11,0,1,0,3,0,0,0,4,1,0,0,4,7,0,1,0,0,0,78,44,"Collingwood","2020",3
23,"Roughead, Jordan",9,7,1,10,0,0,0,2,1,0,0,1,0,1,0,1,9,0,0,5,0,0,96,44,"Collingwood","2020",3
22,"Sidebottom, Steele",17,5,14,31,1,0,0,6,3,1,3,1,2,0,3,11,18,1,0,3,0,1,84,44,"Collingwood","2020",3
1,"Stephenson, Jaidyn",5,3,1,6,2,0,0,0,0,0,0,0,0,0,0,2,4,0,2,1,0,1,81,44,"Collingwood","2020",3
33,"Wills, Rupert",5,2,11,16,0,0,0,4,0,0,4,2,1,1,0,7,9,0,0,1,0,0,64,44,"Collingwood","2020",3
0,"Totals",194,101,153,347,12,9,34,55,27,40,32,47,17,19,6,112,234,11,8,49,0,8,0,44,"Collingwood","2020",3
15,"Billings, Jack",9,7,7,16,0,0,0,1,2,3,1,3,1,1,0,3,15,0,0,4,0,1,87,-44,"St Kilda","2020",3
16,"Butler, Dan",12,2,4,16,2,1,0,4,0,5,0,1,4,0,0,11,4,0,0,0,0,0,88,-44,"St Kilda","2020",3
2,"Carlisle, Jake",16,9,4,20,0,0,0,1,2,0,0,1,1,0,0,6,12,2,0,3,0,0,92,-44,"St Kilda","2020",3
11,"Clark, Hunter",7,3,9,16,0,0,0,3,0,2,2,1,0,0,0,5,11,0,0,0,0,0,86,-44,"St Kilda","2020",3
1,"Coffield, Nick",10,8,5,15,0,0,0,2,2,1,0,2,1,0,0,5,11,0,0,2,0,0,86,-44,"St Kilda","2020",3
4,"Gresham, Jade",13,5,9,22,0,1,0,1,0,2,7,6,1,2,0,10,13,0,1,1,2,1,86,-44,"St Kilda","2020",3
10,"Hannebery, Dan",4,5,12,16,0,0,0,1,1,0,1,2,0,0,0,3,12,0,0,0,0,0,80,-44,"St Kilda","2020",3
8,"Hill, Bradley",18,7,7,25,0,0,0,2,2,1,3,6,0,2,0,4,20,0,0,1,0,0,91,-44,"St Kilda","2020",3
40,"Hind, Nick",3,3,1,4,0,0,0,2,1,0,0,2,0,2,0,0,4,0,0,1,0,0,72,-44,"St Kilda","2020",3
20,"Howard, Dougal",13,7,3,16,0,0,0,0,5,2,0,1,1,0,0,6,8,1,0,6,0,0,92,-44,"St Kilda","2020",3
3,"Jones, Zak",7,2,9,16,0,0,0,5,1,0,2,3,1,0,0,6,10,0,0,1,0,0,82,-44,"St Kilda","2020",3
12,"King, Max",5,4,3,8,1,1,1,2,0,2,0,1,0,0,0,4,4,1,2,0,0,0,77,-44,"St Kilda","2020",3
21,"Long, Ben",6,3,5,11,0,0,0,1,2,1,0,3,1,3,0,8,5,0,0,2,0,0,81,-44,"St Kilda","2020",3
13,"Lonie, Jack",5,4,4,9,0,1,0,2,0,0,1,2,0,1,0,3,7,1,0,0,1,0,78,-44,"St Kilda","2020",3
43,"Marsh, Jonathon",4,3,5,9,1,0,0,1,1,1,0,3,1,1,0,4,6,0,1,6,0,0,78,-44,"St Kilda","2020",3
19,"Marshall, Rowan",9,2,5,14,1,0,11,3,1,4,0,5,1,2,0,5,9,1,1,4,0,1,84,-44,"St Kilda","2020",3
28,"Membrey, Tim",6,3,0,6,0,1,0,2,0,1,0,0,1,0,0,1,4,0,0,0,0,0,82,-44,"St Kilda","2020",3
33,"Paton, Ben",10,7,8,18,0,0,0,1,2,1,0,1,1,0,0,8,10,1,0,3,0,0,75,-44,"St Kilda","2020",3
6,"Ross, Sebastian",7,4,10,17,0,0,0,0,3,3,1,0,0,0,0,3,13,0,0,1,0,0,79,-44,"St Kilda","2020",3
18,"Ryder, Paddy",6,2,2,8,0,0,17,3,0,4,2,2,2,1,0,7,3,1,0,2,0,0,68,-44,"St Kilda","2020",3
9,"Steele, Jack",8,4,5,13,0,1,0,6,0,1,1,2,2,1,0,6,8,0,0,0,0,0,76,-44,"St Kilda","2020",3
44,"Wilkie, Callum",7,1,3,10,0,0,0,0,3,0,0,1,0,1,0,1,8,0,0,4,0,0,81,-44,"St Kilda","2020",3
0,"Rushed",0,0,0,0,0,1,0,0,0,0,0,0,0,0,0,0,0,0,0,0,0,0,0,-44,"St Kilda","2020",3
