"Number","Player","Kicks","Marks","Handballs","Disposals","Goals","Behinds","Hitouts","Tackles","Rebounds50s","Inside50s","Clearances","Clangers","FreesFor","FreesAgainst","BrownlowVotes","ContestedPossessions","UncontestedPossessions","ContestedMarks","MarksInside50","OnePercenters","Bounces","GoalAssists","PercentagePlayed","PointDifference","Team","Season","Round"
15,"Amon, Karl",10,0,8,18,0,0,0,1,2,4,3,6,0,3,0,7,13,0,0,1,0,2,86,26,"Port Adelaide","2020",14
10,"Boak, Travis",12,3,8,20,1,0,0,4,3,5,4,1,1,1,0,7,13,0,0,0,0,0,77,26,"Port Adelaide","2020",14
26,"Bonner, Riley",6,2,3,9,0,0,0,0,2,1,1,2,0,1,0,2,7,0,0,4,0,0,77,26,"Port Adelaide","2020",14
3,"Burton, Ryan",10,3,5,15,0,0,0,1,4,1,1,5,0,0,0,4,10,1,0,1,0,0,83,26,"Port Adelaide","2020",14
18,"Butters, Zak",8,2,5,13,1,1,0,2,1,3,1,2,0,1,0,6,8,0,1,1,3,2,84,26,"Port Adelaide","2020",14
33,"Byrne-Jones, Darcy",6,1,11,17,0,0,0,1,3,0,0,1,1,0,0,9,8,0,0,3,0,0,84,26,"Port Adelaide","2020",14
17,"Clurey, Tom",8,5,1,9,0,0,0,1,5,1,0,1,0,0,0,5,4,1,0,3,2,0,92,26,"Port Adelaide","2020",14
22,"Dixon, Charlie",6,5,7,13,4,1,6,2,0,0,0,0,2,0,3,10,5,3,3,2,0,1,94,26,"Port Adelaide","2020",14
21,"Duursma, Xavier",8,3,12,20,0,0,0,4,4,5,4,2,1,1,0,11,9,0,0,1,0,0,84,26,"Port Adelaide","2020",14
7,"Ebert, Brad",5,0,2,7,0,0,0,3,1,1,1,3,0,1,0,4,4,0,0,0,0,0,68,26,"Port Adelaide","2020",14
9,"Gray, Robbie",7,1,20,27,2,0,0,6,0,2,5,1,1,1,2,13,13,0,0,1,0,1,84,26,"Port Adelaide","2020",14
8,"Hartlett, Hamish",12,6,8,20,0,0,0,1,0,4,2,4,0,0,0,5,14,0,0,1,0,0,82,26,"Port Adelaide","2020",14
1,"Jonas, Tom",1,1,4,5,0,0,0,1,0,0,0,0,0,0,0,4,1,0,0,3,0,0,94,26,"Port Adelaide","2020",14
29,"Lycett, Scott",5,0,5,10,0,0,26,2,1,3,3,3,2,2,0,8,4,0,0,4,0,0,87,26,"Port Adelaide","2020",14
4,"Marshall, Todd",3,1,4,7,0,0,0,2,0,1,0,1,0,0,0,3,5,0,1,3,0,0,88,26,"Port Adelaide","2020",14
12,"McKenzie, Trent",11,5,3,14,0,0,0,0,3,1,0,1,1,0,0,4,8,2,0,2,0,0,88,26,"Port Adelaide","2020",14
2,"Powell-Pepper, Sam",8,1,12,20,0,0,0,4,1,1,5,5,0,2,0,7,14,0,0,1,0,0,77,26,"Port Adelaide","2020",14
11,"Rockliff, Tom",10,2,14,24,0,0,0,4,1,0,7,3,1,1,0,11,13,0,0,1,0,0,78,26,"Port Adelaide","2020",14
20,"Rozee, Connor",4,2,7,11,0,0,0,1,0,2,2,1,0,1,0,3,9,0,0,1,0,0,74,26,"Port Adelaide","2020",14
50,"Sutcliffe, Cam",7,0,3,10,1,1,0,1,0,0,0,1,0,0,0,2,5,0,0,0,0,1,69,26,"Port Adelaide","2020",14
39,"Westhoff, Justin",4,1,6,10,1,2,3,5,0,1,1,1,0,0,0,5,7,0,1,0,0,0,76,26,"Port Adelaide","2020",14
16,"Wines, Ollie",12,2,10,22,1,0,0,7,1,8,6,3,2,1,0,10,12,0,0,1,0,0,75,26,"Port Adelaide","2020",14
0,"Rushed",0,0,0,0,0,2,0,0,0,0,0,0,0,0,0,0,0,0,0,0,0,0,0,26,"Port Adelaide","2020",14
36,"Aliir, Aliir",8,7,5,13,0,0,10,1,0,4,2,1,0,1,0,6,8,1,0,2,3,0,77,-26,"Sydney","2020",14
32,"Bell, James",4,1,2,6,1,1,0,4,0,0,0,3,1,1,0,4,2,1,1,0,0,0,71,-26,"Sydney","2020",14
22,"Blakey, Nick",7,1,1,8,1,1,0,1,1,2,2,1,0,0,0,4,4,0,1,0,1,0,70,-26,"Sydney","2020",14
4,"Clarke, Ryan",9,5,11,20,0,0,0,3,1,7,0,1,1,0,0,6,12,0,0,1,0,0,85,-26,"Sydney","2020",14
7,"Cunningham, Harry",7,5,8,15,0,1,0,3,1,1,2,1,0,0,0,6,8,0,0,0,0,0,76,-26,"Sydney","2020",14
34,"Dawson, Jordan",11,4,5,16,1,1,0,6,0,4,2,1,2,0,0,8,10,1,1,3,0,1,88,-26,"Sydney","2020",14
13,"Florent, Oliver",14,3,1,15,0,0,0,2,1,5,1,5,1,0,0,3,11,0,0,0,0,1,80,-26,"Sydney","2020",14
42,"Fox, Robbie",10,5,4,14,0,0,0,1,6,0,1,1,0,0,0,7,8,1,0,4,0,0,90,-26,"Sydney","2020",14
9,"Hayward, Will",7,3,5,12,0,0,0,1,1,2,0,1,1,0,0,3,9,0,0,0,0,0,80,-26,"Sydney","2020",14
12,"Kennedy, Josh",9,5,19,28,0,0,0,4,2,1,2,2,1,0,0,9,18,1,0,2,0,0,86,-26,"Sydney","2020",14
44,"Lloyd, Jake",24,7,7,31,0,0,0,3,6,0,2,1,1,0,0,5,23,0,0,2,0,0,91,-26,"Sydney","2020",14
30,"McCartin, Tom",8,6,8,16,0,0,0,1,2,0,0,5,1,2,0,9,6,4,0,4,0,0,90,-26,"Sydney","2020",14
27,"McInerney, Justin",8,1,7,15,0,0,0,1,1,2,0,6,1,2,0,7,10,0,0,1,0,0,67,-26,"Sydney","2020",14
43,"Melican, Lewis",5,3,5,10,0,0,0,4,2,1,1,0,0,0,0,2,8,0,0,8,0,0,92,-26,"Sydney","2020",14
14,"Mills, Callum",12,5,8,20,0,0,0,4,4,2,0,2,0,1,0,4,13,0,0,4,0,0,94,-26,"Sydney","2020",14
11,"Papley, Tom",7,2,4,11,1,0,0,1,0,7,2,4,0,1,0,5,8,0,0,1,1,2,83,-26,"Sydney","2020",14
26,"Parker, Luke",4,0,14,18,0,0,0,6,0,1,4,4,0,2,1,12,7,0,0,2,0,0,90,-26,"Sydney","2020",14
20,"Reid, Sam",3,4,4,7,2,0,2,1,0,0,0,0,0,0,0,3,4,1,2,1,0,0,84,-26,"Sydney","2020",14
8,"Rowbottom, James",3,0,9,12,0,0,0,5,1,0,0,1,1,1,0,6,6,0,0,1,0,0,77,-26,"Sydney","2020",14
18,"Sinclair, Callum",6,2,1,7,1,0,27,6,2,1,1,3,1,1,0,2,4,0,0,3,0,0,82,-26,"Sydney","2020",14
6,"Thurlow, Jackson",7,2,7,14,0,0,0,1,1,0,2,1,1,0,0,3,12,0,0,4,0,0,75,-26,"Sydney","2020",14
45,"Wicks, Sam",4,0,2,6,0,1,0,9,1,0,2,0,3,0,0,3,3,0,0,2,0,0,70,-26,"Sydney","2020",14
0,"Totals",177,71,137,314,7,5,39,68,33,40,26,44,16,12,1,117,194,10,5,45,5,4,0,-26,"Sydney","2020",14
