"Number","Player","Kicks","Marks","Handballs","Disposals","Goals","Behinds","Hitouts","Tackles","Rebounds50s","Inside50s","Clearances","Clangers","FreesFor","FreesAgainst","BrownlowVotes","ContestedPossessions","UncontestedPossessions","ContestedMarks","MarksInside50","OnePercenters","Bounces","GoalAssists","PercentagePlayed","PointDifference","Team","Season","Round"
39,"Aarts, Jake",7,2,6,13,1,0,0,4,1,3,2,4,1,3,1,7,8,0,0,0,1,0,77,27,"Richmond","2020",15
7,"Baker, Liam",11,2,4,15,0,0,0,2,3,1,0,4,2,2,0,7,9,0,0,1,0,0,78,27,"Richmond","2020",15
21,"Balta, Noah",8,6,6,14,0,0,0,1,2,0,0,2,0,1,0,4,10,1,0,8,0,0,100,27,"Richmond","2020",15
29,"Bolton, Shai",8,4,4,12,0,0,0,3,1,1,1,3,0,1,0,3,9,0,1,1,1,0,85,27,"Richmond","2020",15
35,"Broad, Nathan",8,5,1,9,0,0,0,1,1,2,0,0,0,0,0,2,6,1,0,3,0,0,92,27,"Richmond","2020",15
11,"Castagna, Jason",9,5,6,15,0,0,0,2,0,2,0,2,1,0,0,8,7,1,1,1,0,1,85,27,"Richmond","2020",15
9,"Cotchin, Trent",10,4,6,16,0,0,0,1,3,4,4,5,0,2,0,8,9,0,0,1,0,0,74,27,"Richmond","2020",15
27,"Dow, Thomson",0,0,4,4,0,0,0,2,0,0,0,1,0,0,0,2,2,0,0,0,0,0,67,27,"Richmond","2020",15
34,"Graham, Jack",12,2,6,18,1,0,0,2,2,4,2,1,3,0,3,10,9,0,0,2,0,1,82,27,"Richmond","2020",15
13,"Higgins, Jack",7,4,5,12,1,1,0,2,0,3,0,3,1,2,0,7,6,0,2,2,0,0,78,27,"Richmond","2020",15
14,"Houli, Bachar",11,2,7,18,0,0,0,1,5,3,0,2,0,1,0,1,14,0,0,1,1,0,81,27,"Richmond","2020",15
19,"Lynch, Tom",6,5,1,7,3,1,0,2,0,1,0,2,0,1,0,4,3,3,4,3,0,0,90,27,"Richmond","2020",15
31,"Markov, Oleg",10,3,1,11,0,0,0,1,1,1,0,0,1,0,0,3,8,0,0,4,1,0,83,27,"Richmond","2020",15
4,"Martin, Dustin",5,1,6,11,0,0,0,1,0,1,3,3,0,2,0,6,5,0,0,2,0,0,92,27,"Richmond","2020",15
33,"McIntosh, Kamdyn",13,7,3,16,1,0,0,1,4,7,1,2,1,1,0,5,11,0,0,0,0,2,92,27,"Richmond","2020",15
25,"Nankervis, Toby",1,0,0,1,0,1,16,3,0,0,0,0,0,0,0,0,0,0,0,2,0,0,63,27,"Richmond","2020",15
50,"Pickett, Marlion",10,3,9,19,0,0,0,3,2,4,2,2,1,0,0,9,10,0,0,2,1,0,82,27,"Richmond","2020",15
8,"Riewoldt, Jack",9,5,1,10,1,1,0,1,0,2,0,2,0,1,0,5,5,3,3,2,0,1,86,27,"Richmond","2020",15
17,"Rioli, Daniel",1,4,12,13,0,0,0,0,0,1,2,0,0,0,0,3,10,0,0,0,1,0,86,27,"Richmond","2020",15
15,"Short, Jayden",13,8,10,23,0,0,0,1,4,2,2,1,0,0,2,6,15,0,0,1,3,0,69,27,"Richmond","2020",15
20,"Soldo, Ivan",2,0,5,7,0,0,16,0,0,0,0,0,0,0,0,3,3,0,0,3,0,0,59,27,"Richmond","2020",15
1,"Vlastuin, Nick",11,8,6,17,0,0,0,3,4,1,0,3,2,1,0,5,11,0,0,2,0,0,97,27,"Richmond","2020",15
0,"Rushed",0,0,0,0,0,4,0,0,0,0,0,0,0,0,0,0,0,0,0,0,0,0,0,27,"Richmond","2020",15
9,"Acres, Blake",15,6,12,27,0,0,0,5,4,2,3,4,1,0,0,8,19,0,1,1,0,0,80,-27,"Fremantle","2020",15
11,"Aish, James",7,2,3,10,0,0,0,1,3,2,1,1,0,0,0,2,7,0,0,1,0,0,84,-27,"Fremantle","2020",15
8,"Brayshaw, Andrew",11,3,7,18,0,1,0,3,0,5,2,3,2,1,0,4,14,0,0,1,0,0,68,-27,"Fremantle","2020",15
5,"Cerra, Adam",7,0,10,17,0,0,0,4,1,2,6,1,1,0,0,11,6,0,0,1,0,0,66,-27,"Fremantle","2020",15
6,"Conca, Reece",6,1,4,10,0,0,0,3,3,0,0,5,1,2,0,4,10,0,0,6,0,0,91,-27,"Fremantle","2020",15
36,"Cox, Brennan",4,3,4,8,0,0,0,1,2,0,0,1,1,0,0,3,6,1,0,12,0,0,97,-27,"Fremantle","2020",15
12,"Crowden, Mitch",6,1,1,7,2,0,0,3,0,2,0,3,1,0,0,7,2,0,1,2,0,0,78,-27,"Fremantle","2020",15
4,"Darcy, Sean",3,1,3,6,0,0,21,0,0,0,1,0,0,0,0,2,4,1,0,1,0,0,85,-27,"Fremantle","2020",15
44,"Duman, Taylin",7,4,2,9,0,0,0,2,2,0,2,1,2,1,0,4,6,0,0,3,0,0,72,-27,"Fremantle","2020",15
43,"Frederick, Michael",5,4,6,11,0,0,0,1,0,2,0,4,1,2,0,2,10,0,0,0,0,0,69,-27,"Fremantle","2020",15
7,"Fyfe, Nat",14,5,9,23,0,1,0,2,2,2,9,1,2,1,0,12,11,1,1,5,0,1,81,-27,"Fremantle","2020",15
32,"Hill, Stephen",8,3,4,12,0,0,0,2,2,1,0,0,0,0,0,2,10,0,0,2,0,0,78,-27,"Fremantle","2020",15
1,"Hogan, Jesse",9,8,4,13,0,2,0,0,0,1,0,1,0,1,0,6,7,2,2,2,0,0,91,-27,"Fremantle","2020",15
15,"Hughes, Ethan",8,5,7,15,0,0,0,1,3,1,1,2,0,1,0,7,8,0,1,1,0,0,85,-27,"Fremantle","2020",15
37,"Lobb, Rory",5,3,7,12,0,0,5,4,0,1,3,0,2,0,0,6,7,2,0,3,0,0,100,-27,"Fremantle","2020",15
16,"Mundy, David",6,2,11,17,0,0,0,2,1,4,3,2,0,0,0,8,11,0,0,3,0,0,65,-27,"Fremantle","2020",15
13,"Ryan, Luke",13,6,3,16,0,0,0,0,7,1,0,0,0,0,0,4,7,1,0,5,0,1,100,-27,"Fremantle","2020",15
28,"Schultz, Lachie",5,4,3,8,0,0,0,2,0,3,0,1,0,0,0,0,7,0,1,1,0,1,80,-27,"Fremantle","2020",15
22,"Serong, Caleb",17,6,5,22,0,0,0,5,1,5,5,6,1,2,0,9,12,0,0,0,0,0,66,-27,"Fremantle","2020",15
20,"Taberner, Matthew",7,5,1,8,1,1,0,0,0,4,0,3,1,1,0,6,3,2,2,0,0,0,100,-27,"Fremantle","2020",15
10,"Walters, Michael",8,2,2,10,1,0,0,3,1,0,2,3,2,1,0,4,6,0,1,1,0,0,84,-27,"Fremantle","2020",15
14,"Wilson, Nathan",6,2,4,10,0,0,0,0,3,0,0,2,0,0,0,1,6,0,0,2,0,0,78,-27,"Fremantle","2020",15
0,"Totals",177,76,112,289,4,5,26,44,35,38,38,44,18,13,0,112,179,10,10,53,0,3,0,-27,"Fremantle","2020",15
