"Number","Player","Kicks","Marks","Handballs","Disposals","Goals","Behinds","Hitouts","Tackles","Rebounds50s","Inside50s","Clearances","Clangers","FreesFor","FreesAgainst","BrownlowVotes","ContestedPossessions","UncontestedPossessions","ContestedMarks","MarksInside50","OnePercenters","Bounces","GoalAssists","PercentagePlayed","PointDifference","Team","Season","Round"
34,"Bewley, Brett",6,2,11,17,0,0,0,1,0,4,3,0,2,0,0,5,12,0,0,0,0,1,90,12,"Fremantle","2020",9
19,"Blakely, Connor",9,4,14,23,0,0,0,2,2,0,3,7,2,1,0,12,12,0,0,0,0,0,61,12,"Fremantle","2020",9
8,"Brayshaw, Andrew",9,3,8,17,0,0,0,7,0,4,1,1,1,1,0,7,11,0,0,4,1,0,70,12,"Fremantle","2020",9
5,"Cerra, Adam",6,2,8,14,0,0,0,2,0,0,2,4,0,2,0,6,10,0,0,4,0,1,90,12,"Fremantle","2020",9
33,"Colyer, Travis",7,1,4,11,0,0,0,0,1,2,2,1,0,0,0,5,6,0,0,0,0,1,67,12,"Fremantle","2020",9
6,"Conca, Reece",10,2,7,17,0,0,0,5,3,0,0,4,1,0,0,6,11,0,0,4,0,0,91,12,"Fremantle","2020",9
36,"Cox, Brennan",5,3,4,9,0,0,0,2,0,0,0,1,0,1,0,4,5,1,0,5,0,0,80,12,"Fremantle","2020",9
12,"Crowden, Mitch",8,1,4,12,2,0,0,2,0,2,2,2,0,0,0,7,5,0,1,1,0,2,76,12,"Fremantle","2020",9
4,"Darcy, Sean",5,2,5,10,0,0,19,2,1,2,1,0,0,0,0,4,6,0,0,1,0,0,86,12,"Fremantle","2020",9
44,"Duman, Taylin",5,0,4,9,0,0,0,1,2,0,0,4,1,2,0,6,6,0,0,6,0,0,87,12,"Fremantle","2020",9
43,"Frederick, Michael",5,1,2,7,0,1,0,1,0,1,0,2,1,0,0,2,4,0,0,0,0,0,71,12,"Fremantle","2020",9
7,"Fyfe, Nat",11,2,13,24,1,0,0,2,2,3,8,5,0,1,0,18,5,0,1,3,0,0,80,12,"Fremantle","2020",9
15,"Hughes, Ethan",13,8,4,17,0,0,0,0,1,0,0,2,0,0,0,3,14,1,0,2,0,0,89,12,"Fremantle","2020",9
37,"Lobb, Rory",8,1,4,12,0,0,9,1,2,5,3,3,2,0,0,9,3,1,0,1,0,1,100,12,"Fremantle","2020",9
3,"Matera, Brandon",5,0,1,6,0,0,0,2,0,3,0,0,0,0,0,2,3,0,0,0,0,1,82,12,"Fremantle","2020",9
16,"Mundy, David",11,4,12,23,1,0,0,5,2,3,10,3,2,1,0,15,10,0,0,2,1,0,73,12,"Fremantle","2020",9
13,"Ryan, Luke",18,7,7,25,0,0,0,3,11,0,0,3,1,0,3,8,12,2,0,3,0,0,94,12,"Fremantle","2020",9
28,"Schultz, Lachie",8,5,3,11,2,0,0,1,0,2,0,0,1,0,0,4,9,0,2,1,0,1,79,12,"Fremantle","2020",9
22,"Serong, Caleb",13,2,11,24,0,0,0,6,3,2,9,3,1,0,1,14,11,0,0,0,0,0,77,12,"Fremantle","2020",9
20,"Taberner, Matthew",11,6,2,13,4,0,0,1,0,1,0,4,1,0,2,6,8,3,2,0,0,0,100,12,"Fremantle","2020",9
45,"Watson, Tobe",9,4,3,12,0,0,0,5,1,0,0,2,1,0,0,3,9,0,0,0,0,0,78,12,"Fremantle","2020",9
14,"Wilson, Nathan",10,5,8,18,0,0,0,1,5,0,1,0,0,0,0,5,11,0,0,4,0,0,81,12,"Fremantle","2020",9
0,"Totals",192,65,139,331,10,1,28,52,36,34,45,51,17,9,6,151,183,8,6,41,2,8,0,12,"Fremantle","2020",9
13,"Adams, Taylor",9,3,9,18,0,0,0,6,0,2,7,5,0,0,0,10,6,0,0,1,0,0,84,-12,"Collingwood","2020",9
14,"Cameron, Darcy",6,4,5,11,0,1,8,1,0,3,0,2,2,2,0,7,3,2,0,2,0,0,62,-12,"Collingwood","2020",9
25,"Crisp, Jack",11,3,9,20,0,0,0,4,3,3,3,4,0,1,0,6,13,0,0,2,0,1,88,-12,"Collingwood","2020",9
26,"Daicos, Josh",5,3,7,12,0,0,0,2,1,2,1,0,0,0,0,5,8,0,0,1,0,1,82,-12,"Collingwood","2020",9
5,"Elliott, Jamie",8,0,7,15,0,0,0,6,0,4,4,4,1,2,0,9,7,0,0,3,0,1,76,-12,"Collingwood","2020",9
4,"Grundy, Brodie",7,5,4,11,1,0,43,2,1,2,1,2,1,1,0,3,8,2,2,3,0,0,86,-12,"Collingwood","2020",9
32,"Hoskin-Elliott, Will",3,2,4,7,1,0,0,2,0,0,0,0,0,0,0,1,6,0,0,0,0,0,81,-12,"Collingwood","2020",9
47,"Keane, Mark",5,1,2,7,0,0,0,2,1,1,0,2,0,1,0,1,6,0,0,6,0,0,79,-12,"Collingwood","2020",9
44,"Madgen, Jack",3,1,7,10,0,0,0,3,0,0,0,0,1,0,0,4,7,0,0,3,0,0,79,-12,"Collingwood","2020",9
37,"Maynard, Brayden",19,8,5,24,0,0,0,0,1,4,1,5,1,2,0,10,13,4,0,8,0,0,85,-12,"Collingwood","2020",9
16,"Mayne, Chris",2,0,3,5,0,0,0,2,0,1,1,1,0,0,0,2,1,0,0,1,0,1,75,-12,"Collingwood","2020",9
41,"Mihocek, Brody",7,2,4,11,1,0,0,1,0,3,0,2,0,0,0,7,4,0,1,2,0,1,90,-12,"Collingwood","2020",9
30,"Moore, Darcy",9,7,10,19,0,0,0,0,4,3,0,2,0,1,0,7,10,1,0,3,1,0,91,-12,"Collingwood","2020",9
9,"Noble, John",13,7,12,25,0,0,0,3,4,2,0,1,0,0,0,2,22,0,0,3,0,0,89,-12,"Collingwood","2020",9
21,"Phillips, Tom",10,4,4,14,0,0,0,1,1,4,1,2,1,1,0,3,12,0,0,0,0,0,86,-12,"Collingwood","2020",9
3,"Quaynor, Isaac",7,1,3,10,0,0,0,1,2,0,0,1,0,0,0,0,9,0,1,2,0,0,81,-12,"Collingwood","2020",9
22,"Sidebottom, Steele",12,4,13,25,2,1,0,3,1,4,2,0,2,0,0,9,16,0,0,3,0,0,87,-12,"Collingwood","2020",9
36,"Sier, Brayden",3,2,10,13,1,0,0,2,0,1,1,4,0,3,0,5,8,0,0,0,0,0,66,-12,"Collingwood","2020",9
1,"Stephenson, Jaidyn",6,3,6,12,1,1,0,1,0,1,0,2,0,1,0,3,10,0,1,0,0,0,83,-12,"Collingwood","2020",9
24,"Thomas, Josh",5,1,4,9,0,0,0,2,0,0,0,2,0,0,0,4,5,0,0,0,0,1,68,-12,"Collingwood","2020",9
7,"Treloar, Adam",13,3,17,30,0,0,0,2,2,2,8,6,0,2,0,14,16,0,0,2,0,0,89,-12,"Collingwood","2020",9
18,"Varcoe, Travis",6,1,4,10,0,0,0,1,2,1,0,3,0,0,0,3,8,0,0,3,0,0,90,-12,"Collingwood","2020",9
0,"Rushed",0,0,0,0,0,4,0,0,0,0,0,0,0,0,0,0,0,0,0,0,0,0,0,-12,"Collingwood","2020",9
