"Number","Player","Kicks","Marks","Handballs","Disposals","Goals","Behinds","Hitouts","Tackles","Rebounds50s","Inside50s","Clearances","Clangers","FreesFor","FreesAgainst","BrownlowVotes","ContestedPossessions","UncontestedPossessions","ContestedMarks","MarksInside50","OnePercenters","Bounces","GoalAssists","PercentagePlayed","PointDifference","Team","Season","Round"
15,"Ahern, Paul",3,1,1,4,0,0,0,0,1,0,0,0,0,0,0,3,1,0,0,2,0,0,48,2,"North Melbourne","2020",1
3,"Anderson, Jed",8,2,8,16,0,1,0,2,2,3,1,5,0,2,0,9,7,0,1,1,0,2,74,2,"North Melbourne","2020",1
18,"Atley, Shaun",7,2,8,15,0,0,0,2,0,4,1,1,0,1,0,7,9,0,0,0,0,1,88,2,"North Melbourne","2020",1
50,"Brown, Ben",5,3,4,9,1,1,0,3,0,1,0,1,2,0,0,5,5,0,2,0,0,1,96,2,"North Melbourne","2020",1
10,"Cunnington, Ben",12,4,13,25,2,0,1,7,2,3,6,3,2,0,3,16,10,2,2,1,0,0,87,2,"North Melbourne","2020",1
14,"Dumont, Trent",11,6,8,19,0,1,0,0,2,3,2,3,0,2,0,9,11,0,0,1,0,1,95,2,"North Melbourne","2020",1
22,"Goldstein, Todd",7,2,7,14,1,0,27,0,4,0,7,2,3,0,0,9,4,1,1,3,0,0,98,2,"North Melbourne","2020",1
43,"Hall, Aaron",5,1,4,9,1,0,0,3,0,2,1,2,1,1,0,3,6,0,1,0,0,0,82,2,"North Melbourne","2020",1
4,"Higgins, Shaun",11,2,10,21,0,0,0,5,1,4,4,3,0,2,0,6,16,0,0,1,0,0,89,2,"North Melbourne","2020",1
20,"Larkey, Nick",4,2,3,7,1,1,0,1,0,0,0,1,1,1,0,2,5,0,1,5,0,0,97,2,"North Melbourne","2020",1
34,"Macmillan, Jamie",10,1,5,15,0,0,0,1,3,2,1,1,5,0,0,5,9,0,0,6,0,0,93,2,"North Melbourne","2020",1
11,"McDonald, Luke",4,2,6,10,0,0,0,3,1,1,0,1,0,1,0,4,5,0,0,3,0,0,93,2,"North Melbourne","2020",1
40,"Murphy, Tom",3,0,4,7,0,0,0,2,2,2,0,2,0,0,0,4,4,0,0,0,0,0,80,2,"North Melbourne","2020",1
17,"Pittard, Jasper",8,3,1,9,0,0,0,2,1,2,0,3,1,0,0,2,5,0,0,3,0,0,97,2,"North Melbourne","2020",1
13,"Polec, Jared",18,4,7,25,0,1,0,1,4,8,2,3,1,0,0,8,17,0,0,2,0,0,91,2,"North Melbourne","2020",1
12,"Simpkin, Jy",15,3,8,23,1,0,0,3,3,3,4,2,0,0,2,10,12,0,0,1,1,0,83,2,"North Melbourne","2020",1
25,"Tarrant, Robbie",6,5,6,12,0,0,0,1,3,1,0,4,0,3,0,4,7,1,0,6,0,0,97,2,"North Melbourne","2020",1
31,"Taylor, Curtis",8,3,2,10,1,0,0,2,0,1,0,3,2,2,0,7,4,1,2,0,0,1,81,2,"North Melbourne","2020",1
26,"Thomas, Tarryn",3,2,6,9,0,0,0,7,1,1,0,1,0,0,0,5,4,0,1,1,0,1,79,2,"North Melbourne","2020",1
19,"Walker, Josh",0,0,1,1,0,0,0,0,0,0,0,0,0,0,0,1,0,0,0,1,0,0,15,2,"North Melbourne","2020",1
7,"Ziebell, Jack",4,2,2,6,0,1,0,1,0,2,0,4,1,2,0,4,2,0,1,0,0,1,47,2,"North Melbourne","2020",1
44,"Zurhaar, Cameron",3,1,5,8,0,1,0,5,0,1,1,1,1,0,0,7,1,1,0,2,0,0,89,2,"North Melbourne","2020",1
0,"Rushed",0,0,0,0,0,1,0,0,0,0,0,0,0,0,0,0,0,0,0,0,0,0,0,2,"North Melbourne","2020",1
15,"Billings, Jack",9,2,9,18,2,0,0,6,0,3,1,1,0,0,0,4,13,0,1,1,0,0,90,-2,"St Kilda","2020",1
16,"Butler, Dan",5,2,4,9,0,1,0,8,0,2,1,1,0,1,0,3,6,0,2,0,0,0,90,-2,"St Kilda","2020",1
11,"Clark, Hunter",10,0,8,18,0,0,0,3,4,1,3,5,0,2,0,7,9,0,0,2,0,1,81,-2,"St Kilda","2020",1
7,"Dunstan, Luke",13,3,8,21,0,0,0,9,0,6,2,1,0,0,1,5,14,0,1,1,0,1,81,-2,"St Kilda","2020",1
14,"Geary, Jarryn",4,1,11,15,0,0,0,3,3,0,0,1,0,0,0,6,9,0,0,4,1,0,86,-2,"St Kilda","2020",1
4,"Gresham, Jade",7,2,5,12,0,1,0,0,1,1,1,5,1,2,0,5,5,0,0,1,0,0,42,-2,"St Kilda","2020",1
10,"Hannebery, Dan",11,3,11,22,0,1,0,4,2,5,3,4,0,1,0,5,17,0,1,0,0,1,81,-2,"St Kilda","2020",1
8,"Hill, Bradley",9,1,3,12,0,0,0,1,2,5,1,1,1,1,0,4,8,0,0,1,0,1,84,-2,"St Kilda","2020",1
20,"Howard, Dougal",4,2,1,5,0,0,0,3,3,0,0,2,0,1,0,3,4,0,0,9,0,0,96,-2,"St Kilda","2020",1
3,"Jones, Zak",12,6,10,22,0,3,0,5,1,2,7,2,2,1,0,12,10,0,1,1,0,0,85,-2,"St Kilda","2020",1
25,"Kent, Dean",8,5,6,14,0,2,0,5,1,3,0,3,3,0,0,8,6,0,1,0,0,0,82,-2,"St Kilda","2020",1
12,"King, Max",5,1,1,6,2,1,0,0,0,0,0,2,2,1,0,3,3,0,1,0,0,0,77,-2,"St Kilda","2020",1
21,"Long, Ben",7,3,7,14,0,0,0,2,2,2,0,1,2,1,0,11,6,2,0,4,0,0,68,-2,"St Kilda","2020",1
13,"Lonie, Jack",4,1,2,6,0,1,0,3,0,1,0,0,0,0,0,3,3,0,0,1,0,0,88,-2,"St Kilda","2020",1
19,"Marshall, Rowan",9,6,3,12,0,1,13,2,2,4,1,4,1,3,0,9,3,3,1,3,0,1,86,-2,"St Kilda","2020",1
28,"Membrey, Tim",6,5,0,6,1,0,0,0,0,0,0,4,0,1,0,1,5,0,2,1,0,0,94,-2,"St Kilda","2020",1
33,"Paton, Ben",7,2,7,14,0,0,0,5,3,0,0,3,1,1,0,4,10,0,0,1,2,0,86,-2,"St Kilda","2020",1
17,"Roberton, Dylan",7,1,1,8,0,0,0,0,4,0,0,2,0,2,0,0,4,0,0,6,0,0,82,-2,"St Kilda","2020",1
6,"Ross, Sebastian",10,0,12,22,0,0,0,2,2,2,1,2,1,0,0,8,13,0,0,3,0,0,77,-2,"St Kilda","2020",1
18,"Ryder, Paddy",7,3,5,12,1,0,13,3,0,1,0,2,0,1,0,5,5,2,1,0,0,0,76,-2,"St Kilda","2020",1
9,"Steele, Jack",8,2,14,22,1,0,0,4,3,1,4,2,2,0,0,13,8,1,1,1,0,0,83,-2,"St Kilda","2020",1
44,"Wilkie, Callum",5,0,5,10,0,0,0,4,3,1,0,1,1,1,0,6,2,0,0,8,0,0,86,-2,"St Kilda","2020",1
0,"Rushed",0,0,0,0,0,1,0,0,0,0,0,0,0,0,0,0,0,0,0,0,0,0,0,-2,"St Kilda","2020",1
