"Number","Player","Kicks","Marks","Handballs","Disposals","Goals","Behinds","Hitouts","Tackles","Rebounds50s","Inside50s","Clearances","Clangers","FreesFor","FreesAgainst","BrownlowVotes","ContestedPossessions","UncontestedPossessions","ContestedMarks","MarksInside50","OnePercenters","Bounces","GoalAssists","PercentagePlayed","PointDifference","Team","Season","Round"
21,"Atkins, Rory",6,1,8,14,1,0,0,5,2,1,0,2,0,0,0,8,7,1,1,0,0,1,79,-3,"Adelaide","2020",1
16,"Brown, Luke",9,2,2,11,0,0,0,1,5,1,1,3,0,0,0,4,4,0,0,3,0,0,87,-3,"Adelaide","2020",1
2,"Crouch, Brad",10,0,10,20,0,0,0,4,1,6,5,4,1,3,0,12,8,0,0,0,0,0,77,-3,"Adelaide","2020",1
5,"Crouch, Matt",7,1,11,18,0,0,0,3,1,3,3,2,0,0,0,4,13,0,0,0,0,1,73,-3,"Adelaide","2020",1
40,"Davis, Ben",4,2,1,5,1,0,0,2,0,2,0,0,3,0,0,4,2,1,0,1,2,0,85,-3,"Adelaide","2020",1
32,"Fogarty, Darcy",4,4,4,8,1,0,0,0,0,1,0,2,1,2,0,3,5,1,1,1,0,1,84,-3,"Adelaide","2020",1
22,"Frampton, Billy",6,2,3,9,0,0,11,2,1,0,1,4,1,3,0,6,4,1,0,2,0,0,90,-3,"Adelaide","2020",1
6,"Gibbs, Bryce",2,1,5,7,0,0,0,0,2,0,0,2,1,2,0,1,5,0,0,2,0,0,75,-3,"Adelaide","2020",1
1,"Jones, Chayce",6,1,0,6,1,1,0,3,0,1,0,2,0,1,0,3,6,0,1,2,0,0,81,-3,"Adelaide","2020",1
8,"Kelly, Jake",5,2,3,8,0,0,0,3,2,1,0,3,2,2,0,5,3,2,0,4,0,0,95,-3,"Adelaide","2020",1
29,"Laird, Rory",11,4,8,19,0,0,0,2,2,5,2,2,1,0,0,8,10,0,0,1,0,0,81,-3,"Adelaide","2020",1
27,"Lynch, Tom",11,1,3,14,2,0,0,3,2,3,1,0,1,0,0,6,7,0,0,1,1,0,83,-3,"Adelaide","2020",1
35,"McAsey, Fischer",3,1,2,5,0,0,0,0,0,1,1,0,0,0,0,2,3,0,0,1,0,0,85,-3,"Adelaide","2020",1
30,"Milera, Wayne",10,5,5,15,0,0,0,2,4,1,0,1,0,0,0,3,11,1,0,4,1,0,80,-3,"Adelaide","2020",1
4,"Murphy, Lachlan",6,2,4,10,1,1,0,6,0,2,0,3,1,0,0,6,3,0,1,2,0,2,77,-3,"Adelaide","2020",1
43,"OBrien, Reilly",3,2,8,11,0,0,22,3,1,3,0,3,1,2,0,4,8,0,0,3,0,2,81,-3,"Adelaide","2020",1
11,"Seedsman, Paul",10,2,4,14,0,0,0,4,3,2,2,5,0,1,0,4,11,0,0,0,3,0,84,-3,"Adelaide","2020",1
9,"Sloane, Rory",6,1,11,17,1,1,0,7,1,5,9,2,4,2,0,15,3,0,0,2,0,0,80,-3,"Adelaide","2020",1
33,"Smith, Brodie",6,2,1,7,0,1,0,2,1,1,0,0,0,0,0,3,3,1,1,0,0,0,60,-3,"Adelaide","2020",1
18,"Stengle, Tyson",3,0,8,11,1,0,0,2,0,0,0,0,0,0,0,5,4,0,0,0,0,0,86,-3,"Adelaide","2020",1
12,"Talia, Daniel",9,3,4,13,0,0,0,0,2,3,0,1,0,1,0,7,5,1,0,7,0,0,95,-3,"Adelaide","2020",1
13,"Walker, Taylor",5,2,2,7,2,1,1,2,0,3,0,3,1,2,0,6,1,2,1,2,0,0,82,-3,"Adelaide","2020",1
0,"Totals",142,41,107,249,11,5,34,56,30,45,25,44,18,21,0,119,126,11,6,38,7,7,0,-3,"Adelaide","2020",1
36,"Aliir, Aliir",6,3,5,11,0,0,4,2,2,1,2,2,0,2,0,6,6,1,0,5,0,0,88,3,"Sydney","2020",1
22,"Blakey, Nick",5,2,3,8,1,1,0,1,0,0,1,1,1,0,0,5,3,0,1,0,0,1,74,3,"Sydney","2020",1
2,"Brand, Kaiden",8,5,3,11,0,0,0,1,3,1,0,1,0,0,0,5,6,2,0,5,0,0,86,3,"Sydney","2020",1
7,"Cunningham, Harry",10,3,2,12,0,0,0,2,3,4,1,3,0,1,0,2,8,0,0,1,0,2,83,3,"Sydney","2020",1
34,"Dawson, Jordan",12,4,6,18,0,0,0,2,3,1,0,2,0,2,0,4,12,0,0,1,0,1,83,3,"Sydney","2020",1
13,"Florent, Oliver",15,2,6,21,0,1,0,2,1,5,6,1,0,0,0,9,12,0,0,1,0,1,79,3,"Sydney","2020",1
15,"Gray, Sam",9,3,7,16,1,0,0,3,0,2,0,4,2,0,0,8,8,0,0,1,0,0,84,3,"Sydney","2020",1
9,"Hayward, Will",2,1,2,4,2,0,0,1,0,0,0,0,0,0,0,1,3,0,1,1,0,0,89,3,"Sydney","2020",1
5,"Heeney, Isaac",12,5,4,16,4,1,0,4,2,1,0,2,1,0,3,12,5,1,3,2,0,0,86,3,"Sydney","2020",1
12,"Kennedy, Josh",13,2,12,25,1,0,0,7,2,3,10,5,2,1,1,16,9,0,0,0,0,0,79,3,"Sydney","2020",1
44,"Lloyd, Jake",10,4,7,17,0,0,0,1,4,2,1,3,1,2,0,5,13,0,0,4,0,0,91,3,"Sydney","2020",1
30,"McCartin, Tom",7,3,4,11,1,1,2,1,0,2,1,1,2,0,0,5,6,1,2,1,0,1,81,3,"Sydney","2020",1
27,"McInerney, Justin",7,1,8,15,0,0,0,2,1,0,1,3,3,1,0,8,6,0,0,2,0,0,69,3,"Sydney","2020",1
14,"Mills, Callum",11,4,7,18,0,0,0,3,2,1,0,3,1,0,0,6,11,0,0,3,0,0,96,3,"Sydney","2020",1
10,"Naismith, Sam",9,1,2,11,0,0,28,4,3,3,5,2,3,1,0,8,3,1,0,3,0,0,84,3,"Sydney","2020",1
38,"ORiordan, Colin",7,3,8,15,0,0,0,2,1,1,1,3,1,2,0,5,8,0,0,3,0,0,76,3,"Sydney","2020",1
11,"Papley, Tom",11,6,4,15,1,2,0,3,0,2,2,3,0,0,0,5,9,0,0,1,0,0,91,3,"Sydney","2020",1
26,"Parker, Luke",16,5,14,30,0,0,0,6,2,4,12,5,1,1,2,13,16,0,0,1,0,0,86,3,"Sydney","2020",1
24,"Rampe, Dane",8,4,2,10,0,0,0,3,2,0,0,2,1,1,0,2,7,0,0,11,0,0,92,3,"Sydney","2020",1
25,"Ronke, Ben",6,1,3,9,0,0,0,6,0,2,1,5,1,3,0,7,3,0,0,1,0,1,61,3,"Sydney","2020",1
8,"Rowbottom, James",9,1,2,11,0,1,0,3,1,5,2,2,1,1,0,3,8,0,0,0,0,0,61,3,"Sydney","2020",1
28,"Taylor, Lewis",7,5,2,9,0,1,0,4,1,1,0,1,0,0,0,1,8,0,1,0,0,0,82,3,"Sydney","2020",1
0,"Totals",200,68,113,313,11,8,34,63,33,41,46,54,21,18,6,136,170,6,8,47,0,7,0,3,"Sydney","2020",1
