"Number","Player","Kicks","Marks","Handballs","Disposals","Goals","Behinds","Hitouts","Tackles","Rebounds50s","Inside50s","Clearances","Clangers","FreesFor","FreesAgainst","BrownlowVotes","ContestedPossessions","UncontestedPossessions","ContestedMarks","MarksInside50","OnePercenters","Bounces","GoalAssists","PercentagePlayed","PointDifference","Team","Season","Round"
4,"Bontempelli, Marcus",18,6,15,33,2,0,0,9,2,6,12,4,1,2,2,11,23,0,2,6,0,1,85,57,"Western Bulldogs","2020",12
25,"Cavarra, Ben",8,3,7,15,2,2,0,2,0,0,1,2,0,1,0,4,10,1,1,0,0,0,74,57,"Western Bulldogs","2020",12
31,"Dale, Bailey",7,0,5,12,1,0,0,1,1,3,1,2,0,1,0,3,9,0,0,0,1,0,81,57,"Western Bulldogs","2020",12
35,"Daniel, Caleb",17,2,8,25,0,0,0,1,4,2,2,3,1,1,0,6,14,0,0,0,2,0,82,57,"Western Bulldogs","2020",12
5,"Dunkley, Josh",4,1,13,17,1,0,3,5,0,1,0,3,2,1,0,9,9,0,0,2,0,0,82,57,"Western Bulldogs","2020",12
44,"English, Tim",7,5,5,12,1,4,16,5,0,2,1,2,0,1,0,4,8,1,3,1,0,0,83,57,"Western Bulldogs","2020",12
43,"Gardner, Ryan",3,2,3,6,0,0,0,0,1,0,0,0,0,0,0,2,4,0,0,4,0,0,98,57,"Western Bulldogs","2020",12
7,"Hunter, Lachie",11,6,18,29,1,1,0,1,0,4,4,2,1,0,0,10,19,1,0,0,2,0,84,57,"Western Bulldogs","2020",12
42,"Keath, Alex",8,5,3,11,0,0,0,1,1,0,0,0,1,0,0,2,7,0,0,4,0,0,97,57,"Western Bulldogs","2020",12
21,"Liberatore, Tom",12,2,13,25,0,1,0,4,2,5,6,1,1,0,0,15,9,1,1,1,0,1,69,57,"Western Bulldogs","2020",12
27,"Lipinski, Patrick",6,4,10,16,0,0,0,1,0,1,2,2,0,0,0,4,12,0,0,0,0,0,86,57,"Western Bulldogs","2020",12
22,"Lloyd, Sam",4,3,6,10,1,0,0,2,0,3,1,3,0,2,0,6,6,1,0,0,0,1,78,57,"Western Bulldogs","2020",12
11,"Macrae, Jack",14,1,13,27,0,1,1,0,1,10,7,1,3,0,0,11,17,0,0,2,0,1,84,57,"Western Bulldogs","2020",12
16,"McLean, Toby",4,4,9,13,1,0,0,5,0,2,1,1,1,1,0,6,8,1,1,0,0,1,76,57,"Western Bulldogs","2020",12
33,"Naughton, Aaron",7,6,1,8,6,1,0,2,0,0,0,0,0,0,3,6,3,3,6,1,0,0,87,57,"Western Bulldogs","2020",12
20,"Richards, Ed",6,0,4,10,0,0,0,2,1,2,0,3,2,3,0,5,6,0,0,3,6,0,84,57,"Western Bulldogs","2020",12
6,"Smith, Bailey",26,4,11,37,0,0,0,3,1,10,6,3,1,0,0,13,25,0,0,0,3,2,79,57,"Western Bulldogs","2020",12
37,"Smith, Roarke",3,1,9,12,0,0,0,0,0,1,0,3,0,2,0,5,7,0,0,3,0,1,73,57,"Western Bulldogs","2020",12
3,"Wallis, Mitch",5,3,5,10,0,3,0,3,0,1,0,2,1,0,0,5,5,0,3,0,0,2,80,57,"Western Bulldogs","2020",12
14,"West, Rhylee",5,4,7,12,0,0,0,1,0,2,0,1,1,1,0,3,11,0,0,1,0,0,72,57,"Western Bulldogs","2020",12
34,"Williams, Bailey",17,9,3,20,0,1,0,2,6,5,0,2,0,1,1,3,16,0,0,2,4,1,84,57,"Western Bulldogs","2020",12
10,"Wood, Easton",9,7,4,13,0,0,0,4,4,1,0,0,2,0,0,5,8,1,0,6,0,0,83,57,"Western Bulldogs","2020",12
0,"Rushed",0,0,0,0,0,1,0,0,0,0,0,0,0,0,0,0,0,0,0,0,0,0,0,57,"Western Bulldogs","2020",12
16,"Brown, Luke",10,3,4,14,0,0,0,2,7,0,0,0,0,0,0,1,7,0,0,1,0,0,91,-57,"Adelaide","2020",12
5,"Crouch, Matt",12,3,15,27,1,0,0,3,4,4,6,1,3,0,0,15,14,0,0,0,0,0,80,-57,"Adelaide","2020",12
15,"Hartigan, Kyle",5,2,3,8,0,0,0,1,3,0,0,0,1,0,0,4,3,1,0,1,0,0,88,-57,"Adelaide","2020",12
34,"Himmelberg, Elliott",3,2,2,5,1,1,7,2,0,1,1,1,1,1,0,1,4,0,1,1,0,0,83,-57,"Adelaide","2020",12
28,"Keays, Ben",14,4,9,23,0,0,0,2,6,5,2,4,1,2,0,6,17,0,0,0,0,1,92,-57,"Adelaide","2020",12
8,"Kelly, Jake",3,2,4,7,0,0,0,3,2,0,0,3,1,1,0,4,4,0,0,4,0,0,91,-57,"Adelaide","2020",12
29,"Laird, Rory",7,2,9,16,1,0,0,4,2,3,1,4,0,0,0,5,12,0,0,1,1,1,75,-57,"Adelaide","2020",12
14,"Mackay, David",6,3,5,11,1,0,0,2,2,1,0,2,1,1,0,2,8,0,0,2,0,0,82,-57,"Adelaide","2020",12
23,"McAdam, Shane",5,2,5,10,0,1,0,3,2,0,0,3,1,3,0,8,1,1,0,0,0,0,79,-57,"Adelaide","2020",12
35,"McAsey, Fischer",2,1,1,3,0,1,0,3,0,1,0,1,0,1,0,0,3,0,1,1,1,0,84,-57,"Adelaide","2020",12
36,"McPherson, Andrew",3,1,5,8,0,0,0,0,3,1,0,0,0,0,0,2,6,0,0,2,0,0,36,-57,"Adelaide","2020",12
4,"Murphy, Lachlan",5,0,3,8,1,1,0,2,0,0,1,0,3,0,0,3,5,0,0,1,0,1,84,-57,"Adelaide","2020",12
43,"OBrien, Reilly",5,6,12,17,0,1,38,4,2,0,1,2,1,0,0,11,7,3,1,1,0,0,91,-57,"Adelaide","2020",12
10,"Poholke, Myles",8,4,5,13,0,0,0,5,0,2,1,3,1,1,0,6,7,0,0,1,0,2,85,-57,"Adelaide","2020",12
26,"Schoenberg, Harry",4,1,11,15,0,0,0,0,1,1,1,2,0,1,0,6,8,0,0,0,0,0,69,-57,"Adelaide","2020",12
11,"Seedsman, Paul",6,3,6,12,0,1,0,1,2,0,0,1,0,1,0,3,10,0,0,1,0,0,87,-57,"Adelaide","2020",12
38,"Sholl, Lachlan",4,2,3,7,0,0,0,0,0,1,1,0,0,0,0,1,6,0,0,2,0,0,84,-57,"Adelaide","2020",12
9,"Sloane, Rory",7,3,8,15,0,0,0,2,1,4,2,4,1,2,0,7,10,0,0,2,0,1,80,-57,"Adelaide","2020",12
33,"Smith, Brodie",14,4,4,18,1,0,0,0,5,3,1,1,0,0,0,5,8,0,0,2,0,0,84,-57,"Adelaide","2020",12
18,"Stengle, Tyson",4,0,3,7,1,0,0,0,0,4,0,5,1,3,0,6,2,0,0,0,0,0,72,-57,"Adelaide","2020",12
12,"Talia, Daniel",1,0,1,2,0,0,0,0,1,0,0,1,0,0,0,1,0,0,0,8,0,0,95,-57,"Adelaide","2020",12
13,"Walker, Taylor",5,2,1,6,1,0,0,1,0,1,1,1,1,1,0,2,4,0,0,1,0,0,86,-57,"Adelaide","2020",12
0,"Totals",133,50,119,252,8,6,45,40,43,32,19,39,17,18,0,99,146,5,3,32,2,6,0,-57,"Adelaide","2020",12
