"Number","Player","Kicks","Marks","Handballs","Disposals","Goals","Behinds","Hitouts","Tackles","Rebounds50s","Inside50s","Clearances","Clangers","FreesFor","FreesAgainst","BrownlowVotes","ContestedPossessions","UncontestedPossessions","ContestedMarks","MarksInside50","OnePercenters","Bounces","GoalAssists","PercentagePlayed","PointDifference","Team","Season","Round"
16,"Brown, Luke",8,1,6,14,0,1,0,5,4,0,1,1,0,0,0,4,7,0,0,5,1,0,90,-3,"Adelaide","2020",8
2,"Crouch, Brad",3,0,2,5,0,0,0,2,0,0,1,2,0,0,0,2,3,0,0,0,0,0,23,-3,"Adelaide","2020",8
5,"Crouch, Matt",12,4,14,26,0,0,0,2,5,2,5,2,1,1,0,11,14,0,0,1,0,0,76,-3,"Adelaide","2020",8
39,"Doedee, Tom",4,2,3,7,0,0,0,1,1,0,1,2,1,0,0,3,4,1,0,4,0,0,56,-3,"Adelaide","2020",8
17,"Hamill, Will",9,0,8,17,0,0,0,6,4,0,0,1,2,0,0,7,9,0,0,0,0,0,90,-3,"Adelaide","2020",8
15,"Hartigan, Kyle",5,0,4,9,0,0,0,4,3,0,0,3,1,2,0,5,4,0,0,5,0,0,91,-3,"Adelaide","2020",8
34,"Himmelberg, Elliott",4,3,4,8,0,1,1,0,0,3,0,4,0,2,0,3,7,1,1,6,0,0,90,-3,"Adelaide","2020",8
1,"Jones, Chayce",2,2,4,6,0,0,0,1,0,2,1,5,1,3,0,5,5,0,0,0,0,1,80,-3,"Adelaide","2020",8
28,"Keays, Ben",8,3,13,21,0,1,0,4,0,4,5,0,1,0,0,12,12,0,0,3,0,0,84,-3,"Adelaide","2020",8
29,"Laird, Rory",8,3,13,21,0,0,0,3,5,0,2,2,1,1,0,5,15,0,0,3,0,0,80,-3,"Adelaide","2020",8
27,"Lynch, Tom",11,4,3,14,0,1,0,0,0,2,1,4,1,1,0,4,10,0,0,2,0,0,91,-3,"Adelaide","2020",8
14,"Mackay, David",4,0,9,13,0,0,0,2,2,3,0,0,0,0,0,2,10,0,0,3,0,0,83,-3,"Adelaide","2020",8
23,"McAdam, Shane",4,1,5,9,0,1,0,3,0,3,0,1,2,1,0,7,4,0,0,1,1,1,84,-3,"Adelaide","2020",8
35,"McAsey, Fischer",3,2,4,7,0,0,0,0,0,2,0,1,0,0,0,3,4,1,0,0,0,0,83,-3,"Adelaide","2020",8
36,"McPherson, Andrew",10,4,9,19,0,0,0,3,6,1,0,4,0,1,0,6,12,1,0,1,0,0,83,-3,"Adelaide","2020",8
4,"Murphy, Lachlan",10,4,6,16,3,1,0,1,1,3,0,2,2,1,0,4,12,1,2,0,0,1,82,-3,"Adelaide","2020",8
43,"OBrien, Reilly",8,2,11,19,0,0,26,1,0,1,4,7,0,3,0,13,4,1,0,4,0,0,96,-3,"Adelaide","2020",8
11,"Seedsman, Paul",11,5,11,22,1,2,0,7,0,7,1,2,1,1,0,5,17,0,0,1,2,0,87,-3,"Adelaide","2020",8
33,"Smith, Brodie",19,3,5,24,1,0,0,2,2,10,3,3,0,0,1,10,15,0,0,3,0,1,77,-3,"Adelaide","2020",8
18,"Stengle, Tyson",8,1,10,18,1,1,0,3,0,1,1,2,0,0,0,9,9,0,0,1,0,0,85,-3,"Adelaide","2020",8
12,"Talia, Daniel",9,6,4,13,0,0,0,2,5,0,2,2,2,2,0,6,7,1,0,7,0,0,95,-3,"Adelaide","2020",8
13,"Walker, Taylor",7,5,2,9,2,1,0,2,0,1,1,2,0,1,0,5,3,4,1,3,0,2,94,-3,"Adelaide","2020",8
0,"Rushed",0,0,0,0,0,1,0,0,0,0,0,0,0,0,0,0,0,0,0,0,0,0,0,-3,"Adelaide","2020",8
2,"Bellchambers, Tom",8,2,2,10,0,0,19,3,1,3,4,2,3,1,0,9,4,1,0,4,0,0,88,3,"Essendon","2020",8
28,"Cahill, Ned",3,1,4,7,2,1,0,0,0,0,0,3,0,1,0,4,3,0,1,1,0,1,76,3,"Essendon","2020",8
10,"Francis, Aaron",5,3,4,9,0,0,0,1,4,0,0,0,2,0,0,4,5,0,0,9,0,0,86,3,"Essendon","2020",8
8,"Gleeson, Martin",4,1,3,7,0,0,0,1,3,1,0,1,0,0,0,3,4,0,0,3,0,0,83,3,"Essendon","2020",8
33,"Ham, Brayden",6,2,2,8,0,0,0,3,2,5,0,3,1,0,0,2,6,0,0,0,0,0,84,3,"Essendon","2020",8
46,"Hibberd, Mitchell",8,2,7,15,0,0,0,9,1,1,2,2,1,0,0,8,9,0,0,2,0,0,80,3,"Essendon","2020",8
18,"Hurley, Michael",8,7,7,15,0,0,0,0,4,0,0,1,0,1,0,1,11,1,0,3,0,0,90,3,"Essendon","2020",8
4,"Langford, Kyle",10,4,9,19,2,0,0,1,0,2,2,4,2,1,0,9,11,0,1,1,0,0,90,3,"Essendon","2020",8
15,"Laverde, Jayden",4,3,1,5,1,0,0,1,0,1,0,0,1,0,0,3,2,1,1,0,0,1,27,3,"Essendon","2020",8
43,"McDonald-Tipungwuti, Anthony",8,1,5,13,2,0,0,3,0,2,0,3,0,1,0,10,2,0,1,0,0,0,88,3,"Essendon","2020",8
1,"McGrath, Andrew",16,3,9,25,0,1,0,10,4,2,8,3,2,0,2,12,10,0,0,2,0,0,85,3,"Essendon","2020",8
45,"McKenna, Conor",10,3,4,14,0,0,0,2,1,4,2,8,1,1,0,4,7,0,0,1,4,1,86,3,"Essendon","2020",8
44,"McKernan, Shaun",6,3,3,9,0,0,6,3,0,2,1,6,1,2,0,7,2,1,0,1,2,1,89,3,"Essendon","2020",8
7,"Merrett, Zach",20,9,13,33,0,0,0,6,2,6,6,3,1,0,3,9,24,0,0,1,1,1,74,3,"Essendon","2020",8
3,"Parish, Darcy",8,1,14,22,1,0,0,3,0,4,4,5,0,0,0,13,10,0,0,0,0,1,82,3,"Essendon","2020",8
27,"Redman, Mason",9,2,4,13,0,0,0,2,5,1,0,4,0,2,0,6,7,2,0,0,1,0,73,3,"Essendon","2020",8
14,"Ridley, Jordan",12,6,6,18,0,0,0,3,4,2,1,1,1,1,0,3,12,2,0,4,0,1,92,3,"Essendon","2020",8
42,"Saad, Adam",12,5,7,19,0,0,0,4,4,3,2,1,0,1,0,5,11,0,0,3,1,1,90,3,"Essendon","2020",8
5,"Smith, Devon",5,2,8,13,0,1,0,3,0,3,0,5,0,1,0,6,8,0,0,4,0,0,85,3,"Essendon","2020",8
40,"Snelling, Will",4,3,14,18,0,0,0,11,2,3,2,6,2,1,0,9,11,0,0,1,0,0,88,3,"Essendon","2020",8
20,"Townsend, Jacob",5,2,5,10,1,1,0,4,0,0,0,3,2,2,0,6,3,2,0,1,0,0,79,3,"Essendon","2020",8
11,"Zaharakis, David",5,1,15,20,0,2,0,3,0,2,3,0,0,0,0,5,13,0,0,0,0,0,85,3,"Essendon","2020",8
0,"Rushed",0,0,0,0,0,2,0,0,0,0,0,0,0,0,0,0,0,0,0,0,0,0,0,3,"Essendon","2020",8
