"Number","Player","Kicks","Marks","Handballs","Disposals","Goals","Behinds","Hitouts","Tackles","Rebounds50s","Inside50s","Clearances","Clangers","FreesFor","FreesAgainst","BrownlowVotes","ContestedPossessions","UncontestedPossessions","ContestedMarks","MarksInside50","OnePercenters","Bounces","GoalAssists","PercentagePlayed","PointDifference","Team","Season","Round"
33,"Baker, Oskar",7,1,5,12,0,0,0,0,2,2,1,2,0,1,0,2,9,0,0,1,0,0,68,-14,"Melbourne","2020",16
12,"Bedford, Toby",4,2,4,8,0,1,0,2,0,0,0,5,0,2,0,2,6,0,0,0,0,0,63,-14,"Melbourne","2020",16
31,"Fritsch, Bayley",10,4,7,17,1,1,0,1,0,3,0,4,0,1,0,6,10,2,2,3,0,1,89,-14,"Melbourne","2020",16
11,"Gawn, Max",11,5,3,14,0,0,36,1,3,4,4,3,2,0,0,10,4,2,0,5,0,0,98,-14,"Melbourne","2020",16
14,"Hibberd, Michael",5,0,2,7,0,0,0,0,1,1,0,1,2,0,0,4,2,0,0,5,0,0,77,-14,"Melbourne","2020",16
29,"Hunt, Jayden",6,0,1,7,1,1,0,0,0,0,1,2,3,0,0,6,1,0,0,1,0,0,73,-14,"Melbourne","2020",16
15,"Langdon, Ed",10,1,4,14,0,0,0,2,2,3,1,2,0,1,0,5,7,0,0,1,0,1,92,-14,"Melbourne","2020",16
8,"Lever, Jake",1,0,3,4,0,0,0,1,1,0,0,0,0,0,0,3,1,0,0,9,0,0,92,-14,"Melbourne","2020",16
1,"May, Steven",7,1,4,11,0,0,0,2,5,0,0,2,0,1,0,3,4,0,0,7,0,0,95,-14,"Melbourne","2020",16
18,"Melksham, Jake",7,2,2,9,0,0,0,2,1,0,2,3,0,1,0,4,4,0,0,4,0,0,85,-14,"Melbourne","2020",16
30,"Neal-Bullen, Alex",6,2,0,6,0,0,0,3,0,0,0,3,0,1,0,3,4,0,0,1,0,1,68,-14,"Melbourne","2020",16
13,"Oliver, Clayton",16,0,9,25,0,0,0,4,4,2,8,10,1,1,0,16,10,0,0,3,0,0,86,-14,"Melbourne","2020",16
5,"Petracca, Christian",16,1,9,25,0,2,0,4,4,4,5,4,2,0,0,17,8,0,0,2,0,0,95,-14,"Melbourne","2020",16
36,"Pickett, Kysaiah",2,0,4,6,0,1,0,3,0,0,0,1,0,1,0,5,1,0,0,2,0,0,76,-14,"Melbourne","2020",16
21,"Preuss, Braydon",2,1,1,3,0,0,9,1,0,1,0,3,1,0,0,3,0,1,0,1,0,0,61,-14,"Melbourne","2020",16
24,"Rivers, Trent",13,2,2,15,0,2,0,1,8,1,1,3,1,2,0,7,3,1,0,0,0,0,82,-14,"Melbourne","2020",16
3,"Salem, Christian",11,1,2,13,0,0,0,4,3,2,2,3,0,1,0,4,7,1,0,4,0,0,91,-14,"Melbourne","2020",16
44,"Smith, Joel",2,0,3,5,0,0,0,2,0,1,0,1,0,0,0,4,1,0,0,2,0,0,76,-14,"Melbourne","2020",16
20,"Tomlinson, Adam",4,3,2,6,0,0,0,2,2,1,0,2,0,0,0,4,3,0,0,3,0,0,91,-14,"Melbourne","2020",16
22,"Vandenberg, Aaron",5,2,9,14,1,0,0,5,2,1,5,4,1,2,0,10,4,0,1,1,0,0,75,-14,"Melbourne","2020",16
7,"Viney, Jack",14,1,13,27,0,0,0,5,1,8,7,6,0,2,2,20,6,1,0,3,0,0,87,-14,"Melbourne","2020",16
26,"Weideman, Sam",3,3,4,7,1,0,0,0,0,1,0,2,0,1,0,4,3,1,1,1,0,0,81,-14,"Melbourne","2020",16
0,"Rushed",0,0,0,0,0,1,0,0,0,0,0,0,0,0,0,0,0,0,0,0,0,0,0,-14,"Melbourne","2020",16
9,"Acres, Blake",12,4,11,23,0,0,0,3,1,4,3,4,0,1,0,7,14,0,0,0,0,0,85,14,"Fremantle","2020",16
11,"Aish, James",10,5,12,22,0,0,0,0,0,1,1,0,1,0,0,9,12,0,0,3,0,0,86,14,"Fremantle","2020",16
8,"Brayshaw, Andrew",8,1,13,21,0,0,0,7,2,1,4,2,2,0,0,12,10,0,0,2,0,0,74,14,"Fremantle","2020",16
5,"Cerra, Adam",13,3,17,30,1,1,0,2,0,3,1,1,3,1,3,8,22,0,0,1,0,0,74,14,"Fremantle","2020",16
6,"Conca, Reece",13,2,2,15,0,0,0,1,2,1,1,1,1,1,0,1,11,0,0,3,0,0,84,14,"Fremantle","2020",16
36,"Cox, Brennan",10,2,6,16,0,0,0,0,2,3,0,4,1,0,0,5,12,0,0,6,0,0,96,14,"Fremantle","2020",16
12,"Crowden, Mitch",3,0,3,6,0,0,0,7,0,2,0,0,0,0,0,2,4,0,0,1,0,0,77,14,"Fremantle","2020",16
4,"Darcy, Sean",5,3,6,11,1,1,16,4,0,1,4,5,0,2,0,7,6,1,0,7,0,0,71,14,"Fremantle","2020",16
44,"Duman, Taylin",10,6,5,15,0,0,0,2,3,2,0,0,0,0,0,5,9,0,0,3,0,0,60,14,"Fremantle","2020",16
43,"Frederick, Michael",2,0,4,6,1,1,0,3,0,0,1,1,1,1,0,3,3,0,0,1,0,0,71,14,"Fremantle","2020",16
7,"Fyfe, Nat",8,4,13,21,0,1,0,4,0,2,5,7,2,3,0,11,10,0,0,1,0,0,79,14,"Fremantle","2020",16
32,"Hill, Stephen",5,3,4,9,0,0,0,5,3,2,1,1,2,0,0,3,6,0,0,4,0,0,84,14,"Fremantle","2020",16
1,"Hogan, Jesse",2,3,6,8,0,0,0,0,0,0,0,4,1,0,0,5,6,0,0,2,0,0,93,14,"Fremantle","2020",16
15,"Hughes, Ethan",10,6,10,20,0,0,0,0,1,1,1,2,1,0,0,7,13,0,0,3,0,0,90,14,"Fremantle","2020",16
37,"Lobb, Rory",5,2,3,8,0,1,7,3,1,2,0,1,0,0,0,4,6,0,1,3,0,0,96,14,"Fremantle","2020",16
16,"Mundy, David",10,2,10,20,0,0,0,7,2,4,7,2,0,0,0,16,7,0,0,3,0,1,73,14,"Fremantle","2020",16
13,"Ryan, Luke",15,6,6,21,0,0,0,1,8,2,0,2,0,0,0,2,12,0,0,5,0,0,96,14,"Fremantle","2020",16
28,"Schultz, Lachie",9,6,3,12,0,0,0,4,0,5,0,0,0,0,0,2,10,0,0,0,0,1,83,14,"Fremantle","2020",16
22,"Serong, Caleb",11,5,7,18,0,0,0,5,2,4,2,3,1,0,0,8,10,1,0,0,0,0,66,14,"Fremantle","2020",16
20,"Taberner, Matthew",9,6,3,12,0,3,0,2,0,3,0,3,0,0,0,6,6,3,2,1,0,0,95,14,"Fremantle","2020",16
10,"Walters, Michael",7,0,4,11,3,1,0,4,0,1,0,4,1,3,1,5,5,0,0,1,0,0,91,14,"Fremantle","2020",16
14,"Wilson, Nathan",13,5,3,16,0,1,0,1,3,2,1,4,1,1,0,6,12,0,0,2,0,0,77,14,"Fremantle","2020",16
0,"Rushed",0,0,0,0,0,1,0,0,0,0,0,0,0,0,0,0,0,0,0,0,0,0,0,14,"Fremantle","2020",16
