"Number","Player","Kicks","Marks","Handballs","Disposals","Goals","Behinds","Hitouts","Tackles","Rebounds50s","Inside50s","Clearances","Clangers","FreesFor","FreesAgainst","BrownlowVotes","ContestedPossessions","UncontestedPossessions","ContestedMarks","MarksInside50","OnePercenters","Bounces","GoalAssists","PercentagePlayed","PointDifference","Team","Season","Round"
9,"Acres, Blake",15,9,7,22,0,0,0,0,1,4,2,4,0,1,0,5,17,0,0,0,0,0,85,-30,"Fremantle","2020",18
11,"Aish, James",10,6,4,14,0,0,0,0,1,4,0,0,0,0,0,1,12,0,0,0,0,0,84,-30,"Fremantle","2020",18
8,"Brayshaw, Andrew",4,0,12,16,0,0,0,4,4,1,5,1,1,0,0,7,9,0,0,1,2,0,63,-30,"Fremantle","2020",18
5,"Cerra, Adam",9,3,9,18,0,0,0,0,0,2,4,1,0,0,0,6,11,0,0,1,0,1,68,-30,"Fremantle","2020",18
33,"Colyer, Travis",4,2,3,7,0,0,0,1,0,2,0,2,0,1,0,3,5,0,0,0,0,0,76,-30,"Fremantle","2020",18
6,"Conca, Reece",8,5,3,11,0,0,0,2,1,0,1,1,0,0,0,1,10,0,1,1,0,0,85,-30,"Fremantle","2020",18
36,"Cox, Brennan",4,3,6,10,0,0,0,1,1,1,0,0,1,0,0,4,6,1,0,7,0,0,89,-30,"Fremantle","2020",18
12,"Crowden, Mitch",4,2,2,6,1,1,0,3,0,0,0,1,0,1,0,2,5,0,1,0,0,0,88,-30,"Fremantle","2020",18
4,"Darcy, Sean",4,2,11,15,1,1,28,1,0,1,4,4,0,3,0,13,4,2,0,2,0,1,86,-30,"Fremantle","2020",18
44,"Duman, Taylin",8,5,1,9,0,0,0,2,3,0,0,1,0,0,0,2,6,0,0,2,0,0,75,-30,"Fremantle","2020",18
43,"Frederick, Michael",1,1,4,5,0,0,0,0,0,0,0,1,0,1,0,1,4,0,0,1,0,0,74,-30,"Fremantle","2020",18
7,"Fyfe, Nat",10,4,13,23,2,0,0,4,1,5,6,5,0,2,2,12,11,1,1,2,0,0,71,-30,"Fremantle","2020",18
31,"Henry, Liam",4,1,1,5,0,2,0,3,0,0,0,1,1,0,0,3,3,0,1,0,0,1,73,-30,"Fremantle","2020",18
32,"Hill, Stephen",13,3,6,19,0,0,0,1,5,1,0,2,1,0,0,3,16,0,0,2,0,0,88,-30,"Fremantle","2020",18
1,"Hogan, Jesse",7,6,6,13,1,1,0,3,0,0,0,1,1,0,0,6,7,0,2,1,0,0,98,-30,"Fremantle","2020",18
15,"Hughes, Ethan",8,3,9,17,0,0,0,1,2,0,1,2,0,1,0,5,11,1,0,3,0,0,82,-30,"Fremantle","2020",18
37,"Lobb, Rory",5,4,2,7,0,1,15,1,1,1,0,2,1,0,0,5,4,2,1,1,0,1,100,-30,"Fremantle","2020",18
16,"Mundy, David",4,0,4,8,0,0,0,3,1,2,4,0,0,0,0,4,4,0,0,1,0,0,65,-30,"Fremantle","2020",18
13,"Ryan, Luke",17,9,8,25,0,0,0,0,7,0,0,1,0,1,0,3,19,1,0,3,1,0,100,-30,"Fremantle","2020",18
28,"Schultz, Lachie",8,4,2,10,1,0,0,2,0,1,0,8,1,4,0,4,8,1,1,0,0,0,89,-30,"Fremantle","2020",18
22,"Serong, Caleb",13,4,12,25,0,0,0,6,1,6,3,2,2,0,0,12,15,0,0,1,0,1,79,-30,"Fremantle","2020",18
14,"Wilson, Nathan",12,3,4,16,0,0,0,0,7,1,1,2,1,0,0,4,10,0,0,2,0,0,83,-30,"Fremantle","2020",18
0,"Rushed",0,0,0,0,0,2,0,0,0,0,0,0,0,0,0,0,0,0,0,0,0,0,0,-30,"Fremantle","2020",18
4,"Bontempelli, Marcus",14,3,6,20,1,0,0,5,4,6,7,3,0,2,1,7,12,0,1,0,0,0,87,30,"Western Bulldogs","2020",18
17,"Bruce, Josh",4,5,3,7,1,1,3,2,0,1,0,1,0,1,0,4,3,3,2,0,0,1,85,30,"Western Bulldogs","2020",18
12,"Cordy, Zaine",7,1,2,9,0,0,0,1,1,1,0,3,2,0,0,7,2,0,0,3,0,0,89,30,"Western Bulldogs","2020",18
9,"Crozier, Hayden",9,4,2,11,0,0,0,6,1,4,1,2,2,0,0,2,8,0,0,2,1,1,77,30,"Western Bulldogs","2020",18
35,"Daniel, Caleb",10,1,4,14,1,0,0,7,2,1,2,3,0,0,0,4,9,0,0,3,0,0,91,30,"Western Bulldogs","2020",18
5,"Dunkley, Josh",6,3,9,15,0,0,0,3,0,2,1,2,2,1,0,7,9,1,0,0,0,0,80,30,"Western Bulldogs","2020",18
15,"Duryea, Taylor",13,5,4,17,0,0,0,3,2,3,0,1,0,0,0,1,14,0,0,2,0,0,83,30,"Western Bulldogs","2020",18
44,"English, Tim",7,2,7,14,2,0,20,3,0,2,3,0,3,0,0,9,6,1,2,4,1,1,87,30,"Western Bulldogs","2020",18
43,"Gardner, Ryan",1,0,2,3,0,0,0,2,0,0,0,2,0,1,0,2,1,0,0,10,0,0,97,30,"Western Bulldogs","2020",18
7,"Hunter, Lachie",17,7,18,35,1,3,0,0,3,5,4,1,2,0,3,7,27,0,4,2,3,0,87,30,"Western Bulldogs","2020",18
39,"Johannisen, Jason",7,1,2,9,1,1,0,1,2,2,0,1,0,0,0,1,8,0,0,2,0,0,86,30,"Western Bulldogs","2020",18
42,"Keath, Alex",6,5,1,7,0,1,0,3,0,1,0,2,1,0,0,1,7,0,1,7,0,0,87,30,"Western Bulldogs","2020",18
21,"Liberatore, Tom",12,2,13,25,0,0,0,8,2,6,7,1,1,1,0,15,15,1,0,6,0,2,81,30,"Western Bulldogs","2020",18
27,"Lipinski, Patrick",7,2,10,17,1,0,0,3,1,1,0,1,0,0,0,2,16,0,1,1,1,0,79,30,"Western Bulldogs","2020",18
11,"Macrae, Jack",7,1,12,19,0,0,0,3,1,3,4,3,0,0,0,12,11,0,0,3,0,0,88,30,"Western Bulldogs","2020",18
33,"Naughton, Aaron",1,1,3,4,1,0,0,0,0,0,0,2,0,1,0,3,1,1,0,0,0,0,41,30,"Western Bulldogs","2020",18
20,"Richards, Ed",3,1,6,9,0,0,0,2,0,0,0,0,2,0,0,4,5,0,0,2,0,2,76,30,"Western Bulldogs","2020",18
6,"Smith, Bailey",5,2,9,14,1,0,0,0,1,2,1,0,0,0,0,2,13,0,0,0,0,0,78,30,"Western Bulldogs","2020",18
37,"Smith, Roarke",5,1,6,11,0,0,0,2,0,3,2,0,0,0,0,8,4,0,0,1,0,1,85,30,"Western Bulldogs","2020",18
3,"Wallis, Mitch",6,2,2,8,1,2,0,0,0,2,0,2,0,0,0,1,4,0,1,0,0,0,71,30,"Western Bulldogs","2020",18
34,"Williams, Bailey",10,6,3,13,0,0,0,2,5,2,2,1,0,0,0,4,8,1,0,2,0,0,84,30,"Western Bulldogs","2020",18
10,"Wood, Easton",5,3,1,6,0,0,0,2,2,1,1,4,0,3,0,3,3,0,0,5,0,0,80,30,"Western Bulldogs","2020",18
0,"Totals",162,58,125,287,11,8,23,58,27,48,35,35,15,10,4,106,186,8,12,55,6,8,0,30,"Western Bulldogs","2020",18
