"Number","Player","Kicks","Marks","Handballs","Disposals","Goals","Behinds","Hitouts","Tackles","Rebounds50s","Inside50s","Clearances","Clangers","FreesFor","FreesAgainst","BrownlowVotes","ContestedPossessions","UncontestedPossessions","ContestedMarks","MarksInside50","OnePercenters","Bounces","GoalAssists","PercentagePlayed","PointDifference","Team","Season","Round"
30,"Atkins, Tom",4,2,3,7,0,1,0,3,1,0,0,0,0,0,0,3,4,0,0,1,0,0,74,33,"Geelong","2020",10
24,"Bews, Jed",6,2,3,9,0,0,0,0,1,1,0,1,0,0,0,4,5,0,0,3,0,0,89,33,"Geelong","2020",10
46,"Blicavs, Mark",6,1,13,19,0,0,7,3,1,4,6,1,1,1,0,13,5,0,0,3,0,1,85,33,"Geelong","2020",10
45,"Close, Brad",3,1,3,6,0,0,0,2,1,1,0,2,2,0,0,3,3,0,0,0,0,0,77,33,"Geelong","2020",10
35,"Dangerfield, Patrick",9,5,8,17,0,2,0,0,0,4,2,1,1,0,0,10,7,0,2,0,0,3,82,33,"Geelong","2020",10
22,"Duncan, Mitch",14,6,6,20,1,1,0,4,4,3,4,3,1,0,0,5,12,0,0,1,1,0,81,33,"Geelong","2020",10
13,"Fogarty, Lachie",14,3,9,23,0,1,0,4,1,4,4,1,1,0,0,7,15,0,0,0,0,2,70,33,"Geelong","2020",10
29,"Guthrie, Cameron",17,3,12,29,0,0,0,3,2,7,6,1,2,1,3,9,17,0,0,0,0,1,76,33,"Geelong","2020",10
39,"Guthrie, Zach",8,3,3,11,2,0,0,1,4,1,1,4,1,3,0,4,7,0,1,0,0,0,88,33,"Geelong","2020",10
26,"Hawkins, Tom",9,7,5,14,3,2,1,0,0,3,0,1,0,0,0,8,6,3,7,1,0,1,95,33,"Geelong","2020",10
25,"Henderson, Lachie",6,4,2,8,0,0,0,3,1,1,1,4,0,3,0,1,8,0,0,4,0,0,98,33,"Geelong","2020",10
38,"Henry, Jack",6,1,4,10,0,0,0,1,3,1,0,2,1,2,0,8,2,0,0,1,0,1,78,33,"Geelong","2020",10
27,"Menegola, Sam",16,4,12,28,1,0,0,1,2,3,3,4,1,1,0,7,21,0,1,3,0,1,87,33,"Geelong","2020",10
32,"Miers, Gryan",8,3,3,11,4,0,0,2,0,1,2,0,0,0,2,4,7,1,2,0,0,0,74,33,"Geelong","2020",10
42,"OConnor, Mark",5,2,5,10,0,0,0,0,4,1,0,0,0,0,0,5,5,0,0,4,0,0,86,33,"Geelong","2020",10
14,"Selwood, Joel",6,0,8,14,0,1,0,4,0,2,3,1,0,1,0,4,8,0,0,1,0,0,77,33,"Geelong","2020",10
37,"Simpson, Sam",6,2,6,12,1,0,0,3,1,1,0,2,1,2,0,3,7,0,0,1,1,0,80,33,"Geelong","2020",10
1,"Stanley, Rhys",4,2,9,13,1,0,20,0,0,1,3,3,2,2,0,7,6,1,1,2,0,0,88,33,"Geelong","2020",10
9,"Steven, Jack",15,6,6,21,0,0,0,4,2,6,3,1,1,0,0,3,17,0,0,0,0,0,68,33,"Geelong","2020",10
44,"Stewart, Tom",11,5,6,17,0,0,0,1,5,1,0,5,1,1,0,3,13,0,0,5,0,0,77,33,"Geelong","2020",10
7,"Taylor, Harry",3,1,5,8,0,0,0,0,1,0,0,1,0,0,0,5,3,1,0,4,0,0,84,33,"Geelong","2020",10
2,"Tuohy, Zach",11,6,5,16,0,2,0,0,1,2,1,1,0,1,0,3,12,0,0,0,0,0,86,33,"Geelong","2020",10
0,"Rushed",0,0,0,0,0,2,0,0,0,0,0,0,0,0,0,0,0,0,0,0,0,0,0,33,"Geelong","2020",10
3,"Anderson, Jed",11,1,11,22,0,1,0,5,0,3,4,4,2,1,0,11,11,0,0,3,0,1,73,-33,"North Melbourne","2020",10
18,"Atley, Shaun",8,2,5,13,0,0,0,1,2,3,0,2,1,0,0,3,10,0,0,2,0,0,84,-33,"North Melbourne","2020",10
16,"Bonar, Aiden",3,1,2,5,0,0,0,1,1,1,0,1,0,1,0,0,5,0,0,2,0,0,86,-33,"North Melbourne","2020",10
50,"Brown, Ben",0,0,0,0,0,0,0,0,0,0,0,0,0,0,0,0,0,0,0,0,0,0,14,-33,"North Melbourne","2020",10
1,"Daw, Majak",6,4,4,10,1,1,7,0,0,3,0,3,0,1,0,1,10,0,1,3,0,1,78,-33,"North Melbourne","2020",10
14,"Dumont, Trent",8,0,8,16,0,0,0,8,1,3,5,2,1,0,0,10,6,0,0,1,0,1,73,-33,"North Melbourne","2020",10
22,"Goldstein, Todd",8,3,7,15,0,0,17,2,2,2,5,5,3,3,0,11,5,0,0,7,0,0,94,-33,"North Melbourne","2020",10
43,"Hall, Aaron",8,0,4,12,1,0,0,3,1,5,0,2,1,0,0,4,7,0,0,0,0,1,83,-33,"North Melbourne","2020",10
4,"Higgins, Shaun",12,3,8,20,0,0,0,2,3,5,0,1,0,0,0,2,16,0,0,3,2,1,90,-33,"North Melbourne","2020",10
46,"Hosie, Lachlan",4,1,5,9,2,0,0,2,0,1,0,2,2,1,0,2,7,0,0,1,0,0,85,-33,"North Melbourne","2020",10
34,"Macmillan, Jamie",3,3,8,11,0,0,0,3,1,2,1,1,1,1,0,4,7,0,0,2,0,0,71,-33,"North Melbourne","2020",10
35,"Mahony, Jack",2,0,6,8,1,0,0,3,0,2,0,1,1,0,0,3,5,0,0,0,0,0,81,-33,"North Melbourne","2020",10
11,"McDonald, Luke",13,3,5,18,0,0,0,2,5,1,1,1,0,1,0,5,8,0,0,0,0,0,99,-33,"North Melbourne","2020",10
23,"McKay, Ben",2,4,10,12,0,0,0,0,2,1,0,1,0,0,0,3,9,0,0,7,0,0,82,-33,"North Melbourne","2020",10
17,"Pittard, Jasper",7,2,5,12,0,0,0,0,4,2,0,1,1,0,0,3,10,0,0,4,0,0,87,-33,"North Melbourne","2020",10
13,"Polec, Jared",8,4,7,15,1,0,0,4,1,3,4,3,0,2,0,5,10,0,1,0,1,0,78,-33,"North Melbourne","2020",10
8,"Scott, Bailey",9,6,4,13,1,0,0,2,0,0,0,3,1,1,0,4,9,0,1,0,0,1,91,-33,"North Melbourne","2020",10
12,"Simpkin, Jy",15,2,10,25,1,0,0,3,0,4,8,5,1,3,1,9,13,0,1,1,0,1,82,-33,"North Melbourne","2020",10
25,"Tarrant, Robbie",10,1,5,15,0,0,0,1,8,0,1,1,0,0,0,5,6,0,0,1,0,0,89,-33,"North Melbourne","2020",10
19,"Walker, Josh",8,3,2,10,1,0,0,3,0,2,0,1,2,0,0,6,3,2,1,3,0,0,98,-33,"North Melbourne","2020",10
27,"Walker, Will",6,1,5,11,0,0,0,4,2,0,2,2,0,1,0,5,6,0,0,1,0,1,90,-33,"North Melbourne","2020",10
44,"Zurhaar, Cameron",4,2,5,9,0,0,0,2,0,2,0,1,1,0,0,4,5,0,0,0,0,0,92,-33,"North Melbourne","2020",10
0,"Rushed",0,0,0,0,0,1,0,0,0,0,0,0,0,0,0,0,0,0,0,0,0,0,0,-33,"North Melbourne","2020",10
