"Number","Player","Kicks","Marks","Handballs","Disposals","Goals","Behinds","Hitouts","Tackles","Rebounds50s","Inside50s","Clearances","Clangers","FreesFor","FreesAgainst","BrownlowVotes","ContestedPossessions","UncontestedPossessions","ContestedMarks","MarksInside50","OnePercenters","Bounces","GoalAssists","PercentagePlayed","PointDifference","Team","Season","Round"
12,"Astbury, David",9,6,8,17,0,0,0,0,1,1,0,5,1,2,0,8,10,1,0,2,0,0,91,-32,"Richmond","2020",3
29,"Bolton, Shai",6,3,3,9,1,1,0,1,1,3,0,5,0,2,0,3,6,0,1,1,0,0,87,-32,"Richmond","2020",3
35,"Broad, Nathan",7,3,6,13,0,0,1,1,2,1,0,0,0,0,0,5,8,0,0,5,0,0,81,-32,"Richmond","2020",3
22,"Caddy, Josh",6,5,7,13,0,1,0,1,1,1,1,0,0,0,0,2,9,1,3,0,0,0,82,-32,"Richmond","2020",3
11,"Castagna, Jason",4,3,1,5,2,1,0,2,0,0,0,2,0,0,0,0,5,0,3,0,0,0,80,-32,"Richmond","2020",3
9,"Cotchin, Trent",9,2,9,18,0,0,0,3,0,4,3,2,1,0,0,10,6,0,0,1,0,0,77,-32,"Richmond","2020",3
10,"Edwards, Shane",4,0,8,12,1,0,0,0,0,2,2,2,1,0,0,6,7,0,0,1,0,0,83,-32,"Richmond","2020",3
34,"Graham, Jack",8,5,4,12,0,0,0,0,1,2,1,2,0,1,0,3,11,0,0,1,0,0,76,-32,"Richmond","2020",3
2,"Grimes, Dylan",12,7,6,18,0,0,0,0,1,1,0,1,3,0,0,6,10,1,0,6,1,0,100,-32,"Richmond","2020",3
13,"Higgins, Jack",14,2,1,15,0,1,0,2,1,4,0,3,4,1,0,7,8,0,0,0,0,1,82,-32,"Richmond","2020",3
14,"Houli, Bachar",10,6,15,25,0,0,0,2,2,3,1,3,0,0,0,7,17,1,0,0,2,0,86,-32,"Richmond","2020",3
23,"Lambert, Kane",8,2,6,14,0,0,0,1,0,3,3,4,1,2,0,8,6,0,0,2,0,0,69,-32,"Richmond","2020",3
19,"Lynch, Tom",5,5,1,6,1,1,1,0,0,2,0,0,0,0,0,4,2,3,2,0,0,1,97,-32,"Richmond","2020",3
50,"Pickett, Marlion",7,2,3,10,0,0,0,2,1,2,0,4,0,1,0,4,7,0,0,2,0,0,62,-32,"Richmond","2020",3
3,"Prestia, Dion",10,2,7,17,0,0,0,0,2,2,3,3,2,0,0,10,8,0,0,3,0,0,79,-32,"Richmond","2020",3
8,"Riewoldt, Jack",10,4,1,11,0,2,0,1,0,4,0,5,1,0,0,3,6,1,3,1,0,0,100,-32,"Richmond","2020",3
17,"Rioli, Daniel",2,0,4,6,0,0,0,3,0,0,0,1,0,0,0,3,2,0,0,0,0,1,72,-32,"Richmond","2020",3
5,"Ross, Jack",5,0,6,11,0,0,0,3,1,2,3,2,3,0,0,7,5,0,0,1,0,0,69,-32,"Richmond","2020",3
15,"Short, Jayden",11,7,7,18,0,0,0,0,3,3,0,0,2,0,0,7,11,1,0,1,1,1,77,-32,"Richmond","2020",3
20,"Soldo, Ivan",3,0,4,7,0,0,9,3,0,1,0,4,1,3,0,3,3,0,0,2,0,0,78,-32,"Richmond","2020",3
44,"Stack, Sydney",7,4,11,18,0,0,0,2,2,1,0,6,1,5,0,7,14,0,0,2,0,0,78,-32,"Richmond","2020",3
1,"Vlastuin, Nick",14,6,8,22,0,0,0,0,5,1,0,5,2,2,0,8,14,0,0,2,1,0,94,-32,"Richmond","2020",3
0,"Rushed",0,0,0,0,0,2,0,0,0,0,0,0,0,0,0,0,0,0,0,0,0,0,0,-32,"Richmond","2020",3
22,"Breust, Luke",5,1,4,9,1,0,0,1,0,2,3,3,0,2,0,6,3,0,0,0,0,2,86,32,"Hawthorn","2020",3
9,"Burgoyne, Shaun",5,2,6,11,0,0,0,0,1,5,0,3,0,2,0,5,4,0,0,1,0,1,78,32,"Hawthorn","2020",3
18,"Ceglar, Jonathon",8,1,7,15,1,0,20,3,2,3,7,0,1,0,2,8,7,0,0,2,0,0,73,32,"Hawthorn","2020",3
12,"Frawley, James",5,3,2,7,0,0,0,0,1,0,0,3,0,2,0,2,6,0,0,9,0,0,90,32,"Hawthorn","2020",3
8,"Frost, Sam",9,5,6,15,0,0,0,3,4,1,0,0,0,0,0,6,9,1,0,2,0,0,83,32,"Hawthorn","2020",3
19,"Gunston, Jack",8,6,1,9,2,2,0,0,0,1,0,1,1,0,0,2,7,0,4,0,0,1,82,32,"Hawthorn","2020",3
41,"Hanrahan, Oliver",6,3,5,11,0,0,0,0,0,1,1,3,2,0,0,4,7,0,0,0,0,0,65,32,"Hawthorn","2020",3
15,"Hardwick, Blake",12,4,5,17,0,0,0,4,2,1,2,0,2,0,0,4,10,0,0,1,0,0,75,32,"Hawthorn","2020",3
31,"Henderson, Ricky",6,5,9,15,0,0,0,2,2,0,0,2,1,0,0,3,12,0,0,0,0,0,61,32,"Hawthorn","2020",3
7,"McEvoy, Ben",6,4,6,12,0,0,0,0,1,0,0,0,1,0,0,5,6,1,0,2,0,0,90,32,"Hawthorn","2020",3
3,"Mitchell, Tom",6,6,17,23,0,0,0,1,1,1,0,4,2,2,0,6,18,0,0,1,0,1,89,32,"Hawthorn","2020",3
23,"OBrien, Tim",3,0,2,5,1,0,5,2,1,1,0,2,3,1,0,5,1,0,0,1,0,0,84,32,"Hawthorn","2020",3
10,"OMeara, Jaeger",14,5,9,23,1,0,0,3,1,3,4,3,1,3,1,7,16,0,0,0,0,1,86,32,"Hawthorn","2020",3
25,"Patton, Jonathon",5,3,2,7,1,0,0,2,0,2,0,3,2,3,0,5,3,0,0,2,0,0,85,32,"Hawthorn","2020",3
14,"Scrimshaw, Jack",11,3,7,18,0,0,0,1,5,0,0,4,0,0,0,4,11,0,0,3,0,0,76,32,"Hawthorn","2020",3
21,"Scully, Tom",6,2,6,12,0,0,0,0,0,3,2,0,0,0,0,7,5,0,0,2,0,0,80,32,"Hawthorn","2020",3
26,"Shiels, Liam",8,3,5,13,0,0,0,1,3,2,0,1,0,1,0,6,8,0,0,2,0,0,75,32,"Hawthorn","2020",3
6,"Sicily, James",19,4,4,23,0,0,0,0,9,2,0,2,0,0,0,4,14,0,0,4,0,0,90,32,"Hawthorn","2020",3
16,"Smith, Isaac",19,4,10,29,1,0,0,1,3,2,2,3,0,0,3,5,21,0,0,0,0,0,85,32,"Hawthorn","2020",3
24,"Stratton, Ben",8,3,4,12,0,0,0,0,1,1,0,6,0,1,0,3,6,1,0,5,0,0,95,32,"Hawthorn","2020",3
20,"Wingard, Chad",12,5,3,15,3,0,0,3,0,2,0,2,3,1,0,4,11,0,0,0,0,0,83,32,"Hawthorn","2020",3
5,"Worpel, James",8,4,9,17,0,1,0,7,1,2,1,10,0,5,0,7,11,0,1,0,0,0,90,32,"Hawthorn","2020",3
0,"Rushed",0,0,0,0,0,2,0,0,0,0,0,0,0,0,0,0,0,0,0,0,0,0,0,32,"Hawthorn","2020",3
