"Number","Player","Kicks","Marks","Handballs","Disposals","Goals","Behinds","Hitouts","Tackles","Rebounds50s","Inside50s","Clearances","Clangers","FreesFor","FreesAgainst","BrownlowVotes","ContestedPossessions","UncontestedPossessions","ContestedMarks","MarksInside50","OnePercenters","Bounces","GoalAssists","PercentagePlayed","PointDifference","Team","Season","Round"
36,"Aliir, Aliir",5,5,2,7,2,0,4,0,0,0,0,5,0,2,0,5,2,3,2,0,0,0,88,-32,"Sydney","2020",7
22,"Blakey, Nick",3,1,1,4,0,0,0,3,0,2,0,2,1,1,0,3,1,0,0,2,0,0,76,-32,"Sydney","2020",7
4,"Clarke, Ryan",11,3,6,17,1,0,0,0,1,3,2,4,1,1,0,6,11,0,0,2,0,0,95,-32,"Sydney","2020",7
7,"Cunningham, Harry",13,1,8,21,0,0,0,2,7,0,1,3,2,1,0,6,12,0,0,1,0,0,84,-32,"Sydney","2020",7
34,"Dawson, Jordan",11,3,5,16,0,1,0,3,4,2,0,0,2,0,0,7,8,0,0,5,0,0,87,-32,"Sydney","2020",7
13,"Florent, Oliver",6,1,3,9,0,1,0,4,1,2,2,2,1,1,0,7,3,1,0,1,0,0,75,-32,"Sydney","2020",7
42,"Fox, Robbie",4,1,4,8,0,0,0,6,2,1,0,0,0,0,0,3,7,0,0,8,0,0,92,-32,"Sydney","2020",7
9,"Hayward, Will",6,3,6,12,2,0,0,5,0,1,1,2,3,0,0,10,3,2,0,4,0,1,85,-32,"Sydney","2020",7
29,"Hewett, George",3,1,15,18,0,0,0,4,0,1,5,2,1,1,0,13,5,0,0,0,0,0,85,-32,"Sydney","2020",7
44,"Lloyd, Jake",15,3,9,24,0,0,0,1,5,3,0,2,1,0,0,9,9,0,0,4,0,0,85,-32,"Sydney","2020",7
30,"McCartin, Tom",5,4,4,9,2,0,0,2,0,1,0,4,0,2,0,3,5,2,2,2,0,0,75,-32,"Sydney","2020",7
14,"Mills, Callum",11,3,10,21,0,0,0,2,4,2,4,6,2,3,0,10,7,0,0,4,0,0,95,-32,"Sydney","2020",7
38,"ORiordan, Colin",1,0,3,4,0,0,0,0,0,0,0,1,0,0,0,1,3,0,0,4,0,0,26,-32,"Sydney","2020",7
11,"Papley, Tom",9,3,1,10,2,0,0,2,0,3,1,2,1,1,0,9,4,1,1,3,1,0,94,-32,"Sydney","2020",7
26,"Parker, Luke",16,4,11,27,0,0,0,8,4,4,7,4,2,2,2,13,13,1,1,2,0,1,88,-32,"Sydney","2020",7
24,"Rampe, Dane",9,3,6,15,0,0,0,4,8,2,0,3,2,1,0,6,9,0,0,10,1,0,100,-32,"Sydney","2020",7
8,"Rowbottom, James",9,1,6,15,0,1,0,2,1,3,1,1,1,0,0,7,8,0,0,0,0,2,83,-32,"Sydney","2020",7
18,"Sinclair, Callum",4,2,4,8,0,0,16,7,0,2,2,2,1,2,0,5,2,0,0,1,0,0,85,-32,"Sydney","2020",7
3,"Stephens, Dylan",8,3,3,11,0,1,0,1,0,4,0,4,1,0,0,3,9,0,0,2,1,0,85,-32,"Sydney","2020",7
33,"Stoddart, Ryley",12,2,4,16,0,0,0,1,1,4,0,6,3,0,0,4,11,0,0,0,0,0,65,-32,"Sydney","2020",7
37,"Taylor, Elijah",6,1,3,9,0,0,0,0,0,2,1,3,2,1,0,6,2,1,0,3,0,0,76,-32,"Sydney","2020",7
1,"Warner, Chad",5,1,1,6,0,0,0,1,1,3,0,1,1,0,0,4,2,0,0,1,0,0,76,-32,"Sydney","2020",7
0,"Rushed",0,0,0,0,0,2,0,0,0,0,0,0,0,0,0,0,0,0,0,0,0,0,0,-32,"Sydney","2020",7
9,"Ainsworth, Ben",8,3,7,15,0,2,0,3,1,3,0,5,0,1,0,7,9,0,0,0,0,0,81,32,"Gold Coast","2020",7
15,"Anderson, Noah",12,5,3,15,1,1,0,3,1,3,2,1,3,1,0,6,9,0,1,0,1,0,74,32,"Gold Coast","2020",7
10,"Ballard, Charlie",9,4,3,12,0,0,0,1,4,0,0,1,1,0,0,3,11,0,0,5,0,0,91,32,"Gold Coast","2020",7
3,"Bowes, Jack",11,6,6,17,0,0,0,0,4,0,0,2,1,1,0,6,12,0,1,2,0,0,85,32,"Gold Coast","2020",7
35,"Budarick, Connor",6,3,2,8,0,0,0,1,3,0,0,4,0,1,0,3,5,0,0,4,0,0,86,32,"Gold Coast","2020",7
25,"Collins, Sam",6,3,2,8,0,0,0,5,4,2,0,0,2,0,0,4,4,1,0,4,0,1,100,32,"Gold Coast","2020",7
12,"Day, Sam",5,2,2,7,2,1,4,2,0,2,0,3,1,2,0,3,4,0,1,1,0,1,74,32,"Gold Coast","2020",7
4,"Ellis, Brandon",17,6,4,21,0,0,0,1,2,5,3,4,2,2,0,7,14,1,0,1,0,0,83,32,"Gold Coast","2020",7
21,"Greenwood, Hugh",14,0,9,23,0,0,0,12,2,5,9,0,1,0,3,18,6,0,0,5,0,0,81,32,"Gold Coast","2020",7
1,"Hanley, Pearce",11,5,2,13,0,1,0,0,0,4,0,3,0,0,0,4,11,0,1,1,0,0,64,32,"Gold Coast","2020",7
5,"Harbrow, Jarrod",15,4,3,18,0,0,0,1,5,2,1,2,0,1,0,3,14,0,0,1,0,0,79,32,"Gold Coast","2020",7
39,"Holman, Nick",4,1,3,7,1,0,0,2,0,5,1,4,0,3,0,3,3,0,0,1,0,0,83,32,"Gold Coast","2020",7
34,"King, Ben",3,0,0,3,1,1,0,0,0,0,0,0,1,0,0,2,1,0,0,5,0,0,89,32,"Gold Coast","2020",7
13,"Lukosius, Jack",10,2,7,17,1,0,0,0,5,0,0,2,1,2,0,5,8,0,1,2,0,0,87,32,"Gold Coast","2020",7
44,"Macpherson, Darcy",5,1,5,10,1,0,0,3,0,2,0,4,0,2,0,3,6,0,0,2,0,0,83,32,"Gold Coast","2020",7
11,"Miller, Touk",9,2,11,20,0,0,0,3,1,4,6,2,2,1,0,12,9,0,0,1,0,0,82,32,"Gold Coast","2020",7
27,"Powell, Wil",1,0,3,4,0,0,0,0,1,0,0,3,0,2,0,3,2,0,0,3,0,0,73,32,"Gold Coast","2020",7
22,"Rankine, Izak",12,3,4,16,2,2,0,4,1,5,2,5,1,4,0,7,8,1,0,0,0,1,83,32,"Gold Coast","2020",7
6,"Sexton, Alex",6,3,5,11,1,1,0,0,0,3,1,2,0,2,0,6,5,0,1,0,0,0,79,32,"Gold Coast","2020",7
24,"Swallow, David",9,5,13,22,1,2,0,6,0,4,7,3,1,1,1,13,9,0,2,0,0,1,77,32,"Gold Coast","2020",7
14,"Weller, Lachie",7,0,8,15,2,0,0,7,1,3,4,2,0,1,0,6,9,0,0,1,0,0,79,32,"Gold Coast","2020",7
28,"Witts, Jarrod",6,5,8,14,0,0,36,2,0,1,2,3,2,1,0,8,4,2,0,5,0,0,87,32,"Gold Coast","2020",7
0,"Rushed",0,0,0,0,0,3,0,0,0,0,0,0,0,0,0,0,0,0,0,0,0,0,0,32,"Gold Coast","2020",7
