"Number","Player","Kicks","Marks","Handballs","Disposals","Goals","Behinds","Hitouts","Tackles","Rebounds50s","Inside50s","Clearances","Clangers","FreesFor","FreesAgainst","BrownlowVotes","ContestedPossessions","UncontestedPossessions","ContestedMarks","MarksInside50","OnePercenters","Bounces","GoalAssists","PercentagePlayed","PointDifference","Team","Season","Round"
26,"Battle, Josh",6,4,2,8,1,0,0,1,0,1,0,1,1,1,0,3,5,1,1,0,1,0,78,-59,"St Kilda","2020",11
15,"Billings, Jack",9,3,8,17,1,0,0,4,3,2,2,2,0,0,0,6,13,0,0,2,0,0,79,-59,"St Kilda","2020",11
16,"Butler, Dan",4,0,0,4,0,0,0,3,0,3,0,1,1,0,0,1,2,0,0,0,0,0,80,-59,"St Kilda","2020",11
23,"Bytel, Jack",7,2,11,18,0,0,0,2,1,1,5,2,1,2,0,8,10,0,0,0,0,1,73,-59,"St Kilda","2020",11
2,"Carlisle, Jake",8,5,2,10,0,0,2,0,3,1,0,1,1,0,0,4,5,0,0,6,0,0,95,-59,"St Kilda","2020",11
11,"Clark, Hunter",10,4,6,16,0,0,0,1,2,1,1,5,1,2,0,4,11,0,0,1,0,0,82,-59,"St Kilda","2020",11
1,"Coffield, Nick",9,4,5,14,0,0,0,1,6,1,0,0,0,0,0,3,11,1,0,1,0,0,89,-59,"St Kilda","2020",11
14,"Geary, Jarryn",0,0,4,4,0,0,0,1,0,0,0,1,0,1,0,2,2,0,0,3,0,0,84,-59,"St Kilda","2020",11
4,"Gresham, Jade",5,1,10,15,0,0,0,2,0,1,3,2,0,1,0,12,3,0,0,2,0,0,81,-59,"St Kilda","2020",11
8,"Hill, Bradley",5,0,2,7,0,0,0,2,1,2,0,0,0,0,0,0,8,0,0,0,0,0,74,-59,"St Kilda","2020",11
40,"Hind, Nick",5,0,3,8,0,1,0,1,0,1,0,0,1,0,0,5,3,0,0,2,0,0,69,-59,"St Kilda","2020",11
20,"Howard, Dougal",5,1,1,6,0,1,0,2,2,2,0,1,1,0,0,2,3,0,0,8,0,0,95,-59,"St Kilda","2020",11
25,"Kent, Dean",7,5,6,13,0,1,0,1,1,2,1,0,0,0,0,6,9,0,1,2,1,0,78,-59,"St Kilda","2020",11
12,"King, Max",2,3,3,5,0,2,1,1,0,0,0,0,1,0,0,5,2,2,2,2,0,0,77,-59,"St Kilda","2020",11
21,"Long, Ben",5,2,9,14,0,1,0,3,0,1,3,0,1,0,0,9,6,0,0,3,1,0,81,-59,"St Kilda","2020",11
19,"Marshall, Rowan",14,1,2,16,0,0,24,1,0,7,7,3,1,1,0,13,5,0,0,2,0,1,94,-59,"St Kilda","2020",11
28,"Membrey, Tim",7,3,5,12,0,0,1,0,0,1,0,5,0,2,0,8,3,2,1,3,0,1,75,-59,"St Kilda","2020",11
33,"Paton, Ben",6,4,4,10,0,0,0,2,2,2,0,4,0,2,0,1,9,0,0,1,0,0,86,-59,"St Kilda","2020",11
30,"Phillips, Ed",8,2,8,16,2,0,0,1,0,5,2,1,1,1,0,5,11,0,0,1,0,0,80,-59,"St Kilda","2020",11
35,"Sinclair, Jack",7,1,12,19,0,0,0,2,0,2,2,1,1,0,0,9,10,0,0,2,0,0,85,-59,"St Kilda","2020",11
9,"Steele, Jack",13,4,12,25,0,1,0,4,2,5,5,6,1,1,0,13,14,0,2,3,0,0,86,-59,"St Kilda","2020",11
44,"Wilkie, Callum",9,2,1,10,0,0,0,2,2,2,0,0,0,0,0,0,7,0,0,3,0,0,79,-59,"St Kilda","2020",11
0,"Rushed",0,0,0,0,0,3,0,0,0,0,0,0,0,0,0,0,0,0,0,0,0,0,0,-59,"St Kilda","2020",11
30,"Atkins, Tom",2,0,7,9,0,0,0,2,0,0,2,1,0,0,0,6,3,0,0,0,0,0,73,59,"Geelong","2020",11
24,"Bews, Jed",8,8,6,14,0,0,0,3,2,2,0,1,0,0,0,3,11,0,0,1,0,1,81,59,"Geelong","2020",11
46,"Blicavs, Mark",4,3,8,12,0,0,12,3,3,1,1,0,1,0,0,7,6,1,0,2,0,0,84,59,"Geelong","2020",11
45,"Close, Brad",4,1,6,10,0,0,0,6,0,0,0,1,2,1,0,4,6,0,0,0,0,1,75,59,"Geelong","2020",11
35,"Dangerfield, Patrick",15,6,4,19,1,2,0,2,4,4,3,1,2,0,2,6,13,1,1,1,0,2,84,59,"Geelong","2020",11
22,"Duncan, Mitch",13,4,9,22,1,0,0,4,1,5,3,3,0,1,0,5,16,0,1,0,0,1,80,59,"Geelong","2020",11
29,"Guthrie, Cameron",4,2,10,14,0,0,0,2,0,3,2,0,0,0,0,3,10,0,0,2,0,0,74,59,"Geelong","2020",11
26,"Hawkins, Tom",9,5,2,11,5,0,1,2,0,1,1,1,0,0,1,5,5,3,3,0,0,0,91,59,"Geelong","2020",11
25,"Henderson, Lachie",12,10,1,13,0,0,0,3,5,1,0,2,0,0,0,1,10,1,0,3,0,0,90,59,"Geelong","2020",11
38,"Henry, Jack",4,1,5,9,0,0,0,2,4,0,1,4,0,2,0,6,4,0,0,1,0,0,78,59,"Geelong","2020",11
8,"Kolodjashnij, Jake",10,5,2,12,0,0,0,3,0,1,0,1,2,1,0,3,10,0,0,1,0,0,82,59,"Geelong","2020",11
27,"Menegola, Sam",15,11,11,26,2,0,0,2,3,3,2,4,0,3,0,7,18,3,1,2,0,0,91,59,"Geelong","2020",11
32,"Miers, Gryan",8,7,4,12,0,0,0,0,0,3,1,1,0,0,0,6,8,0,0,2,0,0,90,59,"Geelong","2020",11
42,"OConnor, Mark",12,9,4,16,0,0,0,3,4,3,1,0,1,0,0,4,12,0,0,7,0,0,95,59,"Geelong","2020",11
3,"Parfitt, Brandan",7,2,6,13,0,0,0,9,0,3,3,3,0,2,0,6,7,0,0,1,0,0,75,59,"Geelong","2020",11
23,"Rohan, Gary",14,5,2,16,4,3,0,0,0,4,0,2,2,0,3,9,7,2,4,2,0,1,83,59,"Geelong","2020",11
14,"Selwood, Joel",7,1,8,15,0,0,0,3,1,1,6,1,1,0,0,7,9,0,0,1,0,1,69,59,"Geelong","2020",11
1,"Stanley, Rhys",4,3,11,15,0,2,17,3,1,1,3,1,1,1,0,10,5,1,2,3,0,0,81,59,"Geelong","2020",11
9,"Steven, Jack",10,5,9,19,0,1,0,4,1,2,2,1,2,1,0,5,15,0,1,0,0,1,69,59,"Geelong","2020",11
44,"Stewart, Tom",19,4,3,22,0,0,0,1,6,0,0,1,0,1,0,2,11,0,0,5,0,0,84,59,"Geelong","2020",11
7,"Taylor, Harry",6,3,0,6,0,0,0,2,1,0,0,2,0,0,0,2,4,1,0,3,0,0,90,59,"Geelong","2020",11
2,"Tuohy, Zach",10,5,8,18,1,0,0,1,1,2,0,1,0,0,0,3,15,1,1,1,1,1,82,59,"Geelong","2020",11
0,"Rushed",0,0,0,0,0,1,0,0,0,0,0,0,0,0,0,0,0,0,0,0,0,0,0,59,"Geelong","2020",11
