"Number","Player","Kicks","Marks","Handballs","Disposals","Goals","Behinds","Hitouts","Tackles","Rebounds50s","Inside50s","Clearances","Clangers","FreesFor","FreesAgainst","BrownlowVotes","ContestedPossessions","UncontestedPossessions","ContestedMarks","MarksInside50","OnePercenters","Bounces","GoalAssists","PercentagePlayed","PointDifference","Team","Season","Round"
41,"Ah Chee, Brendon",3,3,6,9,0,0,0,1,0,1,3,3,0,2,0,7,4,2,0,2,0,0,82,15,"West Coast","2020",15
12,"Allen, Oscar",3,2,1,4,1,0,0,1,0,1,0,0,2,0,0,4,0,2,0,1,0,0,83,15,"West Coast","2020",15
37,"Barrass, Tom",11,6,0,11,0,0,0,0,2,2,0,0,1,0,3,3,8,2,0,9,0,1,93,15,"West Coast","2020",15
28,"Cole, Tom",5,4,4,9,1,0,0,3,2,0,0,1,1,0,0,4,6,1,1,2,0,0,82,15,"West Coast","2020",15
27,"Darling, Jack",7,6,3,10,2,1,0,0,1,3,0,1,0,0,0,8,3,4,2,4,0,2,97,15,"West Coast","2020",15
14,"Duggan, Liam",12,8,5,17,0,0,0,1,4,0,0,0,0,0,0,3,14,0,0,3,0,0,83,15,"West Coast","2020",15
3,"Gaff, Andrew",14,8,9,23,0,0,0,2,4,1,2,3,1,1,0,8,16,0,0,3,0,0,100,15,"West Coast","2020",15
25,"Hurn, Shannon",17,12,3,20,0,0,0,1,2,1,0,1,1,0,0,3,13,1,0,0,0,0,83,15,"West Coast","2020",15
34,"Hutchings, Mark",5,4,3,8,0,0,0,1,0,2,2,0,0,0,0,2,5,0,0,0,0,0,74,15,"West Coast","2020",15
23,"Jetta, Lewis",7,1,5,12,0,2,0,2,0,2,2,3,0,1,0,4,8,0,0,0,0,0,88,15,"West Coast","2020",15
11,"Kelly, Tim",8,1,5,13,0,0,0,1,2,2,0,3,0,1,1,5,8,0,0,1,0,2,82,15,"West Coast","2020",15
20,"McGovern, Jeremy",14,7,2,16,0,0,0,0,3,0,0,1,2,0,0,7,11,1,0,3,0,0,83,15,"West Coast","2020",15
9,"Naitanui, Nic",6,1,3,9,0,0,22,0,0,4,4,3,2,2,0,7,2,1,0,2,0,1,59,15,"West Coast","2020",15
30,"Nelson, Jackson",7,6,3,10,0,0,0,0,2,0,0,0,0,0,0,1,9,0,1,0,0,0,89,15,"West Coast","2020",15
24,"ONeill, Xavier",3,2,7,10,0,0,0,3,1,1,0,2,0,0,0,3,7,0,0,1,0,0,69,15,"West Coast","2020",15
8,"Redden, Jack",10,5,11,21,0,0,0,3,2,2,3,3,1,0,0,7,15,0,0,1,0,0,77,15,"West Coast","2020",15
35,"Rotham, Josh",14,9,1,15,0,0,0,0,4,0,0,0,1,0,0,2,12,0,0,4,0,0,80,15,"West Coast","2020",15
1,"Ryan, Liam",12,8,2,14,4,1,0,1,0,3,0,3,1,0,0,4,9,1,5,2,0,0,96,15,"West Coast","2020",15
4,"Sheed, Dom",7,2,4,11,0,0,0,2,1,1,2,4,0,1,0,6,6,0,0,2,0,0,81,15,"West Coast","2020",15
5,"Sheppard, Brad",13,9,7,20,0,0,0,0,3,1,1,0,1,0,0,4,16,0,0,4,0,1,96,15,"West Coast","2020",15
13,"Shuey, Luke",9,1,6,15,0,0,0,3,0,5,5,4,0,1,0,8,7,0,0,1,1,1,65,15,"West Coast","2020",15
32,"Williams, Bailey",4,2,2,6,1,0,11,1,1,0,1,3,1,2,0,4,1,2,0,0,0,0,54,15,"West Coast","2020",15
0,"Rushed",0,0,0,0,0,2,0,0,0,0,0,0,0,0,0,0,0,0,0,0,0,0,0,15,"West Coast","2020",15
37,"Clarke, Dylan",7,3,5,12,0,0,0,0,0,3,1,0,1,0,0,5,7,0,0,1,0,0,77,-15,"Essendon","2020",15
6,"Daniher, Joe",6,6,1,7,0,3,0,1,0,2,0,1,0,1,0,2,5,2,3,2,0,0,81,-15,"Essendon","2020",15
38,"Draper, Sam",4,0,1,5,0,0,17,4,0,3,0,2,1,2,0,2,3,0,0,5,0,0,84,-15,"Essendon","2020",15
8,"Gleeson, Martin",3,1,7,10,0,0,0,1,0,0,0,1,0,1,0,4,6,0,0,2,0,0,79,-15,"Essendon","2020",15
35,"Guelfi, Matt",6,5,6,12,0,0,0,0,1,1,0,0,0,0,0,2,10,0,0,3,0,1,69,-15,"Essendon","2020",15
21,"Heppell, Dyson",3,2,12,15,1,0,0,0,0,0,3,0,0,0,0,5,10,0,0,1,0,0,76,-15,"Essendon","2020",15
26,"Hooker, Cale",2,2,2,4,0,2,0,0,0,0,0,1,0,1,0,2,2,1,1,3,0,0,90,-15,"Essendon","2020",15
18,"Hurley, Michael",10,7,6,16,0,0,0,0,4,0,0,1,0,0,0,3,12,0,0,4,0,0,94,-15,"Essendon","2020",15
4,"Langford, Kyle",14,8,15,29,0,1,0,4,0,1,6,2,0,0,0,10,19,1,0,0,1,0,88,-15,"Essendon","2020",15
43,"McDonald-Tipungwuti, Anthony",7,5,3,10,4,0,0,0,1,0,0,2,0,2,2,4,6,0,3,0,0,0,92,-15,"Essendon","2020",15
1,"McGrath, Andrew",4,0,6,10,0,0,0,1,1,1,3,2,0,1,0,3,6,0,0,0,0,0,36,-15,"Essendon","2020",15
7,"Merrett, Zach",19,5,14,33,0,0,0,3,0,10,3,4,0,2,0,4,27,0,0,1,0,1,86,-15,"Essendon","2020",15
22,"Mosquito, Irving",3,3,7,10,0,1,0,4,0,0,1,0,0,0,0,5,6,1,1,1,0,1,82,-15,"Essendon","2020",15
3,"Parish, Darcy",11,4,12,23,0,0,0,6,0,6,6,2,0,0,0,10,13,0,0,0,0,1,77,-15,"Essendon","2020",15
14,"Ridley, Jordan",18,13,7,25,0,0,0,0,3,2,0,1,1,0,0,3,19,0,0,1,0,1,94,-15,"Essendon","2020",15
42,"Saad, Adam",14,3,7,21,0,0,0,1,6,2,0,1,1,1,0,6,13,0,0,3,1,0,84,-15,"Essendon","2020",15
9,"Shiel, Dylan",15,4,17,32,0,0,0,4,2,4,5,3,3,0,0,10,21,0,0,1,0,0,88,-15,"Essendon","2020",15
5,"Smith, Devon",12,3,8,20,0,0,0,2,4,2,0,3,1,1,0,8,10,0,0,4,0,0,88,-15,"Essendon","2020",15
40,"Snelling, Will",7,3,7,14,0,2,0,5,0,4,2,0,2,0,0,7,8,0,0,1,0,0,90,-15,"Essendon","2020",15
17,"Stewart, James",5,2,1,6,1,0,3,1,0,0,0,3,0,1,0,1,3,0,0,2,0,0,77,-15,"Essendon","2020",15
25,"Stringer, Jake",0,0,4,4,0,0,0,0,0,0,0,2,0,1,0,3,2,0,0,2,0,0,77,-15,"Essendon","2020",15
30,"Zerk-Thatcher, Brandon",3,1,4,7,0,0,0,1,0,0,0,1,1,1,0,3,4,0,0,5,0,0,91,-15,"Essendon","2020",15
0,"Totals",173,80,152,325,6,9,20,38,22,41,30,32,11,15,2,102,212,5,8,42,2,5,0,-15,"Essendon","2020",15
