"Number","Player","Kicks","Marks","Handballs","Disposals","Goals","Behinds","Hitouts","Tackles","Rebounds50s","Inside50s","Clearances","Clangers","FreesFor","FreesAgainst","BrownlowVotes","ContestedPossessions","UncontestedPossessions","ContestedMarks","MarksInside50","OnePercenters","Bounces","GoalAssists","PercentagePlayed","PointDifference","Team","Season","Round"
4,"Bontempelli, Marcus",8,2,6,14,1,0,0,10,1,2,3,1,2,0,0,10,5,0,1,5,0,0,89,-11,"Western Bulldogs","2020",14
17,"Bruce, Josh",3,4,3,6,0,2,0,0,0,1,0,1,0,1,0,2,4,1,2,0,0,0,89,-11,"Western Bulldogs","2020",14
9,"Crozier, Hayden",10,4,4,14,1,0,0,3,2,0,0,2,0,0,0,4,10,1,0,1,0,0,77,-11,"Western Bulldogs","2020",14
35,"Daniel, Caleb",13,3,7,20,0,1,0,2,4,1,1,3,0,1,0,7,9,0,0,4,0,1,89,-11,"Western Bulldogs","2020",14
29,"Dickson, Tory",0,0,4,4,0,0,0,1,0,0,1,0,1,0,0,1,3,0,0,1,0,0,83,-11,"Western Bulldogs","2020",14
5,"Dunkley, Josh",5,1,8,13,1,1,3,6,1,2,3,2,1,2,0,11,4,0,1,1,0,0,85,-11,"Western Bulldogs","2020",14
44,"English, Tim",7,5,4,11,0,0,10,0,1,1,2,3,1,2,0,4,6,1,0,4,0,0,89,-11,"Western Bulldogs","2020",14
43,"Gardner, Ryan",3,1,5,8,0,0,0,3,1,1,0,2,0,1,0,2,6,0,0,10,0,0,100,-11,"Western Bulldogs","2020",14
32,"Hayes, Will",4,1,7,11,0,0,0,5,2,1,0,1,0,0,0,3,8,0,0,2,0,1,88,-11,"Western Bulldogs","2020",14
7,"Hunter, Lachie",16,8,11,27,1,0,0,1,0,2,3,1,0,0,2,7,20,0,1,1,0,1,91,-11,"Western Bulldogs","2020",14
39,"Johannisen, Jason",12,6,9,21,0,1,0,1,4,5,1,3,1,1,0,4,16,0,0,1,0,1,79,-11,"Western Bulldogs","2020",14
42,"Keath, Alex",7,5,3,10,0,0,0,2,4,1,1,1,0,0,0,4,5,0,0,4,1,0,100,-11,"Western Bulldogs","2020",14
21,"Liberatore, Tom",6,3,9,15,1,0,0,2,1,1,3,3,0,3,0,6,8,0,1,0,0,1,80,-11,"Western Bulldogs","2020",14
11,"Macrae, Jack",8,2,18,26,0,0,0,5,0,3,4,3,3,1,0,7,19,0,0,1,0,0,92,-11,"Western Bulldogs","2020",14
16,"McLean, Toby",4,1,11,15,1,0,0,5,0,2,2,3,1,2,0,5,11,0,1,1,0,0,86,-11,"Western Bulldogs","2020",14
33,"Naughton, Aaron",6,6,3,9,2,1,0,0,0,1,0,0,0,0,0,8,2,4,3,2,0,1,88,-11,"Western Bulldogs","2020",14
20,"Richards, Ed",6,2,5,11,1,0,0,2,2,3,0,1,1,1,0,4,6,0,0,4,0,1,81,-11,"Western Bulldogs","2020",14
6,"Smith, Bailey",12,1,9,21,0,0,0,0,1,4,3,1,0,0,0,6,14,0,0,2,0,0,88,-11,"Western Bulldogs","2020",14
23,"Vandermeer, Laitham",0,0,1,1,0,0,0,0,0,0,0,0,0,0,0,0,1,0,0,0,0,0,11,-11,"Western Bulldogs","2020",14
3,"Wallis, Mitch",3,1,3,6,0,0,0,2,0,1,1,0,1,0,0,3,3,0,0,0,0,0,86,-11,"Western Bulldogs","2020",14
34,"Williams, Bailey",11,3,5,16,0,0,0,2,5,1,0,1,1,0,0,4,13,0,0,2,0,0,89,-11,"Western Bulldogs","2020",14
10,"Wood, Easton",2,2,1,3,0,0,0,1,1,0,0,1,0,1,0,1,2,0,0,3,0,0,39,-11,"Western Bulldogs","2020",14
0,"Rushed",0,0,0,0,0,1,0,0,0,0,0,0,0,0,0,0,0,0,0,0,0,0,0,-11,"Western Bulldogs","2020",14
30,"Atkins, Tom",7,0,6,13,0,0,0,5,0,1,3,3,1,2,0,9,6,0,0,1,0,0,74,11,"Geelong","2020",14
24,"Bews, Jed",6,4,7,13,0,0,0,2,0,0,4,1,2,1,0,6,7,0,0,2,0,0,84,11,"Geelong","2020",14
46,"Blicavs, Mark",3,3,8,11,0,0,26,2,1,0,3,2,0,2,0,5,7,0,0,4,0,0,79,11,"Geelong","2020",14
45,"Close, Brad",4,1,4,8,0,1,0,2,0,0,0,0,3,0,0,5,3,0,0,1,0,0,77,11,"Geelong","2020",14
40,"Dahlhaus, Luke",3,2,11,14,1,0,0,2,0,4,0,0,0,0,0,7,8,0,0,1,0,0,78,11,"Geelong","2020",14
35,"Dangerfield, Patrick",18,5,14,32,0,0,0,2,1,5,6,5,2,2,3,19,13,2,1,2,1,1,82,11,"Geelong","2020",14
22,"Duncan, Mitch",10,6,8,18,1,1,0,3,2,0,1,5,0,1,0,4,14,0,1,2,1,0,92,11,"Geelong","2020",14
29,"Guthrie, Cameron",12,3,9,21,0,0,0,5,2,1,4,4,3,1,1,10,11,0,0,1,1,1,68,11,"Geelong","2020",14
26,"Hawkins, Tom",10,6,4,14,2,2,4,0,0,1,3,2,0,0,0,8,7,1,3,2,0,2,100,11,"Geelong","2020",14
25,"Henderson, Lachie",10,8,3,13,0,0,0,2,1,1,0,0,0,0,0,2,10,0,0,2,0,0,98,11,"Geelong","2020",14
38,"Henry, Jack",10,6,5,15,0,0,0,2,4,3,0,2,0,0,0,1,15,0,0,6,0,0,88,11,"Geelong","2020",14
8,"Kolodjashnij, Jake",8,3,2,10,0,0,0,1,1,3,0,1,0,0,0,1,8,0,0,4,0,0,88,11,"Geelong","2020",14
27,"Menegola, Sam",9,4,9,18,0,0,0,2,1,3,1,3,0,0,0,6,12,0,0,2,0,0,88,11,"Geelong","2020",14
32,"Miers, Gryan",9,2,2,11,2,1,0,3,1,2,0,1,1,0,0,3,9,0,1,1,0,0,86,11,"Geelong","2020",14
42,"OConnor, Mark",7,2,3,10,1,0,0,1,0,1,0,1,1,1,0,3,6,0,0,1,0,0,82,11,"Geelong","2020",14
3,"Parfitt, Brandan",8,2,11,19,0,0,0,4,0,5,3,2,0,1,0,6,13,0,0,0,0,0,72,11,"Geelong","2020",14
23,"Rohan, Gary",7,1,3,10,2,1,0,4,1,1,0,0,1,0,0,7,3,0,1,1,2,1,87,11,"Geelong","2020",14
1,"Stanley, Rhys",7,4,9,16,1,0,19,0,1,1,3,3,0,2,0,6,9,1,0,2,0,1,78,11,"Geelong","2020",14
9,"Steven, Jack",8,3,7,15,0,0,0,2,0,4,2,2,2,0,0,5,11,0,0,1,0,0,58,11,"Geelong","2020",14
44,"Stewart, Tom",16,9,6,22,0,0,0,3,3,2,3,1,0,0,0,5,13,1,0,0,0,0,81,11,"Geelong","2020",14
7,"Taylor, Harry",4,1,6,10,0,0,0,0,0,1,0,0,0,0,0,3,7,0,0,3,0,0,81,11,"Geelong","2020",14
2,"Tuohy, Zach",7,2,3,10,0,0,0,2,2,3,0,0,0,0,0,0,8,0,0,1,0,1,79,11,"Geelong","2020",14
0,"Rushed",0,0,0,0,0,6,0,0,0,0,0,0,0,0,0,0,0,0,0,0,0,0,0,11,"Geelong","2020",14
