"Number","Player","Kicks","Marks","Handballs","Disposals","Goals","Behinds","Hitouts","Tackles","Rebounds50s","Inside50s","Clearances","Clangers","FreesFor","FreesAgainst","BrownlowVotes","ContestedPossessions","UncontestedPossessions","ContestedMarks","MarksInside50","OnePercenters","Bounces","GoalAssists","PercentagePlayed","PointDifference","Team","Season","Round"
41,"Ah Chee, Brendon",8,5,1,9,2,1,0,1,1,2,1,1,0,0,0,2,7,0,2,2,0,2,82,12,"West Coast","2020",13
12,"Allen, Oscar",3,2,3,6,0,1,6,2,0,1,1,1,1,0,0,3,3,0,1,1,0,0,68,12,"West Coast","2020",13
37,"Barrass, Tom",5,4,1,6,0,0,0,1,2,0,0,1,0,0,0,1,6,0,0,10,0,0,85,12,"West Coast","2020",13
10,"Brander, Jarrod",14,6,2,16,0,0,0,1,4,5,0,2,0,0,0,1,14,1,0,0,0,2,73,12,"West Coast","2020",13
28,"Cole, Tom",5,2,3,8,0,0,0,3,1,2,0,0,2,0,0,4,5,0,0,1,0,0,81,12,"West Coast","2020",13
15,"Cripps, Jamie",6,1,6,12,0,0,0,3,1,3,2,3,2,0,0,6,7,0,0,2,0,1,89,12,"West Coast","2020",13
27,"Darling, Jack",6,5,1,7,3,0,1,0,0,2,0,1,0,0,0,8,0,5,2,1,0,0,92,12,"West Coast","2020",13
14,"Duggan, Liam",8,6,2,10,0,0,0,0,2,0,0,1,0,0,0,1,9,0,0,5,0,0,85,12,"West Coast","2020",13
3,"Gaff, Andrew",13,6,8,21,1,0,0,2,2,1,2,2,0,1,1,7,14,0,1,2,2,0,100,12,"West Coast","2020",13
25,"Hurn, Shannon",10,4,2,12,0,0,0,2,4,0,0,0,0,0,0,3,5,0,0,5,2,0,83,12,"West Coast","2020",13
11,"Kelly, Tim",10,1,6,16,0,0,0,4,1,4,3,7,0,2,0,8,9,0,0,0,0,1,83,12,"West Coast","2020",13
17,"Kennedy, Josh",4,4,1,5,1,1,0,0,0,2,0,0,0,0,0,1,4,0,2,0,0,0,91,12,"West Coast","2020",13
20,"McGovern, Jeremy",16,10,2,18,0,0,0,0,3,1,0,1,0,0,2,7,11,5,0,5,0,0,85,12,"West Coast","2020",13
9,"Naitanui, Nic",9,2,5,14,1,1,28,2,1,2,7,2,1,0,0,13,3,1,0,3,0,0,78,12,"West Coast","2020",13
30,"Nelson, Jackson",8,6,2,10,0,0,0,3,1,1,0,2,0,0,0,1,10,0,0,4,0,0,79,12,"West Coast","2020",13
24,"ONeill, Xavier",4,1,6,10,1,0,0,4,0,0,1,1,0,1,0,3,7,0,0,1,0,0,61,12,"West Coast","2020",13
46,"Reid, Nic",3,1,4,7,0,0,0,3,1,2,0,2,0,1,0,2,4,0,0,0,1,0,63,12,"West Coast","2020",13
35,"Rotham, Josh",13,11,3,16,0,0,0,1,2,2,0,1,0,0,0,2,14,1,0,4,0,0,82,12,"West Coast","2020",13
1,"Ryan, Liam",3,2,2,5,0,0,0,0,0,1,0,1,0,1,0,1,3,0,0,2,0,0,85,12,"West Coast","2020",13
4,"Sheed, Dom",10,4,10,20,0,0,0,1,0,3,6,2,1,0,0,9,12,0,0,1,0,0,82,12,"West Coast","2020",13
5,"Sheppard, Brad",7,7,10,17,0,0,0,5,4,0,1,1,1,1,0,6,13,0,0,3,0,0,99,12,"West Coast","2020",13
13,"Shuey, Luke",8,1,7,15,0,1,0,3,2,2,5,3,3,1,0,9,7,0,0,4,2,0,74,12,"West Coast","2020",13
0,"Rushed",0,0,0,0,0,2,0,0,0,0,0,0,0,0,0,0,0,0,0,0,0,0,0,12,"West Coast","2020",13
5,"Caldwell, Jye",5,5,5,10,0,0,0,3,0,1,0,1,0,0,0,4,7,0,1,1,0,1,64,-12,"Greater Western Sydney","2020",13
18,"Cameron, Jeremy",7,5,1,8,0,0,0,1,0,3,0,1,0,1,0,3,5,2,0,2,0,0,91,-12,"Greater Western Sydney","2020",13
3,"Coniglio, Stephen",10,2,9,19,1,0,0,1,2,0,5,8,0,4,0,9,11,0,0,0,1,0,85,-12,"Greater Western Sydney","2020",13
35,"Corr, Aidan",6,5,2,8,0,0,0,0,3,0,0,1,1,0,0,0,6,0,0,2,0,0,89,-12,"Greater Western Sydney","2020",13
16,"Daniels, Brent",6,1,7,13,1,0,0,2,0,5,1,0,0,0,0,5,8,0,0,1,2,1,76,-12,"Greater Western Sydney","2020",13
4,"Greene, Toby",12,2,8,20,0,0,0,3,0,5,2,3,1,0,0,5,15,0,0,0,0,2,86,-12,"Greater Western Sydney","2020",13
19,"Haynes, Nick",12,7,5,17,0,0,0,3,2,2,0,1,1,0,0,5,13,1,0,9,0,0,95,-12,"Greater Western Sydney","2020",13
37,"Hill, Bobby",5,2,1,6,0,1,0,3,0,1,0,1,1,1,0,4,3,0,0,0,0,0,61,-12,"Greater Western Sydney","2020",13
27,"Himmelberg, Harry",6,3,7,13,1,1,3,1,1,0,2,1,0,0,0,8,6,1,1,4,0,1,87,-12,"Greater Western Sydney","2020",13
2,"Hopper, Jacob",6,1,15,21,0,1,0,4,1,2,6,2,0,0,0,13,8,0,0,1,0,0,72,-12,"Greater Western Sydney","2020",13
25,"Keeffe, Lachlan",7,6,4,11,0,0,0,0,5,1,0,2,0,0,0,2,10,0,0,9,0,0,90,-12,"Greater Western Sydney","2020",13
22,"Kelly, Josh",12,6,14,26,1,0,0,2,2,2,4,0,1,0,3,8,18,0,1,1,0,0,90,-12,"Greater Western Sydney","2020",13
40,"Kennedy, Adam",8,4,11,19,0,0,0,4,1,1,0,1,1,0,0,3,17,0,0,2,0,1,86,-12,"Greater Western Sydney","2020",13
38,"Lloyd, Daniel",8,6,9,17,1,0,0,1,0,2,1,4,0,1,0,6,11,1,1,2,0,0,91,-12,"Greater Western Sydney","2020",13
41,"Mumford, Shane",1,0,8,9,0,0,24,3,1,1,4,2,0,1,0,5,4,0,0,1,0,0,82,-12,"Greater Western Sydney","2020",13
36,"Perryman, Harry",13,4,11,24,0,0,0,2,1,6,3,3,0,0,0,13,12,2,1,0,0,0,77,-12,"Greater Western Sydney","2020",13
26,"Riccardi, Jake",12,10,4,16,2,1,0,0,0,4,0,4,0,0,0,5,12,1,3,1,0,1,90,-12,"Greater Western Sydney","2020",13
23,"Shaw, Heath",9,4,5,14,0,0,0,2,2,1,0,0,0,0,0,4,10,1,0,3,0,0,84,-12,"Greater Western Sydney","2020",13
14,"Taranto, Tim",8,2,5,13,0,0,0,5,1,2,2,3,1,1,0,5,10,0,0,1,0,0,82,-12,"Greater Western Sydney","2020",13
8,"Ward, Callan",5,4,2,7,0,0,0,0,1,0,0,1,0,1,0,1,7,0,0,0,0,0,52,-12,"Greater Western Sydney","2020",13
6,"Whitfield, Lachie",12,8,13,25,0,0,0,2,2,1,3,1,0,0,0,4,21,0,0,1,0,0,92,-12,"Greater Western Sydney","2020",13
29,"Williams, Zac",12,6,4,16,0,1,0,5,1,1,0,2,1,1,0,5,10,0,0,2,0,0,79,-12,"Greater Western Sydney","2020",13
0,"Rushed",0,0,0,0,0,2,0,0,0,0,0,0,0,0,0,0,0,0,0,0,0,0,0,-12,"Greater Western Sydney","2020",13
