"Number","Player","Kicks","Marks","Handballs","Disposals","Goals","Behinds","Hitouts","Tackles","Rebounds50s","Inside50s","Clearances","Clangers","FreesFor","FreesAgainst","BrownlowVotes","ContestedPossessions","UncontestedPossessions","ContestedMarks","MarksInside50","OnePercenters","Bounces","GoalAssists","PercentagePlayed","PointDifference","Team","Season","Round"
9,"Ainsworth, Ben",10,6,8,18,0,0,0,1,0,2,1,3,0,1,0,8,10,1,0,1,0,3,84,-4,"Gold Coast","2020",10
15,"Anderson, Noah",9,1,7,16,1,1,0,1,1,3,2,2,1,0,0,6,11,0,0,1,0,0,68,-4,"Gold Coast","2020",10
10,"Ballard, Charlie",6,3,1,7,0,0,0,1,3,0,0,2,0,2,0,2,3,1,0,2,0,0,88,-4,"Gold Coast","2020",10
3,"Bowes, Jack",6,1,5,11,0,0,0,2,3,1,0,3,0,1,0,5,6,0,0,5,0,0,89,-4,"Gold Coast","2020",10
35,"Budarick, Connor",5,2,3,8,0,0,0,3,1,0,0,1,0,0,0,4,4,0,0,1,0,0,86,-4,"Gold Coast","2020",10
25,"Collins, Sam",7,3,7,14,0,0,0,3,3,0,0,1,3,0,0,7,6,1,0,6,0,0,100,-4,"Gold Coast","2020",10
12,"Day, Sam",4,4,8,12,0,1,2,2,0,3,1,2,2,2,0,9,3,1,1,2,0,0,87,-4,"Gold Coast","2020",10
4,"Ellis, Brandon",12,3,11,23,0,0,0,7,0,4,2,0,1,0,0,7,16,0,0,1,0,0,85,-4,"Gold Coast","2020",10
21,"Greenwood, Hugh",11,0,11,22,0,1,0,5,0,5,7,3,1,2,0,15,8,0,0,2,0,0,78,-4,"Gold Coast","2020",10
5,"Harbrow, Jarrod",11,4,6,17,0,0,0,0,3,1,0,2,2,0,0,6,11,1,0,0,0,0,87,-4,"Gold Coast","2020",10
39,"Holman, Nick",3,2,10,13,0,0,0,2,0,1,1,1,1,1,0,3,11,0,0,2,0,0,77,-4,"Gold Coast","2020",10
34,"King, Ben",4,2,1,5,3,1,0,0,0,0,0,3,1,2,0,4,1,1,2,1,0,0,97,-4,"Gold Coast","2020",10
23,"Lemmens, Sean",8,0,4,12,1,0,0,1,1,1,1,2,0,0,0,4,6,0,0,0,0,0,59,-4,"Gold Coast","2020",10
13,"Lukosius, Jack",13,4,8,21,0,0,0,2,7,3,2,4,0,1,0,9,7,2,0,1,0,0,84,-4,"Gold Coast","2020",10
11,"Miller, Touk",12,5,6,18,2,1,0,7,3,3,5,3,1,0,1,7,11,1,2,4,0,0,86,-4,"Gold Coast","2020",10
27,"Powell, Wil",9,4,5,14,2,0,0,3,5,0,0,1,0,0,0,4,10,1,1,2,0,0,86,-4,"Gold Coast","2020",10
22,"Rankine, Izak",9,2,4,13,2,0,0,3,0,4,0,3,0,2,0,7,5,1,0,0,2,1,78,-4,"Gold Coast","2020",10
6,"Sexton, Alex",11,2,0,11,0,1,0,3,0,7,1,1,1,0,0,4,6,0,0,0,0,0,75,-4,"Gold Coast","2020",10
37,"Sharp, Jeremy",5,1,4,9,0,0,0,0,1,1,0,0,1,0,0,2,6,0,0,0,0,0,60,-4,"Gold Coast","2020",10
24,"Swallow, David",8,2,14,22,0,0,0,3,2,2,4,5,0,3,0,8,15,0,0,3,0,0,79,-4,"Gold Coast","2020",10
14,"Weller, Lachie",10,1,8,18,0,0,0,1,0,8,3,3,2,0,0,9,9,0,0,0,0,0,81,-4,"Gold Coast","2020",10
28,"Witts, Jarrod",6,0,4,10,0,1,25,1,1,2,5,2,2,1,0,6,3,0,0,4,0,1,86,-4,"Gold Coast","2020",10
0,"Rushed",0,0,0,0,0,1,0,0,0,0,0,0,0,0,0,0,0,0,0,0,0,0,0,-4,"Gold Coast","2020",10
26,"Battle, Josh",11,4,2,13,2,0,1,0,2,3,0,1,0,0,0,4,8,2,2,3,0,0,71,4,"St Kilda","2020",10
15,"Billings, Jack",13,5,13,26,0,1,0,1,1,4,2,4,2,1,0,13,15,1,0,2,0,0,88,4,"St Kilda","2020",10
16,"Butler, Dan",12,1,1,13,4,1,0,4,0,1,1,1,1,0,2,4,8,0,1,1,1,1,92,4,"St Kilda","2020",10
2,"Carlisle, Jake",11,9,6,17,0,0,0,3,2,1,0,1,1,1,0,3,15,0,0,2,0,0,92,4,"St Kilda","2020",10
11,"Clark, Hunter",11,1,8,19,0,0,0,1,4,0,1,2,0,1,0,10,9,0,0,1,0,0,82,4,"St Kilda","2020",10
1,"Coffield, Nick",12,5,2,14,0,0,0,2,6,2,0,0,0,0,0,2,12,0,0,2,0,0,91,4,"St Kilda","2020",10
4,"Gresham, Jade",7,4,9,16,1,0,0,2,0,2,5,5,1,2,0,10,7,0,1,2,2,0,81,4,"St Kilda","2020",10
8,"Hill, Bradley",9,4,8,17,0,0,0,2,2,3,0,0,0,0,0,3,15,0,0,2,0,0,84,4,"St Kilda","2020",10
40,"Hind, Nick",11,3,6,17,0,1,0,2,1,6,3,2,1,1,0,9,8,1,1,1,2,2,80,4,"St Kilda","2020",10
20,"Howard, Dougal",4,1,6,10,0,0,0,1,2,0,0,2,2,1,0,5,5,0,0,8,0,0,91,4,"St Kilda","2020",10
3,"Jones, Zak",8,1,5,13,0,0,0,5,0,2,0,3,1,1,0,4,9,0,0,1,0,0,76,4,"St Kilda","2020",10
25,"Kent, Dean",8,3,3,11,1,0,0,1,0,4,0,1,0,0,0,6,5,0,0,1,0,1,78,4,"St Kilda","2020",10
12,"King, Max",5,3,1,6,1,0,1,4,0,3,0,3,1,2,0,4,3,2,1,2,0,0,83,4,"St Kilda","2020",10
21,"Long, Ben",2,3,3,5,0,0,0,0,2,1,0,5,0,4,0,1,4,1,0,3,0,0,74,4,"St Kilda","2020",10
19,"Marshall, Rowan",11,5,6,17,1,0,11,1,1,4,3,0,1,0,0,12,5,3,1,2,0,0,86,4,"St Kilda","2020",10
28,"Membrey, Tim",6,2,5,11,0,1,0,0,0,3,0,0,2,0,0,4,7,0,0,2,0,0,84,4,"St Kilda","2020",10
33,"Paton, Ben",7,2,4,11,0,0,0,1,4,1,0,2,3,0,0,6,5,0,0,3,0,0,78,4,"St Kilda","2020",10
30,"Phillips, Ed",6,7,7,13,0,0,0,2,3,0,0,0,0,0,0,3,11,0,0,1,0,0,70,4,"St Kilda","2020",10
18,"Ryder, Paddy",3,0,4,7,0,0,15,2,2,2,2,4,1,4,0,7,1,0,0,7,0,2,65,4,"St Kilda","2020",10
35,"Sinclair, Jack",10,3,8,18,0,0,0,3,3,2,2,3,0,0,0,10,7,0,0,0,0,0,72,4,"St Kilda","2020",10
9,"Steele, Jack",13,8,8,21,2,0,0,5,0,1,3,3,0,0,3,6,14,1,1,3,0,0,91,4,"St Kilda","2020",10
44,"Wilkie, Callum",14,6,4,18,0,0,0,0,4,2,0,2,1,1,0,5,9,3,0,4,0,0,91,4,"St Kilda","2020",10
0,"Rushed",0,0,0,0,0,2,0,0,0,0,0,0,0,0,0,0,0,0,0,0,0,0,0,4,"St Kilda","2020",10
