"Number","Player","Kicks","Marks","Handballs","Disposals","Goals","Behinds","Hitouts","Tackles","Rebounds50s","Inside50s","Clearances","Clangers","FreesFor","FreesAgainst","BrownlowVotes","ContestedPossessions","UncontestedPossessions","ContestedMarks","MarksInside50","OnePercenters","Bounces","GoalAssists","PercentagePlayed","PointDifference","Team","Season","Round"
4,"Ablett, Gary",6,2,8,14,1,0,0,2,0,3,1,3,0,0,0,5,9,0,0,2,0,1,80,37,"Geelong","2020",5
24,"Bews, Jed",5,1,1,6,0,0,0,1,1,1,0,2,0,2,0,0,7,0,1,2,0,0,83,37,"Geelong","2020",5
46,"Blicavs, Mark",6,5,7,13,0,0,0,3,0,1,0,2,0,0,0,7,5,1,0,7,0,1,94,37,"Geelong","2020",5
40,"Dahlhaus, Luke",6,5,12,18,1,0,0,3,0,0,0,2,0,0,0,2,16,0,1,1,0,0,76,37,"Geelong","2020",5
35,"Dangerfield, Patrick",12,1,8,20,1,0,0,2,1,3,4,2,2,1,1,11,8,1,1,1,0,0,83,37,"Geelong","2020",5
22,"Duncan, Mitch",15,5,10,25,0,1,0,4,2,4,3,3,2,0,0,9,16,0,1,1,0,0,87,37,"Geelong","2020",5
28,"Fort, Darcy",7,2,5,12,0,0,25,3,0,3,3,4,0,3,0,5,4,1,0,4,0,1,76,37,"Geelong","2020",5
29,"Guthrie, Cameron",5,2,7,12,0,0,0,6,0,3,1,0,2,0,0,3,10,0,0,0,0,0,69,37,"Geelong","2020",5
26,"Hawkins, Tom",12,8,5,17,3,2,3,1,0,3,1,1,0,1,3,5,12,1,4,0,0,4,99,37,"Geelong","2020",5
38,"Henry, Jack",6,3,2,8,0,0,0,0,1,2,0,3,0,1,0,3,7,0,0,6,2,0,89,37,"Geelong","2020",5
8,"Kolodjashnij, Jake",7,5,5,12,0,0,0,0,1,0,1,2,0,2,0,2,10,0,0,0,0,0,96,37,"Geelong","2020",5
27,"Menegola, Sam",13,6,10,23,1,1,0,2,3,3,1,4,0,1,0,8,15,1,2,0,0,1,83,37,"Geelong","2020",5
32,"Miers, Gryan",5,3,7,12,1,0,0,3,0,1,2,0,0,0,0,4,8,0,1,1,0,0,88,37,"Geelong","2020",5
19,"Narkle, Quinton",6,2,5,11,0,1,0,2,2,3,4,3,1,1,0,6,6,0,0,2,0,0,70,37,"Geelong","2020",5
42,"OConnor, Mark",8,3,4,12,0,0,0,1,2,0,0,2,0,0,0,2,10,0,0,2,0,0,91,37,"Geelong","2020",5
3,"Parfitt, Brandan",6,2,5,11,2,0,0,11,0,3,1,5,1,4,0,6,8,0,1,0,0,0,74,37,"Geelong","2020",5
17,"Ratugolea, Esava",7,5,4,11,1,0,4,1,0,3,1,4,1,0,0,9,3,4,1,2,0,0,74,37,"Geelong","2020",5
23,"Rohan, Gary",10,7,3,13,1,3,0,5,0,4,0,3,0,1,0,3,11,1,1,0,0,0,75,37,"Geelong","2020",5
14,"Selwood, Joel",9,2,13,22,0,0,0,8,0,2,5,9,1,5,0,14,10,0,0,5,0,0,82,37,"Geelong","2020",5
9,"Steven, Jack",9,3,8,17,1,0,0,3,0,1,3,0,1,0,0,6,10,0,0,2,0,0,63,37,"Geelong","2020",5
7,"Taylor, Harry",7,4,5,12,0,0,0,1,1,2,0,1,0,0,0,4,9,0,0,5,0,0,87,37,"Geelong","2020",5
2,"Tuohy, Zach",17,5,3,20,0,2,0,0,4,5,2,3,0,0,0,6,12,0,0,1,0,0,81,37,"Geelong","2020",5
0,"Rushed",0,0,0,0,0,1,0,0,0,0,0,0,0,0,0,0,0,0,0,0,0,0,0,37,"Geelong","2020",5
9,"Ainsworth, Ben",7,2,2,9,0,0,0,5,1,0,0,0,4,0,0,5,5,0,0,0,0,0,87,-37,"Gold Coast","2020",5
15,"Anderson, Noah",10,4,8,18,0,0,0,2,1,2,1,6,1,1,0,7,11,0,0,2,0,0,84,-37,"Gold Coast","2020",5
10,"Ballard, Charlie",5,5,4,9,0,0,0,1,3,0,1,3,0,1,0,4,6,2,0,3,0,0,97,-37,"Gold Coast","2020",5
3,"Bowes, Jack",10,2,7,17,0,0,0,2,3,2,1,3,0,1,0,3,11,0,0,1,0,1,81,-37,"Gold Coast","2020",5
35,"Budarick, Connor",3,0,2,5,0,0,0,2,0,0,0,3,0,0,0,3,3,0,0,2,0,0,85,-37,"Gold Coast","2020",5
25,"Collins, Sam",7,5,1,8,0,0,0,2,5,0,0,0,0,0,0,3,6,2,0,6,0,0,100,-37,"Gold Coast","2020",5
12,"Day, Sam",4,3,6,10,2,0,4,1,0,0,1,2,1,1,0,5,5,2,2,2,0,0,77,-37,"Gold Coast","2020",5
4,"Ellis, Brandon",9,6,7,16,0,0,0,3,2,1,0,3,0,0,0,7,9,0,0,0,0,0,85,-37,"Gold Coast","2020",5
21,"Greenwood, Hugh",14,2,7,21,0,0,0,11,4,0,6,3,3,0,2,15,7,0,0,1,0,0,86,-37,"Gold Coast","2020",5
1,"Hanley, Pearce",7,2,3,10,0,0,0,1,3,0,0,4,0,0,0,1,5,0,0,0,1,0,79,-37,"Gold Coast","2020",5
5,"Harbrow, Jarrod",12,5,1,13,0,0,0,1,0,2,0,8,0,2,0,0,12,0,0,0,0,0,81,-37,"Gold Coast","2020",5
39,"Holman, Nick",7,3,6,13,0,0,0,8,1,4,3,1,3,1,0,8,5,0,0,1,0,2,87,-37,"Gold Coast","2020",5
34,"King, Ben",5,3,0,5,3,1,0,1,0,2,0,0,0,0,0,4,2,1,1,2,0,0,97,-37,"Gold Coast","2020",5
13,"Lukosius, Jack",8,1,2,10,0,0,0,4,4,0,0,1,0,0,0,3,4,0,0,3,0,0,77,-37,"Gold Coast","2020",5
44,"Macpherson, Darcy",8,3,3,11,0,0,0,1,0,1,0,0,2,0,0,4,8,0,0,0,0,0,82,-37,"Gold Coast","2020",5
11,"Miller, Touk",9,2,8,17,0,0,0,6,2,2,3,4,1,0,0,9,9,0,0,0,0,1,88,-37,"Gold Coast","2020",5
27,"Powell, Wil",4,3,3,7,0,0,0,2,0,2,1,3,0,0,0,1,6,0,0,0,0,0,65,-37,"Gold Coast","2020",5
18,"Rowell, Matt",1,0,1,2,0,0,0,0,0,0,1,2,1,2,0,3,0,0,0,0,0,0,11,-37,"Gold Coast","2020",5
6,"Sexton, Alex",6,3,1,7,1,1,0,4,1,2,0,1,1,0,0,3,5,0,0,2,1,0,95,-37,"Gold Coast","2020",5
24,"Swallow, David",12,7,10,22,0,0,0,5,2,3,4,5,3,2,0,12,12,1,0,0,0,0,82,-37,"Gold Coast","2020",5
14,"Weller, Lachie",8,2,3,11,2,1,0,5,2,4,2,0,1,0,0,2,9,0,1,1,0,0,84,-37,"Gold Coast","2020",5
28,"Witts, Jarrod",5,2,4,9,0,0,29,1,1,1,4,1,1,0,0,8,1,1,0,0,0,0,90,-37,"Gold Coast","2020",5
0,"Rushed",0,0,0,0,0,1,0,0,0,0,0,0,0,0,0,0,0,0,0,0,0,0,0,-37,"Gold Coast","2020",5
