"Number","Player","Kicks","Marks","Handballs","Disposals","Goals","Behinds","Hitouts","Tackles","Rebounds50s","Inside50s","Clearances","Clangers","FreesFor","FreesAgainst","BrownlowVotes","ContestedPossessions","UncontestedPossessions","ContestedMarks","MarksInside50","OnePercenters","Bounces","GoalAssists","PercentagePlayed","PointDifference","Team","Season","Round"
4,"Ah Chee, Callum",10,5,5,15,1,0,0,2,1,2,1,2,0,0,0,2,12,0,0,3,0,0,80,12,"Brisbane Lions","2020",2
31,"Andrews, Harris",8,2,7,15,0,0,0,0,2,2,0,3,0,2,0,9,6,0,0,13,0,1,100,12,"Brisbane Lions","2020",2
33,"Bailey, Zac",7,3,5,12,0,0,0,4,3,2,1,0,0,0,0,4,7,0,0,2,0,0,71,12,"Brisbane Lions","2020",2
7,"Berry, Jarrod",7,2,7,14,0,1,0,5,1,1,2,0,0,0,0,3,13,0,0,6,0,0,87,12,"Brisbane Lions","2020",2
13,"Berry, Tom",5,3,4,9,0,1,0,1,1,1,0,0,1,0,0,5,4,2,1,1,0,0,66,12,"Brisbane Lions","2020",2
14,"Birchall, Grant",4,2,10,14,0,0,0,1,0,3,0,2,0,2,0,1,14,0,0,0,0,0,75,12,"Brisbane Lions","2020",2
23,"Cameron, Charlie",12,4,2,14,4,2,0,3,0,1,0,1,2,0,0,8,6,2,2,1,0,0,87,12,"Brisbane Lions","2020",2
27,"Gardiner, Darcy",12,4,3,15,0,0,0,1,4,2,0,1,0,1,0,6,8,0,0,7,0,1,96,12,"Brisbane Lions","2020",2
30,"Hipwood, Eric",4,3,5,9,1,0,0,1,0,0,0,2,0,1,0,6,4,1,1,5,2,1,84,12,"Brisbane Lions","2020",2
35,"Lester, Ryan",4,1,6,10,0,0,0,3,0,0,0,1,0,1,0,8,3,1,0,2,0,0,80,12,"Brisbane Lions","2020",2
17,"Lyons, Jarryd",11,1,6,17,0,0,0,8,0,3,2,2,2,2,0,8,9,0,0,0,0,0,83,12,"Brisbane Lions","2020",2
12,"Martin, Stefan",3,2,3,6,0,0,18,1,0,1,2,1,0,0,0,4,2,0,0,0,0,0,56,12,"Brisbane Lions","2020",2
11,"McCarthy, Lincoln",4,3,5,9,0,0,0,3,0,3,1,2,0,1,0,4,5,1,0,1,0,0,85,12,"Brisbane Lions","2020",2
6,"McCluggage, Hugh",8,2,7,15,0,1,0,1,2,2,2,1,0,0,0,6,9,0,0,0,0,1,88,12,"Brisbane Lions","2020",2
46,"McInerney, Oscar",10,3,3,13,1,0,19,5,1,4,3,5,1,2,0,8,4,3,2,5,0,0,76,12,"Brisbane Lions","2020",2
25,"McStay, Daniel",2,2,3,5,1,0,0,0,0,1,1,2,0,2,0,3,2,1,0,0,0,2,87,12,"Brisbane Lions","2020",2
9,"Neale, Lachie",11,7,18,29,2,0,0,2,1,1,8,1,2,1,3,17,14,0,1,2,0,0,92,12,"Brisbane Lions","2020",2
16,"Rayner, Cam",6,5,4,10,0,1,0,3,0,3,2,3,1,1,0,3,7,0,1,0,0,1,81,12,"Brisbane Lions","2020",2
10,"Rich, Daniel",15,4,6,21,0,0,0,0,5,4,0,3,0,0,0,3,13,0,0,2,0,0,81,12,"Brisbane Lions","2020",2
5,"Robinson, Mitch",18,5,5,23,0,0,0,0,3,6,1,5,2,2,0,10,14,0,0,3,0,1,75,12,"Brisbane Lions","2020",2
37,"Starcevich, Brandon",12,8,5,17,0,0,0,3,7,0,1,4,0,1,0,7,10,0,0,1,0,0,87,12,"Brisbane Lions","2020",2
15,"Zorko, Dayne",9,1,8,17,2,1,0,3,1,1,2,1,1,0,0,6,12,0,1,0,0,0,82,12,"Brisbane Lions","2020",2
0,"Rushed",0,0,0,0,0,2,0,0,0,0,0,0,0,0,0,0,0,0,0,0,0,0,0,12,"Brisbane Lions","2020",2
11,"Aish, James",15,7,11,26,0,1,0,1,3,3,0,5,0,2,0,6,19,1,1,0,0,1,83,-12,"Fremantle","2020",2
41,"Banfield, Bailey",5,0,4,9,1,0,0,3,0,1,1,0,2,0,0,5,2,0,0,0,0,0,76,-12,"Fremantle","2020",2
34,"Bewley, Brett",8,4,8,16,0,0,0,0,1,1,1,1,0,0,0,2,13,0,0,0,0,0,87,-12,"Fremantle","2020",2
8,"Brayshaw, Andrew",8,4,11,19,0,0,0,3,4,3,6,3,2,0,0,12,8,0,0,2,0,1,74,-12,"Fremantle","2020",2
5,"Cerra, Adam",8,3,5,13,0,0,0,2,0,5,2,0,0,0,0,5,8,0,0,1,0,1,75,-12,"Fremantle","2020",2
33,"Colyer, Travis",6,0,5,11,0,0,0,3,0,4,0,1,0,0,0,2,9,0,0,0,3,0,80,-12,"Fremantle","2020",2
6,"Conca, Reece",13,2,4,17,0,0,0,2,4,0,0,1,1,0,0,5,10,1,0,1,0,0,86,-12,"Fremantle","2020",2
36,"Cox, Brennan",6,5,2,8,0,0,0,0,1,0,0,1,1,0,0,5,5,1,0,9,0,0,92,-12,"Fremantle","2020",2
4,"Darcy, Sean",1,0,3,4,0,0,14,2,2,0,3,2,1,2,0,4,0,0,0,0,0,0,49,-12,"Fremantle","2020",2
44,"Duman, Taylin",5,2,4,9,0,0,0,3,0,3,1,1,0,0,0,5,4,1,0,0,0,0,75,-12,"Fremantle","2020",2
7,"Fyfe, Nat",12,4,12,24,3,1,0,3,0,3,5,4,1,2,2,13,11,3,2,3,0,1,92,-12,"Fremantle","2020",2
15,"Hughes, Ethan",5,1,2,7,0,0,0,0,2,2,0,1,2,1,0,4,2,1,0,3,0,0,81,-12,"Fremantle","2020",2
37,"Lobb, Rory",9,2,2,11,0,0,7,1,0,3,0,3,1,0,0,5,6,2,0,1,0,1,95,-12,"Fremantle","2020",2
2,"Logue, Griffin",1,3,8,9,0,0,0,0,1,1,0,2,0,1,0,5,4,2,0,2,1,0,98,-12,"Fremantle","2020",2
3,"Matera, Brandon",4,3,2,6,1,0,0,1,0,2,0,0,1,0,0,1,5,0,1,1,0,0,76,-12,"Fremantle","2020",2
16,"Mundy, David",6,2,7,13,0,0,0,3,1,3,5,2,1,1,0,9,5,0,0,2,0,0,71,-12,"Fremantle","2020",2
13,"Ryan, Luke",19,8,2,21,0,0,0,1,8,2,0,1,0,0,0,2,10,0,0,4,1,0,90,-12,"Fremantle","2020",2
28,"Schultz, Lachie",4,0,3,7,1,1,0,2,0,0,1,2,1,0,0,3,4,0,0,0,0,0,78,-12,"Fremantle","2020",2
20,"Taberner, Matthew",7,7,2,9,2,3,0,0,0,1,0,3,0,1,0,5,6,4,4,1,0,0,98,-12,"Fremantle","2020",2
18,"Tucker, Darcy",13,1,4,17,0,0,0,3,2,3,6,2,1,1,0,11,8,0,0,1,0,0,72,-12,"Fremantle","2020",2
10,"Walters, Michael",10,1,18,28,2,0,0,5,0,3,3,2,4,0,1,12,16,0,0,0,0,0,93,-12,"Fremantle","2020",2
26,"Young, Hayden",5,1,6,11,0,0,0,3,1,1,0,1,0,1,0,3,8,1,0,0,0,0,78,-12,"Fremantle","2020",2
0,"Rushed",0,0,0,0,0,3,0,0,0,0,0,0,0,0,0,0,0,0,0,0,0,0,0,-12,"Fremantle","2020",2
