"Number","Player","Kicks","Marks","Handballs","Disposals","Goals","Behinds","Hitouts","Tackles","Rebounds50s","Inside50s","Clearances","Clangers","FreesFor","FreesAgainst","BrownlowVotes","ContestedPossessions","UncontestedPossessions","ContestedMarks","MarksInside50","OnePercenters","Bounces","GoalAssists","PercentagePlayed","PointDifference","Team","Season","Round"
15,"Billings, Jack",17,4,7,24,3,0,0,5,1,5,3,3,3,2,2,8,16,0,2,0,0,0,84,39,"St Kilda","2020",2
16,"Butler, Dan",9,3,5,14,2,1,0,6,0,6,0,2,2,1,0,5,10,0,1,0,0,2,89,39,"St Kilda","2020",2
2,"Carlisle, Jake",6,3,1,7,0,0,0,1,3,1,0,2,1,1,0,2,6,0,0,7,0,1,87,39,"St Kilda","2020",2
11,"Clark, Hunter",16,7,3,19,0,0,0,4,7,0,1,4,1,1,0,4,14,0,0,1,0,0,80,39,"St Kilda","2020",2
1,"Coffield, Nick",6,3,6,12,0,0,0,1,1,1,1,1,1,0,0,3,8,0,0,1,0,0,87,39,"St Kilda","2020",2
14,"Geary, Jarryn",1,0,2,3,0,0,0,1,0,0,0,1,0,1,0,3,0,0,0,3,0,0,63,39,"St Kilda","2020",2
4,"Gresham, Jade",13,2,12,25,0,1,0,5,1,3,5,2,2,0,0,14,12,0,0,0,1,1,81,39,"St Kilda","2020",2
10,"Hannebery, Dan",13,2,7,20,1,0,0,4,0,3,3,3,1,1,0,8,12,0,0,0,0,0,76,39,"St Kilda","2020",2
8,"Hill, Bradley",10,3,9,19,0,0,0,1,1,2,2,5,1,1,0,3,16,0,1,0,1,1,78,39,"St Kilda","2020",2
40,"Hind, Nick",5,1,10,15,1,0,0,2,1,3,1,2,0,1,0,10,5,0,0,2,0,1,73,39,"St Kilda","2020",2
20,"Howard, Dougal",6,4,0,6,0,0,0,1,1,0,0,2,0,1,0,1,5,0,0,4,0,0,89,39,"St Kilda","2020",2
3,"Jones, Zak",14,6,15,29,1,0,0,3,1,2,6,2,0,0,3,13,17,0,0,1,1,1,83,39,"St Kilda","2020",2
12,"King, Max",6,4,4,10,2,0,0,0,0,1,0,0,0,0,0,6,4,3,1,3,0,1,79,39,"St Kilda","2020",2
21,"Long, Ben",5,4,4,9,0,0,0,2,1,0,0,3,0,2,0,3,8,0,0,3,0,0,94,39,"St Kilda","2020",2
13,"Lonie, Jack",12,8,3,15,1,1,0,3,0,3,0,3,0,1,0,4,10,0,3,1,0,0,85,39,"St Kilda","2020",2
19,"Marshall, Rowan",8,6,3,11,1,0,21,1,2,1,2,2,1,1,0,5,8,0,1,0,0,0,79,39,"St Kilda","2020",2
28,"Membrey, Tim",10,7,3,13,1,0,0,1,0,5,0,2,1,0,0,5,8,2,1,0,0,0,86,39,"St Kilda","2020",2
33,"Paton, Ben",6,4,10,16,0,0,0,2,3,0,0,2,2,1,0,4,13,0,0,2,0,0,68,39,"St Kilda","2020",2
6,"Ross, Sebastian",14,7,10,24,0,0,0,6,3,1,5,1,0,0,0,7,16,0,0,2,0,0,80,39,"St Kilda","2020",2
18,"Ryder, Paddy",4,1,1,5,0,0,28,2,0,0,1,0,0,0,0,1,3,0,0,0,0,0,82,39,"St Kilda","2020",2
9,"Steele, Jack",11,8,11,22,1,0,0,4,0,3,2,1,1,0,0,10,12,1,1,1,0,3,86,39,"St Kilda","2020",2
44,"Wilkie, Callum",12,5,6,18,0,0,0,2,6,0,0,1,4,0,0,8,6,2,0,2,0,0,91,39,"St Kilda","2020",2
0,"Rushed",0,0,0,0,0,1,0,0,0,0,0,0,0,0,0,0,0,0,0,0,0,0,0,39,"St Kilda","2020",2
4,"Bontempelli, Marcus",11,2,13,24,0,0,0,1,0,7,6,5,0,2,0,12,15,1,0,4,0,0,91,-39,"Western Bulldogs","2020",2
17,"Bruce, Josh",3,1,8,11,0,1,1,3,0,2,2,4,1,3,0,5,6,0,0,0,0,0,87,-39,"Western Bulldogs","2020",2
9,"Crozier, Hayden",13,4,4,17,0,0,0,0,5,0,0,5,2,3,0,1,17,0,0,2,2,0,83,-39,"Western Bulldogs","2020",2
31,"Dale, Bailey",4,2,5,9,0,2,0,1,0,1,0,2,0,1,0,4,4,0,1,2,0,0,81,-39,"Western Bulldogs","2020",2
35,"Daniel, Caleb",4,4,11,15,0,0,0,4,3,0,1,1,0,0,0,8,8,0,0,2,0,0,85,-39,"Western Bulldogs","2020",2
5,"Dunkley, Josh",8,3,20,28,1,0,0,8,2,1,3,2,0,1,1,10,18,0,0,1,0,0,84,-39,"Western Bulldogs","2020",2
44,"English, Tim",7,4,5,12,0,0,10,2,2,3,3,6,0,2,0,8,4,3,0,4,0,0,85,-39,"Western Bulldogs","2020",2
43,"Gardner, Ryan",4,1,2,6,0,0,0,1,0,1,0,2,0,1,0,2,4,0,0,7,0,0,100,-39,"Western Bulldogs","2020",2
26,"Gowers, Billy",3,1,3,6,0,0,0,1,0,1,2,2,1,1,0,4,2,0,0,1,0,0,69,-39,"Western Bulldogs","2020",2
39,"Johannisen, Jason",7,1,7,14,0,0,0,3,2,1,0,1,0,0,0,2,10,0,1,1,0,0,86,-39,"Western Bulldogs","2020",2
46,"Jong, Lin",7,3,10,17,0,0,1,4,0,4,1,4,2,2,0,6,9,1,1,1,0,1,73,-39,"Western Bulldogs","2020",2
42,"Keath, Alex",4,2,5,9,0,0,0,0,3,0,0,1,0,1,0,3,5,0,0,4,0,0,93,-39,"Western Bulldogs","2020",2
27,"Lipinski, Patrick",7,4,15,22,0,0,0,1,0,2,1,3,0,1,0,6,16,1,0,1,0,1,69,-39,"Western Bulldogs","2020",2
22,"Lloyd, Sam",5,2,2,7,0,1,0,3,0,2,0,4,1,0,0,2,5,0,1,1,0,0,78,-39,"Western Bulldogs","2020",2
11,"Macrae, Jack",8,1,10,18,1,0,0,3,1,0,2,1,0,0,0,4,15,0,0,1,0,0,86,-39,"Western Bulldogs","2020",2
33,"Naughton, Aaron",7,3,3,10,1,1,0,1,1,1,0,3,2,2,0,4,4,0,2,3,0,1,83,-39,"Western Bulldogs","2020",2
20,"Richards, Ed",6,2,8,14,1,0,0,4,0,1,1,3,2,0,0,6,9,0,0,2,1,0,72,-39,"Western Bulldogs","2020",2
6,"Smith, Bailey",9,2,20,29,0,0,0,5,3,3,6,2,0,0,0,15,14,0,0,1,0,0,79,-39,"Western Bulldogs","2020",2
1,"Suckling, Matt",9,4,6,15,0,0,0,0,0,1,0,1,1,0,0,2,13,0,0,0,0,0,79,-39,"Western Bulldogs","2020",2
23,"Vandermeer, Laitham",6,3,4,10,1,1,0,2,1,1,0,3,0,1,0,2,9,1,2,1,0,0,72,-39,"Western Bulldogs","2020",2
3,"Wallis, Mitch",4,2,8,12,1,0,0,1,0,2,1,2,2,0,0,5,7,1,1,1,0,1,81,-39,"Western Bulldogs","2020",2
34,"Williams, Bailey",6,4,8,14,1,0,0,1,2,5,0,1,1,0,0,4,11,1,0,4,0,0,82,-39,"Western Bulldogs","2020",2
0,"Rushed",0,0,0,0,0,1,0,0,0,0,0,0,0,0,0,0,0,0,0,0,0,0,0,-39,"Western Bulldogs","2020",2
