"Number","Player","Kicks","Marks","Handballs","Disposals","Goals","Behinds","Hitouts","Tackles","Rebounds50s","Inside50s","Clearances","Clangers","FreesFor","FreesAgainst","BrownlowVotes","ContestedPossessions","UncontestedPossessions","ContestedMarks","MarksInside50","OnePercenters","Bounces","GoalAssists","PercentagePlayed","PointDifference","Team","Season","Round"
19,"Betts, Eddie",11,6,2,13,2,2,0,3,0,2,0,5,1,2,0,5,7,0,1,0,0,1,87,-24,"Carlton","2020",14
41,"Casboult, Levi",4,4,4,8,0,0,0,2,0,0,0,4,0,2,0,3,5,1,0,1,0,0,90,-24,"Carlton","2020",14
9,"Cripps, Patrick",4,5,12,16,0,1,0,7,0,1,3,1,0,0,0,7,11,1,1,2,0,0,85,-24,"Carlton","2020",14
35,"Curnow, Ed",19,4,3,22,1,1,0,9,2,4,2,3,1,0,0,9,12,0,1,0,0,0,87,-24,"Carlton","2020",14
12,"De Koning, Tom",3,2,3,6,0,0,7,0,0,3,1,1,0,1,0,3,3,1,0,0,0,0,68,-24,"Carlton","2020",14
15,"Docherty, Sam",13,4,6,19,0,0,0,4,5,3,1,1,3,0,0,9,8,0,0,2,0,0,78,-24,"Carlton","2020",14
2,"Dow, Paddy",4,3,8,12,0,0,0,1,0,1,3,1,0,1,0,5,7,0,0,0,0,0,67,-24,"Carlton","2020",14
25,"Fisher, Zac",9,2,7,16,1,0,0,3,0,4,1,0,0,0,0,5,11,0,0,0,0,0,77,-24,"Carlton","2020",14
40,"Gibbons, Michael",9,3,5,14,0,1,0,6,2,1,0,3,0,1,0,3,11,0,0,0,0,0,75,-24,"Carlton","2020",14
14,"Jones, Liam",5,4,6,11,0,0,0,4,1,1,0,2,1,1,0,9,3,2,0,8,0,0,96,-24,"Carlton","2020",14
21,"Martin, Jack",7,3,3,10,0,0,0,2,2,2,3,1,1,1,0,5,5,0,1,0,0,1,79,-24,"Carlton","2020",14
10,"McKay, Harry",3,2,3,6,1,0,0,1,0,1,0,7,0,1,0,2,4,0,1,0,0,0,84,-24,"Carlton","2020",14
3,"Murphy, Marc",9,3,9,18,0,0,0,2,0,2,3,1,1,1,0,6,11,0,1,0,0,1,80,-24,"Carlton","2020",14
32,"Newnes, Jack",10,7,6,16,1,0,0,3,0,8,1,1,0,0,0,3,13,0,1,0,0,1,74,-24,"Carlton","2020",14
27,"Pittonet, Marc",2,0,3,5,0,1,16,4,0,0,1,2,1,1,0,4,1,0,0,3,0,0,82,-24,"Carlton","2020",14
20,"Plowman, Lachie",6,6,3,9,0,0,0,1,1,0,0,2,0,1,0,1,8,0,0,3,0,0,100,-24,"Carlton","2020",14
29,"Polson, Cameron",5,2,3,8,0,0,0,0,2,1,0,2,1,0,0,3,4,0,0,2,0,0,80,-24,"Carlton","2020",14
43,"Setterfield, Will",12,3,9,21,0,0,0,6,0,5,2,2,2,0,0,11,10,0,0,0,0,0,74,-24,"Carlton","2020",14
6,"Simpson, Kade",13,4,5,18,0,0,0,3,6,1,0,4,0,0,0,4,11,0,0,4,0,0,82,-24,"Carlton","2020",14
18,"Walsh, Sam",9,4,13,22,1,0,0,4,2,2,1,2,1,0,0,8,14,0,0,1,0,0,91,-24,"Carlton","2020",14
23,"Weitering, Jacob",6,3,6,12,0,0,0,0,4,1,0,1,0,1,0,5,6,0,0,11,0,0,93,-24,"Carlton","2020",14
31,"Williamson, Tom",9,3,2,11,0,0,0,0,2,0,0,2,0,0,0,3,7,0,0,0,1,0,71,-24,"Carlton","2020",14
0,"Totals",172,77,121,293,7,6,23,65,29,43,22,48,13,14,0,113,172,5,7,37,1,4,0,-24,"Carlton","2020",14
13,"Adams, Taylor",12,0,11,23,0,0,0,5,0,1,7,2,1,1,3,17,7,0,0,0,0,0,67,24,"Collingwood","2020",14
17,"Brown, Callum",2,0,9,11,0,0,0,2,0,0,0,2,0,1,0,6,5,0,0,0,0,1,66,24,"Collingwood","2020",14
6,"Brown, Tyler",6,0,8,14,0,0,0,2,3,2,4,3,0,1,0,8,6,0,0,0,0,1,68,24,"Collingwood","2020",14
14,"Cameron, Darcy",0,0,1,1,0,0,5,2,0,0,0,0,0,0,0,0,1,0,0,3,0,0,53,24,"Collingwood","2020",14
46,"Cox, Mason",3,3,5,8,2,1,0,0,0,0,0,1,1,1,0,5,3,2,2,3,0,0,76,24,"Collingwood","2020",14
25,"Crisp, Jack",16,12,9,25,0,0,0,4,2,3,0,2,1,1,0,3,24,0,0,3,0,0,90,24,"Collingwood","2020",14
26,"Daicos, Josh",12,5,9,21,1,0,0,0,3,4,2,1,0,0,0,7,13,0,0,1,1,0,89,24,"Collingwood","2020",14
5,"Elliott, Jamie",16,5,3,19,0,1,0,8,0,6,4,3,1,0,0,9,11,1,0,1,2,0,70,24,"Collingwood","2020",14
4,"Grundy, Brodie",7,4,5,12,0,0,34,3,1,1,4,1,1,0,0,10,2,2,0,3,0,0,88,24,"Collingwood","2020",14
32,"Hoskin-Elliott, Will",8,6,3,11,0,0,0,2,0,1,0,4,0,2,0,3,9,1,0,2,0,1,91,24,"Collingwood","2020",14
44,"Madgen, Jack",5,2,4,9,0,0,0,1,1,2,0,3,0,1,0,1,8,0,0,4,0,0,77,24,"Collingwood","2020",14
37,"Maynard, Brayden",11,4,7,18,0,0,0,2,7,0,1,2,1,0,0,9,6,1,0,0,0,0,86,24,"Collingwood","2020",14
16,"Mayne, Chris",3,3,9,12,0,0,0,4,0,0,1,1,0,0,0,4,8,0,0,1,0,0,74,24,"Collingwood","2020",14
41,"Mihocek, Brody",6,2,3,9,2,0,0,2,0,2,0,1,1,1,0,5,4,0,0,0,0,0,91,24,"Collingwood","2020",14
30,"Moore, Darcy",15,7,3,18,0,0,0,0,5,3,0,1,2,1,2,3,13,1,0,9,1,0,93,24,"Collingwood","2020",14
9,"Noble, John",11,4,9,20,0,0,0,3,3,2,0,2,3,0,0,3,17,0,0,0,0,0,87,24,"Collingwood","2020",14
10,"Pendlebury, Scott",13,3,6,19,0,0,0,5,1,4,6,3,0,1,1,6,13,0,0,1,0,0,89,24,"Collingwood","2020",14
21,"Phillips, Tom",9,4,10,19,1,1,0,3,1,3,1,2,0,0,0,5,14,0,0,0,0,0,94,24,"Collingwood","2020",14
3,"Quaynor, Isaac",11,5,9,20,0,0,0,5,7,3,1,3,1,1,0,7,12,0,0,4,0,1,83,24,"Collingwood","2020",14
23,"Roughead, Jordan",7,5,2,9,0,0,0,3,1,1,0,1,0,0,0,3,6,1,0,3,0,1,97,24,"Collingwood","2020",14
1,"Stephenson, Jaidyn",10,5,1,11,2,4,0,2,0,1,0,2,1,0,0,3,8,1,4,1,0,1,86,24,"Collingwood","2020",14
24,"Thomas, Josh",7,4,5,12,2,3,0,2,0,1,0,2,0,1,0,6,8,0,2,1,0,0,84,24,"Collingwood","2020",14
0,"Rushed",0,0,0,0,0,2,0,0,0,0,0,0,0,0,0,0,0,0,0,0,0,0,0,24,"Collingwood","2020",14
