"Number","Player","Kicks","Marks","Handballs","Disposals","Goals","Behinds","Hitouts","Tackles","Rebounds50s","Inside50s","Clearances","Clangers","FreesFor","FreesAgainst","BrownlowVotes","ContestedPossessions","UncontestedPossessions","ContestedMarks","MarksInside50","OnePercenters","Bounces","GoalAssists","PercentagePlayed","PointDifference","Team","Season","Round"
3,"Anderson, Jed",17,4,11,28,1,0,0,8,0,3,8,3,3,1,3,13,13,0,0,1,0,1,75,69,"North Melbourne","2020",9
18,"Atley, Shaun",7,8,13,20,0,0,0,0,6,3,0,0,0,0,0,5,16,0,0,2,2,1,93,69,"North Melbourne","2020",9
16,"Bonar, Aiden",4,2,8,12,0,0,0,2,0,1,0,1,1,1,0,5,7,0,0,1,0,1,84,69,"North Melbourne","2020",9
9,"Davies-Uniacke, Luke",11,5,6,17,2,0,0,3,3,2,3,6,0,2,0,5,11,0,0,2,1,0,74,69,"North Melbourne","2020",9
1,"Daw, Majak",6,4,2,8,1,0,8,4,0,2,0,1,1,0,0,4,4,2,1,4,0,0,70,69,"North Melbourne","2020",9
14,"Dumont, Trent",11,4,13,24,0,0,0,6,0,7,7,1,2,1,0,11,14,0,0,3,0,1,78,69,"North Melbourne","2020",9
22,"Goldstein, Todd",5,0,14,19,0,2,19,4,0,5,8,1,2,0,0,12,7,0,0,4,0,3,80,69,"North Melbourne","2020",9
43,"Hall, Aaron",15,9,5,20,2,0,0,4,1,4,2,1,2,0,1,9,12,2,2,0,0,3,80,69,"North Melbourne","2020",9
37,"Hayden, Kyron",7,7,10,17,0,0,0,0,3,1,0,3,1,1,0,3,14,0,0,0,1,0,77,69,"North Melbourne","2020",9
4,"Higgins, Shaun",11,5,7,18,2,0,0,4,0,3,0,2,1,1,0,4,15,1,1,0,0,0,84,69,"North Melbourne","2020",9
20,"Larkey, Nick",5,4,1,6,2,0,0,1,0,2,0,3,1,2,0,4,2,2,1,2,0,0,68,69,"North Melbourne","2020",9
34,"Macmillan, Jamie",6,3,11,17,1,0,0,2,2,1,2,5,1,2,0,6,11,1,1,2,0,0,85,69,"North Melbourne","2020",9
35,"Mahony, Jack",7,3,3,10,2,0,0,7,0,1,0,1,1,1,0,4,8,0,2,0,0,0,79,69,"North Melbourne","2020",9
11,"McDonald, Luke",25,8,10,35,0,0,0,2,10,2,0,6,0,3,2,5,26,1,0,2,0,0,94,69,"North Melbourne","2020",9
23,"McKay, Ben",9,8,6,15,0,0,2,7,1,2,1,2,1,1,0,1,14,0,0,1,0,0,92,69,"North Melbourne","2020",9
17,"Pittard, Jasper",11,4,4,15,2,0,0,3,0,1,0,3,0,0,0,5,11,0,0,0,0,0,88,69,"North Melbourne","2020",9
8,"Scott, Bailey",6,3,8,14,0,0,0,3,1,3,0,2,0,1,0,5,10,0,0,2,2,2,87,69,"North Melbourne","2020",9
12,"Simpkin, Jy",10,2,7,17,1,0,0,1,0,1,3,6,0,1,0,8,9,1,0,2,0,0,79,69,"North Melbourne","2020",9
25,"Tarrant, Robbie",6,2,7,13,0,0,0,1,1,0,0,2,0,1,0,1,10,0,0,3,0,0,73,69,"North Melbourne","2020",9
31,"Taylor, Curtis",2,2,4,6,0,0,0,2,0,1,0,1,0,1,0,5,1,1,0,0,0,1,87,69,"North Melbourne","2020",9
19,"Walker, Josh",12,8,5,17,0,0,0,0,0,0,0,2,0,2,0,3,13,2,0,2,0,0,88,69,"North Melbourne","2020",9
44,"Zurhaar, Cameron",8,5,2,10,3,1,0,2,0,3,1,1,0,0,0,7,4,2,2,0,1,0,85,69,"North Melbourne","2020",9
0,"Rushed",0,0,0,0,0,2,0,0,0,0,0,0,0,0,0,0,0,0,0,0,0,0,0,69,"North Melbourne","2020",9
21,"Atkins, Rory",5,3,5,10,1,0,0,0,0,1,0,0,0,0,0,3,8,0,2,1,0,0,85,-69,"Adelaide","2020",9
16,"Brown, Luke",2,0,5,7,0,0,0,1,1,1,0,0,0,0,0,2,5,0,0,1,0,0,83,-69,"Adelaide","2020",9
5,"Crouch, Matt",9,3,13,22,0,0,0,4,2,2,1,2,2,1,0,7,16,0,0,0,1,0,84,-69,"Adelaide","2020",9
6,"Gibbs, Bryce",7,2,5,12,0,0,0,2,2,0,0,3,0,1,0,4,7,0,0,0,0,0,84,-69,"Adelaide","2020",9
17,"Hamill, Will",1,2,5,6,0,0,0,1,2,0,0,1,0,0,0,0,6,0,0,5,0,0,78,-69,"Adelaide","2020",9
15,"Hartigan, Kyle",7,4,5,12,0,0,0,1,3,0,1,2,1,1,0,5,7,0,0,7,0,0,84,-69,"Adelaide","2020",9
34,"Himmelberg, Elliott",4,3,7,11,1,0,0,5,0,1,1,1,2,0,0,4,6,1,0,0,0,1,81,-69,"Adelaide","2020",9
1,"Jones, Chayce",6,1,2,8,0,0,0,4,1,2,2,4,1,1,0,5,3,0,0,0,0,1,77,-69,"Adelaide","2020",9
28,"Keays, Ben",8,2,4,12,0,0,0,7,0,1,3,4,0,1,0,8,3,0,0,2,0,0,85,-69,"Adelaide","2020",9
8,"Kelly, Jake",6,4,2,8,0,0,0,4,3,1,0,0,0,0,0,4,5,0,0,4,0,0,96,-69,"Adelaide","2020",9
3,"Knight, Riley",2,1,1,3,0,0,0,5,0,1,0,2,0,2,0,1,2,0,0,0,1,0,77,-69,"Adelaide","2020",9
29,"Laird, Rory",12,3,10,22,1,0,0,3,3,3,4,5,1,1,0,9,13,0,0,0,0,0,82,-69,"Adelaide","2020",9
27,"Lynch, Tom",15,3,9,24,0,0,0,1,2,5,2,4,0,0,0,5,18,0,1,2,0,0,86,-69,"Adelaide","2020",9
23,"McAdam, Shane",8,5,2,10,2,2,0,3,0,2,0,1,3,0,0,5,5,2,2,0,0,0,80,-69,"Adelaide","2020",9
36,"McPherson, Andrew",4,1,11,15,0,0,0,2,1,0,0,3,0,0,0,7,7,0,0,1,0,0,81,-69,"Adelaide","2020",9
4,"Murphy, Lachlan",4,3,4,8,1,0,0,2,0,1,0,0,0,0,0,2,7,0,0,2,0,0,77,-69,"Adelaide","2020",9
43,"OBrien, Reilly",5,2,7,12,0,0,17,8,1,2,2,2,3,2,0,6,6,1,0,1,0,0,78,-69,"Adelaide","2020",9
11,"Seedsman, Paul",14,4,6,20,1,1,0,3,3,5,0,1,4,0,0,6,14,0,0,1,3,0,91,-69,"Adelaide","2020",9
33,"Smith, Brodie",9,3,3,12,0,0,0,8,3,4,2,5,0,1,0,3,9,0,0,2,0,0,71,-69,"Adelaide","2020",9
18,"Stengle, Tyson",5,2,8,13,0,0,0,4,0,3,2,4,2,3,0,8,5,0,0,0,0,1,78,-69,"Adelaide","2020",9
45,"Strachan, Kieran",1,0,3,4,0,0,10,4,0,0,0,2,2,2,0,4,1,0,0,2,0,0,78,-69,"Adelaide","2020",9
12,"Talia, Daniel",3,2,4,7,0,0,0,1,2,1,0,1,1,1,0,4,2,1,0,7,0,0,84,-69,"Adelaide","2020",9
0,"Rushed",0,0,0,0,0,5,0,0,0,0,0,0,0,0,0,0,0,0,0,0,0,0,0,-69,"Adelaide","2020",9
